12
6
10
6
23
10
19
11
11
14
12
14
8
33
23
12
6
11
8
17
33
11
14
14
2
13
25
12
13
8
10
11
10
4
4
8
4
14
19
13
9
12
7
12
8
8
15
4
10
13
10
17
8
2
6
21
6
23
21
23
15
8
13
23
11
19
10
11
17
14
25
10
17
10
15
23
10
21
15
10
19
29
17
21
19
2
12
17
21
15
19
13
6
21
24
13
15
10
9
25
6
12
27
2
8
6
33
17
33
29
31
33
17
14
6
19
8
10
19
21
8
8
15
13
6
15
52
10
29
4
17
10
15
17
15
11
28
15
14
21
12
17
10
9
17
15
27
15
25
24
17
36
7
17
25
27
12
15
15
15
4
15
12
19
8
8
33
15
15
17
12
10
12
17
17
25
27
6
9
27
18
28
15
8
19
12
10
15
10
6
10
24
29
27
19
19
19
8
19
19
15
12
21
30
6
11
25
23
19
14
12
23
12
10
13
6
14
21
17
25
8
14
12
4
10
15
15
11
15
17
10
4
13
15
10
13
13
15
9
14
6
21
11
10
17
6
29
27
17
14
19
11
8
13
8
8
19
7
8
12
15
11
25
12
8
10
13
13
8
15
6
9
17
9
12
8
13
6
2
12
8
11
10
2
17
9
13
8
25
26
22
24
24
25
25
23
23
25
24
25
25
23
23
19
23
21
23
23
25
24
25
25
25
21
24
27
25
23
23
24
23
28
23
25
23
23
23
27
26
27
25
27
25
23
28
23
25
25
25
0
26
25
25
23
23
23
18
26
23
25
4
21
26
27
24
26
25
25
23
25
28
25
25
25
27
26
23
25
25
23
25
23
0
26
25
23
25
23
25
25
26
25
23
25
27
23
25
24
25
25
25
28
27
28
25
27
25
23
25
31
25
25
25
25
23
25
23
25
24
25
23
24
26
25
23
27
2
26
26
25
28
26
23
27
26
25
25
23
29
26
24
26
25
25
21
25
27
25
23
25
25
27
26
25
24
26
25
25
29
29
26
24
25
25
25
27
25
25
23
25
2
27
26
23
25
28
27
25
21
21
27
25
32
27
25
26
26
23
25
23
0
21
25
25
25
25
27
27
27
27
25
25
26
25
25
27
27
25
25
25
25
25
2
25
21
25
21
23
26
31
24
21
25
23
27
26
23
21
25
27
26
25
25
26
0
26
25
23
21
25
25
25
26
23
17
2
27
27
26
31
27
27
25
25
23
27
27
25
25
25
21
27
25
23
25
27
24
27
26
25
27
0
25
24
17
76
23
25
0
25
26
23
23
26
25
25
0
0
0
0
0
0
0
0
0
0
0
0
0
0
0
0
0
0
0
0
0
0
0
0
0
0
0
0
2
0
0
0
0
0
0
0
0
0
0
0
0
0
10
10
18
8
16
10
14
4
4
16
4
8
12
6
12
4
12
6
12
16
10
8
16
8
8
10
6
10
14
8
6
8
10
8
20
14
18
14
16
6
18
16
10
6
10
10
10
12
14
6
14
10
8
12
22
6
10
8
12
12
14
16
4
20
16
20
8
13
21
10
20
12
14
10
24
14
18
14
6
12
22
10
12
29
4
18
10
14
14
14
20
4
20
14
43
10
10
10
18
10
21
8
12
14
16
8
18
31
6
16
16
20
19
14
12
12
8
10
6
18
20
18
8
14
10
8
33
14
6
23
41
10
27
20
14
20
33
6
4
8
12
8
21
6
14
12
18
6
6
8
4
16
6
6
8
0
14
12
20
10
12
18
6
20
6
6
18
16
10
10
6
8
29
14
18
12
14
8
8
4
2
10
6
21
14
8
8
4
8
4
4
12
19
18
18
8
8
12
6
6
6
14
8
4
74
16
6
6
18
2
6
14
12
10
4
4
8
12
16
6
8
2
2
10
6
6
6
4
8
4
2
16
14
10
10
8
4
0
6
8
4
0
2
4
2
6
0
0
1
2
7
0
0
0
2
2
3
0
0
2
0
2
7
0
2
5
2
0
0
2
3
0
0
0
2
0
3
0
0
0
5
0
2
0
0
0
0
2
0
0
0
3
7
0
0
3
3
5
1
0
3
0
0
3
2
0
0
0
2
13
0
1
0
0
2
5
1
0
0
0
0
5
4
0
0
0
0
5
0
0
0
1
0
5
0
2
0
0
1
3
2
0
0
1
0
7
0
5
0
3
0
5
1
7
0
0
2
3
0
0
0
0
7
5
0
0
0
0
0
2
11
3
0
3
3
7
2
5
2
2
2
2
0
1
0
0
0
5
4
0
0
0
3
2
0
2
9
0
5
13
0
1
91
2
7
1
0
0
0
0
9
5
2
0
0
2
7
5
0
0
0
0
7
7
2
0
0
1
5
2
1
94
0
2
1
0
0
2
0
0
5
2
7
2
0
3
5
7
2
0
4
3
7
0
84
0
3
0
5
1
0
5
2
5
1
0
5
0
2
2
0
0
0
0
7
3
11
1
2
2
0
7
3
0
2
2
2
0
9
2
0
2
0
0
2
0
0
5
0
5
5
0
0
3
2
3
5
5
0
0
0
3
0
0
3
0
3
5
0
0
0
2
0
3
0
5
0
0
0
3
0
5
0
2
4
8
7
6
8
0
0
1
6
2
5
2
2
7
9
18
7
5
8
4
9
4
4
7
7
2
4
11
4
2
3
2
1
5
7
4
9
6
6
4
4
7
4
2
4
3
0
2
5
5
6
6
6
4
8
2
2
2
5
2
2
6
6
9
5
4
5
8
10
5
3
6
4
4
7
4
7
8
4
15
4
4
9
8
4
7
2
5
7
6
11
7
2
4
14
2
6
4
10
6
10
5
13
7
4
2
6
5
4
6
2
6
4
13
8
5
3
4
4
4
4
9
2
7
2
5
6
5
8
2
5
3
2
14
10
2
8
13
11
3
5
7
7
6
6
6
10
2
8
2
7
7
2
7
0
4
5
8
6
4
2
7
5
3
6
2
4
9
11
5
4
7
3
9
13
4
3
4
2
5
2
8
11
5
7
3
5
4
7
12
10
6
9
3
6
4
8
6
7
7
4
6
6
12
2
8
3
14
6
7
4
2
6
4
4
5
4
3
6
7
8
9
4
6
4
11
8
4
4
6
6
6
2
2
16
2
4
4
6
4
7
3
4
5
8
7
4
9
6
4
7
7
14
6
5
6
4
3
4
4
2
7
17
4
17
2
4
3
5
11
4
8
6
6
6
6
7
4
3
8
6
2
12
5
9
6
6
8
4
4
4
10
4
8
8
8
6
12
6
6
4
11
2
12
10
8
10
4
8
23
10
15
19
29
15
10
27
8
10
14
17
6
8
12
9
12
23
12
2
19
19
10
15
15
8
10
9
19
0
25
15
21
21
8
0
21
10
6
13
29
14
19
15
13
19
27
21
21
21
35
34
31
8
13
19
35
33
10
15
44
29
21
15
8
15
35
31
40
12
42
10
33
41
44
13
46
15
14
36
14
33
6
41
35
15
50
28
12
12
10
21
12
19
33
14
54
12
8
4
10
19
35
29
19
33
8
12
10
8
13
6
31
25
12
35
23
31
27
13
35
29
46
6
8
9
40
39
27
10
15
19
25
14
19
46
17
31
4
25
15
29
37
6
8
12
10
20
19
43
10
19
8
19
8
10
4
2
19
13
14
15
10
8
6
15
25
15
10
36
23
8
4
14
0
10
15
23
10
21
8
17
10
8
8
21
19
17
12
10
17
31
13
27
6
15
4
6
27
6
27
27
12
15
10
4
8
6
8
8
4
6
10
25
17
17
8
19
15
8
15
17
13
19
15
10
13
13
21
14
17
15
19
10
8
25
81
27
23
14
25
29
17
15
10
14
8
8
15
12
10
4
0
8
25
12
12
12
21
10
10
10
12
19
15
8
9
3
1
18
0
1
40
20
32
9
20
19
2
2
23
23
0
7
23
18
1
6
21
16
6
30
17
20
0
8
19
20
11
24
5
0
23
1
23
0
3
19
16
25
17
8
0
9
26
20
3
21
17
0
2
25
26
28
7
23
0
25
44
19
0
5
4
22
24
4
24
15
1
31
24
0
22
27
28
22
6
19
19
0
23
0
21
26
22
0
3
28
21
0
6
23
18
1
6
22
0
12
35
25
16
4
20
25
16
5
18
20
0
7
23
0
9
21
19
0
24
26
19
0
22
14
22
17
5
18
2
7
19
22
0
2
15
20
9
24
17
4
0
0
20
21
0
23
1
19
19
21
19
0
1
24
21
0
2
21
10
22
2
29
14
0
3
16
22
1
6
17
16
8
21
23
30
0
36
22
20
19
9
18
19
0
6
25
24
27
29
7
15
25
23
5
19
16
27
19
0
4
28
20
30
3
20
19
12
14
10
20
2
23
19
2
18
18
0
20
18
21
1
27
18
18
7
19
2
0
20
0
36
0
21
22
0
3
27
19
21
27
2
0
2
23
19
0
21
19
22
17
21
17
0
18
24
9
0
21
12
22
0
3
22
18
0
7
20
19
5
20
6
16
0
26
3
0
0
18
18
8
23
19
0
8
19
21
23
2
4
6
6
8
6
8
14
8
6
10
4
6
6
6
6
6
2
6
10
2
2
8
6
8
59
10
4
4
6
4
6
6
8
6
8
4
2
6
2
4
8
0
0
53
0
0
0
0
4
8
2
2
0
0
2
14
6
2
4
6
6
6
6
8
18
2
0
6
6
6
2
0
2
4
2
0
8
0
0
6
0
0
4
0
6
10
0
2
6
4
8
0
97
0
8
8
6
10
2
0
0
0
0
6
4
2
4
6
4
6
4
0
2
4
6
18
6
62
6
0
6
4
8
10
6
6
10
0
6
2
0
6
8
6
70
4
0
6
12
6
0
6
8
0
8
64
6
6
2
0
6
2
0
10
2
2
6
0
0
0
8
6
12
2
2
8
4
6
2
0
8
2
10
0
8
2
0
4
99
4
6
8
10
6
0
2
2
6
4
0
4
6
6
0
8
6
0
10
4
10
2
0
4
6
2
0
2
8
2
4
6
2
2
8
0
10
0
2
0
8
2
6
2
6
4
0
8
10
8
2
0
6
0
18
69
6
6
4
6
4
4
0
0
0
2
93
0
0
4
2
6
6
6
6
8
8
2
8
2
4
2
0
6
8
0
87
8
6
10
2
4
10
8
6
6
0
10
6
8
6
6
6
2
6
6
6
6
6
4
6
6
6
8
2
4
8
8
15
2
4
4
6
4
6
2
4
2
8
11
4
2
4
4
6
8
19
6
6
8
6
2
2
17
6
17
0
4
2
2
6
6
4
11
4
6
0
2
5
6
8
4
6
6
23
4
8
5
4
2
6
4
4
4
0
6
2
2
6
6
8
4
15
6
3
8
2
6
8
15
2
2
4
4
4
0
6
0
4
4
4
2
4
2
8
4
6
6
8
13
4
2
4
4
4
19
6
4
2
6
2
6
15
2
2
12
6
4
6
5
6
4
10
4
2
6
6
15
19
2
6
4
4
17
4
4
6
6
6
2
8
6
4
6
6
6
15
21
4
6
6
4
4
4
4
4
6
4
6
16
2
6
4
4
6
6
4
5
4
6
4
4
6
20
4
3
6
6
8
4
4
12
4
0
4
2
6
10
6
6
4
2
10
6
8
6
10
6
4
23
6
0
0
4
0
8
6
4
4
4
2
4
0
4
4
2
2
2
19
6
10
10
8
8
6
4
4
5
5
4
5
4
12
2
4
6
8
5
2
2
6
8
21
10
6
8
2
4
6
4
6
8
7
4
8
8
4
6
3
6
4
18
2
6
13
4
3
2
5
5
18
7
10
8
4
6
6
4
5
16
7
4
4
4
5
16
4
2
9
6
4
5
6
6
6
7
4
6
4
4
4
6
8
4
10
4
4
10
9
4
4
8
2
6
9
6
8
6
6
8
4
2
5
6
2
9
11
4
7
8
12
8
9
6
6
7
24
6
7
9
4
6
12
2
11
8
9
8
9
7
10
6
11
4
7
5
10
10
7
10
6
7
7
5
2
4
9
10
4
12
4
6
10
6
4
9
11
9
15
8
7
13
6
9
9
7
9
8
4
6
4
7
4
5
4
2
53
7
9
13
11
9
6
9
4
7
11
7
11
8
6
4
8
10
7
6
7
5
10
15
8
8
6
8
7
10
7
7
9
13
9
5
4
9
57
6
6
5
8
6
8
8
8
11
9
10
6
7
9
9
6
5
7
6
6
6
7
5
5
7
10
4
4
7
9
11
11
8
6
5
11
8
5
8
15
6
11
13
10
6
7
13
7
8
18
11
11
9
4
9
11
13
3
7
6
7
7
6
9
7
11
7
9
5
6
11
5
9
4
17
11
9
17
8
11
13
11
11
8
7
11
20
10
13
11
10
5
6
11
7
9
13
7
9
9
13
9
5
7
11
11
9
9
5
9
17
9
6
19
13
4
15
4
8
8
4
7
6
6
7
9
8
9
5
13
10
13
11
6
9
9
9
8
13
