8
8
6
4
2
4
9
12
6
12
6
6
10
13
8
8
12
6
10
10
12
2
10
8
6
8
8
6
10
8
10
10
8
6
4
6
8
8
8
2
6
10
6
6
2
10
6
8
6
4
4
4
6
6
11
6
6
8
8
8
6
8
8
10
12
12
4
6
8
10
12
10
13
8
8
6
6
12
13
6
10
12
4
8
8
10
8
10
13
6
13
6
6
4
8
11
6
4
8
6
4
8
8
4
11
4
2
8
8
10
6
8
6
6
10
4
6
8
4
8
4
4
13
6
6
6
10
4
8
2
4
13
8
4
10
13
8
2
11
8
4
11
8
8
6
4
8
4
10
6
6
11
13
6
11
8
12
11
9
10
8
6
6
6
10
19
15
11
13
6
11
6
6
11
10
11
6
4
11
2
10
8
6
6
8
2
10
11
4
4
2
10
6
8
8
10
6
10
4
10
4
6
10
6
12
19
2
4
11
2
4
8
2
6
6
8
10
8
8
5
8
4
6
4
2
13
4
6
6
2
6
6
13
6
4
6
0
7
2
6
4
6
4
6
6
4
10
4
6
6
6
6
6
10
4
6
6
4
6
4
10
4
6
8
4
6
6
8
6
11
4
10
13
6
8
8
10
2
4
4
2
4
4
6
8
8
6
2
2
0
2
6
2
8
2
2
0
2
0
4
0
6
0
4
0
2
4
2
0
2
0
0
0
0
0
4
4
2
0
4
2
2
4
0
0
6
0
2
4
0
0
2
4
2
0
4
4
0
0
2
2
2
0
4
0
2
0
2
0
2
6
2
4
0
0
2
2
0
4
0
2
2
4
2
2
4
2
0
4
2
2
2
2
0
2
0
0
4
2
4
2
2
8
2
4
0
2
4
4
0
2
8
2
2
2
2
2
2
0
0
2
2
4
2
4
2
2
0
0
0
2
4
0
2
0
0
6
4
4
2
2
6
6
4
0
0
80
4
2
2
0
0
4
2
2
14
0
2
0
2
2
2
0
0
4
0
6
0
2
2
2
2
2
0
2
6
0
2
0
4
2
0
0
2
2
2
0
2
0
2
2
2
2
10
6
2
2
2
4
0
2
4
2
6
2
2
0
2
4
2
0
0
6
2
0
4
2
2
4
4
4
4
0
0
2
0
4
0
4
2
6
0
0
2
2
0
2
4
0
6
2
0
4
0
0
2
0
2
0
4
2
0
0
4
2
0
0
94
4
2
4
4
2
0
0
4
4
0
4
0
4
2
2
2
2
0
0
4
4
2
0
6
2
6
8
0
0
0
4
6
4
2
2
0
4
6
7
10
6
2
7
7
4
5
7
4
8
4
9
5
4
5
8
4
4
0
6
5
8
3
4
9
2
4
10
4
6
5
4
5
6
5
5
7
7
7
6
3
3
6
4
5
5
5
7
8
7
5
4
3
4
5
4
5
5
5
5
5
4
5
3
5
8
4
3
7
4
5
5
5
2
4
5
9
5
5
8
4
6
2
3
8
8
8
7
5
9
9
9
7
9
8
9
8
8
9
7
6
8
5
7
5
4
5
9
5
5
7
4
4
5
2
8
5
5
2
8
8
5
4
7
8
10
5
7
5
5
8
10
5
7
4
8
5
6
5
5
5
5
5
5
5
5
7
6
7
8
9
6
6
6
9
7
9
8
7
7
3
5
7
4
5
4
4
8
5
9
7
7
5
9
5
5
8
9
8
5
7
5
8
5
8
7
0
5
5
8
8
4
2
5
4
5
6
2
7
8
8
9
4
5
7
4
6
7
9
5
7
8
7
5
8
6
8
7
6
5
9
5
7
9
6
10
8
8
5
3
5
8
5
6
7
7
3
5
5
7
5
9
7
7
7
8
7
11
4
5
5
4
6
5
8
5
8
8
9
6
6
9
7
8
5
8
5
7
7
9
7
7
8
9
2
5
8
9
8
9
8
3
5
7
5
7
6
6
2
6
4
4
4
2
4
0
4
2
4
2
4
0
2
4
2
6
6
0
0
0
2
0
2
8
2
0
6
8
4
4
4
6
6
4
2
6
2
4
4
2
4
6
2
2
4
0
2
4
10
10
0
6
0
2
2
4
0
4
0
6
0
10
2
2
2
4
0
2
6
4
4
6
4
2
2
4
4
4
4
2
2
0
6
6
4
2
0
2
10
4
6
2
2
6
4
2
4
2
2
2
2
4
4
0
2
4
6
10
2
0
2
2
2
2
0
2
4
2
2
4
6
6
4
4
0
4
0
6
2
2
6
6
2
2
4
4
2
4
4
2
0
4
4
6
4
0
0
2
8
2
2
0
0
4
2
0
2
2
0
4
2
0
2
4
0
0
2
2
2
0
2
4
0
4
8
4
6
6
2
4
4
4
0
8
4
2
4
8
6
2
4
2
0
2
4
6
8
2
4
0
4
0
4
4
4
6
0
6
4
4
4
6
8
4
6
8
2
4
2
6
4
4
4
4
4
0
10
0
0
0
2
2
4
8
6
4
4
4
0
6
0
4
4
4
2
6
0
6
6
4
0
4
6
6
2
10
0
4
4
6
4
2
4
4
4
6
4
4
4
0
6
0
8
4
4
4
6
2
4
0
2
6
4
8
2
2
0
2
0
2
4
0
2
4
6
0
2
2
4
2
2
0
2
2
2
2
4
4
4
2
0
2
0
2
4
0
4
8
0
4
4
0
6
2
2
4
0
2
2
2
4
2
4
0
0
2
2
4
2
4
6
4
4
0
6
6
0
6
0
4
2
4
2
6
8
4
4
0
2
2
2
6
2
2
0
4
2
4
2
2
0
0
4
2
0
4
2
0
2
4
0
2
4
0
0
2
2
0
6
4
0
2
2
2
0
2
4
2
2
2
0
2
0
6
2
2
4
0
4
2
6
4
2
4
4
0
4
2
4
0
2
0
4
6
4
2
8
6
2
2
0
2
4
0
4
2
2
0
2
0
4
2
0
4
2
2
2
2
2
2
0
8
0
2
4
2
0
6
2
0
2
6
2
6
6
6
2
0
0
2
2
0
2
0
4
0
0
2
6
2
2
0
2
2
4
0
2
0
0
4
2
0
0
4
2
2
0
6
4
0
2
2
4
8
6
2
8
2
2
2
2
2
4
6
4
4
2
2
2
4
2
2
2
8
4
4
2
2
2
4
2
2
6
0
6
2
2
0
2
0
4
4
4
2
2
4
0
6
2
8
6
6
0
2
2
2
2
0
4
6
2
2
6
0
4
0
2
2
2
2
2
0
6
0
5
1
3
1
3
3
3
5
1
5
3
3
7
1
5
1
3
5
3
3
7
5
0
1
1
5
0
3
7
3
5
0
3
3
0
3
3
1
5
1
5
5
1
3
3
1
3
9
7
1
5
0
1
3
7
3
5
5
3
5
3
1
5
7
3
5
0
0
3
9
1
3
3
3
1
9
5
3
3
1
3
3
1
7
0
7
0
3
5
7
0
5
3
3
5
1
5
3
1
11
3
5
1
1
5
3
5
1
1
1
3
3
3
0
1
3
3
3
9
3
1
1
0
0
3
3
7
1
0
7
5
3
3
5
5
3
7
1
3
0
5
3
0
1
1
1
3
7
5
3
1
5
0
5
3
3
5
5
5
1
5
0
1
1
3
1
0
7
3
3
5
3
5
3
1
1
3
1
1
7
3
1
1
0
10
1
5
1
3
3
1
5
5
3
3
0
3
1
1
7
3
1
5
5
3
0
5
1
1
0
3
3
1
1
0
1
1
0
1
3
3
3
5
1
3
1
3
3
3
3
5
0
9
5
3
9
3
3
0
3
1
7
0
5
1
1
1
3
1
7
1
3
5
3
3
7
3
3
7
1
3
0
7
1
3
7
1
1
3
3
3
7
3
5
5
5
1
5
0
1
1
0
5
0
3
5
5
0
2
0
2
0
0
2
2
0
2
2
0
0
0
0
0
0
0
0
2
0
0
0
0
2
0
2
0
2
0
0
0
0
4
0
0
0
0
0
2
0
0
0
2
0
0
0
2
0
0
2
0
0
2
0
0
0
0
0
0
2
0
0
0
0
0
0
0
0
2
0
0
0
0
0
0
0
2
0
0
2
0
0
0
0
0
0
0
0
0
2
0
0
0
0
0
0
0
0
0
2
0
0
4
0
0
2
2
0
8
4
4
4
2
2
0
0
0
2
2
6
2
2
4
0
4
4
2
0
2
4
6
6
2
2
0
2
4
2
0
0
4
2
8
2
4
2
2
2
0
4
2
4
2
2
0
2
2
6
6
0
2
2
6
2
4
2
4
4
4
2
6
0
2
2
4
0
2
2
6
2
2
0
2
2
6
4
2
2
2
4
2
0
4
2
0
2
4
2
4
8
2
4
4
0
0
2
4
2
0
2
4
0
4
2
0
2
4
4
4
0
2
2
4
2
6
4
2
6
2
0
6
2
51
2
0
4
6
4
6
2
0
2
4
2
6
4
4
2
2
4
4
2
4
2
4
0
32
0
0
4
0
2
2
0
4
2
2
4
2
2
0
2
4
6
8
4
0
2
4
4
0
2
2
2
0
4
4
36
7
5
22
12
10
9
7
10
6
5
7
21
5
8
19
6
7
29
5
5
24
28
4
5
25
16
5
8
23
4
7
34
20
22
7
7
25
4
8
29
24
5
30
33
7
4
27
27
5
7
25
9
4
27
5
7
24
23
23
8
27
27
28
8
22
15
18
9
6
25
9
4
8
16
8
6
12
24
25
5
6
27
23
8
7
27
4
7
28
7
6
28
23
27
6
6
11
28
27
6
25
4
5
6
8
5
7
8
17
7
3
21
17
7
6
5
5
3
6
20
16
21
23
5
5
9
28
30
4
8
24
19
27
5
8
27
9
16
5
4
19
20
4
18
35
4
12
33
5
7
8
27
17
6
9
7
23
29
5
26
26
7
6
33
19
10
5
26
6
4
11
8
10
13
22
2
2
21
24
6
5
7
5
5
30
32
5
7
20
5
7
23
22
5
33
36
8
8
10
23
31
6
8
34
6
34
8
7
12
6
7
6
5
4
23
9
7
26
8
5
7
27
28
4
16
20
4
6
23
7
8
23
5
5
12
5
3
20
25
5
4
28
25
6
5
10
24
5
23
21
5
7
28
5
27
28
4
14
33
5
36
6
7
10
9
6
28
27
8
5
8
31
7
37
7
15
30
7
34
7
5
31
4
7
35
7
5
24
63
22
55
25
29
22
14
38
62
51
34
30
37
72
48
63
63
21
43
66
34
25
32
24
34
24
29
38
27
19
32
62
35
39
25
23
16
45
43
32
29
20
18
33
20
41
39
40
29
21
16
27
26
27
17
30
21
38
21
28
35
53
24
46
20
24
18
48
35
29
33
29
15
44
29
21
42
13
21
23
71
22
26
18
53
18
36
22
20
64
16
17
34
55
25
28
24
25
64
25
24
15
20
29
17
23
37
45
16
77
24
40
33
57
13
26
24
23
39
27
60
29
18
16
11
29
12
62
38
54
22
26
50
34
75
25
16
25
15
16
17
24
38
51
19
23
59
33
17
22
16
18
19
70
25
50
28
24
32
17
44
63
16
19
26
39
29
15
59
27
36
23
51
22
45
31
13
21
81
30
24
33
22
20
25
39
16
23
35
24
72
24
67
51
54
82
49
17
15
52
58
63
39
50
62
32
58
60
27
26
15
36
43
35
26
19
16
52
20
25
17
21
31
27
24
50
54
26
25
46
31
47
21
16
18
21
24
22
50
35
18
17
28
20
26
33
20
13
23
26
25
34
31
25
13
37
24
15
17
19
14
21
18
29
15
26
15
15
15
20
19
17
27
17
29
18
40
20
22
18
24
12
15
17
12
26
35
0
0
29
0
0
0
0
0
19
6
0
32
4
35
0
0
7
0
11
45
19
9
0
13
14
17
0
18
0
0
4
38
19
17
0
0
11
9
10
4
0
0
17
19
0
17
0
26
4
17
11
12
12
0
18
9
0
0
2
0
5
21
37
0
18
27
7
45
27
19
20
5
0
6
30
0
2
16
0
0
4
20
0
0
19
0
4
43
0
0
37
0
22
38
7
9
2
35
0
0
22
0
0
5
5
0
0
0
0
0
0
0
2
5
11
16
0
0
0
0
24
4
0
15
6
7
2
0
18
4
18
0
0
0
13
8
15
0
0
7
0
0
0
0
18
0
20
5
20
2
0
11
0
0
2
13
8
0
0
5
13
0
0
0
4
0
6
4
0
9
35
6
0
25
0
7
2
2
24
14
0
0
2
0
22
31
13
29
0
6
0
0
0
21
17
0
11
2
0
22
6
19
23
7
5
21
0
0
9
0
13
0
21
0
15
0
11
0
0
13
37
6
27
11
0
7
18
55
17
0
0
28
2
0
0
0
0
2
17
26
0
21
0
0
20
7
7
9
45
11
0
0
16
15
38
0
9
0
12
0
0
0
0
0
18
7
0
15
13
3
0
6
0
9
6
20
9
15
0
15
15
27
0
0
17
18
9
0
