11
17
13
15
15
15
17
17
18
19
11
15
15
17
15
17
15
15
15
9
15
15
21
15
17
18
11
9
13
15
15
20
15
18
17
17
17
15
13
17
20
19
20
13
13
19
17
15
15
14
15
10
17
15
13
11
15
20
20
11
13
17
15
17
17
19
17
18
18
15
19
15
18
15
15
17
6
15
17
19
18
19
23
17
13
14
14
23
17
20
17
11
11
15
11
11
11
13
17
18
14
16
17
10
11
15
11
15
12
11
13
17
13
15
15
17
17
19
14
20
11
11
17
17
13
22
11
20
22
13
15
23
11
15
16
17
15
11
15
15
17
13
19
13
15
13
13
12
13
14
14
13
13
15
15
17
16
15
13
15
13
13
17
13
12
11
19
15
17
11
13
11
21
11
15
13
13
11
17
13
17
13
11
11
17
11
13
13
11
13
17
17
13
13
16
15
13
10
13
10
12
15
13
13
13
13
21
19
15
13
11
13
15
19
15
15
20
13
17
17
13
15
17
15
15
11
15
19
13
13
11
19
15
12
17
14
17
11
14
15
19
15
13
13
15
13
9
10
21
12
13
15
15
17
17
18
17
15
11
13
13
13
15
17
15
17
13
14
19
13
15
11
13
17
11
20
14
17
18
11
13
13
15
13
11
14
13
11
0
5
11
3
4
5
2
5
2
2
2
0
3
4
0
2
2
2
2
3
0
6
2
0
5
3
0
4
0
0
0
4
4
0
0
2
3
2
0
0
0
2
3
2
5
0
2
4
0
2
2
3
5
7
1
2
2
6
2
2
5
1
0
4
0
0
4
2
2
0
5
4
0
7
7
2
2
2
4
2
4
0
0
5
4
2
0
4
0
4
0
2
2
0
3
0
0
0
4
2
0
0
4
5
2
4
3
2
0
17
2
0
0
2
4
2
4
0
2
2
0
2
3
0
4
2
5
2
2
0
0
0
2
5
0
0
7
0
0
0
0
6
0
3
4
2
2
0
0
5
3
8
6
3
0
2
2
3
4
3
0
2
0
0
3
0
7
0
2
0
0
2
3
0
0
2
0
0
2
5
2
0
5
0
0
2
0
2
0
2
0
0
2
7
2
0
0
2
0
9
4
0
0
0
2
0
7
2
0
0
2
0
2
0
0
2
0
5
2
2
0
2
0
2
0
2
3
4
11
4
4
4
2
4
2
2
4
0
3
0
0
0
2
0
2
0
2
0
63
2
0
4
3
4
0
0
0
0
0
4
2
2
0
0
2
2
0
7
2
3
3
5
0
0
2
2
2
2
2
2
2
2
2
2
2
0
5
2
15
11
2
0
4
6
0
0
4
0
0
4
29
9
0
4
4
3
0
2
0
9
8
27
2
0
0
0
4
0
2
2
2
7
2
2
4
11
2
0
0
0
4
6
8
4
4
21
4
6
7
8
4
7
18
0
11
4
4
14
4
18
13
27
4
2
6
15
17
2
24
4
9
2
2
15
11
6
2
6
11
4
11
4
0
13
19
10
8
0
10
2
11
11
0
2
15
6
2
0
0
20
21
2
9
7
6
6
18
22
24
4
13
6
6
9
6
5
6
4
6
9
13
2
4
10
17
0
11
0
2
17
11
4
11
17
9
19
5
13
4
4
4
9
6
2
4
9
32
35
9
4
2
17
17
36
5
7
4
0
19
22
18
13
11
11
0
17
15
16
0
2
16
0
7
29
15
9
9
14
4
22
12
11
17
10
10
12
10
5
9
12
23
8
2
30
23
7
2
11
13
7
2
0
9
2
8
5
6
6
2
3
11
15
7
8
4
15
16
21
0
2
27
4
17
6
5
27
18
2
5
2
49
2
2
14
5
17
43
0
3
2
4
0
4
2
2
0
0
18
4
4
4
23
2
2
0
0
9
15
14
12
10
29
9
5
2
9
0
0
4
9
6
0
0
2
0
4
0
8
0
38
7
2
4
0
19
3
10
9
8
9
5
12
5
3
7
4
12
5
8
9
5
4
4
11
5
10
10
7
4
9
7
5
9
8
7
13
10
7
7
6
3
5
7
8
2
8
8
11
6
5
12
5
12
9
8
10
7
4
14
5
10
7
12
7
8
4
9
8
7
4
5
10
10
12
5
10
9
8
7
5
5
14
7
5
5
10
8
8
12
7
8
8
10
5
6
12
13
4
9
5
12
7
6
10
5
5
14
5
5
7
6
5
4
11
7
9
5
11
8
5
5
7
8
10
4
3
5
8
10
8
4
7
10
11
5
5
7
4
7
5
8
7
6
6
5
4
7
9
8
12
5
6
6
7
7
4
10
5
5
10
10
7
12
10
7
10
5
8
4
8
3
5
2
7
6
3
9
8
10
10
5
7
7
7
9
8
8
7
8
6
11
12
2
8
9
9
5
9
6
12
5
5
10
13
6
16
8
9
3
8
5
9
7
15
8
5
7
10
7
8
4
9
8
10
10
11
5
11
10
5
8
5
7
4
17
6
8
8
7
8
8
10
6
5
10
11
9
17
9
5
5
7
7
5
6
5
7
7
5
10
7
9
6
11
7
7
10
9
11
10
6
3
6
6
17
7
6
7
7
11
12
14
8
8
8
10
5
8
5
7
18
5
7
10
0
42
29
1
2
2
26
0
4
2
2
87
9
2
4
2
0
4
0
13
0
2
0
2
11
7
2
0
2
2
5
2
0
6
2
0
2
1
2
4
5
5
4
4
2
2
4
6
0
0
0
0
0
8
2
0
2
3
0
4
2
3
5
2
2
2
0
0
5
6
2
2
8
0
1
8
0
6
1
3
5
0
0
0
3
3
0
2
0
2
5
5
9
1
10
2
0
5
0
2
2
5
0
5
2
2
0
0
4
0
2
7
1
2
1
4
0
2
28
2
2
4
0
5
2
0
10
1
0
5
47
23
31
56
2
0
3
8
2
2
2
2
26
4
50
0
5
2
2
2
27
40
0
0
6
6
2
2
4
7
2
2
4
0
10
2
2
22
16
68
2
2
4
4
0
18
4
2
9
24
2
6
43
1
2
2
18
1
5
2
28
2
5
27
4
36
1
27
1
2
2
5
3
1
26
16
4
5
2
19
5
1
42
5
0
20
2
0
2
1
0
48
2
31
4
0
30
0
2
35
0
2
20
1
2
0
0
17
1
2
2
52
6
0
4
28
4
4
10
26
30
2
37
2
2
0
19
46
2
2
1
3
0
4
2
2
11
2
0
13
1
0
0
2
31
2
2
2
2
4
4
0
0
2
0
2
2
2
24
20
24
22
12
20
7
10
5
16
11
10
12
5
7
6
8
8
15
5
10
10
8
16
29
13
8
9
2
8
4
9
2
21
3
7
7
8
22
13
5
19
6
14
6
11
8
8
10
6
14
6
4
6
18
12
12
11
12
17
11
12
5
6
14
21
13
4
15
10
4
7
11
12
12
3
19
6
18
11
7
3
6
15
12
5
7
15
18
11
7
8
11
15
10
6
6
11
8
4
7
8
7
30
5
8
7
20
10
9
18
5
21
10
2
20
14
23
4
20
25
4
18
9
10
16
8
13
16
10
14
23
14
18
28
19
5
16
9
7
9
11
8
21
10
5
20
5
10
13
9
5
9
7
5
8
10
11
6
10
18
8
8
5
8
7
13
11
13
8
8
7
10
9
10
6
9
4
8
17
7
9
7
5
8
8
13
13
7
19
8
17
6
10
11
8
8
12
8
10
7
6
9
12
5
20
14
12
17
5
6
16
10
4
11
12
25
5
21
17
17
7
10
19
15
10
12
9
13
22
8
9
8
15
15
8
7
12
8
12
8
17
7
6
18
11
7
10
12
24
7
12
10
6
6
14
7
16
7
14
5
7
8
9
12
8
9
22
21
8
16
11
7
9
5
24
11
24
22
4
22
17
39
10
10
23
17
7
26
23
4
28
16
28
1
33
0
33
0
2
2
0
9
4
28
2
34
6
1
2
2
2
1
23
0
0
4
2
4
0
2
21
21
0
18
0
24
4
2
4
0
8
6
2
4
44
0
0
24
1
4
1
2
2
0
29
27
27
24
0
28
27
23
6
1
4
39
17
10
6
1
0
2
6
3
2
3
0
43
6
4
1
1
24
1
35
22
2
0
1
37
2
45
4
4
1
2
33
4
2
1
4
2
0
28
2
0
22
0
4
18
26
13
4
34
30
1
2
4
0
6
4
5
2
16
20
21
2
4
40
1
33
33
1
0
2
17
23
4
34
0
2
2
4
0
8
2
28
1
12
0
32
37
34
2
0
2
2
2
29
1
2
6
2
2
2
4
2
4
0
0
2
26
2
2
4
0
23
2
2
28
4
32
1
23
2
47
28
2
2
2
0
5
3
2
5
38
2
4
28
22
1
2
2
32
2
26
0
7
33
28
4
3
2
2
15
1
23
33
56
4
34
1
2
5
20
1
2
4
6
32
6
4
0
3
2
5
4
1
30
2
10
1
2
16
19
0
1
0
29
2
4
22
38
2
5
2
2
2
13
5
21
0
0
1
0
1
2
2
2
2
31
19
28
2
3
34
28
0
2
4
29
1
0
22
20
26
35
29
30
21
55
30
21
21
22
24
30
42
38
26
28
19
24
29
21
28
27
12
22
29
19
37
71
25
18
23
26
15
23
22
30
15
17
22
35
32
20
42
26
49
27
17
30
16
31
31
51
25
16
24
20
20
36
20
16
23
24
56
27
29
16
25
25
27
24
17
26
27
28
24
36
51
22
22
38
19
17
28
22
19
18
16
24
13
24
23
28
24
25
13
39
32
42
30
21
25
23
24
18
20
23
14
28
16
19
27
51
17
24
42
20
20
20
42
25
38
12
28
16
37
25
33
22
22
24
32
23
18
23
29
20
26
21
27
31
37
23
25
50
14
42
18
26
25
25
25
27
36
51
27
23
22
43
51
33
41
20
24
21
13
24
23
43
20
30
19
26
29
30
50
23
16
17
22
17
19
35
20
23
20
26
24
36
17
22
23
14
15
49
37
17
29
24
22
18
29
22
30
24
20
35
24
33
32
18
21
17
28
38
54
31
28
38
28
55
21
36
22
27
23
27
19
27
33
26
37
30
21
17
30
50
16
32
31
23
18
25
17
23
40
49
54
36
32
72
37
57
38
51
25
25
40
42
62
53
76
27
45
35
52
35
26
37
24
29
40
65
54
27
67
25
51
33
31
27
29
71
30
56
39
49
42
58
7
7
7
35
3
7
11
3
3
3
1
5
5
5
11
5
5
3
5
7
7
7
5
3
9
33
9
7
5
5
5
7
45
3
3
7
5
7
48
5
9
37
3
5
7
9
44
5
3
3
11
9
9
36
5
5
43
9
3
30
37
7
12
9
11
5
3
7
5
5
5
1
7
15
7
9
9
44
7
7
5
7
5
5
5
9
17
5
3
7
9
11
5
5
7
3
9
3
9
5
9
39
3
3
5
9
5
11
1
1
9
13
7
9
5
9
9
5
11
0
5
7
9
9
9
7
7
45
5
7
28
7
5
40
5
13
5
3
3
9
3
9
9
7
7
3
7
7
3
3
7
9
11
3
50
3
5
10
7
9
9
9
3
5
5
9
9
3
7
11
5
7
7
3
7
11
7
9
44
7
5
7
5
17
7
5
11
7
9
7
7
3
7
5
5
3
3
3
7
7
3
1
3
47
5
13
9
5
32
5
3
13
9
11
7
11
5
5
5
9
7
9
5
7
10
7
3
9
11
5
7
7
9
3
7
42
7
9
5
3
3
9
7
5
5
3
7
5
5
5
5
3
7
3
8
1
9
3
1
5
8
5
7
7
7
5
3
5
5
3
5
3
7
24
7
5
26
5
14
5
5
5
1
9
28
9
3
24
5
5
4
5
5
12
7
2
9
10
10
7
4
11
5
9
7
12
5
10
5
7
7
7
2
10
8
5
13
4
8
4
7
9
6
7
7
8
10
9
5
4
7
7
7
6
7
5
9
8
4
7
3
10
8
8
8
4
7
9
10
9
7
7
6
5
11
7
4
7
9
10
7
4
10
4
3
7
8
7
11
3
7
4
6
8
2
1
13
13
5
9
5
9
4
5
8
11
6
4
5
10
7
2
7
8
7
8
7
8
7
16
10
8
7
7
3
9
5
9
8
12
4
10
6
5
7
8
4
2
14
9
6
8
7
7
5
6
7
11
7
8
10
4
7
8
6
11
12
13
5
6
7
3
8
7
4
6
8
8
3
5
12
5
5
7
3
7
4
8
6
7
4
5
5
5
8
5
5
3
6
4
11
5
4
5
11
5
7
10
7
7
11
6
6
7
7
6
9
5
4
7
10
9
10
5
8
6
8
8
10
8
14
8
11
7
7
7
7
13
8
4
4
8
4
5
4
7
8
8
10
7
8
7
7
7
4
4
6
5
14
7
8
8
5
7
5
6
4
7
7
3
7
10
16
7
10
8
11
9
7
6
5
7
5
6
7
7
8
7
8
7
9
10
5
7
8
8
8
11
5
7
9
11
7
4
4
8
