78
73
72
69
62
78
76
72
73
78
65
78
77
72
72
73
76
76
75
73
72
77
78
77
71
75
72
74
79
78
76
76
73
73
77
77
78
70
72
71
78
77
74
69
73
78
68
70
77
73
79
70
67
77
73
70
78
77
73
76
71
78
72
74
76
71
71
76
77
77
78
72
71
76
77
75
78
77
73
78
75
77
75
71
79
78
74
76
76
70
77
73
69
76
78
72
77
69
78
75
70
74
73
77
76
55
77
77
70
73
76
65
76
72
75
73
77
72
76
71
74
71
78
74
72
76
77
73
78
77
66
77
76
74
74
77
72
76
76
66
72
77
76
76
77
72
76
72
73
74
76
74
75
71
73
77
70
66
74
67
73
75
76
76
74
70
76
76
71
73
76
72
73
78
77
70
77
65
78
68
77
75
77
78
76
78
77
77
64
77
73
77
77
74
69
69
64
76
76
76
68
58
70
78
74
77
48
63
67
72
75
75
71
76
71
70
77
75
71
75
76
59
77
70
76
76
77
73
73
67
69
76
78
77
74
60
70
72
77
76
76
72
75
78
78
70
75
70
73
77
77
78
70
74
71
79
76
73
68
73
76
79
72
77
72
58
75
75
74
77
70
74
72
78
68
78
73
73
72
78
71
77
73
74
68
74
74
78
5
3
7
1
7
1
1
3
3
1
3
1
3
3
3
3
5
7
1
3
5
1
3
3
3
5
1
5
3
5
3
8
3
7
3
3
5
7
3
3
3
5
7
11
7
3
9
8
5
3
1
5
5
9
3
9
3
3
1
1
3
1
5
7
3
1
1
7
3
3
3
1
3
3
3
7
3
7
5
3
3
4
3
9
33
5
5
7
5
3
5
7
5
5
1
17
7
3
3
5
7
9
7
7
5
9
3
6
8
7
1
5
1
9
3
1
3
5
1
3
1
5
1
1
3
5
1
7
3
5
3
3
7
3
1
7
3
7
3
1
6
5
3
5
5
15
13
3
5
3
3
8
5
5
7
1
5
3
7
5
7
3
3
3
3
1
5
3
1
5
9
3
9
18
11
9
1
3
5
3
7
3
11
3
5
1
5
5
9
1
5
9
3
5
11
3
7
9
5
5
5
1
11
7
5
7
5
3
11
7
11
9
11
7
7
7
5
7
13
3
8
9
5
0
3
3
3
3
5
5
9
14
1
7
3
7
9
7
16
11
15
7
3
9
5
3
3
8
5
9
7
4
3
5
5
16
3
5
5
5
5
7
3
7
1
5
3
9
3
7
11
7
7
1
7
7
6
7
6
3
9
6
7
9
3
5
5
5
4
2
4
6
6
93
4
0
6
8
0
0
0
2
2
0
6
0
2
0
0
0
4
0
0
2
2
2
0
2
0
2
8
0
64
4
0
2
0
4
2
8
2
4
2
4
2
2
6
2
0
4
2
2
15
83
0
2
0
0
4
44
2
0
2
0
4
2
0
2
2
0
8
2
2
2
4
4
6
2
2
2
23
0
6
2
0
2
2
2
4
44
4
0
0
2
2
4
0
0
0
6
6
93
2
0
67
4
8
2
0
2
0
4
0
0
0
0
2
6
4
0
0
0
2
4
0
4
0
0
0
6
4
0
0
45
6
6
2
2
2
2
8
0
4
2
39
2
2
4
2
2
0
0
2
2
0
0
4
52
4
4
2
0
0
2
2
2
0
0
0
4
6
0
2
4
0
0
0
4
40
0
2
4
2
2
40
0
0
8
0
0
4
0
2
2
2
0
2
2
0
4
0
0
0
0
0
2
0
0
48
4
46
4
0
2
2
2
2
4
4
0
2
2
4
2
6
4
2
0
8
0
2
2
2
0
4
0
2
0
2
2
6
2
0
0
4
2
8
4
0
6
0
6
2
2
0
6
2
4
4
6
0
54
8
2
0
6
4
0
2
4
5
4
0
0
6
4
52
0
6
2
4
6
2
2
0
48
7
2
2
5
11
13
9
3
5
13
5
7
4
5
7
5
2
2
5
2
7
7
5
9
4
7
9
7
7
9
5
2
5
7
5
3
2
11
7
15
3
4
5
7
7
4
13
4
5
9
5
3
11
5
9
5
11
15
5
7
2
4
2
7
7
7
7
5
2
2
5
9
3
7
5
3
7
7
4
11
5
4
5
7
2
19
5
5
5
5
5
4
7
17
25
9
4
5
7
5
11
5
3
5
7
17
7
3
5
9
7
3
5
5
2
5
13
7
7
2
2
7
7
7
5
17
9
11
13
5
15
15
11
7
11
7
15
13
11
7
7
7
7
19
5
11
15
7
7
4
7
5
11
11
17
7
7
9
5
7
11
9
11
19
9
9
17
17
23
13
5
4
7
5
15
9
7
11
5
9
3
11
19
11
17
11
17
11
7
23
15
5
13
9
21
7
13
13
15
35
9
7
2
7
4
7
4
5
17
17
15
4
5
4
27
15
13
11
7
11
9
13
7
7
7
7
17
9
15
5
9
2
7
4
9
4
2
4
9
7
5
3
9
5
5
7
15
9
7
5
5
5
17
13
2
3
9
11
11
4
11
3
3
13
5
7
7
5
11
17
4
9
11
13
9
11
7
7
17
2
9
3
2
9
4
9
9
3
16
5
11
28
21
7
11
20
23
9
13
19
23
11
13
18
15
4
17
9
23
19
15
13
24
7
9
30
17
19
9
17
8
24
13
9
8
22
15
21
21
4
2
15
9
22
15
8
30
11
13
5
9
17
8
17
9
7
22
36
9
23
13
17
9
19
13
7
16
12
19
23
17
13
13
9
13
11
11
11
17
21
32
17
15
25
11
16
26
13
24
9
15
9
15
23
24
19
25
15
26
11
31
26
28
14
33
21
34
23
17
21
20
16
23
19
25
28
15
36
34
26
20
27
21
18
18
25
17
21
17
27
30
19
27
26
21
26
19
18
23
41
15
24
9
23
30
16
28
26
17
22
28
15
24
37
30
46
18
25
19
27
11
14
12
29
30
26
15
11
19
22
30
17
24
34
30
22
17
19
22
27
22
21
32
19
15
25
16
28
20
24
26
22
22
24
20
15
25
30
17
30
22
40
19
15
17
12
27
29
23
17
13
20
36
26
9
13
43
33
30
23
30
24
20
13
16
49
6
25
27
25
23
11
60
14
26
32
19
11
9
64
49
25
28
23
8
10
7
26
21
13
17
20
13
16
19
14
11
14
11
13
19
17
11
24
31
7
17
15
16
8
15
17
15
16
13
15
32
25
35
17
13
18
14
9
19
20
0
0
0
1
0
1
28
3
0
3
0
3
3
1
3
0
3
0
1
1
3
0
1
0
0
0
1
14
6
1
0
1
1
1
0
1
0
1
1
0
3
1
0
0
1
1
3
1
1
21
0
0
1
1
1
0
0
1
0
0
0
0
19
1
0
28
1
0
10
1
0
3
28
0
1
1
1
0
1
1
0
0
1
10
1
8
1
3
0
0
0
5
1
1
1
0
1
1
0
1
0
1
25
0
1
1
0
0
4
3
3
0
0
0
0
0
0
1
0
3
1
0
27
1
0
0
1
3
0
1
1
1
1
1
3
3
0
1
1
1
5
1
0
1
0
0
3
1
3
1
0
5
1
1
0
3
0
0
0
1
3
0
0
3
3
0
1
17
0
1
0
1
1
26
0
3
0
0
1
0
0
3
1
0
0
3
0
1
0
0
0
3
0
1
0
1
33
1
0
0
0
0
3
3
0
0
0
3
0
0
0
1
1
10
3
0
3
17
0
1
1
5
0
18
1
5
3
1
1
0
3
1
6
0
0
3
1
1
1
1
3
1
1
1
0
1
1
1
0
3
1
22
1
3
3
5
3
1
0
3
0
3
3
29
0
1
0
0
1
0
1
1
5
0
8
0
0
7
1
3
0
29
1
5
1
1
0
1
0
2
0
0
0
0
2
2
2
2
0
0
2
2
0
2
0
0
2
4
6
4
0
5
3
2
2
2
2
0
0
2
4
5
4
2
0
0
2
0
5
2
0
4
2
0
1
0
0
2
5
2
0
2
8
2
1
2
2
0
2
6
18
2
0
2
4
2
5
5
0
8
0
0
2
0
0
4
0
2
0
2
0
2
0
5
0
0
0
0
5
2
0
0
5
0
6
4
0
2
0
3
2
0
0
2
4
0
0
2
0
0
0
4
2
2
2
10
2
20
5
8
2
4
2
5
13
4
5
4
2
2
2
0
1
0
0
2
5
0
8
0
3
0
7
1
2
4
0
2
1
2
0
1
2
2
6
0
2
0
1
2
4
0
2
4
2
2
4
2
0
0
0
1
8
14
4
0
0
3
0
0
0
0
2
0
0
8
6
0
4
5
2
5
7
0
1
0
2
5
0
2
3
2
4
3
2
0
0
2
5
0
2
2
4
0
0
0
1
2
0
0
2
2
2
0
0
1
2
2
4
0
2
2
0
0
3
6
1
0
2
0
0
0
3
0
0
0
0
0
0
0
0
0
0
2
0
0
2
2
0
0
2
2
0
0
0
3
0
0
1
6
0
2
0
2
0
0
0
9
1
0
0
0
0
2
0
1
24
1
1
0
4
1
1
0
3
0
0
3
26
1
1
0
0
1
1
3
0
0
0
0
1
1
3
3
1
22
32
6
26
3
5
19
1
3
0
18
4
1
1
1
5
0
0
7
17
20
0
0
16
19
1
15
0
1
1
1
3
1
1
1
1
1
1
0
1
0
3
3
27
0
1
24
20
1
3
17
0
1
0
1
3
22
8
24
28
1
1
0
19
1
8
19
1
43
0
1
0
1
16
1
28
0
0
1
1
0
1
0
5
0
28
36
1
1
9
3
1
1
14
1
1
0
18
0
5
1
1
1
44
1
6
1
1
1
1
15
0
1
28
0
0
1
3
1
22
3
1
1
0
0
1
0
30
28
30
24
3
0
0
33
1
0
9
36
0
3
38
0
1
7
5
9
0
8
1
0
1
1
0
1
48
3
15
0
15
24
1
3
3
0
1
5
1
29
3
0
1
0
0
16
1
1
20
3
0
1
4
3
5
1
3
3
0
0
0
0
0
1
28
3
1
15
3
1
0
0
3
1
3
0
1
26
1
1
5
0
1
0
5
1
0
86
3
1
1
0
10
0
0
1
1
3
0
1
1
0
0
1
17
5
3
1
33
0
1
1
0
3
17
0
3
0
1
0
0
0
0
5
1
0
3
1
1
0
11
11
7
11
15
21
9
19
11
52
21
3
5
7
5
11
23
19
7
11
3
11
5
13
21
13
5
5
13
9
3
5
9
3
11
13
11
5
7
17
13
5
7
19
9
5
9
7
17
9
9
11
5
17
15
7
17
9
13
25
17
9
9
11
5
11
15
11
15
9
19
11
15
11
2
3
11
7
7
2
11
3
5
17
9
9
3
7
11
7
2
11
19
9
13
7
11
15
5
9
3
7
13
3
7
21
3
3
9
5
5
5
9
11
13
11
15
7
15
7
21
7
5
9
11
11
15
9
9
7
13
13
5
7
15
15
3
9
3
13
13
2
3
7
9
5
11
7
5
7
5
13
5
7
9
13
7
11
9
9
5
23
15
11
3
17
9
7
39
13
19
9
29
9
27
23
13
11
13
35
29
13
27
11
27
13
17
69
27
9
9
33
31
39
27
23
47
15
11
39
11
11
21
21
17
9
27
19
21
11
7
11
29
29
15
29
27
9
13
9
11
25
41
17
23
43
29
17
17
29
9
5
5
21
41
27
17
21
15
7
11
29
19
11
11
7
9
21
19
33
5
31
9
11
15
29
19
19
53
7
29
25
9
15
3
25
9
17
7
5
9
13
7
19
23
23
7
5
7
3
5
5
3
3
11
2
7
3
0
2
2
0
4
4
2
0
0
0
2
2
0
2
2
2
2
2
2
2
0
2
4
6
4
2
2
0
0
0
0
2
2
2
2
0
8
2
0
2
2
0
0
4
0
2
0
2
2
0
0
0
2
2
0
4
2
0
0
2
2
2
4
0
2
0
2
0
0
2
0
2
4
4
2
0
2
2
0
2
0
2
2
0
0
2
2
2
2
2
2
4
0
0
2
0
2
2
2
4
0
2
2
2
2
4
2
2
2
0
2
2
2
2
2
0
0
0
2
0
2
0
2
0
2
2
0
2
4
2
4
5
0
2
2
2
2
2
2
2
0
2
0
4
2
2
0
4
4
4
2
6
2
2
2
2
2
0
2
4
7
0
2
2
2
2
2
2
0
0
2
0
2
2
8
2
2
2
2
4
2
0
0
2
2
2
0
2
0
0
2
0
2
0
4
2
0
2
2
2
2
2
2
0
2
0
0
2
2
2
2
0
0
2
0
0
0
2
2
2
2
2
2
0
0
4
4
2
0
2
0
2
2
0
0
0
4
4
2
0
0
2
0
0
0
0
2
0
2
0
2
0
0
4
0
2
2
0
0
2
0
2
0
4
0
0
2
2
0
4
0
0
0
0
0
2
0
2
2
2
6
2
4
0
0
0
4
2
