35
33
33
33
33
28
32
32
36
36
35
32
37
37
37
31
37
33
33
34
38
37
36
31
37
37
36
37
35
24
35
36
36
37
36
37
36
33
36
37
34
29
34
30
36
37
36
24
37
36
37
32
36
37
35
36
36
35
31
35
36
37
34
37
37
35
32
32
34
37
37
36
37
35
32
35
36
21
35
34
36
36
34
38
36
35
28
36
33
35
32
30
29
26
33
32
36
34
37
35
30
34
14
24
27
31
31
36
30
35
34
36
29
33
35
34
27
28
16
36
35
34
34
34
30
36
34
36
27
30
27
30
35
33
37
38
31
30
36
37
36
28
32
37
30
35
37
36
31
37
27
35
37
35
33
30
37
37
36
37
33
37
36
35
35
36
38
37
32
36
31
36
32
27
36
12
35
34
32
35
36
30
34
37
32
31
36
32
35
37
33
36
35
36
36
35
33
36
31
37
35
37
34
33
37
23
37
37
24
30
37
36
36
31
33
37
21
37
35
34
33
32
36
32
32
33
33
37
35
35
37
31
37
34
36
29
36
34
36
35
37
34
35
33
26
31
37
37
36
33
31
37
34
37
38
24
36
34
34
37
37
30
37
37
31
35
36
25
31
33
38
37
38
33
32
37
34
36
35
28
32
38
37
37
37
31
34
36
82
93
96
96
92
93
96
90
96
94
97
95
96
94
94
96
96
96
96
94
95
92
94
96
96
92
92
96
96
92
96
92
95
94
90
96
96
96
94
96
96
96
96
88
96
94
96
96
96
51
96
94
96
93
96
96
96
96
93
96
96
94
96
96
96
92
96
94
96
94
96
94
94
96
96
96
96
96
94
92
94
94
94
93
88
93
93
96
94
94
96
90
96
92
91
91
96
88
93
96
96
90
96
94
94
96
96
94
96
93
96
96
96
96
93
94
94
94
96
95
96
95
96
96
96
96
96
94
96
95
96
96
96
96
96
96
96
96
96
98
94
96
94
96
96
90
96
96
96
95
95
97
96
92
94
96
96
95
96
96
94
96
94
96
94
96
94
94
96
94
96
96
94
96
92
96
96
96
96
96
93
96
96
96
94
96
96
84
94
96
86
92
51
57
95
96
96
96
96
87
95
96
96
93
92
96
96
88
96
96
93
90
96
96
94
93
96
94
94
96
96
94
96
94
96
96
96
94
94
90
86
96
93
93
96
93
96
96
96
96
95
96
92
96
96
96
96
95
96
96
95
96
96
96
92
96
96
96
96
88
94
94
96
96
94
96
96
94
96
94
94
96
95
95
96
96
93
96
93
94
95
95
95
90
98
96
95
96
0
0
0
4
0
2
0
2
0
4
2
2
2
2
0
4
0
0
2
0
0
0
0
0
0
0
2
2
0
0
2
0
2
2
4
0
2
2
2
4
0
0
4
2
4
0
0
0
0
0
2
0
0
0
2
0
2
2
4
0
2
6
0
2
2
4
0
2
0
0
2
0
8
2
0
2
0
0
2
2
0
4
2
2
2
0
0
0
2
2
2
8
6
0
0
0
4
2
2
4
4
0
0
2
6
2
0
2
2
0
0
0
0
0
2
2
4
0
0
2
2
0
0
2
2
2
4
4
8
4
0
0
2
4
2
4
0
4
2
4
0
0
6
0
0
6
2
2
0
2
2
2
4
4
0
4
6
4
4
0
0
4
0
4
0
2
2
2
4
6
2
4
0
2
2
2
0
2
2
6
0
0
4
6
6
2
2
0
0
4
6
6
2
2
2
4
6
0
0
2
4
0
2
2
0
0
2
0
0
2
6
4
8
2
0
4
2
0
0
2
2
0
2
0
2
0
2
2
0
4
0
2
0
0
2
2
4
0
4
4
0
4
2
0
0
4
0
0
2
0
0
0
0
4
2
2
2
4
0
2
2
4
2
6
0
2
6
0
6
2
0
2
4
2
0
0
2
0
4
2
0
0
2
2
0
4
2
0
0
0
2
0
2
0
0
0
0
2
0
0
2
0
0
0
0
0
2
0
2
0
2
4
2
0
2
2
0
2
4
0
2
0
0
2
0
0
2
2
4
2
4
4
0
0
0
2
0
0
2
0
2
4
2
2
2
2
8
4
4
4
2
6
2
0
2
0
0
0
2
2
2
0
0
2
2
2
2
0
0
0
2
0
2
2
4
6
2
2
0
2
2
2
2
2
0
2
0
2
4
0
4
2
6
2
0
2
2
2
0
0
2
2
2
2
0
0
2
2
2
2
0
0
0
2
0
0
2
0
2
2
0
2
0
0
0
2
0
2
0
2
0
0
4
0
4
0
4
2
0
0
0
2
0
0
0
0
0
0
2
0
0
0
0
0
0
2
0
0
0
2
2
2
2
2
2
0
0
2
4
4
2
0
2
0
0
0
0
2
0
2
0
2
2
0
0
0
2
0
0
2
0
0
2
0
2
0
2
0
2
0
0
0
2
2
2
0
2
0
0
0
0
0
0
0
4
0
0
0
0
0
0
2
0
2
4
2
0
0
0
2
0
2
0
2
0
0
0
0
0
4
0
2
2
2
0
2
0
0
2
0
2
2
2
2
0
2
2
0
2
2
2
0
0
0
0
2
2
2
2
2
4
2
2
2
0
0
5
11
7
13
13
13
7
7
7
3
9
3
11
2
5
9
15
9
3
5
3
5
3
2
3
3
35
13
7
9
3
7
2
7
5
15
5
5
3
5
7
13
9
3
11
0
11
7
2
3
7
7
2
3
7
5
2
5
11
5
3
9
5
7
2
11
7
15
3
3
3
7
9
2
5
5
7
11
5
7
5
2
5
5
3
5
3
5
5
7
2
3
9
7
5
5
5
1
5
5
5
7
3
9
11
5
7
41
15
15
5
48
7
11
11
7
9
7
11
11
13
7
13
15
9
15
11
9
9
11
5
11
5
13
13
7
11
11
9
23
13
9
9
9
11
13
13
13
5
11
11
7
11
7
5
17
7
21
13
19
11
25
3
1
9
13
35
25
9
17
21
5
17
17
15
13
9
11
11
13
19
3
7
15
3
9
17
13
27
7
3
15
9
17
11
13
3
15
15
13
11
11
17
1
7
17
15
5
21
13
5
11
23
15
9
17
28
17
13
11
5
13
11
21
11
5
13
11
21
21
9
5
11
19
19
27
13
15
15
9
13
15
9
17
9
13
11
15
15
17
23
3
9
7
11
17
11
16
7
11
19
15
11
15
13
7
11
9
11
13
19
5
7
29
7
19
7
5
19
9
11
9
5
7
9
19
7
3
0
9
2
2
4
2
2
2
2
0
2
0
0
4
2
0
2
0
2
4
0
2
0
0
4
0
4
0
2
2
2
2
2
2
2
0
0
0
4
0
2
0
0
0
2
4
2
0
2
0
0
2
2
2
0
4
0
0
2
2
0
2
0
6
4
2
0
0
2
0
2
0
2
0
4
2
2
0
0
2
2
2
2
4
2
0
7
0
0
2
2
0
0
2
2
2
2
0
2
2
4
2
0
2
2
0
4
0
2
0
0
2
2
2
2
2
2
2
2
4
0
2
0
2
2
2
2
2
2
0
2
2
4
0
2
0
9
0
2
0
0
2
2
2
2
0
0
2
0
2
0
0
0
2
0
2
0
2
2
0
2
4
0
2
2
0
4
2
4
0
0
2
2
4
2
0
0
0
0
0
0
2
2
4
2
0
2
2
2
2
2
2
2
0
2
0
0
0
2
4
2
0
0
2
2
0
2
2
2
0
2
2
4
2
2
0
2
0
2
2
2
0
0
0
2
0
2
2
0
4
4
2
0
4
4
2
2
0
0
4
2
2
2
0
0
0
0
2
2
11
2
0
0
2
0
2
0
4
4
4
2
0
2
0
0
2
0
2
2
2
2
0
2
0
0
2
2
0
2
0
0
2
0
2
2
2
4
2
5
5
0
52
72
7
0
7
5
7
7
5
0
0
0
2
9
7
0
94
0
5
0
5
3
5
0
0
0
5
7
0
5
0
0
0
0
0
0
2
7
0
0
5
0
0
0
0
0
0
95
0
0
5
0
0
2
0
11
2
7
0
5
0
7
0
0
3
0
0
3
0
0
94
0
0
7
5
0
0
2
0
5
5
0
0
2
0
9
5
0
0
0
0
5
0
0
0
0
0
5
0
0
2
5
5
7
0
0
5
0
5
7
0
5
2
0
0
5
5
0
0
5
2
5
5
7
0
0
4
0
0
1
5
75
5
9
0
0
5
0
0
95
5
0
5
7
0
9
0
0
7
9
7
7
5
0
2
0
5
2
7
7
5
2
7
7
0
0
5
11
5
9
5
0
7
0
9
0
9
0
7
7
7
2
0
2
0
0
7
11
7
0
0
0
5
0
0
3
0
0
5
0
7
0
2
0
5
2
5
0
5
5
7
0
0
0
2
0
5
7
7
3
0
9
5
0
5
2
7
7
5
2
96
7
5
0
5
5
9
5
7
0
5
0
7
5
0
5
7
7
0
0
0
0
2
7
2
97
2
0
7
2
0
2
5
9
0
0
5
9
7
2
7
0
1
0
7
0
5
9
0
7
5
9
0
9
2
0
1
2
1
0
2
1
0
1
1
1
1
0
1
37
0
0
0
0
3
0
1
1
3
1
4
5
3
0
0
0
3
3
3
0
1
0
1
1
3
3
1
0
3
1
3
0
3
1
2
0
2
0
3
3
2
1
1
0
0
1
2
1
1
0
5
1
1
3
0
3
1
0
1
0
0
1
1
1
0
3
0
1
1
3
0
0
1
0
1
3
0
3
1
0
3
1
0
0
0
1
0
0
0
0
0
0
1
3
1
3
2
1
0
0
0
1
5
3
30
1
0
59
1
1
1
1
0
0
3
1
5
1
0
5
0
0
0
1
0
3
1
1
1
1
0
1
3
0
0
3
0
1
1
3
0
0
1
1
0
0
1
1
0
0
0
1
1
0
1
5
3
0
1
1
0
3
0
0
1
1
1
0
1
1
3
0
0
0
1
1
2
3
0
0
2
0
3
0
1
3
0
1
0
2
0
0
0
0
0
0
0
1
1
0
1
0
1
0
3
0
0
5
0
0
1
1
5
3
3
54
1
3
1
0
1
1
5
0
3
1
1
0
0
5
3
3
0
0
0
0
37
0
3
1
1
0
1
0
0
1
1
1
1
1
0
2
0
2
40
3
0
1
0
1
3
1
1
1
3
3
0
1
1
1
1
1
3
1
3
3
2
1
2
8
4
6
1
2
2
3
2
3
8
2
3
3
1
2
4
2
1
6
5
7
3
1
1
2
3
7
5
4
2
1
7
2
3
5
4
2
2
2
2
5
0
3
6
3
2
2
2
3
5
3
6
4
3
4
0
2
3
2
0
3
2
4
3
4
0
4
3
0
2
2
3
7
5
1
0
0
3
2
1
6
2
3
0
2
2
2
1
6
1
7
2
2
1
3
5
6
3
2
4
1
1
4
6
6
2
3
5
3
2
6
2
2
4
4
1
1
7
3
4
3
2
7
2
5
4
6
2
4
5
2
8
0
0
2
1
6
7
1
5
3
2
2
5
5
1
4
2
2
2
0
5
2
3
4
3
3
4
3
2
4
4
1
3
1
0
1
5
3
2
1
5
2
1
4
2
3
1
2
2
3
1
1
10
4
2
7
2
3
4
2
3
6
3
4
2
6
6
10
1
12
14
2
3
2
4
2
2
1
0
4
2
2
3
1
7
0
3
6
2
8
2
2
3
4
0
8
3
3
2
2
1
3
2
1
12
1
2
2
1
2
3
3
4
8
3
1
4
3
1
2
2
1
1
2
4
2
0
7
0
1
3
2
0
1
2
3
1
2
3
3
5
1
2
5
0
2
3
2
2
4
2
2
0
7
59
4
6
4
6
5
8
0
10
6
18
4
2
10
2
2
8
4
0
8
14
6
0
2
57
2
2
2
8
0
0
12
6
0
4
12
0
2
4
2
8
2
4
2
0
4
2
12
0
0
6
8
4
0
4
10
2
4
0
46
0
2
2
2
61
2
0
0
4
2
0
2
10
6
2
33
4
2
2
2
2
10
4
6
2
8
8
4
8
7
0
12
4
0
8
2
4
0
12
2
10
2
12
0
9
6
13
4
2
4
10
2
6
6
0
0
6
4
0
2
4
4
10
2
4
8
4
8
12
8
6
2
8
8
6
4
2
0
8
35
4
8
8
10
67
8
10
61
10
92
8
95
6
98
6
2
4
4
0
8
12
6
2
6
6
2
0
8
7
63
4
10
4
0
8
4
4
0
4
4
8
2
2
8
9
4
2
10
0
4
4
4
12
2
4
6
6
12
8
8
8
6
19
6
8
4
0
6
2
4
2
8
8
4
17
8
0
4
0
4
2
10
4
4
2
2
4
8
0
8
2
2
8
6
2
8
2
36
4
4
26
0
6
8
8
2
2
7
4
12
2
4
4
4
4
6
2
4
2
6
31
4
2
2
4
28
12
7
4
2
6
4
7
6
89
2
2
7
6
12
2
4
2
2
5
