0
0
0
2
4
0
0
2
0
2
2
0
0
0
2
5
2
4
2
0
2
4
2
2
2
2
8
2
0
0
2
0
0
2
0
2
0
0
2
4
2
0
6
2
0
0
0
2
2
8
2
8
2
0
0
0
2
4
0
0
2
0
0
4
0
0
4
0
2
0
2
2
2
0
2
2
0
4
0
0
2
2
0
0
2
0
2
95
4
0
6
0
0
0
0
2
0
0
0
2
0
0
4
2
0
0
4
0
0
0
0
0
2
0
2
0
2
6
2
0
0
8
0
2
2
2
2
2
2
0
0
2
4
2
2
0
0
0
4
0
2
4
2
2
2
0
0
0
2
2
2
2
2
0
4
0
0
4
0
0
4
2
0
4
2
2
0
4
0
2
0
8
73
0
2
4
4
4
2
0
4
4
2
4
2
4
4
2
2
0
2
2
2
4
2
0
2
0
4
2
6
2
0
4
4
2
0
2
4
2
2
0
4
0
4
0
10
2
0
0
2
2
2
2
2
2
4
4
4
4
2
0
0
4
2
4
4
2
2
4
0
0
2
2
4
2
2
4
12
2
4
2
2
2
2
2
6
10
4
0
2
6
6
6
2
4
0
0
4
8
0
2
0
2
2
4
0
2
2
0
6
2
0
4
2
2
2
8
4
4
6
2
93
2
4
6
2
4
0
0
0
4
2
0
0
4
4
4
2
0
6
2
2
2
4
0
0
2
4
0
2
4
2
10
0
4
4
0
0
2
4
2
0
2
2
4
8
0
6
2
2
2
4
4
0
0
4
2
0
4
4
0
4
2
2
4
2
2
0
2
2
2
0
2
0
4
6
2
4
4
4
2
0
4
8
4
4
2
0
4
2
0
0
0
0
4
0
0
0
2
2
4
2
4
0
2
4
4
4
4
0
2
2
2
4
0
6
6
2
0
8
4
0
2
4
0
4
0
2
2
0
2
2
2
0
0
2
4
2
2
0
6
0
0
0
2
0
0
2
0
0
4
2
0
0
4
4
2
0
2
0
6
4
2
0
2
2
4
2
6
2
4
0
4
4
2
4
0
0
4
2
0
0
0
6
4
0
0
0
0
2
2
0
2
4
6
4
2
6
6
2
0
2
2
0
0
0
12
0
2
2
4
4
2
2
2
0
6
2
2
0
6
4
0
0
2
0
2
2
0
2
4
4
2
0
6
4
4
0
2
2
4
4
0
2
8
4
2
4
0
4
2
0
6
2
2
0
6
0
2
2
2
4
4
2
2
0
2
2
2
2
4
6
4
4
0
4
4
4
2
85
2
4
0
2
0
2
2
2
6
0
6
11
2
4
11
2
2
6
4
6
2
2
4
17
10
0
4
4
0
0
4
4
15
2
2
8
4
9
2
2
2
4
6
10
14
2
2
6
8
6
4
2
6
6
15
2
2
0
6
13
6
2
9
0
10
2
13
0
2
0
6
8
8
4
2
2
6
13
17
0
2
0
6
8
8
2
8
0
6
8
4
14
15
4
4
6
2
2
6
10
2
4
4
2
6
10
6
6
4
2
6
6
2
6
2
2
10
8
12
6
2
0
4
8
0
2
2
19
4
8
8
13
4
8
14
2
4
6
2
4
4
2
8
4
4
10
2
6
2
2
2
4
2
6
2
2
4
6
4
2
8
4
2
8
0
0
9
2
8
6
4
0
0
2
0
0
0
2
2
4
6
6
10
10
4
2
4
2
6
2
2
2
11
11
2
2
2
4
2
0
2
2
8
2
10
6
4
0
13
6
2
0
4
2
2
13
16
12
4
8
2
6
4
0
4
6
2
10
2
10
13
2
0
6
2
2
6
2
12
6
0
2
2
2
4
6
2
4
2
0
2
12
8
2
0
6
2
9
10
0
2
4
4
6
8
0
2
12
4
12
0
2
4
2
13
6
8
2
0
2
12
6
2
2
0
4
2
2
19
2
0
2
7
36
36
37
37
26
36
31
36
36
36
28
27
35
37
38
36
31
34
34
30
36
35
30
36
36
35
34
38
28
37
36
37
37
37
28
35
34
37
36
38
26
29
36
37
36
33
25
37
27
36
37
36
33
37
34
37
37
37
36
37
35
37
32
36
31
36
34
37
38
36
27
37
33
37
36
30
37
36
37
34
37
36
37
37
37
36
38
38
37
37
33
37
36
37
36
36
37
36
31
37
37
32
37
33
35
33
35
37
37
37
35
37
37
35
37
31
34
37
25
32
31
37
36
36
30
34
35
37
36
36
37
26
33
31
35
34
33
34
35
37
36
31
31
36
38
37
32
33
30
37
37
34
35
33
27
35
32
31
26
24
36
36
37
34
33
29
37
34
30
35
26
27
29
36
36
35
32
28
35
35
30
35
24
26
30
30
35
35
31
27
29
27
34
35
27
27
31
33
34
36
37
27
35
32
35
32
25
28
36
32
23
26
29
28
36
35
31
30
24
34
30
29
26
29
36
23
25
30
36
18
29
31
36
34
35
35
37
37
38
35
34
34
25
37
30
36
35
30
32
36
26
35
28
37
18
27
37
33
28
32
24
32
31
28
32
37
17
33
25
32
28
33
37
31
31
31
31
29
21
30
32
25
31
25
36
29
38
27
13
13
11
11
7
7
5
3
9
9
5
9
13
5
1
5
9
15
3
7
5
5
5
5
3
5
7
5
5
7
9
9
3
7
13
3
13
11
9
7
5
11
5
1
5
7
9
7
3
9
7
7
7
7
5
5
9
13
3
11
7
7
5
5
3
9
3
9
9
9
13
9
11
7
15
5
19
5
5
15
3
19
11
11
21
9
5
7
19
7
11
19
20
17
5
9
11
21
7
17
25
19
15
9
20
23
27
13
9
7
21
11
17
17
15
3
5
17
13
11
35
15
9
13
27
7
25
5
15
13
21
13
13
13
16
5
9
13
25
17
9
21
9
7
9
27
24
23
9
17
11
9
5
19
9
17
25
25
15
24
9
20
23
17
11
17
9
22
21
25
23
19
15
5
9
7
7
23
29
21
26
15
29
23
5
20
7
19
11
24
9
15
15
13
17
7
7
3
11
31
13
19
9
13
35
27
27
3
5
9
15
21
13
11
11
21
9
25
5
20
18
19
21
7
19
9
17
21
15
19
9
19
7
27
17
17
21
7
15
23
15
9
7
9
9
11
23
5
9
11
15
15
7
11
15
19
15
20
5
7
21
9
5
13
11
11
25
15
19
30
13
23
19
11
23
27
17
9
15
17
19
21
13
11
17
7
9
18
2
2
0
6
4
0
4
2
2
0
4
2
2
13
0
6
4
2
6
0
2
4
4
31
2
2
2
0
9
6
2
2
6
2
8
11
2
27
2
6
21
0
6
2
2
0
2
4
4
4
2
12
2
4
2
0
2
2
2
4
4
2
4
2
2
2
0
15
2
0
0
0
2
4
8
4
2
10
0
2
2
6
2
4
2
4
6
2
2
6
2
25
10
4
56
2
2
29
4
10
4
2
4
4
2
4
4
21
8
2
12
2
2
4
4
8
4
4
2
4
4
4
15
2
4
7
5
8
8
2
0
2
4
2
6
4
6
9
4
4
2
6
6
0
2
2
0
0
6
4
4
4
15
8
6
4
6
6
42
4
2
4
6
2
6
4
4
2
6
6
6
2
4
17
6
4
6
2
2
8
6
4
2
2
6
2
19
8
6
6
4
2
4
2
8
8
6
4
2
4
4
4
6
8
8
4
2
8
5
4
2
4
2
6
2
8
6
2
2
6
6
4
4
4
4
4
6
4
17
5
2
6
4
6
6
10
6
2
6
6
8
2
4
17
4
2
6
7
8
4
4
8
2
24
4
2
4
2
4
4
4
6
2
2
0
4
6
12
2
4
4
4
2
6
8
2
2
0
15
0
4
4
2
15
2
2
39
2
4
0
4
0
4
0
2
4
0
0
6
4
10
6
4
0
2
6
0
6
4
2
2
0
2
0
4
0
4
2
2
4
2
6
4
2
2
4
4
2
0
0
0
0
0
0
0
2
0
2
4
2
0
0
0
2
4
2
0
4
4
4
0
14
8
2
0
2
0
2
2
0
0
0
2
4
4
4
4
10
0
2
2
0
8
2
4
19
4
0
0
6
2
0
2
6
2
4
0
2
0
2
16
4
2
0
4
14
4
4
8
0
4
0
0
2
2
0
2
4
12
4
4
4
6
4
6
2
2
6
2
2
2
0
0
4
2
0
2
4
16
0
2
0
0
2
4
0
2
0
0
6
2
4
0
4
6
2
22
2
2
12
4
2
6
12
4
2
10
2
2
2
4
2
2
0
4
0
0
2
0
2
0
4
8
4
4
0
4
2
2
4
2
4
14
2
2
0
2
4
2
0
2
2
0
2
2
0
6
2
0
8
2
4
8
4
4
6
2
0
4
2
0
6
0
2
0
0
2
0
4
0
2
6
0
8
14
2
0
4
6
4
2
6
4
2
6
0
0
2
2
2
0
2
4
4
4
4
0
10
2
2
4
4
6
8
2
4
2
0
2
4
2
2
2
0
0
4
4
6
6
0
6
2
6
4
6
8
3
2
2
3
2
2
2
5
0
2
4
4
2
0
4
2
3
2
3
3
4
7
2
3
2
3
2
4
2
3
3
3
2
4
3
0
3
1
1
3
8
2
2
3
3
4
4
14
2
4
3
0
2
2
0
3
2
4
4
3
4
2
2
2
2
0
4
3
5
2
2
2
3
1
3
3
1
3
2
2
5
2
2
4
3
0
2
2
0
3
3
3
4
3
3
4
3
3
6
4
3
5
1
3
2
2
2
3
6
3
4
2
4
2
2
3
9
2
3
35
1
0
3
3
2
3
3
2
2
0
16
2
2
2
4
4
5
0
2
1
2
3
0
1
4
4
2
19
2
3
0
2
2
2
13
1
5
2
2
2
3
4
4
3
2
2
2
2
4
2
2
2
4
2
3
4
4
3
6
2
3
2
5
3
13
0
4
5
4
2
2
29
2
1
2
3
4
3
2
3
4
2
4
2
2
6
2
3
3
2
4
0
2
2
4
2
2
3
3
2
4
5
3
2
2
2
2
0
1
2
2
3
2
3
2
4
2
2
4
1
4
4
4
1
0
2
4
3
3
5
4
3
0
2
3
2
0
4
2
2
2
0
2
7
4
2
8
2
5
2
35
2
4
3
2
0
4
3
2
2
4
2
2
6
2
2
2
0
52
66
30
49
72
29
49
40
57
53
30
57
27
24
27
23
27
32
33
40
66
34
29
40
28
49
67
34
45
61
54
39
19
49
34
34
26
66
50
59
51
73
68
35
32
54
68
24
21
27
38
38
38
29
66
65
57
30
36
26
31
26
26
41
60
68
52
34
52
47
43
25
31
35
52
41
33
41
44
33
34
48
29
24
65
16
31
34
24
32
51
68
61
34
53
40
23
28
30
31
40
41
35
27
30
25
43
15
29
31
66
25
29
36
70
31
40
54
33
37
31
72
55
24
31
26
49
68
53
25
35
77
25
21
17
30
15
27
65
39
46
24
54
24
23
23
40
0
0
0
0
0
0
0
0
0
0
0
0
0
0
0
0
0
0
0
0
0
0
0
0
0
0
0
0
0
0
0
0
0
0
0
0
0
0
0
0
0
0
0
0
0
0
0
0
0
0
0
0
0
0
0
0
0
0
0
0
0
0
0
0
0
0
0
0
0
0
0
0
0
0
0
0
0
0
0
0
0
0
0
0
0
0
0
0
0
0
0
0
0
0
0
0
0
0
0
0
0
0
0
0
0
0
0
0
0
0
0
0
0
0
0
0
0
0
0
0
0
0
0
0
0
0
0
0
0
0
0
0
0
0
0
0
0
0
0
0
0
64
30
30
43
43
4
52
27
22
40
51
31
29
62
27
23
4
1
40
33
23
34
48
60
71
33
4
1
33
32
39
42
44
36
39
15
36
71
0
52
33
21
34
45
28
41
3
62
32
43
46
0
31
24
3
13
39
40
42
2
0
33
1
2
30
52
29
58
65
45
31
33
27
37
31
27
35
39
29
41
45
36
33
65
1
47
60
34
24
25
30
43
49
1
3
23
45
0
14
26
30
9
26
32
1
2
31
19
54
44
13
44
38
1
66
30
49
4
39
35
33
12
59
48
30
39
59
47
24
34
58
0
36
33
2
0
23
0
41
31
0
3
22
28
0
1
5
32
39
24
21
39
3
28
44
57
22
31
37
36
32
0
21
30
34
35
47
37
33
29
34
38
26
2
57
31
32
44
41
50
41
3
37
1
0
32
1
1
53
41
1
25
22
26
38
13
44
42
33
32
4
0
47
30
1
0
32
26
29
60
4
36
42
1
11
38
48
25
64
0
1
34
3
2
30
31
51
63
26
24
29
3
0
54
34
29
43
40
32
38
49
31
51
28
32
37
24
36
25
33
10
1
55
29
31
44
34
40
48
43
2
29
8
1
2
37
30
43
62
2
29
25
49
45
33
24
41
3
35
40
39
32
35
32
24
74
1
46
