7
3
3
3
7
0
3
5
1
1
1
1
1
3
3
3
1
5
3
1
3
5
3
5
1
1
3
3
3
8
3
3
8
1
3
1
5
5
3
1
3
1
5
1
1
1
3
3
3
1
3
7
1
1
7
3
3
1
1
3
3
3
3
1
3
1
3
3
1
3
1
1
3
1
3
3
9
3
3
3
1
7
3
1
3
1
3
3
3
1
5
3
3
5
15
1
7
1
3
5
5
5
5
7
0
1
3
1
3
1
5
1
0
1
11
9
5
9
3
3
3
1
3
3
3
3
1
3
5
7
3
5
7
5
3
9
0
9
7
3
5
1
3
7
5
3
3
3
3
5
9
10
7
11
1
3
1
3
3
7
1
1
29
3
7
3
3
3
3
15
5
10
3
3
1
1
3
1
5
5
3
1
3
3
1
3
5
3
0
5
7
7
3
3
3
1
5
1
3
1
1
1
5
9
5
3
1
1
29
3
3
3
7
5
3
5
3
5
7
1
3
1
5
5
3
1
7
7
3
1
1
3
1
1
1
87
1
9
3
1
7
7
3
1
3
7
3
3
5
3
5
1
3
1
5
5
3
3
1
5
3
1
7
3
1
1
1
7
7
1
3
3
3
5
7
3
3
3
5
3
3
3
1
7
1
1
3
1
11
56
11
10
10
15
0
0
0
0
0
0
11
0
11
0
12
0
9
11
0
0
0
0
12
9
8
17
13
15
0
0
0
0
0
0
12
5
12
9
16
16
5
0
0
2
0
0
41
11
10
23
1
0
0
0
0
0
0
1
1
1
15
12
0
0
2
4
6
0
0
0
13
1
7
12
13
18
10
0
0
0
0
0
0
11
24
13
19
13
11
0
0
0
0
0
11
16
0
5
8
0
17
0
5
9
0
0
0
0
51
13
8
0
6
5
3
1
0
0
11
1
18
4
0
0
0
0
0
0
0
0
0
8
0
15
6
7
16
7
10
9
0
0
9
7
11
7
5
9
9
7
10
23
0
0
0
9
13
4
8
70
0
0
0
0
0
0
15
7
6
14
10
5
7
0
0
0
0
0
1
3
15
8
16
6
0
7
4
7
0
0
0
0
0
0
9
0
4
0
4
5
0
10
19
6
7
10
13
9
0
15
0
9
12
0
0
7
6
9
1
4
1
7
0
6
11
0
9
8
0
14
10
12
9
7
11
0
0
0
9
10
11
4
16
6
7
4
2
0
0
0
0
3
22
8
0
5
5
7
8
0
0
0
0
1
12
10
0
0
6
5
7
2
0
0
7
6
0
14
10
3
1
11
6
16
0
1
35
15
37
24
21
17
16
2
35
15
8
0
23
21
23
22
37
33
10
56
19
15
25
0
7
33
12
2
2
36
39
47
2
24
26
2
2
4
0
68
2
31
30
19
7
34
31
2
8
83
2
0
6
30
1
0
27
29
17
2
6
2
2
33
16
31
50
4
2
34
13
52
6
2
2
23
30
16
36
31
12
14
16
2
0
27
11
0
28
2
24
22
26
4
14
26
2
21
68
2
12
30
22
4
27
39
23
4
25
16
4
38
10
26
28
4
6
12
3
2
0
6
7
0
21
43
0
37
26
26
21
59
4
0
2
6
51
33
6
22
37
2
24
53
4
0
24
0
30
31
16
46
45
27
19
13
38
4
17
20
34
45
6
12
15
25
20
12
17
26
15
60
28
22
16
4
2
12
21
26
2
0
4
5
17
30
18
0
27
37
17
38
5
29
2
2
32
27
36
22
0
19
24
6
0
0
2
20
22
22
22
42
11
20
41
9
8
0
20
17
4
24
2
10
4
33
17
30
37
22
28
2
18
31
6
3
2
28
6
34
35
0
31
25
2
31
26
19
11
25
9
18
5
16
43
35
16
7
1
33
29
6
0
4
42
20
25
30
21
13
2
18
33
20
2
5
36
32
9
4
29
27
2
13
19
2
2
33
4
1
3
3
4
4
3
7
6
7
0
2
1
5
4
2
6
6
4
3
1
5
4
6
3
6
9
4
8
7
1
6
3
5
4
2
4
7
1
3
2
1
4
3
7
1
6
3
2
2
2
3
6
6
11
7
9
4
12
2
4
1
0
12
4
1
12
10
3
3
9
1
4
3
4
1
5
14
13
14
1
3
4
10
1
2
4
0
6
4
11
0
7
9
3
8
11
8
9
13
0
3
5
13
10
5
3
5
2
19
14
4
5
8
9
12
16
10
3
13
9
10
11
10
8
6
7
11
10
15
2
2
1
2
3
14
12
19
7
6
1
6
6
4
7
5
4
8
13
4
7
5
10
8
15
15
2
1
7
3
7
10
8
0
1
9
1
6
8
2
8
0
16
9
3
4
8
7
14
10
5
8
4
5
7
6
4
8
9
5
3
7
8
7
6
3
5
1
12
3
2
2
7
6
1
1
4
4
2
14
9
2
1
2
6
2
8
5
8
2
9
11
10
14
3
2
1
4
4
1
3
1
6
3
0
4
6
3
6
1
4
5
7
5
7
6
16
20
6
6
4
3
7
4
1
1
7
6
14
1
4
3
4
4
4
4
4
3
6
3
5
3
6
8
8
7
4
4
6
5
7
3
11
6
1
7
10
6
0
0
1
1
1
1
5
1
1
1
0
1
1
0
1
0
1
17
1
5
97
1
1
0
0
1
0
7
0
0
1
5
0
3
0
0
1
0
1
0
3
1
0
1
3
0
0
1
0
0
9
1
1
1
0
0
0
0
0
3
11
0
1
0
0
0
1
1
0
0
0
0
3
0
3
0
0
1
3
0
0
0
1
0
3
0
0
0
11
0
0
0
0
0
1
0
0
0
0
0
1
1
0
0
0
0
1
0
0
5
3
0
0
3
0
3
1
1
0
15
0
0
0
0
3
3
0
0
9
1
0
3
0
5
0
0
1
3
1
1
0
0
0
5
0
1
0
0
0
1
0
0
0
0
0
0
1
0
0
3
1
0
0
0
0
3
1
5
3
1
1
1
13
1
3
1
7
1
3
3
1
5
1
1
5
1
0
3
0
0
5
0
1
0
1
5
7
0
1
0
3
0
3
5
3
0
1
0
5
9
0
1
0
5
0
0
3
1
0
3
0
5
5
0
5
0
0
0
0
1
0
0
11
3
3
5
3
3
3
3
3
1
1
5
0
3
3
1
0
3
1
0
7
7
3
1
5
3
7
7
0
3
1
0
0
0
9
5
1
0
0
5
0
1
1
1
1
0
3
3
0
1
3
1
5
3
1
3
43
63
51
36
54
46
24
32
30
36
47
55
46
49
57
46
49
47
46
30
38
66
36
45
41
55
59
55
63
29
40
38
44
59
37
41
63
54
46
40
35
59
38
44
39
59
34
49
40
55
36
61
46
54
43
42
35
60
41
41
54
60
35
50
39
52
36
32
44
64
46
45
59
59
44
44
62
41
41
47
46
61
43
38
41
25
45
39
59
51
50
34
31
58
47
54
63
58
59
42
30
55
50
26
41
63
49
45
39
47
47
64
57
55
48
30
40
57
53
49
56
35
41
38
62
54
35
25
51
42
34
36
63
57
57
60
53
37
39
34
32
39
53
40
50
38
54
60
48
53
40
32
45
44
88
40
47
49
65
40
47
40
34
30
22
55
34
31
22
43
38
46
36
44
23
30
38
48
26
31
27
41
50
53
46
52
39
24
25
30
30
45
41
59
56
48
60
59
59
28
22
31
51
47
42
59
59
46
54
45
44
28
28
44
38
47
41
45
60
43
40
61
42
27
26
17
61
38
51
49
32
49
39
26
49
23
26
32
54
57
30
56
58
53
58
60
40
29
23
28
49
44
54
42
44
47
43
44
39
28
32
26
61
56
57
45
61
33
49
44
52
26
25
30
48
65
47
50
54
50
39
43
57
33
24
40
17
52
0
0
0
2
2
0
2
2
2
2
0
0
0
0
2
4
4
2
0
4
0
0
0
0
0
0
0
2
2
0
2
4
2
2
2
2
0
0
0
0
0
2
0
4
2
0
2
0
0
0
2
0
2
2
2
2
0
2
0
0
0
0
0
2
0
0
0
0
2
0
0
2
0
2
0
2
2
0
4
2
0
2
2
2
0
0
0
2
2
0
2
2
2
2
2
2
0
2
0
2
2
0
2
4
0
2
0
2
0
0
0
2
2
0
0
4
4
0
2
0
0
0
0
2
2
0
0
2
2
2
0
0
0
0
0
0
2
2
2
2
2
2
0
0
0
0
0
0
2
0
2
2
2
2
0
2
0
0
0
0
2
2
0
0
4
0
2
2
0
2
2
2
2
0
2
0
0
2
2
2
2
0
2
2
0
0
0
0
0
2
0
2
0
2
0
2
2
0
2
2
2
2
0
2
0
0
0
2
0
0
0
4
0
2
2
0
0
0
0
2
0
4
2
2
0
4
2
2
0
0
0
2
2
4
0
4
2
2
0
2
0
4
0
0
2
2
2
0
2
2
0
2
0
0
0
2
2
4
0
2
2
2
2
2
2
0
0
0
2
2
2
2
2
0
2
0
0
0
2
4
2
2
0
2
2
0
0
2
0
13
2
0
2
2
0
2
0
4
6
2
2
4
2
6
2
6
6
0
2
6
0
0
0
2
2
0
0
4
6
2
2
0
4
0
0
0
2
2
3
0
0
0
0
0
13
2
2
2
2
0
2
0
2
2
4
4
2
2
2
0
0
0
0
0
2
4
0
2
0
2
0
0
0
3
0
2
2
4
0
0
2
0
0
2
2
2
6
0
2
4
2
0
0
0
2
2
0
2
0
0
0
2
0
13
0
5
0
2
0
0
0
2
2
0
0
0
2
0
2
0
2
2
0
0
2
2
2
0
0
2
0
2
4
2
0
0
2
2
0
4
0
2
0
2
0
2
4
0
2
0
0
4
0
4
4
2
2
2
2
2
2
0
2
2
2
2
0
2
0
0
2
0
0
2
4
2
2
0
2
4
0
0
2
0
2
0
0
0
0
2
0
2
2
6
5
2
4
0
4
0
0
2
4
0
0
2
2
0
0
2
2
0
2
2
0
0
4
0
2
2
0
0
14
4
2
0
0
2
15
4
4
2
2
2
4
0
4
4
5
4
0
2
2
0
2
0
0
0
2
0
0
0
2
0
2
0
2
2
2
4
3
2
2
4
0
5
0
4
0
0
0
0
2
0
0
0
2
4
0
0
2
4
0
0
0
0
17
3
2
9
3
2
5
0
6
2
0
3
3
4
6
7
4
4
6
17
2
13
13
2
4
3
2
2
0
0
5
5
2
9
0
4
2
7
4
2
0
2
6
5
0
7
5
2
2
3
2
17
2
7
2
0
6
7
5
2
0
4
7
3
5
15
0
4
5
9
6
2
4
4
5
4
4
4
2
7
0
0
4
2
2
2
5
9
13
15
2
2
2
2
0
0
5
4
0
4
0
9
2
0
2
15
2
3
7
2
2
3
4
3
3
0
4
5
2
4
7
7
7
3
2
2
6
2
15
4
2
3
2
4
0
4
4
1
0
3
2
6
9
5
7
2
17
5
5
2
5
0
9
13
4
5
0
4
4
3
2
0
4
4
0
2
2
4
7
4
4
4
2
6
4
2
2
5
0
15
4
4
4
13
6
0
1
2
2
5
2
2
4
3
7
0
4
2
2
0
0
4
4
2
0
0
7
4
4
2
4
6
0
3
5
3
15
2
2
0
2
2
3
3
4
17
2
7
5
2
5
3
4
3
4
0
5
4
1
2
4
3
13
7
4
5
2
7
2
4
4
4
0
4
6
0
3
0
2
9
13
5
0
7
4
4
0
2
9
4
2
2
1
3
2
5
2
4
3
4
13
5
4
3
2
5
4
4
2
6
2
10
2
0
4
4
0
2
8
2
0
0
0
0
4
0
0
0
2
2
4
0
2
0
0
0
4
0
0
0
0
0
4
0
0
0
0
0
2
2
2
0
4
0
0
5
4
0
2
2
0
0
0
2
6
2
0
15
4
0
0
0
0
2
0
2
2
6
0
0
0
2
2
2
2
4
0
2
4
0
0
2
0
2
2
0
2
0
2
0
0
4
0
6
4
0
0
0
9
8
2
2
0
0
2
2
2
4
0
0
0
2
2
2
0
2
0
2
2
2
4
2
0
2
0
2
0
2
0
4
0
4
0
8
0
4
0
4
6
2
0
0
2
0
2
2
2
0
0
2
12
2
2
2
4
2
2
2
0
0
2
0
0
2
0
0
2
2
6
0
2
2
0
2
2
2
4
0
2
2
0
4
2
0
2
0
2
2
2
0
2
0
2
0
2
0
2
8
2
2
0
0
0
0
0
2
0
0
4
2
2
0
4
2
0
6
0
2
0
2
2
2
2
2
0
2
4
2
0
2
0
0
0
2
0
0
4
2
2
0
2
0
2
0
2
2
2
0
2
0
4
0
2
0
0
0
2
0
2
4
0
0
2
2
0
2
0
0
2
6
6
0
2
2
2
0
2
2
6
2
2
6
6
2
0
0
