36
38
35
34
39
33
32
32
34
38
35
31
35
37
34
38
33
34
37
38
31
38
35
39
37
37
35
39
39
39
38
39
35
39
35
38
38
37
36
38
36
38
38
37
40
37
38
37
37
37
38
37
21
38
37
36
37
38
36
38
37
32
37
39
39
38
38
35
38
36
37
37
37
35
37
38
38
35
34
34
39
36
31
35
37
33
38
38
37
37
35
28
35
38
38
31
36
33
37
31
38
39
39
33
37
36
37
39
35
33
37
38
38
34
38
38
39
36
38
30
37
34
33
39
38
37
38
34
38
39
34
36
36
33
37
39
36
35
24
32
38
37
38
38
30
29
36
36
38
35
30
36
37
39
38
38
32
38
37
37
36
34
33
38
37
38
38
37
31
33
39
35
37
36
32
31
37
33
34
37
31
39
36
38
39
33
38
34
37
37
36
38
32
35
38
37
37
37
33
37
39
36
38
37
34
38
29
29
37
37
35
40
34
37
37
36
32
33
38
35
37
35
37
33
33
37
38
35
37
38
38
39
38
33
36
36
33
37
37
33
34
38
38
38
35
34
38
36
39
37
35
32
38
38
34
34
28
33
38
30
37
38
39
32
33
37
37
39
37
33
32
37
38
37
36
38
34
34
32
38
38
38
37
35
33
37
39
34
2
7
2
4
0
4
3
0
7
0
11
4
2
2
5
9
2
4
0
0
4
4
2
2
9
4
4
4
5
0
0
0
4
3
2
2
2
5
4
2
4
2
3
2
2
2
0
14
9
6
27
2
0
2
0
2
0
2
0
2
48
6
0
2
2
4
92
0
2
2
4
7
4
2
4
6
4
0
0
4
0
0
6
0
6
2
2
0
9
9
0
0
6
2
7
2
2
0
4
2
4
4
2
2
7
4
2
4
0
2
8
0
0
2
2
9
4
4
3
11
5
6
4
6
5
6
6
4
2
2
2
2
6
2
0
0
0
2
2
2
0
4
4
2
4
5
2
9
3
0
4
0
2
0
0
5
3
0
0
4
2
0
8
5
0
7
2
2
2
2
0
2
0
7
1
0
2
2
2
3
0
5
5
9
4
3
2
4
4
4
0
0
4
0
9
6
2
6
0
2
2
2
4
3
2
2
0
2
0
10
2
0
0
2
0
0
5
0
4
6
7
4
5
2
4
2
0
0
2
0
4
2
2
2
2
4
4
0
2
6
2
2
10
2
2
0
0
4
0
0
4
6
2
5
2
4
2
8
0
2
2
2
2
0
4
0
0
0
9
0
2
9
2
2
0
0
0
0
2
3
3
3
4
2
0
0
0
2
3
5
5
4
8
7
3
4
5
3
5
2
6
3
5
5
3
3
3
3
5
3
6
3
9
3
3
3
3
11
5
5
2
3
8
3
10
7
5
3
5
7
2
5
3
5
5
3
3
7
32
3
0
0
0
2
0
0
2
0
2
0
0
0
4
1
0
4
2
0
4
1
2
0
2
0
5
0
1
0
2
2
1
2
4
4
2
0
2
4
0
0
0
0
2
2
2
2
0
2
0
0
2
0
0
0
2
0
0
0
0
2
0
0
2
0
0
0
0
0
2
0
2
1
0
4
2
2
0
1
0
0
0
0
1
0
0
2
4
0
2
2
0
0
0
0
0
0
0
0
2
2
2
0
1
2
0
0
2
2
0
4
1
1
2
0
0
0
2
2
5
0
2
0
0
4
0
2
0
0
2
0
0
2
2
0
0
0
2
0
2
0
0
0
3
0
0
1
0
3
1
0
2
0
0
0
2
0
0
0
0
0
0
0
2
0
0
2
0
0
0
0
0
2
0
0
0
2
2
0
3
2
0
0
2
0
2
0
0
0
4
1
0
2
0
0
0
2
2
0
2
4
0
0
0
2
2
0
0
0
0
4
0
0
2
0
0
0
2
0
2
4
0
2
2
1
0
2
0
2
3
2
0
0
0
0
2
0
2
4
2
6
4
0
4
0
2
2
2
4
2
2
2
2
0
2
0
2
0
0
4
0
2
6
0
0
0
0
0
4
2
0
4
0
0
4
2
4
4
0
2
2
2
2
4
0
0
0
0
4
2
0
2
0
2
4
2
0
2
2
2
2
4
2
2
2
2
8
4
0
0
2
2
2
4
4
0
4
4
4
0
0
2
4
0
0
0
6
6
2
2
0
2
0
6
2
4
2
4
0
0
4
0
0
2
0
2
4
4
2
4
2
2
4
0
2
4
2
0
0
0
0
2
4
2
0
4
2
2
0
2
0
4
0
2
0
0
2
2
6
4
0
0
2
0
7
2
0
2
4
6
4
6
0
0
0
4
2
0
6
0
4
0
4
2
4
0
0
4
2
0
2
2
0
4
2
6
4
2
0
2
4
4
2
2
4
4
0
4
2
0
2
6
6
4
4
4
2
4
4
4
2
6
6
0
2
4
2
2
7
4
2
0
4
0
0
0
2
2
4
4
2
4
2
2
4
2
4
0
0
2
0
0
2
4
2
2
4
2
2
2
2
2
4
2
0
4
4
4
4
2
4
4
2
4
0
4
2
2
8
2
0
0
4
0
2
2
0
2
2
0
4
0
4
0
2
0
2
6
4
2
4
4
2
4
2
0
0
2
2
0
0
0
0
0
0
0
0
0
0
2
0
0
0
0
0
0
2
0
0
0
2
0
4
0
0
0
0
6
0
0
0
2
2
2
2
4
0
0
0
2
2
4
8
0
0
6
0
2
0
4
0
0
0
2
2
2
4
0
2
0
0
0
0
2
2
0
0
2
2
2
0
0
2
0
6
0
0
2
2
4
0
2
2
2
0
2
4
2
0
0
2
0
0
2
0
2
2
6
2
0
0
2
2
0
2
0
2
2
0
2
2
2
2
0
4
0
6
2
0
0
2
0
2
2
4
2
2
6
0
2
4
4
4
2
2
0
0
0
2
2
2
2
4
0
4
4
0
0
2
0
4
4
2
0
0
4
0
2
0
2
0
0
4
4
4
2
0
2
2
2
6
2
6
2
0
2
2
2
0
4
4
0
0
2
0
0
0
0
2
2
2
2
2
2
6
0
4
2
2
2
4
6
0
4
2
2
2
4
2
4
0
0
0
4
2
0
4
2
2
2
2
0
2
4
2
4
34
0
0
0
2
0
2
0
0
4
4
2
4
0
2
0
4
0
0
0
0
2
2
2
4
0
4
0
2
0
2
2
2
0
2
0
0
2
4
2
0
2
0
0
0
2
2
0
6
2
2
2
0
4
0
2
0
7
28
1
1
4
1
7
2
33
5
4
34
3
2
1
2
2
4
2
3
2
4
5
2
2
5
2
27
1
5
13
2
1
2
2
46
4
4
2
2
2
1
2
2
4
4
1
3
0
5
5
4
4
50
37
2
0
3
4
4
0
0
15
4
6
2
2
4
4
2
56
2
4
4
2
3
4
4
2
13
2
4
3
5
30
5
4
35
0
6
2
0
0
32
4
3
3
0
4
0
3
9
5
4
5
57
2
4
34
3
5
6
2
3
1
31
11
1
6
1
2
9
32
5
27
0
2
4
7
5
6
41
35
0
3
21
62
7
2
33
4
29
7
7
1
3
2
2
0
2
35
2
0
4
9
2
2
4
2
32
4
4
2
2
1
4
45
5
4
5
2
8
2
2
3
1
3
2
4
4
2
2
6
2
2
4
2
2
1
32
31
2
13
3
29
3
2
2
4
2
29
52
7
5
2
2
2
5
2
2
4
35
5
3
2
25
2
4
5
5
2
2
4
2
0
0
2
28
2
0
6
4
4
0
32
2
4
4
5
0
3
4
4
2
4
2
0
4
0
3
4
4
0
6
3
2
2
4
2
2
1
2
0
2
0
31
0
3
4
4
2
1
26
2
2
2
2
2
2
36
2
10
4
4
23
4
3
2
4
4
4
4
2
2
2
0
2
4
4
0
2
2
0
2
2
2
2
2
2
2
2
0
4
2
2
4
2
2
2
2
0
2
2
2
4
4
2
2
4
0
4
4
4
2
2
0
2
2
0
4
2
2
4
0
2
2
2
2
0
4
0
2
4
0
0
4
2
2
0
6
4
4
2
4
0
2
2
2
0
2
2
2
4
2
2
0
2
4
0
4
2
0
2
2
4
2
4
2
4
2
2
4
2
2
4
2
2
0
2
2
4
0
2
2
2
2
0
4
0
2
2
2
4
0
2
2
6
2
2
0
2
4
2
4
2
2
2
4
2
0
4
0
0
2
2
0
2
2
6
0
2
0
4
2
2
2
2
2
2
4
2
2
0
4
2
2
2
4
4
4
4
2
4
0
2
2
0
2
2
4
4
0
2
0
0
4
0
4
0
2
4
2
2
2
2
4
2
4
2
2
4
4
0
4
0
4
2
4
4
0
6
2
2
4
0
2
4
2
2
2
2
2
2
2
4
4
2
4
4
4
2
2
0
2
0
2
2
0
2
4
2
2
4
2
4
0
2
2
4
4
2
2
2
4
2
4
2
2
2
6
2
2
2
0
2
2
2
2
0
2
2
2
0
0
4
0
2
2
2
4
2
0
2
2
2
4
4
2
4
2
2
6
0
0
0
2
5
4
0
0
0
0
0
0
0
0
2
4
4
0
0
0
0
0
2
2
0
0
0
4
2
0
2
2
0
0
0
2
0
4
2
0
2
4
2
7
9
0
2
0
0
2
6
7
6
0
0
0
11
2
2
2
2
0
11
2
7
0
0
2
2
14
6
0
0
4
2
0
0
0
0
9
15
0
7
2
4
24
9
2
6
0
0
2
2
4
5
0
2
2
2
0
2
2
0
0
0
0
7
6
4
2
2
0
2
2
2
0
4
0
2
4
0
4
2
2
2
0
4
2
2
0
0
2
0
0
0
4
0
0
0
0
9
0
19
0
0
0
0
2
4
0
0
2
0
0
0
0
0
15
2
24
0
2
0
0
15
2
2
6
2
0
13
0
6
9
2
5
3
0
0
0
2
2
0
4
0
0
2
2
2
0
0
2
6
2
4
0
9
0
0
2
2
0
0
4
0
2
0
4
2
2
0
6
2
0
0
0
0
4
0
0
4
0
0
0
0
4
2
0
0
0
2
2
0
0
4
4
4
2
2
0
2
0
11
8
4
0
6
2
7
0
0
0
0
2
4
2
24
4
0
17
4
0
0
0
0
0
0
0
0
8
0
2
2
0
2
0
0
0
2
2
0
4
6
8
8
6
0
6
0
8
0
0
0
8
0
4
6
4
2
0
10
6
2
2
4
8
2
2
0
4
4
0
2
2
8
4
4
2
8
8
0
4
6
4
2
2
2
0
2
6
0
2
6
2
2
2
4
2
0
0
2
2
4
8
0
10
0
4
0
6
4
8
2
4
0
99
0
0
6
0
2
4
4
2
2
2
10
0
2
46
2
8
4
0
2
0
2
0
8
6
0
0
0
4
2
0
0
10
2
2
0
0
2
8
10
0
4
2
2
2
2
0
0
8
6
6
4
6
0
0
2
0
0
4
4
2
2
0
2
0
0
0
0
2
0
2
6
0
2
2
2
0
8
4
8
6
8
8
4
2
14
0
0
0
6
4
0
0
0
2
6
4
0
0
2
0
8
8
0
6
2
6
6
0
0
0
4
0
10
8
0
8
0
0
6
6
0
0
0
0
10
2
0
4
0
0
8
6
2
2
0
6
4
2
0
0
0
0
4
8
6
4
2
0
8
0
0
0
2
0
8
2
2
2
6
4
4
0
2
6
0
0
0
2
2
0
4
2
4
0
0
0
2
2
6
0
0
2
0
2
4
8
0
0
2
0
4
0
0
0
0
2
8
2
0
0
2
0
0
0
2
2
8
2
6
8
4
2
2
6
0
0
45
0
21
4
83
0
0
0
0
1
0
0
65
33
24
0
43
0
0
0
0
0
0
0
41
18
29
47
46
0
0
0
0
0
0
2
25
24
0
43
40
0
0
0
0
0
0
0
25
68
36
33
55
0
0
0
0
0
0
0
42
32
30
2
87
0
0
0
0
0
0
26
39
0
27
11
52
0
0
0
0
0
0
0
3
38
42
29
45
0
0
0
0
0
0
4
17
26
0
41
88
0
0
2
0
0
0
0
1
31
0
7
19
2
0
0
0
0
0
3
0
27
25
23
43
0
0
0
0
0
0
13
0
2
0
27
11
0
0
0
0
0
0
0
50
30
21
0
30
0
0
0
0
0
0
2
18
23
20
22
61
0
0
0
0
0
0
1
32
14
25
0
38
0
0
0
0
0
0
24
28
33
16
32
0
0
0
0
0
0
0
0
29
3
42
76
44
0
0
0
0
0
0
2
40
24
22
20
41
40
0
0
0
0
0
21
17
3
26
35
5
85
0
0
0
0
0
0
27
45
46
23
30
33
0
0
2
0
12
1
0
22
22
17
21
0
12
17
12
29
14
13
10
11
12
2
1
0
0
21
13
28
15
14
17
0
0
13
13
0
3
11
18
21
20
35
17
41
19
14
12
0
43
0
25
30
