14
15
16
16
16
16
16
15
15
16
15
15
16
15
17
15
14
14
16
15
16
15
15
15
16
15
16
14
15
15
15
17
15
15
15
17
15
15
15
13
16
13
16
15
13
16
15
16
16
16
15
16
16
16
15
15
13
13
17
16
16
16
14
16
13
16
15
12
16
16
14
14
15
16
16
16
14
16
15
14
16
16
15
14
14
17
15
13
15
15
17
16
15
15
16
14
13
16
15
16
15
16
17
14
15
15
16
15
15
17
14
14
16
15
16
15
14
16
13
13
14
16
15
13
15
16
14
16
17
15
15
16
15
15
16
14
16
17
15
16
13
15
17
15
15
14
15
15
13
16
15
16
16
15
16
13
16
14
15
15
15
14
14
16
16
16
15
15
16
14
16
15
15
16
14
15
17
16
14
14
15
17
16
16
16
17
16
15
16
14
16
16
16
14
14
15
14
15
16
15
14
14
17
15
16
15
17
16
16
15
15
16
15
15
16
16
16
16
15
14
15
16
15
15
15
14
15
15
16
16
14
16
15
16
16
15
16
16
13
16
15
16
15
15
15
15
14
12
15
15
15
14
15
15
16
16
15
16
18
15
15
15
15
17
16
16
16
14
15
13
16
16
16
15
16
16
17
14
15
16
15
16
15
15
15
15
13
16
15
2
10
8
6
6
4
4
2
15
4
2
4
2
4
0
4
4
0
4
4
8
0
6
0
2
4
2
4
2
4
0
4
6
4
0
2
12
2
2
6
0
8
2
2
2
2
2
0
4
2
4
2
4
2
2
10
8
6
0
12
0
4
10
0
4
4
6
2
2
2
4
2
2
2
0
0
2
2
2
4
8
10
4
10
4
4
4
2
2
2
2
8
4
4
4
2
2
2
4
4
2
2
6
0
0
2
2
4
0
2
0
10
8
8
2
2
8
4
2
12
2
4
8
2
2
4
2
2
4
13
6
4
4
2
2
8
4
4
0
2
17
4
2
2
2
2
2
4
2
8
4
2
12
0
0
4
2
13
4
2
4
6
6
6
2
10
2
2
0
4
4
2
2
2
14
2
2
8
2
13
8
2
2
2
10
2
4
4
8
2
2
0
2
0
6
2
6
2
2
2
2
6
17
4
13
15
0
2
4
8
8
14
2
2
2
0
2
2
2
0
4
2
2
15
4
4
2
19
4
12
8
4
2
2
4
2
8
0
2
0
8
0
4
4
2
4
13
4
0
2
4
2
4
2
4
0
4
10
4
4
6
8
4
4
4
0
12
12
2
12
0
2
17
2
2
2
2
4
0
2
2
0
12
0
6
2
0
2
0
4
2
0
2
0
2
2
2
4
0
0
6
0
0
2
0
0
2
2
2
2
4
0
9
2
0
0
0
0
4
0
2
2
0
2
0
0
2
2
4
0
0
0
2
0
0
2
2
0
6
2
0
2
0
2
6
0
2
2
2
4
2
0
0
0
2
2
2
13
2
0
0
2
0
2
0
6
0
4
0
4
2
0
8
0
4
4
2
6
2
8
0
0
4
2
12
8
4
2
0
6
2
2
0
0
0
2
2
0
0
4
0
4
8
0
2
2
6
2
0
0
2
2
4
0
0
2
4
5
2
11
2
2
4
2
4
4
0
0
0
9
4
4
4
4
2
0
2
0
4
2
0
2
7
4
6
0
0
2
8
2
0
0
2
2
4
11
2
2
2
0
6
6
2
12
4
0
2
2
6
0
0
6
4
2
2
2
0
4
0
4
0
0
2
2
2
2
2
0
2
2
2
2
4
0
2
4
2
2
2
6
4
5
2
0
2
0
8
6
0
6
0
2
0
0
0
2
0
2
2
0
0
2
2
2
0
2
4
0
0
0
2
0
0
2
2
2
0
2
2
4
4
0
2
2
6
2
0
15
2
2
0
4
0
0
2
4
2
10
0
2
2
0
0
4
2
0
0
2
2
8
0
0
2
0
2
6
14
12
6
8
4
14
2
4
12
4
12
8
2
8
4
2
6
6
10
6
16
8
8
6
4
12
0
8
8
4
8
10
2
12
4
8
6
6
6
4
8
2
4
8
10
8
6
2
19
8
8
8
8
10
8
14
8
8
10
6
6
2
2
6
2
4
6
8
10
4
10
4
6
10
6
4
6
4
6
6
6
6
6
6
8
4
6
6
6
8
4
0
2
4
8
4
8
2
2
4
2
6
8
16
6
4
10
4
12
10
8
12
6
10
8
10
10
14
14
8
14
12
17
12
8
10
6
18
10
10
16
12
12
12
10
12
8
20
12
8
6
8
20
14
10
12
12
12
29
10
16
6
4
4
2
8
25
12
10
4
10
14
10
12
8
18
20
8
10
14
6
4
10
18
4
18
23
10
8
8
10
29
16
6
6
14
20
27
14
4
10
31
8
31
18
8
6
14
12
6
20
12
12
18
6
2
55
2
18
8
6
16
4
4
16
10
18
6
12
12
12
16
4
10
10
12
8
14
4
6
10
10
6
10
10
6
4
10
6
16
8
10
4
10
20
10
12
6
10
12
4
6
10
6
8
8
2
0
0
4
8
6
8
21
2
8
10
6
14
8
6
12
6
4
10
6
16
6
8
6
6
6
8
6
12
8
10
2
6
4
14
6
8
4
8
27
11
8
4
8
8
6
2
10
6
2
10
6
2
6
8
4
6
8
10
4
8
4
4
10
4
4
8
6
4
10
0
10
6
4
4
8
4
6
2
4
8
8
2
8
6
8
4
4
12
6
8
4
8
6
21
8
6
6
8
6
8
4
8
6
0
10
6
12
8
6
8
10
15
19
6
17
2
4
2
23
6
14
6
6
10
10
2
6
4
6
6
10
12
8
14
8
4
6
4
6
10
8
4
2
8
8
16
15
17
6
4
10
10
0
15
6
2
14
10
6
8
4
6
27
14
8
10
6
8
4
6
14
8
23
8
10
8
4
8
6
12
8
12
10
6
4
6
17
8
12
10
4
2
8
14
12
6
10
6
2
0
6
6
23
0
15
4
6
2
8
4
2
15
6
4
6
6
8
2
12
6
4
6
4
10
8
4
14
14
10
14
8
4
10
6
4
2
6
2
6
4
12
10
2
6
17
2
8
10
6
6
8
10
6
8
6
10
6
6
12
10
8
6
6
6
2
2
4
2
8
6
4
15
6
6
12
8
25
2
8
6
4
2
6
6
4
6
12
4
6
6
8
6
10
8
6
8
6
8
2
2
10
12
10
6
6
10
4
12
19
8
8
8
16
12
4
8
12
6
4
4
2
2
0
2
4
5
5
5
0
7
2
3
4
2
2
0
3
5
3
2
0
0
2
2
2
4
0
5
2
3
5
5
7
5
7
4
5
2
4
0
5
7
2
0
5
4
2
4
5
3
25
3
5
9
5
4
19
0
27
5
4
21
11
5
5
4
2
19
4
2
4
2
2
4
2
4
2
2
0
29
2
2
4
9
2
4
7
5
9
0
5
4
7
4
4
3
5
4
5
2
5
5
7
5
2
2
4
4
0
2
3
2
4
2
4
11
7
21
9
5
27
7
9
15
33
19
9
13
13
7
23
9
17
7
5
11
5
7
9
3
23
9
11
15
7
9
11
11
21
9
11
5
4
17
21
27
11
21
9
9
17
13
23
11
4
9
11
11
4
4
15
7
5
9
9
13
11
9
19
17
13
4
11
5
11
5
13
17
27
2
4
13
5
25
9
5
11
15
15
19
2
11
2
2
3
11
7
5
5
19
2
7
4
0
4
15
0
2
4
2
4
5
5
4
5
3
4
2
0
2
4
2
0
2
0
3
4
2
5
2
2
4
0
2
9
2
2
2
2
3
5
4
4
4
4
3
7
5
2
2
9
0
7
4
4
4
4
4
5
2
2
2
2
4
4
0
0
4
4
2
0
0
0
2
4
5
2
0
0
2
0
6
2
6
2
4
4
4
2
2
0
6
4
4
2
8
4
6
6
2
2
4
4
0
2
2
4
2
6
4
0
6
2
6
2
6
6
0
4
8
6
6
2
4
2
4
4
2
4
4
6
4
2
4
6
0
6
4
2
2
4
4
4
4
2
6
0
2
4
4
4
6
2
4
4
4
4
2
0
6
2
4
2
4
0
6
8
2
4
2
4
4
0
4
2
6
6
2
6
2
6
4
4
2
4
4
4
4
4
2
4
2
4
6
0
2
4
2
6
4
4
6
4
4
8
0
4
2
0
0
6
4
2
8
4
0
0
2
4
4
2
4
0
2
4
2
2
0
2
6
6
2
2
2
6
6
2
10
14
6
0
2
2
4
8
4
4
4
2
4
4
6
0
6
4
2
4
2
2
6
4
4
4
4
8
8
4
4
4
4
25
4
8
0
6
0
2
2
2
4
2
2
0
4
4
2
6
2
2
4
6
4
4
6
2
6
0
2
23
4
33
19
2
6
4
6
8
20
0
0
19
6
8
8
4
4
4
6
4
6
6
8
4
8
4
2
2
4
6
4
17
6
17
4
19
2
8
4
6
4
4
0
4
17
4
19
0
19
4
6
4
0
2
4
4
8
2
6
0
2
2
15
2
21
1
2
3
3
4
2
4
2
4
7
3
1
5
3
1
3
7
1
6
4
2
4
2
2
5
2
6
3
3
8
3
3
2
1
7
1
2
2
1
1
5
3
3
0
1
6
0
1
3
3
2
3
1
0
1
0
6
5
4
2
2
2
5
0
4
0
2
2
2
4
2
2
3
2
2
4
1
2
5
2
2
2
2
3
2
1
1
4
2
1
1
2
3
2
1
4
2
1
1
1
7
2
1
2
1
2
0
2
2
2
1
3
2
1
2
3
3
4
3
3
1
1
4
0
3
3
3
3
1
4
2
5
7
5
2
5
1
1
1
4
2
2
3
4
2
1
1
4
3
2
3
2
2
3
3
3
1
2
2
5
4
1
2
6
3
4
2
1
4
2
3
5
2
1
5
2
4
2
4
2
5
1
2
4
1
2
3
2
3
1
3
1
3
2
1
1
4
0
3
0
5
0
1
3
2
2
1
2
1
1
1
0
2
6
2
1
2
3
2
2
3
1
2
0
0
2
3
5
3
4
2
2
3
1
2
4
0
4
1
1
1
2
8
1
2
4
3
2
1
3
8
2
6
2
4
2
2
3
3
1
1
4
1
4
0
4
4
6
0
1
2
0
4
2
1
4
2
0
1
3
1
1
2
4
2
2
2
6
15
13
14
31
17
13
20
28
13
40
20
11
15
11
28
22
19
13
33
17
15
20
22
18
30
17
15
29
7
24
17
23
11
22
17
26
17
26
21
17
9
5
13
17
20
5
13
30
26
32
35
23
20
24
32
24
22
13
22
24
11
9
13
7
9
17
32
11
9
16
13
15
32
18
39
13
13
35
30
15
7
17
17
19
11
13
15
19
9
9
17
13
20
36
23
15
21
18
13
16
19
21
21
17
61
19
19
25
30
13
11
20
32
29
26
30
30
19
56
13
39
24
13
45
15
37
33
17
17
32
11
21
15
15
32
38
32
32
32
13
13
15
13
9
25
30
21
24
26
32
25
9
11
13
21
11
13
15
22
35
21
19
32
20
20
18
39
0
17
19
30
28
49
38
13
15
38
30
14
12
52
36
34
20
15
59
19
28
26
30
23
37
9
17
28
11
22
25
17
28
13
53
30
38
20
24
54
16
23
20
53
37
36
26
56
16
59
45
38
20
28
32
32
20
25
33
31
40
34
18
30
28
49
9
24
25
56
40
16
33
21
38
22
20
15
22
61
20
5
24
7
63
23
25
23
26
25
15
19
47
39
21
15
12
22
41
26
19
22
7
18
47
15
18
16
37
30
0
9
7
11
17
13
9
11
7
11
15
41
46
29
27
36
44
44
44
43
44
24
46
46
45
32
21
29
36
45
44
39
36
29
45
41
38
32
24
23
31
45
43
45
34
32
44
44
45
32
22
37
34
33
41
47
32
36
47
45
45
32
18
24
46
43
43
45
32
39
36
54
41
39
33
32
32
43
45
44
45
22
89
46
40
39
27
32
60
45
82
39
47
31
41
45
24
33
32
41
41
44
49
37
42
31
45
33
45
32
30
40
47
37
45
32
42
34
32
34
46
37
29
40
45
38
39
32
33
31
32
32
47
29
22
30
29
48
45
39
43
31
31
41
37
23
24
37
34
36
26
38
35
31
45
45
45
23
24
32
60
29
29
64
33
24
30
34
37
41
32
31
43
24
39
34
45
28
31
45
43
46
19
42
63
43
45
41
43
33
30
43
43
33
29
34
43
35
43
37
49
31
45
44
45
40
26
32
45
29
34
32
46
33
43
41
30
42
29
32
45
43
32
45
50
41
45
44
24
32
30
26
45
45
26
45
48
29
45
31
28
47
27
32
47
47
32
43
34
22
29
28
35
45
33
85
45
46
32
52
33
44
31
20
27
34
30
28
32
31
31
22
33
30
28
26
23
22
27
28
50
38
27
32
44
45
48
48
45
77
30
43
31
47
49
31
45
25
31
