37
40
14
47
0
27
16
31
26
31
37
40
30
25
17
16
17
33
6
35
8
15
49
44
8
8
34
26
24
32
16
10
26
60
14
24
16
31
65
32
24
54
61
24
54
33
15
37
32
7
10
25
29
24
14
18
17
16
31
23
23
27
33
34
67
61
64
21
26
19
25
59
16
14
32
25
60
35
44
20
56
50
61
40
63
10
60
32
58
50
35
66
17
62
17
58
44
24
42
32
47
63
63
36
16
54
65
25
16
58
7
16
63
52
24
28
62
26
35
63
37
31
50
68
50
55
17
16
49
45
15
22
53
19
32
12
15
28
10
24
16
26
32
17
50
6
11
8
15
8
37
53
22
31
57
16
25
59
37
42
45
35
10
16
67
46
49
8
21
8
9
24
63
39
54
44
54
50
27
25
20
53
41
24
26
45
60
17
48
56
24
8
15
30
26
65
39
33
8
19
56
32
44
34
16
57
25
16
24
16
32
47
39
25
61
62
52
64
57
26
33
22
29
26
44
25
52
26
63
57
34
25
26
18
8
21
24
17
63
32
34
24
31
30
59
67
71
58
31
47
17
25
54
35
28
23
58
44
33
26
47
24
30
33
50
40
54
25
57
64
25
36
8
14
23
16
43
7
34
36
24
15
59
33
24
52
26
49
9
6
6
9
4
7
6
17
2
8
2
7
2
0
0
6
8
6
0
4
6
2
6
13
2
4
6
25
6
0
8
6
0
17
6
8
2
4
12
6
2
12
8
6
4
4
11
15
10
6
6
12
17
12
6
17
6
4
8
8
6
17
2
0
2
8
13
12
6
21
11
9
6
10
10
6
15
6
12
8
8
8
11
4
17
11
6
15
8
11
26
36
8
11
9
12
21
17
10
22
9
11
15
33
11
9
10
32
15
11
6
10
12
13
13
9
13
17
17
11
10
19
17
13
13
33
14
8
12
21
15
12
10
15
15
13
15
9
13
13
13
6
15
40
26
8
12
13
17
15
11
21
17
27
13
35
6
5
6
6
19
4
4
21
15
36
13
8
33
21
29
6
13
10
11
15
15
23
17
23
19
31
19
11
19
25
6
17
11
17
6
19
2
29
25
15
8
6
29
19
11
29
14
17
17
23
23
19
27
8
4
19
10
6
21
10
10
8
6
17
12
10
11
4
10
15
8
17
17
4
4
2
8
10
15
15
8
11
8
6
15
12
4
8
9
6
9
13
12
2
8
15
10
4
5
15
12
0
6
15
6
19
6
10
2
6
4
6
2
6
7
13
8
8
6
4
8
9
0
2
2
10
8
11
4
10
6
6
4
4
4
5
4
4
4
4
6
4
4
4
4
4
6
4
4
4
6
4
4
4
5
6
4
4
5
4
3
4
4
5
2
4
4
4
4
4
4
4
4
3
7
6
4
7
4
6
5
6
7
7
5
6
7
6
4
6
6
6
5
4
4
4
4
4
4
6
6
6
4
6
5
4
5
4
4
6
4
4
4
4
4
4
4
4
6
4
4
4
4
4
4
5
6
6
4
7
4
4
4
5
4
4
6
4
4
4
0
0
7
0
0
2
0
2
0
0
0
4
2
0
0
0
0
0
2
4
0
0
0
0
0
0
0
0
2
0
0
0
4
0
2
2
0
0
0
0
0
0
0
0
0
0
2
0
0
0
0
0
0
2
0
2
2
0
2
2
2
2
0
0
4
2
0
0
2
0
2
0
2
2
0
2
2
4
2
0
0
2
0
2
4
0
2
0
2
2
2
2
2
0
0
0
2
0
0
2
2
0
2
0
0
2
0
2
2
0
0
0
0
0
0
2
0
0
2
2
2
0
0
2
0
2
2
3
2
5
2
0
2
0
0
0
0
2
2
0
2
0
4
0
2
2
0
2
2
2
0
2
0
2
0
2
2
0
0
2
0
2
2
4
4
2
2
2
0
4
0
2
2
2
2
0
2
0
2
2
2
2
4
0
6
44
4
5
61
4
4
36
2
6
6
10
2
89
6
4
59
6
2
10
6
6
8
2
2
23
2
2
44
4
0
6
4
10
4
13
0
2
75
4
4
2
10
2
2
2
4
12
4
2
2
4
6
4
0
4
13
62
8
4
2
10
6
2
6
6
7
7
2
19
2
6
68
0
12
6
6
2
4
2
4
6
64
2
4
2
4
7
12
8
2
8
6
6
6
6
4
8
2
2
2
2
2
6
69
2
4
2
4
6
64
4
14
93
4
2
2
8
2
2
6
4
4
8
6
4
6
4
4
63
2
4
10
6
2
6
4
6
14
6
99
12
4
4
16
2
6
68
2
6
9
8
2
54
72
8
6
20
8
6
4
6
71
10
8
4
6
11
4
13
8
6
4
14
85
13
4
6
2
10
2
10
88
8
2
8
2
2
6
11
4
4
6
4
12
59
2
9
2
10
6
4
4
6
13
6
10
2
8
2
12
10
71
6
19
6
2
4
7
6
12
2
8
6
4
65
4
2
69
69
6
66
4
4
6
6
2
81
4
8
4
4
47
4
4
15
8
2
6
12
15
6
4
4
2
4
7
4
16
11
12
4
4
8
6
4
6
12
11
6
2
12
4
2
6
6
11
2
8
11
4
4
6
8
4
0
0
2
6
0
0
2
0
8
4
4
2
0
6
0
0
4
4
4
4
0
4
4
2
6
0
0
6
0
0
2
2
2
2
2
2
2
4
0
2
4
2
0
2
8
0
6
2
6
4
2
8
0
2
4
6
4
8
2
2
4
0
2
6
4
0
6
0
2
4
0
0
2
6
2
6
0
2
6
6
4
0
4
4
4
2
0
4
4
8
4
2
2
4
8
2
4
6
4
4
0
0
6
4
6
0
0
4
0
2
4
4
6
4
4
2
2
2
6
0
0
4
6
2
4
2
6
0
2
0
0
0
0
4
2
0
0
4
0
4
2
0
2
2
4
4
6
0
2
6
2
2
0
2
4
0
6
2
0
0
0
4
2
0
0
0
2
2
4
4
0
0
2
0
4
0
2
6
2
0
4
2
8
2
2
0
0
6
2
0
0
0
0
0
0
2
2
4
0
0
2
6
0
4
2
0
2
2
8
2
4
0
2
0
0
2
0
2
0
4
4
4
0
2
2
4
2
0
2
2
0
2
4
0
0
0
0
0
0
0
0
2
0
2
8
6
0
6
2
2
2
2
2
0
0
2
0
0
0
6
4
2
0
4
2
2
0
4
4
2
4
2
2
4
2
0
0
6
2
2
6
4
2
4
6
0
0
42
25
39
37
36
46
24
31
23
34
17
29
16
30
27
14
37
24
26
23
33
21
35
27
26
49
27
23
57
37
25
45
30
23
24
31
40
34
27
19
37
27
23
23
23
25
19
17
29
21
36
31
38
34
22
22
37
28
23
32
29
27
40
36
27
32
31
21
24
31
29
29
24
30
26
35
31
30
18
22
28
22
26
33
33
22
24
29
24
17
32
21
24
13
20
18
18
23
27
26
22
22
21
31
39
40
20
16
25
23
29
35
22
46
33
46
28
30
20
23
26
30
29
25
17
17
27
28
35
39
21
20
25
29
25
29
23
26
39
27
24
21
19
23
28
28
28
23
28
19
42
38
25
23
30
26
38
41
36
25
32
45
33
46
39
24
21
43
46
32
44
22
30
42
19
34
47
25
30
30
33
30
40
51
35
28
58
47
46
22
29
48
46
44
31
23
24
26
18
58
40
45
38
37
43
38
40
45
50
44
35
85
24
28
55
52
33
47
60
32
33
29
33
24
27
22
43
52
50
72
63
51
36
28
37
30
20
30
19
24
33
43
32
22
22
32
22
32
49
18
47
24
20
34
31
31
30
45
32
26
33
24
21
45
28
13
43
51
19
36
56
38
34
31
49
40
30
80
40
47
39
47
64
43
45
48
44
36
6
4
6
2
4
4
4
6
4
6
2
6
6
2
4
8
2
2
2
6
0
2
4
6
2
2
8
0
2
2
6
8
2
0
8
6
4
2
4
4
0
6
6
8
4
6
6
2
4
0
6
6
4
4
4
4
2
0
4
2
2
2
4
10
4
4
4
8
6
4
2
6
2
2
4
2
0
2
6
6
4
6
8
6
4
14
8
2
4
12
2
4
4
4
8
4
8
6
4
2
6
4
6
6
8
2
4
4
10
8
4
0
4
4
6
0
10
4
2
0
8
6
4
6
4
2
0
6
2
2
4
6
4
2
2
2
4
2
4
4
6
2
4
2
4
4
6
4
4
4
2
6
6
4
2
6
4
0
4
6
2
4
4
10
2
4
2
4
6
2
6
4
8
8
2
2
6
6
8
2
0
4
4
0
2
10
6
4
2
6
2
2
10
4
2
0
4
6
2
2
4
4
2
0
4
0
6
2
2
4
2
4
10
4
2
4
6
0
2
12
2
4
4
12
2
2
6
4
2
2
2
4
4
2
2
12
6
0
4
4
6
2
10
6
0
4
6
0
0
2
6
2
2
2
8
2
6
4
6
4
2
4
8
2
2
4
8
6
2
16
2
4
4
4
4
2
4
6
2
4
6
6
6
10
2
4
0
4
10
8
6
9
17
9
8
4
12
13
10
11
6
8
17
13
13
10
12
12
6
13
8
8
15
15
6
8
12
15
12
15
15
17
8
8
13
10
12
8
12
17
12
17
15
10
10
12
6
8
6
6
6
12
11
12
12
8
10
15
15
6
15
12
17
11
13
8
8
13
11
6
12
19
8
8
13
8
13
15
10
11
8
13
15
12
8
10
19
48
10
12
13
19
21
15
17
13
13
10
15
15
11
6
12
17
23
13
13
11
17
10
12
15
19
10
11
10
15
13
19
13
15
17
10
10
8
15
12
12
15
27
15
15
15
13
13
17
25
29
10
23
8
10
21
13
13
17
15
29
10
11
23
15
21
13
8
6
21
29
25
12
13
17
10
21
13
8
23
13
25
10
25
23
8
15
21
8
17
13
19
25
17
23
17
19
17
29
21
15
6
11
25
13
17
8
10
17
21
15
13
15
6
19
17
17
12
17
15
17
6
17
6
15
23
13
8
17
17
10
25
12
8
17
10
17
15
11
13
10
21
8
48
12
17
8
17
19
19
13
6
15
15
21
10
15
15
13
15
17
23
15
6
11
15
6
11
8
6
8
6
12
10
8
12
21
13
10
8
12
13
15
10
10
12
15
8
12
15
10
10
13
11
19
6
10
8
21
28
13
8
23
19
25
21
13
25
21
7
11
32
9
0
0
0
0
0
0
0
0
0
0
0
0
0
0
0
0
0
0
0
0
0
0
6
6
41
21
6
15
13
17
15
29
19
9
26
9
6
11
22
15
9
13
11
19
20
19
15
6
4
21
15
17
10
6
9
10
30
36
7
14
4
19
24
21
24
13
11
13
39
13
33
6
17
6
22
9
9
19
7
12
2
9
9
6
6
11
8
6
6
4
8
19
7
9
32
9
7
15
4
15
8
10
6
8
11
21
16
6
13
15
6
47
0
9
5
17
7
6
19
4
2
7
9
4
17
4
7
7
13
2
13
8
6
11
2
22
5
24
5
17
11
2
4
19
45
48
8
11
2
2
11
9
10
8
8
10
9
26
6
29
13
4
48
13
38
13
9
7
13
30
20
11
15
2
21
11
7
10
4
13
5
10
13
9
2
16
8
6
37
13
11
5
35
34
37
9
13
4
26
28
8
11
39
6
4
15
6
8
7
15
9
13
13
17
6
13
4
15
6
6
6
6
13
5
13
22
24
5
6
15
8
19
4
6
28
6
15
22
8
13
11
8
17
22
6
6
6
28
13
6
11
10
0
10
11
15
4
21
19
7
26
6
20
6
10
8
4
15
13
4
11
15
22
18
8
4
11
12
10
6
10
8
6
8
12
8
4
12
11
6
13
4
10
13
12
10
8
4
7
11
9
8
8
8
2
6
14
6
4
6
6
9
11
8
8
8
12
15
10
6
12
6
6
11
11
8
8
12
8
10
17
6
8
8
2
11
9
6
10
2
6
4
8
2
6
6
8
9
9
12
4
12
8
6
17
21
14
13
9
15
11
12
12
10
12
12
10
23
6
7
14
14
11
8
6
8
17
10
12
12
16
8
15
17
14
21
10
10
6
8
12
4
13
9
13
4
6
6
15
12
11
10
12
16
6
13
13
19
17
12
17
17
13
98
8
10
4
10
9
13
8
8
14
6
4
13
8
9
10
6
25
13
4
4
12
4
6
6
8
4
10
10
12
10
9
8
10
8
8
6
11
8
8
12
8
15
14
8
12
6
15
8
10
13
10
12
12
14
13
15
14
8
8
12
12
14
15
15
21
11
6
4
6
10
17
8
16
10
8
12
13
21
9
10
8
10
4
8
6
8
8
8
10
11
15
14
10
6
10
21
13
6
6
13
15
13
15
8
12
4
10
10
12
8
6
6
9
7
13
7
6
15
13
5
11
9
7
7
15
9
30
11
11
9
17
11
8
6
6
8
25
11
18
77
6
4
10
10
19
7
6
8
