4
3
6
4
8
5
7
5
5
4
4
5
4
2
5
3
2
4
5
4
3
5
5
2
3
5
4
5
3
5
5
8
6
4
5
7
2
5
5
4
5
5
5
5
3
5
5
7
4
3
5
6
3
4
5
5
4
7
6
2
7
4
5
2
5
3
5
5
0
7
5
4
5
5
5
5
7
5
4
7
7
4
5
2
5
3
7
5
6
4
5
7
5
7
5
4
5
4
4
5
5
4
7
7
5
2
5
5
5
5
5
5
3
7
3
3
5
5
5
3
3
6
5
7
3
5
5
5
5
7
5
7
7
7
3
6
6
5
5
6
4
5
3
5
5
6
3
3
6
5
5
5
3
5
5
3
5
5
4
3
5
6
3
5
5
6
3
6
5
3
6
5
5
7
3
7
4
5
7
7
18
7
5
7
5
5
6
7
5
5
7
4
5
6
8
5
7
7
5
6
5
3
5
8
2
5
3
7
6
6
5
5
6
7
3
5
5
7
5
8
4
4
7
5
5
5
5
5
5
6
5
3
5
5
7
5
5
3
5
3
5
5
5
7
7
7
5
7
3
4
6
5
7
4
5
5
5
5
4
7
3
3
5
7
4
8
5
7
7
7
7
5
5
5
6
4
5
3
7
3
4
2
4
5
7
4
7
5
6
0
4
6
2
2
2
0
0
0
2
2
4
0
4
0
4
8
2
12
4
0
2
2
0
4
0
4
2
2
0
0
4
6
2
0
0
0
0
0
0
4
4
2
0
0
0
4
0
4
2
2
2
4
8
2
8
2
4
2
0
2
0
0
0
2
2
0
4
2
4
4
0
0
2
2
0
2
2
0
2
2
0
2
2
0
0
2
8
0
0
0
0
2
6
0
0
2
2
4
4
0
0
2
0
2
2
4
2
2
2
2
4
2
4
2
0
6
4
0
0
4
6
4
2
0
6
2
2
4
4
4
0
4
4
0
4
0
6
0
2
0
8
2
0
94
0
2
4
4
2
0
0
0
0
0
6
2
4
2
0
2
6
0
0
0
2
2
0
0
8
2
0
4
0
0
0
2
2
2
0
4
2
4
0
0
0
2
0
8
4
0
0
2
6
0
2
6
0
2
4
6
0
2
2
2
0
2
2
2
4
2
0
4
0
0
2
4
2
4
0
6
2
0
0
4
6
2
0
0
4
6
4
0
4
2
0
4
4
0
2
4
0
2
6
2
6
2
6
2
2
0
4
0
0
2
4
0
0
2
4
6
6
4
2
4
2
2
0
0
0
2
2
2
2
2
4
2
4
4
2
4
2
0
2
2
0
0
2
13
2
0
2
0
2
3
2
0
4
2
0
2
4
2
0
2
0
1
2
0
7
2
2
0
4
2
2
0
2
0
2
4
2
2
0
4
2
2
2
0
3
2
0
7
0
2
0
2
2
2
0
4
2
3
2
2
2
3
1
0
0
2
0
2
3
2
2
2
2
2
1
2
0
2
2
7
2
1
2
0
0
2
1
1
2
4
2
4
0
2
0
0
2
2
4
3
2
5
0
0
2
2
2
0
2
0
2
0
2
2
4
1
1
2
5
1
1
0
2
2
2
5
4
5
5
1
2
12
10
4
2
4
0
2
4
0
0
0
4
1
4
0
2
4
2
1
1
3
5
0
0
2
0
2
2
0
2
0
2
2
2
2
1
0
0
5
0
2
0
0
1
1
1
1
2
2
2
2
1
0
0
4
2
2
2
1
9
0
2
2
2
2
1
4
5
5
9
7
2
1
2
4
4
2
2
2
5
2
6
10
0
2
2
2
3
1
2
2
2
2
9
0
2
2
0
2
4
2
2
2
3
7
4
6
1
15
4
0
10
0
0
2
2
0
0
7
0
2
1
1
0
2
1
0
4
2
2
1
0
0
2
5
0
2
4
0
2
2
2
1
8
1
0
3
2
2
1
4
1
2
2
1
2
1
6
0
9
9
0
0
11
7
4
7
8
9
6
9
7
7
0
7
5
7
4
0
7
4
0
0
5
5
7
7
5
9
0
11
8
9
0
7
7
7
0
6
9
9
11
0
11
3
14
9
7
4
7
7
5
7
9
9
11
0
9
12
5
0
5
8
7
0
5
5
11
0
11
5
15
9
6
0
7
0
12
7
7
0
9
11
6
9
9
0
0
4
11
0
0
8
14
0
6
13
9
0
0
13
5
0
0
7
9
0
0
7
15
0
0
9
13
0
0
13
13
0
0
0
0
0
7
6
0
0
8
4
7
0
7
7
2
0
0
0
0
0
0
0
0
0
0
0
0
0
0
0
0
0
0
0
0
0
13
6
0
0
0
5
0
8
7
4
0
6
11
9
8
5
7
0
0
8
0
0
0
0
0
0
6
0
0
0
0
0
0
0
0
6
0
6
0
13
0
7
0
5
0
6
0
9
0
6
0
19
0
8
4
7
0
4
0
11
0
7
0
8
0
9
7
0
9
13
0
9
15
13
6
9
6
0
5
0
23
0
6
0
8
0
6
0
8
0
13
4
0
0
9
9
0
0
9
9
0
0
4
9
7
0
28
17
7
6
9
11
4
9
11
6
7
9
9
9
0
9
13
4
0
0
15
17
0
0
19
9
0
0
2
0
4
6
0
8
4
0
4
6
7
4
2
2
4
0
6
0
0
2
6
0
2
0
6
4
6
6
4
0
0
2
0
0
0
0
0
0
0
4
0
4
2
0
0
10
6
0
2
0
2
8
0
2
7
0
0
4
0
2
6
0
0
4
0
0
2
2
0
0
2
4
2
6
6
13
2
0
4
0
6
0
0
8
8
0
0
2
4
0
6
2
2
2
0
4
0
0
0
8
2
4
4
0
10
6
0
0
0
2
8
2
0
6
4
8
2
0
9
2
0
0
2
4
2
0
0
0
0
2
0
6
0
0
8
4
4
85
0
6
6
2
63
10
0
0
0
6
2
4
2
6
0
0
0
0
2
6
6
8
0
0
0
4
4
10
2
2
2
6
4
0
0
0
0
8
0
10
7
10
0
4
0
4
0
4
0
0
2
2
2
0
6
0
2
4
6
6
4
8
2
4
0
0
2
4
0
0
0
6
0
0
0
4
0
0
6
2
86
0
6
0
0
4
6
2
7
2
0
6
4
6
6
8
0
6
6
0
2
6
0
0
6
0
0
4
2
93
4
2
2
4
12
0
0
6
6
6
0
4
6
0
0
0
2
6
2
0
0
2
8
6
4
4
4
0
4
6
4
4
4
4
4
86
34
4
36
37
29
37
31
24
29
30
25
33
35
33
30
31
33
29
34
32
28
29
24
24
28
37
35
37
33
34
32
29
29
26
29
20
36
33
22
35
29
35
29
35
27
10
20
33
31
29
35
31
37
36
31
36
35
11
25
29
29
32
35
32
27
36
35
23
31
19
34
36
33
30
26
31
37
34
36
33
27
37
24
35
35
34
36
33
30
35
36
19
30
36
36
36
35
25
34
36
35
36
31
33
31
18
24
36
35
34
31
34
27
35
37
24
18
34
34
35
31
35
18
34
34
31
33
34
20
22
33
33
34
34
29
35
32
35
35
17
27
22
37
32
23
37
31
36
36
32
36
32
12
19
33
31
27
31
34
31
34
27
34
24
27
31
31
37
32
31
30
35
29
36
34
30
14
31
31
36
31
31
35
32
35
35
35
20
26
34
27
36
31
35
30
23
34
37
27
35
26
17
33
26
36
30
28
36
36
36
35
22
25
22
24
36
21
36
32
32
34
32
30
27
27
27
32
35
26
36
29
36
32
31
31
35
11
30
30
37
27
36
29
35
37
31
21
26
20
22
31
33
35
31
35
32
31
31
30
30
23
27
33
30
34
35
29
30
36
31
35
18
35
24
29
32
30
32
35
36
35
31
21
31
28
27
36
35
35
36
18
13
6
14
10
8
8
10
10
18
6
10
10
10
8
4
14
16
8
6
12
6
10
10
8
10
8
12
10
10
12
10
22
14
10
6
10
6
10
14
16
16
12
10
12
16
12
6
14
8
12
16
18
12
4
12
8
6
12
14
12
12
18
8
10
16
8
12
10
18
8
10
10
18
24
8
6
8
8
14
12
16
10
14
10
12
22
20
23
18
8
10
10
10
14
20
10
10
12
10
8
18
18
22
26
18
14
20
8
14
22
20
16
22
8
10
20
21
18
12
18
6
24
22
12
12
4
18
12
22
26
12
16
14
4
6
20
8
16
25
27
20
12
10
20
31
10
31
27
8
21
6
10
18
8
18
16
27
8
22
8
18
6
23
20
14
18
18
16
22
14
10
16
22
4
14
20
12
10
16
8
19
23
18
12
12
22
20
12
31
31
20
23
12
10
20
16
12
12
6
6
12
6
8
8
16
14
12
12
14
24
8
14
6
22
22
8
12
12
4
22
10
12
4
16
8
6
8
14
10
12
14
10
6
12
12
29
14
12
8
12
10
12
8
8
8
10
6
22
10
10
18
16
8
6
6
8
12
14
6
18
10
14
16
8
10
6
20
8
14
14
10
10
12
8
14
12
6
12
8
14
26
20
10
10
6
20
14
1
4
10
9
0
0
6
9
9
0
5
1
2
0
2
9
9
7
12
3
0
8
0
8
0
3
0
0
0
4
7
7
7
4
9
0
0
5
0
11
12
15
0
12
13
0
7
0
6
0
7
9
11
5
15
9
10
9
0
0
0
6
0
1
0
0
11
12
13
0
25
5
9
9
9
17
21
0
26
19
6
10
13
0
8
0
0
9
13
0
13
1
17
11
11
0
0
7
1
11
12
0
15
6
14
0
6
7
3
0
11
6
13
9
11
11
10
12
5
2
6
0
7
0
11
51
19
9
17
10
3
7
5
4
5
10
0
8
17
16
7
5
7
6
1
6
15
0
7
20
21
20
12
15
0
6
1
7
0
10
1
0
13
16
11
0
10
7
1
0
18
6
12
0
14
12
15
2
5
5
6
0
10
13
27
0
2
11
0
8
17
5
8
0
11
13
10
22
27
12
1
11
10
9
0
7
0
0
7
23
14
10
11
17
14
6
6
8
0
41
8
54
18
42
10
20
8
0
7
8
10
18
9
18
18
12
10
20
6
8
0
7
14
0
10
0
3
0
6
13
12
0
0
32
16
9
8
24
10
21
19
9
12
6
7
15
9
0
19
0
17
22
34
18
9
8
1
0
18
19
0
33
34
24
5
8
14
7
7
7
15
5
9
11
11
19
9
9
13
9
17
11
5
11
13
13
11
7
9
13
11
15
5
7
5
5
7
3
9
9
13
13
11
21
11
9
7
11
5
11
21
31
15
15
9
15
9
15
9
13
19
5
3
21
13
17
17
17
13
11
23
17
13
13
9
9
9
9
19
33
11
19
23
17
13
25
19
11
25
9
15
19
11
13
13
13
11
15
11
17
11
15
35
15
9
31
23
17
33
23
25
19
15
17
15
21
33
23
33
21
27
21
15
11
27
13
21
25
3
17
17
44
21
33
11
45
27
29
19
47
29
25
7
15
23
15
13
27
23
19
31
15
15
17
29
2
15
43
11
19
19
31
15
17
17
17
31
11
25
17
19
17
21
27
11
19
15
17
29
37
35
23
23
15
5
27
44
35
31
21
31
15
37
19
48
40
42
11
56
35
46
37
13
39
17
17
36
13
39
44
13
48
19
46
29
25
7
43
29
56
13
25
15
13
31
46
52
29
19
9
21
56
35
29
17
19
41
29
23
52
17
21
50
19
13
19
35
42
19
21
42
52
33
27
23
62
42
25
38
42
56
21
19
23
11
33
11
35
25
33
29
13
29
7
19
11
25
11
17
25
13
21
9
25
13
7
7
11
11
7
5
29
21
7
7
11
30
78
0
0
0
0
0
39
32
0
31
26
42
0
0
0
0
0
0
32
26
46
30
22
24
0
0
0
0
0
0
15
18
0
30
29
2
0
0
0
0
0
0
20
22
26
5
31
72
27
0
0
0
0
0
2
18
3
2
21
50
79
0
0
0
0
0
0
23
33
28
10
31
0
0
0
0
0
0
30
32
27
19
24
40
0
0
0
0
0
2
44
30
18
36
26
0
48
0
0
0
0
0
27
28
25
30
27
53
67
0
0
0
0
0
33
67
0
37
17
28
69
0
0
0
0
0
9
3
18
34
31
45
0
0
0
0
0
0
23
7
26
32
21
39
0
0
0
0
2
0
29
25
24
12
2
51
72
0
0
0
0
0
35
36
29
2
19
24
41
86
0
0
0
0
0
1
23
0
22
0
0
0
0
0
0
0
23
25
2
27
30
24
46
0
0
0
0
0
25
23
2
26
28
31
0
78
0
0
0
0
30
17
0
31
17
15
0
0
0
0
0
0
48
23
0
30
12
0
23
0
0
0
0
0
23
12
0
16
15
8
21
21
24
24
29
25
18
25
2
14
35
11
0
12
12
18
0
33
23
11
12
19
26
0
0
19
17
0
14
29
25
27
12
26
17
25
18
32
4
14
23
35
22
40
34
30
0
