0
0
2
29
0
0
10
2
2
2
2
0
8
2
0
0
2
4
31
12
4
8
0
4
0
2
2
0
0
0
14
0
2
2
2
17
4
0
2
21
8
0
0
0
0
2
2
78
0
2
4
2
8
14
0
0
0
4
2
10
2
0
56
6
0
2
2
0
14
6
6
4
15
0
16
4
6
6
2
0
0
4
6
2
6
2
6
14
2
17
17
2
10
19
2
14
6
8
0
10
4
2
8
8
2
6
8
4
2
2
10
0
0
0
4
6
10
14
0
6
2
14
0
2
4
2
0
2
0
4
12
6
8
10
0
0
10
2
2
8
0
4
4
2
6
6
6
6
0
10
4
8
37
4
6
8
4
4
17
12
0
4
10
2
19
4
0
0
10
27
0
0
0
2
2
31
4
6
4
21
4
2
6
2
6
0
10
4
2
0
0
0
18
2
2
0
2
14
4
8
0
6
0
6
10
0
30
0
4
4
19
0
4
2
8
4
23
4
0
4
4
92
4
6
6
4
0
11
0
2
0
2
0
0
2
2
8
2
14
6
6
4
2
0
8
0
23
0
2
0
8
6
27
8
2
0
6
2
2
4
14
0
0
4
2
2
6
23
0
4
4
4
2
0
2
10
8
0
8
0
4
4
0
4
6
0
4
2
3
0
1
7
0
3
0
7
1
0
1
5
0
1
3
75
0
0
0
0
5
3
0
1
1
5
3
3
1
1
0
24
5
3
3
1
1
0
1
3
1
1
1
3
0
3
0
3
1
1
0
0
0
1
3
5
0
7
3
1
3
16
5
0
1
0
3
63
3
1
65
3
3
5
1
9
33
5
5
57
3
4
3
0
3
1
0
1
0
3
1
0
0
60
1
5
60
0
0
3
7
3
1
3
1
7
1
25
5
0
0
0
3
3
0
0
0
0
5
1
7
6
3
0
3
5
1
0
1
1
0
1
0
1
3
5
3
56
3
0
23
10
1
55
0
0
1
5
0
0
3
58
1
5
3
0
0
3
5
1
61
0
3
0
1
25
1
5
3
0
5
42
1
5
3
1
5
5
0
3
0
3
3
3
0
0
3
5
3
0
0
19
7
8
7
0
0
1
0
5
5
0
1
1
0
5
5
3
1
1
0
3
0
3
3
0
7
3
19
3
3
1
6
89
3
3
0
3
5
3
1
9
59
1
3
0
0
0
1
1
1
3
1
0
0
7
1
22
0
1
65
3
3
3
9
3
0
1
3
0
7
3
0
5
0
49
1
3
7
9
7
3
3
3
3
3
6
3
3
0
1
6
3
0
51
0
5
5
0
0
2
0
2
2
0
0
2
2
2
0
2
0
0
2
4
6
0
4
4
2
4
2
0
0
0
0
2
93
0
2
0
15
2
0
2
0
0
2
0
2
0
0
2
2
2
0
2
0
6
0
2
4
0
0
0
2
4
2
0
2
4
0
6
2
0
0
0
6
2
0
0
2
2
4
4
0
2
4
0
2
0
2
2
2
0
0
0
2
4
2
2
2
2
2
0
0
0
0
2
0
2
2
2
2
4
2
4
0
2
2
6
4
4
2
0
0
6
0
8
2
0
2
0
2
4
0
2
0
0
0
0
0
0
2
0
91
2
2
4
4
0
0
4
0
0
2
0
0
6
4
0
2
4
0
4
0
2
0
2
64
2
2
0
0
0
4
0
2
0
0
0
0
2
4
0
0
0
0
0
4
0
0
2
0
2
0
0
0
0
2
4
2
4
0
4
2
0
4
0
0
2
4
0
2
2
0
2
84
4
0
2
4
2
2
2
0
0
0
0
2
0
0
6
2
2
2
0
2
0
0
0
6
2
0
6
2
2
2
4
0
0
0
0
0
0
2
0
4
2
2
19
40
4
2
6
4
0
0
0
2
0
2
0
0
0
0
2
0
11
2
2
4
2
2
2
0
82
0
9
4
0
2
2
6
0
4
4
5
0
12
7
2
5
5
2
7
7
4
5
1
4
11
2
5
6
4
6
5
0
4
8
3
7
4
5
8
7
6
0
7
12
15
7
11
18
6
12
8
12
7
12
11
18
5
7
4
4
4
1
4
4
2
10
5
8
8
14
14
6
9
27
17
4
6
6
3
7
2
16
12
9
3
7
2
12
6
17
3
9
14
12
8
7
4
30
5
3
4
3
12
11
7
10
11
6
12
14
5
10
13
8
13
6
7
12
16
10
8
7
9
6
4
39
8
17
9
17
20
13
15
8
9
7
6
20
14
9
6
8
16
13
15
14
10
17
9
19
12
4
16
8
3
9
10
13
3
11
10
14
11
19
9
6
4
14
14
7
13
2
4
10
10
7
3
15
6
4
11
14
8
6
5
5
4
1
8
2
7
8
16
10
9
9
8
8
6
0
6
3
9
17
13
17
1
4
14
14
7
13
2
9
11
12
9
1
5
8
17
5
6
7
2
11
9
8
13
3
5
7
13
2
2
9
12
2
9
6
4
2
2
6
2
4
10
4
10
4
17
10
8
3
2
12
5
0
2
4
0
9
3
8
2
0
3
3
8
3
2
4
4
5
2
10
7
5
10
3
2
13
2
5
3
11
3
2
9
6
12
5
7
0
5
7
4
12
6
8
6
11
17
17
17
11
10
15
6
14
13
37
12
8
10
6
10
13
19
6
8
8
8
8
13
10
11
8
10
13
8
12
12
4
12
8
8
10
10
6
4
19
10
6
12
19
21
8
6
15
13
6
14
8
14
10
13
6
8
8
17
14
12
10
13
12
10
15
10
13
17
4
6
12
4
4
10
10
9
4
8
10
15
6
14
12
10
6
4
12
12
8
10
12
10
12
4
19
11
10
15
10
29
8
12
15
17
12
5
23
14
14
12
29
25
4
25
17
21
29
12
21
6
8
10
8
6
8
23
12
13
11
6
12
12
8
10
6
15
12
6
10
23
29
19
9
6
10
12
8
4
2
10
10
6
58
8
10
19
10
6
4
21
6
6
13
8
10
14
6
8
2
19
8
6
8
15
10
6
10
8
8
10
14
10
12
10
4
6
2
10
4
2
4
8
4
12
6
15
6
6
6
15
10
10
14
4
8
13
4
10
6
10
6
10
13
8
13
10
19
8
14
12
15
12
21
8
10
23
21
8
17
25
12
19
13
15
10
12
29
14
19
19
8
25
21
8
19
4
6
8
25
12
19
2
6
19
17
12
62
21
17
9
27
8
15
15
21
21
17
10
12
8
25
17
21
12
15
6
10
8
6
12
8
8
25
5
30
13
12
18
21
8
27
9
23
5
16
15
19
14
19
17
23
17
23
8
37
21
23
19
17
14
21
23
16
27
27
30
24
18
17
16
24
12
26
18
16
12
13
12
15
27
13
14
8
30
8
19
17
13
20
22
23
24
20
16
17
28
19
23
30
23
16
38
18
30
21
18
26
21
21
33
30
19
23
25
25
31
27
23
22
25
20
32
29
26
32
20
34
26
24
25
30
33
27
23
23
33
36
20
25
24
24
29
19
40
37
21
25
34
35
42
26
19
30
25
27
20
25
31
17
28
24
22
30
20
20
21
19
15
32
23
26
28
26
24
25
28
25
31
27
23
37
24
20
38
37
15
23
31
12
36
27
19
21
27
15
27
28
12
35
15
28
25
34
16
28
18
24
31
24
36
17
34
26
29
32
27
26
16
38
10
28
23
28
19
17
19
32
18
22
15
5
31
23
16
24
24
28
21
25
19
15
34
38
30
27
12
23
45
22
15
29
20
25
21
22
18
22
22
25
29
26
24
26
26
19
25
15
22
26
27
13
20
19
25
24
23
34
37
25
25
39
26
27
20
23
26
27
20
30
24
39
29
23
29
26
21
32
24
33
21
22
13
16
19
22
29
22
9
26
30
27
29
39
26
16
25
25
28
24
28
2
0
2
0
2
2
0
2
0
2
0
0
0
2
0
0
2
2
0
6
4
0
0
0
2
0
0
0
0
0
0
2
2
0
0
2
0
0
2
0
1
0
4
4
1
2
1
6
0
0
8
2
2
0
2
0
2
0
4
2
0
1
0
0
2
2
2
2
2
4
0
2
0
0
2
0
2
2
0
0
4
1
0
0
2
4
2
0
0
2
2
2
0
2
2
2
0
0
0
2
2
1
0
2
0
2
2
0
0
0
0
2
0
0
0
2
0
2
2
0
0
2
0
2
0
0
2
4
2
2
2
0
2
0
1
7
2
0
0
0
2
0
2
4
2
0
0
2
2
2
2
0
3
0
0
2
1
0
0
2
1
0
1
0
2
0
1
2
0
0
0
2
0
0
0
0
0
0
2
2
1
0
0
2
2
0
2
2
0
0
1
0
0
1
0
1
0
2
4
2
2
0
2
2
1
4
0
0
4
2
4
0
2
2
0
0
2
2
1
3
1
0
2
0
2
0
0
2
2
2
2
2
0
2
0
2
4
2
0
2
2
1
0
2
0
2
0
2
2
0
2
2
2
1
2
2
2
0
2
2
1
0
6
2
2
1
2
0
2
1
0
2
2
2
0
0
0
0
0
0
1
2
2
1
2
0
0
0
22
24
15
18
15
17
17
33
28
15
35
34
20
8
36
24
23
36
40
27
31
20
39
38
23
34
27
28
30
14
13
15
21
24
12
16
19
27
38
10
17
14
20
33
30
34
24
21
15
20
28
14
15
13
25
10
12
37
25
42
15
34
27
34
42
9
36
0
27
41
27
29
20
12
20
19
14
16
21
16
18
40
36
23
25
17
29
18
20
8
24
22
15
36
35
16
21
19
21
31
21
17
10
28
30
27
22
32
23
40
0
42
35
39
27
16
21
17
16
25
33
28
14
25
16
24
15
43
33
0
30
17
19
9
23
17
16
27
38
29
21
36
23
25
20
21
29
21
1
17
26
28
0
34
35
37
25
22
25
19
42
3
31
30
0
57
24
25
79
33
18
19
31
0
17
55
45
46
56
0
27
45
29
54
17
56
34
0
30
20
50
21
51
35
44
28
30
24
40
47
40
46
58
13
16
28
24
50
75
49
21
38
30
47
35
22
39
15
29
28
39
40
23
47
33
12
57
37
78
71
43
0
56
72
69
14
40
28
49
12
29
49
28
30
12
3
22
17
46
17
31
43
17
60
47
64
81
40
26
45
51
44
13
14
28
15
26
54
27
27
42
33
12
0
0
0
0
0
0
0
0
0
0
0
0
0
0
0
15
4
2
6
2
2
6
6
4
10
0
4
6
4
11
6
4
17
8
2
2
2
6
6
4
8
2
4
4
2
4
8
2
10
2
6
15
10
4
11
6
4
6
6
10
6
4
6
4
12
11
2
6
2
0
6
9
0
9
19
4
4
2
25
16
13
12
4
9
10
12
10
4
10
2
4
11
13
6
2
4
8
11
0
4
4
2
4
15
3
2
10
6
8
8
2
6
2
12
4
16
4
13
2
4
6
2
8
8
4
19
21
15
8
4
6
4
4
4
6
4
2
8
4
4
6
12
2
4
13
6
6
8
2
4
6
2
2
0
4
8
2
9
6
6
0
17
4
2
2
15
10
0
6
0
2
2
15
4
4
4
6
12
2
4
11
14
8
12
6
13
6
13
4
6
12
10
8
4
4
2
4
6
4
4
0
11
2
4
4
6
0
8
4
8
15
8
2
4
8
10
2
8
4
4
8
4
8
13
4
6
6
10
8
4
6
8
10
6
6
2
13
6
4
11
5
2
8
8
4
8
10
8
6
4
6
13
6
6
8
4
4
6
5
12
15
8
16
6
8
10
8
6
6
6
4
4
5
6
6
8
6
6
6
9
6
15
4
15
4
3
8
11
4
14
6
0
8
8
4
2
4
8
6
8
8
13
6
4
8
6
10
7
93
7
8
4
7
6
7
2
4
8
0
6
8
4
6
4
8
4
8
6
2
6
8
6
6
6
6
8
11
6
4
2
17
6
8
8
2
2
0
15
0
4
4
9
7
2
7
4
6
2
6
4
61
6
10
5
4
4
6
4
2
2
0
2
8
0
4
0
4
72
2
2
2
6
2
4
4
6
4
2
2
6
2
2
6
7
8
0
8
6
4
0
4
4
2
8
7
4
0
2
6
4
8
2
6
6
2
4
2
6
4
2
10
6
6
7
15
4
2
2
6
8
6
6
6
51
10
8
10
2
2
6
5
2
6
4
2
0
2
4
4
10
6
6
4
4
10
7
2
6
6
2
2
6
4
6
4
0
6
4
6
6
11
2
2
0
58
7
8
6
6
15
5
4
2
2
5
7
9
4
76
4
4
4
2
4
2
4
6
8
4
7
12
8
11
4
5
8
6
2
6
6
6
6
10
6
6
0
6
89
4
2
2
0
0
7
9
2
4
0
10
2
8
10
6
0
4
6
6
6
2
4
2
2
8
2
6
8
6
8
0
4
5
2
0
2
4
3
4
4
6
2
7
2
10
8
4
9
71
4
2
5
4
4
2
4
2
6
8
3
2
6
6
4
0
9
2
6
2
2
4
4
5
