2
2
2
2
0
0
0
4
2
2
0
2
0
0
2
2
4
0
4
4
2
0
2
4
2
0
0
4
0
2
0
2
2
4
2
4
2
0
0
0
2
0
0
4
4
0
2
0
4
0
4
4
6
0
4
2
2
2
4
2
4
2
4
10
0
2
6
2
2
2
8
6
0
0
4
2
6
2
2
6
2
6
2
4
2
4
6
2
6
0
2
2
6
0
4
0
0
4
2
6
4
2
0
4
2
0
4
0
2
2
4
2
4
0
2
2
2
4
2
6
0
2
0
4
2
2
6
0
2
0
0
2
4
6
0
0
2
2
0
2
2
2
2
0
0
2
4
6
2
4
2
2
2
0
4
4
4
2
2
4
4
4
4
8
2
2
4
4
2
2
2
0
2
2
2
4
2
0
2
2
2
2
2
2
4
2
0
2
0
0
4
2
2
4
4
4
2
0
2
2
4
4
2
2
0
2
6
2
6
6
19
0
4
4
0
2
2
4
0
0
2
2
4
2
8
0
4
2
2
4
2
0
2
2
2
4
0
0
2
2
4
2
0
6
2
2
4
4
2
4
2
2
0
2
2
2
2
0
2
2
4
4
2
4
0
2
4
4
10
6
2
2
2
2
2
0
0
2
4
2
4
0
0
4
0
4
0
2
13
13
9
11
15
9
11
17
13
7
13
13
13
11
11
13
9
15
11
13
37
19
19
17
13
11
17
11
9
5
13
13
23
11
11
13
19
15
9
11
13
11
9
11
11
13
13
7
11
9
7
17
15
27
13
9
13
13
7
15
7
13
9
11
19
19
13
9
13
13
13
13
9
9
11
17
13
13
9
11
15
9
11
13
11
21
15
11
13
13
13
11
15
11
9
13
21
9
13
9
11
9
27
9
13
15
11
13
9
11
2
13
3
11
9
11
13
19
15
11
11
13
9
15
13
9
27
11
13
9
13
13
11
11
13
11
13
9
25
13
7
13
13
9
9
11
11
13
13
11
3
11
15
5
11
13
11
11
11
9
9
5
13
23
15
9
15
11
13
7
13
13
13
9
11
9
11
11
11
13
13
13
11
13
15
13
11
13
15
11
17
9
15
11
9
11
23
11
19
9
13
13
11
11
13
11
15
19
9
11
11
11
15
13
25
11
13
11
11
11
11
13
13
9
13
7
11
11
11
11
13
11
11
9
9
15
5
13
11
11
11
9
17
11
15
5
11
15
9
11
13
13
11
15
2
9
5
15
11
9
7
9
23
11
13
15
11
11
5
15
11
13
13
13
7
11
9
13
13
11
11
11
11
7
11
11
13
27
1
36
2
2
4
1
4
19
0
0
2
0
4
29
9
2
4
5
2
4
10
5
3
4
4
0
6
6
3
3
6
4
4
10
3
2
2
17
6
59
2
2
4
2
59
16
2
4
4
2
2
6
2
4
9
10
0
4
3
4
2
42
4
0
2
2
18
17
3
3
5
3
3
6
2
1
6
2
0
2
2
3
4
0
3
5
5
2
5
6
7
0
5
4
2
43
2
6
2
3
5
2
43
3
9
2
4
12
3
25
21
2
2
1
6
14
7
59
3
4
2
3
2
1
6
1
4
2
2
13
9
14
2
4
0
0
14
4
7
20
2
4
2
3
5
7
4
2
2
2
4
2
2
3
4
2
7
4
0
5
4
4
7
26
49
5
2
66
5
6
8
7
2
4
2
7
8
4
5
7
2
6
5
4
2
2
6
2
5
4
2
2
10
4
5
7
2
0
7
9
2
6
5
32
0
2
83
32
2
4
8
6
3
8
6
2
43
18
5
2
2
2
0
14
4
4
2
19
1
1
2
6
6
2
0
3
28
1
4
2
36
7
2
2
4
4
2
1
3
8
7
32
4
2
2
2
19
3
2
40
2
24
2
24
6
0
2
3
2
16
0
12
1
2
14
4
4
4
8
2
1
1
4
3
2
49
4
26
3
0
1
7
1
5
1
1
5
0
3
5
1
1
1
1
1
3
0
3
3
3
3
3
1
0
0
0
5
1
3
0
1
3
3
1
5
1
1
1
1
1
1
3
0
1
1
1
0
1
3
1
1
1
1
7
0
5
1
3
5
0
1
0
1
1
1
1
0
7
3
0
0
0
0
5
3
3
1
3
3
5
3
1
0
3
3
1
7
1
0
0
0
0
1
3
7
1
5
0
0
1
5
1
3
5
1
5
1
5
1
0
5
0
1
1
1
1
1
0
0
1
1
1
3
7
3
3
3
7
1
7
0
3
1
1
5
5
3
3
1
3
0
5
0
7
0
1
0
1
0
3
3
0
1
1
5
3
3
1
3
7
3
5
5
11
1
1
1
1
5
1
1
1
3
0
1
5
1
8
5
3
0
1
3
1
5
3
0
0
1
1
5
1
7
3
3
1
3
7
3
3
1
1
0
5
3
1
0
0
5
1
1
0
1
0
3
1
0
5
3
1
7
5
1
5
0
0
1
3
3
0
0
3
3
1
1
1
3
0
0
0
0
1
5
0
3
7
0
3
1
1
0
0
3
0
3
5
0
1
1
9
1
5
3
1
0
3
0
3
1
3
0
1
1
7
0
0
0
3
0
1
3
0
3
5
1
1
0
9
0
2
2
2
2
4
8
4
0
0
0
0
0
2
4
8
4
2
2
8
6
8
0
0
4
0
0
2
0
6
0
10
0
0
0
6
0
2
0
0
0
10
6
2
0
2
4
13
4
4
6
4
2
0
10
10
4
0
2
2
0
4
4
7
8
0
0
0
6
4
4
0
0
6
2
2
2
0
6
8
2
0
2
2
0
4
0
15
8
2
4
12
2
0
0
0
2
2
4
2
4
4
0
0
2
13
4
2
2
8
2
0
0
6
6
8
0
2
0
8
0
8
4
6
2
4
6
13
0
6
2
4
0
0
0
0
0
8
4
2
4
0
2
2
4
0
0
2
0
2
6
2
12
2
4
6
4
2
0
2
6
8
2
4
2
0
14
10
2
4
0
2
10
13
6
2
2
0
6
4
0
0
4
6
0
0
2
10
0
2
4
0
2
4
0
0
2
0
2
4
10
0
2
0
2
0
2
0
2
2
8
10
6
2
0
4
10
0
8
0
0
2
6
10
2
0
0
6
2
8
0
2
0
2
15
2
2
0
4
8
4
2
4
2
2
0
0
0
4
0
19
0
0
2
2
0
0
6
10
4
0
0
2
4
6
2
0
6
4
2
0
0
4
2
0
6
0
0
2
0
0
4
2
4
0
0
47
39
51
48
47
76
45
66
80
45
87
72
80
46
49
46
49
49
46
64
49
53
52
60
89
46
47
46
70
46
48
48
62
50
85
73
47
45
49
42
87
64
88
86
64
53
70
50
51
44
47
46
68
47
42
51
93
42
51
47
62
46
64
45
43
49
46
50
49
49
47
91
48
45
50
46
53
51
43
49
58
89
59
37
36
48
46
48
89
47
35
49
49
63
72
49
35
88
49
46
55
49
37
50
90
51
49
49
67
48
47
49
51
50
33
52
40
48
52
66
92
46
76
57
49
94
37
49
61
47
59
81
47
49
67
47
66
47
42
81
83
67
64
87
45
44
65
39
86
61
58
87
87
75
50
62
81
38
82
64
74
78
40
77
49
61
44
32
78
45
87
44
48
86
48
48
82
45
49
61
32
54
88
41
55
62
83
50
49
70
46
46
72
46
58
45
80
47
75
48
48
46
79
43
49
40
76
58
72
43
59
67
78
46
63
50
48
40
55
46
68
45
51
48
87
46
48
80
58
46
89
42
45
47
70
57
91
46
82
75
46
46
71
41
53
51
47
66
49
50
68
47
78
47
47
31
45
70
36
67
65
44
85
49
47
57
48
44
49
49
47
44
50
39
62
47
49
45
48
47
46
49
50
48
86
46
68
89
7
1
0
9
1
7
7
3
3
7
1
1
3
11
1
3
13
7
1
5
3
7
1
3
7
3
5
1
13
1
11
5
11
9
5
3
9
7
3
7
9
3
3
7
15
5
7
7
9
1
5
15
7
7
1
11
3
15
5
1
5
13
1
15
5
1
9
3
5
7
5
7
3
3
13
3
1
11
9
7
3
5
3
3
3
3
9
7
0
3
11
7
11
5
5
11
3
7
1
7
3
1
1
3
1
5
11
3
7
7
5
7
5
9
3
9
5
0
5
7
7
11
5
0
1
7
3
7
5
13
0
3
1
5
3
7
3
5
3
5
9
3
7
1
1
5
3
7
3
1
7
9
3
9
3
5
1
3
3
7
1
3
3
13
0
1
1
5
7
1
3
7
0
5
3
3
5
3
5
7
0
5
5
7
3
1
0
3
3
3
7
9
9
11
3
9
1
7
9
5
3
9
3
0
5
7
0
5
7
9
3
3
5
5
1
5
3
3
1
11
7
5
5
3
5
13
3
0
5
3
9
3
9
11
5
11
1
5
5
7
5
5
3
11
3
1
9
5
1
3
1
0
7
3
5
5
1
7
3
9
5
5
11
3
5
5
5
11
3
9
7
7
5
3
5
7
5
9
1
7
3
3
1
7
5
5
1
11
11
5
9
11
13
9
9
5
7
11
9
5
5
9
4
5
7
9
7
5
5
19
9
9
9
15
3
15
4
7
7
11
7
13
11
15
9
2
13
7
5
15
7
13
11
5
13
4
11
21
9
7
4
9
5
9
11
13
5
9
4
5
5
11
9
11
17
11
11
7
11
11
5
5
15
19
7
15
11
15
15
15
9
11
15
7
9
9
21
11
7
7
21
23
33
9
11
13
13
13
5
5
7
11
9
19
9
5
21
5
17
13
25
19
4
15
23
23
7
3
11
13
9
7
7
9
11
11
7
4
9
9
5
5
21
7
7
5
3
9
13
11
11
5
13
9
9
7
9
9
11
5
7
3
9
7
9
21
9
5
19
15
3
9
7
7
9
9
5
5
7
11
15
9
4
15
11
7
15
5
2
15
7
5
35
4
5
5
7
13
23
11
13
11
5
19
13
19
15
23
9
9
5
7
17
11
7
21
13
17
25
7
9
15
21
13
7
21
7
13
7
17
11
5
9
27
19
13
11
9
11
4
5
19
5
13
19
15
9
21
11
3
13
9
13
13
11
23
13
15
4
17
17
5
9
11
5
15
13
13
17
13
15
15
21
9
9
9
9
13
11
23
21
9
11
13
15
9
21
7
9
23
7
11
7
4
5
7
2
2
4
2
0
2
0
0
2
2
0
0
0
0
17
2
2
2
3
4
4
0
0
0
2
0
2
0
0
2
0
0
0
1
0
0
0
2
2
0
4
0
2
0
0
0
2
4
0
0
0
2
0
2
0
2
0
4
4
2
0
0
2
0
2
2
3
0
0
4
0
0
0
1
0
4
3
2
0
2
1
0
4
2
0
5
0
4
0
0
0
2
2
0
2
0
0
4
2
0
3
2
0
0
2
0
0
2
0
0
2
4
0
0
0
2
0
1
4
0
2
2
2
0
2
0
0
0
2
2
0
0
4
4
2
0
0
0
2
4
2
0
2
4
19
2
3
0
15
0
1
2
4
0
2
3
0
0
0
0
2
0
0
0
0
0
2
0
2
0
2
2
0
2
3
0
0
0
0
1
2
0
2
3
0
0
3
1
2
2
0
2
0
0
1
0
3
0
2
0
2
0
2
0
1
2
0
0
2
1
1
0
0
0
4
2
2
0
0
0
0
0
0
2
0
2
2
3
0
2
2
0
2
0
0
2
2
1
2
2
0
0
2
2
3
0
2
0
2
2
0
1
0
0
0
0
0
3
0
2
2
4
0
0
2
1
0
2
2
15
2
0
2
2
0
0
0
0
2
0
2
0
0
0
0
0
0
0
1
0
0
1
22
0
79
46
31
44
0
0
0
0
0
0
26
48
13
38
32
60
0
0
0
1
0
0
6
29
17
8
0
45
22
0
0
0
0
0
50
26
0
36
22
0
36
0
1
0
0
0
0
35
32
4
0
7
0
0
0
0
0
0
27
26
24
18
0
42
1
0
0
0
0
0
37
22
33
9
24
38
30
23
0
0
0
0
30
23
22
1
7
16
34
0
0
0
0
0
61
32
23
0
33
38
0
14
0
0
0
0
0
0
16
0
0
0
10
36
0
0
0
0
0
24
29
1
0
48
12
32
0
1
0
0
2
42
23
0
45
22
32
0
0
0
0
0
45
0
31
0
30
32
14
26
0
0
0
1
29
16
16
3
1
0
47
41
0
17
0
0
13
26
17
0
22
18
29
27
0
0
0
0
0
17
0
13
17
0
0
35
44
0
0
0
61
30
0
4
48
29
0
10
0
0
0
0
0
10
51
0
6
43
20
5
20
2
0
0
32
51
13
21
35
20
25
46
0
0
0
0
57
72
0
0
0
0
39
34
0
67
46
0
50
58
32
35
18
22
0
3
32
0
39
25
0
6
0
21
15
20
0
39
31
40
40
15
1
34
52
39
6
41
74
1
0
0
0
0
0
90
23
18
61
40
0
0
