9
11
17
10
17
9
12
11
10
10
13
11
11
10
9
12
19
11
16
15
5
11
9
20
15
10
11
25
17
13
20
13
19
9
14
15
19
23
11
11
12
15
10
22
11
9
17
7
15
15
15
19
11
11
9
9
11
15
35
19
11
18
5
11
8
19
11
11
11
18
11
28
23
29
13
28
11
17
36
13
6
22
21
15
10
21
12
7
27
21
17
20
9
26
26
17
16
14
7
20
12
12
14
24
13
15
23
15
21
18
14
11
27
9
16
14
8
21
30
17
11
14
19
19
20
26
11
25
18
6
18
15
14
17
13
9
22
29
15
16
11
18
29
14
13
25
24
14
25
22
13
21
25
14
14
7
17
24
19
16
21
11
28
20
16
19
20
15
12
14
9
15
25
9
11
15
17
14
13
21
9
19
27
20
13
20
13
34
20
8
21
14
24
20
18
24
21
20
18
22
11
26
15
21
19
14
17
26
24
23
17
22
17
18
23
13
18
19
16
15
25
20
13
19
8
9
11
11
13
14
7
15
11
11
21
18
9
15
8
15
7
12
9
22
15
6
7
11
7
9
11
9
17
26
12
11
19
8
5
7
18
9
11
7
10
21
17
4
6
7
13
23
11
15
21
7
11
13
23
9
7
13
13
17
18
5
10
9
6
9
8
8
9
8
6
5
13
11
6
5
6
8
8
6
6
6
8
8
7
7
6
10
7
5
9
8
7
7
5
6
7
9
9
6
9
6
8
9
7
6
6
9
9
8
9
7
10
6
10
8
9
6
7
5
7
6
7
9
6
7
12
10
6
6
7
9
6
7
9
8
7
8
6
12
8
9
11
9
13
6
8
9
6
5
8
10
8
7
9
10
7
6
8
9
8
6
9
7
7
6
8
8
6
8
6
7
9
5
7
7
6
7
7
9
8
10
6
6
8
8
10
5
6
6
9
5
8
6
6
6
8
6
7
8
6
10
5
9
8
8
7
9
5
6
6
7
7
8
10
6
7
8
7
12
10
10
8
6
11
9
5
11
10
7
8
8
8
6
10
6
5
14
5
8
9
7
8
10
6
12
11
8
6
5
6
9
10
7
6
7
6
7
8
5
7
11
5
8
7
8
6
6
8
8
7
8
7
10
10
8
6
8
6
8
6
10
6
7
10
8
6
7
8
5
11
10
9
6
8
8
8
10
9
10
7
8
7
8
7
8
9
6
6
8
7
6
6
6
6
8
17
9
6
12
7
6
8
6
6
9
8
5
5
6
8
10
6
6
8
6
6
7
16
5
9
9
8
8
12
9
10
6
7
6
8
7
50
22
36
24
36
33
20
22
41
36
42
37
17
21
50
48
38
37
55
33
37
33
26
36
27
9
26
7
35
16
28
64
11
38
21
28
49
53
27
42
34
41
21
34
31
30
32
27
17
26
26
32
26
16
37
12
7
10
7
24
17
62
7
22
37
25
16
25
11
18
13
71
55
30
16
29
29
33
32
11
20
41
46
42
18
21
27
18
20
30
14
18
32
26
20
18
31
31
21
15
19
61
20
9
18
15
17
42
34
28
29
36
18
29
36
30
13
32
50
45
33
14
25
18
17
26
14
31
28
51
16
45
52
39
33
23
25
64
28
23
13
72
22
53
18
39
9
23
17
39
17
28
18
13
31
38
25
39
39
29
75
50
9
17
26
26
22
45
55
67
71
33
62
44
37
54
38
47
42
35
27
65
24
13
40
43
16
52
18
18
14
49
33
16
5
29
0
23
27
48
44
26
15
51
39
28
26
31
20
40
36
42
32
25
38
49
23
3
29
43
21
13
13
32
39
49
8
9
12
12
16
18
23
45
43
14
25
24
17
22
11
21
21
19
5
9
20
22
23
17
23
20
17
16
29
15
21
4
3
5
7
7
10
10
2
5
2
3
7
3
5
4
0
0
3
12
27
3
9
5
5
13
4
5
13
11
0
4
5
3
1
5
0
3
0
2
1
1
1
0
1
3
1
1
0
1
0
5
3
1
0
5
3
79
1
0
1
0
0
0
0
0
5
1
0
0
1
0
0
0
7
0
0
1
0
3
1
0
0
0
1
1
7
0
0
11
0
1
76
1
3
0
1
3
3
0
5
0
1
9
0
0
1
0
0
5
0
0
0
7
0
9
1
1
1
0
7
1
0
3
1
0
3
7
1
0
5
0
5
3
1
0
1
1
0
1
3
1
1
1
1
3
0
5
67
1
0
0
0
3
3
1
5
0
1
3
3
0
1
0
3
1
1
1
7
0
0
0
1
7
1
0
0
1
5
1
1
3
1
1
5
0
1
1
0
0
7
0
1
1
0
1
0
1
1
5
1
0
3
1
1
0
1
5
0
1
3
0
1
7
1
1
5
3
1
0
3
0
3
7
3
3
0
0
1
0
5
15
3
1
1
0
0
1
7
3
0
1
3
3
3
1
1
1
3
1
1
0
0
3
3
1
1
0
1
0
5
1
0
1
5
3
3
0
1
1
1
3
0
77
3
1
0
0
3
0
1
9
3
1
1
7
0
5
3
1
1
1
0
3
1
0
0
0
3
0
0
0
0
0
3
1
0
1
0
3
0
1
0
0
0
1
3
0
0
5
8
4
4
13
0
2
0
0
0
0
7
2
6
4
0
0
0
8
2
13
4
0
0
0
2
2
6
4
6
0
0
4
2
0
8
26
0
2
2
9
9
6
2
6
4
0
0
0
12
9
10
10
4
2
0
2
8
0
8
4
0
2
2
4
6
4
4
27
2
2
2
2
0
2
8
4
6
4
0
0
0
0
8
13
26
0
2
8
6
7
2
2
0
0
2
7
8
9
12
2
2
0
2
0
15
0
6
0
2
4
2
0
26
9
4
4
4
2
0
2
0
4
2
6
11
17
0
4
0
0
4
5
8
2
2
0
9
15
2
2
0
0
0
2
2
2
8
2
2
0
0
4
2
2
8
0
2
2
6
19
6
4
2
0
0
0
0
0
2
6
4
6
2
2
2
0
0
0
8
9
6
2
0
4
4
4
2
0
6
0
4
0
0
4
2
8
0
2
4
2
4
17
2
2
2
0
6
6
8
6
2
6
6
0
0
0
2
7
5
2
10
0
0
0
0
2
6
6
2
2
0
0
0
0
2
0
2
0
0
0
2
6
8
23
2
8
0
0
2
2
0
6
2
6
4
2
4
0
2
4
2
2
10
0
2
0
0
26
6
2
0
0
0
2
2
8
2
0
0
6
4
8
2
2
0
0
2
6
4
3
6
4
1
6
7
4
5
3
10
4
7
6
4
4
8
1
5
8
6
7
4
4
5
6
8
4
4
2
1
6
6
6
7
8
5
4
4
7
6
4
5
8
9
7
5
4
5
3
6
8
6
9
4
5
4
6
5
7
5
3
3
5
4
7
1
4
4
4
2
4
4
6
3
6
5
3
6
2
5
5
3
5
6
8
4
5
2
4
3
2
3
5
4
2
4
2
2
2
4
2
6
7
5
8
7
3
6
5
2
8
6
8
2
5
5
6
5
3
4
3
1
3
3
4
3
4
4
2
4
5
4
4
5
4
3
7
6
4
5
5
7
6
4
4
3
7
7
4
3
4
7
7
7
5
7
5
3
4
4
5
7
6
2
6
7
2
4
4
4
6
6
1
6
5
6
3
4
5
3
5
8
7
7
4
5
4
5
2
6
4
4
5
5
5
8
5
4
5
3
2
5
4
7
6
5
4
4
8
7
4
4
4
4
8
6
5
7
5
3
6
3
5
3
4
7
5
6
4
4
5
8
5
5
6
7
3
3
3
2
5
5
5
5
5
5
4
4
4
5
6
5
4
4
4
6
4
6
3
6
6
7
6
4
6
6
3
5
7
6
7
3
2
1
3
6
3
4
3
2
6
8
5
3
5
3
4
35
38
39
33
38
47
40
29
38
44
32
36
35
43
41
36
44
46
36
31
40
30
40
44
45
34
42
33
41
41
40
46
41
32
40
32
35
42
38
37
43
35
24
30
32
44
43
43
49
40
37
37
34
43
26
40
40
39
37
33
42
43
42
44
34
30
42
43
50
44
39
31
33
35
42
42
41
42
37
41
41
41
35
42
51
38
42
28
36
30
30
24
27
34
39
42
35
40
30
32
34
40
41
40
34
37
29
45
31
37
30
37
33
32
41
33
41
29
40
42
34
34
39
41
27
37
43
35
42
26
24
39
24
44
36
29
40
36
38
38
36
36
43
24
42
25
41
34
42
44
28
21
33
41
45
30
45
41
43
45
37
41
14
29
43
33
33
19
36
42
42
42
38
37
31
39
34
23
40
40
39
39
27
40
37
42
44
38
34
36
33
33
45
31
37
45
38
38
30
38
40
42
42
45
35
43
46
38
39
23
28
37
43
36
36
35
28
38
29
43
26
40
42
33
23
22
40
41
42
38
30
44
34
31
43
23
42
34
35
39
44
37
33
39
37
35
43
49
40
22
31
28
44
38
40
12
22
32
37
35
45
36
41
37
41
32
44
42
41
32
42
26
44
45
29
30
38
23
46
42
27
36
29
43
41
37
33
34
20
15
19
7
17
14
5
6
28
5
9
17
6
11
8
4
26
15
9
11
7
9
15
8
11
15
20
20
15
13
13
17
6
8
9
33
13
11
11
13
15
28
18
31
30
16
9
13
17
33
17
13
24
18
26
28
17
11
15
20
15
16
22
24
23
16
77
53
28
6
11
22
31
44
33
30
28
31
59
16
18
33
11
59
19
44
20
17
28
39
15
32
23
30
34
24
24
44
8
42
36
63
35
21
49
17
13
28
21
5
18
30
44
18
38
20
27
13
21
20
18
17
11
4
20
55
37
42
27
27
29
32
39
52
33
11
41
47
29
18
28
24
32
32
59
29
47
50
11
43
44
30
20
47
18
50
40
36
26
35
29
32
18
6
30
25
39
20
27
26
23
37
43
19
39
28
15
24
21
28
36
17
9
17
13
44
17
22
21
25
15
28
38
37
34
39
15
48
32
18
48
42
52
42
20
19
38
41
42
24
18
20
28
30
25
28
53
24
25
53
43
24
37
26
20
23
19
28
15
13
18
28
30
13
15
19
11
8
13
9
13
8
9
20
17
17
8
10
9
5
20
6
11
17
8
17
7
7
6
14
8
11
7
11
6
24
2
8
10
4
7
15
16
6
9
17
17
9
9
13
20
9
17
11
22
11
7
9
5
1
2
2
2
2
1
2
0
3
10
2
3
6
0
2
2
2
3
6
2
1
4
5
2
2
0
4
0
3
1
3
1
4
1
0
4
1
4
6
3
2
12
2
4
4
9
3
8
1
3
0
1
3
0
2
5
2
2
4
4
3
2
0
3
2
5
6
3
7
3
2
1
2
1
1
1
0
2
2
1
2
0
1
2
0
2
3
2
1
3
5
4
7
4
2
1
3
2
5
8
2
0
0
1
13
8
2
2
1
11
2
0
2
4
1
3
1
5
3
6
5
5
2
0
0
3
1
3
1
3
1
3
2
1
13
2
0
1
1
2
1
3
2
3
2
1
4
2
3
2
4
1
1
4
7
2
2
7
4
3
2
6
2
4
1
0
4
2
4
2
3
3
4
4
2
2
3
7
4
3
8
4
4
5
2
6
4
8
5
2
1
2
2
1
1
3
5
3
3
2
0
2
3
7
1
1
1
1
1
2
8
3
1
2
2
0
1
0
3
0
1
5
1
4
4
0
2
1
1
1
2
1
2
2
1
2
2
2
1
3
2
1
0
1
4
2
2
3
1
3
1
0
1
1
2
1
2
2
4
1
1
2
4
3
1
1
2
3
4
3
8
3
2
2
2
2
0
1
1
4
2
1
8
1
1
2
1
0
1
2
0
2
1
2
1
0
0
2
0
0
2
2
7
0
1
0
0
0
0
1
0
2
2
2
2
2
2
2
0
2
1
0
2
2
0
2
2
2
2
0
0
2
0
0
2
0
2
4
1
2
2
2
2
0
2
2
2
2
1
2
2
0
11
2
2
2
0
2
2
0
2
0
0
2
2
0
4
0
0
0
2
2
1
9
1
2
0
0
2
2
2
0
2
2
0
2
0
2
0
2
2
0
2
0
0
1
1
2
2
1
0
0
0
0
2
2
0
4
2
0
2
0
2
0
0
2
2
2
0
0
2
1
2
2
0
2
2
2
2
8
2
2
1
2
0
0
0
1
2
2
0
0
2
0
2
2
0
2
0
0
2
2
0
2
0
1
1
0
2
2
1
2
1
2
2
0
2
0
2
2
2
0
0
2
0
7
2
2
2
1
1
0
2
4
2
2
2
0
2
2
1
0
0
2
0
2
2
2
2
0
2
2
0
6
1
1
0
2
1
2
9
2
2
1
2
2
0
2
2
2
2
2
1
2
1
1
3
2
2
2
1
2
7
2
9
2
1
2
2
0
2
0
0
2
1
2
1
1
0
2
2
1
2
0
7
8
2
2
0
0
2
1
0
0
2
2
2
1
2
2
2
2
2
1
1
