0
8
8
8
13
6
11
8
10
6
15
6
15
4
8
12
24
8
4
9
20
8
6
7
19
8
6
10
9
6
15
14
6
6
9
15
8
8
6
13
13
8
11
6
15
8
11
6
15
10
15
6
18
10
10
13
11
13
17
15
9
8
9
24
17
9
7
4
8
15
2
9
11
4
17
8
12
19
30
16
16
29
32
15
11
19
17
9
7
17
10
28
19
24
23
13
10
9
15
8
11
13
9
19
8
16
15
19
13
11
6
23
11
13
15
13
11
11
15
19
7
19
12
8
13
11
9
16
4
17
15
14
26
17
10
13
15
13
29
13
13
17
23
9
19
17
9
12
11
19
7
13
21
13
13
14
11
17
16
21
19
13
17
15
17
21
15
19
17
6
21
17
13
13
17
7
15
17
7
15
11
13
19
19
9
11
17
17
19
10
17
13
17
15
17
23
22
12
19
20
11
27
16
13
6
19
17
21
15
9
15
13
15
17
17
19
17
21
21
27
21
17
6
6
7
7
24
20
8
13
15
4
9
17
26
17
4
11
8
19
21
9
15
17
11
11
12
15
4
19
41
7
8
9
44
9
15
6
15
20
15
6
9
33
10
15
11
12
4
17
8
9
12
9
31
16
8
7
9
9
11
9
11
2
7
4
11
4
4
8
6
4
10
14
6
6
8
23
0
4
6
8
2
10
6
6
4
14
6
4
2
12
2
6
2
6
2
4
17
4
10
4
10
12
6
6
6
8
4
8
4
12
4
0
2
11
6
10
8
4
8
4
10
6
10
6
6
8
6
15
6
8
4
10
6
10
12
12
4
14
6
10
8
8
6
6
10
6
8
14
12
14
19
10
29
17
8
8
12
10
14
10
21
10
17
11
7
23
29
8
4
23
13
8
6
29
6
14
6
10
13
14
14
12
25
6
6
8
14
10
12
12
11
12
6
10
9
14
19
8
18
17
6
14
23
12
23
15
10
31
23
6
13
12
32
13
6
8
10
14
21
14
4
12
4
4
21
16
4
29
6
8
19
18
12
29
8
20
16
13
19
13
8
13
23
12
10
13
2
12
19
4
10
25
2
18
4
10
21
8
6
6
21
10
4
6
21
10
6
4
5
10
19
12
17
11
12
6
6
6
6
5
4
8
16
6
10
4
21
8
12
12
21
8
10
7
21
14
17
4
10
14
14
21
12
19
8
6
8
6
12
0
6
4
25
8
12
4
6
8
4
12
10
10
0
8
8
6
6
6
4
8
6
0
4
6
7
6
12
2
14
4
4
2
6
2
10
2
6
10
4
4
8
4
4
4
0
4
2
0
4
0
0
0
2
0
0
0
0
2
2
0
0
0
0
2
0
0
0
0
0
0
2
0
2
0
0
0
0
0
0
0
0
0
2
0
2
0
0
0
0
0
2
0
2
2
0
2
0
2
0
0
0
4
2
0
2
0
0
0
0
2
0
0
0
0
0
2
2
2
2
2
0
0
0
2
2
0
2
2
2
2
0
2
2
2
4
0
4
0
0
2
4
4
0
0
0
0
2
0
2
2
4
8
2
0
2
0
0
2
0
4
0
2
0
8
10
2
6
2
4
0
2
6
4
6
4
3
4
6
2
0
2
4
0
2
2
0
2
4
2
4
4
2
2
4
5
9
0
0
0
0
2
7
0
0
0
0
2
0
0
2
0
2
1
8
9
1
0
0
2
2
2
2
0
0
2
0
0
0
0
2
2
2
2
0
4
4
0
4
4
0
0
0
2
2
2
0
0
0
4
2
0
0
2
2
2
0
2
0
0
0
0
0
1
2
0
0
0
0
2
1
2
0
2
0
2
2
1
0
1
0
0
2
0
0
4
0
2
2
2
0
2
0
0
0
2
0
2
0
2
0
2
0
2
2
0
0
0
4
4
2
2
2
2
2
2
0
0
0
0
0
2
2
1
2
0
2
0
0
0
4
0
0
6
12
10
8
12
21
12
8
8
10
12
37
4
6
8
8
10
12
2
14
6
10
10
12
8
8
6
8
10
10
12
8
10
2
18
20
10
8
6
2
14
29
8
6
8
14
14
12
8
14
21
12
10
10
16
18
10
14
16
10
20
14
6
8
18
14
12
2
12
12
12
18
10
10
20
4
12
14
4
6
4
6
39
6
14
12
8
10
16
12
8
6
4
8
18
10
14
8
14
4
14
12
18
18
8
12
16
8
14
16
12
10
14
14
6
12
20
14
25
10
18
16
16
10
16
33
18
14
18
14
27
19
23
37
14
12
18
12
20
16
16
8
10
18
16
20
14
8
14
16
12
12
18
20
14
18
16
16
21
14
29
23
25
16
19
20
29
14
29
23
21
25
20
29
21
14
33
14
16
14
16
25
19
25
16
19
25
18
14
29
25
12
18
16
27
10
21
21
16
21
18
23
23
14
33
25
14
25
25
20
29
23
20
18
12
58
14
16
16
27
10
23
20
18
14
12
27
18
43
19
12
23
8
6
14
12
20
8
10
14
23
8
35
4
8
23
12
10
14
18
14
10
4
12
12
14
8
10
12
14
10
12
10
2
12
14
10
18
20
8
6
12
12
10
14
10
8
16
12
14
20
8
14
12
12
10
16
16
59
43
42
36
33
31
40
57
35
33
40
37
31
49
37
40
42
68
55
52
36
67
51
43
38
44
56
47
47
52
54
61
50
39
64
72
32
38
33
31
38
55
56
39
37
46
57
31
56
42
60
48
67
61
53
40
48
35
53
33
34
48
31
46
68
41
45
38
60
42
37
52
34
53
41
39
40
49
56
56
35
52
40
59
27
54
35
34
36
38
55
57
50
33
70
71
34
53
33
60
67
54
49
56
40
52
37
39
40
33
62
74
69
62
39
35
55
37
47
43
48
33
35
39
46
37
30
29
62
54
30
32
21
30
33
26
37
40
68
29
51
35
45
63
42
37
29
31
69
32
67
55
58
55
52
42
31
40
49
26
88
41
26
29
34
28
42
21
29
33
58
27
44
30
34
64
33
46
30
59
35
39
30
39
52
40
30
55
43
67
51
24
55
38
62
33
69
49
40
64
39
59
39
40
42
66
51
57
40
26
67
38
36
23
39
26
47
41
57
65
54
47
37
58
43
53
47
57
50
37
45
33
55
40
46
36
46
54
33
41
51
29
29
34
54
41
65
28
51
31
48
32
35
35
58
50
65
54
44
39
55
65
35
36
30
39
67
35
46
41
34
25
31
47
37
48
58
55
68
64
31
51
59
32
39
53
31
41
2
0
4
4
8
2
4
86
4
8
6
4
12
4
8
6
8
4
4
8
6
4
8
4
2
4
2
2
8
4
4
83
2
4
8
6
2
2
6
2
2
4
2
4
6
4
8
4
4
2
6
8
10
6
2
4
2
6
2
62
4
6
32
6
6
2
2
2
6
50
6
4
2
4
13
8
2
12
4
2
8
4
10
2
2
4
2
0
2
8
4
2
0
2
4
0
4
6
67
2
2
0
4
0
6
0
4
4
4
2
6
2
6
2
2
2
6
10
2
2
2
46
8
2
0
2
10
8
4
4
2
2
4
2
50
0
2
0
2
0
2
6
6
2
4
2
0
0
2
4
0
6
0
8
6
0
0
2
4
4
2
2
2
8
8
6
2
4
2
8
6
2
4
8
6
6
6
4
4
6
8
8
4
2
0
2
6
4
2
6
8
2
4
2
4
4
92
6
2
8
4
2
4
8
4
4
4
2
4
8
2
12
2
4
6
2
8
4
8
6
6
6
2
6
10
2
4
5
6
2
6
6
6
6
8
6
6
10
2
2
44
4
4
10
6
4
10
8
4
8
4
8
0
4
10
6
6
10
4
0
4
6
0
6
0
8
2
8
4
6
0
6
4
6
8
2
2
4
0
6
10
4
2
2
4
90
0
6
61
3
3
39
1
1
4
3
3
1
1
8
1
5
1
1
9
1
1
7
5
10
5
5
17
3
12
54
1
6
40
5
3
3
11
3
34
5
6
15
37
3
38
5
14
15
15
10
6
25
5
5
4
3
4
5
6
5
1
3
12
3
10
3
3
6
1
5
3
3
7
3
5
7
1
5
10
1
3
8
1
6
4
1
30
1
42
3
6
59
1
15
4
5
5
37
6
58
5
7
52
1
5
36
1
3
4
3
7
8
6
46
6
8
5
13
9
5
4
7
5
5
35
3
5
3
3
3
5
3
1
4
5
5
36
3
34
3
3
33
11
41
1
3
3
5
14
7
3
1
5
6
3
10
3
23
1
1
5
1
5
1
5
3
3
4
43
4
3
5
14
1
3
1
1
0
3
5
11
3
1
6
5
3
3
1
3
10
1
55
3
3
3
4
17
3
3
12
3
3
3
3
5
3
1
5
4
3
3
32
3
3
3
3
1
1
5
6
5
3
1
3
7
6
3
3
7
1
3
39
1
3
6
5
3
5
11
14
6
1
1
5
5
3
1
14
36
5
3
6
1
3
5
5
3
3
22
1
10
54
1
1
1
3
3
35
63
3
1
7
1
0
1
13
0
59
1
7
3
3
1
3
41
59
1
5
1
5
5
0
3
0
0
1
1
0
0
7
0
0
3
1
1
3
3
0
3
1
1
0
0
1
1
0
5
1
0
3
3
1
0
1
5
1
1
0
0
0
0
0
1
0
1
5
0
1
3
1
3
0
0
1
1
0
0
0
0
1
3
3
0
0
0
1
5
0
1
0
0
11
1
0
0
1
0
5
57
0
1
1
0
1
0
1
0
0
0
1
3
1
0
0
1
0
1
0
0
0
1
0
1
3
0
1
5
0
1
0
3
3
0
0
3
0
5
1
9
0
0
1
3
3
3
0
1
1
0
1
3
1
0
0
1
1
3
5
0
0
7
7
3
0
0
1
3
0
3
5
3
1
1
0
3
1
0
1
0
0
3
0
1
0
1
0
1
1
0
1
1
7
1
3
0
1
5
1
3
3
3
1
7
21
0
1
0
1
1
3
5
5
5
3
1
3
1
3
1
3
0
3
0
0
1
0
1
3
1
1
1
1
0
5
1
0
3
3
1
7
0
0
0
1
1
7
0
1
3
1
5
0
3
0
0
1
1
0
0
0
0
0
1
0
0
0
0
3
5
3
1
3
0
5
0
3
1
0
0
0
3
0
5
1
0
3
0
1
0
3
0
1
0
1
1
1
3
0
0
0
1
5
1
0
1
0
0
3
13
4
10
2
15
4
6
13
10
23
10
21
19
25
11
6
12
20
6
8
17
16
10
12
37
27
14
15
25
6
14
12
21
8
19
15
21
14
68
24
9
4
14
74
17
19
21
19
18
12
17
18
37
14
23
17
33
54
16
25
45
33
21
10
39
10
14
33
23
17
16
43
16
15
31
19
23
31
20
17
58
27
41
60
33
36
43
13
21
10
39
17
19
47
21
25
16
14
12
25
27
34
35
62
8
19
15
17
15
21
15
6
8
10
8
17
19
8
10
25
12
16
10
11
10
6
19
19
8
17
14
10
4
4
8
12
8
6
2
10
15
12
17
8
10
8
8
8
8
8
4
8
14
14
10
12
16
17
12
8
10
12
6
54
8
22
8
19
13
6
14
6
17
8
14
17
10
8
37
10
15
8
15
10
17
16
4
8
23
13
12
15
11
6
6
8
19
10
18
41
23
29
16
43
19
17
23
21
27
14
10
37
31
23
21
14
6
23
17
21
20
8
8
12
48
27
31
17
8
46
18
23
15
13
7
15
15
15
33
29
25
13
14
13
13
17
25
8
8
16
10
17
10
4
14
9
27
23
29
10
8
18
13
12
20
10
8
2
16
13
15
11
12
19
18
8
12
14
6
15
14
9
25
8
16
10
10
15
31
4
6
2
13
6
5
20
2
5
5
6
5
11
2
11
4
4
4
7
8
2
4
11
4
2
28
5
45
13
7
11
4
34
7
4
6
6
0
6
32
30
6
4
6
0
2
15
4
45
9
17
19
5
4
2
57
4
22
7
4
8
2
2
4
8
5
44
9
6
3
8
4
33
4
4
27
6
4
4
2
8
4
63
6
7
4
6
4
4
6
8
4
6
6
6
35
35
6
2
4
47
4
2
4
4
6
10
6
48
2
6
32
6
12
2
49
4
2
10
8
6
4
4
6
6
2
5
0
4
21
32
4
6
10
6
6
5
7
4
37
6
6
25
0
27
6
4
6
2
2
13
4
6
24
4
6
19
4
6
4
26
6
9
25
9
6
2
4
5
20
8
39
4
22
47
6
4
6
4
6
7
2
6
6
8
4
4
4
10
4
8
8
21
5
6
13
6
8
2
6
5
4
6
46
27
32
6
6
7
4
17
4
52
4
8
5
4
7
21
2
4
6
6
8
6
33
4
4
39
2
9
13
6
2
6
5
2
4
21
4
22
5
3
2
4
4
8
36
6
19
6
7
19
11
6
12
6
2
7
34
5
12
21
52
22
19
15
15
13
7
11
7
17
9
21
9
15
13
13
9
12
19
18
10
7
15
11
