0
9
9
7
0
2
2
5
0
0
0
0
0
0
4
0
2
2
0
2
0
0
2
2
2
0
2
0
0
0
0
2
0
0
2
0
5
2
0
0
0
0
7
0
0
0
9
0
9
0
0
2
0
2
11
0
2
0
9
0
7
11
0
2
62
2
7
2
0
2
0
0
7
0
2
4
2
0
7
2
0
2
0
0
9
0
2
0
2
0
9
0
0
2
2
0
13
0
0
2
0
0
7
2
0
4
60
2
9
2
0
0
2
0
9
2
0
2
0
0
9
11
0
0
2
2
9
2
3
0
0
3
2
0
2
0
2
0
0
11
2
1
0
0
2
7
2
2
2
0
7
2
0
0
0
7
2
2
0
2
0
2
4
3
0
0
0
3
4
0
2
0
2
15
3
72
0
2
9
11
0
2
0
7
2
11
2
15
0
0
2
7
11
0
0
0
0
9
7
2
2
0
4
9
0
0
2
9
7
9
2
0
7
2
0
5
11
0
0
7
0
9
0
4
2
7
2
11
2
2
0
9
0
9
9
0
9
9
2
9
58
2
7
0
0
7
0
4
3
0
2
0
0
2
7
0
0
0
58
0
2
0
0
95
2
0
2
7
13
9
11
2
2
0
0
9
0
0
0
2
2
0
0
4
60
2
2
76
16
16
20
16
16
14
17
14
15
17
8
10
13
16
15
17
12
21
17
25
0
17
16
21
16
15
16
20
19
13
15
12
9
13
16
11
15
16
17
14
15
17
16
11
15
17
14
14
14
16
14
8
17
19
21
6
15
16
11
21
17
18
9
18
18
17
15
14
13
14
16
20
16
12
16
13
18
14
11
20
11
13
14
12
13
15
13
15
14
16
18
19
20
21
19
20
16
13
17
14
17
17
8
19
15
13
16
14
11
17
19
13
24
18
18
17
11
14
15
11
12
15
14
20
18
19
16
15
19
13
13
20
15
16
13
17
18
18
20
18
17
17
13
9
10
13
14
16
19
15
16
14
14
0
16
18
15
19
10
13
16
17
15
12
17
0
19
16
16
6
14
21
13
10
12
15
15
14
9
14
13
14
13
15
16
17
14
12
15
13
17
15
13
19
13
16
17
13
13
15
16
0
12
7
18
5
18
16
16
18
16
19
17
14
12
12
16
11
8
14
24
15
10
13
19
14
17
8
18
12
19
15
16
16
15
11
11
8
20
8
13
15
18
16
20
13
12
16
15
12
17
18
14
9
19
10
17
10
16
16
18
17
17
16
14
17
17
13
23
8
14
10
16
16
14
12
15
17
14
17
14
10
16
10
19
8
19
14
38
59
32
24
15
30
44
22
26
43
32
24
38
22
25
43
26
30
41
26
41
22
18
26
24
29
32
32
28
28
26
41
30
32
26
36
32
21
36
30
47
40
28
22
26
41
22
25
20
32
28
34
24
26
38
32
26
34
32
19
27
34
24
48
28
23
38
24
32
20
27
26
30
30
33
28
38
30
28
32
22
26
17
40
11
31
22
32
17
26
29
32
32
28
24
22
28
30
30
30
30
28
36
33
27
28
28
34
30
24
38
28
32
28
30
28
20
26
36
28
22
42
30
30
36
28
19
34
40
26
20
22
30
29
34
28
26
34
20
30
28
38
24
20
36
19
35
13
34
28
24
28
30
34
42
18
34
30
26
28
26
36
22
39
31
34
36
41
17
43
24
24
47
19
20
61
53
30
17
49
34
22
24
13
26
26
22
26
28
38
28
30
34
28
30
22
28
30
30
35
34
38
24
29
34
20
32
34
30
30
26
20
37
30
22
30
24
28
24
30
30
22
32
16
17
24
28
26
28
40
55
28
7
36
28
21
24
26
17
39
28
24
26
26
36
15
36
20
32
30
28
22
34
38
22
26
34
30
32
30
26
36
19
28
36
32
26
34
24
24
32
41
24
38
27
26
24
20
43
32
34
21
33
28
26
38
32
28
18
17
17
19
19
18
19
19
19
18
18
16
19
19
19
19
18
18
19
19
19
19
18
19
19
18
19
19
17
18
20
19
19
19
13
18
19
19
19
19
15
18
18
18
19
19
19
19
18
18
19
18
13
18
19
19
19
18
19
18
19
19
19
18
19
18
18
19
18
18
17
19
19
17
19
18
19
18
17
19
19
20
19
18
19
19
17
19
19
20
19
18
16
17
19
19
20
19
14
19
14
19
19
19
19
19
18
19
19
17
19
17
19
18
18
16
19
18
19
19
19
17
19
18
19
18
18
18
19
18
18
19
16
19
19
17
19
19
17
18
19
18
18
19
17
18
18
19
20
17
18
19
19
17
19
19
17
18
19
19
19
18
19
19
19
19
19
18
19
16
18
19
18
17
18
18
19
19
19
17
19
18
18
18
19
17
18
17
19
19
19
17
19
18
19
19
14
19
19
19
19
18
12
19
15
18
18
15
17
18
18
17
19
19
19
18
19
19
19
18
18
18
16
18
15
17
18
17
12
18
19
17
19
17
19
18
18
18
19
19
19
19
19
18
19
18
19
16
19
19
18
19
18
19
15
14
19
19
19
19
15
19
19
19
19
19
16
18
18
18
17
18
17
20
18
19
19
19
17
15
20
19
19
19
18
18
17
18
23
19
19
17
18
15
19
19
21
13
18
11
19
11
13
20
23
17
26
19
15
17
19
19
20
19
22
17
15
18
19
11
7
22
19
21
13
13
9
13
23
19
19
17
21
19
17
19
19
15
17
17
19
20
11
11
13
21
9
16
15
21
9
9
21
20
7
15
15
15
21
17
19
15
21
25
15
18
20
17
21
21
23
3
13
11
9
22
17
13
21
9
19
19
19
15
21
15
25
20
15
19
16
11
19
19
15
13
21
19
19
19
13
19
22
18
21
15
15
15
24
25
19
17
23
19
23
20
13
11
20
17
17
15
15
15
17
20
13
25
23
19
23
20
22
17
7
15
15
13
22
19
19
15
17
15
21
22
11
13
11
21
19
15
15
11
22
19
9
20
17
13
19
19
17
19
19
11
22
15
17
15
21
20
23
15
17
11
23
17
15
13
19
9
21
11
27
19
17
17
22
19
16
13
19
17
19
13
15
17
17
15
19
17
23
17
11
5
22
11
17
17
11
15
19
15
20
11
13
23
17
19
19
15
15
15
17
12
20
18
15
13
19
17
17
11
23
17
23
15
15
13
15
13
19
13
19
13
13
19
23
15
16
9
19
15
23
19
9
17
21
16
13
17
13
23
15
17
21
11
9
15
13
13
17
9
11
15
8
2
4
2
29
12
7
8
2
4
12
6
6
8
6
8
6
2
4
6
4
5
6
4
37
10
4
4
12
2
2
5
8
12
4
8
6
0
2
2
12
22
12
8
10
6
12
10
16
23
12
10
33
15
19
14
16
27
13
12
10
19
12
20
12
10
21
14
16
16
10
19
14
12
23
8
16
27
15
18
18
25
27
21
14
6
10
29
16
18
16
18
12
23
12
12
13
17
19
21
10
19
19
18
25
25
18
23
23
12
16
27
29
18
10
51
8
29
27
4
16
14
14
29
16
23
10
10
12
29
35
11
31
18
20
12
27
13
18
12
14
29
16
20
41
20
13
27
29
12
10
16
10
35
14
16
35
37
19
47
38
23
35
21
10
31
21
8
29
21
20
25
25
4
23
20
31
25
9
8
33
18
20
20
6
12
8
12
6
10
12
14
8
14
12
29
10
6
17
14
12
33
8
20
13
19
20
10
31
16
29
25
8
10
10
23
22
10
8
8
10
19
21
16
8
25
4
26
8
19
29
25
35
14
6
16
11
36
8
14
18
9
10
7
14
9
10
18
10
20
10
6
8
20
18
45
21
20
8
41
4
14
25
4
10
16
10
6
8
23
2
4
8
23
10
51
12
8
13
10
23
20
6
6
4
10
29
12
45
53
8
13
26
22
13
10
31
39
25
18
14
56
45
16
60
14
15
28
35
25
54
8
54
60
39
17
54
30
24
20
46
56
50
25
41
59
31
23
21
51
56
55
35
17
28
26
11
8
25
39
25
10
19
25
17
56
22
17
48
58
57
66
55
24
48
23
60
47
71
19
24
39
50
43
47
12
20
47
40
27
16
15
27
18
16
46
49
15
25
44
45
14
55
24
50
60
23
21
59
33
35
16
35
18
8
6
14
33
15
54
39
10
23
34
61
45
54
34
31
57
9
15
54
56
25
35
7
49
29
13
44
52
49
45
16
48
9
26
22
24
57
15
48
15
41
24
57
33
22
17
17
27
30
18
51
40
58
42
47
8
39
23
48
23
35
16
17
48
18
28
58
12
56
17
19
45
8
15
8
56
49
19
16
15
35
24
55
30
17
20
29
52
41
50
51
23
47
42
27
7
0
7
17
17
56
48
51
31
25
47
54
27
15
8
15
18
22
17
10
18
59
50
24
50
29
15
25
22
17
39
13
18
46
50
16
17
25
16
30
48
55
9
38
24
12
18
8
23
8
16
23
24
14
10
52
28
51
18
25
34
16
16
35
56
8
45
31
36
24
58
40
17
20
34
24
17
38
43
19
15
16
24
32
50
17
17
0
6
4
8
2
4
2
4
2
4
6
4
2
2
2
0
2
0
8
0
6
2
0
0
4
4
4
6
4
6
4
2
2
4
4
6
2
4
4
2
6
2
2
4
6
2
6
4
2
6
2
4
10
2
2
4
4
8
4
4
0
4
4
4
2
4
2
4
4
2
2
4
6
4
4
4
2
2
2
4
4
0
2
2
4
2
0
4
4
2
0
4
2
2
6
2
4
4
2
2
0
2
2
2
0
2
2
2
2
0
2
4
2
6
4
4
4
2
2
0
4
2
2
4
0
4
2
2
2
0
2
2
2
2
2
2
6
6
0
4
4
0
4
0
2
4
2
4
4
6
6
6
2
2
0
0
4
2
4
4
2
2
0
2
8
2
4
0
2
2
6
2
6
0
6
4
2
2
2
0
2
6
2
2
4
4
2
2
2
4
6
4
4
4
4
4
4
2
4
0
6
2
4
0
2
4
2
4
2
8
0
6
4
2
4
4
4
4
4
2
6
2
0
6
0
4
2
6
0
2
4
4
4
6
2
0
4
4
2
4
6
2
4
0
4
2
4
2
2
2
2
4
0
4
4
6
2
2
2
0
4
4
4
4
4
4
4
2
8
2
6
2
0
6
2
2
2
2
4
2
0
4
4
6
6
4
0
2
25
15
11
11
9
26
41
13
17
7
32
17
15
4
13
11
34
38
15
11
11
21
9
19
17
15
13
21
11
11
17
26
17
19
23
11
17
25
38
19
6
19
19
37
28
11
19
28
11
17
8
17
15
15
17
30
36
32
19
28
34
36
23
21
11
19
26
40
13
22
21
17
24
17
21
13
13
24
26
21
26
17
26
34
39
21
26
17
17
17
15
9
26
11
9
15
39
13
23
15
36
15
9
30
19
11
34
32
51
54
45
30
24
54
36
43
38
28
30
36
45
19
36
41
41
45
36
43
26
34
26
34
36
32
45
21
39
17
23
54
32
55
28
41
32
26
26
21
24
15
15
22
24
26
11
34
26
13
39
38
34
17
32
41
34
36
11
36
15
26
41
15
39
36
39
49
50
11
23
34
30
22
43
22
19
9
54
62
30
34
15
19
19
17
9
13
22
19
17
34
30
9
32
45
24
22
28
26
22
21
32
21
19
32
34
50
41
23
23
11
24
15
13
54
24
21
41
43
30
30
15
15
23
19
24
21
9
9
13
28
30
28
22
11
47
34
17
30
21
24
11
13
17
24
24
15
24
15
34
24
11
19
8
17
22
11
9
13
9
21
9
17
9
11
34
19
9
8
19
21
6
6
9
38
6
21
17
4
5
9
7
1
7
3
40
3
1
7
30
39
1
5
9
7
9
5
3
19
5
3
15
3
5
7
3
3
25
3
9
16
5
19
9
5
3
5
7
5
1
33
3
3
9
50
9
3
5
26
27
3
5
1
20
1
1
3
5
32
5
7
3
1
1
48
5
3
42
38
39
50
5
0
3
9
3
2
5
5
3
7
5
5
3
21
38
17
1
7
5
7
5
3
3
26
5
3
3
1
55
3
17
7
11
1
9
5
5
3
3
5
3
40
9
5
7
3
3
3
3
5
7
5
11
9
5
34
5
9
1
7
49
7
44
38
5
38
22
7
3
7
23
7
17
5
3
3
5
9
5
13
25
7
1
7
5
7
1
58
7
9
15
5
3
11
47
40
3
5
9
36
43
11
7
44
3
9
34
3
11
7
7
9
25
5
3
13
7
3
5
9
5
7
7
1
9
5
15
5
3
36
5
1
5
9
7
7
22
3
5
3
21
45
3
1
3
11
28
3
7
1
3
7
5
3
13
9
13
21
5
9
13
7
3
1
1
3
7
7
7
3
3
3
3
3
30
3
36
7
7
3
46
5
5
30
7
5
3
3
3
49
3
5
44
27
37
5
19
7
7
7
7
3
49
3
13
44
7
9
3
5
9
5
15
19
5
5
