2
4
2
2
8
4
7
9
4
0
0
2
2
2
0
2
0
2
5
0
2
4
0
7
2
2
3
2
2
0
2
2
0
0
0
0
0
0
0
2
0
5
3
2
0
5
64
0
2
2
0
2
2
0
0
4
0
0
0
2
0
5
4
0
2
0
1
0
4
4
2
0
0
5
0
5
0
2
0
2
0
0
50
0
0
0
2
2
4
0
4
2
0
0
0
0
4
2
2
0
2
2
2
0
4
4
2
0
2
16
4
5
2
0
2
2
0
0
0
3
0
0
0
0
0
0
1
5
2
2
2
4
7
0
0
5
3
2
2
0
0
2
2
3
11
0
0
0
2
9
2
0
0
5
2
2
0
5
2
5
0
0
13
2
4
25
2
0
2
5
7
5
2
2
4
2
5
2
0
0
13
2
0
0
0
2
2
0
0
2
0
0
0
7
4
2
0
0
0
4
9
0
9
12
13
3
3
2
2
2
0
0
2
0
0
2
0
5
2
0
0
3
2
2
4
0
2
4
11
4
7
4
3
0
2
2
5
3
2
2
9
0
12
0
2
4
2
2
4
2
3
0
7
2
0
2
3
7
4
3
0
0
3
4
2
0
0
5
2
4
4
0
24
11
2
4
0
2
2
2
3
4
11
4
0
0
2
0
4
2
4
8
4
2
4
0
0
4
4
8
4
2
2
4
4
4
2
0
6
6
6
0
2
8
0
0
16
0
8
8
0
0
12
2
4
6
12
8
2
2
2
4
2
2
2
14
4
10
6
2
0
8
4
2
10
4
4
8
6
2
4
8
6
6
10
6
6
4
2
6
4
8
10
6
14
4
14
18
10
10
8
8
14
14
14
8
14
14
10
8
8
10
18
14
16
18
6
8
16
6
43
8
4
10
8
6
12
10
8
8
16
8
12
8
8
8
16
20
8
6
16
8
10
16
8
12
14
18
24
10
16
8
20
8
0
8
6
0
6
4
0
2
4
4
2
8
6
6
8
6
2
10
0
8
4
6
4
6
6
2
2
6
6
6
6
2
6
6
6
4
4
2
0
2
6
0
2
4
2
0
2
2
2
4
4
2
4
6
4
12
0
6
6
6
6
6
2
2
8
8
4
6
8
0
2
4
4
2
6
4
4
4
2
4
2
6
6
0
28
4
2
8
2
2
6
4
4
2
6
4
4
4
2
4
4
2
2
4
6
6
0
4
0
8
2
4
10
2
2
4
4
0
2
10
0
2
4
4
0
4
2
4
0
6
4
0
10
2
2
6
4
0
2
2
34
6
4
4
4
4
2
6
0
0
6
4
4
8
2
4
6
2
6
0
0
0
0
4
6
0
2
0
8
0
6
11
15
2
0
4
0
4
0
6
2
6
8
2
18
2
4
10
13
0
8
2
8
9
2
2
0
4
6
6
4
4
9
2
2
4
0
2
4
6
0
0
4
0
2
0
4
0
2
4
6
6
2
10
8
6
6
0
0
0
32
4
2
0
2
6
2
11
0
2
6
6
0
4
4
2
0
0
2
0
0
2
0
2
7
9
4
13
2
6
4
2
0
0
4
0
0
0
0
4
11
6
5
2
0
2
2
0
8
0
0
2
0
4
4
4
0
7
2
4
4
2
0
2
2
0
2
0
2
9
0
4
0
2
5
2
2
4
4
6
0
0
0
0
0
11
11
4
3
0
7
0
0
4
6
2
4
3
16
0
8
0
0
2
2
45
0
0
2
0
0
4
0
2
5
2
4
17
4
4
2
5
0
13
0
4
0
6
6
6
0
2
0
2
0
4
2
0
5
4
2
2
0
0
2
9
5
0
3
6
0
6
2
0
4
0
2
10
2
0
5
8
0
2
0
2
0
0
2
0
0
0
0
0
2
0
0
7
0
11
0
2
3
2
0
0
2
2
2
2
3
2
0
0
4
2
3
2
0
0
4
6
2
0
4
2
0
0
2
0
3
3
0
0
9
3
0
5
5
3
0
0
2
5
0
3
9
7
3
3
5
3
0
5
5
5
0
5
3
5
3
7
3
3
0
3
3
3
1
3
1
5
3
5
7
5
2
5
5
3
0
7
5
5
0
7
3
0
3
5
2
0
1
3
3
3
0
0
1
0
5
5
2
5
5
0
3
0
7
0
3
5
9
0
3
3
3
3
1
0
5
3
11
0
3
5
0
3
5
5
0
3
0
5
0
2
5
0
0
5
3
0
0
3
2
0
0
5
3
3
3
0
0
0
3
9
0
0
0
0
0
0
5
0
0
0
0
0
5
0
0
0
2
0
0
0
0
0
0
0
0
0
0
0
0
7
0
3
7
3
3
2
0
7
0
0
5
0
0
3
3
0
2
5
0
0
0
0
0
0
0
0
0
0
0
0
0
0
0
0
0
5
0
1
0
5
0
5
0
5
0
7
0
25
0
21
5
0
3
3
3
11
17
9
3
0
3
0
5
2
0
0
3
5
0
0
3
5
0
0
5
1
0
5
7
11
1
0
11
3
0
5
5
9
7
0
2
3
5
7
2
7
2
0
3
5
2
0
3
13
9
0
5
5
0
0
5
15
5
0
11
17
5
0
11
9
3
0
0
3
5
0
0
7
3
0
0
5
4
2
2
2
2
4
2
5
0
5
3
2
9
2
4
0
0
7
6
4
2
1
36
2
4
2
2
2
3
4
4
0
4
0
7
4
10
2
1
7
5
2
6
2
11
1
6
2
0
7
2
7
4
0
0
1
2
2
1
2
0
2
2
3
2
4
0
2
2
6
0
4
4
0
2
4
2
2
2
2
9
2
5
2
6
2
2
4
2
5
2
2
6
2
4
4
1
4
2
3
3
7
2
2
2
4
0
4
0
9
4
2
0
4
0
2
8
4
1
5
4
5
4
4
2
4
6
3
7
6
1
2
5
6
2
4
4
3
2
7
2
1
4
3
2
9
11
2
4
5
4
6
32
5
2
29
0
2
5
2
4
2
59
4
4
3
5
1
3
5
11
7
5
6
4
9
2
4
4
0
0
8
0
2
10
4
4
4
5
2
33
2
6
3
4
5
2
2
0
0
2
4
4
2
2
0
0
0
2
2
6
11
2
3
6
2
8
5
7
5
4
4
2
2
4
2
3
5
4
2
7
1
4
2
68
6
4
3
7
2
12
31
2
0
7
9
2
4
2
5
1
4
2
4
5
2
6
8
4
12
0
7
4
5
0
2
5
3
2
7
31
9
10
1
5
17
2
6
6
4
4
7
6
7
6
1
13
9
9
13
13
17
11
15
11
13
13
5
13
11
1
2
17
21
25
23
9
5
11
17
23
7
13
19
15
27
17
9
13
15
19
30
13
5
29
15
19
17
29
13
39
35
38
48
61
15
17
17
29
13
31
21
39
11
11
15
7
21
11
7
17
11
42
3
13
38
35
35
15
15
51
13
23
15
25
19
19
29
33
31
41
17
19
9
21
23
40
15
7
19
15
5
27
13
9
33
9
21
33
7
9
17
25
11
28
23
19
33
19
5
17
13
13
19
7
27
17
9
33
5
15
25
7
13
13
11
15
9
9
27
17
7
15
50
7
9
13
21
29
35
35
27
15
13
5
9
11
9
11
21
25
35
11
27
11
5
15
13
15
7
25
17
19
38
7
7
23
13
17
9
13
13
35
15
25
21
11
31
11
21
9
13
21
15
21
7
7
13
9
39
9
15
9
5
27
9
35
11
17
17
39
7
21
33
13
21
21
5
25
19
27
17
9
15
19
45
21
0
11
15
15
25
15
7
17
19
9
25
23
9
64
15
7
13
29
25
9
13
11
13
19
35
13
9
15
47
13
37
9
11
19
23
5
0
27
41
39
7
13
3
25
33
13
21
29
39
7
21
5
1
21
9
25
11
15
9
19
35
19
11
13
3
7
27
27
9
13
13
13
13
13
9
13
11
13
13
12
13
13
11
13
11
13
13
13
8
13
11
11
13
11
11
13
9
13
11
13
11
11
11
13
13
13
13
13
9
11
11
11
13
13
13
11
11
11
11
13
11
13
13
13
11
11
9
15
13
11
13
10
13
13
11
13
13
13
13
13
13
11
11
13
13
11
11
10
13
13
11
13
13
9
13
13
13
11
13
11
13
13
13
13
13
11
13
11
13
13
11
11
13
11
9
11
15
13
11
13
15
13
11
11
13
13
11
13
13
13
13
13
15
9
11
9
13
13
13
13
11
13
13
13
13
13
11
13
7
9
13
11
11
13
9
11
11
13
11
13
10
11
13
15
9
13
13
13
11
13
9
13
9
13
13
13
13
13
13
13
13
13
9
11
13
13
9
13
13
13
13
13
9
11
13
13
15
13
13
11
13
13
13
11
11
11
13
11
13
13
13
13
13
13
11
11
14
11
11
13
13
13
13
13
9
13
13
13
11
11
9
13
13
11
13
11
11
11
13
11
13
13
13
11
9
13
13
11
11
13
13
13
11
11
11
11
13
13
13
13
13
13
13
13
13
13
11
9
11
13
9
13
11
13
13
13
13
13
9
11
11
11
13
13
11
13
13
13
11
13
11
13
9
13
11
13
11
2
4
10
8
65
0
2
0
0
2
2
4
6
0
2
4
2
2
2
2
4
0
2
2
2
8
4
6
0
0
0
0
2
8
0
0
2
4
2
0
0
0
2
0
2
2
0
2
0
0
2
0
0
6
0
0
4
8
0
2
2
2
4
0
0
80
0
0
0
2
0
0
0
2
6
2
0
4
0
6
4
8
0
0
0
2
2
4
0
4
2
2
0
0
6
0
6
2
96
4
6
4
6
4
98
2
2
0
0
2
4
6
0
0
4
8
2
0
2
2
2
2
0
0
2
0
8
4
2
0
4
0
2
6
12
2
0
0
0
0
4
0
4
0
0
0
0
2
2
0
6
4
2
0
2
0
4
2
0
6
4
0
78
2
0
2
2
2
2
0
0
2
0
12
4
2
2
0
4
2
2
2
2
0
2
0
8
0
4
0
0
91
4
14
2
0
2
2
4
4
0
4
0
2
6
8
8
2
2
2
2
2
0
0
0
2
0
4
2
2
4
4
0
2
0
4
2
2
10
0
2
2
6
4
2
0
2
0
0
0
2
2
0
0
2
4
0
0
2
0
2
2
2
2
0
6
4
0
0
0
0
2
2
0
0
0
0
4
2
6
4
2
0
2
0
0
2
0
0
6
0
2
0
0
2
0
2
2
27
15
30
20
32
49
24
30
37
14
21
38
55
15
17
25
18
19
57
32
19
29
16
40
23
19
8
28
12
20
16
12
20
83
12
31
23
27
40
38
42
32
28
15
53
29
11
36
19
36
15
21
49
44
47
39
23
23
23
31
34
24
19
37
37
23
28
21
34
15
19
17
55
25
18
15
30
46
43
25
32
28
28
24
28
23
35
30
41
28
20
32
40
31
17
43
27
21
26
21
35
24
49
15
19
30
32
33
24
50
32
50
30
31
77
27
66
46
25
37
13
44
32
33
25
31
22
42
29
32
23
38
16
38
44
53
30
43
37
35
35
35
38
28
35
28
16
37
30
27
22
25
30
33
42
34
25
34
19
33
20
29
24
16
31
29
34
32
29
37
39
14
30
39
43
35
45
28
27
20
26
28
20
51
38
37
58
38
28
41
38
24
28
25
16
17
19
15
17
36
31
28
42
40
22
32
24
21
19
47
27
5
17
14
23
22
25
17
22
30
41
19
23
44
39
16
43
24
26
34
19
20
26
29
32
27
28
31
38
20
21
25
33
22
20
17
22
25
22
34
17
31
33
65
17
56
16
22
29
31
37
28
38
37
30
43
25
19
20
17
28
34
17
30
40
22
28
4
5
5
17
10
18
36
12
15
14
11
5
0
5
8
7
0
6
4
9
4
2
0
5
6
0
0
4
17
9
0
9
3
0
0
6
4
0
9
14
0
1
3
5
9
5
6
5
0
9
16
11
1
13
15
0
3
1
4
6
0
8
0
6
0
10
0
8
1
5
8
0
0
1
10
2
5
7
1
11
0
6
3
0
5
4
5
0
18
8
3
0
9
9
6
0
0
4
7
0
6
0
16
1
9
0
0
0
4
3
15
6
0
13
12
1
0
0
8
5
5
0
0
6
12
9
7
0
0
0
8
0
5
6
7
7
6
5
0
1
5
5
6
0
9
1
0
6
7
18
0
0
21
7
0
0
0
6
1
0
8
6
8
9
0
0
4
0
6
9
1
9
14
10
8
1
0
1
5
5
0
6
4
0
1
7
7
5
0
8
0
10
0
13
13
16
0
15
13
9
1
4
6
0
5
7
10
0
5
7
0
0
6
1
0
0
13
13
21
7
0
9
5
10
0
2
0
5
0
0
13
8
0
6
19
0
0
17
0
6
5
9
0
0
8
0
9
9
0
0
0
20
1
17
0
6
0
1
9
0
10
5
9
0
7
0
4
0
2
4
0
4
0
0
5
5
0
0
2
3
7
3
0
0
0
2
11
7
5
0
1
0
4
11
2
0
7
0
1
