44
45
34
45
36
41
32
35
28
38
30
31
34
50
34
36
38
43
36
24
36
44
41
36
15
19
29
33
43
35
27
31
32
54
45
38
22
49
44
76
39
33
39
26
36
14
33
56
47
25
33
69
28
21
56
40
22
22
31
36
69
27
37
40
22
43
36
23
24
16
31
34
28
35
38
48
39
32
24
32
15
26
34
34
71
43
32
45
26
35
26
31
20
60
23
16
43
39
40
28
37
55
40
29
30
24
19
39
47
38
63
25
28
33
32
33
21
29
31
38
47
27
38
46
41
25
29
13
54
18
46
72
12
42
39
39
32
31
39
26
32
38
39
33
41
45
51
34
35
37
28
32
38
45
20
45
59
39
45
44
39
51
35
32
33
32
38
28
57
42
44
40
33
22
35
25
7
34
36
72
42
37
44
44
43
27
36
42
25
44
37
43
10
30
38
41
38
52
31
32
28
19
26
34
48
45
48
43
42
39
39
36
28
15
47
37
66
31
18
26
43
27
32
31
24
38
47
39
35
32
34
64
39
31
29
36
39
45
30
37
25
47
42
45
69
40
17
34
45
44
60
67
48
59
47
64
42
25
10
17
25
11
73
23
30
62
32
46
43
29
35
26
53
76
48
39
64
37
46
28
41
25
28
40
57
29
33
47
4
6
4
0
6
10
0
2
6
8
4
4
2
0
4
0
6
4
0
2
16
0
4
2
4
0
2
4
10
2
2
4
2
2
8
2
0
0
4
2
2
2
6
6
2
0
4
8
6
4
2
4
8
2
6
4
6
6
4
6
4
4
6
2
4
10
8
6
10
8
6
4
4
8
12
6
6
6
4
10
17
31
8
2
12
2
8
12
12
14
6
16
10
8
12
8
10
6
4
18
16
6
10
10
10
8
10
6
16
10
12
14
8
12
10
12
8
6
12
8
12
6
6
10
14
14
8
6
10
8
12
10
14
10
10
10
10
12
6
10
12
24
10
14
19
6
18
10
14
10
18
14
2
4
6
6
6
8
10
12
18
12
8
8
9
6
10
16
20
8
14
8
12
10
22
37
14
8
12
4
10
12
6
12
4
10
2
8
4
37
4
2
26
24
8
22
4
20
16
14
16
14
10
14
8
12
6
22
16
22
10
4
12
4
10
8
4
8
14
10
6
2
8
20
10
16
8
16
16
8
4
16
8
10
10
16
14
18
6
10
14
10
20
6
6
6
14
12
2
8
2
14
8
8
8
7
2
8
8
14
6
10
2
4
4
8
4
4
8
6
6
2
6
2
2
10
4
4
16
2
8
6
4
12
4
6
14
2
8
2
4
8
9
5
8
4
5
3
4
9
5
2
4
4
5
3
8
6
5
9
1
7
9
8
2
6
6
2
5
7
4
10
4
9
2
3
6
3
0
15
9
7
6
6
14
9
49
40
45
2
4
4
6
7
20
2
4
2
3
9
5
4
0
6
4
11
6
2
4
2
6
4
5
15
2
10
2
6
7
4
3
4
2
7
13
10
5
17
12
7
5
12
4
10
7
2
5
6
6
2
16
4
6
2
4
2
4
4
4
2
8
5
7
4
9
2
5
4
2
13
9
9
11
12
4
4
5
2
5
18
6
5
4
4
0
9
5
7
4
4
8
7
55
2
8
10
7
6
2
6
4
7
29
9
14
5
7
7
9
13
14
7
3
12
4
6
13
8
9
13
2
6
6
10
3
3
3
6
6
8
4
4
6
4
6
15
6
7
9
7
10
7
4
6
7
5
9
19
2
7
29
4
34
4
9
0
4
8
2
11
9
15
6
10
7
11
9
3
5
9
2
9
13
2
7
7
6
29
4
4
6
3
4
4
5
5
4
4
4
4
5
4
5
4
5
10
5
2
7
9
6
6
8
9
7
6
7
0
4
5
7
6
2
11
3
13
4
11
11
3
7
5
10
9
2
7
15
2
5
6
8
8
8
8
3
7
14
7
5
14
10
5
5
7
9
8
7
7
6
13
8
6
5
6
8
13
12
5
9
10
2
13
16
8
10
16
8
6
8
7
6
12
2
6
8
9
4
19
5
5
6
8
6
6
4
7
8
13
4
10
13
8
8
2
22
12
4
7
18
4
7
4
10
10
10
7
7
2
13
4
6
13
8
7
7
6
5
8
7
6
2
10
2
2
6
6
2
12
5
6
11
5
10
4
3
6
5
4
7
7
6
7
4
8
8
25
8
7
7
7
8
10
4
17
17
8
10
10
10
6
4
15
4
7
17
6
9
4
8
8
4
10
13
8
8
4
8
9
5
15
6
24
6
4
6
13
4
6
4
6
6
4
5
2
6
6
8
10
10
8
9
12
8
10
22
6
8
4
3
13
11
4
6
8
15
6
10
6
4
5
10
6
8
11
4
15
6
13
4
9
4
6
4
15
4
2
6
4
6
4
11
12
6
8
2
8
19
4
4
4
7
4
6
2
13
6
0
8
6
8
4
4
0
4
8
6
6
17
6
4
4
7
2
8
13
8
6
4
8
6
2
4
10
17
4
15
0
8
8
4
10
10
6
6
15
7
4
8
6
8
13
15
6
2
10
4
2
4
4
4
2
4
8
8
6
2
6
5
6
8
11
10
6
7
1
0
0
0
0
0
10
14
18
0
12
10
13
0
0
0
0
14
9
19
11
16
13
0
0
0
0
0
0
12
6
18
17
14
14
11
0
0
0
0
0
14
18
14
11
14
0
0
0
0
0
0
0
13
17
12
0
16
16
0
0
0
0
0
0
18
17
15
8
14
21
0
0
0
0
0
0
16
0
18
14
10
16
12
0
0
1
0
0
4
18
5
12
16
15
11
0
0
0
0
0
9
14
17
12
15
18
11
0
0
0
0
0
14
10
16
13
12
10
12
0
0
0
0
0
12
17
14
7
12
0
0
0
0
0
0
0
0
9
0
13
15
8
6
0
3
9
0
0
0
9
8
0
11
8
9
6
0
0
0
0
0
8
19
12
0
14
12
15
1
0
0
0
0
0
0
13
13
7
0
7
10
0
0
0
11
11
1
6
14
12
16
0
1
0
0
0
8
8
11
13
16
16
10
0
0
0
0
0
1
13
0
0
13
14
9
0
0
0
0
0
13
12
16
12
12
14
0
0
0
0
0
0
0
10
11
0
6
14
6
0
0
0
0
0
1
6
13
12
5
12
7
0
0
0
0
0
6
12
15
1
26
11
0
0
0
0
1
0
12
11
8
18
15
8
0
0
0
0
1
0
11
9
9
10
10
9
8
3
5
3
3
4
3
7
7
4
7
7
5
3
6
6
5
5
7
5
7
5
6
4
5
5
4
6
4
3
4
4
5
6
5
4
6
8
7
9
3
1
3
3
7
2
6
3
9
3
6
4
3
3
2
5
7
7
7
8
5
5
9
6
7
7
6
0
11
9
9
7
5
6
5
4
7
5
11
9
11
7
9
7
7
5
8
5
5
8
5
4
11
6
11
7
9
3
7
8
7
7
7
8
11
7
8
7
7
7
5
6
7
8
9
8
9
11
9
5
7
11
7
7
7
9
9
8
13
7
11
5
7
5
5
3
5
9
9
9
11
7
9
9
9
7
10
5
5
8
11
9
7
6
10
4
9
7
5
7
6
7
6
9
7
11
7
7
5
7
5
5
5
9
9
9
11
9
7
8
7
3
5
8
3
8
11
11
10
9
8
7
11
5
5
5
5
7
9
10
8
7
9
7
9
5
7
3
5
7
6
11
9
9
7
5
3
3
3
5
5
6
5
7
9
5
8
5
5
2
3
7
5
9
5
8
5
6
7
7
5
7
3
5
7
7
3
9
7
6
7
7
3
3
6
5
5
11
3
5
7
7
7
5
7
5
5
5
5
7
2
7
6
3
5
6
7
6
5
5
5
5
5
5
5
7
7
6
5
7
3
3
1
1
1
0
1
1
5
5
3
1
0
2
3
2
2
1
5
3
1
3
3
5
5
2
3
5
3
3
3
3
2
5
3
2
2
1
3
3
3
0
3
3
0
1
2
0
3
2
3
7
5
1
5
0
1
11
9
5
3
15
1
1
5
5
0
13
3
3
5
3
2
3
2
1
0
9
3
2
3
1
7
5
2
2
3
3
5
3
2
5
2
2
2
2
0
5
3
2
1
0
1
3
13
3
3
2
3
5
11
5
7
2
2
3
2
1
3
2
1
19
3
2
3
11
1
1
3
3
5
3
1
3
7
2
2
15
3
2
3
3
5
3
0
3
3
2
11
5
2
0
5
3
5
3
5
3
1
5
1
0
3
2
3
3
3
3
3
3
9
5
3
0
2
2
2
1
2
0
2
2
3
3
3
5
1
0
3
3
5
2
9
0
2
3
7
2
3
3
5
5
5
7
2
3
2
3
0
3
0
3
2
5
3
2
3
1
13
1
2
9
2
2
3
3
2
5
1
3
3
3
3
1
9
5
5
0
1
11
15
0
2
3
2
5
1
1
5
3
2
3
3
5
3
2
0
1
5
3
3
3
5
2
3
2
0
2
3
2
5
3
3
3
3
3
1
5
2
5
2
3
3
2
3
2
2
17
15
17
21
19
12
20
14
17
17
23
15
33
26
11
21
13
15
18
19
19
17
23
29
13
15
13
19
12
19
19
20
8
6
4
12
6
9
9
8
8
6
8
7
6
5
4
6
4
11
67
4
8
6
4
8
6
10
4
6
7
5
4
6
12
8
11
6
6
7
13
5
4
8
4
7
8
6
7
3
10
7
8
4
4
4
10
6
8
6
11
7
4
6
6
6
7
10
6
11
8
11
8
6
5
7
8
8
14
12
13
35
12
8
6
9
8
9
6
11
6
12
8
11
8
4
11
10
7
8
4
6
9
8
8
11
7
8
4
8
11
6
6
6
14
8
6
9
9
8
12
10
6
11
11
6
9
7
4
14
38
6
15
9
10
6
8
8
6
6
8
9
11
13
4
11
5
4
8
6
4
10
9
18
6
7
10
8
8
4
6
8
4
11
8
9
8
6
13
9
6
6
4
9
13
8
10
10
7
6
6
7
9
7
6
2
7
8
11
6
47
10
6
4
7
8
10
6
9
11
7
6
6
8
6
7
7
6
6
6
22
7
8
6
6
6
8
7
5
7
4
8
6
7
6
8
8
8
6
4
5
6
8
10
4
4
6
9
9
7
6
9
6
6
6
7
6
4
8
6
2
6
10
8
10
6
23
6
4
0
4
4
4
2
2
0
2
2
0
0
0
4
6
2
2
4
0
0
2
2
2
2
2
2
2
0
2
4
4
0
0
2
2
0
2
0
2
2
0
2
0
4
6
2
4
4
2
0
0
2
4
4
2
0
4
2
0
2
4
4
0
0
2
6
0
4
2
4
4
0
2
4
2
0
2
0
2
0
2
2
0
2
0
0
2
4
14
0
2
0
2
0
0
0
0
2
0
2
4
2
0
0
4
0
2
4
0
4
0
0
2
4
4
4
2
6
2
2
0
6
12
0
2
0
4
0
4
2
0
0
2
2
2
2
0
2
2
0
2
0
0
4
2
2
4
2
0
2
0
2
0
0
2
0
2
0
6
10
2
2
2
2
0
12
0
0
4
0
0
0
4
2
4
0
4
6
2
0
2
0
2
0
0
2
0
4
0
2
2
0
2
4
2
0
2
0
0
2
0
0
2
0
4
0
0
0
0
2
2
2
2
29
2
0
0
4
2
0
0
2
2
2
2
4
2
0
0
2
2
2
6
0
2
2
0
4
6
14
0
0
2
0
2
6
0
2
0
2
0
2
2
2
0
2
0
2
2
4
2
2
2
2
4
0
4
6
0
4
2
4
0
0
4
4
0
4
2
2
0
2
6
2
2
4
0
2
0
0
0
0
0
0
0
0
0
0
0
0
0
0
2
2
2
0
0
0
4
0
0
0
0
0
0
0
2
0
0
2
0
0
0
0
4
0
4
0
8
0
2
2
0
0
0
0
0
4
4
2
4
0
4
4
4
2
2
4
2
2
4
0
0
0
4
4
4
2
0
4
4
0
4
4
4
0
4
4
4
4
2
0
0
0
0
4
0
0
4
0
4
2
4
4
4
4
4
6
2
0
4
0
6
4
0
0
2
4
6
4
0
2
4
4
6
4
4
0
0
2
0
4
0
0
4
0
4
4
4
0
0
2
4
2
4
0
4
4
0
0
2
4
2
2
6
0
4
2
8
4
2
0
4
4
4
4
4
4
4
4
6
4
0
0
4
4
4
4
0
0
4
4
0
4
4
4
4
4
4
6
0
6
6
4
4
2
4
0
2
0
2
4
0
2
2
0
4
4
2
0
2
4
6
6
6
4
2
4
4
2
2
4
2
2
0
0
4
4
4
4
0
2
2
4
2
0
4
4
0
4
4
4
2
2
6
0
4
2
2
4
0
2
0
0
2
4
0
0
2
4
0
0
4
0
4
4
0
6
4
0
4
0
0
4
0
4
0
4
4
0
0
4
6
0
4
4
4
4
0
4
0
2
2
0
6
6
