23
20
2
16
0
17
0
38
19
0
27
32
0
19
0
44
11
17
11
18
11
24
25
11
25
38
28
23
45
0
16
31
48
0
0
6
9
0
38
39
0
12
19
15
15
19
13
15
15
4
21
19
23
17
11
0
21
17
22
15
25
0
34
17
27
27
9
27
0
0
19
0
9
22
25
38
19
21
11
17
17
23
46
28
25
21
26
21
0
35
27
32
17
18
27
48
15
30
19
9
26
23
20
31
46
9
17
16
0
61
0
14
9
0
13
14
19
19
29
0
2
0
40
40
35
23
19
9
27
25
21
40
9
25
24
29
13
0
20
2
23
21
0
24
17
11
0
11
9
9
34
36
32
16
13
9
9
0
48
19
42
14
0
3
25
15
13
8
23
70
9
29
25
41
11
15
28
0
0
9
16
30
0
18
23
0
38
0
6
18
0
26
20
25
36
13
17
30
0
0
7
32
0
13
27
11
19
0
38
18
19
0
19
9
0
9
4
0
17
19
17
21
0
18
9
8
8
15
21
8
18
2
0
15
23
27
12
0
0
0
14
25
21
10
13
15
28
0
0
16
21
17
27
17
7
10
34
9
44
11
0
9
13
14
25
2
16
38
0
11
17
9
9
9
12
11
6
0
21
14
0
11
7
24
0
0
2
17
10
4
6
2
4
6
0
2
8
0
8
4
2
6
4
2
8
4
0
4
6
4
4
4
6
2
0
0
2
4
6
6
4
2
8
2
4
10
6
2
33
2
6
6
4
6
2
4
6
2
6
25
6
10
10
17
14
6
12
6
10
4
6
14
4
6
10
4
2
6
8
4
4
6
10
6
4
2
4
12
18
14
4
2
6
12
16
4
8
4
10
10
21
6
4
8
8
18
12
6
12
10
10
10
23
14
12
6
6
8
12
6
4
10
4
6
4
6
16
4
6
25
10
6
16
12
4
8
16
8
8
8
8
4
12
8
8
12
8
14
18
12
10
8
4
14
19
10
8
8
6
21
8
16
14
10
16
49
8
6
12
4
2
20
16
6
16
8
12
18
10
19
8
12
10
12
8
10
10
4
13
6
8
12
10
8
6
16
12
2
8
6
17
18
23
12
8
16
16
8
21
10
12
8
19
14
4
10
12
8
2
8
6
12
10
16
10
6
8
21
10
20
8
4
18
4
4
6
2
19
10
14
8
4
12
10
4
8
6
14
8
8
6
10
4
10
19
4
4
2
6
4
6
2
2
4
6
6
12
10
0
4
4
12
6
0
2
14
4
8
2
12
6
8
4
10
10
6
2
4
6
8
2
2
0
4
4
4
0
2
4
2
6
2
4
6
0
2
2
0
2
0
0
4
8
2
0
2
2
2
2
4
2
4
0
6
0
2
6
2
2
4
2
0
2
0
2
6
6
4
4
2
6
9
4
6
6
0
2
2
4
4
0
0
2
11
2
4
0
0
4
4
0
0
0
2
0
2
6
0
2
6
4
6
4
0
0
2
4
0
0
2
73
4
0
2
0
2
0
2
2
2
2
0
0
4
8
2
2
2
0
4
6
4
0
4
0
73
2
2
4
2
2
2
2
0
2
0
4
0
2
0
2
4
4
4
0
66
2
0
0
2
0
0
2
2
6
2
0
0
2
2
4
0
2
2
61
2
0
0
0
0
2
0
6
4
2
2
0
2
4
6
4
4
8
4
2
14
2
2
0
2
2
0
2
4
4
6
4
6
4
2
2
2
6
4
2
2
2
2
2
2
2
2
2
0
6
4
2
0
4
4
4
10
2
6
0
2
58
4
4
0
0
2
0
8
5
2
6
4
4
0
4
0
4
4
2
6
6
2
2
0
4
4
6
2
4
2
2
4
6
4
9
0
0
2
4
2
2
0
0
2
2
6
2
4
4
0
2
2
2
4
2
0
4
2
4
4
2
4
2
2
8
8
65
2
2
8
2
6
0
0
0
4
6
6
11
15
15
13
9
7
19
7
5
9
7
13
9
9
17
23
9
19
9
17
15
11
15
9
9
13
17
9
7
17
15
5
11
11
13
13
15
7
5
17
3
7
13
17
13
9
19
17
17
11
13
9
9
11
21
9
7
13
9
9
17
13
35
9
17
11
9
7
31
13
5
3
5
15
11
7
5
5
9
7
11
5
15
3
5
13
9
5
7
11
11
2
7
11
7
15
13
5
15
5
3
9
19
9
23
7
9
11
11
9
9
15
7
19
13
11
15
9
13
7
13
13
21
15
11
21
7
15
13
15
33
31
27
27
19
7
13
9
17
7
9
21
15
19
17
21
17
11
19
7
5
19
27
19
15
13
23
31
13
15
15
21
11
19
17
31
9
27
2
9
13
29
47
19
19
11
19
25
19
19
21
13
9
13
15
11
9
13
37
19
23
19
21
7
11
25
17
21
13
7
9
7
21
15
9
11
21
11
43
19
15
9
17
15
31
27
15
15
11
7
13
7
7
13
15
15
9
19
17
25
27
9
7
15
15
13
15
17
15
7
15
11
13
17
13
2
11
7
15
7
11
11
9
5
9
9
9
11
7
7
21
19
15
5
9
3
7
25
15
15
13
7
15
11
13
7
11
13
9
11
9
15
13
35
2
13
15
21
0
3
0
0
3
6
0
5
5
4
2
2
2
0
1
2
2
0
2
0
0
2
1
0
0
0
2
2
2
2
2
2
2
2
2
0
2
0
0
0
0
4
2
0
2
0
4
1
2
0
0
0
0
4
0
6
2
13
2
4
0
2
0
2
6
4
8
0
2
2
2
0
0
2
2
0
4
0
2
4
4
2
2
8
0
8
2
8
0
5
2
2
4
2
2
12
0
2
0
0
0
4
0
2
2
14
2
2
0
4
2
4
0
8
4
0
4
0
0
0
2
2
1
2
6
4
1
4
2
2
0
2
4
1
2
2
0
0
4
4
2
2
0
0
2
2
2
4
4
4
1
6
13
0
4
2
0
5
4
4
0
2
9
1
0
6
0
0
2
1
1
1
1
1
0
3
0
6
0
4
2
9
2
2
4
1
2
0
0
1
2
0
1
2
4
2
4
3
4
5
2
2
1
0
6
0
2
9
0
3
0
2
0
0
0
2
2
2
0
10
2
4
4
2
0
4
0
4
0
2
0
0
4
0
2
0
2
4
0
0
1
4
10
0
4
0
0
6
0
0
2
0
0
0
0
4
2
0
0
0
0
2
0
4
0
2
10
2
0
0
0
4
2
0
2
0
2
0
4
4
0
2
0
0
0
0
0
0
2
4
4
4
2
0
4
0
2
6
0
2
0
4
0
8
0
4
0
4
0
6
4
0
4
2
0
2
6
0
0
2
4
4
2
2
2
2
0
2
4
2
4
2
0
2
2
2
2
2
0
2
4
2
0
2
4
0
0
4
0
4
0
0
8
2
0
0
4
0
4
0
2
4
0
2
0
8
2
0
2
0
2
6
2
2
2
2
2
2
2
2
2
2
2
2
8
2
2
4
2
0
4
2
2
4
2
2
0
2
2
0
0
6
2
6
4
0
6
2
4
4
4
2
4
4
2
0
2
6
6
2
2
2
2
4
6
2
4
4
0
6
2
10
2
0
4
4
2
2
8
4
0
0
0
2
0
4
0
4
4
0
2
2
4
0
4
2
6
2
6
2
2
2
0
2
0
2
0
2
4
6
0
0
2
0
2
2
4
0
2
4
4
6
2
2
2
0
0
0
2
0
2
0
6
4
2
2
2
0
4
4
0
0
2
2
2
0
4
2
2
4
2
0
2
2
2
2
4
4
0
2
4
2
4
2
0
0
0
0
0
2
0
8
2
4
2
0
0
2
6
2
0
2
2
6
0
2
6
2
0
4
4
0
2
4
2
0
0
2
6
0
8
2
0
2
4
2
2
2
0
2
0
0
6
2
6
4
2
2
0
0
0
2
0
0
0
2
0
2
0
0
4
2
4
0
2
4
4
2
0
44
0
0
4
4
0
0
4
0
2
0
2
0
2
2
2
2
4
2
0
2
2
2
0
2
0
2
2
0
0
2
4
2
2
2
2
0
4
6
2
2
0
0
0
0
0
2
0
0
2
0
2
2
0
4
2
0
4
2
0
4
6
6
6
4
0
2
0
0
0
0
2
0
2
2
0
2
0
2
0
4
6
0
4
0
2
0
4
4
2
0
2
0
2
2
0
2
0
0
4
4
2
4
0
4
2
2
0
0
0
0
2
0
0
2
0
0
0
0
2
6
4
0
0
2
2
0
0
0
0
0
6
0
0
2
2
2
4
2
4
2
0
0
4
4
0
0
4
25
0
4
4
0
2
0
2
2
0
0
2
0
6
2
2
0
0
0
0
4
4
2
0
2
2
0
2
0
2
2
6
6
2
0
0
2
0
0
0
0
0
0
2
6
0
0
2
2
0
2
8
4
2
4
2
2
2
2
2
21
0
4
2
4
0
2
2
2
0
0
4
0
0
2
0
0
2
2
0
0
2
0
0
0
2
0
4
37
2
2
0
2
0
2
2
0
2
2
2
0
2
2
4
2
0
6
2
0
0
4
2
4
0
2
0
2
29
21
12
21
15
25
15
8
10
29
15
15
10
21
14
14
19
15
14
19
15
19
6
23
21
29
12
12
19
23
43
23
16
19
23
25
35
48
17
33
25
8
12
31
16
35
14
25
25
23
27
8
44
15
14
41
12
10
15
19
31
23
33
39
27
23
14
17
19
29
15
33
12
6
23
10
17
19
21
23
25
27
21
25
25
12
14
14
19
33
35
10
14
19
29
17
27
25
14
23
8
25
15
48
14
25
19
21
29
23
19
29
52
16
23
23
35
37
42
14
56
39
15
17
30
43
19
68
29
37
33
33
62
12
17
17
66
10
29
25
62
17
37
10
56
21
37
50
10
15
21
21
8
19
8
23
50
15
29
13
8
27
19
38
37
8
23
21
12
10
29
8
50
19
6
29
14
14
12
19
31
4
12
35
17
8
19
23
21
8
12
21
23
23
21
21
17
12
12
6
12
12
12
6
31
12
29
19
35
19
12
37
35
14
31
8
14
41
50
33
42
15
14
17
25
12
33
25
15
14
12
17
33
8
29
29
35
45
8
23
12
25
14
29
15
43
41
48
10
12
10
21
37
23
46
8
14
48
52
8
37
12
12
27
21
14
37
12
15
17
35
10
14
12
12
27
25
41
50
12
31
33
12
39
12
14
29
39
6
2
2
0
4
2
4
4
2
0
3
2
4
6
4
0
4
4
4
0
2
2
2
11
2
0
2
7
3
0
4
15
4
4
5
4
4
3
7
2
0
4
2
0
7
2
2
6
3
4
2
2
2
2
0
0
7
5
2
4
2
7
2
1
1
2
2
2
2
7
4
3
0
2
2
4
2
4
6
5
5
15
7
9
0
5
3
2
4
4
2
0
2
7
2
3
2
15
2
5
2
2
2
0
4
0
15
2
5
2
7
13
4
13
0
7
2
4
5
2
2
5
4
2
2
6
11
0
2
4
2
2
2
6
5
2
0
3
2
4
4
13
3
6
0
4
9
13
2
4
2
7
3
9
3
4
9
2
1
4
4
4
2
2
2
3
11
9
4
0
2
3
3
4
7
11
4
2
2
0
2
0
2
7
2
5
6
2
5
0
2
2
2
2
2
0
6
0
1
0
3
4
2
6
2
4
0
3
5
3
13
0
2
7
2
2
4
4
0
0
4
2
2
5
3
3
5
3
5
4
4
0
0
3
2
7
4
2
0
2
4
0
3
0
5
2
0
0
7
2
11
5
1
4
0
3
2
0
5
2
6
4
0
3
2
2
6
1
2
0
4
2
1
3
0
4
5
2
1
3
4
0
6
2
4
5
5
4
5
5
17
7
5
43
9
17
17
2
3
3
3
17
5
3
9
3
5
3
11
9
9
3
3
15
17
3
25
5
9
17
7
43
11
7
7
13
3
5
9
3
3
11
11
3
23
53
5
9
5
2
17
49
2
21
3
5
3
9
5
5
3
5
19
23
2
5
19
3
5
9
3
19
2
2
5
7
3
3
2
5
5
11
3
3
5
3
3
3
3
9
3
5
31
2
7
44
5
7
19
23
5
5
2
9
3
5
2
5
5
7
11
7
15
3
9
5
3
29
9
9
3
9
7
7
56
2
35
3
3
7
9
3
7
3
9
5
43
3
3
3
19
7
5
2
3
13
9
3
7
7
3
5
35
2
37
7
5
3
9
3
3
9
2
19
3
2
13
5
13
3
2
5
5
7
9
5
3
3
2
7
5
5
11
3
3
3
9
1
9
2
3
35
7
5
5
5
5
3
9
3
3
35
2
5
3
2
3
2
5
5
9
3
5
9
3
17
19
2
3
3
3
7
2
3
5
5
2
7
5
3
3
3
7
5
3
3
7
15
3
3
3
3
5
3
35
7
3
5
9
2
2
7
7
7
33
5
3
7
3
11
5
5
3
2
3
3
5
9
5
33
9
9
9
3
5
3
3
3
5
5
5
5
5
9
11
13
