2
2
3
4
3
4
2
4
4
5
2
5
7
4
5
2
4
3
4
2
0
4
4
2
4
3
4
4
4
2
4
0
2
2
3
2
2
3
2
4
5
3
2
3
3
3
2
2
2
0
0
5
2
0
3
2
2
2
2
4
2
2
4
10
5
2
0
2
3
2
4
2
4
3
4
2
2
4
2
2
4
3
9
2
5
2
3
0
7
4
2
2
2
7
4
5
2
2
8
3
2
4
4
2
4
3
4
4
4
7
2
2
2
2
2
2
2
4
2
5
4
2
2
7
2
2
2
2
2
3
2
2
3
4
2
4
2
4
4
0
4
0
5
3
3
2
7
4
9
2
2
2
2
3
4
5
4
2
2
4
7
3
2
4
3
2
4
2
2
2
4
2
2
4
4
4
7
2
2
2
5
2
4
2
1
2
2
2
4
2
4
2
2
2
4
3
2
4
0
2
0
4
2
2
3
2
2
4
2
2
2
5
4
2
2
2
0
2
5
2
2
2
2
0
2
2
2
6
2
6
3
2
2
4
3
3
2
3
2
3
0
2
9
2
2
2
2
2
2
2
2
2
4
2
5
2
7
2
3
2
4
2
0
2
2
2
4
2
5
2
2
0
0
2
4
2
3
3
3
0
7
4
3
4
0
4
4
2
10
2
8
8
4
26
0
4
24
2
2
13
4
5
70
2
2
60
4
8
4
8
21
14
2
7
5
4
4
6
2
4
6
2
2
38
4
10
9
10
11
8
6
6
6
34
12
9
6
2
6
26
4
6
9
4
51
2
2
0
4
10
17
0
2
8
4
55
5
8
11
4
4
4
2
10
10
2
4
42
8
6
6
10
4
2
6
4
8
4
4
2
13
6
0
2
2
39
4
6
83
15
4
6
2
4
42
2
2
4
4
4
2
4
2
4
6
7
48
7
6
4
4
2
12
0
4
8
4
4
8
2
8
4
4
17
9
2
4
2
4
10
4
6
4
47
25
19
8
3
6
4
4
2
6
3
4
6
46
4
4
6
8
15
6
2
10
8
13
6
2
5
2
7
94
6
10
4
7
7
10
8
6
4
4
9
51
6
6
28
2
4
3
2
13
4
2
13
8
4
6
6
49
2
4
43
0
2
42
6
6
4
6
7
31
11
4
6
5
8
24
6
4
4
6
2
29
4
2
13
6
15
6
6
2
4
6
4
2
4
2
6
4
2
32
6
6
4
6
0
6
2
2
6
4
4
4
38
6
8
4
4
2
2
2
4
8
6
5
45
4
8
27
7
4
41
3
2
4
8
0
38
15
2
4
4
6
6
15
14
1
9
13
14
8
10
9
5
22
12
14
14
2
3
1
1
7
2
6
11
7
16
13
19
1
1
6
1
3
2
9
6
1
20
5
15
10
17
13
1
5
12
11
17
1
18
9
12
18
11
10
1
12
13
5
0
12
3
13
13
7
12
6
13
8
9
3
1
27
6
5
8
1
9
3
3
9
2
1
3
3
14
3
3
13
5
12
3
12
1
3
1
4
2
3
3
11
16
3
6
6
14
13
4
5
4
1
1
9
1
3
1
0
1
11
10
3
2
3
2
12
16
14
6
8
5
2
4
10
10
15
12
0
12
13
15
4
2
3
1
12
3
1
0
12
6
4
4
15
9
3
7
2
16
6
22
0
10
4
14
13
1
11
8
2
10
9
11
13
3
8
11
10
3
4
0
4
13
3
16
11
10
14
7
10
8
18
1
0
15
8
8
11
2
2
19
12
3
1
3
10
7
2
3
1
1
3
10
3
3
11
0
9
11
9
10
3
10
9
7
9
4
5
6
12
13
1
2
18
9
2
10
13
2
0
2
9
14
10
4
5
5
3
10
10
3
9
5
8
9
9
6
4
4
9
9
7
4
5
12
3
2
4
7
22
1
11
9
12
3
10
8
10
4
16
1
2
11
36
8
9
0
1
15
17
12
4
12
5
10
4
7
4
5
1
2
7
4
0
6
4
5
5
5
7
6
6
5
10
5
4
10
6
6
7
3
8
6
5
15
4
8
2
2
2
2
7
5
0
7
11
5
3
4
7
7
4
5
4
1
5
8
9
4
5
4
4
13
5
7
2
11
2
2
8
4
5
6
3
6
5
1
6
5
16
7
6
5
2
4
3
3
7
0
4
9
5
8
4
8
0
12
2
7
12
3
2
7
4
10
2
4
7
8
4
6
4
7
7
3
1
4
5
3
4
3
13
2
4
7
5
2
6
5
2
1
4
7
3
3
15
6
4
4
5
5
3
9
5
5
14
6
4
14
7
5
4
9
3
6
4
4
2
4
3
7
2
4
12
7
7
3
4
6
6
2
6
4
2
2
4
5
5
7
12
5
2
6
7
2
6
5
3
14
3
2
7
7
5
8
5
0
2
6
1
1
4
3
3
2
4
13
8
6
4
4
3
10
5
4
8
4
2
4
2
4
3
2
2
5
5
6
3
7
5
4
14
5
1
0
12
5
12
5
3
6
4
6
4
2
2
13
5
11
3
3
3
12
2
4
4
4
6
4
6
4
4
2
6
2
5
2
4
3
1
3
6
2
13
11
8
10
2
3
2
10
5
4
4
3
2
6
2
6
0
1
2
0
3
6
8
7
9
10
4
0
2
3
2
0
0
2
2
0
4
0
2
0
2
2
10
11
71
0
19
12
2
2
2
2
2
0
2
0
0
1
13
16
12
48
36
5
4
4
4
6
0
9
15
5
10
21
3
2
3
2
3
1
2
0
2
0
2
2
0
0
1
2
0
1
2
11
20
8
9
4
2
0
2
0
2
0
0
2
18
2
8
36
3
0
0
3
0
0
0
2
0
0
2
2
3
1
2
0
4
0
0
0
12
2
10
4
0
2
2
4
3
2
9
8
0
0
0
2
2
2
2
3
0
2
0
15
13
13
10
15
24
19
2
1
3
2
0
2
0
2
2
2
2
0
3
2
2
0
3
18
19
7
25
4
2
2
0
0
1
2
0
0
8
14
9
21
0
1
0
3
0
2
4
0
5
13
12
25
43
2
2
1
1
2
0
2
0
4
0
0
2
2
1
3
3
0
7
2
15
6
0
2
0
1
1
0
0
0
0
2
20
6
23
2
0
3
0
2
2
0
0
9
12
13
18
0
0
0
2
0
0
0
2
27
14
6
22
1
2
0
1
0
2
2
0
0
2
2
0
2
2
0
3
0
1
0
0
4
9
11
5
0
2
1
2
4
0
2
4
2
29
10
18
0
2
3
0
5
2
0
1
3
0
1
1
1
1
0
2
0
2
0
1
2
2
3
1
0
7
0
2
1
0
3
0
2
1
5
1
1
0
0
0
17
2
0
0
1
0
0
3
2
0
0
0
3
0
0
0
1
3
1
0
1
0
2
0
0
0
0
1
0
3
5
3
0
0
3
0
3
0
5
0
0
1
1
0
1
2
3
0
0
1
3
2
3
0
3
0
2
1
0
1
1
1
1
0
0
0
1
1
0
2
1
5
1
5
1
0
5
0
3
5
0
3
0
1
1
1
3
1
1
1
3
2
0
0
2
1
11
2
0
0
0
0
2
5
2
0
1
2
2
1
5
0
1
2
0
1
3
0
1
1
0
0
2
0
2
7
1
5
0
2
2
0
0
2
1
1
3
3
3
1
0
5
0
3
3
0
2
1
0
1
2
1
3
0
0
2
7
1
2
3
0
0
2
2
0
3
1
1
2
0
3
0
0
1
2
2
5
0
3
3
1
1
1
5
2
0
0
0
2
0
1
3
13
2
2
3
3
2
3
2
0
1
11
1
1
2
1
1
2
0
2
0
9
1
2
2
7
3
0
2
1
3
0
3
3
9
7
2
1
2
5
2
1
5
0
0
2
2
0
2
2
7
2
3
1
2
3
3
0
0
0
4
9
11
11
11
13
9
11
11
13
6
7
9
7
8
11
13
7
7
7
15
16
15
7
9
9
15
7
8
9
19
11
11
13
9
9
4
9
19
15
13
9
15
11
9
6
11
9
7
11
15
13
7
8
9
19
4
4
4
5
4
7
9
5
6
4
2
9
6
4
15
4
6
4
7
5
7
6
6
6
7
7
6
6
7
7
5
7
9
6
4
11
9
7
4
11
6
4
6
6
15
9
9
4
6
5
13
7
9
6
49
13
4
11
13
17
9
9
7
7
17
11
17
9
15
13
13
9
11
14
20
7
9
7
13
9
11
9
5
7
9
8
7
9
16
14
7
11
7
7
11
9
9
11
5
14
25
5
13
4
15
11
14
13
11
11
11
9
7
13
9
17
22
20
7
11
19
11
9
17
15
60
13
15
20
17
7
19
9
14
11
21
19
11
13
17
15
4
14
7
17
9
7
19
9
13
8
9
13
15
7
9
17
9
15
14
9
11
11
11
7
4
11
9
13
13
17
11
17
7
11
7
11
20
17
9
13
13
7
15
9
11
5
7
11
9
9
6
6
13
7
16
9
9
6
4
9
6
5
4
5
7
7
11
11
6
2
4
9
5
7
6
11
6
2
11
8
8
9
7
4
4
7
7
6
15
4
7
0
0
12
5
4
0
7
2
2
0
6
0
0
2
8
8
11
10
0
0
6
4
12
8
8
12
6
7
0
6
4
0
8
0
10
10
0
0
10
10
8
13
6
0
23
4
12
0
0
6
9
9
0
6
0
0
8
2
4
0
4
12
2
20
0
8
2
0
10
0
0
5
0
0
8
9
0
12
0
0
14
4
12
10
9
0
6
10
0
7
8
0
4
0
2
0
0
2
6
6
0
0
0
0
8
0
15
6
7
0
10
5
2
0
0
2
8
0
7
6
0
0
8
12
8
14
0
0
10
10
12
5
0
0
4
0
2
17
0
0
13
0
6
9
0
0
2
5
13
0
10
0
0
0
13
8
6
2
14
10
10
10
22
0
0
2
0
0
2
10
10
6
5
10
10
6
7
0
0
12
0
0
7
0
6
7
0
14
8
0
12
0
0
0
6
8
0
8
8
0
14
2
2
0
0
0
0
6
0
8
0
0
0
2
9
9
10
0
2
4
2
8
0
0
0
13
13
6
2
0
6
8
0
0
0
10
0
0
6
10
7
8
10
7
9
13
15
12
9
2
0
0
2
10
2
11
10
0
0
2
0
8
0
8
0
0
4
10
0
10
0
2
0
10
8
0
0
2
0
0
0
2
0
0
11
10
7
0
0
0
0
34
43
38
34
41
33
0
0
0
0
0
0
35
43
22
26
39
46
0
0
0
0
0
0
39
0
40
39
0
26
0
0
0
0
0
0
48
25
31
0
45
33
0
0
0
0
0
0
43
42
2
0
19
41
0
0
0
0
0
0
26
40
36
4
45
77
0
0
0
0
0
0
42
39
28
32
50
18
0
0
0
0
0
0
31
42
34
3
40
46
0
0
0
0
0
0
38
27
0
30
44
0
0
0
0
0
0
0
33
25
39
29
28
46
0
0
0
0
0
2
38
38
28
28
47
27
0
0
0
0
0
0
17
32
21
15
5
28
25
0
0
0
0
0
26
29
23
20
34
37
29
0
0
0
0
0
42
30
21
31
2
24
31
0
0
0
0
0
26
29
23
35
0
38
0
0
0
0
0
0
3
41
37
30
44
39
0
0
0
20
17
15
13
0
21
23
25
23
0
0
0
0
0
0
15
27
25
28
7
33
0
0
0
20
3
15
31
10
46
44
0
0
0
0
0
0
0
0
26
0
20
22
24
10
39
25
17
23
0
0
25
23
19
16
19
13
21
34
22
19
26
0
14
24
20
19
29
28
16
23
17
20
21
0
34
19
17
21
21
37
15
21
17
20
0
0
24
24
23
21
16
15
25
20
23
0
0
0
2
0
0
0
2
6
2
0
2
0
0
2
0
0
2
0
0
6
2
2
0
0
2
2
4
0
0
6
4
4
2
0
2
0
0
6
0
0
2
4
0
0
2
0
4
0
2
0
2
4
0
0
4
8
0
2
0
2
4
6
2
11
2
0
4
77
2
0
0
2
40
6
2
25
4
2
4
0
0
0
0
0
8
10
2
2
8
4
0
0
2
0
0
4
4
0
0
2
0
4
2
0
4
0
6
4
4
2
2
2
0
8
4
6
4
2
0
6
2
0
8
7
4
2
4
4
4
2
2
60
2
0
0
4
6
67
2
2
0
0
4
4
6
4
4
2
4
2
4
8
4
4
4
4
2
8
2
2
8
0
4
12
2
6
2
0
2
2
2
2
0
6
2
0
2
6
0
0
0
4
0
6
2
0
0
0
0
4
2
0
0
0
2
0
51
0
0
0
8
2
2
0
48
2
4
25
2
0
0
0
4
4
6
2
0
0
4
2
0
6
0
0
4
2
0
0
0
0
4
2
0
0
4
4
0
5
2
0
0
2
4
2
4
0
6
0
2
0
11
0
2
2
0
0
0
2
2
2
4
4
0
2
2
8
5
0
2
23
0
4
2
9
2
0
12
2
6
0
2
8
6
2
0
0
0
