2
6
12
8
10
2
8
4
10
6
8
10
8
12
2
6
4
10
8
8
21
4
10
12
12
12
4
8
8
6
15
14
2
6
12
4
4
8
14
4
8
10
4
6
8
10
6
8
16
10
2
10
8
10
3
6
14
6
12
6
10
12
14
10
8
8
12
19
12
6
9
10
6
8
6
8
8
4
10
10
14
6
12
8
6
6
6
6
12
6
8
21
10
6
21
14
12
8
6
10
13
12
16
6
7
12
19
6
4
14
8
6
14
6
10
8
8
15
14
24
8
12
16
12
14
8
4
12
14
10
12
4
16
6
10
12
10
16
10
21
6
19
14
10
8
10
14
6
12
8
6
8
14
18
12
8
6
14
6
4
10
16
8
17
6
20
18
4
13
16
6
12
8
6
4
8
14
10
8
2
4
18
16
14
4
6
6
25
16
8
4
6
8
18
4
27
6
4
19
14
14
16
6
4
8
16
23
21
12
12
8
4
8
12
8
8
8
4
16
4
4
8
4
8
10
14
8
6
2
4
12
6
10
8
8
12
14
8
8
6
19
4
4
0
6
6
6
2
4
6
8
6
14
4
10
10
6
4
8
4
10
24
12
23
8
12
8
6
2
10
6
10
16
6
0
2
0
6
4
8
4
0
6
4
8
6
0
18
4
1
2
3
5
2
2
4
0
4
2
0
2
2
5
25
1
2
1
12
1
0
2
1
3
13
0
2
18
0
4
5
4
0
0
2
4
8
3
6
6
3
4
7
4
2
2
2
2
1
0
2
4
4
2
3
3
7
10
2
6
5
0
5
3
0
4
4
6
4
0
6
7
4
4
4
2
5
4
1
4
2
2
5
2
12
2
3
2
6
10
4
4
1
0
3
5
7
6
5
9
0
5
8
7
5
2
4
2
11
2
5
9
7
7
3
10
5
0
0
2
7
2
7
4
2
1
2
5
10
6
4
5
6
3
2
2
11
2
1
4
0
2
3
5
7
5
9
3
4
5
8
4
5
5
5
4
2
2
8
4
5
2
2
4
3
5
10
2
5
5
3
6
6
3
2
8
2
3
0
0
0
5
3
2
4
13
5
2
2
17
6
1
3
3
2
4
4
4
0
7
4
6
4
5
0
4
1
0
7
5
2
4
7
2
0
2
2
2
1
5
2
5
0
1
2
4
0
5
2
4
2
4
4
0
3
2
2
0
1
2
2
5
0
10
5
2
2
0
2
2
1
0
2
2
0
2
4
2
0
2
0
0
0
0
2
0
3
2
4
4
1
0
1
2
4
2
5
2
0
1
0
0
2
2
0
0
2
7
11
9
5
5
5
13
11
13
15
5
7
11
11
11
15
7
7
9
11
9
11
15
15
15
9
9
7
5
11
11
3
11
15
5
7
9
9
5
11
7
9
7
31
11
7
7
9
9
11
15
9
9
9
9
9
15
19
5
9
9
11
9
11
7
9
11
13
7
9
7
5
7
7
11
7
9
11
7
7
11
13
5
7
7
7
7
7
15
7
11
9
5
9
9
11
11
5
9
9
13
7
7
15
9
9
9
9
5
13
5
7
7
7
11
7
7
7
9
9
11
7
9
7
7
5
11
9
11
7
7
7
9
13
7
9
5
3
11
15
9
7
7
5
7
9
7
7
7
11
7
5
7
7
5
9
7
7
9
5
7
5
5
11
11
7
5
9
7
5
11
11
7
11
9
9
7
9
9
7
11
11
7
7
9
5
7
11
7
13
7
5
13
5
11
9
5
9
9
11
7
9
11
13
3
11
11
9
5
13
7
9
7
7
9
9
5
11
9
7
9
9
7
13
15
5
7
9
9
9
9
5
7
15
11
9
15
9
7
7
5
7
13
7
7
9
9
7
7
9
3
2
9
11
15
9
7
9
9
11
9
7
3
7
13
9
11
9
5
7
9
7
3
7
7
13
15
7
17
7
7
15
9
13
9
7
7
3
3
3
0
0
2
0
3
0
3
5
0
2
0
2
0
0
0
0
2
15
3
0
3
2
0
0
2
2
3
3
2
5
2
2
3
5
0
0
0
3
0
0
0
17
0
2
0
0
0
0
0
2
2
0
3
2
2
3
2
0
2
2
3
2
0
2
0
2
3
2
3
2
0
2
3
5
0
2
5
5
0
2
0
2
0
5
2
3
2
2
7
3
0
5
0
3
0
3
0
3
3
0
0
5
0
0
0
0
1
6
5
2
1
2
3
0
3
0
2
3
2
0
2
3
0
4
1
0
2
2
1
2
0
1
3
2
2
0
5
2
2
0
0
2
2
3
0
2
2
0
0
4
3
0
2
4
2
0
2
2
3
2
2
3
2
3
1
0
0
0
4
0
5
2
2
0
2
3
1
0
0
0
0
0
3
3
2
0
4
1
0
0
2
1
0
0
2
0
0
2
6
2
0
0
2
3
2
2
3
0
0
0
0
7
0
1
5
0
0
5
2
0
8
3
0
0
2
3
2
0
2
0
3
1
2
3
4
3
0
2
3
2
3
0
0
8
3
0
0
3
0
2
0
6
2
3
0
2
0
0
2
3
0
2
2
2
0
0
2
2
0
0
0
1
0
0
0
3
3
3
5
3
3
3
2
0
0
0
10
6
10
6
12
2
6
8
12
61
8
13
0
8
6
4
8
12
8
12
10
6
6
8
8
10
6
14
10
10
8
14
6
8
2
6
10
7
11
6
8
0
2
4
4
6
8
8
12
14
6
16
2
8
6
8
10
10
4
8
12
4
6
0
6
11
8
2
10
10
12
8
10
6
10
6
6
4
12
10
13
4
0
6
8
10
6
10
2
10
8
6
10
4
8
2
2
11
14
6
8
99
2
2
4
6
10
12
8
2
6
6
8
2
12
10
10
0
12
8
6
8
4
8
12
2
10
4
4
4
6
8
4
8
12
10
6
30
11
6
8
10
2
6
8
12
10
10
6
6
8
8
10
6
2
8
8
62
6
8
6
7
10
7
6
8
4
8
11
2
2
8
8
30
11
0
67
8
12
8
10
10
6
0
4
10
6
10
67
10
6
8
6
6
8
10
10
2
10
6
6
10
68
6
7
8
10
8
10
0
8
10
4
4
8
8
4
2
0
61
8
8
59
8
10
10
10
8
58
6
0
12
4
8
69
8
10
55
6
4
6
6
8
4
10
11
12
8
8
12
10
0
12
8
9
8
14
6
10
6
0
10
4
8
7
14
2
6
6
8
8
14
13
2
8
8
10
8
10
8
6
8
10
54
12
10
92
31
4
2
4
4
4
0
6
6
2
4
2
4
4
6
4
2
2
6
2
13
15
8
6
3
0
7
6
4
2
2
13
4
4
4
2
2
2
5
4
0
4
5
13
11
11
6
2
7
4
6
4
6
4
13
0
2
6
4
6
2
8
4
8
4
0
2
11
7
9
15
5
3
4
9
4
2
2
2
4
4
11
15
8
2
4
14
4
4
4
4
2
4
2
13
4
6
8
6
0
4
3
4
4
4
4
9
2
6
7
6
5
2
2
10
6
4
6
4
4
6
6
6
4
5
2
2
6
0
4
9
21
4
4
8
4
3
6
5
2
2
2
8
10
7
10
6
0
2
2
17
10
8
9
4
10
2
6
11
11
4
4
0
4
4
2
2
6
2
26
2
2
2
6
4
6
4
4
6
2
6
5
2
2
4
4
8
15
4
2
2
11
4
4
4
6
4
2
2
4
4
6
8
2
4
4
2
4
6
4
2
2
0
4
0
2
2
2
2
2
2
4
2
2
2
2
4
4
6
2
2
4
4
4
4
7
2
2
2
6
0
4
2
0
4
0
0
2
4
2
2
2
2
6
2
4
0
2
2
4
4
3
2
2
2
6
6
4
2
4
2
4
6
4
6
2
2
4
24
3
0
4
2
4
4
2
2
4
4
9
8
14
0
8
3
0
0
1
10
10
0
9
0
11
14
0
5
10
14
7
0
6
11
16
13
15
0
0
6
0
10
12
17
11
13
0
13
0
18
22
0
0
0
0
13
13
4
3
0
14
0
23
0
5
0
0
0
4
0
0
8
12
1
0
9
29
7
0
4
11
0
9
11
1
0
0
0
1
13
0
5
11
12
7
0
0
0
14
8
9
3
2
27
1
9
2
9
0
6
3
7
9
1
12
18
12
0
15
13
25
18
5
4
0
17
9
2
1
0
0
0
9
0
1
0
10
4
10
2
0
8
8
11
35
0
0
0
0
14
0
0
6
0
1
9
6
12
0
4
7
16
0
9
0
0
7
0
13
0
6
0
7
5
9
3
10
8
2
12
9
11
13
0
4
6
0
0
10
6
11
3
11
0
1
8
1
9
0
4
15
0
13
12
0
7
16
7
10
0
4
0
0
13
8
5
10
10
0
5
3
15
5
0
16
12
7
0
0
13
1
9
0
10
10
1
6
0
10
21
28
0
0
9
9
4
8
15
13
12
23
12
1
0
11
0
15
16
15
18
3
15
20
22
3
14
11
5
14
16
6
11
15
13
1
0
11
18
5
0
0
24
0
1
0
0
17
0
1
35
0
8
11
22
0
13
0
6
2
0
2
0
0
0
0
0
2
0
0
2
0
2
2
0
0
0
0
3
3
0
2
2
0
2
4
2
2
0
0
2
1
0
2
0
2
2
2
2
2
0
2
0
2
2
0
2
2
3
0
2
2
3
2
1
7
0
0
0
0
0
2
2
0
0
3
3
2
0
2
0
2
2
0
0
2
0
2
1
0
0
0
0
0
0
3
2
0
0
2
2
0
3
0
0
7
3
0
3
2
0
2
2
0
0
0
3
0
2
2
5
0
1
0
2
0
4
0
0
0
2
8
0
1
1
2
3
3
4
0
1
2
0
0
0
3
0
0
2
0
3
0
0
1
0
14
2
0
6
0
15
11
0
2
0
0
0
3
2
0
0
2
2
2
0
5
2
0
3
0
0
0
2
3
2
0
8
0
4
2
0
0
0
17
1
2
1
0
2
1
0
0
2
2
1
2
0
0
0
0
2
0
2
2
0
2
3
0
2
0
0
0
2
3
2
0
0
2
0
2
3
7
8
0
0
2
2
0
0
0
11
2
0
4
0
0
2
1
1
2
0
0
0
0
0
2
2
2
2
2
0
2
2
2
3
2
3
0
2
0
0
3
0
0
0
0
0
0
0
0
0
0
0
2
0
2
0
0
0
0
0
2
3
0
3
0
5
14
32
16
16
38
40
28
42
54
29
47
26
37
37
38
32
42
25
30
39
39
34
28
11
35
36
26
26
37
51
35
24
31
4
24
17
35
18
49
43
22
16
44
26
19
23
36
33
24
37
33
19
39
21
34
34
17
25
29
17
27
45
44
18
19
39
25
41
23
24
14
31
41
23
26
18
48
46
28
24
37
32
20
27
24
35
17
41
21
22
26
25
35
19
23
36
30
37
46
46
34
43
62
41
22
26
22
30
23
29
24
37
24
19
32
22
26
22
28
20
23
22
15
11
32
40
38
49
39
19
19
41
32
1
56
16
33
14
24
30
26
22
32
39
32
24
45
44
36
46
44
45
41
31
16
28
0
21
23
29
38
50
23
23
53
16
22
22
23
23
43
23
20
14
40
38
47
20
31
28
34
25
41
17
35
28
30
37
47
36
38
34
24
15
51
43
21
19
46
18
33
40
45
48
23
24
38
47
29
35
41
41
18
55
37
22
26
50
43
48
23
36
19
20
45
16
28
24
34
21
17
18
21
24
25
24
37
24
18
31
37
33
25
23
23
37
21
28
21
26
38
0
26
21
22
27
24
12
44
16
24
42
27
30
22
30
30
22
39
16
20
31
29
34
22
15
14
12
14
21
19
27
13
27
15
29
30
31
6
6
5
6
6
8
10
6
6
4
12
4
8
10
4
6
6
4
4
4
6
8
10
10
6
14
8
6
2
8
10
8
6
6
8
8
8
14
7
6
12
4
4
8
6
13
6
4
6
4
4
12
2
10
13
12
12
8
4
10
10
13
5
10
4
12
8
8
8
12
10
6
9
15
5
11
6
8
4
6
8
11
8
8
8
99
21
15
8
4
10
6
10
6
8
6
4
10
4
17
10
19
11
10
8
8
23
17
8
11
7
12
6
8
4
13
11
8
11
12
15
10
13
12
8
12
15
10
21
9
8
6
8
6
6
18
14
10
8
14
4
4
11
10
6
10
8
8
8
6
10
10
6
8
6
6
10
6
10
6
6
6
10
12
6
14
10
11
10
8
7
16
19
17
19
6
11
27
9
15
8
11
13
4
12
14
10
21
11
8
8
10
8
6
14
12
6
10
4
9
8
9
7
14
15
8
6
14
7
17
8
10
8
8
10
13
4
6
2
10
11
4
10
12
8
10
10
17
6
11
34
2
14
17
13
10
14
13
9
17
27
6
11
6
6
10
19
10
13
13
13
4
15
11
8
9
9
32
12
15
7
8
12
11
10
9
12
16
9
11
6
6
13
10
4
11
6
13
15
12
11
11
17
14
14
4
10
6
