2
2
3
1
30
7
17
5
0
5
3
2
3
3
5
5
29
13
31
18
5
16
8
6
7
5
2
3
5
0
29
21
0
7
5
7
5
4
5
3
7
37
16
4
2
12
12
7
2
2
2
6
2
5
13
3
2
4
3
6
2
5
4
2
0
31
30
25
0
3
3
5
2
2
4
2
3
2
8
26
5
3
2
4
2
2
2
7
7
5
2
5
3
11
2
4
3
2
4
5
2
0
1
8
11
7
7
5
5
5
4
7
2
7
2
10
4
11
3
4
2
5
0
3
2
2
2
5
4
2
9
7
2
4
5
7
6
0
0
2
0
2
5
2
6
4
2
1
0
12
0
0
3
4
2
6
5
6
9
5
0
11
39
5
18
3
5
3
2
5
4
6
3
7
11
2
35
5
4
7
3
7
0
2
0
3
31
2
5
7
5
3
9
12
0
5
0
17
3
0
4
4
2
2
6
3
4
2
9
26
2
9
0
4
4
7
4
5
11
7
33
24
42
2
11
4
4
4
2
11
3
4
2
3
2
5
0
2
2
6
2
3
19
37
7
27
17
0
25
2
7
4
5
2
9
4
6
3
2
0
3
2
0
4
2
27
3
2
0
34
0
3
0
2
2
2
5
2
4
3
2
30
0
0
27
2
0
2
0
4
0
2
2
0
2
2
0
2
2
0
2
0
0
4
0
0
0
2
4
2
4
0
4
2
0
0
0
0
0
0
0
2
0
2
2
0
2
4
2
0
2
2
0
4
0
0
0
0
2
2
2
2
2
2
0
4
0
0
2
0
0
4
0
2
4
2
0
0
0
0
0
2
2
2
2
0
2
0
2
0
6
2
4
2
2
2
0
2
2
2
2
0
2
0
2
0
0
2
4
2
2
4
0
6
0
2
0
0
2
0
4
4
0
2
2
0
2
2
2
0
2
2
0
0
0
2
2
2
0
0
0
0
0
2
4
2
0
2
0
0
0
0
4
2
2
0
0
0
2
4
0
4
0
0
4
0
0
6
2
4
4
0
0
2
0
2
0
2
0
2
0
0
2
2
0
2
2
0
4
17
2
0
0
6
0
2
2
6
0
2
2
0
4
0
2
0
2
2
2
4
2
0
0
0
6
0
0
0
0
4
0
2
0
0
2
2
0
2
0
2
4
2
0
2
0
0
2
0
2
0
4
2
2
2
0
0
0
2
0
2
0
2
2
2
2
14
0
0
2
0
2
0
0
4
0
0
0
0
0
0
0
0
0
0
0
2
0
2
0
0
2
2
0
2
0
0
0
0
0
0
0
0
0
2
0
4
8
14
6
12
12
8
12
21
16
23
10
10
12
12
10
17
4
6
16
12
12
8
6
12
10
16
10
17
14
12
8
6
6
4
6
8
13
10
16
8
14
6
8
12
19
9
10
6
0
10
12
4
4
8
10
8
10
17
4
2
2
8
15
10
27
10
6
2
16
12
28
14
12
21
10
8
17
4
4
17
10
6
8
10
12
14
12
19
12
15
10
23
19
12
16
21
6
14
14
8
35
19
17
19
8
6
12
17
8
8
21
25
12
16
14
14
10
12
12
17
4
8
12
14
8
12
10
6
14
10
10
6
12
17
14
16
14
4
60
23
15
17
19
12
17
15
10
4
8
14
10
4
6
16
10
11
15
17
8
19
20
8
10
13
25
8
19
21
14
19
16
14
12
31
17
12
16
8
8
25
14
21
17
8
10
47
16
13
31
4
4
17
10
21
4
17
25
19
12
14
12
19
19
19
10
8
19
13
10
6
10
8
15
14
8
13
9
14
19
10
17
6
6
10
6
6
17
6
6
6
8
15
12
10
8
17
14
10
10
12
12
8
12
12
10
14
8
8
10
10
6
6
8
10
17
6
8
4
2
8
2
8
6
0
4
2
2
4
0
6
0
6
6
2
8
2
4
0
2
2
2
8
8
12
4
4
4
2
82
91
88
90
88
65
93
94
76
88
89
90
63
91
86
92
90
91
82
88
91
90
92
89
70
84
87
89
90
89
47
82
78
90
87
81
78
90
90
49
89
41
87
45
89
44
90
90
87
89
86
86
92
92
88
84
93
84
90
78
90
88
88
82
82
86
83
88
89
48
92
40
71
88
68
34
66
89
92
91
91
90
86
83
76
37
80
48
60
62
69
94
89
41
91
57
90
43
88
68
86
80
77
85
87
88
87
63
88
64
68
83
85
88
82
90
83
90
86
34
90
87
89
84
84
90
83
90
74
84
88
91
88
82
49
92
85
83
80
88
48
74
60
87
46
78
46
90
65
88
92
90
89
92
83
88
45
92
75
68
74
86
88
94
79
85
50
84
46
58
60
42
57
64
65
37
61
94
58
42
53
91
90
94
35
68
87
94
70
74
64
63
43
72
68
66
73
50
34
50
53
83
94
36
85
50
79
38
38
60
85
74
37
41
52
59
92
47
48
59
56
85
73
79
45
75
88
80
69
78
91
89
90
87
84
91
43
83
64
53
55
61
52
56
41
90
84
90
84
64
72
53
59
91
89
63
88
61
60
48
60
60
90
61
92
60
92
72
81
67
52
51
62
44
52
81
89
69
90
80
57
79
65
91
89
86
86
86
2
2
2
0
0
6
2
2
0
0
2
8
6
2
2
0
2
0
0
8
2
4
0
2
8
2
4
2
2
0
2
2
2
0
6
2
2
2
2
6
6
4
0
2
0
6
4
6
4
2
0
2
8
0
2
8
6
0
2
6
6
6
12
2
4
2
2
0
0
2
0
2
4
0
2
0
6
0
0
2
2
2
0
2
0
0
6
2
8
4
6
0
6
2
2
2
4
2
4
2
0
2
10
0
0
4
2
2
6
2
4
2
2
10
8
4
6
6
4
2
4
2
4
4
2
2
4
8
4
6
2
0
4
2
2
4
6
2
4
6
2
2
2
2
4
2
2
4
2
6
0
0
4
2
2
2
4
6
2
4
2
4
10
4
4
2
2
4
10
6
8
2
6
10
4
2
2
3
2
2
8
4
2
2
2
0
0
0
4
2
0
0
6
4
6
4
3
4
4
0
0
2
17
4
6
2
0
8
0
0
0
0
2
0
6
0
2
4
2
4
0
8
0
4
4
2
2
0
0
0
8
0
4
0
0
4
4
10
0
4
4
2
2
4
2
8
4
2
2
0
4
0
7
2
2
0
2
6
2
4
4
2
2
4
6
2
4
2
4
4
0
4
6
2
2
10
2
0
0
4
6
2
2
2
4
4
2
2
3
3
5
1
5
3
7
9
9
14
14
3
5
8
9
11
3
10
3
5
9
9
7
13
5
13
5
7
7
17
9
9
9
14
6
7
5
9
7
7
8
3
9
10
10
5
12
13
11
7
9
22
9
7
14
5
9
17
8
11
8
13
13
9
11
8
5
11
15
15
9
9
9
14
15
10
13
13
18
12
12
18
20
5
11
5
7
15
9
11
17
10
11
9
13
12
15
14
16
5
9
9
13
21
23
11
20
13
9
10
8
16
20
15
15
19
13
7
13
12
17
9
14
7
13
11
13
10
7
20
15
11
8
7
20
21
15
11
11
11
11
10
10
13
14
7
13
17
15
12
12
15
12
17
15
9
7
13
13
7
7
7
7
10
10
9
3
7
7
7
15
9
11
9
8
13
3
11
7
11
11
9
17
15
7
5
7
7
10
11
5
11
5
13
11
9
18
14
9
18
9
9
11
5
5
17
13
11
20
9
9
11
14
5
7
11
14
7
7
13
10
20
22
5
18
17
13
11
25
11
13
22
16
13
7
18
16
15
25
22
16
15
18
25
26
16
9
16
13
18
15
12
20
15
14
16
11
14
15
22
25
23
22
11
7
15
9
12
17
7
13
18
16
15
15
14
15
19
20
21
17
18
15
19
15
16
12
14
0
6
2
4
0
0
0
0
2
2
4
0
2
4
2
0
6
2
4
2
4
2
4
4
4
0
2
0
2
2
2
2
4
2
2
0
4
4
2
2
4
2
2
4
4
2
2
2
4
0
2
4
2
0
0
4
0
4
2
0
2
2
2
4
0
6
2
0
4
0
2
2
2
2
4
0
2
0
0
2
4
0
8
4
4
2
2
0
0
0
2
2
4
6
0
0
0
2
2
0
2
4
2
2
2
4
0
4
2
2
2
6
4
2
6
0
0
0
4
0
2
0
0
0
2
4
0
2
2
2
4
2
0
4
4
4
4
2
0
2
0
6
0
4
4
0
4
0
4
4
2
4
2
0
0
2
2
0
2
6
2
0
0
2
2
4
4
4
2
2
2
8
6
2
4
2
4
0
0
2
2
2
0
2
0
2
2
2
4
0
4
0
2
4
2
2
2
0
0
2
0
2
6
0
4
0
0
4
0
0
4
6
0
2
2
2
0
2
4
0
4
0
2
4
2
2
6
4
2
2
4
4
4
2
2
0
0
4
0
2
0
2
2
0
0
2
2
4
8
4
6
2
2
0
4
4
2
2
0
4
4
4
2
0
2
4
0
6
2
4
0
2
4
2
6
2
0
2
2
2
2
0
4
0
2
4
2
2
5
4
2
13
0
0
12
9
2
16
0
0
4
0
2
0
5
9
2
0
0
2
0
5
9
2
0
0
2
9
5
9
0
2
0
7
6
2
0
0
2
4
4
9
2
0
2
2
4
0
23
9
6
4
0
2
2
0
2
7
2
11
4
4
0
2
4
7
0
2
2
4
2
2
0
0
4
0
0
0
0
2
0
0
2
0
4
9
0
2
9
4
0
8
6
0
0
2
2
0
5
0
2
2
4
0
2
0
6
6
0
0
4
0
0
0
0
4
0
2
2
0
0
2
5
4
2
4
2
8
6
6
0
6
9
2
20
4
6
4
4
0
4
2
13
4
8
4
2
6
0
0
17
4
0
0
7
0
0
4
2
2
6
2
0
17
2
0
0
0
0
2
0
2
0
2
0
4
4
3
2
2
6
9
6
2
8
7
9
20
6
4
4
26
0
4
6
9
6
17
9
9
0
4
0
13
9
4
0
0
7
4
6
0
2
0
4
0
4
4
8
0
6
2
23
4
10
0
0
4
6
4
0
2
2
0
20
9
0
0
6
17
0
2
0
7
2
9
12
4
2
10
34
6
6
2
21
11
7
4
2
4
4
2
6
23
9
2
2
8
0
2
6
2
4
6
0
2
2
2
4
6
7
4
0
4
4
0
0
4
0
1
0
0
6
0
2
4
2
4
6
2
0
3
0
0
2
2
0
2
6
2
2
0
0
0
2
4
2
2
2
0
0
6
2
4
0
0
1
0
1
0
2
6
8
4
4
6
0
0
2
0
6
6
0
0
0
0
4
2
2
0
0
0
4
7
1
2
6
7
4
2
0
0
3
6
0
6
0
2
7
4
4
0
4
2
2
0
2
4
2
0
4
8
0
2
2
2
2
0
3
0
0
0
6
4
4
2
2
0
0
2
0
7
0
3
2
2
0
2
0
2
0
2
0
4
3
2
7
0
2
0
0
0
0
0
4
0
0
1
0
0
0
4
0
3
0
2
0
0
2
1
0
3
2
0
2
0
1
0
3
1
0
1
0
3
8
2
0
0
0
1
0
0
0
1
4
0
6
2
4
2
2
2
0
2
2
0
2
0
0
2
0
0
0
1
0
0
1
0
1
1
2
2
0
0
0
0
5
2
0
4
2
6
0
0
2
3
0
2
0
0
4
9
0
2
2
2
0
0
4
0
0
0
2
1
0
2
0
0
0
3
1
0
1
0
3
6
0
2
12
4
0
1
1
0
2
1
0
0
2
2
2
1
1
1
0
40
3
1
2
0
1
0
0
0
0
0
0
0
1
1
0
1
1
0
6
6
6
8
10
10
6
10
2
4
75
8
6
8
6
8
2
10
4
11
2
12
17
10
4
8
6
25
19
4
6
8
4
6
4
10
4
4
46
4
4
4
8
10
6
2
12
57
23
13
4
44
2
6
4
12
32
8
4
4
4
8
13
4
8
44
32
4
4
4
8
4
54
8
6
12
6
6
57
2
18
44
8
10
2
10
6
15
29
6
4
10
19
13
4
10
6
0
10
2
6
6
6
8
28
6
8
38
2
6
6
12
6
4
6
27
12
31
6
8
56
4
27
4
6
6
6
8
26
4
10
4
4
4
61
6
10
6
8
4
4
6
87
8
4
4
8
4
57
6
4
42
4
6
6
6
10
61
53
4
21
8
8
6
6
4
10
11
6
10
8
15
63
8
10
33
6
6
8
6
8
10
4
4
8
4
4
6
6
10
17
56
11
4
4
4
8
10
8
58
11
8
6
4
4
6
6
6
19
4
4
2
11
6
27
6
8
2
6
6
15
6
6
4
6
96
6
12
29
25
6
10
6
6
4
6
21
71
4
35
58
10
6
4
8
6
4
4
47
2
10
8
4
8
6
26
10
12
12
28
2
15
6
11
9
13
15
8
23
4
13
17
11
19
21
27
10
10
15
21
6
31
2
15
23
21
19
17
