7
4
3
80
3
4
16
2
2
3
6
9
5
2
4
2
3
11
2
5
0
2
3
4
2
3
2
2
4
4
6
14
4
2
4
4
0
2
2
4
2
2
4
2
4
4
4
4
9
2
4
2
2
2
0
2
0
0
2
11
0
4
2
2
7
3
1
4
1
4
4
15
2
6
4
2
2
2
2
4
4
2
2
2
6
2
0
2
2
2
0
3
2
2
2
2
18
2
4
2
15
2
3
2
2
3
3
2
4
2
2
4
4
2
0
2
2
4
5
2
2
5
2
8
36
2
0
2
2
2
3
2
0
3
3
0
2
0
16
11
4
4
4
2
2
2
2
2
2
6
4
4
4
0
2
4
0
2
2
2
4
2
0
4
2
2
3
11
2
3
9
5
5
2
0
2
4
0
2
3
2
4
2
2
16
4
2
2
2
0
0
4
4
3
0
5
4
4
2
2
0
9
2
2
2
17
2
3
2
2
2
0
0
2
2
4
2
4
5
6
1
4
0
2
4
4
4
2
4
2
0
4
2
2
0
0
2
0
2
2
2
2
2
3
2
2
2
2
9
2
12
2
2
2
4
93
0
0
2
2
7
2
6
2
2
0
4
4
2
6
2
4
17
2
4
2
6
4
5
5
4
2
6
4
1
2
2
2
2
2
5
3
7
2
15
2
3
0
5
2
3
3
2
5
3
3
7
2
3
3
17
0
0
3
2
3
15
7
2
3
2
2
3
2
3
3
2
5
3
2
2
3
2
5
2
2
3
2
5
2
3
3
5
3
3
3
2
2
0
3
17
2
3
2
2
5
0
2
2
0
3
3
3
3
3
3
3
3
3
2
2
2
2
0
5
2
23
2
0
3
2
0
2
3
2
5
3
2
2
3
3
5
15
3
2
2
2
5
2
3
0
3
2
3
3
3
0
5
3
2
3
3
2
3
2
5
3
2
0
2
3
3
2
3
2
3
0
3
2
2
2
7
5
2
2
0
2
5
5
3
2
7
2
13
2
2
0
17
0
3
3
0
15
2
2
3
3
5
2
3
0
13
2
2
5
2
0
2
5
3
2
2
2
3
3
15
11
5
2
0
3
3
0
5
9
2
3
0
2
5
0
13
3
0
2
2
2
11
2
13
3
13
3
19
2
3
2
1
0
3
2
2
5
3
3
5
0
3
3
3
3
2
3
2
3
3
13
2
2
2
2
0
3
2
5
11
0
3
5
3
2
3
2
15
2
5
0
3
5
2
2
5
3
3
0
2
2
2
3
0
2
5
0
5
2
5
3
3
2
2
0
2
0
3
2
0
53
61
85
24
29
43
17
68
94
70
20
71
62
44
30
57
63
76
57
44
26
18
67
23
20
28
29
11
63
31
18
82
69
6
37
16
63
14
38
15
60
58
26
35
61
27
27
19
13
11
32
23
35
11
26
24
28
19
9
26
32
22
26
13
52
20
21
13
24
17
29
17
45
69
46
51
32
24
37
58
18
21
94
47
31
33
23
22
15
33
28
59
60
24
31
42
51
48
20
30
32
47
40
35
13
19
40
22
61
28
50
71
20
20
55
16
91
46
30
42
59
43
37
13
79
18
29
38
70
62
28
41
37
29
71
56
67
44
98
34
66
87
93
52
55
31
88
49
45
72
37
30
51
50
46
67
35
31
11
22
29
32
52
37
44
68
60
20
64
41
74
37
21
43
41
65
69
30
21
56
76
60
63
35
17
57
77
52
44
68
46
85
44
32
53
58
78
55
74
65
59
36
66
37
79
14
46
26
45
70
56
31
28
43
19
57
45
26
64
32
40
37
40
79
14
47
53
41
29
24
33
40
20
31
53
31
51
42
17
36
36
28
11
32
35
40
48
24
45
14
15
11
37
39
19
7
24
11
13
14
14
7
2
4
0
13
5
2
5
15
5
5
15
9
4
2
5
7
10
2
3
4
2
5
2
0
7
15
22
37
59
50
34
12
35
28
46
72
38
17
65
54
41
74
68
70
75
37
24
28
37
57
8
95
81
95
28
91
87
26
98
81
24
39
80
73
75
67
45
67
32
31
32
40
63
92
20
80
58
72
86
76
99
85
37
37
65
65
29
82
77
35
26
32
28
18
48
39
24
87
80
85
69
49
57
44
37
88
59
41
90
84
86
79
37
35
37
50
95
84
18
26
47
26
28
30
72
47
28
61
91
7
55
61
45
97
34
81
91
48
81
41
98
28
70
80
43
57
79
70
92
64
91
93
73
57
51
41
73
84
91
36
73
91
91
39
92
9
49
52
46
34
92
84
80
72
58
22
91
86
44
18
74
69
67
52
41
87
66
47
82
46
38
46
91
97
88
97
89
81
20
93
55
25
27
27
88
35
76
63
46
95
76
72
61
88
28
37
30
34
46
57
87
87
25
24
46
18
24
18
86
59
52
63
83
46
28
52
31
32
35
67
59
86
46
37
43
58
27
84
87
42
51
31
33
25
31
38
30
87
62
91
87
43
29
29
40
31
31
23
37
16
46
59
30
46
77
27
47
19
38
20
60
30
52
31
70
18
20
73
37
91
41
9
42
44
63
69
19
31
26
9
18
39
64
25
33
20
35
27
32
21
71
23
25
26
9
17
10
17
11
11
11
24
6
13
11
8
11
4
16
8
4
9
9
15
9
13
7
17
11
11
6
6
13
15
8
8
6
4
17
4
6
17
13
12
6
12
4
4
11
13
6
13
6
8
8
2
8
6
8
6
8
6
8
11
10
13
6
6
17
6
6
4
8
17
4
6
2
10
10
4
6
6
10
8
6
6
8
9
6
11
14
10
8
12
12
6
8
9
8
9
4
9
6
4
12
8
19
17
13
11
17
12
8
12
8
0
8
8
13
12
21
8
13
15
27
15
13
21
13
11
13
32
10
15
11
20
14
11
10
11
11
10
12
12
13
19
19
6
13
11
10
6
6
11
15
8
11
19
15
6
13
13
12
29
11
12
13
12
15
13
10
28
15
15
4
8
17
6
6
6
21
19
8
15
9
15
21
15
6
13
19
19
22
6
28
6
10
15
13
10
11
6
11
11
10
13
11
22
15
21
19
45
18
25
20
17
16
9
9
31
6
19
19
17
9
23
6
17
17
28
8
15
15
13
23
15
25
18
15
9
13
13
20
10
8
24
17
11
9
19
11
9
19
9
11
19
11
21
6
15
8
31
11
20
7
18
19
21
8
30
17
17
21
19
2
11
11
7
6
6
13
4
31
4
8
4
7
10
6
4
11
10
2
2
0
0
2
4
2
0
2
0
2
2
2
4
2
2
4
2
4
2
2
4
2
2
0
8
4
6
4
10
6
4
2
6
2
2
4
4
2
2
2
6
8
2
6
4
10
6
20
14
18
18
16
18
12
17
12
12
12
10
4
4
2
4
2
4
6
2
6
2
6
2
2
4
4
4
4
4
8
4
4
6
6
4
4
10
2
2
4
2
4
2
6
2
10
2
4
2
2
2
4
4
4
2
2
2
4
4
2
10
4
2
6
6
2
4
6
8
2
4
4
6
8
8
4
6
4
6
8
4
6
4
4
4
4
6
2
0
6
2
4
4
2
2
6
6
4
6
4
8
2
6
6
8
6
2
6
4
6
4
4
6
8
2
6
2
6
8
4
10
4
6
2
4
4
4
6
2
2
8
6
4
6
8
4
6
2
8
6
6
8
6
4
4
2
6
4
2
6
4
6
2
2
6
4
4
8
6
6
4
4
6
4
0
4
6
6
6
6
6
4
4
4
4
0
4
4
4
6
2
8
6
4
6
2
4
6
10
2
2
2
2
4
2
6
4
4
4
2
4
6
2
6
4
4
6
4
6
2
4
2
2
6
8
4
6
4
8
4
10
4
4
6
8
6
8
4
4
2
6
2
6
10
2
6
2
2
2
4
4
8
10
4
15
4
13
13
9
13
7
13
13
6
15
9
8
10
8
8
17
15
10
4
0
6
10
6
10
10
8
11
11
2
5
6
4
13
4
6
8
6
9
15
8
8
13
19
6
8
13
6
13
6
13
14
10
8
16
11
6
7
11
13
11
12
6
8
17
9
9
10
8
6
8
9
8
15
13
14
13
10
9
12
12
10
19
17
22
17
42
6
6
8
9
13
4
6
8
10
13
15
17
19
11
15
22
30
31
18
29
0
0
27
18
19
17
13
20
23
21
23
19
13
21
31
21
21
17
13
26
21
15
17
19
22
23
19
25
12
10
19
24
8
27
22
17
19
7
17
21
23
19
55
17
17
21
24
15
11
19
17
11
21
25
19
31
33
25
25
17
27
19
24
25
10
30
21
30
13
19
29
23
21
23
17
31
32
13
34
44
19
27
29
23
18
13
18
17
19
19
21
11
25
17
15
30
8
17
15
21
19
23
21
30
15
17
19
23
27
29
21
13
11
24
29
19
23
21
25
17
17
28
35
24
19
17
4
19
29
17
17
12
22
14
28
11
11
21
12
10
13
11
13
15
8
13
14
11
8
10
8
9
14
13
11
14
10
12
11
11
10
13
4
9
19
15
25
15
17
2
13
13
13
18
4
10
89
69
34
32
42
22
29
30
49
41
58
42
47
52
39
85
30
25
27
22
43
44
34
33
88
69
90
38
24
18
27
43
20
35
45
40
55
41
43
30
23
24
17
40
20
36
67
25
88
39
32
28
24
26
25
20
46
37
86
44
33
36
38
22
29
22
22
28
37
60
69
46
83
42
36
36
42
63
26
43
55
36
39
22
33
48
32
29
26
18
22
36
45
36
36
41
34
29
43
33
37
22
27
31
31
18
42
29
51
34
28
23
28
27
15
28
34
32
33
29
24
32
40
27
31
22
25
36
87
29
31
30
64
90
22
28
33
22
21
23
34
44
63
44
39
51
43
28
21
26
21
32
49
43
67
32
42
74
44
24
21
20
21
45
68
35
56
28
65
47
34
22
25
29
28
29
46
23
82
42
28
63
19
43
32
30
22
31
47
24
70
46
38
72
47
36
40
28
31
41
46
50
22
24
47
28
39
31
67
20
29
67
47
45
39
42
42
44
45
28
22
24
29
43
83
51
29
43
44
72
49
13
34
32
30
34
31
43
43
50
19
19
19
22
27
21
43
25
17
49
46
39
44
73
26
29
29
21
19
43
26
40
36
39
98
83
41
44
31
36
40
30
85
57
77
50
85
80
81
33
27
28
62
46
46
64
83
42
0
0
0
2
2
4
4
0
0
2
0
0
2
4
2
4
2
4
0
0
2
4
0
2
6
2
2
2
2
2
2
2
0
2
0
2
2
2
0
2
2
2
0
4
2
0
0
4
2
2
0
0
0
0
0
0
0
2
0
4
2
2
0
4
2
0
2
2
0
4
2
2
0
4
4
2
4
2
0
0
2
0
0
2
4
2
4
0
0
4
0
2
2
2
0
0
0
2
0
0
0
0
0
0
2
2
2
2
2
4
0
0
0
0
2
6
2
2
2
0
2
4
2
0
4
0
4
4
0
0
2
2
2
2
0
2
0
2
0
4
4
2
0
0
2
4
0
0
4
4
4
2
4
2
4
0
2
2
2
2
0
2
4
2
0
0
4
0
2
0
0
4
4
2
2
2
2
0
0
0
0
0
2
2
0
2
2
4
0
0
0
0
0
2
2
2
4
2
0
0
2
2
2
0
0
2
2
0
2
0
2
6
2
0
2
2
0
4
2
2
2
2
0
2
2
0
0
0
0
0
0
2
2
2
2
0
0
0
2
2
4
4
0
0
0
0
2
0
0
0
0
0
4
2
0
0
2
4
0
0
0
2
2
2
4
2
0
0
0
0
2
2
0
2
0
0
0
0
2
2
0
2
2
0
0
2
0
0
0
0
3
4
4
0
0
0
1
1
0
2
0
2
0
0
0
4
0
2
0
2
3
0
4
0
2
0
5
0
2
2
0
0
0
2
0
0
2
2
3
0
2
2
0
2
0
2
2
2
0
0
2
2
2
1
1
4
0
0
4
0
4
2
2
0
6
0
0
2
0
0
0
2
2
0
0
1
0
0
1
0
0
0
2
0
2
0
0
2
2
3
0
0
0
2
2
4
0
0
0
0
2
0
4
4
2
0
2
2
2
2
0
2
4
0
0
3
2
0
2
0
0
2
0
0
2
7
0
1
0
4
2
2
0
1
0
3
3
0
1
2
4
0
2
0
0
0
2
0
2
0
0
3
2
0
0
0
4
0
2
5
2
1
2
0
2
0
2
0
0
0
0
0
5
0
0
0
3
2
2
4
0
2
2
1
2
2
0
1
1
2
0
0
2
2
2
0
2
2
6
1
2
2
0
2
2
0
0
5
0
0
2
2
2
4
0
2
2
4
2
2
0
1
2
3
2
0
2
3
0
3
0
0
0
2
0
2
3
2
0
0
4
0
0
4
0
1
1
1
1
2
2
2
0
0
2
0
6
6
0
0
4
0
0
2
0
3
0
2
0
3
0
0
2
2
0
0
2
0
2
4
0
1
1
0
2
5
