15
21
15
15
27
19
16
12
25
21
12
15
17
52
13
31
29
25
29
35
25
17
15
33
23
31
27
38
23
21
27
70
8
10
25
8
8
8
23
19
33
25
10
15
16
14
43
13
14
21
15
10
12
17
25
14
10
12
15
21
10
8
14
8
31
19
47
15
8
35
13
27
25
13
39
46
39
8
31
8
31
19
19
12
8
52
33
21
33
43
19
14
10
12
12
31
27
33
15
14
29
33
8
23
29
10
25
19
37
35
12
19
61
29
10
17
29
30
12
17
43
27
14
12
23
17
13
10
29
27
15
31
25
6
14
21
33
13
15
12
27
12
8
8
19
15
10
23
13
25
14
8
19
16
31
15
13
17
13
16
15
27
14
14
12
35
33
29
4
12
33
21
35
38
8
17
12
14
14
12
15
19
29
13
4
10
21
15
15
23
13
28
14
8
14
25
15
10
19
4
25
35
27
45
33
27
17
66
21
10
35
25
12
6
17
27
14
25
29
12
25
46
10
21
38
13
31
25
42
39
33
21
31
14
15
28
54
14
35
15
8
15
25
19
23
47
6
25
14
17
48
37
44
29
23
6
21
14
31
10
23
15
10
8
12
34
17
36
40
4
15
25
19
12
17
31
8
19
73
6
23
15
11
6
37
48
17
10
6
4
8
14
16
4
13
25
4
4
6
8
6
12
4
6
4
2
4
2
4
16
4
2
10
2
0
6
29
8
8
4
2
6
4
6
10
16
6
12
8
10
8
4
21
2
8
8
10
23
31
27
6
8
4
31
2
21
6
14
10
6
6
61
12
27
10
14
10
12
19
12
4
24
10
10
10
14
10
21
12
17
13
31
10
6
6
10
27
25
10
39
12
4
8
8
15
19
29
11
45
27
62
19
30
44
21
15
13
8
15
10
12
12
19
14
21
19
17
64
14
10
14
15
21
29
15
12
10
19
39
10
68
37
30
12
10
61
13
40
37
31
31
33
27
21
8
19
21
15
43
10
23
33
14
21
10
13
8
12
15
34
12
6
13
29
27
6
21
35
21
62
25
28
10
33
8
33
25
44
57
12
10
34
17
29
32
20
33
39
15
17
8
12
35
6
13
25
27
71
8
14
19
39
37
68
44
10
21
37
35
50
17
29
31
54
12
10
6
12
25
25
19
16
23
16
10
60
6
17
43
14
25
13
42
21
8
10
8
4
45
40
17
15
31
17
19
37
25
6
13
33
12
4
8
8
8
12
4
12
4
17
9
8
14
35
21
10
14
4
8
6
8
19
8
27
10
19
13
10
6
34
2
21
23
33
12
29
47
52
47
55
53
51
57
48
55
51
48
56
55
53
50
53
51
48
53
64
55
57
55
49
55
58
49
56
54
47
56
59
44
55
49
57
53
58
47
48
49
56
56
51
56
40
57
43
46
53
57
54
51
55
48
57
59
57
49
55
46
53
57
48
51
55
58
47
55
58
50
54
57
53
56
54
51
54
56
47
47
54
57
56
57
54
54
55
55
55
45
55
52
44
55
52
42
46
57
56
55
50
37
54
57
58
58
56
49
54
48
51
58
40
52
56
51
57
50
53
52
56
49
56
50
56
53
50
45
52
53
49
46
51
45
52
53
45
44
51
57
52
48
47
43
48
48
54
50
57
46
53
52
54
55
56
44
49
48
55
49
58
50
56
56
52
44
39
53
55
46
51
48
41
55
55
59
53
53
60
57
50
56
44
49
56
56
57
58
46
42
53
54
46
56
52
57
51
50
55
59
54
54
56
46
46
40
52
54
54
60
56
52
60
58
55
57
47
44
44
53
55
47
55
48
57
49
58
59
55
42
51
56
54
53
50
57
55
55
52
42
49
39
55
56
57
50
43
52
52
48
55
46
56
40
45
57
54
58
53
46
55
53
59
47
54
48
40
59
31
46
55
57
55
58
57
52
58
54
46
54
44
41
59
57
51
55
58
10
0
17
0
2
2
7
2
2
15
2
13
0
12
2
10
16
2
17
2
16
2
0
19
0
14
2
14
4
0
21
4
11
0
11
0
15
12
0
15
2
8
21
4
16
0
12
2
0
15
0
8
0
17
16
4
6
4
13
0
24
37
6
15
4
4
11
4
2
16
4
17
2
10
0
0
11
4
4
6
17
6
18
2
13
6
18
4
2
15
13
2
17
4
4
4
4
6
4
4
6
17
4
2
17
2
15
4
19
6
2
15
4
4
17
21
0
19
0
14
2
4
15
2
4
15
8
2
16
2
2
13
2
10
12
14
6
21
4
2
6
2
16
2
18
4
9
17
6
0
15
0
10
2
19
8
12
2
23
4
9
6
6
4
10
6
27
4
19
8
4
15
15
6
4
12
6
13
17
4
12
4
4
0
4
2
2
0
2
0
2
17
2
11
4
2
15
0
0
2
8
12
0
2
12
4
17
10
0
2
4
4
0
2
4
11
2
0
4
2
0
4
2
2
14
2
2
15
6
20
2
2
15
2
0
6
4
2
17
2
21
6
2
19
6
0
6
6
0
27
0
10
2
2
20
2
17
8
4
4
4
6
16
0
17
8
4
14
4
4
2
2
14
2
13
8
4
17
4
8
19
14
8
6
35
2
19
4
4
2
12
4
21
12
2
4
4
6
2
2
6
12
6
12
4
12
12
2
8
4
0
6
4
10
4
6
4
20
8
14
2
2
8
2
10
11
4
0
2
2
4
2
2
6
4
4
16
4
8
2
6
6
8
8
8
2
4
12
25
12
8
8
8
2
8
10
6
16
4
12
8
17
8
8
14
4
8
14
12
8
15
12
4
14
25
10
33
18
8
10
19
12
13
8
18
6
13
12
19
14
27
27
33
17
16
12
21
17
16
10
6
8
13
8
14
18
6
33
12
10
10
12
31
12
6
16
13
21
33
23
10
23
27
16
14
14
14
19
12
33
14
12
14
13
21
8
17
8
17
10
14
8
16
4
10
23
19
6
10
31
10
17
21
12
23
27
12
23
27
12
14
19
14
18
23
21
23
21
21
8
17
25
8
31
12
19
6
10
10
27
19
12
12
14
16
8
12
10
16
16
8
39
18
12
19
6
12
16
23
12
14
6
8
6
8
14
2
12
12
6
29
6
14
16
4
2
27
6
12
14
2
10
27
19
17
14
14
10
14
6
16
8
10
14
10
41
4
17
4
29
10
8
8
8
21
19
6
6
23
8
14
12
2
8
6
0
14
10
6
12
10
10
14
12
12
12
6
10
4
18
8
45
12
2
8
12
2
4
11
6
6
4
9
6
4
13
2
4
9
57
9
6
86
15
9
9
11
15
17
23
19
19
11
15
15
13
9
9
8
11
11
9
19
13
11
24
19
21
15
9
13
15
4
19
13
21
10
8
9
19
9
9
25
13
19
17
23
13
13
13
17
13
6
15
10
25
17
9
17
19
15
19
23
18
19
28
19
19
13
19
21
6
17
11
47
15
23
28
11
21
13
21
36
15
26
21
21
21
23
19
15
15
17
25
32
15
17
11
10
21
6
9
30
30
15
27
15
45
28
38
32
25
21
17
20
51
13
30
17
27
30
21
30
27
30
25
17
42
25
17
15
15
17
13
40
21
25
28
36
19
13
27
9
21
34
42
9
11
34
36
32
21
13
9
38
11
6
13
42
25
19
38
11
17
25
15
11
25
17
13
24
21
17
10
23
25
21
25
11
28
40
51
28
30
27
21
42
15
19
31
8
21
11
13
70
36
30
29
21
21
30
21
9
22
19
15
11
17
10
17
17
15
19
13
19
21
11
17
27
17
25
23
19
13
29
8
13
21
23
21
6
17
32
23
21
21
23
6
15
19
21
11
13
15
8
24
11
15
19
26
19
25
27
21
23
15
11
23
15
13
10
11
10
11
11
17
13
24
17
21
15
17
8
11
5
3
2
2
5
0
2
4
2
4
2
2
6
2
2
4
3
4
2
4
3
2
0
3
5
5
4
0
2
4
3
4
2
5
3
3
2
2
5
2
3
3
2
4
3
0
2
3
2
2
3
5
5
3
3
10
3
3
2
3
2
2
0
3
2
2
3
5
3
5
2
2
2
2
5
2
3
2
2
4
5
7
2
2
2
2
3
5
3
3
3
2
5
0
2
4
11
3
4
3
4
2
4
0
2
9
10
14
11
14
17
17
14
12
13
11
0
7
5
5
10
11
0
14
7
13
18
12
9
0
12
15
7
0
12
11
8
8
20
27
15
12
10
9
14
8
7
14
10
13
12
5
10
6
16
12
13
11
5
13
5
11
0
5
12
13
10
7
10
15
5
25
42
0
11
7
13
17
28
10
0
9
14
0
18
7
16
10
10
11
11
12
13
8
10
18
11
15
13
5
9
14
11
33
10
3
18
16
0
8
19
12
11
8
9
5
7
13
15
10
0
11
16
7
3
9
22
8
7
12
7
4
11
24
43
11
16
8
17
7
0
7
12
10
9
9
9
11
14
10
7
10
14
11
11
9
4
15
16
12
5
11
13
7
7
11
12
9
18
9
13
7
2
40
49
17
11
7
2
14
11
11
5
11
10
15
14
9
4
6
6
6
2
4
2
4
2
6
4
6
6
6
0
6
2
6
8
0
6
2
4
6
0
10
0
4
8
8
10
6
6
2
6
2
6
8
4
2
4
6
4
6
4
4
8
2
4
2
4
8
6
4
2
8
15
6
6
4
2
4
4
4
10
6
2
12
6
6
4
12
4
2
4
4
2
2
6
4
2
2
2
0
4
2
4
4
4
4
6
2
8
2
4
2
8
2
6
4
6
4
6
6
4
2
4
2
0
4
2
4
2
4
2
2
8
2
4
4
6
8
8
6
6
2
4
4
6
2
2
2
2
0
6
6
0
2
4
10
2
4
0
2
2
2
2
2
2
2
8
4
4
4
2
4
6
6
8
6
4
2
6
6
4
4
4
2
2
4
6
2
2
4
6
8
0
4
10
2
2
6
2
4
8
6
4
6
6
2
6
4
4
6
2
4
6
4
6
2
0
8
4
6
6
4
6
2
6
8
6
2
4
2
6
2
2
2
4
6
6
4
6
4
0
4
8
2
6
4
4
2
4
4
8
8
2
4
2
0
6
4
4
0
2
10
6
2
6
2
4
6
6
6
8
0
4
4
2
18
2
2
2
4
4
2
4
10
2
2
4
2
2
4
2
8
8
8
4
2
16
2
2
17
4
2
4
0
4
0
7
9
50
5
0
4
2
3
7
0
0
5
5
3
7
2
7
0
3
0
4
9
0
0
3
0
4
11
9
0
0
2
2
2
9
7
1
7
7
2
0
0
4
11
0
7
3
3
0
7
2
4
4
0
4
7
0
55
4
5
5
11
2
7
0
5
11
9
0
1
7
0
2
2
2
4
2
1
5
0
0
2
2
0
0
0
2
9
5
0
11
0
2
0
0
7
7
2
2
0
2
0
7
2
4
0
0
2
9
5
13
2
0
2
3
2
4
11
0
5
3
5
7
11
2
0
5
5
5
2
9
0
2
0
0
5
0
0
2
0
4
9
3
7
4
2
2
3
0
5
5
0
7
47
2
7
2
2
0
0
0
13
0
0
5
2
0
7
2
3
0
3
2
9
0
2
0
0
7
2
3
7
0
2
4
2
7
98
2
1
2
7
3
15
2
0
11
3
2
2
6
4
9
7
2
0
2
5
7
2
1
2
0
0
5
7
3
5
1
0
7
3
0
2
4
2
7
5
2
2
0
5
9
0
2
2
11
0
0
2
0
2
4
2
7
4
0
0
2
3
2
3
6
3
2
2
2
5
0
4
3
7
2
0
0
2
2
5
0
2
0
0
2
3
9
2
0
0
11
4
4
0
0
0
3
6
2
0
4
2
6
0
0
2
4
0
4
4
4
4
8
0
2
4
4
0
2
2
4
2
2
4
2
0
0
2
6
2
2
4
6
2
2
6
4
2
2
4
2
2
2
0
4
6
0
2
2
0
6
0
2
4
2
2
2
2
2
0
8
6
4
4
2
2
0
2
2
0
4
2
2
2
4
6
2
4
2
0
4
4
4
8
2
4
2
0
4
4
4
4
4
0
2
2
8
4
0
4
2
6
0
2
8
4
4
6
4
2
4
6
4
4
0
0
0
4
4
6
2
4
6
2
2
0
2
6
4
2
4
2
6
2
4
2
4
2
4
2
4
2
4
2
2
4
4
2
2
0
4
2
4
4
2
2
2
4
0
2
4
0
2
2
4
2
2
2
4
2
2
4
4
2
4
2
6
0
6
4
4
4
4
2
2
2
6
0
2
2
0
4
2
0
6
6
2
0
2
2
8
4
4
6
2
2
2
2
2
0
2
0
4
0
0
4
4
2
4
2
0
2
4
2
6
4
2
8
2
4
4
2
2
4
0
2
2
4
4
6
6
4
6
4
2
2
4
2
0
4
2
4
4
2
0
4
4
6
2
2
4
6
4
2
4
4
2
4
4
2
2
2
4
4
4
4
4
4
2
4
6
2
6
4
2
4
