8
2
2
2
4
6
4
4
6
8
2
4
0
0
4
6
2
4
6
2
0
2
2
2
2
4
2
6
4
8
6
2
4
4
4
4
4
4
6
2
4
2
4
6
6
2
2
4
4
0
6
2
0
4
2
4
4
4
6
2
4
6
2
4
4
4
2
4
2
2
2
2
4
4
6
6
4
2
6
2
6
8
4
2
4
4
2
2
10
4
4
5
2
4
6
4
4
2
4
6
4
4
4
4
6
6
4
4
2
4
6
6
4
4
6
6
4
4
6
4
8
0
8
4
4
6
4
6
6
6
4
5
6
8
2
2
2
6
2
6
6
4
4
4
6
5
8
2
4
4
4
4
6
4
4
4
2
6
2
4
8
6
6
6
2
2
2
6
6
4
4
0
4
2
6
4
2
4
2
2
4
4
4
6
8
4
2
8
6
4
8
4
2
4
6
4
4
5
6
4
9
8
8
6
8
8
4
6
4
6
7
4
4
6
4
6
4
6
8
6
6
6
8
6
8
4
4
6
4
4
4
4
6
4
8
2
4
2
4
4
2
2
4
0
4
2
2
2
0
4
6
2
4
2
0
4
4
2
2
4
2
2
2
2
2
2
4
2
2
2
4
0
8
0
4
4
6
2
2
0
2
2
2
4
2
2
4
2
2
2
0
0
0
4
4
2
2
0
2
2
0
2
0
4
2
4
4
2
0
10
2
2
0
0
6
6
2
2
2
0
0
2
6
2
2
0
4
0
0
4
2
0
0
0
2
0
2
2
2
2
6
4
0
2
0
2
4
2
0
2
0
0
0
0
2
0
0
0
2
0
0
4
0
2
42
0
2
0
2
0
83
2
6
0
0
4
8
2
2
0
2
6
6
0
0
0
2
0
4
2
0
2
0
2
4
4
0
0
2
4
2
8
0
2
0
0
2
2
0
0
0
0
2
4
2
0
4
0
4
4
0
0
4
0
2
0
0
2
0
0
4
0
0
2
0
0
2
2
2
0
2
2
2
0
0
2
0
2
2
0
0
0
8
0
4
2
5
2
4
0
6
4
2
0
0
6
4
0
2
4
2
0
2
0
4
0
0
2
2
0
4
6
0
6
76
2
2
8
2
8
0
2
2
0
0
6
2
2
0
2
2
4
2
78
0
2
4
2
2
2
2
0
0
2
2
4
0
2
2
2
2
2
6
4
0
8
4
2
0
2
0
2
0
0
0
0
2
67
10
0
0
0
2
2
0
4
6
0
2
4
6
2
0
0
0
6
0
0
0
2
2
4
0
2
2
0
2
6
4
2
2
2
0
4
2
4
7
1
9
7
0
3
5
1
14
9
0
9
5
3
5
1
32
0
19
1
1
0
3
0
1
0
3
0
0
1
1
7
1
1
1
3
5
1
5
3
1
5
1
11
7
3
1
5
9
5
0
1
1
1
5
1
3
0
5
1
1
7
1
9
5
0
3
1
3
76
1
3
3
1
0
9
1
0
3
1
5
5
7
7
0
11
10
3
0
9
5
5
3
1
1
0
1
9
1
1
1
3
1
1
9
1
1
7
1
1
7
1
13
3
1
1
3
0
5
1
1
3
3
1
5
1
1
3
5
1
1
3
1
1
5
1
0
1
1
3
3
1
3
94
0
1
3
3
0
1
1
6
3
0
0
1
1
1
0
1
1
1
5
5
8
0
1
3
9
97
1
6
1
1
9
1
1
3
0
1
1
3
3
3
1
0
14
0
1
1
1
5
0
0
1
3
3
8
68
1
89
3
1
1
1
9
0
1
5
1
11
0
3
3
9
1
3
0
1
0
7
9
1
1
3
1
3
1
80
1
1
5
5
1
7
3
3
5
1
1
17
1
10
65
3
1
48
3
3
5
3
1
3
1
3
1
1
0
10
3
0
40
3
0
1
3
3
5
5
1
1
3
0
68
0
0
5
1
0
0
1
1
1
5
16
16
3
63
11
9
9
5
15
7
13
9
5
2
5
19
15
19
5
5
15
23
5
5
5
2
9
21
19
11
5
13
13
13
0
11
9
29
3
25
0
2
5
9
15
3
2
3
17
15
3
9
11
33
25
7
9
2
5
7
3
15
2
9
5
19
0
5
9
9
3
2
5
7
0
7
7
0
7
3
37
2
11
9
5
11
0
2
7
3
3
9
9
31
5
3
3
17
5
19
11
3
13
7
5
11
15
11
5
31
7
5
7
9
3
9
17
3
0
15
23
11
11
5
17
31
27
15
3
5
3
5
7
15
15
11
21
17
2
5
9
3
11
15
27
2
21
5
0
13
17
11
3
2
5
11
5
29
23
3
7
15
0
51
5
2
11
2
2
5
2
7
7
17
2
0
7
3
5
3
5
17
5
25
7
19
7
11
31
7
17
7
17
11
25
3
3
23
0
2
15
29
7
19
15
5
2
17
21
5
0
11
54
31
2
11
5
3
11
43
21
13
31
5
15
3
33
0
2
13
0
11
5
3
15
2
5
7
2
5
9
17
21
2
11
3
0
5
17
2
0
11
19
9
5
2
9
9
13
13
21
9
13
29
13
9
7
2
7
29
19
17
9
13
3
19
29
11
15
0
5
11
5
3
7
11
9
0
9
13
13
0
2
0
0
4
4
2
2
4
2
4
2
4
2
2
2
6
4
2
4
2
2
2
2
2
2
0
4
2
2
2
2
2
0
4
2
2
0
2
2
6
0
2
0
2
0
0
4
4
2
0
4
0
2
4
0
2
2
0
0
2
0
2
2
0
0
0
0
0
2
8
2
2
0
4
0
0
2
2
2
2
0
0
4
0
2
2
0
2
4
0
2
4
2
4
0
2
0
0
4
6
3
2
4
4
0
2
2
2
2
4
0
2
4
2
2
2
4
2
4
6
4
2
2
2
2
0
0
2
2
9
4
6
4
2
0
0
0
4
2
8
2
2
2
4
2
2
0
0
2
4
2
2
0
2
2
6
2
4
4
6
0
6
2
4
2
4
2
2
0
4
2
2
0
4
2
2
2
2
2
2
38
2
4
0
0
2
2
0
4
2
2
0
2
0
6
0
1
2
4
0
2
2
2
2
2
0
0
2
2
4
2
2
2
0
6
2
0
2
2
0
0
4
0
2
0
3
2
2
2
4
4
4
2
4
2
2
2
4
2
2
12
6
2
2
0
2
2
0
8
4
2
2
0
0
4
0
0
0
2
2
2
2
2
2
0
0
2
0
13
2
2
2
0
0
2
2
2
0
0
0
4
2
0
2
4
0
0
6
10
0
4
2
2
2
2
4
0
0
2
6
0
7
2
2
0
2
0
4
0
2
2
2
2
0
2
3
2
7
6
2
4
0
2
2
6
4
5
12
2
6
13
2
4
1
4
0
2
0
4
2
7
0
2
4
4
4
0
0
0
0
4
2
4
0
4
0
4
2
4
4
6
2
5
0
2
4
0
2
2
0
22
2
2
0
2
6
0
0
0
2
14
2
2
2
4
4
2
4
2
4
4
2
15
4
2
3
5
2
4
3
0
6
8
4
13
2
6
4
3
4
7
4
4
4
4
2
0
4
2
6
2
2
2
2
14
4
0
2
4
2
2
4
4
0
4
4
0
4
2
6
2
6
4
0
0
2
2
2
0
2
0
2
0
2
2
12
4
9
16
8
4
4
7
2
8
4
2
0
6
4
2
4
4
2
4
6
0
0
8
9
4
4
2
4
0
2
2
2
3
2
4
2
3
2
3
4
0
2
6
2
4
6
2
4
2
2
2
2
2
2
0
0
2
8
2
2
4
0
2
4
6
0
4
2
2
2
4
9
2
2
2
4
2
11
2
4
2
2
2
4
6
0
2
2
7
6
5
4
4
9
2
2
0
6
4
2
2
2
2
4
0
4
2
4
4
4
0
4
2
0
4
0
2
4
6
6
60
25
25
30
24
25
32
51
30
40
55
40
47
54
19
29
33
30
26
40
30
25
31
14
31
20
26
14
29
11
40
32
29
50
45
35
13
33
40
37
26
16
16
11
55
39
47
7
17
19
7
15
26
25
26
48
49
42
46
18
47
42
30
39
17
26
16
24
37
14
19
19
23
26
20
17
19
44
40
25
31
14
54
14
14
34
21
44
30
37
27
42
33
43
50
51
27
37
30
53
25
29
25
38
55
40
15
35
46
45
38
11
42
43
36
46
29
43
34
59
29
61
31
47
28
40
46
48
35
45
9
30
58
34
30
39
30
28
25
31
23
34
19
31
28
47
25
30
27
32
50
36
16
38
30
37
46
32
25
50
28
30
38
26
59
35
16
44
30
22
19
45
25
41
38
33
46
36
20
24
53
14
24
34
22
46
42
52
43
36
45
36
18
19
45
24
32
41
33
37
26
36
39
37
39
31
31
24
18
27
31
32
42
15
15
23
34
28
18
28
25
27
29
15
26
39
20
50
49
43
46
50
29
52
31
16
35
61
56
73
31
35
41
37
26
33
33
26
34
32
28
26
23
33
44
33
25
24
21
36
40
41
40
32
48
11
28
38
28
14
33
23
47
42
40
28
37
46
33
31
17
17
21
32
14
44
19
26
0
25
7
29
0
6
10
17
0
0
16
23
0
24
81
2
0
31
56
8
0
2
3
15
0
10
12
37
14
0
25
74
66
36
0
0
14
31
22
0
7
0
25
0
19
0
0
18
0
17
10
30
23
8
19
0
13
24
0
2
24
0
31
0
0
19
15
0
0
25
37
0
2
4
17
2
17
0
19
6
2
2
47
0
61
0
2
1
0
13
0
0
1
5
0
14
0
0
26
0
18
7
0
26
0
19
0
15
0
33
0
16
5
5
0
0
0
0
11
0
22
0
28
0
0
24
0
0
26
21
16
0
27
0
14
8
28
0
4
0
7
35
0
22
0
21
0
23
4
0
14
9
18
0
0
0
0
0
15
4
0
0
0
1
0
0
0
22
23
2
8
35
4
11
25
0
3
21
0
18
0
10
18
5
12
2
14
3
0
14
18
0
0
15
0
6
41
11
0
0
0
0
3
5
24
1
7
0
12
5
2
0
16
0
23
0
1
39
0
21
0
0
43
0
0
2
2
0
10
10
0
0
0
0
0
0
4
0
29
0
34
2
0
0
0
33
32
21
0
17
0
0
30
34
39
0
33
0
0
30
0
0
4
0
43
0
39
33
0
17
19
15
33
0
0
33
17
26
35
19
0
0
3
17
0
21
2
39
16
10
15
14
14
29
15
19
10
14
23
18
25
16
14
8
8
10
27
23
18
10
18
16
21
10
12
8
31
18
18
25
12
56
23
14
14
8
10
19
12
16
15
35
25
39
12
23
18
31
29
45
29
25
17
31
17
31
31
18
31
25
47
21
41
16
86
27
14
18
8
47
45
18
18
21
19
10
12
29
14
29
37
52
10
58
33
14
10
10
8
8
14
23
19
18
18
37
25
12
21
23
33
35
47
45
25
37
27
35
33
16
31
29
27
21
33
41
39
49
45
31
35
35
62
53
68
82
60
66
53
68
19
54
43
72
43
16
35
18
21
29
64
43
70
19
54
33
18
53
18
41
14
18
41
14
19
19
12
16
19
10
17
25
23
23
35
14
25
12
23
16
19
10
10
19
18
10
16
8
31
14
8
27
18
25
19
19
51
21
23
18
19
16
18
10
56
35
16
72
14
29
18
10
17
21
54
14
23
19
12
17
21
23
52
18
12
12
45
21
12
39
23
18
35
12
16
16
21
6
18
8
12
12
16
16
17
12
12
8
10
31
6
8
50
10
15
6
25
14
12
12
15
8
12
10
10
6
56
25
16
14
23
29
29
14
27
8
14
12
52
55
31
27
31
41
50
6
6
6
8
14
12
4
29
14
10
6
8
11
10
8
9
6
2
12
4
6
2
4
7
6
12
2
6
9
2
6
10
4
6
2
8
8
9
2
10
2
0
2
0
2
4
9
8
9
5
6
5
4
4
5
4
4
2
10
7
5
8
9
6
5
6
6
5
8
2
6
6
10
6
2
6
8
9
8
4
6
3
2
0
11
6
7
6
6
10
4
4
8
4
5
7
4
10
10
7
6
4
8
10
2
5
4
0
6
0
6
6
2
6
4
6
4
11
7
8
8
2
2
4
8
4
4
4
4
4
8
6
11
6
2
7
4
10
9
6
4
6
4
6
13
8
8
6
10
9
6
8
2
5
7
2
4
4
9
5
8
10
6
4
6
12
6
4
4
9
4
8
13
10
9
8
6
2
8
2
0
8
5
4
10
2
10
6
9
5
7
4
9
5
8
8
6
6
4
4
2
6
6
3
6
8
7
2
4
7
6
5
8
2
4
6
8
5
6
4
4
4
6
6
4
6
0
8
4
4
2
4
7
4
8
4
6
8
6
5
8
6
4
8
7
2
6
7
4
4
6
0
8
9
8
7
8
8
8
6
6
6
4
2
2
9
3
8
4
4
9
9
11
4
7
6
5
4
6
8
4
6
6
8
4
2
8
6
4
8
7
12
5
11
4
2
7
5
6
