35
22
31
15
3
28
25
23
16
25
0
16
31
50
7
33
45
22
28
14
23
5
29
1
35
32
32
47
45
57
3
21
18
27
32
20
30
50
0
0
64
0
31
25
17
1
21
18
34
3
29
55
52
16
22
37
26
29
29
36
0
43
1
51
41
26
34
31
32
38
44
32
30
2
32
43
25
44
0
18
23
45
37
4
25
35
23
3
42
1
11
13
38
42
35
35
28
43
30
45
54
22
28
35
27
22
38
17
49
24
38
25
0
26
33
41
4
56
1
1
60
7
0
21
5
52
29
63
4
63
57
8
1
60
54
1
0
34
55
32
31
57
43
2
44
7
24
42
1
1
10
40
1
43
51
3
1
19
36
1
30
50
1
1
47
5
20
7
18
14
48
30
0
1
8
35
1
1
48
0
0
42
0
48
2
59
12
68
6
38
3
27
38
1
57
39
50
60
30
4
56
29
25
6
51
75
2
11
3
49
34
68
42
50
24
45
1
67
50
6
49
41
18
4
26
19
31
0
4
64
6
69
50
6
3
45
4
9
34
0
1
23
47
1
5
22
4
28
60
45
1
48
25
54
0
17
45
1
57
6
18
33
3
29
48
30
21
21
20
42
17
31
0
3
19
44
6
15
29
53
0
38
57
8
1
38
3
2
60
2
0
65
0
0
58
56
54
0
2
2
58
62
0
2
0
2
0
54
70
0
56
54
0
62
2
0
67
0
54
0
0
0
64
0
0
0
59
58
62
2
2
0
2
69
0
2
0
4
70
39
4
64
0
60
0
0
4
0
2
60
60
0
0
44
62
2
11
2
0
64
58
48
0
2
2
60
69
68
4
2
60
2
0
2
2
0
66
2
0
0
6
2
0
0
74
4
0
61
60
0
0
56
62
23
4
0
6
0
0
0
65
4
0
2
0
2
65
2
54
23
0
0
64
0
56
0
0
29
2
67
44
0
0
0
0
29
0
68
70
0
2
60
62
0
0
0
93
58
0
0
2
0
0
2
2
66
6
0
0
60
0
12
0
4
58
62
2
56
45
48
0
2
0
0
0
6
4
0
0
2
58
61
2
0
2
0
0
70
0
0
0
2
0
62
61
4
0
0
59
2
52
2
73
0
2
2
62
0
0
69
2
52
54
0
0
0
0
0
2
0
50
2
0
2
0
62
4
2
4
2
58
60
68
4
0
62
60
0
2
68
0
60
54
2
0
0
2
0
56
0
54
66
0
0
2
2
0
52
69
50
0
4
54
77
0
56
2
4
61
81
44
0
0
0
65
0
6
0
0
2
56
54
0
8
55
62
1
0
1
1
0
1
1
1
0
2
3
1
1
0
1
1
0
15
1
1
0
2
0
0
0
0
0
0
0
1
0
1
1
2
2
2
0
1
1
1
0
1
1
0
1
0
0
0
0
2
11
0
1
0
1
1
0
1
12
1
1
1
1
1
0
1
16
1
1
2
1
2
0
1
1
1
1
0
0
1
0
1
1
1
1
1
0
1
11
0
1
1
1
8
1
0
1
0
1
1
1
0
0
1
1
8
1
0
1
1
2
2
1
1
1
2
1
1
5
0
1
1
1
1
0
2
0
0
1
1
0
9
1
1
2
1
1
1
2
0
1
0
0
1
1
0
0
0
1
0
1
1
0
1
0
1
11
1
0
1
0
0
1
1
1
1
1
1
0
1
1
0
1
1
2
2
1
3
0
1
0
1
0
1
2
1
1
1
0
1
0
1
1
1
0
1
0
1
1
1
0
0
1
0
0
0
2
1
0
1
2
1
1
0
0
1
1
1
1
1
1
1
1
1
1
2
1
0
0
0
1
1
1
0
0
1
0
1
0
0
0
1
2
0
1
0
0
0
0
0
1
0
13
0
1
1
0
1
1
1
0
0
13
0
0
0
0
0
0
0
0
2
0
1
2
1
1
1
1
0
0
1
0
1
0
0
0
0
14
2
0
8
7
16
0
0
2
6
16
16
8
0
2
8
6
6
6
4
0
0
0
2
9
8
14
0
4
2
12
9
12
2
2
4
6
10
10
6
10
10
2
2
6
0
0
2
8
10
10
2
4
6
8
10
2
6
0
10
4
12
6
6
8
8
10
6
4
12
6
4
4
2
6
2
0
2
12
10
10
6
10
4
2
8
4
4
6
6
6
7
4
10
10
0
2
6
8
2
2
10
10
4
14
16
2
2
4
4
4
12
6
10
6
6
8
8
2
0
4
4
2
10
10
10
7
4
2
2
2
14
25
6
8
2
6
10
16
6
15
2
4
6
6
6
8
15
0
6
6
8
10
10
4
4
4
0
16
4
14
14
2
7
2
14
4
16
2
18
4
0
6
0
16
10
10
2
6
9
12
0
14
3
8
2
4
10
2
10
2
33
4
14
4
2
6
6
11
2
2
17
14
1
16
2
4
6
13
4
10
2
8
6
2
8
0
16
18
6
27
4
4
8
0
4
14
4
2
18
0
10
6
14
0
14
4
2
2
4
4
18
2
4
2
2
5
4
2
6
11
0
6
18
10
6
12
4
6
8
2
14
4
12
16
2
16
4
12
2
0
12
5
0
29
12
2
3
0
4
10
6
0
14
2
12
18
0
2
2
2
0
0
0
0
2
0
2
2
0
2
2
2
2
2
2
0
4
2
0
0
4
2
0
2
0
2
2
0
0
2
0
2
2
0
2
2
0
0
2
2
2
0
0
0
0
2
2
0
0
0
0
2
0
4
0
2
0
2
2
2
0
4
0
2
0
2
0
0
0
4
0
0
2
2
0
4
2
0
0
0
0
2
2
0
0
2
4
0
0
4
0
2
0
2
2
0
4
2
0
2
2
0
2
0
2
2
0
0
0
0
2
0
0
2
2
0
0
0
2
2
2
2
0
2
2
2
2
2
2
2
0
2
4
2
2
2
0
0
2
0
0
2
0
2
0
0
2
2
2
0
2
0
0
2
2
4
0
0
0
2
2
2
2
0
0
2
0
2
2
0
0
0
0
2
2
0
2
0
0
0
0
0
0
0
0
2
2
2
0
2
0
2
0
4
0
0
4
2
2
0
2
0
0
2
2
0
0
2
2
0
2
0
0
0
2
2
0
0
0
0
2
2
2
0
0
2
2
2
2
0
0
2
2
0
0
0
2
0
2
2
2
0
0
0
2
0
0
2
0
0
2
0
2
2
0
2
2
0
4
2
2
4
2
2
0
2
2
2
2
4
0
0
0
2
0
2
0
2
0
4
2
0
2
2
2
0
1
0
1
1
0
0
1
3
0
0
0
3
1
2
0
0
2
1
1
1
0
4
2
1
0
1
1
3
3
0
1
1
0
0
2
0
3
3
3
1
4
3
0
1
0
1
1
1
0
1
1
1
0
1
7
3
2
1
0
0
3
1
1
1
1
2
2
0
1
0
1
1
0
2
0
1
0
1
0
2
1
3
1
1
1
0
1
3
1
0
0
0
3
0
0
0
1
1
2
3
1
0
1
1
1
1
1
1
0
1
2
1
1
1
0
0
2
3
2
1
2
0
2
1
3
1
1
0
1
0
0
1
0
1
1
0
1
1
0
2
0
0
1
2
0
1
5
4
2
0
0
4
2
7
1
1
1
0
1
1
2
0
0
1
0
1
0
1
0
0
1
0
5
1
3
1
0
1
2
1
0
0
1
0
1
0
0
2
0
1
0
0
1
0
0
2
1
0
1
2
0
1
1
2
1
4
2
3
0
0
1
1
1
4
0
0
1
0
0
1
1
0
1
2
1
1
2
1
4
1
1
0
0
1
0
0
2
1
0
0
4
0
1
1
4
1
2
0
2
6
1
3
0
1
1
0
1
2
1
1
3
2
1
0
6
0
1
0
0
0
1
1
1
0
0
1
3
0
3
2
0
1
0
0
0
1
0
21
15
2
15
4
12
4
8
8
10
17
8
4
10
10
2
14
12
4
13
6
12
12
6
4
85
2
8
4
0
6
15
10
14
8
6
12
12
19
10
10
14
8
8
12
4
17
6
16
8
0
13
4
4
19
40
19
12
21
10
8
35
6
4
4
4
6
12
10
14
8
10
2
2
8
6
8
8
8
8
12
6
4
15
8
8
6
8
2
10
4
12
14
4
4
8
8
8
6
10
4
16
4
4
8
4
6
6
10
8
2
4
6
8
21
4
6
10
6
4
10
15
10
6
4
6
2
12
4
4
10
2
4
6
8
12
10
6
8
8
4
4
6
10
4
4
10
10
6
10
4
6
8
4
4
4
6
12
10
10
4
8
4
8
12
10
4
12
6
6
10
10
12
15
4
13
14
14
4
13
10
2
8
2
4
12
8
8
10
2
2
8
10
4
2
8
2
19
14
35
0
10
2
0
0
14
6
17
2
33
2
2
19
10
21
0
6
12
15
14
17
15
12
4
6
17
33
21
14
14
17
23
17
17
15
12
19
23
19
6
19
10
8
12
21
19
17
21
15
8
6
6
23
8
19
8
15
14
17
23
15
4
14
17
14
23
14
10
6
6
17
15
12
14
15
6
16
14
16
14
8
13
12
17
14
6
13
14
11
8
11
25
15
23
11
8
17
15
13
10
13
15
6
6
9
13
10
13
10
17
15
6
12
15
23
12
15
12
8
17
6
13
6
17
6
10
8
15
10
6
12
10
6
11
2
6
19
15
13
10
21
8
6
6
10
17
10
11
12
21
11
13
11
15
10
8
13
6
21
10
12
19
8
8
11
15
8
10
8
8
6
61
13
17
6
8
8
15
10
4
10
6
19
8
8
9
17
8
13
13
6
17
23
15
8
13
10
11
15
8
21
23
15
15
17
11
10
19
15
10
23
10
33
10
13
13
10
10
15
8
13
15
11
17
17
10
17
9
17
21
10
21
23
13
27
11
15
13
23
17
19
11
21
10
23
21
15
8
15
25
15
19
15
21
23
19
13
17
11
15
42
15
6
17
6
11
15
13
17
48
17
21
29
13
17
65
15
25
11
31
17
17
11
25
10
13
31
23
19
8
25
8
36
25
8
19
13
17
13
23
21
15
13
15
10
57
11
10
23
10
21
27
15
21
17
8
12
27
19
27
17
17
13
13
4
13
25
19
13
30
25
15
17
8
23
19
12
15
17
15
13
8
21
13
8
10
12
10
10
15
10
19
12
17
13
6
9
12
10
10
27
6
19
19
10
11
10
13
10
4
17
10
4
13
6
12
2
6
6
6
7
3
9
4
8
6
4
8
2
2
6
6
6
4
11
4
8
6
6
2
5
2
4
4
2
4
6
4
8
2
2
17
4
6
2
4
4
6
6
4
4
0
4
4
6
4
2
6
6
8
6
4
4
6
4
4
6
6
10
6
2
4
4
15
6
13
4
2
4
4
4
6
4
4
4
4
4
10
7
13
4
4
4
4
4
13
6
4
8
4
6
4
2
16
6
6
9
4
8
2
4
5
6
6
4
7
8
4
6
9
8
6
4
8
2
6
6
5
10
9
9
7
11
8
4
2
4
6
8
7
2
11
4
7
4
7
11
5
9
9
8
2
13
7
9
4
4
4
4
6
5
5
4
4
11
9
6
4
4
13
7
8
9
10
2
7
4
12
4
4
27
6
6
6
2
4
7
12
6
8
11
6
11
2
4
11
2
6
5
7
15
12
11
9
8
13
16
11
10
4
9
4
11
9
6
8
13
9
7
6
2
11
4
4
4
5
7
6
8
6
6
6
2
2
2
4
5
5
4
6
4
6
5
5
3
7
9
5
7
5
5
7
4
4
4
6
4
2
9
4
0
10
7
5
4
7
4
2
4
7
2
13
10
7
7
10
8
12
9
5
5
2
5
7
7
2
2
5
2
7
5
4
7
5
0
8
6
0
0
10
8
0
0
0
2
8
6
0
8
6
0
6
0
0
8
0
6
8
4
4
4
2
0
2
6
0
4
8
8
4
4
6
6
6
0
8
4
0
4
2
0
8
4
6
2
4
0
6
4
0
6
0
10
4
2
0
8
6
0
8
2
6
4
6
4
4
0
2
2
2
0
8
10
6
2
0
2
8
6
2
6
6
0
6
4
4
4
0
2
4
4
10
8
8
2
6
8
0
2
2
8
4
6
6
8
6
0
8
8
6
4
0
0
2
4
8
8
10
0
2
2
2
8
0
2
2
4
4
6
2
0
2
4
4
6
4
2
6
4
4
4
2
0
2
0
2
6
0
4
4
4
10
4
2
4
0
6
8
8
0
8
4
4
4
8
0
0
6
0
2
4
0
8
6
8
8
4
2
0
0
2
6
6
0
6
2
6
6
4
4
4
8
6
6
0
2
4
6
0
8
8
0
0
8
8
0
4
0
8
10
2
8
0
8
0
4
6
0
0
2
6
4
2
10
2
6
0
6
6
6
2
2
8
0
6
6
6
4
0
0
6
2
0
0
0
0
0
0
0
0
2
0
0
0
0
6
0
2
0
0
0
0
0
0
4
6
0
4
2
4
4
2
6
6
0
0
0
8
8
4
6
2
