42
32
34
34
39
42
40
32
32
38
40
50
22
40
47
16
58
36
42
32
38
15
42
30
48
48
24
55
32
55
42
38
24
44
52
44
55
40
26
22
48
48
46
42
52
36
32
38
33
36
52
28
29
42
54
36
60
24
26
55
27
24
50
46
60
42
43
44
34
44
36
56
18
46
50
44
46
54
38
25
35
34
44
37
46
60
44
46
30
23
42
24
32
38
21
28
60
24
44
19
46
40
48
32
42
22
38
40
52
46
38
41
34
38
18
38
27
40
54
46
34
44
38
42
50
32
44
40
30
14
28
32
30
50
30
44
42
32
23
28
26
64
58
44
24
34
21
42
38
26
48
20
24
34
42
86
46
32
32
22
10
40
34
27
58
32
38
42
38
34
34
40
28
34
42
16
99
42
28
50
34
38
36
38
22
22
32
64
42
34
32
28
42
44
32
36
18
33
40
46
34
36
39
34
50
32
24
26
32
26
30
40
33
40
34
18
36
52
30
50
38
50
30
20
34
40
34
46
34
20
28
32
36
26
18
30
42
38
38
38
58
40
34
40
33
48
48
34
15
24
24
28
44
46
24
50
26
40
28
25
22
36
70
38
40
44
40
30
42
40
40
26
34
54
42
42
43
28
44
26
44
43
22
42
52
32
38
28
2
14
4
6
4
7
4
8
21
6
2
4
12
8
8
2
10
6
8
10
2
6
6
6
4
15
10
4
6
4
14
6
12
14
10
4
12
6
6
20
12
8
6
12
18
4
6
12
6
7
8
6
8
8
10
14
12
2
8
6
6
23
15
8
10
10
6
12
4
10
10
8
4
8
20
10
25
6
15
10
12
0
16
18
10
6
10
8
10
10
10
8
13
8
14
8
10
19
8
14
10
16
18
14
10
12
12
10
18
6
18
8
8
12
22
9
20
7
22
10
4
17
37
6
8
8
20
8
4
8
24
10
10
22
29
4
11
12
18
12
14
14
31
14
10
11
10
10
10
18
6
14
6
20
6
10
18
10
6
8
8
14
25
12
10
12
10
14
10
6
6
6
16
9
11
10
16
10
18
15
12
21
19
21
13
10
4
8
20
14
16
10
6
8
8
16
25
24
22
21
8
15
12
8
8
6
7
16
14
6
10
22
18
4
6
2
10
6
8
10
12
8
10
14
8
8
6
4
10
6
10
6
22
10
6
18
16
4
10
22
10
2
8
10
10
12
23
6
2
8
12
6
8
14
13
6
4
6
6
32
12
17
6
8
4
6
8
8
4
8
6
4
6
6
4
4
5
6
4
23
10
14
4
12
8
72
8
12
10
8
4
12
24
25
14
37
14
10
24
6
4
8
8
16
14
26
12
25
24
16
14
8
26
12
14
18
10
10
16
6
14
2
6
4
14
8
8
6
6
12
12
16
10
4
10
2
8
10
8
12
2
6
8
4
14
8
14
6
10
6
2
8
20
14
27
18
10
27
16
10
12
8
16
8
10
19
12
18
10
8
8
16
14
16
12
16
19
14
10
33
12
16
25
12
10
8
14
14
14
16
12
10
12
14
14
12
23
8
10
18
16
6
10
25
16
23
20
20
12
12
6
8
16
22
16
26
14
14
16
16
37
18
18
14
12
18
16
10
27
10
16
12
8
18
33
6
16
6
31
6
10
12
6
10
10
31
4
27
4
0
14
20
27
10
21
25
16
12
12
10
18
12
25
22
23
6
18
31
33
14
18
6
29
21
18
29
35
14
20
12
10
18
27
16
25
14
8
21
25
8
20
18
16
12
14
20
21
8
16
14
12
16
18
29
14
23
29
4
4
22
8
4
16
17
17
10
12
8
20
8
12
18
8
14
20
6
14
21
12
10
8
2
6
8
6
14
10
10
14
2
8
4
4
12
6
0
2
6
6
14
2
2
4
2
4
0
0
4
6
6
0
4
12
0
2
6
4
2
6
2
4
0
14
8
4
4
4
2
13
4
15
4
10
6
10
6
2
2
6
8
2
4
6
2
6
6
10
6
4
12
2
10
8
8
2
4
8
6
4
8
93
8
4
10
10
4
9
6
4
10
6
13
6
6
6
4
6
8
11
2
6
4
8
4
10
6
8
8
9
4
7
8
2
6
13
4
6
4
4
8
2
12
9
4
8
8
6
6
9
6
8
13
11
8
6
10
8
6
8
12
8
6
8
8
2
8
6
11
6
15
12
11
2
4
4
9
6
6
8
10
10
8
15
6
8
8
6
2
10
2
4
6
6
6
6
11
2
10
10
8
4
6
11
8
6
10
6
10
8
6
2
6
8
8
10
8
12
9
17
7
12
8
7
4
10
10
8
14
8
10
14
10
4
10
10
16
8
8
11
21
11
13
13
11
16
10
4
8
6
6
13
10
12
6
10
8
27
8
4
6
12
10
9
12
10
17
12
6
8
8
19
10
12
9
12
6
6
11
8
10
11
8
6
6
10
14
6
8
10
8
8
10
4
8
6
11
10
8
11
8
6
8
12
12
8
4
10
8
6
4
8
8
6
10
6
7
12
8
10
12
8
6
5
6
13
6
6
4
8
6
6
16
9
12
12
4
4
6
4
4
4
4
4
4
2
2
8
14
8
4
6
8
13
4
0
0
0
0
0
0
6
4
6
2
2
0
0
4
4
0
0
2
4
6
4
0
2
4
2
6
2
8
6
2
2
2
2
4
2
2
2
4
6
4
4
0
4
0
2
2
6
0
4
0
0
2
0
2
2
0
0
2
4
4
8
6
4
4
2
2
4
4
2
2
8
2
4
0
2
0
2
2
2
0
2
97
6
2
8
6
4
2
2
4
8
4
4
2
0
8
2
4
2
0
0
4
4
0
4
0
2
2
2
2
2
2
6
4
10
4
4
0
8
4
2
4
2
2
6
0
4
4
2
0
4
2
4
0
4
6
2
2
2
2
2
2
0
4
0
0
4
0
6
2
6
2
2
0
0
0
0
2
2
4
0
0
2
2
4
4
0
0
8
4
0
0
0
0
0
4
4
6
9
6
0
2
0
4
2
2
0
2
0
4
0
2
6
2
6
0
6
2
0
2
0
0
0
0
0
0
0
2
0
2
0
0
0
0
0
0
0
0
0
0
0
0
0
2
2
2
8
4
96
4
4
4
2
4
6
2
4
2
4
6
4
0
2
0
4
2
0
4
4
4
0
0
0
4
4
2
0
2
8
2
2
4
6
2
2
0
6
4
4
2
6
0
2
2
4
0
0
0
0
2
2
0
2
0
2
0
0
0
8
13
11
13
11
13
9
11
15
4
11
8
9
13
15
8
13
15
13
15
10
10
19
10
11
6
4
6
23
11
19
19
17
31
21
11
15
15
36
13
29
10
69
11
8
11
10
23
6
21
17
13
19
25
29
17
10
19
34
34
11
17
27
11
44
13
38
13
36
23
32
29
13
34
11
19
19
40
23
8
21
40
27
19
59
34
13
11
21
44
44
21
48
13
36
28
50
50
17
13
11
15
36
46
36
23
27
21
84
15
13
23
34
10
31
10
19
23
44
38
52
15
13
69
48
42
42
11
11
31
23
17
36
38
31
38
44
44
13
21
48
34
15
15
19
34
17
44
36
17
78
34
19
25
15
50
21
36
44
32
17
36
15
40
30
9
38
21
13
42
32
29
28
6
13
11
10
30
8
15
11
15
13
23
17
10
8
19
13
17
9
10
17
15
15
8
13
10
4
6
15
17
6
8
10
6
10
6
34
11
8
17
13
13
4
13
6
11
6
4
10
13
6
17
4
10
8
4
6
23
8
4
6
4
10
13
10
6
8
6
10
11
11
8
13
8
4
6
10
8
6
6
10
8
11
4
8
8
10
6
6
13
6
9
10
11
10
8
8
8
10
17
4
11
15
6
11
10
11
8
10
11
13
21
11
13
25
17
0
34
64
23
21
29
69
52
64
43
64
23
48
34
14
22
38
20
41
35
17
32
62
45
48
17
15
14
39
29
46
35
30
63
94
38
21
41
31
24
24
19
19
37
44
38
31
32
64
21
33
43
69
27
22
52
41
49
41
26
27
23
11
15
33
56
44
54
21
80
29
36
17
33
20
42
46
65
55
36
66
43
73
2
26
17
26
76
37
41
43
56
0
20
68
10
63
89
28
74
42
64
63
33
40
82
41
39
77
87
39
58
22
76
28
40
41
57
69
56
37
30
27
30
64
46
69
55
34
36
2
34
50
24
16
7
53
73
20
50
59
67
35
46
67
73
36
44
27
77
42
65
27
63
71
33
35
37
72
30
70
31
26
16
63
28
63
29
28
42
29
25
24
50
52
33
71
65
46
17
79
30
92
39
18
29
24
56
0
33
52
40
41
64
21
22
64
38
59
64
32
32
63
40
37
41
31
2
0
0
0
0
0
0
0
0
0
0
0
0
0
0
0
0
0
0
0
0
0
0
0
0
0
0
0
0
0
0
0
0
0
0
0
0
0
0
0
0
0
0
0
0
0
0
0
0
0
0
0
0
0
0
0
0
0
25
47
33
58
54
79
49
36
49
38
15
26
50
56
18
36
16
37
22
66
34
33
45
7
3
7
8
5
5
2
10
7
4
4
7
9
8
6
4
3
5
31
7
11
5
10
6
8
12
4
7
2
10
17
16
11
14
15
18
6
23
4
7
4
8
10
8
8
4
4
4
0
2
4
2
12
12
19
17
9
19
19
10
7
18
12
15
15
5
26
5
9
2
9
7
18
10
7
6
11
5
25
7
18
10
10
7
6
5
12
11
7
7
11
8
13
21
8
5
12
11
13
19
13
10
9
21
16
12
11
11
22
13
15
8
3
5
2
7
4
7
13
5
7
9
5
7
4
15
14
2
14
18
11
4
7
11
17
2
4
11
5
5
5
7
4
5
5
12
9
9
7
5
7
7
14
5
7
5
13
3
2
8
7
3
8
10
11
3
7
5
7
9
14
7
10
2
7
13
7
8
9
21
0
13
7
10
7
9
4
5
9
6
6
13
22
22
10
7
7
2
10
15
4
6
9
10
15
4
8
7
7
12
11
9
5
11
10
5
9
5
4
9
7
9
5
13
7
9
11
4
5
5
4
6
4
9
16
5
9
7
6
3
3
25
26
6
12
7
5
5
5
7
10
4
5
2
7
5
4
4
9
12
6
15
10
5
6
0
6
20
2
7
7
4
8
13
9
6
7
5
7
4
16
9
6
5
4
2
6
4
9
9
5
7
9
4
7
18
9
15
13
5
15
10
11
13
9
11
11
6
6
9
17
17
5
6
24
21
18
22
13
6
4
2
30
16
13
11
7
13
11
10
19
10
7
8
6
13
19
6
17
11
20
15
19
5
8
8
17
20
6
15
15
6
6
11
8
4
12
15
11
9
9
15
15
6
11
13
7
7
8
7
13
16
11
13
15
10
9
6
11
7
10
8
6
11
9
22
8
11
13
4
34
11
12
17
17
24
17
10
7
18
17
13
13
23
33
9
18
23
11
19
29
30
27
27
15
18
44
19
11
39
36
18
37
28
34
21
22
48
46
24
16
41
44
39
11
9
22
7
15
25
13
8
22
12
20
13
37
11
30
26
17
27
36
29
13
11
9
9
29
25
16
17
11
32
15
19
14
13
16
26
22
30
26
35
49
11
27
15
35
30
24
28
27
32
30
30
36
20
20
75
18
33
40
35
52
33
30
20
49
15
39
45
45
38
27
66
41
26
22
47
45
21
24
34
21
25
28
19
22
19
32
20
38
19
28
25
31
31
26
24
25
13
15
19
11
20
8
30
28
4
24
29
23
28
25
28
38
28
29
42
34
26
27
41
20
31
20
26
7
34
37
18
27
19
27
4
2
4
7
18
11
9
5
5
7
7
6
0
12
7
0
3
0
0
0
10
1
0
6
0
4
0
0
7
8
11
11
0
0
1
0
12
4
6
7
0
0
0
7
0
1
4
0
0
4
7
0
0
3
0
11
0
0
1
0
12
0
6
11
12
6
0
0
13
6
7
4
1
0
7
0
12
0
6
12
0
0
0
14
0
9
0
0
0
8
0
0
4
0
2
0
9
1
0
9
8
3
7
0
13
9
1
0
9
0
0
0
0
13
13
10
8
0
14
0
6
0
0
7
21
0
0
6
22
12
20
0
0
1
8
2
24
0
18
0
0
0
10
7
0
0
3
6
5
12
0
6
0
0
3
0
11
0
0
2
0
10
0
0
0
0
0
0
9
0
9
0
0
10
0
0
13
5
5
15
0
0
0
7
0
0
0
0
0
0
0
10
1
3
0
0
14
38
6
12
0
0
0
8
10
0
0
0
0
0
11
0
1
9
3
7
2
8
13
0
0
3
3
11
0
0
0
4
0
5
0
8
0
1
6
9
10
3
13
1
0
0
0
1
6
0
0
11
3
13
0
0
0
7
0
9
0
0
0
0
2
0
1
5
0
1
0
8
1
0
0
5
0
12
1
0
4
2
12
0
1
0
0
0
0
6
0
9
1
4
0
4
2
0
1
0
5
2
5
