2
2
2
2
0
4
2
4
0
0
2
0
0
8
2
0
9
2
2
0
0
0
2
0
2
6
6
2
0
0
2
0
2
13
31
4
0
2
4
2
0
2
0
2
9
0
0
13
4
0
0
0
0
3
4
2
2
2
2
2
0
2
0
2
2
4
2
0
2
0
4
0
2
2
2
2
2
0
4
2
5
4
6
0
8
0
0
2
0
0
2
2
0
9
2
0
2
2
2
0
2
4
2
4
9
2
2
0
2
0
10
0
0
2
4
0
2
2
4
0
0
8
0
0
2
0
11
2
2
2
2
0
2
2
2
4
0
0
1
2
2
0
0
8
2
2
4
2
0
4
0
2
0
0
0
0
0
0
4
6
2
2
2
0
0
0
0
4
2
3
2
12
4
0
0
2
2
4
2
2
0
0
2
0
4
2
0
2
2
0
0
7
0
2
2
8
2
2
0
0
0
2
2
4
0
0
0
4
0
2
2
2
0
2
0
2
0
4
4
0
4
2
0
0
0
2
2
0
4
2
0
5
0
8
2
0
4
0
7
2
0
0
2
2
2
2
4
2
3
2
25
0
0
0
0
0
2
2
0
0
0
2
2
4
4
2
4
0
2
2
10
0
4
2
0
8
2
4
2
2
4
0
2
0
2
0
10
4
34
39
39
39
34
35
35
29
35
40
35
35
40
39
40
37
39
34
25
29
39
35
35
35
39
39
35
35
35
35
27
30
39
35
35
39
35
39
39
34
35
35
29
30
39
35
35
35
35
39
39
35
35
35
29
30
39
34
39
39
39
36
39
32
35
39
26
29
39
34
39
39
34
39
39
35
40
39
24
29
39
36
35
40
39
39
40
35
37
39
29
29
39
39
39
38
39
35
39
35
39
39
29
20
39
35
38
40
35
35
39
39
35
39
29
23
39
39
39
40
39
39
37
36
35
39
26
31
34
35
39
39
35
39
35
39
38
37
29
25
34
35
39
39
39
39
33
35
38
39
29
28
34
35
39
35
40
39
34
35
39
39
35
27
35
36
39
35
39
39
35
39
39
39
34
29
35
35
39
39
35
35
35
35
39
39
29
29
35
39
39
39
35
35
35
39
39
39
29
24
36
35
39
39
34
34
39
36
39
35
28
26
34
35
36
39
39
35
35
35
39
39
24
26
35
39
39
39
39
35
39
35
39
36
25
25
35
35
36
39
39
35
35
35
35
39
25
25
39
39
35
35
39
35
35
39
39
29
24
25
35
35
35
39
36
36
39
39
35
35
35
35
35
35
39
38
34
35
39
35
35
35
25
35
35
35
35
35
31
24
27
25
15
13
20
29
29
27
30
24
19
25
20
23
14
20
34
15
19
28
17
20
28
28
22
17
29
25
19
20
13
23
25
23
22
19
35
18
21
11
21
17
23
26
17
23
22
30
18
17
14
18
8
14
19
9
23
19
14
13
15
14
7
15
12
10
21
16
17
18
26
24
20
11
11
17
17
16
15
18
9
13
10
12
17
18
24
16
18
25
17
11
21
40
10
19
21
19
15
13
15
17
21
22
13
19
21
25
23
21
18
35
18
11
18
30
17
17
17
19
21
13
19
23
31
23
27
17
20
73
21
20
26
28
0
17
29
29
28
21
25
34
29
20
22
67
10
26
21
24
22
26
15
19
16
18
19
18
20
19
35
17
30
17
32
20
18
19
20
24
24
23
27
31
24
29
26
20
24
24
27
28
18
19
20
21
22
26
17
19
25
18
21
20
21
19
16
22
19
46
37
34
22
29
24
15
21
25
27
34
32
31
24
22
14
18
20
22
76
20
21
17
43
18
16
27
32
23
30
30
25
23
37
32
34
29
13
26
32
22
30
19
22
21
26
18
23
15
13
17
15
29
27
21
20
28
31
30
20
24
25
27
20
19
18
21
12
22
28
21
43
29
20
18
25
24
26
24
13
27
24
24
36
20
33
17
21
22
23
19
0
0
0
4
0
12
9
20
0
0
26
0
17
3
0
21
2
18
15
0
0
20
12
0
17
18
3
0
12
14
21
0
22
0
19
18
0
0
1
12
0
1
0
19
0
15
21
13
0
16
2
13
12
0
0
24
10
0
16
18
14
0
25
4
6
0
9
25
0
16
20
0
19
14
0
22
0
18
0
19
26
21
14
0
20
0
13
25
0
0
14
23
2
18
18
20
0
15
17
5
0
15
0
14
9
0
10
12
1
0
3
0
7
0
15
0
22
0
1
16
18
0
0
5
7
10
13
0
36
0
8
1
0
27
0
5
7
16
13
0
0
0
22
18
16
0
22
2
0
14
0
28
19
22
0
0
0
0
0
58
0
10
10
10
22
3
0
16
0
22
0
2
0
8
4
13
30
0
1
14
0
0
16
0
0
12
12
0
16
0
6
22
0
0
2
18
13
15
0
35
20
26
18
16
19
17
0
7
1
1
0
25
20
18
27
17
23
19
0
16
0
12
0
0
19
21
16
55
3
17
18
17
0
10
19
0
18
38
17
0
25
17
3
4
7
12
0
16
20
14
0
4
21
20
0
1
16
19
0
0
13
8
3
19
22
15
0
7
12
8
16
19
20
19
16
7
1
15
0
4
15
10
15
0
4
4
2
2
6
4
2
0
4
4
0
4
4
10
4
0
2
0
4
0
4
6
4
2
10
2
2
0
4
2
4
4
6
0
2
4
0
2
2
2
2
0
2
4
2
0
0
8
4
2
2
4
0
0
2
0
6
0
2
0
4
2
2
0
2
2
0
5
2
4
4
0
6
2
0
2
11
4
0
4
2
9
4
4
2
4
4
0
6
6
4
0
6
2
4
0
0
4
2
4
4
0
2
2
4
2
0
2
0
4
4
2
6
2
0
0
2
12
4
2
4
0
2
4
2
9
2
4
4
0
6
4
4
0
2
4
0
4
0
2
4
0
0
0
4
2
2
2
2
4
2
0
2
12
0
2
6
4
2
0
4
4
2
4
12
2
2
0
6
2
2
2
2
0
2
0
4
2
0
6
0
10
0
2
8
0
0
2
0
2
0
0
6
2
6
10
4
2
2
4
0
4
2
2
8
4
0
0
2
0
4
0
0
4
2
6
0
0
4
2
2
0
4
0
2
4
0
6
2
6
2
4
0
4
4
2
0
2
14
0
2
2
2
0
0
4
0
0
4
19
6
0
2
12
0
6
0
2
0
4
2
4
2
4
6
0
6
6
0
10
2
4
4
8
6
4
4
4
2
2
6
0
2
4
0
2
2
4
17
16
9
0
7
8
8
0
7
16
11
10
1
4
2
2
9
8
9
9
13
13
15
7
19
8
6
2
8
0
11
9
15
13
13
9
13
11
13
1
7
4
9
19
11
15
13
20
10
0
13
16
5
3
2
14
11
0
12
12
10
11
14
10
2
0
12
13
17
0
16
6
9
21
17
0
9
14
13
13
12
6
14
13
13
0
16
7
22
8
13
21
1
14
12
0
9
12
12
0
17
1
13
15
13
11
17
13
17
11
0
11
5
5
11
12
8
11
0
15
10
11
10
9
5
1
0
9
9
0
3
13
18
10
10
0
5
8
12
19
0
14
13
13
7
12
11
13
0
6
9
0
13
15
18
1
3
9
17
0
8
9
2
8
17
8
12
2
8
7
15
10
1
0
9
12
13
13
13
0
13
11
10
4
7
0
9
9
16
12
9
10
15
13
0
8
9
9
1
11
18
13
18
9
12
12
28
13
0
9
0
10
7
8
11
19
19
9
0
0
4
3
13
0
0
0
9
17
11
6
5
5
0
8
37
9
11
22
11
13
12
18
10
0
0
5
12
12
14
18
0
4
15
11
10
13
5
7
8
11
11
11
12
10
12
8
13
12
6
0
11
12
14
3
19
16
11
13
19
4
8
8
17
12
11
16
13
7
5
3
1
3
4
5
5
4
3
1
3
0
17
2
5
5
1
4
2
6
2
1
0
1
3
3
5
1
5
5
2
6
0
2
5
0
0
6
4
5
1
3
6
0
4
7
2
0
4
4
2
4
5
7
2
0
1
3
0
0
2
2
1
1
4
2
6
2
0
13
7
4
1
2
4
4
4
2
1
4
2
0
2
2
5
2
4
6
1
2
2
5
0
2
7
2
2
2
2
0
0
2
2
5
0
9
1
13
2
6
3
2
3
9
3
2
4
5
3
3
19
4
5
4
7
2
4
15
5
0
4
2
0
4
5
0
3
2
5
1
2
3
2
1
0
19
1
0
4
6
3
5
6
15
2
7
4
1
5
3
2
6
3
0
5
15
2
2
0
2
7
4
3
5
2
1
3
0
7
2
3
6
1
21
4
13
0
1
5
15
2
3
1
1
9
7
0
4
3
3
0
1
5
3
2
1
3
1
4
3
0
3
4
4
3
2
6
0
3
0
2
0
0
5
7
6
5
21
4
2
2
7
4
4
2
2
1
29
2
4
25
6
1
7
1
2
4
5
3
3
5
3
2
2
2
2
17
6
7
0
7
2
0
3
5
1
2
6
4
2
1
4
4
4
5
5
3
5
4
17
4
7
4
4
2
0
5
2
20
20
20
22
24
24
20
18
18
20
24
18
18
22
20
18
22
18
18
18
18
22
24
18
20
20
25
20
24
22
18
20
18
20
24
20
20
20
20
20
20
18
20
20
20
22
26
20
18
20
20
18
20
18
20
22
22
20
20
22
20
18
20
20
22
20
18
20
20
20
20
20
22
20
20
18
20
26
22
20
18
18
20
22
20
18
18
18
22
20
18
18
16
20
22
18
18
20
20
20
26
18
22
18
20
20
21
20
20
16
20
22
22
16
20
24
20
20
20
20
18
18
16
18
24
20
18
18
18
20
24
24
22
20
18
18
26
18
20
20
22
18
22
18
22
22
20
18
22
20
20
20
18
24
20
18
24
20
20
18
18
18
20
20
20
22
20
22
20
20
18
20
18
20
20
18
20
20
22
24
22
20
20
22
24
22
18
20
22
20
22
18
25
18
22
18
22
20
20
20
20
20
24
18
18
18
16
20
27
18
16
20
20
18
18
20
20
18
20
22
20
20
20
20
18
20
24
20
20
18
20
20
26
22
22
18
18
20
24
22
26
20
16
22
20
20
18
18
20
18
24
20
20
18
20
20
22
18
20
18
24
22
26
26
20
20
20
20
20
20
20
20
18
18
22
18
20
20
18
22
22
22
16
20
18
22
20
16
39
53
46
39
60
58
45
66
61
47
51
46
68
58
48
40
40
43
46
39
45
61
52
32
61
43
58
44
55
51
56
56
40
56
56
30
38
50
76
47
53
53
52
39
34
32
47
48
54
42
46
47
54
46
60
49
50
58
57
45
40
42
50
42
61
50
49
50
0
0
0
1
0
1
1
1
0
1
1
3
1
3
1
3
0
0
1
0
1
9
1
1
0
1
3
1
4
11
3
3
0
1
1
3
3
7
3
5
1
3
0
3
3
3
5
3
3
3
1
7
5
3
1
3
5
3
3
3
1
1
3
3
3
1
11
3
1
5
1
3
2
1
1
3
1
1
1
5
3
1
1
1
3
3
3
3
3
3
1
1
3
3
3
3
3
3
3
3
3
3
5
1
3
3
3
3
13
3
5
3
3
3
1
3
3
1
3
3
3
5
3
1
1
5
1
3
3
13
5
3
1
2
3
3
5
3
3
3
3
3
3
0
3
1
5
1
3
5
3
5
1
1
3
1
15
1
3
3
0
1
1
5
3
3
3
1
1
3
3
1
5
3
3
3
3
5
1
2
3
3
1
1
3
1
3
1
1
1
47
40
32
39
35
47
43
40
35
50
49
32
45
46
39
36
35
27
42
48
37
40
48
35
46
33
35
50
33
35
8
12
7
16
15
30
11
12
28
38
10
29
18
7
31
17
39
9
34
29
22
20
18
15
17
5
20
17
22
17
14
45
36
40
53
31
37
27
32
41
7
9
33
9
7
14
30
22
6
6
28
27
17
26
17
30
10
23
6
10
25
27
23
29
25
32
23
11
18
18
32
14
9
18
15
15
27
7
13
27
20
10
22
18
24
9
48
25
14
25
20
24
23
8
18
20
21
19
14
22
19
21
30
43
15
21
22
26
47
20
28
21
30
21
21
12
26
21
9
19
25
14
22
8
22
19
36
21
21
23
33
33
7
28
25
46
30
25
26
20
19
11
42
22
33
7
22
30
20
12
26
26
24
20
10
8
21
10
30
25
7
10
27
26
33
38
20
28
10
37
27
15
18
13
21
25
8
20
17
12
6
9
26
38
35
11
35
29
20
7
18
10
21
8
18
8
25
9
7
20
28
30
10
22
35
9
41
43
22
22
25
18
10
19
36
35
24
15
24
15
27
23
34
40
25
35
8
19
22
19
7
23
17
22
22
17
18
13
35
20
44
22
15
18
24
29
8
27
26
18
7
17
20
20
12
6
15
27
23
13
30
9
33
18
32
28
32
16
34
24
13
33
24
15
27
15
42
28
22
39
8
33
32
25
25
12
27
18
