0
6
0
2
4
2
4
6
4
0
0
2
0
4
0
2
0
2
2
0
4
10
10
10
2
4
0
0
0
0
6
0
2
0
4
0
2
2
2
4
2
0
0
0
4
2
6
2
0
2
10
4
6
2
8
2
8
2
0
0
0
16
2
0
2
2
0
2
2
8
12
2
4
2
0
2
4
8
2
0
4
0
6
2
4
0
0
0
4
6
4
29
0
6
4
8
4
2
8
0
0
14
2
14
6
0
0
0
4
10
2
2
0
2
4
0
8
2
4
8
0
6
12
14
0
0
2
0
2
2
0
8
2
4
0
4
14
2
6
0
2
14
6
4
2
0
2
0
0
0
4
4
2
0
0
8
10
2
2
2
4
0
2
2
0
0
2
4
0
0
0
2
6
4
0
6
2
6
4
6
10
6
14
6
2
10
2
6
2
0
4
4
8
4
10
12
2
4
0
2
4
4
6
2
12
4
2
2
6
0
4
8
4
0
0
10
12
12
2
12
2
8
2
12
4
4
2
10
2
4
12
14
2
6
4
2
0
2
2
33
2
0
0
0
2
10
4
2
8
2
4
0
0
14
4
19
6
0
0
0
2
0
21
2
2
8
4
2
4
2
2
0
0
10
4
0
23
23
14
2
4
2
2
2
0
8
4
4
2
6
0
4
4
0
2
0
4
4
4
2
4
4
0
0
4
2
6
4
2
2
2
4
25
4
2
2
2
2
2
73
4
4
4
39
4
4
6
0
2
2
6
2
2
4
0
6
2
4
0
0
2
2
4
4
4
2
2
2
0
4
4
4
4
4
6
18
2
8
0
4
6
2
2
2
6
2
4
4
4
8
0
4
0
40
0
6
0
2
0
4
38
6
2
6
2
6
2
2
6
4
2
4
6
2
4
6
6
2
6
4
4
6
4
2
6
6
4
2
2
6
4
0
4
2
0
6
0
2
4
2
2
2
4
0
4
4
4
2
8
0
0
6
6
4
0
6
4
2
39
6
4
6
4
0
6
4
8
4
2
2
4
0
4
0
2
0
4
6
4
4
41
2
4
4
4
6
4
4
2
19
2
0
2
4
4
31
2
2
2
4
2
4
0
2
2
2
4
6
2
4
2
42
39
4
6
2
4
4
6
4
4
6
4
0
4
4
4
6
6
2
2
8
4
0
2
2
2
2
4
6
2
0
6
6
0
0
2
19
2
2
0
4
0
6
4
4
2
6
2
8
6
2
2
6
2
2
2
10
0
6
4
0
4
0
4
35
4
6
2
2
2
2
4
8
2
6
6
4
0
29
8
4
4
4
38
6
4
25
10
41
8
16
21
14
29
14
21
41
10
2
0
4
2
2
0
2
0
0
2
0
0
0
0
2
4
0
2
0
0
4
0
0
0
0
0
2
2
0
0
0
0
0
0
4
13
10
4
8
8
4
15
6
10
8
10
12
17
14
6
6
15
12
6
12
8
27
13
23
14
15
8
17
14
8
27
17
16
47
10
8
12
17
12
8
15
31
6
10
12
12
14
14
25
23
14
12
10
10
18
12
6
10
21
10
8
19
15
37
21
21
25
12
14
19
15
33
12
31
10
12
10
10
12
14
12
47
14
33
19
48
16
17
19
12
14
10
19
21
10
14
12
17
23
23
31
10
13
4
19
12
15
14
31
27
17
12
21
17
29
21
15
27
41
27
27
25
4
10
12
17
17
27
27
25
23
27
23
43
31
17
29
25
14
21
10
16
44
21
15
15
19
25
6
8
29
12
35
23
13
17
12
29
25
12
21
16
31
16
35
12
14
21
6
12
23
10
17
8
12
37
2
8
8
2
3
8
6
10
4
6
19
12
8
14
63
4
14
23
12
8
8
10
10
8
8
2
6
12
6
4
0
4
8
8
4
8
4
4
10
0
2
4
2
4
4
0
2
2
4
2
2
6
5
2
2
2
6
6
0
4
6
4
2
2
4
2
2
2
0
0
2
0
0
0
0
2
2
0
0
2
0
0
0
4
0
2
0
0
2
2
2
2
2
2
2
2
2
2
0
2
2
0
2
0
4
0
0
0
2
0
2
0
0
2
2
2
0
4
2
2
2
0
0
2
0
0
0
2
0
0
0
2
2
0
2
2
0
0
0
2
2
2
2
0
4
0
0
0
0
2
0
2
2
0
0
2
0
4
2
0
0
2
2
0
2
0
4
0
2
0
2
0
2
2
2
2
0
0
0
0
2
2
0
2
0
2
0
2
2
4
0
0
0
0
0
0
2
2
0
0
2
0
0
0
0
4
2
2
2
0
2
2
0
0
4
2
4
2
2
2
0
2
0
2
4
2
2
2
2
4
2
0
2
2
0
2
2
0
2
0
0
0
0
2
2
2
0
2
4
4
2
0
4
2
4
2
2
2
4
2
2
2
0
0
2
0
6
0
4
2
2
0
2
2
2
4
2
0
2
2
2
2
0
4
2
0
2
2
4
2
2
4
2
2
0
2
0
2
0
0
2
2
0
2
2
2
0
2
0
2
2
2
2
0
2
2
2
2
2
2
2
0
2
0
2
2
0
2
2
2
0
4
4
0
2
0
0
0
4
2
0
4
2
2
0
2
4
0
2
0
4
2
2
9
0
21
1
18
11
10
0
21
15
0
0
29
0
1
3
0
21
0
2
1
10
0
0
5
0
11
13
0
1
5
6
9
37
0
17
17
31
0
16
29
50
0
0
0
0
0
0
0
28
23
39
34
18
0
25
17
0
0
27
3
43
39
28
48
0
0
3
0
0
30
21
91
0
5
0
33
2
10
14
43
8
0
2
0
23
0
3
16
11
0
0
12
0
0
12
40
0
18
16
43
0
51
38
0
2
59
74
33
0
21
22
76
49
0
0
3
0
0
41
0
13
0
77
0
0
0
0
0
0
7
17
0
58
22
0
91
26
0
0
0
2
11
47
47
27
0
0
0
0
0
0
0
0
99
76
2
16
34
0
0
0
0
0
0
2
2
30
42
11
14
9
25
48
54
79
0
0
0
4
40
0
0
0
0
0
58
0
0
0
5
12
2
0
19
2
21
75
0
0
0
0
40
0
4
12
7
20
78
2
0
0
0
7
16
0
31
0
7
6
68
55
0
0
0
2
79
0
70
65
0
0
0
0
0
0
0
5
32
2
32
1
0
0
3
81
0
0
0
4
7
52
5
62
32
0
0
0
0
0
0
11
15
15
7
64
67
0
0
0
0
0
0
9
79
0
7
63
0
0
0
0
0
0
0
9
5
37
45
16
29
51
84
15
25
22
16
18
26
16
7
48
23
37
3
18
47
32
33
18
58
75
48
52
21
30
60
36
46
49
40
43
15
47
48
14
26
32
2
32
25
23
41
25
33
64
40
63
38
17
24
38
89
55
54
77
61
45
27
15
37
44
50
45
47
37
39
46
44
46
37
37
50
43
40
36
40
36
37
36
32
29
33
33
41
39
43
23
45
44
43
54
45
41
44
45
44
42
40
47
56
46
45
33
27
42
43
52
36
46
37
47
45
43
41
43
44
34
48
33
40
44
35
30
11
39
42
54
46
32
39
40
45
53
38
35
46
40
43
38
44
46
39
23
40
39
49
66
46
35
40
51
25
44
34
39
37
42
45
39
39
21
25
43
41
41
52
43
18
47
40
46
59
34
73
32
32
40
47
38
37
36
35
45
37
35
35
31
44
39
50
39
39
40
36
45
41
37
42
55
29
13
32
38
36
42
62
36
43
32
37
50
35
40
28
40
54
42
44
30
0
42
29
46
32
26
48
34
40
39
30
40
36
46
23
22
36
33
29
42
36
46
34
40
36
46
44
34
36
39
41
46
51
39
26
58
36
47
37
37
44
36
26
40
28
33
37
37
45
46
42
24
44
40
0
46
37
42
31
39
37
49
39
28
30
9
5
3
5
20
5
68
83
7
7
5
71
7
1
59
22
3
5
3
11
82
52
67
30
68
21
43
74
3
45
5
3
11
36
3
88
5
34
3
9
13
1
3
59
1
3
3
74
5
91
5
20
3
20
48
5
5
1
19
9
8
45
7
5
5
9
7
13
87
3
7
63
5
3
9
11
38
34
67
17
9
3
49
48
14
3
3
84
7
5
5
74
3
25
3
5
76
74
5
1
3
7
3
1
48
5
5
3
5
42
5
3
9
75
40
13
68
49
45
1
4
3
7
50
12
7
7
1
36
22
68
3
82
47
9
20
35
7
15
7
30
69
3
83
55
29
7
76
5
1
5
80
28
9
90
13
5
67
13
30
68
40
81
7
5
30
7
5
3
9
3
91
3
5
1
64
7
3
3
68
93
65
80
1
3
27
9
9
5
5
5
92
5
3
3
5
85
5
3
40
5
7
3
7
89
9
3
5
43
55
3
3
7
3
3
5
3
40
3
22
66
5
3
3
5
1
60
5
5
5
9
30
83
24
7
7
7
5
68
5
5
40
5
7
68
75
22
7
3
0
3
7
7
7
3
7
9
5
82
5
79
5
7
3
17
41
5
7
7
5
5
5
3
3
47
64
9
3
5
4
3
5
5
3
7
12
77
5
22
32
12
24
17
30
11
9
35
34
28
30
23
11
21
18
22
15
20
22
41
18
19
11
18
55
30
40
30
28
35
37
30
48
45
24
14
43
26
20
19
16
42
31
44
27
18
36
39
48
7
44
37
30
49
39
38
28
38
39
34
28
35
32
67
35
50
43
38
30
32
24
20
16
67
39
33
27
18
26
61
40
26
53
39
0
78
0
0
80
0
0
0
0
40
0
56
80
31
63
53
83
21
42
7
77
64
53
33
35
39
35
37
47
70
66
57
45
43
42
74
41
49
48
57
47
30
37
63
43
22
43
35
57
34
43
39
66
31
32
38
32
30
68
81
64
26
59
25
39
35
18
39
35
38
36
39
56
56
49
68
30
46
52
39
40
54
20
96
26
36
42
41
40
54
45
53
32
56
21
43
37
63
36
62
61
38
53
26
60
13
89
84
48
63
60
55
52
45
39
46
43
62
17
79
50
26
40
56
48
42
95
42
55
45
51
47
25
48
41
44
42
52
46
70
56
79
25
84
49
36
58
24
25
76
59
49
33
59
51
50
64
37
46
38
54
34
36
35
64
42
55
68
49
58
31
42
90
44
72
43
47
32
18
59
51
26
52
43
28
24
37
39
16
20
74
72
29
22
14
34
15
15
11
21
15
65
16
4
21
2
8
12
14
2
17
10
15
15
17
4
4
17
4
2
6
23
2
2
2
16
4
4
31
12
2
17
10
6
19
16
15
4
19
9
2
8
15
8
8
6
17
2
4
4
18
21
4
6
4
0
4
2
19
19
6
6
23
4
2
2
4
2
2
29
2
2
23
21
2
6
14
2
6
14
17
2
4
13
4
6
4
6
15
6
4
4
28
19
4
2
4
4
6
21
18
4
17
21
4
4
17
8
6
6
2
14
14
18
4
14
4
8
19
17
6
4
16
10
2
4
16
21
4
2
6
15
2
6
4
14
2
6
15
6
15
19
6
2
4
2
19
16
2
4
25
15
15
14
18
2
2
13
6
4
12
13
4
4
2
2
17
2
0
16
16
4
2
13
4
2
2
6
19
6
14
2
0
11
2
4
4
2
2
21
2
4
2
19
6
0
8
2
8
2
4
6
2
19
0
2
6
21
4
18
19
8
2
6
2
6
6
2
19
4
4
4
6
2
10
6
6
0
16
6
4
2
24
8
6
4
2
21
2
2
10
2
2
21
16
4
2
23
4
2
12
17
2
2
4
4
13
2
4
10
2
16
2
21
4
15
19
2
0
2
4
21
4
4
21
6
21
2
0
10
14
6
6
2
10
15
12
21
2
21
4
6
7
8
9
5
20
8
8
7
6
7
13
12
7
8
8
5
4
9
7
6
6
8
8
7
8
4
8
9
6
8
9
8
22
30
8
13
6
10
10
7
6
8
6
18
12
7
9
7
7
12
6
8
9
11
17
13
12
8
8
8
5
7
7
8
9
31
7
6
7
7
7
7
7
6
8
4
7
13
6
6
9
10
7
7
5
4
11
7
7
13
8
17
8
9
13
6
12
14
7
8
6
8
17
9
7
6
5
9
10
6
6
24
5
8
10
9
9
9
8
19
10
8
7
10
7
9
17
6
7
8
6
17
11
6
6
9
8
10
7
7
9
9
8
7
7
7
8
8
6
5
12
5
6
5
20
8
6
11
8
7
8
5
7
9
7
10
10
8
8
5
10
8
20
20
6
6
6
11
17
6
6
7
10
9
7
8
9
6
11
6
7
6
14
28
12
14
8
5
10
9
10
7
8
9
8
8
7
6
12
8
27
30
10
12
7
15
32
8
8
6
9
19
10
5
9
11
21
18
15
6
5
9
8
7
4
8
29
23
6
9
6
16
7
6
8
7
8
8
9
6
7
10
7
11
7
5
8
6
20
9
6
11
15
11
6
8
6
17
6
5
7
5
10
9
7
6
10
8
32
11
16
8
8
9
6
9
9
