2
4
0
0
28
4
2
2
0
2
4
6
0
2
4
2
4
0
0
60
2
2
0
4
4
0
4
0
2
2
2
0
0
2
6
0
2
2
2
0
4
0
0
2
0
2
0
0
0
17
4
10
2
2
2
0
4
0
0
0
0
2
2
4
2
0
2
0
0
2
0
2
2
2
2
0
2
2
0
2
0
2
2
2
2
0
0
0
50
4
4
4
6
0
0
0
2
2
8
2
2
2
2
42
2
4
4
8
4
0
0
2
2
0
4
26
4
2
2
2
9
6
4
0
4
2
4
9
7
2
4
0
6
0
4
0
4
4
4
2
2
0
4
2
6
2
2
0
2
2
4
0
0
0
2
68
2
0
73
4
2
8
6
6
2
6
4
4
2
2
4
2
2
10
2
4
4
2
2
0
2
6
4
4
2
2
2
66
0
0
2
0
2
0
6
4
2
0
4
0
6
6
2
2
2
0
0
4
2
4
0
2
2
0
2
10
4
4
4
0
2
0
2
2
63
0
0
46
2
0
2
4
2
2
0
2
2
6
2
6
2
6
2
4
0
57
2
4
0
4
2
4
0
2
2
0
2
4
0
4
2
0
2
2
2
0
2
2
4
0
2
4
2
2
2
2
6
2
2
0
2
4
0
0
2
2
2
0
4
2
10
2
6
2
0
0
2
4
0
2
2
8
6
4
2
39
4
2
6
2
2
37
4
4
29
2
0
2
0
2
0
21
0
2
19
0
12
23
2
4
2
0
2
6
0
4
2
2
4
25
2
2
0
0
2
2
4
2
2
0
0
4
0
4
4
4
2
2
2
35
2
4
2
2
2
2
0
2
2
2
6
2
0
0
0
8
2
4
4
33
4
2
4
2
2
4
9
4
6
0
2
2
2
2
0
6
6
2
2
2
0
6
0
4
4
2
4
2
4
6
0
2
4
33
4
4
0
4
0
4
2
12
4
4
0
2
2
0
2
4
2
6
12
0
2
4
2
6
4
0
4
6
4
2
14
4
2
4
0
2
4
2
0
29
2
6
4
0
2
0
2
2
2
35
14
4
0
4
4
2
0
4
4
0
2
0
0
6
6
2
6
35
0
2
2
2
2
6
2
2
0
6
43
4
2
4
2
19
4
16
2
2
2
2
2
2
4
0
4
2
4
4
0
2
2
2
2
16
4
2
2
0
2
0
2
0
4
2
4
2
4
4
2
2
4
4
0
4
2
6
0
2
2
2
2
0
21
2
33
2
2
6
6
2
4
35
2
2
4
0
2
2
2
8
2
12
4
4
6
2
2
0
2
2
2
2
57
34
44
28
36
48
33
48
15
63
29
35
30
23
11
56
19
29
85
31
21
43
15
23
23
17
36
36
27
22
13
64
70
90
73
9
45
34
7
28
42
60
32
17
11
47
35
27
34
21
31
20
24
39
11
24
17
70
15
32
17
26
23
13
15
40
6
29
15
32
47
19
25
15
27
29
59
44
30
49
64
46
69
30
38
67
11
17
32
51
43
15
55
21
70
66
34
39
57
48
23
57
19
23
23
33
33
28
30
15
45
31
19
60
11
21
60
67
37
28
37
25
17
30
44
37
80
32
30
75
33
26
19
37
52
34
40
20
87
74
13
20
72
46
50
50
80
21
67
50
28
74
32
65
21
44
44
74
44
23
29
22
11
39
46
45
51
21
34
28
72
35
36
55
59
39
27
16
58
17
45
77
45
15
15
47
40
45
52
15
66
17
21
33
43
59
17
67
50
76
63
16
39
38
77
23
42
32
27
60
40
62
25
26
37
43
37
24
39
15
14
22
4
48
13
37
20
31
23
19
11
24
7
11
9
28
20
28
31
43
18
13
54
23
21
31
38
26
33
34
48
6
49
20
20
42
9
4
2
18
4
24
2
2
10
2
4
5
13
12
2
4
12
5
2
2
4
5
8
2
0
9
9
4
9
6
7
6
25
19
21
15
21
27
15
40
17
9
21
13
11
29
13
9
9
21
15
11
9
17
13
29
11
7
11
17
11
27
13
23
9
28
23
9
15
11
7
17
22
17
30
13
15
7
17
21
13
13
39
13
11
17
30
15
13
11
17
21
19
11
21
13
23
34
9
17
11
11
13
11
11
9
9
11
15
21
21
13
11
15
24
19
21
13
11
29
17
38
23
9
15
28
23
17
54
13
21
27
9
13
13
17
21
15
13
13
22
40
38
44
25
38
36
32
9
21
15
39
27
23
38
19
21
48
40
13
28
44
15
38
19
36
21
28
23
21
11
15
44
79
30
36
13
42
50
24
23
28
36
73
34
48
34
13
11
11
17
11
13
11
23
15
15
11
13
7
11
17
5
25
25
15
15
17
27
11
7
11
11
11
9
13
19
13
11
17
11
17
13
15
11
7
13
11
15
3
11
42
7
23
15
15
13
13
19
23
19
25
15
19
9
17
15
9
9
9
15
5
21
20
19
11
7
19
7
19
13
19
11
9
18
11
13
11
15
7
23
13
11
9
17
9
13
11
28
3
17
1
3
9
56
17
21
25
21
9
22
24
9
25
25
21
30
9
25
24
15
22
11
21
26
25
19
21
19
28
19
27
25
46
19
64
7
5
27
21
22
24
15
16
20
24
10
16
15
17
40
38
24
22
11
18
15
11
23
10
24
14
15
17
21
19
21
23
11
17
23
20
11
24
15
17
14
17
22
24
18
23
21
21
17
11
22
22
21
9
21
26
13
26
18
20
24
17
22
16
9
30
24
19
7
41
25
4
10
10
9
5
9
9
2
5
5
10
7
9
9
2
11
7
14
5
7
12
7
14
7
9
2
8
4
4
7
7
6
7
5
5
9
8
7
7
7
7
5
6
9
6
5
9
4
14
15
8
9
11
12
29
9
8
9
10
15
9
11
9
8
7
8
21
12
12
12
6
9
9
12
11
4
13
5
10
15
7
7
8
8
5
7
11
7
10
15
5
8
11
0
12
7
30
34
32
7
10
15
10
14
13
9
8
9
7
11
11
12
10
17
40
28
10
8
8
8
12
7
7
9
11
6
6
7
3
2
12
7
10
11
7
9
11
6
13
0
9
13
6
5
7
7
9
41
15
21
30
21
9
16
14
22
14
21
17
17
15
12
11
11
13
17
20
14
9
21
12
22
26
18
28
23
18
15
24
13
16
18
26
16
20
22
21
22
10
11
12
20
8
15
10
15
15
21
6
12
11
9
8
33
21
32
9
13
14
18
15
18
9
9
15
22
19
11
20
10
18
2
4
7
2
6
4
2
4
6
2
2
4
9
7
5
13
2
4
6
4
4
0
7
4
7
6
7
8
4
4
2
2
4
4
2
4
4
4
6
4
2
4
6
7
2
2
4
2
9
4
8
9
2
15
4
6
2
7
4
4
2
6
5
6
14
6
2
4
8
2
6
2
4
6
5
6
2
9
6
6
6
6
4
9
4
2
4
8
2
4
8
2
2
4
8
2
6
4
4
8
4
2
6
4
6
4
6
4
6
4
15
8
4
4
4
4
6
11
4
6
4
5
6
4
14
8
11
9
6
8
4
8
11
4
6
10
6
4
10
12
8
4
4
2
8
6
6
4
10
8
4
6
2
4
7
4
7
6
6
0
12
2
12
8
10
8
11
2
6
2
6
10
6
6
7
6
4
8
9
2
6
11
2
4
2
8
4
2
4
12
8
4
6
7
2
6
6
2
4
21
4
6
6
2
4
9
6
6
2
4
2
4
4
2
6
6
4
7
6
4
4
6
6
11
6
6
6
6
4
6
2
2
4
4
11
4
4
7
4
2
17
2
4
2
7
4
6
4
4
4
4
6
4
6
4
2
2
4
2
6
2
4
6
4
4
4
2
6
10
10
8
2
6
2
4
6
2
4
2
4
4
2
2
6
4
8
4
2
22
25
25
15
23
48
30
18
20
17
17
19
18
17
16
14
16
16
14
19
11
16
16
23
17
11
19
18
14
14
16
10
22
14
37
49
18
20
20
31
23
27
25
24
23
22
25
21
27
16
27
26
29
29
31
34
46
43
47
31
20
22
21
21
15
28
24
22
17
14
21
36
27
32
37
32
35
38
23
18
22
18
22
27
23
27
23
30
30
23
21
32
24
30
35
28
43
31
54
28
20
25
29
24
31
27
33
31
48
38
45
30
51
45
44
46
52
54
33
46
49
30
26
31
28
44
29
15
37
30
28
25
49
54
22
38
49
50
43
31
28
23
22
32
27
32
14
23
30
45
33
22
53
35
46
23
24
37
30
23
23
31
17
22
27
22
28
25
34
28
25
20
33
22
29
24
47
46
33
31
28
30
36
22
34
22
30
28
23
25
18
22
35
20
25
23
28
42
26
30
25
48
37
30
33
26
23
27
30
31
39
25
27
41
25
23
25
28
23
24
30
23
23
31
45
47
27
28
22
26
22
29
26
26
22
20
17
22
27
33
26
34
38
30
32
42
17
27
23
23
25
23
35
22
29
19
38
18
23
31
22
25
35
22
29
25
27
20
62
27
29
24
21
35
24
29
26
41
30
27
32
33
29
22
28
20
26
30
7
5
7
5
5
5
3
1
0
1
1
3
1
3
3
5
5
5
5
1
0
0
1
3
5
3
1
3
1
3
1
3
3
1
5
3
5
0
5
0
1
0
3
0
0
5
3
3
3
5
3
3
3
0
7
3
0
0
5
5
5
3
3
3
3
46
3
5
3
3
7
3
7
1
3
3
5
0
2
1
1
5
3
5
1
0
1
48
3
3
7
5
3
5
3
0
0
3
3
5
3
1
7
5
1
3
1
1
0
1
1
5
3
47
1
4
38
5
5
5
1
1
0
3
1
4
9
5
1
1
0
7
5
1
3
3
5
7
52
1
3
3
0
7
1
7
0
5
0
7
5
0
7
5
0
5
1
5
5
3
1
3
5
3
7
9
3
3
5
5
3
3
1
1
5
3
1
5
5
3
7
3
1
1
3
7
5
5
1
3
3
1
3
3
3
7
3
3
3
3
1
3
1
5
1
3
5
3
1
5
3
3
5
3
5
1
3
1
48
0
7
5
3
1
5
3
5
3
0
3
1
5
5
9
1
0
3
3
0
5
3
7
7
5
1
1
3
1
3
3
1
5
1
54
3
3
7
3
5
5
5
1
0
1
3
3
3
3
3
5
5
3
9
1
3
3
42
1
3
5
5
7
7
1
3
1
3
1
0
0
2
0
2
0
2
4
2
0
2
0
0
6
4
4
2
2
2
2
2
0
2
4
0
4
2
2
0
4
8
6
0
4
4
0
4
0
8
2
2
4
0
2
2
2
0
0
4
2
4
2
0
2
6
2
0
6
0
4
10
4
4
4
0
4
6
4
2
4
2
2
0
4
2
2
2
2
0
2
14
4
6
2
6
2
8
4
2
6
2
0
0
4
4
0
0
2
0
2
0
11
4
4
8
2
6
6
8
4
2
6
10
4
4
0
4
0
0
4
0
2
2
0
2
6
4
4
2
12
6
2
6
6
0
2
4
15
8
4
4
2
8
4
2
2
0
0
2
0
4
2
2
4
8
0
2
6
4
4
8
0
4
4
6
6
4
2
2
2
0
0
2
2
2
0
4
2
4
4
12
0
0
4
0
4
2
4
10
4
0
2
0
2
2
0
4
2
0
2
2
2
6
4
8
6
8
4
12
0
6
2
0
4
0
2
0
4
4
2
0
4
4
4
2
12
4
6
4
0
6
6
2
2
2
0
2
2
0
2
2
2
6
2
2
2
0
2
2
4
2
4
2
2
0
0
2
4
4
2
0
0
2
0
2
6
4
2
0
4
4
6
2
0
2
4
4
6
4
2
4
4
0
4
2
6
4
8
13
13
8
11
15
11
13
13
11
11
20
11
54
11
11
11
17
13
8
9
14
14
11
13
13
13
11
11
13
10
13
13
13
12
19
27
13
11
15
13
19
10
10
36
9
14
9
13
16
13
15
15
15
20
10
15
17
10
11
17
19
15
11
9
9
15
18
15
15
11
14
10
21
15
17
13
16
17
19
13
23
23
13
19
8
16
13
24
13
22
17
11
4
6
8
8
7
7
0
9
6
5
2
0
7
10
0
8
6
4
4
0
9
8
6
4
0
4
4
6
8
6
2
4
6
11
9
7
5
6
4
9
9
6
4
8
8
13
5
4
15
8
4
7
64
7
9
6
4
5
7
9
7
6
6
8
4
7
4
12
8
8
8
7
4
6
7
9
5
7
5
6
11
8
63
7
6
4
9
21
8
5
5
8
8
6
6
8
4
6
11
10
8
11
7
4
8
8
6
6
6
11
11
6
15
11
12
6
10
6
8
4
8
6
7
4
5
8
5
11
9
15
13
13
8
8
6
7
8
6
4
9
6
6
4
6
7
11
9
8
7
18
12
10
4
8
6
10
9
7
0
8
7
8
5
6
11
2
4
4
15
5
7
0
9
4
9
13
7
5
7
9
7
13
6
10
7
6
7
10
7
4
6
11
10
9
6
9
