28
33
25
26
27
15
26
19
22
21
25
19
20
22
15
20
27
15
20
23
25
26
26
18
22
36
30
24
25
30
18
19
18
20
24
18
20
22
18
23
17
22
21
22
29
26
25
20
19
28
16
20
18
27
20
21
21
19
15
23
23
23
27
20
22
22
19
22
21
23
16
32
18
22
27
25
18
16
28
24
27
13
20
19
23
19
12
18
25
24
20
14
20
25
20
25
24
22
27
26
29
35
18
24
23
27
20
24
22
28
23
22
27
31
30
23
23
30
19
25
20
21
13
26
26
15
23
23
17
24
27
25
20
31
23
26
27
28
27
19
19
18
23
23
27
17
21
21
21
22
28
27
29
8
21
23
24
16
24
26
15
24
26
15
18
27
22
24
21
15
26
22
22
24
26
20
24
17
28
23
23
28
15
18
31
26
23
19
20
29
25
19
20
20
23
24
21
26
10
18
18
23
21
24
16
20
18
21
25
24
20
24
21
24
25
22
21
26
24
23
17
21
22
25
23
19
20
26
20
22
18
30
24
22
23
20
18
24
23
12
23
16
27
24
22
16
21
22
22
22
13
24
24
13
22
17
22
23
22
18
23
30
21
21
23
19
22
11
13
20
19
22
17
18
22
20
20
20
22
18
23
20
22
16
25
15
21
24
4
2
4
2
2
2
2
4
0
2
2
9
4
3
2
2
0
4
2
2
0
3
8
0
3
4
4
2
2
4
4
3
2
2
4
2
2
5
2
4
4
2
2
2
4
3
3
2
4
4
6
2
0
4
4
2
2
0
2
2
0
12
2
2
4
4
4
4
6
2
3
3
3
0
4
4
7
6
2
2
2
2
9
9
4
0
4
2
2
7
9
2
0
4
3
4
4
2
1
4
2
2
4
0
7
2
2
2
2
4
0
2
4
2
3
3
4
2
2
2
2
2
4
0
2
2
2
4
8
4
2
3
4
7
2
9
7
4
2
5
2
2
2
2
2
4
0
4
2
4
4
2
2
2
2
2
2
4
3
4
3
4
6
2
2
2
7
4
2
9
4
4
4
3
2
6
2
4
2
2
2
3
2
2
2
2
4
4
4
2
2
16
4
4
4
10
2
4
3
2
4
9
2
4
2
0
4
4
3
3
2
0
4
4
5
4
2
0
4
2
2
4
3
2
4
2
2
7
4
2
2
11
4
9
2
7
4
0
7
11
2
2
3
0
2
2
4
9
2
2
4
2
7
3
4
4
2
2
6
2
2
4
3
3
5
2
2
8
2
2
9
0
3
4
2
4
2
3
0
4
4
2
2
2
4
2
5
4
1
3
4
0
6
2
4
0
2
4
0
2
11
0
2
2
2
2
2
0
4
8
2
3
0
0
1
0
0
13
0
2
5
2
0
2
0
2
7
3
0
0
12
0
3
8
3
0
0
7
6
1
2
0
2
0
3
4
0
2
4
0
1
2
3
0
0
1
2
5
0
0
7
0
11
2
6
0
3
0
3
3
4
0
4
1
4
0
6
0
1
0
0
4
1
2
8
0
3
2
2
0
2
1
2
0
0
2
2
0
4
0
2
0
0
2
2
1
2
1
4
2
8
0
0
4
5
4
0
1
2
2
4
2
1
4
4
0
0
7
2
5
2
0
4
5
4
10
0
2
5
1
2
4
0
8
2
7
1
0
0
4
0
1
2
1
0
2
7
2
2
0
2
2
2
2
0
0
0
2
2
7
4
0
0
7
0
2
0
0
5
6
2
2
4
0
0
2
0
2
10
0
5
4
2
2
4
2
0
0
0
1
4
1
2
4
3
0
2
2
0
0
4
4
1
0
1
11
5
0
0
2
1
4
3
4
5
2
1
0
0
2
5
2
1
1
2
2
1
0
1
6
0
0
1
1
0
0
3
0
2
2
0
2
2
4
2
0
0
2
2
1
0
0
0
0
0
2
0
2
0
1
0
4
2
0
2
4
21
33
41
0
4
41
2
17
2
32
30
33
30
20
22
13
9
4
27
2
10
5
2
4
13
6
31
13
2
34
48
2
39
3
23
0
16
0
2
19
30
15
2
7
25
13
26
0
10
4
4
34
0
25
6
0
26
4
46
6
10
2
16
33
6
41
0
19
5
0
35
25
38
2
43
4
21
30
8
3
10
23
30
7
47
38
4
22
5
90
1
20
18
34
0
28
3
33
24
4
23
4
11
31
2
28
0
12
30
46
12
32
0
18
2
34
36
59
29
2
8
3
16
2
20
10
0
10
2
38
23
2
10
23
4
34
28
6
33
16
0
19
2
30
0
34
16
23
25
1
4
3
30
26
30
27
23
11
59
31
65
8
39
35
29
8
51
2
6
0
30
6
6
3
5
28
2
0
6
4
4
20
39
31
37
13
11
25
64
27
0
38
4
18
11
2
25
29
20
4
15
30
6
41
8
26
0
23
4
26
0
29
37
39
25
31
65
2
24
29
4
2
52
15
19
11
2
17
39
7
35
5
47
21
17
41
37
46
20
40
6
34
2
43
22
2
54
30
6
21
15
22
48
6
9
31
66
0
25
31
36
8
27
22
30
45
31
18
8
19
2
8
26
15
8
4
56
66
3
2
4
58
29
22
10
27
40
27
2
4
6
4
4
4
4
2
4
4
2
2
0
0
2
2
6
4
4
0
2
2
2
6
4
4
6
8
2
2
6
4
4
2
2
4
2
0
0
0
2
8
2
4
4
4
5
4
2
4
0
2
0
4
0
5
6
2
4
40
4
0
0
4
4
2
2
2
4
2
2
0
4
2
2
2
4
2
4
2
6
8
2
0
0
2
0
4
0
0
4
0
4
2
2
2
2
2
4
1
0
2
2
0
4
2
0
0
0
2
2
2
0
2
2
2
2
0
0
1
2
2
0
0
0
4
2
2
0
2
2
0
2
0
4
2
0
0
0
2
0
0
0
0
2
4
2
0
2
4
2
4
2
0
2
4
2
4
2
4
6
2
2
0
0
2
2
6
0
2
4
4
0
2
2
2
2
4
2
2
6
6
6
2
6
0
2
4
4
4
8
0
6
2
2
4
0
4
4
2
4
2
9
2
4
4
6
2
6
2
4
4
2
4
6
2
32
4
4
4
4
4
2
2
4
4
8
0
4
6
4
4
2
2
4
4
4
5
0
2
2
21
4
4
4
2
4
0
2
0
0
2
7
6
0
2
2
4
2
4
6
2
0
2
4
4
4
2
2
2
4
0
2
0
4
4
0
4
0
4
2
4
4
0
2
2
2
0
4
0
4
8
15
2
0
0
2
2
2
2
0
0
21
6
0
2
2
4
0
0
0
2
8
6
2
4
2
0
0
2
2
2
0
0
0
2
4
4
6
0
0
4
0
0
0
0
2
2
0
21
10
2
4
2
2
2
6
0
4
0
2
4
4
13
2
0
0
2
2
2
2
4
4
4
2
4
2
0
0
2
2
6
0
2
0
4
2
2
0
4
0
0
0
8
6
0
2
0
2
2
4
4
4
8
0
0
6
2
4
4
0
0
2
0
0
2
6
0
0
2
19
8
0
4
4
2
4
16
2
4
4
4
4
2
4
2
2
2
2
0
2
2
0
0
0
2
4
2
2
2
0
4
0
0
4
6
2
2
4
2
4
0
2
2
0
0
2
0
4
0
0
2
4
2
2
6
21
2
4
0
0
0
6
0
4
14
4
0
0
4
2
4
4
4
0
4
4
2
4
0
0
4
2
6
2
2
0
4
0
4
4
4
0
0
0
2
2
0
2
0
2
6
2
6
2
2
0
2
2
0
4
0
4
2
0
2
0
2
4
4
2
2
0
0
0
2
0
6
2
0
4
4
4
4
0
0
4
4
4
2
0
8
0
4
2
4
2
0
6
4
2
2
0
2
4
8
0
2
0
6
2
4
4
6
0
2
35
15
11
13
17
11
9
3
3
5
11
15
7
3
9
7
9
49
7
7
5
3
9
21
11
5
19
11
11
13
7
23
21
13
7
5
17
0
7
3
17
15
5
7
3
3
17
21
21
25
15
3
3
13
15
5
9
9
11
9
19
27
7
13
19
9
7
7
7
3
5
3
5
31
3
21
11
21
13
7
2
7
13
5
17
7
5
23
2
13
7
21
11
5
7
9
7
11
23
7
7
9
5
11
11
7
17
15
13
7
15
5
3
19
15
7
11
11
37
7
5
5
41
9
5
11
9
17
7
11
5
19
13
15
37
9
15
27
27
7
7
9
5
5
21
7
15
13
23
21
21
2
2
21
5
0
7
27
5
3
15
21
9
5
19
7
3
11
13
9
5
25
11
13
7
11
13
28
19
5
5
11
9
31
19
5
15
19
11
21
9
3
15
3
17
9
3
27
17
3
3
19
7
74
17
11
5
5
17
11
7
22
31
0
31
23
5
11
9
21
15
9
3
2
15
9
21
7
3
13
7
3
5
21
23
7
9
31
3
9
11
3
3
7
3
3
17
15
15
19
15
3
11
5
7
17
17
19
9
11
9
19
13
5
21
9
13
9
17
11
25
11
13
25
15
5
33
5
5
9
0
9
31
17
21
7
13
13
2
0
0
2
2
2
2
2
4
2
2
2
4
2
2
4
2
0
6
2
2
0
4
0
2
0
2
0
2
2
4
2
2
2
0
0
0
6
0
6
4
4
2
0
0
2
0
2
6
2
2
0
2
0
2
4
2
4
4
2
6
2
2
4
2
2
0
0
2
0
0
0
0
0
2
0
2
0
2
0
0
2
2
4
0
2
2
0
2
2
2
2
2
2
0
2
0
6
2
2
2
2
0
0
0
2
4
4
0
0
2
2
0
2
2
0
4
0
0
0
2
2
2
0
0
4
2
0
0
2
8
2
2
2
0
0
0
2
2
2
2
0
0
2
2
4
2
2
0
0
2
2
4
2
0
2
0
0
2
0
2
2
0
0
2
2
2
2
0
0
0
0
6
2
2
2
2
2
0
4
4
4
4
0
0
0
2
0
2
0
2
2
2
2
2
4
2
2
2
2
2
0
0
0
0
0
2
2
4
0
2
4
2
4
2
2
6
0
2
2
0
2
2
4
2
2
4
0
0
6
2
0
2
4
0
0
0
0
2
2
2
4
2
2
2
4
0
4
2
2
2
0
2
4
0
0
2
0
0
4
6
0
4
2
2
0
0
2
2
2
0
0
2
4
0
0
0
4
2
0
0
2
2
2
4
0
6
0
15
13
4
6
8
4
4
2
4
2
4
4
0
2
4
2
4
4
6
2
4
17
2
4
6
2
0
4
0
2
4
6
8
0
6
4
8
4
48
15
4
8
6
0
23
2
8
2
2
2
4
2
11
2
8
2
4
8
4
8
10
8
6
2
2
4
2
2
2
6
2
4
2
15
0
4
2
4
4
4
6
2
4
8
4
0
4
4
6
17
4
4
4
4
10
6
8
4
8
4
4
2
2
0
4
4
6
4
0
4
6
6
4
4
2
0
4
2
6
6
4
6
2
15
4
15
4
4
4
4
4
4
2
2
16
19
15
4
6
10
4
17
4
4
0
8
4
13
3
4
2
6
8
6
6
6
4
6
8
14
6
6
6
4
6
6
6
2
6
4
10
8
7
8
8
14
2
10
2
21
4
4
10
17
2
4
6
2
4
4
6
4
16
6
7
4
9
4
8
8
8
6
8
15
2
4
6
10
25
40
7
8
8
2
10
4
3
4
4
4
2
2
6
17
2
4
44
2
8
6
2
4
5
6
8
6
6
2
6
4
2
15
6
0
2
14
2
36
0
13
2
2
2
0
17
2
24
4
0
4
2
2
4
2
4
0
4
4
2
33
2
2
11
2
2
4
12
2
8
0
2
4
4
6
2
0
2
4
4
29
12
4
4
25
8
4
6
6
8
8
64
10
10
2
8
4
8
4
19
2
6
6
19
39
2
6
8
6
4
2
6
6
2
6
4
4
37
6
37
12
2
2
6
4
4
6
6
2
14
6
19
4
10
10
4
4
2
18
4
4
19
4
6
6
21
4
8
4
4
4
4
2
6
4
4
6
16
8
6
25
4
6
16
8
4
8
4
10
25
4
2
6
4
8
41
10
6
6
6
64
6
6
10
4
10
12
8
35
4
6
4
4
6
29
6
8
8
6
4
6
6
2
6
6
4
4
6
8
4
4
4
8
10
10
6
37
6
4
72
2
8
4
4
4
27
6
8
8
2
33
4
4
25
8
6
12
6
2
6
2
8
6
6
6
4
6
6
8
49
8
6
6
53
6
6
8
12
4
4
8
8
17
4
6
6
4
6
6
8
6
8
4
17
46
6
10
10
8
6
8
6
4
2
8
6
6
4
10
8
4
6
4
10
6
2
6
53
60
10
43
2
10
6
8
6
4
4
31
4
12
6
8
6
18
47
10
37
2
35
6
52
10
8
4
8
10
6
6
6
2
10
6
4
2
6
4
29
8
6
49
41
21
4
4
6
4
25
12
8
6
6
8
8
8
4
6
10
8
14
8
8
21
6
10
6
6
