2
8
0
6
2
11
2
6
0
4
2
2
0
0
2
4
0
4
2
2
73
0
2
2
4
0
2
2
2
4
4
0
2
0
4
2
0
0
10
6
2
2
2
0
4
2
0
4
0
0
4
2
4
4
0
0
4
0
2
2
0
2
2
2
2
0
4
2
0
0
4
0
0
2
4
0
8
0
53
0
2
2
6
4
4
0
2
4
6
0
4
2
2
4
2
6
42
2
4
4
2
2
13
2
2
0
4
2
2
2
2
0
8
42
0
2
0
2
0
4
0
0
0
0
2
0
4
2
4
2
6
4
0
0
2
2
6
4
6
8
4
4
2
6
11
2
0
8
6
2
4
0
0
2
9
10
0
6
4
0
4
2
4
2
4
2
0
0
4
0
2
4
2
2
4
2
2
0
0
0
6
2
4
2
0
4
2
0
4
2
2
2
2
2
2
4
2
4
0
4
4
2
2
11
0
2
2
10
0
0
8
4
0
4
2
4
2
2
0
2
2
4
2
2
0
0
2
4
0
2
4
2
4
2
52
2
2
2
2
0
2
2
2
2
6
0
57
2
0
2
2
4
0
0
4
2
2
4
6
4
4
4
0
0
4
2
2
2
0
0
4
4
6
0
2
2
2
0
0
9
0
0
8
4
6
2
6
6
11
4
13
6
5
11
16
4
9
2
9
7
2
8
4
0
4
10
2
2
6
6
2
7
9
6
5
5
13
3
4
4
4
0
9
8
11
5
2
5
7
11
10
9
20
9
0
11
7
4
9
5
23
11
11
7
11
13
11
6
6
4
4
5
0
13
9
9
6
9
14
7
6
13
9
2
15
19
15
18
17
13
11
11
20
19
20
13
11
13
12
11
15
11
20
11
13
9
11
9
11
25
7
17
15
13
9
9
13
11
17
11
9
15
9
21
14
9
12
9
10
10
16
22
13
13
15
21
11
9
13
17
9
19
4
9
15
11
17
15
13
9
13
8
6
10
19
16
20
20
7
12
7
11
9
13
6
6
14
15
12
16
10
27
9
5
24
9
10
4
24
7
9
18
13
25
9
22
18
9
11
7
13
9
13
26
9
29
13
25
13
11
12
11
22
33
7
21
30
15
8
6
13
9
26
28
15
18
18
17
11
23
30
16
13
19
9
11
17
17
11
7
9
15
16
13
18
14
11
22
16
6
13
13
28
16
7
15
21
11
4
18
13
8
19
16
13
20
13
7
9
11
5
14
8
7
9
12
7
13
7
12
13
14
6
18
4
8
6
6
11
7
13
9
5
11
6
4
5
5
11
8
6
11
5
6
12
2
18
27
20
23
23
37
22
22
16
31
14
20
33
31
29
16
33
47
31
31
23
18
21
14
8
23
10
18
20
20
20
16
23
8
23
21
29
19
25
25
31
8
29
19
16
12
41
21
84
20
21
19
20
8
6
8
20
37
12
16
18
10
10
20
16
8
10
14
20
56
14
25
29
16
27
31
14
17
53
33
21
16
19
18
35
35
23
22
20
10
29
12
14
37
14
16
16
37
12
16
12
23
50
25
6
14
27
23
33
31
29
35
14
41
45
31
19
35
39
37
16
17
20
25
23
12
23
19
22
16
12
16
14
16
17
12
29
16
25
46
37
19
29
44
21
27
19
16
31
14
39
25
31
23
12
25
14
27
14
43
33
19
39
29
33
27
23
25
29
18
37
29
14
43
14
29
17
27
21
21
19
17
23
58
21
14
31
27
14
21
14
16
31
23
21
23
14
23
58
60
33
19
19
42
10
21
37
29
25
21
16
33
51
23
12
22
23
14
27
14
13
12
12
20
10
27
21
25
15
10
33
12
12
12
17
19
12
25
18
17
14
19
20
18
10
27
23
18
28
6
21
12
10
12
10
18
14
18
12
8
8
12
14
8
4
8
14
4
8
4
2
8
8
6
4
6
6
2
4
10
2
6
4
8
14
10
16
12
5
78
5
0
0
1
0
5
0
0
1
0
0
1
1
1
0
1
5
0
1
0
0
0
5
0
0
1
1
1
1
1
3
0
7
1
0
1
0
0
3
11
0
0
0
1
9
1
0
0
0
0
9
1
5
5
0
0
5
1
0
1
1
0
1
1
7
0
1
0
0
7
1
0
3
11
0
1
0
0
1
1
1
1
0
3
7
1
0
1
0
0
5
0
0
0
0
1
0
0
1
0
1
0
5
1
0
3
0
0
7
1
0
0
0
0
60
0
5
5
0
5
0
0
1
0
0
5
0
0
1
3
7
5
1
0
0
0
3
3
5
0
1
0
3
0
0
1
1
7
5
3
1
1
0
5
7
3
3
0
5
3
1
3
0
0
5
1
3
0
0
5
0
1
65
0
1
0
0
3
1
0
0
1
0
0
0
0
0
0
0
0
3
3
0
3
0
0
1
1
1
3
3
3
1
5
0
0
0
3
0
1
1
0
9
1
3
1
0
3
1
1
1
0
5
1
0
0
3
0
3
3
1
3
5
3
5
0
0
1
5
3
1
0
5
0
0
0
1
1
1
0
0
5
3
0
5
9
1
3
3
0
3
0
0
1
0
1
0
0
1
5
0
1
0
1
0
1
1
3
7
0
1
3
1
0
0
1
2
2
4
0
4
0
8
4
6
4
2
2
2
6
6
6
6
4
2
2
0
4
2
2
2
4
4
2
8
4
2
2
0
10
4
6
0
2
4
2
6
6
8
4
0
0
6
4
4
2
4
4
6
2
4
4
2
6
0
4
0
6
4
4
0
6
0
8
2
4
2
2
0
4
2
6
4
0
6
4
4
4
4
4
4
2
6
4
2
4
2
0
2
4
4
4
6
8
2
2
2
8
2
2
4
0
4
4
0
6
4
0
0
6
8
10
2
4
4
2
4
4
6
2
4
8
0
4
2
2
2
2
2
2
2
0
0
2
2
2
4
0
4
2
4
0
4
4
0
4
2
4
6
4
2
2
2
4
6
4
4
4
4
4
2
2
0
2
6
4
6
2
4
2
2
4
8
4
4
2
6
4
4
2
4
4
2
2
2
4
2
4
4
4
4
6
4
4
2
2
0
4
6
4
6
6
2
4
6
4
0
4
0
4
0
10
0
6
0
4
0
2
6
6
6
4
4
2
4
0
6
4
6
2
2
2
4
10
6
4
4
2
4
4
2
2
0
2
6
2
6
6
4
4
2
8
6
6
6
6
2
2
2
2
6
2
2
6
2
4
2
4
0
2
4
4
4
4
4
4
4
4
2
4
2
4
4
4
14
10
4
16
22
5
12
5
7
14
13
11
12
8
29
28
5
26
6
12
7
11
14
11
10
11
9
7
19
20
25
22
18
10
6
16
19
24
14
5
7
7
14
12
9
8
6
8
8
8
9
4
9
4
13
12
24
14
45
12
4
24
23
26
24
9
28
23
15
44
24
35
26
11
27
4
26
20
5
23
22
6
18
11
5
13
8
5
4
5
7
16
42
14
17
15
8
21
27
17
10
6
11
9
8
4
4
7
4
5
9
3
7
13
25
21
10
8
26
19
27
27
20
21
12
6
5
13
20
19
28
10
6
8
11
7
17
10
6
15
10
6
10
7
11
16
11
3
12
17
10
9
7
5
11
5
8
7
7
6
12
13
7
6
9
7
8
30
6
11
11
10
14
24
12
10
9
20
8
9
6
10
11
8
16
10
10
4
14
10
6
8
3
8
7
10
15
21
11
11
3
7
38
28
1
21
8
28
1
4
8
28
10
10
15
11
8
6
18
29
8
6
7
14
7
16
13
8
19
35
14
4
26
7
16
10
15
26
39
26
19
9
31
31
5
11
14
5
5
6
8
15
11
4
11
12
17
16
23
23
16
15
10
14
5
25
6
13
27
5
9
5
12
26
15
9
9
22
29
29
23
9
16
14
20
12
16
9
19
11
7
9
4
16
18
9
4
4
13
9
13
13
15
11
11
11
4
20
4
11
4
6
17
11
11
11
17
9
13
10
7
7
8
6
7
15
4
23
20
26
27
15
8
27
9
27
32
33
23
20
23
13
29
29
17
81
19
35
18
9
26
20
32
19
55
23
17
15
17
20
7
39
20
8
17
7
30
18
41
7
23
13
51
20
22
48
17
24
54
33
7
26
40
50
15
26
23
37
13
41
25
34
24
19
21
24
33
31
4
31
15
55
18
61
43
16
20
37
26
38
30
25
32
43
68
24
32
34
20
23
26
30
30
42
49
15
17
25
23
31
27
22
48
28
17
23
26
13
23
23
20
0
35
41
47
24
24
17
44
21
43
15
28
32
13
52
78
50
25
43
57
42
45
69
31
30
13
13
34
45
28
44
15
62
15
49
35
24
13
11
68
34
27
11
34
45
55
38
45
29
11
18
41
25
24
36
43
26
42
43
34
25
11
54
32
11
9
26
11
4
35
7
7
6
5
13
15
29
6
11
13
13
13
13
11
9
6
13
5
16
6
6
9
13
7
7
11
7
9
49
17
13
11
11
2
13
7
8
15
2
8
15
9
4
7
27
9
4
11
15
8
11
9
17
5
9
6
17
11
17
20
20
13
2
6
11
0
2
2
0
2
4
2
2
2
0
0
2
2
4
2
0
2
4
0
2
4
2
0
2
2
2
4
4
2
2
2
2
2
0
0
4
12
0
2
2
2
2
0
2
4
2
0
2
2
2
2
0
2
2
4
2
2
0
0
4
2
4
35
0
2
0
0
2
0
2
0
0
0
0
0
0
4
4
0
0
2
0
0
2
0
2
2
0
2
2
0
0
2
0
0
2
2
2
2
2
0
2
2
0
2
2
0
4
2
0
2
0
0
0
0
0
2
2
2
2
2
0
0
4
2
2
0
2
2
2
2
2
4
4
0
2
4
2
2
2
2
2
2
4
0
0
0
2
0
2
2
32
0
2
0
2
2
4
2
2
2
2
4
0
0
0
2
2
2
2
0
2
2
0
2
2
2
0
2
2
2
2
2
2
2
0
0
0
2
0
2
2
0
2
2
0
2
2
4
4
2
2
2
4
0
0
0
0
2
0
2
2
2
0
32
2
4
0
2
2
2
0
2
2
2
0
2
2
4
2
4
0
2
0
2
2
2
0
2
2
0
0
0
2
2
0
2
2
0
2
0
2
0
4
0
0
0
2
4
2
0
2
0
2
2
0
0
2
2
0
2
2
0
2
0
0
2
0
0
2
0
2
2
2
2
0
0
2
2
0
0
2
8
2
10
2
10
0
10
2
2
4
4
2
0
2
4
6
2
0
2
4
4
2
2
0
0
4
10
4
0
0
6
0
6
4
15
0
0
2
2
2
4
4
2
2
4
2
4
2
0
4
8
0
0
2
4
0
4
0
4
0
2
0
6
6
0
0
2
4
4
0
2
2
2
0
2
2
2
4
4
4
2
0
0
2
2
2
6
2
6
4
2
2
0
2
0
2
4
2
0
6
2
4
4
0
2
0
4
2
2
0
2
2
2
2
2
2
2
0
4
0
4
0
4
4
2
2
4
4
4
0
2
2
2
2
2
4
2
6
4
4
2
6
2
0
2
0
2
2
6
4
4
4
2
4
4
2
2
2
6
6
4
4
4
2
2
4
0
0
4
0
2
0
4
0
4
4
6
4
6
4
2
0
0
4
2
2
2
0
0
2
4
6
4
2
2
2
0
6
0
2
2
4
2
4
2
0
2
0
6
2
4
4
2
2
6
2
6
2
2
4
4
4
2
0
2
0
2
2
2
0
4
2
2
0
2
2
0
0
8
2
4
2
0
2
2
0
2
2
0
2
4
0
0
4
2
2
2
0
2
0
4
4
4
4
0
2
2
2
2
4
2
4
2
0
6
6
4
2
2
4
0
0
6
0
6
20
0
19
0
45
0
0
0
12
28
23
26
0
0
33
0
5
24
0
0
0
14
30
26
0
20
59
47
0
17
0
0
3
1
23
0
0
0
17
23
11
0
30
20
10
5
28
0
0
23
0
25
51
0
2
0
7
0
0
0
3
0
13
11
29
84
0
0
0
33
45
36
16
0
2
0
34
49
0
0
0
5
0
0
9
0
0
39
31
0
0
0
12
11
0
0
20
0
20
10
14
28
0
0
0
0
23
25
4
26
7
16
28
0
0
0
11
0
2
42
0
4
30
0
0
56
0
0
0
33
0
20
11
26
0
0
0
0
0
0
13
31
32
13
1
31
0
7
18
33
0
0
13
0
17
62
20
0
33
62
0
0
0
2
0
15
13
2
0
23
2
74
31
20
0
0
18
0
0
1
10
17
35
48
30
0
0
0
0
21
0
21
0
5
38
0
19
20
0
18
21
0
0
2
0
13
24
0
8
2
0
19
0
60
18
0
8
13
7
0
16
0
4
5
0
7
54
27
0
5
47
15
0
18
5
0
16
9
0
14
0
0
0
0
0
0
0
0
0
0
0
0
0
16
0
6
5
15
1
1
0
0
2
0
0
0
0
0
0
0
0
14
0
0
4
0
0
0
0
0
0
0
0
0
0
0
0
