2
0
2
0
0
0
0
0
8
10
0
0
4
0
8
2
0
0
4
6
4
6
2
0
0
6
2
2
0
2
0
2
0
4
27
0
0
4
0
8
6
0
4
2
0
0
2
2
0
6
6
0
10
2
6
6
12
19
4
19
4
17
4
12
4
0
6
6
15
6
13
6
6
23
2
2
2
6
6
4
4
4
0
21
6
0
4
4
8
14
4
2
4
0
8
0
4
10
4
4
4
0
6
8
6
0
2
8
12
6
4
15
0
0
8
6
4
8
2
6
4
6
4
6
2
0
2
2
0
8
4
6
12
0
15
2
0
2
2
4
4
4
0
2
6
4
6
2
2
8
4
2
4
2
2
4
4
19
2
4
4
2
2
2
4
2
19
2
2
2
6
2
0
4
0
4
6
2
4
0
2
10
2
2
0
0
15
4
10
2
0
2
4
0
2
2
4
10
12
0
2
2
4
2
2
0
4
0
4
6
6
8
0
4
4
0
2
6
4
2
2
0
2
2
2
0
21
6
8
4
2
4
6
12
15
4
10
4
2
0
4
4
31
8
4
15
0
2
17
8
0
2
4
2
4
0
10
6
2
4
0
4
2
6
17
10
17
21
19
2
2
0
8
2
2
0
4
0
0
0
6
2
0
0
2
4
2
0
27
8
16
2
12
12
16
10
12
2
2
2
2
2
4
6
2
4
2
4
8
10
4
6
4
8
6
4
8
2
10
4
8
2
10
13
4
6
9
12
4
4
7
2
4
4
8
6
7
15
14
6
13
13
15
19
10
6
10
9
6
8
8
6
21
8
8
10
19
12
15
12
6
11
8
2
12
15
12
15
11
6
23
15
12
17
15
10
21
12
13
12
15
13
23
10
14
17
19
15
19
13
14
15
29
7
13
15
25
17
10
37
17
21
17
14
17
6
15
18
21
48
19
17
11
11
24
23
21
25
29
17
19
13
15
41
52
23
19
13
20
17
19
17
15
14
37
12
19
27
38
12
6
14
6
23
27
15
8
15
33
41
15
10
8
17
12
43
31
6
31
6
14
33
10
6
15
32
21
27
21
23
17
27
21
6
8
8
17
15
21
31
16
30
21
31
13
6
27
19
19
10
30
20
10
31
35
12
33
15
17
17
10
12
2
19
15
8
11
19
13
10
17
6
17
19
6
19
19
15
5
21
13
14
23
11
15
17
6
11
12
7
10
6
6
15
8
13
15
17
10
8
8
12
4
8
9
15
14
9
6
31
16
12
15
5
4
13
8
6
4
12
13
4
2
8
0
12
12
6
13
10
10
8
2
8
4
2
0
0
4
1
1
1
0
3
0
1
1
1
1
3
0
3
3
0
0
3
3
3
5
3
1
1
0
4
5
1
1
0
1
0
0
0
3
3
0
0
5
0
3
1
0
1
3
3
3
18
1
0
1
3
3
1
3
0
0
3
1
8
3
1
1
0
3
1
3
1
3
3
17
6
0
0
1
0
1
1
3
3
1
3
3
3
5
3
1
3
5
3
1
3
0
1
0
0
5
1
3
1
1
1
2
0
3
1
1
3
1
3
0
1
0
1
0
9
3
7
0
1
3
0
16
4
1
1
0
20
3
4
3
3
7
1
0
3
5
1
3
1
0
1
0
1
1
3
6
5
1
1
0
3
1
3
5
3
1
1
1
1
3
1
1
1
5
3
5
4
3
0
4
0
0
1
1
1
2
5
3
4
1
0
1
3
1
1
1
3
2
1
3
3
1
0
3
1
0
5
1
3
6
1
3
1
1
2
1
5
3
3
5
0
3
1
1
3
5
3
3
1
3
3
1
1
3
0
1
0
0
1
1
3
1
1
1
3
1
1
1
3
1
3
1
1
1
0
3
5
1
1
1
2
0
1
4
1
0
1
3
1
1
0
1
0
4
3
1
3
0
0
3
1
3
0
1
15
3
3
3
0
1
0
1
1
1
3
8
4
2
5
7
8
3
5
9
9
10
5
6
5
4
4
11
13
6
9
8
8
10
13
8
7
4
8
21
13
12
7
11
4
8
9
5
13
7
12
10
7
6
8
14
12
13
5
8
11
9
8
9
12
9
24
10
12
12
12
12
12
7
7
18
13
11
8
9
17
10
7
4
4
5
4
7
7
3
8
8
12
9
12
5
4
6
3
4
4
5
6
5
7
5
7
10
6
6
4
6
11
2
11
2
12
6
12
6
5
2
4
3
4
12
8
11
9
12
2
10
6
1
3
3
8
9
8
6
0
6
4
8
4
3
4
8
7
8
11
6
7
8
4
3
5
3
4
3
8
4
4
4
12
4
5
0
4
5
3
7
6
7
8
4
6
6
5
6
4
4
4
2
9
2
5
7
16
5
3
3
3
3
4
15
7
17
6
7
6
5
6
8
7
0
3
8
5
3
3
7
6
4
2
4
8
1
2
7
6
9
7
6
5
9
9
9
1
1
2
4
7
5
11
7
5
6
8
4
7
1
5
3
11
7
4
9
6
4
5
7
3
4
4
8
9
9
7
13
10
10
9
4
7
8
8
9
11
10
6
7
5
8
10
6
5
6
8
3
18
9
5
6
8
5
8
1
6
5
10
7
7
5
11
9
12
12
10
38
38
15
36
26
35
30
34
25
32
11
34
31
26
16
28
35
23
38
17
39
38
28
37
36
26
39
12
26
37
35
49
53
38
33
32
35
35
34
39
19
23
52
20
43
17
23
30
27
17
18
53
23
29
24
27
28
21
28
28
21
18
20
28
26
34
6
29
34
21
22
22
21
51
58
31
27
35
99
27
31
27
33
37
11
15
28
9
27
36
27
32
31
23
33
25
29
33
28
13
17
35
28
32
31
23
21
30
31
37
19
36
32
53
45
17
35
24
16
31
37
37
31
37
36
37
38
47
19
34
32
34
33
35
39
39
18
31
47
35
31
34
52
25
40
22
26
13
16
36
33
29
38
16
37
30
18
22
36
23
23
41
31
26
27
26
36
38
39
19
35
40
11
26
51
33
28
47
32
30
21
28
34
30
28
26
27
28
25
23
52
34
24
36
34
36
74
27
20
45
31
36
56
31
20
22
15
24
34
30
32
18
56
35
33
24
29
25
30
34
21
28
16
20
30
30
43
19
37
27
36
38
27
31
33
35
27
37
25
33
27
35
13
29
13
25
31
35
11
21
32
25
39
25
24
34
27
16
51
32
34
28
25
14
38
17
25
27
24
28
24
62
29
27
57
36
36
33
33
19
39
36
35
44
52
31
47
38
0
0
0
0
0
0
0
0
0
0
0
0
0
0
0
0
0
0
0
0
0
0
0
0
0
0
0
0
0
0
0
2
4
4
4
2
2
4
2
0
0
2
4
4
0
0
0
0
2
0
0
6
4
2
2
0
0
6
4
4
4
2
0
2
0
2
0
0
4
0
0
4
4
0
2
0
0
0
2
2
4
2
2
2
0
4
0
8
0
4
2
0
2
2
4
2
2
2
2
2
2
6
0
2
2
0
2
2
4
2
2
4
0
2
2
2
2
2
2
0
4
4
2
2
2
0
0
2
2
0
2
0
0
2
2
0
2
2
2
2
2
2
2
0
2
2
4
2
2
2
4
0
4
2
4
2
2
2
4
2
0
2
2
2
4
4
4
0
0
0
0
0
0
0
2
4
0
0
0
0
2
0
2
0
0
2
2
4
2
2
0
2
2
2
2
2
4
2
2
0
0
2
2
0
0
4
0
2
2
6
0
2
2
0
2
2
2
0
2
0
2
0
2
2
2
4
2
0
0
4
2
2
2
0
4
0
2
2
0
0
2
2
2
0
2
0
4
2
4
2
2
2
2
2
2
2
4
2
2
0
0
2
2
4
2
0
0
2
0
2
0
0
2
0
0
2
2
0
0
2
0
4
2
2
2
4
2
2
0
0
2
0
2
2
4
0
2
2
0
2
0
2
0
2
2
2
0
2
0
2
0
2
2
0
2
0
0
4
0
2
0
0
0
2
0
0
2
2
2
0
4
2
2
0
0
4
4
4
0
0
4
0
2
2
0
0
4
0
0
2
2
2
2
0
2
2
0
0
0
0
0
4
0
2
0
0
2
2
2
0
2
0
0
0
2
4
0
0
2
0
2
4
0
0
0
4
2
4
6
2
4
0
2
6
2
2
4
2
0
0
4
0
2
2
2
0
2
0
2
0
2
4
4
2
2
4
0
0
0
2
4
2
12
2
2
0
12
2
0
2
2
4
8
0
0
2
4
4
4
2
0
0
2
0
0
2
2
2
0
0
0
0
8
2
4
6
2
2
0
0
0
2
0
0
2
0
4
0
2
2
0
4
2
2
4
2
0
0
0
2
4
0
0
2
0
2
4
2
0
0
0
2
0
0
2
0
0
0
0
0
2
0
0
6
2
0
4
0
2
0
0
2
0
0
4
0
0
0
0
0
2
2
0
0
2
2
2
2
2
2
2
0
0
2
0
0
0
0
0
0
4
2
0
0
0
2
2
2
2
2
2
2
2
4
4
0
2
2
0
2
4
2
2
0
0
0
2
2
2
2
0
0
4
2
0
0
7
4
6
4
0
3
3
4
1
3
5
0
5
6
0
4
0
4
1
4
2
2
5
2
3
13
3
5
4
5
0
2
1
15
4
3
2
7
4
4
0
2
0
4
4
0
3
4
4
3
0
2
0
4
6
4
1
3
2
2
7
0
4
41
2
4
2
4
3
2
7
2
7
4
2
2
2
23
5
4
5
1
17
0
0
4
4
15
5
2
2
1
4
5
2
5
6
0
4
1
4
3
5
0
1
4
6
0
0
2
2
2
4
2
17
0
3
7
5
5
0
0
2
5
0
2
1
5
2
1
2
2
2
0
3
3
2
31
2
2
2
5
1
5
4
5
5
0
2
2
7
5
2
2
4
4
2
0
4
7
4
2
1
3
0
7
3
0
5
0
2
17
3
3
1
4
4
4
2
0
5
19
6
3
5
5
1
2
4
3
3
0
1
4
4
5
1
3
3
1
4
2
0
3
2
4
6
15
1
1
3
4
3
3
17
2
4
9
27
3
5
7
0
2
5
3
7
5
0
2
4
7
5
5
2
1
5
4
2
0
2
5
4
4
19
4
2
0
4
5
0
4
4
9
2
27
2
7
2
6
2
3
0
17
2
2
2
4
1
2
2
4
5
2
2
6
17
4
6
2
7
2
3
5
7
7
2
9
2
8
0
4
2
6
0
2
0
6
4
6
10
4
6
2
4
2
6
2
6
2
2
4
8
2
4
2
2
4
4
2
4
4
4
6
2
4
4
2
2
2
6
6
0
4
6
2
8
0
2
0
8
6
4
6
0
2
6
2
2
2
6
4
2
2
6
0
4
6
6
2
4
4
8
8
6
2
2
4
2
2
4
2
10
2
2
2
6
4
2
4
2
4
4
4
4
4
10
2
4
6
4
2
4
4
0
2
6
2
4
4
2
4
4
2
8
6
8
4
8
2
2
6
4
4
2
4
2
2
2
8
2
2
0
4
6
10
8
8
4
6
4
6
2
4
2
8
6
4
8
6
4
4
4
6
4
6
6
6
4
6
4
8
8
4
6
2
4
4
6
4
2
8
6
0
6
4
8
4
2
2
4
4
4
6
39
4
10
6
6
4
6
4
4
4
2
4
4
8
4
4
2
2
8
6
4
4
6
2
6
2
8
0
4
4
2
4
2
6
6
4
6
4
4
2
4
27
6
4
6
6
6
6
6
8
8
2
6
8
2
6
6
4
6
6
4
10
4
6
4
4
10
8
2
4
4
4
6
4
5
6
8
0
6
2
8
2
4
8
6
54
10
2
4
4
8
2
0
10
10
10
16
6
4
4
4
4
4
6
2
44
0
5
2
6
7
0
0
0
0
0
0
0
0
0
0
0
0
0
8
53
0
88
0
73
0
0
0
0
0
0
8
42
6
92
75
0
0
0
0
6
0
0
7
2
7
93
61
40
0
0
0
0
0
0
4
4
7
2
0
99
0
0
0
0
0
0
0
2
36
0
0
0
0
0
0
0
0
0
2
37
72
2
9
85
53
2
0
29
0
0
3
63
46
2
0
0
0
0
0
3
0
0
2
63
2
0
0
0
31
3
40
3
42
2
28
7
0
39
89
91
0
0
0
0
12
1
1
64
71
51
3
36
0
0
0
3
0
41
2
34
2
8
28
4
26
2
46
2
42
14
0
0
0
0
0
0
0
0
0
0
0
18
7
15
8
11
0
6
72
4
35
5
5
23
0
0
0
0
4
0
0
0
0
0
0
0
27
87
6
39
18
0
0
4
0
0
0
0
2
0
21
2
0
2
48
0
3
2
0
7
2
13
0
7
0
15
70
2
85
0
23
7
9
4
0
2
0
2
36
0
0
75
49
67
2
27
4
0
4
34
6
7
8
23
2
24
3
0
34
5
23
0
2
0
54
55
2
2
20
3
0
44
5
2
83
2
58
0
4
2
2
2
2
0
2
4
0
0
6
52
3
5
2
29
