38
39
34
23
46
27
42
41
47
41
34
39
18
41
39
46
29
20
50
39
43
13
44
32
37
40
48
28
41
39
35
38
45
31
45
29
35
43
25
31
38
38
37
31
34
55
38
25
39
37
38
34
37
37
38
44
44
41
34
30
34
43
47
46
32
42
19
24
39
40
29
38
44
24
45
35
46
39
41
40
38
40
44
38
39
39
28
25
26
21
12
26
27
32
44
36
44
29
25
27
42
31
20
23
28
29
24
19
25
38
38
28
28
39
29
23
40
46
40
39
22
37
34
29
42
40
34
44
41
42
49
31
35
38
41
36
35
41
34
43
38
39
47
43
29
33
44
35
46
39
42
44
46
42
37
34
31
30
39
44
36
44
37
32
45
42
35
38
37
42
48
15
40
39
28
39
44
38
39
25
40
40
30
52
30
40
41
33
34
48
31
28
31
37
40
38
40
39
38
24
26
40
29
25
46
28
30
26
44
25
27
42
28
36
39
41
41
39
40
37
41
39
41
29
31
41
35
18
42
11
14
20
35
25
43
24
17
39
30
32
36
14
25
15
42
39
25
29
31
27
20
25
43
35
32
38
24
19
38
30
22
24
14
9
22
23
22
24
11
22
10
23
9
32
18
16
25
36
33
18
32
16
10
27
39
25
19
34
7
23
17
26
19
13
27
17
21
7
25
18
14
25
29
23
12
17
18
16
23
26
16
22
21
11
22
25
14
12
13
9
32
27
13
19
14
17
22
7
26
15
20
8
15
19
41
9
19
18
18
34
12
4
14
14
20
13
13
22
21
14
15
17
16
37
24
13
5
24
9
17
19
26
21
18
15
23
25
32
20
20
19
13
17
26
30
21
22
15
14
12
21
19
31
9
19
24
65
14
11
21
9
5
8
31
25
30
14
25
23
32
28
21
63
24
33
25
10
26
20
7
13
15
27
29
16
34
12
5
9
33
23
13
7
23
12
26
21
22
12
16
45
16
21
11
29
20
34
30
20
39
13
16
26
13
36
15
18
24
10
12
21
38
26
22
15
27
15
17
23
17
9
30
17
7
22
22
24
11
21
47
65
63
46
21
16
27
23
16
16
8
20
25
21
33
22
10
9
15
26
7
42
32
18
34
29
41
32
10
9
11
9
13
22
31
23
76
19
15
18
14
37
22
14
31
15
14
19
40
32
27
8
11
24
25
18
26
18
36
16
18
24
16
20
14
7
20
27
21
23
18
18
15
25
14
23
29
5
14
29
21
12
18
16
9
41
17
16
16
8
16
19
13
9
7
20
14
10
20
16
7
15
12
12
13
17
20
1
1
0
1
4
1
3
1
5
1
1
1
7
1
3
1
1
1
1
1
0
0
0
0
0
1
1
0
3
1
5
3
33
3
3
3
0
0
0
1
1
1
1
1
5
1
0
3
3
10
0
0
0
0
1
1
1
5
1
1
0
1
0
67
0
1
7
9
1
0
0
1
1
1
0
1
0
1
0
0
1
1
1
9
3
10
0
5
7
1
5
0
9
3
5
3
0
0
0
0
0
3
1
3
3
0
1
0
3
3
0
1
1
0
5
0
1
0
3
4
0
7
0
3
1
3
3
0
0
0
3
1
1
1
72
1
3
0
6
3
1
3
1
1
0
1
3
0
1
5
0
0
5
1
3
1
3
1
3
8
0
3
3
3
4
3
3
1
0
60
1
1
0
0
5
1
3
5
10
3
1
3
1
0
1
0
0
25
0
1
0
0
1
1
1
0
2
1
1
1
0
1
3
7
71
1
0
0
3
5
3
16
1
0
1
3
1
32
1
1
89
7
3
1
0
0
3
1
0
1
20
1
1
0
1
0
0
1
0
3
1
1
16
1
0
0
0
0
3
0
1
5
0
3
0
5
1
7
1
3
1
0
1
1
1
5
0
0
0
5
3
4
1
3
3
0
1
5
16
0
9
3
1
0
1
1
0
1
1
1
9
46
0
9
3
0
0
3
3
0
5
1
0
3
5
1
0
1
1
7
0
1
1
1
0
1
5
1
0
1
0
5
1
3
0
1
3
11
1
1
1
1
3
1
3
0
0
0
3
0
1
5
5
5
1
5
9
3
0
0
7
1
1
1
0
0
3
3
3
1
0
3
7
0
3
3
0
5
0
1
3
1
3
1
7
1
1
3
5
3
3
1
0
0
3
0
7
9
3
1
3
7
5
85
3
1
1
3
1
3
1
0
1
11
9
3
1
3
3
1
0
1
0
3
1
5
5
0
3
1
0
0
0
0
7
0
1
7
3
7
0
9
1
1
0
3
5
7
3
3
1
0
1
6
3
3
5
1
0
3
1
3
0
1
1
1
5
3
5
1
1
3
7
5
3
1
3
3
9
1
9
1
3
7
9
5
3
0
1
3
13
5
3
1
3
7
5
5
5
1
1
3
3
5
0
3
3
7
3
3
5
1
5
3
1
1
3
7
3
5
7
3
1
7
5
5
7
1
3
5
5
3
5
3
7
1
0
0
3
1
0
9
9
3
5
5
1
1
7
0
5
3
17
5
1
5
5
57
3
5
3
0
1
0
5
1
3
1
3
1
1
1
7
3
1
1
1
3
3
1
1
3
1
5
5
1
11
11
8
7
6
6
7
7
7
13
5
6
5
3
4
6
8
12
5
9
17
17
6
26
10
10
9
15
6
10
5
9
5
4
5
18
7
9
5
6
4
7
9
9
7
12
7
11
15
9
12
10
10
13
6
15
6
4
11
6
7
7
8
4
7
7
8
8
8
5
22
6
9
8
7
5
8
9
5
13
4
7
7
5
8
5
7
11
9
7
6
7
7
9
7
11
9
7
7
9
8
7
6
7
7
9
5
3
6
4
7
6
7
5
5
8
10
9
4
9
7
7
6
10
7
7
11
12
5
10
6
12
9
15
7
7
7
9
12
8
6
7
6
11
10
10
9
8
8
6
6
8
11
5
8
8
7
7
10
8
13
5
6
11
8
9
12
6
8
11
6
11
7
7
5
8
7
6
8
16
9
10
14
12
10
12
10
12
7
10
7
10
7
10
8
8
8
8
5
13
4
12
6
8
6
9
6
7
6
10
6
8
11
9
10
11
8
11
7
10
12
10
12
8
7
5
7
10
10
5
7
7
6
6
11
7
7
7
2
5
3
7
5
8
8
13
9
7
9
9
8
14
5
21
5
8
7
7
7
7
8
7
8
14
7
9
5
10
10
13
9
11
5
7
15
21
7
5
11
7
7
9
6
9
8
15
5
12
1
1
1
6
7
20
5
18
24
19
2
18
1
6
0
12
0
0
0
22
3
1
0
0
5
33
24
27
25
4
3
0
10
9
2
7
21
0
14
18
7
18
21
10
28
12
18
4
20
0
19
0
0
27
12
26
14
11
28
4
21
0
34
5
1
2
3
0
0
0
4
6
0
17
2
3
29
20
2
13
9
0
5
7
9
15
17
24
5
0
8
24
31
3
19
31
15
9
11
27
20
18
20
31
39
1
4
8
3
11
1
18
0
18
0
6
1
2
0
6
27
10
0
18
3
1
14
7
2
14
16
25
14
1
7
3
11
11
26
26
7
15
1
11
24
2
11
28
0
1
16
15
8
7
27
16
20
0
1
7
18
8
0
3
6
10
2
1
8
16
25
0
6
26
2
25
2
18
12
20
0
23
3
22
0
3
1
2
0
3
0
0
0
16
0
14
4
3
3
17
2
13
0
3
18
1
20
8
11
19
3
0
16
23
4
6
23
0
18
16
13
1
20
3
7
6
6
6
7
0
33
11
3
3
21
2
17
13
1
14
1
1
1
7
12
2
4
6
31
12
0
16
9
21
4
16
0
18
13
0
9
2
21
6
0
2
3
5
9
9
6
0
20
1
7
5
1
1
10
11
11
13
1
0
20
1
18
15
0
17
0
2
16
11
1
7
25
0
12
16
0
0
20
26
0
3
21
1
0
6
71
24
2
56
82
54
0
14
2
0
23
18
10
3
17
35
0
3
27
0
0
0
2
0
26
2
0
38
2
0
14
2
0
0
4
0
27
0
3
42
2
0
0
34
0
3
0
0
61
4
0
42
0
0
2
2
4
2
2
3
33
84
2
0
40
2
82
22
2
0
0
2
0
2
2
0
7
0
28
2
9
33
2
2
27
0
4
0
0
42
0
0
0
3
11
25
0
2
0
49
80
0
9
0
3
2
17
18
17
66
0
0
0
0
16
2
75
0
62
6
42
0
2
0
0
54
4
2
0
2
2
27
91
32
2
21
0
0
14
0
56
8
19
0
2
21
0
31
0
25
2
0
19
2
2
24
2
0
15
0
0
0
3
0
0
2
26
0
0
20
21
17
96
20
0
30
0
32
2
83
0
0
32
2
0
18
2
0
0
0
0
0
81
0
0
52
2
0
0
19
2
4
0
0
0
40
0
36
0
0
20
26
0
0
0
3
37
2
28
10
29
0
0
27
0
9
21
2
46
35
2
0
0
22
2
35
0
0
48
38
0
29
0
55
2
20
0
0
0
39
2
2
30
4
47
0
27
28
0
0
2
34
0
29
9
59
17
17
28
25
36
17
13
6
32
11
23
19
30
23
13
25
13
44
25
28
38
8
9
77
10
15
11
15
27
15
23
19
21
4
27
34
75
34
9
17
15
23
49
30
29
32
17
23
15
27
32
26
15
17
64
70
40
25
38
34
21
30
49
38
29
34
45
70
55
44
19
36
77
27
25
21
27
32
26
19
29
11
29
21
17
6
24
11
38
32
30
21
15
23
29
23
28
38
9
54
30
32
23
34
43
15
15
28
21
17
30
10
19
30
45
9
44
32
42
36
51
25
13
49
45
25
28
55
29
13
57
52
17
41
30
46
21
17
17
67
40
13
40
19
21
61
19
19
23
17
19
47
42
36
47
19
25
38
44
23
70
23
36
11
44
70
44
64
28
17
17
19
47
9
21
70
42
8
13
36
13
30
2
42
51
32
30
21
2
13
38
34
88
36
36
25
8
25
55
57
57
32
78
45
74
55
66
70
32
34
51
27
40
49
10
36
66
42
34
42
48
40
45
40
32
40
25
30
34
40
30
27
25
25
38
30
25
31
36
19
27
34
28
47
15
17
38
21
27
26
30
23
41
23
29
32
13
55
48
44
23
23
25
21
36
19
36
32
11
23
15
21
77
17
30
32
15
44
17
6
23
15
32
63
49
15
23
17
25
28
23
29
29
32
19
27
47
32
24
10
38
11
22
21
23
37
27
13
40
28
29
50
76
21
8
31
34
15
21
23
22
30
38
19
34
27
53
48
51
57
72
46
26
77
27
68
81
70
63
77
59
73
77
75
71
68
33
76
87
34
36
49
47
62
35
44
39
42
76
39
63
62
47
68
39
81
43
79
63
34
60
76
55
63
65
44
45
37
28
37
64
47
75
65
54
60
53
80
79
57
60
65
65
65
63
59
72
62
33
51
69
67
74
26
62
70
65
63
54
58
86
45
65
52
69
64
84
73
60
59
41
77
70
76
60
52
81
64
81
60
77
61
79
79
63
70
72
68
68
73
72
81
78
77
64
63
68
72
78
70
84
79
78
77
79
76
75
48
86
81
74
81
80
50
78
83
84
75
71
66
72
76
85
67
75
76
42
83
77
72
83
77
81
71
76
68
75
85
77
80
78
78
60
75
50
76
76
86
47
79
76
78
80
54
58
51
39
31
72
67
74
75
49
76
54
60
38
46
32
51
36
50
7
48
26
31
52
24
42
16
22
64
52
30
29
33
40
39
44
30
47
16
43
51
48
17
47
40
38
48
38
42
0
29
7
49
44
43
41
35
51
52
48
39
45
41
14
47
42
40
14
44
43
40
47
48
15
2
6
7
18
4
2
10
15
6
38
2
4
10
8
9
19
9
4
5
12
6
10
14
19
11
6
4
13
9
2
36
9
19
8
8
9
12
19
6
12
8
4
4
8
19
6
50
8
6
4
7
8
6
10
10
4
2
6
6
15
2
4
6
15
8
7
2
4
2
8
52
0
10
6
6
11
9
4
37
8
4
4
8
8
2
4
6
4
13
6
4
19
8
14
7
8
2
4
4
4
40
6
5
17
19
21
9
6
6
17
7
11
5
4
4
6
10
18
4
2
6
11
0
9
8
13
4
2
4
4
4
4
7
4
6
4
25
6
2
6
6
6
6
13
4
6
10
6
22
8
6
6
4
2
27
14
25
9
7
7
6
6
4
2
6
11
6
4
4
34
12
29
4
6
9
6
4
4
6
4
4
2
4
13
8
6
4
64
4
6
8
14
4
9
2
4
6
12
6
10
14
4
4
40
11
9
4
6
2
8
8
8
4
4
2
4
7
6
4
4
4
2
4
2
6
19
20
6
4
9
7
5
10
4
12
11
11
9
9
16
7
9
9
15
13
14
11
12
14
11
8
12
11
9
9
13
7
19
11
5
4
11
36
13
11
12
11
11
21
17
19
13
12
25
21
15
23
8
17
14
8
10
24
6
10
17
12
