0
0
2
0
2
75
4
0
2
8
0
2
0
0
2
2
2
0
2
0
2
0
2
0
0
2
2
2
4
2
2
2
4
0
0
2
2
2
0
2
2
2
2
0
0
4
2
0
2
0
0
0
2
2
4
2
2
2
0
0
0
0
0
2
0
2
2
0
0
0
4
0
0
2
0
0
2
4
0
0
0
0
0
2
2
2
0
0
4
4
0
2
0
2
0
0
0
0
2
0
0
4
2
0
4
4
0
0
0
0
2
4
4
2
0
6
0
2
0
0
2
2
2
0
0
4
4
4
0
0
2
0
4
4
0
2
2
4
2
2
0
0
4
0
4
2
0
0
6
2
0
0
0
2
0
4
4
2
0
0
2
2
2
0
2
0
2
0
4
4
0
0
4
2
2
2
2
2
2
2
2
0
0
2
4
2
0
4
4
0
0
0
2
0
0
0
2
4
4
2
0
2
2
2
0
0
0
0
2
2
0
4
0
2
2
0
0
2
2
0
4
6
0
2
4
0
0
0
2
0
0
0
2
4
0
2
0
2
2
0
2
2
0
0
0
2
4
0
2
2
2
0
0
0
4
0
45
4
4
0
0
2
0
2
0
2
2
0
4
4
4
2
4
2
0
0
0
4
0
2
2
6
4
4
4
2
2
2
0
4
0
0
6
0
4
6
0
0
4
6
0
2
0
0
4
2
4
0
0
8
10
0
0
0
0
2
0
2
4
8
4
4
4
6
2
4
2
2
4
2
2
0
4
0
2
2
0
4
2
4
0
2
0
2
4
0
0
0
0
4
0
0
4
0
2
6
6
2
2
0
2
0
0
0
2
0
2
0
2
2
2
2
4
4
2
0
4
8
0
4
4
0
0
6
2
4
4
4
4
2
4
2
6
2
4
0
6
4
4
2
2
12
4
2
4
2
0
2
2
4
2
6
4
6
6
9
4
10
2
12
2
2
0
0
0
4
0
4
0
2
0
2
0
2
2
2
6
2
0
2
0
0
2
4
2
2
6
2
4
2
2
4
0
6
0
4
4
6
8
4
2
2
0
4
6
0
0
0
8
0
0
2
2
2
0
2
0
4
2
0
0
10
4
2
0
2
2
0
2
4
0
0
4
0
0
2
2
0
0
0
2
0
2
2
0
6
2
0
0
2
6
4
2
0
6
0
0
0
6
4
0
0
0
0
4
2
6
21
2
2
0
6
4
2
0
6
4
4
2
2
2
2
6
2
2
4
0
2
0
4
0
4
8
8
2
8
4
2
0
2
4
0
6
2
4
4
2
2
0
0
2
4
0
0
6
2
4
4
0
0
2
0
2
4
0
2
2
2
2
0
0
0
0
0
0
2
2
2
0
2
0
2
4
2
0
2
2
4
0
2
4
2
0
4
2
4
2
4
0
2
0
2
0
0
4
2
4
0
4
0
2
2
0
2
2
4
2
0
2
2
2
4
0
0
2
0
4
4
2
0
2
2
0
2
0
2
2
2
0
0
4
4
2
4
4
2
0
4
2
0
0
4
0
2
0
2
2
4
4
2
0
2
2
2
0
0
2
2
4
52
0
2
0
2
2
2
0
0
2
2
2
0
2
0
2
0
4
2
2
0
0
2
0
4
0
2
0
0
2
0
2
0
0
4
2
0
2
2
0
4
2
2
2
2
0
0
2
2
0
0
0
4
2
2
2
0
0
2
0
2
0
2
2
2
2
2
2
0
2
2
4
0
2
0
4
2
2
4
0
4
2
0
0
2
4
0
4
0
2
0
0
2
0
0
0
0
2
0
2
2
2
2
2
2
4
4
0
2
2
2
0
2
2
0
2
0
0
0
0
0
0
2
2
0
2
0
2
4
2
2
0
2
2
48
0
0
2
0
2
0
2
2
0
2
0
2
2
2
0
0
2
2
2
0
0
2
0
0
0
2
2
2
2
2
4
2
4
0
2
2
0
2
2
2
11
7
9
11
7
11
9
13
6
11
7
10
10
8
14
9
7
5
7
5
8
10
11
13
10
8
11
6
7
9
7
7
10
8
9
10
7
10
7
6
4
8
6
7
6
4
5
5
5
6
5
6
7
5
4
5
4
8
7
7
6
8
5
11
9
7
7
4
5
7
6
6
5
4
4
5
6
4
5
7
5
6
6
4
5
5
4
6
4
7
5
6
5
6
4
6
8
8
8
9
6
7
5
7
8
8
12
18
10
13
6
7
9
9
16
9
14
14
13
20
10
12
8
11
9
15
6
7
6
8
7
7
7
7
8
7
10
9
5
7
9
7
14
20
8
6
9
12
9
11
12
11
8
13
14
7
14
6
10
9
8
9
7
5
5
5
9
7
5
8
6
5
7
6
5
4
3
6
8
8
6
6
7
9
12
12
6
7
8
7
7
5
7
13
6
6
6
9
6
8
5
6
6
8
6
6
8
9
9
8
8
8
5
8
10
10
9
8
9
6
9
9
9
8
6
6
7
6
6
7
5
8
10
6
7
9
5
6
8
6
6
6
5
6
6
6
7
6
9
8
5
7
4
6
6
6
5
6
8
5
4
4
5
6
5
4
4
4
3
4
4
5
4
4
4
5
5
5
5
4
4
4
4
5
4
4
4
4
0
0
2
2
0
0
0
2
2
0
2
4
0
0
2
2
4
4
2
2
2
2
2
2
0
2
2
2
4
2
2
2
0
2
2
2
0
0
2
2
2
0
0
2
2
0
0
2
2
0
2
0
0
2
0
2
4
0
0
4
2
2
0
2
2
0
2
2
2
2
0
2
2
2
0
2
2
0
2
2
0
2
2
2
0
4
2
2
0
2
2
0
2
0
2
2
2
0
0
2
0
0
0
0
0
4
2
2
2
2
2
0
2
0
4
2
2
2
2
2
2
0
2
2
0
2
2
0
2
2
2
0
2
4
2
0
0
2
2
2
0
0
0
4
2
2
0
2
0
2
2
0
0
2
2
2
0
0
2
0
2
2
0
0
0
0
0
2
2
4
0
2
0
2
2
0
2
2
0
2
2
2
0
4
0
0
2
2
0
2
2
0
0
2
0
0
0
2
2
2
2
0
2
2
2
2
0
0
0
2
0
2
2
0
2
2
2
0
0
4
0
0
2
0
2
2
2
0
4
0
0
2
2
2
2
0
0
2
2
0
2
2
0
2
0
4
0
0
4
2
0
2
2
2
2
2
0
0
2
0
2
2
2
2
2
0
0
0
0
2
2
0
2
2
2
2
0
0
2
2
0
2
2
0
2
2
0
0
17
17
15
46
18
17
45
12
52
47
37
12
72
28
5
57
64
31
27
57
46
58
54
38
58
43
56
33
64
53
67
32
69
66
54
62
29
35
37
81
36
49
59
52
39
72
54
39
54
44
52
56
61
61
58
48
55
55
46
61
58
66
28
55
70
61
45
51
54
67
54
68
47
56
49
66
61
60
49
33
54
44
50
56
44
66
42
63
73
48
42
40
42
38
50
50
56
72
60
68
44
53
68
60
62
51
50
53
64
61
67
53
69
52
65
62
32
58
49
51
56
57
60
61
48
57
59
62
54
52
64
36
42
73
37
41
57
70
73
61
48
46
46
63
35
60
61
44
60
66
49
65
56
46
34
64
54
31
57
55
59
66
63
51
56
58
65
63
66
57
40
62
63
66
67
31
59
66
68
65
48
37
65
59
57
63
51
46
66
61
55
60
51
54
67
60
55
55
34
48
62
66
55
55
61
44
54
70
61
51
50
42
65
51
40
0
15
26
14
26
21
29
25
26
31
15
33
22
33
39
29
36
23
34
28
42
28
24
40
11
36
27
34
23
27
43
44
17
25
38
23
35
34
27
27
24
51
38
28
50
34
27
26
27
36
0
0
0
0
60
0
0
5
0
0
0
5
32
35
24
38
42
44
53
43
66
59
55
0
0
0
0
0
0
11
29
2
13
46
0
36
0
0
0
0
20
20
29
47
27
4
27
38
0
0
0
0
32
19
5
38
36
49
30
0
0
0
0
0
30
0
0
45
43
29
30
0
0
0
0
2
0
27
29
0
18
24
22
34
0
1
0
0
19
16
15
3
0
44
32
28
0
0
0
0
23
26
0
2
40
25
27
27
0
2
0
0
24
33
7
22
0
30
0
35
0
2
0
0
22
28
0
24
28
35
26
0
0
0
0
0
0
26
2
32
17
29
28
27
0
0
0
0
24
0
11
0
41
45
27
0
0
0
0
0
33
20
27
0
5
47
0
0
0
0
0
0
26
18
15
40
15
11
32
0
0
0
0
0
22
21
24
0
43
31
17
30
0
0
0
0
29
15
14
2
33
0
26
28
0
0
0
0
15
10
28
18
29
31
24
0
0
0
0
0
28
13
16
3
45
44
27
33
0
0
0
0
26
23
0
0
37
34
31
0
0
0
0
0
25
25
0
38
35
36
44
0
0
0
0
0
0
27
17
0
44
41
27
0
0
2
0
0
28
29
0
21
38
21
0
0
0
1
0
0
25
21
26
2
46
45
18
0
0
0
0
0
8
22
30
11
75
51
0
0
0
0
0
0
31
23
0
27
35
37
0
6
6
6
2
2
4
4
4
2
2
4
3
2
4
6
6
4
2
4
4
2
4
4
56
2
6
4
2
2
8
4
6
8
4
4
6
2
2
2
2
2
4
0
2
2
4
0
6
4
4
10
2
2
2
2
4
4
2
2
2
4
2
4
6
4
2
6
2
4
2
51
2
4
2
6
4
50
6
2
4
2
4
0
4
0
2
2
2
46
8
6
4
6
6
6
4
4
2
2
2
2
2
2
4
2
2
2
0
4
0
2
2
7
8
6
4
4
24
2
4
2
2
6
43
4
4
4
0
6
4
6
4
6
4
2
38
4
6
7
2
3
3
2
4
6
4
4
2
4
5
5
5
7
4
4
6
4
8
43
7
4
6
4
11
4
8
6
6
6
6
2
4
0
11
0
0
0
6
0
6
4
6
4
3
2
5
6
5
4
4
2
2
5
2
8
6
4
4
5
2
6
2
6
4
4
59
4
2
2
4
6
6
4
2
6
6
6
30
12
4
4
4
0
48
6
2
6
4
55
2
2
4
2
2
4
2
2
6
4
2
2
6
2
6
2
4
4
2
2
2
4
4
4
6
2
6
4
14
40
2
6
2
2
0
23
2
2
2
2
6
6
4
6
4
4
4
2
4
4
4
8
4
4
6
6
6
0
4
6
31
18
23
34
0
18
18
22
18
26
9
29
5
14
55
0
2
2
34
24
18
31
5
30
28
24
21
35
31
6
43
21
48
2
24
26
15
14
42
22
8
13
20
26
35
5
25
22
15
25
39
5
2
12
10
23
30
15
15
20
37
30
16
50
0
7
41
22
26
45
0
33
17
43
0
20
32
26
26
52
4
35
35
59
19
11
23
41
2
2
31
24
21
22
40
16
27
14
26
9
4
24
15
44
36
4
24
32
24
10
25
0
11
0
41
39
18
15
20
26
21
23
42
6
3
4
21
22
23
25
30
36
39
45
17
31
34
0
29
22
34
28
43
29
2
21
46
6
18
16
39
15
5
17
15
36
6
15
37
5
0
17
0
6
16
37
2
35
21
20
6
53
23
3
22
16
14
23
55
20
15
22
28
2
42
2
41
24
16
2
0
25
2
29
30
15
4
33
31
17
13
22
27
30
34
0
26
27
4
30
17
26
26
15
53
3
6
7
33
1
4
11
12
17
0
17
40
8
22
14
5
24
20
24
64
2
12
6
15
26
20
11
19
0
22
48
33
12
13
52
17
23
31
9
28
5
37
22
13
27
25
2
35
2
17
4
36
44
22
2
30
15
14
12
31
25
21
32
4
26
23
2
41
18
8
4
31
6
10
10
4
6
8
8
8
4
10
6
6
10
6
6
2
4
31
6
6
8
8
4
10
4
12
23
8
8
23
8
6
16
6
6
4
39
10
6
4
8
2
4
2
4
8
4
2
35
6
4
2
4
6
6
2
2
4
4
4
2
4
6
4
6
6
8
6
4
4
2
4
2
2
4
4
2
4
0
4
2
0
4
6
4
4
2
4
2
10
4
6
4
4
4
4
8
6
4
4
4
2
4
2
4
4
2
4
8
10
4
2
2
4
2
6
10
4
8
8
6
10
6
4
4
10
2
2
4
4
6
2
2
4
2
4
4
4
2
4
4
0
4
4
4
4
8
4
2
4
2
4
2
6
2
2
6
4
2
4
2
4
0
6
2
6
2
4
8
6
2
4
4
4
4
4
6
4
2
4
2
6
6
0
4
4
4
6
6
6
4
2
4
6
4
6
12
0
10
10
6
4
6
6
12
6
6
12
10
4
2
2
2
6
10
2
6
16
4
21
4
8
6
4
21
21
19
2
8
4
4
29
2
6
4
4
8
10
10
10
6
4
6
10
2
6
2
2
4
4
2
4
8
6
2
19
4
4
6
6
2
2
4
6
4
6
4
6
4
4
4
2
8
4
4
10
2
8
4
8
4
4
4
4
4
8
2
8
