0
2
14
2
4
9
4
1
14
2
1
2
4
7
4
1
4
4
2
0
4
2
0
4
9
4
2
4
2
10
7
15
13
2
0
3
8
2
2
2
5
0
2
1
1
0
2
0
4
4
2
2
2
1
6
2
1
1
11
0
1
2
7
0
2
5
4
2
10
9
3
0
2
4
4
2
2
2
2
6
4
3
3
2
15
2
0
3
6
10
2
3
10
4
2
5
1
2
13
4
2
0
1
4
3
2
3
7
3
4
19
4
5
2
9
8
0
0
7
4
8
7
4
2
3
2
8
17
0
2
5
6
1
10
5
6
7
9
31
2
4
4
0
5
2
5
0
8
7
2
5
7
0
1
4
4
0
4
4
0
1
4
0
3
2
4
2
1
17
5
6
4
4
2
2
3
3
4
2
2
1
8
14
5
2
4
4
5
8
0
4
5
2
4
10
11
4
13
7
4
3
3
1
0
2
2
4
0
4
2
8
1
7
2
0
7
5
5
7
0
4
1
0
2
4
3
4
2
5
4
2
2
2
6
3
3
3
3
2
17
10
7
2
3
7
3
0
1
3
7
0
6
2
5
3
4
2
5
5
8
3
6
2
3
0
3
7
0
2
4
3
2
4
5
4
7
7
6
3
5
7
1
2
3
2
5
3
9
6
0
14
30
2
32
46
19
8
0
0
15
29
27
0
15
35
8
0
40
12
40
0
35
23
13
18
10
9
13
0
2
23
42
14
15
10
0
17
4
28
2
4
47
9
8
23
15
8
4
8
20
19
43
0
15
57
47
17
23
0
0
2
2
13
2
6
2
21
15
0
2
10
31
0
8
0
13
13
0
48
4
50
44
21
4
0
2
25
2
0
72
26
2
38
2
77
10
2
0
2
0
29
0
4
4
44
21
10
7
0
18
0
4
0
0
6
0
46
15
4
22
6
0
23
23
2
4
11
36
0
67
4
0
0
21
16
2
2
0
17
48
0
2
0
15
40
23
0
14
4
7
17
4
31
26
0
2
13
0
10
0
0
24
29
35
13
36
0
10
27
10
25
26
0
15
2
0
47
32
15
4
25
21
82
2
18
13
26
0
33
0
13
25
15
8
31
2
2
15
27
0
17
17
15
24
0
0
15
31
15
2
0
42
0
15
0
36
15
28
2
25
31
0
7
56
27
0
0
25
2
14
0
0
23
21
21
11
21
2
23
15
31
21
15
49
15
8
29
0
25
15
23
0
25
2
13
23
27
0
42
30
17
0
2
22
19
0
0
34
35
27
14
17
2
21
4
28
19
4
0
0
23
34
16
46
0
10
11
4
7
15
8
11
13
4
7
7
2
6
9
11
9
13
11
11
7
17
7
9
17
16
2
9
13
18
2
6
11
6
11
6
13
9
13
13
11
5
8
4
9
7
11
8
7
9
7
7
6
11
4
13
5
4
94
6
4
11
13
4
6
4
7
13
2
6
9
9
2
4
7
4
13
13
7
17
13
6
11
11
2
4
11
15
4
8
9
5
6
6
8
5
5
2
6
2
4
13
8
8
9
6
4
7
4
9
6
2
6
8
8
6
6
4
9
11
9
6
4
15
8
5
8
7
5
11
6
4
13
11
2
4
6
17
6
4
2
8
7
8
7
4
6
4
7
4
7
4
8
10
2
6
11
6
5
4
7
7
6
5
8
6
11
6
4
2
4
5
6
8
4
8
2
15
6
4
6
8
9
10
6
4
7
4
4
7
4
7
9
4
4
9
6
2
11
11
5
6
4
6
6
7
4
8
6
8
9
4
10
6
11
11
17
17
0
11
8
4
7
7
9
9
7
4
6
11
11
77
10
7
2
2
2
4
0
6
7
6
10
2
8
4
5
4
6
7
8
4
4
2
7
4
7
9
5
11
4
7
5
7
4
15
7
6
7
15
6
11
6
6
11
13
9
7
6
6
7
12
11
13
6
9
4
7
11
7
0
44
0
9
26
3
30
6
55
0
0
0
0
33
12
12
35
38
33
36
51
29
2
0
0
36
6
16
24
7
30
39
39
37
42
0
0
26
32
26
28
0
15
0
43
37
0
0
0
33
26
30
0
11
29
27
0
41
42
21
0
25
27
25
37
17
0
21
46
48
27
0
0
34
36
19
30
17
0
23
31
28
0
0
0
33
39
29
29
0
18
27
35
33
30
27
0
3
27
22
0
24
17
22
26
37
65
0
0
43
7
30
39
0
5
10
27
40
34
24
0
42
16
26
39
22
1
0
28
45
34
44
0
16
21
41
77
7
19
24
30
0
36
0
0
37
28
0
22
24
15
0
37
29
40
19
18
28
26
0
17
0
0
0
7
0
18
3
0
9
17
0
39
0
0
25
11
12
18
1
0
11
0
0
8
19
2
0
7
5
10
32
32
0
21
0
0
8
0
8
25
0
0
28
0
35
5
22
20
0
2
33
24
0
0
0
23
0
0
33
0
13
0
1
9
0
11
48
5
11
3
0
21
17
0
20
0
61
0
0
50
0
7
1
7
0
23
0
22
8
26
0
0
21
2
0
0
0
6
30
0
5
27
0
9
22
0
7
0
14
0
18
0
0
7
33
0
0
0
48
0
5
73
0
0
11
19
27
4
0
0
0
0
0
2
2
0
0
0
2
2
0
0
0
0
4
2
0
4
0
2
2
2
4
2
4
0
2
2
0
2
0
0
2
2
2
0
2
0
2
2
0
2
0
2
0
2
0
0
0
2
2
2
2
0
2
2
4
0
0
2
0
0
0
2
0
2
2
0
0
2
0
0
2
2
0
2
2
2
2
2
2
0
0
0
0
2
0
0
0
2
0
4
2
2
2
0
2
0
0
2
0
0
0
2
2
2
4
0
0
4
2
2
2
0
2
0
2
0
2
0
0
0
0
2
2
0
2
0
2
0
0
0
0
2
0
2
0
0
0
0
2
2
2
0
4
4
2
2
2
2
0
0
2
2
2
0
2
0
2
2
2
2
2
2
4
4
2
2
2
2
2
0
0
0
0
2
0
2
0
0
0
0
2
2
0
0
2
0
2
2
4
0
2
2
0
0
2
0
2
2
4
0
2
2
2
2
2
0
4
2
0
2
2
2
0
0
0
0
2
0
2
4
2
0
0
2
0
0
0
0
0
0
0
0
4
0
2
0
0
0
2
2
0
2
0
2
0
2
0
2
0
0
0
2
0
0
0
2
0
2
0
2
2
0
2
0
0
0
0
2
0
0
0
0
0
2
0
2
2
2
0
0
2
2
2
10
17
6
19
11
8
15
15
8
19
21
6
9
17
8
17
15
13
11
15
17
11
13
25
13
17
12
15
11
15
25
15
31
10
19
27
19
13
13
11
24
10
8
21
10
15
6
6
15
6
10
15
21
11
10
10
21
6
10
10
13
17
29
11
13
10
21
21
27
8
25
12
12
10
21
15
23
17
19
13
21
25
21
10
21
17
11
20
12
13
42
35
37
27
44
44
15
15
33
15
25
15
17
17
40
31
44
65
32
19
38
15
32
40
15
46
63
13
15
35
19
31
8
25
17
33
13
19
30
19
28
15
34
40
17
38
30
17
12
25
13
36
27
29
10
11
43
19
42
34
48
42
19
30
34
13
27
46
29
32
27
12
44
12
33
15
13
44
29
23
27
21
17
19
12
44
29
30
48
13
46
13
36
21
54
21
23
42
37
29
35
23
12
33
36
17
17
32
23
14
10
17
25
25
17
27
21
21
50
25
50
12
12
15
31
29
25
19
56
21
35
29
23
21
13
12
33
29
21
29
33
8
11
10
8
15
13
11
17
11
8
23
19
13
25
27
25
12
21
25
23
19
23
38
12
15
15
14
36
12
17
19
38
17
21
17
17
10
19
12
8
10
13
17
15
13
21
11
19
37
29
12
23
25
13
25
23
8
2
2
4
4
0
2
2
2
0
0
2
0
0
0
0
0
0
0
3
0
7
2
4
2
2
2
48
2
6
2
0
4
2
0
0
0
0
0
0
4
0
4
2
2
2
2
0
0
2
2
0
0
0
2
6
2
2
0
2
2
2
23
0
46
2
21
0
0
0
44
29
8
4
2
0
2
2
2
0
4
2
2
2
0
4
9
0
2
0
2
2
0
4
2
0
2
6
4
2
2
0
2
2
0
2
2
2
2
0
2
2
2
2
2
4
4
0
4
2
6
0
2
2
0
2
2
0
0
2
5
2
0
0
2
0
2
2
0
2
0
2
2
27
0
2
2
4
0
0
2
2
6
2
4
0
2
2
2
2
2
0
2
0
0
0
2
0
0
0
0
2
2
6
0
0
0
2
2
2
2
2
0
2
0
2
2
2
2
2
2
2
2
2
4
0
0
2
2
0
0
0
0
2
0
2
2
0
2
2
0
0
4
4
2
0
2
2
4
0
2
20
2
2
2
6
2
4
4
0
2
2
2
2
2
2
2
2
0
2
0
0
0
2
0
0
0
2
4
0
2
0
2
2
2
0
2
0
2
2
2
4
4
4
4
2
4
6
5
2
2
6
2
0
0
2
4
0
2
0
6
0
2
2
2
0
4
2
0
2
0
2
4
4
0
0
4
0
0
0
0
0
0
2
0
2
1
2
0
0
1
2
0
2
2
0
0
2
0
0
0
2
0
0
2
0
0
0
0
1
2
0
2
0
0
2
0
4
0
4
2
2
2
9
0
0
2
2
2
0
0
2
0
0
2
2
1
0
2
2
0
0
2
0
3
0
2
2
4
2
2
0
2
4
3
0
0
2
0
0
2
0
1
1
0
1
0
1
0
1
1
0
0
1
2
0
2
0
0
1
0
0
0
0
2
4
0
3
4
0
4
0
1
0
0
0
4
0
0
0
2
2
2
2
0
2
2
2
0
0
1
2
2
2
0
2
0
0
2
0
4
2
2
0
2
2
4
1
2
1
1
0
4
2
4
0
2
2
0
2
0
1
0
0
0
0
2
2
0
0
0
2
0
2
0
0
2
0
1
0
0
2
0
0
2
2
2
4
0
0
0
1
0
0
2
2
0
0
2
0
2
0
0
1
0
0
0
10
2
0
0
0
2
0
2
1
4
2
0
0
0
1
4
0
0
0
2
1
4
1
2
2
0
0
2
1
0
0
1
4
0
2
0
0
1
0
2
1
0
2
3
0
0
2
0
2
2
2
0
2
5
0
1
2
0
0
1
0
0
1
2
8
0
0
2
2
1
0
4
0
0
0
5
0
0
9
6
0
28
5
0
0
3
0
0
9
1
1
0
0
19
8
0
30
0
0
0
0
0
0
0
0
0
0
0
0
5
0
23
19
9
0
20
22
0
1
0
49
0
2
15
1
9
0
18
8
0
23
17
1
0
30
13
0
0
0
0
0
0
0
0
0
10
0
0
13
6
0
17
8
0
6
8
5
0
0
17
4
0
0
0
9
0
6
9
9
11
0
0
0
23
1
0
14
0
23
1
0
24
0
0
0
0
0
0
0
0
0
0
13
0
0
0
12
10
0
9
0
11
2
0
0
0
11
6
0
1
15
9
0
0
30
3
0
0
12
0
6
1
0
0
12
4
4
12
0
0
33
16
4
0
0
0
11
11
11
2
8
1
0
11
12
10
0
0
0
0
0
0
0
0
16
9
0
0
8
10
7
4
7
3
0
0
0
13
13
8
2
1
5
0
0
0
10
8
12
7
9
1
0
13
0
14
8
0
0
9
19
4
0
0
5
12
16
1
0
0
0
0
9
12
13
0
14
13
0
0
17
10
0
0
0
0
6
14
6
6
10
12
0
0
17
6
0
0
0
18
15
6
7
0
0
12
24
13
7
0
6
9
1
1
1
0
10
9
0
4
0
11
7
5
7
14
8
0
2
1
68
1
4
4
6
4
4
0
0
0
0
6
0
15
0
6
3
40
11
2
4
2
5
0
0
2
1
3
59
0
4
42
0
1
19
2
2
1
39
22
0
19
0
0
9
0
4
0
30
0
16
0
0
0
4
5
2
0
1
0
4
1
2
27
0
20
2
0
0
3
1
0
0
7
4
18
10
4
5
1
1
2
7
0
3
1
5
5
0
53
0
2
0
1
0
0
0
1
2
9
5
1
2
0
15
0
4
2
0
16
5
1
4
0
0
0
0
0
10
9
2
3
4
1
1
4
12
27
0
6
3
16
2
2
12
19
1
1
43
7
3
0
0
14
0
1
4
3
21
0
7
9
2
10
4
0
5
2
3
15
13
4
13
10
32
5
0
1
0
4
0
0
5
0
2
25
3
15
12
8
16
3
0
0
3
0
1
0
0
0
40
2
0
1
2
2
0
0
2
0
5
2
2
2
5
3
0
5
1
5
4
0
3
0
3
7
9
2
6
0
19
2
0
0
2
7
0
0
4
3
1
1
3
21
6
5
8
2
0
2
7
0
0
4
65
15
2
1
4
0
39
9
0
4
9
7
3
0
23
19
5
6
1
3
2
6
20
1
2
5
4
7
3
10
0
0
59
6
0
1
3
2
4
6
6
2
