0
0
2
4
2
0
0
5
1
2
2
2
6
16
8
4
5
2
0
3
4
2
2
11
0
4
3
5
5
5
4
5
7
10
12
2
2
4
2
6
5
2
0
5
6
4
7
3
7
5
10
4
5
0
0
0
4
7
5
2
4
2
4
5
4
19
5
2
5
12
19
4
0
7
17
3
5
4
8
15
5
2
5
2
4
4
2
0
0
5
14
10
5
11
1
4
1
7
7
5
4
0
9
13
2
22
12
5
4
2
2
2
2
2
3
2
0
2
7
2
5
2
2
0
0
4
0
6
4
3
2
2
2
2
2
13
4
0
2
11
5
4
2
5
0
2
13
9
12
0
3
2
2
5
2
4
4
2
4
8
8
4
2
5
4
4
0
1
2
5
12
6
3
2
2
2
6
1
0
5
2
4
7
3
10
0
3
9
0
0
5
0
6
5
2
3
2
4
12
4
4
5
2
3
2
0
2
2
3
4
0
3
2
0
4
4
0
2
0
3
1
0
5
0
7
2
2
0
4
0
2
4
2
0
2
4
2
0
2
0
3
2
2
2
0
2
2
2
2
0
0
2
0
6
2
4
0
4
7
4
2
2
4
3
2
6
4
0
0
2
2
1
0
0
2
11
3
2
0
3
1
0
2
2
2
0
2
2
97
4
4
2
2
4
8
2
8
4
2
4
2
4
4
2
2
4
4
2
4
2
0
4
2
4
2
8
0
4
2
2
6
2
2
2
4
0
4
6
6
2
10
4
4
10
2
6
4
4
2
0
6
6
4
0
4
6
2
0
6
4
2
31
4
6
4
10
2
4
4
6
4
12
8
4
8
8
8
4
6
10
10
6
12
6
6
10
14
6
14
6
6
2
4
6
15
8
6
12
4
2
8
8
12
10
10
8
10
10
10
6
10
4
10
8
10
9
14
10
8
14
12
12
10
6
8
6
6
4
6
16
8
12
8
4
13
4
8
4
12
4
4
4
4
2
8
4
6
10
8
8
15
8
6
12
6
10
4
6
14
6
7
8
4
12
8
14
4
2
6
12
6
13
6
8
6
6
16
8
6
10
4
14
8
15
4
14
6
19
6
6
4
13
12
8
8
10
12
6
11
8
10
6
6
8
6
6
19
8
10
8
4
2
16
12
6
8
12
10
10
10
6
16
4
14
6
8
4
6
6
8
4
6
6
12
2
14
6
12
6
10
2
6
8
6
12
4
6
4
6
6
6
6
4
2
4
8
8
8
4
8
4
8
2
4
6
4
4
4
2
2
4
2
4
4
6
4
6
2
2
4
2
6
4
4
8
8
3
2
2
4
2
2
2
2
3
2
2
2
2
2
0
2
0
2
1
4
2
4
5
6
2
7
3
4
1
4
6
2
2
2
19
2
4
2
16
2
2
4
2
2
2
2
6
4
2
7
3
2
12
4
3
18
18
4
2
2
0
24
20
5
0
4
18
2
2
19
2
2
2
4
2
4
2
4
0
15
10
2
4
13
11
2
12
3
5
17
2
2
3
2
7
4
4
0
2
2
5
2
4
4
2
2
4
2
1
2
10
3
0
2
2
4
3
2
2
0
2
5
2
7
4
2
4
2
2
3
2
2
17
2
11
2
20
2
5
5
0
2
6
2
16
2
2
4
3
4
2
2
2
2
2
4
2
2
3
3
1
2
2
4
4
0
2
10
2
4
4
7
2
1
3
2
0
3
7
9
2
3
2
0
0
3
4
2
0
0
0
2
3
2
6
0
4
2
0
0
2
2
4
5
2
2
4
2
6
0
2
2
2
0
0
2
0
2
3
2
4
2
2
4
1
2
4
2
2
2
3
11
6
4
3
0
2
4
6
1
2
6
2
5
0
2
3
3
4
2
2
2
7
2
3
3
0
2
2
2
10
2
0
2
2
2
5
0
6
3
7
0
5
0
2
2
3
4
9
2
2
0
4
2
2
0
2
2
8
2
5
8
12
7
7
8
7
6
2
12
4
8
6
0
10
6
10
0
10
4
6
0
4
6
0
8
8
6
0
6
8
4
10
0
10
4
0
10
6
6
0
6
12
0
8
0
6
0
8
0
4
10
7
8
6
0
10
0
7
0
11
4
10
0
6
17
6
0
12
4
8
0
10
6
4
0
8
6
8
6
6
0
0
12
4
8
0
10
8
0
0
8
8
0
2
8
8
4
2
10
8
8
0
12
4
6
0
6
9
0
0
8
6
0
0
17
8
0
0
0
0
0
6
0
14
0
0
8
0
0
10
0
4
4
6
0
6
0
0
0
0
0
0
0
0
0
0
0
0
12
0
0
6
0
0
4
10
8
0
6
6
4
0
6
12
10
0
10
14
8
8
0
0
8
8
8
0
0
0
0
6
0
0
0
0
0
0
4
10
0
0
0
8
6
8
0
4
8
0
0
8
10
0
0
10
6
0
0
12
6
0
4
8
19
0
2
8
6
0
0
12
6
0
0
0
6
0
8
6
10
0
6
0
12
10
10
0
12
8
0
8
6
0
0
6
14
0
0
8
6
0
0
10
6
0
0
6
8
6
0
4
2
2
0
6
10
0
0
8
10
6
10
6
6
0
0
6
15
2
0
6
14
0
6
8
14
1
1
1
3
0
1
1
0
1
1
3
1
2
0
0
2
1
1
0
2
2
1
1
3
0
1
2
0
0
0
4
2
1
1
0
3
1
4
1
1
3
0
2
1
1
1
1
2
1
1
2
0
1
4
1
3
1
1
1
2
0
0
0
1
1
2
2
2
2
2
2
1
2
0
2
1
2
0
0
1
1
1
1
0
0
1
4
1
0
1
4
0
1
1
0
1
1
1
1
0
1
0
2
1
0
4
0
2
1
1
0
2
0
0
1
1
4
1
1
1
2
2
1
0
0
1
2
2
1
1
1
5
1
2
4
4
2
7
6
3
5
2
4
5
3
1
0
0
2
0
1
1
1
2
1
4
2
0
4
5
3
5
0
4
3
3
2
2
4
0
3
4
4
4
0
1
4
5
5
5
4
3
3
4
3
1
2
6
4
5
2
0
3
2
9
1
3
8
5
1
0
4
3
3
4
3
1
4
2
3
3
1
4
4
1
0
3
0
2
2
0
1
0
4
4
1
5
2
3
5
1
1
3
6
2
2
1
2
2
4
9
5
8
2
3
5
2
2
2
2
0
3
3
2
1
4
0
3
1
0
5
1
0
0
1
0
1
2
4
3
0
2
2
2
1
3
0
4
1
1
2
2
0
1
4
2
1
0
1
0
0
2
1
3
1
1
3
0
3
3
2
1
1
1
0
1
0
5
2
1
1
6
1
0
3
1
3
0
1
1
6
4
3
2
3
1
6
1
1
1
5
2
1
1
1
8
2
2
1
2
2
3
1
1
2
3
5
10
0
0
1
2
1
1
1
2
2
0
1
1
0
1
15
1
2
1
1
2
1
1
9
1
1
2
3
0
4
3
1
1
0
2
2
4
9
1
1
2
3
1
0
1
1
0
1
1
2
0
1
4
0
4
2
0
0
0
1
2
1
0
3
1
2
2
1
5
1
1
1
1
2
1
6
3
0
4
1
0
1
1
3
2
4
0
3
1
0
2
1
1
8
1
1
0
1
7
1
1
1
2
1
2
0
3
1
2
2
0
3
2
2
1
1
1
1
2
0
1
0
4
1
2
2
4
1
0
4
0
3
0
2
2
2
0
2
1
2
1
0
1
1
9
1
2
0
0
1
0
0
3
1
0
2
1
2
1
0
2
3
0
0
3
0
0
0
1
5
0
7
1
0
2
1
2
1
1
1
0
1
0
5
1
9
1
1
1
1
1
1
2
1
1
2
1
0
1
0
0
1
3
0
1
0
1
14
3
1
3
5
1
0
3
7
1
0
0
0
0
1
1
0
5
1
1
2
1
41
12
10
14
10
15
15
10
15
17
37
17
23
16
23
21
17
25
19
25
21
14
8
12
19
47
41
25
54
21
14
54
14
23
8
27
12
14
0
27
16
14
19
18
14
35
14
12
16
48
16
23
19
4
19
21
25
16
12
25
29
16
21
21
31
43
14
53
53
45
29
14
46
76
17
45
47
23
66
89
27
64
21
10
62
10
62
16
8
41
49
35
25
10
35
39
29
14
49
43
43
39
33
31
10
14
66
14
47
10
12
10
41
39
43
54
23
37
23
49
12
47
8
23
39
41
39
19
25
58
31
68
37
45
37
10
35
45
19
6
21
23
17
35
31
48
45
50
19
17
33
10
54
49
33
31
25
14
17
60
64
12
25
33
31
29
43
14
19
39
43
18
12
19
43
18
10
12
8
14
10
10
12
12
12
29
6
16
8
48
10
8
25
25
56
10
12
10
8
14
16
14
41
10
12
21
10
6
10
8
12
6
45
10
35
17
41
21
6
23
6
12
16
4
17
12
10
16
12
43
13
10
8
2
27
27
41
19
15
23
8
10
14
12
8
6
10
6
6
6
27
27
12
19
10
37
17
14
27
10
49
8
10
21
12
25
12
29
12
6
8
8
18
8
29
12
18
23
14
19
27
6
18
33
17
33
18
16
4
7
5
6
3
5
6
5
5
5
3
5
4
2
7
2
5
5
7
5
3
3
6
7
5
3
0
3
5
5
5
7
3
3
3
3
3
3
5
3
4
5
6
6
5
8
3
6
2
11
5
7
5
4
6
3
3
6
4
3
5
8
3
5
3
5
6
9
5
6
3
4
5
4
7
5
3
5
8
7
6
8
3
5
3
7
5
5
3
4
7
7
5
5
6
5
3
3
5
7
6
5
3
5
5
5
3
5
3
6
7
4
5
5
5
6
7
5
3
3
3
3
7
5
5
5
6
3
5
5
4
7
5
5
7
5
4
3
3
5
4
7
3
3
2
9
7
3
6
5
3
4
5
7
3
3
5
4
7
3
7
5
6
5
5
9
5
5
4
3
7
3
3
5
5
7
5
4
6
3
3
8
8
7
3
4
5
7
5
5
5
3
3
5
5
4
3
5
5
5
5
3
3
4
3
3
3
6
3
5
7
6
5
4
5
4
2
5
3
3
5
5
6
9
5
7
6
3
5
4
7
3
3
4
7
8
10
3
3
5
0
3
7
3
5
3
9
3
1
5
5
4
5
5
9
8
8
7
8
6
5
7
6
5
5
6
7
8
7
7
7
8
7
7
7
6
7
5
7
9
9
9
5
11
5
7
7
5
0
45
14
20
0
39
31
61
0
0
0
0
28
52
24
24
18
33
42
85
0
0
0
0
30
37
22
16
0
38
35
51
0
0
0
0
14
49
3
23
19
57
49
45
0
0
0
0
41
32
24
26
27
14
60
68
0
0
0
0
0
0
8
18
31
27
80
43
0
0
0
0
9
38
0
10
19
18
29
61
0
0
3
0
24
51
24
15
3
32
0
42
0
0
0
0
23
18
2
28
26
46
86
0
0
0
0
0
12
31
0
40
25
15
0
44
78
0
0
0
6
29
27
1
27
20
0
55
0
0
0
0
58
10
28
39
22
22
37
51
49
0
0
0
29
41
22
26
11
0
0
1
50
0
27
0
32
22
19
19
17
0
21
32
21
26
19
23
0
22
23
29
0
0
1
24
0
24
24
13
0
23
17
0
0
0
0
0
24
29
22
33
21
0
1
0
11
2
1
0
14
28
21
23
26
24
22
22
12
0
0
23
23
23
26
20
16
0
0
16
28
16
0
0
0
21
21
15
15
19
0
0
24
22
21
0
0
19
26
0
35
21
1
27
27
3
0
14
0
19
23
28
0
29
14
22
0
16
0
20
23
0
0
13
0
0
18
7
0
11
12
0
0
29
19
23
0
0
1
0
0
23
0
31
17
25
17
28
0
2
0
2
0
4
0
2
4
0
2
6
0
0
2
0
2
2
0
4
4
0
82
0
0
4
0
2
0
2
89
2
4
0
4
0
2
0
2
4
2
2
2
4
8
0
0
0
4
2
2
2
4
0
2
0
2
2
0
0
0
0
0
0
4
0
0
0
2
2
2
2
2
6
0
0
4
0
0
6
0
0
2
0
0
2
4
0
0
4
6
4
0
0
0
4
0
2
0
0
0
0
0
6
8
4
2
2
4
6
4
0
2
0
2
6
2
2
6
2
0
6
0
0
0
4
0
2
4
0
6
0
0
2
0
2
2
2
0
6
2
0
2
4
0
6
4
6
4
6
4
4
4
8
6
0
0
2
4
0
0
4
0
0
0
2
2
2
0
2
4
6
2
0
0
4
0
2
0
2
0
0
6
2
0
6
0
2
0
2
6
0
2
2
0
0
2
4
0
2
0
2
2
2
0
2
2
4
0
4
2
0
4
0
0
6
2
0
0
0
2
4
2
0
2
2
0
2
0
4
0
2
2
0
2
2
2
2
6
2
4
2
2
4
6
2
4
2
2
2
2
0
4
4
8
2
4
2
4
96
4
2
2
4
6
0
2
6
2
0
6
2
2
0
0
2
2
8
2
4
6
0
6
0
2
4
2
0
