2
2
2
21
0
18
0
2
2
2
0
2
2
3
2
4
2
0
0
0
2
4
2
0
0
5
4
0
2
2
2
2
0
6
0
0
2
0
2
2
0
0
0
0
3
2
2
2
0
0
2
2
2
0
2
4
0
0
0
4
0
4
2
2
0
2
2
5
0
0
2
0
0
2
0
2
0
4
0
0
0
2
0
2
4
0
0
2
0
0
2
0
0
0
0
0
2
2
3
0
0
0
0
2
2
4
4
2
2
2
0
4
5
0
0
0
4
0
2
2
2
0
4
0
0
2
2
0
0
2
4
0
0
0
2
0
2
2
2
0
2
0
0
0
3
0
2
0
2
2
0
2
0
0
2
0
0
2
0
0
0
2
2
0
3
5
2
0
2
2
0
0
0
2
0
0
0
0
2
0
0
2
0
2
4
0
0
0
2
2
0
0
2
2
0
4
2
2
0
0
0
2
0
2
0
6
2
0
2
2
2
2
0
0
0
2
2
2
3
2
0
0
2
2
2
2
2
0
0
6
0
2
0
4
4
5
0
2
2
0
10
0
3
0
2
1
0
0
2
0
0
2
0
2
2
2
0
2
0
0
2
2
0
2
2
2
0
0
5
2
0
0
0
3
0
2
5
2
3
3
3
2
5
0
7
2
0
6
20
17
9
28
30
24
47
44
28
36
36
2
39
31
38
38
32
4
42
28
24
21
19
23
15
48
22
13
32
28
20
22
34
16
22
25
12
30
19
34
23
23
23
78
22
25
52
31
24
23
48
20
28
28
18
24
28
24
22
23
13
23
20
24
8
23
13
20
35
27
26
19
24
23
17
46
17
11
38
21
82
15
24
26
7
22
9
13
38
27
20
35
23
23
21
19
15
25
30
31
22
27
17
21
18
15
15
21
26
15
17
19
23
36
31
16
18
21
24
20
29
17
87
75
15
21
29
14
31
20
41
28
38
31
20
34
33
23
28
24
19
27
34
30
28
28
39
37
20
26
34
20
35
47
16
24
24
22
16
25
19
51
28
34
62
19
34
25
23
26
2
29
23
40
27
32
30
23
30
38
28
30
31
27
33
64
31
20
28
22
41
28
23
30
27
29
25
24
31
35
57
28
6
26
28
29
13
9
29
36
19
26
25
24
26
21
31
18
40
21
19
34
30
20
20
11
33
24
23
26
30
22
30
34
25
24
26
28
28
7
27
36
24
16
15
15
12
9
11
11
11
4
9
20
15
6
9
9
16
18
9
11
17
9
15
15
19
24
10
8
15
39
11
11
16
11
15
24
9
11
9
15
17
21
11
10
18
9
4
5
3
5
5
7
2
4
3
13
4
1
11
4
9
2
5
2
3
6
8
5
7
4
6
7
5
8
6
5
4
4
5
4
5
1
8
6
4
5
6
4
3
6
6
7
8
7
4
8
13
6
5
10
2
8
8
7
2
2
2
3
2
1
2
1
1
3
1
1
2
2
1
2
4
2
1
1
3
3
3
1
2
3
5
1
4
1
3
2
4
2
1
1
1
1
1
2
1
1
0
2
2
2
1
1
1
4
1
1
1
1
2
10
7
7
1
2
2
2
1
4
1
1
2
2
1
3
1
6
1
4
1
2
6
2
2
3
6
2
3
4
6
3
6
1
1
2
3
4
3
8
3
4
2
7
1
5
1
2
2
8
3
0
4
2
8
1
2
3
3
6
4
2
1
4
2
2
2
6
3
2
2
2
2
6
4
4
2
3
4
5
6
6
6
3
4
2
3
3
5
5
2
6
3
5
2
4
3
4
1
3
2
6
8
4
4
8
9
6
4
7
3
5
6
4
4
7
5
7
9
6
11
4
1
1
4
2
1
4
2
7
3
2
3
2
2
3
2
1
3
1
4
2
1
1
3
5
6
4
5
2
5
1
3
3
3
1
3
3
2
3
2
2
1
2
2
3
3
1
0
1
3
8
4
2
2
2
0
1
0
0
0
21
7
3
4
14
0
5
2
8
12
2
0
5
5
0
8
0
0
6
20
15
0
29
0
7
8
0
2
13
0
5
0
0
0
0
0
21
2
16
0
8
4
4
14
0
24
0
7
0
5
2
9
0
0
18
0
8
0
0
0
3
0
0
0
0
0
0
0
16
0
0
0
4
9
0
0
23
0
8
7
0
7
12
0
0
5
12
0
3
0
10
5
0
12
0
12
8
0
0
0
10
0
0
0
5
0
9
0
26
9
0
5
28
4
0
8
2
0
0
1
13
0
7
0
12
0
9
0
14
15
0
0
5
6
0
6
5
14
15
18
13
13
0
9
0
0
6
0
0
11
0
0
16
11
0
0
4
0
18
7
0
0
0
15
0
0
0
0
0
0
29
13
7
12
0
10
0
15
6
12
10
9
14
9
0
25
0
0
9
20
0
0
0
1
0
14
15
1
16
0
0
7
14
0
8
0
0
0
0
7
0
0
10
16
0
8
1
0
18
0
0
0
3
0
0
11
17
0
9
11
0
7
6
1
17
13
18
14
28
0
8
0
4
2
0
0
13
0
0
0
0
0
2
0
0
15
23
11
0
0
0
0
0
3
15
7
0
8
0
0
13
0
0
0
6
7
0
3
0
0
0
0
0
30
22
32
21
38
36
20
24
14
33
12
24
26
11
34
9
26
23
23
32
18
22
30
27
22
26
14
9
9
22
17
19
7
10
30
30
39
25
28
28
8
18
16
17
31
41
43
21
18
32
27
41
32
33
22
23
26
26
25
22
36
37
17
26
34
9
25
32
23
20
18
58
10
22
24
18
26
24
23
17
12
16
10
29
14
31
20
21
20
16
23
18
24
11
35
31
28
23
21
22
19
9
18
27
39
18
23
12
20
27
24
31
24
20
30
23
36
23
26
27
23
30
21
30
33
55
34
44
14
36
34
27
26
16
14
33
41
39
20
19
6
31
20
24
21
18
24
40
17
7
37
24
42
10
37
38
33
24
24
28
30
45
43
16
41
13
28
32
23
22
23
18
33
36
27
22
31
47
35
15
21
18
34
30
33
24
17
28
11
21
38
30
26
13
22
22
21
21
35
21
17
12
25
26
16
25
23
12
37
50
23
18
28
27
19
11
9
33
28
22
17
40
27
21
26
9
22
25
23
24
22
43
68
32
21
13
30
31
20
29
23
7
28
19
23
16
12
13
26
17
22
21
23
21
18
13
14
17
9
31
27
30
15
36
27
22
29
34
28
32
33
31
13
14
17
17
23
0
27
33
19
46
15
19
20
32
37
28
7
3
11
13
9
11
13
9
11
19
11
9
11
11
7
11
3
9
15
7
7
7
11
7
11
7
13
11
7
9
7
9
7
15
9
3
7
7
15
19
15
11
25
9
1
5
9
15
5
17
13
23
3
11
19
5
13
7
9
11
17
21
13
19
9
13
17
41
19
9
15
13
29
19
5
17
13
7
11
23
13
23
13
13
21
7
5
15
11
9
38
9
9
11
40
11
15
33
11
17
13
5
9
36
36
13
9
19
5
23
11
27
23
7
11
17
17
11
13
7
15
11
11
7
9
11
29
7
3
7
5
17
21
19
9
3
7
5
5
3
15
7
7
1
5
5
3
9
9
9
21
5
19
19
7
3
9
5
5
19
11
7
25
11
29
13
7
9
11
11
15
9
7
7
7
7
21
9
2
2
11
9
7
7
15
17
9
15
17
9
3
7
3
15
7
7
21
17
9
15
21
17
9
5
13
15
5
9
9
13
11
11
5
7
21
17
25
27
11
9
7
15
9
13
11
15
17
9
25
7
9
15
25
5
17
25
13
19
11
19
15
9
17
25
17
7
11
27
9
21
11
13
23
9
23
13
9
15
19
13
7
15
17
13
11
11
27
9
7
7
7
11
11
7
7
7
5
7
9
15
23
17
11
13
9
7
5
3
4
5
2
4
0
2
0
0
0
0
0
6
2
2
0
2
0
6
2
2
0
4
6
2
6
0
0
4
2
4
0
2
0
2
2
0
0
4
9
0
0
2
0
0
7
0
2
7
2
0
2
6
6
0
4
2
0
0
0
2
0
2
2
4
0
9
0
4
2
0
0
6
4
6
2
5
9
2
9
2
2
2
0
2
2
0
5
4
0
0
0
2
4
0
2
0
0
0
2
2
0
4
4
0
0
4
2
0
0
0
0
7
0
0
2
0
0
0
0
2
2
2
4
4
0
0
2
9
2
34
7
0
0
2
5
7
2
4
9
9
4
2
0
0
0
0
2
4
4
4
0
2
2
2
9
0
2
9
0
4
2
0
4
2
2
2
4
2
2
4
2
4
4
0
2
6
6
2
2
0
4
4
4
2
2
4
4
2
0
5
4
6
2
4
2
2
9
0
0
2
0
2
2
0
4
4
15
7
0
2
0
2
7
0
4
11
0
0
2
0
4
5
4
0
0
2
2
2
2
0
7
2
2
2
4
2
4
0
2
17
6
2
7
0
4
0
2
0
9
2
2
0
0
4
4
5
7
11
0
6
2
0
2
2
7
2
0
0
0
2
0
0
0
0
2
0
2
8
0
2
4
6
0
2
9
4
2
0
0
7
19
6
4
49
8
4
13
6
6
4
4
6
45
13
3
2
4
4
2
42
8
64
51
8
23
4
24
5
41
4
6
6
4
8
0
4
4
4
7
4
6
4
6
4
29
5
6
18
4
3
6
6
54
6
2
28
6
8
6
4
5
10
14
8
2
4
6
2
6
6
37
4
6
4
6
4
8
4
4
4
4
2
2
7
24
3
5
15
7
6
6
6
2
4
2
6
4
4
36
4
6
4
6
10
2
6
4
17
4
2
4
2
4
4
4
4
39
4
2
4
4
7
2
6
48
4
3
2
24
5
5
6
3
5
6
4
2
6
6
5
61
2
8
4
5
16
10
15
2
2
12
4
2
8
4
3
4
5
4
19
4
4
18
6
6
6
6
4
4
4
4
4
10
10
4
4
6
2
42
4
15
6
36
4
36
4
58
4
4
4
6
4
12
11
4
6
2
4
2
2
2
2
4
2
2
5
6
2
4
4
4
9
0
2
4
2
5
3
2
4
2
4
6
6
49
2
6
4
3
2
2
2
6
4
0
6
4
4
4
2
41
2
3
2
4
0
4
51
2
2
6
2
2
2
2
2
2
2
4
4
8
4
2
4
2
6
70
4
2
4
2
2
15
6
4
2
2
4
4
3
6
2
56
2
4
6
8
12
10
35
8
6
8
12
8
8
8
12
10
6
6
2
4
4
8
8
4
6
8
12
12
12
2
6
6
14
12
15
10
8
8
14
4
8
8
4
4
10
6
10
14
12
8
8
10
8
15
10
10
14
8
10
12
12
6
10
8
6
10
10
14
11
6
8
8
6
14
13
10
12
4
10
10
12
8
6
15
10
8
6
12
12
6
8
10
8
8
10
14
12
15
14
19
15
15
14
10
12
19
10
25
6
8
10
6
23
12
15
8
14
10
8
8
15
8
6
8
15
16
15
14
15
14
6
8
8
12
13
14
14
12
19
6
14
12
14
19
4
6
19
12
6
10
8
21
13
10
27
15
8
12
23
23
23
10
56
10
8
8
8
8
8
17
6
6
17
4
8
19
15
6
12
13
10
10
12
15
6
14
10
8
10
6
10
6
8
8
15
19
8
4
14
4
12
10
8
4
13
6
8
14
12
10
6
12
8
14
12
14
10
6
15
8
10
4
10
10
10
2
12
6
12
15
19
10
17
21
12
12
8
10
4
4
10
9
6
6
2
4
6
8
6
4
10
10
10
10
4
10
12
0
10
10
8
8
8
17
8
10
2
12
4
4
2
8
4
8
14
8
15
6
4
14
2
4
4
12
4
6
8
4
19
6
2
5
5
3
3
5
3
3
3
5
58
7
21
9
5
17
3
15
11
7
7
16
30
21
19
7
19
9
15
9
7
7
9
15
15
5
1
3
11
23
11
5
9
5
26
5
5
42
5
5
27
11
5
5
9
7
11
11
11
9
23
3
30
7
63
17
9
5
11
53
3
7
9
3
57
7
5
3
7
7
42
7
9
28
25
5
5
19
11
3
5
9
67
9
7
5
5
5
15
7
5
19
5
7
11
69
5
5
42
40
13
9
5
86
9
21
9
13
11
7
5
11
67
11
82
40
13
17
1
9
3
3
3
34
38
7
7
9
11
32
11
5
9
13
59
5
3
5
15
38
5
9
53
17
17
57
5
9
11
11
11
7
61
65
91
9
5
9
7
57
9
34
7
13
17
9
7
17
90
7
9
11
5
5
5
5
7
5
7
11
11
9
5
7
5
9
7
94
3
7
82
98
5
15
7
25
7
7
9
9
13
7
9
5
11
13
5
7
5
73
11
9
73
11
44
13
52
2
9
5
7
5
11
90
5
11
13
7
7
13
26
7
13
5
7
7
9
15
7
19
11
9
21
7
11
11
5
5
7
7
3
61
11
21
13
19
9
3
3
84
9
7
30
7
7
13
15
9
17
5
11
9
13
17
15
7
30
7
17
