4
10
8
14
8
17
15
6
8
15
10
8
8
4
10
8
8
4
4
8
8
6
6
15
6
8
8
7
6
8
4
12
4
12
16
13
6
22
11
15
12
6
8
4
2
4
4
13
4
8
14
2
4
6
6
10
15
6
6
12
2
17
6
6
9
14
12
13
2
4
12
6
8
2
6
6
6
4
4
8
12
8
10
4
15
15
6
21
10
10
12
8
12
19
13
14
14
21
4
2
19
8
10
19
11
10
8
14
19
6
15
19
6
4
7
4
8
8
14
12
2
9
2
6
6
6
10
6
4
9
8
6
6
6
6
6
39
6
9
4
2
2
4
0
11
6
4
9
11
6
4
14
12
13
8
25
4
12
12
4
15
10
4
8
6
8
10
2
6
2
2
6
10
9
6
8
13
10
13
10
21
17
6
4
21
10
12
13
7
6
4
6
6
16
2
4
6
10
14
12
10
17
15
12
8
19
12
12
10
8
13
6
6
15
6
4
6
10
8
8
13
14
10
8
12
12
8
19
2
10
7
4
10
6
6
12
4
29
6
12
6
10
6
6
8
6
6
8
12
14
10
17
12
13
4
6
4
0
7
4
4
8
10
12
8
2
6
10
6
13
6
2
4
7
4
10
6
4
4
8
8
4
8
2
4
6
12
2
1
1
9
2
0
0
0
1
0
1
1
0
3
0
1
0
7
1
0
0
0
0
1
3
0
4
0
4
1
0
1
7
3
0
1
4
0
0
0
0
1
2
0
0
0
2
0
0
3
0
0
1
1
11
2
2
4
7
0
2
0
9
1
10
1
0
0
0
6
2
3
4
0
8
6
2
5
9
0
1
0
1
2
0
1
1
0
0
0
4
0
14
0
1
1
0
1
2
4
5
3
1
1
0
1
2
2
2
12
2
0
11
5
2
0
3
0
6
0
2
0
2
1
1
2
7
4
9
0
1
2
10
6
5
7
0
0
0
5
5
2
2
1
5
4
8
3
1
3
3
2
7
4
5
5
1
0
3
0
2
7
1
7
4
0
1
5
7
7
12
11
3
2
8
2
0
7
8
5
2
0
1
5
8
4
11
0
0
1
5
2
0
5
3
4
0
0
1
8
1
7
6
4
1
0
0
0
5
1
1
0
3
0
0
1
3
1
1
0
1
3
2
0
1
0
3
1
1
1
6
2
4
0
2
3
6
3
1
10
2
1
2
1
1
8
0
4
0
4
8
12
1
0
6
7
5
3
3
1
1
1
0
2
0
9
0
3
1
2
11
8
0
5
5
8
5
6
2
0
2
0
7
1
0
0
0
0
0
8
0
0
2
0
0
11
6
2
0
0
4
2
2
2
2
7
5
25
2
0
3
2
4
2
3
2
2
0
17
5
2
7
3
4
1
2
0
2
0
5
2
15
23
3
3
7
2
2
2
0
0
0
40
9
0
4
2
2
0
4
4
4
0
5
6
0
17
2
4
2
2
0
2
2
3
2
5
2
5
2
2
0
0
0
2
2
0
0
2
20
3
4
3
4
2
0
3
0
2
2
0
0
16
2
3
0
2
0
2
0
0
0
14
19
2
3
3
2
2
2
2
0
1
3
0
0
2
11
1
2
9
2
2
0
0
0
0
0
0
3
2
3
0
0
8
2
2
2
0
0
6
14
0
7
1
0
0
2
2
7
5
4
0
8
8
2
0
2
2
0
0
3
0
13
0
5
2
17
2
4
0
3
2
0
1
2
3
3
0
0
2
2
5
0
4
0
2
19
5
0
0
2
2
0
0
3
2
0
9
8
16
1
5
2
0
4
12
2
0
3
1
0
0
3
17
7
3
1
0
1
0
0
1
3
4
3
0
0
1
2
9
0
3
0
0
3
3
2
0
9
3
0
11
0
0
2
19
13
2
13
12
3
0
8
0
0
0
2
1
17
0
0
0
1
2
3
0
0
19
9
0
4
0
3
2
0
0
10
30
6
41
2
4
35
2
35
2
39
0
2
40
2
37
2
2
41
0
28
2
2
9
4
35
2
34
4
37
0
6
0
0
38
6
35
4
6
11
4
33
3
44
24
2
35
0
40
4
0
32
4
34
4
2
26
4
43
4
4
13
4
33
0
6
33
2
20
4
8
32
2
27
2
6
42
2
33
6
4
22
4
23
2
4
4
4
37
6
57
4
28
20
4
35
6
37
36
9
53
6
39
43
4
27
2
0
34
2
36
2
50
4
6
37
6
18
4
2
30
4
33
4
6
4
6
38
6
8
6
0
48
6
4
32
4
33
4
32
2
27
40
4
35
4
2
33
4
45
10
43
6
4
37
4
43
2
4
45
8
6
2
6
37
14
27
4
45
0
10
36
0
41
6
31
2
2
31
2
34
2
35
2
8
31
4
63
4
25
35
2
8
8
54
28
2
37
2
39
2
4
33
2
39
4
6
33
6
13
6
44
14
2
36
4
4
4
2
36
4
42
6
2
20
9
6
40
8
33
6
52
2
36
2
6
29
8
6
24
10
30
2
6
37
2
35
6
26
35
0
42
12
2
39
4
28
8
34
6
25
25
8
31
8
2
31
0
28
8
41
4
0
24
4
39
6
6
35
4
34
2
21
39
4
23
6
35
23
15
9
8
13
8
8
9
10
8
8
4
8
4
9
4
8
8
6
10
9
7
6
6
6
11
8
6
8
8
8
4
4
6
11
8
6
13
2
8
4
6
4
6
8
8
6
2
8
8
6
2
9
6
6
7
6
6
8
6
6
15
10
6
8
8
6
8
6
4
9
9
0
8
9
6
4
6
4
8
4
9
8
8
2
9
6
9
40
4
9
11
7
11
8
11
15
8
13
11
6
11
6
9
8
4
11
13
6
13
15
6
65
6
6
10
4
11
6
11
8
6
10
7
11
4
9
15
6
6
8
8
6
6
11
10
9
8
7
15
8
9
91
6
11
21
10
11
8
8
13
6
10
13
9
8
9
13
13
15
15
9
11
4
11
13
15
7
24
11
7
8
4
8
13
7
8
10
11
13
25
8
15
15
15
4
19
10
7
9
9
6
9
15
9
8
6
4
13
17
13
19
10
13
21
9
9
15
11
10
15
11
9
17
10
6
17
9
17
15
17
4
13
11
13
15
8
8
17
8
15
7
11
17
8
6
11
23
4
9
15
21
10
6
8
8
13
8
8
34
11
8
0
13
4
11
9
9
4
6
10
8
13
10
11
11
10
4
13
6
11
75
9
10
6
6
9
9
15
34
11
8
6
15
4
11
8
4
10
25
22
21
6
7
14
17
6
8
7
5
15
14
22
20
29
16
15
17
19
27
17
27
12
20
8
16
24
19
16
18
19
6
27
27
21
26
6
17
19
23
21
7
20
15
11
22
7
24
20
19
11
21
20
20
6
14
18
6
20
9
14
19
18
18
7
20
22
10
20
22
20
22
7
19
25
11
19
21
15
24
25
20
21
18
21
10
17
6
9
15
22
9
9
31
21
14
19
7
16
25
24
10
20
18
20
9
28
23
15
25
17
22
20
23
17
12
25
21
9
17
18
23
16
8
20
22
21
23
10
25
17
6
24
21
8
21
15
13
9
19
18
11
19
18
19
18
11
15
18
10
21
19
21
25
16
21
18
7
18
17
16
17
21
21
20
21
17
21
22
19
18
18
8
25
15
5
28
22
7
21
25
5
22
20
23
12
15
9
21
25
22
25
18
19
19
7
18
12
17
20
21
26
18
6
23
15
11
17
23
22
21
15
22
15
7
14
13
21
17
15
21
20
18
17
22
19
10
13
15
26
7
23
22
21
20
10
16
19
25
20
7
19
22
23
20
9
14
21
18
27
7
21
21
20
29
26
19
5
17
19
16
17
17
10
14
21
8
12
19
14
20
9
18
23
21
18
7
23
22
21
16
21
15
4
12
18
4
0
2
2
2
0
4
4
2
2
6
6
2
2
4
2
6
2
2
2
2
2
0
0
4
4
0
4
4
2
2
0
2
2
2
4
6
4
2
0
4
2
2
2
2
2
8
2
4
4
6
4
0
4
2
13
4
2
2
4
2
4
0
2
8
4
0
0
0
2
2
2
2
2
6
4
2
0
0
2
4
0
0
2
2
4
4
0
8
0
10
2
4
4
2
2
4
4
0
0
2
0
0
2
2
4
2
0
0
2
6
6
2
2
4
2
2
2
4
6
2
2
0
6
2
10
0
2
2
2
2
4
2
6
6
4
4
0
4
2
2
2
4
8
2
4
2
4
0
2
2
6
2
0
6
2
2
4
8
2
4
2
12
0
0
0
2
2
6
0
0
2
2
2
2
4
2
0
12
2
0
2
0
2
4
0
2
0
0
2
2
2
0
2
4
6
2
12
0
2
2
0
2
4
0
2
0
0
2
0
6
4
2
2
4
6
0
2
2
0
2
4
4
2
2
6
0
4
2
0
4
4
4
0
2
4
0
2
2
4
0
4
2
2
4
0
0
6
4
8
2
2
6
0
2
4
4
2
2
2
0
2
0
4
2
0
4
0
2
4
0
0
4
0
2
4
4
2
2
0
4
4
2
2
4
0
4
0
19
46
8
19
19
8
58
10
23
35
10
11
6
6
31
12
6
8
8
8
4
40
8
12
6
6
8
10
4
8
6
8
8
13
6
15
6
10
8
15
12
6
10
10
10
8
15
10
10
12
2
6
12
4
6
10
4
6
10
12
12
10
10
8
10
10
17
10
13
6
8
15
27
8
17
21
21
15
17
10
13
8
13
21
27
8
19
12
10
17
6
19
15
10
17
15
17
15
15
35
10
21
21
15
13
15
17
15
13
17
23
23
25
13
13
21
10
19
13
17
10
21
21
21
17
25
12
12
13
13
31
35
12
8
19
27
19
10
21
25
17
29
29
29
31
17
17
29
15
25
17
17
17
21
21
31
27
17
33
56
35
27
25
13
21
13
21
42
10
10
17
13
10
33
23
10
10
12
35
21
36
44
12
13
8
46
52
23
33
10
27
8
12
36
13
31
25
19
27
21
6
15
15
15
25
33
38
33
19
17
40
17
63
10
37
12
31
94
56
12
19
13
12
15
27
12
10
92
11
23
15
13
33
25
17
25
6
12
10
8
28
8
35
4
12
4
10
12
12
6
8
8
8
8
12
12
8
10
13
4
6
12
8
12
8
8
8
8
6
6
6
6
8
6
8
8
8
6
6
8
4
8
6
10
8
10
10
8
19
15
19
20
19
24
17
82
15
15
18
15
18
17
19
88
19
18
18
12
16
17
29
25
20
15
16
19
20
12
21
14
21
32
15
19
17
14
12
26
19
18
16
18
15
22
16
19
74
19
19
15
23
22
21
14
30
16
17
22
17
21
25
24
18
23
18
21
17
22
68
25
16
82
15
15
17
23
17
21
32
16
18
17
16
25
18
26
15
22
24
16
18
19
15
17
16
21
17
15
82
16
21
20
16
55
24
14
19
19
18
27
23
15
18
19
16
14
31
17
15
22
17
73
25
18
17
15
20
21
19
20
17
17
17
21
17
25
52
16
16
59
16
18
15
15
27
75
19
15
78
14
21
62
23
26
20
17
20
80
25
13
19
20
15
72
20
17
18
15
14
22
15
33
23
19
18
16
16
15
21
47
15
25
23
40
17
64
17
24
18
17
18
17
16
20
13
19
21
16
20
26
15
15
13
15
20
15
14
56
17
28
19
16
75
25
17
21
21
22
77
12
18
23
17
18
33
16
15
18
23
14
26
22
19
16
18
14
15
16
19
24
16
16
17
14
17
17
17
15
17
18
18
15
17
15
16
67
17
19
16
17
22
14
19
14
17
17
18
14
19
45
33
15
17
15
15
15
27
14
16
18
21
14
16
20
17
59
18
0
8
6
4
6
2
4
10
6
12
2
31
4
6
4
22
6
2
0
4
2
22
29
10
8
22
4
20
16
6
2
4
4
10
20
4
4
6
14
23
6
2
22
8
10
8
4
4
10
4
8
14
8
6
4
14
6
4
10
8
12
14
12
6
2
8
33
8
4
6
4
12
6
4
16
6
6
4
8
8
6
8
8
18
4
4
41
10
6
10
6
0
6
4
4
4
35
2
10
6
2
4
6
4
36
6
16
6
18
4
4
12
47
12
8
6
12
4
37
61
4
4
8
12
14
6
18
43
35
4
8
10
6
59
2
18
4
10
8
4
6
4
4
4
2
6
10
6
2
4
4
4
6
31
8
6
4
27
10
82
2
12
6
6
6
6
4
45
6
4
8
67
2
14
2
10
14
6
2
8
2
4
6
4
8
14
8
14
6
4
16
35
4
6
6
10
2
8
2
14
4
4
12
4
8
8
6
4
16
25
8
10
6
6
6
22
8
8
10
19
8
8
4
4
8
12
6
6
2
6
47
12
8
10
10
4
8
8
2
8
10
8
6
8
2
6
6
6
10
4
4
4
12
6
4
6
6
16
6
6
8
10
4
19
14
8
14
8
8
8
12
8
10
8
6
10
12
37
12
6
59
8
80
10
4
6
16
