3
3
7
5
9
2
3
7
7
5
2
15
15
11
3
5
3
5
3
7
7
3
2
9
3
2
11
5
3
3
7
11
3
5
3
7
3
5
7
0
3
9
9
7
5
2
3
9
2
5
5
11
9
5
2
2
9
3
3
5
2
7
9
2
5
9
2
3
3
13
9
11
5
3
15
15
15
7
13
7
5
9
13
3
11
15
3
11
13
17
17
7
13
9
5
17
47
25
13
5
13
15
9
7
15
7
19
13
13
9
7
15
11
11
5
7
9
13
11
9
5
9
11
7
13
21
21
17
13
9
13
11
13
9
7
20
11
13
5
13
15
13
9
9
17
13
9
13
9
11
13
19
9
13
17
15
9
3
21
17
19
15
9
11
11
11
13
21
23
17
17
15
11
5
11
11
13
11
13
9
11
11
11
11
23
9
9
17
15
13
17
13
13
9
21
3
9
13
15
15
21
15
5
11
9
7
11
9
19
15
17
7
9
11
11
7
7
15
9
13
7
9
5
9
5
13
9
11
7
7
11
9
5
7
9
7
5
13
7
5
3
7
7
11
13
2
7
7
5
3
9
3
5
5
2
7
3
11
5
3
3
0
7
1
9
7
3
11
7
11
53
5
15
13
3
9
3
3
3
2
5
7
5
9
11
7
9
17
13
9
19
0
7
8
19
16
4
0
11
11
0
7
11
4
7
13
17
4
13
7
16
0
10
14
4
1
6
14
14
13
7
0
11
8
1
22
10
11
7
13
15
0
18
5
10
0
17
11
13
0
9
6
17
12
8
1
10
8
0
13
10
12
10
1
19
13
11
12
17
9
0
1
15
10
0
8
11
19
10
17
12
7
5
21
11
11
10
9
10
28
9
12
13
6
15
0
13
12
1
1
13
0
0
0
13
0
0
10
13
1
7
9
20
0
6
0
1
19
15
12
30
8
6
8
1
22
9
17
1
0
15
11
0
3
9
18
0
27
25
0
16
14
0
13
12
1
11
10
19
0
8
13
8
13
11
0
8
12
10
8
18
11
0
3
10
16
11
13
13
9
9
17
17
3
10
7
6
11
6
10
0
1
9
0
7
1
0
1
10
13
7
2
11
0
4
0
7
9
10
9
0
9
10
2
13
17
8
0
8
0
0
12
13
9
10
5
13
0
6
0
5
7
6
0
4
8
10
1
4
6
6
4
9
6
15
0
4
13
14
10
1
13
0
5
13
0
13
0
10
14
0
13
11
0
12
11
12
1
4
16
6
28
13
10
7
4
10
8
19
17
25
1
10
14
14
2
0
1
15
12
11
8
19
19
8
18
0
26
9
0
23
0
7
11
18
6
0
9
0
7
15
9
6
11
18
3
20
12
7
8
4
4
0
18
2
2
9
27
18
9
10
7
0
18
9
9
0
0
35
0
9
0
0
0
2
0
2
18
5
0
4
2
15
9
16
9
10
2
0
14
0
2
2
41
32
27
9
4
5
0
16
5
29
0
18
18
20
0
35
9
19
0
9
11
27
0
3
16
0
8
20
7
0
18
2
0
2
0
4
25
0
17
9
9
18
2
6
9
0
9
13
9
9
2
0
17
0
9
2
0
7
0
0
20
9
7
7
0
18
9
26
6
9
9
0
0
2
21
0
5
0
23
0
9
10
18
0
2
7
0
5
3
9
3
0
0
2
0
2
9
0
0
8
8
9
0
0
18
16
2
0
0
9
0
0
9
0
0
12
17
8
43
8
9
0
8
10
9
8
4
0
9
9
0
0
8
9
9
9
11
18
16
2
4
9
0
0
18
9
0
9
0
11
0
0
0
0
8
0
0
2
0
0
2
9
2
8
9
8
8
0
0
2
0
25
5
9
14
2
0
14
0
9
0
0
2
9
9
18
15
3
0
0
14
4
0
0
0
8
0
0
0
0
9
13
0
2
0
0
16
0
2
0
0
0
0
0
8
0
0
0
0
9
6
25
1
1
4
0
1
1
7
18
3
2
3
21
0
1
1
8
0
13
1
0
6
0
0
1
0
1
0
7
1
1
4
1
0
0
13
18
0
0
3
1
4
0
1
0
1
25
16
1
1
9
2
3
1
1
2
3
0
0
16
1
3
1
17
0
0
0
1
18
1
0
1
4
1
0
3
0
2
1
1
0
1
1
8
1
1
16
22
0
0
1
3
0
1
3
14
3
2
3
0
2
2
3
2
18
6
8
1
1
0
1
1
4
1
19
1
1
4
4
20
1
1
0
0
0
7
0
20
1
2
0
14
1
5
5
19
0
7
0
26
8
0
1
18
1
1
1
1
2
0
1
2
16
0
6
15
13
2
9
7
2
1
10
0
3
2
9
5
0
7
3
1
1
1
1
1
1
3
18
0
1
2
3
0
2
2
1
2
0
11
0
14
11
2
8
3
2
1
11
1
14
0
13
1
16
2
20
10
19
1
3
12
1
4
18
16
16
14
2
1
4
2
2
10
0
1
1
7
12
2
16
0
13
1
18
0
0
1
1
7
3
2
19
1
3
17
1
1
29
5
12
1
0
15
1
1
7
14
3
11
0
0
1
8
1
1
1
3
0
3
2
11
11
0
1
7
1
20
0
1
4
21
1
15
1
15
0
7
6
7
5
10
8
6
4
6
11
11
5
8
6
8
6
9
8
10
3
8
8
10
13
8
11
6
10
14
10
7
8
19
13
11
7
10
12
10
12
3
6
10
15
10
15
6
6
5
19
8
8
5
10
12
12
6
10
8
8
13
4
11
8
11
2
4
7
16
4
8
11
10
8
16
9
5
15
7
6
12
9
8
8
8
7
10
8
7
7
8
11
10
6
8
16
13
16
10
3
3
15
9
6
10
9
15
19
8
13
9
8
10
3
10
6
11
13
14
10
7
5
5
6
10
6
8
17
16
5
10
3
5
3
10
7
8
4
9
13
78
8
7
7
11
12
5
5
7
14
8
5
5
8
16
8
8
11
9
10
10
12
8
8
6
11
11
8
6
7
11
16
7
11
10
10
7
10
7
9
10
3
6
10
13
8
8
19
13
5
9
8
8
14
9
9
3
10
8
13
10
10
8
13
3
3
8
7
5
12
5
11
5
4
9
13
16
7
18
8
8
3
7
7
10
5
5
8
10
5
6
5
3
6
8
6
7
8
4
11
9
13
6
8
10
10
6
10
10
19
11
8
14
3
11
7
5
6
4
7
5
12
5
5
12
4
6
3
5
3
5
7
8
7
11
9
6
7
8
13
7
5
10
6
7
5
7
11
15
4
4
4
2
0
4
0
4
4
0
0
4
2
4
4
2
0
2
4
6
6
4
4
0
4
4
4
4
4
2
2
2
4
2
4
4
4
2
4
4
6
4
2
2
4
0
4
4
4
4
2
2
2
6
4
6
6
4
4
4
2
4
6
4
4
2
2
2
4
4
4
4
2
4
2
4
4
4
2
4
4
2
4
6
4
4
2
4
4
4
2
4
2
4
0
6
2
6
0
4
4
2
4
4
2
0
4
2
0
4
6
4
4
2
4
4
4
2
4
0
4
2
6
2
2
2
2
0
4
2
2
4
6
2
4
4
2
4
2
2
4
2
2
4
0
0
4
2
6
4
2
0
2
0
0
6
2
0
2
4
2
4
10
0
2
4
4
2
4
4
6
2
4
4
4
0
0
4
4
4
6
4
4
4
6
2
2
2
0
4
4
4
2
4
4
4
6
2
0
4
4
2
4
0
4
2
4
2
4
2
2
4
6
2
0
4
4
0
4
2
2
2
4
2
4
4
4
4
4
4
4
4
6
0
6
2
6
4
6
0
2
4
4
4
2
0
0
4
2
2
4
2
0
2
2
0
4
0
2
4
6
6
2
4
2
0
4
0
2
4
4
4
4
0
2
2
4
0
0
4
0
4
4
2
2
4
4
6
2
2
2
2
0
0
2
0
4
2
2
0
0
2
0
2
0
2
2
0
0
0
2
0
0
2
0
2
2
2
2
0
0
0
0
0
0
0
2
2
2
0
4
2
2
2
4
0
0
4
2
0
4
2
0
0
4
2
2
0
0
0
0
2
2
2
4
0
0
2
0
0
2
2
0
2
2
2
2
0
0
2
2
0
0
0
0
0
0
2
0
0
0
2
2
0
0
2
2
2
4
2
2
0
2
0
4
0
2
2
2
2
2
0
2
2
2
0
2
2
0
0
0
2
0
2
2
0
0
2
2
4
0
0
0
0
0
0
4
0
0
0
2
0
0
0
0
2
0
0
0
0
4
2
0
2
0
0
0
4
0
0
0
0
2
2
0
0
2
0
0
2
2
2
2
0
0
2
2
2
2
4
0
2
4
0
2
4
0
0
2
4
2
2
2
2
0
2
0
0
2
2
2
2
2
0
6
0
0
2
2
0
2
0
0
2
0
0
2
0
4
0
2
0
0
4
2
4
2
2
2
0
0
2
2
0
2
0
0
0
2
2
2
0
2
2
2
2
2
2
2
0
2
2
2
0
0
2
2
2
0
2
2
2
0
2
0
2
2
0
2
2
0
0
0
0
0
0
0
2
0
2
0
0
0
0
0
2
6
0
4
2
4
1
2
4
11
2
4
6
0
2
7
2
2
0
6
4
0
6
0
6
4
2
0
6
2
2
1
2
2
2
5
2
2
3
4
9
1
2
4
0
2
7
2
3
4
2
0
1
4
8
2
1
7
4
2
2
0
17
6
4
0
4
4
2
2
6
0
2
2
2
1
10
0
1
0
4
4
4
11
8
0
4
6
3
4
0
3
2
9
4
0
2
4
0
4
2
4
3
9
2
2
0
2
4
0
2
2
2
4
6
6
7
13
4
11
0
2
0
5
2
0
0
2
4
11
2
16
2
2
0
4
8
0
23
2
7
8
2
7
0
2
2
4
5
9
2
4
8
8
2
2
2
5
3
2
9
0
2
2
0
10
5
8
8
2
1
2
6
5
8
2
5
4
2
0
6
3
2
0
6
5
3
2
2
4
2
4
2
0
9
6
2
4
4
2
2
8
3
4
0
0
12
0
2
7
0
2
2
2
2
2
34
2
2
5
4
4
6
4
4
2
0
4
2
7
10
0
2
3
2
4
4
0
9
5
4
6
4
2
5
0
2
5
0
2
2
0
2
4
2
2
2
2
2
2
2
2
4
2
4
8
2
2
8
0
4
2
2
2
4
0
0
0
2
2
2
2
2
0
2
0
6
6
2
6
4
12
23
8
8
8
4
4
64
2
87
2
6
8
4
2
8
12
4
41
8
13
68
14
4
8
4
0
62
4
52
4
4
64
2
6
64
10
18
2
4
4
17
2
2
8
8
6
59
6
4
2
2
10
14
6
53
8
2
6
10
6
2
8
4
12
4
6
37
8
6
8
4
8
18
8
8
48
2
0
2
6
8
8
6
2
51
2
6
6
4
4
2
4
59
10
10
6
34
8
6
2
4
4
6
8
6
4
6
6
25
6
2
6
49
2
6
40
4
6
36
12
8
45
8
10
6
0
8
79
4
2
55
9
25
0
8
8
38
2
8
4
4
14
4
2
25
29
2
15
9
21
54
6
12
7
6
4
19
42
2
6
4
8
20
10
16
64
4
10
27
11
2
6
4
7
20
14
4
6
4
4
7
12
2
34
3
4
8
10
6
2
31
12
3
16
43
7
4
40
6
2
57
4
14
64
9
4
2
4
6
4
4
8
8
18
29
4
19
8
24
2
46
15
42
31
2
7
32
30
20
24
8
11
8
6
6
5
47
3
31
22
23
18
37
23
10
26
4
38
4
34
10
2
17
40
4
30
42
19
11
6
8
29
44
7
14
13
16
2
29
7
3
32
43
2
6
29
2
28
13
6
17
19
17
2
48
2
1
2
0
0
3
2
0
0
2
0
0
4
0
2
2
2
3
2
2
4
0
2
0
2
2
0
0
0
3
2
0
0
0
0
2
0
2
0
2
3
2
0
2
0
0
0
0
2
2
2
2
0
0
0
0
2
2
0
2
0
2
2
0
2
2
4
2
2
2
2
0
0
2
2
2
2
0
2
0
2
0
0
2
0
0
2
0
2
2
2
2
2
2
22
2
2
2
0
2
0
2
0
0
2
2
2
2
2
2
2
2
3
2
2
2
0
2
2
0
4
2
3
2
2
2
0
4
4
2
2
4
2
0
2
0
2
2
2
0
2
2
2
2
2
2
2
0
4
0
2
2
4
2
0
2
2
2
2
0
4
0
4
0
0
2
2
0
2
38
2
0
3
0
4
4
0
2
2
0
2
0
2
2
0
0
0
3
4
0
0
2
2
40
0
4
2
2
0
2
0
0
2
2
0
0
0
2
2
0
0
2
2
0
4
0
2
2
0
3
0
0
0
2
3
0
0
2
2
4
45
2
2
3
2
2
0
2
3
3
0
2
2
2
2
2
0
2
0
1
2
2
0
1
0
0
2
2
0
0
1
0
3
0
2
2
2
2
4
3
2
2
4
2
0
2
0
2
2
2
0
2
2
4
2
2
3
2
