41
11
10
45
35
20
17
15
35
14
35
14
21
17
81
27
23
19
19
35
21
17
31
17
25
50
33
47
50
16
15
39
23
13
7
13
12
41
44
28
38
17
19
32
25
12
31
24
45
31
17
49
21
35
19
47
12
39
16
31
41
16
14
12
29
49
23
36
25
45
14
33
32
21
24
44
29
17
38
33
18
39
25
43
46
49
25
44
16
25
25
31
23
22
45
43
39
25
33
25
44
46
40
37
29
32
27
16
40
46
42
34
19
31
38
46
33
25
27
34
23
27
39
35
24
41
40
54
52
45
10
35
35
58
12
33
31
58
35
25
46
36
37
39
41
17
44
45
45
30
42
35
48
48
26
38
36
37
39
62
46
38
43
33
36
54
46
41
39
33
25
48
44
43
33
48
10
44
28
40
50
45
15
37
58
40
44
48
39
37
52
36
44
41
27
46
46
40
29
38
46
39
36
52
19
39
31
24
24
36
44
11
31
23
43
33
19
39
8
29
35
6
18
23
37
30
41
33
29
38
14
23
15
23
15
13
18
28
35
14
12
10
25
21
21
56
34
29
48
22
14
31
23
18
17
17
23
13
39
16
33
6
37
10
23
5
35
25
19
9
10
17
7
37
12
19
13
13
13
30
20
19
15
15
17
28
39
21
2
2
2
18
0
4
2
2
10
0
0
4
2
4
2
2
0
0
2
4
79
4
0
0
0
4
2
0
4
0
0
2
2
4
2
6
2
4
4
2
4
0
0
0
0
4
4
0
0
2
33
4
2
2
0
2
0
0
2
0
2
2
2
39
4
0
0
0
4
0
2
0
4
4
2
6
0
2
14
4
2
2
0
2
41
2
2
6
4
0
2
0
2
4
0
4
6
4
0
2
4
2
4
2
0
0
2
0
2
2
2
0
0
0
2
0
0
0
4
2
0
0
2
2
80
2
2
0
2
2
6
2
0
2
4
2
0
2
2
0
8
0
6
2
0
2
2
2
4
4
0
0
2
4
0
4
2
2
2
2
2
4
0
8
4
4
0
2
2
4
0
0
0
4
4
46
4
0
2
0
2
2
0
0
0
8
6
2
0
0
6
4
4
6
0
0
2
4
0
6
2
0
4
4
2
2
2
2
6
2
2
4
2
2
2
2
0
2
0
2
4
0
2
2
0
99
2
4
2
4
0
31
8
2
0
2
2
33
2
0
0
2
4
4
6
2
2
2
4
2
4
4
2
6
2
2
2
2
6
2
2
4
2
0
43
2
0
2
0
2
6
2
2
4
0
2
0
0
0
2
8
4
4
4
2
2
0
6
0
4
2
2
2
2
2
2
2
2
0
0
0
0
2
2
2
0
2
0
0
2
0
2
0
2
2
0
0
2
0
0
0
0
2
0
0
4
2
0
2
2
2
0
0
2
0
0
2
0
2
2
2
0
0
2
2
2
0
0
2
0
2
0
2
0
2
0
2
0
2
0
2
2
2
2
0
2
2
0
2
0
2
2
2
2
2
0
0
0
0
2
2
2
0
2
2
0
2
0
2
0
2
2
2
2
2
2
2
4
2
2
2
2
2
2
0
2
0
0
0
2
0
0
2
2
2
0
0
0
0
2
0
2
2
0
0
2
2
0
2
2
2
0
0
2
2
0
0
0
2
0
2
2
0
0
0
0
4
0
2
2
0
0
0
0
2
2
0
2
2
0
2
2
0
0
2
0
0
0
2
2
2
2
0
2
0
0
0
0
2
2
0
0
2
0
2
2
0
2
2
2
2
2
2
0
4
2
2
0
0
0
0
0
0
0
0
2
2
2
2
0
2
0
0
0
2
0
2
2
0
0
0
0
0
0
0
0
2
0
2
0
4
2
2
0
2
0
2
0
0
0
2
0
0
2
0
2
0
2
0
0
0
0
0
0
2
0
2
0
0
0
0
0
2
2
2
0
0
0
0
0
0
2
2
2
0
0
5
0
6
7
0
12
10
0
11
9
10
7
0
0
7
7
11
0
0
12
0
10
0
7
0
7
7
7
0
6
8
6
6
4
8
10
4
0
4
0
7
0
4
2
9
5
0
5
8
8
8
7
1
10
4
0
8
0
10
0
8
0
7
5
0
6
6
4
9
0
6
0
5
5
6
0
5
13
10
0
0
15
0
13
7
6
6
0
1
6
5
9
0
8
10
1
0
4
5
4
0
0
8
0
3
0
11
0
4
3
0
4
7
6
4
8
0
8
0
5
1
0
5
4
5
0
1
10
7
0
8
1
0
4
3
0
8
0
9
0
7
5
8
2
0
6
0
5
4
6
0
7
4
0
7
0
4
6
6
6
8
0
8
0
8
6
6
2
0
6
6
0
0
9
3
5
0
0
8
5
0
0
5
0
0
2
0
10
3
0
8
0
7
7
3
4
0
0
5
0
8
1
5
5
3
3
0
0
7
7
1
3
4
3
0
0
1
0
0
1
4
1
3
0
7
8
6
0
4
8
1
6
9
0
7
7
4
3
4
4
7
0
5
3
0
0
6
0
11
0
12
0
8
0
0
7
0
8
14
3
10
5
8
0
9
0
4
6
5
7
9
0
8
4
7
5
4
3
4
6
6
5
1
8
0
10
5
9
19
19
19
19
19
19
19
17
19
19
19
19
19
18
19
19
19
19
19
19
19
16
13
19
15
19
19
19
19
19
19
19
19
19
19
19
19
19
19
19
19
19
19
19
19
19
19
19
19
19
19
19
19
17
19
19
18
19
19
19
19
19
19
19
19
19
19
19
19
19
19
19
19
18
18
19
19
19
19
19
19
19
18
19
19
18
19
19
19
18
19
19
19
19
19
19
19
19
19
19
19
19
19
19
18
18
19
19
19
19
19
18
19
19
18
18
19
18
13
19
19
18
19
19
18
19
19
18
19
18
18
19
19
19
19
19
19
18
19
19
19
18
19
19
19
19
14
18
19
18
19
19
19
19
19
19
19
18
19
18
19
18
16
17
19
18
19
18
19
19
18
19
19
19
19
19
18
17
18
19
19
18
17
18
18
19
18
12
19
18
19
19
19
19
19
19
18
18
19
18
19
19
17
19
19
19
19
19
19
18
18
19
18
18
19
19
19
18
18
19
19
19
19
19
19
19
19
19
19
19
17
18
19
19
19
17
19
19
17
19
19
17
19
19
17
19
19
19
19
19
18
19
19
19
19
19
19
19
19
19
19
19
19
19
19
19
19
19
18
19
19
18
19
19
19
19
19
19
19
19
19
19
19
19
19
19
19
19
2
2
2
0
4
0
4
2
4
4
2
2
6
2
0
4
4
2
2
2
2
2
0
2
0
10
4
0
2
2
4
6
4
2
0
2
0
4
2
15
17
8
6
2
11
4
0
0
2
0
4
2
2
8
2
0
10
2
0
4
2
0
2
4
4
6
0
0
4
6
4
14
6
2
2
4
2
0
4
4
2
4
2
0
2
6
4
6
3
8
2
2
0
4
6
6
2
2
6
2
2
4
0
12
2
15
2
4
4
2
4
2
2
6
0
6
0
4
2
6
2
8
6
8
2
0
6
6
2
2
6
2
8
4
0
4
2
0
6
2
6
0
2
0
4
2
0
2
2
6
4
6
2
4
4
10
0
2
0
0
4
0
2
2
0
10
4
4
4
4
0
2
6
2
4
4
2
4
2
2
2
4
4
4
0
2
4
2
4
0
4
6
0
4
2
2
4
0
4
4
2
2
2
0
19
0
2
7
4
2
0
15
8
4
2
6
4
0
2
4
2
4
2
0
2
2
4
4
6
0
4
0
17
0
4
2
0
0
0
2
0
12
4
6
2
2
4
6
2
2
2
4
4
2
4
2
4
2
0
2
4
2
0
2
2
0
4
4
2
4
0
4
4
4
11
2
4
4
6
4
2
6
2
4
2
0
2
2
2
0
0
2
0
2
2
2
2
0
0
2
2
0
0
0
2
2
0
2
0
4
2
0
2
0
0
4
4
2
2
0
2
2
2
4
2
0
2
0
2
0
2
0
0
2
0
0
2
0
0
0
2
2
0
0
0
2
0
2
2
0
2
0
2
0
2
0
4
2
2
2
0
0
0
2
2
0
2
2
2
2
2
0
2
0
0
2
0
2
2
0
0
2
2
0
0
0
0
2
2
2
0
2
4
0
0
2
0
2
2
0
2
2
2
2
2
0
2
0
0
2
0
2
0
2
2
2
2
2
2
0
2
0
0
0
2
2
0
0
2
0
4
0
4
2
0
2
0
0
2
0
0
0
0
2
2
0
2
0
2
0
2
2
0
0
2
4
2
2
2
0
0
4
0
2
2
0
0
2
2
0
0
2
2
2
0
0
0
0
0
0
0
0
2
2
4
2
0
2
2
2
2
0
0
2
0
0
0
2
2
0
0
2
2
2
0
0
0
0
2
2
0
0
0
0
0
0
0
2
2
0
2
0
0
2
2
0
2
0
2
0
2
2
2
2
2
0
2
0
2
0
0
0
2
0
2
0
2
0
0
2
0
0
4
2
4
2
2
0
2
0
2
2
0
0
2
0
0
0
0
2
2
0
2
2
0
2
45
38
19
25
26
44
26
35
12
43
33
41
40
11
25
22
32
41
42
20
23
40
36
36
40
47
46
46
38
24
46
42
43
29
46
24
35
38
30
48
43
35
25
26
42
57
36
43
23
29
25
16
38
39
41
45
38
45
43
48
42
38
28
39
43
22
45
45
40
46
40
41
31
51
49
49
45
29
9
23
44
42
31
41
41
48
44
28
51
27
32
42
19
37
45
39
13
47
32
45
38
16
40
43
44
25
31
31
23
24
42
38
44
32
43
43
41
35
37
49
46
20
44
43
39
38
49
47
48
42
32
44
31
45
48
48
42
26
46
27
38
40
45
43
54
42
44
36
39
42
25
44
42
40
39
50
43
41
49
42
42
42
39
49
45
44
38
45
47
45
40
34
36
31
25
41
43
30
42
39
43
42
31
40
43
32
47
42
45
42
36
33
50
51
38
45
43
38
28
24
43
42
40
38
46
31
48
47
40
26
26
27
41
38
55
38
46
42
38
44
38
28
42
29
42
40
43
46
30
43
45
32
38
32
43
41
36
45
40
27
47
26
33
38
13
36
33
42
41
40
34
31
46
35
30
35
20
28
41
43
29
28
38
32
45
31
47
41
36
31
30
18
44
37
25
26
28
25
31
22
28
28
18
40
45
47
36
43
6
13
13
15
17
7
17
34
8
9
19
24
13
13
6
13
10
8
15
17
15
14
17
15
22
8
12
8
19
21
12
14
11
17
17
13
10
24
37
27
10
21
14
33
13
21
13
21
10
10
15
21
21
27
7
13
15
21
10
33
20
13
13
12
31
19
21
6
17
12
19
9
37
25
33
21
19
13
18
21
8
23
29
50
25
15
11
15
15
21
15
11
26
10
15
25
22
17
15
12
29
25
46
35
21
21
17
8
10
8
19
30
21
8
15
19
23
72
22
13
35
38
19
15
26
27
29
46
27
29
25
17
19
22
8
36
12
35
34
31
32
21
13
15
25
23
23
24
17
31
18
33
11
29
11
34
31
10
19
19
33
56
40
17
18
15
38
14
21
29
33
31
38
14
10
17
25
29
77
31
15
13
32
22
29
17
36
28
19
24
29
8
29
21
6
13
21
23
27
31
38
26
36
31
16
21
19
34
21
19
21
26
17
27
39
18
17
21
28
37
17
25
23
15
21
10
33
19
19
32
19
27
17
31
17
46
21
25
13
19
25
29
9
19
23
17
17
12
15
21
25
13
22
17
34
11
21
10
29
17
15
24
29
25
19
10
11
23
40
29
66
27
15
13
13
21
29
13
23
14
27
25
10
10
10
26
20
21
12
12
15
13
13
12
12
14
13
12
13
13
13
13
8
12
12
13
13
14
13
11
12
12
13
11
13
13
13
13
12
10
11
12
12
15
13
13
13
13
13
14
10
9
13
12
13
12
14
13
12
13
12
13
12
13
11
10
12
13
13
10
11
14
12
13
12
13
12
13
12
12
12
12
13
11
9
10
13
12
13
13
13
12
12
12
13
11
11
11
13
12
11
13
14
12
13
11
12
13
12
12
13
13
13
12
12
12
12
8
12
11
7
12
13
7
13
9
12
13
11
12
12
13
13
11
12
13
11
10
12
13
13
12
13
10
13
13
12
13
14
12
14
11
13
11
13
12
13
14
12
13
12
13
12
14
8
12
12
10
13
12
13
12
12
12
13
12
9
12
13
12
13
13
13
12
11
12
12
13
13
12
12
13
13
14
13
13
12
12
13
13
13
12
14
10
13
13
13
13
13
13
13
14
13
12
13
10
14
12
12
12
12
12
12
12
13
11
12
12
9
12
12
12
13
11
13
10
12
8
12
12
13
10
13
13
13
13
13
12
14
10
11
12
13
11
10
8
10
10
11
11
10
11
8
13
13
12
12
11
11
13
13
12
13
12
14
11
13
9
10
8
11
13
13
13
12
12
12
13
12
10
13
13
13
13
11
12
