50
0
28
29
43
74
34
64
59
52
75
42
85
72
27
58
62
60
33
65
67
75
48
72
77
36
65
69
49
75
64
63
65
56
77
63
87
89
65
0
0
72
38
53
36
48
63
29
93
53
61
29
29
75
66
46
37
19
79
42
93
50
72
66
69
67
17
29
95
29
82
72
33
91
65
63
75
44
63
25
38
60
37
25
80
71
63
23
68
65
66
58
16
69
45
77
84
67
72
69
67
34
13
47
65
29
76
72
73
82
22
57
66
56
64
67
37
63
74
0
84
71
21
57
65
57
62
32
34
50
33
71
80
65
67
47
63
61
51
34
71
29
70
38
88
58
55
58
40
55
50
52
50
59
19
55
54
12
69
49
43
80
19
66
12
52
63
76
85
73
57
75
64
50
56
61
46
9
67
86
73
54
51
36
57
66
64
29
29
71
57
73
57
69
25
51
40
44
59
59
86
45
68
66
17
18
59
53
69
42
29
60
71
30
67
55
48
85
58
53
40
21
66
59
86
38
44
28
65
19
40
72
27
28
67
31
52
63
88
80
33
30
56
53
11
15
58
53
40
53
82
75
44
30
44
48
22
27
30
43
23
71
73
83
76
42
9
48
60
61
65
75
31
63
85
34
90
89
50
29
47
0
54
22
68
76
0
50
0
8
10
8
4
8
12
11
10
4
4
2
0
0
4
6
8
17
4
8
7
8
2
7
0
4
6
2
6
12
4
6
6
10
4
0
8
4
10
4
6
8
17
12
6
14
15
23
5
6
23
4
12
13
13
6
8
8
13
6
4
7
6
4
0
15
13
12
17
19
25
6
4
17
10
6
8
6
13
17
6
12
19
4
10
21
8
6
16
17
6
11
11
4
4
12
10
10
6
17
8
10
10
17
12
17
13
21
15
17
13
12
19
9
4
21
23
4
11
10
21
13
15
11
15
15
10
15
12
17
10
19
12
19
25
10
11
21
25
17
17
9
10
19
6
29
23
10
10
23
12
10
23
15
6
8
11
4
13
17
38
15
19
6
14
15
23
21
19
11
15
19
36
13
13
6
4
31
8
14
23
13
6
9
8
8
8
12
10
6
8
13
6
9
12
29
8
19
10
8
10
9
4
23
10
25
8
15
17
36
10
17
12
8
15
10
29
19
26
25
15
15
17
12
9
11
23
13
9
19
15
10
6
28
15
12
9
13
7
8
29
13
8
11
10
13
17
17
11
22
8
12
7
25
4
17
6
21
10
4
4
4
12
15
8
6
12
2
6
2
6
4
11
4
2
2
10
4
8
2
6
6
4
12
8
10
12
8
26
24
54
54
17
60
8
25
47
47
61
39
55
14
15
16
30
15
48
17
45
12
51
14
17
35
21
31
23
47
59
32
35
24
63
39
55
18
62
70
25
23
8
34
48
60
8
25
17
17
20
25
15
27
19
19
27
39
26
50
58
54
7
15
58
31
43
25
34
25
61
17
44
28
52
55
26
35
18
36
25
56
60
15
24
34
19
44
17
17
6
22
26
17
50
42
58
51
7
25
41
58
39
11
40
59
45
26
40
56
37
51
72
32
63
57
32
55
52
52
49
17
55
26
25
57
38
33
34
30
65
66
63
65
15
67
64
19
31
51
56
55
68
68
72
71
70
55
62
47
67
24
6
36
8
8
33
23
25
33
24
23
62
35
69
17
73
27
67
66
31
66
25
51
56
32
41
32
63
64
40
66
55
42
15
56
16
27
43
63
49
65
45
72
34
65
25
10
10
28
69
64
48
62
64
41
33
43
65
22
75
26
58
25
51
9
50
37
68
35
42
36
42
14
30
34
33
29
45
7
24
16
59
52
65
63
48
50
50
56
55
41
67
29
39
56
66
8
62
41
23
34
23
41
23
58
17
15
8
31
3
29
8
8
7
3
8
40
12
1
3
8
1
13
11
14
10
17
6
11
20
25
4
6
14
7
3
1
26
0
9
0
21
8
8
0
24
7
13
0
12
0
7
0
13
0
0
0
21
14
0
0
6
14
0
0
19
0
13
0
17
0
0
0
46
1
18
0
11
17
0
0
32
6
11
0
22
0
11
0
14
0
22
0
11
0
29
0
14
0
17
0
9
7
8
0
0
9
21
0
9
4
14
0
0
8
14
0
0
13
6
0
0
16
9
0
0
33
12
0
0
2
14
0
0
14
24
0
0
23
17
0
0
20
24
22
0
5
3
5
0
16
0
8
0
9
0
7
0
0
0
0
15
5
30
0
0
0
0
0
27
0
0
0
0
16
9
15
0
0
0
0
0
0
0
0
0
8
23
0
8
0
0
0
0
0
7
8
0
6
0
8
8
0
20
16
0
0
0
14
0
13
0
0
0
0
0
0
0
0
16
0
0
0
0
0
0
0
0
6
0
15
0
18
0
6
0
6
0
0
3
25
0
0
4
7
0
8
6
25
0
0
13
7
0
1
8
10
0
10
18
14
0
16
28
18
0
7
15
23
0
26
4
16
0
17
17
34
0
0
17
17
0
0
7
8
0
0
13
13
31
0
24
22
0
0
18
25
17
0
8
18
23
8
25
30
0
0
5
12
0
0
8
24
0
0
15
15
0
0
10
15
0
0
15
6
4
4
3
3
1
5
5
3
3
1
1
1
3
3
1
3
4
4
3
1
5
4
4
4
4
6
3
1
3
5
8
3
3
3
3
3
4
3
3
2
3
3
3
1
5
1
4
6
4
0
3
6
3
5
5
10
8
1
11
3
3
3
3
3
1
4
8
1
0
1
0
0
4
1
4
1
7
1
1
3
1
6
4
4
5
6
2
5
5
3
3
1
1
3
5
1
0
4
4
3
3
4
1
1
3
3
4
1
6
0
4
5
0
1
4
2
1
3
3
1
1
4
3
3
1
3
4
6
2
6
10
3
1
1
4
3
1
5
3
2
3
4
3
5
1
3
8
1
6
3
6
3
1
0
11
1
6
1
3
3
3
3
1
1
1
5
6
4
4
6
3
3
1
3
2
5
3
3
4
1
6
1
1
3
4
1
1
3
0
2
6
3
5
1
4
3
1
1
4
2
4
1
4
3
1
3
5
3
3
1
0
5
1
1
6
2
3
0
5
3
3
5
5
3
5
1
6
1
0
3
3
3
6
1
6
8
3
7
4
1
1
5
3
3
3
3
3
5
5
1
1
2
6
3
0
3
6
5
1
6
8
3
1
3
3
3
3
3
3
3
6
1
5
0
5
5
4
3
1
5
6
4
3
3
1
3
4
6
2
8
2
4
0
2
2
0
0
0
2
0
2
2
0
2
4
6
0
0
0
4
2
2
2
2
4
2
0
63
2
2
0
0
2
0
4
2
0
0
0
2
0
6
0
2
34
2
4
0
0
2
2
0
2
2
12
2
4
6
0
6
6
2
0
2
2
0
6
2
2
0
2
2
2
2
0
4
4
2
2
11
2
0
4
2
2
0
0
2
2
0
0
0
4
0
2
4
0
8
4
2
6
0
6
2
4
2
4
8
4
0
0
4
0
0
0
2
4
0
6
2
0
0
4
0
4
0
0
0
4
0
2
2
0
0
6
0
4
2
0
35
0
0
4
2
6
0
4
0
0
2
50
0
4
0
0
2
4
6
65
0
0
5
0
0
2
0
92
4
2
82
0
2
2
2
4
0
6
0
0
2
2
4
4
0
6
0
2
0
0
7
12
0
0
4
0
2
7
0
0
2
0
0
2
0
0
0
2
4
2
4
4
2
0
4
2
2
11
0
0
4
2
0
42
4
0
2
0
4
0
0
0
0
0
11
4
2
48
0
0
2
2
2
0
2
85
0
0
2
2
0
2
0
0
4
2
4
2
0
2
0
0
2
0
0
2
2
0
0
0
2
0
4
8
0
0
41
4
2
6
0
0
2
0
2
0
2
6
7
7
5
4
9
9
4
4
5
5
7
6
4
4
4
0
6
2
4
6
7
8
7
7
4
7
9
7
6
4
7
6
4
6
4
6
5
7
4
4
32
7
4
9
2
8
6
9
7
9
5
5
11
7
6
4
4
7
6
11
7
5
7
9
9
17
13
11
7
7
6
9
7
20
7
11
16
9
2
7
2
9
4
4
6
4
4
17
11
7
6
6
6
6
11
11
9
9
5
6
10
11
7
4
9
4
6
5
11
6
7
2
6
15
6
7
6
4
7
6
2
4
4
6
6
7
6
7
9
5
6
13
5
4
4
4
4
4
2
7
7
7
6
9
4
6
4
5
13
11
6
9
5
9
4
9
7
6
15
9
7
15
11
7
4
7
6
6
11
11
11
4
5
7
9
7
4
11
11
11
9
7
5
6
4
7
9
4
16
9
8
2
5
11
7
9
15
6
9
2
11
11
6
11
6
11
6
9
5
7
4
6
13
13
17
8
7
6
5
9
7
6
6
11
2
9
6
9
7
11
11
7
13
7
11
11
5
6
2
8
9
9
4
7
11
7
4
6
31
6
13
11
11
13
9
7
6
4
2
4
7
4
15
9
6
9
2
4
6
30
6
6
2
8
9
7
13
2
4
4
6
6
7
9
7
4
6
48
36
36
32
48
47
44
41
44
46
33
32
32
31
44
43
30
47
45
45
45
85
47
37
59
26
32
25
35
44
32
45
44
31
28
44
34
40
46
33
42
48
45
45
45
33
20
37
34
29
30
30
30
39
32
43
44
39
19
41
45
35
43
32
24
35
41
44
50
31
34
41
34
29
48
30
44
31
48
43
42
36
41
47
44
35
41
33
41
37
45
45
46
43
44
40
30
31
46
23
30
37
33
46
56
39
47
45
44
50
38
25
26
43
43
45
38
43
33
33
40
31
44
31
33
32
33
34
43
48
37
34
30
33
46
33
31
41
40
48
29
43
20
33
30
35
32
28
35
47
26
44
41
41
24
43
39
37
43
40
24
44
32
75
33
31
24
33
43
33
29
31
31
32
45
47
25
34
33
38
26
29
30
45
32
33
53
45
45
39
32
31
45
31
27
31
33
46
45
31
43
34
33
37
34
33
37
31
32
43
32
46
37
47
31
42
43
30
42
31
29
44
31
25
46
32
33
38
48
33
45
32
32
37
41
45
45
43
35
31
28
36
28
30
41
42
44
37
33
45
48
45
31
29
45
34
31
45
46
39
39
45
45
46
46
27
49
33
35
30
47
38
47
46
47
39
41
28
30
35
24
48
47
36
34
39
25
28
4
2
1
4
2
1
5
7
5
2
4
4
3
4
3
4
2
2
4
4
5
2
2
5
1
2
0
2
2
3
2
5
5
3
4
4
4
4
6
3
2
0
5
7
6
2
5
5
4
7
2
2
33
0
4
6
4
0
2
29
39
4
3
2
5
2
7
0
4
6
0
4
4
3
2
0
5
2
4
3
3
4
2
1
4
2
0
6
0
2
2
2
4
4
0
3
7
2
0
6
4
2
0
6
4
0
2
2
0
2
4
2
5
2
4
0
4
2
2
4
4
2
4
0
3
5
2
0
1
3
2
6
2
4
5
2
5
2
2
7
0
2
4
4
4
0
4
5
4
4
2
4
4
4
2
7
39
3
5
1
2
7
4
4
3
19
5
4
4
4
3
5
1
19
2
0
1
4
2
7
4
2
2
7
4
5
4
5
4
2
3
19
0
3
4
2
4
2
0
2
7
5
3
41
3
0
6
3
2
4
0
3
2
5
4
7
0
6
4
4
4
2
4
0
0
2
2
0
2
2
5
0
2
2
1
0
0
2
2
5
4
4
4
2
3
5
6
2
2
3
0
0
0
19
3
4
4
3
6
2
5
0
0
4
1
0
2
3
35
4
3
19
0
3
1
0
5
4
5
2
0
19
4
2
2
3
5
6
4
2
4
11
6
6
4
2
8
4
7
0
5
2
6
2
4
2
9
2
4
5
4
0
6
4
16
0
4
0
2
2
2
10
2
2
5
2
0
2
2
6
4
4
2
3
0
2
0
8
5
13
9
2
0
8
2
6
7
8
3
6
4
5
6
6
3
8
9
4
4
0
5
2
3
5
5
4
2
0
4
10
3
18
4
0
3
2
4
5
5
8
8
6
5
4
3
0
5
13
4
5
2
5
2
5
2
2
0
0
0
0
2
4
0
4
4
2
0
2
2
4
3
0
2
2
8
2
4
2
0
4
0
4
10
2
6
2
2
0
8
3
3
8
2
6
7
4
4
2
0
6
0
2
4
4
2
3
0
7
8
2
2
2
6
2
7
6
2
0
9
3
5
3
4
4
4
0
9
7
0
1
2
0
8
2
2
2
5
0
2
0
6
5
2
2
0
4
4
0
2
0
4
15
2
4
5
0
4
6
4
4
0
2
2
6
0
2
0
0
0
7
0
0
2
2
3
2
4
4
4
0
8
2
6
0
8
2
0
2
0
9
2
6
2
0
0
2
2
6
8
4
2
6
2
4
6
2
2
0
4
0
2
2
7
0
2
6
6
2
6
0
0
2
2
2
0
0
2
2
2
2
9
0
4
0
2
2
