30
34
70
89
66
80
84
74
66
57
93
81
39
46
75
35
42
43
60
15
49
9
79
80
28
64
72
74
89
66
68
40
78
58
30
11
38
25
75
79
19
68
75
41
70
38
24
28
40
66
74
62
42
51
72
57
80
78
32
18
34
74
80
74
87
95
73
71
77
35
72
21
43
38
68
83
28
59
81
80
68
9
21
28
28
73
50
89
76
47
6
66
48
45
9
28
32
85
77
57
19
34
45
51
57
43
2
61
66
77
0
68
24
68
38
66
82
17
19
23
35
30
72
68
53
46
37
66
48
30
7
17
9
69
77
19
38
70
47
59
53
95
63
9
26
25
9
29
9
60
49
49
68
64
10
93
80
24
96
61
47
57
85
75
72
93
19
26
19
28
78
81
89
71
81
89
91
19
28
39
10
9
40
49
85
38
82
53
38
0
38
80
65
74
36
79
45
60
60
50
58
68
28
18
41
28
46
70
61
87
77
44
49
41
4
0
73
33
72
83
24
55
65
78
53
24
32
18
74
87
77
38
84
74
85
35
9
19
58
9
15
72
38
70
42
91
47
30
91
19
19
83
26
85
69
19
30
53
86
55
74
53
60
46
57
68
74
33
62
80
89
66
57
9
8
35
40
41
79
0
86
42
74
83
61
0
36
28
6
2
2
6
4
4
6
2
4
0
6
2
2
0
4
4
6
10
0
3
0
2
6
6
2
6
0
2
4
0
4
8
4
2
2
4
2
2
4
2
6
10
6
2
7
7
7
9
8
6
2
6
22
4
4
4
0
4
6
2
8
12
0
4
4
4
6
10
4
6
8
6
4
6
6
6
6
8
12
4
11
4
6
13
13
8
12
10
9
8
6
10
11
10
10
11
15
9
6
13
8
8
11
12
13
11
14
13
17
10
6
10
8
9
11
6
10
8
2
15
19
6
10
0
17
8
13
8
13
21
12
6
8
10
11
17
6
6
8
15
3
9
4
11
11
8
40
8
20
10
2
23
10
11
13
15
15
10
6
6
17
10
0
4
11
10
11
8
9
11
13
6
4
12
0
16
21
16
6
13
10
11
13
11
8
11
8
3
17
11
4
13
11
9
8
13
13
15
23
13
20
13
6
15
11
8
12
9
13
9
0
11
13
4
15
10
40
7
6
10
21
2
8
12
8
6
6
6
4
2
10
12
6
4
8
6
10
10
10
15
13
13
11
6
6
8
56
10
10
2
12
8
6
4
8
4
2
6
10
6
4
6
6
8
4
8
4
2
8
4
10
2
10
4
6
8
5
4
8
2
4
7
4
4
9
2
8
5
11
18
12
8
15
31
17
6
12
11
1
13
9
24
11
6
13
1
22
28
16
21
11
9
4
8
10
14
6
2
14
6
4
26
3
5
7
11
4
11
7
3
12
9
12
9
14
9
8
9
12
17
7
17
12
7
7
11
21
13
11
3
22
18
25
7
22
14
0
21
9
3
13
11
7
8
17
9
15
11
6
16
11
21
4
12
20
6
19
5
9
10
5
7
14
10
4
11
11
8
10
19
16
31
39
15
37
19
12
20
18
19
14
26
7
9
19
22
14
45
13
4
1
5
55
0
5
6
31
25
10
2
12
21
20
27
15
5
5
4
12
3
5
16
3
0
3
1
9
1
3
3
6
3
2
15
19
22
15
25
12
35
69
8
52
1
6
3
66
1
29
5
3
1
3
1
3
3
1
1
3
3
1
0
5
47
3
4
7
1
1
0
3
0
1
13
3
1
0
1
25
1
3
1
12
0
0
0
1
1
3
1
3
0
1
0
3
10
1
0
1
1
0
0
8
3
3
1
3
1
4
1
1
6
1
3
3
1
3
3
14
1
3
0
1
0
1
3
5
6
0
1
1
3
19
21
20
9
13
21
16
11
22
15
24
17
12
17
20
4
32
7
5
16
10
18
24
12
3
12
18
10
4
0
16
15
8
11
21
27
32
31
26
19
17
16
15
27
17
19
17
17
32
8
17
14
19
20
27
26
11
16
11
29
42
17
34
13
25
11
7
31
33
20
15
3
23
20
22
26
11
49
8
37
31
14
16
28
22
18
23
31
26
24
14
28
24
26
13
16
22
23
38
25
15
12
17
19
27
11
14
40
30
16
18
5
29
15
16
10
37
17
17
19
17
17
15
20
27
7
35
25
10
11
17
17
9
8
15
12
39
19
16
37
11
23
20
9
19
34
27
19
25
38
22
22
20
24
32
14
9
13
31
17
15
34
18
22
34
40
39
42
33
40
28
40
22
50
26
23
31
10
21
17
9
39
17
21
35
30
26
43
37
22
18
22
32
37
40
16
22
22
27
33
33
22
32
28
18
42
19
24
34
26
26
33
26
18
24
32
21
39
26
25
24
40
27
36
32
14
20
29
27
19
14
20
21
31
35
20
17
31
32
32
31
22
10
22
23
31
32
12
39
33
21
38
28
17
21
33
28
13
20
14
29
25
25
26
28
22
16
8
7
10
15
18
18
31
28
26
23
22
13
19
16
16
23
14
21
6
21
30
19
22
18
5
13
19
6
23
9
17
8
17
10
27
22
24
23
30
26
29
17
18
20
36
27
20
15
12
14
26
17
11
20
33
4
4
4
2
4
2
2
2
4
4
4
2
4
6
2
6
2
2
8
6
2
10
8
2
6
2
6
2
6
4
6
4
4
0
6
4
4
4
6
2
2
6
4
2
6
2
4
4
4
2
4
2
4
8
4
4
2
8
6
4
2
0
4
4
4
4
12
2
6
2
2
0
2
4
4
2
2
2
2
6
10
4
2
4
6
6
6
12
10
12
6
8
6
4
8
6
4
2
2
6
8
8
6
4
8
8
10
10
4
10
10
4
4
12
2
6
4
6
4
4
4
10
6
4
12
13
6
6
4
15
8
4
12
2
10
6
6
8
4
4
8
6
8
4
8
8
10
11
4
6
4
4
2
4
8
2
6
2
6
6
2
8
4
2
4
8
6
10
2
4
6
2
10
6
6
17
4
6
4
4
2
4
6
4
4
2
4
4
4
2
10
2
4
10
4
6
4
2
4
4
2
4
0
6
2
8
10
8
6
0
6
10
4
10
6
8
6
4
4
4
4
2
2
2
2
2
6
2
8
12
4
2
2
4
2
2
8
4
6
6
6
87
10
2
4
2
2
6
2
6
2
8
6
6
6
6
2
4
2
4
4
12
6
4
2
6
4
10
2
8
6
6
6
4
4
10
10
8
2
4
4
4
2
4
8
4
6
13
15
19
14
15
10
18
16
14
22
26
18
16
16
22
24
13
20
13
14
16
20
15
14
21
16
17
14
14
15
54
14
11
23
15
16
13
14
15
14
10
14
15
13
12
24
17
15
17
25
19
11
9
11
17
28
15
14
20
17
17
15
26
26
10
13
12
35
31
20
13
23
34
14
22
19
13
12
20
20
23
18
14
24
27
12
12
13
25
16
15
13
27
16
16
34
26
19
39
19
16
33
17
22
36
20
27
16
41
19
12
17
17
20
23
20
72
22
28
18
59
13
18
12
9
21
45
19
23
26
19
30
23
13
16
13
11
42
13
22
17
22
18
15
22
19
14
12
16
39
7
11
16
23
22
22
35
28
15
9
16
17
20
17
22
20
54
24
24
13
19
48
15
51
23
18
14
16
34
27
26
23
26
15
15
15
22
18
32
27
19
23
49
21
37
12
12
16
23
19
38
17
18
29
15
18
21
18
14
38
22
18
29
23
22
38
34
24
12
12
19
15
21
23
13
28
23
14
17
32
20
22
16
18
10
25
16
35
19
22
19
25
13
19
12
18
30
19
28
25
14
21
19
41
21
14
14
45
24
26
18
30
16
18
16
24
16
14
26
42
39
18
19
31
15
20
48
38
24
13
23
26
17
20
21
18
19
22
33
4
2
2
2
7
4
2
2
0
2
4
2
2
2
0
2
0
2
2
0
0
4
2
0
6
0
2
0
6
0
0
2
6
3
6
0
2
0
4
0
2
2
0
2
0
2
0
0
2
2
2
0
6
0
2
2
2
0
2
2
0
2
0
0
0
4
0
2
4
0
2
1
4
0
0
4
0
0
0
2
0
0
2
2
0
3
0
2
2
0
6
0
0
2
0
2
0
2
0
2
0
0
2
0
0
2
0
0
2
0
2
4
0
2
4
2
4
6
2
2
2
3
0
0
11
0
2
2
0
0
0
4
2
0
2
2
2
2
4
4
2
0
2
2
4
4
6
4
2
0
0
2
0
2
0
4
0
2
4
0
2
2
2
0
0
6
2
0
0
0
0
2
2
2
4
4
2
0
0
0
2
4
0
2
0
2
0
4
2
4
0
0
0
4
4
2
0
0
0
0
2
4
0
2
0
0
0
2
2
0
0
0
2
2
0
2
2
0
2
0
2
0
2
0
0
2
4
2
2
0
0
4
0
2
2
4
0
0
0
0
1
2
2
2
0
2
0
0
2
2
2
2
2
0
2
2
2
0
0
2
0
2
2
4
4
0
0
0
0
0
2
0
2
2
2
2
0
2
0
0
4
0
2
0
0
6
0
6
15
13
12
8
6
6
8
8
12
10
12
6
12
10
10
10
10
12
6
12
12
12
8
21
8
15
14
8
16
19
12
14
8
10
4
29
8
16
14
14
14
6
16
12
17
12
16
14
23
8
12
15
17
12
17
17
12
17
14
12
13
14
10
15
14
10
15
17
10
31
12
12
19
16
17
21
14
10
10
19
14
14
10
21
21
12
8
8
23
12
19
12
10
17
21
14
17
14
10
15
12
23
12
21
14
8
14
15
14
19
14
15
23
12
15
19
14
19
25
10
25
8
17
12
10
10
19
17
14
23
31
12
12
17
19
27
14
14
27
19
19
12
6
17
14
8
19
4
12
6
21
10
23
10
6
27
15
21
17
25
10
21
10
15
21
15
8
13
12
15
12
16
10
14
10
8
23
23
17
10
35
17
12
15
14
12
25
23
29
10
17
17
33
23
23
17
21
16
29
17
27
25
12
19
43
16
15
14
16
33
19
10
25
16
27
16
23
21
10
10
12
14
11
12
19
23
37
16
21
23
25
29
33
17
4
14
23
23
10
14
19
12
17
17
35
10
29
21
10
4
25
17
8
14
6
19
8
10
10
10
12
8
16
19
23
21
10
10
72
6
19
21
14
35
19
16
12
12
21
2
14
6
8
19
16
12
19
12
5
3
5
4
2
0
2
5
4
2
8
2
4
2
2
2
7
2
21
5
6
8
4
6
6
8
2
4
2
4
4
4
3
0
4
0
4
4
0
0
4
2
4
2
0
4
4
4
4
4
6
3
6
0
7
4
2
2
0
4
4
4
6
2
2
2
7
0
4
0
9
4
3
4
6
5
6
19
2
6
17
5
6
13
3
2
6
2
0
4
7
2
4
9
2
2
21
2
0
2
15
4
2
8
5
0
4
4
4
4
2
4
0
2
4
2
6
6
6
0
4
6
4
2
2
2
4
19
2
6
2
2
7
8
0
4
0
2
2
2
0
4
19
4
2
0
5
2
0
6
4
21
3
2
2
6
0
2
5
4
6
3
4
0
4
2
4
0
9
2
6
5
4
4
9
9
4
5
5
5
6
9
5
2
17
4
0
4
0
4
7
0
4
2
6
4
4
19
6
4
5
4
5
6
4
0
2
6
2
7
3
3
2
2
7
4
2
4
27
2
6
7
27
4
4
2
4
6
2
17
6
4
6
2
0
2
2
6
2
29
6
4
6
0
2
5
3
3
2
4
2
4
4
4
2
2
0
19
2
2
4
4
0
2
0
3
6
4
0
2
2
4
4
2
4
7
5
6
17
0
2
2
7
4
3
0
2
2
0
7
5
1
1
3
1
4
5
1
0
0
5
7
0
3
3
2
5
2
2
2
0
0
4
0
15
1
1
5
1
0
3
2
21
2
4
0
3
0
1
2
1
1
5
4
2
0
6
1
5
2
2
1
4
3
3
0
0
0
6
17
5
0
2
0
4
4
2
3
2
1
0
0
1
1
1
9
3
1
3
3
5
3
0
1
2
1
1
2
4
5
3
1
1
0
1
5
0
1
5
4
2
5
3
3
6
0
3
5
4
1
0
3
5
1
4
3
0
5
5
5
1
4
2
11
2
3
9
0
4
6
3
6
0
4
2
2
0
4
11
0
4
2
5
1
11
3
4
2
5
3
11
7
5
1
5
1
1
3
15
5
3
5
3
3
0
3
1
3
2
4
2
2
3
1
0
3
4
0
3
0
1
0
2
5
5
2
4
2
1
0
1
5
5
2
1
2
3
0
2
3
4
9
11
0
0
9
2
1
1
5
3
2
3
2
7
4
3
2
1
3
0
1
0
4
1
1
15
3
0
4
5
3
0
3
1
9
7
0
5
0
0
2
3
7
0
3
7
11
1
1
5
3
1
7
1
1
6
1
3
2
0
2
0
1
1
3
1
3
5
1
13
2
5
1
3
3
3
7
0
0
0
17
5
1
1
3
