8
0
0
0
2
2
0
2
2
4
2
2
2
0
0
0
2
0
4
2
0
0
2
4
2
4
4
0
4
0
9
0
2
2
4
0
0
0
0
0
4
0
0
2
2
11
0
2
13
4
4
0
2
2
2
0
4
0
0
2
2
0
0
4
2
4
2
4
2
2
2
2
2
0
0
0
0
2
15
4
2
2
2
2
4
0
4
2
4
0
0
0
0
0
0
0
2
4
0
6
0
4
2
4
2
6
2
2
0
2
2
2
4
0
2
6
2
0
4
6
1
2
2
4
2
11
2
4
21
7
4
3
6
3
4
0
4
4
2
0
0
0
2
0
2
0
5
0
2
2
2
2
0
2
2
0
0
2
0
5
2
0
0
0
0
2
0
0
2
0
1
0
0
0
2
2
0
0
2
0
2
0
2
2
4
3
2
2
0
2
2
0
0
2
4
0
4
2
2
3
6
0
0
0
13
2
4
2
2
0
2
2
2
0
0
0
4
0
7
0
0
4
0
0
4
0
4
2
11
2
6
4
0
4
2
0
0
2
2
6
2
2
9
8
0
2
0
0
0
2
2
4
0
0
2
2
0
0
0
2
2
2
8
0
0
4
0
4
11
2
0
2
4
2
0
2
0
0
3
2
0
0
2
4
3
2
5
2
2
2
2
2
2
4
4
2
2
2
4
4
2
0
4
0
4
5
4
4
2
0
2
19
0
4
4
0
15
0
6
0
0
4
4
2
2
2
45
2
6
2
4
0
2
4
0
6
4
4
2
6
2
4
2
2
2
2
19
0
2
6
2
2
6
4
4
0
9
4
2
4
6
4
6
4
4
2
4
2
4
0
2
6
2
2
2
6
42
0
2
10
2
40
4
6
2
40
4
4
2
4
4
2
6
2
4
2
4
4
2
2
0
2
2
4
2
6
4
0
0
2
2
38
19
15
2
6
2
44
4
2
2
2
31
4
9
4
2
4
2
2
19
17
4
2
8
6
0
24
4
2
4
2
4
2
0
4
4
4
2
2
39
4
2
2
0
2
4
2
0
4
6
2
4
0
2
2
2
2
8
4
2
0
0
4
2
4
2
2
6
4
4
2
4
6
8
38
4
6
4
13
6
2
2
8
2
2
4
2
6
0
8
0
0
2
0
4
2
0
2
4
4
2
2
48
4
4
2
4
0
15
2
4
4
2
2
0
2
2
0
34
2
0
4
4
2
0
0
2
4
2
2
2
4
2
4
0
38
2
2
2
6
2
4
37
4
8
6
2
2
4
4
6
6
2
2
0
2
2
2
2
2
2
0
2
6
4
5
3
1
1
26
1
1
3
3
1
1
0
1
0
3
1
1
1
1
1
1
3
0
1
1
1
1
1
3
0
0
1
1
1
3
1
1
0
0
0
0
1
1
3
1
1
3
1
3
1
1
3
0
0
0
0
0
1
1
0
0
1
1
0
0
1
0
1
1
0
0
1
0
0
1
7
0
1
0
3
0
0
1
0
0
0
0
0
1
0
1
0
1
1
0
0
1
1
1
0
1
0
1
0
0
0
0
0
1
0
5
0
0
3
0
0
0
3
0
0
0
1
0
0
1
0
0
1
0
0
1
1
1
0
0
0
3
1
1
3
0
0
5
0
1
0
1
0
0
3
1
1
0
3
1
1
1
0
0
1
1
0
3
0
1
0
0
0
0
0
0
0
1
0
0
3
0
1
1
0
0
0
0
0
0
1
0
0
0
0
1
3
0
1
0
3
0
0
1
1
1
0
0
1
1
0
0
0
1
0
0
3
0
0
1
3
1
3
1
3
1
3
3
0
0
3
0
1
1
29
0
0
1
0
0
0
0
1
1
0
1
0
0
0
0
0
3
0
0
0
0
0
0
1
0
1
3
1
1
3
5
0
0
0
3
0
3
3
1
0
0
0
0
0
3
1
1
0
0
0
1
1
1
1
0
1
1
0
8
2
4
2
6
4
0
2
6
0
2
0
6
0
4
0
4
0
12
0
4
0
2
0
8
0
6
0
10
2
6
0
14
0
4
0
4
2
2
0
2
6
4
0
8
0
12
4
4
0
10
0
8
0
8
8
8
0
4
0
2
0
6
0
2
2
4
0
6
0
6
0
4
4
8
0
8
0
4
0
0
6
6
0
0
4
4
0
0
4
8
0
0
4
6
0
0
10
10
0
0
4
4
0
0
4
10
0
0
10
14
8
0
6
4
0
0
8
6
0
0
0
0
0
2
6
6
0
0
14
2
0
8
4
0
0
8
0
0
0
0
0
0
0
0
0
0
0
0
0
6
4
0
0
0
0
4
0
4
4
0
0
6
0
8
6
0
4
4
6
8
0
8
10
0
0
0
0
0
0
0
0
4
0
0
0
0
0
0
0
0
0
0
4
0
6
0
4
0
4
0
4
0
4
0
4
0
6
0
4
0
8
0
4
0
2
0
6
0
2
0
2
10
2
0
0
8
2
0
0
10
8
0
6
6
2
0
0
0
14
6
4
0
4
4
0
8
10
4
4
8
8
10
0
4
8
0
0
2
0
2
0
14
10
0
0
0
16
8
0
0
14
10
0
0
4
8
0
2
8
4
0
2
0
6
0
8
0
0
4
0
4
2
4
2
2
4
4
4
2
2
2
4
4
2
0
0
2
0
4
0
4
4
2
2
2
2
2
0
4
2
0
4
4
0
0
4
0
4
0
6
0
0
4
2
4
2
0
4
6
6
0
2
2
4
4
2
0
0
4
2
0
2
2
2
2
4
4
4
8
2
2
2
4
2
8
2
2
4
2
2
2
2
2
0
2
4
0
4
4
2
0
4
0
4
6
2
4
2
4
2
2
0
2
2
2
2
6
2
2
2
4
4
2
2
4
4
0
2
2
4
0
4
4
4
0
0
4
6
2
4
2
2
6
4
6
2
2
0
6
4
6
2
2
4
2
2
2
0
0
6
6
2
2
6
6
2
2
0
8
4
2
0
4
2
4
4
0
2
4
0
0
2
2
2
2
0
0
0
6
2
4
4
4
2
0
4
2
2
2
0
6
0
2
0
4
2
2
2
6
2
2
0
0
4
2
6
4
0
2
0
2
4
2
2
6
4
0
4
0
0
6
4
2
4
4
0
2
0
4
4
2
0
0
2
4
4
4
4
2
2
4
2
2
0
4
2
2
0
2
2
0
2
0
6
0
2
4
2
0
0
4
4
4
2
0
0
0
0
4
0
4
0
4
6
4
6
6
2
4
2
2
2
2
2
0
2
4
4
3
36
2
28
24
2
10
29
7
8
7
28
18
19
29
4
6
4
6
2
10
20
4
4
34
14
30
32
4
4
6
2
8
4
5
6
16
6
50
22
9
5
34
8
8
28
28
3
52
27
4
2
26
4
4
15
2
4
33
6
28
49
21
4
4
2
5
6
2
6
24
30
25
25
36
6
2
4
4
30
10
6
40
5
9
39
25
2
13
11
5
30
11
7
20
19
15
29
24
10
5
11
31
4
26
7
39
24
26
4
29
11
9
8
45
7
5
18
36
11
47
11
7
4
22
6
6
2
3
12
38
7
51
24
4
9
29
6
5
6
10
45
7
15
40
4
9
9
4
6
12
36
3
2
6
11
8
12
33
7
6
41
6
6
32
4
35
40
10
11
7
7
11
26
4
7
42
4
9
40
26
7
22
2
4
9
4
6
20
5
6
27
4
2
10
3
6
43
2
2
6
2
5
40
6
8
34
2
8
33
4
2
6
7
4
6
4
2
10
40
8
4
30
0
6
24
2
4
8
6
8
0
36
2
4
33
6
4
42
0
6
8
11
2
54
2
8
43
7
21
10
28
2
6
29
6
2
51
12
4
8
0
2
2
11
2
18
4
0
6
25
4
2
4
4
2
4
6
6
20
4
3
20
4
4
15
17
10
12
11
25
13
12
8
12
13
8
15
10
12
15
8
10
10
8
8
6
6
13
8
13
12
10
17
6
15
15
19
12
13
17
13
17
10
10
13
13
19
10
8
6
12
25
25
19
8
12
8
6
21
12
12
6
13
13
8
23
13
21
27
10
8
12
19
12
12
25
19
13
8
17
12
12
13
10
11
15
21
12
10
8
10
21
17
19
19
10
25
12
23
15
19
12
23
23
21
29
19
21
6
19
13
12
13
21
33
8
19
8
12
17
6
10
25
12
29
10
13
21
19
15
17
17
13
25
35
25
29
15
33
15
17
13
12
17
31
17
21
23
21
33
17
13
10
10
23
13
19
25
15
35
10
29
15
12
13
12
8
31
10
12
27
13
4
12
8
23
12
37
8
12
15
8
27
29
12
15
10
15
19
6
31
21
10
13
31
12
8
8
6
13
8
8
27
15
8
8
27
10
21
13
31
10
6
10
36
10
23
10
14
21
10
10
15
8
6
15
8
4
10
10
6
14
6
8
6
4
10
46
25
23
15
12
21
23
10
17
8
4
4
8
13
4
10
4
12
8
2
10
13
6
8
4
2
4
17
8
14
12
6
6
8
13
10
6
12
6
39
15
4
12
4
6
6
10
17
10
13
13
12
10
23
15
8
4
8
4
13
39
39
5
4
9
8
4
6
6
11
6
4
5
5
6
6
44
7
4
6
9
36
6
4
6
4
0
4
41
8
8
2
2
36
8
6
11
33
32
25
48
37
1
4
43
5
4
8
5
26
32
8
28
16
2
8
50
35
4
2
6
47
10
7
6
6
4
4
56
31
6
35
21
26
6
27
6
10
6
9
5
7
44
30
57
3
7
27
6
11
31
5
50
11
2
25
43
44
3
5
35
10
5
6
5
12
29
11
24
4
38
8
13
16
8
10
20
46
13
8
8
19
8
4
11
26
6
7
10
10
12
21
4
6
28
4
12
22
7
5
6
8
15
8
7
10
9
6
11
5
5
5
20
29
60
7
5
9
40
9
8
9
2
11
40
9
39
5
22
7
21
7
3
9
10
4
18
28
13
28
4
13
7
7
5
24
5
15
29
11
13
38
25
11
23
58
7
26
72
31
47
9
5
33
11
11
32
24
15
25
71
15
11
7
32
3
10
11
9
26
5
20
10
9
10
14
11
7
31
40
6
12
9
9
4
7
27
73
10
9
11
35
13
11
12
14
7
34
12
7
10
9
8
16
12
9
7
36
56
12
9
34
46
19
28
35
73
51
14
18
18
14
44
11
16
9
13
14
19
11
38
5
11
4
2
6
2
4
4
0
2
6
4
4
0
2
2
2
2
2
6
2
2
4
0
6
4
4
0
2
4
4
6
2
2
2
4
4
0
2
6
0
4
2
4
2
2
2
4
0
4
4
2
2
2
0
2
4
6
6
4
2
6
6
0
4
4
2
2
2
4
6
2
2
4
4
0
0
0
4
0
2
2
4
0
4
4
4
0
2
4
4
2
4
6
0
4
2
2
4
4
2
0
2
2
4
0
2
6
2
0
2
0
2
2
2
0
4
0
0
2
4
6
4
4
4
0
8
4
2
4
4
4
4
2
4
6
4
2
0
4
4
0
2
6
2
4
10
0
0
2
0
4
4
2
2
4
6
4
2
2
6
2
0
4
4
4
2
2
4
2
6
4
2
2
0
6
2
0
2
6
4
2
6
2
2
0
4
4
0
4
4
2
2
2
0
2
0
4
6
0
8
4
2
4
2
4
0
4
2
2
4
0
4
2
4
2
0
4
0
2
0
2
0
2
4
6
6
4
2
6
2
2
0
4
0
4
4
8
6
4
2
6
4
2
2
6
2
8
6
6
4
0
2
2
4
6
4
8
4
6
4
2
2
2
2
4
2
2
6
0
4
4
4
2
6
2
2
4
2
4
2
2
2
2
0
2
4
0
2
2
20
37
21
23
51
33
30
14
27
20
28
23
32
24
31
22
30
25
27
30
24
19
34
20
26
22
31
22
24
37
32
29
32
26
24
24
32
26
27
30
25
25
20
16
19
18
26
30
20
26
19
21
29
28
27
30
19
10
23
21
25
21
35
26
28
19
23
22
26
26
33
37
39
18
29
77
25
30
22
21
32
25
23
20
32
13
30
21
27
16
22
17
31
17
20
27
17
29
16
26
20
11
36
21
34
38
33
15
20
30
28
37
23
81
19
22
22
21
13
28
26
29
24
18
21
25
22
14
19
24
18
28
18
25
24
34
31
30
34
23
26
45
27
20
25
20
18
21
16
18
18
22
18
34
20
15
25
20
37
17
22
17
21
20
20
20
23
20
20
24
29
21
25
31
22
29
20
22
22
23
40
28
16
9
22
26
20
17
48
33
34
35
21
31
26
47
24
17
23
18
34
18
18
28
22
27
30
15
37
41
36
33
24
28
32
21
33
24
14
21
25
31
28
18
21
16
15
24
28
19
30
26
22
21
15
29
21
17
18
15
27
48
15
17
27
29
27
22
25
18
16
27
27
11
13
20
19
14
27
22
18
15
22
13
20
14
26
15
20
18
13
25
15
20
20
20
20
31
23
14
24
23
27
22
22
23
19
22
