1
5
1
0
0
3
0
1
0
1
1
0
0
1
6
0
0
2
3
6
0
0
0
1
0
3
0
1
1
0
1
10
1
14
1
7
0
3
1
3
1
0
1
0
0
7
0
0
3
1
3
3
1
1
1
1
3
1
3
3
0
0
3
9
0
1
5
1
0
5
1
1
0
0
3
1
1
1
1
9
12
3
1
1
5
3
3
1
1
1
1
12
1
1
7
1
3
7
1
0
5
9
3
5
0
3
1
1
5
1
1
3
1
3
1
1
1
1
1
5
5
0
1
3
5
11
19
1
0
0
1
3
26
3
1
3
3
12
1
0
0
3
1
3
1
1
0
5
1
5
1
7
1
5
3
0
0
0
1
3
0
1
29
0
1
12
1
3
1
0
0
1
5
0
5
3
1
1
0
0
3
3
3
0
0
1
0
1
1
0
13
1
0
1
1
1
6
1
1
3
0
0
1
20
1
0
5
0
0
0
1
0
0
1
1
1
7
6
0
0
0
9
1
0
5
3
1
1
1
1
3
1
1
0
1
3
0
3
1
3
1
5
1
29
0
1
1
3
3
0
7
1
0
0
1
0
0
1
1
1
5
0
9
0
3
0
5
7
1
3
1
1
1
3
0
3
0
1
1
7
0
0
1
1
1
1
1
3
1
2
2
2
2
0
0
0
2
1
0
0
1
0
0
0
1
3
0
2
1
0
1
4
3
2
1
7
1
1
2
0
3
3
2
2
0
4
1
0
0
2
1
0
2
2
3
1
0
3
1
3
0
0
0
0
2
4
0
1
2
1
3
1
0
2
1
1
6
1
0
3
0
1
0
1
3
0
0
2
1
0
1
2
0
1
4
9
1
1
1
2
1
1
1
1
1
0
0
1
0
5
2
1
0
2
0
1
0
2
5
3
3
5
0
2
1
2
0
0
0
0
1
2
1
0
2
0
0
2
1
2
0
4
1
1
0
3
1
0
2
3
0
1
1
0
0
1
1
0
0
2
0
0
1
1
0
2
0
0
2
0
3
1
0
2
1
2
0
0
3
1
2
1
0
1
1
1
1
1
1
0
0
1
1
0
1
1
0
5
0
2
1
1
1
1
1
0
0
2
1
1
4
3
0
2
1
0
0
2
0
1
1
0
0
3
2
0
3
1
0
0
0
2
0
1
1
0
0
0
0
0
0
1
0
0
1
0
0
1
0
0
0
0
5
0
0
0
0
0
0
1
0
1
2
0
0
3
1
0
0
0
2
1
0
0
0
1
0
0
0
2
0
0
0
0
0
1
1
3
1
3
0
1
0
0
0
0
2
0
4
4
0
2
6
0
4
0
4
2
2
4
2
2
0
2
0
0
0
4
0
4
2
0
0
4
4
4
0
2
4
2
0
0
4
0
0
8
4
2
0
0
0
2
0
0
4
2
0
2
0
2
0
0
4
0
0
4
2
4
0
0
2
4
0
4
2
0
0
0
2
4
0
0
0
0
4
4
0
0
2
2
2
2
0
0
0
2
0
6
2
0
0
2
2
0
2
6
0
4
2
4
4
0
4
0
0
2
2
0
2
2
2
6
2
2
2
0
4
2
2
2
6
4
0
2
4
4
2
2
2
2
6
4
3
4
0
2
0
0
0
2
2
2
2
0
4
6
2
2
2
2
2
2
2
2
4
4
12
4
2
10
2
2
8
4
2
2
2
2
2
2
0
0
0
0
8
0
2
2
6
2
2
2
4
4
2
4
2
6
0
4
2
8
6
2
4
4
4
0
0
2
2
4
0
4
0
2
2
0
2
2
0
2
4
2
6
2
0
4
0
0
2
0
2
4
2
2
0
2
2
0
0
0
2
0
6
0
2
0
0
4
2
4
4
0
2
0
2
2
2
0
0
0
0
4
0
2
2
2
0
0
2
2
2
2
2
0
0
2
0
0
2
0
8
2
4
4
0
2
0
2
2
2
2
0
1
3
3
1
1
0
0
1
1
5
9
0
2
13
5
5
1
1
0
5
9
11
9
0
0
0
9
7
0
1
2
1
9
13
7
5
5
0
11
9
7
0
0
1
13
11
2
9
0
0
5
0
2
7
1
0
7
3
1
0
2
5
5
0
1
1
1
0
9
7
0
3
0
5
5
0
0
0
1
0
2
1
1
0
0
0
7
0
0
3
1
0
7
1
0
0
3
2
11
1
0
1
1
2
9
0
0
3
0
0
1
0
0
0
2
1
9
0
1
0
0
0
0
0
0
0
0
7
7
0
7
7
0
5
7
0
3
9
5
7
5
9
0
0
0
93
7
1
5
0
9
9
1
0
3
0
0
5
7
0
1
9
0
7
0
3
1
1
1
7
0
0
5
0
5
7
5
0
95
7
2
3
0
0
0
19
7
7
0
0
0
1
0
1
0
1
0
1
0
5
1
0
1
7
1
9
1
3
5
0
7
5
1
1
1
9
1
7
0
1
0
1
9
5
3
3
0
7
7
0
0
1
1
1
11
5
0
1
7
1
7
3
0
0
1
0
13
1
1
0
1
9
5
1
1
0
0
0
5
1
1
7
1
7
5
3
1
0
0
0
9
0
0
0
1
1
11
1
1
1
1
5
9
3
0
1
0
1
6
4
6
0
6
6
2
6
2
2
4
4
6
5
0
2
6
4
8
2
8
10
4
2
6
4
2
9
4
9
10
6
6
10
4
6
4
4
6
4
2
4
4
8
11
14
8
14
7
4
4
8
10
10
2
6
8
6
6
8
4
8
4
8
10
8
6
8
10
6
4
6
4
4
2
8
15
8
2
2
6
6
8
10
0
8
6
8
4
4
8
8
6
10
8
6
37
4
6
6
10
4
4
8
4
2
10
0
2
10
6
2
0
4
4
6
8
6
6
6
2
4
4
2
4
4
4
8
4
6
6
0
4
4
4
6
4
4
5
0
2
2
4
4
2
8
8
6
8
4
8
2
6
4
4
2
4
8
6
4
6
4
2
6
6
13
6
6
4
6
8
4
4
4
6
2
0
8
4
8
4
4
2
4
4
33
6
4
2
6
0
2
2
6
4
4
4
4
4
2
4
2
6
2
2
0
4
2
2
2
2
2
4
4
4
2
4
4
2
8
4
8
4
6
4
9
4
4
2
6
4
4
2
11
4
10
4
10
6
4
4
4
8
6
6
6
6
8
8
26
7
4
8
8
6
8
2
10
4
9
6
4
4
2
6
6
4
0
6
8
2
2
14
6
6
6
8
8
4
15
4
9
6
8
4
15
4
2
16
10
12
15
6
12
8
6
4
14
16
6
14
12
6
6
8
8
8
6
8
31
6
6
10
6
12
12
12
10
6
10
2
6
6
8
12
10
13
14
16
10
8
12
4
12
6
14
6
12
10
18
10
18
10
6
4
16
8
12
16
10
16
16
12
14
14
4
13
10
16
13
21
8
10
10
33
8
16
21
14
10
47
31
10
12
6
12
35
23
39
18
30
12
8
23
21
21
14
12
7
21
23
33
14
10
25
18
23
40
6
17
23
21
18
17
29
8
16
21
16
31
8
41
33
16
21
25
12
14
14
27
43
12
12
0
25
14
14
54
55
33
37
15
16
23
22
13
21
23
15
4
39
6
35
45
30
6
6
6
6
14
27
23
43
12
29
15
8
21
32
17
17
12
21
10
10
25
25
6
54
19
12
51
62
12
17
11
10
11
8
14
13
14
21
4
27
31
12
31
25
12
15
29
37
17
10
8
17
18
19
18
12
16
23
23
19
33
25
25
21
17
23
27
17
16
6
23
23
6
10
12
10
10
33
6
14
12
13
8
16
10
27
33
21
21
31
25
10
31
10
10
27
14
17
16
12
29
21
18
16
11
37
14
27
8
16
23
23
17
14
34
12
10
15
37
16
15
10
18
19
20
14
23
14
31
12
25
4
1
1
3
1
1
1
3
5
1
7
5
0
1
0
3
10
3
1
1
10
3
0
1
0
1
9
1
3
0
4
0
7
6
0
1
0
5
3
4
7
1
1
6
1
0
1
1
0
1
1
4
8
8
1
3
3
0
5
0
1
1
5
0
1
3
19
5
1
3
5
5
1
0
14
0
0
1
8
3
1
1
19
3
8
1
3
6
1
0
0
0
5
0
0
0
1
0
5
0
1
5
3
0
1
0
3
5
1
1
3
0
1
12
3
3
1
5
3
1
3
1
1
1
1
5
5
1
0
0
0
8
1
1
8
1
5
1
1
3
6
3
10
3
1
7
10
6
5
26
1
1
4
10
8
1
5
3
7
9
6
6
3
1
0
6
5
0
1
1
1
7
5
3
1
1
3
9
1
1
3
7
3
5
5
1
9
0
0
6
3
1
3
0
1
7
3
1
0
1
0
1
6
1
0
1
5
9
5
3
3
3
4
1
0
1
6
0
6
0
3
0
0
0
3
1
1
1
0
3
8
1
1
1
6
1
3
3
3
5
0
3
0
0
3
0
3
3
1
3
26
1
5
3
0
3
0
3
5
15
0
3
7
0
0
5
7
0
0
9
3
9
3
1
0
1
9
0
5
0
6
3
7
3
0
0
0
3
17
6
0
0
5
10
0
0
0
0
9
13
0
6
0
8
1
43
0
0
6
0
0
11
0
2
12
0
11
0
3
15
18
0
8
8
9
1
9
11
0
0
20
1
12
2
18
5
9
0
0
10
0
6
0
6
1
0
4
0
26
0
4
0
6
3
6
0
0
3
0
6
26
0
15
8
0
0
0
0
0
10
5
0
0
5
0
8
0
20
0
16
17
0
0
0
0
0
0
0
0
0
0
0
24
0
0
0
6
0
0
0
7
9
0
9
0
24
10
0
7
0
3
0
6
0
1
0
0
4
1
0
5
6
7
0
10
0
15
0
9
0
0
4
0
9
14
9
0
0
4
16
1
0
7
0
7
8
0
7
7
10
7
0
0
9
13
17
6
0
12
9
7
9
0
1
0
0
17
0
8
0
0
0
4
0
0
8
0
0
6
11
1
9
0
0
8
0
8
0
0
6
8
0
0
0
6
10
0
0
9
0
15
0
0
0
9
13
4
10
10
3
0
0
0
7
7
11
0
4
18
0
9
0
11
6
0
0
11
11
0
0
0
30
6
0
1
0
12
0
7
14
0
0
13
7
10
5
5
0
15
8
0
0
1
14
6
0
3
0
7
39
10
0
15
0
0
11
16
1
1
28
0
3
9
30
24
16
46
54
26
46
40
34
40
59
44
33
30
21
21
69
34
24
37
31
28
26
30
25
36
71
50
45
29
47
66
37
26
14
38
67
46
73
55
18
37
23
72
48
60
68
67
27
30
60
28
76
69
36
71
79
47
50
68
30
34
34
68
59
71
33
30
51
15
16
8
34
26
35
51
59
32
66
42
31
69
62
74
53
68
67
77
74
66
76
67
71
43
30
70
50
54
64
22
41
38
58
52
69
72
31
31
71
55
35
61
23
75
23
74
65
49
45
28
72
50
74
16
68
74
55
69
74
51
67
34
56
67
32
35
58
64
65
62
53
74
70
76
78
72
71
70
73
66
74
73
68
27
60
47
68
75
61
81
74
73
57
68
69
75
51
32
70
63
58
63
49
69
69
74
79
73
25
77
62
59
72
32
69
76
57
29
70
70
71
66
48
74
67
67
63
31
63
69
58
58
44
63
33
47
60
67
76
76
46
53
47
58
52
76
71
69
66
75
65
66
63
78
55
57
14
74
55
52
68
36
23
36
37
38
15
25
18
17
19
31
36
31
33
35
36
41
20
26
17
17
26
36
36
33
15
19
34
21
29
20
33
22
33
31
38
20
24
34
31
26
26
36
27
33
34
19
31
0
32
22
26
15
32
25
15
23
11
9
37
1
1
0
3
1
1
1
1
1
0
1
1
1
1
0
0
0
1
1
3
1
0
1
1
3
0
3
1
1
1
1
0
1
1
1
1
0
0
0
1
0
0
1
5
0
0
3
1
5
1
1
1
1
1
0
1
1
0
3
1
1
1
0
1
1
0
0
0
1
1
0
1
0
0
1
0
0
1
1
3
1
1
1
1
0
1
0
0
1
1
1
1
0
4
1
0
3
1
1
1
0
3
0
3
0
1
1
1
3
3
1
0
0
3
1
1
3
3
1
0
5
1
1
5
1
1
0
2
1
1
1
0
0
3
1
4
0
4
1
6
0
0
3
0
3
0
1
3
3
1
1
3
1
3
1
1
1
1
8
2
0
1
1
4
1
3
1
3
1
1
0
3
5
5
0
3
1
1
0
1
1
1
1
2
3
0
0
1
1
1
1
1
0
0
1
1
1
1
1
1
1
4
1
1
1
1
0
3
1
1
5
0
3
1
1
1
11
4
1
0
1
1
2
1
2
0
4
1
1
0
1
5
1
1
1
0
1
0
0
1
1
1
1
1
1
0
3
2
1
1
0
0
0
0
1
0
1
3
0
0
1
1
4
0
1
1
1
0
0
3
1
1
1
5
1
0
0
0
3
1
1
3
1
0
1
0
3
1
