2
7
22
11
9
25
10
7
23
7
12
10
22
25
22
13
4
33
11
21
8
18
10
14
24
21
21
16
23
7
12
18
8
29
17
14
7
5
5
6
20
28
16
10
14
21
24
16
15
9
10
9
10
13
15
10
32
33
17
11
19
31
9
7
27
19
19
26
7
18
9
24
18
18
17
24
11
6
19
25
23
18
24
28
9
22
12
21
11
15
23
13
7
12
26
23
15
7
8
31
17
18
21
28
14
12
19
5
20
14
9
7
22
15
25
14
7
12
23
9
27
13
16
18
9
20
10
7
19
11
7
20
25
16
5
11
15
20
7
19
21
5
16
9
9
16
10
22
18
9
12
10
10
9
19
7
14
18
24
20
21
22
25
15
5
23
25
13
2
24
9
5
5
9
7
12
24
6
29
14
20
2
10
9
19
9
13
18
9
15
21
17
27
13
14
9
11
6
13
27
10
17
5
16
8
5
14
18
8
8
25
5
7
5
10
13
29
19
18
13
9
9
25
9
21
5
19
26
4
33
16
13
11
21
11
9
11
30
14
28
9
14
12
18
7
24
6
19
17
10
12
19
21
25
24
6
20
11
8
11
10
28
14
14
12
24
15
25
2
11
16
5
19
4
10
20
5
24
13
10
18
26
20
23
20
9
26
18
28
10
28
24
11
29
36
46
11
11
23
29
18
39
5
7
6
12
6
10
24
8
13
4
13
12
13
16
11
5
23
18
22
16
8
14
17
36
7
18
11
17
12
5
14
29
14
30
35
34
39
12
25
11
31
5
31
30
14
14
16
20
11
22
21
38
21
58
35
65
46
53
51
39
55
64
30
44
19
43
38
46
44
49
20
60
18
59
23
31
69
59
52
32
18
42
36
35
42
56
37
28
23
57
23
32
37
21
53
38
56
24
49
42
51
39
14
53
30
27
25
52
34
52
34
53
55
47
37
51
37
47
25
52
30
59
44
28
62
48
54
51
18
35
52
25
55
51
51
50
58
32
39
19
48
55
27
62
42
22
50
40
60
41
53
54
63
62
55
47
44
58
61
49
58
50
32
18
55
65
47
52
39
51
60
41
25
22
22
23
62
58
43
71
30
61
48
47
56
39
46
46
37
70
48
53
48
55
49
40
48
48
37
50
40
49
36
35
34
28
31
19
27
52
36
30
62
30
34
35
45
7
40
23
26
24
32
56
33
31
12
49
21
31
28
22
52
24
18
31
60
9
30
19
31
18
18
8
16
55
10
21
17
25
27
17
43
18
28
5
20
17
48
29
37
36
22
30
15
19
22
40
45
25
22
12
21
36
39
35
45
35
48
51
19
39
36
42
37
52
38
34
39
31
62
48
29
55
57
36
19
20
40
23
38
40
43
24
40
59
53
40
47
22
21
42
26
24
33
45
29
23
39
41
36
25
34
29
21
25
25
21
17
21
31
50
26
63
24
47
21
31
50
38
16
23
65
30
49
31
55
42
37
3
61
48
35
57
42
24
50
76
40
41
39
61
20
39
40
55
33
20
32
14
17
28
52
41
27
45
37
36
32
37
24
31
25
32
34
34
47
25
42
49
26
43
44
28
79
42
41
49
34
33
40
21
33
59
34
48
27
30
26
33
37
42
25
50
46
24
54
45
43
42
49
38
30
31
18
26
42
41
51
44
36
22
35
41
39
55
40
41
40
40
39
44
50
49
53
36
26
42
27
64
27
45
36
47
41
26
34
32
23
36
27
24
25
47
27
46
42
51
47
32
38
33
34
35
27
31
26
27
48
39
48
33
27
45
16
44
55
49
37
38
16
49
22
27
15
26
27
17
41
46
32
18
30
13
25
26
37
33
31
29
26
27
21
24
33
18
13
23
18
37
25
20
22
28
29
44
18
16
30
22
30
36
9
8
21
20
23
9
4
5
23
15
12
15
24
10
32
22
6
12
17
16
20
14
9
8
9
11
6
20
9
9
10
9
10
0
11
0
10
0
17
9
0
0
10
3
10
0
14
19
9
0
12
9
0
9
11
8
5
13
9
12
8
0
0
6
15
0
0
15
19
0
19
9
8
0
11
0
9
0
12
0
7
0
8
9
13
7
13
9
11
0
8
9
14
0
7
0
18
0
12
9
11
14
0
7
0
11
0
13
9
0
0
7
16
0
0
15
10
0
0
6
10
0
0
16
12
9
8
6
13
9
6
7
9
14
10
9
15
14
13
23
17
11
9
11
11
13
0
12
7
0
0
0
0
0
0
10
10
0
0
14
0
0
10
9
22
0
14
0
16
0
0
0
0
0
0
0
0
0
0
0
21
11
17
0
10
13
12
17
0
0
13
12
6
15
0
11
8
11
9
0
17
0
9
13
0
0
0
0
0
0
0
0
0
0
0
5
0
0
3
0
15
0
0
7
0
20
0
9
10
0
13
11
0
11
11
8
7
12
9
14
0
8
0
8
0
16
0
9
0
9
7
18
0
10
0
10
0
13
9
14
0
4
18
11
0
11
7
6
0
12
15
15
0
11
15
16
0
23
13
0
10
0
14
0
14
0
11
0
12
18
0
0
4
11
0
0
5
22
21
0
20
6
14
0
21
12
29
11
15
7
18
0
22
14
13
9
23
21
2
2
0
2
2
2
2
0
4
2
2
2
0
2
0
2
2
2
2
2
0
2
2
2
2
2
0
0
2
0
2
0
2
2
0
2
2
0
2
0
2
2
0
2
2
0
2
2
2
2
2
2
0
2
2
2
2
2
2
3
0
2
2
2
2
5
2
4
2
2
2
2
0
2
2
2
2
2
2
2
0
2
2
0
2
4
2
2
0
0
2
2
2
0
2
2
2
2
2
2
2
2
2
2
2
2
4
0
2
2
2
4
2
2
0
2
2
2
0
2
2
2
0
2
2
0
0
2
2
2
2
2
2
2
2
2
2
2
2
4
2
2
2
2
2
2
2
2
2
2
2
4
2
2
2
2
2
7
2
2
4
2
2
2
0
0
2
0
2
0
2
2
2
2
2
2
0
2
4
2
2
2
4
0
2
2
2
2
2
2
2
2
2
2
0
0
2
2
2
2
2
2
2
2
2
2
2
2
0
2
2
0
2
2
2
0
2
2
2
2
0
2
2
0
2
2
0
2
2
4
0
2
2
2
0
2
2
0
2
0
0
0
2
2
2
0
2
0
2
2
2
2
2
2
2
2
4
2
0
0
2
2
7
0
2
6
2
0
0
2
0
2
2
0
2
0
2
4
2
2
0
0
2
2
2
2
2
0
7
3
3
9
6
7
5
7
7
5
5
3
4
4
13
5
7
10
8
12
6
6
9
3
5
8
3
1
5
5
3
5
7
3
6
5
6
15
7
4
6
7
5
7
4
6
11
3
6
6
8
3
13
7
3
7
8
5
5
5
6
7
9
5
10
7
8
5
9
3
11
11
5
7
5
7
12
12
7
5
5
3
7
7
5
3
13
7
9
10
1
5
7
7
5
8
5
5
9
9
3
5
5
9
6
5
5
7
7
5
3
5
3
7
8
7
5
5
12
7
7
7
4
5
9
12
5
5
3
5
7
5
6
3
7
8
6
3
5
3
7
14
3
3
5
9
7
7
5
5
12
4
3
12
3
3
5
5
9
4
5
5
10
4
5
5
7
7
5
6
1
7
8
10
5
5
5
7
11
11
5
17
9
7
12
7
7
5
8
10
4
4
0
5
9
10
3
6
8
5
5
7
5
7
10
3
5
7
5
7
3
9
3
5
9
3
7
5
1
1
7
3
10
3
5
12
7
8
5
7
11
5
11
5
3
12
3
9
10
9
3
13
3
7
5
5
3
9
16
3
5
5
8
3
9
5
6
10
5
8
5
8
5
3
7
6
5
7
5
3
11
4
0
11
7
5
3
7
7
16
3
3
7
6
8
9
3
9
0
1
6
0
3
5
0
4
0
1
3
0
1
0
6
0
0
0
6
0
0
0
1
1
0
0
0
1
0
0
0
1
0
0
0
0
1
0
8
1
3
0
5
0
12
0
1
0
5
1
0
0
0
0
0
5
1
0
0
3
0
10
0
3
0
3
3
3
1
1
1
1
5
0
5
1
0
0
0
0
3
0
0
0
0
0
0
0
0
0
0
0
0
0
1
3
0
1
0
1
1
8
5
1
0
0
0
0
1
0
9
1
0
1
1
0
0
1
9
0
0
3
5
3
0
3
1
1
0
5
1
1
5
1
3
3
7
1
9
0
0
8
1
1
0
1
0
0
1
6
5
0
8
1
1
0
0
5
0
1
13
0
0
3
0
1
6
10
3
3
10
3
5
1
3
4
0
0
8
1
0
1
1
0
1
0
3
0
10
0
1
0
0
0
0
0
0
0
0
1
10
0
11
8
3
28
0
6
5
1
0
1
5
0
16
7
1
16
5
1
3
0
0
0
0
0
14
8
8
15
1
0
0
3
5
0
3
0
0
0
5
0
3
3
3
0
8
3
6
1
0
3
1
1
0
1
10
10
3
1
7
4
5
5
10
0
6
4
0
0
3
10
15
0
1
3
7
0
3
5
11
5
1
0
15
4
3
0
13
7
4
6
6
2
6
8
4
4
6
6
6
6
6
15
6
4
4
6
4
12
2
6
4
8
4
0
6
6
2
8
8
0
8
2
10
2
2
7
6
9
12
11
15
14
6
6
8
6
4
8
6
6
7
2
4
17
2
2
4
2
2
0
12
6
13
6
2
6
8
11
0
10
8
6
2
8
8
2
5
10
4
4
6
4
0
6
4
4
13
8
4
7
2
2
6
4
2
4
11
5
4
8
11
4
8
2
6
4
4
6
8
6
8
8
6
4
10
7
8
15
4
6
4
17
2
6
2
6
4
2
0
8
2
2
9
4
4
6
2
8
5
12
8
2
6
7
4
2
6
6
10
13
4
6
2
4
0
4
2
4
6
6
2
19
6
8
4
4
2
6
10
0
4
6
8
0
5
6
4
19
8
3
6
13
11
10
6
4
4
6
0
6
4
2
4
4
8
11
8
8
11
10
2
17
4
15
4
6
6
2
6
13
6
6
4
4
8
15
4
11
10
8
10
15
6
2
3
6
6
12
14
6
4
6
8
6
4
5
4
4
6
7
6
8
4
9
6
4
6
4
15
9
4
2
6
6
2
2
7
0
9
4
8
2
4
4
6
8
4
8
13
2
4
8
7
6
2
5
6
6
15
2
4
6
4
3
0
0
4
12
1
0
3
2
6
4
1
2
1
1
0
0
3
1
1
0
4
1
1
1
3
0
1
0
3
7
1
3
3
0
1
0
1
0
5
12
0
3
1
0
0
1
1
1
0
1
1
0
1
1
1
1
0
1
3
3
0
1
2
1
1
0
0
0
3
13
1
3
0
3
3
1
0
0
5
4
0
5
5
3
1
0
1
0
1
1
15
1
0
1
3
11
0
3
3
3
14
3
3
1
0
1
1
15
0
1
3
1
1
0
1
5
0
1
0
1
3
0
0
0
5
3
1
1
3
1
3
0
1
3
18
0
0
0
4
3
0
0
0
0
3
0
1
2
5
3
3
0
0
5
0
1
0
4
1
5
1
1
1
1
2
1
0
1
1
5
3
1
0
4
1
1
0
1
1
6
1
0
3
1
1
2
1
0
3
2
3
1
1
3
2
1
3
0
0
1
0
0
3
1
0
0
0
0
5
1
0
1
1
1
3
14
0
1
0
0
1
0
0
1
2
1
3
1
0
0
1
0
6
0
1
1
1
1
0
0
0
0
3
1
1
1
1
1
1
1
0
3
2
1
1
1
0
1
3
0
0
1
0
1
1
0
0
1
1
1
1
1
1
4
4
0
1
1
0
1
3
0
1
3
1
0
3
4
13
11
13
9
13
11
11
11
13
9
13
11
11
13
11
11
11
11
13
11
15
11
13
13
11
11
11
9
11
11
11
13
11
13
9
11
13
13
13
13
13
11
13
13
9
11
13
11
13
13
13
13
15
9
13
11
13
13
11
13
13
13
13
13
11
11
9
13
15
11
9
13
13
13
13
11
11
11
13
13
13
11
13
11
13
11
11
13
13
11
13
13
13
13
11
13
11
11
13
13
11
15
13
13
11
11
13
13
13
8
15
11
13
13
9
11
13
9
11
13
13
11
13
11
13
9
13
13
11
13
11
9
13
9
11
13
13
10
11
13
9
11
13
13
13
11
11
11
11
11
13
11
11
11
11
11
9
9
11
12
9
13
13
13
13
11
13
13
13
11
13
11
15
9
13
14
13
7
13
11
13
9
13
13
11
13
11
11
11
11
13
15
11
13
13
13
9
9
11
13
13
11
13
13
12
11
11
13
13
11
9
11
13
13
13
13
13
11
13
13
12
11
11
11
13
15
9
13
13
15
13
13
9
14
11
11
13
13
9
13
11
13
11
13
11
9
13
11
9
9
11
11
9
11
9
13
13
13
11
9
9
9
13
15
13
11
10
13
11
5
5
7
11
11
11
9
11
10
13
11
9
13
13
9
11
11
13
11
