6
5
7
7
4
6
6
6
4
5
7
4
3
4
5
4
5
5
6
8
7
2
4
5
4
8
7
5
4
2
2
4
5
4
6
4
5
6
4
6
6
5
4
4
6
2
4
4
4
2
2
6
5
5
4
4
6
6
5
4
7
3
5
4
6
5
5
6
4
7
7
6
2
2
5
8
4
5
7
4
5
6
6
7
5
6
5
4
5
8
7
4
5
6
5
5
5
6
5
6
4
4
5
5
5
6
5
5
7
5
3
4
6
5
5
6
4
5
6
6
7
7
5
7
7
5
6
2
7
7
6
7
7
5
7
7
5
7
4
5
6
7
6
7
6
8
4
5
6
7
6
7
5
6
7
4
7
9
7
7
7
5
7
5
5
7
6
5
7
5
7
5
7
4
9
7
7
6
7
4
6
7
7
5
7
7
4
5
5
6
6
5
4
5
7
6
7
4
6
7
5
4
5
6
5
5
4
6
7
7
5
4
5
6
6
7
5
3
4
6
4
6
4
6
6
6
0
5
4
6
2
6
6
9
7
6
4
5
4
4
2
2
4
2
7
3
4
4
5
3
2
3
4
3
4
6
4
6
6
4
5
7
5
4
4
6
4
4
6
4
6
2
5
7
5
7
5
4
4
2
7
4
6
7
7
4
6
5
2
4
4
2
0
6
6
2
2
2
4
6
2
4
0
2
2
4
4
4
2
2
2
4
6
4
2
2
6
4
4
6
0
4
6
0
2
0
2
4
4
2
8
0
4
4
4
4
2
4
8
4
8
6
6
2
2
2
8
2
2
6
2
4
2
6
2
2
4
2
6
8
6
6
6
4
8
4
6
8
6
4
6
6
10
4
2
4
4
6
10
6
2
8
6
8
4
6
10
6
6
6
8
6
6
9
6
10
10
8
6
4
6
8
2
4
6
8
6
4
8
4
6
9
4
2
10
6
6
11
10
6
6
8
8
8
11
6
10
10
8
11
4
8
6
15
8
6
13
6
13
6
6
17
6
6
6
6
4
10
11
6
4
8
6
11
6
8
4
8
8
9
13
11
7
6
11
6
4
11
6
9
9
10
13
10
6
11
11
8
10
13
8
10
4
11
8
6
10
7
11
8
6
6
11
11
6
11
10
4
4
8
4
4
4
8
13
6
4
2
7
6
15
7
6
8
6
7
6
6
2
6
4
6
6
4
6
9
13
9
8
2
6
32
8
6
9
4
4
4
0
2
2
2
4
4
2
4
8
2
4
6
6
8
6
6
6
4
6
2
4
5
6
2
4
2
2
6
5
2
2
4
2
2
4
6
4
4
18
19
17
19
20
20
22
17
17
22
19
22
15
16
19
17
17
13
21
11
19
14
11
15
17
19
17
19
19
14
11
19
10
20
17
24
18
17
15
10
18
21
17
20
17
24
19
18
17
17
16
20
17
9
16
15
13
15
15
15
20
21
16
15
20
22
17
23
19
16
19
22
15
15
19
18
14
19
22
16
16
21
18
15
25
16
20
18
15
17
17
17
15
19
28
24
23
21
13
23
24
18
20
11
15
13
13
19
18
18
9
13
3
15
17
21
2
9
17
10
4
23
28
8
13
89
4
0
17
30
2
2
4
17
23
32
19
6
6
6
15
22
2
4
15
7
20
12
44
4
2
5
24
6
6
18
9
11
4
2
12
13
6
12
22
11
4
1
20
23
24
20
4
24
16
17
4
12
22
2
2
28
8
7
0
14
11
2
13
16
6
8
11
0
2
16
25
9
2
27
8
20
17
8
8
11
16
4
2
6
2
8
19
24
19
21
2
4
6
4
6
6
12
15
7
7
5
17
17
0
2
11
9
4
26
2
4
41
9
6
9
6
4
4
10
6
14
15
2
24
4
4
2
8
5
0
2
7
3
20
4
0
2
8
3
4
4
4
7
21
11
11
17
11
17
17
20
9
11
15
15
21
5
7
4
4
2
4
16
11
18
16
25
22
28
21
46
22
18
21
19
12
35
22
19
22
23
13
38
24
16
43
25
17
18
18
55
19
19
16
34
13
40
24
19
51
36
36
22
21
47
56
23
25
30
20
12
15
16
17
14
23
31
28
14
17
24
53
32
32
17
34
44
32
30
20
15
19
36
28
7
16
7
42
34
24
11
21
11
24
16
15
18
42
17
32
17
26
32
17
14
12
12
19
25
16
9
11
48
16
8
14
11
13
13
19
14
15
18
8
20
14
19
19
17
49
22
13
11
19
32
21
28
32
58
36
14
21
18
46
23
22
8
14
13
19
17
16
17
30
50
42
10
11
24
59
38
15
38
12
14
40
52
13
12
0
0
0
0
0
0
10
22
24
25
14
33
33
15
21
18
20
14
16
16
25
8
30
21
30
14
36
14
15
18
20
20
15
16
32
30
15
16
13
20
12
23
16
21
15
27
13
11
19
25
18
20
20
25
16
9
15
17
27
32
14
15
10
22
22
22
14
7
17
12
16
12
14
27
19
20
36
18
27
19
21
19
17
17
20
14
16
23
19
15
33
24
25
10
22
41
19
22
20
15
19
17
14
29
24
24
17
15
14
36
21
19
25
24
13
21
15
13
20
36
17
21
7
16
26
19
23
17
20
20
41
2
7
7
0
3
4
2
3
7
4
7
3
2
3
5
1
7
5
0
4
0
3
7
2
2
0
3
2
2
2
3
3
11
2
2
3
5
4
2
4
2
0
2
6
3
4
2
4
2
6
6
3
0
3
2
4
2
4
0
0
3
35
0
2
2
5
0
2
4
5
4
2
5
4
0
2
2
5
7
0
4
3
0
2
6
21
3
5
2
4
2
2
3
7
4
2
35
2
3
2
2
0
3
3
4
2
2
4
4
2
4
0
0
0
2
7
5
9
2
5
2
2
7
5
2
4
2
4
7
2
0
0
0
4
0
5
0
2
0
19
0
7
19
21
4
4
4
4
7
9
4
4
1
2
5
37
0
0
3
2
4
2
4
1
7
5
4
17
3
35
0
3
37
2
7
2
2
3
5
2
19
5
4
5
0
15
4
2
2
5
0
0
5
0
0
0
5
4
5
2
0
3
7
4
4
5
5
3
2
4
3
4
4
6
6
5
6
0
2
2
2
5
1
1
2
3
5
2
2
1
2
2
3
1
1
0
2
3
1
4
0
5
5
2
2
3
3
4
7
4
2
5
1
0
1
0
9
2
4
7
2
9
1
2
1
2
6
4
0
2
4
2
7
7
5
4
4
4
39
2
0
5
5
0
0
5
7
37
44
25
7
16
54
8
31
29
17
58
51
19
1
14
55
16
23
15
8
27
39
27
16
10
23
18
17
21
34
64
18
34
17
17
26
8
3
30
26
0
16
31
61
24
16
17
28
6
4
23
16
8
28
25
49
22
32
33
33
29
62
47
23
34
54
10
14
27
7
17
26
8
32
56
25
29
55
53
17
56
23
15
13
56
11
46
7
15
58
8
15
16
17
64
35
18
22
26
68
0
11
41
66
23
35
52
60
8
55
26
21
12
39
50
10
15
46
32
22
15
56
30
62
22
15
26
47
17
15
14
9
12
9
16
29
63
36
17
24
42
8
23
8
7
21
52
31
8
51
30
53
19
26
48
50
16
14
54
18
27
17
18
16
53
22
25
16
13
35
9
29
25
55
16
47
24
26
33
67
6
14
25
20
54
29
56
49
34
41
16
22
17
17
33
31
34
70
24
8
16
26
31
19
32
17
32
30
0
51
14
11
21
23
17
25
25
40
60
19
24
26
31
8
17
8
14
17
8
27
13
67
60
17
25
18
14
17
15
16
4
57
49
21
15
34
13
7
15
19
16
26
16
55
17
53
48
66
8
52
17
37
17
17
17
32
60
25
41
42
58
19
17
42
53
40
50
9
60
8
24
33
21
34
8
23
14
16
9
13
7
7
11
15
11
13
29
5
11
15
5
19
7
13
5
7
5
7
15
5
13
3
11
9
11
7
5
9
13
7
7
7
7
15
11
11
15
3
5
5
9
17
17
9
15
21
11
15
21
15
11
15
19
17
9
19
13
4
9
19
4
11
7
29
13
19
19
17
19
13
23
7
19
13
15
11
21
7
7
23
9
15
15
9
13
17
15
15
13
11
9
7
11
15
9
9
17
7
23
11
9
13
4
5
13
2
13
9
17
5
5
7
5
23
13
11
5
13
3
2
5
5
7
7
4
5
2
11
19
9
13
4
5
13
3
11
5
11
7
15
5
5
5
15
7
5
11
9
7
3
5
4
25
7
4
7
15
7
3
4
9
7
9
5
2
5
5
21
11
4
5
5
15
5
4
19
25
11
7
7
7
11
9
7
9
5
15
9
29
5
13
47
13
19
15
5
9
13
5
5
19
13
11
17
5
23
9
21
17
11
19
17
17
15
19
13
11
21
3
15
17
11
11
15
19
17
15
13
7
11
5
21
5
11
35
5
3
15
15
13
11
15
9
5
9
19
11
7
7
15
15
17
13
11
9
15
11
15
9
21
9
9
3
15
5
2
7
9
13
11
9
7
9
5
15
23
7
15
17
17
5
21
9
13
7
21
19
0
5
2
17
0
0
2
27
4
4
2
2
2
4
5
0
4
2
3
5
2
2
2
0
2
2
0
4
0
6
4
5
6
3
5
4
4
2
2
2
2
2
2
4
0
4
4
2
5
2
1
2
2
6
0
2
0
7
4
2
5
4
0
3
0
3
0
27
3
0
4
2
2
2
4
2
4
2
5
2
6
0
3
3
7
2
0
2
2
5
2
4
0
5
0
2
1
4
4
5
4
2
2
7
2
0
0
2
4
4
27
9
6
45
0
4
4
0
2
4
4
2
5
2
5
2
4
2
4
6
4
3
2
5
0
6
4
4
0
2
0
2
2
3
5
2
2
3
0
5
0
0
3
4
2
3
2
4
6
3
1
4
2
3
2
5
4
4
4
4
4
4
4
0
2
4
27
4
2
2
6
0
2
5
4
5
4
2
1
4
1
2
0
4
2
4
6
0
6
0
3
2
2
6
0
2
2
2
0
5
6
2
5
2
0
0
25
4
2
0
0
0
0
2
2
0
4
3
4
0
5
5
0
2
0
2
2
2
5
3
0
2
0
4
4
2
4
4
0
4
2
4
4
2
4
2
0
1
2
0
2
0
0
4
2
0
2
0
2
2
2
35
7
0
2
4
2
4
4
25
0
2
2
4
3
0
4
3
15
6
8
11
8
12
13
21
17
6
8
10
35
6
4
8
12
8
8
10
12
6
8
10
21
11
10
19
8
8
17
14
14
12
53
54
2
7
67
13
14
10
37
21
39
21
14
71
25
4
15
10
12
17
14
45
13
21
21
54
17
17
8
21
12
12
42
12
19
21
43
37
36
22
50
19
12
23
38
14
12
35
21
43
21
30
35
31
21
14
21
31
15
21
23
21
27
46
21
35
14
17
39
14
45
31
19
23
46
17
21
23
36
39
52
37
46
41
17
23
39
32
25
17
17
33
17
37
46
27
2
42
9
24
12
17
4
10
9
21
60
15
10
6
17
19
13
8
6
8
21
10
13
19
10
15
15
33
13
10
31
15
6
8
6
46
13
6
17
15
15
10
31
10
12
12
27
17
8
25
35
17
10
17
39
35
13
8
6
10
52
39
9
18
8
4
21
19
8
12
12
8
14
10
19
49
12
12
6
38
10
14
10
6
66
10
13
10
29
14
46
19
20
36
26
6
21
12
58
11
15
29
23
6
6
8
6
8
10
8
15
11
9
10
10
6
10
12
31
10
4
8
10
4
6
2
8
8
8
58
8
8
8
10
4
6
8
10
8
4
4
12
6
6
8
10
10
9
10
8
10
10
6
29
6
6
8
10
2
13
2
4
5
4
4
4
2
6
6
5
56
6
2
22
6
26
2
4
11
37
4
19
9
0
7
11
24
4
4
7
11
30
4
7
6
6
4
9
35
7
7
7
6
4
19
6
7
4
15
2
34
4
9
4
4
15
4
4
6
6
4
15
7
2
45
17
0
6
4
49
47
6
7
4
9
2
21
2
37
19
4
58
7
6
4
6
15
4
4
43
30
6
7
2
43
4
2
32
6
8
2
5
4
2
4
4
2
4
32
6
2
6
4
7
24
9
6
6
6
67
15
0
7
7
17
4
9
6
6
2
49
30
6
2
9
4
7
6
2
6
2
5
4
39
6
9
8
4
4
9
4
41
11
4
15
32
8
6
7
53
2
7
6
2
6
2
6
7
6
6
9
44
4
9
52
11
4
4
11
4
49
6
60
4
4
28
78
8
4
7
37
2
9
9
7
11
82
2
6
6
11
6
6
30
24
4
17
65
31
43
15
56
13
6
6
56
6
6
11
7
9
54
11
6
6
6
7
6
7
13
9
19
7
4
33
6
50
9
4
6
7
6
6
59
31
56
15
4
4
11
20
2
4
6
49
6
7
7
12
4
9
17
13
37
11
19
21
22
7
11
15
15
15
24
22
39
13
15
9
6
18
17
23
11
17
9
