4
9
10
7
11
12
7
12
10
13
9
9
6
14
11
13
7
9
5
6
9
8
6
10
7
18
7
23
10
11
9
10
9
12
22
8
7
27
13
11
11
25
7
9
7
10
8
13
11
8
8
11
11
6
10
6
9
14
12
5
8
10
8
11
9
12
11
8
7
23
12
15
6
13
11
10
13
15
11
12
12
9
9
9
10
8
10
10
6
9
26
8
9
17
6
7
15
10
8
12
6
6
15
17
10
11
19
12
20
9
10
9
10
10
7
7
7
14
11
6
12
6
7
12
5
7
7
13
9
14
9
9
12
9
9
16
9
6
7
11
8
19
8
7
5
7
13
11
9
10
9
9
17
10
5
9
16
13
7
11
12
11
9
13
8
13
7
5
10
13
25
14
14
10
10
12
15
26
12
8
9
7
10
13
11
7
11
16
11
12
6
6
10
10
11
19
10
11
12
7
22
11
16
12
9
14
20
7
9
8
10
6
14
7
9
8
4
8
5
8
7
9
19
6
13
13
6
5
21
11
7
6
7
9
11
11
6
9
4
8
10
10
9
9
5
10
15
9
4
8
9
4
14
6
4
8
6
9
10
22
10
14
9
9
11
8
12
13
2
7
7
5
5
11
9
8
8
4
5
15
9
6
11
7
10
4
8
10
2
18
4
0
0
0
2
2
0
0
2
8
4
0
0
0
4
4
0
2
4
8
0
0
4
4
2
2
2
2
0
6
0
0
2
0
0
0
2
4
8
6
4
2
0
0
0
0
3
2
2
2
2
2
4
4
2
2
4
2
2
2
0
4
0
6
2
2
0
0
0
10
2
2
2
0
2
0
2
0
2
4
2
4
2
4
2
10
10
5
6
2
10
2
2
2
2
2
0
11
11
0
8
4
0
2
8
0
0
2
2
4
2
2
0
6
2
2
10
2
8
3
0
2
2
0
0
4
0
2
2
2
2
6
2
2
4
4
4
7
4
8
6
9
34
8
2
2
0
2
0
2
2
0
0
4
2
2
4
0
0
3
4
0
4
4
2
4
0
4
4
4
2
2
2
0
4
8
7
4
4
2
0
2
4
2
8
2
0
4
5
22
2
0
0
0
4
4
2
0
4
2
4
0
2
2
2
2
0
8
0
2
0
4
2
0
2
10
0
0
0
4
0
0
0
4
2
0
4
9
2
0
4
2
0
2
2
0
0
4
2
4
2
0
2
0
0
0
0
8
2
2
2
2
0
2
0
4
0
0
0
0
0
2
2
0
2
0
2
0
2
2
2
4
0
0
2
2
0
0
0
0
2
2
6
2
4
0
59
25
21
61
49
57
23
32
40
29
57
38
40
49
57
18
61
47
21
60
27
38
18
18
32
19
55
33
31
60
12
62
14
42
37
35
41
22
30
36
57
55
74
27
41
23
32
22
73
38
42
35
11
29
26
19
19
24
12
29
47
37
23
26
19
31
46
32
67
20
31
49
14
30
36
29
38
23
33
39
20
29
45
39
36
48
21
17
30
40
23
35
49
41
51
34
32
61
36
36
42
21
40
34
15
66
55
46
31
25
36
21
16
32
49
50
50
46
59
14
27
39
49
43
67
31
43
62
43
26
40
26
30
52
44
61
50
38
22
61
20
52
58
33
54
55
64
68
52
37
23
52
63
73
39
54
51
42
59
51
22
45
67
57
50
45
59
40
56
23
65
44
38
51
27
63
54
46
53
40
57
35
53
26
75
28
39
51
47
19
36
40
69
53
56
55
67
47
59
44
48
43
37
44
51
34
58
45
41
34
43
24
36
47
35
13
33
49
36
14
26
16
25
18
18
47
18
16
20
34
24
21
36
37
45
12
31
23
24
31
32
80
27
14
17
31
19
18
43
18
20
10
29
21
17
18
19
10
9
2
10
38
4
14
12
9
7
4
9
0
8
11
8
5
6
9
10
12
3
5
2
5
7
7
7
19
9
20
8
13
11
8
15
7
11
14
8
15
17
8
10
4
15
10
10
4
10
0
2
6
15
8
6
4
6
14
4
10
2
10
6
2
6
12
4
14
13
6
12
8
11
4
8
15
15
10
6
8
4
10
12
15
18
15
13
10
8
17
9
6
17
19
6
4
10
12
14
8
8
8
17
6
8
19
6
8
15
10
12
13
21
13
6
8
10
10
6
12
16
17
14
12
10
15
8
10
10
21
10
13
6
11
19
8
13
15
8
19
13
29
6
27
19
6
6
16
10
10
19
10
4
14
8
32
17
35
16
19
8
25
17
10
15
15
10
21
32
25
6
21
10
21
8
10
4
10
10
17
4
4
25
35
6
31
8
23
19
27
25
19
14
27
52
6
23
8
35
31
14
37
21
6
12
6
4
13
12
19
12
8
29
18
14
31
6
10
8
10
4
12
10
27
16
14
39
4
21
6
12
27
6
6
8
10
8
33
16
8
23
6
14
0
6
10
12
10
10
41
12
6
12
17
19
8
10
8
14
21
13
21
15
10
16
10
8
4
12
19
8
23
10
14
17
19
12
12
8
16
12
8
6
21
12
18
14
8
14
19
8
2
12
4
10
6
8
15
10
8
16
12
6
12
6
10
12
14
12
8
10
6
12
14
16
14
10
6
15
13
13
19
13
12
6
12
8
12
5
16
12
7
10
11
7
18
11
13
3
12
11
13
7
22
11
14
9
9
10
11
13
8
9
15
9
16
8
13
6
12
12
10
14
14
18
10
20
9
16
4
14
9
21
8
13
12
6
15
12
13
11
14
11
9
12
2
5
3
6
7
12
4
4
6
7
5
2
7
6
8
6
3
6
6
8
4
4
5
8
6
6
7
4
12
5
9
7
4
1
6
3
3
7
4
0
6
8
5
5
10
7
4
11
4
3
5
5
6
6
2
8
4
4
7
3
5
6
6
7
5
6
5
3
5
2
7
6
5
2
3
4
4
7
4
5
4
5
5
8
8
6
6
9
7
9
2
4
5
3
14
17
3
3
4
7
11
6
5
9
6
4
4
5
3
7
6
5
4
5
5
2
4
9
6
7
8
7
7
6
7
8
4
4
8
8
6
4
6
4
5
4
3
8
13
9
5
1
3
5
8
8
8
6
4
2
6
9
5
9
6
7
7
2
4
5
7
3
4
5
4
3
5
7
3
5
9
1
4
8
6
8
5
4
4
4
2
9
3
6
8
7
5
3
5
6
3
7
7
6
8
1
1
1
9
5
4
4
4
7
8
2
5
3
3
9
9
12
1
6
3
6
2
5
3
3
5
13
12
22
13
18
18
18
18
13
14
16
18
12
18
12
17
14
15
14
7
13
14
17
9
22
16
21
10
22
20
15
15
12
9
5
17
14
12
7
17
21
16
9
16
20
20
14
11
10
8
15
10
13
7
12
14
11
11
8
9
13
16
15
9
14
14
14
13
11
15
13
17
18
11
9
17
13
11
17
15
15
14
8
15
12
15
20
11
16
12
11
20
22
10
11
12
8
16
16
16
5
9
19
15
14
17
18
19
21
17
20
7
21
7
13
12
18
15
20
15
12
16
11
11
15
15
11
9
16
15
18
15
16
14
12
17
14
16
14
14
13
14
18
12
8
16
14
13
19
7
19
11
12
12
7
15
17
13
10
16
13
14
14
13
17
6
17
12
10
16
12
14
18
15
13
11
7
13
16
15
18
13
10
13
12
16
20
20
13
15
16
20
10
10
16
14
20
16
12
10
13
17
15
9
17
14
14
15
12
14
17
15
14
15
13
12
10
13
13
8
8
15
10
14
10
13
21
19
12
13
8
13
20
16
22
13
18
14
18
17
15
10
12
14
10
19
20
16
19
20
18
17
17
16
16
16
15
19
17
14
19
20
15
18
13
20
11
19
21
14
20
16
18
22
17
16
18
18
19
18
22
21
13
6
18
21
17
19
0
0
6
0
4
4
0
2
2
2
0
5
2
8
6
0
0
0
0
6
2
4
6
6
2
10
0
6
6
2
0
0
4
2
2
2
8
4
80
2
2
0
2
2
0
0
6
4
0
77
2
2
0
6
0
0
2
0
4
6
4
47
4
4
36
4
2
0
0
0
6
0
4
6
0
0
2
0
0
2
31
7
4
2
0
0
2
2
30
2
6
2
2
0
4
0
0
0
8
0
2
0
0
0
2
2
2
2
0
2
2
0
4
4
4
0
4
0
4
0
2
8
0
2
6
0
4
6
0
0
72
2
5
6
4
2
6
2
0
13
7
0
2
4
4
4
2
2
2
6
2
0
0
2
2
8
0
0
2
6
2
0
2
6
2
2
0
2
2
6
6
7
2
6
6
2
2
2
8
4
2
4
0
10
4
4
6
2
2
2
2
2
4
2
6
4
0
2
2
4
4
2
2
4
0
0
5
2
0
2
0
2
4
2
0
2
0
0
7
4
0
6
4
2
0
2
29
2
8
27
2
0
0
4
2
16
0
0
6
4
2
4
0
0
2
4
2
0
0
10
2
0
2
0
4
6
2
0
2
9
2
2
0
4
0
0
2
2
2
4
2
0
0
0
2
0
0
4
2
0
0
4
0
4
2
2
6
6
22
17
14
13
24
22
13
25
12
16
21
20
28
14
26
16
23
28
25
17
15
17
18
20
21
24
26
22
24
19
27
37
16
32
24
25
18
12
13
23
24
8
17
37
26
23
24
22
23
31
31
24
19
10
20
22
19
30
21
24
17
18
26
21
19
35
26
38
27
14
27
25
30
28
50
20
18
23
28
25
22
17
26
24
22
44
25
20
24
36
44
43
28
34
32
20
19
16
16
17
26
32
27
42
37
36
18
32
20
49
29
21
23
25
31
23
11
37
19
21
30
20
59
20
42
23
29
38
25
28
25
21
24
34
26
40
30
16
21
23
17
27
21
35
18
2
26
21
26
21
23
30
22
37
32
27
29
35
26
13
21
53
28
39
25
24
29
22
26
21
20
24
42
19
19
30
35
16
37
21
17
42
41
25
29
22
25
33
22
36
22
20
26
32
25
22
2
32
26
17
32
13
21
33
24
16
19
19
27
26
29
17
23
19
23
15
18
22
22
20
28
44
32
30
20
25
31
22
18
18
32
30
22
22
25
30
15
19
27
16
42
20
29
18
23
14
35
24
13
26
19
24
15
29
26
23
19
14
21
11
18
21
22
27
17
28
36
17
30
18
34
17
29
17
20
28
39
7
38
35
26
14
39
51
23
24
30
8
37
28
18
26
32
41
10
36
64
8
18
42
22
2
40
29
54
23
34
20
0
2
42
13
54
22
22
17
21
60
27
70
32
4
42
29
58
31
38
12
37
32
65
0
58
35
43
31
36
66
26
10
40
41
48
36
46
4
60
23
51
34
33
33
33
55
4
49
36
2
19
22
7
16
6
7
47
49
22
48
57
2
23
66
45
2
41
20
24
43
59
40
42
10
45
40
3
44
48
18
18
28
7
15
64
4
23
36
79
37
47
39
39
29
58
46
39
92
27
27
48
15
22
24
23
45
50
40
33
23
46
42
4
39
43
16
15
73
3
23
2
34
61
46
17
4
34
26
32
6
27
45
33
10
28
5
31
38
51
36
40
5
31
3
15
38
40
46
72
57
58
21
14
20
8
42
7
27
47
21
54
41
43
43
9
19
26
7
46
23
8
19
21
30
22
21
32
9
34
2
34
38
0
43
44
42
55
47
27
49
13
32
35
53
29
34
41
58
9
22
28
36
45
2
20
35
51
37
30
26
44
2
28
15
4
1
32
25
39
13
1
19
38
7
19
29
3
5
28
3
36
4
26
31
18
20
5
26
35
31
1
20
21
27
18
21
35
44
4
13
14
0
48
44
2
21
18
4
14
26
4
11
43
1
3
51
18
26
6
6
6
2
4
4
2
6
2
4
2
6
4
0
10
4
10
6
4
8
4
6
6
4
10
2
10
0
2
4
4
6
8
2
0
0
2
2
0
0
4
2
2
0
0
10
0
6
2
4
0
4
4
4
8
8
8
4
2
8
12
4
0
2
4
12
6
4
10
8
2
8
4
6
12
2
6
4
10
21
10
2
7
4
0
8
4
10
2
8
2
6
4
6
2
4
0
2
2
8
2
4
10
8
2
2
2
0
2
2
0
2
4
8
6
4
2
4
0
8
6
14
4
2
6
2
2
2
4
6
2
2
2
4
4
2
4
0
8
6
8
6
6
4
6
4
4
4
6
2
6
4
2
4
6
4
4
13
2
8
6
0
4
2
2
10
6
4
4
2
10
2
8
6
6
6
6
6
2
4
4
2
6
2
6
0
2
4
2
2
6
0
2
0
0
6
8
12
4
6
0
8
11
8
0
4
2
6
2
6
6
2
8
6
4
2
4
0
4
2
4
6
10
2
2
4
4
2
2
12
2
4
4
6
2
2
6
2
0
2
6
4
6
6
2
0
4
6
4
0
2
0
4
6
2
2
2
2
2
2
2
4
2
2
8
2
2
6
4
0
2
2
0
2
2
14
2
2
2
10
6
6
4
2
2
4
8
2
