4
2
2
2
8
2
4
2
2
0
2
6
2
0
0
2
0
2
4
2
4
0
4
4
0
0
0
4
0
2
4
4
8
0
4
2
6
4
2
4
2
0
0
4
0
2
4
0
0
4
2
2
0
0
2
2
23
4
4
0
2
4
0
2
0
4
4
4
0
0
2
2
0
6
8
2
2
6
0
0
4
2
0
2
0
0
4
0
0
6
14
2
0
4
4
6
6
10
4
0
2
6
0
2
2
2
0
8
0
0
2
0
2
11
2
0
0
4
0
0
0
2
2
4
2
4
2
2
2
0
0
2
4
6
0
2
6
4
10
4
4
2
0
6
4
2
0
0
0
2
10
2
2
4
4
2
0
0
2
0
4
0
0
2
2
0
6
2
6
0
0
89
6
0
4
2
0
0
2
0
0
4
6
6
10
2
6
2
0
2
2
0
6
0
6
4
0
2
2
0
4
0
4
6
2
0
2
8
2
6
6
2
4
6
4
6
0
4
0
2
2
2
0
0
4
4
6
4
2
8
2
8
2
2
2
0
2
2
2
4
2
4
2
2
4
10
6
2
4
2
0
0
2
2
0
4
86
17
0
2
2
4
6
0
2
4
4
2
2
71
4
0
0
2
4
2
0
2
23
8
10
4
2
4
6
4
2
4
2
0
2
0
0
2
2
0
0
2
0
2
2
0
2
4
0
2
2
6
4
0
4
2
2
0
0
2
0
2
2
2
2
2
0
2
2
0
0
2
2
0
2
2
2
0
2
2
4
6
2
2
0
0
2
0
5
0
0
2
9
2
4
2
2
0
8
2
8
2
4
2
2
0
2
4
0
2
2
2
2
4
2
2
4
0
2
4
2
0
2
8
0
2
2
0
0
2
2
0
4
2
2
0
2
2
2
2
4
9
6
2
2
2
2
0
6
0
4
0
6
2
4
2
0
0
4
2
8
0
6
2
2
2
2
2
2
2
0
2
0
4
0
2
2
0
11
0
2
4
4
2
0
0
0
2
2
2
4
4
2
2
4
4
2
2
0
2
2
2
0
4
2
0
0
0
2
2
2
6
2
0
2
4
2
2
2
2
2
6
0
2
2
4
0
2
0
6
4
2
2
0
2
2
4
2
4
2
0
0
8
0
0
37
0
0
0
6
0
2
2
5
0
2
0
0
2
2
2
2
0
2
2
2
2
2
2
5
4
3
2
2
0
2
2
6
0
5
0
2
4
37
6
0
0
0
4
2
2
6
4
6
0
0
0
4
4
2
2
0
2
2
0
2
2
2
4
2
2
0
2
0
4
6
2
2
0
0
0
0
0
4
2
2
2
6
4
0
6
8
2
0
4
6
0
0
4
0
8
4
2
17
0
2
6
4
6
0
2
2
2
6
0
6
0
30
2
4
0
2
0
4
4
4
2
11
4
6
0
4
2
2
2
2
2
2
0
2
0
2
0
4
4
2
0
6
0
4
2
4
4
0
4
2
0
0
2
0
2
4
4
6
0
6
6
4
2
2
0
0
4
0
2
6
0
8
2
6
0
0
0
0
4
2
2
2
2
4
0
0
0
6
0
4
13
0
2
6
6
4
15
4
0
0
4
2
8
0
4
0
9
4
8
13
4
0
6
27
4
4
4
0
8
4
4
11
12
4
2
8
23
4
6
8
4
4
6
8
8
2
2
13
4
6
8
4
6
8
2
6
8
10
4
2
17
2
4
4
6
0
0
2
11
2
4
0
15
0
4
6
2
4
0
0
2
9
6
2
0
4
11
0
2
2
0
6
2
4
6
6
36
0
4
6
2
0
8
0
0
6
10
2
0
0
2
10
6
4
0
0
2
4
13
2
0
8
2
11
6
2
13
21
15
6
8
9
39
6
11
6
2
0
2
0
4
0
9
11
8
0
2
2
6
0
4
2
6
4
4
15
15
6
4
4
2
0
11
2
13
4
6
2
8
0
4
2
3
0
0
0
0
2
0
1
0
1
2
2
0
0
2
0
0
2
1
0
1
2
2
1
0
0
0
0
0
0
0
0
0
1
0
1
0
0
1
0
0
1
1
1
0
0
3
2
2
0
1
2
2
1
0
2
1
0
0
0
2
0
0
1
0
2
1
5
0
1
1
1
0
3
0
2
0
2
2
0
0
0
1
0
1
2
6
0
1
0
2
2
0
1
2
2
0
3
0
0
1
2
0
1
0
1
0
0
0
2
2
0
1
0
2
0
2
1
2
0
0
0
0
2
1
0
0
1
1
2
2
1
1
2
1
0
0
0
1
0
2
0
0
0
0
0
0
0
0
2
2
1
0
0
0
3
2
0
1
3
2
2
2
0
0
0
0
1
1
1
0
2
0
0
0
2
0
0
3
0
0
0
0
0
1
1
0
2
0
2
0
1
0
2
0
2
3
2
2
0
2
3
3
2
0
0
1
2
0
0
0
0
0
3
5
0
0
2
0
0
2
0
3
2
0
2
1
3
0
0
2
0
0
1
2
2
0
2
0
2
0
0
0
0
2
0
1
0
2
2
2
2
2
2
1
1
1
0
0
2
0
0
2
0
0
2
2
0
0
3
0
0
0
0
0
2
0
2
0
2
2
3
3
2
0
1
0
0
17
9
8
9
14
8
19
9
13
17
15
9
9
17
12
19
17
11
8
10
10
11
13
15
10
8
13
14
10
10
16
10
10
15
10
13
7
13
11
14
10
12
14
8
13
12
12
12
8
12
16
10
11
11
12
17
12
15
12
25
10
15
12
13
17
9
13
13
8
4
15
14
16
10
12
10
12
11
17
15
11
11
18
15
9
17
13
12
12
15
58
14
15
11
15
15
10
10
13
16
23
9
20
14
19
15
12
10
17
13
15
16
13
16
16
23
10
11
13
19
13
15
14
19
15
11
19
19
11
19
19
15
24
16
13
13
11
10
19
13
15
19
19
17
14
15
17
13
11
11
8
14
25
21
16
15
13
12
14
10
12
14
15
21
13
11
11
25
15
17
19
17
23
11
20
17
21
21
10
23
17
35
14
15
13
9
15
13
12
17
13
21
17
15
23
10
19
11
17
10
8
18
13
9
12
17
18
15
11
16
13
19
10
15
23
12
13
16
21
12
15
15
19
13
11
18
13
17
13
6
16
11
10
19
10
15
18
8
8
12
11
19
11
11
10
21
12
10
16
20
12
15
8
12
17
14
10
11
26
11
11
9
11
14
13
19
12
10
14
13
9
15
15
17
13
10
9
12
17
15
10
18
10
10
23
23
15
12
9
8
3
9
13
3
5
8
5
11
5
7
12
11
13
6
7
2
4
5
9
5
9
7
9
6
5
7
11
8
9
9
5
9
14
11
28
4
4
33
9
5
7
5
3
13
9
44
13
7
17
48
9
9
5
8
9
7
8
14
5
7
5
22
5
11
7
5
6
4
10
7
12
8
14
7
14
9
7
3
12
14
9
11
9
11
13
5
11
9
5
26
7
7
14
16
8
10
12
5
9
9
7
3
7
29
6
8
9
13
9
7
20
18
5
7
3
7
7
3
5
18
16
9
14
13
10
9
3
5
9
9
5
15
13
15
11
7
9
5
4
3
3
7
2
4
7
18
3
8
21
5
5
14
13
15
5
9
14
5
9
9
8
7
9
4
4
3
6
5
11
9
7
7
11
9
5
7
6
9
11
9
9
10
12
22
8
7
7
7
5
20
13
5
12
5
9
11
7
13
3
2
7
9
10
9
16
8
11
12
12
15
2
2
3
3
9
5
12
14
7
10
13
10
2
3
4
5
3
2
6
5
9
8
5
5
3
7
5
2
4
3
5
2
7
4
14
7
28
5
4
3
7
7
6
9
11
11
9
7
12
6
6
2
7
5
2
2
6
2
4
5
7
3
7
27
8
25
5
5
5
13
5
13
15
7
6
3
0
0
2
2
6
0
0
2
4
2
2
0
4
2
6
4
0
2
0
0
0
2
0
6
0
0
0
6
6
2
0
2
0
2
4
2
2
2
0
0
2
2
0
4
2
2
0
0
2
0
8
4
4
4
0
0
0
4
4
4
2
0
4
0
4
0
0
4
2
6
4
4
6
0
4
2
6
0
0
2
2
0
4
2
0
0
2
2
0
2
2
4
0
4
0
2
0
0
2
2
2
0
0
2
0
2
2
2
2
0
4
4
2
4
0
8
4
6
6
4
2
0
0
0
4
2
0
2
6
2
0
2
6
0
0
2
0
0
2
2
4
4
0
0
2
2
4
4
4
6
2
2
0
0
0
0
2
0
0
0
4
2
2
4
2
0
6
0
0
2
0
4
2
4
4
2
2
4
0
6
0
4
2
0
0
4
0
4
0
4
4
2
6
2
4
2
0
0
2
8
0
6
2
0
10
2
0
0
8
2
0
1
4
2
2
0
4
0
2
0
2
4
0
0
4
4
2
2
2
2
2
2
6
2
0
2
2
2
2
0
6
2
2
2
4
6
0
2
2
0
4
6
2
6
2
0
2
4
4
0
0
0
4
2
2
2
2
2
2
4
2
4
0
2
4
8
0
2
0
4
2
2
0
6
4
0
4
6
2
0
2
0
2
0
0
2
0
0
4
0
2
0
2
2
0
0
2
0
2
0
4
2
2
0
2
0
0
2
2
0
2
2
2
0
0
0
0
4
2
2
2
0
2
2
0
0
0
0
2
0
2
2
2
2
4
0
6
0
2
0
2
0
0
2
2
2
2
0
2
6
4
0
0
0
4
0
0
0
0
2
0
0
2
2
2
0
4
2
2
0
0
2
2
0
2
0
0
2
2
4
0
2
4
4
4
0
4
2
0
0
4
0
0
0
0
2
0
0
2
2
0
0
4
2
2
0
6
4
2
0
2
0
2
2
2
2
2
2
2
0
0
0
0
4
4
2
2
2
0
8
6
2
2
2
4
0
2
2
2
4
2
4
4
2
2
2
4
6
4
2
2
4
2
2
2
2
4
0
2
2
4
2
0
2
4
2
4
4
0
2
0
2
0
0
0
2
0
2
0
2
4
7
2
4
0
2
2
2
2
2
2
0
2
0
6
0
2
0
2
0
0
11
0
2
2
0
2
2
2
0
2
0
2
0
2
0
2
2
2
2
2
0
2
2
0
4
0
0
0
2
2
8
2
0
2
2
0
0
0
2
0
0
0
2
2
6
0
2
2
0
0
2
0
2
2
4
0
0
2
4
2
2
4
2
0
0
64
69
53
51
52
74
56
67
52
53
49
58
43
47
52
60
42
46
50
38
91
61
67
81
46
55
73
76
67
65
76
52
39
55
85
47
83
90
63
65
46
71
59
58
75
55
46
50
82
58
78
57
79
41
78
72
89
61
36
85
66
44
59
43
57
68
66
81
71
71
58
82
58
63
58
63
85
55
39
82
56
50
81
55
52
69
54
57
55
66
84
70
49
76
75
84
85
46
36
88
57
51
67
86
29
62
57
62
78
73
44
53
85
87
57
58
56
59
60
52
83
53
80
42
52
57
50
62
59
40
42
44
42
43
54
55
54
41
52
53
80
53
51
48
59
34
41
29
56
61
67
61
42
30
42
48
58
48
63
75
67
74
71
66
43
30
62
86
41
85
55
35
75
56
80
56
35
40
50
72
55
58
82
86
54
79
62
60
30
60
50
62
47
61
29
49
45
39
40
72
35
37
81
51
30
44
56
66
85
59
54
49
57
43
80
75
81
33
72
60
55
78
58
82
87
46
57
58
43
53
56
28
39
37
25
36
38
29
39
40
37
33
57
42
41
44
64
40
57
40
29
31
44
45
47
51
59
33
42
51
36
34
54
48
49
61
59
54
47
28
49
44
36
34
40
45
58
36
38
80
57
46
48
63
35
32
33
42
0
2
0
0
0
0
0
2
0
2
2
0
2
0
0
2
6
2
4
6
2
2
0
0
4
0
0
2
2
4
2
2
2
4
2
6
2
2
2
2
2
0
0
4
6
0
0
2
4
2
2
2
2
2
0
2
2
0
0
0
0
2
0
0
2
2
0
0
0
2
0
0
2
6
4
0
0
0
4
0
0
0
2
4
0
4
0
0
2
0
0
2
0
2
2
2
0
0
0
4
0
6
0
2
2
0
0
0
2
0
4
0
0
2
0
2
0
2
2
0
4
0
2
0
2
4
0
2
2
0
0
2
2
4
0
2
4
0
0
2
2
0
0
0
0
0
2
2
6
4
2
0
4
0
2
2
0
0
0
0
0
0
2
2
0
0
0
2
0
6
2
0
6
2
0
4
2
0
0
2
2
2
2
4
0
4
0
0
2
4
2
2
0
0
2
0
2
2
2
0
2
0
4
0
0
4
2
2
6
4
2
2
0
2
0
0
0
0
0
0
2
0
2
2
0
0
2
0
2
4
6
4
0
0
0
0
2
0
0
0
0
4
2
2
0
2
2
0
4
4
4
0
2
0
10
0
0
2
0
0
0
2
2
6
0
0
2
0
0
2
2
2
4
0
0
2
0
0
0
2
0
0
8
0
0
0
2
0
