0
4
6
2
8
4
0
0
5
6
4
2
4
9
0
0
0
0
0
9
4
0
4
9
0
0
4
0
2
4
4
0
0
2
8
0
9
2
8
7
6
11
2
2
4
0
2
4
4
0
0
4
0
0
0
0
2
21
15
0
0
0
2
2
2
8
0
0
6
12
0
2
0
6
0
15
0
0
8
0
2
0
2
2
0
4
0
7
4
0
0
0
4
2
6
2
26
0
0
2
6
6
2
0
21
13
2
0
4
7
3
2
5
7
2
2
4
4
0
0
9
2
0
4
2
7
2
0
0
0
5
2
6
2
4
2
17
2
0
0
4
2
8
5
2
8
6
0
9
4
2
2
19
2
0
6
11
4
3
4
2
7
0
2
4
6
0
4
7
0
8
2
2
2
0
2
0
0
7
4
2
4
4
4
0
4
33
8
0
7
19
11
4
4
4
21
4
9
2
6
2
0
2
0
9
9
6
6
0
2
0
0
4
7
2
0
0
0
5
0
4
11
0
4
0
2
4
4
6
26
2
21
7
6
6
6
2
4
9
10
6
8
4
10
0
7
11
4
0
4
2
0
0
4
7
4
2
0
2
4
15
0
2
0
11
0
0
2
15
4
6
2
7
0
0
2
9
0
5
5
2
4
4
2
11
0
0
12
81
72
80
91
62
48
78
91
92
82
82
86
84
86
49
82
77
73
76
84
77
85
75
85
75
84
88
83
66
85
77
82
68
91
87
53
83
75
82
17
88
80
82
71
74
87
72
78
77
87
83
80
80
86
62
56
79
77
78
71
88
78
73
77
87
88
67
79
75
83
72
86
80
34
79
62
79
90
88
83
65
82
76
79
87
82
65
46
81
80
82
84
68
83
77
83
86
75
70
90
69
81
82
82
72
85
78
90
73
86
63
58
74
79
33
81
78
82
82
83
40
45
37
16
69
86
89
81
83
78
95
81
76
81
77
64
71
81
89
83
67
86
83
66
80
78
84
73
44
85
87
75
83
37
72
69
88
66
80
84
81
85
70
85
72
85
80
41
67
45
56
11
49
43
73
73
82
66
78
88
81
72
61
88
84
40
74
80
46
65
86
79
42
34
33
59
85
84
78
66
52
83
67
83
72
51
45
14
79
58
73
75
86
71
85
74
87
80
86
81
33
70
48
83
80
72
85
86
42
84
70
39
65
55
50
81
79
50
83
72
82
79
85
61
75
60
49
70
92
77
95
76
76
64
76
69
74
72
88
67
72
80
80
86
79
57
77
76
85
64
86
43
89
85
84
84
71
81
46
85
43
90
91
83
80
88
82
78
11
6
34
19
27
14
11
39
17
51
31
15
15
12
9
4
42
11
34
11
21
31
17
25
23
6
18
15
13
13
9
44
8
17
34
11
38
26
25
11
28
36
19
6
19
34
11
24
13
21
29
7
19
24
6
15
20
15
15
15
15
11
17
10
15
66
43
17
6
25
18
34
35
23
11
29
17
32
40
17
17
25
23
33
16
57
16
15
24
21
23
15
28
45
14
17
11
32
17
43
21
13
29
34
8
22
48
39
22
11
30
23
19
29
19
57
31
40
25
24
36
41
28
25
15
13
21
29
5
45
44
34
19
13
4
39
36
31
36
39
17
25
9
15
25
27
29
36
21
23
21
10
17
24
14
19
21
25
18
20
17
30
12
32
21
28
12
25
32
11
26
30
15
23
35
22
21
46
28
8
17
50
11
17
24
15
27
31
9
21
9
24
21
19
16
42
47
30
22
24
24
25
11
30
19
22
37
13
7
18
12
18
26
24
18
15
15
32
16
33
15
8
17
42
25
18
42
10
5
29
20
21
14
15
13
9
17
54
14
13
13
13
30
5
35
18
14
9
9
17
34
5
17
5
10
11
10
3
5
4
6
4
2
0
6
2
7
5
5
3
4
4
3
3
10
7
5
1
5
5
6
7
9
0
5
4
2
10
0
0
2
0
0
3
2
0
2
2
2
0
0
26
2
0
0
0
0
0
1
2
0
0
2
0
0
2
0
0
2
0
0
0
0
3
0
0
0
2
0
0
0
0
0
0
0
0
0
2
4
0
0
0
0
0
0
0
0
0
0
0
0
2
6
0
4
0
0
0
2
0
0
0
0
2
2
0
2
0
2
0
4
2
0
2
4
0
0
0
0
0
0
2
0
5
2
0
0
0
2
0
0
2
2
2
0
0
2
6
2
2
0
0
4
0
0
0
2
4
0
0
2
0
0
2
2
0
0
2
0
0
2
0
2
0
2
2
2
3
0
6
2
4
0
0
2
0
0
7
2
0
2
0
2
0
0
2
2
0
3
2
2
4
2
0
0
4
2
0
5
0
2
2
3
2
2
0
2
2
2
0
0
5
0
1
2
8
5
7
2
0
1
2
1
3
2
0
1
1
0
2
1
2
0
1
0
2
2
0
2
0
5
0
2
1
3
0
1
0
2
5
0
1
0
0
2
2
1
0
2
1
1
0
1
6
0
1
0
1
0
0
2
1
2
1
4
0
1
2
1
2
2
1
0
3
1
0
1
2
0
1
0
1
4
2
0
1
2
1
0
0
1
4
4
0
2
1
3
1
2
2
1
1
1
1
1
3
2
0
3
0
2
4
4
2
0
1
2
5
1
0
0
2
2
0
3
2
2
5
2
2
2
2
4
2
0
0
3
0
2
2
0
2
2
0
0
0
7
4
3
2
3
2
2
0
0
0
1
4
0
2
4
4
0
4
3
0
0
0
0
0
16
4
0
0
2
2
2
2
2
2
0
2
0
2
0
2
0
2
2
2
3
2
14
2
0
4
2
2
2
2
2
2
0
0
0
0
0
0
2
2
0
4
0
2
2
4
0
2
2
0
0
2
0
2
2
2
4
5
0
2
5
2
2
4
2
2
2
4
2
2
1
0
2
0
2
2
2
2
2
2
0
4
0
2
0
2
4
2
5
4
2
0
0
0
4
5
7
3
2
0
1
8
2
2
4
4
3
2
5
0
3
2
0
0
0
2
2
2
1
6
2
2
2
2
0
0
2
2
3
6
3
2
2
0
0
2
0
0
0
0
0
2
0
2
4
2
0
4
2
9
2
3
4
0
0
2
0
2
2
0
0
7
0
0
0
0
0
17
0
2
0
2
0
2
2
2
1
13
4
0
2
0
2
0
0
2
4
4
3
5
4
1
4
2
7
3
2
3
2
2
4
0
0
0
3
0
0
2
0
2
0
3
2
0
3
2
2
0
4
2
4
2
0
0
2
4
4
4
6
4
4
2
4
4
4
2
2
2
2
4
4
4
6
4
0
0
0
0
2
4
4
2
4
4
6
2
4
2
2
0
4
2
4
2
4
4
4
2
6
4
2
4
2
2
2
4
2
2
4
2
0
2
4
2
2
2
2
4
2
2
2
2
2
4
2
2
4
0
4
4
4
4
6
4
4
4
4
2
6
2
4
4
4
2
2
4
2
4
4
2
4
2
4
4
4
4
4
4
6
4
2
2
4
4
0
8
4
6
2
2
4
2
6
4
2
4
2
6
2
4
2
2
0
4
4
0
4
2
2
4
4
4
0
2
4
6
79
6
2
2
4
4
2
4
2
4
2
2
2
0
6
4
0
2
2
2
2
2
4
6
2
0
0
0
4
4
4
4
2
4
2
6
4
0
4
4
6
4
6
4
0
2
0
2
2
4
79
4
4
2
2
0
4
6
4
6
6
4
2
4
2
2
6
4
0
2
2
4
0
2
2
2
2
4
4
4
0
6
4
4
2
2
0
4
2
4
6
4
2
4
4
4
2
2
4
4
2
2
4
4
4
2
2
2
4
4
4
2
2
2
4
2
2
2
2
4
8
2
2
6
0
2
2
4
2
4
6
2
4
4
4
4
0
4
2
2
4
2
6
2
6
4
17
19
11
3
17
21
15
9
5
7
5
11
13
7
13
21
9
9
15
19
3
11
11
13
15
9
3
9
13
7
7
17
13
9
9
13
5
17
23
9
13
9
19
17
13
17
17
3
23
3
11
9
9
17
25
7
13
15
35
13
7
9
15
7
7
13
5
9
13
17
15
11
7
21
7
15
13
11
5
9
17
9
3
5
11
15
23
7
15
7
11
19
17
15
29
7
15
9
9
9
29
9
7
25
23
5
7
7
13
37
5
25
27
23
17
21
11
17
5
15
7
39
21
21
27
7
29
13
17
13
11
13
9
5
25
40
27
5
21
31
27
7
21
35
11
29
17
13
13
7
17
5
5
3
25
3
19
5
7
17
11
7
7
15
7
15
11
27
11
17
1
13
11
5
13
11
3
23
11
9
7
9
11
17
25
11
17
13
9
15
23
47
7
17
15
7
11
17
17
21
9
7
15
33
11
9
17
7
13
5
11
19
9
5
17
7
13
13
9
13
19
15
15
9
9
11
19
13
15
13
21
27
9
7
9
27
5
13
21
13
11
15
9
19
11
13
7
23
7
15
7
5
19
17
13
17
9
15
13
11
5
7
9
5
7
11
17
5
11
17
11
5
5
9
11
3
7
41
11
3
17
7
9
13
17
9
29
11
0
0
0
0
0
2
0
2
0
2
4
2
0
0
0
0
0
0
2
2
2
2
2
0
0
0
0
2
2
0
2
2
2
2
4
2
0
0
0
2
2
2
2
2
0
2
0
0
0
0
0
2
2
0
2
2
4
0
0
0
0
0
0
2
0
2
2
0
2
0
2
2
0
0
2
2
2
2
2
2
2
2
0
2
0
0
0
2
0
2
0
0
2
0
2
2
0
0
2
2
0
0
2
2
2
2
2
2
0
0
2
0
2
2
4
2
2
2
4
0
0
0
0
4
2
2
2
2
2
2
2
2
0
0
0
2
2
0
2
0
2
2
0
2
0
0
2
2
2
2
2
0
2
4
0
0
0
0
0
0
2
2
0
0
2
0
2
0
0
2
0
2
2
2
2
0
4
2
0
2
0
2
0
0
4
2
2
0
4
2
0
4
0
0
0
6
0
2
0
2
2
0
2
0
0
2
0
0
2
0
2
2
2
0
2
2
2
0
0
2
2
0
2
2
0
2
2
2
0
0
0
2
2
0
0
2
0
2
0
0
0
0
0
2
2
2
0
2
0
2
2
2
0
0
0
2
2
2
2
2
2
0
2
2
0
0
0
0
2
2
2
2
2
2
0
4
0
0
0
2
2
2
0
0
0
2
2
0
90
91
89
89
90
91
89
85
84
87
87
90
96
87
87
86
89
86
73
88
88
89
88
83
90
91
85
73
84
89
83
88
82
86
90
81
78
93
83
89
86
84
85
87
93
88
91
78
88
90
90
69
84
89
90
79
87
89
86
84
82
87
84
90
50
88
91
90
90
86
85
86
85
90
81
76
82
88
87
90
74
83
81
79
75
83
49
82
87
91
89
86
81
84
89
78
86
79
75
76
57
74
83
84
87
78
84
75
80
82
87
84
89
84
80
80
85
87
77
80
85
75
86
86
82
84
71
74
75
75
91
82
81
80
91
87
84
84
79
84
68
53
84
85
65
83
82
71
74
83
84
85
88
81
88
76
94
74
82
82
80
89
87
80
74
85
79
86
79
81
74
76
75
76
81
67
75
86
91
82
84
86
87
88
77
87
79
85
86
86
72
76
86
87
74
87
75
82
83
87
56
77
78
78
32
87
89
86
83
83
86
89
76
87
72
92
84
82
72
83
79
83
83
70
84
84
75
85
74
45
61
67
73
58
72
35
74
40
59
68
65
73
60
74
54
81
71
39
83
75
89
89
80
78
92
91
82
87
75
73
73
78
73
78
71
69
77
62
63
77
82
75
72
80
77
73
71
76
80
80
81
84
68
80
74
55
40
79
18
19
4
17
7
5
26
12
34
19
0
14
11
38
30
27
15
13
27
34
26
2
17
7
36
24
63
2
14
31
21
29
11
27
27
2
19
19
4
39
15
4
21
11
8
47
25
0
38
43
37
17
27
0
29
6
18
21
22
22
46
19
44
6
31
26
24
39
12
20
34
22
28
28
20
31
9
7
31
16
8
34
16
20
26
53
33
13
5
34
22
6
17
15
24
38
39
31
42
20
16
4
22
47
4
12
3
12
9
42
17
8
24
34
31
13
29
12
27
15
19
32
33
28
53
19
4
8
30
4
23
22
6
2
22
10
4
21
2
24
21
4
10
31
5
4
32
31
19
14
26
39
32
10
0
11
27
15
10
46
24
6
29
17
4
19
24
4
37
17
33
36
23
13
19
20
22
7
11
34
5
22
8
38
14
7
26
30
10
14
2
2
18
10
28
29
24
30
10
14
17
6
16
8
7
2
33
24
2
32
16
15
40
19
16
20
16
40
27
32
4
22
5
31
24
38
22
4
4
28
39
2
19
29
18
28
1
22
22
4
26
40
32
6
18
41
39
18
25
8
22
7
17
22
13
0
31
13
21
10
38
15
7
4
20
13
12
21
35
11
22
18
19
9
31
7
5
38
2
34
4
24
27
19
10
17
30
10
