0
1
2
2
0
0
0
0
0
0
2
2
0
1
0
3
0
1
2
2
3
0
0
15
0
0
2
12
3
0
2
2
0
1
3
2
0
3
0
2
0
0
0
0
2
1
9
15
1
4
2
0
0
0
2
0
3
0
2
3
0
3
0
2
2
0
0
0
0
0
15
0
2
3
0
0
0
2
0
2
1
2
0
0
2
3
5
1
1
0
2
0
0
0
0
1
1
2
0
0
0
2
7
21
6
2
0
3
0
2
0
1
1
0
1
0
2
0
3
1
0
0
0
0
1
1
1
1
1
0
0
1
1
1
0
0
1
3
0
1
2
1
0
0
2
2
1
1
0
3
0
0
2
4
1
0
2
2
2
2
3
0
0
2
0
0
2
1
0
0
1
0
2
2
7
30
2
0
2
0
3
0
1
0
0
1
0
0
1
9
7
2
2
2
0
0
0
0
0
0
2
2
1
0
0
0
2
0
1
2
1
0
3
0
0
4
2
3
2
17
0
1
3
1
3
1
0
1
3
1
2
0
0
3
2
2
0
0
0
0
3
1
0
3
2
2
0
2
0
0
2
3
0
10
1
0
1
2
0
0
0
0
0
2
1
1
1
1
7
3
0
0
0
2
0
3
0
1
2
10
2
1
2
1
0
3
2
0
6
4
0
4
2
8
2
0
0
0
0
0
0
0
0
4
0
2
2
2
0
4
8
4
0
0
2
4
4
4
0
0
2
8
6
0
2
0
6
4
6
4
2
12
6
6
2
4
0
2
6
6
4
2
10
0
6
0
4
0
4
4
6
0
0
2
6
2
6
6
0
4
4
2
4
8
2
70
98
0
4
10
4
2
0
4
8
0
0
0
0
4
6
2
0
2
0
0
0
6
10
2
0
2
4
0
8
0
2
2
0
2
6
0
0
78
2
0
4
2
0
0
4
4
4
0
0
2
4
8
4
2
2
0
0
2
4
4
0
4
4
0
2
2
2
4
4
4
6
0
2
4
0
2
0
2
0
4
2
0
0
0
0
4
82
0
0
0
2
4
0
0
2
8
0
8
4
0
6
2
2
2
4
2
2
2
2
6
4
0
10
4
0
4
2
8
0
2
4
6
10
0
2
4
0
2
4
4
0
0
0
4
2
6
0
0
6
6
8
0
4
0
0
2
4
0
78
4
6
4
4
0
0
0
2
0
0
2
4
0
0
6
2
2
0
2
0
4
2
2
2
2
4
2
0
2
4
0
4
0
4
6
0
0
4
6
2
4
2
2
6
4
6
2
0
0
4
0
2
2
2
86
6
10
0
2
10
0
12
8
8
11
8
9
9
10
12
9
8
13
7
10
6
16
6
8
9
6
8
16
8
10
10
12
8
8
10
9
6
10
7
6
6
14
5
10
10
8
7
5
9
6
9
7
9
10
6
9
10
12
8
12
7
6
9
10
6
10
10
12
8
6
6
12
9
9
6
6
10
12
10
10
9
8
9
8
12
6
8
7
10
6
9
10
10
6
8
14
12
7
6
10
8
5
7
11
8
8
14
13
7
10
6
7
11
13
0
4
0
28
19
2
2
4
2
2
26
24
0
0
2
2
27
29
3
6
0
4
2
20
2
4
0
4
4
19
2
4
0
4
4
19
27
4
19
2
4
2
23
23
0
0
2
4
28
27
0
2
0
2
2
22
22
2
2
6
2
17
17
4
0
15
20
6
6
0
2
26
12
2
0
4
2
4
20
0
4
2
0
0
20
6
0
0
2
2
24
28
0
2
0
0
6
28
22
0
4
0
2
4
20
28
4
4
4
0
0
19
2
0
2
0
12
4
28
4
8
2
2
2
29
14
4
2
0
0
2
17
31
24
4
4
2
0
28
20
6
2
0
6
2
24
4
0
2
4
0
0
13
23
0
4
0
2
1
23
3
2
2
2
30
28
30
4
2
18
2
4
0
2
10
0
6
2
26
22
14
8
4
19
12
13
0
6
10
12
0
10
15
10
0
8
6
6
4
0
8
6
6
0
0
10
10
0
0
8
19
0
0
12
14
0
0
2
12
0
14
0
6
0
12
0
12
0
12
0
6
10
8
0
8
12
17
10
0
12
8
7
8
10
8
12
0
10
14
6
8
8
8
0
15
10
12
0
10
21
8
12
10
15
10
6
10
10
6
10
8
12
17
10
10
11
4
0
6
8
0
6
6
6
0
19
6
10
0
10
2
2
0
4
13
0
0
12
14
16
0
0
0
0
14
4
6
0
0
27
12
0
0
15
14
0
0
10
17
0
0
0
0
0
0
0
0
0
0
0
10
27
16
0
15
0
17
12
0
8
0
16
4
10
37
6
15
10
14
8
0
10
10
0
0
17
0
0
0
0
0
0
15
4
6
6
8
0
0
0
0
14
0
21
12
0
15
33
12
12
19
25
0
10
25
17
4
0
8
0
6
8
0
0
4
4
0
0
19
0
0
0
14
12
0
6
8
23
0
8
0
23
10
0
14
0
10
0
4
17
0
0
21
12
0
0
18
14
0
0
8
17
0
0
8
27
6
0
10
8
2
0
10
23
4
0
19
6
10
0
18
12
2
12
16
8
8
14
19
19
0
12
15
10
0
0
6
16
12
6
12
15
8
0
10
4
4
4
2
12
10
2
6
10
6
4
12
2
6
4
2
10
4
14
2
6
2
4
18
6
2
4
4
8
0
8
4
4
2
4
2
2
8
8
8
2
4
0
4
2
8
6
2
10
2
6
10
2
6
8
6
9
2
0
4
0
2
16
12
0
4
2
8
4
6
6
0
6
2
2
2
4
0
0
37
2
6
6
0
2
6
2
6
2
5
2
0
6
2
6
10
2
2
0
8
2
6
2
4
2
4
4
6
6
2
2
0
4
4
6
2
8
2
10
4
4
4
4
4
29
4
6
10
6
12
8
4
4
16
4
0
6
8
4
4
0
2
12
2
4
4
2
4
2
6
4
4
4
12
4
2
0
4
2
6
4
4
6
4
6
4
2
10
2
12
6
4
2
6
2
10
6
18
6
10
8
6
6
6
6
2
14
18
6
4
4
12
6
6
6
6
4
0
2
2
4
4
0
6
4
0
2
8
6
0
2
8
2
6
0
8
2
6
6
10
4
4
10
4
2
6
6
4
2
12
6
2
21
4
35
0
6
10
6
16
12
9
16
6
10
29
6
14
8
6
12
4
6
6
4
16
38
8
10
8
6
6
8
12
8
6
8
8
6
10
10
4
4
16
4
6
4
8
4
10
2
58
92
53
34
69
52
82
95
81
62
74
84
75
35
51
60
69
36
40
57
18
63
82
73
36
38
79
62
79
52
84
35
60
32
32
56
61
30
60
20
79
86
81
76
41
30
28
54
56
44
20
33
71
53
51
90
55
56
88
61
28
76
24
42
79
58
13
95
43
69
40
24
19
43
46
16
50
38
44
74
59
60
27
20
33
38
64
38
47
75
74
42
23
25
23
60
61
21
37
22
37
20
31
30
49
25
51
54
23
15
23
21
24
36
28
46
51
86
77
28
14
36
76
56
55
23
42
20
31
32
61
62
60
21
43
9
54
36
73
74
31
27
24
31
18
26
81
73
63
25
52
47
64
61
33
44
48
52
73
78
74
14
48
30
16
75
60
47
48
35
31
74
53
60
53
77
72
29
77
90
64
57
53
82
80
61
79
53
54
47
48
39
59
58
83
66
56
17
84
90
78
65
32
42
41
48
26
53
21
27
63
57
47
56
74
63
96
69
32
68
41
37
17
69
75
78
65
21
48
30
18
66
96
57
14
41
61
81
63
58
78
64
38
73
83
68
48
29
39
33
46
86
41
44
43
24
33
63
82
73
47
34
12
28
26
61
54
45
61
36
30
34
27
33
43
67
18
34
18
69
48
59
55
34
45
24
32
28
13
17
7
5
7
6
7
14
13
6
18
23
9
4
8
20
4
16
6
16
14
6
6
28
16
12
9
14
16
6
17
30
8
21
22
8
26
12
11
21
4
4
8
12
8
17
17
12
9
16
12
20
5
6
16
8
20
9
17
21
12
20
12
2
10
12
3
12
6
9
16
26
13
12
10
6
8
14
8
6
12
13
20
16
24
18
10
14
8
22
10
12
6
24
24
8
5
6
2
6
6
5
6
19
15
18
12
23
11
18
8
9
8
20
14
15
24
22
10
27
14
6
8
13
14
6
16
8
22
25
18
8
26
6
22
14
14
8
24
14
6
16
2
24
14
25
1
0
10
6
6
18
20
6
9
22
16
8
14
20
14
6
17
14
8
10
14
14
18
12
8
16
5
8
12
14
18
5
8
14
6
12
7
10
16
18
16
8
14
24
8
18
15
7
17
14
16
4
2
18
18
25
6
8
4
12
8
12
8
10
16
12
11
18
16
6
14
10
18
22
18
14
12
15
10
8
24
0
22
10
18
11
3
19
14
23
14
4
5
8
18
6
10
16
14
8
6
6
8
18
8
12
10
16
8
6
6
4
18
16
8
8
8
20
5
14
14
12
12
8
14
16
22
11
26
24
20
12
17
12
10
16
6
10
12
16
10
28
2
14
33
2
59
9
26
22
14
0
7
34
14
7
0
7
51
35
2
57
5
6
23
16
9
49
2
17
11
7
18
21
14
0
45
4
38
23
5
0
2
21
25
9
3
10
27
42
0
7
2
0
7
21
0
37
17
6
69
27
0
21
8
5
0
44
0
21
26
0
5
49
19
3
0
3
31
12
66
13
26
25
65
3
3
57
12
0
30
2
0
5
18
12
0
26
16
4
16
0
19
40
3
59
17
20
7
0
0
7
0
3
0
0
2
24
67
12
85
2
33
0
23
40
18
24
5
17
35
5
9
0
7
0
3
64
2
16
13
34
45
47
0
35
51
33
0
9
28
0
2
14
30
19
23
75
42
30
7
26
5
41
7
36
26
0
78
0
43
3
0
3
26
10
27
3
35
30
12
9
31
24
17
0
0
39
0
54
17
9
17
3
28
0
10
19
25
2
9
7
17
11
30
3
12
24
2
8
24
5
0
51
52
18
27
66
7
21
0
28
15
36
2
47
17
43
0
5
24
64
0
2
29
18
2
34
30
10
22
0
70
51
0
10
0
0
3
5
5
0
0
11
49
2
12
2
28
6
3
0
0
65
60
44
74
16
30
16
24
11
31
35
0
0
56
67
61
0
88
0
21
7
26
0
4
16
72
37
9
5
19
8
21
28
39
15
25
12
30
34
84
5
20
13
22
22
24
17
30
25
21
14
13
31
15
32
15
31
18
16
27
19
24
28
24
19
24
23
11
30
30
65
29
35
14
37
62
16
21
26
81
34
28
31
30
26
18
22
68
30
29
31
13
42
51
50
30
43
50
46
42
60
39
15
18
28
48
50
52
39
29
43
41
96
55
0
0
70
0
80
0
0
0
94
0
54
40
32
18
83
48
38
26
26
56
15
48
49
38
46
31
57
27
46
15
47
66
55
62
48
74
41
61
59
53
63
79
52
43
48
67
55
60
71
51
49
75
45
58
47
39
72
32
40
70
46
48
56
82
73
57
74
61
61
65
69
51
87
63
66
45
48
63
95
76
44
20
46
68
75
65
45
46
43
61
61
67
46
45
59
76
63
23
48
67
64
32
43
59
74
47
49
37
62
49
88
63
79
64
61
71
60
81
38
77
68
38
68
57
62
67
54
78
57
72
73
59
58
68
32
84
58
60
43
55
55
48
50
37
47
53
49
42
32
42
41
27
41
32
56
32
42
41
50
26
49
56
49
75
32
34
46
76
64
37
62
64
53
75
26
59
35
39
38
50
41
44
68
41
70
62
31
86
19
52
49
49
43
38
59
44
32
74
30
27
56
1
1
5
3
5
3
5
0
0
1
5
3
2
1
1
3
1
0
0
3
3
0
5
3
3
0
0
0
3
0
1
4
3
1
1
3
3
0
0
1
3
7
3
0
1
0
1
13
0
1
1
0
0
3
0
0
0
0
0
0
0
0
0
1
0
0
3
1
0
0
0
3
0
1
0
0
0
3
3
4
3
1
1
73
0
5
1
0
11
0
0
2
0
0
7
1
0
0
0
0
7
0
0
0
3
5
5
11
3
0
0
0
0
9
0
2
0
0
1
0
5
1
1
1
3
5
1
5
0
0
3
0
0
3
1
1
1
1
0
1
0
15
0
5
1
3
0
3
3
3
3
5
9
2
1
3
43
0
4
3
1
6
0
2
7
1
0
5
2
3
0
1
0
0
0
0
0
0
0
0
1
1
3
1
0
1
0
5
0
1
0
5
2
5
3
0
0
0
2
3
0
1
3
0
0
4
1
0
0
0
0
3
1
0
7
1
5
3
1
1
13
1
5
5
0
1
0
0
3
1
0
0
1
3
5
2
0
0
0
0
0
3
1
2
0
0
0
1
10
2
0
5
1
0
0
0
1
0
4
0
3
0
1
27
3
1
0
0
0
7
0
7
0
0
4
3
2
0
1
0
2
3
0
0
3
4
0
3
