6
29
12
12
9
10
6
14
10
6
4
12
14
8
14
6
8
8
17
8
6
10
10
18
4
14
8
22
4
14
16
10
2
10
4
2
8
6
6
18
6
6
8
14
8
8
6
10
18
12
10
24
10
8
10
19
14
4
4
18
10
10
10
10
11
12
14
29
12
12
12
8
12
20
25
12
8
8
18
10
12
8
8
20
11
18
8
8
14
25
10
14
16
8
25
12
10
12
14
8
6
8
10
18
10
12
10
14
12
8
12
2
6
24
24
14
8
6
8
31
12
21
12
22
12
12
10
12
16
14
2
8
12
4
8
16
2
6
0
4
6
6
2
4
4
2
6
8
6
2
8
2
2
8
6
4
6
6
6
4
10
4
0
10
6
6
6
2
4
4
8
10
6
2
2
4
0
4
4
2
2
6
8
29
6
2
6
6
6
8
2
6
6
8
6
0
6
6
8
4
4
4
2
6
10
6
4
6
8
4
8
4
12
2
6
10
10
9
6
8
4
8
8
2
0
2
0
4
4
2
8
8
2
2
6
4
6
2
12
6
4
4
2
4
12
6
4
10
6
2
2
6
2
4
10
4
4
0
4
0
4
6
2
2
4
2
4
2
4
0
4
4
2
8
14
2
14
6
4
4
14
4
12
4
10
6
11
14
25
17
5
0
12
4
16
13
24
1
10
1
3
20
8
19
16
2
12
14
22
3
12
14
17
4
5
11
12
11
15
31
17
1
11
16
0
16
8
5
19
1
12
12
16
1
8
16
16
16
17
1
19
11
14
21
1
19
18
17
3
11
23
13
12
0
15
11
0
16
3
20
0
20
10
2
0
22
7
1
9
4
4
19
1
19
10
17
1
16
8
0
23
14
11
14
9
33
8
13
22
19
16
8
25
0
7
0
21
17
13
20
15
11
15
17
25
20
23
1
12
22
0
13
14
12
25
0
14
3
15
0
16
19
3
17
5
1
29
0
9
0
1
14
1
15
13
0
15
21
6
38
9
1
12
1
20
27
14
18
13
11
0
11
3
12
25
7
12
0
24
2
8
1
12
25
23
9
1
16
22
12
14
16
14
0
21
8
5
15
13
12
16
4
7
3
6
1
5
16
8
21
25
16
14
18
6
9
11
7
11
0
7
13
12
9
13
8
11
36
6
1
11
19
10
16
13
7
14
0
21
11
19
2
15
13
14
12
4
3
0
17
16
19
3
21
23
1
14
0
10
13
21
12
13
3
2
19
0
22
24
0
12
1
10
10
11
12
21
3
18
5
0
0
19
4
3
12
11
18
1
10
11
0
15
13
22
0
7
18
0
9
18
0
8
9
18
8
0
13
18
11
17
9
12
9
7
9
7
17
4
20
20
0
0
18
9
2
2
25
9
9
7
16
0
9
0
20
8
0
7
0
5
18
0
0
9
9
12
9
0
9
16
14
8
9
8
9
17
9
0
9
18
18
0
0
9
0
18
9
9
14
0
9
9
1
18
18
9
0
0
9
17
9
16
18
0
0
9
9
45
0
9
4
18
23
9
18
0
0
12
8
0
10
9
9
18
9
9
14
0
9
8
9
16
9
6
8
0
9
9
0
3
18
0
9
14
8
9
15
0
0
0
12
0
0
0
17
17
9
6
9
9
18
8
9
0
12
0
0
16
0
7
16
12
8
0
11
0
0
0
9
11
5
8
20
9
0
0
9
11
29
18
8
4
4
0
9
17
9
12
0
2
22
8
18
9
0
0
13
8
9
9
9
9
0
0
8
0
0
18
0
8
8
9
9
16
8
8
18
0
9
16
31
11
0
0
9
18
8
0
11
17
0
0
18
4
15
8
7
7
8
0
0
9
9
0
9
0
9
9
9
0
18
0
10
36
8
0
9
9
8
8
9
9
9
0
8
0
9
18
0
9
0
7
9
12
5
8
18
15
8
16
9
8
21
17
17
0
24
18
25
0
20
0
0
3
4
6
4
6
4
4
1
1
4
5
2
1
3
4
1
1
7
1
4
0
4
6
1
4
1
0
3
1
1
2
4
1
2
3
2
3
3
3
0
2
1
1
1
0
1
1
2
4
0
4
11
1
3
1
1
0
4
1
2
3
4
1
1
0
1
0
1
4
1
3
2
4
3
2
1
5
2
6
0
0
2
1
1
3
8
3
1
5
1
1
1
2
2
0
1
1
1
3
3
2
4
13
3
3
2
3
3
4
0
2
4
1
1
2
1
4
3
4
3
3
3
0
3
6
1
1
5
1
1
0
1
3
5
2
0
3
1
0
4
0
5
3
11
4
2
3
0
1
4
4
3
4
4
3
2
2
1
2
1
1
2
4
1
3
2
1
0
0
8
0
3
4
1
2
1
1
1
15
1
1
7
0
3
9
3
1
8
1
1
4
1
2
6
2
0
1
5
5
4
6
4
1
2
2
5
2
1
5
2
0
2
1
1
4
3
2
2
4
1
10
5
19
1
0
2
1
2
2
1
4
3
5
1
1
1
2
2
0
2
2
1
3
1
3
2
3
1
5
0
5
0
1
2
3
4
4
10
4
2
4
3
0
4
0
12
1
3
1
2
6
5
3
2
5
3
4
4
3
0
2
1
5
0
4
1
3
0
0
2
0
2
2
0
0
0
0
0
0
0
0
0
2
0
2
0
2
0
4
0
4
4
4
0
0
2
0
0
2
2
0
0
2
2
0
2
0
2
4
2
2
2
2
0
2
0
2
2
2
0
0
0
0
0
0
0
0
2
0
0
2
2
0
0
2
0
0
2
0
2
0
2
2
0
2
2
0
4
0
0
0
0
2
0
0
0
0
4
0
0
0
0
0
4
0
0
4
0
0
2
0
0
2
0
0
0
2
0
2
2
2
0
0
0
0
0
2
0
0
0
2
0
6
2
25
2
0
0
0
0
4
0
0
0
4
2
6
2
0
2
0
4
0
0
2
2
6
0
2
4
2
2
0
0
2
2
2
0
2
4
2
0
0
2
2
0
0
2
0
0
0
2
2
0
0
4
0
4
4
0
0
0
2
2
0
8
0
4
2
4
4
2
0
4
2
4
2
4
4
0
0
0
2
2
2
0
4
0
4
4
2
0
2
0
0
0
6
2
0
2
2
12
2
4
0
2
0
0
2
2
2
2
4
2
2
2
0
2
2
0
2
4
2
0
6
0
4
0
2
2
0
0
0
4
2
47
2
4
2
4
0
0
4
2
10
0
4
0
0
2
2
2
0
2
2
0
0
10
0
4
6
0
2
2
6
2
0
25
0
0
0
0
0
18
18
13
23
13
13
16
0
0
0
0
5
0
27
24
21
21
18
17
0
0
0
1
7
0
24
3
12
16
22
22
0
0
0
0
21
13
17
26
10
20
18
1
0
0
0
0
12
25
16
14
15
26
16
5
0
0
0
0
12
28
0
16
26
24
14
24
4
0
0
0
24
15
18
22
17
20
12
7
0
0
0
0
25
2
13
14
17
1
21
22
24
0
1
0
0
17
13
18
27
12
14
1
18
0
0
0
0
18
25
19
7
17
26
26
0
0
0
0
3
0
12
10
0
20
24
17
0
0
0
0
24
14
11
17
9
16
16
12
0
0
0
1
0
0
24
17
14
0
11
12
18
0
0
1
13
17
0
14
19
18
0
16
0
0
0
0
23
18
0
22
25
15
14
18
20
0
0
0
0
11
13
15
15
17
16
24
0
0
0
0
14
5
13
8
18
13
22
27
0
0
0
0
27
0
17
25
14
18
17
16
1
0
0
0
4
15
14
14
17
26
13
5
20
0
0
0
1
17
15
26
25
16
12
15
0
0
0
0
16
11
13
11
26
0
12
10
0
0
0
0
16
20
18
16
9
16
13
19
0
0
0
0
12
13
16
16
23
21
24
0
0
0
0
0
11
13
27
26
21
14
0
0
0
0
0
0
0
0
0
0
0
0
0
0
0
0
0
0
0
0
0
0
0
0
0
0
0
0
0
0
0
0
0
0
0
0
0
0
0
0
0
0
0
0
0
0
0
0
0
0
0
0
0
0
0
0
0
0
0
0
0
0
0
0
0
0
0
0
0
0
0
0
0
0
3
27
1
20
22
31
10
17
18
45
0
1
23
15
38
51
39
63
1
14
18
43
57
34
20
16
30
24
17
50
27
9
21
20
26
42
26
11
45
53
46
40
31
8
18
13
20
28
30
8
12
20
28
10
24
26
36
13
8
14
0
1
20
21
14
26
28
83
45
24
12
31
26
29
19
20
38
1
0
31
45
9
12
1
10
15
6
32
31
13
37
32
14
26
29
20
30
5
12
25
22
34
31
13
27
18
37
43
54
6
27
25
32
1
16
13
34
19
15
35
24
12
8
16
29
33
8
23
30
24
23
20
15
17
37
19
13
44
28
54
22
25
8
17
5
22
47
16
29
13
64
1
16
24
0
21
20
23
28
66
51
22
34
37
35
28
47
32
28
37
9
18
63
21
28
36
11
32
25
8
14
0
0
14
33
22
14
15
0
12
28
13
13
26
19
38
21
12
21
26
25
20
21
7
17
6
24
41
31
4
17
8
10
43
10
6
17
6
8
8
12
8
10
14
48
14
8
6
6
4
6
6
15
10
8
12
8
14
10
8
10
12
15
41
10
6
10
15
4
10
10
10
12
14
8
6
12
10
14
17
6
10
6
6
15
8
8
8
14
14
10
21
8
12
8
14
17
8
10
10
10
14
58
12
15
15
12
17
17
14
8
12
17
14
8
6
8
17
12
15
10
12
12
15
8
27
8
10
14
16
16
12
6
6
10
6
12
16
19
14
17
4
17
12
6
14
8
14
10
12
8
10
10
10
10
19
14
10
17
12
14
15
10
10
21
10
19
6
10
17
8
10
10
8
12
19
21
6
14
8
10
12
6
6
8
19
8
8
13
8
8
19
16
17
13
14
6
8
21
12
12
16
4
6
21
19
6
21
14
12
19
10
8
19
29
19
8
10
10
12
17
31
23
29
14
25
15
15
16
17
13
43
50
31
12
12
33
8
6
8
27
8
23
21
10
15
12
19
12
10
17
8
8
10
19
15
8
12
12
14
6
14
12
6
14
8
8
8
8
12
12
17
16
14
12
17
10
8
8
15
19
14
12
17
14
10
12
12
12
12
6
19
14
16
12
10
12
19
10
10
10
8
10
12
2
16
16
10
8
6
14
8
10
2
10
8
10
10
8
8
10
12
4
6
10
19
13
10
6
10
12
10
15
6
12
52
4
8
14
10
6
14
17
12
14
21
21
15
4
4
12
4
6
8
8
6
8
10
8
9
13
14
6
8
8
8
17
14
9
8
27
4
6
6
11
13
19
16
6
24
12
45
13
27
21
10
19
13
19
14
15
11
23
21
27
26
13
13
11
21
19
17
23
25
11
19
25
19
25
13
10
13
17
8
12
19
9
14
48
10
9
12
17
21
8
15
19
14
31
10
36
32
38
38
15
17
12
12
17
25
28
23
33
10
32
19
29
26
19
25
29
19
31
13
15
27
23
23
8
34
17
29
33
29
38
6
14
27
26
11
21
41
15
29
19
30
11
23
36
19
22
21
19
35
35
23
25
23
13
25
15
51
31
15
29
11
17
10
19
19
13
25
42
38
32
31
25
26
46
38
13
29
33
52
42
27
19
17
19
19
12
61
12
19
17
39
44
13
19
23
31
22
39
27
25
34
4
23
22
9
21
23
23
27
19
13
15
54
9
9
40
47
26
10
25
15
21
28
31
8
8
9
23
9
10
30
13
13
23
4
11
21
17
41
13
31
24
22
21
33
26
17
12
31
13
6
18
8
13
6
14
15
9
27
8
21
12
26
17
10
15
6
9
8
13
2
14
15
15
47
0
0
3
1
0
1
0
0
0
3
1
5
0
1
1
3
1
5
1
1
1
1
1
0
1
0
0
0
0
0
0
1
0
1
1
0
0
0
3
0
0
0
0
0
1
1
1
0
1
3
0
1
0
3
3
1
1
0
1
1
1
0
1
0
1
1
1
1
3
0
0
0
0
0
3
0
0
0
1
3
1
3
1
1
0
0
1
0
6
3
3
3
0
5
1
1
3
1
0
1
0
0
0
0
0
3
1
5
1
3
5
1
3
0
3
3
0
0
5
0
1
5
1
0
1
0
1
0
1
0
1
5
1
1
5
1
1
7
1
3
1
7
3
0
0
0
5
1
3
7
0
0
3
1
1
5
1
1
1
0
0
0
3
1
8
0
3
5
3
7
1
1
5
1
0
1
0
1
3
0
0
3
3
3
3
1
1
3
1
1
5
1
1
1
3
5
1
3
3
1
1
1
3
1
3
3
8
1
3
1
1
0
1
7
1
1
0
5
0
0
0
0
3
0
1
0
1
1
1
0
0
1
1
1
1
1
1
1
3
0
0
0
1
1
0
5
0
0
1
0
0
1
0
0
1
0
0
1
1
3
0
1
3
5
0
0
1
0
0
0
0
0
1
1
0
1
0
1
1
1
3
0
1
3
1
1
1
1
