0
76
55
0
2
87
76
2
0
0
62
42
0
0
32
63
70
69
47
15
0
3
0
72
0
55
0
79
0
60
75
48
0
0
0
0
0
44
0
0
0
2
0
0
0
0
0
83
73
0
91
0
11
96
2
0
92
0
0
42
67
0
0
0
0
0
52
0
49
58
0
0
60
64
0
4
0
82
42
89
76
2
0
0
0
74
69
0
0
0
87
0
3
67
0
0
0
3
4
61
0
2
60
0
52
44
0
0
2
97
14
62
0
48
0
60
0
62
0
25
0
0
0
48
68
7
53
69
0
0
19
68
0
0
60
72
0
0
64
2
2
0
9
0
0
71
18
0
80
2
74
66
2
0
0
0
66
30
0
60
81
0
0
0
30
0
44
0
0
38
50
0
70
73
0
0
56
2
0
0
0
0
0
0
0
61
50
0
0
0
0
0
35
10
0
39
0
71
59
0
0
0
69
78
0
17
83
0
28
51
68
0
0
2
48
44
33
0
3
0
0
0
82
80
0
0
6
72
0
53
0
2
0
0
72
0
67
59
2
0
67
0
2
0
0
84
25
0
84
0
4
2
2
0
95
53
0
2
0
79
0
0
0
0
77
76
0
40
0
0
0
0
0
75
0
0
53
0
0
0
59
0
0
80
32
62
0
0
5
2
0
5
0
3
2
4
0
0
2
5
0
2
0
72
7
4
2
4
2
3
4
4
2
0
2
6
5
0
2
5
4
0
8
2
0
0
4
6
4
4
2
6
6
6
0
0
2
8
6
4
6
8
0
2
0
0
4
2
2
3
6
0
4
4
7
0
2
0
4
6
6
8
0
2
0
2
4
0
2
2
0
4
0
2
2
4
0
4
0
6
0
0
0
0
2
2
0
4
2
0
2
4
3
2
4
0
2
2
4
2
2
2
0
0
6
4
0
4
4
2
12
5
11
2
4
2
2
4
6
4
4
2
2
0
2
4
4
4
4
0
3
2
4
2
0
6
14
0
0
4
0
0
0
2
0
7
4
0
0
5
3
2
5
0
2
2
2
1
0
2
2
2
8
0
4
0
0
0
4
8
2
4
0
2
4
2
2
3
8
0
32
15
2
0
2
4
4
0
6
0
2
5
3
2
4
2
3
4
0
0
2
2
3
2
0
2
6
3
8
2
3
2
4
0
4
2
0
3
2
7
2
2
2
4
5
6
2
3
3
5
2
6
6
2
4
2
10
0
6
0
6
6
9
12
2
8
8
2
6
3
10
8
0
6
4
78
0
2
0
4
4
2
0
4
0
0
0
6
0
2
2
7
7
0
4
2
2
4
0
0
4
0
2
2
0
0
0
4
2
2
2
4
0
0
2
4
0
2
2
4
4
4
6
7
2
0
0
0
0
0
4
4
0
6
4
4
4
4
8
0
2
0
8
6
4
6
2
2
2
4
6
0
4
4
4
2
4
6
2
6
4
2
2
8
2
0
2
4
2
0
0
2
2
0
4
4
0
2
2
6
4
4
4
4
6
2
4
6
0
2
4
0
4
4
4
4
2
2
0
2
2
2
0
2
9
15
26
6
4
0
2
0
2
0
4
0
0
2
2
4
4
2
2
2
17
4
4
8
8
10
10
6
8
4
6
0
2
0
8
6
7
8
0
21
7
2
6
0
0
0
0
2
0
4
4
2
0
0
9
2
2
0
4
4
6
4
9
9
11
2
0
0
0
0
4
2
6
6
6
4
2
0
2
0
0
0
0
0
6
4
4
6
17
0
2
0
0
0
0
0
6
4
4
2
0
2
6
2
2
0
0
9
13
6
6
0
0
0
0
0
0
2
0
0
11
0
0
0
0
0
0
2
0
0
0
4
0
2
0
0
0
0
0
0
0
0
2
0
2
0
0
0
2
2
3
0
0
0
0
2
5
0
0
0
0
4
7
1
1
0
0
0
0
0
0
0
2
0
0
0
2
0
15
0
2
0
0
21
13
21
0
0
0
23
26
18
2
0
0
25
15
0
2
0
0
0
16
0
0
0
3
2
5
2
0
0
18
16
21
0
2
2
0
17
17
0
0
18
2
0
0
0
0
19
23
17
5
0
22
13
23
19
0
0
0
20
20
3
0
0
0
11
23
16
0
0
2
20
16
0
0
15
15
17
0
0
33
20
17
19
0
0
18
0
23
0
2
23
16
18
2
0
0
9
0
20
0
0
27
18
17
0
0
0
24
3
2
22
0
0
19
19
14
2
0
0
19
11
2
2
0
2
0
18
17
2
2
13
19
21
2
0
0
27
18
0
0
0
14
13
0
9
5
0
0
0
23
13
0
2
0
20
20
0
2
0
0
2
3
21
18
0
0
0
0
2
24
0
0
0
2
7
18
22
2
0
24
7
0
0
2
0
0
19
21
24
0
2
5
20
20
18
2
0
2
16
21
24
0
0
21
24
2
0
20
0
0
0
0
0
16
18
21
0
0
22
0
19
0
2
0
11
28
0
2
0
0
0
2
0
10
16
0
0
2
20
0
0
0
20
20
2
0
28
18
21
0
2
19
19
0
0
0
9
21
19
0
0
19
17
2
0
0
0
26
2
0
0
2
19
2
0
2
22
9
4
2
0
18
24
22
0
41
50
44
74
90
48
73
75
94
77
16
43
36
69
70
52
78
74
11
71
46
41
64
28
56
80
36
63
86
43
8
65
49
38
89
28
18
30
16
30
63
20
17
80
25
38
27
17
17
45
50
46
47
25
14
48
75
39
30
26
56
10
42
41
26
75
29
74
40
56
31
40
52
56
32
57
62
14
45
32
19
35
33
50
41
37
58
31
35
77
2
60
64
39
36
28
24
12
29
32
29
62
61
47
31
36
50
46
63
31
19
43
43
26
10
67
31
21
47
36
31
53
67
18
49
26
9
33
54
62
17
22
34
19
25
26
17
36
30
16
76
58
36
28
55
30
46
64
66
71
59
83
60
44
16
34
68
19
19
27
32
28
40
78
52
78
31
40
15
16
9
57
51
61
10
43
47
31
21
59
34
45
66
49
41
11
12
41
69
52
46
32
59
61
55
34
70
55
28
29
35
27
32
32
35
82
57
49
57
64
9
25
35
48
31
21
26
22
43
30
76
68
8
58
62
70
34
53
22
63
45
42
41
67
10
31
64
64
37
56
43
24
31
87
74
66
64
27
22
20
27
45
30
32
30
73
43
73
37
67
28
42
52
78
63
20
48
35
63
74
63
53
17
22
41
29
13
53
74
25
61
32
32
62
38
67
41
41
2
10
2
2
0
4
6
2
41
4
4
2
4
8
2
2
4
2
0
0
2
2
4
4
4
2
4
2
4
0
2
4
2
2
6
4
2
6
2
4
0
2
0
0
0
2
2
2
4
2
4
4
0
4
2
4
2
4
0
4
2
4
2
0
23
4
2
6
2
2
0
2
4
6
8
2
6
0
0
2
2
2
4
2
2
4
2
4
0
10
12
2
19
39
6
2
2
2
2
4
2
0
0
0
2
2
4
4
2
4
2
2
0
2
2
0
2
4
2
2
4
4
4
0
6
6
0
0
6
4
4
6
0
4
4
6
4
4
4
4
2
4
0
2
2
0
4
2
6
2
6
6
2
6
2
4
2
10
6
6
2
4
8
6
2
2
2
0
0
0
4
2
2
2
2
6
0
4
2
4
6
4
0
4
4
2
4
2
4
4
2
4
2
2
6
0
4
8
4
4
2
4
4
6
0
4
21
0
0
0
2
4
0
24
0
4
4
8
2
2
4
0
2
2
0
2
4
2
2
6
6
6
0
0
2
4
2
4
2
4
0
4
6
6
2
2
6
6
4
0
2
4
2
0
2
6
35
6
4
4
0
2
2
8
6
6
2
6
4
0
4
2
2
2
4
4
0
2
4
2
2
0
6
4
4
0
4
2
40
26
29
24
34
25
26
27
14
37
26
24
37
27
32
9
25
23
33
43
14
18
39
30
31
34
21
42
39
31
21
30
37
50
53
37
47
33
34
31
13
34
32
33
23
38
37
37
51
20
33
2
17
3
5
39
32
34
48
39
40
27
31
14
39
27
20
28
22
35
43
28
18
33
39
32
24
9
24
29
33
42
44
46
28
32
38
45
31
26
27
60
28
2
39
38
29
31
23
38
37
24
25
48
36
39
41
28
26
28
23
36
20
18
31
31
43
42
40
39
31
33
37
35
36
32
39
44
40
37
41
30
32
26
33
29
32
29
39
36
42
39
30
51
17
26
23
18
34
34
23
42
42
26
19
50
40
27
43
37
29
32
34
31
40
54
34
37
41
29
34
37
24
24
27
42
60
29
37
27
45
34
23
33
33
42
44
23
33
37
35
46
50
40
26
20
43
30
14
21
42
31
30
28
38
42
30
30
35
22
37
41
34
34
36
47
38
35
46
33
33
33
32
25
39
35
35
23
43
32
27
41
31
28
37
40
32
30
41
24
44
34
36
39
40
32
20
42
23
52
35
37
51
38
28
27
22
26
47
28
53
26
32
42
21
36
13
38
28
29
35
37
24
25
28
44
32
34
37
39
31
38
26
41
45
37
31
37
2
2
1
2
0
4
0
1
0
1
1
1
3
1
2
3
2
0
2
1
1
1
2
3
0
0
0
3
1
2
1
3
0
1
0
1
4
0
1
4
2
3
0
1
2
0
2
2
2
0
0
1
3
1
1
2
3
1
3
0
1
3
3
2
7
3
3
1
4
0
3
3
1
7
0
2
2
1
1
12
1
3
4
0
2
2
1
1
2
0
5
2
1
2
2
4
1
3
2
1
2
6
2
3
2
1
1
3
3
3
2
3
0
7
3
2
2
3
0
2
0
4
0
1
1
0
1
3
2
0
0
1
3
3
1
2
1
3
0
1
0
3
0
2
0
1
4
1
10
3
1
2
1
0
5
1
1
1
3
2
4
5
1
3
3
2
1
0
0
2
0
1
1
0
3
3
3
3
4
2
19
0
3
1
3
9
0
0
3
1
10
0
1
0
1
0
0
0
1
0
3
0
1
1
4
2
2
2
4
2
2
0
0
0
2
2
0
1
0
1
2
2
2
2
3
0
1
0
0
1
0
1
4
1
3
1
3
1
0
0
3
2
0
2
1
2
1
1
0
1
4
2
2
1
0
1
0
1
0
0
1
3
0
2
0
0
2
1
2
1
1
2
1
0
0
2
3
2
4
1
0
1
8
0
1
2
2
0
1
1
0
5
0
5
1
3
3
5
1
0
1
0
7
1
0
3
3
9
1
0
5
9
7
1
1
23
0
1
1
0
1
5
7
0
5
0
0
0
5
5
5
1
1
5
1
5
0
0
0
0
5
1
0
1
11
5
0
1
1
9
5
9
0
7
0
1
9
1
0
3
5
3
3
3
1
49
3
13
1
7
1
1
3
0
1
1
1
1
7
1
1
1
0
7
0
9
7
0
3
1
5
0
9
1
3
3
23
11
17
19
15
7
3
0
7
0
1
3
77
1
1
10
7
0
5
1
1
8
1
1
3
1
1
1
1
19
1
5
0
3
0
3
11
3
3
0
1
0
7
1
7
0
3
80
0
0
3
0
3
3
1
6
3
0
7
1
3
1
1
93
5
13
3
1
5
19
1
87
1
1
4
7
3
1
1
0
1
5
1
3
5
3
7
1
3
13
8
3
1
7
3
1
3
1
5
3
0
10
3
21
5
5
3
95
0
7
7
1
88
56
3
7
1
7
9
6
11
49
3
1
11
7
9
9
5
1
1
3
5
5
9
11
25
12
14
5
11
3
1
5
7
3
3
5
16
3
3
78
3
3
5
3
1
3
1
1
7
3
3
3
3
1
3
3
1
7
7
3
14
5
1
60
3
5
45
1
22
19
18
16
13
28
15
21
13
16
16
13
11
9
11
17
17
13
16
15
11
33
16
22
34
13
16
12
16
17
13
16
21
21
10
27
14
13
15
15
17
10
12
17
41
8
13
9
8
18
20
20
15
15
23
10
17
18
10
6
13
15
12
12
24
13
20
32
29
15
7
19
14
7
20
24
4
15
20
12
21
22
7
12
8
22
15
33
8
27
12
20
14
26
11
35
10
31
36
31
32
10
57
33
29
23
29
7
20
17
28
11
22
27
13
17
12
23
33
19
12
9
27
20
19
4
17
9
28
15
24
16
9
25
11
11
18
19
18
14
13
20
16
17
15
18
28
14
4
10
11
21
4
6
31
30
11
29
34
30
13
18
17
30
29
23
16
25
16
27
13
34
23
31
32
14
14
33
27
10
20
31
52
28
25
15
30
17
16
30
21
34
23
11
15
29
21
43
37
21
12
25
11
12
26
14
14
10
13
12
8
48
13
21
20
12
26
32
22
27
10
23
11
22
23
2
21
18
12
8
11
10
17
10
20
13
15
12
10
8
20
16
17
14
13
13
21
17
11
9
12
10
6
21
27
16
37
6
17
9
14
17
6
16
19
19
16
15
15
23
7
13
20
14
11
19
9
13
17
8
18
9
22
29
10
19
28
25
