39
43
21
28
44
53
40
42
51
37
37
46
24
63
41
49
54
41
24
22
28
24
29
44
15
41
43
45
65
37
43
44
19
13
45
31
67
17
15
23
48
24
20
33
25
41
42
22
16
26
15
65
41
22
39
22
37
34
39
17
31
32
21
31
4
39
54
18
25
26
2
33
39
24
48
37
28
39
28
72
15
30
63
50
45
17
40
30
41
31
49
72
39
37
72
29
9
28
25
46
27
27
32
24
17
48
37
33
49
39
40
20
44
42
30
28
45
41
24
50
33
31
42
49
37
35
20
31
43
37
40
23
40
40
51
58
52
49
20
83
39
32
38
18
58
12
30
38
31
42
4
42
46
18
16
46
2
42
38
53
42
22
54
29
42
45
36
26
15
26
46
38
60
52
44
49
65
66
66
48
51
27
39
39
31
43
58
55
41
57
58
37
15
17
43
35
34
27
39
3
30
28
24
20
0
27
14
31
35
39
36
20
16
25
64
14
44
25
45
29
21
37
31
26
21
33
39
31
25
15
13
41
28
0
32
37
25
22
20
0
13
28
13
10
28
33
39
11
9
32
13
21
19
6
15
12
30
10
34
4
27
19
31
13
22
52
27
17
24
17
29
20
10
20
14
20
14
29
38
15
18
30
14
9
10
21
11
20
34
31
34
21
29
34
33
34
34
34
34
34
28
26
35
33
31
29
29
23
27
29
32
25
17
34
34
31
23
31
26
33
33
33
34
32
26
34
31
33
22
25
26
32
32
34
34
23
28
33
34
31
28
31
33
28
34
23
33
23
34
35
34
21
32
34
33
34
31
35
33
33
34
33
18
33
27
34
33
34
29
23
34
32
34
24
29
21
34
26
30
34
29
29
32
34
32
34
34
26
33
34
26
34
32
29
35
29
29
31
33
31
34
34
18
28
33
34
34
33
31
27
33
23
34
23
31
33
35
32
32
34
31
27
19
34
30
33
26
34
27
33
29
34
29
24
29
25
28
29
27
24
29
29
29
34
28
28
31
20
27
29
34
34
33
29
34
29
26
29
34
29
19
29
34
34
31
29
18
28
19
26
28
18
33
29
34
31
28
28
32
29
27
18
28
29
27
29
35
29
34
34
24
34
29
32
21
34
34
29
34
29
28
28
34
29
34
33
27
34
19
29
33
30
34
34
29
33
31
32
19
34
31
34
32
28
29
23
33
24
29
34
19
30
29
24
29
28
19
33
33
29
29
34
33
26
34
19
29
24
28
29
34
27
29
29
29
28
24
29
29
32
29
28
29
28
33
29
27
33
30
34
28
27
29
27
13
33
27
28
7
15
7
13
7
17
13
13
21
9
15
23
19
11
22
21
11
17
17
15
11
30
7
5
28
20
15
23
17
47
17
5
9
13
13
11
11
30
19
22
15
17
28
9
21
17
18
13
13
7
9
9
32
19
5
7
19
34
15
3
3
9
3
7
30
9
7
11
13
15
32
28
11
7
19
19
23
17
51
23
15
19
9
13
9
17
7
11
11
15
17
13
9
15
25
15
15
17
9
13
24
15
11
5
25
15
9
15
30
17
11
7
13
22
42
32
17
23
11
19
13
9
11
26
23
13
11
11
22
21
33
11
11
28
15
26
13
19
19
19
11
23
9
26
38
17
13
11
44
9
25
23
21
25
15
25
26
25
13
19
13
17
19
9
9
23
13
15
13
19
21
17
32
17
11
17
5
13
11
32
17
9
30
11
9
13
21
23
11
28
9
19
21
17
42
9
17
7
25
9
17
19
23
26
19
23
7
9
19
15
21
15
9
13
19
25
19
7
11
9
3
17
9
11
13
3
5
7
13
11
15
13
13
11
9
9
15
30
13
26
19
15
7
9
13
9
15
7
5
9
5
7
5
22
3
7
11
13
1
11
0
3
1
5
1
5
9
5
11
3
1
5
3
0
5
3
3
5
3
5
1
3
7
5
0
3
4
2
0
0
0
0
0
0
2
2
0
0
2
2
0
2
2
0
0
2
0
2
0
0
0
0
0
0
2
2
2
0
2
0
0
2
6
4
0
0
0
0
2
2
0
0
0
4
0
0
4
0
0
0
6
6
6
0
2
0
6
0
0
0
0
2
4
0
0
4
6
0
2
2
0
2
0
0
4
2
6
0
5
2
2
2
0
0
0
0
54
4
4
0
2
2
4
0
4
4
2
0
2
0
2
2
2
2
2
0
2
2
0
4
2
0
0
2
0
0
2
9
0
2
8
2
0
2
43
6
8
0
0
0
2
0
4
0
0
4
2
0
2
2
2
2
0
2
0
4
2
2
2
0
0
4
2
6
2
4
2
2
0
0
2
0
8
0
0
0
4
0
6
2
0
4
0
0
4
0
0
4
2
0
4
6
5
2
6
0
0
0
4
0
2
2
4
2
0
0
0
2
2
0
9
0
0
6
4
0
0
4
0
4
10
8
4
2
4
4
0
2
0
2
0
2
4
0
0
4
0
4
0
95
0
0
0
0
4
0
4
2
0
2
4
0
2
0
2
0
0
4
4
2
2
0
6
10
0
0
2
0
6
2
0
4
0
2
0
0
2
2
0
0
2
4
0
6
0
2
4
0
0
93
0
2
0
0
5
6
5
7
3
4
3
5
2
6
4
6
9
7
7
4
6
5
11
7
7
9
7
5
4
3
6
2
6
9
5
6
3
5
4
4
3
9
11
4
6
3
2
3
5
0
7
4
7
2
7
5
7
7
4
4
5
9
0
5
5
9
5
4
5
4
0
0
0
0
0
0
0
0
0
0
0
0
5
5
9
7
6
24
7
0
7
6
5
5
7
5
7
4
5
5
5
6
6
0
5
0
0
0
0
0
0
9
2
2
2
2
4
3
14
3
2
0
5
2
7
5
0
0
5
3
2
5
2
7
4
8
8
7
3
2
7
2
7
19
0
0
9
8
2
0
4
2
0
2
0
7
0
4
9
2
0
0
2
10
6
0
0
5
3
5
0
1
4
0
0
4
0
0
0
11
6
8
7
1
0
0
0
0
2
0
3
3
0
0
2
0
4
4
0
13
4
0
0
0
0
7
6
3
0
4
7
1
0
0
0
0
0
2
7
2
4
1
0
0
0
0
0
0
0
2
3
0
1
6
0
0
4
1
0
1
0
3
2
0
0
3
0
1
9
1
5
1
0
3
6
3
4
0
5
2
10
2
0
0
0
6
6
0
0
4
6
0
0
0
3
0
10
3
1
2
0
0
6
0
4
4
6
6
5
1
0
0
16
16
14
19
16
16
18
14
15
14
17
15
16
16
16
16
16
14
20
16
12
14
20
18
16
16
18
14
16
16
16
16
19
14
14
14
14
18
14
16
18
16
16
16
14
16
16
15
16
18
14
14
14
16
14
14
14
16
14
18
14
14
18
18
14
18
12
16
16
16
14
16
15
18
16
16
16
14
16
18
16
16
16
20
16
15
18
16
18
14
18
18
16
20
16
16
14
16
16
16
16
16
12
18
18
20
16
14
18
16
16
17
12
14
18
14
16
14
14
18
18
14
19
17
16
16
14
16
14
13
14
16
14
16
18
14
14
15
16
18
14
14
16
16
14
16
14
18
18
12
16
18
18
18
16
14
18
16
16
17
16
12
16
20
16
18
14
18
16
12
13
16
18
14
18
16
17
14
16
14
16
14
16
18
16
18
16
16
16
16
16
14
18
14
16
14
20
14
16
18
16
14
16
18
16
18
14
18
16
20
16
16
18
12
18
16
16
14
16
16
15
18
18
16
14
16
18
18
18
14
18
16
16
14
14
14
16
18
18
16
16
18
16
18
18
16
14
16
16
16
14
14
12
18
18
14
16
14
16
18
18
16
14
14
16
17
16
14
18
15
16
14
16
18
14
14
16
14
14
14
16
18
16
16
16
14
16
16
23
32
0
10
27
8
18
0
0
11
0
2
0
15
90
15
0
11
59
0
0
0
0
20
11
26
12
11
2
18
0
32
0
28
0
0
0
8
0
58
0
3
0
23
7
0
37
56
35
0
32
0
24
0
1
2
0
32
0
15
4
0
0
15
12
0
0
17
14
0
30
4
0
29
0
15
37
0
19
7
2
30
0
19
0
0
17
0
46
0
16
0
0
26
10
29
19
0
0
3
0
0
10
0
27
9
26
10
0
0
21
0
17
0
0
13
0
0
0
49
29
12
0
0
0
5
0
0
12
2
0
0
10
0
21
0
23
2
14
11
0
30
0
2
0
24
0
11
0
2
18
14
0
30
0
0
54
0
29
0
33
0
24
22
0
25
0
28
4
0
11
17
62
0
0
0
24
0
34
0
23
0
22
0
33
0
9
7
19
0
23
12
21
0
31
0
0
0
0
14
0
26
4
25
9
37
0
0
1
22
0
28
0
19
0
31
0
0
20
2
0
0
0
0
17
0
34
5
21
0
34
0
23
0
3
17
23
0
14
1
0
19
0
0
0
21
0
17
9
21
0
18
7
23
0
30
0
61
30
11
20
0
2
0
25
0
0
37
0
2
35
0
11
19
63
0
0
0
20
26
24
17
0
77
0
0
0
2
25
30
11
20
61
13
39
0
0
0
0
0
0
0
0
0
0
0
0
0
0
0
0
0
0
0
0
0
0
0
0
0
0
0
0
0
0
0
0
0
0
0
0
0
0
0
0
0
0
0
0
0
0
0
0
0
0
0
0
0
0
0
0
0
0
0
0
0
0
0
0
0
0
0
0
0
0
0
0
0
0
0
0
0
0
90
23
14
24
30
24
25
21
22
45
17
33
24
31
28
23
31
40
24
31
24
33
28
22
33
57
58
39
79
33
37
28
23
20
29
22
52
42
42
46
0
17
28
37
39
22
29
27
0
23
33
42
4
47
28
29
36
28
21
54
25
31
24
36
34
43
45
20
42
31
77
32
39
18
42
67
28
46
19
41
6
30
34
34
26
59
18
34
18
36
22
31
24
18
39
54
24
21
30
22
49
26
26
40
56
21
29
50
7
43
44
7
12
24
40
21
32
15
23
24
22
29
34
12
32
60
31
34
33
20
31
30
44
38
25
28
46
38
67
24
45
15
33
22
18
26
45
27
27
16
84
19
29
26
18
29
7
30
37
20
33
32
56
46
49
46
67
35
64
72
73
40
56
50
27
42
34
57
20
39
36
50
27
4
39
18
29
30
32
86
35
47
29
31
45
36
35
37
73
43
20
65
37
2
4
4
4
0
2
2
0
2
4
2
2
8
2
4
0
2
2
2
4
2
0
6
2
2
0
0
2
0
4
4
2
6
0
0
2
6
4
0
8
6
6
4
0
2
87
0
4
2
4
2
2
2
0
4
0
2
0
2
0
4
4
2
4
2
6
2
0
0
6
0
2
2
0
0
0
0
0
0
0
0
0
0
0
4
4
2
4
0
2
4
0
0
0
2
2
4
4
0
2
2
0
0
0
0
2
0
2
0
0
0
2
2
0
0
4
0
0
2
0
2
6
2
0
4
2
2
2
0
4
2
0
0
2
0
0
0
0
10
4
2
2
0
2
6
4
0
0
2
2
2
2
2
2
4
6
2
4
6
0
2
2
2
2
2
2
0
2
2
2
2
2
0
4
2
0
2
4
0
4
2
0
2
2
2
4
0
2
6
8
2
6
0
0
0
0
0
2
4
2
4
0
0
2
0
0
0
0
6
6
0
0
0
0
0
6
0
4
0
0
2
6
4
2
2
0
0
2
0
2
2
2
2
4
2
0
2
0
0
4
0
4
6
2
2
2
2
2
8
2
0
4
0
2
2
2
2
4
2
0
2
2
0
0
2
8
0
0
0
2
2
0
0
0
2
6
4
0
0
0
2
0
0
0
2
4
4
0
36
7
9
7
9
7
38
7
4
60
5
29
37
5
25
5
5
13
7
54
5
17
9
22
6
11
5
32
20
4
5
7
11
44
9
7
7
63
12
9
10
9
40
9
9
9
9
6
9
8
29
9
52
7
25
5
50
13
39
6
14
13
9
4
44
6
8
6
7
21
6
9
7
4
49
10
7
9
46
17
7
7
9
20
52
18
51
6
7
2
64
15
36
9
21
58
33
7
5
46
40
7
60
11
12
46
9
50
5
17
7
5
25
7
11
10
5
16
7
52
9
59
9
46
5
11
15
56
21
11
11
40
7
62
24
51
15
4
11
52
15
7
25
7
5
7
4
41
64
9
13
7
8
15
13
13
50
5
47
11
4
5
9
55
62
11
6
7
13
11
9
5
18
11
22
5
5
9
29
50
5
12
60
11
7
13
59
57
21
40
28
12
5
51
11
16
18
11
69
12
61
5
11
28
9
14
38
35
9
28
9
46
7
64
20
9
18
9
16
15
7
13
11
11
43
57
4
63
49
15
6
60
24
44
5
33
63
7
29
17
68
9
11
7
9
9
5
4
32
13
35
37
5
9
32
30
6
62
64
5
9
13
7
51
9
55
9
7
6
13
13
60
58
13
56
15
11
50
7
22
6
55
5
9
9
57
68
9
