25
24
25
29
26
24
27
31
64
28
25
37
26
22
31
33
21
27
31
24
27
24
34
26
29
28
27
35
31
31
29
28
26
30
26
40
50
33
30
28
30
25
30
29
30
27
34
15
24
35
30
29
28
35
24
30
29
35
34
14
32
34
24
21
19
20
21
21
26
23
17
23
17
17
18
19
25
25
23
22
59
34
29
28
28
24
27
23
24
26
23
27
15
45
31
57
24
13
26
25
22
44
34
30
17
40
20
19
11
26
18
25
32
13
22
33
28
32
33
33
26
17
13
15
18
28
32
35
27
32
33
14
39
37
34
35
34
35
31
33
35
31
36
27
87
32
24
33
38
37
35
28
32
42
31
16
42
33
32
35
34
31
34
32
36
31
36
64
37
30
39
39
40
36
37
38
37
34
42
35
39
35
38
31
36
42
35
35
70
37
44
37
34
35
32
32
36
39
48
57
43
42
41
20
40
38
44
40
40
56
41
33
33
36
41
37
42
33
32
34
57
36
29
37
40
26
27
46
22
29
36
37
33
32
41
45
38
40
44
53
55
37
35
30
39
28
30
37
42
36
36
52
38
35
44
32
33
39
41
30
28
35
85
34
42
38
29
23
19
25
34
36
38
43
32
41
38
39
41
41
36
36
35
29
70
44
34
35
4
2
2
0
0
2
0
2
0
0
0
0
0
0
0
0
3
0
4
0
0
0
0
2
0
2
0
0
0
4
2
6
0
0
0
4
0
2
4
2
2
2
2
2
4
4
0
0
0
0
0
2
4
4
2
2
2
0
4
2
0
0
0
0
0
0
2
4
4
2
4
0
4
0
0
2
0
0
2
4
2
0
0
4
0
4
4
0
4
2
0
0
0
0
4
2
6
2
2
4
0
8
0
4
0
0
2
0
0
2
4
2
0
0
6
2
0
0
4
2
2
0
0
2
2
0
1
2
0
4
2
4
2
0
3
4
2
2
0
2
2
2
2
0
2
2
8
2
2
2
0
2
2
0
0
2
0
0
0
8
0
4
0
0
2
4
0
2
0
0
2
2
0
2
0
2
4
0
0
0
4
0
2
4
0
0
2
0
0
2
2
0
0
2
8
0
2
2
0
2
0
0
2
2
2
0
4
0
2
0
0
0
0
2
2
2
0
2
2
2
0
4
2
2
0
2
2
0
0
0
0
2
0
2
0
0
4
0
0
2
2
2
0
2
0
2
2
4
0
0
4
0
0
2
0
0
2
2
0
0
2
0
4
0
0
0
4
4
0
0
0
2
0
8
2
0
2
0
0
4
2
0
0
2
4
0
2
0
21
27
38
32
45
9
21
17
0
19
17
0
17
25
18
26
22
19
19
19
6
11
17
9
26
33
39
13
25
19
27
9
19
15
16
13
17
16
29
45
43
19
38
19
9
8
15
15
9
40
21
13
11
8
17
19
31
19
12
19
17
24
19
17
45
19
32
28
11
19
30
13
9
26
17
13
35
17
21
14
18
12
17
13
7
30
8
28
40
17
21
9
11
17
23
18
11
25
45
24
42
9
12
8
30
34
15
17
25
26
38
53
9
25
19
32
25
28
19
28
34
25
39
19
31
0
16
9
9
14
11
9
21
25
35
29
45
8
7
7
11
7
19
19
0
17
45
14
17
19
17
8
9
9
19
9
11
9
18
11
11
9
9
11
15
7
23
13
21
20
36
29
26
28
19
8
18
21
19
25
19
0
27
19
45
32
14
9
9
6
21
16
18
17
36
32
39
7
25
47
9
17
9
9
9
15
28
17
24
25
26
2
11
13
11
28
32
17
26
21
0
36
18
45
8
14
19
26
18
40
31
26
18
30
15
9
9
8
9
9
19
41
24
16
33
17
9
20
11
19
17
9
28
9
27
9
17
6
9
8
9
0
0
5
16
2
8
2
0
7
9
2
2
0
5
7
2
0
9
6
0
7
14
2
2
0
8
7
2
2
4
4
2
0
2
2
2
2
4
6
2
2
2
4
8
4
2
10
2
6
20
2
16
6
6
16
4
0
8
4
6
6
6
4
4
0
6
10
18
2
2
4
14
2
8
2
2
6
2
0
6
2
6
2
6
0
2
0
12
2
26
2
0
14
6
0
6
2
2
4
2
8
2
4
14
4
0
2
2
2
4
4
8
4
4
2
4
6
2
4
18
24
2
4
4
2
6
4
4
4
4
4
6
2
4
2
4
2
2
4
4
4
0
2
0
0
4
6
6
6
4
4
4
10
0
8
4
4
4
8
2
4
0
0
2
6
4
4
4
6
2
4
4
2
2
2
4
4
2
2
2
2
6
4
0
4
2
4
4
2
8
4
6
4
4
2
4
14
4
8
2
4
4
6
6
0
0
0
8
2
18
6
4
4
2
2
2
0
2
2
6
2
6
6
2
4
2
6
8
22
0
4
4
4
4
6
2
6
2
4
14
4
8
10
4
8
14
8
6
2
4
4
2
0
4
2
4
2
2
6
4
4
6
6
4
4
2
2
2
4
4
6
6
0
2
4
4
4
2
2
16
14
18
4
2
2
6
2
16
2
2
2
6
4
4
0
2
8
2
0
6
4
0
8
6
6
6
2
4
4
11
2
0
0
0
28
12
17
23
15
19
19
19
13
19
14
17
12
17
17
19
17
25
19
25
27
17
15
15
14
17
13
12
21
21
13
27
19
15
17
19
15
23
14
17
10
12
10
17
10
19
19
17
15
15
16
15
17
16
25
16
27
17
15
19
10
12
8
10
14
9
8
8
21
12
23
15
27
21
15
36
15
15
15
13
15
17
19
14
29
12
9
8
12
13
16
12
10
13
17
15
12
19
16
13
15
6
17
17
6
10
17
12
8
10
10
19
10
11
8
17
13
23
27
13
21
16
23
10
15
15
15
17
8
12
15
21
15
8
27
23
19
21
12
17
17
8
19
17
8
11
17
9
23
13
17
13
13
12
10
71
19
29
12
8
13
13
11
12
10
10
23
10
11
19
12
13
19
21
19
25
15
17
15
19
42
40
31
31
31
23
19
17
23
19
19
23
19
17
19
29
21
25
15
15
21
19
37
23
15
17
31
19
23
21
11
19
19
17
25
15
20
17
15
37
33
19
19
17
23
13
19
16
19
27
19
19
19
23
23
15
28
23
31
27
17
13
17
27
13
11
25
19
17
23
10
21
29
25
16
21
15
23
12
11
21
17
25
19
17
17
15
19
17
15
8
12
21
17
14
11
21
11
21
11
12
17
16
17
10
10
13
17
17
22
20
51
20
21
17
28
8
0
30
23
35
14
23
21
19
12
45
22
21
0
28
20
21
39
42
19
0
2
18
23
3
49
20
21
23
22
26
3
11
24
23
17
28
29
0
16
35
20
18
1
17
1
3
23
24
1
3
19
0
18
38
19
0
36
29
19
17
34
25
17
0
0
22
1
23
31
21
17
36
24
29
49
14
22
18
28
16
7
33
23
31
0
26
24
17
29
44
22
0
23
21
20
20
21
22
20
7
13
13
13
0
31
24
23
0
70
22
18
10
32
28
17
0
10
22
16
20
33
24
0
34
22
13
18
15
20
8
15
23
1
0
17
16
20
18
21
58
22
12
20
9
53
20
20
0
25
14
22
0
2
22
23
11
27
19
21
0
35
14
18
22
29
33
3
30
23
26
31
23
22
0
21
19
23
1
21
24
27
26
13
23
40
18
0
0
25
36
16
19
24
20
1
8
24
18
28
32
18
0
19
20
25
11
21
14
1
46
21
19
14
2
24
18
15
33
26
18
20
34
21
15
37
23
27
10
3
21
26
3
20
16
22
0
60
48
21
0
3
17
16
22
45
25
20
23
30
25
31
24
34
0
19
23
30
23
26
18
26
9
18
15
11
26
35
31
11
11
27
20
20
29
23
22
12
35
25
40
21
14
0
0
0
0
0
21
15
23
24
24
17
18
0
0
0
0
20
26
30
0
25
45
15
12
0
0
0
0
14
21
20
0
9
16
19
0
10
0
15
15
0
0
18
0
21
16
4
0
13
0
21
0
19
16
1
0
2
17
12
4
15
0
16
3
9
16
18
0
17
20
22
0
15
0
45
0
21
17
35
0
14
19
0
25
14
0
16
14
0
17
31
0
24
0
22
18
3
0
15
0
0
0
16
1
0
0
16
11
16
0
18
0
0
29
29
1
20
1
8
23
0
17
0
1
31
1
23
21
0
18
38
15
0
17
19
0
11
21
25
20
24
1
30
14
17
20
0
0
0
18
22
22
20
21
22
26
0
0
0
0
19
22
21
2
11
19
0
27
15
0
0
0
4
23
3
22
24
0
15
2
15
17
20
0
1
0
10
18
19
1
0
12
16
17
0
0
15
26
20
23
17
8
3
14
14
21
0
0
0
15
20
22
0
3
1
39
24
0
0
0
2
21
17
20
0
0
16
0
24
38
0
1
13
20
22
0
5
24
23
0
17
19
0
0
25
29
0
1
23
24
0
3
7
19
16
0
18
0
1
22
23
0
0
10
15
19
0
0
0
12
19
30
39
24
31
17
0
1
0
0
0
20
20
0
20
25
18
6
10
26
28
16
10
16
12
30
24
22
26
10
4
26
22
12
22
18
16
20
8
12
10
2
4
6
6
8
16
18
18
12
4
2
18
10
14
8
6
10
16
10
14
10
18
12
18
8
24
10
12
18
12
22
10
14
20
8
22
12
10
12
16
10
12
12
8
24
12
26
22
6
12
16
20
12
14
14
10
20
6
6
24
14
8
12
14
22
18
20
18
16
16
12
12
16
10
0
8
14
8
20
14
28
22
20
18
12
24
8
20
12
12
14
16
4
14
22
14
26
10
4
8
12
30
14
6
22
16
10
24
8
14
12
4
18
18
24
18
12
4
8
16
16
12
16
18
12
8
18
14
16
18
16
22
14
10
14
18
12
14
10
6
8
20
14
12
10
18
16
12
18
10
10
20
22
10
20
10
14
10
26
12
14
20
14
10
8
12
12
8
8
24
16
6
12
12
24
6
8
28
16
12
14
12
14
34
16
4
10
22
10
12
16
10
10
16
24
24
10
18
20
16
14
2
6
10
2
10
14
12
16
8
10
16
22
16
20
14
22
20
22
22
28
20
8
4
14
24
18
8
8
6
22
6
8
6
14
22
26
24
14
18
18
18
12
28
8
14
16
20
14
24
20
18
6
16
12
22
14
10
14
12
4
8
2
0
0
0
1
1
1
1
1
0
1
0
1
0
1
1
0
1
0
0
0
1
0
1
1
3
1
1
0
1
0
0
1
0
1
0
0
0
0
3
0
0
0
0
0
1
0
0
1
0
0
1
1
0
1
0
0
1
0
1
0
1
0
1
1
0
1
1
0
1
0
0
1
24
20
0
0
0
1
1
1
1
0
0
1
1
1
0
0
0
1
1
0
1
0
0
0
0
0
1
1
1
0
0
0
1
1
1
0
1
1
1
1
0
0
1
1
1
1
1
1
1
0
1
0
1
1
0
0
1
0
1
1
1
0
1
1
0
1
0
1
0
0
0
2
1
0
1
1
0
1
1
1
1
1
1
1
0
0
0
1
1
0
1
1
1
0
0
1
1
1
1
0
0
2
0
1
0
1
1
1
1
1
1
1
0
1
0
1
0
0
1
0
1
1
1
1
1
1
1
1
0
1
1
1
0
1
1
1
8
1
0
0
1
1
0
0
1
1
1
0
0
0
1
0
1
0
1
1
0
1
1
1
1
0
1
0
1
0
0
0
0
0
1
0
0
1
1
1
1
0
1
1
0
1
1
1
1
0
0
0
0
1
0
1
0
1
0
0
0
0
1
0
1
1
0
0
1
1
0
1
1
1
0
1
0
1
0
0
13
5
7
6
8
7
10
4
1
8
7
8
6
12
8
5
9
3
6
5
8
20
6
4
7
10
4
7
9
5
3
7
5
9
8
7
5
7
11
5
4
8
13
12
15
20
11
6
8
7
8
14
3
7
7
5
10
7
1
3
7
11
8
11
5
12
0
6
11
11
9
19
3
13
5
18
11
0
12
9
7
9
7
10
7
6
12
6
7
7
12
36
10
4
7
17
18
2
3
6
5
5
2
7
6
12
7
9
8
9
6
10
7
6
4
7
8
3
3
3
5
5
8
4
16
7
11
11
3
6
4
0
2
17
7
7
10
12
2
15
5
6
5
6
5
0
9
2
21
15
9
13
4
10
7
10
12
6
14
10
17
8
13
3
18
9
0
8
16
11
7
4
0
8
11
2
5
5
4
7
4
2
5
1
15
7
7
8
4
5
13
13
6
2
10
10
8
17
9
4
16
7
8
15
11
8
6
10
7
7
8
2
10
3
18
4
2
3
7
2
0
8
10
1
20
7
6
5
4
6
7
7
2
20
5
9
1
11
8
5
4
9
2
6
11
22
4
3
10
12
5
4
13
0
4
14
13
6
6
11
2
2
4
16
8
8
0
3
11
1
7
0
1
5
2
1
2
9
7
3
0
0
2
0
7
3
2
9
