27
34
31
29
31
36
26
31
30
31
30
31
35
29
31
31
36
36
36
32
37
36
37
24
36
23
36
23
35
36
37
31
36
36
33
28
29
27
32
34
32
28
33
32
27
32
27
25
24
21
20
37
16
28
28
36
35
35
33
21
32
36
36
33
31
31
31
36
37
33
36
31
32
31
32
34
37
36
37
36
28
37
35
36
29
33
37
28
27
21
36
37
37
35
37
27
32
25
20
26
36
23
29
29
25
36
37
33
34
26
35
24
29
34
29
36
36
36
35
35
32
29
36
33
35
37
33
35
35
37
34
32
27
36
31
36
32
25
36
36
37
35
30
34
32
36
33
34
30
36
35
36
35
37
21
35
34
37
35
38
31
36
36
35
25
26
26
25
24
24
26
31
32
34
35
37
35
33
33
22
25
22
31
24
25
22
32
28
36
31
24
22
24
34
27
24
25
26
35
25
23
36
34
28
37
26
21
23
26
25
27
25
23
22
32
36
35
34
32
37
36
35
32
32
29
27
36
20
35
37
31
28
35
32
37
36
30
34
35
32
37
28
33
37
27
32
38
32
32
38
32
34
38
31
28
29
36
27
27
32
30
37
32
24
28
32
29
31
37
34
33
32
33
27
30
37
33
29
36
38
36
37
33
32
34
37
33
37
6
4
4
6
4
8
6
6
6
4
6
6
4
4
4
6
6
8
6
4
10
4
6
8
4
4
6
0
6
6
0
6
4
10
4
8
4
4
10
8
8
6
6
4
8
4
2
6
6
4
0
4
4
6
6
4
2
4
2
0
4
8
0
4
4
6
6
4
4
2
6
8
4
10
6
4
6
4
6
6
4
6
6
4
4
4
6
10
0
10
4
2
8
4
4
8
4
6
6
2
2
4
6
2
4
6
6
8
4
10
6
6
4
8
10
4
10
6
6
4
6
6
8
4
4
2
0
6
2
2
6
6
6
6
8
2
8
8
2
8
6
4
4
4
4
8
4
6
6
6
4
6
4
6
6
2
4
6
0
6
4
6
4
6
6
8
2
4
10
8
6
2
6
4
6
2
2
2
0
2
4
8
12
8
8
0
6
2
8
4
4
8
4
10
4
4
6
6
8
6
2
4
6
4
4
4
0
4
4
6
6
6
4
6
4
6
2
2
0
4
6
6
4
6
2
6
6
12
10
6
0
4
6
6
10
8
8
4
6
4
4
4
4
4
4
6
6
6
2
4
8
4
6
6
0
8
6
8
4
6
8
4
6
4
6
6
8
8
4
6
0
2
4
6
4
6
8
4
8
6
6
6
4
6
4
6
4
2
36
53
37
30
36
39
57
16
21
29
39
37
29
35
12
27
39
39
16
22
18
29
35
39
35
35
40
32
18
17
19
45
29
9
11
29
38
30
31
14
37
35
27
37
48
40
24
22
14
17
17
37
26
17
21
8
13
6
12
49
36
13
14
19
55
30
57
36
25
28
32
18
37
15
33
32
58
38
38
43
73
60
41
33
23
30
34
19
23
17
37
37
21
66
31
16
44
15
23
30
22
33
57
27
36
41
52
38
62
40
17
35
48
25
45
14
20
40
25
31
41
41
38
37
13
40
39
34
24
34
33
15
43
19
28
32
37
23
73
15
25
44
52
31
29
38
28
46
9
38
35
59
43
39
31
25
24
33
35
27
34
41
21
39
38
37
38
44
42
36
44
40
27
42
52
51
46
48
31
48
29
27
78
37
34
32
35
34
38
39
42
40
41
42
46
59
37
30
25
44
63
25
30
36
23
66
52
39
42
37
37
30
18
31
51
19
41
39
42
42
38
31
43
44
67
17
34
15
27
19
12
31
8
31
31
54
37
19
29
25
39
52
23
10
8
21
24
15
15
34
24
10
17
17
12
17
8
15
21
7
11
17
4
11
2
6
6
6
0
5
2
2
2
10
10
8
7
4
46
4
4
4
28
2
2
9
2
10
10
8
0
0
16
12
0
13
9
3
0
9
8
0
0
0
15
11
12
0
12
11
15
0
6
26
14
0
13
17
13
0
11
12
0
5
16
0
16
0
9
11
9
0
8
14
0
11
12
0
11
0
14
0
13
0
7
0
15
0
20
0
11
0
11
15
9
0
7
14
10
0
5
7
12
0
0
7
16
0
0
19
9
0
0
9
7
0
0
10
14
15
0
24
0
9
0
9
0
10
0
9
0
7
0
12
0
11
0
16
0
12
0
11
0
9
0
16
0
17
0
0
0
0
5
0
12
0
0
7
0
0
8
12
0
0
14
0
9
0
0
0
0
0
0
0
0
0
0
0
0
5
0
0
0
0
0
0
13
4
0
3
0
0
0
0
14
0
0
8
7
9
8
0
0
14
0
0
0
0
0
0
0
0
0
0
0
0
9
0
9
19
0
8
11
7
0
11
13
14
11
7
0
16
0
7
18
9
0
5
0
11
0
23
0
10
0
7
0
13
0
9
0
20
0
8
0
15
0
31
11
33
0
4
0
11
0
0
7
8
0
0
17
9
0
0
14
15
0
0
10
12
0
0
15
11
0
0
32
21
9
7
20
43
31
0
7
20
7
0
13
7
0
0
11
14
0
0
26
5
0
0
9
12
0
0
26
7
2
44
22
28
23
9
51
32
15
1
26
18
31
55
34
26
23
45
15
38
25
25
24
7
18
16
3
14
41
32
35
20
35
49
26
26
0
17
28
21
12
40
5
27
36
34
37
19
29
32
27
1
12
1
16
22
53
25
15
7
25
23
1
25
0
12
27
21
22
29
38
22
5
15
29
23
29
25
7
44
44
29
9
21
9
35
19
7
21
16
6
47
40
82
14
1
18
2
21
16
38
27
25
29
27
13
21
19
16
2
32
18
24
35
28
27
35
31
19
1
21
4
21
38
7
0
22
38
23
2
26
29
34
17
50
14
37
12
4
47
32
41
9
16
26
46
21
41
43
28
29
33
39
52
38
2
29
22
40
24
18
59
32
37
36
22
1
38
24
30
4
32
46
55
4
18
28
37
25
29
24
23
25
35
30
3
24
25
35
21
20
26
30
36
23
0
36
31
23
2
27
11
15
14
41
41
40
7
23
27
37
21
23
30
20
42
23
7
11
44
7
36
44
0
17
22
51
1
23
21
7
37
37
27
22
4
16
20
20
34
4
40
28
3
36
41
12
4
19
15
14
6
32
28
33
10
17
6
20
10
1
41
20
37
28
17
4
24
34
37
39
4
25
17
26
31
36
3
15
4
47
14
30
39
32
4
33
17
6
6
8
4
4
2
8
2
0
2
6
10
8
2
4
0
6
2
8
8
0
4
8
4
4
4
6
6
8
2
4
4
4
8
10
4
6
6
6
2
6
8
0
6
2
2
4
4
10
4
4
4
4
6
6
0
6
4
0
8
6
0
2
0
0
4
0
2
0
0
6
8
8
6
6
0
6
8
6
6
10
6
4
6
6
6
4
0
10
4
2
4
0
10
2
6
6
6
4
4
8
6
4
4
2
10
4
6
0
2
6
4
8
4
4
6
0
4
6
6
0
8
4
0
4
10
0
10
0
8
8
6
4
6
8
0
4
0
6
10
4
0
4
2
4
4
8
4
6
0
6
0
6
8
4
2
4
6
4
2
6
8
6
0
6
6
6
10
10
6
2
0
8
6
4
0
6
4
6
0
8
8
6
8
4
2
6
4
4
6
8
10
2
6
4
0
0
4
4
6
14
4
2
2
0
4
8
2
0
2
4
0
2
4
0
8
4
6
2
0
2
2
6
0
6
2
4
4
4
8
6
6
2
0
6
0
4
6
2
2
2
6
8
2
6
6
6
0
6
2
8
2
4
2
2
4
6
2
4
0
8
0
6
10
10
4
6
6
4
0
4
2
2
4
6
8
0
6
4
4
2
0
6
0
8
2
6
4
0
0
25
6
2
3
21
31
59
89
2
3
8
2
0
35
30
4
23
19
91
45
0
26
35
25
24
22
63
32
24
44
36
0
21
24
10
9
0
3
19
33
21
33
40
0
2
5
4
0
36
0
0
7
19
2
45
2
27
0
0
0
0
0
0
3
0
0
0
0
2
3
6
38
24
4
3
2
1
23
6
38
51
0
0
0
0
0
9
3
0
0
0
0
2
24
2
44
8
6
4
35
4
43
24
0
26
0
0
0
0
0
0
0
0
0
0
0
8
0
54
36
26
31
40
29
21
2
90
0
5
7
2
2
2
0
21
2
2
0
4
38
38
17
26
31
28
20
33
32
5
23
0
3
5
0
3
2
4
2
59
53
22
8
4
48
2
33
57
24
32
19
42
24
29
35
35
0
4
23
5
4
19
0
4
37
39
0
61
0
2
54
46
44
72
3
19
3
0
6
2
27
9
2
0
27
20
2
38
0
2
1
28
62
5
2
19
9
5
0
24
27
15
60
35
0
2
23
31
87
32
63
32
30
25
45
68
0
6
2
21
0
0
2
7
0
31
23
61
4
21
0
0
0
5
4
0
0
0
0
0
0
2
2
3
23
19
40
13
2
21
24
4
0
4
2
90
0
2
35
21
2
7
23
2
0
51
52
10
8
8
8
6
14
8
4
22
14
4
6
4
6
8
6
8
6
8
12
6
33
34
8
4
10
6
12
6
10
4
12
4
8
4
4
10
14
4
8
4
4
6
8
6
10
8
2
10
6
8
10
6
6
8
12
10
8
8
6
8
4
8
6
10
10
10
8
6
14
8
6
8
8
6
8
10
8
6
12
12
10
10
4
6
8
6
8
10
12
16
10
8
8
10
4
8
12
12
16
8
16
4
12
12
14
4
4
8
16
10
10
16
12
10
14
6
10
8
6
8
16
41
12
8
16
6
6
12
10
8
14
10
16
10
6
8
6
10
10
10
4
6
8
6
6
10
4
6
10
4
10
18
8
22
12
6
18
2
6
6
10
10
10
10
12
16
8
8
12
8
10
18
12
14
4
4
14
18
43
14
14
14
22
12
12
10
16
16
45
10
14
16
6
22
12
20
10
14
16
10
20
12
10
26
10
6
10
4
14
22
12
8
10
16
8
18
16
10
16
14
16
6
8
8
8
41
8
10
6
20
10
16
6
16
10
6
22
8
12
16
22
6
10
6
10
14
8
6
10
12
12
10
14
8
10
6
10
8
4
4
10
8
16
8
10
8
8
6
6
6
16
4
4
18
4
6
16
10
2
10
4
10
4
4
6
4
6
14
8
10
16
12
13
14
15
13
13
14
12
5
15
9
4
8
9
10
10
9
10
12
12
14
8
10
9
15
6
11
12
8
13
15
10
10
8
6
11
11
8
13
7
8
9
11
11
8
9
10
9
8
11
12
7
6
9
10
8
13
3
7
8
8
11
11
12
11
7
6
10
7
13
11
9
9
12
15
8
8
11
8
8
11
10
7
11
10
11
10
7
6
8
8
3
8
6
13
10
9
9
9
9
10
9
9
11
13
11
9
12
11
6
12
8
3
9
15
6
7
9
6
10
7
5
8
7
6
10
14
10
9
8
11
8
12
10
13
8
11
7
8
11
6
9
8
10
7
11
10
13
9
13
9
6
4
8
9
9
9
8
9
4
6
9
9
11
4
11
9
7
10
7
4
8
6
8
8
11
7
5
7
8
5
7
10
7
8
5
12
7
13
13
7
10
15
9
15
6
8
12
12
5
12
6
8
7
10
8
6
12
10
8
9
8
11
11
7
9
8
10
5
7
7
7
8
6
6
5
4
4
3
6
7
4
4
2
5
4
3
3
4
7
6
5
5
7
7
2
7
5
3
4
6
13
11
8
8
6
8
5
4
2
5
8
6
6
7
8
7
5
3
6
5
8
6
6
6
4
8
7
6
8
3
7
6
7
0
7
0
2
0
4
2
4
6
2
2
0
0
2
0
2
2
2
0
2
2
2
2
4
0
4
4
14
0
6
2
2
4
4
2
0
2
0
0
2
4
4
2
6
4
2
2
0
4
0
0
0
4
0
0
2
2
2
6
10
2
0
0
2
2
2
2
2
15
2
4
2
6
0
2
4
2
0
0
0
2
4
2
2
8
2
0
2
2
2
0
6
4
6
0
2
5
2
2
4
2
2
0
2
2
2
3
4
6
4
4
2
2
0
4
4
4
2
2
2
2
2
2
4
2
2
4
2
2
4
6
2
6
4
4
2
6
4
0
2
2
2
2
2
6
0
4
2
4
2
4
4
6
2
4
6
2
6
2
2
4
2
2
4
4
2
6
4
6
2
2
2
2
4
2
4
4
4
2
4
2
4
2
4
4
8
4
6
2
2
2
2
0
0
6
0
2
6
4
4
2
0
0
4
4
2
2
2
2
4
2
4
2
4
0
4
4
2
2
2
2
2
2
2
2
0
2
0
2
4
2
0
2
2
2
6
6
0
4
4
2
4
10
4
6
4
2
0
0
0
2
2
0
4
8
4
0
2
2
0
0
11
2
4
4
2
4
4
0
2
6
4
4
0
0
4
2
2
4
4
2
0
2
2
5
4
6
6
