15
17
38
26
38
25
21
17
34
17
44
19
15
38
30
26
36
28
11
19
59
23
11
17
23
38
11
6
9
9
15
28
23
9
23
8
17
9
9
4
9
19
9
11
9
9
9
6
9
21
21
9
21
6
15
8
9
11
17
19
11
19
13
6
8
19
8
8
30
15
6
11
19
6
2
6
21
11
9
11
6
32
6
11
9
15
9
21
25
11
13
13
17
11
11
28
19
15
8
8
8
13
23
13
15
9
2
19
11
15
6
9
17
11
23
21
19
6
8
8
26
8
9
11
21
21
17
6
9
6
11
21
26
26
40
56
49
13
53
58
11
21
40
32
21
26
68
15
53
62
58
21
34
83
13
36
30
13
13
45
21
36
23
15
11
47
21
40
45
38
23
19
38
79
32
62
21
36
47
51
19
28
49
21
32
11
32
17
53
28
51
28
24
38
43
23
55
36
28
32
15
15
13
45
32
36
32
30
42
49
49
15
17
30
19
19
17
32
40
23
27
44
25
41
23
15
19
28
38
9
26
21
23
32
15
26
19
30
11
25
19
23
40
17
34
38
17
15
19
32
49
11
40
19
19
26
21
11
36
8
25
9
8
9
36
15
11
23
11
8
17
11
13
30
28
26
8
13
30
7
7
6
19
8
13
13
9
30
26
70
15
21
20
25
23
19
13
13
36
10
20
19
11
5
27
27
12
17
46
13
27
10
8
25
20
17
24
27
8
19
12
11
14
17
24
13
19
59
28
40
40
38
20
13
20
25
19
20
24
12
51
26
20
81
54
15
21
44
18
39
18
17
20
60
21
36
49
59
27
71
52
41
41
47
38
33
60
33
34
21
33
34
33
44
46
38
52
42
31
29
27
39
41
43
44
55
45
13
48
49
30
40
56
66
47
39
49
35
65
36
31
41
26
58
31
19
74
18
42
39
43
18
76
59
76
44
41
40
38
72
60
49
11
41
59
69
65
23
43
36
33
38
72
20
49
35
58
39
58
52
36
29
44
33
62
31
67
25
26
70
37
40
64
48
75
59
34
39
49
59
31
5
87
18
16
10
56
49
54
33
43
39
30
66
58
9
29
37
48
30
34
31
28
21
46
49
33
62
24
31
31
58
17
53
60
68
53
54
45
36
36
60
38
46
21
31
38
51
38
24
31
38
44
34
31
38
48
27
33
35
43
25
43
18
53
31
47
34
30
29
35
39
42
32
54
31
29
28
18
29
26
16
24
32
13
17
39
26
18
37
33
16
12
42
20
13
28
10
18
16
54
22
11
27
26
17
28
20
44
18
21
30
34
15
42
25
2
2
0
19
2
0
2
2
4
2
2
2
4
6
4
4
0
6
4
15
0
4
4
2
4
0
2
0
4
15
0
4
2
4
4
0
2
2
4
0
0
0
2
47
0
0
4
2
2
4
2
0
11
0
8
0
0
2
4
2
2
4
0
2
77
23
0
6
55
2
2
0
2
4
0
2
8
4
2
0
0
0
4
2
0
0
6
2
19
4
2
0
2
4
2
0
2
6
2
4
11
72
2
2
2
2
0
4
4
4
2
0
4
13
2
4
2
4
4
0
2
0
4
2
0
17
2
0
6
4
2
2
4
0
2
0
21
8
4
4
8
4
2
4
9
2
2
4
11
4
19
6
6
2
0
4
8
0
0
2
8
8
32
2
13
6
9
2
4
4
4
19
23
13
2
28
4
9
4
4
2
36
8
19
26
17
4
4
0
6
2
0
2
2
2
2
15
0
2
4
4
2
6
4
2
4
0
2
21
6
6
6
4
6
2
4
2
2
19
0
45
2
2
0
4
4
2
2
8
4
2
0
9
15
2
2
19
4
2
0
4
15
0
0
8
11
2
0
4
4
4
7
15
4
0
2
17
0
13
2
6
2
2
4
2
2
2
0
4
4
0
2
0
0
2
2
2
2
0
7
34
0
71
0
4
2
2
0
3
1
3
0
0
0
3
3
2
1
1
3
0
3
0
3
1
0
0
1
2
0
0
0
1
0
0
6
2
0
1
0
0
0
0
0
0
2
2
0
0
1
2
2
1
1
0
3
1
0
6
0
0
0
2
0
0
1
2
0
0
0
0
0
2
22
18
4
20
1
0
0
3
0
1
27
22
3
1
3
19
1
1
1
0
2
0
6
7
5
2
0
1
3
1
1
4
15
1
1
2
1
0
3
1
1
0
1
1
1
1
17
0
0
3
0
0
0
1
6
4
0
8
0
2
2
0
2
1
4
1
0
1
2
1
0
1
7
3
1
4
2
2
3
0
1
4
0
2
4
2
1
1
3
3
1
1
0
0
16
3
1
3
3
3
9
1
3
2
5
3
1
2
0
2
1
1
4
1
3
5
3
1
1
4
1
3
4
0
1
1
0
0
0
0
3
0
2
1
5
0
0
1
3
1
1
3
3
0
0
1
0
1
0
0
0
0
1
0
1
3
0
0
0
4
0
0
0
1
1
0
5
0
0
0
0
0
2
2
1
0
2
0
0
5
0
1
6
3
1
1
0
0
0
9
0
1
0
11
0
0
0
0
3
0
1
0
1
1
2
0
1
0
1
1
1
0
0
2
1
0
2
0
0
4
1
0
0
2
0
3
1
1
3
3
1
0
5
1
3
0
1
0
5
3
3
13
1
0
1
0
5
3
2
5
2
1
3
0
2
0
0
0
0
0
2
1
1
2
0
0
1
0
0
0
0
3
2
3
0
1
1
0
0
3
2
2
3
5
2
1
3
1
0
2
1
2
0
0
0
0
1
5
3
3
3
2
2
1
0
2
0
5
0
3
9
2
3
0
0
3
2
0
0
0
2
2
0
0
3
5
0
3
0
2
0
0
0
2
0
0
3
0
2
13
0
0
0
1
3
1
3
0
3
0
3
0
3
2
0
0
0
1
1
2
0
0
3
0
0
0
0
3
0
2
2
1
0
0
1
0
1
0
1
0
3
3
2
2
1
3
0
3
0
0
0
0
0
0
0
0
1
2
0
2
0
3
0
13
1
3
1
0
7
0
3
0
1
0
0
0
0
1
3
1
1
2
7
0
0
2
7
1
3
1
0
1
1
3
2
3
1
2
1
1
1
3
0
3
0
2
23
2
3
0
5
0
0
2
3
1
0
3
0
0
5
1
0
2
2
0
5
3
1
2
0
1
0
2
3
3
1
3
2
0
2
0
0
3
0
2
2
0
2
0
0
2
0
2
1
1
2
3
3
2
1
2
2
0
0
0
1
2
3
3
3
2
2
2
0
2
0
2
3
6
2
0
2
2
2
2
0
2
4
2
2
2
0
2
0
2
2
0
2
0
2
2
0
0
2
0
0
0
2
4
2
0
0
0
2
15
2
2
0
2
2
2
2
0
6
4
2
2
0
0
2
0
2
4
4
0
0
4
4
4
0
0
0
4
2
2
4
2
2
4
4
0
0
4
4
4
2
2
0
2
0
0
2
0
0
0
0
2
2
2
0
2
2
4
2
2
0
4
6
4
4
0
2
2
0
2
2
4
0
7
2
4
2
4
2
0
0
2
2
0
15
0
2
2
4
0
0
0
2
0
0
2
0
0
2
2
2
2
2
2
2
2
4
2
4
0
2
2
2
2
4
2
2
6
2
0
0
0
19
2
2
4
0
2
4
8
2
2
2
2
2
0
2
0
2
0
2
2
2
2
2
2
7
0
4
2
2
0
0
4
4
0
4
0
4
2
0
0
0
2
2
2
2
2
0
2
0
2
2
4
2
2
2
2
4
2
0
0
2
4
0
2
2
4
4
0
4
2
13
2
0
2
2
2
2
0
2
0
0
6
0
4
0
2
2
2
0
2
0
4
4
10
2
2
2
2
2
4
0
11
2
0
0
0
4
0
0
2
0
2
0
4
4
4
2
2
2
0
0
3
3
5
1
3
3
5
1
0
30
3
1
19
1
0
3
1
7
7
1
1
3
3
26
0
1
3
3
3
3
5
3
3
9
0
28
1
3
3
5
1
3
1
0
5
1
1
1
1
5
3
3
5
3
3
1
19
1
5
3
3
0
1
3
1
1
1
1
1
1
7
1
1
9
62
3
1
26
0
5
1
3
1
5
0
0
1
3
57
3
1
19
3
1
0
1
1
3
29
3
3
18
3
2
5
3
1
1
0
3
1
5
1
1
1
0
0
1
1
0
21
9
3
5
3
1
3
3
0
7
30
7
5
9
7
5
1
5
0
3
1
3
1
0
3
3
3
5
5
3
3
3
1
8
0
1
3
1
0
5
1
3
3
7
1
5
28
7
0
43
1
1
5
1
3
5
3
7
3
5
1
1
1
3
1
3
0
1
1
1
5
7
1
1
1
1
1
3
1
1
28
5
3
5
3
3
3
1
3
7
3
1
3
3
1
0
1
0
1
45
3
3
1
3
3
28
3
1
1
1
1
9
1
5
5
3
0
3
1
1
3
5
5
3
1
0
16
3
7
20
1
1
18
1
3
1
5
5
5
1
1
1
1
1
1
3
3
3
5
5
1
18
5
1
1
1
0
3
23
7
3
1
3
5
1
5
1
1
0
2
2
4
2
6
2
2
0
0
0
6
0
0
4
6
6
4
4
2
2
2
2
4
0
2
2
4
2
4
2
0
2
2
2
6
0
2
4
6
6
6
2
4
0
2
2
4
0
2
0
2
4
2
0
0
0
2
4
2
2
0
2
4
4
2
4
4
0
4
4
4
6
2
2
4
6
2
4
4
0
2
2
4
4
2
0
4
0
2
2
2
0
2
4
2
7
0
2
2
0
2
2
5
2
0
2
2
2
0
0
2
4
4
0
6
0
0
2
2
4
2
0
4
4
2
4
0
0
2
4
4
2
4
2
2
2
2
4
4
0
2
2
2
2
4
2
0
2
4
0
4
2
0
2
0
2
0
0
2
2
6
0
2
0
2
2
4
0
4
2
2
2
4
0
2
0
6
2
0
0
0
4
4
2
2
2
4
0
2
2
2
2
0
2
0
6
6
4
0
4
2
2
0
4
4
2
6
4
6
4
2
0
6
2
2
2
0
2
2
2
4
4
2
2
2
4
2
0
2
2
0
2
6
2
0
2
2
4
4
2
4
6
0
4
4
4
2
0
4
4
4
0
2
2
4
4
4
4
4
2
4
2
2
0
0
4
2
2
0
0
4
4
2
2
4
0
0
2
2
2
4
6
0
0
2
2
0
4
3
4
12
0
10
32
0
6
31
10
9
10
3
21
23
36
24
0
0
0
0
0
0
6
43
78
0
0
0
0
0
0
0
0
15
19
25
18
12
18
22
16
19
0
0
0
1
0
8
0
6
5
13
0
9
22
14
0
10
0
6
0
12
15
12
12
1
17
15
6
3
9
4
0
13
12
17
0
16
11
11
11
13
7
0
6
9
1
8
0
4
12
8
0
19
25
0
0
12
3
11
10
1
6
9
0
1
1
7
0
9
11
4
8
11
13
0
5
0
7
0
7
8
9
0
1
10
1
0
6
0
0
10
2
8
9
0
12
13
11
9
0
10
3
6
0
7
7
7
0
13
0
9
0
10
1
0
5
6
6
6
8
7
0
6
10
11
6
5
0
5
0
9
0
12
7
6
0
8
27
8
5
0
0
11
0
6
7
9
0
1
6
0
5
0
6
4
0
4
1
14
1
1
1
8
1
9
0
7
8
0
11
10
0
11
0
6
7
4
0
0
0
5
9
0
6
7
3
0
5
6
1
4
7
2
8
1
5
0
6
0
3
5
7
5
0
1
6
0
6
0
9
3
0
5
0
6
10
7
7
5
0
6
3
1
4
4
0
9
6
0
6
0
12
0
9
0
6
5
8
0
7
0
3
6
8
0
29
18
24
14
19
10
28
6
6
12
10
5
6
6
7
7
8
16
20
6
9
9
13
6
6
4
6
8
6
10
7
12
8
6
8
5
8
5
4
9
5
14
9
6
2
6
9
8
10
6
6
5
7
4
6
8
12
6
7
4
6
4
11
8
2
8
5
6
8
12
10
23
8
8
7
4
9
13
23
14
13
15
10
7
16
13
8
10
11
6
7
14
8
8
12
9
4
8
5
8
10
11
7
9
9
9
9
4
5
5
5
4
16
10
4
11
8
9
7
2
6
0
4
2
11
4
23
11
4
2
5
8
8
4
4
6
20
5
9
2
3
6
6
6
2
6
4
5
7
4
4
4
4
5
8
7
5
10
0
8
5
2
3
4
0
6
8
13
2
3
4
28
7
2
4
9
3
6
5
5
4
8
2
4
6
3
2
7
8
2
17
2
2
2
10
17
4
7
5
7
2
5
2
8
2
2
5
4
5
4
3
2
2
7
4
29
3
0
6
4
38
14
4
8
4
5
6
7
5
5
2
5
5
7
4
2
5
6
3
6
6
0
2
9
7
6
4
5
4
0
9
25
2
7
2
6
4
2
5
5
3
16
2
5
4
4
5
6
6
5
5
7
5
6
9
8
3
6
4
4
5
5
7
9
4
4
6
4
