6
2
2
5
6
2
6
5
5
2
7
4
0
6
2
2
2
4
2
6
0
2
4
2
2
8
2
6
4
0
5
7
9
4
6
4
4
6
6
4
2
2
4
2
4
2
2
9
2
4
4
4
2
4
2
2
4
4
2
2
2
6
4
0
6
4
4
0
4
4
2
4
4
7
4
0
2
4
4
2
6
2
4
6
3
2
2
4
4
4
2
4
5
4
0
7
2
7
6
4
6
2
7
6
0
4
2
5
7
2
2
6
2
7
5
5
6
4
6
2
4
7
6
2
4
4
6
2
4
3
2
2
2
3
6
6
2
2
2
4
2
4
5
2
4
4
9
7
4
3
7
4
6
6
2
0
2
7
7
2
2
4
0
3
4
2
6
2
7
5
6
7
4
4
4
4
7
6
4
4
4
6
5
6
5
9
4
4
2
4
4
2
6
4
5
6
8
4
2
6
6
5
2
5
6
2
6
4
4
7
4
3
6
6
2
6
7
2
7
7
2
7
6
6
5
2
4
0
4
0
4
9
2
2
2
4
2
4
2
5
4
0
5
4
7
7
2
7
6
7
6
2
2
4
4
4
4
2
4
4
4
2
4
4
6
4
6
4
6
2
2
6
2
4
4
2
0
5
5
2
4
2
4
2
7
2
2
2
2
0
0
2
0
4
0
8
9
2
0
8
4
2
0
0
0
2
4
2
6
0
0
6
6
0
2
0
8
2
2
2
4
0
0
0
0
0
2
0
10
7
0
0
2
2
2
0
12
6
2
0
0
0
5
2
8
0
2
0
13
2
0
2
0
2
1
8
8
2
2
4
0
2
0
0
0
4
2
0
5
4
6
2
0
2
2
2
1
0
2
0
0
2
0
0
2
2
0
0
2
0
0
0
0
0
4
0
0
0
0
0
4
8
0
0
2
0
2
4
6
2
7
0
0
4
2
4
4
2
0
0
0
0
2
4
5
0
2
4
2
0
2
0
0
4
0
0
0
4
2
2
11
1
4
0
6
4
0
2
0
6
4
2
2
0
4
4
0
2
0
0
2
0
0
4
4
2
2
6
7
2
2
2
4
2
4
2
2
0
8
0
0
6
2
0
4
4
6
4
0
4
0
2
4
0
2
0
2
12
0
2
0
2
0
4
2
2
0
0
0
0
0
2
2
0
6
9
0
0
4
2
10
2
0
0
0
0
0
0
0
0
2
2
0
12
2
0
17
0
2
2
2
2
10
2
0
4
0
2
4
8
6
6
2
2
0
2
0
6
0
4
2
2
0
2
0
0
2
5
4
0
2
2
2
11
2
6
21
4
6
8
6
6
4
9
12
4
4
6
8
12
10
6
4
4
25
8
6
14
8
12
6
8
9
4
4
4
6
15
6
14
8
10
2
8
8
6
12
4
8
4
2
6
8
8
13
15
2
6
4
0
4
4
2
2
2
4
2
0
2
4
0
2
4
4
4
0
2
2
2
4
0
4
0
2
4
2
2
4
4
2
10
4
0
0
2
2
0
4
2
2
0
2
8
2
0
2
2
0
2
6
0
0
2
2
0
6
2
4
0
2
2
4
2
4
2
2
2
0
2
2
2
2
4
0
4
2
2
2
8
2
4
6
2
2
4
2
2
4
2
2
4
4
4
8
4
2
4
4
2
0
0
0
10
2
2
4
4
0
6
2
2
2
6
6
2
2
2
4
2
4
6
6
4
0
6
6
0
8
2
0
4
2
2
0
2
6
0
8
0
4
2
0
4
0
6
2
6
6
2
0
2
2
4
2
0
0
2
4
6
2
0
2
2
2
4
2
10
0
0
4
6
6
2
2
6
81
6
8
0
2
0
2
2
4
6
2
4
6
0
4
4
4
2
0
0
0
2
4
2
0
4
2
2
2
4
2
2
2
0
0
2
0
4
2
0
4
0
4
2
0
0
2
2
2
2
0
2
2
4
4
2
4
0
4
18
2
43
6
0
2
80
30
0
26
38
32
25
35
5
62
7
87
4
39
63
40
33
26
50
31
15
58
2
2
33
56
5
23
20
0
35
24
9
3
40
41
11
2
23
54
22
38
4
45
23
65
79
9
35
35
0
37
20
37
39
28
36
50
0
9
51
33
12
26
4
68
7
19
33
42
84
10
46
37
32
35
34
49
36
25
69
17
4
12
22
56
10
18
4
27
22
2
5
44
20
2
64
5
44
33
17
2
25
28
33
57
34
0
18
55
38
32
71
38
2
27
6
46
4
10
27
2
37
58
18
28
45
2
55
7
6
6
41
36
28
30
32
3
29
54
30
51
61
36
5
48
62
4
15
23
36
3
33
42
41
22
39
17
49
24
32
2
39
8
46
29
8
18
22
28
35
48
3
12
14
29
25
13
3
38
4
49
44
61
3
32
42
68
32
23
26
35
1
34
39
2
38
44
56
38
36
19
29
50
38
35
20
38
5
37
25
26
39
35
31
31
50
50
30
32
31
13
21
36
7
12
15
4
19
5
15
33
56
49
37
24
32
36
28
5
58
26
2
1
21
38
45
39
46
38
39
3
21
33
11
46
32
38
0
10
68
27
26
2
41
53
37
42
34
32
62
40
33
14
37
46
41
11
23
4
30
30
2
6
2
15
4
2
11
6
23
6
6
5
15
6
4
2
4
2
6
2
6
9
6
4
0
0
8
4
6
4
6
6
0
6
8
6
4
6
6
4
20
2
4
4
4
4
2
4
2
2
2
2
7
2
6
4
4
2
2
4
6
4
2
2
4
15
2
4
6
6
6
4
4
2
8
6
4
2
2
2
4
0
4
6
0
10
4
2
7
2
7
4
4
4
6
6
6
2
6
8
9
0
13
5
4
2
5
2
8
14
9
6
0
4
8
2
4
6
6
2
16
8
3
6
2
2
6
2
6
6
5
8
4
4
6
4
0
2
15
6
0
9
0
0
0
13
11
0
4
4
8
4
11
6
8
2
2
4
4
6
2
2
6
2
6
0
2
4
0
8
0
10
2
4
0
4
8
15
4
8
2
6
4
4
4
4
4
2
2
6
4
4
2
4
0
3
2
6
6
4
2
4
2
6
2
2
2
4
6
4
15
4
4
4
4
8
0
0
6
4
4
4
9
6
5
0
18
2
8
15
18
0
4
4
3
6
8
13
0
4
4
4
2
5
2
4
6
6
2
4
2
4
12
4
4
4
4
6
2
2
6
4
6
6
2
4
0
4
2
11
6
6
4
11
4
6
0
0
4
0
4
4
6
2
6
10
8
4
1
0
1
3
1
1
4
1
1
4
0
6
1
6
1
2
6
5
17
1
14
1
1
4
3
4
4
5
0
2
1
3
3
1
0
0
3
11
1
0
4
3
4
0
1
4
2
1
4
1
1
3
5
4
1
4
1
4
1
1
4
2
1
6
4
1
4
18
11
1
6
3
4
1
9
4
6
10
3
5
1
4
3
0
2
2
3
1
2
1
4
7
2
4
5
4
6
3
1
1
5
0
3
0
1
3
6
4
3
0
15
3
3
3
0
4
8
0
4
6
1
6
1
1
1
3
3
2
2
1
3
12
3
7
1
1
0
1
4
5
8
4
1
1
4
3
3
5
0
1
4
10
3
3
4
3
5
2
10
0
3
11
10
4
0
3
7
3
3
3
4
3
5
4
1
1
3
1
4
7
1
4
3
1
0
3
0
4
5
5
1
2
7
4
3
1
2
0
1
5
14
2
3
3
1
3
5
5
7
9
0
5
3
6
4
7
3
1
5
1
6
1
11
1
4
4
3
4
2
7
1
1
6
6
0
3
4
5
8
6
1
14
10
4
4
0
1
6
3
5
1
0
3
3
12
1
3
4
6
4
0
1
3
0
13
6
3
3
4
0
10
4
3
0
3
4
0
5
1
4
4
3
2
3
1
1
6
1
2
2
2
3
2
9
2
6
4
5
0
0
2
0
0
0
6
0
2
2
4
2
2
0
2
0
0
2
0
2
5
4
2
7
2
4
4
4
0
2
0
2
4
2
4
4
0
0
2
0
2
4
0
2
2
4
0
0
4
0
4
2
0
2
4
4
4
0
0
0
2
2
0
2
4
0
0
2
0
2
2
5
2
7
4
4
5
2
5
2
4
0
2
2
4
2
13
2
0
0
4
2
0
2
2
4
9
2
0
6
0
2
2
0
5
0
2
0
4
0
4
2
0
0
2
0
2
0
9
5
2
0
2
2
2
0
2
2
2
0
16
0
0
0
5
2
0
0
0
0
0
7
0
0
2
7
0
4
4
2
2
4
0
0
4
2
2
2
2
22
5
2
5
0
2
5
0
4
4
2
0
4
0
0
0
0
4
2
0
2
0
13
2
0
2
2
2
2
4
0
0
2
0
4
0
2
2
2
2
2
3
2
6
0
4
5
2
7
0
0
2
0
2
2
2
4
0
4
2
6
4
0
0
11
4
0
2
2
2
2
0
2
0
0
7
2
2
0
4
2
0
4
2
4
2
2
2
0
4
0
0
6
2
2
0
0
0
7
11
2
4
0
2
0
4
0
0
0
4
2
2
0
0
4
0
2
0
4
0
2
9
4
1
0
1
1
7
0
1
7
4
1
0
1
2
3
0
1
1
5
0
0
0
1
3
1
1
1
5
1
0
5
1
0
1
0
4
3
2
7
1
1
0
0
0
1
1
0
1
2
0
1
3
0
1
0
0
0
1
1
9
5
1
1
0
0
0
1
0
3
0
1
1
1
1
1
1
1
1
3
1
3
4
1
7
0
0
0
1
9
1
1
1
0
0
0
6
9
6
12
0
5
19
4
6
1
7
2
0
16
1
1
8
1
1
0
1
3
1
0
1
5
0
1
0
2
9
1
0
3
8
3
0
0
1
0
5
9
1
3
7
0
3
0
0
0
1
1
6
0
2
0
3
0
4
6
1
0
19
4
0
0
6
2
1
3
5
1
0
0
2
0
0
0
2
0
1
1
6
7
2
1
1
3
10
9
0
6
1
0
1
1
0
0
1
1
1
0
0
1
0
5
0
0
0
0
1
2
1
0
3
0
0
0
0
0
0
1
6
1
2
7
1
0
2
5
12
4
6
5
0
4
0
5
8
0
2
0
1
0
0
7
3
1
2
0
1
0
7
0
0
1
1
5
2
0
1
0
0
0
3
0
0
3
1
1
1
4
0
3
3
4
29
1
1
0
3
8
3
2
1
0
0
5
1
0
2
2
2
0
26
0
2
2
2
0
2
0
6
6
6
2
0
2
18
0
2
2
2
4
4
4
2
2
6
2
4
0
4
6
4
4
2
0
2
2
2
0
4
2
2
2
4
0
8
0
2
0
0
6
4
6
2
6
4
4
9
4
4
0
2
14
4
2
2
6
8
6
2
6
0
2
2
0
2
6
11
2
2
2
0
2
0
4
2
2
4
6
6
2
4
10
6
6
0
2
2
0
4
2
0
4
2
0
2
2
2
2
4
4
0
4
0
4
15
2
0
62
6
0
6
6
4
6
18
2
0
32
2
2
2
0
2
2
4
0
4
0
8
2
4
2
0
2
6
2
6
6
2
6
4
2
12
2
2
2
8
4
4
6
0
0
2
4
2
6
0
6
4
2
42
2
2
0
2
0
2
0
0
0
4
4
17
4
2
0
9
2
4
0
6
2
26
0
2
8
4
6
2
0
6
6
2
4
13
4
0
35
0
4
6
0
0
0
4
2
0
2
2
4
0
2
4
0
0
2
2
8
0
6
2
2
0
4
2
2
36
5
4
2
2
6
6
4
2
6
2
4
2
0
2
4
2
2
0
2
2
4
0
2
4
2
2
25
4
4
2
2
6
7
0
0
0
2
8
11
4
2
0
4
4
55
2
2
34
13
13
24
14
17
6
17
15
11
14
18
20
22
19
22
22
13
13
11
17
2
18
16
9
15
9
20
18
11
22
15
18
21
18
13
20
15
17
17
19
17
18
13
15
21
29
23
22
15
0
24
19
22
17
19
15
22
19
23
20
17
19
22
28
13
24
52
24
28
28
18
17
17
13
12
20
25
19
15
26
23
13
24
24
43
20
21
20
17
17
19
24
24
24
28
20
25
27
11
26
11
11
18
16
34
26
30
18
19
26
26
22
7
20
28
25
18
30
24
0
8
11
9
24
18
11
9
15
11
13
19
10
5
10
13
10
10
9
11
11
10
9
14
6
13
13
19
13
47
11
17
11
11
11
11
17
21
15
11
13
11
13
15
11
11
11
13
9
11
9
7
13
11
18
11
15
9
15
12
15
15
17
19
18
15
17
17
24
9
32
16
13
17
19
15
11
17
24
15
17
48
21
17
21
15
9
13
13
17
9
10
17
11
15
17
17
17
11
10
17
10
14
7
11
17
44
15
18
11
13
13
13
13
15
7
12
13
9
18
13
23
12
19
8
15
11
8
15
19
13
15
17
16
22
12
14
14
26
18
20
15
23
16
15
12
11
11
11
11
0
11
4
13
15
17
13
9
15
15
13
11
13
15
14
11
7
13
