2
0
2
0
2
2
2
0
0
0
0
0
0
0
4
0
0
2
2
0
0
0
2
2
9
0
2
0
2
0
2
2
2
0
0
4
0
2
2
0
2
2
0
2
2
0
2
4
2
6
0
2
10
2
2
2
2
2
0
0
2
0
2
0
2
0
2
2
0
4
0
0
2
4
4
2
2
2
0
4
0
4
0
4
2
0
2
2
2
2
4
0
2
0
2
6
4
6
2
0
2
2
8
2
2
2
0
4
2
2
2
2
0
0
0
2
0
0
8
0
4
0
2
4
2
4
2
2
0
0
0
2
4
0
0
0
2
2
4
0
0
8
0
0
0
2
2
0
0
0
0
2
2
2
4
2
4
2
2
0
0
0
0
0
2
0
0
4
0
0
2
2
2
0
4
2
0
0
2
0
6
0
0
0
2
2
0
0
6
2
0
4
2
0
4
0
0
4
2
0
0
4
2
2
2
4
0
2
2
0
6
0
0
2
0
0
0
4
0
2
0
2
0
2
0
2
0
0
2
2
2
0
0
0
2
2
2
0
0
2
2
0
0
0
0
2
0
2
2
0
8
0
2
0
0
0
0
2
4
0
0
0
0
2
0
10
0
0
0
0
6
2
0
0
0
2
0
0
2
2
0
2
0
0
0
2
0
2
2
1
2
2
2
0
2
0
6
0
20
2
2
2
2
0
1
2
1
2
1
0
2
0
2
1
2
0
2
2
2
0
2
2
0
0
0
2
0
0
0
2
7
0
2
2
2
0
2
0
0
2
2
0
0
2
4
0
0
0
2
0
0
2
2
0
2
2
0
2
0
2
0
0
7
0
0
2
0
0
2
0
1
2
0
2
0
2
0
1
2
0
7
0
0
0
0
2
0
2
0
0
1
2
1
2
2
2
0
1
0
0
0
2
1
4
2
0
0
0
0
0
1
2
7
2
1
0
0
0
1
2
0
4
2
0
6
1
5
1
0
0
7
0
0
2
0
0
1
1
2
0
0
0
2
2
2
2
2
0
2
5
0
0
2
2
2
5
0
0
2
2
1
2
1
0
2
2
0
2
10
0
2
2
2
0
4
0
1
0
1
1
1
3
0
2
2
0
0
0
2
2
4
0
0
2
2
1
0
2
0
2
0
1
2
2
0
2
0
1
1
4
0
0
1
0
2
0
0
2
2
2
3
0
2
0
0
0
0
0
1
2
0
2
2
0
2
2
2
0
2
0
2
0
2
0
0
2
2
4
0
0
0
2
2
2
2
0
2
2
1
1
4
1
4
5
0
2
0
1
0
0
0
0
2
0
2
2
23
5
11
17
9
13
11
27
11
11
11
21
15
13
15
7
3
11
5
9
65
11
7
9
13
11
3
5
9
2
9
5
3
33
11
7
3
5
13
13
27
23
13
19
15
13
19
9
25
13
15
9
5
7
19
13
21
9
17
23
15
9
5
13
19
3
5
9
11
17
23
21
11
9
15
7
13
9
17
9
49
13
35
21
7
17
11
7
21
15
19
9
11
11
7
9
11
13
5
13
25
21
21
11
7
19
19
15
23
15
11
11
5
13
3
19
11
9
19
7
17
5
17
5
11
15
15
11
3
11
11
9
17
19
9
15
9
9
5
13
19
15
23
25
25
17
11
11
15
9
17
9
9
29
23
11
7
7
21
7
7
7
7
17
13
13
7
7
9
27
11
7
27
35
21
19
15
5
17
35
9
13
19
17
21
11
5
15
5
17
9
9
9
15
9
13
21
27
5
31
17
15
9
25
19
17
15
13
21
7
15
2
15
5
9
15
21
7
9
9
7
5
11
15
13
27
5
13
3
15
25
9
0
11
17
17
15
11
11
7
15
5
3
7
9
5
3
7
7
3
17
3
15
2
5
3
5
2
2
2
0
5
3
3
0
5
0
3
2
0
3
11
2
9
5
5
3
2
3
5
3
5
2
3
5
7
2
0
11
4
8
6
0
11
7
7
5
7
8
7
12
25
16
8
16
14
11
6
9
4
9
8
2
4
6
8
7
5
4
6
6
9
8
4
6
7
11
7
8
14
17
18
10
14
5
19
22
6
6
7
5
11
10
12
12
14
7
18
5
7
10
18
8
9
8
20
10
8
8
10
4
7
10
19
2
5
14
6
10
2
16
8
15
6
4
5
12
4
8
4
4
5
4
8
8
16
8
12
10
16
9
13
21
16
12
9
10
6
9
55
69
0
74
0
0
0
0
18
0
0
63
7
0
4
0
0
0
0
43
0
2
79
73
0
68
0
0
0
2
36
0
2
44
0
0
0
0
0
0
0
66
0
0
81
0
0
0
0
0
2
0
39
0
2
61
0
12
0
0
58
2
0
78
0
0
0
0
35
2
0
35
0
0
45
0
52
0
0
8
0
0
24
0
0
6
0
0
0
0
76
67
0
61
0
2
0
2
0
0
0
61
0
0
32
0
27
0
2
7
0
0
35
0
2
40
2
0
0
0
62
2
0
0
0
0
23
65
67
5
77
1
24
7
8
4
7
9
5
9
6
8
3
14
7
4
16
5
4
12
4
7
17
5
2
6
6
3
15
4
5
0
8
9
7
4
8
8
7
14
5
6
8
7
10
11
7
8
5
0
5
5
0
7
7
0
9
0
6
18
6
8
0
1
9
0
1
9
25
0
0
0
0
0
0
0
6
10
2
0
7
4
0
7
15
0
0
3
0
5
0
3
4
4
5
0
0
6
6
0
4
4
4
2
5
2
7
1
7
5
5
5
0
8
0
12
0
7
6
7
0
0
0
1
0
0
9
0
8
0
4
0
15
10
0
3
7
0
0
6
3
0
0
1
0
5
0
0
0
0
6
7
0
6
0
8
3
1
0
7
0
5
9
0
17
7
2
0
10
13
0
0
16
0
0
9
4
0
2
7
0
30
0
0
0
0
13
0
0
2
0
0
9
7
0
1
0
0
5
1
0
0
0
3
0
0
0
9
12
0
5
4
0
0
7
1
0
8
0
3
5
0
7
7
8
0
0
4
0
0
0
0
1
0
0
8
6
0
7
0
0
2
0
0
0
6
0
0
0
3
2
4
5
10
0
0
3
5
3
0
2
7
1
0
0
0
3
0
13
6
3
5
8
4
0
0
0
0
0
0
0
0
0
0
0
10
3
5
0
5
5
11
4
0
9
0
0
0
9
10
4
0
0
0
3
4
1
1
5
2
6
0
0
16
8
6
11
0
0
2
0
0
0
0
0
9
0
0
0
0
8
1
10
0
0
0
0
4
0
4
0
4
4
6
4
0
6
8
6
4
6
6
2
0
10
8
4
0
0
0
0
6
0
15
2
4
2
8
2
0
6
98
0
6
4
0
0
10
6
6
2
6
2
8
2
2
0
6
6
0
0
6
8
0
0
2
2
0
0
0
0
2
0
0
0
0
0
0
6
2
0
2
6
0
8
0
0
0
4
0
4
2
0
6
0
4
2
0
0
0
2
2
4
0
8
0
6
0
6
0
6
2
0
11
6
6
0
6
2
0
0
0
6
6
4
6
6
2
0
0
2
4
6
8
0
0
0
6
4
8
0
2
0
2
6
6
4
4
14
2
2
8
0
0
6
4
6
0
6
2
10
2
6
0
4
10
71
2
4
4
4
0
6
2
0
6
4
4
2
2
0
2
2
2
6
6
0
2
0
8
6
0
4
6
0
4
6
4
6
2
4
4
6
6
4
0
0
4
4
4
0
0
67
8
8
4
8
2
0
0
2
8
4
4
8
2
6
2
8
0
2
2
0
2
0
6
6
6
12
0
4
4
2
0
6
8
2
2
6
6
6
8
8
6
6
0
4
4
6
4
4
4
4
6
2
0
6
4
4
0
4
0
4
0
14
6
4
8
6
2
10
69
0
2
6
8
6
69
4
0
4
2
6
2
0
0
0
1
12
6
1
6
0
0
0
0
4
2
2
0
7
0
1
1
0
4
1
0
5
0
0
0
4
0
0
0
1
0
0
4
0
0
0
1
1
44
12
0
0
0
2
0
0
0
0
11
0
0
0
0
0
0
1
0
0
1
1
0
0
0
0
0
2
2
1
0
0
12
0
0
0
1
1
0
2
0
0
0
7
0
2
1
0
1
0
0
0
1
0
6
0
0
3
3
0
4
1
0
0
0
7
1
4
0
0
1
3
0
5
1
0
5
4
0
1
1
0
2
0
1
1
0
5
4
1
8
1
1
3
6
2
2
11
0
0
8
4
1
1
6
5
13
3
3
0
1
1
1
1
2
1
1
0
5
0
1
5
4
0
1
1
0
0
0
11
3
0
2
1
9
0
1
0
1
0
1
1
3
0
3
1
1
0
4
0
3
0
10
0
0
5
2
3
4
9
9
1
2
0
0
4
1
0
1
1
7
5
0
3
3
3
3
2
0
0
0
2
4
0
3
1
1
0
0
0
3
0
4
11
1
7
1
3
0
4
0
3
5
1
0
2
1
0
0
1
1
1
9
4
0
1
1
0
0
6
1
1
0
0
2
6
5
1
5
1
0
5
0
1
9
3
0
3
1
8
3
4
1
1
0
1
0
1
7
7
1
3
1
1
6
5
0
0
0
3
1
5
3
3
10
0
1
5
1
3
3
1
8
6
5
3
1
3
1
6
1
0
9
3
16
0
7
5
3
1
5
1
0
3
0
7
5
1
0
8
3
0
4
1
3
3
7
12
5
1
1
5
3
5
3
6
9
3
3
3
1
0
1
5
5
5
3
3
13
5
3
5
5
3
0
5
7
6
6
5
1
3
0
24
0
0
1
5
8
1
6
3
3
5
5
8
7
10
0
3
3
1
8
0
1
5
1
3
3
10
10
3
5
3
10
3
5
3
10
3
10
1
3
3
6
7
6
12
6
1
7
3
3
1
3
6
1
3
3
1
7
13
5
9
3
1
3
3
3
8
10
1
7
8
15
1
3
1
5
7
1
1
0
10
8
8
9
7
7
5
10
5
3
3
6
9
10
1
10
6
0
0
12
0
3
0
3
1
3
3
5
1
3
3
7
3
1
3
1
3
8
0
8
3
15
10
8
5
1
3
1
5
5
9
10
0
1
0
5
3
0
0
0
6
1
3
5
1
1
6
7
1
5
3
4
8
3
0
0
3
5
3
1
0
3
8
5
3
3
8
3
6
5
7
7
10
1
1
10
6
6
1
1
1
3
3
0
28
0
5
5
3
1
5
9
9
11
7
6
4
7
7
7
4
6
9
7
6
13
8
15
9
9
4
8
6
8
4
10
9
6
10
9
9
15
6
9
6
6
9
11
9
10
6
6
6
6
6
13
6
11
9
9
13
8
9
8
6
4
6
11
9
8
11
6
9
9
8
4
13
8
9
11
6
8
6
10
11
9
11
8
13
8
6
9
8
4
8
6
13
9
9
4
9
8
8
6
13
8
10
8
11
6
6
15
11
4
9
8
9
4
8
11
4
9
12
10
4
10
9
9
8
9
11
8
6
13
6
11
13
6
11
10
9
8
6
9
9
8
4
13
9
7
8
11
6
8
8
11
17
6
4
12
11
8
17
9
10
10
13
11
6
15
4
8
24
8
4
11
13
4
6
21
4
6
8
10
4
6
8
6
6
6
8
6
8
13
6
8
9
11
17
7
6
8
7
8
10
4
7
11
11
9
6
6
6
9
9
4
9
6
11
10
12
10
6
11
11
13
9
8
9
15
4
9
6
6
4
6
11
7
19
9
10
6
6
6
10
6
6
6
11
13
8
9
11
11
9
4
10
13
6
6
6
8
4
12
9
4
8
6
4
4
8
8
4
6
13
8
12
15
10
6
6
13
7
17
9
7
11
8
8
6
8
4
6
4
8
6
6
8
6
4
15
4
6
4
4
8
4
17
4
8
2
4
4
6
17
8
4
6
19
2
6
32
8
4
15
0
6
9
6
6
6
11
52
23
2
11
6
2
6
12
6
45
25
8
6
6
15
4
6
8
4
10
4
6
6
4
4
38
10
6
12
4
10
4
4
6
6
2
6
6
6
4
4
6
6
6
6
26
34
38
10
6
6
48
2
4
4
57
6
6
6
8
4
2
4
6
6
4
4
6
6
8
8
6
19
75
4
6
6
2
2
4
4
60
6
6
8
4
38
4
4
4
2
6
28
10
8
23
73
6
31
2
25
4
4
6
4
4
6
4
12
8
2
4
6
4
53
25
6
6
6
2
4
6
2
12
4
24
6
4
6
10
6
21
11
12
6
25
8
10
15
10
17
12
15
23
13
17
15
27
25
15
6
23
14
13
21
15
19
12
23
21
22
28
6
15
25
11
12
11
15
11
24
15
15
17
12
19
19
40
8
9
17
17
13
17
0
2
2
4
4
0
2
8
0
0
4
0
0
2
2
2
2
0
4
2
0
4
6
0
2
4
4
6
0
2
0
0
2
4
0
0
4
2
2
4
2
2
2
4
0
2
6
2
0
2
6
2
5
0
0
2
0
6
0
4
4
2
2
2
2
4
0
4
4
2
0
