4
3
36
1
1
1
5
1
1
37
3
1
3
33
0
9
1
5
23
1
16
37
83
7
9
5
5
5
1
8
3
54
7
1
5
1
1
0
3
7
8
3
21
82
1
3
10
1
3
3
5
1
5
3
3
3
0
1
1
3
1
12
3
73
7
1
8
9
16
3
3
1
7
5
3
3
27
5
5
34
1
6
3
5
5
1
5
3
5
3
7
66
7
11
17
54
0
32
23
8
41
21
23
65
26
9
17
71
17
2
5
5
78
3
5
55
4
23
7
7
3
8
1
9
10
16
19
10
1
46
9
11
3
11
25
16
78
3
5
3
8
27
24
79
5
9
15
7
10
46
7
14
5
8
7
45
12
45
1
5
6
6
7
5
12
22
10
1
9
8
5
5
3
7
5
3
6
7
1
9
7
3
10
7
8
0
15
9
14
10
7
8
3
70
10
26
10
6
31
35
7
25
3
5
69
25
26
5
6
1
10
5
8
5
10
21
25
6
39
1
1
10
1
8
7
14
0
3
3
26
5
7
3
7
5
21
16
9
5
1
7
3
9
9
14
7
7
21
10
5
7
9
7
10
9
5
3
19
8
13
10
5
6
1
12
35
3
5
3
3
10
3
9
21
68
8
9
5
3
10
5
5
6
32
83
10
7
12
13
18
8
15
11
11
12
8
13
6
13
9
11
10
11
11
9
9
13
16
11
11
18
15
17
11
13
11
11
13
14
13
14
17
9
21
26
20
30
21
10
13
11
11
11
15
13
14
15
9
13
9
14
15
48
7
6
12
8
11
9
14
15
13
12
13
11
10
12
16
11
7
11
13
15
12
15
23
9
17
19
11
9
13
29
7
11
11
17
8
8
11
11
12
14
11
8
7
15
10
6
9
13
12
7
45
13
14
14
5
20
15
11
17
16
70
19
9
16
23
19
23
15
17
17
15
15
10
18
11
17
7
13
11
13
9
6
13
12
11
12
19
15
20
11
28
9
13
13
17
14
16
9
15
15
13
9
18
15
11
15
11
11
13
15
14
13
15
19
15
15
9
20
17
17
13
10
15
24
17
9
13
9
9
11
24
28
21
23
16
17
17
28
18
25
27
34
19
14
23
21
15
21
22
13
22
17
19
19
22
30
15
43
15
17
11
14
11
12
10
16
13
12
13
19
23
11
19
22
19
17
25
23
15
21
11
15
15
17
21
22
14
14
21
20
14
22
28
28
13
10
13
9
10
11
13
9
7
8
15
18
7
18
14
26
17
11
19
11
8
8
13
13
7
46
11
11
10
9
15
11
55
14
9
5
7
13
10
4
0
8
6
0
0
2
0
6
6
6
62
0
4
4
0
6
2
0
6
0
0
0
0
0
4
0
6
0
0
2
4
0
0
0
0
0
10
0
0
2
2
2
8
2
2
0
0
92
10
0
10
0
2
4
66
6
0
2
6
14
0
0
0
0
6
8
2
0
4
0
6
0
0
0
0
0
6
0
2
25
2
2
6
0
0
8
2
2
6
6
4
0
2
4
6
0
64
0
2
2
2
2
2
0
0
0
8
94
2
0
8
2
6
30
4
0
0
0
5
2
0
0
2
2
6
0
2
62
0
4
4
6
0
8
2
0
0
6
0
0
0
6
2
0
0
6
10
10
8
0
0
0
2
0
51
0
0
2
6
12
8
4
8
2
0
4
0
0
2
2
0
10
4
58
0
2
4
4
0
4
0
8
8
10
2
4
4
2
4
0
4
0
2
62
4
8
0
2
2
25
0
4
0
6
0
2
6
0
0
0
65
2
4
4
0
67
0
6
0
8
68
2
2
90
0
0
6
6
0
6
2
0
0
2
2
2
6
0
0
6
8
0
0
0
6
4
8
0
0
8
0
6
0
2
0
0
4
6
6
0
0
8
2
2
2
6
0
96
0
2
6
0
2
0
0
0
0
6
2
6
8
2
2
0
0
6
0
0
2
2
2
0
0
0
0
0
0
0
2
2
0
0
0
0
0
0
0
0
0
2
0
0
0
2
0
2
2
0
2
4
0
2
2
4
2
2
0
2
2
0
2
0
0
0
2
0
4
0
2
4
0
0
0
0
0
0
0
2
0
0
0
2
0
0
0
0
0
2
0
0
2
4
0
2
0
4
2
2
0
0
0
2
4
0
0
0
2
0
2
2
2
0
0
2
2
2
0
2
0
0
2
0
0
4
2
4
4
4
0
4
0
2
0
2
0
2
2
4
0
0
0
2
2
0
0
2
4
2
4
0
6
2
4
2
5
0
4
2
2
0
0
4
0
2
2
0
0
2
4
2
4
4
0
2
0
2
2
0
0
0
4
4
2
4
2
2
2
2
4
2
0
0
2
0
2
0
2
2
0
2
2
0
2
0
2
0
2
0
0
2
2
4
4
2
0
0
4
2
0
0
0
2
2
0
0
4
4
0
4
0
2
2
4
2
0
4
4
0
2
0
0
0
2
2
2
2
0
6
0
2
2
2
2
0
0
2
4
0
2
2
0
2
0
0
2
0
2
0
0
0
0
2
0
0
0
0
0
0
0
0
0
2
2
0
2
0
2
2
2
2
2
0
0
0
0
2
2
0
0
0
0
0
0
2
0
0
1
0
0
0
0
0
1
0
1
1
0
0
1
3
0
0
0
1
0
1
0
4
0
4
1
0
1
1
1
0
7
0
0
3
0
1
3
1
1
0
0
0
1
1
0
4
1
1
1
1
1
1
1
1
1
1
0
1
1
6
0
0
1
1
1
0
1
1
0
0
3
1
0
1
0
1
0
0
3
0
3
0
0
1
0
0
1
1
0
1
1
0
0
0
0
0
1
0
0
0
0
1
0
4
4
1
0
0
2
0
0
1
1
0
0
1
0
0
0
0
1
1
0
1
1
1
0
0
3
0
0
0
1
2
0
1
0
1
2
0
3
0
0
1
1
3
1
1
3
0
0
1
0
3
1
1
3
3
0
0
0
1
1
0
1
0
1
0
4
1
0
0
1
1
0
0
0
1
1
1
1
3
1
0
1
1
1
0
0
1
1
0
0
0
3
0
1
1
1
1
0
0
3
2
3
0
0
1
0
1
3
1
1
0
0
2
0
1
0
1
0
0
0
0
0
0
1
0
0
0
0
1
1
0
0
0
0
1
0
0
1
1
1
0
0
1
0
3
1
1
1
0
0
1
1
1
1
1
5
1
1
0
3
0
0
0
1
0
0
1
1
1
0
0
3
1
0
0
0
0
3
0
1
0
0
1
0
87
84
45
65
40
0
0
0
0
0
78
34
78
37
42
0
0
0
0
0
0
0
85
37
75
2
29
0
5
0
0
0
0
0
28
37
5
42
8
0
52
41
0
0
0
0
68
53
2
42
47
18
2
64
34
89
0
0
5
42
28
2
87
2
40
18
76
0
2
44
89
39
41
0
0
0
22
0
1
1
32
87
6
76
69
1
33
2
23
2
0
68
16
47
50
11
31
4
0
36
3
51
94
64
17
2
4
2
6
11
35
2
17
2
28
19
20
67
46
47
0
2
0
0
15
0
0
54
0
10
0
31
0
0
23
4
0
6
81
60
0
2
42
18
75
3
0
26
88
46
0
52
43
2
46
2
84
0
0
77
5
0
2
2
36
0
60
2
0
0
2
0
0
3
62
31
17
7
3
29
0
2
8
2
37
0
2
5
64
0
36
39
83
4
41
0
37
0
0
64
6
13
14
2
4
40
2
43
20
0
5
72
2
84
83
7
23
21
0
42
25
2
30
0
3
16
5
2
0
14
62
33
52
62
0
12
57
46
5
62
0
27
2
25
0
66
31
26
12
29
34
14
2
6
78
62
33
16
70
54
6
34
4
9
2
0
3
29
67
43
61
57
47
16
63
70
48
24
28
16
0
4
54
11
0
7
84
42
9
10
9
11
13
12
10
11
9
8
6
5
13
12
9
9
13
15
10
13
8
13
13
10
10
8
17
11
9
10
8
7
15
9
7
13
8
8
7
10
6
9
7
10
10
16
9
7
11
13
10
8
9
12
10
10
11
10
9
11
9
11
12
10
9
14
17
11
6
12
13
9
16
9
10
10
13
8
11
4
14
10
8
15
12
11
9
18
10
10
11
13
9
19
12
11
15
13
15
11
15
10
12
15
14
5
10
5
12
13
10
10
13
8
11
10
11
8
13
13
14
4
11
11
10
13
10
10
8
9
13
13
13
7
10
9
8
10
11
7
7
13
7
9
10
8
8
8
8
9
17
8
15
12
5
13
11
7
11
12
10
13
15
8
8
8
7
11
13
6
8
11
14
19
10
9
13
11
9
17
11
9
11
13
15
15
10
5
8
15
13
15
12
10
12
14
13
7
8
10
13
13
9
11
9
12
8
11
20
11
8
11
8
15
8
11
13
6
10
13
14
9
12
9
9
11
11
17
13
7
8
15
11
13
8
7
11
11
10
13
11
11
14
13
10
11
14
14
11
10
10
13
10
10
9
15
11
8
10
10
12
9
16
9
19
13
6
8
11
15
8
9
8
10
12
12
10
10
8
10
10
10
13
17
14
18
12
13
16
14
17
16
16
17
20
11
16
20
19
23
17
16
16
17
11
20
35
12
18
20
16
11
19
22
28
24
17
21
18
16
20
19
27
20
14
16
20
22
20
20
23
15
16
24
21
15
22
21
18
15
14
21
19
23
24
22
21
24
26
27
14
14
21
27
68
17
24
19
22
19
21
12
16
31
20
25
22
16
19
27
17
21
30
18
10
12
12
21
23
24
27
24
13
20
16
16
16
23
25
23
25
16
28
22
32
22
18
20
27
21
18
24
21
24
24
24
16
16
16
27
17
24
20
23
22
16
16
25
27
28
29
21
25
14
21
16
29
22
26
20
25
11
18
21
14
34
17
22
30
15
17
24
26
21
23
59
23
20
20
21
20
24
23
20
30
25
23
13
21
19
27
25
17
22
24
27
30
22
17
9
23
9
16
26
21
28
14
16
17
47
20
27
18
16
27
18
23
2
16
26
27
29
12
14
32
22
17
25
19
15
21
16
19
19
10
19
15
21
16
12
14
14
11
11
13
19
14
15
16
25
10
20
18
21
15
21
18
16
19
17
17
24
20
17
17
20
11
11
19
16
15
15
14
16
18
16
19
17
18
8
10
14
21
21
22
19
14
20
14
12
19
11
20
11
18
16
18
23
16
31
16
13
14
83
12
16
8
6
4
7
4
0
2
10
8
8
6
13
6
8
6
7
7
4
4
10
4
4
12
2
4
6
2
6
6
10
0
6
6
6
0
98
58
85
76
68
68
69
56
83
4
2
2
0
2
0
2
2
0
4
6
2
2
4
2
2
10
2
2
4
0
2
2
4
4
6
2
2
2
0
2
4
2
2
2
4
4
0
6
6
2
2
2
2
4
0
4
2
2
4
2
4
2
4
4
2
2
2
4
8
4
2
4
0
4
6
4
0
4
2
0
4
2
2
2
4
2
2
4
2
4
4
0
2
4
4
2
2
4
2
2
2
16
4
2
2
2
2
10
2
2
4
4
4
6
0
0
2
2
2
2
2
2
0
0
2
2
2
2
2
4
4
2
4
2
2
0
6
2
0
2
4
2
0
4
6
2
0
4
4
4
4
6
2
2
6
8
4
2
2
2
0
2
2
2
4
2
4
4
2
6
2
2
2
8
10
2
4
8
4
6
0
2
4
8
2
0
4
4
2
2
0
2
2
5
0
2
2
2
2
2
2
4
2
2
4
2
0
0
2
0
4
8
2
2
2
0
0
0
9
4
4
2
2
0
2
2
0
2
2
0
0
2
10
2
6
2
2
8
4
2
4
2
4
7
2
2
2
4
2
2
0
4
2
36
45
33
53
58
76
46
44
38
44
62
33
33
39
45
38
59
58
49
41
39
45
31
31
31
40
55
40
50
36
64
40
48
39
35
34
26
36
61
61
41
50
64
59
43
66
36
35
43
35
55
52
47
65
47
48
61
44
45
42
34
54
44
90
44
46
58
41
50
57
33
42
35
43
47
46
70
38
50
45
37
49
46
41
28
55
38
70
58
41
44
61
44
48
61
29
39
52
33
68
53
57
44
55
42
43
43
33
35
32
29
57
26
64
60
43
34
32
42
36
27
47
73
49
30
43
40
38
42
52
34
46
34
36
44
63
40
36
57
45
57
55
46
58
36
35
38
46
50
60
66
37
35
33
46
33
46
50
52
37
62
39
38
47
37
27
50
36
29
35
56
38
65
48
46
55
39
61
31
42
44
66
48
43
48
61
69
37
42
34
28
41
54
43
52
49
44
45
35
77
46
37
39
37
40
36
34
36
42
36
54
46
48
55
37
29
50
53
54
48
42
45
59
41
36
39
41
41
37
33
35
37
37
57
42
39
33
35
30
27
36
32
31
25
54
43
60
27
26
25
32
41
31
31
42
41
37
32
25
34
36
27
31
88
25
34
23
26
32
21
49
24
32
34
34
33
71
55
33
42
33
70
36
42
38
33
51
44
