3
15
1
1
2
0
5
9
5
5
1
6
4
2
2
0
3
2
2
2
2
2
2
1
3
6
0
9
2
2
15
3
4
3
4
11
1
2
2
1
2
0
0
2
2
4
1
1
1
2
0
0
4
3
2
6
2
2
9
2
0
2
2
4
2
3
0
4
3
4
3
2
2
0
6
2
5
4
4
3
2
2
0
0
1
4
2
0
2
17
0
3
2
6
2
6
2
0
1
1
2
2
4
1
6
1
3
1
0
1
1
4
2
4
1
2
2
4
2
1
2
2
14
1
0
2
6
2
2
2
2
1
17
3
0
2
1
2
6
1
2
3
2
0
0
0
2
0
2
5
4
4
4
2
0
3
2
4
2
4
4
3
1
1
2
1
1
4
2
0
2
7
1
4
2
1
2
1
2
0
4
4
1
4
1
0
1
0
2
2
2
0
1
2
1
6
6
0
4
1
5
4
0
6
3
0
2
5
2
0
1
2
4
1
0
4
2
0
1
2
8
0
4
2
1
2
1
1
6
0
2
2
1
1
2
2
1
0
0
3
1
0
2
0
4
1
0
1
4
9
2
1
0
2
1
1
15
5
1
1
2
2
0
0
0
1
0
1
0
0
2
2
2
0
0
0
0
0
18
2
4
2
3
1
4
4
6
3
9
11
8
9
8
10
10
8
10
7
7
5
8
10
10
9
9
9
8
12
5
11
8
9
7
7
9
10
7
8
5
5
9
9
9
7
10
5
12
9
9
7
10
9
11
8
9
9
11
11
11
12
7
7
10
10
9
10
7
12
9
12
7
6
10
8
15
11
10
7
8
12
10
8
10
9
10
9
14
10
11
10
10
7
8
10
11
6
12
9
8
10
10
10
9
8
5
7
11
7
8
9
9
5
8
5
8
8
7
9
7
10
11
6
8
9
10
12
6
9
12
7
7
5
9
9
9
7
9
7
5
9
8
9
7
7
10
9
7
6
10
9
10
13
9
7
11
10
12
7
9
12
9
9
9
9
12
8
9
9
8
8
9
12
10
11
8
10
10
10
11
11
10
10
7
11
14
9
9
11
5
10
7
8
11
11
8
8
9
10
2
8
8
9
10
7
9
7
9
8
12
12
7
10
7
9
5
10
10
6
7
9
7
7
7
5
11
11
10
5
10
7
8
10
10
12
5
10
8
8
11
12
8
10
9
8
9
12
7
10
9
10
10
9
6
7
11
9
10
10
9
7
11
8
10
11
7
8
10
9
11
10
10
9
7
7
12
9
8
10
8
11
8
9
9
11
8
7
10
10
8
7
8
10
10
8
10
8
6
2
73
4
6
0
6
2
0
0
2
4
6
2
0
4
5
2
6
6
0
2
0
0
55
4
0
59
0
7
8
37
2
0
81
4
2
0
4
4
3
53
6
6
0
10
8
4
6
2
8
9
6
2
3
0
2
4
8
4
2
6
4
6
0
52
0
4
4
8
2
0
2
2
4
8
2
2
4
2
8
6
8
0
0
0
4
6
8
4
8
4
2
2
0
0
2
34
0
0
37
0
2
2
6
4
6
48
6
0
4
0
0
2
2
2
2
5
53
0
4
8
0
2
2
10
6
0
4
8
2
2
11
4
4
0
2
6
6
0
8
13
2
2
4
0
6
9
8
45
0
2
32
2
0
8
6
6
4
6
4
8
8
4
64
0
6
0
6
0
4
34
0
4
0
4
77
8
0
4
2
10
49
6
4
2
51
2
2
8
0
6
32
6
2
4
0
0
6
6
4
6
0
0
4
8
4
61
4
4
4
2
6
8
2
0
4
2
2
4
2
8
0
4
0
8
0
0
2
0
0
2
10
0
0
6
4
3
4
0
6
0
4
4
2
0
6
3
6
2
7
8
2
2
8
2
8
0
4
8
2
0
2
4
4
0
47
7
2
2
54
2
4
2
4
6
0
39
6
8
7
8
6
8
58
8
2
6
17
19
16
13
18
17
11
19
16
16
18
19
18
19
18
17
17
18
18
17
18
14
18
18
19
18
18
16
18
18
17
16
19
16
18
19
18
18
17
16
17
18
17
18
18
17
17
19
18
19
17
19
19
17
16
18
17
18
17
17
17
18
18
18
19
18
18
19
17
18
17
18
18
18
15
18
19
17
18
17
18
18
17
18
17
17
17
17
19
18
18
19
16
17
16
18
15
19
16
16
17
18
16
17
17
17
18
18
17
17
17
18
19
18
18
17
17
18
17
18
18
18
18
18
18
18
18
16
17
18
18
18
18
19
19
19
17
18
17
17
17
18
18
14
18
18
18
19
18
18
18
15
17
19
18
16
17
19
16
18
16
18
17
18
18
16
19
17
13
18
17
17
16
17
15
16
18
18
17
16
16
18
15
18
18
14
17
18
16
18
18
16
16
16
18
18
16
11
18
17
18
15
17
15
16
16
17
17
16
16
17
17
18
17
18
17
17
17
18
15
16
14
14
17
16
15
15
15
15
18
16
16
11
16
16
15
16
17
18
17
14
17
17
15
14
16
16
10
16
16
15
15
15
17
15
16
16
17
17
13
17
10
17
17
18
17
17
11
16
18
17
17
15
18
16
15
18
17
12
16
14
17
18
16
16
16
19
15
3
1
1
9
8
9
8
8
9
16
8
9
7
7
6
7
11
16
8
13
15
0
0
0
0
3
0
2
0
1
1
2
0
3
1
2
0
0
2
1
0
3
2
0
0
18
0
0
1
0
1
1
1
0
1
2
1
7
1
0
0
0
4
1
1
1
0
0
1
0
4
1
0
0
5
0
0
1
6
0
1
5
1
0
7
1
2
0
2
1
4
1
2
1
1
0
2
0
1
7
3
9
1
1
3
1
7
5
0
2
2
3
2
3
0
1
3
2
7
5
0
3
1
3
3
0
2
4
5
2
3
2
0
0
1
1
0
0
0
0
0
0
1
0
0
0
2
0
4
10
8
11
8
0
4
1
2
6
11
1
1
1
1
0
1
2
2
1
0
3
7
12
11
5
7
10
9
0
6
0
2
0
0
2
0
5
3
0
1
0
7
5
0
2
2
1
1
0
4
3
4
1
3
1
1
0
0
1
1
0
2
0
0
2
0
0
1
0
1
0
0
0
0
1
0
0
0
1
1
1
3
0
1
2
0
0
1
2
1
2
0
4
7
8
8
12
8
1
1
1
1
0
0
0
4
7
1
6
3
0
5
3
5
0
2
4
1
0
1
3
1
0
8
1
0
0
3
0
0
5
1
1
1
12
1
2
1
0
0
0
7
1
0
0
0
2
9
5
0
0
3
3
3
3
3
0
0
3
7
3
0
3
3
0
3
0
0
3
0
3
3
0
2
3
0
0
3
0
0
2
2
3
4
0
5
0
5
2
3
3
5
0
0
0
81
0
9
0
0
5
3
0
7
0
0
0
3
3
0
3
0
1
3
0
0
3
0
0
0
0
0
0
0
0
3
0
0
0
0
3
0
4
0
2
9
2
0
0
2
0
0
7
0
0
0
0
3
5
7
0
7
0
1
5
0
2
2
4
0
1
0
2
3
0
3
3
0
0
3
3
2
7
0
3
0
3
2
3
2
5
3
1
0
3
3
7
0
7
0
5
0
3
2
3
1
1
0
3
2
5
2
3
0
0
5
3
1
1
1
0
5
2
0
3
3
0
2
0
5
5
0
2
1
0
2
3
4
1
7
0
0
1
5
3
0
5
3
3
1
2
1
3
0
4
2
74
4
5
0
3
3
1
0
2
2
1
0
0
5
3
3
5
0
0
2
2
4
7
2
5
3
2
3
81
3
3
2
5
3
0
3
3
5
0
3
1
0
2
3
3
3
3
3
3
0
9
3
3
1
3
2
3
5
3
0
1
0
1
3
3
3
3
2
0
3
0
3
2
3
0
3
2
0
2
3
3
12
9
12
11
11
13
21
13
7
13
4
9
11
11
9
7
14
7
6
9
9
25
8
10
9
14
9
9
18
13
14
24
17
17
14
13
11
15
13
15
11
11
11
13
11
11
22
16
11
13
13
11
12
11
38
20
8
11
13
7
11
17
6
11
10
7
8
11
17
13
13
7
5
13
13
21
12
9
11
11
11
15
18
13
9
21
6
7
16
11
7
9
7
8
9
11
11
19
9
11
7
7
13
17
9
21
14
9
8
21
4
17
45
26
6
7
11
11
4
15
11
9
5
6
7
7
20
23
7
7
11
18
17
8
7
24
11
6
13
13
17
13
10
10
15
22
13
9
13
4
15
15
31
5
16
16
9
21
7
11
17
17
11
19
20
6
16
11
13
24
7
15
17
9
20
21
7
13
20
23
21
21
23
24
27
17
11
13
19
15
41
15
15
18
16
11
17
18
17
15
13
15
20
18
20
11
16
20
18
9
7
15
19
6
53
31
5
7
13
9
11
11
11
13
13
7
11
20
11
13
21
9
11
15
11
19
15
9
16
9
11
13
16
11
9
9
18
19
11
11
13
14
12
13
14
13
7
11
15
9
17
11
20
18
11
8
20
9
21
11
18
13
16
30
20
12
11
29
28
13
21
16
11
9
9
9
11
14
13
23
10
23
15
11
19
21
13
23
19
23
12
13
19
19
12
6
46
21
15
17
14
6
17
14
19
6
17
6
14
2
15
17
8
14
17
13
10
15
14
44
12
15
52
23
11
17
14
25
23
19
27
17
17
29
21
14
17
17
17
8
19
14
17
19
10
29
27
17
17
17
19
25
17
8
14
14
10
25
21
17
19
17
31
17
14
14
25
23
27
19
29
21
10
35
52
25
44
79
29
14
23
15
50
56
17
37
27
27
38
10
35
27
29
35
34
27
8
13
6
31
37
8
10
8
23
52
33
42
42
21
17
21
23
29
25
19
31
23
23
33
19
54
31
14
27
37
17
17
46
33
25
35
64
14
35
63
93
64
58
17
48
17
23
79
29
25
21
2
48
39
41
13
29
54
58
12
67
60
29
17
60
44
13
25
46
19
15
17
19
19
25
33
15
10
56
50
58
21
39
37
19
21
33
15
52
37
12
17
13
27
21
29
14
68
12
12
31
15
12
31
39
27
12
12
31
2
50
35
31
21
12
15
27
14
23
2
19
17
44
17
17
21
23
21
37
25
17
27
27
19
35
15
31
12
41
17
40
29
13
64
19
27
27
23
8
17
12
19
19
21
10
10
17
29
17
13
12
4
17
14
10
19
8
10
12
13
2
2
2
6
0
4
0
0
2
2
0
4
0
2
2
2
2
4
2
2
2
0
2
2
2
2
0
0
2
0
0
2
4
4
0
0
4
2
2
2
2
2
4
2
2
2
2
0
2
4
2
2
2
2
0
2
2
4
2
0
2
2
2
6
4
2
2
4
2
2
2
2
4
4
4
2
2
2
0
2
0
0
2
0
2
4
4
2
4
2
2
0
4
2
0
2
2
2
2
5
0
4
2
2
0
2
4
0
0
2
0
2
2
2
2
0
2
2
0
2
2
2
4
0
0
2
0
2
0
2
2
0
4
0
4
2
0
2
2
4
2
0
2
0
0
2
2
4
2
2
2
0
0
0
2
3
0
2
2
0
4
4
2
0
2
2
0
2
0
4
2
2
0
2
2
2
2
2
2
2
2
2
4
0
2
2
2
2
2
2
0
4
2
2
0
0
0
2
0
2
0
2
2
2
2
6
2
2
7
0
2
2
0
0
0
0
0
0
2
0
0
2
2
2
2
2
0
0
2
0
0
2
2
4
0
2
0
2
2
2
37
2
0
0
4
0
2
2
0
0
2
2
0
0
0
0
2
0
2
4
5
0
2
0
0
2
0
0
0
0
2
0
2
2
2
2
0
4
2
2
0
2
0
0
2
0
4
2
9
13
12
11
11
10
12
7
11
11
11
9
13
11
9
13
11
11
9
11
9
11
9
11
11
13
11
11
9
11
9
11
7
13
11
11
11
11
11
11
11
9
11
13
11
11
11
11
11
11
11
9
11
11
9
9
9
5
9
11
9
13
9
13
11
11
9
9
13
11
11
9
9
13
9
9
12
11
11
5
11
9
11
7
11
11
9
9
11
9
11
9
11
12
11
9
11
13
11
10
7
9
9
11
11
9
10
9
11
11
13
11
11
9
13
9
12
8
11
9
9
9
11
11
11
11
11
11
11
11
11
11
11
11
11
11
11
11
11
9
13
9
11
11
13
11
11
9
11
9
12
13
13
10
13
8
9
9
9
11
10
9
11
11
11
11
10
11
9
11
10
10
11
9
8
11
9
9
11
11
10
11
11
10
9
9
9
6
9
11
9
7
10
9
8
11
9
9
11
10
11
13
7
11
9
9
10
9
10
10
9
9
7
9
10
11
9
11
9
11
11
9
7
13
7
11
11
11
11
9
11
11
11
9
11
11
9
11
11
9
9
7
11
11
9
9
11
9
9
9
9
9
8
9
11
10
11
11
11
10
9
9
11
11
7
11
11
11
11
11
9
11
9
10
10
11
11
9
9
7
10
11
11
12
9
11
9
11
