0
18
2
2
0
2
0
30
48
0
32
44
32
3
24
2
23
1
0
2
0
39
42
26
28
22
40
40
34
1
38
44
23
15
2
46
5
9
2
11
7
0
0
2
3
3
0
4
23
40
0
0
0
0
1
1
1
2
0
3
21
0
27
26
2
0
1
26
23
2
31
36
25
38
34
22
24
0
0
0
27
2
20
12
6
6
30
20
27
40
2
3
1
0
0
12
1
43
26
46
40
0
15
27
24
23
1
18
0
3
0
3
24
21
34
18
0
0
3
25
41
2
0
2
28
27
0
27
30
16
18
9
13
16
2
28
37
12
8
4
10
4
2
16
0
35
4
1
5
1
1
3
28
2
24
1
0
33
28
25
24
43
0
3
20
2
46
37
0
50
23
1
0
0
36
19
3
24
29
39
5
16
33
26
17
14
17
3
6
2
31
44
6
2
35
42
37
0
3
2
3
2
4
1
0
2
3
28
13
34
1
0
2
0
0
0
0
0
0
1
13
26
33
22
41
0
0
16
0
29
2
2
2
42
17
2
27
0
0
3
2
1
45
22
2
0
2
21
0
21
0
23
19
15
20
3
25
33
36
4
38
0
2
0
16
8
17
22
16
0
3
1
10
0
33
1
0
20
3
3
31
0
20
1
0
15
46
49
6
4
43
43
2
6
4
16
2
0
0
0
43
2
2
44
0
0
4
2
6
0
4
4
4
0
6
2
6
2
8
4
2
4
2
2
2
4
2
2
0
4
6
4
2
2
18
4
6
4
4
4
6
2
2
6
0
6
4
2
2
2
4
2
4
4
2
2
4
0
0
4
0
2
2
0
4
0
0
0
44
6
37
2
18
2
0
2
4
4
2
41
10
0
6
4
4
31
2
4
4
6
2
0
6
4
4
0
4
2
2
2
2
2
4
2
4
8
4
33
4
2
2
2
2
2
4
4
4
4
2
2
4
2
27
4
4
2
2
0
0
6
2
2
4
4
0
2
2
2
2
0
2
4
0
2
2
2
2
2
4
2
2
2
2
6
4
2
0
4
2
4
2
2
2
4
8
0
8
2
2
0
2
2
4
6
6
21
8
4
2
9
4
4
2
4
2
2
6
6
2
2
4
4
4
0
41
0
4
0
2
2
2
2
4
0
4
2
2
23
2
0
4
2
4
4
2
0
49
6
4
4
4
4
2
4
6
2
8
4
2
0
6
4
6
2
4
0
4
2
2
4
8
6
2
0
2
2
4
4
0
2
8
2
4
2
2
0
2
8
2
4
2
6
2
0
2
4
8
2
2
0
2
6
0
2
2
46
38
32
47
63
25
47
40
24
22
12
19
36
38
47
17
21
57
43
52
20
19
11
40
30
47
9
13
30
18
25
14
58
21
29
11
28
37
17
32
45
55
41
49
20
33
33
23
23
21
7
18
11
30
20
36
13
13
17
13
17
17
6
4
33
29
22
16
59
30
19
36
24
15
34
19
29
28
41
25
26
22
41
28
32
33
9
28
22
35
37
24
6
53
15
30
32
18
40
37
34
19
24
42
34
32
28
29
72
41
34
26
54
27
15
34
53
31
35
36
22
25
24
24
15
30
48
22
17
21
21
28
14
64
31
21
24
38
26
71
33
28
54
19
61
53
57
34
41
29
20
13
42
17
22
15
37
11
32
28
29
71
30
19
37
42
33
24
20
32
40
28
28
51
13
15
40
49
26
63
40
46
37
52
29
28
30
43
45
24
40
31
56
62
49
35
71
35
56
77
73
23
47
41
50
29
63
62
40
44
73
22
22
18
33
22
15
46
22
27
36
17
38
22
39
11
52
46
20
30
31
17
36
49
32
48
29
50
8
34
17
26
25
65
32
17
19
24
34
28
13
53
21
31
16
11
21
11
11
8
9
11
20
17
7
7
18
6
9
5
3
0
4
6
2
5
7
7
7
5
10
3
13
44
7
6
4
6
5
19
23
27
19
21
25
29
16
19
14
18
17
13
29
16
15
35
21
23
14
47
19
35
23
19
15
13
19
14
23
21
8
23
27
41
18
18
18
12
41
25
10
23
18
25
12
19
29
21
25
35
35
31
21
25
21
59
31
31
29
16
15
27
10
31
21
15
50
27
27
10
6
31
18
13
12
21
21
19
17
79
25
19
34
17
33
21
21
12
8
16
33
23
19
23
23
21
16
31
14
14
15
16
21
37
31
17
16
46
41
19
17
12
29
29
19
35
31
39
68
21
6
14
37
16
29
19
25
23
31
25
49
18
39
31
19
64
21
19
55
14
34
17
41
41
35
33
26
33
47
44
27
35
25
44
49
19
21
27
40
62
35
25
41
44
25
42
33
60
59
49
17
17
21
12
31
17
46
10
38
55
33
15
63
40
23
35
52
15
37
42
16
12
31
27
57
27
50
35
15
78
60
41
19
29
31
23
16
29
65
58
32
52
82
16
25
39
58
23
63
30
53
25
21
33
31
37
51
19
56
35
91
23
14
14
31
33
37
25
27
48
8
29
49
27
10
19
72
55
29
45
17
27
19
16
16
28
19
25
17
46
33
31
10
23
14
12
21
31
31
18
16
29
23
29
25
46
27
33
27
19
29
14
25
16
15
19
39
2
8
4
4
6
2
4
2
2
6
6
6
2
2
2
2
4
0
2
0
2
0
2
0
0
2
6
2
2
0
6
2
2
8
4
2
2
2
6
4
4
0
8
8
0
8
4
0
4
4
8
4
4
2
2
2
2
4
8
6
6
6
4
2
2
4
8
6
0
8
6
4
0
8
6
2
4
0
2
8
0
8
4
2
2
2
2
2
0
0
0
2
0
6
6
2
4
0
4
6
4
0
6
4
0
0
0
6
4
4
6
4
4
0
2
2
0
6
4
6
0
0
0
4
2
0
4
0
0
6
0
0
2
8
4
0
0
0
2
6
0
2
0
6
6
2
2
14
0
0
6
6
0
0
2
6
4
0
6
6
2
2
0
0
0
6
4
4
0
4
0
0
6
0
0
2
4
8
4
0
6
0
4
4
6
0
4
0
0
2
2
6
6
4
0
6
6
0
2
2
0
6
4
0
6
8
2
0
4
0
8
6
2
0
6
2
6
4
2
2
0
0
0
6
0
0
8
4
4
4
0
2
6
2
2
2
0
0
4
4
4
0
4
2
0
0
0
4
0
2
8
6
2
4
0
0
4
4
2
0
2
2
2
2
4
6
4
0
0
0
0
6
0
4
2
4
2
2
6
4
2
2
0
0
4
0
2
2
38
7
13
50
27
24
2
6
9
58
50
10
71
21
2
3
31
28
11
27
35
8
6
9
35
44
2
5
5
3
3
29
42
36
43
5
10
26
26
33
5
6
3
5
31
40
13
56
9
7
24
40
4
4
7
4
14
19
3
38
25
2
9
6
4
11
21
1
38
5
1
10
5
9
60
34
11
47
5
4
6
25
22
26
27
11
4
5
5
5
5
7
52
20
19
10
7
8
5
23
14
10
38
10
12
34
8
8
20
9
26
39
6
14
3
6
8
5
6
9
38
36
3
4
8
8
17
11
55
5
4
8
8
10
38
21
22
45
11
4
38
11
24
39
34
41
6
3
0
20
30
2
2
5
10
50
41
52
4
0
2
5
14
26
43
5
33
39
8
50
33
2
7
38
8
4
7
33
4
4
13
34
23
7
5
7
9
29
34
7
14
54
8
4
4
7
6
34
53
6
4
6
24
23
16
49
31
5
27
40
6
18
8
5
5
5
2
11
56
36
21
7
14
31
5
2
5
21
21
47
32
2
2
27
25
47
53
4
7
33
29
0
12
6
10
6
32
24
9
53
5
3
27
41
12
10
10
4
5
7
22
31
27
20
25
5
9
5
3
23
18
9
46
24
45
4
32
7
34
13
8
5
8
18
9
18
13
47
2
6
1
1
29
0
22
0
2
4
0
2
0
3
0
5
1
0
1
0
3
13
6
0
4
0
0
2
4
7
0
4
0
2
0
2
0
3
2
0
1
0
34
6
0
0
2
2
0
4
4
0
1
0
38
42
0
8
0
2
1
32
0
1
2
3
2
0
10
2
0
2
2
0
0
3
4
0
2
2
5
2
4
3
4
2
0
0
0
19
11
2
12
0
10
2
10
2
0
2
0
0
4
0
4
2
0
0
12
2
2
1
2
2
0
2
0
2
0
2
4
3
1
2
0
0
2
4
2
4
4
2
2
2
0
2
7
2
2
2
0
0
2
0
4
2
41
2
0
4
0
0
37
4
1
6
2
3
3
4
2
2
2
0
45
0
2
2
5
0
1
0
2
2
35
2
0
1
2
4
0
2
2
2
2
2
0
2
0
2
2
2
4
4
2
6
2
1
20
0
2
0
29
2
0
0
0
0
2
33
0
0
1
4
5
2
4
4
4
6
0
6
2
2
2
4
2
0
2
0
2
2
0
8
0
0
0
4
1
2
2
1
0
2
6
0
4
2
4
2
42
0
2
2
0
0
34
4
0
2
2
2
47
0
2
2
4
2
2
0
2
4
16
0
2
0
2
3
2
2
0
0
27
2
1
4
12
0
4
3
5
3
5
3
2
3
5
2
7
5
9
9
3
3
3
5
2
4
5
6
0
2
9
5
3
2
7
9
2
3
5
4
7
2
2
3
12
15
5
5
4
2
5
7
4
2
3
5
5
3
12
3
9
2
5
3
2
2
8
2
5
5
4
2
7
3
2
2
5
5
5
7
13
2
3
2
10
2
3
5
2
3
3
5
3
12
0
5
15
8
4
4
9
5
5
4
3
4
2
3
5
3
7
3
10
10
8
15
12
5
3
5
2
8
5
3
0
7
4
15
3
2
2
5
3
3
5
5
2
11
7
6
9
5
2
3
3
3
2
4
5
3
2
3
2
10
7
5
7
2
3
2
0
5
4
3
4
5
7
4
4
4
5
2
3
5
3
2
10
5
0
3
3
5
4
4
2
9
3
3
5
2
10
2
5
2
5
9
5
5
5
12
10
3
2
5
2
2
3
11
2
12
3
3
5
10
2
3
9
2
5
2
6
7
3
7
7
3
3
2
6
3
5
3
10
6
2
3
12
5
4
2
0
3
5
10
5
2
9
9
18
14
10
0
3
2
2
8
2
5
5
4
10
19
2
8
9
5
9
4
5
5
5
8
2
2
2
4
9
5
7
10
8
2
3
3
7
2
3
3
3
3
6
0
2
3
0
2
2
0
0
0
0
0
0
0
22
17
17
17
0
0
0
6
58
0
0
30
13
0
17
0
14
57
18
5
33
24
0
0
28
13
17
0
0
33
13
58
0
0
0
21
29
0
0
0
51
73
0
0
0
0
0
43
0
0
22
33
0
0
0
0
0
0
0
44
0
51
31
23
34
0
0
0
0
0
0
47
0
25
0
37
41
46
24
0
0
0
2
0
0
0
2
0
36
0
0
0
0
0
0
0
0
20
0
21
22
0
0
0
0
0
0
0
0
48
29
30
74
0
0
0
0
2
0
0
0
3
15
0
40
0
0
0
0
0
0
54
0
37
0
38
26
0
20
8
40
2
0
17
0
24
6
15
0
13
0
0
0
0
0
0
0
35
24
0
0
27
5
0
13
31
0
13
0
13
27
0
0
25
0
10
4
21
3
20
16
19
18
0
6
0
1
29
12
3
0
7
0
0
26
29
8
20
0
13
39
0
12
18
2
0
34
0
0
14
0
0
3
0
41
51
76
44
0
33
0
62
0
0
0
0
17
4
24
23
8
15
0
42
15
3
0
0
31
0
43
21
11
0
1
31
0
27
0
3
16
25
0
22
99
7
18
0
20
0
27
0
29
19
0
7
19
18
7
0
20
13
26
0
21
0
0
36
9
5
32
11
80
82
11
11
7
7
9
29
15
7
95
60
9
7
75
9
39
1
3
7
29
38
15
3
9
5
11
7
15
3
37
13
87
86
25
5
7
7
9
28
11
3
40
25
9
9
90
11
5
7
9
9
13
21
9
17
9
9
35
7
3
13
29
19
7
5
7
31
9
9
7
7
7
88
48
7
13
9
15
9
11
21
35
32
56
71
11
5
13
5
11
9
7
9
15
13
27
5
86
7
35
11
5
26
5
62
11
13
5
17
9
9
7
11
27
32
13
19
79
5
37
11
15
7
13
10
7
87
11
7
9
7
89
11
48
5
9
5
9
9
62
9
86
1
9
11
11
11
5
7
7
5
39
5
9
19
13
7
11
11
11
9
13
27
85
2
11
84
15
5
82
7
9
9
7
11
96
43
43
5
19
42
9
5
13
9
11
11
21
7
89
5
3
11
11
7
5
17
47
7
83
56
11
9
9
5
9
7
7
11
9
3
7
31
50
46
56
9
28
48
5
9
55
9
11
33
13
5
29
13
7
78
11
7
30
11
11
87
11
5
44
5
7
43
45
7
42
21
11
11
7
7
11
9
11
13
5
7
13
13
11
7
11
11
17
65
11
13
9
7
9
9
15
7
17
15
13
7
13
7
11
15
83
5
