1
44
1
1
3
5
0
1
1
0
3
3
0
1
1
1
0
0
5
1
0
0
0
1
1
1
1
1
48
0
3
3
0
1
1
0
1
1
1
37
1
0
1
0
3
74
1
1
3
1
1
30
0
1
64
1
1
46
0
1
1
1
1
3
5
3
3
5
3
1
0
1
1
1
0
1
7
1
1
1
1
1
1
8
3
1
5
3
43
1
1
8
3
1
0
1
1
29
0
1
1
1
3
3
0
1
40
0
3
5
3
9
0
1
0
1
0
3
1
5
18
1
1
5
1
3
0
3
0
1
1
3
54
3
1
3
1
1
3
49
1
0
3
3
29
27
0
3
44
48
10
1
1
1
1
0
0
3
0
0
3
1
0
1
1
5
3
5
0
1
1
0
1
1
1
3
1
1
1
1
1
1
1
1
3
1
0
3
1
1
39
1
1
5
1
18
3
1
28
5
0
0
0
0
3
3
1
0
1
0
1
0
3
44
3
0
3
1
0
31
7
1
0
0
3
1
0
3
0
0
3
31
0
1
0
0
0
0
1
1
3
0
3
0
0
1
0
0
5
1
0
0
0
0
1
0
0
5
1
1
1
7
0
0
5
0
0
0
0
5
1
0
1
3
0
1
0
0
1
5
0
1
0
1
0
0
0
1
1
12
1
1
1
0
1
0
0
3
1
0
11
1
0
3
3
1
1
1
0
1
0
0
11
0
4
7
0
0
0
0
0
3
3
1
3
1
0
0
10
1
1
7
1
0
0
3
0
0
1
1
16
0
0
0
1
3
5
3
0
4
0
2
0
0
1
0
0
5
1
1
0
8
3
1
4
1
1
0
1
5
0
1
1
1
1
0
0
0
21
0
1
0
1
1
1
9
0
0
0
0
0
0
0
0
0
9
0
0
1
1
1
3
1
1
0
0
0
0
3
5
0
0
0
0
0
0
0
1
0
1
0
1
0
0
1
0
1
1
3
0
1
0
12
2
0
0
0
1
1
0
0
4
0
0
3
0
0
3
0
0
1
1
3
0
1
0
0
0
0
0
0
0
0
0
4
1
3
1
0
0
0
1
0
0
0
4
1
0
0
1
1
1
1
1
1
1
0
0
0
0
1
0
0
1
1
0
0
1
1
1
1
0
3
3
3
1
0
0
0
1
1
0
0
1
0
1
0
7
0
1
3
0
3
0
0
1
0
3
1
1
0
8
1
1
0
1
0
2
0
4
0
0
0
3
1
0
3
0
4
3
0
9
1
6
1
1
1
0
0
0
0
1
0
0
1
0
1
3
0
3
1
0
0
1
1
1
18
14
13
17
16
17
9
34
20
9
9
11
7
13
23
9
17
15
13
17
23
21
9
7
32
17
20
17
7
11
9
21
5
9
11
27
5
9
5
27
11
15
24
11
17
9
9
9
9
9
5
19
9
3
62
9
5
5
3
9
11
17
7
9
17
13
11
5
7
18
30
21
11
24
3
7
15
9
21
15
20
7
15
13
10
13
11
15
15
11
15
5
39
11
20
23
11
14
19
9
19
9
42
11
3
13
13
9
37
3
21
19
58
7
7
13
35
11
11
33
26
24
13
19
16
21
10
18
26
9
9
11
13
5
11
13
31
17
9
31
38
24
15
11
14
15
15
28
19
17
26
29
13
9
15
11
21
12
16
19
17
10
17
21
18
11
13
39
19
20
15
24
24
28
27
11
13
23
23
11
2
32
13
23
18
20
43
11
25
13
37
27
35
29
25
11
11
34
24
26
24
9
25
17
5
11
15
19
14
12
12
7
24
9
15
25
9
10
21
7
8
29
7
9
25
23
9
29
17
17
14
12
5
9
9
26
13
9
13
9
22
7
11
9
7
5
11
9
14
11
18
5
25
15
9
17
13
3
2
7
5
13
9
46
3
1
5
1
7
3
1
3
1
3
3
1
9
3
0
3
1
1
5
5
1
5
3
3
11
8
13
4
11
10
14
5
8
7
14
17
10
12
13
7
10
11
11
15
11
9
8
11
14
9
11
10
10
13
10
12
14
14
11
8
10
11
9
11
10
10
12
12
15
11
16
16
13
8
14
11
14
8
15
11
12
13
9
8
11
11
11
10
10
12
10
15
12
11
12
10
13
13
9
7
13
13
9
9
13
13
12
13
10
11
8
11
12
14
13
16
11
13
16
15
13
8
15
12
11
13
12
12
12
13
12
18
16
10
14
11
13
10
12
11
18
16
13
15
13
16
15
14
12
9
8
11
11
11
15
15
11
9
14
12
12
12
8
14
14
16
15
10
11
13
13
18
10
12
15
11
11
13
12
15
11
11
11
10
8
12
13
11
14
11
11
10
15
13
11
17
8
13
18
15
11
13
10
9
14
15
13
14
8
14
14
17
14
13
15
10
19
15
6
13
16
12
15
12
17
11
17
13
11
17
15
8
11
18
13
14
11
8
11
11
13
10
15
16
16
16
15
15
11
13
14
16
14
11
15
13
13
9
9
8
10
13
8
15
11
12
12
8
13
12
11
9
11
11
5
9
18
10
14
11
12
6
14
13
10
11
10
10
13
6
13
12
11
10
11
11
10
13
9
11
12
11
11
9
16
11
10
9
15
11
13
13
71
3
1
1
34
11
0
0
0
0
0
26
22
26
12
43
29
26
0
2
0
0
0
32
0
41
20
48
0
0
0
0
0
0
0
0
14
44
42
37
0
0
0
0
0
0
0
0
23
15
32
17
1
0
0
0
0
2
0
19
24
13
1
31
0
0
0
0
0
0
0
3
0
34
25
21
0
0
0
0
0
0
2
34
7
25
10
22
26
0
0
0
0
2
0
29
33
8
8
33
46
2
0
0
0
0
0
44
6
14
43
4
49
0
0
0
0
0
0
40
27
35
26
1
14
0
2
0
0
0
0
15
9
12
7
42
13
43
25
15
0
1
0
0
32
2
6
24
7
3
22
7
0
0
0
36
0
40
39
30
11
0
0
0
0
0
0
28
0
5
9
27
27
40
24
56
0
0
1
22
24
29
33
52
40
32
0
25
35
19
28
29
3
26
30
18
26
36
23
0
24
37
17
30
39
44
36
30
24
27
18
30
37
33
23
24
23
54
0
0
0
0
0
0
18
32
0
12
68
18
0
0
0
0
0
21
0
11
42
7
0
9
0
0
0
0
0
25
0
33
61
0
22
0
0
0
0
0
1
35
31
26
37
30
0
10
30
0
0
0
0
29
0
29
0
36
29
50
0
0
0
0
0
0
52
1
22
62
0
0
0
0
0
0
0
0
0
0
0
0
0
0
0
0
0
0
0
0
0
0
0
0
0
0
0
0
0
0
4
2
4
2
2
2
4
4
0
6
4
0
4
2
0
2
4
4
2
0
2
10
4
7
4
0
2
2
2
2
0
2
2
2
0
4
5
0
0
4
2
2
4
6
4
2
4
4
4
0
2
4
2
2
2
2
0
0
2
4
0
4
2
2
4
2
4
2
4
6
4
2
4
5
4
5
2
4
2
0
2
2
0
4
0
2
2
2
2
6
0
4
6
0
2
4
0
2
4
0
2
4
2
4
4
2
4
4
2
2
4
4
0
2
2
4
0
4
4
0
4
0
2
2
2
2
2
5
4
2
4
5
0
2
0
4
2
0
0
0
0
0
0
0
2
2
2
0
0
0
2
4
6
2
2
2
2
4
2
0
2
2
4
2
0
6
2
4
2
0
5
2
4
2
6
2
0
0
4
2
2
2
4
2
4
4
4
2
2
2
2
2
4
4
5
2
0
2
4
0
0
2
2
2
0
5
4
4
2
2
4
0
0
0
0
2
4
0
4
2
2
0
6
6
2
2
2
2
0
2
4
2
2
6
4
0
2
2
4
4
2
2
4
0
0
0
0
2
0
4
0
4
4
0
6
2
2
2
2
2
1
2
0
2
0
0
0
2
2
0
2
2
2
2
2
2
2
0
4
0
1
0
0
2
2
0
2
0
2
3
0
0
3
4
2
0
0
0
2
2
2
2
2
0
2
2
0
1
2
0
0
0
1
2
0
0
2
1
0
2
0
0
1
0
0
2
2
2
2
2
0
5
0
0
0
1
2
2
2
2
0
0
0
2
0
0
1
3
0
2
2
0
2
0
2
3
4
0
2
0
4
0
0
0
0
0
2
2
2
2
0
2
2
1
8
3
0
0
1
2
0
2
0
2
2
0
0
0
0
2
2
0
2
0
0
0
2
1
0
0
0
0
0
3
0
0
0
0
2
0
3
0
1
2
2
1
2
2
2
0
0
2
2
2
0
0
0
0
3
0
2
2
0
0
2
1
0
0
0
2
2
2
0
0
2
2
2
0
2
0
1
3
1
2
0
1
0
2
2
1
0
2
0
1
0
1
0
0
3
0
0
2
0
2
3
2
0
0
0
0
0
3
2
0
0
2
0
2
2
2
2
0
1
0
0
0
2
0
0
2
0
4
0
0
1
2
1
2
2
2
2
2
1
2
0
2
2
2
0
2
2
0
3
2
1
0
2
0
0
2
1
0
2
0
0
2
2
2
2
0
2
0
0
0
2
0
1
0
3
1
8
15
0
4
1
2
26
23
0
1
0
1
0
7
3
0
0
3
0
0
32
3
23
1
4
27
30
8
21
27
2
3
1
3
2
4
1
4
2
4
2
1
3
28
3
1
33
1
22
1
13
21
5
29
17
1
2
18
3
1
1
3
4
0
20
1
0
1
1
8
2
0
21
5
1
12
1
28
1
1
24
1
1
3
22
6
6
34
1
0
1
1
1
4
15
6
0
1
0
1
1
0
23
4
1
10
1
1
2
3
24
3
0
1
1
1
1
8
1
0
1
1
1
1
0
3
1
4
17
4
1
6
11
0
1
9
7
3
9
0
3
4
1
0
11
5
1
10
1
3
1
4
1
1
1
1
0
0
3
1
1
69
3
1
27
3
4
5
58
1
1
3
44
4
32
1
6
76
8
45
55
4
4
6
47
3
34
10
33
1
3
1
23
5
3
4
3
30
4
35
5
0
23
7
35
1
1
1
58
28
1
1
3
0
44
20
1
5
0
1
31
43
0
3
4
5
3
5
0
5
47
37
4
38
1
6
5
6
5
46
0
16
16
76
0
44
1
13
5
33
5
31
1
44
3
0
0
3
40
6
6
5
41
30
3
20
0
18
43
1
11
33
10
5
46
31
0
6
40
37
66
14
5
35
0
0
0
21
29
51
25
31
0
0
0
0
0
0
0
25
0
0
29
36
0
0
0
0
0
0
0
24
25
29
30
41
0
0
0
33
0
0
27
27
29
8
21
36
0
38
36
0
0
0
31
27
52
52
15
34
0
0
0
0
0
0
22
20
34
43
27
23
50
0
0
0
0
0
19
11
23
28
59
28
29
0
0
0
0
0
23
33
33
26
23
32
0
0
0
0
0
0
0
29
34
21
45
50
3
21
0
0
16
0
24
22
14
30
24
22
23
27
22
0
29
0
25
0
5
24
41
0
24
28
20
22
0
0
24
0
22
34
27
30
30
30
5
14
0
22
11
22
33
0
7
20
19
0
0
19
0
0
16
21
26
0
2
0
0
0
0
0
0
0
18
16
24
0
25
25
21
26
26
19
0
0
19
20
19
24
27
19
21
23
21
22
27
2
20
36
30
0
31
41
0
0
0
0
0
0
0
3
40
38
0
0
0
0
0
0
2
23
28
36
32
57
0
0
0
0
29
0
0
0
22
9
29
28
31
21
29
30
28
0
0
0
22
20
22
22
19
31
28
21
0
0
0
0
45
35
0
11
14
37
33
34
0
0
0
0
25
30
0
22
25
21
23
28
24
0
0
0
28
18
8
1
31
41
31
0
0
0
2
2
2
2
0
0
2
0
0
0
2
0
2
2
4
0
2
2
2
0
0
0
0
2
0
2
2
2
2
2
4
2
0
2
0
2
2
2
0
2
2
0
0
0
0
2
2
4
2
0
2
2
0
0
4
0
0
0
2
2
2
2
0
2
2
2
0
2
0
0
2
0
0
0
0
2
0
0
27
0
0
2
2
0
92
4
2
2
2
4
0
0
0
2
2
0
4
2
2
2
0
0
2
0
2
2
2
2
0
4
2
0
2
2
0
2
2
0
2
2
0
0
0
2
4
2
0
0
2
2
0
2
2
2
0
2
2
2
0
2
2
0
2
0
0
0
0
2
0
0
2
2
0
0
0
2
2
2
0
0
0
0
0
2
2
4
0
2
2
2
0
2
2
2
2
2
0
4
2
0
2
2
2
2
0
4
2
2
4
2
0
98
0
2
0
0
2
2
0
2
2
0
2
2
0
2
0
0
2
4
0
0
2
0
2
0
0
0
2
2
2
0
2
0
2
2
2
4
2
4
2
2
2
0
2
0
2
0
2
2
2
2
0
0
2
2
0
2
0
2
2
4
0
2
2
0
4
2
2
0
2
2
0
0
4
0
2
4
0
4
2
2
2
2
2
0
2
0
0
0
0
0
2
2
0
0
2
0
