4
4
8
8
6
8
8
2
6
4
6
2
6
2
6
10
4
4
4
4
4
6
2
2
4
8
2
8
6
0
4
10
4
6
8
2
2
2
4
4
6
2
4
6
2
6
6
4
2
6
6
4
8
4
2
76
8
4
4
6
6
4
6
4
88
2
4
6
8
2
6
2
8
6
4
9
2
4
2
6
6
4
10
10
4
4
4
4
8
4
4
9
6
6
6
4
6
4
4
6
2
6
2
8
4
6
6
2
4
6
6
2
6
4
6
6
6
2
4
2
4
8
4
6
6
6
4
8
4
4
6
4
4
4
6
6
13
8
4
4
7
12
4
4
4
4
6
2
2
2
6
8
8
6
4
2
6
4
6
4
4
2
8
4
7
2
6
4
4
6
6
4
4
4
8
6
2
2
4
2
4
2
4
4
4
4
2
8
6
4
7
6
8
2
7
2
6
4
10
9
4
2
4
4
6
2
6
6
2
6
6
4
2
6
4
4
6
64
4
4
86
8
4
8
2
4
6
8
4
4
4
4
4
6
4
6
2
8
4
0
6
4
0
2
2
4
0
2
0
6
4
2
6
4
6
2
2
8
4
4
6
2
4
9
2
4
2
0
8
10
0
4
10
4
8
4
6
6
4
6
6
4
4
2
4
4
4
4
9
57
64
0
59
52
40
63
55
57
85
45
70
61
37
74
44
21
73
59
40
61
61
33
43
50
54
55
40
82
17
73
59
64
62
30
93
42
38
40
60
42
56
74
29
38
58
0
44
67
25
38
58
56
58
36
61
31
62
53
61
38
27
55
63
68
0
37
79
50
70
31
82
34
64
52
37
63
9
67
78
49
81
46
89
33
9
38
58
29
56
65
68
21
25
69
70
27
54
33
28
69
61
38
41
56
54
83
46
72
43
30
25
28
58
59
19
67
55
29
48
86
55
31
30
67
42
54
19
40
77
53
58
19
46
66
8
59
0
0
47
53
70
43
64
85
59
56
25
68
54
41
86
64
79
45
83
0
64
59
40
0
63
60
33
19
59
29
80
8
61
27
43
10
46
50
75
30
49
65
47
28
28
40
39
61
51
29
33
55
69
78
46
30
73
69
52
46
29
19
42
34
76
60
51
75
29
36
59
29
56
60
30
56
39
53
48
47
67
45
56
60
54
68
58
40
67
49
67
42
73
55
50
64
44
55
54
33
60
80
63
81
10
56
69
58
54
38
22
55
2
27
71
36
15
65
68
61
65
57
13
35
0
64
38
42
38
19
53
10
36
15
45
57
70
0
54
28
28
56
28
40
57
60
67
32
0
59
7
5
5
3
7
7
5
5
3
7
7
3
3
7
5
5
5
5
7
7
9
9
2
5
9
7
7
7
11
7
7
9
7
5
9
7
5
7
6
7
11
5
9
3
7
9
3
11
5
5
5
7
7
7
7
5
7
7
7
9
5
5
11
7
7
7
7
11
7
5
9
9
7
7
7
29
3
7
7
11
7
5
7
7
7
7
11
7
5
5
9
7
7
7
9
9
11
9
9
7
7
9
5
5
7
7
7
11
5
4
3
21
9
4
4
9
9
2
2
9
9
4
0
2
11
0
0
2
5
15
2
0
9
17
1
4
11
5
0
0
9
19
0
1
4
7
5
2
2
5
7
2
0
11
17
2
2
0
27
0
0
21
7
0
3
7
19
5
0
7
7
9
0
2
17
9
0
0
4
7
2
3
2
7
11
4
0
2
13
7
0
2
7
11
19
0
6
13
13
0
4
19
9
0
0
0
5
11
0
1
7
11
0
4
15
13
7
0
0
9
9
2
0
13
13
13
0
2
21
17
2
0
0
11
23
2
2
15
9
9
0
0
5
15
2
0
0
7
11
2
0
17
7
11
4
2
15
17
5
2
4
9
15
0
2
15
11
4
9
9
7
1
19
5
5
17
21
2
3
19
0
0
17
9
2
2
11
2
14
2
13
0
2
0
21
0
0
0
2
2
20
0
21
2
12
0
14
0
0
4
4
0
0
2
10
0
14
2
16
2
2
4
0
19
0
16
0
18
2
14
4
21
0
2
2
2
2
14
2
13
0
12
6
14
2
4
6
4
20
6
16
2
2
2
16
2
10
6
6
14
16
2
4
16
4
0
0
0
2
0
2
6
14
2
23
4
16
0
12
2
2
4
4
12
4
14
2
6
14
2
18
4
4
4
2
2
18
6
17
2
18
4
22
2
4
2
6
2
6
16
2
17
4
0
15
21
0
4
6
21
6
4
2
2
4
2
20
14
6
6
4
20
4
33
2
16
6
10
2
2
6
6
8
18
2
27
6
2
6
10
10
2
4
6
8
8
12
10
10
6
0
4
12
2
4
6
6
10
20
2
0
0
2
12
21
4
4
6
0
16
10
0
14
6
4
14
2
4
4
35
2
10
2
14
0
14
6
18
2
8
4
4
2
8
12
6
2
2
0
2
2
0
8
2
2
4
8
19
2
0
6
2
18
6
0
4
2
16
2
16
0
22
0
6
4
2
10
6
6
12
18
2
12
2
18
2
12
4
0
4
6
6
0
18
2
16
2
14
2
2
2
0
2
14
0
14
0
16
0
16
2
16
4
10
0
16
19
19
19
19
20
19
19
19
19
19
19
20
20
20
19
19
19
19
19
19
19
19
20
19
19
17
19
19
19
19
19
19
19
19
19
19
19
19
14
19
19
19
19
19
19
19
19
19
19
19
19
19
19
19
19
19
19
19
19
19
19
19
19
19
19
19
20
19
19
19
19
19
19
19
19
19
20
20
19
19
19
19
19
19
19
19
19
19
19
19
19
19
19
19
19
19
19
18
19
19
19
19
20
18
19
19
19
19
19
19
20
19
19
19
19
19
20
19
19
19
19
19
19
19
19
19
19
20
19
19
19
19
18
19
19
19
19
19
19
19
20
19
19
19
19
15
19
20
19
18
19
19
19
19
19
19
11
19
19
17
17
19
19
19
19
17
19
19
18
19
18
19
19
19
19
19
19
19
19
19
19
19
19
19
19
19
19
19
20
19
19
19
19
19
19
19
13
19
19
19
19
20
19
19
20
19
19
18
19
19
19
20
20
19
18
19
19
19
19
19
19
19
19
19
19
20
19
19
19
19
19
19
19
19
19
19
19
18
19
19
16
19
19
19
18
19
19
18
19
19
19
19
19
20
20
19
19
19
19
19
19
19
20
19
19
19
19
19
18
17
19
18
19
19
19
19
19
20
19
19
19
19
20
19
19
19
18
19
8
4
10
0
7
11
4
5
2
7
8
9
6
4
4
2
9
6
7
4
4
7
9
4
7
7
11
4
4
2
5
9
6
6
5
6
6
6
9
9
7
6
9
5
5
8
6
4
4
4
4
5
5
2
6
10
7
4
9
8
9
9
11
7
3
9
5
2
5
2
8
6
7
4
7
4
4
7
4
9
6
6
7
6
5
6
11
13
7
9
24
16
5
7
4
4
4
13
7
7
8
2
4
6
8
6
4
6
4
8
7
6
5
6
9
6
6
5
4
4
7
11
2
11
11
4
5
6
9
4
6
7
2
9
7
17
6
6
7
6
6
7
8
11
13
9
9
6
8
6
4
7
7
13
9
7
7
4
23
11
7
6
6
4
9
9
4
10
6
8
7
9
5
11
4
6
9
6
8
6
6
7
4
6
6
4
9
6
9
5
8
7
6
4
7
7
7
7
4
7
8
6
4
6
6
4
7
5
6
6
7
11
7
11
9
5
4
4
4
6
4
14
6
9
5
8
6
6
13
4
6
5
6
11
9
5
6
6
4
2
9
7
9
2
8
8
6
5
4
5
4
4
6
7
9
6
6
4
2
5
6
9
4
4
2
6
2
6
6
6
11
4
13
8
8
4
2
6
21
6
7
4
4
7
6
4
2
6
4
3
2
5
7
9
3
2
5
3
5
7
7
9
5
15
17
5
5
13
3
7
7
4
4
11
7
11
7
5
7
2
3
17
7
7
15
7
5
13
5
9
7
9
19
23
5
11
4
11
0
3
9
4
5
7
3
9
13
7
7
5
7
15
7
4
9
11
11
15
19
5
4
15
9
2
2
5
15
7
7
3
11
4
7
5
7
9
5
4
2
5
4
13
7
5
5
9
0
9
0
7
7
15
9
15
4
7
11
4
11
4
15
11
7
11
4
4
2
7
4
5
27
7
5
5
7
4
9
13
4
11
7
9
9
17
11
4
5
3
11
5
9
9
17
9
4
2
11
9
9
4
9
7
5
23
13
17
11
9
5
9
7
9
7
7
2
5
5
4
11
4
2
2
4
5
7
7
4
7
9
5
5
19
5
2
9
2
13
15
7
13
5
9
9
9
9
13
4
4
5
7
4
9
15
4
5
5
7
3
7
9
23
4
5
2
13
5
5
9
2
2
9
13
9
3
5
7
23
0
5
7
11
2
19
25
11
2
4
15
13
23
21
5
7
2
5
9
3
7
4
9
9
4
13
7
4
9
5
9
5
4
5
21
5
7
7
9
15
17
15
5
7
4
7
4
7
17
13
5
25
15
5
9
5
11
4
5
12
6
5
11
13
6
13
9
7
11
19
19
9
6
10
17
10
10
11
21
4
6
6
17
7
14
6
9
8
6
20
7
11
7
13
6
10
9
13
8
6
17
5
8
9
11
5
6
11
10
13
11
10
8
21
13
20
9
13
8
11
9
15
10
11
11
13
11
15
7
11
9
20
11
17
13
9
15
8
17
14
13
15
5
13
17
13
8
10
14
52
9
16
19
17
14
10
15
13
13
20
19
12
15
15
17
9
11
15
15
11
11
9
11
25
23
11
12
10
13
14
15
13
15
11
13
11
17
20
9
7
16
18
9
15
14
19
6
17
10
17
11
11
13
15
21
22
9
11
21
8
15
15
7
9
8
4
13
17
20
9
21
17
19
7
19
25
17
24
19
17
17
8
26
11
19
16
15
19
7
22
15
25
19
13
23
15
5
13
15
17
16
14
12
11
21
25
15
11
15
23
24
21
16
15
21
24
10
25
13
24
19
8
13
25
23
7
11
16
27
11
21
13
15
11
14
11
7
11
19
21
13
15
15
28
25
15
13
10
10
21
18
15
11
17
13
15
17
11
7
11
15
13
11
17
15
25
11
10
9
11
10
4
11
11
17
11
8
15
6
19
21
8
10
17
11
21
11
11
9
6
10
17
15
9
11
17
13
13
3
1
7
17
13
7
11
19
7
13
15
23
11
15
1
11
27
33
7
13
5
15
23
17
17
11
11
11
17
17
9
21
7
37
27
7
11
15
17
11
9
9
31
9
29
19
31
15
7
13
17
21
13
15
15
58
13
15
17
31
9
7
7
31
25
17
25
13
15
15
44
13
25
29
31
13
25
37
29
13
19
21
19
17
7
25
19
39
13
15
31
21
19
11
23
44
23
15
13
15
25
21
17
11
48
11
37
36
40
23
17
7
33
25
17
15
29
21
13
25
35
25
11
19
25
31
46
27
33
40
46
15
7
13
29
5
15
31
46
23
11
21
29
13
25
9
7
17
9
21
15
15
11
7
27
9
13
23
7
5
5
29
19
15
17
15
13
21
15
33
19
21
5
7
50
5
9
25
11
7
25
23
21
15
11
19
36
11
13
21
15
11
5
11
39
27
23
5
9
11
19
21
13
5
13
39
31
35
5
13
27
21
15
9
27
21
27
19
11
38
7
15
11
15
13
31
19
21
19
40
7
31
21
31
25
23
37
23
7
7
23
31
15
56
23
15
42
23
46
13
27
15
39
17
19
15
42
33
27
25
7
23
15
42
13
7
5
19
11
9
29
11
25
31
29
5
7
23
34
50
7
17
5
27
15
13
31
85
79
82
86
41
45
52
87
84
86
30
29
92
76
46
59
43
86
64
80
86
88
42
83
58
43
90
41
48
49
86
35
70
75
48
85
82
85
59
44
60
72
92
86
46
59
28
90
81
34
81
64
52
90
35
88
59
87
46
69
82
84
88
90
67
57
85
82
38
58
37
61
65
89
88
88
55
41
88
58
86
81
32
88
88
32
55
85
86
83
82
53
84
84
42
68
87
90
55
88
52
88
47
87
39
44
84
87
42
88
88
41
46
50
82
53
44
53
88
81
46
87
88
66
74
41
84
22
65
69
88
86
61
40
48
38
90
44
30
79
81
37
42
82
68
42
91
45
43
42
42
37
40
37
59
61
44
85
72
55
87
69
80
85
87
87
58
75
84
84
85
50
51
82
86
44
76
40
71
87
80
73
83
48
51
85
84
65
84
81
88
84
88
85
43
83
84
87
88
87
87
33
86
85
78
59
61
80
59
84
41
40
42
55
84
89
90
82
44
76
71
90
87
83
37
87
90
80
80
68
48
32
81
85
87
87
44
83
78
43
87
86
43
83
89
88
57
84
34
86
84
86
48
90
44
76
85
87
37
88
44
61
48
49
61
65
54
87
75
82
83
65
42
88
49
48
82
48
39
40
48
84
85
81
41
71
82
68
