0
0
0
2
0
2
0
0
0
0
2
0
2
0
2
2
6
0
0
2
4
0
2
2
0
0
2
2
0
0
4
2
2
0
2
2
2
0
4
0
0
6
0
0
2
0
0
0
2
2
2
4
2
2
2
6
2
2
2
0
2
2
0
2
2
6
2
2
2
0
2
4
4
0
2
2
2
0
2
2
0
2
0
4
2
0
4
0
0
0
0
0
2
10
0
4
2
6
2
2
4
4
2
0
2
2
2
2
0
4
2
0
0
2
2
0
2
10
0
2
0
0
16
4
2
2
0
0
0
2
2
0
2
0
0
2
2
2
2
2
0
0
0
2
2
2
2
2
2
0
2
4
2
0
2
2
2
2
0
2
2
2
0
0
0
2
0
0
0
0
4
0
4
2
2
2
0
2
2
2
2
2
2
0
4
2
0
2
0
2
2
0
2
2
2
2
0
0
0
0
4
2
0
2
0
2
2
2
0
0
2
2
2
0
0
2
2
0
2
2
2
2
0
2
0
2
0
2
2
2
0
2
2
2
2
2
14
0
6
2
2
2
0
2
0
2
0
2
0
0
2
0
2
0
0
2
6
2
2
2
2
0
0
0
2
0
2
2
2
0
0
0
8
2
0
0
2
2
0
0
2
0
2
2
2
0
0
2
23
0
7
0
0
0
0
0
19
25
0
21
0
0
0
20
0
0
24
23
24
24
0
22
21
22
17
0
0
0
0
0
0
15
0
19
19
23
21
22
0
22
22
0
0
21
0
19
23
0
19
0
0
19
19
2
23
20
0
14
0
0
0
2
23
22
26
0
16
0
0
21
20
0
25
0
0
0
19
0
20
26
3
28
0
0
0
20
21
2
9
0
0
25
23
22
23
0
0
0
0
21
23
0
20
23
2
0
0
0
0
21
0
0
0
23
0
19
0
25
21
0
22
19
23
0
22
0
16
27
23
0
19
0
0
0
21
0
22
0
0
19
0
0
23
0
0
23
0
0
21
19
25
0
0
0
23
0
21
0
0
0
21
23
0
20
23
0
22
4
0
23
0
0
21
0
0
23
18
0
0
25
23
0
2
23
0
0
25
23
19
0
24
0
22
23
0
0
0
0
24
26
0
23
23
0
21
0
0
0
23
17
25
19
0
0
0
0
19
0
0
18
19
0
23
2
17
22
0
2
23
0
0
20
17
0
0
12
23
21
21
0
23
22
0
22
23
0
0
17
22
0
24
0
23
0
0
0
24
0
0
19
0
22
20
0
25
24
25
0
18
0
0
0
24
0
22
0
0
0
0
0
26
0
0
26
0
0
3
0
28
37
24
25
0
0
31
0
0
5
23
4
0
30
32
39
2
0
44
0
0
9
1
0
9
10
37
32
33
21
0
0
0
0
0
50
27
0
26
0
4
0
7
0
28
23
0
0
0
29
15
4
0
2
0
0
9
0
25
9
24
0
0
27
6
43
0
0
2
23
7
15
8
40
0
3
2
5
0
16
0
0
66
0
19
0
23
0
19
0
0
0
27
7
0
0
9
13
9
35
0
0
3
54
22
4
0
36
4
0
2
20
40
9
36
7
61
0
20
9
7
0
12
0
28
0
29
0
6
2
20
7
19
0
0
7
27
5
0
0
32
0
9
0
2
20
1
26
0
35
30
8
0
1
0
0
6
0
0
0
0
7
0
2
31
1
37
0
16
32
21
37
5
7
0
53
0
0
2
20
2
7
33
10
0
31
2
0
0
66
6
0
0
27
0
0
0
17
13
22
9
23
7
0
21
0
0
21
2
18
0
23
0
0
0
0
17
0
0
0
23
0
0
14
0
23
2
59
5
34
4
0
13
0
18
0
4
0
34
8
5
0
4
0
0
0
40
22
4
0
24
9
0
0
0
2
4
0
47
0
0
2
0
0
2
0
0
9
0
89
0
21
7
0
8
0
0
20
7
0
14
0
0
39
0
0
8
2
2
6
0
6
2
6
4
0
6
4
0
8
2
0
2
0
2
2
2
0
0
2
0
0
2
4
2
2
20
4
2
6
2
2
4
2
4
0
0
4
2
0
8
2
2
4
4
2
4
0
2
2
2
4
0
4
4
4
5
2
2
6
4
4
2
8
4
6
8
4
6
8
6
4
4
4
4
2
4
2
4
2
4
12
2
2
9
6
4
4
13
2
4
2
24
4
8
4
0
6
0
8
0
2
2
4
2
2
6
0
4
6
4
8
4
8
2
4
4
4
6
2
6
4
0
8
4
6
6
8
2
8
4
2
2
2
2
0
2
4
2
2
2
2
4
4
0
0
4
2
0
2
4
0
2
2
0
0
4
0
0
2
0
2
6
6
6
8
0
7
2
4
6
4
10
2
11
2
6
4
4
4
0
4
8
6
4
2
0
2
0
2
2
2
2
2
2
0
4
6
0
4
0
2
6
2
2
6
2
2
6
6
6
0
6
6
7
2
8
4
6
0
0
0
2
4
4
2
2
2
8
0
0
8
8
4
4
2
2
4
2
2
4
4
4
6
2
0
0
0
4
2
2
2
0
4
2
4
6
0
6
0
2
0
0
4
0
2
0
2
4
2
4
4
2
4
4
0
4
2
0
0
2
0
0
2
25
7
9
13
25
17
11
5
7
11
15
11
11
13
15
7
11
11
7
15
13
7
7
13
5
7
9
9
9
11
19
17
3
11
13
21
13
7
11
9
13
15
13
11
9
9
13
13
15
11
13
3
9
9
7
7
11
11
13
13
7
17
5
11
5
27
11
5
11
15
7
3
9
15
11
7
11
3
19
7
11
7
5
7
7
14
7
9
9
5
13
5
5
7
11
11
9
15
23
13
13
7
9
9
11
25
9
7
13
19
13
5
9
9
13
7
17
13
9
25
13
11
5
5
11
5
15
9
9
9
13
15
9
3
7
9
5
13
9
7
7
19
11
17
9
7
15
11
5
13
7
11
19
7
21
13
17
5
5
23
13
7
1
11
7
9
13
7
5
3
13
7
13
11
3
15
11
11
5
7
7
3
17
13
23
17
15
17
7
9
11
29
25
29
21
11
5
11
9
9
15
23
13
19
5
22
7
13
5
5
23
3
15
15
21
25
17
19
15
17
15
7
25
7
13
23
13
15
15
19
11
13
7
13
13
21
19
27
11
23
7
15
9
11
11
9
23
15
19
29
17
15
13
11
11
26
13
9
13
15
13
23
15
27
27
21
52
11
13
5
19
9
11
13
5
13
19
19
21
7
13
3
9
3
7
9
9
11
10
6
11
11
8
10
13
4
11
19
15
2
7
7
13
8
4
8
6
11
8
8
11
4
17
6
0
9
12
6
7
11
7
8
15
11
8
2
11
10
4
4
11
7
9
10
7
8
6
15
10
11
9
13
8
12
4
13
10
12
11
13
17
11
14
15
13
40
6
13
13
11
10
10
10
11
6
6
15
12
9
13
10
8
8
12
6
4
10
8
12
15
21
13
10
12
36
17
2
26
12
37
19
17
26
25
10
8
36
26
10
32
31
17
50
66
38
31
4
4
15
13
10
11
13
19
7
7
7
10
8
12
7
6
21
7
8
11
13
6
7
13
11
8
6
13
8
6
8
8
6
10
7
11
8
10
9
6
4
8
12
8
6
6
4
8
8
7
4
9
6
10
11
4
4
12
4
10
6
4
6
12
8
8
9
6
4
15
4
6
6
10
7
10
9
7
8
8
4
4
11
8
10
8
4
8
17
10
24
8
17
19
17
10
13
13
19
15
21
21
10
15
13
11
11
15
18
8
11
11
15
15
9
10
14
6
28
13
12
27
19
12
14
9
23
11
19
6
8
19
17
8
19
4
7
4
11
23
11
11
13
8
24
17
24
13
21
15
13
18
18
15
13
34
6
27
7
12
42
13
9
20
31
35
15
41
23
34
19
10
10
21
13
9
11
15
13
25
15
12
12
19
21
19
11
19
21
27
13
15
17
19
12
23
21
17
25
17
23
29
23
19
25
23
29
40
25
29
23
13
23
23
56
38
23
46
29
31
15
17
25
31
35
15
19
46
27
27
12
23
19
15
17
19
13
19
8
13
31
27
15
23
15
8
31
23
19
21
33
12
27
13
10
23
19
15
15
38
29
34
17
29
21
19
13
23
13
35
25
40
46
31
11
21
27
10
15
65
25
42
25
27
36
33
29
19
15
31
31
46
50
17
45
53
21
34
81
29
17
50
27
33
73
48
37
19
44
40
19
42
35
12
29
13
38
12
15
38
19
19
17
36
48
15
25
25
15
40
19
8
12
46
38
33
21
37
33
23
31
25
25
13
29
42
42
35
73
42
27
23
36
57
38
35
19
42
19
44
15
13
23
23
19
17
34
25
33
19
25
23
15
15
10
21
38
29
15
40
15
17
13
12
21
40
8
23
42
37
25
19
36
21
23
19
17
12
25
23
29
13
15
27
29
25
17
27
23
25
29
21
29
12
10
15
19
19
15
23
23
21
21
19
15
21
15
19
19
25
19
19
17
25
13
10
23
33
15
27
33
13
40
42
31
17
85
27
23
21
25
19
36
23
25
17
15
23
10
8
12
13
14
8
8
12
4
14
23
4
2
4
6
6
15
8
8
12
6
14
8
10
14
17
12
12
10
12
10
10
12
8
10
6
6
6
8
8
10
8
8
6
17
8
8
8
12
6
10
4
16
8
14
15
12
21
16
6
14
6
6
6
12
12
14
6
8
4
12
6
6
10
13
8
4
8
12
14
15
8
14
10
6
8
8
14
14
10
52
10
14
10
14
14
17
19
6
12
19
15
46
12
25
19
17
10
25
6
17
15
27
10
19
16
12
12
6
39
29
10
19
8
17
21
19
8
16
17
15
27
6
19
8
4
19
16
17
12
19
23
14
14
16
23
12
14
12
31
19
21
17
10
17
8
19
23
16
11
23
21
14
14
12
10
12
10
23
15
15
19
31
23
14
31
25
19
15
21
19
21
10
2
23
8
17
10
8
27
25
10
15
14
14
8
10
6
17
12
10
12
14
15
29
17
25
19
15
12
6
16
0
15
4
12
12
14
17
17
17
4
8
8
8
10
12
6
19
15
6
17
10
8
12
12
2
17
6
12
15
27
8
11
14
17
17
12
25
10
19
14
10
10
17
15
12
6
8
10
10
16
14
8
16
8
8
2
6
12
8
8
6
14
6
10
17
14
8
12
4
12
8
4
4
8
8
10
12
0
4
0
4
8
10
0
0
69
2
6
12
0
6
4
0
97
16
0
2
2
2
38
0
0
0
6
0
48
2
0
0
2
73
0
0
0
6
2
6
10
0
67
0
0
83
0
4
0
4
0
41
0
0
8
0
0
87
0
0
4
0
2
18
2
0
13
77
62
19
80
0
0
93
6
2
2
8
10
6
2
0
2
20
8
0
8
31
8
6
63
0
0
2
4
2
8
8
0
35
5
6
2
2
39
2
2
58
6
2
10
4
10
2
4
4
47
4
2
4
18
6
10
2
2
6
2
4
34
2
2
61
0
0
2
6
4
38
6
6
21
47
22
37
2
30
36
0
28
4
2
6
32
2
4
27
4
2
48
2
0
14
4
2
8
7
29
26
37
26
63
33
51
54
6
2
46
33
26
57
19
0
0
6
24
2
87
2
5
11
40
13
40
16
32
62
19
17
53
36
5
2
47
28
2
41
32
2
41
12
76
4
2
5
42
14
26
2
0
4
91
2
8
69
0
4
13
2
34
11
4
2
44
2
4
19
44
39
17
16
28
41
15
25
2
18
64
4
22
17
0
25
17
17
30
32
37
26
0
2
28
17
17
27
37
23
23
19
9
17
32
4
48
31
12
30
23
32
0
5
46
6
2
42
45
21
26
9
3
3
26
24
34
41
1
3
26
5
0
9
3
7
5
30
22
3
3
24
23
7
1
36
9
5
7
25
41
3
23
7
1
5
0
0
7
7
3
7
15
3
1
1
0
5
62
7
1
1
3
5
24
13
20
3
28
14
1
1
74
1
1
17
32
1
3
0
8
20
3
3
3
9
3
18
25
3
0
49
1
3
3
1
5
27
3
21
16
39
3
3
16
20
1
1
3
1
1
3
36
25
25
8
18
5
7
3
64
5
7
19
24
1
3
45
3
25
3
3
5
35
3
5
21
37
5
31
18
22
3
11
34
4
11
23
19
5
34
6
5
26
12
5
24
3
3
17
9
3
5
13
4
5
18
8
10
3
1
22
4
5
3
3
14
20
4
7
5
5
23
18
22
22
3
1
17
1
11
3
3
8
1
6
30
8
3
21
6
63
58
12
7
3
5
7
13
31
1
3
6
14
1
1
1
5
10
34
13
8
3
32
0
8
9
5
1
34
1
3
23
31
6
7
46
22
1
76
1
5
3
1
34
3
3
3
11
18
17
1
4
19
1
13
12
6
3
12
25
5
5
14
17
13
1
9
5
33
22
6
26
28
1
25
28
27
9
16
19
30
16
21
23
3
6
27
18
1
14
2
28
3
6
3
19
3
13
