11
3
7
17
5
5
11
23
9
9
3
7
5
19
5
15
3
9
9
7
11
7
5
3
5
21
5
13
9
7
5
5
7
2
7
9
5
9
5
9
5
7
3
7
9
27
9
15
11
15
9
9
15
15
7
9
5
7
15
11
9
13
5
9
13
13
11
13
9
43
9
13
15
7
7
13
9
5
9
11
2
7
11
7
15
7
5
17
19
15
9
13
9
7
17
7
11
15
19
13
5
27
9
7
7
5
5
9
11
7
3
5
9
15
9
21
7
13
15
9
7
5
15
7
11
21
19
21
15
29
25
15
5
7
21
13
15
13
15
25
5
9
23
3
7
5
21
25
3
15
9
9
7
13
9
17
15
7
15
9
5
15
7
7
3
7
7
9
15
7
11
9
5
5
11
9
5
7
5
7
11
21
3
17
5
13
11
11
2
5
5
5
11
9
7
17
9
11
17
13
11
15
11
11
5
7
3
7
9
5
7
7
7
11
11
9
9
9
15
13
13
7
9
15
19
9
13
19
5
15
43
13
5
5
9
15
17
9
5
5
7
3
5
3
9
15
11
3
15
7
5
2
3
9
3
2
7
5
15
5
13
7
7
5
7
5
13
13
5
9
17
7
15
11
5
17
3
2
3
15
5
3
9
33
13
15
3
5
33
34
25
11
35
27
29
34
43
35
15
18
11
11
15
41
24
45
15
25
9
15
8
28
26
10
45
43
67
17
23
17
16
26
36
14
35
12
22
35
55
44
43
15
25
69
17
28
27
34
49
21
7
17
24
16
34
40
25
32
51
57
24
32
27
35
27
32
17
17
17
68
40
16
66
25
69
51
48
63
6
49
54
61
51
41
50
34
64
16
41
60
48
55
30
63
33
23
58
43
37
64
17
59
63
27
56
63
58
35
59
34
43
19
16
61
51
18
50
30
58
25
24
39
51
12
16
53
46
21
32
56
61
25
23
34
34
13
58
53
49
28
51
7
43
61
44
67
28
61
63
28
57
0
18
24
17
20
16
33
58
55
25
25
70
0
64
57
36
17
32
41
16
23
6
57
15
31
32
49
25
17
54
42
11
56
23
34
25
23
40
32
33
34
35
24
35
36
34
35
33
0
23
19
18
9
52
64
62
58
33
18
63
63
26
56
57
24
17
35
26
17
15
14
35
7
23
17
51
23
27
61
53
57
45
59
31
14
59
32
41
25
59
31
40
6
24
24
25
17
17
36
35
25
32
17
25
32
40
33
38
36
51
58
32
56
33
33
55
16
14
18
62
9
25
25
41
10
24
40
57
17
32
17
29
8
55
20
0
0
3
3
0
1
2
0
3
2
1
0
3
0
0
5
3
1
2
3
1
5
0
0
0
3
0
2
1
7
2
1
1
0
0
1
9
0
1
2
3
11
1
1
3
1
5
2
1
2
3
1
0
5
3
1
1
2
0
1
2
9
1
2
0
2
3
1
1
1
0
0
0
1
2
0
3
1
0
1
2
1
0
1
1
2
1
1
0
2
2
1
0
7
0
0
1
1
3
2
3
0
1
2
7
1
3
5
1
9
0
0
1
2
7
3
0
3
11
0
1
3
2
2
1
1
0
11
2
1
2
0
1
0
0
1
9
0
1
7
3
1
0
0
5
0
0
1
0
3
5
0
3
1
1
0
5
5
1
1
2
1
11
3
2
5
1
0
1
1
1
0
1
1
5
3
1
3
1
2
1
5
1
1
5
5
3
0
1
0
0
0
0
1
1
1
0
1
1
9
7
2
1
0
5
9
1
0
0
1
1
2
3
0
1
1
1
7
3
1
0
0
1
0
1
0
1
1
1
0
1
3
3
1
0
3
3
1
1
5
7
9
5
0
1
5
5
0
0
1
1
0
1
0
0
1
1
0
0
0
1
1
3
0
3
0
1
1
3
1
0
1
3
1
0
1
1
1
1
1
3
3
0
1
2
11
9
3
16
15
5
15
11
13
13
13
17
11
11
9
17
17
17
17
13
9
19
13
17
19
13
19
20
15
15
11
13
11
11
22
17
15
7
13
15
19
11
15
9
11
11
12
21
15
15
13
11
16
17
15
13
17
17
17
13
13
19
13
13
13
15
11
19
17
13
15
11
13
13
15
15
11
15
15
13
13
13
11
15
17
15
11
11
13
15
19
11
15
20
15
11
11
15
19
17
13
7
19
7
15
19
13
21
13
19
11
15
11
19
11
17
17
15
13
15
19
13
19
15
7
13
13
15
9
17
13
20
9
13
16
5
9
11
11
19
17
7
11
17
17
15
15
11
11
11
11
21
13
9
15
15
11
17
13
11
13
19
11
18
19
17
21
15
16
17
13
17
7
17
17
17
9
13
13
17
17
19
9
17
13
17
15
15
13
17
7
20
22
19
17
19
13
13
15
9
11
16
17
15
11
5
13
7
17
17
9
11
13
19
11
17
17
13
11
17
18
15
17
15
15
7
15
9
11
9
13
7
13
15
9
22
7
13
19
13
15
19
15
13
16
21
17
15
15
21
10
17
13
18
11
9
13
9
7
19
15
17
19
5
17
15
13
16
19
11
11
15
13
13
9
13
19
16
17
11
15
16
9
19
17
17
11
15
15
13
19
1
1
1
5
1
3
1
1
0
1
3
1
7
58
7
5
1
1
1
1
7
3
1
5
1
1
1
11
5
7
5
7
7
1
1
0
5
11
44
3
1
1
1
1
1
0
1
0
1
0
3
0
0
1
9
9
9
1
46
5
7
1
5
9
1
3
9
5
3
0
3
1
1
3
3
9
7
1
5
3
1
1
1
13
1
3
43
1
1
7
5
85
0
1
13
9
0
13
1
3
1
9
3
9
1
0
5
13
5
1
3
0
20
1
3
3
1
0
1
5
1
1
1
5
1
1
3
1
42
15
5
1
0
11
3
11
3
0
5
1
3
7
5
1
1
7
87
3
1
13
1
1
9
1
1
7
1
3
9
1
11
1
1
3
11
7
1
11
47
1
1
57
0
3
0
1
3
9
3
1
3
15
1
0
7
13
5
9
1
1
3
3
1
3
1
1
0
3
1
13
5
1
0
13
0
0
3
9
1
1
9
9
3
0
0
1
3
5
1
46
0
3
9
3
13
0
1
0
3
3
5
1
3
5
9
9
1
12
1
11
11
5
1
1
0
9
1
3
3
9
49
9
7
9
1
42
0
11
7
11
3
7
1
81
1
1
1
9
5
1
1
11
1
1
9
0
1
1
3
9
45
1
7
11
9
9
13
13
4
6
6
9
4
4
4
7
8
4
4
4
4
8
4
4
6
4
4
4
6
2
6
4
4
4
6
10
8
8
4
8
8
6
4
8
4
6
4
0
11
4
6
6
10
2
6
6
5
6
15
4
8
6
10
6
4
6
6
8
4
6
8
2
4
8
6
7
2
6
5
8
4
6
6
4
4
9
4
4
11
4
4
2
6
4
4
10
8
4
4
9
8
4
8
5
8
4
2
6
6
6
4
6
6
11
6
4
6
2
4
4
4
6
8
7
6
4
4
8
8
6
4
9
0
4
6
6
6
6
8
9
6
6
6
8
6
8
4
6
6
7
11
9
21
6
6
6
8
9
8
6
11
11
8
12
8
13
4
13
8
15
8
11
7
6
8
4
6
8
4
6
8
9
2
12
9
6
8
8
6
8
6
4
11
12
6
2
10
6
8
4
13
15
5
11
8
17
8
6
6
8
10
8
4
4
10
4
12
4
10
9
5
4
5
6
4
4
14
11
8
6
12
6
10
8
9
8
13
6
4
11
10
10
6
21
13
13
6
12
15
13
9
10
10
10
8
17
6
12
6
14
10
9
12
9
8
6
9
10
15
10
8
6
6
6
10
13
6
6
12
9
6
10
12
6
4
6
4
4
6
4
2
5
6
6
4
4
0
0
2
2
0
2
0
0
0
2
2
6
0
0
4
0
4
0
4
0
2
0
4
0
2
0
6
4
6
4
8
0
2
0
0
4
0
4
0
4
6
4
0
0
2
2
2
4
2
2
2
4
0
4
4
0
0
0
2
2
2
2
0
2
4
2
4
4
0
0
4
6
0
4
0
2
0
0
4
2
0
2
4
0
0
6
2
4
4
2
4
0
2
2
6
0
4
2
4
6
8
6
2
0
0
0
10
2
2
2
4
2
2
6
2
0
0
0
2
6
2
4
4
6
0
2
2
2
0
0
0
0
0
2
6
0
0
2
0
0
6
0
0
2
0
0
0
0
4
2
6
0
0
0
2
6
0
2
6
0
6
2
0
0
0
2
0
2
2
0
0
0
2
0
4
0
0
0
0
0
0
2
6
4
2
0
2
8
0
0
0
0
0
6
4
0
2
4
6
4
0
0
8
2
0
2
4
6
0
0
6
2
0
0
0
2
0
4
6
0
0
2
2
0
0
6
0
2
0
0
2
10
2
4
8
4
0
0
0
0
0
0
2
0
8
4
2
2
2
0
2
0
0
2
0
6
4
0
0
2
0
0
0
0
6
4
2
0
6
2
4
0
0
2
4
0
2
0
2
2
0
4
4
2
2
0
8
6
19
19
19
19
19
19
19
19
19
19
19
19
19
19
19
19
18
19
19
19
19
19
19
19
19
18
19
19
19
19
19
18
19
18
19
18
19
19
19
19
19
19
19
19
19
19
19
18
19
19
19
19
19
19
19
19
19
17
19
19
19
19
19
19
19
19
19
19
19
19
19
19
19
19
19
19
19
19
19
19
19
19
18
19
19
19
19
19
19
19
19
19
17
19
18
20
19
19
19
19
19
19
18
19
19
19
19
19
19
19
19
19
19
18
19
19
20
19
19
19
19
19
19
18
19
19
19
19
19
19
20
19
19
19
19
19
19
19
19
19
19
19
19
19
19
19
19
19
19
19
17
19
19
19
19
19
19
19
19
19
19
18
19
19
19
19
19
19
19
19
19
19
19
19
19
19
19
19
19
19
18
19
19
19
19
19
19
19
19
17
19
19
19
19
19
19
19
19
18
19
19
19
19
19
19
19
19
19
18
19
19
19
19
19
19
19
19
19
20
19
19
20
19
19
19
19
19
18
19
19
19
19
19
19
19
19
19
19
19
19
19
19
19
19
19
19
19
19
19
19
19
20
19
19
19
19
20
19
19
19
19
20
19
20
19
19
19
19
19
19
19
19
19
19
19
19
19
19
19
19
20
19
20
20
19
19
19
19
6
2
2
4
2
4
4
4
4
4
4
2
2
6
4
4
4
4
4
2
4
2
6
4
4
2
4
4
2
2
2
4
2
8
4
0
4
2
4
2
0
0
4
2
0
4
2
4
2
4
2
4
8
4
2
4
0
6
2
2
4
2
4
4
6
2
0
4
2
4
2
2
4
2
4
4
4
2
4
2
0
6
2
0
4
4
2
2
0
4
4
4
0
2
4
4
2
2
4
4
2
2
4
6
4
2
2
2
4
4
0
8
6
4
4
2
0
2
0
0
0
2
4
6
4
6
6
4
4
2
4
2
4
4
4
2
4
2
2
4
2
4
6
2
2
2
2
2
2
2
4
6
8
4
2
2
2
2
4
0
0
2
6
6
0
2
2
2
2
2
2
6
0
4
4
4
6
2
4
4
4
6
2
4
0
0
6
2
4
4
6
4
4
2
2
2
6
4
2
4
6
6
2
2
4
2
4
2
2
2
2
4
0
2
4
2
4
6
2
2
0
4
4
2
2
2
0
2
6
4
4
2
4
2
2
6
2
4
2
4
2
6
6
0
4
4
4
2
6
2
2
2
0
4
2
4
4
0
2
2
4
4
4
0
6
2
6
8
2
6
2
0
4
2
4
2
2
4
4
2
2
2
0
4
4
4
0
2
4
2
0
4
3
3
2
3
0
6
0
2
4
2
2
4
0
4
6
2
7
2
2
2
4
2
4
0
2
3
0
4
3
4
4
0
2
4
27
2
4
0
2
0
1
4
0
0
2
4
2
4
6
0
6
6
0
0
2
3
4
3
2
0
0
2
29
2
2
3
2
0
2
2
3
2
6
4
2
0
7
4
4
0
2
7
1
2
0
0
0
0
5
2
0
4
2
0
5
2
4
5
0
4
2
0
0
4
2
3
1
2
2
2
0
2
2
2
0
2
2
2
4
0
0
2
0
2
0
2
0
4
1
4
2
4
0
4
7
2
4
5
27
2
4
2
2
2
3
2
0
0
0
9
2
0
4
5
4
2
2
3
2
0
2
4
5
2
4
0
2
4
0
2
4
2
27
4
3
2
0
0
1
6
6
2
2
0
0
3
1
6
0
2
5
0
0
0
2
2
4
3
31
0
2
1
2
0
2
7
4
0
4
2
5
7
0
2
2
6
2
4
3
3
2
2
4
2
3
1
3
49
2
2
2
2
3
0
4
5
0
2
2
3
4
4
6
2
2
4
2
0
0
0
4
2
2
3
2
0
0
2
3
6
2
4
0
4
4
2
4
4
2
2
4
2
6
4
4
2
5
2
0
4
6
2
2
2
