37
34
27
66
32
46
31
45
35
33
19
43
25
30
25
24
43
38
36
57
21
37
45
32
35
41
40
37
44
41
36
40
34
55
33
37
32
36
40
25
22
62
25
61
35
34
54
38
42
39
35
56
18
16
16
13
19
26
36
27
27
28
31
33
32
27
28
24
18
21
33
37
24
25
40
28
31
31
39
51
58
15
28
33
33
28
32
38
45
40
28
25
43
61
24
31
21
18
24
33
37
21
59
22
24
24
31
28
30
42
16
37
28
29
25
21
33
56
21
28
27
19
15
28
22
24
44
80
30
31
40
43
42
52
35
36
40
27
33
28
32
20
27
19
18
44
40
38
24
19
21
25
22
27
25
36
22
25
48
28
37
44
25
25
29
24
31
25
27
50
28
42
27
25
40
28
38
30
28
40
45
32
38
37
38
21
32
41
28
21
28
86
42
37
35
19
31
23
39
37
36
30
45
31
15
29
22
28
37
39
73
63
33
45
36
35
37
28
34
24
32
22
37
43
47
39
43
47
52
56
35
48
43
35
36
41
42
50
27
43
40
35
30
51
45
33
51
38
51
44
37
54
47
57
60
34
28
63
28
30
35
66
18
40
40
38
24
40
40
46
30
27
40
40
43
81
30
16
27
69
36
68
62
48
61
71
29
69
3
1
1
1
1
23
3
3
1
0
1
3
4
1
1
34
1
3
6
17
3
7
0
0
1
3
3
20
1
1
3
1
1
0
0
21
3
0
3
1
1
19
3
5
1
24
9
4
3
1
4
1
20
1
1
1
3
1
17
1
0
3
3
1
5
0
1
1
2
2
0
0
29
1
5
0
23
0
1
2
8
1
1
9
4
4
3
0
16
3
0
1
21
20
0
0
9
0
0
18
9
16
0
9
16
3
12
18
0
1
0
1
5
0
0
1
16
25
1
3
1
1
4
4
0
0
0
24
1
3
1
0
0
1
1
1
1
0
1
1
24
0
0
29
3
0
3
0
0
2
17
0
0
20
1
1
1
20
1
5
19
4
3
2
1
1
4
3
3
1
23
0
1
5
26
0
3
17
0
1
1
1
2
3
1
0
2
1
1
0
16
0
0
1
25
1
18
3
5
0
1
0
1
1
32
0
3
2
0
1
18
0
1
0
1
0
43
1
1
1
10
3
1
1
0
1
2
1
25
1
1
1
2
1
16
6
1
2
3
16
32
3
3
1
1
0
1
0
0
0
1
5
0
8
1
3
1
17
0
1
1
3
0
3
0
1
0
3
1
3
11
1
0
1
1
3
30
5
4
3
18
1
3
9
23
1
12
21
0
0
2
2
2
0
0
0
2
2
0
0
2
4
0
2
4
2
0
2
0
0
0
2
2
0
2
2
2
2
0
0
0
4
2
2
2
2
2
4
4
2
0
2
0
2
2
4
2
4
0
2
2
0
0
0
0
2
2
2
0
2
2
2
2
4
2
0
0
2
0
2
2
2
2
4
2
2
0
0
0
0
0
0
0
2
4
0
2
0
0
2
0
0
0
4
0
2
0
0
2
4
0
2
0
2
4
2
2
0
2
2
2
2
0
2
0
2
0
0
2
2
2
2
2
0
0
0
0
0
4
2
0
2
2
4
0
2
0
2
0
0
0
2
2
2
2
2
2
2
2
2
0
0
0
0
2
2
4
0
2
2
4
2
0
2
2
0
0
0
4
2
0
0
0
0
0
2
0
2
2
0
0
2
2
0
2
0
0
2
0
0
2
0
2
0
0
2
0
0
0
0
0
0
0
0
2
2
0
0
0
0
0
2
0
2
2
2
2
2
2
0
0
0
0
0
0
0
0
2
2
0
2
2
0
2
0
2
0
2
0
0
0
0
2
0
0
2
0
2
2
0
2
0
0
0
0
2
0
0
0
0
0
2
2
2
0
2
2
0
0
0
0
0
0
2
0
2
2
2
2
2
0
2
0
2
2
4
3
2
1
0
2
1
2
2
1
0
0
0
1
0
0
0
1
0
4
1
1
1
1
1
2
1
3
1
1
1
0
3
0
1
0
4
1
1
0
2
0
2
1
1
1
0
0
0
1
1
0
1
4
1
1
0
0
0
0
0
5
2
3
0
1
1
1
0
0
0
0
0
0
0
3
1
1
1
0
5
3
1
0
0
1
0
1
0
2
1
2
0
0
1
0
3
0
1
1
1
0
1
1
0
1
1
1
0
1
1
1
1
0
0
2
1
1
2
1
0
2
2
2
1
1
0
0
1
0
1
1
0
1
0
0
2
1
0
0
2
1
0
2
1
0
0
0
2
1
0
1
0
1
1
1
0
2
2
0
0
2
0
0
0
0
1
3
2
1
1
2
1
1
2
0
0
1
1
3
2
1
1
0
1
0
0
0
1
2
1
2
2
1
1
0
1
0
1
1
2
1
1
0
1
1
2
1
0
3
0
2
0
1
1
1
1
1
0
1
1
3
3
1
2
1
0
1
0
2
1
1
1
1
2
1
0
0
3
2
2
2
2
2
0
2
1
0
1
3
1
1
0
0
1
1
2
0
2
0
0
0
0
1
0
1
2
2
2
1
3
0
0
1
0
1
0
1
4
1
1
1
1
1
2
8
0
0
1
24
29
68
72
17
59
71
45
62
24
33
39
24
29
66
66
21
93
51
79
19
29
27
36
65
47
27
75
53
57
33
53
76
20
35
80
22
31
31
31
26
59
42
38
23
58
72
65
39
56
47
19
70
74
82
26
17
34
35
32
33
41
32
42
21
80
52
42
95
76
28
29
33
27
31
23
22
44
47
18
43
46
81
29
20
46
25
17
62
89
53
19
18
39
29
25
72
45
59
72
22
86
25
30
35
29
19
18
66
60
20
89
56
48
18
76
66
77
18
27
56
24
88
83
81
43
55
36
18
26
58
22
34
25
22
28
18
90
71
39
45
85
80
67
87
59
15
46
36
61
20
21
34
20
60
63
22
50
33
94
22
94
61
51
13
25
26
85
17
45
69
68
16
28
79
35
39
19
22
61
52
30
20
33
43
43
16
22
44
35
17
76
36
69
56
18
25
53
27
46
54
34
64
30
15
27
52
27
31
47
26
60
23
71
71
83
19
37
32
33
22
97
84
42
34
30
72
19
50
26
42
56
19
35
33
42
24
86
53
63
20
26
96
31
65
78
51
24
40
95
22
34
78
65
24
86
90
23
49
30
36
77
88
40
68
42
90
26
35
29
53
66
16
60
65
57
27
80
76
57
24
34
72
75
18
95
92
56
6
9
17
24
19
13
21
21
9
13
17
17
15
8
15
21
11
9
13
10
11
11
10
13
17
11
15
9
15
15
13
15
11
46
13
13
13
11
17
8
13
13
19
15
15
15
17
15
13
15
21
15
17
25
13
19
15
7
13
9
13
8
11
15
11
21
13
8
9
13
11
17
15
15
19
17
23
19
21
20
11
21
30
13
19
15
17
23
17
19
17
21
13
11
17
13
13
13
23
17
15
19
25
15
13
8
21
19
17
15
20
17
25
11
25
19
17
23
26
28
17
8
25
13
15
17
23
19
19
13
21
18
22
23
21
23
26
27
22
24
19
26
20
21
13
7
17
17
21
21
13
15
23
17
19
13
12
17
23
11
25
23
29
24
18
13
25
19
17
23
25
15
13
21
15
15
15
27
27
17
12
13
13
17
19
11
15
13
18
25
13
17
9
13
24
17
9
17
11
27
25
15
20
25
17
14
15
27
22
23
19
23
19
11
19
11
17
26
13
21
15
19
13
15
19
17
12
13
20
19
17
21
15
21
11
17
21
25
11
13
11
15
13
15
11
11
15
22
27
12
23
22
17
19
11
19
11
9
13
17
11
17
21
15
23
17
11
23
23
13
12
17
13
15
11
17
18
13
23
21
13
15
9
11
12
11
9
11
17
6
10
8
13
28
18
15
10
13
13
19
15
8
11
15
13
12
11
13
13
10
13
14
13
17
8
13
17
12
19
15
12
8
10
10
10
15
10
14
15
13
15
15
13
15
17
12
23
7
17
29
19
13
15
19
6
13
25
13
23
6
6
12
21
12
12
24
15
21
11
6
17
21
15
19
21
15
15
13
10
12
21
17
10
11
27
14
23
11
9
15
21
12
12
23
10
15
17
15
21
14
15
21
15
8
14
19
24
35
19
9
15
15
16
21
10
21
17
21
11
15
31
10
19
15
13
25
35
23
15
13
19
23
21
15
25
12
23
15
10
16
19
19
19
38
34
14
27
27
21
15
25
20
31
12
13
71
12
15
37
11
19
17
6
6
10
6
10
15
9
10
31
21
12
23
6
9
8
6
10
12
29
8
21
12
7
31
8
10
11
14
13
23
8
21
10
6
15
6
17
8
29
15
31
10
13
10
8
17
7
6
21
7
11
13
11
15
12
10
10
10
9
10
11
13
13
6
15
13
12
8
8
21
15
11
14
6
13
10
12
12
8
8
12
25
13
17
17
29
19
12
9
11
17
12
12
13
29
9
19
17
19
29
13
21
13
13
17
13
13
12
8
19
17
10
10
13
19
13
19
35
11
13
17
9
17
19
0
0
2
0
3
2
0
2
0
0
3
2
0
0
2
0
0
3
0
0
1
0
0
0
0
0
0
0
0
2
2
0
0
2
0
0
2
0
3
0
0
2
4
2
0
0
0
0
0
2
2
0
0
0
0
0
0
0
2
3
2
0
2
2
0
2
0
2
2
0
2
5
0
0
0
2
2
2
0
2
0
0
2
0
0
2
0
2
2
5
0
0
2
0
0
0
0
2
2
0
0
3
2
2
0
2
2
2
0
2
2
0
0
0
0
0
0
2
0
0
3
0
2
0
0
2
2
0
2
3
2
0
2
0
3
0
2
2
0
2
2
4
0
2
2
7
0
1
0
2
0
0
2
0
3
0
0
2
1
0
2
2
2
2
0
2
0
0
0
0
3
2
2
0
5
4
0
0
2
4
0
2
0
2
2
0
3
0
0
0
0
5
0
2
2
0
0
2
3
2
2
0
2
0
2
2
2
0
0
3
14
2
2
2
0
0
7
3
2
2
2
0
0
2
2
4
2
3
2
0
2
2
3
3
0
2
0
0
0
2
0
2
1
4
2
0
0
0
2
3
2
2
4
3
0
0
2
0
3
0
0
2
4
0
2
0
16
0
4
0
0
0
2
4
2
2
2
0
8
0
6
0
2
2
0
0
2
2
1
1
0
3
1
3
1
5
3
2
7
3
4
1
5
1
3
0
1
2
4
0
3
4
3
2
4
1
3
2
0
3
1
2
3
0
3
9
1
5
3
4
3
3
4
3
3
4
1
2
5
1
3
3
0
2
3
1
7
2
4
3
1
1
2
7
0
2
1
3
2
0
0
0
1
4
1
0
5
3
1
1
3
3
3
1
4
7
7
0
3
2
1
2
3
1
6
1
2
1
3
4
4
2
2
5
0
7
4
1
3
5
5
3
0
3
3
2
0
2
0
3
3
3
2
1
3
2
5
3
1
1
1
5
0
1
4
1
3
4
2
5
7
0
0
1
5
1
2
4
9
1
4
3
2
4
1
5
4
2
1
5
7
5
1
3
0
1
0
5
3
3
3
1
1
1
0
3
1
5
3
3
1
3
1
5
4
5
1
0
3
4
3
3
7
3
3
3
3
3
5
6
3
3
1
1
5
9
1
3
3
3
3
1
5
0
5
0
3
1
5
3
1
0
0
3
1
1
5
1
3
5
0
3
1
1
1
5
1
1
1
1
5
3
1
5
3
3
1
0
1
1
1
7
7
1
5
1
1
5
3
0
5
1
0
1
5
1
7
0
1
1
5
5
3
1
0
1
0
3
1
1
1
1
3
0
1
1
11
3
10
14
1
0
12
13
0
27
17
0
12
5
7
8
3
0
0
7
8
17
8
15
19
13
14
34
14
14
1
0
10
1
11
14
13
21
14
23
11
15
11
10
1
9
1
15
13
0
0
11
10
0
12
9
9
0
9
21
13
0
16
13
9
22
12
6
11
15
16
9
0
0
13
14
0
10
7
4
0
12
13
8
16
10
15
8
0
11
8
5
9
8
13
11
17
13
10
12
13
12
8
0
1
13
22
13
13
18
17
11
14
0
8
7
8
13
0
7
11
12
15
27
8
8
10
10
11
11
2
8
14
34
8
13
13
10
0
12
12
14
12
13
16
0
6
14
7
10
0
8
11
14
21
14
13
13
0
13
13
35
12
0
6
8
13
14
8
10
0
1
10
0
24
6
0
0
4
15
12
0
0
12
13
0
10
1
8
11
8
15
16
0
7
15
8
0
0
1
8
13
0
12
19
10
0
7
11
8
10
7
8
5
9
1
11
0
26
15
10
0
14
11
9
0
10
13
10
0
16
0
10
18
1
4
9
3
7
0
4
0
14
0
4
0
0
0
6
3
0
11
7
0
0
0
9
0
10
0
0
4
0
0
0
0
10
0
0
3
1
8
4
8
0
0
6
10
5
0
7
19
10
0
10
21
9
0
