6
4
0
2
0
11
15
4
5
4
4
2
4
2
2
2
0
2
23
20
2
4
6
2
4
0
7
2
8
4
0
11
4
6
2
2
0
0
2
0
2
2
2
2
9
10
8
0
2
9
2
0
0
2
2
17
7
0
2
2
0
0
4
0
2
0
10
9
4
2
0
2
0
4
2
2
11
0
2
9
4
6
3
4
0
2
2
0
0
2
14
15
17
4
0
2
4
2
0
4
0
0
9
2
9
7
2
2
2
0
0
2
2
6
3
6
4
13
5
4
2
2
0
0
2
9
7
4
0
0
0
0
2
2
2
0
4
2
10
11
2
0
4
4
4
2
2
4
0
2
7
4
6
29
2
0
2
4
0
0
0
0
17
6
6
2
2
2
0
2
2
0
0
5
9
2
16
22
7
2
2
0
2
4
2
6
7
9
0
2
76
0
2
0
2
0
0
0
11
6
7
0
2
2
2
0
0
2
2
4
6
4
4
11
2
7
2
0
6
0
2
0
7
4
15
2
2
2
2
2
6
4
4
4
0
6
4
12
13
6
4
3
4
2
0
2
4
2
7
2
2
6
0
0
2
2
0
4
15
8
2
4
2
0
0
0
9
7
0
0
2
11
2
4
2
2
2
0
0
2
0
5
9
9
88
2
2
2
0
0
4
0
0
0
0
0
0
0
4
2
4
2
4
2
2
0
2
0
6
0
0
0
8
0
4
0
0
0
7
8
4
0
2
0
0
0
4
0
0
0
4
0
0
4
0
2
2
2
0
5
0
2
2
2
5
2
4
0
2
0
0
4
2
2
4
0
2
0
2
6
14
0
0
2
2
0
2
0
4
0
0
0
2
0
9
3
0
2
2
2
0
0
2
2
4
2
0
0
3
2
0
4
2
2
0
4
0
4
0
2
6
0
2
2
2
0
6
0
2
2
3
0
0
0
4
0
0
0
0
0
6
2
0
0
0
2
2
0
2
0
2
0
0
2
0
2
11
4
0
2
2
2
4
0
2
0
2
0
2
0
5
0
4
0
4
4
0
0
6
0
0
2
0
0
2
0
2
0
2
0
2
2
0
6
0
2
5
0
0
0
4
2
2
2
2
2
2
0
3
2
0
0
2
0
4
4
0
0
2
4
2
0
0
0
0
0
0
0
0
0
2
2
0
0
2
0
0
2
0
2
0
2
0
2
0
2
0
0
5
0
0
2
2
2
4
0
0
0
2
2
2
2
0
2
0
0
4
2
2
0
3
0
2
4
2
0
2
0
0
0
0
2
0
2
0
0
4
2
0
0
0
1
10
0
0
2
18
12
28
4
20
14
2
30
13
0
22
6
11
16
0
0
17
0
24
19
21
19
2
35
0
23
24
23
26
19
5
22
3
24
4
0
27
26
20
10
4
13
10
23
21
29
4
23
5
26
1
17
24
2
23
27
21
21
27
18
27
27
10
1
24
26
42
25
23
31
12
4
0
31
16
24
17
28
16
14
5
2
19
24
2
25
4
2
13
18
23
16
2
41
10
1
32
28
3
25
20
2
25
2
2
15
23
24
33
24
11
2
32
16
4
11
23
5
20
38
3
0
16
10
2
25
21
0
25
5
30
20
0
8
12
5
24
4
7
15
21
11
2
25
41
0
18
20
20
28
2
20
26
16
30
4
14
17
2
23
22
0
46
13
16
14
4
0
16
0
9
30
0
16
20
15
25
0
32
13
0
16
11
28
17
5
8
7
4
0
16
10
10
14
0
25
20
20
5
9
0
21
2
12
11
13
13
10
16
28
16
8
2
58
11
16
12
20
23
23
16
10
4
8
18
16
1
0
29
8
9
2
16
29
4
2
12
7
15
0
10
16
7
10
28
14
4
11
10
17
4
23
8
18
1
10
24
8
8
15
15
0
42
14
0
6
10
3
5
2
9
20
10
9
27
10
4
2
15
13
17
7
25
20
11
17
29
19
7
8
6
11
9
9
8
3
3
11
6
10
7
7
7
5
3
10
12
3
10
8
5
10
9
9
5
5
7
9
6
11
8
11
7
10
9
7
3
7
8
7
5
12
3
5
8
8
7
8
7
8
14
7
3
7
7
9
8
5
7
10
5
9
9
9
5
7
6
5
5
4
8
7
7
5
3
6
3
10
10
10
9
7
8
9
3
15
12
14
7
5
5
15
7
12
5
5
11
7
3
5
8
5
5
7
7
8
7
9
6
4
8
10
10
5
10
8
11
8
9
3
7
12
9
7
5
5
6
5
7
9
5
3
10
14
9
12
5
13
7
8
7
7
9
7
13
10
7
7
9
13
8
7
6
7
8
11
10
7
9
3
8
10
4
9
7
9
4
12
10
9
7
11
6
7
5
9
7
7
11
9
1
7
5
6
9
7
7
9
8
6
10
9
8
8
7
8
5
10
8
9
8
12
7
8
13
12
8
11
4
9
8
8
10
11
7
5
9
8
6
5
11
10
11
13
11
3
7
8
7
10
12
7
7
7
11
8
9
5
12
12
8
7
11
10
7
5
6
4
7
7
11
5
5
7
7
11
5
8
7
8
7
9
9
11
3
10
5
5
11
7
11
5
9
11
10
7
6
9
13
14
10
6
7
4
5
9
8
2
2
2
2
2
0
0
2
0
4
0
7
0
0
2
0
2
6
0
2
0
2
0
0
2
0
4
5
7
4
0
2
0
8
8
0
2
2
0
4
0
2
2
2
2
6
7
8
2
0
2
2
2
0
2
10
0
0
11
0
0
0
8
8
0
2
4
2
4
2
12
4
0
9
2
0
4
0
4
0
2
0
4
2
2
8
2
8
0
8
2
6
4
0
2
5
6
0
0
2
6
0
0
0
2
8
4
2
2
2
0
0
0
4
2
0
0
0
0
9
0
0
2
2
0
4
10
2
6
2
0
4
0
7
5
8
0
2
2
0
6
2
2
4
4
6
0
7
4
0
6
0
2
2
4
2
6
0
4
0
4
2
4
4
0
0
6
0
2
2
4
0
10
0
6
0
4
2
4
8
0
2
2
11
6
2
0
4
2
7
4
2
0
0
2
0
6
2
0
0
2
0
0
2
0
0
0
2
2
0
4
0
0
0
2
0
4
6
6
2
0
0
0
0
2
4
2
0
0
0
2
0
2
2
4
2
0
0
4
0
4
2
0
2
0
6
2
10
0
0
2
8
4
2
2
2
0
0
4
4
0
0
0
2
7
2
4
8
0
2
2
4
4
0
7
2
4
2
2
0
0
0
2
2
0
4
2
8
4
15
4
6
8
7
12
8
12
12
18
6
8
18
6
6
10
4
2
8
31
10
16
4
14
12
5
4
4
8
6
2
16
10
12
12
10
4
25
8
6
10
10
6
10
10
10
6
14
12
8
6
15
12
12
8
16
27
7
8
10
23
27
6
12
27
6
9
12
19
8
17
10
10
12
29
14
23
48
23
21
29
14
8
18
29
25
27
42
17
18
8
19
35
25
16
12
11
23
19
39
12
35
14
19
17
8
27
43
16
16
16
29
16
33
21
44
39
21
19
37
12
25
16
23
24
25
20
39
43
14
9
23
46
45
31
14
31
25
45
45
14
14
14
8
25
34
18
9
35
30
17
23
35
33
18
13
29
8
19
10
14
12
15
21
31
8
43
19
19
6
23
10
10
25
8
4
5
9
8
12
8
23
29
16
8
16
6
8
10
10
8
12
8
8
16
6
21
6
16
4
6
2
14
12
8
14
19
17
17
14
6
6
4
4
9
10
6
10
8
14
10
4
20
8
8
8
4
6
12
35
6
4
20
6
14
2
8
18
19
10
16
20
10
16
20
6
23
21
10
6
18
19
4
27
23
10
21
17
12
22
12
13
18
25
8
12
6
17
17
19
10
16
10
10
14
12
10
4
12
11
4
23
12
10
10
8
0
0
2
0
1
2
1
1
2
2
0
0
0
2
0
0
0
0
3
1
4
0
0
0
0
0
1
4
2
0
0
2
0
0
0
2
0
0
2
2
2
0
0
0
0
2
1
2
2
2
2
2
2
3
1
0
0
2
0
1
1
0
0
0
2
0
0
0
2
2
0
0
0
0
2
2
2
0
1
0
3
0
1
0
0
0
1
2
0
3
0
2
2
2
1
2
0
0
0
2
2
0
0
0
2
0
0
1
2
1
0
2
1
0
2
3
2
4
2
0
0
1
0
0
0
10
1
0
0
2
2
2
1
4
0
2
0
0
1
0
0
2
2
0
0
0
0
2
0
1
0
1
0
1
2
2
2
2
2
2
2
0
0
2
2
3
4
2
2
0
0
0
0
2
0
2
1
0
3
1
1
0
1
2
1
1
2
1
1
2
1
2
2
2
1
1
1
0
0
0
7
1
0
0
0
1
0
1
0
0
2
1
0
1
0
0
4
2
2
0
0
0
2
0
1
0
2
0
0
0
0
2
0
0
0
0
3
0
0
0
0
0
0
0
2
2
0
1
0
2
2
0
0
0
2
0
2
0
0
0
2
0
2
0
0
0
2
0
2
0
2
2
1
0
0
0
0
2
2
2
2
0
0
0
0
0
0
0
2
6
4
4
0
6
4
0
0
4
2
2
6
6
4
2
4
0
6
4
4
2
0
0
0
4
6
0
6
0
0
6
4
4
0
4
2
0
6
0
4
0
0
0
0
0
2
6
0
4
0
6
0
0
0
0
2
0
0
2
6
6
0
0
6
4
0
0
0
2
4
0
2
2
0
0
0
96
2
0
2
6
0
4
0
6
0
2
0
4
6
6
0
6
0
0
6
6
2
0
4
0
6
6
0
2
6
0
4
0
2
0
0
4
2
0
6
88
4
0
0
4
0
4
2
2
10
0
0
6
2
4
0
0
0
2
2
6
6
0
6
0
6
0
45
0
0
2
8
0
6
0
0
4
0
8
0
4
0
2
4
0
0
2
0
2
0
6
2
0
4
4
0
6
0
2
2
0
6
6
6
4
6
0
0
2
0
4
2
4
4
6
0
6
4
2
0
0
2
4
4
0
0
4
4
0
0
0
8
0
0
0
0
6
6
0
0
0
0
0
4
0
6
0
2
6
4
6
0
2
2
0
4
0
2
6
0
0
0
2
2
0
0
4
0
0
0
53
2
0
0
0
0
6
0
4
6
0
0
0
2
0
0
6
0
4
0
4
0
4
2
6
0
4
2
0
8
0
0
4
0
6
2
0
0
4
0
4
18
4
4
2
0
2
2
0
4
2
2
4
2
0
2
4
2
6
4
4
2
8
4
4
0
0
2
2
2
5
2
4
5
2
2
2
2
4
0
4
4
9
4
2
2
4
4
2
0
4
4
4
4
4
2
4
2
8
9
7
2
3
4
0
6
13
2
5
4
4
4
2
2
2
2
2
2
6
6
2
6
0
2
65
4
0
2
4
2
3
2
2
2
6
56
2
3
34
2
2
3
10
4
2
6
0
2
0
2
2
2
32
11
4
4
2
4
0
13
2
2
4
2
2
2
4
3
4
4
2
2
2
0
2
2
0
2
2
4
2
4
4
0
3
2
33
0
2
2
0
4
0
25
2
2
6
2
2
4
2
0
2
37
34
4
0
2
2
0
4
2
0
2
2
0
4
5
2
0
2
2
8
9
6
2
2
3
4
35
4
0
36
2
2
4
0
0
2
24
0
2
2
0
2
4
0
0
2
2
12
0
2
4
2
0
4
0
4
0
2
4
2
0
2
2
0
2
0
2
4
37
3
3
15
10
10
7
18
11
7
9
11
3
2
1
0
2
2
4
6
0
2
8
2
0
6
0
4
9
38
2
0
5
4
2
3
22
2
11
2
4
4
26
4
0
5
2
0
4
14
2
5
4
2
21
26
0
4
26
22
3
11
32
35
2
23
20
29
4
22
6
5
2
20
19
20
2
23
27
20
2
23
26
31
1
40
30
22
26
12
5
27
20
19
4
31
28
19
1
16
26
11
3
14
27
21
2
31
30
12
14
29
18
1
33
26
29
5
13
25
27
2
26
57
30
6
20
24
50
4
11
21
31
9
26
27
35
2
20
20
24
23
27
19
2
13
25
33
7
21
18
26
29
21
35
24
8
19
21
24
10
29
26
35
31
20
25
29
22
20
2
42
4
17
11
17
2
8
19
22
25
2
24
25
32
5
22
17
6
26
20
22
16
2
38
24
40
6
25
20
17
39
22
16
32
23
36
23
30
7
17
21
28
15
2
22
2
4
31
17
5
16
34
26
17
17
33
29
27
27
4
16
28
23
6
13
22
44
4
19
26
33
0
26
26
30
8
39
25
40
2
15
34
19
0
27
12
21
2
27
15
0
20
11
16
4
27
14
30
32
11
23
3
35
22
23
17
0
7
32
44
0
30
28
31
0
8
30
26
6
18
17
25
2
13
6
4
9
18
2
38
4
40
19
4
4
32
38
40
2
18
30
10
4
32
26
38
14
8
15
0
6
27
20
40
30
7
20
28
0
26
25
29
6
37
31
5
4
41
31
37
38
21
24
8
4
