0
39
0
0
56
4
6
2
0
0
37
0
4
0
2
4
4
0
2
0
0
0
82
0
0
0
0
0
0
4
0
0
4
0
0
46
0
2
0
2
13
0
0
0
0
0
0
0
0
0
0
2
0
0
40
5
4
0
2
94
2
3
2
0
0
9
2
4
0
0
0
0
0
4
0
0
0
0
2
2
2
4
0
0
0
2
2
43
0
0
40
8
0
8
5
4
4
2
0
0
0
0
0
4
0
0
7
0
0
6
2
0
54
5
0
29
0
0
5
0
0
4
0
2
0
0
0
6
0
4
2
11
2
5
27
0
0
65
6
0
36
2
2
2
2
0
40
0
7
2
2
2
64
2
2
2
11
4
0
2
2
2
0
2
2
0
6
2
5
42
0
0
4
6
6
4
0
4
2
2
0
2
0
0
2
0
6
4
2
0
2
4
37
7
2
7
0
0
4
2
4
0
2
8
0
2
5
30
4
2
3
5
6
0
2
4
4
0
5
4
11
0
36
5
0
27
0
0
8
4
2
0
0
65
0
0
2
5
73
6
4
0
7
2
32
0
4
4
10
2
2
0
4
4
4
0
6
2
0
80
4
13
0
0
0
3
61
7
0
40
0
0
2
3
0
0
0
0
37
5
0
3
2
0
3
3
4
0
12
6
10
6
6
4
5
0
2
2
2
4
2
2
0
0
2
4
0
6
6
2
2
6
2
4
2
2
2
6
4
2
4
2
2
2
4
6
10
8
2
4
13
2
6
8
10
4
8
4
2
12
14
6
6
4
8
0
9
4
2
6
2
8
10
8
6
10
14
6
10
12
6
4
10
6
6
10
10
15
6
2
20
10
18
4
8
11
8
14
12
12
21
8
8
14
12
20
14
8
12
16
10
4
8
19
19
16
23
12
6
13
6
21
14
23
10
8
5
8
8
10
10
10
10
12
10
12
6
8
10
11
17
12
29
15
21
10
12
16
12
17
14
4
19
12
6
14
15
19
15
9
14
8
23
10
10
16
13
18
10
12
18
7
37
18
25
10
16
19
19
12
16
15
21
12
68
4
16
10
22
12
10
4
6
21
12
12
64
15
19
8
12
22
10
8
10
17
12
20
10
14
27
25
18
5
13
16
13
16
10
7
14
10
4
9
21
16
8
7
10
12
8
23
12
7
4
6
16
14
16
10
9
4
9
17
5
7
7
8
10
6
16
8
6
16
19
6
4
16
6
6
6
6
4
6
11
6
25
6
2
2
10
6
4
10
4
9
8
10
4
6
12
8
6
10
10
4
8
2
6
2
5
17
2
4
6
8
0
0
0
0
2
4
0
0
0
0
0
0
2
0
0
0
0
0
0
0
4
2
0
0
0
4
4
2
2
0
2
2
0
4
0
2
2
0
4
8
8
4
0
0
4
2
6
6
4
4
6
4
2
2
2
2
4
2
4
4
4
2
4
4
6
4
2
4
2
4
2
2
4
2
2
4
2
4
4
2
4
2
2
2
4
2
2
6
2
2
4
4
2
2
4
2
4
6
2
6
4
2
2
2
2
4
6
2
2
0
0
0
6
8
2
0
4
8
2
0
6
4
2
0
6
16
0
0
6
4
0
0
6
2
2
0
8
6
0
2
0
2
2
0
6
2
6
2
2
6
6
10
2
0
0
2
4
0
6
10
2
0
8
6
0
0
6
12
0
0
8
6
0
4
16
4
0
4
18
2
0
2
18
6
2
0
6
10
0
2
6
4
0
2
0
8
4
0
16
2
0
2
4
8
6
4
2
2
0
4
6
16
0
2
11
14
0
0
6
0
0
4
0
0
0
6
0
0
0
0
0
0
0
0
0
0
0
0
0
0
0
0
0
0
0
0
0
0
0
0
0
0
0
2
0
0
0
0
0
0
0
0
0
0
0
0
2
0
0
2
0
0
2
0
0
2
2
4
2
2
0
0
2
2
0
0
0
2
3
13
0
9
5
11
0
0
11
3
5
0
5
7
0
13
9
7
7
9
9
15
11
0
0
9
5
11
13
7
0
13
11
11
7
0
0
7
3
0
0
7
5
0
0
13
9
0
0
11
11
0
0
11
9
0
0
7
9
0
5
5
11
0
9
0
13
0
9
0
9
7
9
3
13
11
1
7
7
0
0
13
9
0
0
9
15
0
0
11
13
0
11
11
9
9
0
9
13
0
0
9
7
0
0
11
9
0
0
5
9
9
0
5
13
7
0
11
11
7
0
0
0
0
11
7
0
0
15
0
0
0
0
0
9
0
5
0
13
0
0
0
0
0
0
0
0
0
0
0
9
7
0
0
7
5
9
0
9
7
7
0
7
5
0
0
7
5
3
5
0
5
0
0
0
0
0
0
0
0
0
0
5
0
0
9
0
0
0
0
0
0
0
0
11
3
0
5
11
5
0
0
5
7
0
7
0
14
0
7
0
7
0
21
9
7
13
9
0
13
0
9
0
9
0
7
0
9
0
21
0
5
11
11
0
22
7
0
5
0
11
0
7
0
9
0
7
0
15
0
9
0
3
0
11
5
11
0
13
7
7
0
19
13
1
5
9
7
0
0
15
7
0
0
9
7
9
0
0
19
9
0
0
5
11
0
0
11
11
6
4
13
28
22
13
7
11
11
7
15
17
15
4
4
7
32
6
21
11
0
7
4
6
11
7
11
9
15
17
6
2
6
7
6
6
0
0
7
15
13
9
24
15
13
4
19
11
24
15
8
13
8
7
15
13
7
0
4
7
21
19
9
4
11
26
13
4
9
7
32
17
9
7
2
11
9
4
4
46
4
9
15
17
2
24
15
13
2
8
0
0
7
17
13
15
9
11
6
54
9
7
7
26
13
37
41
4
7
13
13
2
21
7
17
21
7
9
7
11
9
7
21
30
7
8
6
6
28
2
19
13
9
11
6
17
15
9
6
9
6
13
6
6
6
15
13
9
11
2
13
2
19
13
21
15
7
19
9
2
9
8
28
13
15
4
13
7
6
13
19
7
0
19
7
24
9
11
26
13
13
6
13
13
17
4
6
24
15
8
13
24
21
0
34
2
13
4
9
9
26
6
19
13
7
17
2
4
17
34
17
2
9
15
11
6
7
17
6
15
26
11
8
0
28
28
9
7
15
9
6
13
19
9
6
15
15
11
17
17
11
8
6
43
0
2
15
75
11
19
9
21
4
17
8
0
22
7
7
19
15
21
15
23
7
13
34
28
17
17
0
28
15
15
6
17
9
0
11
11
13
13
13
8
37
22
11
0
1
12
3
2
3
1
1
4
2
2
4
1
1
2
0
1
2
3
3
3
1
3
1
1
1
2
2
2
1
2
2
4
1
0
1
1
0
2
1
3
4
4
4
1
1
6
2
5
3
2
0
1
2
3
1
2
1
2
1
1
1
2
1
0
2
5
1
4
2
5
2
2
2
6
2
2
3
3
2
2
1
3
4
1
2
4
0
5
1
3
1
1
2
3
4
0
0
2
1
2
4
6
1
3
2
3
2
2
4
2
0
3
6
2
0
2
2
2
2
3
3
1
5
3
6
3
1
5
3
2
3
0
1
2
2
1
2
1
2
3
0
1
3
5
2
1
1
3
1
3
2
4
4
4
1
2
1
3
5
3
1
4
4
0
3
4
1
2
3
2
0
3
1
2
2
1
2
1
1
0
4
0
0
6
2
2
1
2
2
2
4
4
2
1
2
2
2
3
1
1
2
2
0
5
1
2
1
0
1
5
3
2
1
0
1
2
3
3
1
3
0
1
4
1
0
1
1
4
1
1
1
1
1
3
0
4
7
1
4
3
3
2
0
2
2
2
6
4
3
0
7
2
0
2
2
0
1
2
1
1
3
4
2
1
5
6
3
1
1
0
2
1
3
1
1
2
0
1
4
0
1
2
4
2
3
1
1
12
15
8
8
6
6
6
6
4
6
4
4
8
6
8
8
6
6
4
6
7
6
8
4
8
6
6
6
6
0
2
4
4
6
8
12
4
2
4
8
4
8
16
6
4
6
2
7
13
8
6
8
6
2
6
6
8
8
4
10
8
8
6
11
4
4
6
15
11
6
8
4
6
4
8
10
6
17
11
15
13
8
10
8
6
11
19
2
4
2
2
13
14
6
8
4
13
8
10
19
10
11
6
12
12
6
8
4
4
12
12
4
10
10
8
13
6
4
6
17
14
6
8
8
4
10
10
8
6
2
15
6
15
23
17
6
4
6
10
8
11
12
11
4
8
4
6
10
14
10
10
11
4
8
13
10
6
13
11
6
12
8
6
6
6
21
35
4
6
8
10
13
4
8
12
6
4
17
8
13
12
8
10
10
10
12
2
13
6
8
8
4
8
2
2
4
0
0
2
4
2
4
2
4
2
2
2
2
0
2
4
4
2
4
2
2
0
4
2
2
4
0
4
2
2
2
2
4
2
0
4
6
2
2
6
4
2
2
2
0
4
2
4
2
6
0
6
2
2
0
6
2
4
2
4
2
2
4
2
0
4
4
2
2
4
2
2
6
2
4
2
0
2
25
8
6
27
2
2
0
4
2
2
2
0
6
0
2
2
2
9
13
6
4
4
4
4
2
2
4
2
8
53
9
4
2
6
2
12
4
4
0
2
54
8
4
6
2
10
2
6
28
4
2
85
0
0
70
0
6
0
6
6
2
4
4
2
10
4
0
10
6
4
4
6
2
6
4
8
6
28
2
6
62
6
14
56
6
4
0
4
4
6
10
4
5
4
31
10
4
12
4
6
4
0
6
6
6
6
2
2
2
8
4
10
6
2
4
9
2
10
2
2
80
0
8
4
4
2
8
0
2
8
6
8
8
2
4
51
6
2
6
6
9
19
2
6
60
2
10
6
4
2
8
6
0
2
6
0
2
4
4
2
22
6
8
8
0
6
21
2
2
14
2
4
2
4
8
8
0
6
8
2
63
12
4
4
7
2
4
6
8
4
4
6
4
4
10
8
4
73
2
4
63
2
4
2
2
12
2
0
7
4
6
2
0
2
7
2
2
4
15
2
12
2
2
2
4
10
2
2
4
34
6
6
4
0
11
0
2
8
6
6
2
2
2
0
6
6
0
7
0
0
0
12
0
4
0
3
0
0
2
0
11
98
4
4
0
2
2
6
4
4
2
0
2
66
9
2
2
2
2
2
9
0
6
2
91
4
4
6
0
8
2
8
8
2
0
6
2
0
2
4
0
0
2
13
6
11
10
8
15
12
72
29
40
31
34
15
17
10
23
27
37
8
32
15
23
23
38
25
10
17
15
23
21
15
25
25
19
19
6
8
11
19
15
10
25
21
27
13
8
50
8
11
17
13
13
19
34
8
8
21
8
4
15
17
4
8
10
21
17
8
10
8
13
36
10
6
11
10
15
34
8
11
17
15
35
8
33
15
21
11
11
11
8
4
25
29
21
11
4
46
10
13
13
13
19
21
13
10
25
12
19
11
23
19
21
21
23
13
21
10
6
10
9
17
29
40
25
21
31
40
29
36
44
17
17
19
11
15
40
25
17
17
36
40
23
38
8
25
17
17
29
26
23
29
29
19
51
13
25
35
31
29
11
54
13
21
32
27
21
23
11
29
21
25
23
36
23
40
31
25
49
38
15
25
21
32
17
25
38
31
13
40
15
21
15
28
38
42
42
19
46
19
13
11
33
36
42
23
31
40
25
23
70
19
29
34
25
30
32
21
17
34
6
27
13
34
30
30
13
34
27
25
19
21
22
28
29
23
32
29
43
44
21
19
23
58
15
53
23
15
55
19
17
17
21
27
31
8
25
11
76
32
22
9
40
9
31
25
15
6
38
30
13
25
23
9
15
29
10
13
23
19
10
9
8
15
23
19
19
13
13
11
19
7
14
0
0
7
0
0
0
33
24
24
9
44
24
12
9
0
0
0
13
31
28
26
0
0
0
14
0
0
2
44
0
16
22
9
0
67
29
23
0
0
30
41
31
0
61
37
0
23
0
25
15
2
0
2
0
3
0
6
22
2
38
0
0
0
0
32
40
69
50
29
16
0
0
0
84
3
0
21
29
0
0
34
9
0
14
0
24
0
0
20
9
0
0
6
0
19
38
45
31
15
2
0
0
59
23
9
0
16
50
15
26
2
22
87
0
8
13
13
34
0
35
0
0
0
2
30
38
31
83
2
2
0
7
30
21
31
18
0
0
29
2
26
0
0
0
6
0
20
22
0
38
9
40
0
21
0
36
16
2
4
56
3
2
7
4
1
14
59
22
0
1
18
0
14
0
3
0
4
0
2
22
9
31
20
57
0
0
12
39
11
9
16
2
0
13
13
2
5
0
0
1
0
25
15
22
3
34
2
11
24
11
9
1
17
5
28
7
2
19
0
0
7
17
0
0
0
13
16
0
17
4
18
18
4
17
0
2
0
0
2
14
0
31
18
12
34
10
26
0
0
2
0
8
0
5
34
0
0
0
0
0
0
2
0
47
0
12
0
15
11
16
0
16
12
19
7
8
22
14
15
36
17
0
0
3
