40
67
55
0
61
0
57
0
4
36
67
55
57
42
30
63
2
0
69
2
24
0
0
55
56
2
2
6
30
50
0
2
46
34
65
4
50
51
0
36
41
2
2
2
17
6
2
4
4
0
0
2
0
0
0
4
0
2
65
2
46
48
4
2
52
2
61
4
44
30
0
34
61
2
0
0
61
2
65
0
0
0
34
0
2
0
6
0
46
4
0
0
2
20
4
6
2
2
2
50
0
2
11
0
27
4
2
2
40
6
49
2
2
53
0
28
2
0
2
50
55
58
52
51
2
0
32
2
2
2
2
0
60
48
0
4
12
42
4
27
59
4
59
2
2
0
54
49
4
2
0
72
34
2
0
48
0
57
79
0
2
0
52
27
49
2
0
0
40
21
32
2
2
20
50
2
4
66
72
6
2
26
72
2
4
68
0
57
2
60
34
2
2
2
26
44
0
4
60
54
59
4
49
0
0
2
62
46
4
2
0
83
2
2
59
4
21
51
2
4
0
4
68
40
4
4
2
48
44
2
0
50
65
0
0
4
33
42
59
46
3
0
0
33
57
2
4
67
68
44
0
2
52
0
39
0
0
58
6
46
55
8
2
0
55
50
0
0
65
78
42
28
6
13
0
33
0
54
4
5
50
4
0
4
54
56
38
2
4
0
2
6
6
0
2
2
37
0
6
6
4
0
6
2
0
6
33
0
0
2
4
0
2
2
2
2
2
2
2
0
8
37
0
2
43
8
4
38
4
8
6
37
2
4
4
0
37
2
2
2
35
0
2
2
0
6
4
2
4
0
8
8
2
0
10
6
0
6
2
10
2
2
0
4
0
2
21
8
6
4
6
2
0
0
4
4
2
6
4
8
6
6
4
4
2
0
2
6
2
4
4
4
4
4
4
6
2
6
6
6
0
0
4
2
0
2
4
4
2
6
4
0
0
4
0
4
2
4
2
2
2
2
4
4
37
4
2
4
37
0
4
23
14
6
2
4
2
2
2
2
0
12
2
2
37
6
4
0
4
0
6
2
4
0
0
4
2
6
0
6
0
2
4
2
35
6
4
4
8
2
2
4
0
35
2
35
4
2
35
0
4
8
2
0
4
2
6
8
6
2
4
2
2
4
0
2
2
2
4
0
2
4
2
2
4
2
4
2
4
0
2
0
14
0
2
6
2
4
4
6
2
2
4
4
0
4
2
2
0
6
0
6
6
0
6
6
8
0
4
4
0
0
35
4
6
6
2
4
4
0
2
2
2
2
2
0
18
2
4
8
6
0
4
2
4
4
4
0
8
4
4
0
2
0
4
2
4
8
8
9
10
7
9
4
7
8
4
8
4
2
6
14
2
6
2
4
4
4
6
2
6
2
6
9
7
4
9
2
9
6
9
4
6
8
4
10
4
8
6
8
9
5
8
10
5
4
2
0
2
2
0
2
2
0
4
2
0
2
2
0
0
2
4
2
2
2
2
6
0
2
4
2
2
4
2
2
0
0
4
0
2
0
2
2
2
2
2
2
0
4
4
2
4
4
6
0
4
4
4
2
0
0
0
0
2
4
0
4
6
2
0
2
2
0
2
2
2
2
4
0
2
2
2
2
0
2
0
2
2
2
0
2
2
0
2
4
0
2
0
2
4
2
4
2
2
2
0
0
2
0
0
0
52
2
0
0
0
0
4
4
2
2
2
2
2
4
2
2
4
0
6
0
2
2
2
2
4
2
4
0
2
4
0
4
0
0
2
4
4
2
4
2
2
2
0
2
4
2
2
0
2
0
2
2
0
0
2
0
0
2
0
2
0
2
0
2
2
0
0
2
0
0
0
2
0
2
2
0
2
4
0
4
2
2
4
0
0
6
2
2
4
6
0
0
4
0
6
2
0
2
2
2
0
8
4
6
0
0
0
2
2
4
0
2
0
0
2
2
2
0
0
2
2
2
4
2
2
2
0
4
0
0
4
0
7
5
3
0
5
5
5
0
3
5
1
3
7
3
0
7
5
9
2
0
7
5
0
5
5
3
0
5
5
7
0
5
3
0
5
0
5
5
3
0
5
5
3
7
7
5
0
5
5
3
7
5
13
0
7
0
5
0
9
0
2
3
7
5
5
0
7
5
5
0
7
0
5
0
5
7
0
7
3
0
3
5
7
0
0
7
3
0
0
9
5
5
3
7
5
0
0
5
9
0
0
11
5
0
0
5
5
0
0
3
7
0
0
3
5
5
2
9
7
0
0
0
0
0
3
0
5
0
0
7
0
0
5
5
7
0
0
0
3
0
0
0
0
0
0
0
0
0
0
0
2
9
5
0
0
3
0
5
0
7
0
3
0
5
5
0
3
1
0
0
5
0
0
0
0
7
3
0
0
0
0
0
5
0
0
0
0
0
0
0
0
3
0
5
0
7
0
7
2
11
5
7
5
5
9
7
0
9
11
5
0
3
5
3
0
3
0
7
0
7
7
13
5
11
9
5
5
0
7
0
5
0
9
0
9
1
5
0
2
5
0
0
9
3
0
0
7
11
0
0
7
7
0
0
9
2
0
3
9
3
9
0
9
7
5
5
9
3
5
7
11
11
5
0
7
7
0
3
5
11
0
0
5
15
5
5
7
3
0
0
2
4
2
2
2
2
0
2
2
1
0
0
2
6
0
2
2
0
0
2
0
0
0
0
1
0
0
2
0
0
3
4
0
2
5
0
0
0
2
0
0
2
0
2
8
3
4
6
5
4
2
2
2
2
2
5
0
2
0
2
0
0
2
3
6
2
4
3
0
2
0
2
0
0
0
0
2
2
2
0
0
0
1
0
4
2
2
0
0
6
2
4
2
4
0
0
3
1
0
0
2
0
2
6
0
2
2
0
0
0
0
2
2
5
2
1
0
2
2
0
1
2
4
0
0
0
2
1
3
0
0
0
5
2
2
2
2
2
2
0
0
0
0
0
2
2
2
32
9
3
1
0
7
2
2
3
0
8
2
3
2
1
0
2
7
2
2
1
1
1
6
2
0
0
2
2
2
0
0
1
2
0
0
2
6
2
4
1
0
0
1
0
0
0
0
2
4
2
0
3
1
6
2
2
2
1
4
2
0
0
4
2
6
1
2
0
0
0
0
0
0
0
2
4
2
2
0
0
0
2
7
0
2
3
2
2
0
1
0
0
2
4
2
3
0
0
0
2
2
2
0
0
0
2
0
0
0
0
2
2
4
3
0
2
2
0
0
2
0
0
0
0
2
0
2
0
0
0
0
0
0
0
2
2
0
0
4
0
2
0
0
2
0
4
2
4
2
0
4
2
19
2
4
4
0
4
2
0
0
2
0
2
2
4
2
0
4
0
0
0
2
0
0
2
2
2
4
0
0
2
27
21
0
0
4
0
4
2
4
0
0
0
2
2
0
2
2
2
0
2
4
4
4
0
2
0
0
0
4
2
0
0
2
0
2
0
2
2
4
2
2
2
0
4
4
0
4
4
2
0
0
2
4
0
2
2
2
0
0
2
0
2
2
0
2
2
0
2
4
4
0
2
2
4
2
6
4
0
0
2
2
2
0
0
4
2
0
0
0
2
0
2
0
0
4
2
0
6
4
2
4
2
0
0
2
2
2
4
4
0
4
2
2
4
19
4
4
6
2
4
4
2
4
2
0
4
0
0
2
2
2
4
2
0
2
4
2
4
2
2
2
2
2
0
4
2
2
2
4
2
2
6
2
4
0
2
4
0
4
0
2
4
2
0
2
0
4
6
0
0
4
2
0
4
4
0
23
0
6
4
4
2
0
6
4
2
0
2
2
2
0
0
2
0
0
4
4
2
0
2
0
0
0
0
4
0
2
2
0
2
36
0
2
4
2
2
2
0
2
2
2
4
0
0
19
2
2
0
0
2
2
6
4
0
0
19
2
0
2
2
0
4
0
0
14
14
16
14
14
22
14
14
14
12
14
20
14
16
14
22
4
18
10
6
20
14
12
20
6
16
14
12
10
14
8
12
16
20
14
28
10
28
10
16
12
14
10
24
12
20
24
20
14
14
18
6
12
12
14
24
18
6
10
22
6
12
12
2
12
18
10
22
6
8
16
10
10
24
18
14
14
10
26
16
10
8
22
12
22
16
26
20
18
18
12
12
20
18
20
20
12
22
12
22
6
10
12
16
16
20
18
12
12
12
14
10
6
24
22
4
26
32
8
8
12
10
18
10
12
26
18
14
18
18
14
18
12
24
16
14
12
24
18
18
14
12
16
14
22
6
18
16
10
14
14
16
14
10
18
16
14
16
22
12
26
14
14
20
10
12
6
20
16
18
4
10
16
10
20
8
10
8
18
12
6
12
16
12
18
24
14
8
8
12
10
16
10
16
16
18
26
12
10
12
14
16
10
8
16
10
8
22
12
10
8
4
12
14
12
20
16
12
8
8
12
8
8
16
16
14
12
20
22
6
12
18
20
14
18
24
6
10
8
2
8
4
12
10
14
14
8
16
18
22
14
12
16
8
20
4
26
8
32
22
32
24
10
10
18
14
6
30
20
24
32
26
24
12
8
4
34
6
16
16
12
24
24
14
6
10
10
20
4
0
2
2
0
2
2
2
4
2
0
0
2
0
2
2
0
2
2
2
2
2
0
0
2
0
2
2
2
0
2
2
2
2
0
0
2
2
0
2
2
0
2
2
2
0
0
2
0
2
2
2
2
0
2
2
2
0
2
2
2
0
2
0
2
2
0
2
0
0
4
2
2
4
0
4
0
2
2
0
2
0
2
2
0
0
2
4
0
2
2
0
2
2
2
4
0
2
2
0
0
2
2
2
0
2
0
0
0
0
2
2
0
0
0
0
2
2
2
0
2
4
2
2
2
2
0
2
0
2
4
2
2
0
4
2
0
2
2
0
0
0
0
0
0
0
0
0
0
2
0
0
4
0
2
2
2
2
0
2
0
2
0
4
2
2
2
0
0
0
2
0
2
0
0
2
4
2
0
0
0
2
2
0
2
2
2
2
2
2
2
2
0
2
0
2
0
2
0
0
2
0
0
2
4
0
0
2
4
0
2
0
2
2
0
0
0
2
0
0
2
2
2
0
0
0
0
2
2
0
0
0
0
2
0
0
2
2
2
0
2
4
2
2
2
0
0
2
2
2
2
2
2
2
2
4
2
2
0
0
2
2
2
2
0
0
2
2
4
0
0
0
0
2
2
4
2
2
2
2
0
4
2
2
0
0
2
4
2
0
4
3
2
4
5
4
11
0
5
4
4
2
2
2
2
4
2
0
2
0
0
4
2
2
2
3
1
2
2
0
9
2
5
2
2
2
4
2
17
9
0
2
6
2
6
4
0
2
2
0
4
2
2
2
2
2
0
2
4
2
3
1
0
15
4
2
2
2
4
0
0
4
2
2
2
0
2
4
11
2
2
3
0
3
0
0
0
2
0
7
2
2
4
0
5
0
0
4
0
0
2
4
2
0
0
2
2
2
9
1
17
19
2
11
2
3
0
2
0
2
2
13
2
3
0
2
4
2
2
5
0
4
0
4
0
1
4
4
0
2
27
0
0
0
1
0
2
2
0
0
13
5
2
3
0
2
3
0
4
0
2
4
5
1
3
0
2
2
0
11
2
2
0
2
2
2
4
2
0
3
11
0
0
0
0
0
5
2
4
0
5
4
2
2
2
4
1
0
1
2
0
0
2
0
2
4
3
2
1
4
0
0
2
2
0
4
0
2
0
0
0
3
4
0
1
3
0
0
2
2
0
0
0
3
2
2
9
4
2
5
4
4
4
2
2
2
2
0
0
3
1
2
0
2
7
1
2
4
4
2
0
3
4
0
5
1
0
0
7
4
5
1
4
2
3
0
3
3
3
2
2
0
2
0
1
2
2
0
2
2
6
2
2
0
0
4
0
2
0
2
2
0
0
0
0
0
4
0
0
2
2
0
2
2
0
2
2
0
2
2
0
0
0
2
4
2
0
4
2
2
4
2
0
2
0
2
0
0
2
4
2
0
2
0
0
6
2
0
2
2
2
2
2
0
2
2
0
2
2
0
2
2
0
2
2
0
0
2
0
2
0
0
4
0
2
4
2
0
2
2
0
2
2
0
4
2
0
0
0
6
0
0
0
2
2
2
0
4
0
0
4
2
2
4
0
2
0
0
4
0
0
0
2
2
2
2
0
0
0
2
4
2
2
2
4
6
0
0
0
2
0
2
0
0
0
2
2
0
0
2
0
0
0
4
0
2
2
2
0
2
2
2
0
2
0
0
2
2
2
2
2
2
2
2
0
2
0
4
2
2
4
0
2
2
2
4
0
0
2
2
0
4
0
0
2
2
0
2
0
0
4
2
4
0
2
4
2
0
2
2
2
2
4
2
2
4
2
4
0
0
0
4
0
2
2
2
0
2
0
2
4
0
2
2
0
0
2
2
0
0
4
2
2
2
2
2
2
4
0
0
0
0
0
0
0
2
0
2
0
0
0
0
0
0
0
0
0
2
2
0
2
2
0
0
2
0
2
0
4
0
0
0
4
2
