2
0
0
4
8
0
10
6
8
8
0
6
0
10
0
4
0
2
0
12
4
0
0
2
4
4
6
0
0
8
6
14
0
12
8
10
0
0
6
6
0
0
12
4
0
12
4
16
8
14
0
16
6
0
10
4
16
0
6
0
6
0
0
0
0
0
0
0
2
0
12
0
2
0
0
2
4
10
2
8
12
2
0
7
4
0
12
2
11
2
2
8
0
0
0
12
4
0
6
10
0
0
3
2
0
2
8
13
0
8
12
2
8
0
2
10
12
0
14
0
8
10
4
15
14
0
0
0
2
0
4
0
12
8
2
0
8
14
10
2
6
0
0
0
16
0
4
0
0
0
8
0
2
0
8
12
0
12
4
5
0
18
12
4
0
0
0
0
10
2
4
6
2
2
0
12
8
0
4
2
0
10
2
2
0
0
0
18
6
4
2
0
2
4
0
0
12
2
0
4
0
10
0
2
4
0
2
4
2
6
10
2
8
2
0
0
0
6
10
0
2
20
0
0
0
2
16
12
2
16
4
0
2
4
4
6
2
0
8
4
0
4
10
2
6
16
0
6
2
0
0
0
11
18
2
0
0
2
0
6
2
2
18
0
4
0
0
0
0
14
0
2
0
14
12
6
0
6
0
10
0
4
8
2
2
18
0
8
29
4
6
0
0
6
0
10
2
0
2
0
2
2
0
0
0
0
0
2
0
2
4
29
2
4
4
0
2
4
2
2
0
0
4
70
0
0
2
0
2
0
0
0
0
21
0
2
2
0
2
35
0
2
2
0
2
0
2
0
16
0
0
0
44
0
4
2
2
0
2
4
2
2
0
0
2
0
2
0
0
0
0
23
0
0
2
0
0
0
0
0
0
0
2
0
29
0
2
0
0
4
2
4
4
2
2
2
4
0
0
39
0
0
2
0
6
33
2
2
0
0
0
2
2
0
0
4
2
4
2
2
0
27
2
2
76
0
2
6
0
2
0
2
0
0
2
0
2
0
0
20
0
2
4
0
0
2
4
0
0
2
2
4
2
0
42
6
0
35
0
0
8
6
0
20
6
0
27
2
0
6
0
0
2
4
4
0
0
2
2
0
6
0
0
0
0
0
0
4
2
4
4
0
2
0
0
4
4
4
19
0
2
0
0
2
2
0
2
0
6
0
4
0
2
0
2
2
2
0
0
31
2
2
2
0
4
2
2
4
2
2
4
0
4
0
0
2
4
42
2
6
2
0
0
37
2
2
2
0
0
2
2
4
0
37
0
0
2
4
8
40
2
0
0
2
2
0
0
2
68
2
2
4
0
2
2
4
16
18
12
13
57
52
19
42
60
51
42
62
68
62
32
4
17
2
16
13
2
2
4
4
63
55
18
5
52
42
18
4
5
35
2
1
49
19
18
43
2
4
4
4
2
19
22
20
9
19
12
18
18
61
39
37
31
45
43
5
14
6
48
46
15
50
7
7
23
6
16
19
59
17
17
58
20
11
59
49
17
33
38
59
33
2
63
8
20
4
40
26
2
34
17
4
17
5
17
2
6
2
9
32
4
2
4
4
1
16
45
49
4
36
64
40
13
5
12
15
12
3
17
50
33
18
53
41
23
2
17
4
56
23
50
5
4
51
43
19
55
46
57
26
22
54
48
2
20
2
17
5
49
5
20
11
17
19
22
4
16
22
6
2
6
4
43
36
54
14
5
56
13
22
9
16
4
34
20
10
4
17
56
12
5
4
14
5
19
21
10
2
12
14
52
39
49
33
46
31
64
4
59
6
19
25
37
21
5
1
4
48
10
18
66
2
61
12
13
7
10
4
45
22
6
13
7
18
22
18
53
18
19
53
4
5
4
21
60
20
55
64
45
56
1
4
49
4
8
2
14
4
13
52
24
4
14
4
51
17
4
2
17
36
11
19
20
61
5
33
2
2
16
2
31
63
17
26
54
4
4
4
7
5
4
4
48
4
60
59
64
63
61
61
57
61
66
38
62
63
62
59
64
64
63
63
64
64
57
60
62
63
62
63
64
62
63
62
59
63
62
62
62
61
62
64
59
59
63
61
32
62
63
62
62
60
61
64
63
62
61
63
62
61
61
62
64
61
62
64
62
52
62
59
64
62
60
58
62
62
60
57
62
60
55
62
62
62
62
62
63
56
58
60
61
62
58
64
64
61
64
56
60
40
62
64
65
63
61
62
62
63
62
65
61
63
60
63
61
62
62
63
65
66
64
59
62
59
65
58
62
63
59
60
63
62
38
65
63
63
62
63
62
63
65
63
64
38
62
65
64
62
61
64
63
64
61
58
38
63
60
61
53
57
62
63
64
61
63
38
62
66
60
63
65
63
58
51
63
62
59
63
59
63
64
64
63
60
61
64
61
38
58
64
62
63
59
62
62
62
62
64
35
59
64
65
63
64
57
59
59
40
65
62
59
62
60
60
63
59
64
63
38
64
63
63
62
62
64
64
60
65
64
61
63
64
62
63
59
61
63
63
63
59
61
65
62
64
57
64
60
65
64
65
61
40
66
65
61
63
57
64
64
64
47
66
62
66
64
61
62
65
60
64
64
65
52
59
60
61
64
59
58
64
61
59
64
58
38
59
63
62
46
59
63
58
6
15
18
25
4
1
13
0
14
0
9
22
18
14
24
1
0
22
1
0
0
3
5
0
1
9
1
0
0
1
3
10
18
8
15
10
3
15
18
1
12
14
9
15
9
5
0
13
0
20
15
4
12
23
17
13
0
14
2
12
18
19
9
19
21
18
11
0
12
17
14
11
1
13
14
2
3
11
19
19
12
20
19
10
14
18
12
9
16
0
15
9
17
13
4
13
0
14
14
20
0
3
6
12
18
0
13
10
0
20
17
16
0
15
11
16
23
13
1
12
8
21
17
11
0
16
13
9
4
20
1
2
21
5
1
8
18
8
12
17
25
14
30
4
3
15
5
13
1
26
26
17
46
16
1
25
12
23
25
0
21
9
10
3
34
28
12
1
5
18
15
7
3
10
1
15
3
10
13
29
0
19
12
11
20
19
4
14
22
15
16
12
16
13
16
18
25
19
11
8
0
20
16
20
14
7
17
14
20
13
0
13
12
13
7
13
16
16
14
19
16
11
5
8
1
19
7
5
9
15
24
18
20
4
9
1
5
4
23
9
19
25
11
24
1
20
8
16
20
19
16
0
19
10
13
19
17
11
17
9
7
18
9
3
13
1
8
1
1
13
7
26
14
26
6
23
16
14
14
8
6
14
11
11
11
28
20
17
0
0
6
2
2
4
4
5
4
4
10
4
2
6
8
8
14
8
6
6
4
9
0
6
0
7
1
1
1
6
0
4
4
11
10
4
2
5
2
2
4
12
4
2
5
4
0
8
4
12
2
2
6
10
2
5
17
10
2
8
2
4
4
3
8
2
6
7
0
10
0
10
3
6
4
6
2
3
2
6
4
0
4
6
9
4
2
4
4
4
2
4
5
6
4
4
6
0
7
0
2
0
2
15
7
10
5
2
0
0
7
6
12
9
2
8
14
7
13
12
5
8
11
7
2
9
10
9
21
6
2
9
20
9
4
16
0
14
4
8
15
8
3
6
16
8
4
14
3
4
9
11
14
8
24
5
4
3
2
4
0
2
8
2
5
0
6
5
2
6
4
5
7
0
0
4
16
4
0
5
4
0
2
2
4
2
0
4
17
3
3
12
14
3
12
2
0
2
6
3
11
10
4
0
15
4
6
10
15
7
2
3
8
4
2
7
2
2
2
3
5
5
15
0
3
5
0
4
2
5
7
14
5
0
4
11
6
6
3
5
4
5
10
3
0
0
0
5
17
2
6
1
4
7
11
2
9
7
0
2
10
7
3
2
2
2
2
6
10
12
14
2
0
12
2
9
21
9
2
0
4
4
10
11
0
2
8
12
6
5
6
5
6
8
6
8
6
2
10
11
7
10
5
7
5
8
5
8
9
8
6
9
7
6
11
6
8
8
6
6
9
8
9
3
8
4
6
7
9
7
10
6
8
4
7
11
7
8
11
6
10
8
7
11
0
4
11
9
6
7
9
8
7
9
12
7
10
6
5
7
8
3
4
10
8
6
11
5
7
12
5
9
6
3
7
10
6
9
13
9
7
11
12
7
9
5
10
8
5
7
9
6
7
8
8
7
7
5
1
6
6
6
9
4
8
10
5
7
12
5
11
11
10
7
6
10
14
4
8
7
12
7
9
10
5
5
8
9
4
9
5
6
6
8
9
7
6
2
10
9
7
5
12
6
6
7
8
7
8
6
12
8
10
7
12
10
11
4
7
14
10
9
6
8
8
5
7
5
8
3
6
7
7
5
10
8
9
8
9
8
7
8
8
7
8
7
8
7
7
6
9
6
6
9
8
2
3
10
9
12
7
5
12
6
10
9
6
9
6
10
8
7
14
6
3
6
7
10
5
5
5
7
8
5
8
8
8
8
2
7
9
6
8
10
4
5
10
6
11
8
5
6
8
7
7
6
9
9
5
6
6
6
9
7
2
10
9
5
6
6
6
5
7
5
7
8
11
8
8
7
3
8
5
4
7
8
8
10
10
0
0
8
2
4
4
0
0
48
0
2
0
0
2
2
8
6
0
2
43
4
2
39
8
2
0
2
97
2
4
5
0
2
2
0
2
4
5
8
0
0
0
0
0
4
0
4
0
13
11
6
77
4
4
4
19
12
50
0
8
0
6
6
8
13
6
62
4
30
0
6
0
8
11
2
2
2
2
2
55
4
2
44
10
0
2
8
4
2
4
6
5
6
2
59
6
0
6
0
8
0
6
0
6
4
2
6
0
0
0
0
2
6
15
4
4
2
11
4
0
35
3
2
41
6
2
0
0
48
15
0
70
0
0
65
6
12
6
2
44
2
16
40
0
12
60
4
10
2
2
2
68
6
0
59
5
2
4
8
0
0
4
4
4
6
2
0
0
6
4
6
75
0
2
0
4
0
8
0
4
6
2
54
21
2
69
6
6
9
8
45
9
4
0
2
8
0
6
0
0
0
5
2
4
0
0
2
0
77
8
0
6
2
2
39
4
0
57
0
0
48
17
4
2
6
8
44
2
0
33
4
4
4
8
4
34
4
27
76
10
0
2
2
6
73
4
2
8
0
0
6
0
6
2
2
67
0
0
6
12
4
4
10
0
14
0
6
4
0
0
13
2
46
6
17
5
6
26
6
4
0
4
2
4
2
0
1
1
3
0
0
0
3
0
1
1
0
1
1
0
0
0
1
0
0
3
1
3
1
1
0
0
3
0
1
1
1
1
0
1
3
1
5
1
0
0
3
1
0
1
1
0
5
0
0
0
1
1
1
0
0
3
6
1
1
0
1
1
0
3
0
1
1
1
0
1
1
0
1
3
0
1
0
0
0
0
1
0
0
3
0
0
0
1
0
3
0
1
0
1
3
0
1
3
1
0
1
0
0
1
1
4
0
5
0
0
1
1
1
0
1
1
1
5
1
0
1
0
0
5
0
3
0
4
4
1
0
1
1
3
4
0
1
1
0
0
0
0
0
0
0
3
1
0
0
1
1
3
1
0
1
0
1
1
0
0
0
1
1
0
3
3
3
1
1
3
0
0
1
0
1
3
1
1
0
1
3
1
1
6
1
1
3
3
3
1
1
3
1
4
1
1
1
1
0
1
1
0
1
0
1
1
0
0
3
1
1
1
1
1
1
0
1
1
0
1
1
1
0
3
0
1
1
0
1
1
0
0
0
0
0
6
1
0
0
1
1
1
0
0
0
4
0
1
0
0
0
1
0
0
0
0
1
0
0
3
0
0
1
1
1
3
0
0
1
0
0
1
0
0
1
0
3
0
0
1
0
3
1
1
1
0
0
2
2
2
2
2
2
6
2
2
2
2
4
2
2
2
2
0
4
2
2
0
4
4
2
2
2
2
2
2
2
2
0
2
2
0
0
2
2
4
4
2
2
2
0
0
2
2
0
4
2
2
4
2
0
2
0
0
0
2
2
2
2
2
2
2
2
4
0
0
2
2
2
2
2
4
2
4
2
2
2
0
4
0
2
4
4
6
2
2
2
0
0
0
2
0
0
2
2
4
2
2
2
2
2
2
0
2
0
2
4
2
0
2
4
2
2
2
2
2
2
2
2
2
0
2
2
2
2
2
4
2
4
2
2
0
2
2
2
4
0
0
2
4
4
2
2
2
2
4
2
0
2
2
2
0
2
0
2
0
2
2
2
2
2
2
2
2
0
0
0
2
0
0
2
0
0
0
2
0
4
2
2
0
2
0
0
4
2
2
2
2
2
2
2
2
2
0
2
2
2
0
2
2
2
0
2
2
0
2
0
2
2
0
2
2
2
0
2
4
2
2
4
2
2
0
2
2
0
2
2
2
2
2
2
0
0
0
2
2
2
0
4
2
4
2
2
2
2
2
2
2
2
0
2
2
0
0
0
0
2
2
0
2
0
0
0
0
2
2
2
2
2
2
2
2
2
0
0
2
2
2
2
2
0
4
4
2
2
