2
2
2
4
2
0
2
0
2
4
0
4
4
0
0
2
0
4
2
3
4
0
4
2
4
0
6
0
0
2
2
2
2
4
3
0
2
0
2
2
2
2
4
0
2
0
0
2
4
2
2
2
2
2
2
0
0
2
2
2
2
0
2
2
2
2
0
0
2
2
2
1
0
2
2
0
0
2
4
2
2
5
0
3
2
4
2
4
3
0
2
2
6
2
0
2
6
4
0
2
4
2
5
0
5
2
3
6
2
1
2
2
4
10
0
4
2
2
0
7
5
1
0
2
2
2
4
2
2
2
5
1
0
0
2
2
0
2
2
2
6
2
2
2
2
2
2
4
2
2
0
0
3
3
5
2
2
0
2
2
2
2
0
0
2
2
0
2
0
5
2
4
4
2
2
2
0
2
2
2
2
0
2
0
2
2
0
0
0
2
1
0
0
2
2
0
1
2
2
0
5
0
0
0
0
0
0
2
2
2
0
4
2
2
2
2
2
2
2
5
5
4
0
4
4
3
7
0
2
10
2
0
6
5
0
0
19
4
2
5
2
16
2
6
2
5
4
26
2
8
4
2
3
2
4
2
2
6
0
6
0
2
0
2
2
2
2
6
1
2
0
2
0
3
4
4
5
1
2
4
7
2
0
2
9
0
5
4
6
10
8
15
53
6
15
14
16
44
59
68
36
17
52
74
53
54
13
28
57
13
31
54
14
31
48
9
83
15
47
6
21
23
21
55
40
59
32
52
2
43
23
65
4
2
4
49
31
34
17
15
24
39
0
27
35
57
4
30
52
74
13
33
50
64
4
0
49
30
25
60
61
12
17
72
18
43
9
40
53
38
19
7
36
32
17
10
36
15
34
40
23
55
25
2
59
53
17
15
81
16
8
32
0
11
32
41
40
19
61
47
6
11
8
53
24
46
40
44
13
29
23
51
64
23
67
10
6
32
51
47
13
47
19
25
25
36
23
66
17
46
51
8
30
34
66
27
49
10
23
40
32
41
13
55
25
19
66
31
53
34
23
11
25
60
44
17
66
43
10
23
58
19
6
63
47
25
59
28
28
32
8
65
44
34
13
30
15
60
61
17
19
35
76
53
64
15
19
51
45
85
69
0
51
44
32
56
13
30
24
67
21
27
11
38
74
61
61
15
55
29
55
13
19
36
17
51
45
23
66
50
47
29
0
38
61
6
23
57
13
43
27
45
13
90
13
25
57
52
49
0
17
38
59
12
22
17
70
30
53
21
28
24
23
59
25
45
34
59
28
51
64
32
51
53
19
63
31
4
15
55
56
15
48
27
45
63
46
27
36
21
17
25
21
25
59
36
31
38
19
22
29
40
50
22
23
19
22
23
50
25
40
17
31
29
10
17
16
54
6
13
13
29
11
19
15
31
32
42
29
34
25
9
19
32
17
21
8
21
6
15
84
13
13
15
15
17
23
15
35
13
8
25
36
17
15
24
10
33
24
19
13
19
20
26
77
21
13
11
50
57
34
15
24
28
19
15
31
17
39
94
21
40
82
42
55
23
13
42
35
23
36
36
8
50
31
26
43
51
23
15
44
54
15
34
25
42
32
8
15
30
30
32
10
57
36
47
27
28
22
29
25
46
10
15
42
38
50
59
17
18
40
35
48
40
17
31
37
21
29
38
17
39
45
15
42
8
55
20
17
17
18
21
40
20
46
26
19
57
52
28
28
38
13
27
43
27
31
59
17
42
46
27
17
23
29
15
15
67
15
45
30
20
40
27
44
53
51
28
17
23
84
6
18
19
26
17
32
18
17
33
27
15
27
32
23
13
28
13
13
7
27
19
20
20
9
27
31
17
17
32
25
42
11
21
26
58
21
19
21
19
13
23
18
11
27
15
25
22
26
9
11
12
6
19
15
2
8
16
5
0
2
6
5
6
6
2
3
0
7
2
7
11
4
4
8
11
7
5
0
4
11
11
2
13
0
0
0
1
9
12
3
3
2
3
1
3
0
2
4
1
7
5
0
0
6
0
1
3
6
1
0
0
0
10
5
20
6
1
1
1
0
1
0
1
0
6
1
0
0
1
1
0
2
0
0
0
1
6
1
5
0
1
1
0
1
2
0
1
1
13
3
4
0
0
1
0
4
2
4
1
0
7
0
1
1
5
2
1
0
3
1
3
0
12
0
9
1
3
3
1
2
0
1
0
2
6
2
2
7
4
4
3
1
0
9
3
3
10
0
0
7
0
1
3
0
4
0
0
8
8
10
8
4
0
1
2
2
3
0
4
1
12
1
6
1
4
4
0
0
3
8
1
0
7
1
3
4
3
0
0
4
0
0
2
7
18
7
0
2
1
3
3
1
0
1
0
1
6
12
1
4
8
5
3
3
4
1
1
0
3
8
3
1
3
6
8
2
5
1
0
0
10
1
4
8
7
9
2
3
2
1
0
5
0
9
9
4
4
5
0
0
0
3
0
3
1
3
1
4
1
1
0
2
5
4
3
2
0
0
0
4
0
4
2
1
2
1
3
0
0
0
0
1
6
4
2
4
1
3
3
0
0
0
1
1
3
0
1
4
1
3
4
0
2
0
0
0
3
4
3
3
0
3
1
0
1
2
0
2
1
1
0
6
2
0
4
0
8
2
6
4
0
4
6
0
6
4
4
0
6
6
6
10
6
6
4
6
2
2
6
6
8
2
4
8
0
4
8
2
0
0
2
10
2
2
0
4
0
6
0
0
2
2
12
6
0
0
4
2
0
8
2
2
2
10
2
0
6
6
0
6
4
4
0
2
0
8
0
0
0
6
2
2
2
0
0
6
0
0
0
4
2
4
4
0
0
4
0
2
0
0
6
2
99
2
2
2
6
0
0
0
2
0
4
0
0
6
4
8
0
2
10
2
0
6
2
2
2
0
0
6
6
0
4
2
0
0
4
2
8
4
0
2
0
6
86
0
6
2
6
2
10
0
0
0
4
6
0
0
4
6
0
0
8
0
4
4
2
0
8
0
4
8
4
4
2
0
6
8
4
8
2
8
0
8
0
4
6
6
6
6
2
6
10
0
6
8
2
12
2
2
12
10
4
0
8
0
4
0
2
8
66
2
2
0
6
6
0
2
6
0
2
4
0
4
4
4
0
0
0
6
2
2
2
2
6
8
4
8
4
8
0
6
8
0
0
2
2
6
8
0
2
8
0
6
2
6
4
2
4
8
6
4
6
2
6
0
6
2
4
4
8
12
4
10
2
6
6
4
0
0
2
0
2
4
8
8
2
2
8
17
16
15
33
9
8
9
11
10
22
16
12
21
6
12
10
9
8
13
10
22
17
15
10
21
8
9
22
8
22
9
10
12
16
16
10
12
8
13
17
7
8
12
21
13
13
19
22
13
16
16
21
7
13
11
16
15
20
18
12
14
10
14
8
5
22
15
16
11
16
18
11
8
21
15
20
8
20
16
14
19
6
12
14
10
21
15
26
19
11
8
16
13
17
12
74
18
10
12
42
17
5
15
12
14
8
15
9
15
14
24
11
8
12
11
12
14
16
28
19
9
12
14
11
6
8
10
14
2
43
33
13
17
11
9
12
2
7
11
14
18
14
12
11
7
14
10
7
16
7
9
6
16
15
18
8
15
9
17
27
9
10
5
10
18
12
12
3
8
10
15
6
64
8
6
14
15
13
12
20
13
16
10
20
7
22
11
9
18
9
11
10
12
13
16
22
9
6
8
12
20
16
10
9
13
6
38
10
9
6
38
11
16
12
11
17
17
12
22
38
5
6
10
17
9
15
10
20
16
7
12
16
12
9
22
12
10
22
9
14
15
16
9
14
9
3
11
1
17
21
20
16
18
9
11
14
10
11
9
8
10
11
10
8
15
9
12
21
7
10
11
12
19
16
21
16
10
16
22
12
2
8
14
12
10
17
12
10
13
24
27
18
0
17
18
15
1
19
0
24
0
6
0
20
26
4
6
16
1
10
7
16
2
1
1
1
7
12
3
0
0
9
9
4
19
4
11
0
1
21
2
0
24
1
0
34
12
1
1
8
8
6
0
22
6
3
19
3
2
9
30
19
21
32
15
0
29
0
4
14
1
14
2
17
26
3
12
0
19
0
1
3
5
10
2
0
7
22
0
3
19
30
23
18
4
6
25
29
12
10
7
10
5
17
1
1
4
32
0
7
34
11
2
20
1
18
12
3
33
21
22
11
0
0
6
7
12
3
1
34
23
1
16
19
8
9
6
15
4
14
6
13
2
1
15
17
14
5
1
15
27
20
27
2
8
5
0
3
25
3
0
4
27
22
4
20
1
10
17
11
14
27
24
18
11
11
17
15
0
0
11
0
15
1
23
7
15
15
22
12
4
4
22
11
0
6
14
0
2
16
0
1
15
29
24
1
17
7
18
30
0
2
9
20
17
28
0
9
8
8
12
21
6
13
0
16
1
2
1
0
26
7
28
2
23
21
14
21
19
2
0
4
0
4
0
11
17
12
17
6
8
11
0
16
8
15
8
1
0
20
3
0
16
17
2
6
1
7
14
17
1
13
1
2
12
1
4
11
10
1
9
27
1
1
1
16
16
6
8
12
12
10
4
12
8
10
10
4
6
10
8
14
4
12
18
8
6
10
8
10
10
8
6
10
10
10
12
14
10
6
6
14
12
18
19
6
8
8
6
12
8
8
12
10
20
6
4
10
14
8
14
47
10
6
16
6
12
6
12
8
14
12
12
4
10
18
16
16
45
8
25
25
6
12
8
16
4
16
14
12
12
16
4
16
10
20
12
14
8
20
2
8
6
16
4
12
20
6
12
25
23
4
12
16
14
8
12
14
8
23
8
20
16
18
14
18
8
18
10
12
12
16
8
16
10
6
4
6
16
8
16
14
10
18
10
20
12
14
6
18
18
12
14
6
16
18
4
16
16
18
12
22
12
14
22
8
18
8
8
18
4
14
20
8
16
18
10
14
12
22
20
14
10
16
23
27
10
18
12
12
12
6
10
20
18
14
18
20
12
18
20
20
12
14
14
14
10
14
16
14
14
10
18
6
16
35
8
6
6
25
8
8
10
4
4
10
4
4
16
8
6
8
6
8
2
10
12
2
8
4
8
10
6
6
4
8
25
6
10
8
8
6
8
12
8
8
14
0
8
4
10
6
6
18
6
6
6
12
6
12
12
12
4
6
8
4
16
8
10
6
6
4
10
14
4
4
10
10
4
10
6
10
4
10
0
0
0
0
0
0
0
0
0
0
0
0
0
0
0
0
0
0
0
0
0
0
0
0
0
0
0
0
0
0
0
0
0
0
0
0
0
0
0
0
0
0
0
0
0
0
0
0
0
0
0
0
0
0
0
0
0
0
0
0
0
0
0
0
0
0
0
0
0
0
0
0
0
0
0
0
0
0
0
0
0
0
0
0
0
0
0
0
0
0
0
0
0
0
0
0
0
0
0
0
0
0
0
0
0
0
0
4
6
8
10
6
10
20
10
8
10
6
12
10
10
10
16
6
10
20
8
9
16
18
14
22
10
8
2
18
6
8
10
4
12
12
12
10
16
10
10
8
6
10
8
10
14
8
6
14
8
8
18
16
2
10
10
20
6
10
12
16
10
18
20
10
14
14
22
16
14
18
8
10
6
6
14
6
6
18
18
6
10
8
8
14
8
10
10
8
12
4
6
10
10
23
6
2
4
2
8
8
18
8
8
8
6
10
14
12
4
12
6
10
8
12
12
18
24
16
22
10
6
2
10
8
6
4
8
4
12
12
8
6
10
6
12
13
6
10
2
12
4
10
10
4
10
2
4
2
8
4
6
4
4
6
2
4
2
4
6
6
2
10
4
4
2
4
4
4
10
2
2
6
2
4
12
6
4
4
2
2
5
9
0
1
9
0
2
0
7
2
2
0
2
0
0
5
4
2
2
4
5
4
1
0
19
2
3
17
3
4
1
5
5
0
1
1
1
7
1
4
7
3
4
1
7
1
2
5
4
2
1
3
0
4
1
1
5
3
2
4
0
1
2
2
6
4
0
3
4
0
13
3
2
4
5
4
2
1
0
1
0
1
1
0
5
2
11
4
4
3
2
4
13
1
2
6
3
3
4
3
4
15
3
2
3
5
1
3
7
7
3
4
5
2
4
4
5
4
7
11
1
4
5
4
4
2
7
4
2
1
2
7
0
4
1
7
3
1
5
3
3
5
3
0
0
3
7
1
2
4
2
4
6
6
2
2
5
4
5
4
3
1
2
0
3
9
7
4
13
0
4
1
4
2
0
3
4
3
2
2
4
21
1
1
2
2
9
2
7
5
3
11
3
0
5
4
0
3
4
3
2
2
3
1
2
0
4
1
2
0
15
2
6
2
5
2
0
4
23
3
5
2
7
6
2
3
1
2
0
0
23
5
2
2
4
2
2
5
1
0
6
2
3
3
0
3
0
7
3
1
3
2
9
4
21
5
0
13
3
7
4
9
4
3
1
5
0
4
2
6
5
3
3
3
3
6
2
0
13
7
1
1
5
19
0
3
5
1
