15
19
17
25
11
9
13
15
26
15
11
27
19
13
15
25
15
19
15
26
15
7
11
11
15
19
23
15
13
13
17
23
15
9
5
17
15
7
11
11
25
15
13
17
13
11
17
15
9
32
17
13
9
23
25
9
17
42
19
17
21
28
17
19
9
13
11
23
34
21
36
15
21
15
27
34
28
15
21
11
22
15
19
46
21
40
7
17
26
20
9
44
17
23
34
5
30
17
21
22
17
32
13
11
27
23
23
15
23
11
19
22
11
19
15
9
11
28
15
32
13
13
19
15
26
11
15
32
13
23
13
21
17
9
19
9
17
32
13
13
27
28
26
32
15
28
11
13
17
13
19
11
40
17
19
28
23
32
26
7
39
19
17
19
23
52
19
9
5
9
21
21
25
27
23
7
9
26
11
38
21
15
32
15
7
15
19
15
21
23
24
9
28
11
21
13
17
19
11
23
11
26
38
19
13
24
23
7
15
15
17
3
13
21
21
9
13
17
7
11
9
13
13
5
9
9
15
28
7
13
27
15
21
17
19
17
13
21
7
30
15
11
9
23
17
28
13
11
7
19
15
30
19
7
11
15
23
13
15
84
9
17
38
13
22
17
11
5
9
19
7
26
5
17
17
13
9
5
26
24
15
11
11
17
13
7
30
13
1
4
0
0
1
0
1
1
0
0
0
1
0
1
1
3
1
0
3
0
1
1
1
0
4
1
0
1
1
1
2
0
1
1
1
1
1
1
0
0
0
0
3
1
0
1
1
1
3
0
0
1
3
0
4
2
3
0
0
0
5
1
3
0
1
0
0
0
2
0
0
0
1
1
0
1
2
1
3
0
0
5
1
3
2
1
1
1
0
1
2
1
1
1
3
4
5
0
1
0
3
1
1
1
4
1
1
1
0
0
0
4
1
1
1
3
2
3
3
1
1
1
3
1
1
5
4
3
5
1
1
0
2
1
1
0
1
2
1
1
1
4
1
1
1
1
3
0
2
2
1
1
1
1
3
1
1
1
1
1
1
0
2
3
2
5
4
0
1
0
3
1
2
1
0
3
1
0
0
1
1
0
6
1
3
0
1
1
2
2
1
1
2
1
0
4
1
1
0
0
2
4
2
2
0
4
1
2
1
0
1
0
1
1
1
2
0
5
3
1
1
2
2
1
1
2
1
1
2
1
1
0
1
1
2
1
2
1
4
1
0
4
1
1
1
0
2
3
1
1
2
9
1
1
1
4
3
1
1
3
2
1
4
4
1
0
6
2
0
1
1
0
1
1
0
1
1
3
4
2
2
4
1
5
3
2
2
4
10
53
55
25
2
3
26
28
5
0
7
32
39
0
9
0
6
3
9
25
34
0
0
18
12
0
1
9
0
25
3
2
26
0
29
0
3
0
0
37
5
2
1
18
22
0
24
9
6
27
11
19
0
0
26
0
22
11
88
0
16
16
18
0
9
0
12
0
10
15
22
2
18
11
20
23
23
10
0
6
0
36
0
0
16
0
0
29
0
27
0
20
2
0
34
14
23
1
0
0
17
0
3
0
28
29
0
0
17
0
26
0
24
0
0
0
0
1
23
0
0
18
18
0
17
0
29
23
0
27
0
3
29
0
20
15
57
9
31
0
9
0
24
2
0
7
14
17
0
40
20
0
42
32
27
0
0
0
1
5
0
19
0
0
30
13
0
0
15
7
17
36
77
16
21
0
1
3
0
2
2
0
24
0
0
0
4
0
17
0
7
22
24
0
4
36
38
22
0
0
29
11
2
0
0
14
16
0
10
30
0
20
12
22
4
0
11
8
0
8
0
0
6
0
25
13
9
0
0
13
1
0
0
0
21
7
2
0
1
6
0
0
13
0
0
16
5
0
18
2
10
0
2
0
0
12
0
0
13
0
0
0
8
3
0
0
23
0
0
0
28
1
0
0
0
21
0
0
0
0
0
0
0
0
2
1
9
0
8
3
4
5
7
7
2
6
5
6
4
7
7
5
16
4
2
3
6
5
6
4
2
4
4
4
6
4
12
0
2
8
4
6
8
2
4
11
10
5
1
2
6
3
3
2
4
16
4
4
2
2
2
4
2
2
4
0
6
7
7
4
4
16
5
8
4
6
5
6
4
2
2
6
4
5
8
3
4
7
5
2
2
7
2
8
2
2
2
6
6
5
15
6
0
6
2
6
16
8
0
6
4
4
7
2
2
6
6
5
7
6
4
4
7
10
2
3
3
8
7
4
3
7
5
8
2
2
19
8
6
7
10
7
4
2
2
2
2
8
11
3
8
5
5
6
6
4
10
9
4
4
2
4
7
4
6
2
4
4
8
4
13
5
8
2
4
15
6
2
17
13
8
6
2
8
8
13
9
6
0
2
6
20
5
7
4
5
4
13
2
6
8
6
8
8
2
4
20
5
6
4
0
0
6
4
5
17
11
6
5
7
7
4
3
4
5
2
6
4
16
13
7
9
6
8
3
2
8
12
11
8
4
8
8
2
6
2
5
6
2
6
0
3
4
5
10
4
2
17
8
6
2
4
8
6
8
0
0
6
2
8
4
8
6
2
5
17
13
10
4
2
2
4
6
5
4
4
14
4
13
2
4
6
6
10
8
0
0
0
0
2
2
0
4
6
0
0
2
2
0
6
2
0
2
0
8
4
0
0
0
2
6
2
0
2
0
4
4
4
0
8
0
0
2
0
0
0
2
2
2
2
0
6
6
0
0
0
0
4
4
0
6
2
6
2
4
0
0
0
2
4
0
2
0
0
2
0
0
0
5
0
4
0
0
0
6
2
8
0
0
2
7
0
0
2
0
0
2
2
2
0
0
10
0
4
2
0
0
0
0
4
2
2
2
0
4
2
2
4
0
2
2
0
2
4
0
10
0
0
0
6
0
0
6
0
2
2
2
2
60
2
0
2
0
4
0
0
0
6
0
0
4
18
0
0
0
2
4
0
6
2
0
2
4
6
16
4
0
2
2
4
2
2
4
8
2
0
11
2
4
4
2
2
0
4
0
4
0
4
0
22
2
4
4
2
2
5
2
0
0
2
6
2
2
2
0
6
0
12
0
2
0
4
2
2
0
2
0
2
89
4
0
4
6
0
4
2
2
34
6
0
63
4
2
0
0
2
2
0
0
7
2
6
0
0
0
0
6
6
2
4
0
0
0
0
4
2
0
0
6
8
4
0
32
10
4
4
0
0
0
4
2
0
0
2
0
4
1
62
0
0
4
2
4
0
2
4
0
4
6
4
2
2
4
2
14
18
18
10
28
18
16
12
14
12
18
6
14
10
10
12
26
14
12
12
18
14
4
16
18
8
28
12
6
12
28
10
8
12
4
16
16
22
12
10
10
16
26
14
22
18
16
10
22
8
12
10
16
14
14
22
14
20
12
8
10
14
12
20
22
14
12
14
12
10
10
10
4
14
6
20
12
22
18
22
12
6
18
24
18
4
12
6
20
14
14
16
8
12
22
16
18
10
16
10
12
12
18
14
8
20
16
10
20
14
20
10
18
10
10
18
20
16
14
16
18
14
20
16
12
14
16
12
12
16
6
20
10
16
12
16
6
12
10
16
10
4
12
14
12
10
14
16
6
12
12
14
6
16
14
16
12
22
18
18
18
12
20
4
20
14
20
12
12
8
20
14
8
8
10
6
16
6
14
12
8
8
10
18
10
20
6
18
12
14
10
16
12
22
10
12
4
16
10
4
8
10
24
20
16
6
8
20
16
14
10
6
14
18
18
16
10
4
8
18
12
20
10
14
4
14
16
14
8
12
20
4
4
12
10
10
22
20
8
18
20
10
4
4
12
14
10
10
4
14
18
16
16
18
10
10
10
20
14
14
2
8
20
18
8
14
10
10
20
12
16
8
24
12
2
16
12
12
14
22
12
8
14
22
12
16
12
18
52
52
60
43
62
46
25
13
47
64
64
45
56
36
85
75
32
44
62
61
60
48
46
50
30
55
61
53
61
4
65
19
46
53
68
53
61
7
61
66
59
0
14
36
59
22
53
37
58
82
34
6
54
56
39
68
18
0
61
68
59
13
56
16
48
55
44
41
6
58
32
71
80
19
62
52
57
46
45
50
0
36
13
63
69
24
79
58
41
58
42
36
49
76
64
57
46
42
40
56
50
9
62
48
2
44
53
58
58
54
44
19
47
6
55
60
63
53
54
59
81
52
0
0
30
53
38
76
7
50
49
30
73
82
38
67
47
55
47
60
36
33
52
47
78
43
29
62
21
2
53
59
36
12
44
39
71
60
53
28
39
3
50
50
50
50
6
29
64
30
55
58
28
55
48
68
60
61
35
56
29
46
81
53
39
50
20
54
86
59
2
60
46
58
75
51
63
4
47
59
48
66
61
19
26
0
15
65
35
32
51
36
40
74
60
0
24
2
5
62
32
2
22
34
30
47
40
29
17
35
22
39
43
24
2
38
55
66
58
0
41
0
31
52
33
56
46
63
79
71
74
43
66
2
64
35
31
48
56
53
38
35
30
63
57
72
53
53
46
47
45
19
54
45
60
60
80
18
22
12
18
43
43
56
69
50
65
72
17
10
10
6
4
4
12
11
6
4
10
8
6
2
6
8
8
8
8
2
8
8
16
12
2
4
4
8
8
10
6
12
6
8
10
6
4
6
6
6
10
6
10
10
6
6
12
20
16
14
10
6
10
10
10
4
8
8
4
8
10
8
8
10
16
6
8
4
8
4
18
12
6
18
8
4
12
8
14
10
16
4
12
8
8
4
4
15
8
19
8
10
8
6
10
10
8
17
8
16
4
12
12
19
8
10
8
13
18
16
12
14
6
10
12
12
8
16
17
14
15
15
10
6
12
10
4
15
21
19
21
14
10
13
23
12
8
10
8
16
6
12
16
12
17
8
14
27
21
20
10
10
6
17
23
12
10
23
4
17
23
8
8
12
6
17
6
19
17
10
6
8
12
18
21
12
6
12
8
23
8
21
17
12
10
12
8
14
12
8
8
23
12
8
12
12
13
16
8
8
12
15
14
17
10
12
12
18
16
12
10
8
10
10
6
14
8
12
8
6
14
12
16
6
6
19
12
6
12
10
8
12
13
12
8
12
10
12
14
8
17
16
12
8
10
12
10
10
14
33
12
12
10
10
15
16
4
10
10
14
8
15
8
12
12
4
4
2
6
8
2
13
6
10
12
6
14
8
8
10
6
8
10
12
14
6
8
10
17
6
12
12
4
19
6
8
6
21
4
8
6
6
4
4
25
4
6
6
6
8
8
6
8
6
12
6
23
10
4
4
8
6
8
4
8
8
10
23
8
16
17
8
14
18
21
27
23
8
25
16
10
10
31
11
23
19
16
18
29
15
16
15
17
25
16
11
8
17
17
18
21
12
8
31
21
12
10
12
12
16
12
16
21
9
21
15
12
10
25
31
12
14
50
45
17
17
12
10
43
37
16
10
31
33
14
25
21
29
14
32
27
37
18
10
21
10
49
19
4
34
19
19
41
8
33
19
14
14
12
17
31
16
31
16
31
6
15
31
27
19
21
16
16
8
18
12
72
12
31
10
41
16
14
27
31
34
17
18
51
41
25
11
19
45
29
39
14
27
35
31
29
31
4
23
54
39
37
37
48
56
17
32
56
17
43
19
23
19
12
58
23
40
29
36
64
68
21
37
36
31
23
60
60
33
17
19
6
6
10
10
17
6
6
10
22
29
10
21
6
25
10
16
10
10
8
41
12
4
4
4
6
10
14
4
4
8
2
8
8
6
9
21
8
16
4
10
6
10
8
10
14
8
8
6
6
8
12
6
8
8
12
10
8
8
4
6
6
0
2
33
4
6
4
10
8
4
4
6
6
10
10
12
2
2
10
4
4
4
11
11
6
13
2
8
2
4
6
4
12
11
7
4
9
6
12
6
6
7
8
7
4
6
2
6
2
4
4
6
8
4
6
4
4
7
10
6
4
2
6
8
4
4
9
8
6
6
6
12
4
4
8
7
15
6
4
11
10
8
4
10
2
6
4
9
8
6
8
2
4
4
8
4
8
10
8
6
7
6
5
4
4
4
4
4
4
6
12
10
4
8
10
6
8
7
14
6
4
93
6
6
6
8
11
4
11
4
10
8
10
8
6
4
4
19
4
6
8
13
6
4
8
5
11
10
21
6
6
6
6
7
2
2
6
6
8
4
6
4
11
6
6
4
6
10
10
5
4
5
6
11
12
7
9
5
4
10
10
8
8
9
7
9
5
10
4
9
8
9
6
12
7
8
11
11
11
10
11
8
11
13
6
4
8
8
6
8
14
7
10
22
8
13
11
11
20
11
10
6
9
12
9
4
8
7
4
5
13
11
6
10
4
14
5
5
8
7
27
13
10
6
7
7
7
9
3
9
4
13
4
15
6
9
13
8
18
5
9
8
5
13
6
2
11
4
5
6
9
2
12
14
10
6
9
9
9
7
9
15
12
9
5
8
5
9
5
5
7
7
7
2
5
5
6
9
8
7
9
9
8
10
11
9
10
8
