4
2
1
8
0
3
0
4
2
6
6
0
0
2
2
0
0
4
2
2
2
6
2
4
0
2
0
2
2
12
2
0
2
2
4
0
0
2
0
2
2
6
2
4
4
4
8
6
4
0
0
0
2
6
2
0
6
8
4
0
4
0
4
2
0
2
6
2
0
4
2
4
0
2
2
0
6
2
2
2
6
6
0
4
0
70
0
4
2
4
6
1
0
6
2
0
6
0
2
2
2
2
2
0
0
4
2
4
2
2
22
6
4
0
2
0
2
4
2
0
2
0
2
0
4
0
8
2
2
2
2
4
0
0
0
0
0
0
4
10
10
6
0
2
8
2
38
4
10
2
0
0
2
4
2
0
4
2
0
0
6
0
4
2
0
2
2
2
0
0
6
2
0
0
6
6
4
31
4
0
2
6
4
2
4
4
4
0
2
2
6
4
2
2
0
4
2
4
10
36
4
1
2
2
2
4
0
0
2
4
2
2
2
0
4
4
0
0
0
4
0
2
0
2
2
0
2
0
2
0
4
2
0
4
6
2
6
10
0
2
2
6
4
6
2
0
0
2
2
2
0
2
0
0
0
4
0
2
0
2
8
1
2
0
3
1
4
0
2
2
0
4
2
2
4
0
6
2
4
2
6
0
4
8
4
0
6
2
19
4
0
2
2
2
4
4
4
2
0
2
0
2
0
2
2
9
0
2
4
20
4
2
2
0
0
2
2
9
4
4
10
27
2
4
4
0
2
0
0
9
4
2
2
4
2
0
4
2
0
2
4
7
2
0
2
0
0
4
2
2
0
6
4
2
6
0
4
2
2
0
0
4
4
2
0
2
6
2
2
2
11
2
2
0
0
16
2
2
4
2
4
0
4
2
2
2
2
18
2
11
2
2
2
2
4
2
0
2
4
13
0
2
4
2
4
2
2
2
0
0
2
29
0
2
2
2
2
0
0
32
2
10
2
2
6
12
6
2
2
4
2
0
2
2
2
0
2
2
0
4
4
0
4
10
0
25
2
4
6
0
2
0
2
2
4
0
2
2
4
31
2
31
4
4
4
0
0
4
0
12
2
31
0
4
2
2
8
0
0
2
2
2
2
16
6
29
2
0
0
2
4
8
2
0
2
37
2
2
2
17
2
7
2
4
4
2
4
18
0
4
10
8
0
0
8
43
2
0
0
12
2
2
9
4
2
4
0
33
27
41
46
41
28
26
15
28
12
2
39
19
23
4
38
2
40
28
65
33
19
25
38
41
0
2
2
6
4
2
29
22
2
0
0
2
21
2
2
2
2
4
8
4
2
0
2
0
17
4
0
0
2
9
14
7
7
3
5
7
4
2
7
14
9
5
9
2
25
0
7
14
3
2
3
7
2
14
2
6
5
0
0
0
3
4
0
1
3
5
0
14
3
9
3
0
5
4
5
5
7
4
1
10
16
13
15
0
0
0
6
3
4
34
1
7
0
4
8
1
27
15
7
0
5
2
3
21
7
15
5
8
5
6
4
10
2
0
6
7
2
3
0
6
11
4
1
11
9
29
4
2
22
10
9
7
4
11
5
9
23
0
2
0
15
6
6
2
7
12
7
6
0
2
2
4
25
3
0
0
6
5
3
1
20
5
2
8
6
7
19
10
1
18
3
3
3
5
0
7
16
0
2
13
0
4
8
14
4
4
7
13
0
7
20
5
10
5
0
0
0
3
3
5
6
0
5
5
12
10
10
6
10
3
0
2
12
11
8
26
25
0
16
18
2
9
2
20
1
4
16
10
4
7
6
12
2
7
22
4
6
2
0
2
2
9
6
4
9
5
6
2
3
0
3
29
2
2
22
14
9
0
3
11
1
5
3
6
10
15
5
0
3
0
6
23
17
6
25
7
3
9
2
2
7
2
2
2
2
0
1
0
13
3
2
1
4
2
7
0
0
2
1
4
4
5
8
0
7
1
6
3
7
10
3
1
8
6
0
0
4
6
0
0
4
6
0
8
4
4
0
0
8
8
0
6
2
2
0
2
4
6
0
0
4
0
10
0
6
6
11
0
6
0
8
0
8
0
8
0
4
0
4
4
6
0
4
0
6
0
8
0
4
0
8
0
4
0
6
0
6
0
10
6
4
8
4
0
8
0
6
0
6
4
2
0
0
6
12
0
0
6
4
0
0
6
5
0
0
4
6
0
0
4
4
0
0
6
4
0
0
4
4
0
0
6
4
0
0
12
6
0
0
4
4
0
0
0
0
0
0
4
6
0
0
0
0
0
0
4
0
0
0
2
0
0
0
0
2
0
0
0
0
0
0
4
10
0
4
0
0
0
4
12
0
6
0
0
12
0
12
8
4
6
0
8
6
8
0
4
0
0
0
0
0
0
0
0
4
6
4
0
0
0
10
0
6
0
0
10
4
0
8
4
12
10
0
8
0
8
0
4
0
4
0
4
0
12
0
4
0
13
0
4
4
2
0
6
10
6
0
0
4
4
0
0
8
6
0
0
10
8
0
0
19
6
0
0
4
6
0
0
13
6
0
4
10
8
0
0
6
8
8
0
10
12
8
0
4
6
4
6
10
6
0
0
15
6
4
6
16
4
0
0
6
10
6
0
4
6
8
0
4
8
16
10
4
10
6
12
10
6
4
4
6
10
10
15
10
17
8
4
6
10
10
8
8
10
4
4
10
10
4
8
8
10
8
10
6
8
6
12
6
10
10
6
12
16
6
8
41
8
4
8
10
4
10
8
12
8
8
8
12
17
6
12
10
14
8
8
12
10
4
12
8
10
8
6
16
10
21
6
10
10
4
14
12
12
8
14
6
15
10
10
12
8
16
17
14
8
10
12
6
14
8
10
10
21
18
14
6
21
10
10
6
31
16
6
16
10
12
14
12
8
6
18
10
10
6
17
6
6
8
6
10
8
12
8
10
8
10
12
17
4
6
21
14
17
12
8
14
10
6
14
14
12
17
10
25
12
6
8
18
21
17
8
14
16
17
12
12
25
23
8
12
14
8
12
12
10
21
12
10
17
27
8
12
19
51
17
10
21
21
8
16
29
25
15
6
23
10
17
39
10
6
10
14
10
8
6
10
8
16
19
8
6
25
14
8
43
16
19
17
12
10
6
14
19
19
14
8
6
16
14
10
6
19
10
15
17
14
8
17
17
17
12
6
6
10
6
6
12
10
12
6
6
6
19
14
6
14
6
12
17
18
10
21
19
6
8
6
10
16
8
19
17
12
8
6
12
21
8
6
14
6
14
6
12
6
8
8
8
8
4
4
5
8
4
11
9
4
4
2
7
7
6
9
5
6
6
9
10
8
7
7
9
8
7
4
2
8
10
7
11
8
7
12
7
10
5
3
7
5
10
11
7
7
5
3
11
12
11
13
6
6
10
7
7
11
6
9
10
9
2
10
9
4
7
3
14
6
3
14
7
8
8
5
3
9
7
4
7
6
7
11
11
9
8
7
7
5
6
7
8
7
12
11
11
8
10
7
10
7
8
1
8
10
10
8
7
15
8
5
4
5
8
4
9
8
6
5
12
3
4
4
7
4
5
9
3
7
8
3
8
6
10
8
9
11
8
11
11
10
5
10
8
6
7
4
5
3
2
2
7
7
5
6
6
8
6
3
5
5
15
7
12
9
7
3
15
11
9
1
7
7
9
10
8
5
2
10
10
12
5
5
4
2
13
4
13
16
7
4
10
10
9
11
4
0
5
5
7
8
2
10
5
9
4
5
7
4
4
10
8
7
7
5
9
6
7
8
7
7
6
2
7
6
2
10
6
7
3
4
12
4
7
13
7
7
2
7
6
8
11
7
9
4
6
5
5
10
8
7
8
6
7
3
6
6
6
8
12
9
9
8
8
4
3
2
7
12
3
5
7
9
8
2
7
5
7
4
5
10
2
5
7
1
3
16
8
2
2
4
0
0
0
2
6
4
5
4
4
6
3
0
4
4
5
2
0
0
2
0
4
2
2
2
9
2
2
5
2
6
2
4
4
4
13
4
3
4
4
8
7
0
2
4
2
4
9
2
2
2
0
4
0
2
0
0
6
0
0
2
0
2
2
3
4
0
2
2
0
3
0
0
6
0
2
2
0
0
0
4
4
8
6
0
2
5
2
0
2
4
4
8
2
2
10
0
6
0
2
2
2
6
2
2
4
5
4
4
7
2
4
4
2
2
3
4
2
2
2
3
3
4
2
2
2
0
10
2
4
0
9
2
2
2
0
4
6
5
0
3
4
2
4
2
0
11
5
2
9
11
5
6
0
5
7
2
4
3
0
4
5
4
4
0
0
0
4
7
4
4
5
4
2
7
4
2
6
2
4
4
6
3
5
5
5
6
3
4
6
8
4
8
2
5
0
9
0
5
4
2
2
2
2
2
2
5
0
5
0
8
4
3
2
1
4
4
4
0
3
2
4
0
7
5
4
7
2
0
4
2
10
2
6
2
4
0
2
5
4
4
4
4
5
4
2
4
9
18
6
0
2
5
4
2
2
2
2
2
0
11
2
5
4
6
2
0
2
2
2
2
2
2
2
5
5
4
4
5
2
2
2
4
2
3
6
62
39
13
6
55
38
70
72
64
9
9
0
50
61
11
0
0
0
53
62
80
69
45
60
75
48
42
46
4
43
41
55
0
67
31
61
18
51
59
86
0
18
42
49
77
47
62
49
62
50
20
79
27
45
50
5
25
13
66
63
43
46
0
56
49
49
69
2
18
51
75
54
41
61
54
20
17
52
66
76
69
34
60
35
57
79
62
4
41
24
4
47
66
71
26
50
18
41
79
70
0
0
0
0
0
56
34
59
51
63
44
33
44
57
68
41
52
48
50
65
52
62
0
0
50
46
0
0
0
59
0
2
0
32
28
39
52
7
34
63
30
53
0
10
48
0
10
29
46
31
43
84
61
45
51
0
0
28
60
60
2
45
62
57
6
55
4
57
0
61
45
0
0
0
13
0
0
0
43
49
0
33
49
0
45
39
0
0
4
0
0
0
0
0
0
0
0
0
0
0
0
0
0
0
0
0
0
0
0
0
0
0
0
0
0
0
0
0
0
0
0
0
0
0
0
0
0
0
0
0
0
0
0
0
0
0
0
0
0
0
0
0
0
0
0
0
0
0
0
0
0
0
0
0
0
0
0
0
0
0
0
0
0
0
0
0
0
0
0
0
0
0
0
0
0
0
0
0
0
0
0
0
0
0
0
0
2
0
2
6
4
8
4
4
4
2
4
4
4
4
6
4
2
2
2
4
59
4
4
2
2
4
2
6
10
6
8
2
46
4
8
2
8
6
5
4
4
2
2
0
2
2
2
2
4
2
0
4
6
2
4
2
4
6
8
4
7
2
5
6
4
4
6
2
2
2
0
9
2
0
0
2
2
3
4
4
2
6
6
8
6
4
6
4
7
13
6
0
2
4
4
6
2
5
6
4
5
4
48
3
6
2
4
4
6
3
7
7
4
7
4
9
2
5
4
4
46
4
4
2
4
4
40
4
5
4
3
4
2
4
10
3
4
4
5
4
2
2
4
45
4
6
6
6
4
54
8
7
8
6
2
4
4
2
2
9
2
4
2
2
2
4
4
2
5
6
6
15
6
12
5
3
4
45
19
4
4
2
2
2
2
2
2
2
4
4
6
2
4
3
4
4
4
6
4
6
4
4
39
2
3
2
13
3
4
4
2
2
2
2
2
4
4
6
2
26
4
2
4
2
4
7
4
6
4
4
4
2
2
5
2
53
2
14
0
4
4
7
4
2
6
4
4
4
2
4
8
2
2
4
36
2
4
0
4
4
4
2
2
2
8
2
37
5
2
5
4
4
2
4
2
5
2
2
35
2
2
6
6
9
40
4
2
6
52
2
6
6
0
9
4
2
7
2
2
0
13
2
0
2
4
52
22
13
0
2
0
15
4
2
4
6
17
2
2
7
2
0
12
2
7
8
8
5
13
4
5
4
2
2
4
2
8
21
6
17
2
4
2
4
11
7
7
5
2
2
4
9
0
4
12
0
4
2
0
0
23
4
0
6
0
0
0
9
15
0
2
0
13
21
0
6
3
0
5
2
5
0
0
0
0
6
9
2
8
2
5
0
4
4
4
2
2
4
2
2
0
4
7
6
2
4
2
11
9
7
4
4
2
4
2
19
0
0
7
21
2
0
6
2
2
2
4
0
9
2
2
0
2
0
50
2
7
4
2
0
6
0
3
4
17
2
2
2
4
6
13
2
0
2
9
13
4
2
4
2
2
5
5
6
4
2
22
4
0
4
9
0
8
0
8
23
4
15
2
6
6
0
4
17
4
4
2
2
2
13
0
7
4
2
4
53
4
7
2
71
2
2
2
4
2
6
0
4
2
2
11
9
9
2
2
4
9
4
5
2
4
9
4
0
2
6
6
6
3
1
13
2
0
2
3
2
21
15
5
4
7
13
6
4
6
15
19
7
7
5
2
18
11
2
2
3
3
6
14
7
43
5
11
11
12
17
8
3
4
13
15
18
0
0
2
8
9
0
