78
77
78
77
77
77
76
77
77
77
76
77
76
78
77
78
71
76
78
76
77
78
78
78
78
78
74
78
75
78
77
77
78
77
76
78
79
78
79
75
77
78
78
75
78
78
78
75
78
78
77
75
78
78
78
75
72
77
77
74
78
78
78
79
78
78
77
77
75
78
76
77
77
76
77
77
78
78
79
78
78
78
79
79
75
67
77
78
77
78
69
77
78
78
76
73
78
77
77
77
76
77
77
76
78
78
76
77
74
76
78
74
76
77
75
78
79
74
78
78
78
77
78
71
76
77
78
77
79
75
78
76
77
76
77
78
71
78
78
75
78
77
78
78
77
78
78
78
77
77
77
78
78
78
78
78
76
78
75
78
77
76
78
76
77
77
77
77
78
78
78
78
77
76
78
75
75
79
78
78
76
78
76
78
78
77
77
79
79
77
77
76
78
78
78
78
75
78
79
75
76
76
78
77
77
76
78
75
77
78
75
72
78
77
77
76
78
79
75
77
78
78
77
78
72
77
78
77
76
78
74
79
78
79
79
78
78
79
78
79
78
78
78
78
79
77
78
77
78
78
77
77
79
78
78
77
72
77
77
77
76
78
78
77
75
76
78
75
74
77
79
78
78
78
78
77
79
79
78
78
75
78
77
78
78
78
78
77
0
0
2
4
0
2
0
2
2
2
0
0
0
2
0
0
0
0
0
2
0
0
2
0
0
0
2
2
2
2
2
0
4
0
2
0
0
2
2
2
4
2
0
0
0
0
2
2
0
0
0
2
2
0
4
2
2
4
17
4
2
2
0
2
33
2
2
4
0
20
0
2
2
0
0
2
0
2
2
0
0
4
2
0
0
0
2
0
2
0
2
2
2
2
2
2
0
2
2
0
4
2
2
0
2
0
2
0
0
2
2
0
0
2
2
2
2
2
2
0
0
2
2
6
0
4
2
2
2
0
0
2
2
2
2
2
0
2
0
4
0
0
2
2
0
16
2
0
2
2
0
0
2
0
2
2
2
4
2
16
2
0
2
0
0
0
2
2
4
0
2
0
2
2
0
0
0
0
2
0
0
0
0
0
0
0
2
0
0
2
0
0
0
0
4
2
0
0
0
2
4
2
0
0
0
0
0
13
0
2
2
2
0
2
4
2
0
2
2
2
2
2
0
0
0
0
2
2
0
2
2
0
2
0
0
2
2
0
2
2
2
0
0
2
0
2
2
0
0
2
0
0
0
0
0
0
2
2
0
2
2
0
2
2
2
2
0
2
6
0
2
2
0
0
0
0
0
0
2
2
2
2
2
0
0
4
0
0
4
0
2
4
4
4
0
2
0
2
2
2
4
0
0
0
4
0
0
2
2
0
0
0
2
0
0
2
0
2
0
0
2
2
2
0
0
2
0
4
2
0
4
0
0
4
2
0
1
4
4
4
0
2
2
2
0
0
2
0
0
0
0
4
4
2
0
2
2
4
0
2
0
2
0
0
4
0
2
2
0
1
2
0
4
2
6
0
0
0
6
2
0
0
2
0
4
2
2
2
4
2
0
2
1
0
2
0
1
4
6
0
0
2
0
2
0
2
0
4
0
2
4
2
2
0
0
0
2
2
0
0
0
4
2
3
2
4
4
2
4
6
6
4
4
4
0
2
2
2
4
0
2
0
2
0
1
2
0
2
4
3
2
2
2
2
0
2
0
0
0
0
0
0
0
4
0
2
2
6
0
0
4
2
2
2
2
2
4
0
2
2
2
0
0
2
2
0
6
2
2
4
6
2
0
0
2
2
2
0
0
0
2
0
2
2
2
0
4
4
2
0
0
0
0
0
0
17
0
24
6
4
38
2
0
2
2
0
0
0
0
4
0
0
0
4
2
0
0
4
2
2
0
2
0
0
2
0
0
2
4
6
0
2
0
2
0
4
4
4
4
2
0
0
2
0
4
0
2
0
2
4
2
0
4
2
0
2
0
2
2
0
2
2
2
0
2
0
2
2
2
2
0
0
0
0
2
2
0
0
0
4
2
0
0
2
0
0
6
0
0
0
2
8
2
0
0
4
0
2
0
4
0
2
0
2
2
4
0
4
2
2
4
50
2
4
2
0
2
6
0
0
2
2
0
4
2
0
2
2
45
2
0
88
0
0
2
4
0
0
0
0
2
2
4
0
4
50
0
2
2
0
0
0
2
0
2
0
44
0
2
6
6
0
2
0
41
0
6
0
2
0
4
4
2
93
0
0
4
0
0
0
0
2
4
4
0
0
0
0
4
2
2
2
0
2
2
2
2
2
4
2
4
90
0
0
0
0
4
2
2
6
2
0
4
0
2
8
0
0
48
2
2
92
0
0
2
0
0
31
6
66
6
2
4
6
0
0
2
0
2
0
2
8
2
2
2
4
6
6
2
0
0
0
10
2
44
2
2
0
0
2
44
0
0
43
0
2
2
4
0
4
6
4
6
0
0
2
0
0
4
2
2
46
0
4
2
0
2
0
0
4
0
0
2
2
0
2
0
2
0
6
0
6
0
0
4
0
2
2
2
0
0
2
4
51
0
2
0
2
0
0
2
0
0
0
4
0
0
0
0
2
4
4
2
2
4
2
2
4
2
4
2
0
58
2
22
10
8
14
10
3
16
15
5
9
13
7
14
8
11
7
7
7
14
11
11
14
9
6
12
13
13
11
7
11
12
11
13
11
9
15
14
9
24
13
11
14
13
9
5
9
11
10
11
16
11
12
9
12
11
9
13
14
15
10
11
12
12
14
15
10
9
15
10
11
12
7
10
15
13
11
9
6
12
7
9
16
10
7
9
9
16
11
7
13
13
9
19
11
11
8
9
15
7
11
15
9
12
7
12
7
18
9
9
9
11
13
11
7
15
10
7
9
15
11
12
11
9
14
18
7
7
11
12
13
15
12
15
22
13
40
11
11
11
8
5
11
9
13
8
14
16
9
16
16
16
9
7
19
10
7
15
12
12
15
17
19
12
16
9
7
17
21
14
16
24
14
13
4
26
13
21
5
9
14
23
7
14
14
12
9
10
20
12
11
10
10
13
11
21
20
16
9
11
15
13
12
15
12
14
9
11
12
16
21
7
7
13
9
13
7
14
14
11
21
5
21
16
15
39
11
10
7
8
14
7
9
6
15
9
18
15
9
10
16
11
18
21
20
14
16
18
16
18
9
13
18
18
11
12
14
8
7
18
11
7
9
18
7
16
20
8
11
12
36
9
7
16
9
10
10
10
9
7
7
18
9
11
18
11
7
7
10
0
0
0
0
2
4
0
0
0
3
0
0
0
0
4
0
2
0
3
2
0
2
6
2
2
2
0
0
2
0
2
0
0
0
0
2
2
0
4
2
2
0
0
2
4
0
2
2
2
0
2
2
0
0
4
0
6
0
2
2
0
0
4
0
2
0
2
4
0
2
0
0
3
0
2
0
0
0
2
0
2
0
4
2
2
3
2
2
0
1
3
5
0
4
4
0
2
2
0
4
3
0
0
0
2
6
0
0
0
8
2
0
2
2
5
0
0
2
0
0
0
2
0
4
0
2
0
4
0
4
0
0
2
2
2
0
2
2
2
2
2
0
4
0
0
4
2
2
2
1
0
2
0
7
0
0
0
0
2
2
0
0
2
0
1
4
2
2
6
4
3
3
2
2
0
0
4
2
0
1
0
0
0
2
2
0
0
2
0
0
0
2
0
2
0
0
2
2
0
2
2
2
0
2
0
2
0
0
5
0
0
4
0
2
0
0
0
0
0
0
0
0
0
2
0
2
4
0
0
0
0
2
2
2
0
4
0
2
3
2
5
0
0
3
0
0
2
2
2
0
0
0
2
0
2
2
3
2
0
0
2
0
6
0
0
0
3
0
0
2
0
4
2
2
2
2
0
4
0
2
0
0
2
6
0
3
0
2
0
2
2
0
0
0
2
4
0
0
2
4
2
2
0
0
0
2
4
2
2
0
2
2
0
0
0
0
2
2
5
2
0
2
0
4
6
0
2
0
0
0
2
2
1
4
2
4
4
0
0
2
0
2
2
0
0
6
2
7
4
0
0
0
0
0
0
0
0
4
6
6
2
2
0
0
0
2
0
4
0
2
6
0
6
2
0
0
4
2
6
4
0
0
6
4
4
2
0
3
0
2
2
0
1
0
4
4
6
0
0
0
0
0
0
0
2
4
4
4
2
0
0
0
39
0
0
0
0
4
2
2
0
0
0
0
0
2
2
2
0
6
8
2
4
0
0
0
2
0
4
2
0
0
6
4
4
0
0
0
2
2
4
0
0
0
2
2
2
0
0
0
2
0
2
8
0
2
6
0
2
0
0
2
0
4
4
2
0
0
2
0
4
2
0
0
7
2
0
4
0
0
4
0
4
2
0
0
0
0
4
4
0
4
2
6
3
2
0
0
0
2
4
2
0
0
4
4
2
0
0
0
0
0
4
0
2
4
2
6
0
0
0
0
0
2
4
6
0
0
2
6
3
0
0
0
2
0
0
8
0
4
2
4
0
0
0
1
24
0
0
4
0
0
2
4
2
0
0
0
0
3
0
3
0
2
4
2
0
6
2
5
0
2
0
0
2
4
2
2
0
0
2
1
2
4
0
2
1
2
11
8
2
2
13
0
0
0
0
2
1
0
0
0
0
2
2
2
4
30
0
2
2
3
4
0
2
0
2
0
2
2
2
0
4
2
5
0
0
2
2
2
0
0
0
0
0
10
3
0
4
1
0
4
0
0
2
4
0
0
2
1
0
0
4
4
4
5
12
0
4
1
2
2
2
1
4
1
4
2
2
2
0
0
2
7
0
0
2
2
0
6
0
0
4
0
0
2
4
2
3
4
2
0
2
0
0
2
0
1
2
1
1
4
0
1
4
0
0
1
0
4
4
5
3
1
2
0
0
2
1
2
0
0
1
4
2
4
2
4
2
2
2
2
2
0
2
2
0
2
0
0
2
0
4
0
0
4
2
0
0
0
0
0
0
2
0
0
0
2
0
2
0
4
2
4
2
2
1
2
2
0
0
3
4
3
0
4
0
4
2
0
2
3
2
2
11
0
4
1
0
2
2
1
2
0
0
2
2
0
1
2
0
4
0
12
0
0
0
0
1
0
3
4
3
4
2
0
4
2
4
2
2
2
2
2
0
0
2
2
2
2
4
0
6
0
11
0
0
0
2
18
0
2
4
2
3
2
4
2
2
2
2
0
5
0
0
3
1
1
1
8
49
0
0
68
4
3
1
56
38
3
30
0
5
36
17
11
3
1
3
0
0
5
7
0
1
15
25
57
0
21
0
0
0
3
17
0
0
3
1
7
14
48
0
7
43
17
18
57
14
5
0
0
24
33
0
22
43
3
6
11
30
13
5
0
3
0
66
23
1
1
0
13
31
0
0
14
33
0
0
22
23
31
0
16
42
0
3
0
0
0
13
23
0
20
20
42
0
0
0
9
0
1
33
1
0
3
0
17
11
61
3
0
3
53
0
3
0
21
6
1
22
3
0
18
26
11
1
0
22
0
1
26
1
0
0
0
26
13
15
52
18
3
19
49
70
7
3
3
29
1
0
41
45
0
20
23
52
0
0
1
1
10
0
28
28
4
1
0
1
37
31
16
3
28
0
3
33
40
0
59
35
20
36
0
24
16
0
1
17
24
29
10
38
49
3
5
0
31
0
0
1
0
0
0
3
15
16
6
24
6
5
10
5
1
0
3
35
0
1
0
1
9
0
15
16
26
38
22
21
3
28
27
1
30
0
27
11
21
21
36
14
2
32
23
36
1
27
5
21
25
49
47
37
14
19
29
0
19
32
21
40
11
38
15
6
27
0
13
30
21
26
16
29
25
1
14
20
17
14
1
22
16
18
15
10
6
6
13
6
2
4
6
6
6
23
2
4
10
21
8
21
12
8
39
6
2
4
8
0
6
16
10
6
10
4
16
10
16
4
14
16
6
2
2
49
49
8
12
6
35
8
2
10
10
25
6
21
6
4
10
8
60
4
4
14
4
12
8
12
4
4
4
16
10
2
4
21
6
4
2
4
10
6
10
8
29
6
8
27
2
12
21
2
47
19
4
2
6
2
6
10
6
6
6
8
2
4
4
8
25
0
6
8
21
6
6
4
27
4
4
4
4
56
4
6
6
8
8
6
4
8
6
6
72
12
8
4
2
12
4
6
4
6
8
8
4
14
37
23
4
8
6
4
12
4
4
33
2
2
4
8
4
6
2
2
10
14
10
8
4
29
8
6
8
13
14
8
14
4
12
12
21
6
43
23
14
14
14
8
14
27
16
23
2
14
8
12
6
10
8
10
6
12
17
10
17
6
25
10
12
17
12
25
12
29
12
10
12
19
6
10
25
10
10
16
6
8
17
16
16
6
14
8
12
16
10
16
10
16
4
19
19
14
25
29
10
14
12
19
10
21
8
14
23
14
13
18
12
8
6
14
21
4
12
17
13
14
8
23
14
12
25
11
68
13
21
6
23
17
17
6
17
33
41
14
52
8
19
6
14
