6
6
9
11
14
8
5
9
9
4
9
11
13
13
11
9
14
9
6
12
9
4
11
2
9
18
7
13
15
7
27
12
15
9
6
13
4
5
4
24
6
7
5
14
5
8
4
4
6
11
7
17
4
9
8
8
13
9
18
9
21
13
17
5
4
7
9
13
3
6
8
7
15
7
9
11
6
9
8
7
9
5
8
6
9
5
9
8
11
10
11
6
3
4
7
10
9
7
7
6
3
8
8
6
8
17
5
32
30
44
8
5
2
9
4
6
9
6
2
7
4
8
12
12
11
5
6
7
5
5
7
5
4
5
7
4
41
7
13
7
9
7
3
5
5
9
4
8
6
7
7
6
16
4
9
7
7
6
5
7
4
76
5
9
5
7
9
7
12
7
13
7
3
8
6
11
4
7
7
6
4
9
6
4
8
7
15
11
17
13
5
5
11
9
10
14
4
9
13
5
9
14
15
5
9
8
9
13
11
9
5
8
8
9
22
4
7
9
7
9
9
7
3
8
11
7
9
5
10
7
4
3
4
4
3
5
2
3
3
4
5
4
2
6
4
4
12
7
11
4
12
11
8
7
5
8
11
11
11
5
13
16
9
2
9
9
11
7
12
7
15
4
11
7
5
7
7
12
5
21
13
12
7
9
5
7
2
4
7
1
0
9
0
9
1
3
1
7
5
5
7
3
0
9
1
7
7
3
5
9
0
0
0
1
11
3
5
5
0
7
9
3
72
7
0
5
5
6
9
3
0
5
0
7
3
0
21
5
0
7
0
5
9
5
1
3
7
1
3
9
1
0
12
0
7
0
0
1
1
1
3
11
1
3
1
9
9
1
81
1
1
7
3
1
7
5
3
6
1
5
0
5
3
1
3
3
3
7
9
3
3
5
1
7
9
3
13
70
0
5
3
0
5
1
3
1
3
1
12
11
0
0
6
3
1
15
3
1
65
6
9
0
1
3
15
1
9
7
3
0
16
1
0
0
3
1
5
3
1
3
9
5
3
7
99
3
5
11
5
3
0
0
0
3
8
5
3
7
16
5
3
3
7
1
1
8
9
1
1
7
1
0
13
1
5
5
1
3
3
3
5
7
0
1
0
1
5
11
4
13
1
3
5
7
3
0
3
1
5
1
1
8
1
9
13
1
1
7
1
5
3
1
0
1
1
5
3
5
3
15
3
7
11
1
0
1
3
3
5
5
9
7
7
85
5
3
93
0
7
1
1
1
0
3
17
0
0
10
0
5
77
1
0
5
1
7
1
0
1
1
3
9
5
7
5
7
5
5
9
7
0
3
7
0
1
7
11
24
19
13
40
23
33
21
7
27
37
38
21
32
31
23
40
13
9
17
19
21
28
56
17
15
27
21
34
23
32
15
15
9
25
11
15
15
23
19
44
29
11
17
21
31
27
15
7
5
15
7
15
3
19
9
26
7
15
23
11
9
9
29
27
25
11
11
15
15
13
13
17
21
21
19
23
11
25
31
42
5
11
11
19
21
48
21
25
33
9
9
68
17
21
25
15
19
33
13
29
19
21
23
25
15
40
11
25
17
27
31
23
17
19
33
17
40
21
15
19
40
15
25
25
37
27
25
13
36
36
21
32
9
21
23
19
31
29
29
17
21
32
15
23
31
11
30
28
17
17
15
13
15
46
11
32
42
7
11
29
19
31
21
28
31
52
7
15
23
7
33
11
7
7
13
7
15
15
15
13
30
25
7
11
23
9
31
5
19
7
19
7
25
25
9
25
17
23
15
23
21
46
24
23
11
19
23
13
15
21
5
9
21
11
11
19
30
7
5
13
7
7
15
13
9
11
9
21
9
13
23
7
17
17
7
13
15
19
13
21
13
13
17
11
11
19
5
11
11
15
17
5
9
13
9
9
11
7
3
3
15
25
1
0
9
5
1
0
5
3
1
11
3
5
1
3
9
3
11
3
5
7
3
7
9
9
9
0
0
0
2
6
8
0
0
6
0
8
0
2
6
4
0
6
0
6
8
0
4
4
4
0
4
0
0
6
0
2
0
2
8
4
2
2
4
5
0
0
4
2
0
0
0
4
2
0
0
0
2
0
10
0
2
0
0
0
0
0
2
0
4
0
0
0
2
2
8
6
2
2
0
0
6
0
0
0
2
0
4
8
0
0
0
4
4
0
2
0
0
0
6
2
0
0
0
2
6
2
0
0
2
6
8
8
0
0
6
2
8
0
2
8
0
0
0
2
8
0
0
0
0
6
0
2
0
2
4
0
4
2
2
8
8
0
0
6
2
6
13
0
0
0
0
2
4
0
4
2
0
0
6
6
0
0
4
2
5
2
2
2
8
2
2
0
0
4
6
4
2
0
4
0
4
4
0
6
0
2
6
6
2
2
96
2
2
0
8
2
0
0
2
0
4
2
0
0
2
0
6
0
2
4
6
2
0
52
2
4
2
4
8
2
4
8
0
0
0
0
0
0
2
0
86
0
2
0
0
2
2
0
0
0
0
4
0
0
0
0
0
0
0
2
0
6
2
0
6
98
6
2
0
0
0
4
6
0
2
0
6
0
6
2
4
0
0
0
6
0
0
0
0
4
6
6
0
0
2
0
4
2
6
0
0
2
0
0
3
0
0
5
3
0
2
0
2
2
2
0
0
2
0
2
0
2
0
2
2
0
2
0
2
2
0
0
0
0
0
0
0
0
0
2
0
5
2
2
1
0
2
2
0
0
2
0
0
0
2
0
0
2
2
0
2
1
2
2
2
0
2
0
2
0
2
0
2
2
0
2
2
2
2
2
2
0
2
0
0
2
0
0
2
0
0
0
0
2
2
0
2
0
0
2
0
0
0
2
0
2
0
2
2
3
4
2
2
0
2
2
2
0
0
2
2
2
0
2
0
2
2
2
0
2
2
2
0
2
0
2
2
0
2
2
2
2
2
2
2
2
4
2
0
2
2
0
2
0
0
2
4
0
0
2
0
0
2
0
2
0
2
2
0
0
1
1
1
0
1
1
0
0
1
2
0
1
0
2
1
0
1
1
1
1
0
1
0
0
2
2
1
2
1
0
1
1
1
1
0
1
0
0
0
1
1
0
0
1
1
0
0
0
0
1
0
3
1
0
1
0
2
1
2
2
0
1
1
2
0
0
0
0
1
5
0
2
1
1
1
1
0
0
0
3
3
2
1
1
1
0
1
0
1
1
0
0
1
1
0
2
1
1
0
2
1
1
0
2
1
2
1
1
0
1
1
1
2
1
1
0
1
0
1
1
1
19
20
19
18
19
19
18
19
19
18
19
19
19
17
19
18
18
20
17
19
19
16
19
18
19
19
19
17
19
19
19
19
17
19
19
19
19
14
18
18
19
19
18
19
18
19
18
20
20
19
19
19
18
17
19
19
18
19
19
17
19
19
18
19
19
18
17
19
16
19
19
19
19
13
18
19
19
19
19
18
19
16
19
19
19
19
18
19
17
17
19
19
19
19
19
19
19
19
19
19
19
19
19
18
19
19
19
19
18
15
18
19
19
20
19
18
19
19
19
19
19
17
19
18
19
19
18
19
17
19
19
19
18
19
18
19
19
19
19
19
19
18
18
19
19
19
18
16
19
18
15
18
20
18
19
18
19
16
19
18
19
19
19
18
17
18
18
19
17
18
18
19
19
20
16
18
18
19
15
19
17
18
19
19
19
19
18
19
19
19
18
19
16
18
18
19
19
18
16
18
20
19
19
18
17
20
18
20
18
19
19
18
19
19
19
19
16
18
19
20
18
19
19
18
19
19
18
20
17
19
18
18
19
19
18
18
16
19
19
19
18
19
19
18
18
19
19
18
17
18
20
18
19
17
18
19
19
17
18
19
19
18
19
18
19
18
20
19
19
18
17
18
18
18
19
19
19
12
20
19
18
18
20
18
19
19
18
19
3
2
0
10
0
0
4
0
6
0
2
0
3
7
2
0
7
1
5
4
0
3
2
4
4
2
1
2
2
0
2
3
2
2
0
0
4
0
2
6
5
2
0
9
2
0
7
6
4
2
7
2
2
0
9
2
16
0
2
3
4
2
7
14
0
0
2
0
4
0
4
0
2
1
0
0
2
0
1
0
2
0
0
2
9
6
1
5
0
15
9
2
2
4
2
10
4
0
6
0
0
3
6
0
5
4
4
13
16
5
10
0
0
5
2
14
0
6
4
4
1
1
5
9
0
5
1
4
4
4
12
0
2
0
3
4
5
2
6
0
2
7
13
2
8
7
0
3
0
2
0
6
0
4
5
10
9
7
4
0
2
4
2
15
0
3
4
15
2
6
0
4
2
0
2
0
2
0
7
0
11
0
5
0
0
1
0
0
0
0
0
4
4
0
0
1
1
2
2
2
0
2
9
6
2
3
13
1
3
4
2
0
0
3
11
4
6
2
0
4
0
5
0
2
0
4
2
2
4
0
4
2
8
2
0
4
3
2
6
12
0
3
4
0
0
4
0
2
0
5
4
7
4
3
0
7
3
0
0
5
0
5
3
8
7
6
0
2
0
2
4
2
1
0
2
2
2
2
6
2
0
2
6
2
0
0
0
2
8
4
8
6
2
6
2
2
0
8
0
4
4
8
0
4
0
0
4
6
0
4
0
6
0
6
4
6
0
2
6
2
6
6
2
4
4
0
0
4
6
0
2
0
0
0
10
0
4
6
6
2
0
6
0
0
8
0
6
0
4
6
2
2
2
4
0
2
0
6
0
0
0
2
8
8
84
6
0
2
6
14
0
8
8
0
6
0
2
6
6
0
0
2
0
0
2
2
4
2
6
0
6
0
4
2
4
0
4
2
10
4
0
2
8
0
6
2
0
8
0
2
4
2
0
0
6
0
2
4
0
12
2
2
4
0
2
0
6
0
6
0
10
12
0
2
0
4
8
0
6
2
0
12
4
2
8
4
6
12
4
6
2
0
2
2
0
6
4
8
0
4
2
6
2
2
2
2
8
6
6
2
0
2
0
8
4
0
0
6
6
14
0
8
4
0
2
0
6
4
4
6
2
0
6
0
0
4
2
0
0
4
8
0
0
0
6
4
2
0
4
0
0
0
0
4
0
0
4
4
8
2
4
0
0
10
2
0
2
4
0
8
0
0
2
0
0
8
6
2
0
0
2
6
0
6
2
2
6
8
0
0
0
6
2
4
8
6
0
6
6
6
2
4
0
0
6
0
0
10
0
0
0
0
0
0
4
4
2
2
4
0
6
2
10
6
8
12
2
2
2
10
4
8
4
0
4
4
4
4
6
6
4
0
2
6
2
0
10
2
0
2
4
0
2
2
0
4
6
0
6
2
8
0
4
2
2
4
2
4
2
0
2
2
2
2
2
0
6
4
6
0
4
10
4
0
6
2
4
2
2
2
4
4
8
4
2
4
2
12
4
2
6
2
6
6
4
2
4
4
2
6
8
0
6
8
8
6
4
4
6
0
2
4
4
0
4
0
2
2
2
4
2
0
0
0
2
0
2
4
2
2
4
4
2
6
4
2
12
6
4
6
6
12
2
6
0
8
4
2
4
2
2
0
2
4
4
8
2
4
10
0
4
6
6
10
10
8
4
2
6
4
0
4
2
2
6
4
2
6
4
8
6
4
8
4
8
2
8
4
14
4
4
0
6
2
2
6
0
4
8
8
4
2
8
8
8
6
4
4
8
6
4
8
13
8
6
4
0
4
6
4
4
2
6
2
4
10
4
4
2
10
4
6
8
0
2
2
0
2
6
2
6
2
2
4
4
4
4
4
4
0
0
2
4
4
0
0
2
0
2
2
8
4
6
0
0
8
2
0
2
6
4
4
6
4
0
0
0
6
0
2
2
2
2
2
2
0
0
2
4
2
2
8
6
2
12
16
9
0
2
13
0
22
28
14
0
17
0
13
0
14
14
20
17
0
11
16
0
13
17
0
13
0
16
1
0
18
16
18
13
0
0
12
12
0
16
0
0
0
36
14
21
18
0
14
13
0
15
16
13
0
17
13
15
0
0
11
0
0
0
17
0
23
11
18
0
20
0
9
13
15
16
14
0
0
8
16
0
26
1
0
0
0
6
15
0
19
19
0
15
18
14
0
0
19
16
12
0
18
12
18
1
8
0
7
21
0
16
18
0
14
11
19
0
0
10
12
0
0
24
18
26
0
16
17
0
15
13
11
0
21
0
17
15
0
20
10
14
17
0
1
17
0
14
23
19
0
13
14
8
0
31
1
13
28
27
21
18
22
18
15
12
10
13
11
19
12
0
24
0
19
0
14
18
0
17
16
25
0
0
0
3
12
0
0
19
0
17
0
16
16
0
13
19
18
0
17
19
10
14
14
20
52
14
16
13
2
16
18
28
13
11
0
0
24
25
15
0
25
1
12
0
17
0
10
19
17
18
18
0
0
0
16
0
0
0
0
16
0
0
0
0
0
0
0
0
0
0
0
0
0
0
15
0
0
0
8
0
0
0
0
0
0
0
0
0
0
0
0
0
0
17
26
30
0
8
0
0
0
0
0
0
0
