7
15
9
11
7
11
13
11
11
16
17
15
15
10
7
11
11
11
10
11
7
7
9
9
13
11
14
13
9
11
14
11
13
7
13
17
9
14
7
9
11
13
14
11
13
13
13
9
11
9
9
14
9
9
9
7
13
15
7
10
9
16
13
9
11
15
11
10
15
11
9
13
7
11
17
9
11
11
15
13
9
9
11
7
11
13
11
9
13
11
13
9
13
7
11
10
11
8
9
9
7
9
17
9
9
13
9
11
11
13
11
13
9
9
11
7
9
9
15
11
13
9
14
9
9
7
9
16
13
12
11
9
11
7
9
9
13
7
11
9
11
5
9
11
13
13
9
9
10
11
12
13
9
9
13
11
7
11
11
9
11
11
13
11
16
9
11
13
10
11
9
14
13
11
9
11
11
13
13
9
7
13
11
11
9
9
9
9
9
9
13
13
9
5
19
12
11
13
7
9
14
11
9
13
7
13
20
13
13
13
13
13
13
16
12
13
11
11
14
11
13
11
11
18
13
11
9
7
9
16
11
11
15
11
13
16
15
9
9
7
9
13
11
9
11
13
9
7
9
9
11
7
9
7
15
11
19
9
12
11
11
11
9
11
10
9
13
15
13
13
16
9
13
13
13
13
13
11
11
9
11
5
11
13
9
9
12
13
2
2
2
0
2
0
0
0
2
2
2
0
0
0
2
0
0
0
0
2
0
4
2
4
0
0
2
0
2
2
2
0
2
0
4
0
0
0
0
0
0
0
0
2
0
2
2
0
2
2
2
2
2
2
0
0
2
2
2
0
0
0
0
4
2
8
2
2
0
2
0
0
2
0
2
2
0
2
2
0
0
0
0
2
2
0
0
2
0
0
6
2
0
0
0
0
0
2
0
0
0
0
2
0
2
0
0
2
10
2
2
2
2
0
0
0
0
2
0
0
0
2
0
0
4
2
0
0
4
2
0
2
0
4
0
2
4
0
2
2
2
0
0
2
2
0
0
0
2
2
0
2
2
10
0
6
2
4
2
4
0
4
0
2
2
2
0
2
0
0
6
2
4
2
2
0
0
0
0
8
2
0
2
2
2
2
2
2
2
2
0
0
0
0
2
0
2
0
2
0
0
2
0
0
0
0
2
0
0
2
0
2
2
0
2
0
0
4
4
4
0
0
10
2
0
2
0
0
0
0
2
4
0
0
0
2
0
0
2
0
0
0
0
0
0
2
2
0
2
0
4
2
2
2
0
0
0
2
0
4
0
0
2
2
0
0
2
0
0
4
4
2
2
0
2
4
0
2
0
0
2
2
2
2
4
0
0
2
38
35
49
27
16
19
43
31
35
26
41
46
41
34
31
28
20
47
36
24
13
17
13
36
61
34
34
15
28
34
19
11
7
22
10
13
34
32
16
37
32
10
27
17
33
46
50
36
17
12
21
13
34
15
37
14
1
52
19
59
42
25
16
26
20
26
16
23
60
51
23
55
13
26
32
43
28
35
40
38
29
46
52
20
26
31
28
26
30
11
24
28
13
40
25
53
23
14
15
37
20
36
30
22
11
9
60
16
22
36
21
9
37
30
34
20
24
44
31
22
39
36
34
41
34
29
9
35
34
41
30
47
18
26
59
61
38
22
35
29
64
47
19
34
32
49
52
45
59
22
36
22
32
36
35
31
25
54
84
28
44
56
51
26
39
50
40
37
28
26
45
61
36
61
63
29
26
28
56
35
59
18
26
34
30
38
37
51
26
28
33
16
36
13
49
37
45
39
56
64
49
21
45
51
42
28
20
43
25
31
26
15
14
15
15
22
24
23
31
15
30
12
21
49
9
23
19
20
26
15
22
20
11
51
30
35
24
12
20
38
24
23
27
9
61
11
18
5
15
13
36
16
24
24
11
19
11
1
21
9
3
7
26
3
0
9
1
1
11
3
7
7
1
3
7
14
7
5
3
3
7
7
1
3
1
1
80
9
3
7
2
4
4
2
4
4
5
5
4
2
4
49
4
2
5
5
2
5
7
2
4
5
7
9
9
5
0
9
4
5
2
3
5
9
5
0
2
2
4
2
4
7
5
4
4
13
4
7
5
2
7
7
13
2
4
2
3
45
5
2
5
3
7
17
25
7
5
4
5
5
4
5
11
2
7
7
7
4
13
2
2
5
5
4
7
4
5
5
4
4
2
7
7
11
17
3
4
0
4
4
0
5
4
5
7
5
7
0
7
7
7
3
7
2
7
19
7
2
5
7
7
9
5
4
2
4
11
4
13
11
2
5
4
9
2
17
13
27
11
5
5
2
4
9
4
7
4
15
19
5
9
5
13
5
3
2
5
4
5
15
13
15
9
9
13
9
5
4
5
2
19
5
13
15
4
9
9
5
7
9
15
5
21
15
13
13
5
5
7
4
7
29
7
9
23
4
9
17
7
5
5
7
23
9
15
15
13
4
2
5
9
7
17
5
2
7
7
17
19
4
9
13
3
4
4
5
5
4
15
4
11
4
4
13
5
19
7
2
5
9
13
5
2
7
5
4
7
7
5
9
5
5
9
11
7
7
9
11
5
0
3
5
2
4
2
5
4
2
2
4
11
5
27
4
2
9
0
5
2
7
0
4
2
7
2
2
12
11
12
7
10
13
10
13
8
10
8
17
12
7
11
11
10
12
7
13
5
8
11
20
12
11
10
6
9
14
10
13
11
11
10
16
10
12
10
13
11
12
10
9
10
11
12
11
12
14
11
10
12
9
14
13
15
11
14
8
14
11
11
10
15
8
11
10
11
7
7
10
7
10
12
19
7
13
16
5
9
9
11
9
14
5
9
9
9
5
12
7
9
10
11
14
16
11
12
14
10
12
10
12
14
19
15
9
17
12
12
15
19
14
14
9
12
16
8
11
12
10
15
9
11
6
7
7
15
9
15
10
14
5
10
15
11
7
11
14
8
11
16
17
12
12
17
8
12
9
11
10
16
14
11
13
14
10
16
8
9
9
14
10
16
11
11
9
10
16
9
18
10
15
12
14
10
8
11
10
8
15
10
13
14
10
13
11
12
13
19
9
9
9
13
13
10
14
15
12
12
14
13
10
11
9
11
12
17
13
10
17
11
13
11
13
12
13
8
14
11
14
14
12
13
9
14
13
13
7
10
12
17
15
10
10
9
8
11
8
16
14
8
9
14
10
7
12
14
10
10
13
10
11
11
12
5
13
16
10
11
13
13
9
10
14
14
10
16
15
7
10
7
6
9
7
10
11
12
9
13
10
13
14
9
7
6
6
0
2
6
8
0
0
5
0
4
2
0
4
8
0
8
10
12
2
0
2
6
2
10
4
14
6
0
0
8
0
16
10
4
0
0
5
0
6
2
4
0
2
4
10
2
6
0
0
0
4
14
4
8
0
2
3
0
10
0
0
6
2
8
8
0
4
0
2
0
8
12
1
0
2
4
2
8
2
8
6
1
12
8
2
2
4
10
16
4
2
4
6
14
0
0
2
8
0
12
2
14
0
4
10
6
6
2
4
8
1
6
10
0
3
6
2
4
0
6
8
1
10
4
6
0
5
0
2
10
8
0
2
5
6
0
0
2
6
4
0
10
12
8
6
5
0
0
16
0
2
12
8
0
3
8
10
1
0
0
0
4
4
4
8
8
4
8
6
8
0
2
2
4
20
6
0
0
0
2
0
4
4
10
6
6
2
6
6
2
10
1
10
6
4
6
6
10
2
6
4
10
2
4
2
2
0
3
10
2
12
0
8
10
5
4
6
8
0
4
0
2
0
4
0
0
28
8
2
8
0
0
4
18
5
2
8
8
2
14
0
0
12
4
6
6
0
10
10
14
8
8
0
0
0
4
6
4
14
2
8
2
6
2
1
6
6
6
0
2
0
4
0
14
6
4
8
4
6
8
8
1
0
0
2
2
4
0
0
2
0
3
0
2
3
2
0
2
0
28
0
0
2
2
0
0
2
0
0
4
2
0
4
4
9
21
4
2
26
4
0
2
0
0
2
0
2
2
2
2
4
2
0
2
2
4
4
0
8
4
0
0
2
4
2
0
4
2
2
2
0
2
15
2
17
0
2
0
2
0
0
4
2
3
2
0
0
4
0
4
2
5
0
2
0
0
1
2
2
0
2
7
5
3
0
1
0
0
7
0
2
4
0
0
9
2
3
2
3
2
16
0
2
0
2
2
2
0
2
0
3
2
2
1
2
7
0
0
17
4
1
0
2
0
1
1
0
3
2
3
1
3
2
7
2
3
0
3
0
0
14
2
14
0
3
4
2
0
0
22
0
0
2
1
0
0
2
1
6
2
0
1
2
3
0
0
0
0
1
3
2
4
0
0
0
5
0
1
0
3
0
1
24
2
4
6
3
5
0
0
3
0
0
2
0
14
4
5
4
0
3
2
0
0
3
1
5
2
0
0
2
14
4
35
2
21
0
4
0
1
22
12
0
1
2
2
0
2
4
0
0
0
2
2
3
3
2
24
0
0
0
0
26
2
0
2
3
2
32
2
0
2
0
0
0
2
2
0
0
31
2
0
0
2
2
0
3
0
0
0
0
0
2
0
0
0
0
36
39
42
42
38
37
45
27
23
43
37
50
45
42
45
30
47
45
50
44
27
33
41
30
56
56
52
56
42
59
39
25
53
54
56
54
53
59
40
66
37
41
40
39
27
45
40
36
49
54
58
23
51
23
51
52
43
63
60
55
56
55
60
43
46
49
48
42
51
32
35
37
55
43
45
50
46
57
52
41
64
58
47
45
53
60
50
50
41
43
53
58
27
40
40
41
54
30
47
49
47
38
47
58
48
52
58
35
54
46
65
27
31
56
54
34
29
42
36
38
42
53
55
47
53
35
47
40
28
36
28
52
45
41
37
47
32
54
28
41
56
58
67
51
52
61
36
33
61
30
54
52
51
55
56
63
58
45
51
48
35
41
50
47
64
55
50
48
57
43
35
27
48
44
40
50
43
35
59
58
31
61
59
56
36
44
62
47
45
32
52
58
43
35
43
27
49
65
34
56
39
50
56
45
31
53
43
35
46
56
42
55
52
54
62
62
43
56
62
37
59
58
27
48
41
42
45
51
57
56
34
37
52
56
44
45
57
43
60
38
29
29
27
46
53
40
31
49
56
31
40
48
32
51
58
36
52
67
54
60
40
35
28
54
46
48
53
42
38
60
48
35
35
59
58
63
61
27
37
42
47
65
63
51
41
23
34
30
4
12
72
0
2
10
8
0
2
10
2
2
6
2
4
6
0
4
4
0
0
4
2
2
0
4
0
8
7
2
6
12
8
2
0
2
4
0
4
2
6
2
10
72
2
6
2
2
4
2
0
6
2
2
12
0
4
2
0
6
11
6
6
6
0
10
4
6
0
8
0
6
2
8
6
13
2
2
10
2
2
8
2
0
4
8
4
4
2
10
6
0
8
4
8
0
0
13
4
2
2
8
2
0
0
4
49
4
2
4
4
2
2
0
8
6
0
8
4
2
0
2
2
8
2
2
6
8
6
6
2
6
8
2
6
0
6
4
0
4
2
9
0
8
2
9
4
8
74
6
0
21
4
2
6
7
10
4
2
0
2
93
4
2
2
11
4
4
6
8
2
2
0
21
4
8
4
2
2
2
21
4
0
0
4
2
0
2
2
8
6
16
4
0
4
0
2
4
6
0
6
6
0
0
2
8
4
0
0
6
2
6
6
7
0
10
0
2
6
0
2
10
8
8
10
14
2
2
0
4
4
2
6
4
2
8
6
4
4
6
6
4
19
6
6
0
2
4
6
2
2
4
6
4
4
0
8
0
4
4
2
12
2
6
8
9
6
0
0
0
6
11
0
2
2
2
2
0
0
6
0
4
2
4
2
3
16
4
1
2
5
6
2
2
0
2
0
3
0
1
2
4
1
2
1
4
0
3
0
1
2
0
1
2
1
2
2
2
2
6
2
1
2
2
1
0
3
1
2
5
1
6
2
7
0
2
3
1
1
4
1
1
6
1
2
0
7
2
1
2
0
8
2
2
3
2
1
2
1
3
3
2
1
1
3
4
1
5
0
1
0
0
1
4
0
8
2
3
1
4
1
5
5
6
2
4
0
6
5
6
3
5
0
2
2
5
4
3
1
3
9
5
3
6
2
2
3
8
4
3
4
6
9
3
2
5
5
4
2
2
5
7
6
3
5
2
4
6
5
2
5
3
4
2
3
8
4
4
2
4
2
6
5
7
4
6
8
8
3
2
2
7
4
6
5
5
4
6
5
0
5
3
2
3
4
3
5
2
2
1
2
2
1
1
4
3
6
5
2
2
1
1
1
0
6
2
5
2
4
1
2
1
2
1
4
4
5
1
4
2
2
3
2
1
2
3
3
2
2
3
1
3
2
2
10
1
3
1
5
2
2
7
2
2
4
2
12
5
2
1
4
2
3
3
2
3
2
2
1
2
1
0
4
3
1
1
2
2
1
1
6
10
1
0
2
1
2
1
1
1
1
2
1
2
8
4
2
2
4
7
4
8
4
7
3
3
