74
1
3
3
1
2
0
5
1
0
5
67
3
3
55
3
0
3
6
1
0
0
0
2
3
1
2
3
0
0
5
0
3
0
0
9
0
2
0
3
1
0
80
2
0
4
2
3
1
3
0
3
0
3
0
2
5
7
7
5
1
0
61
3
5
1
3
2
38
0
3
0
0
0
2
3
1
0
3
1
0
1
0
0
5
0
0
2
3
1
5
4
2
0
1
2
2
4
3
0
0
5
0
2
1
0
5
3
1
1
3
0
1
1
2
5
3
0
2
9
2
3
0
7
1
1
1
3
0
0
75
0
0
3
1
4
5
2
4
3
0
5
0
3
3
0
1
3
3
1
1
70
0
4
1
0
5
2
2
11
2
0
3
3
0
2
0
3
3
1
5
0
0
1
0
0
0
0
0
7
0
2
7
0
0
3
0
61
3
2
9
0
2
0
4
4
0
0
2
7
1
0
1
0
0
1
0
0
47
7
0
73
0
3
0
0
0
0
0
1
0
0
19
5
0
45
1
0
0
3
3
3
0
0
0
0
1
10
0
0
2
2
2
0
3
3
5
5
2
1
1
3
1
0
3
82
0
3
0
1
0
79
2
5
2
3
0
4
2
5
0
1
49
3
0
1
2
3
7
3
0
0
3
1
1
2
1
9
2
2
4
2
2
4
4
4
2
2
6
2
0
6
4
2
6
2
4
0
4
4
2
0
2
6
4
4
6
6
6
2
2
2
15
0
0
4
6
6
6
2
2
4
4
4
0
2
0
2
4
0
2
0
2
4
2
2
2
4
4
0
2
6
4
0
15
4
4
4
6
2
6
4
2
6
3
2
4
4
0
4
4
4
2
4
2
4
6
4
6
0
4
2
6
4
0
6
8
2
2
0
4
4
4
4
0
6
4
4
4
6
2
0
4
4
4
2
4
2
2
4
2
0
2
0
2
0
4
0
4
2
4
2
2
6
4
4
13
4
9
2
2
4
0
4
2
2
4
4
4
2
2
4
4
2
3
2
4
2
6
7
2
0
2
2
2
2
15
4
4
4
5
4
4
2
4
4
2
4
4
2
2
2
0
2
2
4
6
4
2
4
2
0
4
4
0
4
2
2
2
2
8
0
2
2
8
0
2
2
2
6
2
0
6
4
4
4
0
4
4
0
4
0
2
2
2
0
2
2
6
6
6
2
2
4
6
0
4
4
0
4
4
0
2
4
2
8
2
2
6
0
0
2
0
0
2
0
6
4
2
0
6
2
6
2
6
2
2
2
2
2
2
11
6
4
2
6
4
2
5
4
6
4
4
2
2
4
15
21
30
36
18
32
30
62
35
28
22
25
39
32
24
11
40
23
26
11
28
30
24
67
21
17
21
46
42
18
30
78
26
65
54
15
34
27
28
19
36
42
21
83
29
25
37
25
9
22
9
13
26
10
24
23
11
11
17
18
41
32
24
29
23
15
32
36
69
30
11
26
15
88
32
19
22
15
42
30
13
58
41
32
32
17
19
11
23
13
26
17
34
39
60
17
18
22
37
32
13
25
25
22
13
32
13
20
26
78
23
56
19
26
41
75
43
94
28
44
32
40
26
26
36
37
33
28
81
59
37
28
35
37
57
12
10
98
3
28
11
24
23
48
42
22
40
51
46
52
38
39
18
38
21
20
26
22
21
28
25
35
19
32
71
28
32
40
25
36
32
32
24
53
49
35
34
58
26
18
16
47
26
15
52
30
26
30
28
25
41
35
30
28
49
56
41
28
32
47
45
32
21
37
24
21
30
15
22
40
27
30
15
24
24
30
21
35
28
43
38
26
17
34
21
34
11
37
11
34
17
8
11
13
38
13
18
28
26
18
11
15
9
13
19
11
13
11
43
10
11
7
11
15
25
8
15
9
8
4
2
19
6
2
2
6
4
7
8
0
4
6
11
32
3
7
4
7
4
9
4
8
0
6
13
6
7
8
0
2
5
0
0
7
0
2
7
1
2
1
0
2
5
5
5
0
0
0
4
0
0
0
2
2
2
2
0
0
3
0
3
96
0
2
0
0
5
0
0
5
0
0
1
0
2
0
1
3
5
0
0
0
0
3
0
0
0
0
2
2
0
0
0
0
0
7
0
0
2
2
2
5
0
2
0
0
0
4
0
0
2
2
0
1
2
0
2
1
0
5
0
5
0
5
0
3
1
0
76
2
0
5
0
0
0
0
0
5
0
5
0
2
2
5
3
2
5
89
0
2
2
0
5
0
0
1
9
0
0
0
1
5
4
7
0
0
0
3
0
0
0
0
0
3
0
2
3
0
2
0
0
2
0
2
3
0
5
5
0
1
0
0
2
1
0
1
2
5
2
2
0
2
5
9
7
2
0
2
7
7
2
2
2
96
5
0
0
3
7
0
2
2
4
3
1
2
5
0
4
5
0
1
5
0
0
1
0
2
7
7
2
0
2
0
3
0
0
2
2
3
9
3
2
2
0
0
0
0
2
0
0
2
3
2
0
0
3
0
5
0
1
3
0
0
7
0
0
0
2
2
1
0
2
2
0
2
3
2
0
0
0
3
7
1
0
0
0
3
1
1
31
0
2
3
0
2
0
0
2
6
4
2
3
0
2
3
1
1
2
0
4
2
1
2
1
2
7
0
0
2
1
2
1
1
1
2
2
1
1
0
1
3
2
3
2
1
2
1
1
4
2
3
0
4
1
1
2
1
0
3
0
1
5
1
0
1
2
3
2
3
0
0
2
0
0
3
3
4
5
0
2
2
3
2
5
0
4
2
1
5
3
0
2
2
0
2
1
4
1
1
0
4
0
2
0
0
3
2
3
2
1
4
1
0
1
4
6
0
4
1
3
0
3
2
1
2
0
3
5
0
2
1
3
0
0
3
2
2
3
1
2
3
0
4
1
3
4
6
2
2
4
1
3
1
3
3
4
4
3
8
3
0
0
1
3
3
1
2
3
1
1
4
4
1
6
2
4
0
2
0
3
0
1
1
2
10
0
0
0
0
3
0
2
0
2
1
2
2
0
5
1
4
5
4
2
1
2
4
2
1
5
1
1
3
0
1
1
0
0
2
1
1
4
0
0
7
0
3
0
0
6
3
4
2
0
1
3
1
4
2
4
1
1
0
1
3
2
0
1
1
1
0
2
2
1
1
1
2
9
2
0
6
2
1
2
2
1
2
0
3
0
1
1
0
1
0
0
1
6
2
1
2
0
2
0
2
1
1
3
2
2
3
1
1
0
2
0
1
0
1
3
2
1
0
3
3
3
1
3
0
1
3
0
3
3
0
1
5
1
3
0
1
5
3
5
7
3
1
3
1
1
0
3
5
1
1
3
1
5
3
1
3
3
1
5
0
3
7
3
0
1
3
5
3
1
3
0
1
1
0
1
1
3
5
1
3
1
3
3
3
0
5
1
3
1
0
1
3
0
1
1
5
1
3
5
3
1
1
0
3
3
0
3
3
3
1
5
0
3
3
4
0
5
4
3
1
3
0
3
1
0
2
5
0
2
1
0
2
1
1
5
1
1
5
0
1
1
5
3
1
3
1
0
2
1
5
9
5
5
1
1
3
0
0
3
1
1
3
0
5
4
5
4
3
0
1
3
1
3
5
1
0
4
3
3
1
3
3
3
0
1
3
3
4
1
5
0
3
0
1
3
3
0
1
5
7
1
3
0
1
0
5
1
1
5
1
1
0
3
3
0
3
1
3
4
3
1
5
3
1
5
5
5
1
3
7
2
5
3
4
1
1
3
3
0
1
5
1
0
3
1
1
1
0
1
3
1
3
0
1
7
1
0
3
3
3
3
3
7
0
3
5
3
3
3
3
7
0
3
1
3
5
3
0
3
0
3
3
5
5
5
1
3
1
3
5
3
9
3
5
3
5
1
1
1
3
3
3
5
3
3
5
5
0
51
3
43
2
39
2
3
40
0
7
2
2
0
0
0
0
0
0
6
0
37
5
30
0
48
4
42
8
6
67
7
0
2
3
2
2
3
3
6
3
44
51
2
78
1
3
49
4
30
4
33
2
45
2
6
42
13
2
2
46
0
30
2
0
3
0
2
6
6
0
40
0
4
0
3
0
2
3
0
36
2
3
6
6
0
12
1
2
5
57
0
3
3
4
0
30
2
2
0
2
0
0
0
4
2
3
0
2
0
0
4
0
5
24
2
29
2
15
0
37
2
0
0
8
5
62
4
2
4
5
0
0
0
0
84
0
2
12
0
1
21
0
31
3
31
0
4
4
42
4
50
0
7
2
3
2
6
0
2
0
3
92
7
31
0
41
2
0
2
0
0
5
0
3
12
4
1
2
2
0
0
0
2
2
0
2
0
0
0
3
53
3
0
4
0
0
40
0
7
0
0
0
2
0
2
3
4
0
4
31
3
3
3
0
45
0
0
14
0
4
41
0
0
2
0
45
3
24
0
23
6
0
10
4
32
6
2
55
2
4
36
7
2
2
4
7
2
13
6
2
2
0
98
0
0
5
60
81
0
4
4
9
0
47
5
0
0
0
2
1
3
53
2
1
2
0
0
2
8
2
5
14
2
30
5
2
4
2
8
2
2
4
0
11
0
0
4
0
0
0
2
2
2
4
4
0
2
6
0
0
0
0
2
4
10
2
0
0
0
2
0
0
0
4
2
0
4
2
2
6
0
0
2
2
2
6
2
4
2
0
0
4
2
0
2
12
2
0
0
0
4
2
0
4
0
2
2
0
2
2
13
6
2
0
0
2
0
4
2
2
4
2
0
2
10
4
2
4
6
6
4
0
14
7
0
2
4
8
2
4
4
0
2
4
4
4
5
0
28
2
2
4
4
6
11
0
2
6
2
2
17
8
6
0
4
10
4
2
19
0
4
2
9
6
4
2
10
0
8
2
0
0
0
10
2
4
4
4
6
15
4
0
9
2
2
4
6
0
0
2
2
2
4
6
6
6
8
4
4
2
2
0
4
6
2
13
2
2
2
0
4
0
4
0
5
12
2
0
2
4
15
2
6
4
0
6
4
0
0
2
0
4
3
0
0
4
0
0
0
6
2
0
4
4
2
0
2
10
0
2
12
2
2
0
2
7
4
0
4
4
4
6
6
8
0
0
2
2
2
0
4
0
2
2
4
0
0
2
0
9
4
2
0
0
0
0
0
2
13
4
2
4
0
2
2
4
2
2
0
0
2
4
4
0
0
2
2
2
0
0
0
4
6
4
34
8
11
6
9
6
13
11
8
8
15
15
12
11
17
17
21
11
31
15
13
37
21
17
17
13
10
13
27
23
13
14
10
13
21
21
17
19
25
10
39
34
21
39
29
28
43
38
13
25
69
21
35
42
52
15
15
29
25
63
42
34
24
29
17
23
38
46
29
23
31
12
25
17
10
11
13
19
11
35
24
25
33
2
25
24
34
23
21
15
29
41
19
38
34
38
25
34
46
36
34
56
27
46
40
53
38
27
34
28
47
49
50
17
19
9
44
44
47
36
28
35
31
15
50
41
33
35
30
33
31
23
23
21
33
15
46
53
26
20
23
25
32
41
47
21
47
23
15
55
21
39
31
34
15
17
39
19
27
52
46
32
63
62
30
36
29
30
36
50
55
44
6
52
32
36
35
44
46
46
18
65
38
52
10
38
40
47
17
40
49
8
24
42
26
17
44
15
11
27
10
13
15
7
21
15
15
23
11
17
15
21
19
10
8
15
20
17
9
13
13
11
10
7
15
19
19
11
8
17
6
10
8
6
8
12
13
9
28
7
13
6
17
15
9
9
11
12
9
19
9
13
8
10
13
8
10
11
22
18
9
8
38
7
11
9
13
11
9
8
6
7
6
4
17
16
11
6
6
9
4
15
9
6
10
6
5
17
6
2
5
4
6
2
4
4
0
25
21
3
2
4
3
2
2
2
4
6
4
4
25
0
4
23
5
3
0
0
2
4
39
2
2
2
0
2
0
5
21
4
2
23
4
3
3
0
2
6
7
33
2
3
2
0
2
3
2
2
2
7
4
3
2
5
4
2
17
3
4
4
2
0
0
4
23
5
7
2
2
2
7
2
4
2
2
4
2
2
2
4
5
0
31
2
2
4
2
2
7
3
0
0
6
2
0
2
4
2
4
2
2
9
0
2
7
0
7
25
5
7
7
3
2
2
4
2
2
5
0
25
4
4
5
4
0
4
4
4
2
0
6
21
2
4
2
4
4
4
23
2
0
2
5
23
2
2
2
3
2
0
2
4
2
5
0
13
7
1
4
2
0
0
4
4
2
0
4
2
0
2
4
2
2
4
2
4
3
2
4
2
2
0
2
2
5
4
4
2
2
2
0
0
5
0
5
2
0
4
2
4
2
0
4
4
4
0
4
6
0
5
4
2
0
0
0
0
2
2
2
7
2
0
3
6
6
6
5
4
0
3
5
2
2
4
0
4
4
4
5
4
4
6
6
0
4
4
7
6
5
1
2
0
2
0
4
2
4
2
5
5
3
2
4
2
0
3
0
5
2
2
4
2
2
4
2
2
