13
11
39
11
15
19
7
15
21
11
15
17
13
13
17
19
5
5
15
13
13
7
19
7
5
3
17
9
17
7
25
7
25
9
23
3
13
5
7
11
15
3
9
3
17
2
7
7
2
5
9
7
7
9
5
5
7
9
13
17
25
3
25
2
7
17
7
9
7
5
15
7
9
13
7
3
21
5
7
15
5
9
5
2
5
5
3
3
3
5
2
5
2
3
9
9
3
5
2
5
3
2
9
7
3
0
9
5
11
2
7
7
7
2
2
11
11
3
9
3
3
5
5
7
21
13
5
5
9
15
2
3
3
2
11
25
7
5
0
7
5
3
11
2
9
7
3
3
5
0
2
5
13
3
3
3
7
9
7
7
3
5
7
5
3
7
2
5
7
5
9
5
5
3
7
5
0
3
5
9
5
9
3
5
5
11
9
9
9
5
5
5
3
3
9
5
5
3
3
9
7
5
5
17
9
15
9
9
5
5
9
5
5
9
17
7
2
11
3
5
9
9
9
13
3
11
2
5
7
5
15
9
9
11
5
9
15
5
23
9
5
11
5
5
3
11
5
3
3
9
5
3
7
5
9
3
13
7
3
2
9
2
7
3
5
7
11
1
5
7
5
2
7
13
2
9
7
9
9
13
7
0
7
5
7
2
9
7
0
0
4
1
0
2
2
3
2
2
2
7
2
1
0
2
0
2
0
2
1
2
0
2
2
2
0
2
1
3
2
2
4
2
2
2
0
0
2
2
2
2
2
0
0
2
2
2
1
0
2
2
2
0
2
3
0
2
0
1
6
0
4
2
2
2
2
2
2
1
2
1
2
1
2
2
2
2
2
2
2
2
1
2
2
1
1
2
0
2
2
1
0
2
0
0
0
0
0
0
2
0
0
2
2
0
2
7
0
2
0
2
2
2
0
0
0
2
2
0
2
0
2
5
0
0
1
0
3
1
2
2
1
2
0
2
0
2
2
1
0
1
0
2
1
0
0
0
2
0
0
2
2
2
2
2
1
2
2
1
0
2
2
0
0
1
2
0
2
0
2
1
0
5
1
0
2
0
1
2
0
1
2
2
2
2
2
2
2
5
0
0
1
2
2
2
7
2
0
1
2
2
0
2
2
2
0
2
2
0
2
5
0
2
1
2
0
2
7
0
0
2
2
0
1
0
2
0
1
0
5
2
2
0
0
2
6
2
2
2
0
2
0
2
2
2
0
2
0
2
2
2
2
2
0
0
1
0
2
0
2
0
0
2
2
0
6
0
0
2
2
0
0
0
2
0
2
0
0
3
0
0
1
0
0
0
2
0
20
37
26
30
23
33
44
31
33
25
49
14
35
18
18
15
41
31
32
21
25
28
41
18
23
53
40
19
29
53
18
9
18
9
21
35
33
17
17
29
19
13
19
30
36
40
43
41
43
27
10
18
23
17
17
15
19
36
10
12
17
23
23
11
38
29
15
20
34
26
19
13
28
39
16
24
46
18
36
23
8
38
28
46
36
16
20
18
22
37
20
26
38
10
16
59
27
43
40
13
26
43
45
19
40
42
43
40
34
26
34
35
48
31
39
60
39
39
20
50
30
35
20
12
7
44
17
23
36
34
50
16
30
38
31
37
28
38
17
32
38
32
53
32
46
49
31
48
44
33
33
42
28
32
37
42
46
21
48
34
57
42
35
26
38
24
50
14
38
14
42
49
48
25
53
54
54
17
31
57
30
54
28
33
31
30
26
37
34
22
29
43
36
32
22
27
40
43
26
28
41
27
43
27
34
16
25
20
19
44
31
14
14
25
12
29
17
42
40
24
33
37
11
8
22
40
21
15
16
37
40
9
7
41
43
20
22
17
23
14
15
14
20
12
17
12
17
12
13
10
37
20
22
11
46
2
10
11
10
2
14
24
2
0
5
2
5
6
7
0
2
2
4
7
3
3
7
7
2
7
10
0
19
7
10
5
2
10
2
8
2
4
4
2
4
2
0
1
2
4
9
2
4
6
2
4
2
0
2
2
2
4
5
4
0
2
9
2
2
2
2
2
2
5
0
5
4
6
3
4
4
4
6
7
1
4
2
4
3
4
2
4
10
8
2
4
2
5
10
8
15
3
2
0
0
4
2
0
2
2
4
61
6
7
2
0
0
2
2
2
2
10
6
2
5
4
7
4
2
6
4
6
7
5
9
6
8
2
4
3
5
3
2
4
4
11
6
6
7
2
2
4
4
19
8
2
6
21
2
2
4
4
4
2
5
4
1
8
8
8
8
4
6
2
6
4
5
7
4
4
6
5
39
8
6
2
4
0
4
2
4
0
0
2
4
4
7
2
6
4
11
6
4
2
10
5
1
4
6
0
2
2
2
4
5
4
11
0
4
0
4
8
5
5
4
2
1
2
0
1
3
2
7
4
2
2
6
1
1
2
9
5
4
6
2
3
4
2
5
2
9
2
0
1
2
2
0
2
2
1
4
4
4
4
9
2
9
2
0
5
2
6
4
6
2
0
4
2
0
0
0
10
2
2
2
1
0
2
3
1
2
0
2
2
2
4
0
4
1
2
4
2
1
0
2
5
3
0
0
2
1
6
4
3
0
6
4
4
3
0
2
4
0
0
2
2
14
22
13
7
8
30
14
29
10
13
13
12
27
14
28
23
10
22
27
21
19
23
27
18
14
10
15
18
15
16
27
16
20
31
18
20
29
25
20
16
12
14
17
13
34
24
12
14
20
16
7
14
15
16
16
15
9
9
18
15
18
37
8
23
17
28
28
15
24
16
20
25
12
12
15
12
12
17
13
26
15
10
34
24
18
22
12
14
36
14
19
20
18
15
15
18
31
21
17
31
26
23
26
21
25
20
27
17
18
17
22
21
18
16
24
16
34
36
13
11
34
21
16
27
32
26
19
19
16
21
19
9
23
46
27
34
37
27
29
26
19
39
10
18
30
37
17
26
14
44
27
25
25
21
20
31
16
33
23
47
27
25
27
29
24
15
38
30
21
33
11
35
30
14
32
39
27
21
26
36
51
28
37
35
33
29
24
34
28
37
43
22
21
29
25
23
45
20
37
13
29
26
28
18
22
23
26
20
22
25
31
41
36
17
29
23
19
25
22
25
31
23
20
23
29
28
17
13
23
20
28
27
30
24
22
25
15
31
20
8
14
38
29
26
21
36
27
25
18
33
17
25
33
26
25
34
18
17
20
25
21
53
19
22
17
27
22
11
30
27
14
12
26
11
14
15
19
18
15
12
13
17
17
19
24
13
18
16
4
4
2
2
1
5
3
2
4
3
5
2
5
2
2
2
0
2
2
2
4
6
4
4
2
2
0
9
6
5
3
2
3
2
3
4
4
2
2
7
6
4
5
2
4
4
5
4
4
6
6
2
4
2
5
0
4
2
1
2
5
4
4
2
3
0
4
2
4
4
2
0
2
4
2
9
2
2
4
6
2
3
4
2
4
4
2
6
0
4
2
2
3
4
2
4
1
2
4
2
4
2
2
2
2
2
2
5
2
2
3
2
2
2
0
4
0
2
2
6
4
0
0
8
5
2
4
4
5
5
2
2
0
2
6
2
2
2
0
3
2
6
5
2
2
2
2
2
2
2
6
3
2
4
2
2
4
4
0
0
2
3
3
5
2
6
4
5
4
4
3
1
3
2
2
4
2
3
2
1
2
0
1
3
2
2
3
4
2
2
0
2
6
4
2
0
4
1
2
2
2
2
0
3
4
4
5
4
5
4
3
2
2
4
4
2
3
0
2
2
2
5
6
5
2
3
2
4
2
3
1
3
2
5
2
6
6
2
0
3
2
5
3
3
2
2
6
7
4
2
2
4
6
2
6
4
4
4
4
4
6
4
2
2
2
2
5
4
2
2
2
6
4
8
0
2
2
2
2
4
2
5
6
7
9
9
2
4
33
30
37
38
31
35
32
35
31
35
36
33
33
36
32
35
32
34
32
31
36
32
34
35
24
34
37
32
34
30
32
32
26
34
38
37
35
36
31
31
34
31
32
36
34
36
35
32
31
35
36
33
36
33
34
34
32
34
32
32
32
32
33
39
38
33
37
36
33
35
34
36
29
35
36
32
36
26
33
24
35
36
29
24
37
31
34
27
37
30
31
22
33
31
32
37
37
30
33
33
33
32
35
22
26
32
35
32
30
33
37
36
32
30
28
36
30
28
35
35
34
37
31
35
35
30
32
33
36
38
32
33
27
32
36
27
34
33
33
35
30
35
33
34
35
33
33
30
34
32
33
34
36
24
31
30
32
38
34
32
35
36
36
32
26
28
33
27
36
33
34
34
38
31
34
35
36
34
34
33
36
33
32
32
38
32
34
35
30
35
35
28
34
27
35
31
24
35
35
32
36
33
35
30
38
37
34
37
28
32
38
32
32
38
33
31
22
37
36
34
33
31
34
33
35
38
32
34
38
35
31
31
35
36
36
33
36
32
34
34
32
31
32
32
28
36
33
36
24
27
36
30
32
38
35
31
37
28
34
31
39
36
35
31
34
35
36
33
37
34
34
33
29
35
36
24
36
35
30
25
22
37
32
33
32
30
29
32
84
89
83
81
88
73
74
84
61
84
89
77
47
81
78
81
93
91
82
74
83
84
87
80
79
76
78
87
78
93
89
88
88
77
87
82
71
84
84
81
81
84
78
81
80
91
87
82
48
71
78
87
80
92
65
84
77
88
81
86
81
82
81
78
83
48
83
87
78
90
90
90
81
76
90
88
76
46
73
87
86
81
85
87
76
80
90
68
89
86
52
88
78
83
45
78
78
89
86
93
89
80
73
89
91
92
90
78
77
74
79
79
86
77
86
83
85
72
70
78
87
72
45
84
74
76
76
82
76
85
68
37
78
74
78
75
80
70
87
88
74
65
89
68
92
85
86
91
40
82
62
92
70
75
70
85
57
66
63
85
80
78
81
86
85
81
79
82
87
83
82
81
78
76
92
94
87
80
76
82
74
82
79
85
82
78
87
90
70
77
84
82
73
77
82
64
81
81
75
83
72
87
83
82
72
87
86
89
86
84
70
80
90
78
83
86
81
81
84
95
67
88
59
92
89
73
86
82
78
91
77
84
93
91
92
86
89
73
87
72
87
88
90
77
81
90
90
86
90
69
80
81
92
76
78
76
74
80
60
68
77
61
81
80
88
86
76
80
70
82
81
90
85
87
72
75
73
40
83
77
79
76
78
79
80
77
78
76
6
0
7
2
6
4
6
8
4
2
4
2
4
2
4
2
4
4
2
35
8
6
2
6
4
4
6
4
6
4
6
4
2
6
6
10
39
17
14
6
8
13
6
10
4
2
8
8
4
2
13
4
4
8
8
4
10
6
6
8
2
2
2
0
2
7
4
6
17
2
10
6
6
6
4
6
6
6
2
2
2
6
10
10
8
6
0
6
4
2
2
2
4
2
8
2
6
6
2
6
4
4
2
8
4
4
4
8
4
2
8
4
4
2
6
6
0
2
6
4
4
6
4
2
14
2
4
4
8
6
6
2
10
6
14
6
2
4
6
4
6
2
10
6
4
4
0
4
4
4
4
2
4
6
4
2
4
8
4
13
10
4
4
10
6
2
10
2
10
4
6
8
4
8
10
8
4
13
6
4
10
4
6
6
6
2
9
8
9
4
6
6
7
8
2
8
4
10
10
6
0
2
6
4
6
2
4
6
2
6
4
0
2
4
2
4
4
2
2
4
4
6
8
4
6
8
2
4
2
4
5
2
2
2
2
4
0
2
4
2
2
0
2
6
4
4
0
2
4
7
0
4
6
2
4
2
0
2
9
4
6
6
2
10
2
4
2
4
4
6
2
4
8
2
6
2
4
0
0
4
6
4
4
4
6
2
2
4
0
47
0
1
1
1
1
1
20
24
0
2
27
0
6
6
1
0
21
20
0
26
0
0
38
29
52
0
0
0
0
0
1
0
0
0
2
20
18
18
0
0
27
0
0
8
0
21
0
0
0
0
0
0
0
0
0
0
0
0
0
19
0
1
1
0
3
0
40
35
23
0
36
0
0
29
0
0
1
0
0
0
0
3
25
0
0
0
1
0
0
0
3
21
30
22
0
17
1
0
1
0
3
1
1
0
1
33
0
0
0
1
0
0
0
0
0
0
0
2
0
0
2
0
14
1
0
22
28
0
1
2
20
0
1
1
1
1
0
20
1
0
28
35
26
0
0
0
1
0
0
0
0
0
0
3
33
0
1
1
2
1
24
1
1
1
27
0
19
2
2
1
1
0
31
1
0
20
1
0
0
25
1
1
1
0
8
1
1
1
35
0
0
20
20
20
15
0
1
1
2
22
1
0
25
0
3
1
1
12
2
1
18
15
27
0
32
0
1
0
39
1
11
25
0
0
0
0
0
23
0
0
0
2
0
18
0
26
0
1
0
15
2
1
0
0
0
17
1
0
13
25
0
48
48
48
27
0
0
0
4
0
1
1
1
1
0
1
20
46
0
0
1
1
22
0
20
1
1
1
0
15
1
0
0
44
29
30
