21
29
18
22
20
32
26
34
15
18
26
27
9
17
10
20
19
25
9
27
30
37
13
16
65
16
20
26
36
25
27
28
29
11
16
36
16
20
20
22
34
7
17
20
22
9
13
19
18
16
22
31
16
8
42
25
28
20
15
36
22
18
31
28
16
22
11
23
13
24
30
21
40
15
2
24
20
23
37
22
19
43
48
15
34
29
14
20
38
22
37
36
15
24
41
14
15
33
40
39
26
13
25
16
41
39
46
20
54
22
16
23
32
31
30
15
19
21
28
36
40
17
46
60
15
15
30
35
26
18
28
20
47
12
23
17
27
30
12
31
26
33
34
34
28
20
46
33
32
21
47
51
35
24
10
15
46
38
35
12
40
16
30
28
35
29
19
48
32
15
32
33
44
31
21
21
7
24
14
27
47
34
16
44
25
27
31
25
4
49
28
54
14
27
15
27
26
38
40
32
24
32
19
7
24
29
19
13
55
12
16
22
24
25
24
26
16
31
29
42
16
16
24
26
11
13
27
22
47
26
12
9
26
7
7
12
8
13
11
37
16
7
20
18
9
26
11
19
12
15
7
11
17
37
21
38
35
9
29
5
18
5
14
9
10
17
30
13
12
13
7
4
7
26
31
14
15
19
28
12
12
12
14
16
15
18
33
24
8
10
4
0
4
14
10
2
4
0
2
8
6
4
4
0
4
10
4
2
10
6
2
16
0
2
4
2
0
4
0
6
0
2
2
0
2
4
8
8
4
6
4
4
4
8
6
6
6
8
4
6
6
0
6
6
6
14
10
4
4
6
14
0
10
10
4
6
8
10
6
10
10
4
4
6
6
4
4
8
6
10
13
12
12
14
8
8
13
8
12
14
8
17
4
18
13
14
8
8
16
21
8
17
8
10
12
8
10
6
8
12
10
10
6
12
10
17
12
14
10
8
10
8
21
10
10
8
4
4
8
10
8
16
10
8
8
8
17
10
16
6
14
6
21
12
6
6
8
10
12
19
10
10
16
12
17
8
16
4
14
6
16
2
16
6
15
15
8
21
16
17
13
16
6
4
4
4
4
14
12
8
6
25
29
10
6
8
23
12
14
21
11
19
8
8
14
12
19
23
10
19
6
14
12
21
17
14
17
16
6
6
16
19
8
6
6
10
6
10
8
8
6
21
10
10
12
6
4
8
6
8
12
14
4
8
4
8
17
10
12
14
4
2
6
6
14
14
4
6
8
8
10
2
4
4
14
2
4
4
4
6
6
4
8
43
2
4
8
0
6
4
4
2
8
6
0
4
10
6
4
2
7
2
4
6
6
2
2
0
9
2
8
2
0
0
6
2
0
0
2
4
2
0
0
2
0
2
8
4
0
2
0
0
0
6
0
2
0
0
0
0
2
6
2
2
2
0
2
6
2
2
2
4
0
16
6
4
0
10
4
0
2
8
6
10
4
14
2
0
2
6
2
0
9
4
6
2
0
4
0
9
4
2
2
0
4
6
0
0
2
2
0
2
2
2
4
2
2
0
4
0
2
13
2
12
4
2
0
2
6
8
2
4
2
0
2
2
6
4
4
0
2
2
2
0
0
0
8
0
7
2
0
0
2
4
4
0
0
6
8
2
4
6
2
2
4
4
0
4
0
0
2
0
0
0
4
0
4
6
0
2
0
2
10
8
0
4
2
0
2
6
0
4
2
4
4
2
4
2
0
2
2
0
0
2
0
0
0
0
0
2
5
0
4
13
4
2
8
4
0
0
0
2
5
4
2
6
4
0
6
0
4
0
2
2
5
0
2
2
4
4
4
2
0
0
9
8
4
2
4
0
2
0
0
0
2
4
2
2
0
2
9
2
13
3
0
6
4
2
0
4
0
0
0
8
2
4
0
0
0
0
6
6
2
11
2
2
13
0
0
4
0
0
7
4
2
2
4
12
8
2
17
2
2
0
0
0
2
2
2
2
8
12
0
2
4
0
0
0
2
2
0
2
2
2
2
2
0
2
2
0
2
2
0
0
0
2
2
0
2
2
2
2
2
4
4
0
0
0
0
2
2
0
4
2
0
0
2
2
0
0
2
0
0
2
2
2
0
0
2
2
2
2
0
2
0
2
2
4
2
0
2
0
2
2
2
2
2
0
0
0
0
2
2
2
0
2
2
0
4
2
2
2
2
0
0
2
0
2
2
0
2
0
0
2
0
2
0
2
2
0
2
0
2
2
0
0
2
0
0
2
2
0
2
0
0
0
0
0
0
0
0
0
2
4
2
2
2
2
2
0
0
0
0
0
0
2
0
4
0
2
0
2
0
0
2
0
2
2
4
0
2
2
0
0
2
0
0
0
2
0
0
0
2
0
0
0
2
2
2
0
2
4
0
2
2
2
0
0
0
0
0
0
2
0
2
2
2
2
0
0
0
0
2
0
2
2
0
4
4
0
0
4
0
2
0
4
0
2
0
2
2
2
2
0
2
0
0
2
2
0
0
4
2
2
0
0
2
0
0
2
2
0
0
2
0
2
2
2
0
0
2
0
2
2
0
0
0
0
0
0
2
2
2
0
0
2
0
0
2
2
0
2
0
2
2
2
0
2
2
2
0
2
2
0
0
2
2
0
2
0
2
0
51
48
78
75
30
90
45
56
40
66
38
38
57
70
77
52
64
91
85
90
63
61
44
75
68
37
29
41
24
68
80
55
75
95
81
70
36
72
39
78
57
89
83
78
41
74
44
49
81
56
95
51
59
56
73
81
57
71
37
69
43
67
54
89
64
39
83
70
52
60
59
93
75
77
82
49
73
48
75
64
72
80
67
81
34
75
62
74
52
79
68
75
64
79
70
60
45
69
76
62
54
60
88
71
56
82
35
73
37
64
36
81
76
40
94
81
68
72
59
52
67
89
50
54
49
86
63
58
78
34
47
41
71
66
60
61
69
80
69
61
34
74
55
42
52
39
59
28
36
85
50
33
52
73
75
60
72
83
71
31
71
85
47
42
29
41
48
39
34
53
60
25
41
91
76
52
55
65
44
29
58
45
36
34
40
46
39
50
44
60
35
39
71
64
38
57
42
35
44
43
38
70
43
34
41
69
33
40
51
47
42
72
50
64
55
42
43
67
50
45
71
44
87
37
52
47
40
51
63
50
33
46
82
53
33
36
61
51
52
64
32
48
47
49
28
62
31
38
40
58
29
46
53
41
34
41
44
45
42
42
35
49
38
64
68
28
52
48
60
41
33
62
43
59
57
74
73
42
41
29
40
40
47
43
21
80
62
50
4
0
0
0
0
0
7
7
0
2
2
2
15
4
0
2
2
0
4
6
2
0
6
91
6
0
0
0
2
2
6
6
0
2
6
2
6
6
2
0
4
2
2
2
2
2
12
4
0
4
0
4
0
4
4
4
4
0
2
18
2
6
2
10
0
4
6
0
0
2
0
8
4
4
0
56
0
2
2
4
13
4
2
4
10
4
0
4
0
4
4
2
8
4
8
4
17
2
2
0
0
4
2
4
0
2
6
2
8
4
4
2
13
2
2
0
4
2
12
2
2
4
4
2
6
4
4
2
6
0
15
2
4
2
2
2
2
4
2
4
6
14
16
2
2
4
4
2
2
4
2
2
0
4
8
6
4
2
4
8
8
4
80
4
2
10
4
2
4
4
6
8
2
2
4
2
49
4
8
8
2
2
4
8
6
6
4
8
0
5
0
4
4
4
6
2
2
12
0
2
2
0
2
8
6
0
2
0
2
4
2
4
2
2
0
2
2
8
15
6
8
9
4
10
2
0
4
6
6
95
10
6
2
4
2
0
2
34
0
6
2
4
4
10
2
4
4
10
2
6
2
6
0
5
6
6
4
11
0
9
2
0
2
2
2
10
0
2
4
4
2
8
8
4
2
4
2
10
2
0
0
2
2
2
69
0
0
2
17
12
12
12
12
12
18
14
16
25
18
12
12
10
16
12
19
14
10
12
10
12
19
10
21
6
20
14
14
16
31
20
14
20
8
22
12
24
16
22
12
10
33
23
10
10
12
20
16
31
16
21
20
20
33
14
12
6
23
18
12
10
16
6
25
10
12
10
27
4
20
10
8
12
16
33
25
22
22
16
20
25
25
8
21
8
24
39
18
24
14
14
25
8
23
8
22
6
31
24
33
29
18
8
12
10
22
10
35
14
14
33
29
21
27
14
14
35
6
23
23
37
14
25
23
4
33
14
35
33
18
25
6
23
22
14
27
27
29
18
27
14
16
25
12
16
10
8
27
10
29
8
18
18
22
27
29
14
27
14
18
12
18
10
18
20
43
23
6
16
16
22
21
10
6
29
21
4
18
25
10
13
29
27
14
24
12
12
35
33
14
21
8
8
41
4
27
14
37
18
35
14
8
16
4
22
12
12
12
6
31
31
18
31
10
14
19
16
18
14
20
23
10
14
12
8
4
27
6
6
20
20
10
27
23
18
29
14
25
20
10
16
20
25
22
18
23
10
8
23
18
12
8
20
12
14
25
18
14
27
14
16
12
24
12
4
12
12
16
6
16
6
14
22
16
27
8
29
6
8
6
22
8
20
8
10
12
12
3
1
10
1
1
1
3
0
1
1
4
1
1
3
3
3
5
0
25
3
1
0
25
5
3
3
30
3
6
1
1
3
27
3
0
25
3
1
3
0
5
1
3
3
3
3
3
37
5
1
1
1
1
1
3
3
0
0
22
10
0
1
1
3
1
1
1
3
3
3
3
24
1
1
3
0
23
6
0
3
0
3
1
5
1
4
3
5
27
1
4
1
0
3
0
1
3
1
11
1
3
0
1
0
26
1
3
3
3
3
1
3
1
35
0
5
3
25
1
8
0
1
1
1
0
5
1
24
0
1
3
1
3
16
1
5
0
0
23
0
0
1
27
3
27
1
1
3
1
0
33
1
3
3
3
1
27
1
4
1
0
3
19
3
1
6
3
1
1
26
1
3
3
1
3
3
1
1
0
23
1
1
3
1
1
0
3
12
3
3
1
1
0
1
1
5
1
1
33
29
1
27
1
1
3
0
23
3
25
1
23
1
0
1
12
33
5
1
3
3
3
3
32
1
3
22
5
27
1
9
1
3
36
0
3
0
27
1
0
3
0
1
1
0
1
1
37
1
25
1
45
0
3
3
1
3
1
1
5
1
4
1
3
1
0
1
23
1
43
3
3
1
25
3
0
3
0
5
1
1
3
3
3
3
3
1
35
5
8
2
6
0
33
4
18
0
0
98
0
8
0
6
0
18
0
8
6
0
2
6
6
10
0
68
8
10
0
0
0
0
6
0
6
71
6
0
6
0
4
0
0
0
6
6
0
6
0
2
6
2
0
0
0
10
8
0
6
0
0
8
6
8
0
0
6
2
0
4
98
2
0
42
0
2
2
0
0
0
16
2
0
0
0
6
6
10
0
6
8
0
2
0
6
16
8
8
0
2
0
0
2
4
6
6
0
0
0
0
2
4
0
6
0
8
0
0
20
2
0
8
0
10
2
0
8
4
6
10
0
0
17
21
0
2
4
4
6
0
63
16
0
0
2
6
0
0
10
2
10
4
6
0
73
91
8
6
10
19
4
2
21
4
2
2
2
0
2
60
2
0
8
8
19
8
8
2
2
0
8
13
63
10
2
74
12
0
65
10
18
0
4
4
4
4
27
8
12
2
4
6
0
4
8
10
0
61
0
4
0
0
6
10
4
6
67
6
6
2
2
6
6
0
2
0
2
8
6
2
0
0
23
6
12
0
0
8
0
4
58
0
4
61
2
15
2
2
0
0
4
8
7
63
0
6
5
6
6
0
4
0
30
2
2
2
0
0
6
0
2
2
0
2
2
0
0
2
6
4
4
0
0
13
0
0
4
6
2
4
0
4
4
4
8
4
4
2
2
4
6
8
0
2
4
6
6
4
0
8
4
4
4
2
4
4
2
4
4
6
6
6
8
4
2
4
4
6
4
8
4
2
6
6
6
6
4
4
4
4
2
10
0
4
6
4
4
8
8
6
4
6
4
4
8
2
4
4
8
6
6
4
4
4
6
4
4
6
4
6
6
6
4
4
6
2
2
2
4
6
4
4
6
2
2
4
6
2
2
2
0
6
6
4
10
8
4
2
2
2
4
4
4
2
8
8
4
2
4
2
4
10
8
6
4
6
2
8
6
6
6
6
6
4
8
4
6
2
2
4
0
8
2
2
8
4
2
2
4
6
6
6
6
8
2
0
8
4
2
4
2
4
6
6
4
4
4
0
4
4
6
8
6
2
4
6
6
6
6
4
6
8
4
4
6
8
2
6
6
8
10
8
4
6
6
6
10
14
8
2
4
10
8
8
8
8
4
8
6
6
0
8
10
2
8
8
4
10
4
4
6
4
10
6
2
2
4
4
4
2
4
6
2
6
4
4
2
8
4
4
4
6
4
2
8
8
2
4
4
6
2
2
6
6
6
4
8
6
4
6
2
4
2
4
4
0
4
2
2
4
2
4
4
6
6
4
2
2
4
2
2
2
10
6
2
4
