0
3
0
3
1
39
3
3
35
0
29
3
0
5
0
0
1
3
0
57
0
5
3
1
3
0
0
1
1
1
0
1
3
0
0
0
0
64
0
1
0
0
28
3
5
66
0
7
1
5
3
1
1
48
3
0
0
0
0
1
1
1
0
0
1
7
1
3
54
1
0
0
0
0
0
3
0
0
0
3
1
1
64
5
7
0
1
1
0
0
7
5
0
1
0
1
3
0
0
5
0
7
0
1
0
3
0
4
5
0
1
0
0
1
1
64
0
1
26
10
0
1
17
0
1
1
49
3
1
22
60
1
0
28
3
0
0
1
7
36
26
0
37
1
6
19
0
0
1
70
1
6
0
1
1
58
1
0
1
1
0
1
0
1
1
29
5
0
22
1
7
1
0
27
29
3
3
6
35
1
1
34
1
5
15
1
1
63
0
3
30
69
1
12
19
13
67
81
0
3
9
5
1
1
3
5
1
0
43
7
31
0
3
1
1
0
0
0
25
0
3
0
9
11
72
1
9
30
55
0
1
0
5
1
25
0
0
32
1
1
3
0
0
46
21
1
0
0
0
1
26
1
0
3
56
6
3
1
3
1
23
0
1
1
1
4
21
5
0
0
0
3
3
5
0
61
0
5
28
0
3
45
0
3
3
5
7
0
8
10
6
15
10
8
8
4
12
4
4
6
6
4
0
6
2
10
2
4
6
8
2
5
2
4
8
6
4
7
10
2
4
8
4
12
7
4
6
12
4
12
4
2
2
4
11
8
4
2
0
2
8
6
4
2
2
6
4
6
4
10
4
12
6
6
14
8
10
17
4
11
8
12
8
2
4
2
8
15
21
10
10
13
4
12
4
8
10
17
7
17
14
8
21
10
36
2
12
13
19
10
6
39
23
14
14
10
12
12
25
10
8
14
8
21
13
14
31
23
10
23
16
13
14
29
17
6
14
12
25
14
4
4
6
29
23
8
15
31
15
12
8
12
4
19
13
14
6
17
23
4
6
37
16
6
35
17
8
14
10
14
6
4
18
15
23
8
8
23
16
33
6
6
8
6
10
6
12
4
9
12
30
10
12
19
2
5
29
10
17
15
15
15
10
25
14
25
19
4
4
8
23
10
23
10
12
4
17
12
16
4
19
27
9
31
9
10
14
8
10
8
21
10
8
16
21
9
21
10
17
4
16
12
10
14
10
10
17
14
15
8
6
10
16
4
17
19
10
6
6
8
8
2
2
6
6
2
16
6
10
2
6
6
6
10
4
4
10
4
4
6
12
16
4
2
8
6
4
13
6
4
4
17
15
8
4
8
9
9
11
5
2
9
7
41
4
5
13
9
2
11
7
7
9
5
5
11
9
7
13
7
5
9
3
5
7
9
13
2
3
5
11
15
11
5
7
7
2
5
9
7
5
5
9
5
3
5
3
5
15
7
55
3
5
5
9
13
9
13
2
3
7
11
7
7
9
7
7
4
9
7
7
9
15
11
23
21
9
25
13
13
17
9
9
13
15
15
9
17
19
23
11
15
23
17
13
11
9
31
13
11
9
9
19
13
5
11
17
7
19
13
17
19
13
15
17
15
9
5
25
7
7
17
5
5
9
19
23
11
7
9
11
15
21
11
11
11
9
17
7
5
35
15
21
21
13
31
17
21
19
17
7
13
13
17
9
7
13
9
13
11
11
11
19
25
11
29
9
21
11
23
35
33
19
13
29
17
19
15
13
17
15
11
19
13
23
19
23
11
7
15
15
21
25
15
25
7
5
9
9
19
15
21
11
13
11
7
9
7
9
13
21
17
23
15
27
7
9
27
21
7
13
13
9
9
9
7
9
13
15
19
11
11
9
7
13
15
17
15
11
19
11
5
13
11
13
5
3
2
9
3
9
7
3
2
0
5
7
0
0
0
2
9
0
0
3
2
3
2
5
5
2
2
3
2
0
3
3
2
2
5
2
2
1
3
0
8
6
6
10
6
6
10
8
6
6
4
6
8
10
4
2
6
6
10
8
8
6
2
6
4
8
10
8
2
4
6
10
2
10
2
6
6
8
2
6
8
6
8
2
2
4
2
8
0
4
8
2
8
8
8
2
8
6
4
10
4
8
4
6
4
8
2
8
6
10
4
10
6
4
4
2
2
6
6
8
4
8
4
10
4
10
8
6
6
4
6
4
4
6
4
10
6
8
8
4
10
6
8
6
8
4
2
8
4
8
2
4
2
4
2
6
4
14
4
8
8
12
6
8
6
6
6
6
4
10
4
8
4
2
2
4
6
12
4
2
2
6
2
4
6
4
8
6
4
2
6
10
10
4
8
10
6
4
4
8
10
8
6
8
4
6
2
4
6
2
8
10
8
8
10
4
6
2
8
8
6
4
6
10
6
4
10
4
6
6
2
4
4
2
4
8
4
6
4
8
10
4
4
6
6
4
2
6
6
6
8
10
4
8
6
10
4
10
6
6
6
8
10
6
6
4
6
4
6
4
6
6
8
6
6
6
6
12
6
8
6
6
8
6
4
4
8
8
8
6
4
8
8
2
4
4
2
6
10
2
4
8
6
6
2
6
8
6
2
10
6
2
6
6
2
6
8
2
6
8
8
10
0
8
6
8
4
2
2
4
2
4
2
4
2
4
0
0
2
0
0
2
4
0
2
0
0
4
0
2
4
2
2
0
2
2
0
4
2
4
2
2
0
2
6
0
6
2
0
0
8
0
6
0
2
2
0
2
0
0
2
2
2
6
4
4
0
2
4
0
0
6
0
2
0
0
6
0
4
0
2
4
2
2
2
2
2
4
2
0
2
0
2
6
4
0
4
0
0
0
2
2
4
2
0
0
2
0
6
0
2
2
0
2
4
2
6
4
0
4
4
0
2
2
0
4
2
0
0
4
0
2
0
2
4
6
0
0
2
0
4
0
2
4
2
2
2
2
0
4
0
2
0
0
0
2
2
6
0
2
2
0
2
0
0
0
2
6
0
4
4
2
2
2
0
2
6
4
4
2
0
4
2
0
6
6
4
4
2
2
0
4
0
0
2
2
4
0
0
4
0
0
0
4
4
4
2
2
4
0
2
2
0
4
8
2
0
8
2
6
2
2
4
0
0
2
2
2
0
4
0
4
0
0
0
0
2
0
4
2
2
4
0
4
2
2
0
4
0
2
2
2
4
0
2
0
0
0
0
0
0
0
2
2
0
2
4
4
0
6
46
2
0
4
46
2
4
2
2
0
2
0
0
2
2
2
0
2
0
2
0
0
0
4
0
4
4
9
4
4
2
3
5
3
5
2
4
3
2
4
5
2
6
12
6
1
4
2
4
0
4
2
17
4
5
5
2
9
6
2
2
3
11
4
2
6
2
4
8
2
2
5
4
4
4
0
5
2
6
0
2
5
2
2
4
4
2
4
17
4
3
13
2
5
2
4
0
4
2
2
3
9
2
2
6
0
2
4
5
5
2
4
6
4
2
4
4
4
4
5
5
6
0
3
6
2
0
2
2
4
4
4
2
2
4
0
2
4
2
0
6
6
4
3
0
2
4
0
6
5
4
2
2
2
4
4
0
8
2
5
5
4
4
6
4
2
2
0
2
8
4
6
5
6
6
4
2
2
4
2
2
11
2
2
0
7
2
2
4
2
4
4
2
4
4
4
2
0
3
3
2
4
5
4
8
4
2
0
4
2
6
6
2
6
4
7
2
4
5
4
3
0
4
2
4
6
2
5
2
4
4
3
6
2
6
14
2
2
4
4
12
4
3
2
5
6
6
4
4
5
2
5
4
4
4
2
0
0
2
4
3
7
4
2
4
4
2
0
5
4
0
11
8
4
2
4
6
0
4
4
4
0
0
8
2
4
5
4
4
5
2
4
6
0
0
2
4
4
6
0
2
2
4
2
5
3
2
8
15
4
2
2
5
2
11
5
8
38
7
15
60
6
0
8
52
31
27
68
68
5
57
32
31
4
7
60
31
40
26
12
41
2
29
36
45
20
37
22
4
6
30
32
30
43
31
19
62
24
49
4
4
6
4
8
8
33
35
24
47
0
4
27
41
34
4
38
2
6
6
27
40
4
6
11
4
8
58
48
8
17
11
31
25
45
3
32
65
6
19
4
9
32
6
37
34
64
4
69
20
10
49
24
6
62
43
28
0
10
42
27
23
40
48
9
6
9
48
6
2
28
4
6
39
30
25
31
26
4
26
13
48
4
13
2
9
7
31
2
4
10
36
30
50
6
6
31
24
20
2
37
49
4
4
46
41
6
4
18
4
16
4
1
51
15
8
31
46
6
7
19
5
0
26
7
48
7
38
16
42
30
39
6
4
18
6
40
85
34
5
41
33
41
4
14
54
4
13
7
8
27
55
32
59
6
7
47
10
2
73
32
32
26
47
65
31
32
52
32
40
3
4
39
48
23
18
26
57
4
4
69
4
25
5
57
13
30
54
16
3
2
4
36
17
47
79
7
16
31
14
12
52
4
32
29
2
9
13
65
2
2
4
30
9
57
8
2
91
42
35
37
30
28
31
67
36
0
56
6
4
5
2
45
13
24
12
29
29
5
16
35
37
0
0
2
0
0
8
0
0
0
0
0
4
0
0
0
8
6
4
2
0
2
2
0
0
73
0
0
0
2
0
0
4
2
0
0
0
2
0
0
0
0
0
2
0
0
2
0
0
4
2
0
0
0
0
0
4
0
0
0
0
2
2
0
0
2
2
2
2
2
4
2
0
0
2
0
2
0
0
0
2
0
0
0
2
4
0
0
0
0
2
2
0
2
4
2
4
8
0
0
10
2
10
2
2
2
7
2
0
4
0
2
4
29
0
6
2
2
10
0
4
0
2
2
0
0
4
2
0
6
0
0
2
2
4
2
0
4
10
8
16
0
4
2
2
0
0
0
2
0
0
0
0
6
2
0
2
2
4
0
0
4
2
0
2
4
2
2
2
2
0
6
13
0
2
4
2
2
0
0
4
2
2
2
2
4
2
2
2
2
0
0
4
9
4
2
0
4
10
2
0
2
6
0
2
8
4
4
0
4
6
0
2
2
6
6
4
0
6
2
2
4
2
4
0
4
4
2
4
6
0
0
4
4
2
0
0
48
0
2
2
5
0
4
6
2
0
2
2
4
0
2
4
4
0
2
2
0
2
2
4
0
2
2
0
0
0
8
0
0
4
4
6
0
6
0
8
0
0
2
2
0
0
8
0
4
0
0
0
2
0
2
2
2
2
0
0
8
2
2
0
2
2
0
2
0
0
0
4
0
4
2
0
6
0
4
0
2
2
2
2
2
2
2
2
2
4
0
2
0
0
0
2
2
2
2
0
0
2
0
0
0
0
0
2
0
4
0
6
2
0
0
0
2
2
4
4
2
0
0
2
2
0
0
2
0
4
4
2
0
2
4
0
8
2
0
2
4
0
0
2
2
0
0
0
2
0
0
6
2
0
0
0
2
2
2
2
0
0
2
0
0
2
2
4
2
2
0
0
2
4
0
0
2
0
2
0
2
2
4
2
0
0
0
2
0
2
0
0
2
2
4
4
0
2
0
2
2
2
2
0
2
0
6
4
0
0
0
0
2
0
0
2
2
6
0
0
0
2
0
2
2
0
0
0
2
2
4
0
6
2
2
0
2
2
2
2
0
2
2
4
0
0
2
0
0
0
0
4
4
4
2
0
4
0
2
0
0
2
4
2
2
4
2
0
2
4
0
0
0
2
2
0
0
0
0
0
2
2
2
2
0
4
0
0
0
2
0
2
0
0
2
0
2
2
0
2
0
0
2
0
4
0
0
0
0
0
4
0
4
0
2
0
2
2
0
2
0
0
2
0
0
2
2
0
0
0
2
0
2
0
0
2
0
0
0
0
2
6
2
6
6
2
4
4
4
4
4
4
2
2
2
2
6
2
0
4
0
6
4
2
0
2
4
6
4
2
4
4
4
4
2
4
2
4
4
4
8
4
4
2
2
12
2
16
0
6
8
4
4
2
4
2
0
4
2
4
2
8
8
2
4
8
4
4
0
2
6
2
6
4
4
4
6
2
6
8
0
2
2
2
2
0
8
6
8
4
0
2
12
0
0
4
0
2
2
6
6
4
2
6
2
4
0
4
6
2
2
2
2
2
4
6
8
6
2
0
2
8
6
2
4
4
2
6
4
4
6
4
2
12
8
2
2
4
4
4
6
2
2
4
4
20
8
2
4
0
4
2
4
8
6
6
6
6
2
2
4
2
2
8
4
8
2
2
6
10
2
4
4
4
0
6
4
6
4
6
2
2
2
4
2
8
2
8
2
4
4
0
6
4
0
2
2
4
6
4
4
2
2
6
0
6
4
2
6
0
2
6
0
0
2
6
8
2
4
4
0
10
4
4
2
0
2
2
8
4
4
2
2
6
2
4
2
0
2
10
8
84
4
14
6
10
8
8
10
8
4
2
6
2
4
8
6
2
6
8
4
2
2
10
4
6
4
6
2
4
2
2
4
4
2
0
4
2
8
2
0
2
2
6
12
4
0
6
