4
0
2
2
4
2
4
6
6
2
2
4
0
6
4
0
2
0
2
4
5
2
2
4
0
6
2
2
2
4
0
6
2
6
0
4
2
4
2
4
3
6
0
0
10
2
4
0
4
4
6
0
0
0
2
4
6
2
2
0
9
2
2
0
2
2
2
4
2
4
2
5
4
4
2
8
0
2
0
4
8
0
2
4
4
2
2
0
0
4
0
0
0
2
6
2
4
4
2
4
4
6
0
6
2
4
2
4
2
4
6
2
2
7
2
4
3
2
3
6
2
3
4
6
4
0
2
9
2
4
0
2
2
0
4
2
4
6
4
9
4
0
2
0
2
2
0
4
0
4
3
6
6
8
0
0
0
2
3
2
4
0
0
4
2
6
2
2
0
2
2
2
2
4
9
6
2
6
2
3
2
2
4
2
4
4
6
2
4
4
2
11
6
4
0
2
4
2
2
0
6
2
4
2
2
2
2
0
6
4
6
2
2
2
2
0
8
4
0
5
2
4
0
6
2
2
4
3
2
2
2
2
2
2
0
2
0
2
2
2
4
7
11
0
8
2
4
2
4
4
0
4
0
0
2
2
2
2
2
4
2
4
4
4
4
6
2
6
2
6
2
0
2
12
2
2
4
6
2
2
2
4
2
4
4
3
2
4
23
28
23
19
37
17
19
35
25
8
22
29
16
6
15
11
12
28
12
9
16
16
14
10
29
21
11
18
12
13
25
3
37
8
8
7
20
28
22
31
21
17
30
29
28
31
27
22
36
33
41
7
27
32
26
41
12
42
31
29
29
12
22
32
18
28
14
37
30
21
62
35
27
20
47
32
45
42
32
24
30
12
22
33
38
25
24
21
23
37
30
24
31
36
51
36
23
38
32
40
17
22
22
28
41
21
34
28
20
28
29
30
27
58
28
30
42
29
30
24
22
32
29
26
23
25
18
24
20
35
31
19
38
31
20
24
26
29
31
19
35
21
27
23
29
19
24
29
31
19
29
37
29
33
27
23
34
27
21
33
26
27
27
41
36
26
31
27
18
23
40
58
16
19
26
22
30
33
34
23
31
27
22
31
22
26
32
38
37
36
15
31
33
35
37
20
36
30
23
22
21
43
36
24
21
35
24
28
26
35
20
33
29
24
35
30
14
27
24
14
30
37
28
26
18
24
32
34
22
27
28
38
35
32
45
38
49
23
44
24
34
30
38
22
42
25
32
39
47
39
29
20
18
6
9
10
17
22
18
26
18
34
37
23
27
26
37
29
17
11
13
26
30
15
16
10
22
18
18
12
27
23
16
30
15
12
26
21
2
4
4
2
8
2
0
0
2
4
2
17
0
5
2
4
0
5
4
10
2
2
2
2
8
4
0
5
2
4
4
4
10
8
6
5
4
2
2
5
7
6
7
15
9
8
14
13
13
11
12
12
8
7
2
6
11
4
2
14
5
6
2
5
9
15
13
6
14
4
5
4
8
8
5
7
5
6
6
4
11
8
2
6
6
9
9
3
8
4
9
6
6
5
6
5
4
5
4
7
6
3
2
6
11
6
6
5
4
20
12
2
11
20
4
36
0
26
0
0
45
0
12
29
6
6
2
0
20
0
28
2
7
0
30
6
2
2
2
2
43
4
32
4
2
31
35
2
27
0
4
2
31
2
4
15
26
13
6
7
5
14
13
31
2
21
42
2
26
2
11
16
0
0
2
30
2
34
0
30
2
14
2
7
33
0
26
0
38
0
30
2
24
2
2
24
2
29
2
34
2
17
2
4
5
16
20
9
2
17
26
20
8
20
9
24
18
6
8
0
10
7
17
18
6
7
29
8
6
0
38
4
2
28
2
52
2
11
2
37
26
0
29
35
2
26
2
4
19
15
14
4
2
1
2
3
11
1
5
2
3
13
1
9
8
15
4
17
7
0
14
9
10
7
23
8
10
12
7
11
15
15
15
4
17
13
6
4
23
25
29
15
36
47
31
13
21
33
43
37
17
30
25
28
27
16
16
38
20
24
16
29
26
18
30
19
30
30
39
17
22
34
38
24
14
22
46
15
14
37
30
24
20
36
48
26
23
39
16
34
14
18
23
36
16
29
30
17
15
18
29
20
33
23
44
28
15
37
29
17
21
20
33
12
28
14
20
25
42
22
21
39
38
28
21
16
60
19
21
33
20
39
20
22
21
22
27
24
17
18
20
26
23
16
19
21
28
11
21
18
20
23
15
17
22
21
15
26
19
24
18
21
47
31
27
16
21
13
39
38
29
36
33
14
16
29
15
17
47
35
26
18
37
26
12
45
22
32
34
37
27
12
44
26
21
36
18
12
19
23
34
33
61
19
22
29
71
21
26
16
31
20
37
23
13
27
20
27
56
54
20
23
57
11
24
25
28
54
30
12
22
20
28
31
29
23
31
8
26
40
37
49
50
32
27
16
17
18
15
39
44
19
25
30
9
23
19
38
34
26
20
34
12
24
14
16
26
52
16
32
27
62
57
30
35
27
32
14
29
29
15
36
32
15
11
17
45
18
20
8
33
78
26
29
51
29
28
17
43
16
41
27
22
40
33
41
12
15
12
15
15
17
24
20
19
50
39
25
14
31
13
46
23
39
35
41
28
31
19
19
14
22
25
19
24
26
33
30
58
51
39
21
18
26
17
17
57
29
52
31
22
49
19
26
22
28
28
28
23
26
38
50
24
75
53
19
21
46
28
27
26
26
30
41
30
18
30
29
29
57
30
15
22
21
25
25
23
36
36
15
21
31
28
26
32
40
23
16
19
14
28
46
44
5
71
54
37
28
20
36
34
31
33
74
25
29
32
31
35
29
24
26
21
18
28
20
25
40
24
22
42
36
46
29
26
46
35
69
34
38
32
22
27
27
28
22
29
42
78
59
35
31
39
16
26
52
25
33
22
22
39
50
25
21
20
24
42
24
18
29
24
40
12
19
30
30
36
21
41
27
16
58
44
38
49
64
23
24
34
30
32
42
71
67
25
42
43
28
51
43
42
48
39
34
26
45
52
33
51
20
22
20
25
18
26
28
18
53
44
72
75
28
52
16
16
17
29
29
27
49
23
47
50
50
30
22
20
27
15
19
24
45
34
63
55
39
46
20
29
24
12
24
20
49
30
25
41
15
27
74
38
18
33
38
62
37
63
11
41
23
26
16
37
27
65
62
38
14
61
67
23
66
50
12
15
32
26
39
40
56
40
24
43
25
20
23
29
17
18
35
44
43
34
30
30
28
25
26
29
29
40
48
35
29
0
21
61
22
29
31
38
33
49
32
0
0
0
37
48
0
21
35
32
31
56
41
32
0
0
28
4
48
25
22
34
24
33
29
66
0
0
35
72
2
36
19
27
30
45
27
33
0
0
45
23
0
37
28
40
28
23
26
0
0
0
45
18
47
34
31
30
26
14
0
26
12
25
28
0
0
0
0
1
0
0
0
0
0
0
0
9
26
23
29
3
0
31
40
20
6
18
23
19
0
0
0
0
0
2
9
0
0
0
33
34
33
25
13
44
31
30
38
25
28
0
49
34
0
21
29
26
30
21
39
0
0
0
22
34
21
33
0
52
31
46
38
0
0
0
32
8
17
29
25
33
31
27
0
27
22
0
35
19
26
40
22
39
60
12
24
39
2
27
5
0
43
39
0
17
27
34
25
20
23
11
21
34
24
29
34
19
27
0
26
27
28
0
24
42
43
0
22
25
0
26
24
21
0
43
35
45
32
72
23
21
23
29
17
16
21
49
29
24
22
18
12
27
29
21
0
14
25
19
35
32
0
27
37
0
48
37
28
26
38
46
38
27
7
0
31
24
25
52
71
0
0
27
39
8
0
40
43
11
27
0
55
33
41
49
25
48
27
0
23
0
0
0
22
33
58
50
32
79
22
20
0
0
0
0
45
35
80
2
0
4
1
0
1
2
1
1
0
2
1
2
3
5
0
2
0
1
0
2
0
6
3
2
4
1
2
3
0
2
0
0
0
0
2
2
0
2
2
1
1
2
3
0
3
0
5
0
1
3
2
1
2
0
0
0
0
4
0
3
4
0
3
1
2
0
1
0
2
0
2
2
0
2
0
3
0
2
0
1
2
0
2
5
0
4
0
1
3
5
2
1
2
0
0
2
4
4
0
0
0
3
1
0
4
0
0
0
3
1
2
1
0
0
0
2
6
5
2
1
3
0
2
0
1
0
0
5
3
0
0
1
1
2
0
1
0
2
0
1
2
0
2
0
3
2
12
0
0
1
1
2
2
2
0
3
0
5
0
0
2
0
0
0
0
3
2
0
0
0
0
0
1
2
3
1
2
2
3
0
0
3
0
0
1
0
0
3
6
0
2
0
2
2
2
0
5
0
7
0
2
0
0
1
3
1
2
0
1
4
2
0
6
0
2
2
1
0
7
0
0
0
1
0
1
0
2
0
1
0
0
11
2
2
0
3
2
0
0
2
2
3
2
2
3
1
0
0
2
0
4
4
2
0
0
0
1
3
0
2
0
0
0
0
0
1
0
3
3
1
0
0
0
0
3
5
0
5
0
1
0
0
1
0
3
0
0
21
0
0
18
28
0
35
12
0
1
22
0
0
0
0
0
21
35
30
21
0
27
12
22
21
19
0
0
22
24
22
0
0
10
43
0
9
16
24
0
0
0
0
0
0
0
0
0
0
0
0
0
17
18
0
22
30
0
20
1
0
0
42
13
22
20
33
24
0
18
30
0
26
26
23
0
0
21
20
0
18
22
29
18
0
16
16
23
0
0
0
0
0
0
0
0
0
0
0
0
25
20
21
16
2
24
23
0
36
31
25
0
17
24
0
18
32
19
0
23
0
5
30
16
36
0
0
0
0
0
0
0
0
0
0
10
17
26
0
0
0
32
32
0
1
0
0
20
0
0
0
0
0
0
0
0
2
0
0
3
0
47
46
8
17
21
28
0
0
31
19
0
26
30
0
19
49
38
22
15
28
39
0
0
27
26
17
14
17
19
24
18
27
0
30
0
27
30
20
17
0
3
2
19
0
0
24
33
0
0
0
17
0
0
0
0
0
0
0
16
20
0
17
21
23
43
17
26
32
0
0
11
19
18
28
0
5
32
33
35
19
0
0
0
0
0
0
0
0
0
0
0
0
0
0
3
0
0
0
0
0
0
0
0
0
0
0
0
40
22
38
0
45
27
0
21
0
0
0
26
31
0
28
29
35
41
0
0
16
18
18
16
18
18
15
18
18
16
18
18
17
18
17
18
18
16
19
17
17
18
18
16
17
14
17
18
17
17
17
18
17
18
17
16
15
17
15
17
16
16
18
18
18
17
16
18
18
18
18
18
18
13
18
18
14
14
15
13
15
16
15
18
18
15
18
18
18
18
18
18
16
15
18
16
16
15
17
17
17
19
17
16
16
15
17
18
19
16
16
18
18
17
18
18
17
16
16
18
18
15
17
17
18
18
18
18
16
19
17
16
15
17
19
18
17
17
17
19
18
18
17
14
16
18
18
14
18
17
16
16
18
16
18
16
18
19
19
17
18
16
14
18
17
19
17
18
18
17
17
17
15
18
16
18
16
15
15
17
16
18
18
18
17
18
14
18
17
16
18
18
18
18
16
16
18
16
14
18
18
18
18
14
18
17
17
18
18
17
18
18
16
18
18
17
18
18
15
18
18
18
18
13
14
16
17
17
16
16
18
15
18
16
18
17
16
18
18
17
18
18
17
18
15
18
14
18
11
19
14
17
16
11
14
11
14
15
16
19
15
11
15
14
15
15
11
12
12
16
15
15
15
16
13
16
16
14
16
16
14
16
15
16
15
14
16
14
16
16
13
15
16
14
15
16
10
13
14
15
14
15
16
15
14
13
15
12
0
0
0
0
0
0
0
0
0
0
0
0
0
21
26
11
19
21
21
13
15
20
58
52
25
40
37
30
36
23
35
38
67
55
31
23
32
39
28
17
16
81
34
30
27
32
15
25
19
31
20
17
18
36
33
27
32
41
38
68
55
30
28
44
13
28
36
31
22
18
26
23
27
36
20
17
12
59
7
21
20
7
13
40
16
74
41
26
26
23
29
29
17
9
7
14
20
20
32
19
25
38
31
22
48
54
34
22
42
39
19
37
15
26
18
19
20
16
15
38
15
13
17
19
15
16
16
27
27
17
50
10
15
11
25
41
19
16
19
13
28
27
14
15
6
58
45
17
10
23
24
27
29
24
14
50
62
5
36
39
17
12
21
10
13
48
18
22
5
22
41
36
26
35
22
55
61
23
28
20
22
10
19
30
19
16
7
20
13
14
27
22
18
27
35
33
25
32
11
38
23
23
34
11
15
13
19
31
26
23
31
32
17
20
21
19
9
22
15
17
30
35
26
38
14
12
4
75
21
16
31
63
11
18
26
24
26
25
17
54
22
8
0
0
0
0
0
0
0
0
0
0
0
0
0
0
0
0
0
0
0
0
0
0
0
27
11
8
31
31
12
22
23
19
13
11
35
20
10
16
14
29
17
14
17
22
19
24
