0
4
4
2
0
2
4
8
0
0
4
2
0
4
2
0
0
0
0
6
0
2
2
0
0
2
0
72
2
0
6
6
2
0
0
2
2
4
0
0
2
2
2
0
0
2
2
0
2
6
2
0
4
0
4
0
6
0
2
6
4
0
4
2
4
2
6
2
4
2
2
8
2
2
4
2
2
8
0
4
0
0
0
2
2
0
4
2
0
6
2
2
4
2
0
2
0
0
0
0
0
0
2
0
0
2
4
0
0
2
2
0
4
0
2
6
0
2
6
6
2
0
0
2
2
0
0
2
0
0
4
0
2
0
2
4
4
0
2
0
2
0
4
2
0
0
2
2
2
2
0
0
0
2
0
0
0
4
2
2
0
4
0
4
2
2
8
0
2
4
0
2
4
64
2
0
6
8
2
4
2
2
6
0
0
6
6
0
6
6
2
6
0
2
2
0
2
2
2
4
66
2
0
0
4
2
4
6
2
4
4
0
4
2
0
0
2
4
6
0
0
4
2
6
0
0
2
10
0
0
2
0
6
0
2
0
4
0
0
0
2
2
0
2
0
2
2
2
4
0
0
0
2
2
6
0
0
0
2
4
2
0
2
4
0
0
2
0
4
2
2
4
37
4
2
0
4
2
4
2
99
0
2
2
2
6
0
0
12
4
12
10
6
7
6
2
8
6
4
14
6
13
8
4
4
6
2
4
6
4
4
6
2
6
6
14
8
4
13
10
6
12
8
4
8
2
6
6
6
2
6
2
8
4
2
4
6
0
9
6
6
10
8
6
2
4
4
2
2
10
2
5
2
6
2
10
10
12
2
6
2
6
12
4
4
8
12
8
13
15
15
2
12
12
13
2
5
8
14
8
10
4
8
10
10
22
14
6
13
12
4
11
4
4
12
2
14
12
6
12
2
8
12
12
0
12
7
2
6
10
6
4
6
2
8
2
9
6
17
12
8
8
8
8
13
8
4
10
2
6
10
8
6
4
6
6
8
6
12
8
4
2
13
21
19
16
12
16
8
27
12
11
14
19
15
22
21
21
31
9
17
13
17
8
16
14
6
10
13
15
17
2
16
10
4
6
15
11
17
17
8
12
46
6
6
15
14
15
14
14
14
25
25
9
25
23
8
10
15
6
11
12
11
6
16
8
14
23
10
11
12
8
6
17
18
11
10
13
6
10
6
8
17
15
10
10
25
16
10
6
55
4
11
10
25
10
8
8
15
4
12
2
10
12
12
15
4
4
12
6
4
2
4
4
8
10
6
10
4
4
12
2
15
6
8
14
2
8
13
14
2
4
8
14
6
8
0
64
8
2
6
2
0
6
4
4
43
4
0
2
4
4
2
4
0
6
6
4
4
2
0
0
4
0
6
2
0
6
2
0
4
2
0
6
2
2
4
6
0
2
2
2
2
0
2
6
2
2
4
0
2
4
2
2
2
0
4
0
2
2
2
0
2
0
4
2
6
0
2
2
0
4
4
0
0
4
2
2
2
4
2
2
2
0
0
0
0
4
0
0
8
6
2
4
0
2
2
2
2
8
2
0
2
0
2
6
6
4
0
4
0
2
2
2
0
2
2
0
4
0
4
2
0
2
2
0
0
0
0
8
2
2
2
4
0
6
2
0
2
0
0
4
2
4
8
4
2
4
4
0
0
0
2
4
4
2
6
2
2
2
0
2
0
2
0
2
2
6
6
2
2
6
2
2
6
2
8
6
4
0
6
2
2
0
0
0
2
2
0
4
2
4
2
2
0
6
2
0
4
4
2
2
2
6
4
2
2
2
6
2
2
4
0
2
0
4
0
4
6
0
0
4
2
0
0
2
6
2
4
2
2
2
4
0
2
0
4
0
2
2
2
2
0
0
6
2
4
0
2
4
2
2
2
4
2
0
0
0
0
0
2
4
2
0
2
0
0
4
0
0
0
2
0
0
0
0
4
4
0
0
0
4
2
0
11
0
0
2
9
17
13
11
16
2
21
9
0
9
0
11
0
10
17
0
4
0
6
5
8
9
0
9
2
0
0
9
11
15
2
13
2
15
0
7
0
15
8
2
13
15
16
7
10
7
4
15
0
2
0
2
15
2
9
14
6
11
9
9
15
21
21
15
0
0
11
21
6
9
9
13
8
9
6
18
16
5
19
15
0
6
3
15
9
0
0
9
5
0
13
9
4
2
9
0
4
14
0
2
0
16
9
8
6
8
8
9
9
11
2
4
5
11
11
2
20
10
15
17
9
3
2
6
0
6
8
19
4
0
8
7
5
0
2
0
0
17
10
11
0
6
20
0
7
13
9
5
0
2
0
11
0
11
0
17
2
9
4
4
9
11
18
0
20
6
0
11
0
0
0
7
0
23
15
0
0
0
5
4
8
0
9
5
12
11
12
4
0
11
7
13
0
0
21
22
17
0
24
7
0
0
0
6
0
0
0
0
0
0
0
0
5
0
20
0
0
0
16
0
6
13
6
0
0
0
7
0
0
0
21
0
0
0
0
11
0
0
0
0
0
0
0
0
0
19
0
0
0
0
6
0
0
0
0
0
0
0
0
0
0
0
0
4
22
0
0
0
0
4
0
0
0
2
0
0
0
0
0
0
0
0
11
0
1
26
11
27
5
1
44
3
40
30
1
0
51
3
43
40
21
24
5
0
0
0
18
26
0
3
10
1
0
5
19
20
1
35
0
0
28
44
5
6
29
42
39
18
0
3
16
3
44
28
0
21
65
0
3
24
1
0
51
3
11
0
26
5
1
1
51
0
31
28
57
0
5
5
65
14
0
0
0
67
0
0
1
22
0
1
18
1
10
1
0
26
33
1
7
1
1
4
0
36
0
1
49
22
33
1
53
58
0
0
1
1
54
0
10
0
1
0
1
18
10
61
0
3
12
47
44
49
38
1
0
3
7
0
19
0
0
1
0
52
53
0
7
1
3
52
1
0
63
0
1
25
53
1
0
3
9
0
13
20
0
5
0
5
24
36
0
0
0
1
20
54
1
3
29
18
56
30
43
5
1
19
0
29
3
41
32
24
60
38
0
3
22
47
1
6
3
1
15
45
0
0
0
54
0
1
14
22
0
3
0
0
1
15
0
1
30
0
0
6
46
27
0
7
13
0
0
0
0
46
0
0
30
0
1
1
37
50
1
0
5
1
44
1
14
1
1
0
25
1
0
38
0
1
0
30
0
34
0
1
67
0
1
9
13
15
21
30
3
27
44
23
28
13
46
1
21
1
0
25
44
0
0
5
23
0
20
9
3
5
7
4
5
7
1
3
11
4
3
5
3
1
5
6
4
6
8
1
1
5
7
6
6
1
4
3
3
4
6
4
1
5
8
3
5
7
7
4
3
6
6
3
0
6
1
0
1
1
4
3
1
3
1
1
0
3
5
6
6
9
8
5
5
3
4
1
8
5
1
3
3
7
6
5
1
6
3
4
5
5
7
6
7
5
9
8
5
1
1
1
3
5
7
8
5
5
5
3
3
3
8
5
1
4
4
6
5
3
5
5
3
1
0
5
8
5
5
1
5
3
6
1
10
8
7
6
5
5
6
3
5
5
0
8
7
3
1
3
5
5
5
5
6
7
8
1
6
8
7
7
5
5
3
8
3
3
3
3
3
7
3
8
1
3
4
5
4
1
6
9
3
7
1
8
5
7
1
3
3
3
5
5
6
6
0
3
7
4
8
3
1
8
3
3
5
5
6
3
5
8
9
7
5
7
4
7
3
6
3
1
1
4
5
3
6
3
3
5
1
5
5
5
4
7
5
7
9
6
3
3
4
0
3
3
8
1
1
7
3
3
3
7
4
3
7
4
5
3
8
1
3
4
6
5
1
5
7
3
5
3
3
1
5
1
7
3
6
1
5
4
3
5
5
8
3
5
1
3
6
9
4
3
4
6
5
5
0
4
1
2
0
2
0
0
0
0
0
4
0
4
0
0
0
7
2
4
0
2
2
0
0
0
2
2
2
0
0
1
0
2
2
0
0
1
0
2
0
2
0
0
0
2
4
4
0
8
2
2
2
0
0
0
8
2
4
0
0
1
0
1
2
0
0
4
2
0
0
2
1
2
4
2
4
0
2
4
0
4
2
0
0
4
0
0
0
4
2
4
0
0
2
2
2
0
2
0
0
1
0
0
0
2
2
0
0
3
0
2
2
3
0
2
1
2
2
0
2
0
0
2
0
0
4
0
0
0
0
0
0
0
2
0
2
4
0
0
0
3
0
10
2
0
2
0
0
2
2
0
2
2
2
0
2
2
2
4
0
2
4
2
0
2
2
0
2
0
4
0
2
0
0
2
0
0
2
6
2
0
2
0
2
4
2
0
2
1
2
0
0
2
0
0
0
2
2
0
0
2
0
2
0
2
0
0
0
0
4
2
2
2
0
2
0
2
0
2
2
1
2
4
0
0
0
0
2
0
3
3
2
0
2
0
0
2
0
1
0
1
2
2
2
0
4
2
2
4
2
2
0
2
1
2
0
0
0
0
2
0
3
0
0
2
6
0
0
0
0
5
0
0
0
2
2
0
0
0
0
3
0
2
4
0
0
4
59
59
57
36
57
52
60
55
56
59
58
62
55
59
61
52
53
56
58
61
61
56
62
60
57
57
56
62
40
59
55
55
57
59
52
44
58
51
60
59
56
47
56
63
51
58
57
60
59
56
59
61
60
53
54
54
57
58
52
60
52
57
58
52
46
58
58
59
56
56
44
51
57
59
54
59
60
60
56
53
60
51
58
59
60
56
56
54
58
51
57
61
45
54
60
58
59
60
56
61
56
55
56
56
44
64
59
41
50
55
58
50
47
55
57
56
61
59
51
56
59
51
60
55
39
51
54
53
47
56
55
47
55
58
57
57
51
56
58
57
57
56
55
50
58
59
56
60
58
56
50
61
52
59
54
58
58
50
54
55
49
57
56
55
56
56
48
56
56
56
55
39
52
56
58
52
56
33
58
56
50
20
62
58
58
52
58
37
58
57
54
55
50
58
51
55
62
61
34
34
60
58
62
56
48
55
59
59
62
59
57
59
29
58
61
56
50
58
60
58
58
60
56
53
54
57
58
60
60
60
54
60
55
60
54
60
53
58
56
60
54
53
58
59
57
62
56
59
59
51
60
39
24
59
60
57
56
62
58
57
59
60
55
55
48
62
57
59
53
60
60
61
49
58
59
59
58
61
60
61
51
60
56
63
60
60
61
60
20
30
16
7
31
18
23
22
27
21
28
35
31
28
28
41
30
21
25
30
27
21
20
32
17
17
24
30
27
25
23
28
26
16
16
18
22
16
28
24
19
23
18
18
18
25
20
18
21
24
23
20
19
19
17
25
28
8
25
16
31
28
18
15
29
18
29
21
25
21
22
18
28
22
19
20
13
33
27
17
18
17
27
22
15
17
18
32
30
27
20
30
29
29
25
28
32
18
25
30
28
26
24
23
20
23
27
18
27
23
36
29
26
14
20
27
22
29
19
27
19
40
32
24
27
23
17
18
15
16
27
25
40
21
21
29
20
18
14
30
31
24
23
17
18
22
21
16
13
29
45
19
16
27
19
27
12
22
15
28
18
11
11
24
27
16
18
16
33
14
17
12
19
13
27
25
18
21
26
23
19
22
21
12
8
15
21
15
12
13
16
14
16
15
19
15
14
19
7
16
14
22
20
22
17
19
11
24
11
14
18
12
14
11
18
25
13
13
19
30
23
24
20
21
18
25
19
16
14
17
10
18
13
16
16
19
21
11
15
16
11
14
15
13
14
20
21
12
15
14
20
21
28
10
8
22
23
16
8
18
16
13
12
12
15
15
13
25
14
21
20
13
23
15
13
16
16
23
26
12
11
16
23
12
26
10
11
22
7
11
22
15
14
11
15
15
20
15
15
13
17
14
15
22
19
15
17
14
8
18
9
18
7
16
18
18
11
17
17
19
26
14
15
12
39
27
33
31
39
26
9
19
11
15
22
26
26
7
14
29
33
13
16
32
13
15
24
14
10
21
24
10
21
21
13
11
21
20
20
12
13
8
15
7
15
7
15
19
13
9
11
20
12
31
24
21
17
21
20
22
20
21
15
20
13
19
17
14
14
24
20
17
13
31
23
20
19
17
22
24
22
26
24
24
13
21
33
17
30
23
20
17
20
24
24
9
18
32
12
19
20
11
20
18
22
22
16
19
20
11
17
15
24
11
13
12
15
32
18
15
19
25
29
57
59
13
17
13
19
30
18
18
22
25
22
19
12
26
27
20
17
19
21
14
31
13
25
28
32
17
16
15
28
16
19
23
19
16
33
23
16
28
25
19
10
13
18
18
17
19
22
15
28
27
20
15
19
12
10
27
21
20
23
13
17
21
13
20
24
12
36
32
26
27
17
24
17
29
24
13
27
15
6
11
24
23
30
32
27
24
37
13
10
16
29
18
26
22
23
19
19
22
20
16
27
31
18
12
21
14
22
18
21
25
29
33
26
13
18
20
16
27
24
30
19
18
27
21
23
10
23
22
25
13
19
22
