4
4
4
17
10
0
2
4
0
2
2
0
2
0
0
0
0
11
0
14
2
2
2
0
2
10
4
16
0
2
0
2
0
18
6
4
2
6
6
4
0
19
6
0
10
2
16
2
10
0
0
0
16
8
2
8
8
10
16
2
6
0
16
4
29
6
2
2
6
23
2
23
2
2
2
2
8
2
7
0
0
0
2
2
6
2
0
2
2
0
2
4
4
6
4
8
8
4
2
6
0
2
0
0
2
0
8
0
0
0
2
10
0
4
0
0
6
4
12
6
2
0
4
4
2
2
2
2
17
2
2
0
0
4
2
6
4
4
12
2
8
10
10
4
2
10
6
0
2
0
2
0
0
4
4
12
6
0
6
4
2
4
4
2
6
16
2
0
10
6
0
2
6
0
0
4
6
2
2
6
6
6
2
2
25
4
0
8
0
0
4
4
13
2
0
2
10
2
0
2
2
4
8
0
0
6
12
2
2
2
2
29
0
0
8
4
2
2
23
0
0
0
2
0
2
2
0
2
4
2
0
8
6
0
2
2
8
2
2
2
4
0
4
8
0
0
21
4
2
0
0
0
0
12
12
2
2
6
10
0
0
0
2
8
0
0
2
2
8
2
2
6
58
6
4
4
2
0
6
2
21
4
2
13
6
0
0
0
73
6
2
2
2
2
8
6
6
11
8
0
6
7
6
5
2
4
4
6
2
0
6
4
0
5
8
0
2
8
4
5
6
0
2
0
2
4
2
0
70
14
2
2
0
9
8
8
9
2
2
0
6
6
0
63
2
4
10
2
2
2
0
8
10
6
6
4
2
10
0
67
4
4
70
6
2
6
8
2
2
6
68
2
4
6
4
4
7
71
2
4
12
6
2
4
2
5
6
2
8
6
2
5
2
4
53
2
4
4
2
0
5
4
8
5
8
2
2
6
8
4
85
8
0
2
2
4
18
4
4
6
4
2
2
4
5
10
2
4
8
58
6
2
2
4
0
4
6
6
2
6
2
2
5
3
2
4
3
5
2
5
5
2
25
2
4
6
11
2
73
6
2
4
6
4
2
67
6
9
3
6
4
0
6
2
4
45
4
4
2
8
2
6
2
5
20
9
2
4
5
2
2
4
5
6
0
2
6
5
6
5
2
6
8
2
0
19
8
13
4
4
7
4
6
10
81
8
8
6
4
5
0
4
5
4
6
8
4
6
4
6
2
2
4
2
11
0
0
5
6
2
47
2
4
8
2
0
5
2
0
2
6
2
4
0
4
6
2
76
4
9
5
4
0
5
80
0
4
2
4
2
6
4
2
10
4
6
32
32
36
28
37
36
37
30
37
31
37
37
37
31
35
34
38
36
38
32
38
31
32
37
32
32
37
38
30
38
38
31
36
36
36
37
38
37
38
37
38
37
35
31
34
37
36
25
31
31
36
38
32
37
35
38
38
38
34
37
25
27
29
38
33
37
33
37
36
38
33
32
32
38
36
38
32
35
32
37
37
32
35
35
28
29
37
31
37
35
33
36
37
37
37
29
31
32
36
37
37
35
30
38
37
37
34
39
32
33
35
38
38
33
38
37
36
38
30
30
37
36
38
34
37
29
34
39
37
38
39
30
32
37
38
37
38
31
36
38
38
37
36
31
35
37
33
37
37
31
36
37
30
37
32
35
37
27
37
38
29
35
38
38
37
36
38
38
37
34
38
37
37
37
38
38
36
29
35
36
36
36
38
35
33
31
38
37
38
36
32
36
37
37
37
35
30
36
35
36
37
36
28
33
37
37
38
36
31
38
28
25
28
33
22
38
35
39
39
28
24
28
28
19
19
24
18
23
23
21
24
16
22
23
20
14
18
20
23
19
19
25
21
19
21
20
20
20
20
19
19
20
25
22
17
20
20
21
21
20
20
17
20
24
18
23
18
19
20
15
15
17
24
18
22
19
23
23
18
17
19
22
19
21
12
20
21
21
0
0
4
3
0
2
2
0
0
0
0
0
0
0
0
0
0
0
0
0
0
0
0
0
0
0
0
2
6
2
0
2
0
2
2
2
4
4
2
4
8
2
2
0
0
0
0
0
0
0
0
2
0
0
4
4
2
4
13
2
4
4
2
2
0
2
0
2
2
4
2
2
4
2
0
0
0
0
0
0
0
0
0
8
7
2
2
2
2
2
2
0
11
0
0
0
2
2
11
0
4
4
4
2
2
2
4
0
2
2
0
0
0
0
0
2
6
2
4
2
2
2
2
0
0
0
2
2
10
12
2
2
0
2
4
0
2
0
4
2
0
4
2
2
2
4
4
0
7
2
4
8
2
2
4
0
6
0
4
2
10
8
2
39
2
8
8
10
0
0
6
7
4
2
6
8
6
2
6
4
2
2
2
4
4
5
2
4
6
4
2
4
2
6
4
0
0
0
4
4
2
6
12
6
2
2
0
4
6
2
4
2
4
0
2
2
4
8
4
2
2
4
4
0
2
2
0
2
6
15
2
2
4
18
2
6
2
6
4
4
2
2
3
2
2
2
0
8
6
4
0
4
4
2
6
2
4
6
0
4
2
2
4
8
4
6
2
0
4
4
4
6
4
2
2
2
4
6
4
2
2
4
2
4
2
2
4
2
0
0
0
0
6
0
0
6
0
0
2
4
0
0
0
0
0
0
2
0
2
0
0
0
4
6
2
4
0
0
0
2
2
4
0
0
2
2
0
0
0
0
0
2
0
0
0
0
0
0
0
4
0
2
0
2
0
0
0
0
0
4
0
0
0
2
0
2
4
0
0
2
0
0
0
0
2
0
0
2
4
0
2
0
2
0
4
2
2
0
6
0
0
0
0
2
2
2
2
2
6
0
2
4
2
2
0
2
4
6
0
0
2
0
2
0
4
0
2
0
2
4
0
2
2
0
4
2
2
0
0
2
4
0
2
2
0
4
2
0
4
0
0
4
0
0
2
0
0
2
4
2
0
2
0
6
0
4
2
2
2
0
0
4
2
0
2
2
2
2
2
4
4
4
0
2
2
0
0
4
2
4
0
2
2
4
2
2
2
0
4
0
2
0
4
2
2
0
4
2
2
2
6
2
2
2
0
2
0
0
0
2
0
0
2
2
2
2
0
8
4
0
2
2
4
4
2
0
2
0
0
0
0
2
4
0
0
2
0
2
6
2
0
10
2
0
2
0
0
2
0
2
6
15
0
2
2
0
0
2
2
6
2
2
0
2
2
2
4
4
0
4
0
2
4
4
0
0
2
0
0
0
4
4
4
2
4
0
19
19
19
19
19
19
17
18
17
19
19
17
18
19
18
17
18
18
18
19
19
19
19
18
18
19
20
19
19
17
19
17
19
18
19
17
14
19
19
18
16
18
17
19
17
19
18
19
19
19
19
18
17
17
18
16
18
18
19
18
19
18
19
17
19
18
19
18
18
18
19
18
19
19
19
17
19
18
18
18
19
19
19
18
19
19
17
19
19
18
19
19
14
19
19
19
18
19
16
19
19
17
18
19
15
19
19
18
17
18
18
16
14
18
19
18
19
18
19
19
19
18
19
18
19
19
16
18
18
18
18
18
18
19
20
18
18
19
19
17
19
18
18
19
19
19
13
19
19
18
15
19
19
18
19
18
17
18
19
19
19
18
18
19
17
18
19
19
19
15
17
19
19
16
15
18
12
19
19
10
19
16
19
20
20
17
18
15
19
19
17
18
18
18
18
18
19
19
18
16
19
19
18
18
19
18
17
18
16
18
20
18
19
19
18
19
20
18
18
18
17
18
19
19
19
19
19
17
19
19
18
18
19
17
20
18
18
18
19
18
13
18
19
18
19
19
19
18
18
18
18
18
19
18
16
18
18
18
17
19
17
18
19
18
19
19
13
19
18
19
18
18
18
18
19
18
19
19
19
18
19
17
20
16
19
19
18
18
13
21
10
17
15
19
11
8
17
9
17
13
8
17
19
4
15
7
15
4
10
15
13
10
12
14
12
10
10
15
19
17
12
6
27
13
19
13
27
15
6
13
6
21
15
12
21
8
17
11
10
12
10
12
12
12
19
15
34
15
23
12
9
6
13
15
17
17
17
10
21
10
17
6
10
19
12
8
10
19
19
10
13
13
31
6
17
15
25
13
29
15
23
13
10
11
13
17
25
25
10
10
6
8
10
15
15
30
4
19
23
30
21
10
13
18
8
21
15
15
17
8
8
19
25
15
19
12
12
8
13
8
8
23
12
17
17
8
8
17
21
41
10
21
27
21
29
10
21
6
25
21
29
21
6
12
6
25
31
8
14
25
8
13
21
23
12
12
12
23
4
19
14
23
25
31
6
23
14
23
8
19
19
10
8
19
25
14
17
8
35
21
21
39
29
25
8
17
6
15
4
25
12
12
23
12
13
21
10
23
8
17
14
17
10
14
11
15
15
17
10
19
56
21
8
14
13
19
21
13
12
10
12
29
21
21
23
37
23
15
15
14
10
13
17
14
10
21
19
17
29
17
23
10
13
10
10
19
17
12
23
10
17
14
8
19
14
19
8
23
10
29
23
10
12
8
12
12
13
12
12
13
10
12
21
12
12
10
0
4
10
4
2
0
0
8
4
0
0
2
6
0
0
4
2
4
4
0
0
2
2
79
4
6
0
0
6
99
4
0
0
4
0
6
2
6
0
0
0
4
0
2
0
2
0
8
0
4
0
0
8
6
0
0
0
0
6
0
6
0
0
4
7
6
0
6
0
0
8
4
0
0
0
0
6
6
2
0
6
8
2
0
0
2
0
0
6
0
0
0
0
8
4
0
0
2
6
0
2
0
0
2
6
2
6
0
8
8
8
0
4
0
2
2
8
4
0
2
4
8
4
2
4
6
2
0
2
4
2
0
0
4
0
2
10
2
4
2
2
0
2
0
4
0
0
0
4
0
6
0
6
2
2
83
6
10
81
0
2
8
0
0
4
10
0
4
2
6
0
0
4
6
2
0
0
6
4
8
4
0
4
4
0
6
45
0
2
8
8
4
4
4
6
2
6
2
0
0
6
4
6
0
0
4
0
0
7
6
0
0
99
4
2
6
0
4
6
6
6
0
0
0
2
8
6
8
0
2
0
2
4
6
2
2
2
0
8
0
4
0
0
2
2
4
0
0
4
2
0
6
0
10
2
4
4
2
2
0
10
6
0
2
2
2
2
0
4
2
0
8
0
0
6
0
0
0
10
2
0
0
4
2
0
2
2
0
8
8
6
8
4
10
8
10
4
6
8
10
52
8
14
8
6
8
4
13
8
6
10
8
8
6
6
4
8
4
4
6
10
12
8
12
4
2
6
6
6
8
8
12
10
2
8
10
10
8
8
6
2
6
6
10
8
8
4
14
8
8
10
6
6
8
8
6
4
8
10
16
14
8
8
8
10
8
6
10
6
6
10
6
10
15
6
4
8
10
6
14
6
12
8
6
16
10
12
12
8
10
9
6
14
6
6
8
10
18
10
8
8
6
12
10
8
16
10
12
6
10
14
12
10
25
4
10
12
12
16
8
10
16
6
12
10
12
6
8
14
21
10
6
6
14
4
4
14
14
8
18
12
8
10
18
11
10
8
8
16
14
12
14
12
10
18
10
12
6
12
15
6
15
16
14
19
6
8
19
12
8
17
12
6
18
17
10
8
14
12
8
10
8
6
18
8
6
6
10
10
12
19
2
10
16
12
6
12
6
8
8
10
8
8
11
4
12
10
4
2
6
6
18
10
10
12
4
6
8
6
14
8
10
10
4
6
12
7
8
2
4
6
9
8
8
11
12
4
7
8
8
9
6
4
6
9
11
13
6
10
6
4
6
9
6
4
6
4
6
6
8
8
10
6
8
8
9
3
6
11
9
11
13
9
12
8
6
6
8
6
6
10
23
4
10
8
2
14
21
4
4
4
14
72
4
4
45
8
33
8
8
8
14
25
8
4
27
4
16
43
6
4
6
12
68
8
4
8
8
2
14
12
4
10
45
10
4
19
4
8
65
6
6
6
10
6
6
4
4
12
14
12
16
53
8
4
22
4
29
6
45
8
43
37
18
10
14
2
6
25
6
12
12
6
25
6
14
8
68
10
10
12
45
57
2
6
2
6
41
4
6
20
8
6
25
4
14
4
8
2
6
4
30
76
94
14
14
14
61
4
10
4
57
6
45
12
19
8
12
27
23
10
2
4
6
6
4
2
10
6
10
12
10
8
21
68
4
4
12
2
12
8
8
6
12
8
6
6
6
16
12
21
12
6
68
16
61
12
2
8
12
2
35
8
8
68
10
8
8
8
4
6
19
19
10
6
17
12
10
97
16
12
6
15
6
10
4
10
8
14
45
6
6
14
10
8
8
10
4
6
6
64
6
4
10
6
18
18
8
6
8
87
39
60
66
21
18
6
51
12
12
8
6
23
6
14
21
6
10
16
6
14
6
8
10
6
10
8
8
4
51
10
20
2
14
14
4
6
12
41
37
4
6
33
10
8
6
4
33
6
4
6
6
47
37
19
10
10
8
12
10
14
27
59
10
