4
6
4
2
6
0
2
8
4
4
2
2
0
6
4
4
6
4
2
2
2
2
4
4
2
2
0
0
4
2
4
4
2
6
0
0
2
0
0
0
0
6
4
2
2
0
2
8
2
2
4
0
0
2
0
6
6
8
4
4
4
2
2
4
2
4
2
6
4
0
0
0
2
4
2
2
2
4
4
2
2
4
6
4
2
8
4
4
2
2
15
0
2
0
4
2
4
0
2
2
6
2
6
4
0
4
6
2
2
2
0
2
2
8
2
4
2
8
4
2
4
4
2
2
3
6
6
4
31
2
6
4
4
4
11
2
6
6
2
8
0
2
4
12
4
8
6
9
5
2
6
4
13
4
8
18
10
4
4
6
13
2
4
0
2
2
0
4
8
4
2
0
2
4
0
4
2
2
8
2
2
2
0
2
4
2
4
2
2
0
2
0
2
2
4
4
10
4
2
2
4
4
0
2
6
0
2
6
2
8
2
4
6
2
2
2
0
2
4
6
4
2
6
17
4
4
2
12
4
4
2
6
0
4
4
2
6
2
2
8
10
4
0
2
4
0
6
2
0
4
8
4
14
4
2
0
2
0
4
2
6
2
0
0
4
0
6
2
2
6
2
2
4
10
2
0
10
0
2
2
2
2
6
2
10
2
2
2
2
4
2
2
2
0
4
0
2
2
2
4
4
0
0
2
4
4
4
2
2
4
6
4
2
2
2
0
2
4
0
4
6
0
4
0
2
2
4
4
2
0
4
0
0
2
4
2
2
2
0
2
2
4
6
4
0
0
6
2
0
2
0
4
6
2
0
0
0
2
4
2
2
0
2
0
0
2
6
0
0
0
0
0
2
2
4
0
2
2
2
4
2
2
4
0
4
4
0
6
4
2
4
4
4
2
2
6
0
8
2
6
8
6
2
6
4
6
6
2
4
2
2
4
6
8
4
2
4
4
2
0
0
4
4
2
4
2
2
2
2
4
8
0
2
2
0
4
2
2
4
2
2
8
2
6
6
4
6
0
2
2
0
0
0
0
2
0
2
2
2
2
2
4
4
6
4
2
4
2
0
2
0
2
0
0
2
0
4
4
0
2
0
0
4
2
2
4
0
8
4
2
2
2
0
2
0
2
2
2
2
0
2
0
2
2
0
2
0
4
0
6
0
0
4
0
2
0
2
0
0
6
4
0
2
0
0
2
2
0
0
0
4
0
4
2
2
2
4
0
2
0
8
4
4
0
0
2
0
0
2
4
2
2
6
4
4
0
4
0
2
0
2
2
2
4
6
4
6
2
2
0
0
0
0
0
0
0
10
1
7
9
0
3
8
2
9
0
6
0
0
1
8
5
4
7
0
6
8
0
14
10
8
0
4
1
0
2
0
3
3
0
0
7
2
4
14
2
11
8
6
0
0
2
0
0
0
0
8
9
2
9
3
8
6
4
8
10
0
0
0
0
6
6
5
9
0
2
0
13
10
0
0
0
0
0
10
0
8
0
9
0
16
23
0
9
0
3
7
8
1
9
15
0
9
12
13
1
0
3
1
0
7
6
8
5
0
13
5
12
6
4
11
0
0
0
0
0
9
0
14
0
8
7
7
10
12
0
0
0
0
13
0
15
0
0
6
0
8
8
7
12
0
0
14
10
5
9
0
5
7
3
3
7
0
7
0
2
0
0
5
0
0
5
4
0
0
5
7
6
6
7
7
0
9
6
0
2
6
4
0
4
1
0
6
0
0
9
3
8
0
0
0
0
13
5
8
7
2
3
7
9
8
13
3
0
0
0
0
5
0
2
11
0
12
14
8
16
12
0
0
5
0
0
0
1
7
0
4
8
0
2
5
1
0
8
9
6
7
0
0
0
0
0
7
0
0
0
0
0
0
0
1
7
0
8
8
0
5
0
7
4
2
10
0
0
5
8
8
0
8
0
1
10
0
10
10
11
1
0
0
0
0
10
9
2
57
18
20
47
13
29
30
29
23
32
19
28
21
13
24
32
37
30
42
34
23
30
32
45
33
9
27
21
20
15
22
38
22
38
46
23
55
24
20
27
17
32
50
41
24
43
63
24
56
51
26
41
49
24
76
40
53
37
32
46
67
49
51
30
38
50
65
52
53
58
38
39
36
44
53
18
42
51
19
42
17
35
21
31
27
47
26
20
24
35
50
17
42
51
20
39
16
17
16
25
35
28
35
32
42
25
36
34
44
34
40
36
40
24
36
44
58
54
75
39
42
48
44
47
55
44
50
44
50
63
55
55
53
62
55
53
57
56
40
55
56
50
42
53
58
61
56
54
49
42
55
59
51
67
69
47
50
76
66
30
55
70
58
69
73
60
51
31
41
52
55
40
39
45
47
44
44
43
35
41
47
47
38
41
40
36
39
43
44
33
44
24
44
43
42
38
25
49
50
39
41
43
45
30
53
45
58
36
48
45
38
48
54
38
43
44
43
42
42
43
31
40
48
48
38
39
47
44
46
28
46
60
41
35
2
26
51
46
43
47
49
45
43
42
41
54
41
44
49
38
36
22
7
29
23
12
51
43
36
19
49
38
49
15
48
37
56
45
44
49
51
40
50
31
53
44
53
62
28
23
47
50
46
54
19
52
38
47
4
5
7
4
6
2
4
19
4
6
13
10
2
5
22
12
4
8
7
2
4
6
6
4
0
2
6
6
15
4
2
8
0
3
2
6
5
6
4
7
4
4
4
4
6
8
2
6
5
6
4
6
10
2
6
4
2
11
2
2
4
4
9
6
0
4
6
4
3
4
13
7
7
4
4
6
13
2
8
8
2
8
2
14
4
7
6
4
8
7
4
0
8
6
6
8
4
6
6
6
6
5
2
4
2
4
6
7
2
8
6
2
10
4
8
2
6
6
4
17
7
22
2
2
5
7
4
10
4
11
5
4
2
7
6
2
6
4
4
4
6
4
6
4
6
7
2
0
6
3
4
4
4
0
4
12
6
6
7
2
6
13
4
2
2
6
2
2
8
6
2
4
3
8
8
8
7
6
6
2
6
8
6
0
6
12
4
6
6
6
4
4
0
4
4
6
14
10
10
4
4
8
4
6
4
14
2
6
4
11
11
15
2
5
2
7
9
6
12
2
4
4
2
4
6
4
4
0
8
4
6
7
6
4
6
4
7
6
4
6
4
6
4
4
4
4
4
2
4
4
10
6
4
7
13
2
6
13
4
15
4
10
4
17
4
8
0
3
8
5
6
6
4
5
0
6
6
6
2
7
2
6
4
15
3
2
6
4
11
2
11
21
9
15
13
23
17
11
15
11
15
15
13
21
17
14
12
19
19
31
17
23
8
14
27
20
15
13
17
23
18
21
11
13
17
15
19
19
11
15
24
19
21
15
21
17
6
3
20
13
21
13
18
19
19
23
18
15
11
19
16
15
21
17
21
17
21
25
20
25
15
19
15
20
13
23
19
27
22
15
13
25
27
12
10
17
22
20
11
19
31
18
15
22
31
23
6
23
27
19
25
19
18
23
20
21
15
20
25
29
21
26
18
32
19
19
24
2
24
27
21
11
29
27
23
8
15
23
23
12
13
21
19
2
21
32
29
21
15
18
24
15
28
21
18
23
25
13
9
22
19
33
4
33
28
34
20
39
27
21
20
11
29
34
16
16
6
11
2
13
17
19
21
19
26
15
15
17
18
8
13
14
17
14
25
8
24
17
18
24
23
2
32
6
12
19
21
23
24
29
15
19
17
13
15
11
24
23
29
30
23
20
22
17
24
26
23
6
20
20
17
32
17
23
9
24
19
21
30
21
27
15
24
26
15
21
13
21
24
19
23
25
20
13
23
19
18
16
15
21
17
31
31
17
17
15
22
17
19
26
15
13
9
14
23
17
19
17
20
4
24
26
2
4
10
13
21
17
17
13
17
8
12
19
17
11
0
0
1
3
0
1
1
1
0
0
0
1
1
1
1
4
2
2
0
2
2
1
3
0
3
1
0
1
0
3
0
1
0
0
0
3
1
0
0
1
1
1
0
4
0
2
0
2
0
2
2
3
0
0
0
0
0
4
0
0
0
2
0
2
0
1
0
1
1
0
0
1
0
3
1
0
1
1
1
2
1
0
0
0
0
3
1
0
1
0
0
0
0
0
6
0
0
0
2
0
0
2
0
1
0
1
0
1
2
0
0
1
0
0
1
2
7
3
0
0
2
1
0
0
0
1
0
1
1
1
2
2
1
0
0
4
1
1
1
0
0
1
3
1
0
2
0
1
1
1
2
2
0
1
1
1
0
0
2
0
1
1
0
1
0
0
0
1
0
0
1
6
0
0
1
0
4
2
0
7
1
1
0
1
8
2
3
1
0
0
0
2
1
0
1
3
1
0
0
1
3
0
4
6
2
2
0
0
1
0
1
1
0
1
2
1
0
0
0
1
0
2
0
2
0
3
0
3
0
0
4
0
0
1
2
1
1
2
7
1
0
5
0
1
9
1
3
2
0
0
2
1
1
0
5
3
1
1
3
0
2
5
1
3
0
0
2
2
0
0
2
3
0
9
4
3
0
1
0
0
1
2
0
0
3
13
3
0
6
8
6
0
24
4
6
2
4
10
57
4
6
8
2
0
0
0
59
9
0
0
4
0
6
2
6
4
2
6
6
4
6
6
0
6
0
2
2
4
6
8
6
2
0
0
4
8
0
6
2
2
2
6
8
0
90
0
6
0
6
6
2
0
6
8
0
2
2
8
6
2
6
6
0
0
2
96
6
2
8
8
2
4
8
8
57
2
4
6
8
6
2
0
0
6
6
0
0
0
4
2
0
0
0
6
0
6
8
0
6
6
2
2
2
2
63
4
2
2
2
43
2
5
2
0
35
7
2
66
0
2
2
2
2
8
2
0
8
2
2
8
2
0
2
0
0
4
2
2
6
8
2
0
7
8
0
6
4
4
2
0
0
2
4
2
0
0
0
2
2
8
2
4
2
0
0
0
47
8
8
8
0
2
8
0
0
7
5
6
4
4
0
6
2
0
0
0
5
2
2
2
0
4
2
6
0
0
2
2
23
6
2
2
0
61
0
78
2
2
4
0
6
25
0
4
47
4
6
0
2
0
6
0
95
6
6
6
0
62
2
6
29
4
6
2
6
8
4
6
0
4
6
4
4
89
6
0
6
0
95
0
0
57
8
8
8
8
0
8
4
4
6
2
4
6
6
6
0
2
2
0
6
6
0
2
8
60
4
11
2
12
0
18
2
6
6
10
12
8
0
4
10
12
10
8
8
8
10
14
15
11
5
10
2
0
9
12
0
12
12
6
15
7
4
7
7
4
4
8
18
7
4
5
3
21
26
9
2
2
9
4
10
11
10
12
2
2
7
8
9
9
8
8
3
9
10
8
7
9
9
4
2
2
0
3
4
5
0
4
0
7
3
5
16
4
12
10
6
5
7
16
14
2
2
4
14
10
9
3
4
2
2
4
5
4
5
2
2
2
0
6
7
3
3
2
12
6
11
9
9
12
4
2
9
0
13
8
7
7
2
3
4
9
0
15
8
6
11
0
4
2
12
5
11
2
13
9
9
2
3
7
2
9
9
6
4
4
6
5
15
2
2
8
8
4
0
22
2
13
2
3
2
2
0
7
10
4
1
4
4
7
2
2
8
8
0
7
2
5
6
3
6
5
0
2
0
2
5
0
0
0
14
9
11
0
1
1
4
6
5
13
9
7
0
16
7
2
4
2
0
11
9
7
7
2
3
20
0
4
1
6
6
4
7
1
8
2
2
25
7
0
4
0
0
6
4
0
4
6
0
2
8
4
0
2
4
2
8
4
1
0
11
0
5
7
11
2
0
12
7
0
5
5
3
13
3
4
1
0
5
7
5
15
11
1
16
19
25
15
16
23
21
22
24
18
19
20
19
24
16
16
22
23
25
14
29
22
19
26
21
19
21
25
22
26
20
22
25
23
22
15
18
21
18
20
21
20
20
25
23
25
22
17
20
24
19
16
24
20
22
20
24
17
16
21
20
18
22
21
20
20
22
15
19
18
25
21
24
17
20
21
15
18
20
15
21
22
23
17
23
18
17
22
18
20
15
22
23
22
20
22
21
17
24
22
14
21
26
24
21
16
23
21
26
20
17
20
17
18
24
20
17
21
13
18
20
20
23
21
22
19
21
19
23
18
21
21
24
23
23
18
19
18
24
21
17
22
25
22
25
20
20
21
20
19
23
23
22
18
22
25
17
22
17
16
20
16
16
12
17
23
22
16
21
21
17
26
18
23
21
22
18
15
20
17
20
17
18
19
21
18
19
25
23
16
22
20
19
25
23
19
23
19
19
25
18
20
20
19
15
21
22
26
21
22
24
19
23
23
23
22
20
22
23
17
23
18
19
23
18
21
22
21
22
19
21
16
19
25
19
21
23
21
26
26
25
20
18
23
24
21
17
24
17
12
14
19
21
17
24
24
24
22
23
20
22
22
24
25
24
15
23
19
23
18
16
21
28
24
18
24
21
21
21
23
19
19
19
27
22
20
24
22
