7
7
7
9
9
9
7
6
7
9
7
6
7
7
5
7
5
7
7
7
7
7
7
7
5
6
7
6
7
6
7
9
7
11
6
8
6
7
10
8
6
7
10
7
6
5
8
6
5
9
9
6
9
7
7
5
7
8
5
7
8
8
6
6
5
11
7
7
7
6
6
7
7
7
7
6
8
8
6
8
7
9
7
7
7
9
7
8
7
5
7
6
7
5
7
9
7
7
7
13
7
7
8
9
9
7
7
6
7
5
7
6
6
6
7
7
7
7
7
7
8
9
7
10
7
8
9
9
7
9
7
6
7
7
7
7
9
7
6
7
10
9
11
6
7
7
6
7
8
5
7
7
9
6
7
6
5
7
11
7
9
8
6
7
6
7
9
6
7
6
8
9
6
7
6
10
7
9
9
7
9
7
10
6
6
7
3
7
9
7
7
7
5
7
7
7
5
7
7
7
7
7
7
5
9
5
7
7
7
7
7
7
5
4
9
7
7
7
7
6
10
11
7
7
4
5
8
7
7
7
7
4
9
8
8
7
9
10
7
7
7
7
8
8
10
7
7
7
6
6
5
8
5
7
4
7
7
9
6
7
7
5
7
6
9
5
7
6
7
6
7
7
5
7
7
7
7
8
8
7
7
7
6
7
7
4
5
7
0
4
4
0
4
7
0
2
2
4
4
0
0
2
4
0
4
2
2
2
87
4
4
4
2
17
4
2
9
0
0
4
2
2
2
4
0
2
0
0
0
0
0
0
0
0
0
0
0
0
0
0
82
0
7
2
2
4
2
2
6
4
0
0
4
27
2
2
4
4
0
2
4
0
2
0
2
0
4
4
6
2
0
2
4
2
2
2
2
0
0
4
4
4
6
2
2
4
0
2
0
0
4
2
2
4
2
4
0
2
4
0
0
9
0
4
4
4
4
0
0
23
66
0
0
0
0
0
0
0
0
0
0
0
0
0
24
13
2
4
4
4
9
2
81
2
4
4
0
0
0
4
0
2
2
2
6
0
0
2
4
2
2
2
4
6
0
0
0
6
0
6
2
4
4
2
4
0
0
2
2
0
2
6
0
0
0
2
2
4
2
0
4
0
2
2
2
8
2
4
4
4
2
6
2
0
4
32
2
0
2
4
2
4
4
2
2
2
0
2
2
0
0
2
6
0
4
6
0
0
2
2
0
17
2
2
6
4
2
0
0
0
0
0
0
0
0
6
2
2
2
4
4
2
0
6
0
4
2
4
2
2
6
2
0
0
0
0
0
0
0
0
0
0
0
0
0
0
0
0
4
6
2
2
0
0
2
0
0
2
4
4
2
2
2
8
2
4
2
2
2
0
4
4
2
4
2
4
2
2
0
6
2
4
0
2
0
4
2
2
2
2
2
2
4
2
2
2
4
6
0
2
2
2
2
2
6
0
4
0
6
2
2
2
4
2
2
8
4
6
6
2
2
2
0
4
2
4
0
0
6
2
8
2
2
2
6
2
2
6
4
14
2
2
0
0
0
2
2
4
4
2
4
4
2
2
2
4
0
4
4
2
2
2
10
0
4
2
2
4
0
2
4
6
0
2
2
4
2
2
6
4
2
4
0
52
2
4
26
2
2
6
0
2
0
2
4
6
2
2
4
2
4
2
9
0
2
6
4
2
2
2
2
2
2
6
0
4
2
2
6
4
2
2
4
2
8
2
6
4
4
0
2
2
4
2
2
0
2
2
0
2
0
0
8
0
2
0
0
0
2
4
2
0
0
0
2
2
2
6
0
0
8
2
6
2
0
2
2
0
8
4
2
2
4
2
2
2
4
8
0
6
2
7
4
4
4
2
7
28
2
4
2
4
0
4
4
4
2
0
2
0
2
4
4
4
2
2
0
2
4
0
0
7
4
2
4
2
6
0
0
0
0
2
0
2
2
2
0
34
2
0
0
2
0
2
32
6
0
0
2
2
6
3
2
0
7
1
2
3
11
5
5
2
5
0
0
2
0
3
0
0
1
0
5
0
0
2
0
5
7
3
2
0
1
2
0
3
1
7
0
4
2
3
3
4
1
3
2
1
0
4
4
5
1
2
0
2
5
3
17
1
1
2
2
5
0
0
1
5
7
7
3
0
3
3
0
9
0
0
0
0
4
9
4
9
2
0
2
5
3
2
1
5
3
5
2
0
1
0
0
7
9
0
2
0
0
5
5
1
2
0
3
7
0
0
2
7
1
7
2
0
1
7
2
0
2
0
0
2
2
2
0
0
2
0
0
5
4
7
2
3
0
2
4
2
2
0
4
1
2
1
0
2
5
2
5
2
0
1
5
0
7
1
0
2
5
0
0
0
2
0
13
0
2
3
3
1
7
3
3
1
5
1
5
0
1
2
3
5
5
7
0
2
2
0
7
5
3
1
2
3
5
3
3
3
4
1
2
5
4
3
2
0
7
3
5
1
11
3
2
2
3
1
0
0
1
5
5
5
4
0
1
2
1
13
0
1
0
3
2
2
0
5
5
0
1
1
3
5
0
2
0
3
2
9
3
11
2
0
3
11
2
7
0
1
2
9
2
1
1
2
5
5
4
2
11
3
5
5
2
11
0
0
0
7
1
7
2
2
0
5
2
1
31
40
37
46
54
42
47
17
30
53
35
31
42
30
26
67
57
25
22
41
42
35
15
38
39
36
13
34
25
31
25
12
13
21
63
34
0
31
27
25
43
47
20
12
41
26
21
35
34
30
12
11
27
34
32
41
17
15
20
45
28
39
28
36
35
28
27
33
50
24
29
33
16
39
35
20
33
34
63
33
23
73
52
34
15
37
29
54
28
58
20
13
38
16
2
31
33
29
29
15
45
54
27
31
54
32
52
39
15
48
39
49
87
25
32
38
52
13
45
46
47
40
57
70
49
30
37
49
9
46
25
39
36
42
34
24
55
30
44
22
11
19
24
23
29
61
40
45
37
29
48
32
54
13
55
41
35
56
22
63
54
47
9
28
10
58
41
23
40
48
47
61
27
13
26
9
24
35
28
18
49
33
3
24
68
30
19
31
46
29
23
14
35
37
45
14
24
18
22
23
34
27
22
22
33
19
17
17
45
35
15
22
17
20
17
41
32
2
23
41
72
22
26
20
45
5
19
22
39
13
31
18
39
2
30
42
35
46
22
61
35
26
35
65
15
53
15
32
65
37
34
40
14
17
54
40
28
27
65
50
43
41
50
52
11
35
37
11
36
43
32
36
11
34
26
41
36
32
13
44
23
38
28
17
14
14
29
52
3
6
23
13
21
0
3
17
17
13
4
1
3
17
11
7
2
19
11
21
2
4
19
11
6
2
3
2
25
0
9
3
0
13
9
5
3
3
9
13
11
2
3
7
3
11
1
5
19
11
7
11
9
17
9
15
17
6
23
21
29
2
0
19
15
4
2
3
11
7
21
9
2
2
17
9
4
4
2
17
21
17
7
4
5
15
5
3
17
23
11
6
2
3
15
21
2
2
9
19
1
4
3
15
25
13
9
4
19
19
13
11
4
1
23
23
13
2
4
15
13
2
6
11
7
19
3
5
17
17
8
2
17
9
2
9
4
7
23
13
1
1
17
15
3
5
3
17
25
13
0
0
2
13
11
6
17
13
19
15
1
4
13
9
2
7
13
3
19
2
17
21
9
7
3
21
15
13
2
3
3
15
13
15
5
7
17
13
2
1
31
11
15
2
2
1
7
19
4
0
0
13
13
2
3
4
11
17
2
2
3
2
7
7
2
7
13
3
6
4
17
11
5
3
0
21
11
2
4
25
15
15
4
5
15
13
5
1
7
11
11
5
1
6
4
13
5
0
13
15
2
4
5
4
17
13
4
2
4
9
7
4
2
21
7
11
23
0
4
17
13
9
4
2
4
23
21
13
6
0
4
11
19
2
0
5
23
15
3
3
0
2
1
7
3
1
3
0
0
0
0
7
3
0
3
1
0
42
0
3
5
0
0
3
1
61
1
0
0
0
3
0
0
0
0
0
0
5
1
2
0
2
0
0
0
0
0
0
0
3
1
1
0
0
0
3
0
0
1
33
3
0
3
0
5
0
3
0
1
1
9
3
0
0
1
1
3
1
1
0
1
5
1
1
1
1
3
0
7
0
1
3
1
0
3
0
0
1
1
0
3
1
3
7
5
0
1
0
0
34
0
0
3
0
0
11
0
0
0
0
0
0
4
0
5
0
1
1
0
9
0
0
1
3
0
5
0
7
5
0
3
9
0
5
28
5
0
5
0
3
0
5
1
5
1
0
0
3
0
3
0
5
0
1
0
3
0
0
0
0
0
7
1
0
1
5
0
3
0
7
0
5
0
6
1
0
0
3
5
3
0
0
0
5
1
3
0
0
0
3
0
1
0
0
0
1
5
7
0
0
0
0
0
5
1
0
0
5
0
5
3
0
3
0
3
3
7
30
1
0
0
7
0
3
1
0
0
5
0
41
0
3
1
3
3
3
3
0
0
2
0
0
0
0
0
2
3
0
3
7
0
7
0
0
1
0
1
3
3
1
3
0
1
3
0
0
1
0
0
5
3
5
0
13
0
0
16
8
6
10
10
2
6
8
10
10
12
8
8
2
16
2
4
8
8
6
6
12
10
4
8
10
10
12
6
8
10
10
10
14
6
6
16
34
8
12
14
8
10
6
8
20
12
8
12
10
10
12
12
10
10
10
12
14
8
12
8
8
4
12
16
10
10
6
40
6
10
14
16
8
8
4
12
10
12
6
14
10
22
10
12
2
8
0
8
16
12
12
8
10
8
10
12
18
8
12
10
14
16
4
8
12
12
16
10
12
20
10
10
16
14
18
20
8
16
10
12
20
16
10
10
14
14
6
12
10
16
8
12
14
20
14
14
10
14
12
18
20
8
10
14
6
12
16
8
16
12
22
28
10
10
14
14
4
18
8
8
28
12
10
10
12
14
10
12
6
20
6
18
8
18
20
30
8
18
8
14
8
34
18
6
18
18
18
12
16
10
18
10
18
16
8
20
16
28
12
18
10
12
22
14
14
22
16
18
24
12
14
16
4
10
14
22
6
20
24
10
8
16
12
12
20
12
10
4
10
24
18
10
8
14
8
20
8
8
20
26
18
12
8
14
12
10
6
14
12
6
10
8
14
16
16
10
8
16
6
10
12
10
12
4
12
8
4
6
2
2
4
6
10
22
10
4
4
16
4
12
16
8
18
8
10
14
8
6
7
85
4
4
2
43
2
0
7
0
88
4
2
8
2
0
0
33
5
2
0
5
2
11
0
0
53
2
0
44
0
2
2
6
0
32
4
0
51
27
2
47
2
4
59
8
0
60
0
2
0
21
2
7
4
2
2
12
4
2
8
4
34
34
4
80
2
2
4
0
28
2
0
2
57
24
2
22
2
0
6
10
4
11
2
88
17
25
33
0
4
70
0
0
0
8
6
8
4
0
51
0
0
4
2
4
0
2
2
0
6
2
0
10
5
2
0
0
0
4
5
4
0
13
2
6
0
2
8
2
2
2
2
87
6
0
4
2
0
2
0
8
47
45
28
2
39
27
56
52
26
9
39
27
27
34
25
20
24
18
7
11
2
44
24
29
24
47
8
0
0
38
36
41
46
2
29
0
4
2
87
0
0
34
28
0
30
26
41
62
4
4
5
25
29
5
37
19
0
20
22
0
15
51
2
8
55
23
41
0
2
6
2
6
0
9
32
33
22
0
34
4
2
9
5
2
12
4
2
23
8
4
4
32
46
29
9
0
20
30
6
0
10
25
15
28
18
5
4
29
7
17
20
62
6
3
62
37
10
4
9
4
23
17
4
21
33
6
38
36
9
30
42
26
24
35
5
4
21
13
4
23
29
25
24
2
28
3
0
5
5
7
1
6
1
7
4
0
0
5
6
9
0
0
0
0
12
10
0
12
0
6
7
10
0
0
17
0
5
10
0
0
0
0
0
0
0
0
0
0
7
0
4
0
4
6
1
8
0
6
0
0
0
9
0
1
8
4
0
0
0
0
0
0
4
11
0
0
0
0
5
5
5
1
0
9
2
0
7
0
0
5
4
5
8
0
0
0
0
0
9
0
0
0
4
6
15
6
3
3
14
2
7
22
0
0
0
0
0
0
0
0
2
47
5
5
0
0
5
7
0
6
0
6
0
10
5
0
0
2
0
0
0
0
0
0
29
6
0
8
0
5
4
10
4
0
0
6
5
11
11
0
0
1
0
0
0
0
0
0
9
0
0
3
5
5
2
1
4
0
4
7
6
4
4
7
13
0
0
0
0
0
0
0
0
9
0
0
6
0
6
1
10
0
5
7
0
9
6
0
0
0
0
0
0
5
0
0
6
13
0
0
7
0
4
0
16
8
0
8
11
9
1
0
0
0
0
0
0
1
0
0
3
9
0
6
0
19
3
0
9
1
0
1
7
0
10
6
11
0
5
0
4
6
4
1
0
4
4
0
5
0
17
0
0
4
5
3
9
8
2
8
0
25
0
5
0
4
12
1
6
7
0
12
0
