11
14
13
34
13
11
28
9
11
9
31
15
15
16
16
22
22
11
7
24
26
25
46
16
16
23
25
26
9
13
18
23
10
7
26
19
7
22
13
20
7
13
15
19
11
21
13
41
24
20
16
9
9
7
18
18
20
16
13
16
21
6
17
5
16
22
10
18
6
7
42
31
7
5
11
11
22
15
24
13
29
21
15
11
17
5
4
5
11
7
7
4
19
48
40
31
19
7
19
7
13
24
7
16
11
27
32
18
26
9
9
18
20
4
20
11
46
9
7
28
24
27
9
10
20
11
17
17
2
16
19
15
24
40
5
13
9
17
66
19
28
4
9
11
23
32
7
11
7
17
25
18
5
20
50
27
17
15
31
17
14
12
9
16
22
11
15
7
7
13
26
13
14
14
11
38
36
5
27
18
16
30
11
21
25
38
28
36
22
22
18
50
35
12
24
35
13
7
17
7
28
35
39
7
17
17
27
18
17
17
24
29
15
20
62
20
20
18
29
22
23
20
24
15
13
19
17
11
9
7
15
18
26
7
15
9
11
5
15
37
21
0
16
6
27
13
15
11
6
47
9
9
24
9
9
32
28
19
40
9
11
16
19
7
11
16
2
19
16
9
7
11
20
24
5
15
12
10
38
27
17
7
15
5
12
4
11
15
4
0
0
2
2
5
2
0
0
2
0
0
2
6
2
4
6
0
2
6
6
6
4
4
2
0
0
2
2
0
2
6
2
0
4
6
4
4
2
6
11
3
6
2
6
0
8
2
2
0
2
0
4
0
0
2
2
2
4
2
0
6
2
4
2
4
2
6
2
2
7
4
2
2
2
7
2
0
4
10
2
2
4
7
0
6
0
4
4
0
2
0
4
2
2
2
2
0
10
0
2
4
0
4
2
0
2
2
2
2
0
2
2
4
2
4
4
4
2
2
2
2
0
0
2
2
4
4
2
2
7
0
6
11
0
2
2
0
2
4
2
6
4
2
2
2
5
4
2
2
2
0
4
6
4
2
14
7
2
5
2
2
4
6
4
4
6
13
0
6
0
3
8
4
3
8
4
4
11
4
4
6
4
2
0
6
0
2
0
0
2
4
0
4
0
2
2
4
2
2
2
4
2
2
2
11
2
2
2
8
4
6
0
2
0
0
11
2
4
4
4
4
2
2
7
2
5
6
3
0
2
4
2
2
2
0
4
0
0
2
8
2
2
2
0
2
5
2
0
2
0
8
2
0
2
6
8
4
2
4
2
4
4
2
2
2
8
2
0
2
2
0
2
2
2
0
0
2
2
2
4
2
4
4
8
7
6
6
1
0
3
2
2
1
1
0
2
1
0
0
1
0
1
1
3
0
1
1
0
1
0
1
1
0
0
2
0
1
0
0
1
0
0
1
0
0
0
3
1
2
1
0
1
1
1
1
2
2
1
3
0
2
0
2
1
1
1
1
0
0
0
0
0
1
0
1
1
0
0
0
4
2
1
1
1
1
0
0
1
0
0
0
1
0
0
3
0
1
1
1
1
0
0
1
1
1
0
1
1
0
2
0
2
4
1
0
1
2
3
1
0
2
8
2
0
3
2
1
1
3
3
2
0
1
2
1
1
1
2
1
1
0
2
1
0
0
2
1
2
0
3
1
0
0
1
0
3
0
0
1
2
0
1
4
3
1
0
0
0
0
1
0
0
1
0
1
1
1
0
0
2
1
1
0
1
1
4
0
1
0
1
1
0
3
1
3
1
0
4
0
0
1
6
1
1
2
2
1
1
1
2
1
2
0
1
1
1
0
1
3
0
1
2
1
1
1
1
0
0
0
0
1
1
0
1
1
1
0
1
0
1
0
0
0
0
1
1
0
0
0
3
0
0
1
0
1
1
0
0
1
2
1
0
0
1
0
0
1
0
0
0
1
0
0
1
1
1
1
1
2
0
1
0
0
0
0
1
0
0
0
0
1
1
0
1
1
0
2
0
3
0
3
2
0
4
2
2
0
1
0
4
0
2
2
3
0
0
4
5
0
2
2
2
0
2
0
4
0
0
2
0
2
2
4
2
0
0
2
0
0
2
0
3
2
0
9
0
5
1
0
2
3
4
5
2
1
0
0
4
6
3
1
2
2
0
0
5
2
2
2
0
2
5
0
0
0
4
2
2
0
2
1
0
2
2
2
0
2
0
5
0
6
0
0
0
0
0
2
0
2
2
0
0
0
0
2
1
0
0
0
1
4
3
2
2
2
0
0
1
0
2
5
2
0
2
4
2
0
0
4
2
0
1
0
4
2
4
3
2
0
1
0
16
2
0
0
0
0
2
2
3
2
2
3
0
0
2
2
0
2
0
4
2
0
2
0
0
2
0
0
2
4
0
2
4
0
2
0
2
2
0
0
0
3
2
0
2
0
2
0
4
2
0
2
0
2
2
2
2
0
2
4
0
4
2
2
0
0
0
4
0
2
4
6
5
0
0
2
2
3
0
0
0
2
0
0
2
2
2
0
0
2
3
0
2
2
0
2
0
2
0
0
0
2
0
4
2
0
0
0
5
3
2
0
2
4
0
0
0
4
0
6
0
1
0
0
2
5
4
0
0
0
2
3
0
2
4
0
0
4
4
2
0
4
19
4
18
3
2
6
14
12
2
26
0
12
25
18
2
0
0
0
9
18
0
0
0
8
4
2
2
4
4
2
2
3
27
4
6
14
0
0
3
2
0
3
7
4
30
4
0
4
0
0
2
0
6
2
20
2
5
0
0
23
6
2
2
4
2
6
0
24
0
6
0
9
0
0
5
12
15
24
20
11
8
4
26
20
19
13
15
2
0
6
2
2
18
2
2
22
27
20
0
2
2
2
2
20
5
5
4
10
23
17
3
2
6
6
0
2
28
4
4
24
0
6
2
0
4
4
3
0
2
3
6
20
20
19
22
3
29
16
17
2
16
0
16
4
13
35
6
0
2
4
2
0
46
11
2
17
26
2
4
24
2
4
22
16
25
4
7
2
16
24
3
2
0
4
2
14
19
2
0
9
21
19
28
0
6
9
4
23
15
4
6
20
21
39
4
4
2
6
4
2
43
0
4
16
29
0
0
6
25
4
3
13
2
32
16
13
23
18
16
6
27
6
2
2
37
2
0
19
21
20
13
2
2
4
13
9
17
8
7
23
13
4
0
2
2
0
0
9
36
2
2
21
18
4
0
4
28
4
4
2
0
35
4
16
2
2
30
4
5
2
4
2
4
2
6
2
8
59
2
3
4
2
4
23
11
6
0
17
2
5
4
1
0
3
0
7
5
0
1
3
9
7
0
5
1
2
7
9
0
2
3
0
2
1
3
4
2
3
0
2
3
1
0
9
2
5
7
2
2
0
7
3
9
3
11
5
0
11
0
1
11
11
9
0
1
1
1
7
1
1
1
0
0
3
13
3
5
1
0
7
9
3
0
3
0
1
7
3
0
1
2
1
9
5
1
3
0
2
5
0
7
4
1
3
9
1
3
3
1
0
5
1
5
0
0
3
11
1
7
1
7
0
1
0
0
0
0
1
9
0
1
5
1
0
7
7
0
0
2
2
5
0
9
0
1
17
0
2
0
3
9
9
0
0
0
0
0
7
2
0
0
7
2
9
0
7
0
9
0
3
2
0
7
5
0
5
2
0
9
1
1
7
0
7
7
2
5
9
0
5
0
0
0
7
1
0
1
60
9
5
0
2
1
5
1
0
1
2
4
1
1
5
0
0
2
0
0
9
0
5
0
3
1
2
0
9
5
7
11
7
1
0
2
0
0
1
2
0
11
9
0
0
3
11
7
2
9
5
1
0
2
7
11
0
0
5
0
9
5
7
2
7
7
7
5
1
7
1
0
3
9
0
4
1
3
7
9
9
5
11
7
5
7
5
2
0
5
0
5
5
7
0
0
1
9
0
6
6
4
2
0
2
2
4
2
6
2
2
2
4
6
4
4
2
4
8
2
6
4
4
2
2
4
4
4
4
0
4
8
4
4
4
0
2
6
4
4
4
2
6
0
6
4
2
0
6
0
4
6
2
2
2
4
0
4
2
4
4
15
4
0
0
2
4
6
8
2
2
2
2
2
4
2
0
4
2
2
0
2
2
0
0
4
2
0
15
2
2
2
6
2
6
6
9
2
2
2
6
2
6
4
2
2
8
2
2
2
11
4
2
2
2
2
2
4
0
2
4
4
4
17
2
2
2
2
4
4
2
4
0
8
0
2
4
6
4
4
2
4
2
2
2
0
0
14
2
2
4
2
4
8
4
0
6
2
4
0
2
4
6
7
4
2
0
4
4
4
6
4
2
0
4
2
2
2
4
6
6
2
6
4
2
0
2
0
4
2
0
3
2
4
2
2
2
4
4
4
6
2
4
4
6
4
2
4
2
4
17
2
0
4
7
2
0
0
2
4
4
6
0
6
2
0
4
4
2
2
2
0
2
4
4
2
6
4
0
2
4
4
6
0
4
6
2
2
2
6
4
4
2
4
4
0
4
9
4
4
0
2
0
6
0
4
6
8
4
9
4
2
2
4
4
2
0
4
2
6
9
4
4
2
0
7
4
0
30
14
19
18
11
19
16
21
13
19
13
15
15
19
13
9
10
25
17
68
23
15
23
23
17
10
14
13
17
11
13
11
11
21
15
13
13
13
17
19
15
17
17
17
19
15
14
21
15
17
12
23
19
21
17
21
17
22
17
23
17
13
19
17
19
10
15
13
15
10
11
11
6
15
15
47
11
15
13
9
14
15
13
13
10
12
8
10
13
7
11
10
15
23
13
8
11
9
11
12
15
12
13
15
18
16
10
15
13
16
14
12
18
17
63
22
28
12
14
15
17
17
21
11
13
15
11
8
17
17
14
12
13
12
9
25
11
15
9
15
20
20
15
22
11
17
7
11
8
11
7
13
11
17
15
11
11
11
13
11
13
18
15
16
85
13
19
17
10
9
9
9
4
11
9
9
5
10
6
10
12
10
11
15
6
9
10
12
8
15
11
12
13
9
5
20
13
13
8
12
11
2
6
11
6
5
3
2
9
55
2
8
4
6
4
4
8
11
3
5
13
4
8
4
6
14
8
11
4
5
7
9
7
6
12
6
8
6
11
3
5
11
7
7
7
6
4
9
6
4
4
11
8
7
11
13
6
7
8
7
4
10
6
6
9
3
9
6
9
10
10
11
9
6
6
9
8
10
11
10
13
11
6
4
8
13
6
6
12
10
10
4
12
2
10
8
10
12
10
10
6
6
8
4
8
12
10
16
8
16
10
4
6
8
8
6
2
4
18
4
10
8
10
8
4
16
12
10
6
8
8
12
10
12
8
14
10
25
8
12
16
10
12
10
10
16
12
10
12
12
10
8
6
12
14
10
14
14
8
8
6
12
12
6
16
16
8
10
16
21
10
14
10
14
20
18
15
17
10
10
10
6
12
14
12
14
12
14
8
12
10
14
21
12
6
10
14
8
12
14
16
16
10
12
20
14
6
8
12
16
23
6
8
4
8
8
16
10
10
14
19
14
20
8
14
12
10
10
18
6
12
16
6
10
14
12
8
12
17
16
16
16
12
14
17
10
12
14
14
10
12
8
14
14
12
14
19
14
6
8
14
14
12
9
14
21
10
8
19
2
19
25
27
6
10
12
19
14
16
13
8
17
6
8
27
10
14
6
16
6
8
8
16
18
6
10
10
10
10
8
6
10
10
8
10
12
11
8
10
10
4
10
12
10
8
16
8
4
10
2
6
12
10
6
4
9
6
17
95
8
19
8
8
10
14
10
10
6
8
6
8
12
13
6
8
10
6
6
6
8
10
4
8
4
6
8
4
12
4
12
10
6
12
21
6
4
12
4
8
4
6
6
10
6
12
7
3
47
7
5
34
3
7
1
1
3
3
1
47
5
5
1
5
1
1
1
3
3
3
9
3
1
3
7
5
1
7
3
5
7
1
3
3
0
0
9
1
7
1
3
5
1
3
9
3
7
3
9
1
5
45
3
3
1
3
3
1
3
1
3
1
26
5
3
1
45
3
51
5
28
3
3
3
7
3
5
5
3
7
5
7
3
1
5
7
0
5
30
3
1
1
47
5
3
0
0
5
0
3
3
1
0
5
1
3
1
1
30
3
3
9
7
5
5
5
7
2
1
3
3
3
1
3
3
7
1
5
3
5
5
3
3
3
3
3
5
5
5
5
3
5
34
1
7
1
1
3
7
3
21
5
3
5
1
1
7
3
3
3
1
1
1
3
3
3
3
5
1
3
3
5
0
1
5
0
34
5
5
3
7
1
0
3
7
1
5
7
3
1
1
5
5
3
5
7
7
5
3
3
1
3
3
5
5
1
9
1
3
5
5
5
3
5
1
9
5
3
7
1
7
1
3
7
0
0
1
1
3
1
1
39
3
7
1
34
1
5
7
3
1
9
0
2
3
1
0
0
3
5
26
5
7
1
0
5
1
1
1
1
0
7
3
3
5
7
5
3
1
9
5
7
7
1
1
3
5
0
3
0
0
0
7
1
