2
0
0
0
8
4
4
2
2
0
6
0
0
2
2
2
2
0
2
2
0
2
2
0
2
0
0
0
2
2
2
0
0
2
0
2
2
0
6
6
2
4
2
2
0
0
0
0
2
4
0
0
2
2
0
2
0
0
2
2
4
2
2
0
2
4
0
0
2
0
0
6
0
2
2
2
0
0
2
2
4
2
6
0
2
2
6
4
4
0
4
0
0
0
2
4
0
4
2
2
6
2
2
0
2
2
12
2
0
0
4
2
2
2
6
0
2
2
0
0
4
2
0
2
0
2
2
0
2
0
0
2
6
0
0
2
4
6
0
0
2
2
0
0
2
4
0
2
4
2
2
2
4
0
0
4
0
2
2
0
6
2
4
2
6
4
2
2
2
0
0
2
2
0
2
4
2
2
2
2
2
2
0
0
4
0
2
2
4
6
0
2
4
6
4
6
2
2
6
2
4
2
2
4
8
0
2
2
4
2
2
4
4
2
2
2
2
6
2
6
2
0
0
2
0
0
4
12
6
2
0
0
6
8
0
2
6
10
10
0
2
4
0
2
2
2
4
4
2
2
0
2
2
2
2
0
2
2
0
2
2
4
2
12
2
2
4
8
2
4
2
2
0
0
2
2
0
10
2
2
4
2
2
0
2
2
4
2
10
6
6
8
10
17
12
10
8
4
6
4
4
10
8
10
6
6
4
10
6
6
19
8
8
8
10
0
4
18
4
8
8
4
6
4
6
6
4
8
4
4
10
27
8
6
0
16
21
6
8
4
39
12
14
6
6
15
10
6
17
10
10
15
8
17
6
31
14
17
10
10
6
12
16
17
10
12
16
17
14
14
6
8
10
17
10
14
27
14
10
23
14
19
12
19
10
10
23
12
15
25
19
10
10
11
17
16
8
8
25
8
8
25
19
8
29
14
31
25
54
16
25
14
17
10
8
12
31
12
17
37
21
10
27
8
23
21
16
17
8
17
10
14
10
19
23
33
23
12
21
37
12
14
14
25
46
8
6
21
8
23
17
35
14
54
10
4
29
31
25
25
18
0
6
19
15
19
12
10
10
4
6
10
6
12
0
10
2
6
10
0
2
6
2
4
8
6
4
8
4
2
4
10
6
6
2
0
12
4
6
6
6
4
2
4
8
12
8
8
6
2
6
8
2
8
12
2
4
2
2
6
4
6
6
0
4
10
6
6
6
8
6
4
6
4
4
10
4
12
8
8
2
2
10
6
0
6
2
12
8
8
6
0
8
10
0
4
4
6
4
2
4
2
8
6
6
6
4
8
12
6
8
12
6
4
8
6
17
10
8
2
8
4
0
0
6
0
4
4
2
0
0
2
2
2
0
0
2
0
2
0
8
2
2
0
0
2
2
0
0
0
6
2
2
0
2
6
0
0
8
2
4
2
10
0
2
6
10
0
0
0
15
2
2
2
2
2
2
0
10
0
0
12
2
2
4
0
2
0
0
0
0
2
2
6
0
4
0
4
0
2
12
0
2
2
6
2
6
0
4
0
2
0
6
2
0
4
0
0
2
0
2
2
6
6
2
2
2
4
8
2
8
6
14
4
0
0
2
2
0
2
2
2
2
2
2
12
4
0
2
4
0
10
2
8
6
2
4
0
0
0
6
2
0
10
4
10
8
2
8
0
15
14
2
6
0
12
12
2
2
2
12
4
2
6
4
0
2
12
4
0
0
2
0
4
12
2
4
0
6
2
6
14
0
6
2
0
15
8
0
2
2
2
0
2
0
4
6
6
4
6
4
12
19
15
4
2
4
4
4
8
6
2
6
0
12
8
2
33
2
0
4
8
0
0
7
4
2
0
6
2
4
0
0
4
2
0
0
2
0
8
0
2
2
2
0
0
0
10
8
0
2
0
0
6
0
0
0
10
0
0
2
2
0
0
0
2
0
6
14
0
6
10
4
0
4
0
0
2
6
2
0
0
0
4
0
6
6
6
8
8
8
6
6
6
6
4
4
4
6
7
11
6
6
6
2
6
4
4
6
6
4
6
6
8
2
8
6
4
11
11
8
4
6
9
4
11
6
6
8
10
4
10
0
8
10
9
9
10
8
8
9
6
10
4
6
9
10
11
6
6
8
8
6
8
10
7
46
11
13
8
9
11
4
8
4
8
8
6
8
6
6
8
11
8
9
6
6
2
9
6
9
9
9
6
6
8
4
6
6
8
11
6
6
11
6
8
6
6
8
6
6
6
8
9
8
8
9
8
8
8
6
6
8
6
11
9
6
13
13
11
8
10
4
10
6
8
8
6
6
13
10
8
4
6
8
11
9
6
9
9
6
6
9
9
13
8
11
6
9
9
8
6
17
11
8
13
8
11
11
8
8
9
4
11
8
19
15
9
11
11
11
6
11
11
10
10
13
11
13
9
9
13
9
7
8
9
8
8
15
4
6
11
8
4
8
8
8
9
9
7
8
9
13
8
13
8
11
17
11
9
6
7
9
9
9
8
9
6
11
8
4
8
8
7
6
8
8
13
40
4
8
11
8
8
8
15
10
9
8
10
17
4
9
6
15
10
9
4
9
8
8
9
11
11
7
6
8
9
9
8
9
17
9
6
9
13
4
13
6
13
10
11
2
0
2
0
0
0
11
1
0
2
0
39
0
19
66
5
0
5
22
47
0
2
9
21
0
2
5
0
11
18
4
5
27
0
0
11
20
3
37
0
10
26
0
1
5
7
59
4
20
49
25
2
0
0
0
0
21
17
15
2
32
32
43
19
12
45
90
85
5
3
3
17
34
0
0
6
2
83
5
0
15
7
20
3
0
0
0
27
15
0
0
0
0
0
1
0
0
15
5
1
5
50
0
57
44
63
2
9
31
11
0
23
7
0
0
71
89
48
89
92
41
36
21
44
2
2
0
0
59
37
0
0
22
0
0
0
0
0
0
0
98
30
27
0
0
0
0
0
2
4
0
2
71
0
74
0
0
0
0
11
0
0
0
0
36
58
71
4
26
3
0
61
2
58
0
2
2
6
2
2
2
18
0
0
4
4
0
14
48
70
73
2
93
0
0
1
3
22
0
0
16
66
0
78
16
4
18
5
20
42
13
3
89
54
71
0
2
31
4
1
11
80
0
2
90
0
73
2
0
0
0
2
0
0
0
0
21
0
52
30
2
14
0
4
0
2
0
0
90
64
95
0
0
0
2
2
0
0
0
0
86
0
55
2
0
0
1
0
0
0
2
0
82
2
36
4
0
0
0
0
0
2
0
0
80
66
3
67
17
0
0
0
19
20
18
25
0
2
2
7
9
22
2
2
18
2
11
0
2
1
15
23
2
16
2
0
0
23
17
16
16
2
0
33
19
26
3
2
0
0
0
20
17
0
2
0
7
16
14
18
0
2
0
19
22
25
0
0
0
0
2
19
5
0
4
0
0
2
20
17
20
9
2
0
0
18
19
5
4
0
0
0
0
0
10
20
0
0
12
0
0
5
18
20
20
0
0
2
16
5
16
0
0
0
17
16
20
19
0
0
3
0
15
0
4
9
0
0
1
0
16
18
26
18
17
0
0
0
0
16
14
6
8
2
2
0
6
13
17
18
0
0
18
15
16
17
0
0
0
0
18
19
10
11
1
17
3
21
16
0
0
29
0
2
2
0
0
23
18
16
0
0
0
0
17
9
20
0
0
3
0
16
0
0
0
0
17
23
19
0
2
19
0
5
0
3
0
21
3
23
2
0
10
13
20
16
0
0
0
20
0
19
0
0
0
18
2
2
0
0
12
0
0
0
0
2
15
0
20
0
0
16
0
18
0
2
7
18
2
0
0
0
20
22
23
0
0
0
0
17
9
24
0
0
0
0
10
15
0
0
0
16
19
21
0
0
21
18
18
0
2
2
17
22
17
2
2
2
18
16
0
0
0
0
21
19
0
0
1
1
1
25
22
0
3
1
0
1
0
0
0
28
5
1
0
3
3
1
5
1
35
19
28
3
1
1
7
3
5
1
1
28
13
21
1
5
1
0
0
15
59
21
1
1
3
0
0
3
22
9
19
5
0
1
3
7
5
1
1
23
24
24
0
0
5
0
1
22
17
21
0
1
1
3
3
1
5
5
34
29
3
3
0
1
1
0
1
26
22
26
1
1
3
3
1
3
3
0
20
25
27
1
0
1
1
3
1
0
22
33
22
25
3
0
1
1
3
3
3
25
20
30
36
3
1
0
3
0
3
3
1
23
1
3
1
3
1
3
1
1
25
27
23
1
1
3
3
1
0
1
0
25
28
3
5
3
11
7
3
7
0
1
20
22
1
3
1
0
1
1
3
22
26
11
23
3
5
1
7
0
0
9
24
28
1
0
3
1
3
1
1
0
1
1
0
1
3
0
0
3
5
3
1
15
31
5
1
1
3
7
5
5
3
17
24
28
5
7
0
0
1
1
9
3
0
3
32
3
0
5
3
1
1
5
0
3
5
3
1
3
5
1
0
7
1
1
1
5
5
31
25
23
1
7
5
3
5
0
1
3
21
1
0
0
3
1
5
5
5
0
0
3
22
23
25
23
1
1
1
1
0
5
1
23
5
10
5
7
5
10
1
7
10
5
11
10
11
11
7
11
11
7
5
7
13
6
11
12
5
18
15
9
9
9
5
11
9
6
5
9
9
11
13
5
9
10
5
9
17
9
11
9
12
5
9
7
10
7
9
10
5
15
20
3
11
10
9
11
33
5
14
10
15
5
11
7
5
11
12
9
12
12
7
3
10
11
11
7
5
3
9
9
3
5
3
5
5
9
9
3
10
9
7
10
7
8
9
10
7
13
10
5
9
5
9
9
5
11
7
13
12
3
5
13
5
11
11
3
11
6
5
13
7
5
5
7
3
7
3
7
15
9
7
9
3
12
12
7
12
5
7
11
7
9
6
13
12
12
3
9
10
13
9
7
5
7
11
7
7
13
7
9
9
9
8
3
5
14
11
9
9
11
9
11
9
5
9
12
8
15
7
9
5
5
5
9
9
9
9
7
11
3
11
5
5
15
13
7
12
8
6
14
9
11
8
9
11
11
7
9
13
8
11
10
7
9
13
7
8
15
7
9
3
12
10
5
5
9
11
11
9
1
7
9
10
8
9
5
5
10
11
12
13
5
5
14
12
7
21
7
9
9
5
11
4
3
7
5
7
7
9
12
5
7
13
11
7
20
7
5
8
7
7
7
9
3
17
5
5
11
9
7
2
2
4
6
6
8
0
2
2
6
11
2
0
10
8
6
0
4
10
4
12
4
2
8
6
2
0
4
6
4
4
2
0
0
8
4
11
8
0
4
4
2
6
0
4
2
4
6
4
8
8
10
0
6
68
8
2
6
0
0
0
6
6
8
0
6
2
6
0
4
6
6
4
0
0
2
2
6
2
8
0
0
0
0
2
74
0
6
2
6
6
6
0
2
6
2
6
6
10
0
0
7
2
2
2
4
0
0
2
19
2
4
6
2
2
6
4
6
2
4
14
4
4
8
2
6
8
2
2
6
0
4
2
2
2
0
2
6
6
8
2
6
6
2
6
8
0
4
2
4
6
2
6
4
8
4
0
84
2
2
0
17
4
19
2
0
6
0
0
16
6
4
0
6
6
2
6
4
8
2
2
19
4
8
2
2
4
0
6
4
10
6
6
2
0
0
0
6
6
2
10
66
6
0
2
4
2
0
4
2
4
4
2
8
4
2
2
12
2
4
0
14
4
4
2
2
4
4
4
0
4
4
4
0
0
0
0
0
2
2
0
2
4
2
2
6
2
0
10
2
8
0
0
80
2
6
2
6
4
6
4
0
2
21
4
4
4
4
6
0
4
4
0
2
4
2
0
2
4
0
2
0
4
0
4
0
6
8
0
1
2
1
1
2
0
1
0
1
1
0
1
1
1
1
1
1
0
1
1
1
0
1
0
1
0
0
1
0
2
0
1
1
0
2
1
0
0
0
1
1
1
1
0
0
2
0
1
0
1
0
1
1
0
1
0
1
1
1
0
2
2
0
0
2
0
1
1
1
1
2
2
1
1
0
2
1
1
0
1
0
0
1
0
0
1
1
1
0
0
0
1
0
1
0
1
0
1
1
1
0
0
1
1
2
1
0
0
0
1
2
2
1
0
1
2
0
0
2
1
0
0
0
0
6
0
0
1
1
2
1
1
0
1
1
3
0
0
1
1
2
0
1
1
0
2
1
1
1
1
1
0
2
1
1
1
0
1
1
0
2
2
0
1
0
1
0
1
1
1
0
0
1
0
0
1
0
0
0
0
1
1
2
0
1
2
0
1
1
2
0
1
0
1
1
0
1
1
2
0
0
1
0
1
0
1
1
1
2
2
1
1
0
1
1
0
1
0
0
1
2
1
1
1
1
2
1
0
1
2
2
1
2
1
1
1
1
1
1
1
0
0
0
2
1
0
2
1
0
1
0
1
1
3
3
1
1
1
1
0
1
1
1
0
1
2
1
0
0
1
1
1
0
1
0
0
0
1
1
0
0
0
0
0
1
0
0
