2
2
0
4
0
2
2
2
2
2
2
2
2
0
0
0
0
0
0
2
2
0
2
0
0
2
2
2
0
2
2
2
2
0
0
2
0
0
2
2
2
2
0
0
2
0
0
2
0
2
2
2
0
0
2
0
2
2
2
2
2
2
2
2
2
0
0
0
0
4
2
2
0
0
0
2
2
0
2
2
0
0
2
2
4
2
0
2
2
2
0
2
2
2
0
0
0
0
2
2
2
2
0
4
4
0
6
2
2
2
0
2
2
0
2
2
2
2
2
0
0
2
4
2
2
2
0
4
0
2
2
4
4
0
4
0
0
0
0
0
0
4
0
2
0
4
0
0
0
0
2
2
0
2
4
4
2
4
4
0
2
0
0
4
2
0
4
2
0
0
0
2
0
2
0
2
0
0
2
0
2
2
2
0
0
2
0
0
0
0
0
0
2
2
2
2
2
2
0
2
4
4
2
2
0
2
2
0
2
0
4
0
2
0
4
2
4
2
0
0
0
2
0
0
0
0
0
2
2
0
2
2
2
2
4
0
0
4
0
0
2
0
0
2
2
6
4
0
2
0
2
4
2
2
2
0
0
0
4
2
0
0
2
0
2
0
2
4
0
2
0
2
2
4
0
2
0
2
0
2
0
0
2
2
0
2
2
0
24
29
12
6
4
15
8
17
11
15
9
18
4
12
7
9
26
19
8
4
15
9
13
7
6
4
2
13
8
7
8
7
16
15
13
9
60
17
20
24
4
16
12
6
9
13
20
20
24
13
2
18
34
25
13
19
11
8
23
33
13
7
15
45
11
41
14
14
19
25
34
9
14
23
23
32
22
28
31
22
29
30
22
31
53
34
20
23
20
42
20
30
51
9
14
34
38
40
36
31
18
35
28
25
26
20
34
33
51
28
39
44
18
15
47
54
36
56
35
31
61
40
12
36
30
39
37
38
30
63
32
31
51
50
54
37
28
21
48
35
41
20
33
38
29
50
37
61
48
91
60
66
40
45
33
67
49
14
42
33
23
46
55
75
36
13
55
36
59
47
45
75
78
57
55
45
83
27
61
45
33
60
39
20
73
60
67
38
23
23
42
53
45
58
39
63
36
19
38
15
53
35
28
74
64
24
35
37
82
40
52
27
85
61
46
32
33
70
29
55
2
47
42
40
55
37
47
26
48
48
44
35
25
16
26
23
24
49
19
25
15
30
24
19
36
19
48
17
52
16
15
30
13
32
15
17
26
16
15
9
17
27
7
20
16
28
11
6
22
13
7
4
17
4
6
22
36
11
13
9
26
22
48
21
32
6
18
14
8
11
8
13
9
9
13
17
4
17
15
19
15
19
8
9
13
4
23
10
8
8
15
10
11
8
13
13
21
8
6
15
8
17
9
17
8
15
23
11
8
17
23
11
15
15
23
17
17
9
6
17
11
13
11
2
8
7
9
6
9
13
19
11
4
15
13
9
17
11
8
15
19
11
19
13
13
8
44
8
15
8
8
15
8
13
10
10
13
13
11
10
19
6
15
17
2
17
17
13
8
11
15
8
23
6
11
10
13
13
15
11
8
8
19
11
19
15
21
19
23
15
11
11
13
9
34
9
15
10
11
10
10
31
11
9
11
6
10
10
25
8
15
9
15
21
17
17
8
15
30
17
49
13
9
11
19
25
6
19
21
27
17
17
8
6
6
19
9
21
27
19
11
10
17
25
13
15
15
29
11
37
9
17
11
8
27
32
8
13
8
11
21
21
17
6
11
36
21
8
13
13
4
8
9
11
11
10
6
8
13
17
10
15
15
11
9
15
9
15
8
6
9
11
4
9
6
6
6
9
13
8
6
11
4
11
15
9
8
17
8
8
6
8
6
10
17
9
15
11
6
2
8
4
6
2
2
6
4
6
0
4
4
6
0
4
9
9
4
6
6
4
4
4
2
2
6
13
0
7
6
2
0
6
0
4
9
2
0
0
2
0
0
6
13
29
21
0
2
3
2
2
1
0
1
5
7
3
15
12
1
3
1
0
3
2
2
17
20
13
1
0
0
5
6
1
0
0
0
33
2
1
7
1
0
0
2
0
0
0
1
8
2
6
4
0
0
5
3
5
6
3
0
0
0
0
0
3
0
0
0
0
0
2
2
1
1
0
1
1
0
1
3
0
0
0
2
0
1
2
6
2
3
2
0
0
1
0
2
1
0
3
0
0
0
1
2
1
2
2
0
0
1
3
0
0
2
3
0
0
0
0
0
2
6
0
0
1
0
0
2
2
0
2
0
0
0
3
2
0
2
2
0
3
0
1
3
0
1
0
2
0
2
2
2
0
1
1
3
0
7
0
1
1
1
3
1
1
0
1
1
0
3
1
0
1
0
0
0
0
1
3
2
0
0
3
0
0
1
2
3
0
2
0
1
2
2
2
2
0
1
0
0
0
2
0
0
0
2
2
1
0
0
0
0
0
1
0
2
2
0
1
0
0
2
0
0
1
1
0
0
1
2
0
2
0
2
0
0
0
0
1
0
0
2
0
1
3
0
0
0
0
0
3
3
2
3
0
2
0
2
2
2
1
1
1
2
0
0
5
13
0
0
2
3
0
0
1
3
0
10
4
0
0
3
0
6
2
9
2
2
2
0
2
0
0
0
2
4
2
2
0
0
0
4
4
0
4
4
2
0
0
0
2
4
9
2
4
2
4
2
0
2
2
2
0
0
2
4
4
2
6
4
4
0
2
0
0
4
15
4
3
0
2
0
0
4
2
0
0
0
0
0
2
2
2
2
2
4
0
2
0
0
2
2
4
0
2
2
2
0
6
0
4
0
0
2
2
0
0
0
0
0
2
2
0
0
0
2
2
0
2
2
0
7
2
5
0
4
4
0
4
2
4
5
6
2
0
6
4
0
2
2
0
4
2
0
5
6
0
2
4
0
2
4
4
4
4
2
0
2
4
7
0
2
4
0
0
2
0
2
0
2
0
4
2
4
5
7
2
2
0
2
7
0
2
0
2
2
0
2
0
0
0
0
2
0
2
0
2
0
2
0
4
0
4
5
2
0
0
2
2
0
0
15
2
2
2
4
4
0
0
0
0
6
4
0
4
4
0
2
4
2
7
0
3
2
0
2
13
9
4
0
0
2
2
0
0
2
4
4
11
2
2
4
2
2
2
0
4
4
2
0
0
12
2
0
2
0
4
0
6
2
0
4
0
0
0
2
2
2
2
0
0
2
2
2
2
11
4
0
5
7
4
0
2
0
0
0
0
2
2
0
4
8
1
2
0
13
3
2
89
0
6
58
2
7
8
0
6
4
2
2
0
4
4
0
6
4
0
0
8
2
3
0
2
2
8
2
4
8
3
2
2
8
0
7
8
4
6
6
2
8
0
2
2
4
6
6
2
0
4
4
10
0
2
6
2
2
10
0
0
2
0
5
8
0
4
2
8
2
0
4
2
6
6
4
2
0
7
6
0
2
6
2
8
6
7
4
4
4
7
0
2
2
4
2
90
4
4
8
2
6
4
8
2
0
6
2
2
2
0
9
8
2
0
0
2
0
2
4
10
2
0
6
6
8
2
4
2
2
4
6
0
2
8
2
6
2
4
0
0
4
5
6
6
9
6
6
4
0
2
4
6
2
8
4
2
10
6
6
0
0
0
5
0
2
2
2
2
95
11
2
2
2
0
0
4
0
9
4
5
4
2
2
2
6
2
2
0
6
4
5
2
0
2
6
2
2
2
0
2
2
2
2
8
6
4
6
0
2
2
2
2
6
8
0
8
4
2
2
2
2
0
0
0
92
0
4
4
2
0
0
2
4
0
5
6
2
4
0
7
2
6
0
4
0
13
0
6
6
6
6
2
2
8
8
0
2
0
2
0
0
4
2
4
6
6
4
6
4
4
2
2
7
6
4
97
3
0
4
11
2
2
7
0
0
2
2
2
4
4
2
4
4
2
0
2
2
4
4
2
2
4
2
4
4
2
0
2
96
2
2
2
0
2
2
2
4
4
2
4
2
4
4
2
2
2
2
2
4
2
4
4
2
2
2
4
4
2
2
4
2
4
0
2
4
0
2
2
0
2
2
0
2
2
0
0
2
2
4
4
0
2
2
2
0
0
4
2
4
0
2
2
0
4
2
2
2
2
0
0
0
0
0
2
2
0
5
0
2
4
2
0
2
0
2
2
0
0
0
4
2
4
0
0
4
6
3
0
0
0
0
2
2
4
0
2
0
2
0
4
7
2
4
0
0
3
2
2
4
2
4
0
2
0
2
2
2
2
0
5
4
0
4
3
2
0
2
0
2
0
4
0
6
2
4
0
0
0
2
2
3
0
0
2
0
2
0
2
2
2
2
2
2
4
0
0
0
0
0
4
2
2
4
2
0
2
2
2
2
0
2
2
2
2
2
0
2
3
2
2
0
4
0
0
4
2
4
2
4
4
0
0
0
4
2
2
0
0
4
5
2
0
0
4
0
0
2
2
2
2
0
0
0
4
0
6
0
2
2
4
0
2
5
0
2
0
6
0
0
0
2
0
4
0
0
4
0
0
0
3
2
6
2
0
2
2
0
2
2
7
7
2
23
4
0
6
0
2
2
2
4
2
6
0
0
2
8
8
0
2
6
11
8
6
98
10
0
0
2
2
0
8
0
8
0
6
6
2
8
0
6
0
0
6
4
87
8
6
89
2
2
10
6
2
4
2
0
0
2
10
5
0
99
8
2
2
2
2
10
0
8
0
2
4
6
7
8
4
6
4
10
4
2
6
0
0
6
12
4
0
7
6
4
2
2
19
6
4
4
2
6
2
2
0
2
0
2
2
2
0
7
2
15
6
5
0
6
6
2
2
2
6
0
2
6
4
2
4
2
2
0
4
2
0
4
6
2
2
8
4
4
2
2
0
4
2
4
2
10
2
8
2
0
0
2
4
2
6
4
4
2
2
2
2
2
6
0
4
4
8
8
4
0
0
6
2
6
8
5
4
4
8
2
9
6
0
2
6
0
6
2
4
4
2
4
8
6
4
2
51
2
4
4
9
2
0
8
0
2
2
11
2
0
2
8
6
0
2
6
4
4
4
2
4
6
0
0
2
4
2
8
6
0
0
11
8
77
2
2
4
0
2
4
5
2
4
10
11
5
0
6
6
0
6
10
8
82
8
6
96
4
6
4
0
0
4
4
6
8
4
6
2
10
5
95
4
4
6
6
0
0
2
0
2
6
4
0
0
0
0
0
6
0
0
0
0
0
0
0
4
2
0
0
0
6
6
2
0
4
4
0
0
2
0
6
0
0
0
2
0
4
2
4
0
0
0
6
0
2
4
0
0
2
2
0
2
0
2
0
2
4
0
0
0
2
0
2
0
2
2
2
2
0
0
0
4
0
0
0
2
4
0
4
0
0
2
0
6
51
0
0
0
0
0
2
2
2
2
6
0
2
0
2
2
4
0
51
2
4
4
2
2
0
0
0
2
4
2
6
6
6
0
2
0
2
0
0
0
4
2
4
0
2
6
2
39
0
2
2
2
0
0
0
2
0
2
0
6
76
2
0
2
0
2
2
2
0
2
2
4
2
0
2
4
0
2
2
4
4
2
0
0
4
4
0
2
0
0
4
2
4
2
4
0
4
0
4
2
0
0
0
0
0
0
2
41
0
0
0
2
2
0
2
2
2
0
0
2
4
0
0
4
2
4
2
2
0
0
4
0
4
2
4
0
0
2
0
4
2
0
0
0
0
2
0
0
2
2
4
0
0
0
0
2
2
2
2
2
0
2
0
0
0
2
0
0
2
2
0
0
0
0
0
0
0
0
2
4
0
44
0
0
0
2
4
0
0
0
0
4
0
2
4
0
2
2
2
2
0
4
4
6
0
2
1
2
3
1
1
3
6
4
0
3
2
3
2
5
0
5
1
3
3
0
0
2
2
3
0
2
1
3
0
3
3
2
2
3
0
3
3
2
1
0
3
0
1
10
4
0
1
4
4
1
4
2
2
0
1
4
5
0
4
3
2
4
2
3
3
3
1
3
3
4
2
2
2
3
6
2
0
0
0
0
3
3
3
0
0
2
2
3
4
2
5
5
2
1
3
2
2
3
4
1
5
3
0
2
4
0
0
2
2
2
1
0
1
4
1
5
4
7
3
5
2
2
5
4
2
0
2
5
8
4
2
2
0
1
2
2
1
1
3
4
3
2
0
4
5
0
2
0
0
2
3
6
0
0
3
2
1
7
0
3
0
0
5
0
3
2
0
0
1
2
3
3
4
0
0
2
5
1
0
1
3
1
1
3
2
3
2
3
2
2
2
3
2
3
0
2
1
2
4
3
9
1
1
2
3
4
3
3
3
0
0
3
2
2
2
0
7
2
2
5
3
2
2
1
2
11
5
1
3
5
2
0
2
1
3
4
4
3
0
1
2
5
1
0
3
4
1
0
1
1
1
1
1
2
3
0
3
2
2
3
0
0
3
2
2
2
3
4
0
2
7
0
1
5
2
1
0
2
3
0
3
1
4
0
2
0
2
2
