4
2
2
0
0
0
2
4
2
4
4
0
2
2
0
2
2
0
2
0
0
0
0
2
4
2
2
0
2
0
0
2
2
2
0
4
2
2
2
2
0
2
2
0
2
2
0
0
2
2
2
2
0
0
0
2
0
0
0
0
2
2
0
0
0
4
2
0
2
0
0
2
0
0
0
2
0
2
2
0
2
0
2
0
0
2
2
0
0
2
2
0
0
2
0
2
2
2
0
2
2
2
0
0
0
2
4
2
2
2
0
0
4
2
2
2
2
0
2
2
2
0
2
0
89
0
0
0
0
4
2
2
2
4
0
0
4
2
2
0
0
2
0
0
0
0
2
4
0
4
2
0
0
2
2
2
4
2
2
2
0
2
0
2
2
2
0
2
2
2
0
0
0
2
0
0
0
0
0
0
2
0
0
2
0
0
2
2
2
0
2
2
0
2
4
0
2
2
0
4
2
0
2
4
2
0
0
0
0
0
6
2
2
0
2
0
2
2
2
2
2
2
0
2
2
0
0
2
2
0
2
0
0
2
2
0
0
2
0
2
2
2
2
0
0
2
2
2
2
0
0
2
2
0
2
2
0
2
2
2
2
2
0
2
0
0
0
2
0
0
2
2
0
0
2
2
2
2
2
2
0
0
0
2
0
0
0
2
84
82
80
75
9
89
74
36
45
21
9
33
54
70
66
32
58
63
78
49
36
19
54
56
72
57
82
68
34
30
55
87
42
21
19
10
40
68
53
76
44
73
68
36
93
86
51
49
11
19
77
79
28
52
30
57
47
27
87
19
55
38
80
45
64
67
90
91
74
24
28
33
36
81
72
80
8
30
65
40
0
19
26
37
15
19
23
83
9
56
38
68
62
74
28
26
28
21
33
74
28
80
85
0
97
30
9
52
21
72
76
83
81
79
91
52
56
44
47
38
80
20
19
61
64
65
62
91
58
19
38
37
38
19
34
61
28
79
68
74
76
36
70
43
57
39
70
64
19
86
75
38
56
9
42
72
25
56
72
72
36
57
64
75
65
7
19
25
72
26
84
70
0
72
78
74
47
21
9
46
47
82
85
68
27
64
77
47
77
35
9
19
47
0
27
43
28
79
70
66
66
9
0
44
11
38
61
65
39
47
32
47
66
9
34
26
9
11
53
74
33
64
51
81
74
52
19
9
45
34
66
17
25
18
44
2
80
61
25
77
78
9
68
68
74
28
57
38
9
0
64
57
21
19
38
74
28
72
70
66
62
42
62
58
6
9
49
28
40
9
47
34
54
8
66
30
36
63
30
90
41
58
68
70
30
21
0
0
2
0
2
4
4
2
4
0
2
0
4
2
2
2
2
2
2
0
2
3
4
0
4
4
0
4
2
0
4
2
2
4
4
2
0
2
2
0
2
2
2
0
0
2
2
0
2
2
2
2
2
2
2
0
2
4
0
2
0
2
4
0
2
0
2
12
2
2
2
0
4
2
0
2
0
4
2
4
2
2
2
0
17
2
4
0
3
4
0
2
15
2
6
0
2
4
2
2
2
13
2
2
2
2
4
2
2
2
2
3
0
2
4
2
4
2
2
0
6
4
2
2
2
2
2
2
2
4
2
2
2
2
4
2
0
3
0
4
5
0
0
4
2
0
4
2
2
0
2
15
2
4
2
0
2
4
2
0
2
0
2
15
2
2
11
0
2
4
2
4
2
2
2
0
2
0
4
0
2
4
0
0
2
13
4
0
0
0
0
4
2
0
2
4
2
2
4
2
2
2
2
2
0
5
2
2
4
2
4
2
2
2
2
3
3
2
2
2
2
2
0
2
2
0
0
0
13
2
6
4
4
2
2
0
2
4
2
2
2
4
4
2
2
2
0
13
4
2
2
2
11
0
2
4
2
2
17
4
2
0
4
0
4
4
2
2
0
2
4
2
2
0
2
2
2
2
0
2
0
0
2
4
2
0
2
0
2
2
18
21
17
17
8
22
13
27
16
10
15
21
17
19
20
20
13
30
26
0
12
10
13
22
23
20
14
10
17
19
13
24
14
10
13
22
36
33
18
11
22
20
14
12
14
13
11
30
15
19
16
17
30
16
12
10
13
3
22
20
11
32
14
15
13
19
25
16
0
13
10
21
18
36
17
14
17
12
10
22
26
4
20
15
22
15
14
25
18
22
18
20
14
15
14
23
10
18
20
17
26
33
16
11
13
12
15
20
13
26
13
11
19
32
11
11
14
19
13
30
21
37
19
15
18
19
26
16
15
12
12
9
32
36
20
14
16
25
17
11
23
20
11
21
13
26
28
12
15
21
16
14
11
13
22
25
19
18
26
62
40
49
18
41
66
15
11
9
16
19
19
13
25
16
17
9
20
9
13
10
41
17
13
13
25
19
18
29
39
13
12
23
23
33
20
22
25
37
16
13
13
22
16
34
23
43
18
26
17
16
15
28
14
19
14
29
17
15
31
17
19
17
33
18
20
13
16
22
17
27
25
28
15
16
16
20
11
12
18
25
26
21
18
19
20
17
18
15
10
16
25
17
29
17
39
22
24
17
26
22
18
19
20
26
12
13
25
16
20
15
36
18
21
15
23
18
20
26
16
16
16
19
48
16
18
18
15
11
0
0
0
2
0
2
2
2
2
0
2
2
2
2
4
0
2
0
2
0
2
4
0
0
6
2
0
4
0
2
2
0
2
0
2
2
2
2
2
0
0
2
0
4
2
2
2
2
4
4
2
2
2
0
4
2
0
2
0
2
2
2
4
0
4
2
0
6
4
2
2
0
2
0
0
0
2
2
0
4
2
0
0
2
0
4
2
0
4
2
0
0
2
2
0
0
0
2
2
0
2
0
6
2
2
4
2
0
2
6
2
0
0
2
2
0
0
0
2
2
2
0
0
2
2
4
2
0
0
0
4
2
2
31
4
2
0
0
2
4
0
2
0
2
2
0
2
4
2
2
2
0
2
0
2
2
6
4
2
0
0
0
0
2
2
0
0
2
0
2
2
2
2
0
0
4
2
2
2
0
2
4
2
2
0
2
6
6
2
0
2
2
0
2
0
2
2
4
2
2
4
0
2
4
4
2
6
2
2
2
4
0
2
6
2
4
2
4
2
0
0
0
4
0
2
4
6
2
2
0
4
0
0
2
0
2
2
0
0
2
2
0
4
4
2
2
0
0
2
2
2
2
2
2
2
0
2
2
0
6
6
0
2
2
0
2
2
2
0
0
2
2
0
2
0
2
4
4
0
0
2
2
8
0
2
2
2
0
12
13
15
0
12
15
18
0
6
0
20
18
1
9
17
23
15
20
18
22
18
13
1
17
0
16
24
17
5
4
18
7
12
15
19
7
12
20
21
29
14
15
21
0
17
0
12
0
7
13
30
23
15
13
17
7
12
5
9
12
17
18
1
14
17
0
22
13
4
5
12
10
14
0
13
1
0
11
16
19
1
18
16
13
11
0
18
18
13
16
22
0
27
14
13
1
15
12
9
4
0
12
18
0
11
13
0
25
0
8
1
24
17
22
10
24
15
14
5
12
1
11
1
20
20
19
15
9
14
5
30
2
0
14
10
22
16
0
8
3
11
3
9
16
15
12
16
18
45
6
19
0
12
4
3
16
13
8
12
0
22
13
14
17
0
11
13
18
11
11
18
19
5
12
21
17
0
16
1
1
7
8
5
17
9
1
25
7
1
10
12
19
15
13
7
11
1
17
22
14
0
10
1
20
13
23
0
22
11
18
0
5
20
10
17
0
1
11
1
35
15
22
24
12
7
4
21
3
23
15
1
21
0
18
0
13
19
0
18
1
20
0
19
0
17
14
0
22
14
9
0
16
0
15
19
20
11
17
22
14
8
1
9
12
21
21
3
0
11
13
16
15
17
18
3
8
11
23
0
22
15
14
14
19
25
17
15
19
2
25
4
0
2
2
31
3
4
32
2
0
3
0
2
28
33
0
0
0
1
0
0
2
2
26
2
5
3
2
34
2
0
4
3
35
2
5
1
0
0
2
2
18
3
2
31
2
2
0
3
1
25
35
0
0
0
0
0
3
2
0
3
1
34
3
0
2
4
35
1
0
2
0
37
4
3
2
3
32
5
2
29
3
3
24
2
3
27
30
0
0
0
0
0
6
1
28
2
2
29
2
2
26
2
0
3
3
32
3
1
2
3
32
2
28
2
3
29
2
2
24
5
1
3
30
29
0
0
1
0
3
5
29
3
3
2
0
33
2
8
2
2
29
0
4
0
3
27
3
39
3
2
14
4
3
26
1
1
33
38
0
0
0
0
0
0
2
2
24
1
5
4
3
30
1
39
1
2
6
2
3
28
3
0
0
2
37
2
3
32
3
1
0
2
2
26
34
0
0
0
0
0
0
2
37
2
4
1
4
0
2
2
27
3
13
0
2
31
2
35
2
0
39
5
26
2
0
42
4
3
24
12
0
0
0
0
1
0
4
2
33
2
4
33
3
22
0
2
18
2
2
14
4
3
33
3
0
3
2
24
1
1
31
3
3
2
3
2
1
30
0
0
0
2
2
32
1
4
3
3
33
3
1
34
2
0
2
16
12
10
8
31
19
8
17
16
45
16
51
27
19
10
12
19
18
6
29
18
23
16
12
16
16
14
31
18
18
23
25
16
25
12
14
16
39
21
49
35
25
10
8
8
21
23
18
19
12
14
25
25
16
16
16
33
23
25
12
0
16
14
14
27
27
21
29
16
19
16
19
12
14
18
31
41
10
47
39
19
47
39
27
27
25
14
29
21
55
68
12
14
39
14
19
16
10
14
18
25
27
39
14
8
35
27
23
8
41
35
23
31
14
16
31
17
10
29
19
29
41
16
29
27
33
29
45
29
19
55
12
42
39
17
45
21
14
31
31
33
33
17
41
43
39
43
23
31
19
31
49
43
19
12
16
12
45
14
51
23
19
45
39
19
43
78
53
25
23
19
14
60
45
35
51
66
27
35
19
16
39
29
31
16
31
43
33
21
27
21
37
14
41
51
39
21
43
39
25
39
14
16
37
31
16
41
37
48
21
45
12
33
18
18
19
31
19
21
31
35
37
35
33
25
10
16
37
29
31
23
23
27
8
12
29
16
18
10
16
23
19
25
39
37
39
14
14
18
37
16
29
20
18
25
23
51
21
29
21
16
23
27
14
29
25
23
19
6
14
10
27
25
12
21
16
29
27
16
6
16
10
14
35
10
19
19
19
5
5
11
7
5
9
15
20
7
3
9
9
5
9
14
3
9
7
9
11
11
11
21
11
13
9
5
11
19
21
5
13
5
13
15
9
11
13
15
19
9
20
9
13
20
26
15
17
13
11
29
22
29
25
13
11
11
28
21
22
18
11
9
5
32
5
28
15
19
13
9
11
21
25
13
5
13
9
5
13
16
5
17
5
13
5
7
3
11
21
19
15
19
5
9
24
9
18
11
5
7
15
28
12
11
13
29
22
1
17
18
26
13
9
22
15
3
1
21
20
5
26
25
19
13
9
17
15
18
19
7
11
5
9
17
14
11
13
11
7
3
11
15
9
15
11
7
15
7
17
17
11
5
19
7
15
13
15
30
13
15
11
11
17
13
26
7
9
11
9
5
16
52
26
17
35
15
17
36
30
13
19
13
16
28
10
11
17
21
14
32
21
30
5
26
7
38
30
28
31
24
11
16
28
17
7
25
36
7
18
28
22
22
11
19
7
28
30
28
7
15
9
9
30
15
13
34
14
29
9
3
3
26
13
9
29
24
27
20
26
18
9
17
18
31
30
28
52
5
5
5
5
7
7
5
5
3
5
9
12
36
13
9
7
10
6
7
5
9
31
5
7
16
7
29
29
6
9
24
9
5
38
7
11
7
5
9
9
0
0
3
5
1
1
4
3
19
0
0
0
0
1
0
1
2
2
2
2
1
3
1
2
3
0
0
1
0
4
0
2
2
2
1
1
3
2
3
4
2
1
2
3
29
0
2
0
2
2
0
4
2
0
1
0
0
0
2
2
1
1
5
0
2
0
4
5
0
2
7
3
0
3
2
0
6
3
3
1
3
7
1
5
2
0
4
2
4
3
2
0
3
1
2
4
1
2
4
5
4
0
26
2
5
2
1
1
4
3
3
2
1
0
0
4
2
2
4
3
1
0
2
4
2
4
3
5
0
1
4
0
1
0
1
3
1
1
5
1
0
1
3
2
3
5
3
1
7
7
3
4
2
4
0
9
5
0
4
19
3
1
2
0
0
0
2
4
1
2
2
1
25
2
3
1
4
1
4
2
2
2
3
1
0
2
0
2
2
7
3
0
1
1
3
0
4
1
2
3
0
0
0
0
27
0
4
1
2
0
3
0
2
0
1
2
2
4
0
3
3
2
1
4
2
0
3
2
2
4
3
3
2
3
3
0
2
6
3
0
0
2
2
0
2
2
3
2
0
0
3
4
7
7
1
0
3
1
3
5
2
3
6
1
3
5
0
2
2
2
2
1
1
3
1
5
5
1
1
13
3
0
1
3
1
1
0
5
