4
3
7
9
3
2
0
2
3
7
5
2
2
4
3
7
2
5
3
2
5
2
3
2
5
3
5
3
7
2
2
3
0
2
3
7
5
2
0
7
2
2
0
2
0
9
7
3
5
0
5
6
2
0
3
3
2
2
5
3
2
0
4
3
0
4
3
3
2
7
5
5
2
2
2
2
0
3
3
7
4
3
7
2
2
2
0
5
2
7
3
0
0
0
5
0
2
0
4
4
4
4
4
3
3
3
3
5
2
0
3
4
2
3
0
7
2
5
5
4
4
5
3
2
2
3
2
2
3
0
3
6
7
5
3
3
7
2
2
2
2
0
4
3
0
4
3
2
5
3
2
5
2
4
2
0
2
2
5
2
0
2
0
3
2
7
0
2
0
3
3
5
9
5
0
4
0
2
0
2
5
7
4
3
3
3
4
2
2
0
5
3
0
3
3
5
4
2
5
0
7
2
2
2
2
0
2
3
4
5
3
3
4
2
2
2
5
4
2
2
3
3
2
2
4
0
5
2
3
2
2
4
2
0
7
7
4
0
7
3
0
2
0
2
3
0
0
3
4
4
7
2
5
3
2
3
5
5
6
4
2
2
2
6
4
3
5
2
7
4
0
2
0
4
2
7
5
2
3
9
2
0
2
2
3
9
6
5
1
1
2
1
2
0
2
2
2
2
0
2
0
0
2
2
2
2
0
0
0
4
3
2
0
0
2
0
1
0
0
2
0
0
0
2
0
0
2
0
2
2
2
2
0
2
0
2
1
2
2
0
2
3
0
2
2
2
0
0
1
3
2
2
0
2
0
3
2
0
4
0
0
0
0
0
0
2
2
0
2
2
1
2
0
1
1
2
0
0
0
0
2
3
0
2
0
1
0
2
2
0
1
0
0
2
2
2
1
0
2
0
2
2
2
0
2
0
2
2
2
0
2
1
3
0
1
0
2
1
0
0
1
2
3
2
2
0
2
0
2
3
6
2
1
1
1
2
3
0
2
4
2
2
2
0
1
2
0
0
2
2
0
0
2
0
0
0
0
2
0
1
2
0
3
0
3
2
0
0
2
1
2
3
2
2
2
2
0
2
0
3
1
2
0
2
2
2
2
0
0
1
2
2
0
0
2
0
0
0
5
0
3
2
1
2
2
0
0
0
2
0
0
0
1
2
2
2
1
2
0
0
1
0
0
2
1
2
0
2
0
2
2
0
2
2
0
2
2
0
0
3
2
2
0
2
1
4
2
0
2
0
0
2
0
0
2
1
2
0
2
0
2
4
2
0
2
0
0
1
2
2
1
0
0
2
0
2
3
0
0
2
3
0
2
0
0
3
8
0
0
0
2
2
2
0
0
0
2
3
2
0
2
2
0
2
0
2
2
2
0
0
0
0
0
0
4
2
0
3
0
0
8
0
2
0
2
0
2
2
0
3
0
3
0
2
2
0
2
0
0
0
3
0
3
0
0
0
2
1
2
3
0
0
3
1
0
0
0
2
0
3
2
0
2
0
2
0
0
0
0
2
2
3
0
0
0
2
0
0
0
0
5
0
0
2
0
2
2
0
3
0
0
2
2
2
2
7
2
3
3
2
3
12
0
2
2
2
0
0
0
0
0
2
0
0
2
6
0
0
0
2
0
0
3
0
3
2
0
0
5
2
0
2
2
0
2
11
2
0
2
0
2
2
4
3
2
0
2
0
0
0
0
0
2
2
0
2
0
0
0
0
0
0
0
0
0
0
3
0
2
3
0
0
2
3
2
5
2
2
2
3
2
2
2
0
1
0
2
2
2
0
3
0
0
2
2
0
2
2
0
2
0
0
2
2
0
0
0
0
2
1
0
2
0
0
2
3
2
2
2
0
3
3
0
0
0
0
0
2
3
0
0
0
2
2
2
0
0
0
0
0
2
2
0
2
2
5
0
9
0
2
0
0
0
0
0
5
2
3
2
0
0
2
0
2
7
3
2
8
2
2
46
2
2
2
34
2
7
6
8
6
4
6
16
6
6
17
21
0
5
13
8
60
8
4
2
28
31
36
27
5
6
50
2
2
35
9
4
7
23
27
3
33
4
4
51
4
6
45
30
7
21
26
30
48
6
10
6
5
2
34
6
67
20
23
4
6
2
0
4
6
2
4
2
2
6
22
8
13
9
48
6
57
9
22
8
20
24
6
39
2
7
8
4
6
8
26
6
31
25
46
53
8
8
42
5
6
6
51
32
24
16
36
8
40
4
2
8
24
6
19
20
4
9
12
7
6
25
34
42
4
13
22
17
13
20
4
30
13
4
4
56
3
4
33
37
2
16
28
24
30
57
54
6
29
31
32
7
25
0
22
11
8
27
21
29
12
29
2
24
29
2
13
12
20
4
30
42
2
27
18
38
2
4
4
4
2
17
2
44
18
16
28
22
9
13
6
24
25
9
8
42
25
20
20
25
5
18
13
2
19
0
25
25
8
24
22
2
15
5
31
15
39
44
6
41
24
22
32
40
4
4
24
26
4
2
43
37
36
6
20
3
29
9
20
19
29
6
20
34
24
9
23
10
2
14
11
23
2
25
54
14
22
20
2
17
11
12
2
18
33
4
23
34
51
27
44
38
5
15
26
11
4
16
12
7
10
8
8
4
4
7
13
8
8
6
10
9
13
8
8
12
4
8
6
8
7
8
8
2
15
5
4
14
5
8
4
10
8
10
12
6
10
12
4
8
17
4
11
60
8
6
6
10
12
12
10
12
7
10
10
8
15
10
6
11
10
6
12
6
8
6
6
2
8
10
6
18
7
10
10
12
9
8
13
12
10
13
6
15
8
10
12
12
12
12
11
13
12
8
18
8
12
10
11
10
6
13
14
10
13
6
17
9
12
6
9
10
18
21
12
4
8
10
13
15
10
4
12
4
19
11
4
8
8
8
11
16
6
12
4
6
15
4
4
6
8
4
6
6
8
4
4
4
5
4
10
10
10
8
6
2
4
17
8
10
12
12
10
14
9
10
6
7
14
12
3
10
10
6
10
4
6
10
8
8
8
10
10
8
12
12
15
11
12
8
12
9
8
8
8
6
14
14
12
6
14
6
12
4
8
9
15
11
4
4
6
6
7
13
13
8
8
6
6
10
10
5
10
11
4
10
8
8
12
6
16
15
4
6
10
6
6
4
6
4
8
10
4
6
8
6
6
15
10
10
8
10
6
15
10
6
6
8
8
6
12
8
16
7
6
7
10
11
9
16
6
4
8
4
4
4
2
13
6
4
8
6
4
6
10
0
0
0
0
0
0
0
0
0
0
0
0
0
0
0
0
0
0
0
0
0
0
0
0
0
0
0
0
0
0
0
0
0
0
0
0
0
0
0
0
0
0
0
0
0
0
0
0
0
0
0
0
0
0
3
13
21
15
13
24
52
12
57
17
21
26
25
16
11
7
33
15
13
12
14
11
5
7
13
4
15
10
13
9
9
14
16
15
33
11
12
4
15
16
11
20
28
15
9
14
27
21
13
11
13
9
19
24
15
11
16
9
4
8
22
18
11
51
36
9
4
2
12
26
24
18
11
11
26
28
15
11
9
15
9
11
26
13
5
17
15
24
41
27
10
20
8
17
28
18
28
10
17
7
14
7
21
26
6
20
15
24
13
12
11
26
22
12
11
19
23
8
18
13
13
17
27
32
10
18
17
11
57
15
6
16
12
0
13
9
6
15
18
13
11
18
16
16
17
28
13
24
13
21
9
21
22
9
14
13
17
8
16
18
17
12
18
12
15
11
11
14
20
7
9
25
21
15
11
17
13
22
12
8
13
11
13
27
14
14
27
17
40
18
27
21
26
18
5
15
13
17
13
11
11
22
16
14
18
18
19
15
18
28
21
11
20
5
11
11
13
4
34
0
10
31
27
8
26
13
17
28
21
5
25
21
22
17
3
4
0
3
8
9
3
5
6
3
6
1
1
3
8
6
3
1
4
3
8
3
3
1
6
0
3
3
1
4
6
4
5
3
22
6
7
1
1
10
5
5
1
0
12
7
5
8
3
5
5
3
3
1
3
3
5
7
3
7
3
5
1
3
1
5
1
7
0
1
3
3
5
5
5
1
5
1
3
3
3
3
14
8
3
3
1
8
7
1
15
4
5
5
7
6
3
5
1
3
3
7
1
7
3
4
7
3
12
13
1
5
6
10
5
5
3
3
5
1
5
9
3
7
6
5
4
3
3
5
5
3
6
3
0
5
6
5
5
15
3
6
5
3
5
5
1
5
13
3
10
1
1
1
3
1
3
5
7
3
5
1
1
3
1
12
5
11
1
8
4
6
6
3
3
3
0
5
6
5
5
5
5
5
1
1
5
4
3
1
9
5
8
1
3
1
7
5
1
9
1
5
3
3
5
5
0
3
6
3
5
5
5
13
3
4
6
5
1
1
7
6
9
5
3
5
1
1
1
5
3
5
7
3
1
5
0
6
3
3
5
6
5
11
1
0
6
3
0
3
5
1
5
5
5
3
3
8
7
5
1
5
8
5
1
5
10
1
7
3
12
7
21
10
3
4
1
1
5
3
1
3
3
0
3
9
5
12
0
7
7
5
3
5
6
3
7
5
3
1
1
1
5
1
7
5
4
0
0
7
3
3
3
3
1
4
5
1
1
3
9
3
9
3
0
5
5
7
3
5
0
1
2
3
7
1
3
5
5
5
0
2
7
0
3
3
3
1
5
5
1
3
5
1
1
3
5
3
3
3
1
6
2
1
5
3
5
4
1
3
5
9
5
1
2
0
5
4
4
7
5
3
3
6
5
9
1
7
5
3
0
5
7
2
1
3
1
3
1
5
5
3
1
1
1
3
5
1
5
7
5
1
3
1
7
1
1
3
5
7
0
1
5
3
5
7
0
1
3
44
7
3
5
1
4
1
7
1
5
6
5
3
1
5
1
5
3
3
4
3
5
1
1
3
3
0
1
1
0
7
3
3
3
4
2
5
1
5
15
3
5
3
5
3
3
4
3
1
3
5
5
7
1
5
5
0
5
3
1
1
3
4
1
0
7
3
0
5
5
7
3
20
3
0
3
3
3
1
5
3
7
3
1
1
1
7
1
3
1
3
7
5
3
4
4
3
1
7
1
2
3
5
19
3
3
5
3
0
3
3
7
1
5
1
3
4
7
43
5
5
1
3
4
1
3
30
2
1
5
3
1
1
5
1
0
3
1
5
5
3
0
3
1
5
4
1
25
0
18
3
28
1
25
36
25
1
35
39
62
37
5
6
40
40
14
20
50
37
39
41
1
40
32
38
38
0
26
25
19
29
23
20
37
5
62
37
3
16
36
34
29
21
22
14
33
14
40
26
15
14
38
23
39
5
16
3
17
23
22
1
20
24
38
1
21
29
32
6
21
30
22
12
26
25
0
17
33
1
25
10
17
14
22
1
19
21
14
32
20
29
34
19
26
25
7
17
27
9
29
32
21
10
39
43
28
27
32
39
0
34
18
3
27
20
0
21
26
18
10
18
3
19
34
40
0
12
12
15
14
14
1
18
18
31
11
23
29
0
19
0
13
0
34
16
25
1
21
42
18
14
17
12
14
1
14
31
22
15
34
26
27
5
15
0
34
1
10
1
38
22
3
27
30
18
9
4
23
25
53
1
0
14
30
25
26
1
20
6
40
0
20
37
0
22
12
19
1
6
16
16
15
14
0
22
14
30
0
20
20
3
20
20
19
1
18
12
3
0
1
26
1
19
24
3
24
27
10
13
1
29
24
15
17
22
24
13
10
28
16
26
12
3
1
14
0
6
25
28
3
30
3
24
10
30
3
15
14
1
29
12
0
29
30
30
19
3
1
14
9
12
1
28
31
9
13
21
17
8
0
30
31
22
0
2
0
1
20
0
48
1
0
0
17
23
0
0
0
0
1
0
36
0
14
19
0
25
0
23
0
0
1
1
1
1
1
21
0
2
31
26
25
1
20
19
1
0
0
0
0
0
0
0
0
0
0
0
0
1
24
2
17
18
20
27
0
19
10
0
27
32
0
1
0
0
0
0
0
0
1
1
1
0
0
3
22
0
1
14
1
0
0
0
1
1
1
8
1
22
34
0
0
0
1
1
0
1
19
16
1
1
24
2
1
0
16
19
37
0
0
0
0
0
0
0
0
0
1
0
2
39
0
18
23
38
2
1
19
2
1
0
0
0
45
19
0
0
0
0
0
0
0
5
2
26
0
25
28
0
29
0
0
0
0
1
0
1
0
1
1
23
0
2
19
0
28
0
1
0
0
0
20
2
22
20
0
1
1
0
0
1
11
0
0
0
1
0
18
16
16
16
19
0
0
38
0
0
24
21
0
0
0
2
1
12
0
0
29
26
0
0
0
1
1
0
0
0
7
21
0
0
0
0
0
0
2
1
0
0
0
0
0
25
1
3
3
0
29
0
0
0
1
0
0
23
16
0
1
1
1
1
1
1
1
0
0
0
2
0
0
0
1
0
27
0
0
3
0
0
0
0
0
1
1
24
0
23
1
20
0
20
36
30
