3
5
9
9
9
5
15
19
2
13
3
3
9
9
19
3
11
9
5
3
9
5
9
13
11
7
39
15
11
13
11
9
5
13
2
11
11
9
13
7
7
17
7
2
0
11
9
5
9
3
5
13
5
9
5
3
3
9
11
7
7
7
2
17
5
17
9
2
7
17
9
5
5
7
5
9
11
3
9
5
9
11
5
11
5
13
17
7
11
13
11
5
3
7
21
55
25
19
31
17
13
35
13
23
11
21
62
13
9
11
27
11
13
17
19
25
7
11
39
13
15
13
13
19
15
27
9
17
7
9
17
15
7
15
15
9
21
7
25
11
7
11
11
9
15
11
9
9
9
21
21
5
5
15
13
31
19
13
15
31
11
37
15
21
13
11
33
27
17
13
17
13
9
19
35
27
13
15
11
27
17
27
35
25
23
13
21
13
25
3
9
31
13
15
17
13
17
11
25
37
5
9
23
13
17
27
23
15
13
17
31
27
15
7
7
15
15
9
15
21
31
19
11
19
15
13
9
33
21
11
13
11
17
5
13
5
13
7
7
25
13
5
2
5
7
9
9
7
3
11
15
13
9
9
3
2
21
5
19
5
19
2
7
5
11
9
17
5
2
5
5
5
9
7
3
7
9
5
9
19
7
21
5
11
5
13
5
5
0
70
69
0
0
0
0
0
0
0
0
0
0
84
92
9
0
0
0
0
0
0
0
0
0
58
94
83
0
0
0
0
0
0
0
0
0
95
79
0
0
0
0
0
0
0
0
0
0
78
85
88
0
0
0
0
0
0
0
0
0
96
0
63
0
0
0
0
0
0
0
0
0
99
87
81
0
0
0
2
0
0
0
0
0
0
2
9
0
0
0
0
0
0
0
0
0
0
95
0
0
0
0
0
0
0
0
0
0
7
96
0
0
0
0
0
0
0
0
0
0
0
7
91
5
0
2
81
0
2
14
13
7
0
80
2
4
2
0
7
4
22
2
6
0
74
3
4
2
2
57
84
2
0
3
0
16
2
49
0
0
7
4
2
2
2
2
0
4
0
0
0
2
2
5
64
0
4
4
4
4
4
0
4
5
2
2
0
0
36
6
2
0
4
2
2
2
2
2
77
2
0
4
6
66
0
3
0
2
0
90
5
0
45
0
2
2
2
2
0
0
67
2
4
4
4
4
0
2
3
2
0
0
2
92
4
4
60
2
6
3
4
97
0
24
85
2
5
7
2
0
4
2
0
2
2
45
0
57
55
59
0
4
3
2
2
0
2
4
3
9
6
2
66
2
3
0
7
0
0
4
7
9
35
2
4
0
2
19
17
16
18
18
18
17
18
18
18
16
14
17
18
19
17
17
19
17
18
17
18
17
11
19
17
18
18
18
19
18
16
18
14
19
18
17
17
15
15
16
17
18
19
17
16
18
18
18
18
19
16
13
18
18
17
18
18
16
16
18
18
18
18
19
16
18
16
18
18
17
18
17
19
17
17
18
17
13
18
17
18
17
17
15
18
15
14
17
18
17
16
17
19
17
17
17
15
18
18
18
17
18
18
16
17
18
18
17
16
16
18
17
18
18
18
18
19
17
17
18
16
17
19
19
18
17
17
19
19
17
18
17
17
17
12
19
16
18
17
16
19
17
18
18
13
16
18
19
16
18
18
18
18
17
17
17
18
15
18
19
18
18
18
18
19
17
17
18
19
17
16
16
18
16
17
17
18
13
18
18
18
17
16
17
16
18
19
19
19
16
16
17
17
17
18
14
16
17
15
17
17
18
16
18
19
17
19
18
19
18
19
19
17
19
17
19
18
16
18
17
18
18
18
18
18
17
19
16
19
16
18
18
17
16
17
18
18
19
17
18
18
17
19
17
14
18
18
18
18
18
18
18
17
17
17
19
15
18
18
17
19
19
19
20
19
19
19
19
18
19
18
19
19
20
19
19
14
20
17
18
19
18
19
20
19
17
16
14
6
7
0
16
9
4
0
11
11
0
9
15
9
7
9
9
14
0
17
22
14
8
0
12
13
0
21
16
12
0
10
13
16
0
16
7
10
0
13
10
0
15
0
11
9
7
13
9
0
11
0
9
8
0
10
9
9
0
16
0
9
7
8
0
11
11
0
0
10
11
0
0
11
13
0
11
0
10
0
16
0
7
0
12
0
8
11
10
12
11
12
10
15
16
14
9
18
13
14
2
10
15
10
0
12
12
0
0
11
31
0
0
14
14
0
0
13
21
0
0
0
0
0
7
6
9
0
10
12
0
0
11
11
7
0
16
2
8
0
0
0
0
0
0
0
0
0
0
0
15
0
0
0
0
5
0
0
4
0
0
8
0
23
0
0
6
11
0
0
10
20
0
0
0
0
0
0
0
0
0
0
0
0
0
0
0
0
0
0
0
10
0
11
12
0
12
28
16
22
0
5
0
7
0
9
0
7
0
9
0
29
14
11
0
12
0
20
0
16
8
15
0
15
0
18
0
10
0
11
0
13
11
12
0
14
9
3
11
35
12
4
14
15
3
0
3
18
0
0
10
12
0
0
28
7
0
0
13
13
17
0
0
3
9
0
7
7
5
0
2
10
9
0
0
12
15
0
8
8
35
0
11
0
6
0
6
16
27
12
15
2
17
12
13
15
12
13
23
23
15
10
11
9
12
19
10
12
14
19
12
4
12
8
6
29
10
8
14
14
25
10
12
19
8
17
2
6
16
58
14
21
14
13
21
16
0
4
10
12
12
12
8
14
10
13
16
6
8
31
9
4
4
25
11
10
16
12
10
29
12
10
6
6
14
2
10
7
10
17
13
16
22
19
15
8
12
19
8
8
12
22
31
23
21
12
15
23
16
9
10
10
34
10
13
15
12
11
13
17
8
14
10
8
12
12
10
14
15
13
21
23
15
21
8
12
27
41
18
23
12
20
21
10
12
7
21
17
13
14
25
17
11
17
23
10
19
10
18
12
17
19
15
19
18
21
11
10
19
19
19
25
21
18
18
15
16
11
22
14
18
16
15
23
20
12
15
14
19
15
21
23
12
19
17
21
23
21
18
15
19
18
16
14
14
17
18
17
19
23
25
19
16
19
21
19
18
19
9
19
19
17
19
28
23
21
12
25
15
21
19
17
15
21
15
13
27
20
19
21
19
8
17
16
8
10
8
10
23
16
12
12
21
29
13
17
21
14
13
19
29
17
12
10
17
19
14
19
15
15
27
17
14
11
15
12
11
21
11
13
18
20
11
17
9
14
16
17
11
8
12
14
10
12
29
10
18
19
20
20
20
19
19
19
19
19
19
19
19
19
20
20
20
20
19
19
19
20
19
20
19
19
19
19
19
19
20
20
19
20
19
19
20
20
18
19
19
19
19
19
19
20
19
19
19
19
19
19
19
19
19
19
19
20
20
20
19
19
19
20
20
19
20
20
19
19
19
19
19
19
20
20
20
19
19
20
20
19
19
19
20
19
17
19
20
19
19
19
20
19
20
20
19
19
19
19
20
19
19
19
19
19
19
20
19
20
19
20
20
19
19
19
19
19
20
19
19
19
20
20
20
20
19
19
19
20
19
20
20
19
19
19
19
20
19
19
19
19
20
18
19
19
19
20
19
19
19
19
19
19
19
19
19
19
20
19
19
19
18
19
19
19
19
20
20
19
19
19
20
19
19
19
19
20
19
19
18
19
19
20
19
20
19
19
19
20
19
19
18
19
19
20
19
19
19
19
19
20
18
18
19
19
19
19
19
19
19
19
20
19
19
20
19
19
18
19
19
19
18
18
20
19
19
19
20
20
19
18
19
19
20
19
19
20
19
18
19
20
19
19
19
18
19
19
19
19
20
19
20
19
19
19
19
19
20
19
20
20
17
19
19
19
20
19
19
19
20
19
19
19
19
19
19
19
19
19
18
19
17
19
19
19
19
19
8
4
3
8
5
4
11
8
8
7
6
6
5
8
10
5
3
5
9
5
5
9
6
7
6
10
9
9
3
11
8
18
7
8
3
12
7
8
1
6
10
6
5
9
1
7
11
6
6
3
7
8
8
5
6
10
7
5
9
12
7
5
3
8
10
10
10
16
6
13
10
18
5
6
8
1
8
10
13
9
8
8
3
3
10
5
3
9
5
12
5
4
5
10
11
1
1
5
6
1
12
9
6
8
4
11
5
5
7
8
7
5
6
10
6
6
6
8
10
5
10
5
6
9
6
5
1
7
3
3
13
7
18
6
16
5
6
5
5
5
11
8
8
8
3
9
5
6
3
6
4
5
9
1
4
9
13
7
6
1
8
8
5
3
9
7
3
11
9
12
4
3
6
5
7
10
5
7
5
8
5
10
10
1
3
3
6
4
11
5
4
1
5
5
5
5
7
8
9
7
5
6
3
4
12
3
5
10
8
6
9
8
1
6
10
3
3
8
12
3
3
5
5
8
7
11
7
3
5
3
5
17
3
7
5
7
3
7
3
10
5
6
10
8
5
6
5
4
4
5
8
13
7
7
5
10
5
8
0
6
7
5
3
7
8
5
1
8
5
4
6
17
5
7
19
3
3
10
5
3
5
6
3
5
1
7
3
13
13
5
9
9
7
7
7
9
5
7
1
3
5
3
5
5
7
7
7
7
3
11
5
7
3
3
3
9
3
5
5
5
3
3
5
7
3
0
7
7
7
5
9
1
5
5
3
5
11
3
5
9
1
5
3
7
7
7
7
5
1
0
7
7
1
5
13
7
9
0
7
5
11
3
5
0
5
3
3
7
28
3
9
9
5
1
9
9
7
13
7
7
9
5
7
0
9
3
3
5
3
13
5
7
3
3
0
5
7
17
13
11
13
13
11
19
5
20
19
7
3
13
9
13
7
11
11
17
9
9
16
9
21
23
9
23
13
11
9
17
15
19
15
22
11
5
7
9
11
19
29
3
11
18
24
11
11
20
3
7
5
9
9
15
14
11
13
16
5
15
11
13
6
11
3
7
11
26
15
3
19
3
7
7
9
7
7
11
18
9
11
3
13
14
19
19
13
3
16
16
19
11
5
5
24
5
7
9
5
30
17
19
5
1
3
11
13
9
9
9
17
11
5
15
13
3
13
5
15
13
9
10
5
13
5
7
9
13
17
15
7
5
13
20
11
5
7
11
1
11
9
3
11
15
9
9
7
17
20
5
5
9
7
5
15
1
9
3
11
5
9
11
13
11
13
9
3
18
7
3
3
11
9
11
13
5
9
34
5
16
3
12
1
5
3
7
5
14
6
5
5
6
6
8
4
5
3
0
5
7
5
3
6
8
6
8
5
5
3
3
3
8
3
3
8
8
3
6
7
3
5
3
1
5
3
10
7
3
1
3
3
1
3
4
3
7
3
3
1
0
5
1
3
3
3
6
3
3
3
3
1
1
0
1
3
1
16
3
1
14
3
0
4
4
1
3
3
1
3
3
3
3
3
3
3
1
0
1
3
1
3
3
3
4
1
3
3
3
3
1
1
3
2
6
4
3
7
3
1
3
3
1
10
1
4
4
4
1
1
3
4
1
6
1
3
3
3
1
5
5
4
5
1
3
3
1
1
5
1
3
3
1
3
3
1
6
3
1
3
1
0
1
3
1
1
10
1
5
1
3
0
1
5
3
3
1
1
3
3
3
1
5
1
3
3
1
1
9
3
3
3
3
3
1
6
5
3
3
10
3
0
1
3
3
3
1
3
1
7
5
3
3
3
3
1
5
1
1
1
5
3
0
3
3
1
1
1
1
3
3
4
3
1
0
1
1
4
2
3
3
1
1
1
3
3
1
1
1
0
2
3
3
3
2
1
1
1
3
3
3
1
1
1
1
3
2
2
1
4
3
5
1
1
1
1
1
1
0
1
1
0
3
1
3
1
1
0
5
1
0
0
0
0
0
1
3
2
2
1
3
4
0
2
1
2
2
2
3
1
8
2
1
0
0
0
1
0
1
0
4
1
1
1
0
1
1
3
3
0
1
2
4
1
5
3
2
0
0
0
0
1
0
4
3
1
1
1
3
0
1
0
1
1
5
1
1
4
1
2
2
4
0
0
1
2
2
2
2
0
2
4
0
1
1
0
0
0
2
2
1
2
4
1
4
0
0
0
0
1
1
1
1
3
1
0
1
2
0
0
5
1
5
1
1
0
0
6
2
2
0
0
0
3
2
4
1
3
2
4
3
0
0
0
0
1
3
3
2
2
2
3
2
3
2
2
3
2
3
5
2
3
3
5
1
1
0
0
0
2
0
1
3
3
2
3
1
0
0
0
0
0
0
3
6
0
2
1
2
0
0
0
0
1
0
0
0
3
1
1
1
1
1
1
0
0
0
0
1
3
1
2
2
2
2
0
0
0
0
1
0
4
1
2
1
1
0
0
0
1
2
2
1
1
1
1
1
0
0
0
0
1
3
1
2
0
0
0
2
2
0
0
0
0
2
1
1
2
3
0
0
0
0
0
0
0
0
1
0
0
0
0
0
0
1
0
0
0
0
0
0
1
2
3
1
0
1
0
1
1
1
0
3
2
0
