2
2
0
2
0
2
2
0
2
2
0
0
0
0
0
0
0
0
0
0
0
0
0
2
4
4
7
4
2
8
8
2
4
4
0
4
2
2
4
0
2
2
2
0
0
0
0
0
0
0
0
0
0
0
0
2
4
4
0
2
0
4
2
2
2
2
0
4
0
2
0
0
4
6
8
6
2
6
0
0
0
0
0
0
0
0
0
0
0
0
2
2
0
2
0
2
2
0
2
2
2
0
0
0
2
0
0
6
2
2
2
2
0
2
2
0
0
2
0
2
4
2
2
0
0
0
0
0
4
0
0
0
0
0
0
0
0
0
0
0
0
0
4
0
0
4
2
4
0
0
0
2
2
2
2
0
4
2
2
2
0
2
0
0
2
2
0
0
0
0
0
2
0
0
0
2
4
0
2
2
2
0
2
2
0
0
0
0
0
0
0
0
0
0
0
0
0
2
4
2
6
4
4
2
0
6
0
2
2
0
0
0
2
0
0
0
0
4
0
6
2
0
0
0
0
0
0
0
0
0
0
0
0
0
0
2
0
0
0
6
2
2
2
6
2
2
2
2
2
2
0
0
0
7
2
2
2
2
4
2
2
2
6
2
2
4
2
2
4
2
0
2
2
4
6
2
2
5
4
98
2
4
0
11
2
2
2
0
2
5
2
8
4
65
9
7
8
0
4
2
2
2
4
7
2
13
3
4
7
3
7
2
30
36
6
2
4
6
47
2
4
6
48
2
8
4
4
5
8
3
24
4
5
11
6
11
7
4
7
2
4
2
44
2
4
13
12
4
4
6
16
17
6
5
4
11
6
7
2
2
4
4
5
8
0
4
58
4
3
54
8
5
6
2
4
1
2
2
2
53
6
3
2
7
0
6
12
5
33
2
3
61
4
8
10
13
13
12
6
4
4
4
42
4
9
41
6
3
7
4
2
2
3
7
2
4
2
6
2
2
0
7
6
7
10
4
9
4
59
8
3
37
4
2
4
46
4
6
6
4
6
49
2
2
14
2
6
4
11
7
6
4
4
20
2
47
76
3
0
5
4
2
49
5
2
16
0
20
4
4
5
8
6
2
7
13
39
6
11
3
6
6
1
8
2
2
9
4
4
8
57
4
4
56
4
4
9
5
4
2
58
24
2
6
6
14
2
0
4
6
5
2
4
4
6
37
5
4
2
5
7
2
4
8
4
0
4
17
7
6
4
2
5
2
37
4
6
43
4
5
4
3
6
47
13
6
29
6
2
4
6
2
6
6
8
4
6
7
3
3
4
9
4
30
2
4
4
4
3
2
62
6
13
2
6
4
2
6
6
4
8
0
2
4
4
4
4
0
4
2
0
2
4
2
2
2
4
6
2
2
0
2
4
2
2
2
0
0
2
2
2
0
2
6
2
2
2
4
8
2
2
0
4
4
4
0
4
0
2
4
2
2
2
2
4
0
4
2
4
2
6
2
6
0
2
2
2
0
6
4
0
4
4
0
2
2
2
4
4
4
4
8
2
0
4
0
2
4
2
0
4
2
4
2
4
0
2
2
2
0
2
4
2
4
4
4
2
2
6
2
2
2
0
0
2
0
0
2
2
2
0
0
2
2
0
4
4
2
0
0
2
6
4
2
2
2
2
6
0
0
6
4
0
2
2
8
0
2
2
2
2
0
4
4
6
0
4
4
2
8
2
4
2
4
0
2
2
2
2
2
4
0
6
2
4
0
8
0
2
2
4
2
0
2
4
2
2
4
0
10
4
2
6
0
2
2
4
0
2
4
0
6
2
8
2
4
0
6
2
2
2
4
4
2
0
2
2
4
2
4
2
0
4
6
2
2
6
2
0
2
2
4
4
4
2
4
0
4
0
2
6
0
2
2
8
0
2
6
0
4
4
2
6
0
2
2
0
4
4
0
0
2
2
2
4
0
0
2
0
0
4
0
2
0
2
2
0
0
0
0
0
2
2
4
6
17
8
15
8
8
6
8
2
36
6
12
8
12
10
4
12
6
8
6
10
14
19
8
8
10
14
14
17
12
12
13
4
4
6
13
6
4
6
13
10
6
6
8
8
10
15
4
4
10
10
8
10
8
8
10
15
12
12
15
12
10
12
10
6
12
2
15
14
13
27
10
8
10
13
6
12
6
6
10
10
10
13
13
12
2
6
13
14
8
4
6
12
10
8
12
12
6
6
8
8
10
6
15
15
6
12
14
12
17
12
15
15
8
10
12
8
14
10
15
8
17
12
17
12
8
17
15
6
8
10
10
17
8
19
12
15
13
10
8
12
13
12
19
13
21
12
15
10
33
13
8
19
6
12
25
12
17
19
15
10
13
29
8
12
8
6
19
33
21
23
31
6
21
29
21
13
31
13
21
23
19
6
6
2
14
6
17
10
29
19
35
23
12
15
56
6
15
25
8
8
13
6
31
21
8
19
4
10
12
10
15
33
25
29
12
15
21
21
19
11
19
6
13
13
15
10
8
8
4
8
4
15
6
8
13
6
12
13
15
15
10
12
10
15
10
6
6
4
10
6
6
6
10
13
12
6
8
9
4
8
4
8
15
6
12
13
4
11
10
6
6
8
6
8
13
10
12
10
8
6
13
19
17
10
10
12
48
11
12
11
9
21
13
19
26
6
11
13
6
15
11
9
13
8
9
11
11
9
10
4
11
7
8
10
11
9
13
14
9
17
17
6
25
2
20
10
6
15
15
10
13
11
13
9
15
6
13
11
15
12
11
15
17
13
9
19
15
19
21
6
8
7
10
13
8
17
11
15
9
4
9
9
9
11
4
15
17
15
17
19
17
11
24
7
21
24
13
6
11
8
10
19
9
15
13
15
6
8
13
15
10
17
23
18
19
13
21
8
11
21
28
21
6
13
13
13
12
23
17
23
17
8
24
11
6
2
17
16
9
16
17
4
13
15
17
6
15
11
9
17
21
10
13
9
10
15
19
13
10
9
12
15
22
23
27
21
15
16
20
28
10
23
11
19
13
15
23
13
21
17
30
11
20
29
17
10
19
15
11
13
19
23
30
11
23
6
10
19
23
15
13
17
12
15
7
15
15
6
9
15
8
9
22
15
17
17
6
11
18
30
13
22
8
15
27
17
15
21
4
17
9
21
11
11
15
4
23
21
10
11
27
17
11
17
6
30
11
6
28
13
30
17
15
13
34
32
8
21
10
0
15
37
11
15
15
13
9
21
19
11
15
21
11
9
4
17
23
8
11
8
15
6
13
13
8
13
16
21
15
15
10
11
11
30
17
0
5
3
5
2
0
5
0
4
2
0
5
0
2
4
0
4
4
0
2
0
2
4
2
0
2
4
2
2
2
0
4
2
4
0
5
2
4
2
4
2
2
4
0
2
19
4
0
2
5
4
19
3
4
0
4
0
2
4
2
2
17
2
2
2
5
2
4
0
2
0
2
2
2
0
2
0
2
4
0
2
0
2
0
0
2
2
2
0
0
2
2
2
4
2
2
4
0
4
2
0
2
0
2
3
4
2
2
0
2
4
2
0
2
2
4
2
0
2
0
5
0
0
4
2
3
21
4
3
5
0
0
2
0
2
0
2
2
2
3
0
5
4
2
4
4
2
4
2
2
0
4
4
2
0
2
5
0
4
0
0
2
2
0
4
0
0
5
4
2
0
2
2
2
2
4
2
3
2
2
2
2
0
0
5
0
2
0
2
2
5
0
2
2
2
1
0
3
2
0
2
3
2
2
2
0
5
4
5
2
2
2
0
3
0
0
21
0
2
4
2
4
2
4
0
0
0
2
0
2
4
4
2
4
2
5
2
3
4
0
2
2
5
0
4
2
0
3
0
0
2
0
4
2
4
0
4
5
2
2
2
4
2
2
0
0
0
2
2
3
4
2
2
4
4
2
3
2
3
2
2
2
0
2
2
0
0
3
32
3
23
34
23
0
0
1
0
2
0
22
0
45
5
13
0
20
0
22
2
30
34
45
42
9
0
5
25
0
0
3
21
8
0
2
17
3
0
10
1
0
19
0
40
0
44
3
3
23
0
2
5
54
30
7
0
0
0
31
0
2
39
5
37
10
0
12
21
11
38
28
0
2
23
0
20
2
0
27
8
10
0
0
76
0
6
0
27
0
7
9
2
15
4
9
0
7
24
7
40
2
0
24
0
0
41
11
0
2
0
0
16
0
6
5
0
24
0
5
0
0
20
0
23
55
2
16
20
0
7
2
0
1
76
0
0
0
16
2
14
0
17
0
17
0
11
0
36
0
27
7
23
0
8
13
7
76
0
25
0
22
0
5
6
21
0
0
15
1
15
20
25
0
0
0
9
2
2
16
0
10
0
0
15
0
18
0
2
23
7
34
62
40
17
16
2
20
0
0
0
27
6
24
7
22
0
0
0
34
29
45
15
62
0
28
62
38
48
19
40
0
0
56
0
0
34
6
12
38
31
20
7
1
2
2
7
41
14
27
21
0
25
8
43
20
74
29
36
0
25
0
16
1
44
15
97
76
0
2
0
86
0
89
69
70
0
25
0
0
0
0
0
8
27
2
42
0
2
19
3
16
0
29
7
25
2
0
1
2
2
3
2
0
0
1
1
0
1
2
0
0
0
0
1
2
1
1
1
2
0
0
0
1
1
0
0
2
0
0
1
1
1
0
3
2
3
3
0
3
2
2
1
1
1
0
2
3
1
0
1
2
0
1
2
1
0
0
1
0
1
0
1
2
0
1
2
0
1
1
4
2
0
3
1
1
4
0
0
0
2
2
1
1
0
2
2
3
1
1
1
3
2
0
1
0
2
3
2
2
1
2
2
1
1
0
2
2
1
1
1
4
0
1
0
1
1
3
1
1
4
2
3
1
0
1
3
0
2
2
1
3
0
0
0
2
2
1
0
0
1
0
1
0
2
3
0
1
1
4
1
1
2
0
1
1
2
1
1
2
0
3
0
0
1
2
2
1
0
0
2
2
1
0
2
1
0
1
0
1
0
1
0
1
2
1
3
1
0
1
1
0
1
0
2
0
0
1
0
1
0
2
1
0
0
1
0
1
0
1
0
1
4
0
0
1
2
3
1
2
2
0
1
3
1
0
0
3
1
0
0
0
1
0
1
0
1
2
0
3
2
0
0
1
0
1
1
0
2
1
1
3
0
2
2
1
1
1
1
0
0
0
0
0
1
0
0
0
1
1
2
0
1
0
2
0
1
0
1
0
1
0
1
0
0
1
93
83
45
4
89
90
91
82
92
82
82
47
0
0
40
50
82
52
84
90
92
86
6
35
27
15
52
49
4
77
87
13
87
91
78
2
82
86
44
75
79
0
82
96
90
0
56
79
4
87
84
80
64
4
2
30
36
0
2
46
36
90
79
57
88
90
74
94
2
61
91
69
0
89
4
50
83
48
65
79
38
84
0
48
67
57
0
49
77
84
2
91
0
0
81
32
84
89
0
48
2
89
62
19
94
80
88
9
50
0
89
48
0
82
79
2
0
89
91
0
53
85
77
26
2
49
40
4
64
60
88
28
2
55
50
61
40
86
64
74
72
15
0
58
58
48
47
46
22
50
54
40
48
0
46
2
66
0
0
34
75
0
84
0
44
55
7
46
69
90
47
32
45
91
2
47
79
0
47
0
44
80
78
48
68
0
44
23
68
80
43
69
0
29
25
30
39
37
70
6
79
0
0
42
41
84
87
4
30
78
68
80
69
77
67
48
26
0
4
44
79
49
48
71
67
45
37
32
37
33
23
40
0
61
0
76
62
16
33
0
32
9
56
61
58
36
50
52
9
0
0
57
29
29
51
28
33
31
46
26
41
66
32
26
30
50
51
34
56
64
15
0
0
53
59
42
43
39
54
0
32
0
54
57
87
44
21
32
0
3
4
1
4
2
2
1
3
1
0
3
2
1
0
2
2
1
2
2
1
2
3
1
3
2
4
3
1
0
2
1
1
7
0
1
1
2
2
2
2
0
1
0
2
0
8
2
1
4
1
2
2
2
2
3
3
3
2
3
2
3
2
2
3
2
2
4
0
2
5
2
0
2
3
2
0
4
3
4
1
3
1
3
1
2
2
4
2
3
3
5
1
6
2
5
3
1
1
2
1
2
3
5
1
3
1
4
1
2
1
2
3
3
2
2
3
3
1
3
2
2
2
2
2
5
2
1
3
3
3
8
3
5
7
3
3
3
0
3
2
0
1
3
2
3
0
2
1
1
2
2
1
2
2
0
2
1
1
6
1
1
1
1
2
2
3
3
1
1
4
10
3
2
1
2
5
3
3
2
0
1
3
0
1
4
2
1
0
1
1
2
3
3
3
3
2
2
0
2
2
0
0
1
1
1
0
2
1
1
1
2
4
3
6
2
1
1
1
3
3
2
2
4
1
0
2
1
4
3
2
1
2
2
0
4
0
1
4
2
1
0
1
1
2
2
2
5
3
3
0
2
5
0
0
0
1
1
1
0
0
1
0
0
1
0
4
0
6
3
0
0
1
0
2
3
1
2
1
2
0
3
1
2
1
5
0
3
