4
2
2
3
12
48
40
5
2
5
0
5
0
2
3
2
10
51
0
2
2
0
2
0
2
0
2
6
0
2
2
3
0
2
4
2
3
0
1
2
2
2
0
2
2
4
4
4
4
0
13
2
2
2
4
0
2
2
2
2
0
2
0
0
2
2
2
2
0
0
2
0
0
2
0
4
2
3
4
2
2
2
4
4
4
0
3
2
2
2
2
2
2
2
2
2
3
2
3
2
2
0
3
0
4
2
0
2
4
3
0
4
0
2
2
0
0
2
0
4
2
2
2
4
0
0
2
2
2
23
2
0
2
3
2
3
4
0
0
2
3
0
0
2
0
4
2
2
0
2
2
3
2
4
2
0
2
2
4
0
2
2
2
4
3
0
2
2
4
2
2
2
0
0
2
2
2
2
2
2
2
3
2
4
4
0
3
2
2
3
4
2
1
2
5
0
2
5
4
2
2
0
3
2
0
0
0
4
0
0
4
3
2
5
2
2
1
0
2
3
2
4
0
2
0
3
0
2
0
0
5
2
2
2
4
2
2
0
2
4
2
2
0
2
4
0
0
2
0
0
2
2
0
20
0
2
2
4
4
4
2
3
3
5
1
2
0
0
2
1
2
0
2
0
2
0
1
3
2
0
3
3
2
4
2
2
2
2
26
35
38
36
38
36
37
38
39
30
37
38
38
37
39
38
38
40
38
39
38
36
35
37
37
39
39
37
37
35
39
38
39
38
37
39
38
38
39
35
38
36
38
37
37
35
38
37
38
38
38
36
38
38
37
38
38
37
37
38
38
36
37
37
35
37
39
35
38
36
37
38
36
38
37
37
38
37
36
38
37
37
36
37
35
37
38
36
37
35
36
37
35
37
40
38
36
37
38
38
35
36
38
37
33
37
38
36
34
37
32
36
39
38
37
39
32
37
37
38
38
36
37
35
34
38
39
38
37
39
37
37
36
37
38
38
36
37
37
39
37
38
38
35
36
36
36
37
36
36
37
37
36
35
38
35
37
38
34
35
36
39
33
37
33
37
39
37
38
37
36
38
37
37
37
37
39
38
37
34
37
34
33
36
37
38
38
34
36
37
36
36
38
35
37
37
37
37
36
37
37
38
37
38
37
35
37
39
39
37
37
37
37
36
38
34
38
36
38
37
38
38
39
38
37
36
37
39
38
37
36
37
38
38
37
35
36
38
36
38
36
37
37
36
36
37
30
37
38
39
36
37
37
37
39
38
37
39
33
38
36
37
37
36
38
38
38
39
36
38
35
38
38
38
38
37
38
38
36
37
36
36
34
37
39
36
37
37
11
8
4
8
4
8
9
9
8
12
8
6
10
6
10
8
13
12
4
8
10
0
14
14
10
4
8
8
12
4
4
21
13
2
13
8
4
13
12
6
11
10
9
10
8
8
13
4
6
4
13
8
13
2
12
4
2
6
7
8
4
10
0
2
6
9
13
12
4
8
6
10
8
9
17
6
13
10
4
10
11
11
14
6
5
12
6
10
4
4
7
10
8
13
2
8
6
12
4
10
6
7
6
6
10
6
17
11
8
10
13
10
14
11
8
15
17
6
12
19
6
17
3
8
11
10
8
10
6
9
15
10
8
6
8
21
8
8
4
13
10
11
12
11
8
10
16
8
4
9
4
7
19
10
11
10
14
8
4
16
6
10
8
2
11
11
11
38
13
19
8
10
6
19
7
17
6
11
21
9
9
17
10
10
18
8
9
7
10
9
8
6
16
8
21
8
17
25
8
10
4
13
14
9
6
17
4
8
7
11
4
16
6
8
9
6
8
6
6
4
9
7
9
4
2
4
5
2
8
6
12
8
4
6
9
8
10
10
7
17
6
8
11
6
6
6
17
4
13
11
6
2
8
2
6
6
6
2
8
2
4
7
0
8
2
2
2
4
8
4
4
2
0
4
2
15
2
2
0
0
2
6
4
4
4
10
6
8
0
0
0
0
0
0
4
19
7
9
14
0
0
0
0
0
0
7
9
14
24
0
24
0
13
0
0
0
0
7
11
13
9
16
16
8
0
0
0
0
0
6
13
0
22
10
0
0
0
0
0
0
0
0
0
15
28
25
6
13
0
0
0
0
0
9
25
21
14
10
31
5
0
0
0
1
0
10
25
19
33
12
25
0
0
0
0
0
1
12
20
16
17
6
19
0
0
0
0
0
4
2
19
11
1
8
17
0
0
0
0
0
0
7
11
17
17
18
6
0
0
0
0
0
0
1
23
4
22
12
0
0
1
0
0
0
0
11
22
13
7
3
21
0
0
0
0
0
0
17
18
1
7
13
0
0
0
0
0
0
0
0
7
15
17
13
0
11
16
7
0
0
0
0
12
30
12
22
15
5
0
0
0
0
0
10
0
0
1
2
10
1
9
11
7
0
0
1
3
0
10
15
3
0
6
7
10
0
1
1
10
10
10
12
2
1
4
7
0
0
0
10
0
3
17
10
0
5
8
9
0
0
0
0
0
11
16
13
0
7
4
11
0
0
0
13
11
16
6
5
11
11
5
11
0
0
0
7
3
9
14
14
16
8
0
0
0
0
0
13
6
9
1
14
12
7
0
0
0
0
0
9
9
11
0
12
18
6
39
44
1
0
49
1
29
7
46
0
35
1
43
0
0
3
15
2
0
2
1
20
39
36
0
32
23
36
46
1
1
1
14
0
1
1
46
19
21
0
1
1
0
0
5
0
44
11
0
0
0
1
42
1
0
0
2
45
44
1
35
2
0
0
3
52
0
0
33
8
63
1
1
3
0
48
45
2
0
2
0
0
51
1
35
0
0
1
12
40
4
0
0
0
44
5
34
55
7
9
39
4
0
0
37
0
51
0
27
40
29
0
1
1
1
0
0
1
3
32
38
0
43
0
29
0
5
6
0
27
32
27
2
44
12
67
0
0
1
3
24
0
0
35
33
13
1
40
34
0
26
28
34
0
15
2
0
0
0
43
4
0
1
32
11
27
1
27
27
5
2
18
1
0
31
28
30
3
35
57
0
35
2
37
24
1
46
2
58
4
43
26
0
14
25
48
26
27
33
40
27
2
29
56
33
3
46
23
50
19
32
40
33
1
0
1
23
0
45
32
2
3
0
20
14
34
35
33
0
35
31
45
0
6
25
2
11
22
55
14
13
2
28
32
22
37
25
31
32
2
22
29
25
55
40
28
2
30
35
1
50
50
36
2
0
77
0
0
64
46
46
2
37
72
18
1
4
30
3
35
35
28
3
47
41
3
5
15
19
17
21
15
17
17
18
14
14
15
19
15
19
19
19
21
17
19
13
17
21
17
17
17
13
19
17
19
19
19
12
17
15
19
21
17
19
17
21
19
15
21
17
17
17
19
15
17
17
17
13
15
19
13
21
17
15
19
19
17
17
17
21
15
12
11
17
21
22
15
19
13
17
17
17
17
19
17
17
15
17
19
17
17
21
21
19
17
17
19
19
20
15
15
19
17
15
17
15
21
19
17
17
15
13
13
15
15
17
17
17
19
19
17
17
15
11
17
9
15
15
19
15
19
9
17
15
11
11
21
9
17
19
17
19
15
19
15
15
15
13
15
15
21
15
17
17
17
19
19
19
15
13
19
15
15
15
17
15
15
15
19
11
19
13
17
19
15
18
17
11
13
17
17
13
19
7
19
15
17
19
19
19
9
17
17
19
18
20
10
13
17
17
19
17
17
19
19
19
15
15
19
19
21
17
17
19
17
17
17
15
17
15
18
18
19
13
17
19
13
17
15
17
19
9
21
18
19
17
17
13
17
17
17
19
21
17
19
17
19
19
19
18
15
17
19
19
21
19
15
19
17
19
16
17
15
17
15
15
16
19
19
17
19
19
12
17
21
13
19
21
15
15
19
19
17
17
17
17
20
19
21
19
21
13
17
21
19
2
2
4
4
0
4
4
0
0
4
0
0
4
0
0
4
2
2
4
2
0
2
4
0
0
0
2
2
2
6
0
0
4
0
4
0
0
2
2
2
2
4
6
0
2
4
2
0
2
0
0
0
2
2
0
2
4
0
0
0
0
0
2
0
2
4
0
0
2
0
0
0
2
4
2
2
4
4
0
0
0
4
6
0
0
0
0
2
0
0
4
2
0
2
2
0
2
2
2
4
0
6
2
0
0
2
4
0
4
2
0
0
0
2
2
6
0
2
4
0
2
2
2
0
4
2
2
4
2
4
6
0
2
0
2
2
4
2
2
2
0
0
2
0
2
2
2
0
6
2
0
0
0
2
4
0
0
0
0
2
2
0
4
2
2
0
2
6
2
2
4
0
2
0
0
2
2
0
2
0
2
0
2
4
2
4
0
2
0
0
4
0
4
2
2
2
2
2
2
2
2
4
6
2
0
2
4
0
2
0
0
2
2
0
6
0
0
2
4
4
2
0
0
0
0
2
4
2
2
4
0
4
2
0
0
2
0
4
2
2
4
2
10
2
0
0
0
0
2
2
0
0
2
4
2
2
2
2
2
2
2
4
0
4
4
2
0
4
2
0
4
0
0
4
2
0
0
2
2
2
2
4
0
2
2
0
6
4
28
30
26
36
35
31
34
32
31
29
25
31
31
30
36
32
30
23
22
41
37
33
23
32
35
29
30
36
27
33
57
31
27
52
26
23
33
60
28
34
30
29
29
26
35
29
29
20
28
29
31
34
23
30
38
33
32
35
20
24
31
33
33
22
32
30
31
26
34
30
30
30
35
31
38
35
23
29
29
30
30
28
34
33
32
29
27
34
26
29
27
28
28
26
30
34
34
31
29
33
29
31
33
36
23
30
33
34
31
28
26
36
27
26
38
28
29
26
31
28
32
30
30
30
34
28
29
24
34
33
27
31
25
29
31
34
30
32
25
30
31
31
30
27
27
38
38
23
32
36
24
29
31
31
29
30
21
32
29
32
34
27
21
29
38
27
31
31
29
27
34
27
28
33
34
28
31
28
28
25
29
31
31
31
30
38
36
23
25
28
32
30
29
32
34
32
29
28
22
26
32
28
32
29
29
34
27
26
25
36
19
31
32
40
32
26
31
35
35
40
27
26
27
29
29
24
34
27
30
28
34
33
24
37
36
34
24
30
24
31
36
28
30
34
33
31
23
41
25
32
22
29
30
29
29
29
27
32
30
38
27
32
31
32
29
37
28
29
21
26
28
21
24
30
26
27
27
30
29
34
35
31
31
29
38
31
23
31
0
4
2
0
2
2
4
2
6
0
0
0
2
2
4
2
0
6
6
2
0
6
0
4
2
2
0
0
6
0
4
4
0
0
6
0
0
4
2
2
0
2
2
8
2
4
0
2
0
2
2
0
2
2
0
0
4
4
2
0
2
0
0
2
2
2
2
4
4
0
4
2
2
0
0
0
2
6
4
0
4
4
0
2
4
0
0
0
2
2
0
0
4
6
2
0
2
0
0
2
2
0
2
2
2
0
2
4
0
2
2
2
0
2
0
2
2
2
2
4
4
4
0
2
2
2
2
2
0
2
2
0
2
2
0
2
0
2
2
0
4
0
0
0
2
0
0
0
2
0
2
2
0
4
0
2
4
0
4
6
2
4
0
2
2
4
0
2
2
2
6
2
2
2
2
4
0
4
8
0
4
0
4
2
4
2
4
2
0
4
0
2
0
4
0
2
2
0
2
0
2
2
4
2
2
4
0
0
6
4
2
4
0
2
4
0
2
0
2
0
0
4
2
2
0
0
4
2
2
2
2
0
0
2
2
2
0
0
2
2
2
0
4
0
0
2
2
0
2
0
7
0
0
4
0
0
0
2
2
0
2
4
2
2
2
0
0
4
0
4
0
2
0
4
3
2
0
2
2
2
2
4
4
2
2
4
2
5
2
4
2
0
0
0
2
0
0
2
2
0
0
2
4
0
0
2
2
0
2
2
2
0
2
2
4
2
2
2
2
2
2
0
6
0
0
0
0
0
0
0
2
2
0
0
2
0
2
2
0
2
4
0
2
2
0
0
2
0
2
0
2
0
0
2
0
2
0
0
2
0
0
2
2
2
0
4
2
0
2
0
0
0
0
0
2
0
0
2
0
0
2
2
0
2
2
2
2
0
0
2
0
0
0
0
0
2
0
0
0
0
0
2
0
0
2
2
2
4
2
0
0
2
0
2
2
0
0
4
2
0
2
2
2
0
0
0
2
0
2
2
0
0
2
0
0
2
2
2
0
0
2
0
0
2
0
2
0
2
2
2
0
2
4
2
2
2
0
0
2
2
2
0
0
2
2
2
0
2
2
0
0
0
2
4
2
4
2
0
2
0
2
0
2
0
2
4
0
4
4
0
2
2
0
0
0
2
2
0
2
0
2
0
2
2
2
2
0
2
2
2
0
2
2
0
4
2
0
4
2
0
0
0
0
2
0
2
2
2
2
4
0
0
2
0
0
0
0
2
2
2
0
2
0
0
2
2
0
4
2
2
0
0
0
2
2
0
0
4
2
2
2
2
0
2
0
2
2
2
2
0
0
4
0
0
0
0
