60
42
34
58
49
36
28
51
52
41
41
51
35
21
19
33
35
29
45
37
41
41
59
42
28
33
30
46
37
63
41
58
34
37
25
19
31
39
29
63
43
65
34
42
42
46
33
47
36
12
26
41
27
45
51
31
45
36
62
49
46
42
43
28
35
40
43
31
36
45
37
38
24
27
56
39
47
35
49
58
63
34
48
51
11
53
51
43
24
35
30
28
9
10
48
63
53
49
18
56
27
18
31
46
46
28
21
30
62
48
23
43
45
52
44
43
53
34
55
38
49
47
16
30
54
55
56
35
21
24
36
33
39
23
27
30
49
30
35
51
51
34
44
31
34
25
44
18
21
25
57
52
63
54
42
51
28
55
43
35
54
37
52
26
30
42
68
70
29
34
29
52
18
37
36
22
31
49
42
52
70
36
43
0
29
25
50
49
53
53
56
51
42
52
32
51
48
51
52
56
43
37
57
54
51
47
24
61
30
42
55
23
61
65
38
64
29
39
54
38
22
72
20
44
54
60
64
70
19
58
57
54
40
59
43
20
26
46
61
39
23
28
35
43
63
55
52
41
22
25
42
49
60
34
42
9
55
25
39
36
37
11
19
45
23
22
33
41
62
65
28
26
59
40
29
17
27
11
68
30
25
33
45
33
38
15
37
28
3
2
33
4
4
1
4
3
0
33
3
29
5
3
4
4
15
3
3
3
0
1
7
0
1
4
0
3
4
2
0
3
4
1
5
3
1
17
25
7
0
2
1
5
5
29
2
1
1
0
2
2
1
4
0
1
3
2
2
2
3
3
27
1
1
1
2
2
3
1
3
0
1
0
4
0
3
1
1
3
3
1
5
3
3
2
4
0
1
6
3
7
5
6
0
1
5
3
5
1
0
0
3
4
2
0
1
1
23
31
0
29
2
0
31
0
7
2
4
2
3
13
4
7
2
5
1
0
1
2
2
1
21
5
29
0
29
7
5
35
2
2
11
2
5
3
4
1
3
0
3
1
0
5
3
0
1
1
2
4
3
1
2
3
1
0
2
3
1
0
3
4
5
1
3
4
0
2
1
0
4
1
3
0
1
5
3
9
15
11
2
1
2
4
33
7
0
3
3
1
32
0
2
3
0
1
3
3
2
29
0
5
3
0
4
5
1
0
1
2
4
3
0
2
3
1
0
7
1
1
0
1
2
1
1
3
1
1
5
1
2
1
2
4
4
6
1
1
29
5
1
7
3
3
2
0
1
1
1
2
5
3
0
5
0
3
0
2
31
5
2
0
0
0
2
9
0
1
0
5
3
3
33
5
4
1
3
4
4
10
0
2
0
0
0
0
6
0
0
6
2
7
2
0
0
0
0
2
4
2
17
8
4
2
0
0
6
0
2
4
12
0
4
13
2
0
0
4
2
2
0
0
2
6
5
4
2
2
0
0
0
0
2
25
8
4
0
0
0
0
0
2
0
0
0
2
0
4
0
17
0
2
0
0
0
2
0
4
0
4
4
0
0
2
2
0
4
2
0
0
0
37
2
2
2
0
2
6
2
0
0
2
4
0
0
0
0
4
2
0
2
0
4
0
0
4
2
2
4
2
2
4
2
2
0
4
4
2
0
6
4
4
6
0
0
9
3
6
2
0
0
0
2
2
0
6
0
0
0
2
0
8
13
0
0
3
2
0
0
0
8
0
4
2
0
0
2
0
17
0
2
9
0
0
0
2
0
2
0
0
2
40
6
6
2
0
6
2
6
2
2
0
9
9
0
4
12
2
2
0
2
0
6
2
0
2
0
0
2
0
0
5
0
4
4
6
0
5
2
0
9
0
6
0
0
7
4
0
0
0
2
4
2
4
0
4
0
4
0
2
2
0
2
0
4
11
4
10
2
4
0
0
10
10
2
0
4
6
0
9
2
2
5
0
4
0
2
2
4
5
2
0
2
0
0
0
3
0
0
2
0
6
2
0
0
2
0
0
0
0
0
0
2
2
0
2
2
0
0
0
0
0
0
0
0
0
0
0
0
0
0
0
0
2
2
0
2
0
0
0
0
0
0
2
0
0
0
0
0
0
0
0
0
0
0
0
0
0
2
4
11
0
2
0
2
2
2
2
0
0
2
2
4
4
4
2
2
4
4
2
6
4
2
4
4
5
0
0
2
4
2
4
2
4
4
4
4
2
2
0
4
4
4
4
0
0
0
4
0
0
0
0
0
0
0
6
6
2
0
0
0
4
0
2
2
2
0
0
9
4
2
2
2
2
0
2
2
0
0
4
4
4
5
3
5
4
0
4
0
2
4
4
5
4
2
5
2
4
6
2
4
4
4
2
4
8
6
2
2
4
4
6
10
8
0
2
0
2
2
2
2
13
6
2
2
4
6
10
8
0
0
2
10
4
2
0
0
8
4
6
6
0
2
2
4
6
0
2
4
6
8
6
0
2
0
0
0
0
0
0
2
6
15
0
0
2
19
2
2
0
0
6
2
4
4
2
2
4
2
0
0
0
0
4
6
6
0
0
0
4
0
15
2
0
2
2
8
6
0
0
0
2
0
0
4
6
8
2
2
2
6
2
0
0
0
2
8
6
2
6
2
0
6
2
4
4
0
4
10
0
4
0
4
0
2
20
1
1
1
31
2
7
2
3
25
21
3
2
0
36
3
2
5
2
22
3
4
2
1
5
2
2
2
5
1
2
4
1
3
5
4
4
2
2
0
2
1
3
5
2
7
4
0
8
4
2
4
6
5
4
2
1
6
0
1
4
2
4
4
4
5
2
5
2
2
8
0
2
2
26
2
0
1
1
3
2
9
21
1
3
4
3
2
2
2
3
7
0
0
3
2
1
2
2
4
2
5
4
3
2
2
2
1
7
1
5
0
16
2
1
2
4
5
4
3
2
1
0
0
1
3
3
1
1
2
1
5
39
7
1
1
30
4
21
2
34
3
10
3
1
5
6
4
1
3
2
39
1
8
0
19
4
0
2
22
2
5
4
4
3
1
2
23
3
2
6
8
39
2
5
3
3
1
2
31
2
2
1
2
2
1
39
3
2
2
0
1
1
4
31
2
2
3
4
1
38
2
2
0
0
32
6
3
2
23
1
6
30
14
23
1
18
4
2
0
3
3
3
26
4
1
3
17
2
4
0
0
2
2
2
29
23
2
28
3
0
1
0
1
0
20
35
1
0
2
3
2
3
1
0
2
28
2
13
4
27
2
28
4
2
8
1
0
2
2
2
22
5
3
4
25
12
1
4
5
23
0
26
2
15
3
18
4
6
2
0
0
4
2
0
4
4
6
6
6
4
2
4
4
0
2
2
6
2
4
4
2
4
2
4
2
4
2
0
4
2
4
2
6
14
2
4
6
4
4
8
2
4
4
0
6
0
0
4
2
2
4
4
2
4
0
8
4
4
0
12
4
6
4
2
0
4
2
0
0
4
2
6
4
8
0
4
2
0
10
2
15
4
2
0
4
4
4
2
0
2
2
4
2
4
4
2
2
2
2
0
6
0
6
2
2
2
0
2
4
6
0
0
0
2
0
2
4
8
4
0
2
0
0
2
4
6
4
6
2
2
4
4
0
0
4
4
2
2
2
2
2
0
8
0
0
4
4
2
0
6
6
2
4
6
4
2
6
6
2
4
2
2
0
6
4
0
0
6
6
2
0
4
4
4
2
2
0
0
10
6
4
4
6
6
2
2
6
4
2
4
2
4
2
2
6
0
2
6
4
4
2
14
2
10
2
4
4
4
4
4
4
6
0
2
8
4
0
4
6
2
2
6
8
6
2
10
4
4
2
8
6
2
0
4
0
2
6
2
2
4
6
0
2
0
2
2
6
0
0
0
6
4
2
2
4
0
0
4
6
2
2
4
2
2
6
6
2
0
6
4
6
0
10
2
0
6
6
4
6
4
4
4
6
8
2
2
3
2
2
7
4
5
7
4
0
4
7
2
0
6
3
5
7
6
0
7
2
5
2
5
2
7
5
2
3
2
2
11
6
4
6
2
5
3
9
4
5
4
15
2
3
11
1
11
5
5
5
9
9
2
5
5
2
0
3
4
11
2
9
2
3
5
7
2
4
2
6
5
2
1
4
2
5
1
4
19
4
2
6
2
5
5
7
2
3
2
5
2
2
5
0
2
9
3
6
6
7
6
4
6
4
9
4
2
2
2
3
13
6
3
6
2
2
7
6
4
2
0
7
4
3
5
6
4
2
2
2
4
5
2
9
0
9
6
2
0
3
6
0
7
5
0
4
6
4
0
2
15
0
6
7
5
4
6
6
6
4
6
2
7
5
6
13
4
11
5
2
6
9
4
2
4
3
7
2
4
7
4
6
4
4
9
4
13
7
5
2
4
0
5
2
2
3
5
5
7
3
4
0
4
2
15
2
7
2
0
4
2
5
6
4
7
4
4
5
13
2
4
7
2
5
2
5
7
5
4
3
7
11
0
3
5
6
4
0
7
5
2
4
2
5
2
0
6
2
3
13
2
3
7
2
7
5
3
2
7
4
7
9
4
0
2
4
2
2
4
6
4
2
5
4
3
3
4
9
5
9
6
4
4
3
2
8
4
0
0
0
2
6
0
4
2
6
6
4
0
6
0
0
4
2
0
6
2
2
0
6
0
4
0
2
0
2
2
0
2
2
4
4
4
0
4
2
4
2
0
4
2
4
4
2
6
2
0
0
0
6
0
4
2
4
2
0
0
0
0
4
4
6
0
4
2
4
6
0
0
6
0
0
2
2
2
0
2
6
6
4
4
6
2
2
4
4
0
4
4
2
2
0
4
4
0
0
0
4
0
2
0
0
6
2
4
0
4
2
4
8
2
4
6
6
4
8
0
6
0
0
2
2
2
4
6
2
0
2
0
6
0
6
6
0
0
2
4
4
0
2
2
2
2
0
2
2
2
2
6
2
4
0
4
6
0
0
0
4
0
6
4
0
4
2
4
0
6
2
4
4
2
6
2
2
0
2
4
4
4
2
0
2
2
4
6
2
0
4
2
0
0
0
2
2
6
4
2
6
0
6
4
2
2
0
0
4
4
2
4
4
6
6
4
6
2
0
4
6
6
2
4
2
2
0
6
6
0
0
2
2
4
2
0
4
4
2
0
0
0
8
4
6
0
2
2
2
4
2
0
0
0
0
2
6
2
4
2
4
2
6
2
4
2
4
2
0
2
4
4
6
4
2
0
6
0
6
4
4
8
2
4
2
4
2
34
6
4
4
32
8
6
2
4
2
7
33
8
6
51
4
11
4
7
4
11
42
4
6
35
6
8
7
41
6
6
46
4
2
45
6
10
9
13
2
9
3
4
0
3
6
2
2
6
2
13
4
4
11
4
2
4
0
4
4
4
5
2
2
8
8
10
10
2
5
4
4
4
2
6
4
4
2
0
0
16
6
7
11
5
4
2
4
4
8
2
2
2
2
4
2
8
2
4
4
6
2
2
2
4
4
8
8
8
10
10
4
4
6
5
4
4
4
2
4
5
6
4
6
2
6
6
11
4
6
5
6
6
4
6
5
4
2
7
4
4
9
10
8
2
6
4
6
4
4
4
6
2
6
6
9
6
6
8
15
6
4
4
6
5
2
2
6
8
7
4
13
8
6
6
6
2
8
10
4
8
4
8
2
4
2
2
12
4
8
4
6
7
4
4
10
12
5
6
4
6
5
4
5
2
2
20
8
7
19
4
6
2
8
6
2
4
4
6
4
11
4
4
7
5
4
4
3
4
5
0
4
10
4
5
3
2
11
4
6
5
7
4
3
14
2
5
8
7
5
3
7
7
2
6
4
4
4
2
2
6
3
2
2
10
16
4
5
2
4
2
2
3
10
4
6
4
5
4
6
3
5
8
0
5
25
5
4
3
0
0
4
4
2
1
4
0
2
1
3
2
4
7
4
3
4
1
0
3
1
2
4
5
2
0
3
6
4
1
5
2
4
1
3
3
4
3
3
8
3
3
3
1
9
0
1
8
4
0
5
3
1
6
1
3
1
1
3
4
6
0
2
5
4
5
2
1
2
2
2
7
6
3
1
1
4
3
2
1
1
2
1
1
3
1
1
1
5
1
4
3
1
3
3
7
1
6
9
0
2
1
1
0
3
1
1
3
0
6
6
5
3
2
0
1
0
4
3
1
0
3
3
2
4
4
2
0
1
1
4
2
1
3
2
2
2
1
1
5
0
2
1
2
6
0
5
1
2
3
5
2
2
4
2
4
5
1
3
2
5
1
4
3
3
1
1
4
3
1
4
0
3
2
2
1
0
1
0
1
0
3
4
1
3
4
0
4
1
0
4
4
2
4
1
0
3
2
0
1
4
5
3
1
3
1
1
1
3
0
1
1
1
4
1
0
6
3
3
3
0
2
2
3
0
6
1
1
2
2
6
3
1
6
3
1
4
3
1
0
4
1
7
1
1
2
1
1
1
2
2
3
3
3
6
2
3
7
1
7
1
3
1
2
2
5
0
3
0
1
7
3
4
1
2
5
3
1
6
1
3
3
1
7
3
0
