0
1
5
1
0
3
1
28
3
0
0
9
1
1
1
1
1
7
39
0
0
0
5
5
1
0
0
0
5
0
1
0
3
0
3
0
5
5
3
3
1
3
3
1
3
0
0
0
0
3
0
44
0
0
5
0
5
0
1
1
0
3
1
0
1
0
3
1
1
0
0
1
0
1
3
0
20
1
1
1
5
1
1
1
0
3
5
1
0
5
1
1
5
42
3
3
3
7
5
7
0
5
1
0
1
0
1
2
1
3
0
1
3
7
3
0
4
0
1
3
8
1
0
0
1
3
5
1
1
0
3
3
0
5
1
5
3
0
1
1
1
1
3
1
5
0
0
1
0
0
1
1
3
1
0
41
3
5
3
3
1
0
1
3
3
10
1
0
1
3
1
0
3
1
3
13
0
3
10
1
0
1
0
0
3
0
2
3
0
4
1
1
1
1
0
1
0
1
3
0
0
31
3
1
0
1
7
1
0
5
1
3
0
0
3
3
3
0
3
10
1
1
1
1
0
1
1
3
3
1
1
1
3
1
3
8
3
6
0
3
63
1
1
3
1
3
5
1
8
5
0
1
1
0
3
1
1
0
1
1
0
0
1
0
6
1
26
1
3
3
3
3
3
7
3
5
3
6
5
0
1
0
1
3
7
1
0
5
4
6
2
8
2
8
10
6
4
2
4
6
4
4
0
4
4
4
4
4
0
25
4
2
6
2
4
10
6
2
2
6
0
6
4
4
8
0
6
6
6
6
4
10
0
4
2
8
6
4
2
2
8
10
2
4
6
6
4
6
4
2
4
6
2
6
6
6
8
8
6
6
4
6
8
6
4
4
12
6
10
6
8
6
8
6
8
8
10
12
4
14
6
12
8
8
10
10
8
6
4
4
6
8
10
8
6
10
8
10
10
6
6
8
10
10
10
37
19
6
8
14
8
8
8
10
6
12
6
10
10
10
12
6
8
15
10
8
8
12
6
10
12
6
12
12
10
8
4
6
6
10
15
12
8
12
8
10
15
14
15
10
15
17
12
6
6
10
14
6
8
10
15
6
6
10
10
8
14
17
6
8
8
8
10
10
8
8
13
6
10
10
4
8
8
14
10
6
10
8
12
8
8
12
8
8
10
15
4
6
6
8
10
6
6
10
12
6
14
12
6
8
12
10
6
15
4
10
4
8
2
8
8
6
6
6
6
10
6
10
8
8
10
6
4
6
8
10
4
4
4
6
2
2
8
4
6
8
8
6
2
4
8
6
4
6
4
4
4
0
6
6
8
4
4
6
4
4
4
8
4
6
2
8
6
4
4
2
4
6
6
2
4
14
6
8
8
6
6
4
4
4
2
6
4
6
6
2
6
8
6
2
6
4
4
0
2
4
6
2
4
4
4
6
8
6
2
8
6
8
6
4
6
2
2
2
6
4
8
4
6
2
10
4
2
2
2
6
6
6
2
2
4
4
0
8
4
2
6
8
2
4
12
4
4
6
8
4
4
4
10
6
6
8
6
2
4
4
4
8
8
4
10
6
6
8
2
6
4
2
6
4
4
6
4
4
6
6
2
8
6
6
4
4
2
12
6
6
4
4
4
2
6
8
6
8
4
6
6
8
4
4
6
6
4
4
4
8
6
4
8
4
4
6
8
4
4
8
6
4
6
8
6
6
4
8
4
6
6
6
4
6
6
8
4
6
6
6
6
6
10
8
4
6
8
12
6
8
4
4
8
4
6
6
6
4
6
6
10
6
4
6
8
8
10
6
6
8
8
8
10
6
12
6
4
2
8
2
6
6
8
6
4
8
4
6
2
8
2
4
2
6
8
2
0
4
2
2
6
2
4
6
4
4
8
8
4
6
4
10
2
6
2
4
6
2
4
8
2
2
4
4
2
4
0
2
2
2
2
4
2
2
0
0
2
0
0
2
2
2
4
6
0
2
0
0
0
0
2
0
2
2
0
2
2
2
2
2
2
2
15
8
6
0
2
0
2
0
2
4
2
0
4
4
6
0
0
0
0
2
0
2
2
0
6
0
2
0
4
0
4
2
0
4
2
4
0
0
0
0
4
4
4
11
2
2
4
2
0
2
4
4
2
0
2
2
0
4
0
0
4
2
0
2
4
0
0
2
0
0
2
2
0
0
4
13
2
2
0
2
2
2
4
0
2
2
2
2
2
4
0
4
0
4
6
2
4
0
0
2
2
2
0
0
2
4
4
0
2
0
4
4
4
2
0
2
2
0
0
0
4
0
0
0
4
4
0
2
4
2
4
0
4
2
6
0
0
0
2
2
6
0
4
6
2
0
2
0
2
4
2
0
4
0
2
2
0
2
6
4
4
2
0
2
0
0
2
0
0
0
6
0
2
0
2
0
4
0
6
4
0
2
8
0
0
2
4
0
2
0
0
2
4
4
0
0
2
2
2
2
0
0
2
4
4
0
6
0
0
0
4
2
0
2
2
0
0
0
0
4
4
4
2
2
0
11
12
2
4
4
8
4
2
4
10
0
6
2
0
6
6
2
2
0
2
2
4
6
2
0
6
6
0
4
2
2
0
0
0
4
2
0
0
2
0
4
2
2
4
2
0
0
2
2
0
0
0
4
2
0
2
0
0
0
2
13
17
6
9
6
2
2
28
8
4
2
6
6
2
2
2
4
2
4
0
4
8
2
3
4
6
4
4
4
6
6
6
6
2
4
0
2
6
4
6
6
2
19
4
4
4
6
3
4
6
4
4
6
19
2
4
4
6
15
10
17
13
8
6
7
4
4
8
5
10
2
11
2
13
2
6
4
4
2
4
6
2
6
0
8
11
7
4
0
4
11
6
6
4
6
15
8
6
3
17
4
6
0
4
9
2
2
6
2
6
6
8
4
4
6
12
13
5
6
4
15
8
4
3
2
5
4
6
4
5
5
7
8
5
6
7
8
4
6
13
4
6
4
6
6
8
8
4
8
4
2
6
0
6
2
6
4
10
6
2
8
8
6
3
8
5
18
17
6
14
4
6
6
8
6
14
5
4
2
7
2
2
2
0
6
8
4
0
2
4
6
4
4
2
2
6
4
4
0
5
4
2
4
6
6
8
2
5
6
8
5
4
7
8
12
6
2
8
0
4
4
5
6
9
5
2
2
6
6
4
8
5
4
10
6
8
4
6
16
10
13
0
8
8
10
2
4
4
4
4
5
3
15
6
2
4
8
6
11
2
2
4
6
17
15
6
0
9
6
4
8
4
3
0
4
4
8
10
6
7
4
10
4
2
7
13
4
72
78
69
80
69
84
87
79
64
54
71
68
44
82
68
75
85
79
91
88
86
86
85
60
80
94
53
89
81
55
64
82
80
61
81
88
71
51
61
64
46
86
75
82
84
87
86
85
54
86
61
50
65
68
72
67
79
88
59
71
58
51
92
39
82
69
89
48
76
86
59
80
74
68
50
86
64
85
60
62
66
59
84
66
51
64
58
52
89
90
66
62
56
61
49
65
82
83
73
47
47
47
52
84
77
48
83
51
49
36
47
62
62
56
77
79
47
62
50
62
42
58
67
71
53
89
56
76
43
88
41
82
48
80
51
49
86
80
43
49
72
49
58
46
43
73
69
71
73
43
72
58
59
86
45
40
66
31
43
50
38
82
50
66
61
78
44
45
49
88
73
45
47
41
49
64
88
39
55
49
74
83
41
45
78
73
64
88
65
74
73
72
45
65
49
51
69
78
63
43
63
58
62
66
77
78
54
68
94
62
83
53
50
60
45
46
67
64
66
80
45
70
60
88
66
93
58
57
48
71
88
63
45
55
45
46
56
48
69
48
61
64
77
69
56
53
73
46
68
45
75
73
50
43
44
58
47
65
50
80
79
72
65
63
52
89
63
84
54
74
56
60
54
47
50
70
71
57
78
51
68
48
87
52
67
74
61
51
23
13
13
13
11
24
21
21
6
15
6
10
14
13
15
21
6
8
11
9
6
2
8
13
19
9
10
8
9
13
22
11
9
10
17
21
13
15
15
7
19
26
32
12
34
35
9
8
21
29
15
17
25
13
13
10
13
17
15
11
10
21
9
28
24
12
12
29
25
17
6
11
19
11
8
13
25
17
10
25
21
13
21
6
20
29
11
2
28
26
25
15
15
15
23
33
22
21
23
13
27
30
21
8
13
17
11
17
31
13
15
6
6
30
6
19
34
12
27
8
4
15
25
4
15
15
10
9
6
4
12
11
11
13
8
11
8
10
9
8
6
6
8
6
8
6
4
13
2
6
12
9
2
6
8
8
4
4
7
9
2
11
8
13
2
8
10
2
8
6
4
2
8
2
8
8
4
4
6
9
11
6
6
6
12
6
11
17
6
10
4
6
4
9
4
6
2
2
17
10
2
6
6
9
9
2
8
6
10
6
15
20
7
4
8
19
30
28
17
13
4
12
8
17
37
17
6
19
23
11
24
10
28
6
9
9
11
8
13
17
23
8
25
8
33
9
9
6
19
30
21
8
22
4
6
4
6
11
11
11
19
13
17
6
15
7
4
6
27
13
15
15
11
9
15
12
8
30
15
15
19
16
8
23
16
28
15
15
0
21
17
14
0
47
21
12
27
0
1
23
0
22
21
0
0
0
18
0
31
23
29
43
18
22
19
1
25
18
17
1
35
0
0
15
28
22
20
18
14
0
0
33
33
0
0
22
23
26
27
37
16
0
0
28
37
25
0
23
19
23
18
17
0
0
27
28
25
0
0
25
23
21
32
17
0
38
28
1
29
0
28
23
25
23
21
18
0
0
1
25
30
0
22
32
32
21
28
20
0
23
23
13
31
25
0
36
22
29
0
30
14
0
43
7
24
19
4
18
23
24
19
22
0
24
18
44
14
22
25
27
13
24
21
13
0
19
0
29
28
0
19
31
24
22
19
19
0
0
18
30
23
23
1
42
20
20
19
18
0
11
0
27
0
0
3
31
19
24
21
33
0
0
1
0
29
31
29
0
24
0
34
27
13
27
0
46
34
0
0
20
28
19
19
20
16
0
3
21
44
0
4
27
12
22
20
16
0
25
39
23
0
0
0
0
19
19
8
0
18
13
1
0
38
25
0
2
2
45
20
46
18
0
3
24
38
0
30
0
0
20
15
0
2
14
30
31
35
36
29
24
33
26
0
11
18
0
32
41
38
22
30
31
49
38
32
20
0
0
69
0
0
0
0
38
41
23
30
17
18
31
35
0
0
0
0
28
6
8
59
8
74
6
12
5
38
35
2
6
8
12
10
14
27
6
5
6
7
7
5
16
13
19
11
14
29
6
5
11
26
6
6
7
6
4
5
11
35
15
12
17
13
6
13
5
7
10
2
64
5
11
85
4
6
5
5
6
12
11
9
4
7
7
17
7
10
10
6
14
13
2
4
7
13
2
2
4
62
12
2
47
4
5
9
45
35
6
11
4
10
85
30
15
10
50
9
20
13
15
39
12
7
8
6
11
10
5
20
27
54
54
13
24
36
4
6
53
11
7
7
4
7
5
33
8
4
6
5
7
2
7
12
2
16
32
0
8
2
13
4
11
15
14
32
6
62
26
5
6
9
6
4
3
26
6
35
46
37
4
46
86
8
6
4
42
4
10
9
6
6
5
77
9
30
33
2
97
4
7
6
10
7
9
2
9
13
45
9
5
9
2
6
82
6
7
2
0
2
2
4
4
13
10
4
2
6
6
4
16
38
8
5
46
13
4
2
4
2
4
4
0
2
6
6
5
4
34
20
42
3
42
19
19
19
13
19
48
5
12
2
41
20
94
5
4
4
8
22
5
1
7
26
5
11
11
35
7
4
2
2
21
13
6
19
12
7
5
8
1
4
5
5
5
54
8
16
32
19
4
7
5
4
9
5
11
0
0
1
0
1
1
2
3
0
2
0
7
3
3
3
0
0
0
1
1
5
1
0
0
0
1
0
1
5
1
1
1
1
1
1
0
0
1
0
0
0
0
5
1
0
0
0
5
0
0
1
35
0
2
3
0
0
3
0
1
1
2
1
1
3
0
0
0
1
1
1
3
1
0
3
3
0
1
2
47
1
0
0
0
1
0
3
0
0
1
0
0
1
0
3
0
1
0
0
9
5
0
1
0
0
3
0
0
1
5
1
0
3
0
1
9
1
1
0
0
1
7
0
0
1
0
3
1
5
1
0
3
1
1
0
0
3
1
1
1
1
1
0
3
0
5
1
1
1
3
0
5
1
1
0
0
1
1
1
1
0
0
0
1
0
0
1
3
5
1
1
0
0
1
0
1
0
1
0
1
0
1
7
0
0
3
1
5
1
0
3
0
0
3
3
1
1
0
4
3
1
0
0
0
1
3
3
1
2
1
3
3
0
1
5
1
1
1
7
0
7
0
0
3
1
3
0
0
0
1
0
3
0
0
0
5
1
0
0
1
1
0
0
5
5
1
0
1
1
0
1
0
2
3
3
0
0
0
3
1
1
2
0
3
0
5
0
0
0
3
3
45
1
0
1
3
3
2
0
0
0
4
1
0
0
1
0
1
