11
7
7
8
10
6
9
11
10
11
9
7
18
8
11
8
7
9
11
8
8
15
13
8
11
10
6
8
5
7
11
10
9
12
9
13
13
10
8
11
15
7
7
10
9
10
13
10
13
12
14
12
13
10
11
14
7
11
14
16
16
9
9
19
22
12
26
16
11
17
19
21
12
7
18
13
15
10
15
13
10
18
12
13
15
13
24
11
16
17
8
19
15
15
9
24
15
19
13
17
16
11
13
9
19
15
11
15
17
18
8
18
19
9
10
12
18
8
11
14
15
12
12
15
14
14
8
15
18
21
15
15
18
8
8
9
12
19
19
17
12
19
13
6
18
12
14
14
11
10
9
12
9
14
9
8
14
12
14
8
18
14
20
10
8
17
14
21
21
13
13
16
8
9
10
7
7
7
13
10
15
10
16
17
12
9
12
12
17
19
10
14
19
19
18
10
19
11
11
13
11
17
16
16
18
14
12
10
6
5
11
17
8
13
14
12
15
6
7
9
8
10
8
15
11
12
10
17
20
10
9
10
13
12
18
15
12
16
13
17
14
8
10
6
5
12
11
12
7
8
11
9
9
10
12
15
10
14
10
11
8
7
11
10
10
3
8
11
11
11
10
10
5
4
12
8
11
10
12
11
10
5
6
9
8
8
10
8
9
10
89
15
9
2
0
9
8
2
21
10
10
4
2
2
15
17
21
0
4
0
7
4
2
4
0
4
0
2
2
0
0
0
2
0
0
2
0
0
9
4
9
4
5
6
6
17
11
30
4
0
4
11
6
2
0
0
0
15
4
8
8
6
8
8
0
11
9
11
2
2
0
7
7
5
6
0
5
9
6
5
2
0
9
16
8
0
6
5
7
2
2
0
0
2
2
3
0
2
4
2
2
2
2
2
0
4
4
2
0
2
2
0
0
0
4
2
0
0
0
2
15
11
11
12
2
2
0
0
0
2
2
2
2
0
4
2
2
0
0
0
0
0
4
0
4
9
8
0
5
13
17
0
0
0
0
2
0
0
2
2
9
7
9
2
11
6
8
7
0
4
0
9
8
5
0
10
2
6
3
0
2
11
11
9
0
0
4
0
2
2
0
3
0
2
4
2
4
2
10
9
6
7
24
7
11
2
0
2
11
24
0
2
2
0
2
0
0
0
0
0
2
2
0
2
9
4
11
0
0
11
7
24
9
17
0
0
17
6
0
7
6
2
0
0
7
9
18
11
9
6
4
2
0
8
4
4
11
2
7
2
0
2
2
4
6
7
0
19
17
17
2
0
2
0
0
20
9
6
3
7
0
5
4
4
2
2
2
2
2
3
2
0
4
9
5
2
2
7
2
2
2
0
2
2
2
3
9
2
0
2
2
0
2
0
2
0
0
0
2
0
5
2
2
0
2
0
2
2
0
0
4
3
2
2
0
2
0
2
4
4
0
0
3
0
4
5
20
14
2
2
7
9
5
4
1
0
3
5
0
2
2
6
4
3
3
2
0
4
10
5
0
2
2
3
5
2
4
2
2
6
1
2
0
2
2
2
8
5
3
4
0
4
9
1
0
1
0
0
4
4
0
5
0
0
2
5
7
12
1
5
0
3
3
1
11
0
4
17
2
3
5
0
4
0
5
3
6
0
1
3
6
2
2
2
2
8
5
2
18
1
1
3
2
2
4
4
2
9
5
2
1
5
3
4
3
4
14
2
1
3
2
2
0
2
5
2
0
5
0
2
7
4
4
1
4
5
4
7
2
2
1
0
8
0
2
5
2
0
0
5
2
4
0
3
2
2
1
5
4
2
0
4
1
3
5
3
2
1
0
2
2
2
0
0
3
2
2
0
0
3
3
4
2
0
0
2
8
0
2
2
0
2
3
2
0
2
0
2
3
0
0
2
2
2
2
0
0
3
0
3
0
0
0
0
2
0
0
2
4
2
0
4
2
3
0
1
2
1
0
2
0
0
0
2
32
32
36
34
30
30
20
41
34
31
41
53
30
33
42
15
44
23
21
44
18
22
23
31
24
30
31
23
23
23
25
42
13
36
44
65
15
28
29
29
38
33
44
33
29
39
47
40
59
31
32
30
35
32
33
35
30
48
65
43
23
47
72
26
36
28
21
18
60
76
32
51
44
48
44
14
43
41
36
21
20
43
62
14
33
48
41
37
36
30
32
33
27
38
33
53
43
32
21
33
42
25
29
21
40
41
40
32
32
33
58
33
27
29
29
33
37
29
44
36
68
57
67
41
16
30
31
46
54
42
22
44
58
57
63
2
22
36
32
44
41
65
53
41
50
60
67
46
30
31
43
52
28
55
49
54
75
76
62
40
24
39
34
42
30
58
47
33
39
57
63
30
25
28
16
40
58
76
65
53
59
49
28
57
66
33
65
74
91
66
44
50
94
48
75
33
36
28
25
64
31
92
52
49
56
80
52
42
28
44
42
23
57
52
44
38
83
87
38
36
29
38
42
44
80
61
35
29
21
63
65
35
41
36
30
24
10
40
32
6
37
40
19
35
35
50
30
44
66
46
13
25
57
28
34
38
71
16
13
23
21
15
16
19
26
54
28
35
45
46
17
41
50
31
23
30
41
53
38
20
27
38
32
27
25
11
47
38
0
0
2
4
6
0
2
4
2
0
2
0
0
0
0
0
0
2
0
6
2
2
2
0
0
0
0
0
2
0
0
0
2
0
2
2
2
2
2
2
6
0
2
2
2
0
2
0
2
0
0
0
0
0
0
0
0
0
2
0
0
0
4
2
0
0
0
2
0
0
0
0
2
2
0
0
2
0
0
2
0
0
2
2
2
0
0
0
2
0
0
0
0
0
6
0
0
2
2
2
2
2
2
4
0
0
2
0
2
2
0
2
0
0
2
0
0
2
0
0
2
2
2
2
0
2
0
2
2
2
6
2
2
2
2
2
0
0
0
0
0
4
2
2
0
2
2
2
0
4
2
2
2
0
0
0
2
2
0
2
2
0
0
2
2
2
4
0
4
2
2
2
6
2
0
6
0
4
6
2
0
2
0
0
2
2
2
0
2
2
3
0
0
2
0
2
0
0
2
6
2
2
2
0
0
0
2
3
2
0
2
4
2
2
0
0
0
2
2
4
4
0
0
0
0
0
0
2
0
0
0
0
2
0
0
0
2
0
2
4
0
4
0
2
4
4
2
2
2
4
2
0
0
4
0
0
2
0
2
2
0
2
0
0
2
2
0
0
2
2
2
2
2
2
0
0
2
2
0
0
0
4
2
0
0
2
0
6
23
12
20
39
31
52
42
15
49
23
31
19
10
0
52
14
38
47
22
15
56
26
41
32
73
45
19
37
23
9
17
32
48
20
78
25
50
22
23
21
29
26
29
5
11
30
29
40
22
7
44
23
22
40
39
15
33
43
15
74
22
32
59
67
56
67
23
22
52
9
30
51
73
12
29
45
60
23
27
20
27
30
24
26
37
31
33
65
35
25
36
68
42
24
36
41
45
7
27
16
20
59
17
22
48
16
43
32
35
13
30
16
18
31
56
34
26
3
46
40
40
33
74
51
40
28
26
21
46
36
30
19
24
30
39
39
40
41
44
57
35
27
20
20
56
18
44
21
18
40
31
22
21
27
15
5
46
29
25
45
36
39
41
51
9
32
38
37
44
22
28
42
33
33
26
20
18
40
26
33
28
22
52
24
38
26
51
51
33
25
39
40
42
15
24
43
25
26
27
30
11
15
30
3
63
34
16
44
14
36
49
27
42
29
19
30
31
28
46
33
15
31
47
22
39
33
38
30
36
33
9
13
34
34
20
32
41
20
32
39
40
20
39
38
24
32
35
26
19
7
13
17
13
20
19
62
19
22
21
35
26
5
29
26
37
36
39
39
14
21
11
5
32
25
34
18
22
25
28
21
9
41
18
29
18
28
48
40
40
46
2
24
0
0
0
0
32
37
0
17
98
42
0
0
0
0
0
0
0
0
88
0
61
0
0
0
0
0
0
0
0
11
35
30
19
36
70
43
0
0
0
3
0
31
39
7
0
0
0
0
0
0
0
0
0
0
10
0
37
22
8
19
16
21
27
34
25
22
10
40
13
29
49
29
35
2
0
0
0
48
44
48
4
95
0
0
0
0
0
0
0
31
49
0
0
96
0
0
0
0
0
0
0
0
21
24
28
25
66
0
44
42
0
0
0
3
27
28
46
55
20
60
0
0
0
0
0
20
0
48
45
57
21
0
0
0
0
0
0
26
17
9
27
41
42
46
22
64
0
0
0
3
32
29
49
99
89
4
0
0
0
0
0
27
30
94
57
16
0
0
0
0
0
0
0
3
31
25
0
51
29
0
0
0
0
0
0
17
24
57
57
75
0
0
0
0
0
0
0
24
34
39
37
53
97
0
0
0
0
0
0
52
43
52
53
95
0
0
0
9
32
31
31
42
20
38
98
41
28
93
0
35
19
45
24
25
23
43
0
0
0
0
0
27
40
34
17
32
29
39
85
0
0
0
0
0
0
0
0
0
0
0
0
86
86
38
0
0
0
0
0
0
0
0
25
29
13
46
6
32
0
0
0
0
0
0
2
2
4
0
4
4
0
2
2
2
2
0
6
4
4
2
2
0
2
2
0
0
2
2
4
2
0
2
4
2
4
0
0
2
0
4
2
2
4
0
0
2
0
0
0
0
2
6
0
0
4
4
2
8
0
0
4
4
0
0
0
2
2
4
4
4
2
0
2
2
6
4
2
2
2
2
0
0
0
0
2
2
0
4
0
2
2
0
2
0
4
4
2
0
2
0
2
2
2
0
0
2
0
0
8
2
0
0
2
0
2
2
2
2
2
2
4
2
0
0
4
0
0
0
6
2
0
0
0
0
4
6
2
6
4
0
0
2
0
2
4
2
2
4
4
2
2
2
4
0
2
0
2
2
0
6
2
4
4
0
0
0
6
4
0
0
0
6
22
2
2
0
0
0
0
0
0
2
2
2
4
6
0
0
2
4
2
0
2
4
0
0
4
2
2
0
0
0
2
4
2
0
0
6
2
4
2
2
0
2
4
4
2
2
0
6
2
2
4
0
0
4
0
21
0
0
2
0
2
4
4
2
4
6
0
4
0
2
6
4
0
2
2
2
6
0
0
6
2
6
4
4
0
2
0
4
6
4
0
0
2
2
0
6
2
2
2
2
2
4
24
2
2
2
2
2
0
2
4
0
0
0
4
0
2
0
2
2
6
6
14
14
14
4
23
8
10
12
10
4
8
53
8
6
12
2
6
10
6
25
33
10
20
6
2
24
8
31
12
6
18
14
8
4
10
4
20
20
10
8
10
20
18
22
10
4
8
20
8
14
12
16
21
8
10
8
29
10
10
12
14
23
16
14
27
20
14
6
25
12
18
10
14
16
8
22
12
14
16
18
10
14
6
21
6
8
14
2
10
14
16
6
14
6
18
27
18
18
4
8
10
14
39
29
14
14
14
10
10
10
10
10
18
12
10
10
10
29
43
16
16
18
14
12
24
10
8
8
23
10
8
16
12
18
8
31
12
25
18
12
8
23
12
16
6
12
29
22
16
16
31
25
12
8
33
31
12
8
12
16
6
4
6
14
47
12
12
45
24
4
6
12
8
4
22
8
23
23
12
20
33
19
29
12
20
25
16
12
18
27
12
16
22
33
12
20
8
21
8
27
12
20
20
23
16
20
6
14
12
10
14
16
16
8
35
8
12
14
14
20
6
8
10
12
6
16
16
8
16
22
12
16
23
6
37
14
16
18
8
6
10
14
43
18
16
6
12
8
10
16
12
4
10
12
8
18
14
19
14
29
8
6
6
10
75
2
2
10
4
4
4
6
8
8
4
0
6
6
4
2
4
4
8
2
6
2
15
13
8
23
4
8
10
2
2
6
6
21
8
11
10
23
10
40
27
15
10
8
4
15
25
17
10
13
10
8
4
15
4
15
11
4
6
11
27
6
4
6
29
25
2
8
6
8
11
8
10
14
4
25
8
23
4
4
8
6
13
15
21
6
15
8
63
6
8
6
21
12
8
8
6
12
10
10
6
13
4
6
6
13
8
11
6
6
6
65
8
8
6
8
6
6
11
8
6
8
4
8
46
6
8
4
10
8
12
25
8
6
6
17
8
15
6
6
2
8
13
30
10
8
10
4
10
4
6
6
6
11
33
25
37
11
8
11
6
9
2
9
10
69
4
6
50
6
8
8
4
2
23
12
8
13
10
72
6
8
23
8
50
10
44
12
36
8
6
40
11
8
11
6
13
6
4
10
10
6
25
10
8
10
13
78
8
8
8
6
8
10
48
6
21
57
8
34
13
6
12
13
8
11
82
4
10
8
23
8
11
8
10
52
10
8
6
6
10
11
15
8
8
8
6
30
10
10
4
8
40
6
8
6
10
9
10
11
4
2
73
11
10
17
10
4
15
4
2
6
4
8
6
23
4
8
6
4
4
6
4
6
6
8
6
4
21
21
13
8
6
17
19
34
4
15
8
24
11
19
23
11
15
23
21
15
2
10
