4
8
2
0
4
2
8
0
6
4
2
8
2
0
0
0
6
2
0
4
2
2
2
0
0
0
2
0
0
2
2
2
2
0
0
0
2
4
4
0
0
4
0
4
0
0
2
4
4
6
2
2
4
0
2
6
0
0
4
2
6
2
0
0
2
4
4
2
0
0
0
4
0
2
2
2
4
0
2
6
0
6
2
0
0
4
2
0
6
2
2
8
2
0
2
0
4
2
0
4
0
0
2
0
2
8
2
0
0
2
4
6
2
2
8
2
6
6
4
4
2
4
0
0
2
2
2
2
4
0
2
4
2
2
4
2
4
2
2
6
2
2
2
2
0
2
4
0
2
0
2
0
2
2
0
4
0
0
2
2
0
2
2
2
4
4
2
4
4
0
2
4
4
0
4
4
2
2
0
4
0
4
2
2
2
0
7
4
6
0
6
4
4
0
2
2
0
0
0
2
2
0
2
2
2
2
0
4
0
2
2
4
0
4
0
2
2
2
2
2
0
0
4
6
2
2
2
4
4
4
4
4
4
4
2
0
0
2
8
8
4
2
0
2
0
4
4
0
0
0
0
2
2
2
0
0
4
4
0
0
0
2
0
2
0
0
4
2
0
0
0
4
2
2
4
2
4
0
0
0
8
2
2
2
2
6
0
0
14
8
53
5
4
30
35
32
37
5
5
51
44
4
55
9
5
9
31
7
6
21
9
39
11
26
41
7
9
5
9
9
5
13
6
5
7
9
10
6
9
30
11
10
3
7
7
11
12
5
57
7
7
7
32
6
8
5
5
5
9
7
9
6
7
5
7
7
34
5
5
9
9
7
9
5
64
7
46
23
4
16
4
9
41
9
7
7
7
33
9
17
10
9
10
50
72
49
9
7
10
9
5
11
12
7
9
13
3
46
35
16
5
7
8
7
13
11
6
10
17
11
9
56
3
33
11
9
25
4
4
7
4
39
12
7
7
5
9
4
16
4
11
19
7
5
4
11
12
8
37
8
27
9
9
48
7
7
10
3
33
7
7
5
13
9
5
47
35
48
9
7
22
5
7
7
36
7
9
12
0
7
36
7
11
33
7
42
15
20
5
8
7
28
32
6
35
9
6
7
21
8
8
16
21
27
9
7
44
5
7
29
11
7
7
10
45
10
32
10
8
2
7
59
57
9
9
26
6
7
9
3
12
11
7
5
40
49
3
7
45
10
5
4
9
37
30
50
7
11
7
9
8
3
21
5
29
44
14
8
47
43
4
47
7
11
43
12
4
9
45
41
46
7
35
26
5
40
42
26
15
9
3
9
8
11
11
45
10
12
8
12
12
8
9
18
8
6
12
16
12
8
12
10
24
6
8
10
12
6
23
8
4
12
6
8
6
8
4
6
10
6
12
4
6
6
14
12
10
12
10
10
18
10
20
16
6
6
4
8
18
8
12
8
8
8
4
12
10
10
0
4
8
8
8
4
20
16
6
6
18
8
8
6
12
6
10
14
6
27
6
12
6
8
10
8
14
8
4
4
10
8
12
16
20
8
10
8
6
8
6
8
8
10
10
10
12
14
14
14
8
12
6
8
8
12
6
14
14
12
12
8
6
12
19
10
18
16
14
8
4
10
12
14
15
8
14
10
14
6
8
10
6
10
10
6
14
10
6
10
4
9
14
18
8
14
8
15
8
8
14
12
16
16
6
14
16
12
8
14
20
26
10
14
12
10
6
10
14
16
8
8
12
6
16
12
12
10
6
14
18
16
14
10
8
8
18
6
8
6
12
8
16
8
10
16
8
8
12
6
26
4
18
6
12
10
10
8
0
4
2
8
4
14
8
6
6
6
8
8
12
8
20
6
10
6
6
10
10
22
10
2
12
8
12
4
4
10
12
4
4
4
2
6
6
2
12
8
2
6
0
0
4
8
2
4
2
2
0
2
0
12
2
4
0
0
2
4
2
0
6
0
2
6
4
0
0
0
0
2
6
0
4
0
2
0
6
2
4
2
0
0
2
2
4
0
2
4
0
0
2
4
0
2
2
0
0
2
4
4
0
0
0
0
0
4
2
4
0
2
7
2
0
0
2
0
0
2
0
2
0
4
0
2
2
0
0
0
0
2
0
0
0
0
0
2
2
0
2
2
2
0
4
4
2
2
2
2
2
0
2
2
2
2
4
4
4
2
2
2
2
2
0
2
0
2
2
0
0
4
2
2
0
0
0
6
2
0
0
6
2
2
2
2
4
0
0
2
2
2
2
4
6
6
2
2
0
4
0
0
2
0
10
2
2
4
0
2
2
0
2
0
4
2
0
4
0
0
2
2
4
6
0
0
2
0
2
2
4
0
0
0
2
0
0
0
2
0
0
0
2
2
2
4
41
0
2
4
4
0
2
8
6
2
2
0
4
2
6
2
2
0
2
8
4
0
4
2
0
2
2
0
4
37
2
2
4
0
2
2
0
2
0
2
2
4
27
0
4
2
29
4
2
2
0
4
6
2
2
2
2
4
6
0
2
39
2
0
2
2
25
0
2
2
2
6
6
2
2
0
2
0
2
2
2
2
2
2
4
0
2
4
0
2
4
4
0
0
2
4
0
4
2
2
0
4
0
2
0
6
2
4
4
4
6
10
7
0
11
6
0
44
8
0
73
2
6
0
12
4
10
4
10
10
6
8
35
8
5
6
14
6
6
6
8
9
0
2
2
6
2
8
2
4
8
4
6
0
6
4
12
11
11
2
11
6
2
8
0
8
7
4
12
8
12
8
7
0
0
8
8
0
10
0
0
4
8
7
2
4
12
4
4
10
8
0
8
4
6
4
4
0
6
8
6
9
2
2
12
14
4
11
7
0
12
8
0
2
2
6
5
6
15
4
6
4
4
2
6
12
8
9
10
9
9
8
0
8
0
6
9
12
2
8
53
0
4
44
8
10
0
8
4
2
2
48
10
0
13
8
4
12
7
55
11
9
4
8
0
10
2
12
11
4
70
6
8
4
0
12
69
8
7
0
4
12
46
6
4
0
11
4
21
6
6
10
6
4
6
11
3
24
6
6
33
6
8
6
6
10
10
0
5
8
4
13
17
6
9
8
10
7
6
4
4
10
6
6
8
6
0
2
11
2
6
8
5
2
6
11
2
9
6
4
6
4
8
0
10
6
8
2
6
7
8
6
8
4
0
4
2
6
2
7
6
8
8
12
6
6
8
10
8
4
0
8
9
4
6
10
8
6
6
0
10
6
2
8
10
8
12
11
6
10
10
6
6
85
9
95
10
8
0
5
7
5
3
2
3
2
0
9
5
9
7
9
3
5
2
2
0
3
5
3
2
2
2
5
7
0
0
7
3
2
5
2
5
3
2
2
3
2
2
25
2
5
3
2
2
2
5
2
2
2
0
2
17
7
15
2
0
3
2
9
3
5
9
5
2
7
2
11
9
11
2
3
2
3
0
3
5
7
2
3
0
9
3
7
2
2
5
2
0
3
7
3
5
3
3
5
23
3
9
13
5
15
2
2
0
3
5
5
0
7
3
7
3
19
7
21
7
19
15
13
13
9
23
15
17
15
23
11
19
17
15
15
7
9
19
17
19
15
7
13
15
45
15
7
19
23
27
13
23
9
11
21
7
25
3
35
15
11
3
21
7
5
17
3
15
7
23
25
17
5
9
11
7
3
11
5
19
5
13
9
7
5
21
13
11
13
11
15
9
9
7
13
5
11
7
11
9
17
13
9
19
23
11
7
17
15
7
19
11
19
9
9
25
23
13
9
2
7
3
2
5
2
3
7
2
5
2
5
7
0
7
5
5
5
7
2
5
3
5
7
3
3
2
7
1
2
2
0
2
7
7
5
3
3
3
5
3
3
2
5
7
7
5
9
7
5
2
5
2
2
5
7
0
5
9
2
3
7
9
3
3
3
2
5
2
3
12
19
25
0
23
0
0
6
5
35
0
22
0
2
5
16
27
14
0
0
0
0
0
0
19
24
0
0
37
30
0
22
22
0
0
0
21
0
4
12
6
0
26
0
0
8
0
0
0
14
19
0
2
13
21
9
0
0
6
13
0
2
39
0
22
0
55
0
0
0
0
0
0
0
12
11
20
0
0
9
0
0
13
0
0
0
16
0
0
0
0
11
0
16
0
0
0
0
10
24
0
0
0
24
80
0
2
12
0
0
19
2
11
0
60
0
12
24
51
0
0
0
6
18
2
2
0
0
0
43
11
39
0
15
0
5
0
3
1
0
0
46
0
0
0
5
0
0
0
7
15
0
1
0
6
0
0
0
0
0
0
22
0
13
74
0
0
0
0
7
15
6
27
8
2
28
2
9
12
14
0
19
0
0
13
5
19
0
2
0
2
1
0
0
27
16
2
15
0
0
0
40
2
24
6
0
28
0
24
0
0
0
2
0
0
2
2
2
23
1
35
0
0
4
61
0
21
2
0
40
34
20
30
1
0
65
2
7
17
33
0
0
21
0
6
9
0
29
36
0
22
6
28
0
0
0
0
0
0
0
0
0
0
0
4
25
0
15
7
0
7
42
58
57
0
0
0
0
0
29
7
16
4
21
0
13
0
45
50
39
35
45
35
30
34
23
45
34
29
47
33
43
24
35
32
45
29
24
53
29
47
30
28
30
29
45
23
28
39
48
28
33
33
42
36
30
33
35
28
43
44
33
39
28
48
30
43
32
33
28
52
39
28
51
52
29
29
40
26
37
28
34
47
31
57
28
27
40
54
35
36
43
33
42
32
40
32
31
38
31
40
41
32
26
48
39
31
29
44
34
38
53
28
41
29
39
37
39
35
32
33
28
67
41
32
36
42
36
25
44
38
35
43
42
27
46
33
26
35
65
37
35
46
37
28
44
38
61
29
45
37
38
38
33
33
28
44
46
26
35
27
29
29
47
32
42
25
32
29
52
28
30
41
43
39
28
40
48
37
32
22
51
50
28
27
49
40
44
42
52
39
24
39
40
53
39
27
35
26
45
32
33
34
27
36
35
28
23
28
46
32
29
42
38
35
34
29
47
35
38
38
40
31
44
36
45
45
35
39
26
33
37
25
53
41
33
25
41
41
35
40
45
31
34
47
47
36
28
31
50
30
37
39
30
41
40
35
34
48
66
29
35
44
53
49
36
31
47
44
39
32
46
44
48
28
50
27
40
33
45
50
36
33
50
49
31
36
52
35
36
43
50
33
32
37
44
33
28
50
47
46
31
47
42
37
33
2
0
45
2
2
0
2
4
2
2
0
2
0
0
2
0
2
2
0
0
2
0
4
2
0
0
2
2
0
0
0
0
2
4
0
0
0
2
2
2
2
2
0
0
0
2
0
0
0
2
2
0
0
0
0
34
0
0
2
2
0
2
2
0
0
0
2
0
0
2
2
2
0
0
0
0
2
0
2
0
0
2
2
0
0
2
0
0
2
0
2
2
0
2
2
2
2
2
2
2
2
2
0
0
0
4
2
2
0
0
0
0
0
0
2
2
2
0
2
2
2
0
4
0
0
0
0
17
2
2
0
0
2
2
2
2
2
0
2
2
0
4
0
2
2
0
0
0
0
0
2
0
0
0
4
2
2
2
2
0
2
0
2
2
2
2
4
2
2
0
2
2
0
2
2
4
2
0
4
2
0
2
0
2
2
0
4
2
2
2
0
2
2
0
0
0
2
0
2
2
2
2
2
2
2
2
2
2
36
2
2
2
2
2
0
2
0
0
2
2
4
52
0
2
2
2
2
2
2
2
3
2
2
2
0
2
0
0
0
2
0
2
0
2
2
0
2
2
2
4
2
2
0
0
2
2
2
0
2
2
0
4
2
0
0
0
2
0
2
0
2
2
0
0
2
2
2
0
0
2
2
0
0
2
2
0
0
0
4
4
4
4
4
2
2
2
4
4
4
2
4
4
4
2
4
18
2
4
8
6
4
4
4
14
4
6
18
6
4
2
2
4
35
4
2
4
22
4
10
27
18
6
4
4
4
8
6
27
21
27
4
6
6
4
4
6
2
2
6
6
6
4
6
43
4
4
6
4
4
4
6
0
10
4
2
4
10
2
2
35
4
6
6
2
4
31
4
4
4
2
12
4
2
0
2
2
18
6
4
2
2
4
4
47
6
4
2
6
23
49
4
4
4
4
4
2
10
8
4
6
25
6
23
8
6
37
2
4
2
8
6
4
2
6
2
4
6
4
2
4
2
2
2
8
52
12
2
6
2
4
6
6
4
2
2
2
4
2
31
4
4
21
2
6
8
8
8
4
10
35
6
4
2
2
6
43
33
6
4
8
4
41
4
6
12
2
8
67
16
47
6
2
4
4
10
4
8
4
4
6
4
4
6
6
27
4
18
4
2
4
4
4
33
4
4
6
2
6
6
4
2
12
2
2
10
8
8
4
10
33
6
4
2
4
25
8
6
4
6
0
2
0
2
2
4
8
4
2
8
4
15
31
4
6
8
4
6
6
6
41
8
9
4
4
8
4
6
6
2
6
6
4
8
16
25
4
8
8
8
16
8
10
12
8
10
27
