6
2
4
2
2
4
4
2
6
6
6
6
4
6
4
4
2
4
10
8
9
6
6
4
2
2
4
2
13
6
6
4
6
6
9
10
4
8
6
6
6
6
4
4
9
4
11
6
4
13
4
8
6
4
4
9
4
4
6
4
4
4
8
9
4
6
7
4
9
4
6
2
8
4
68
4
5
4
2
6
4
2
2
4
6
4
4
10
2
2
6
2
5
15
4
6
6
6
6
4
4
6
4
6
4
4
6
8
15
4
6
9
6
4
4
3
7
9
19
4
4
2
4
4
4
4
4
4
9
2
8
15
8
7
6
13
6
4
4
6
4
6
2
4
7
4
6
2
2
4
4
8
6
8
4
4
7
2
8
6
4
8
4
6
4
4
3
6
4
6
6
6
6
2
2
6
4
7
4
2
4
6
2
4
8
4
4
9
4
8
4
10
15
2
4
11
4
8
4
6
4
6
4
2
2
4
4
6
4
6
6
7
6
2
6
4
6
4
6
6
6
8
11
6
7
2
4
4
4
8
4
4
6
6
4
6
4
4
4
6
4
6
2
2
8
14
4
6
6
4
2
12
4
4
9
4
4
4
9
4
6
6
6
8
4
4
6
2
8
6
4
6
0
4
6
4
2
4
6
4
6
4
6
6
2
4
4
4
10
6
11
9
9
1
7
3
0
5
13
10
13
2
11
45
0
0
7
0
0
0
11
50
13
10
10
15
0
0
6
0
15
21
12
17
10
2
12
11
0
0
5
0
9
7
0
9
1
11
3
25
0
3
8
1
7
13
0
1
10
7
15
12
25
0
2
5
1
3
7
4
11
2
6
12
13
0
0
9
0
10
0
15
11
11
0
13
0
5
0
6
0
9
0
16
12
27
3
5
8
14
0
1
5
9
0
2
11
3
5
13
9
1
7
6
5
0
0
10
13
9
3
7
1
7
0
0
8
11
0
5
11
8
0
4
6
10
0
0
9
0
8
7
8
6
10
0
4
1
7
0
0
0
6
5
11
9
1
16
0
0
6
5
0
7
10
0
3
7
5
18
9
2
0
0
7
7
10
16
3
6
3
9
0
6
8
7
4
7
5
6
0
18
0
13
0
9
0
15
0
3
5
9
0
2
6
7
2
9
0
0
5
8
11
0
0
6
1
0
13
6
1
7
2
8
4
6
1
0
9
13
0
10
7
5
0
10
11
5
9
10
8
7
38
0
0
1
5
2
0
9
17
7
1
10
33
6
0
7
0
17
9
14
0
5
13
0
18
7
5
0
4
3
0
20
9
0
15
14
8
5
16
3
5
0
6
7
0
0
0
17
4
28
17
37
0
2
2
0
0
0
2
0
2
2
32
31
27
0
0
0
0
0
13
42
47
28
27
0
0
0
0
0
0
0
0
0
26
27
33
0
0
0
0
2
0
0
17
84
40
8
0
0
0
0
0
0
0
0
0
32
19
31
38
0
0
0
0
0
0
0
2
42
30
21
2
0
1
0
0
0
0
0
19
5
31
23
18
0
0
0
0
0
0
0
19
27
0
28
28
0
0
0
0
0
0
0
9
0
20
0
0
0
0
0
0
0
0
0
9
57
24
23
30
0
0
0
0
0
0
0
0
30
0
30
19
0
0
0
0
0
0
0
9
7
30
2
21
0
0
0
11
21
9
0
18
25
3
21
10
29
26
18
18
26
0
18
0
0
20
41
34
0
0
0
0
0
2
0
19
0
31
29
20
42
0
0
0
0
0
0
24
32
3
2
0
0
0
0
0
0
0
0
0
32
17
5
12
18
19
22
0
0
2
0
0
22
21
27
24
21
0
21
0
0
0
0
23
0
24
26
24
15
12
14
47
0
0
0
0
43
23
21
23
17
21
17
0
0
0
15
7
3
1
19
15
21
17
18
16
0
18
33
0
28
26
22
0
13
6
17
66
14
15
25
13
28
27
20
27
12
31
0
0
0
17
32
21
39
4
4
29
19
30
18
21
14
17
36
31
20
23
16
24
20
27
25
22
25
34
49
12
27
24
27
19
26
29
19
20
12
19
13
35
27
14
25
7
27
21
24
12
24
13
22
13
24
19
10
16
19
23
28
22
7
10
26
32
20
4
18
17
21
26
22
14
24
24
29
32
17
27
17
23
13
33
17
40
26
23
21
25
19
14
19
11
20
19
22
29
23
24
36
12
32
19
13
28
21
27
25
18
16
19
21
22
20
15
14
13
11
16
19
29
7
21
13
14
15
20
30
22
20
24
25
19
19
10
18
29
25
19
26
23
30
13
7
25
31
18
18
26
19
21
27
31
22
15
21
15
15
27
0
0
0
0
0
0
0
14
11
6
12
21
19
18
14
22
14
10
18
26
23
24
12
9
9
34
18
11
10
19
24
11
13
16
12
9
12
15
18
15
35
12
21
19
24
17
18
16
14
30
17
13
14
22
12
13
15
28
17
15
20
17
16
18
21
11
17
36
15
15
24
5
26
24
26
24
15
23
12
23
25
21
32
27
17
16
21
23
15
24
21
22
17
13
25
25
19
34
28
22
31
21
29
27
32
10
23
26
26
27
19
22
33
19
27
18
29
21
23
11
16
24
18
25
29
16
31
29
26
14
15
5
1
1
0
1
3
1
3
3
1
3
3
1
3
1
3
1
39
5
0
3
3
1
1
5
12
3
0
3
0
0
4
0
1
1
3
7
1
14
3
3
1
49
1
4
3
1
1
0
1
0
37
1
3
5
1
1
3
1
3
5
3
3
3
1
1
3
3
1
5
3
1
3
1
3
6
3
5
1
0
3
3
1
14
3
1
0
1
1
3
1
3
1
3
0
3
48
3
1
1
23
9
3
1
0
3
1
3
1
1
7
3
1
3
11
66
0
3
1
18
1
1
1
1
1
3
1
1
39
1
1
1
1
1
0
1
1
55
1
5
4
3
3
1
1
38
1
1
1
1
3
3
3
1
1
0
1
1
3
1
3
3
1
3
3
25
16
3
67
3
3
6
1
3
44
1
1
1
1
3
3
3
5
0
0
1
1
1
1
0
1
3
1
5
1
1
1
1
0
3
3
1
1
1
1
1
3
3
3
5
1
3
3
3
3
3
1
27
1
0
3
3
7
1
3
5
1
1
5
3
3
49
6
35
3
5
3
3
0
1
1
1
3
3
3
0
1
1
1
3
0
1
3
1
1
1
5
1
3
3
1
1
1
1
3
1
0
1
0
0
3
5
1
1
1
1
59
1
3
5
5
1
0
3
5
5
5
1
4
3
5
2
3
5
5
3
2
3
15
7
7
10
6
3
7
7
3
3
12
2
7
6
3
4
72
5
7
3
3
3
2
2
6
3
3
3
5
7
3
4
4
10
5
3
5
9
3
3
5
5
5
5
3
6
5
5
7
5
3
3
5
4
17
5
3
6
3
5
3
5
5
7
4
2
0
2
2
2
9
15
4
9
35
2
8
2
0
2
4
0
2
4
13
9
7
60
10
0
4
2
5
4
2
32
4
4
7
2
4
4
4
2
0
5
4
4
2
0
11
4
4
12
2
1
6
5
4
4
4
0
2
6
7
4
4
0
2
2
1
4
2
1
2
2
5
2
3
4
5
0
4
4
4
2
12
15
12
6
2
58
6
2
23
4
6
4
2
2
6
2
9
1
4
7
4
1
2
4
0
5
0
2
0
4
52
4
4
2
5
10
4
4
5
4
4
2
4
6
2
0
4
7
2
2
2
2
8
2
2
0
2
2
6
2
4
10
4
4
11
5
4
2
2
3
5
0
45
4
4
4
3
13
0
4
3
4
5
2
7
4
2
4
2
1
2
2
0
11
2
7
7
7
5
6
4
9
3
0
0
5
0
4
0
2
2
4
2
6
5
7
8
2
0
6
0
0
4
3
2
2
0
2
2
5
0
2
10
2
0
10
9
10
0
5
4
0
0
5
2
2
0
4
14
4
12
12
0
9
10
0
2
2
6
2
0
0
0
10
4
8
12
2
0
8
13
0
6
14
0
0
0
12
4
0
0
6
13
12
8
15
10
4
13
12
11
9
0
0
10
0
0
2
0
0
6
2
0
0
0
2
10
0
0
0
0
0
0
10
0
0
0
0
0
0
0
2
0
0
0
0
0
0
0
7
0
2
0
0
0
2
0
7
0
0
0
0
0
0
0
0
0
0
0
0
4
0
2
0
12
0
8
0
0
2
0
2
2
2
0
0
0
0
0
0
0
0
0
0
0
0
0
0
0
0
0
0
0
0
0
6
2
2
0
2
0
0
0
2
0
0
0
0
2
0
0
0
0
0
6
0
0
6
0
4
0
0
0
0
12
0
14
0
0
0
0
6
0
0
0
10
6
9
0
4
2
0
8
0
9
10
8
10
6
6
8
14
8
4
0
17
15
10
6
0
8
17
11
18
16
0
9
10
10
8
0
6
10
10
10
11
8
4
9
9
10
0
0
10
8
8
6
8
2
0
5
6
8
11
8
0
8
17
12
9
18
0
15
0
8
4
6
2
12
9
2
13
0
0
0
0
9
17
2
0
12
8
6
0
0
0
10
12
12
2
17
23
15
0
0
7
13
0
13
15
6
11
13
0
0
0
14
0
4
0
22
17
0
7
0
0
20
0
2
18
6
10
0
0
13
0
11
0
9
0
22
0
9
0
15
25
4
0
20
18
0
4
0
2
6
0
6
0
0
5
0
5
6
0
0
15
0
13
0
0
0
0
20
30
0
12
2
16
0
19
21
5
17
2
0
0
0
0
0
22
4
34
0
0
15
0
0
0
0
0
15
7
16
9
17
4
0
41
6
36
0
16
34
0
0
3
0
0
0
4
0
0
16
0
0
16
17
9
15
0
18
0
25
6
0
15
2
0
9
7
0
33
0
32
6
9
2
0
0
0
17
23
0
0
0
0
0
0
0
0
2
24
7
14
8
4
0
0
4
26
41
15
0
5
15
0
9
0
0
0
0
17
21
0
17
6
9
2
4
13
0
17
0
9
4
12
28
19
15
0
0
17
4
8
4
23
4
0
4
7
15
2
6
6
5
17
6
16
27
13
0
22
0
0
14
0
0
0
0
0
0
0
22
6
0
0
22
0
0
7
6
0
0
34
0
19
0
0
17
4
0
9
0
0
0
0
9
4
0
15
0
0
0
17
2
2
0
15
32
6
13
6
0
15
0
4
13
0
19
13
22
17
0
6
7
9
17
15
10
29
4
4
0
6
6
2
0
2
2
0
2
6
8
8
6
10
4
4
0
0
6
6
2
0
2
0
10
0
0
4
12
6
38
2
7
4
19
0
6
2
10
0
2
2
0
2
6
0
4
2
4
2
2
6
2
2
25
0
8
6
0
6
2
6
2
2
2
4
2
25
6
4
0
2
10
0
2
4
0
23
31
2
10
0
2
8
6
6
8
2
4
4
4
8
10
6
2
2
0
6
24
2
4
4
2
0
2
53
4
8
6
6
92
2
2
2
4
4
6
6
4
12
26
12
0
0
4
4
4
0
0
0
2
2
6
2
2
2
10
27
6
4
2
2
23
0
4
2
0
4
2
2
9
4
0
2
0
6
6
2
6
8
2
6
0
4
4
2
2
9
6
4
2
10
24
8
2
6
6
6
10
4
2
2
6
0
4
16
4
0
4
2
4
2
2
0
27
0
6
8
2
4
4
2
9
4
4
2
2
4
6
8
8
0
4
4
6
2
0
4
0
0
4
0
0
4
16
2
4
0
2
4
2
4
2
2
6
28
2
0
4
4
2
4
6
2
7
7
0
2
2
4
2
2
0
0
2
2
9
6
0
6
2
2
6
2
4
13
0
6
2
0
0
63
9
25
0
2
0
4
2
6
0
2
2
0
53
12
40
53
27
34
23
50
34
44
32
8
55
24
27
45
34
31
36
2
45
28
43
63
25
33
42
49
37
47
29
41
31
17
28
41
13
6
27
33
36
27
18
7
37
46
30
36
31
28
31
7
12
44
40
29
36
82
2
4
36
31
22
61
32
28
15
40
33
42
24
34
38
38
10
36
35
33
15
6
36
6
57
22
26
41
46
18
34
66
34
19
16
4
32
46
61
34
4
28
51
4
31
5
31
42
29
28
21
31
21
37
33
54
25
16
32
6
37
37
50
29
21
25
2
21
13
31
7
38
20
6
11
38
3
49
26
4
30
30
6
49
17
23
23
39
31
62
35
37
4
32
49
6
36
25
9
35
43
48
9
19
39
2
31
34
33
4
41
71
0
35
18
14
14
4
29
30
36
20
35
48
16
36
36
46
4
17
7
30
2
19
45
53
38
31
64
29
23
7
42
38
2
50
32
28
27
31
49
4
40
44
40
27
37
45
34
24
17
4
50
34
8
32
25
15
27
57
30
43
22
5
37
36
5
25
43
9
27
42
59
7
46
35
22
20
38
7
15
12
23
32
26
27
8
41
32
34
4
35
93
26
24
5
37
3
30
38
34
29
22
29
25
39
55
55
5
57
6
38
56
32
28
25
72
34
41
56
