18
11
2
3
0
2
2
3
2
3
2
7
5
0
13
0
0
4
0
2
2
5
5
3
3
11
3
2
0
3
2
0
2
5
4
2
2
0
2
5
4
2
3
0
0
3
4
2
3
2
0
2
2
0
7
2
5
2
0
4
2
0
2
2
2
0
4
0
12
0
0
3
2
4
7
0
0
13
3
2
4
2
4
2
2
5
1
0
2
2
3
3
3
0
0
4
3
2
0
2
2
0
0
7
2
5
4
0
2
4
4
7
0
2
0
0
4
2
2
3
4
0
8
0
10
2
0
0
2
2
3
0
3
3
3
2
2
4
0
0
2
0
4
2
2
9
2
2
3
0
0
3
0
2
2
0
5
5
0
13
2
2
0
5
0
8
0
0
2
2
12
5
0
2
2
2
2
4
3
2
0
5
4
2
2
1
4
2
0
3
2
2
3
7
2
2
0
2
2
2
0
2
4
0
0
2
0
3
5
2
0
5
2
5
0
2
2
2
0
4
0
2
0
2
3
0
0
0
2
4
0
2
3
0
0
2
0
4
0
3
4
4
5
5
3
4
4
5
3
5
6
4
2
4
0
0
2
4
2
0
2
2
2
5
0
0
3
3
5
0
2
0
2
4
2
2
2
2
2
2
0
0
0
0
3
10
2
5
1
2
5
5
2
7
0
0
11
2
11
9
0
3
11
0
4
5
0
0
5
5
0
0
1
5
7
7
5
9
0
7
7
0
9
0
2
5
5
5
5
0
4
3
0
7
0
5
0
2
0
2
5
0
0
7
0
0
0
2
5
5
0
1
2
0
0
1
5
0
1
0
3
7
7
0
7
0
11
7
0
0
2
0
5
7
0
1
1
0
9
3
1
1
9
0
1
3
0
1
0
0
1
3
1
7
4
9
1
0
0
2
0
7
3
0
2
1
0
0
2
0
0
5
5
0
7
0
2
1
7
7
1
0
1
0
5
3
1
5
0
0
5
0
0
0
0
2
5
0
0
2
1
2
2
0
0
5
0
2
0
0
1
2
0
13
7
4
2
0
0
5
2
3
0
1
1
7
0
1
0
5
0
9
0
1
0
5
2
5
1
0
9
3
7
5
5
79
0
0
7
3
0
9
5
2
7
7
5
9
0
2
11
9
0
1
0
5
9
9
3
0
0
2
7
5
7
0
0
0
7
5
2
0
7
5
7
5
0
7
0
0
0
3
2
7
5
7
5
2
0
2
2
5
0
1
0
0
0
7
7
5
0
0
1
5
5
2
0
0
3
7
7
0
1
0
64
2
0
2
0
5
0
5
5
3
5
0
7
5
7
6
1
0
0
1
5
7
0
0
0
1
11
0
0
0
1
0
9
2
2
0
0
3
7
0
1
0
9
0
5
0
3
93
1
2
2
0
1
2
11
3
0
0
0
0
98
1
0
3
0
3
0
27
1
7
0
0
0
7
1
1
1
0
3
5
0
1
0
2
9
9
1
0
2
0
1
7
0
0
5
2
0
0
0
1
0
7
3
0
7
0
0
1
11
9
0
0
2
0
3
9
0
1
1
0
3
0
3
1
2
2
7
2
3
0
0
0
5
3
0
0
0
1
2
1
0
5
1
0
9
0
0
1
0
0
3
2
0
1
0
0
0
0
0
0
2
5
3
0
1
0
1
36
2
1
1
0
1
0
2
0
0
0
1
1
0
2
0
0
3
0
0
0
1
0
5
1
2
2
15
81
7
0
0
1
0
1
9
0
0
2
0
5
5
3
0
63
3
1
1
0
5
1
0
0
3
5
0
0
0
1
3
1
0
1
0
0
11
1
1
0
4
7
0
0
0
0
3
3
1
1
0
9
0
0
5
0
0
0
0
0
5
0
91
0
5
9
2
2
1
77
5
3
0
0
5
7
7
7
0
0
0
7
9
7
7
5
0
2
0
11
2
0
0
0
0
7
0
0
1
0
5
0
0
0
6
5
0
4
7
3
3
3
7
1
3
6
3
1
1
3
7
3
3
9
5
8
3
5
7
5
7
7
3
0
1
3
6
11
6
5
3
7
3
3
1
5
1
5
7
5
5
4
4
7
7
5
11
3
5
7
8
5
5
5
3
3
4
3
6
5
3
8
6
6
6
6
3
3
7
5
5
3
3
5
3
8
3
3
5
5
3
8
4
5
6
1
7
12
3
3
5
5
7
3
3
3
5
7
10
5
5
3
6
3
5
4
5
5
4
9
7
3
7
1
7
3
5
3
5
7
5
5
6
0
5
5
3
5
5
9
3
6
5
4
7
9
5
9
3
8
5
6
5
5
5
6
6
6
9
5
7
7
1
5
6
1
5
3
5
4
1
3
3
3
5
4
5
6
3
3
7
3
3
1
3
7
5
7
8
7
3
10
7
3
1
7
5
3
5
3
3
6
3
3
5
0
0
3
7
8
5
3
7
5
4
1
13
5
7
8
8
8
9
6
5
5
11
4
7
4
5
5
5
3
1
6
7
5
5
5
6
5
8
1
5
4
8
3
1
5
3
10
3
5
7
6
6
0
0
8
3
7
11
5
7
3
11
1
7
6
4
1
6
1
3
3
9
5
7
3
5
1
3
1
7
5
7
7
7
1
5
7
9
5
2
25
24
9
29
25
27
26
10
5
16
20
23
38
20
5
7
7
32
30
34
25
12
20
6
10
5
7
14
33
34
24
26
7
5
7
7
10
17
29
30
29
23
9
7
7
29
5
35
27
26
27
5
7
11
23
32
19
27
10
7
5
5
28
31
33
13
7
25
5
4
7
5
8
29
29
5
18
34
30
25
28
6
5
6
31
11
28
21
29
6
7
29
24
23
37
27
14
32
35
7
5
3
19
26
28
27
30
27
7
4
5
25
31
25
31
44
29
5
7
27
33
3
34
40
29
4
5
22
24
29
32
32
5
23
31
24
4
5
22
30
5
7
7
25
23
7
7
31
28
28
29
8
30
7
4
9
5
15
40
8
20
30
6
6
9
27
14
28
23
7
5
7
19
33
23
29
27
34
31
9
7
9
7
33
28
27
35
33
7
20
5
8
5
8
5
35
40
26
35
25
34
5
5
5
7
5
22
25
29
22
34
6
27
13
7
5
5
32
8
16
24
23
29
34
36
7
5
8
7
29
33
32
5
29
4
33
31
9
10
4
29
16
39
31
22
29
5
8
6
27
25
21
32
28
20
9
5
5
7
7
5
34
25
29
37
7
34
7
8
8
7
8
9
25
26
28
22
29
9
5
5
10
30
30
18
2
0
0
1
0
0
2
0
7
1
0
2
0
0
1
2
0
2
2
0
2
0
0
0
2
0
0
0
1
2
0
2
2
2
2
0
2
2
4
2
1
2
2
0
0
2
2
2
2
0
0
0
2
1
0
0
0
2
0
2
0
0
2
2
2
0
2
2
2
2
2
0
2
0
0
1
2
0
2
0
2
2
2
0
0
2
2
0
2
0
2
0
2
0
0
2
2
0
1
0
2
2
2
0
0
4
2
2
1
0
2
2
2
2
2
2
1
0
0
1
2
2
1
2
2
2
2
0
2
2
0
2
2
2
2
0
1
0
2
2
2
0
0
1
2
0
2
2
0
2
2
2
0
2
0
2
0
0
2
0
0
2
2
0
2
0
0
2
0
2
0
2
0
1
0
2
2
0
1
0
2
1
2
2
0
0
2
2
2
0
2
0
2
1
0
1
2
0
0
2
2
14
2
0
0
1
0
0
2
0
2
0
2
2
0
0
0
2
2
0
1
0
0
0
2
2
2
2
2
2
2
0
2
0
1
0
2
1
2
2
0
0
0
2
0
0
2
0
0
2
0
0
12
2
2
2
0
1
1
1
2
2
0
2
0
0
2
2
2
0
2
12
2
2
2
2
0
2
2
0
2
8
2
2
2
0
2
0
31
21
13
25
9
29
11
9
15
13
34
21
29
18
9
15
9
22
29
18
9
17
33
13
19
17
23
19
23
15
19
35
0
15
26
13
20
33
17
9
25
21
17
15
9
25
35
17
33
15
35
24
23
9
17
7
48
22
21
24
7
15
13
13
17
27
7
26
21
13
23
19
15
19
17
9
21
17
13
19
25
22
22
74
15
10
36
24
21
11
28
11
41
12
15
27
16
13
33
33
29
27
24
19
9
13
13
39
36
30
9
28
17
22
11
42
24
26
9
7
26
24
21
11
15
7
15
32
29
21
31
11
42
13
24
31
15
36
29
21
20
32
24
27
43
27
22
25
34
26
17
50
24
23
36
27
11
23
28
15
23
31
19
17
33
19
11
33
11
36
24
28
33
30
38
9
21
16
30
22
19
25
16
11
20
28
35
21
9
40
28
60
25
35
35
36
15
29
40
13
30
31
25
25
25
44
43
46
15
29
15
13
42
48
34
38
24
18
28
24
15
13
19
19
17
33
26
42
28
13
32
20
20
30
26
32
32
34
21
29
24
20
17
34
41
11
28
28
22
50
15
34
39
9
19
50
28
7
15
31
15
28
39
28
20
37
25
22
11
21
35
25
34
7
32
19
27
22
20
11
7
31
13
40
15
15
30
39
24
35
35
35
37
41
43
34
31
26
42
43
43
30
23
32
43
36
33
44
26
41
28
38
36
39
33
34
37
36
52
30
32
38
26
35
45
43
33
44
43
29
40
31
43
26
42
36
33
21
31
46
45
41
33
26
23
33
7
41
39
34
40
30
31
32
26
30
36
38
47
26
26
44
34
35
44
43
28
36
40
38
27
23
42
41
48
32
33
46
35
45
29
41
42
47
41
41
34
34
37
41
47
41
43
44
50
27
32
45
48
40
46
30
39
43
36
39
45
37
43
41
31
28
34
43
30
24
27
38
38
43
39
42
39
40
41
45
41
37
39
44
28
45
36
32
40
40
25
42
39
38
39
44
33
44
46
32
21
33
29
39
29
45
43
47
32
37
33
45
42
41
32
32
34
42
43
42
34
43
41
25
31
20
43
43
37
39
33
35
35
36
45
43
51
41
36
34
43
42
38
43
35
35
42
39
39
43
43
43
44
41
41
40
39
46
39
31
31
42
41
41
37
28
33
35
48
55
27
44
42
31
39
37
44
22
43
36
21
44
41
44
47
43
36
30
47
34
39
36
44
34
36
28
29
43
40
44
44
36
51
43
29
43
38
43
42
39
28
30
39
44
38
42
35
33
36
44
43
48
46
40
42
39
41
40
40
40
0
2
0
0
0
4
4
2
0
4
4
2
4
2
2
8
0
4
0
2
2
4
2
2
2
0
4
0
2
4
6
6
4
0
2
0
8
6
2
0
2
8
2
4
0
0
2
8
4
2
0
6
4
4
2
0
2
0
2
2
2
4
2
4
2
0
4
6
4
2
2
4
2
6
2
0
2
4
4
2
2
0
6
4
2
0
4
4
8
2
2
2
6
4
2
0
2
4
0
8
2
2
4
2
8
4
0
4
4
0
4
2
6
6
6
2
2
4
4
4
6
2
0
6
4
6
2
2
2
4
4
2
2
2
6
4
2
0
2
4
8
4
0
2
4
2
2
2
0
2
6
6
2
2
4
10
4
0
0
2
4
4
2
0
4
10
4
0
2
2
12
6
2
2
0
10
6
4
2
2
6
4
4
2
4
2
4
6
2
0
2
4
6
4
2
4
6
4
2
0
2
8
8
0
2
2
6
4
4
2
2
4
6
2
0
0
0
6
4
2
0
2
6
4
4
2
4
2
6
4
2
2
6
4
6
2
4
2
6
4
2
0
2
2
8
6
0
0
0
6
4
0
0
6
6
8
2
4
2
4
6
6
2
6
4
6
6
4
2
4
4
2
0
2
8
2
6
4
2
2
6
8
2
2
6
2
4
2
2
2
2
6
4
2
0
4
2
4
2
0
4
2
0
0
2
2
2
2
2
4
2
2
2
4
4
6
2
4
2
4
0
6
2
2
4
4
6
2
8
0
2
2
4
8
2
2
0
2
2
2
4
2
2
0
4
2
2
4
4
4
4
2
0
2
4
4
2
8
4
2
6
2
0
10
6
2
4
2
2
6
2
2
4
2
0
0
4
4
4
2
4
4
2
4
2
6
2
2
2
6
2
2
4
6
4
2
2
4
4
4
6
2
6
6
0
6
6
4
0
2
0
2
4
6
0
2
2
2
6
6
10
4
6
0
4
4
2
2
4
2
6
0
2
2
6
8
4
0
4
0
2
2
0
2
2
2
6
8
6
2
4
4
4
4
4
4
2
4
4
2
0
2
8
6
2
2
0
4
2
4
2
0
4
0
2
2
2
4
2
2
4
4
4
6
8
6
8
4
4
2
4
4
2
0
6
4
2
2
0
12
6
4
8
2
2
2
4
4
0
4
2
4
4
2
0
2
2
2
4
4
8
6
6
6
6
6
6
14
14
12
6
4
4
8
8
4
6
6
2
2
2
4
2
6
6
4
6
6
2
4
4
4
4
6
2
2
8
6
4
8
6
4
2
4
2
4
2
2
2
2
6
10
6
2
2
4
