11
13
9
13
19
17
13
17
9
17
5
5
2
15
9
5
7
7
17
15
7
11
5
9
3
9
11
13
7
5
15
5
23
11
13
11
9
15
9
5
5
7
41
9
2
7
7
5
5
5
7
5
7
7
11
7
13
7
3
5
11
5
15
13
9
2
19
13
5
11
3
9
9
9
17
15
9
21
13
3
17
17
11
7
21
9
13
13
15
13
7
3
9
11
27
11
23
5
9
9
11
11
5
5
7
11
9
3
17
13
7
15
19
9
11
9
5
7
7
7
15
2
13
25
13
7
9
9
3
9
17
11
3
9
5
11
5
11
11
19
7
17
7
7
7
3
25
2
15
21
5
9
7
9
9
5
49
15
11
13
17
9
15
9
21
3
5
23
11
17
11
15
27
9
25
13
15
11
7
9
7
37
15
11
31
11
9
9
19
5
7
19
11
9
23
3
11
13
7
5
7
21
17
13
11
3
11
11
13
11
15
5
7
19
15
25
7
13
9
13
9
9
13
5
15
17
17
27
19
13
5
19
19
9
11
19
9
11
9
19
11
11
5
13
17
13
27
3
21
7
7
9
15
2
13
5
9
5
3
11
7
7
5
5
13
9
5
3
9
13
21
15
7
13
7
9
15
3
3
2
11
3
11
9
19
3
7
7
34
4
4
3
4
2
8
15
4
19
4
6
2
4
8
9
4
6
2
4
4
3
4
2
4
14
13
0
6
6
4
29
4
4
2
4
11
4
2
6
19
6
11
4
4
13
12
21
4
5
6
8
6
4
6
2
6
7
8
3
15
6
6
4
4
6
4
2
21
7
2
2
13
0
4
4
4
6
20
4
8
0
30
9
5
5
0
4
9
4
4
6
2
4
4
2
6
0
18
2
6
2
4
2
9
11
3
6
6
4
6
2
6
5
5
2
6
5
11
2
4
4
3
19
4
7
24
8
4
7
6
30
4
8
11
2
10
8
6
3
0
17
0
4
6
3
4
0
2
0
47
8
2
5
4
2
16
17
11
6
0
10
21
8
4
4
4
28
3
8
2
0
4
7
6
0
4
6
4
25
13
4
9
4
6
7
8
8
19
0
4
4
4
6
28
9
11
4
0
19
48
8
0
4
6
8
5
7
13
6
17
8
4
30
4
6
4
19
4
11
6
6
7
5
0
8
9
5
15
11
4
2
13
9
6
9
11
6
6
6
2
6
8
5
2
6
8
4
4
2
6
4
6
0
17
13
6
2
6
6
7
8
6
6
6
13
6
17
19
6
5
6
2
4
6
4
5
15
8
7
8
11
5
11
3
13
11
6
9
19
7
11
5
7
15
13
15
7
7
11
5
21
5
13
7
7
9
7
11
9
3
5
11
3
5
9
5
5
3
3
17
1
9
9
15
3
3
7
11
13
7
3
3
3
9
7
27
5
5
15
1
3
3
5
7
2
7
5
9
7
11
5
9
17
9
7
5
7
15
3
9
13
9
11
11
3
9
5
5
5
11
11
7
9
5
13
7
3
2
11
11
7
5
9
23
7
9
5
11
3
7
9
5
9
11
13
7
7
3
7
11
11
7
13
7
5
11
5
13
11
9
9
5
13
15
15
5
37
9
9
9
11
7
7
11
5
7
13
9
11
7
7
7
9
9
7
9
5
5
13
15
9
13
9
15
3
9
9
15
7
11
5
5
13
5
15
15
13
11
23
13
11
9
15
13
13
7
7
9
13
9
7
11
9
7
9
13
9
3
9
17
13
7
15
9
9
13
11
19
11
13
2
17
44
7
15
7
11
19
7
13
11
9
13
7
11
9
7
1
3
7
2
7
7
5
5
5
5
13
7
5
11
5
11
7
7
15
11
7
3
5
11
11
11
9
7
11
5
5
7
11
9
9
3
13
1
3
3
5
1
1
1
1
3
7
5
1
7
0
5
3
5
2
3
3
11
3
1
1
9
2
15
3
1
1
5
18
7
0
9
9
3
0
0
9
17
0
0
9
11
0
0
11
5
0
5
9
11
19
15
19
24
0
11
11
13
0
15
7
9
0
16
9
11
0
11
5
3
17
12
9
0
11
0
9
11
0
5
5
7
1
11
7
0
5
7
9
0
9
0
3
9
9
0
7
0
15
0
13
0
9
0
13
0
7
0
5
0
17
3
9
7
11
5
1
0
7
9
9
7
19
0
3
15
11
11
0
11
13
5
5
9
11
19
9
9
9
1
0
3
7
3
0
13
5
0
0
0
0
0
11
7
5
0
0
22
21
0
0
0
9
0
0
3
0
0
0
0
0
0
0
0
0
0
0
7
0
17
0
0
0
0
24
0
9
7
22
11
11
13
7
0
5
24
7
15
13
0
11
3
0
0
0
0
0
0
0
0
17
0
0
9
0
0
0
0
0
15
0
9
0
27
0
13
0
22
0
1
0
7
0
9
0
7
0
15
13
9
0
9
5
3
0
7
30
13
0
5
0
23
0
9
0
7
0
15
0
0
5
0
1
0
34
0
17
0
21
0
11
9
1
0
21
5
0
0
13
1
11
0
18
5
13
0
9
7
0
0
13
5
32
0
1
5
0
0
11
9
0
0
20
3
0
0
15
7
0
5
43
7
0
15
32
9
5
5
3
9
2
2
7
3
4
2
4
6
5
2
7
7
5
2
4
4
2
2
9
1
4
2
9
11
2
4
1
2
2
7
6
9
4
3
9
4
4
3
2
2
1
2
0
9
3
2
2
2
2
3
9
5
2
9
9
4
7
5
3
3
5
4
4
2
0
7
11
9
2
2
3
4
5
2
2
2
2
4
2
1
9
2
2
5
4
7
9
2
6
4
0
1
2
4
4
6
2
6
5
4
4
4
0
5
3
6
3
11
4
5
6
0
3
3
2
5
4
6
2
9
9
2
2
7
0
7
11
0
0
5
4
5
0
7
11
0
15
15
0
6
4
2
4
2
5
4
2
2
11
0
2
11
2
9
2
0
6
6
6
6
7
2
3
13
4
0
6
0
2
5
2
7
3
5
15
5
9
7
7
2
0
2
5
3
6
11
0
3
7
2
6
4
15
7
11
4
4
2
5
3
5
13
2
6
5
2
4
4
4
5
2
3
3
6
5
2
6
0
1
0
15
2
6
3
4
7
0
2
4
7
5
9
4
4
2
4
6
6
5
2
7
7
4
11
2
5
4
5
2
7
6
2
5
5
2
4
4
7
5
2
6
0
2
4
5
0
0
5
13
5
5
3
0
4
4
7
4
2
9
9
2
2
2
5
4
6
11
13
4
4
2
26
10
13
11
6
4
8
4
10
6
12
10
8
8
15
10
17
13
13
4
6
21
13
11
21
17
25
19
23
11
4
67
0
13
4
12
8
29
17
15
19
21
25
12
2
15
13
17
8
27
29
27
17
12
46
78
15
29
17
14
17
26
19
35
27
46
28
15
29
46
28
19
23
9
19
38
21
23
15
19
32
21
19
12
23
24
81
32
21
17
19
20
28
19
23
21
15
23
17
17
8
30
23
19
32
17
35
21
44
21
15
41
15
28
21
15
15
30
2
29
30
17
19
50
17
37
49
38
8
11
28
13
21
21
41
50
21
27
25
13
17
6
21
29
19
22
7
23
21
27
24
15
21
34
27
15
19
47
26
31
21
0
13
12
50
30
15
15
23
39
11
8
13
13
40
29
22
32
27
15
11
34
29
32
38
33
36
29
19
13
34
19
15
28
19
21
28
28
27
19
42
25
22
10
26
30
15
29
12
46
15
25
38
17
15
19
15
10
23
83
28
27
19
27
2
15
21
17
25
25
15
40
8
31
33
28
15
10
15
8
22
35
19
11
22
15
21
10
8
25
15
17
19
22
21
43
28
19
2
6
17
28
17
19
5
19
21
10
6
21
4
8
47
15
15
27
16
17
17
19
17
0
2
2
0
2
0
2
0
0
0
0
0
2
2
0
2
0
0
2
0
0
0
2
2
2
2
2
0
4
2
2
0
0
0
2
2
2
0
2
2
2
2
2
0
0
0
4
4
2
2
0
2
0
4
2
0
0
0
2
0
4
0
0
2
2
0
4
0
2
0
0
4
2
4
0
0
2
0
4
0
2
0
2
0
0
4
0
2
4
2
2
0
0
0
0
0
2
4
4
2
0
2
2
0
0
0
0
4
2
2
4
2
0
2
4
0
2
4
0
2
2
2
4
0
0
2
0
0
0
0
0
2
0
2
2
0
2
0
0
0
0
0
2
4
0
0
0
2
0
2
4
2
2
2
4
4
0
0
2
0
2
2
0
0
0
2
0
0
2
0
0
2
2
0
2
0
2
0
0
0
2
0
0
2
4
0
0
4
0
0
0
0
0
6
4
0
2
2
4
0
0
0
2
0
0
4
0
2
0
0
2
4
2
0
2
2
0
0
0
4
0
2
2
0
0
4
0
2
0
4
4
0
2
0
4
2
0
2
0
2
0
0
2
2
2
2
2
0
2
0
2
2
0
2
2
2
4
4
0
2
0
2
0
0
2
2
2
2
2
0
2
0
0
0
2
2
6
0
2
2
2
2
2
0
0
0
0
0
18
16
17
14
18
17
17
16
18
17
19
18
18
16
17
18
17
17
17
19
17
16
17
17
17
16
15
18
17
18
18
17
16
15
18
18
18
17
15
17
18
18
18
18
18
18
17
15
18
17
16
18
17
18
18
16
18
18
18
16
16
16
17
18
18
16
17
18
18
18
17
18
18
17
18
15
17
17
16
17
17
17
18
18
14
18
18
18
19
17
17
18
17
17
18
18
15
16
17
19
16
19
16
18
17
16
19
17
13
18
16
16
17
17
18
17
18
19
18
16
18
19
18
17
12
18
17
17
18
18
17
17
18
16
18
18
17
17
17
18
16
18
17
18
18
17
17
17
16
18
17
18
17
17
15
17
17
16
17
18
17
18
16
18
16
18
18
18
18
16
15
16
17
15
18
18
18
16
18
17
16
18
16
17
17
19
18
16
18
17
16
18
14
17
16
18
18
18
16
17
12
18
18
18
16
16
17
18
17
18
17
18
18
17
15
18
17
16
18
18
15
18
17
18
17
16
18
18
18
18
18
18
16
18
14
18
16
15
18
16
17
17
17
18
17
17
15
17
17
16
17
17
16
16
18
17
17
17
18
19
17
18
17
18
18
16
18
17
18
16
17
17
18
17
17
17
18
18
18
19
17
17
18
15
18
18
18
17
4
2
4
2
4
6
2
4
0
0
4
2
4
2
0
2
4
2
6
8
0
7
4
0
50
0
2
0
0
10
2
2
15
6
4
0
17
4
2
0
2
0
2
4
2
0
2
4
2
2
0
0
6
4
2
0
4
4
0
2
0
0
2
2
4
6
0
2
0
2
4
0
0
4
2
6
4
2
2
2
2
2
4
10
0
8
2
4
4
4
0
2
2
4
2
2
2
42
0
0
4
0
0
4
0
2
4
0
4
0
9
4
2
0
0
0
2
13
2
4
6
4
0
4
2
10
2
10
0
0
0
2
2
0
8
4
8
2
8
4
2
4
0
2
6
2
4
4
0
0
6
4
6
6
0
2
0
2
2
13
8
10
0
4
2
12
6
4
0
0
2
2
4
4
6
4
4
6
0
8
0
0
0
4
8
2
4
0
0
2
4
2
2
2
2
4
8
4
4
10
4
2
8
2
2
2
2
4
4
0
6
4
4
0
0
0
6
0
4
0
0
2
0
2
0
4
0
13
6
2
0
4
2
2
2
2
0
0
4
4
2
2
4
2
0
2
2
4
0
0
2
0
0
0
2
0
4
0
4
6
2
10
0
2
8
0
2
6
2
11
0
6
2
0
0
2
8
10
6
2
0
4
6
2
2
6
0
0
5
3
13
5
21
5
5
11
5
11
3
7
2
3
7
2
7
3
3
3
11
2
2
3
19
7
5
5
11
3
2
13
15
3
5
5
39
37
43
9
2
41
7
31
7
3
5
2
65
11
47
3
5
15
3
3
5
5
5
3
3
5
21
2
3
5
2
3
3
3
5
3
3
3
13
2
5
17
5
3
5
3
9
2
9
37
40
5
5
7
49
5
3
52
3
3
7
37
1
5
3
31
5
2
7
5
9
7
3
15
1
59
5
2
3
7
3
3
9
19
41
13
7
5
7
5
3
9
7
5
3
11
3
3
2
3
5
2
3
41
3
7
9
9
2
5
7
5
5
5
3
2
3
1
3
37
5
7
3
7
7
59
11
2
35
5
7
51
5
5
5
49
5
55
9
2
5
25
5
5
3
5
7
5
3
7
9
9
17
15
19
11
13
9
11
21
13
23
25
13
11
17
5
7
19
20
19
27
13
13
13
15
23
17
9
9
13
21
15
9
11
11
13
13
13
11
29
29
13
13
9
21
7
5
15
21
15
13
19
17
13
11
13
11
3
13
0
7
2
5
2
3
0
2
5
5
7
7
0
0
0
0
5
2
2
3
9
3
5
2
2
2
9
5
3
0
0
0
2
7
5
3
3
9
5
0
5
2
