30
21
25
21
24
21
25
23
27
20
20
19
20
24
16
22
30
15
25
22
16
24
23
16
13
12
28
20
23
18
18
18
20
17
21
16
26
27
22
23
22
20
17
13
20
26
26
18
21
12
18
24
20
20
22
27
14
19
15
22
23
27
31
28
26
25
24
22
18
40
20
24
16
16
14
28
26
23
24
26
22
21
26
29
24
25
12
23
27
24
25
14
35
22
22
28
29
24
20
26
29
21
19
21
23
21
23
33
23
11
30
25
31
32
30
23
30
23
16
26
11
26
16
33
27
16
25
31
17
26
23
25
23
27
21
25
25
23
24
28
28
25
23
25
27
28
23
21
20
20
29
25
31
11
21
23
24
21
29
28
33
27
28
15
21
27
27
21
21
19
31
20
27
26
25
26
31
26
28
24
26
30
28
18
31
28
24
21
20
28
29
30
26
21
26
21
24
35
15
22
21
23
21
19
15
22
30
21
27
29
23
29
25
26
29
25
19
23
27
28
31
21
31
28
21
23
20
24
29
22
24
20
24
18
17
20
12
20
26
14
20
16
17
10
23
21
30
24
22
19
23
22
22
14
24
8
26
14
25
9
23
12
17
13
14
22
10
17
19
5
6
23
19
22
22
19
23
21
25
21
10
22
25
18
12
8
12
6
40
38
39
40
40
40
38
37
37
39
39
39
39
39
41
40
34
39
40
38
37
39
40
39
39
40
38
37
38
40
38
39
39
38
40
39
40
37
40
35
40
40
39
40
37
39
40
38
39
38
39
39
39
39
40
40
40
39
39
38
37
39
35
37
39
39
39
37
39
38
39
40
39
40
38
38
38
39
32
39
38
38
39
40
35
39
38
39
40
39
40
39
39
37
31
34
34
40
39
24
34
32
35
30
34
35
35
39
40
36
36
40
41
36
40
39
40
39
37
41
41
40
39
39
39
40
38
39
39
41
39
39
40
39
35
36
39
38
39
39
29
39
40
39
41
40
37
36
39
40
40
39
40
37
39
40
39
39
37
38
40
39
40
37
29
37
40
29
40
40
38
39
38
39
38
29
40
40
39
40
39
38
38
37
40
40
37
39
39
38
40
39
40
38
39
37
36
34
39
39
38
38
37
38
39
36
41
39
38
39
38
39
41
40
40
40
38
39
39
38
40
40
39
40
36
41
40
35
39
40
39
39
39
40
39
39
35
39
39
40
40
38
36
40
39
38
38
39
39
35
39
38
38
40
40
39
40
37
40
38
38
40
38
39
39
39
39
37
34
35
40
39
38
37
40
40
36
40
39
38
38
37
40
39
40
39
39
39
26
32
34
27
33
19
27
30
19
33
23
29
26
34
33
31
33
29
34
34
29
22
30
18
26
32
32
34
28
33
33
34
29
34
34
33
34
30
14
34
29
34
28
33
20
32
27
17
34
27
33
34
34
34
33
23
31
33
29
29
29
34
29
32
24
34
24
34
29
34
30
26
34
32
34
35
34
29
34
33
29
34
24
32
32
29
34
26
28
29
34
33
34
29
25
34
33
31
21
32
32
26
34
20
31
34
33
23
34
19
34
32
34
25
19
32
33
34
34
33
34
34
31
24
34
24
34
34
32
33
19
33
33
34
34
29
32
31
34
32
32
22
33
34
27
29
21
20
34
31
29
34
23
34
28
28
34
34
33
23
33
32
34
23
34
33
29
31
26
32
33
32
34
27
33
34
34
28
31
31
34
24
34
34
22
23
29
31
33
22
32
32
23
31
34
19
23
34
34
33
23
33
34
34
32
28
34
34
34
30
34
24
33
35
29
34
23
33
24
34
30
18
29
29
34
22
34
34
33
23
34
23
34
23
33
23
33
31
32
32
30
33
34
23
32
33
32
32
27
33
34
31
34
35
34
33
33
29
31
34
34
24
29
29
29
24
32
34
32
30
24
33
24
28
19
31
23
34
32
29
34
33
23
34
32
33
24
34
0
0
2
0
2
0
0
3
0
57
2
2
0
4
0
0
3
2
0
0
0
2
2
2
0
2
4
0
0
2
0
0
3
0
2
0
2
2
4
0
2
2
4
0
0
0
2
2
0
0
2
2
2
0
0
0
0
2
0
2
0
2
2
0
0
0
2
2
0
2
2
2
2
2
2
2
0
2
0
0
2
2
0
0
1
3
0
2
0
2
2
0
2
0
2
1
0
2
3
4
0
2
0
2
4
0
2
0
2
0
0
0
0
3
0
2
0
0
2
0
2
3
2
0
0
2
2
0
0
0
2
2
0
4
0
0
2
0
0
5
0
2
2
2
0
2
0
0
0
0
2
0
0
2
2
2
2
7
3
0
0
5
0
0
0
3
2
0
4
2
0
2
0
0
2
2
0
0
2
0
2
0
0
2
0
0
0
3
0
0
2
2
0
0
0
0
2
2
0
2
2
0
0
2
4
2
2
4
0
0
2
0
2
9
4
0
4
5
11
0
2
2
2
0
2
0
2
2
0
0
0
0
0
0
2
2
0
0
0
2
9
5
2
0
2
2
0
3
0
2
0
2
2
0
0
0
1
1
5
2
5
4
2
5
1
2
0
0
0
2
2
0
0
0
4
2
0
0
0
3
0
2
0
0
0
2
0
0
0
0
2
4
6
4
2
2
4
2
6
6
4
8
2
0
4
8
2
4
4
2
4
6
0
0
0
2
15
6
6
4
2
2
2
0
4
17
0
2
0
2
4
2
6
0
2
2
8
4
4
15
6
2
13
4
4
4
2
2
4
6
6
8
13
4
15
6
0
8
4
0
2
24
6
0
2
2
4
4
4
4
6
4
6
2
0
0
2
6
8
2
0
0
0
4
8
6
2
2
5
7
2
0
6
4
4
2
4
6
6
0
2
6
15
4
2
4
6
4
2
2
2
4
4
2
6
4
0
4
6
6
6
0
6
4
4
4
2
2
2
2
4
2
6
2
4
0
2
4
0
2
2
2
2
0
2
4
6
6
2
6
0
4
6
0
4
4
2
2
6
10
6
6
6
2
2
6
0
1
2
4
2
4
2
2
2
2
2
4
2
0
6
2
4
4
0
2
4
6
4
4
2
2
0
0
8
4
4
0
6
2
0
6
2
4
2
2
2
2
0
4
2
2
6
0
4
6
6
2
6
2
2
2
4
0
13
6
27
2
2
6
0
0
0
2
0
6
0
2
2
6
4
6
2
6
0
4
2
6
2
0
4
2
2
4
2
4
6
4
0
4
0
4
8
0
2
10
2
4
4
2
0
4
2
4
2
4
0
2
0
0
0
0
0
2
0
0
0
0
2
2
2
4
2
0
0
2
2
0
0
2
0
2
0
0
0
2
2
2
0
2
0
0
2
4
4
4
0
2
0
2
0
0
0
0
0
0
2
2
2
2
0
2
0
0
0
4
0
2
0
0
2
6
2
0
0
2
2
2
0
2
0
2
2
0
0
0
0
0
4
2
4
0
0
2
2
4
0
2
0
4
2
2
2
2
0
4
4
2
2
2
0
0
0
2
2
2
2
2
2
2
0
2
2
0
2
0
0
0
2
2
0
2
2
2
2
4
0
0
0
2
0
0
2
0
0
2
2
2
2
2
2
0
2
0
2
0
2
0
0
2
0
2
0
2
0
4
4
2
0
2
0
0
2
0
0
4
2
0
0
2
0
0
0
0
6
2
0
2
2
0
2
0
0
4
0
0
6
2
2
0
0
2
0
0
2
0
2
0
0
0
0
0
0
2
0
0
0
0
0
0
6
2
6
0
0
2
0
0
2
0
0
8
0
2
0
2
0
2
0
2
0
0
0
2
0
2
2
0
2
2
2
2
0
2
2
0
2
0
0
2
0
0
4
0
2
2
0
2
2
4
0
0
2
0
2
0
0
0
2
2
2
0
0
2
0
0
2
2
2
0
0
2
2
2
0
5
32
7
33
4
0
22
46
25
39
17
2
2
28
2
17
19
10
30
28
47
2
2
0
2
6
12
37
48
40
43
51
33
5
56
2
13
64
0
20
4
2
0
31
38
0
0
45
0
7
4
6
40
32
30
32
29
2
0
5
30
5
0
34
26
0
29
54
11
8
0
4
0
0
18
21
29
48
2
47
20
0
2
47
2
7
0
19
18
43
26
25
34
22
47
0
8
13
0
40
33
0
15
13
6
0
4
4
3
5
4
0
22
78
26
20
45
27
2
0
26
2
0
20
4
35
38
12
30
33
32
0
4
79
2
27
2
4
18
8
32
4
2
4
45
4
42
12
25
2
25
8
29
56
2
0
30
0
4
17
17
0
7
2
39
6
0
0
2
8
34
3
28
18
35
35
15
2
2
2
6
4
14
14
48
29
8
23
34
30
6
0
0
0
2
13
30
2
6
33
2
8
4
0
5
5
2
18
38
0
0
21
2
2
5
2
2
2
7
22
30
11
0
4
4
6
2
4
26
6
0
8
2
13
9
49
26
0
0
44
7
1
23
30
43
28
26
11
8
46
28
7
25
17
12
0
41
47
2
21
38
29
3
33
47
40
29
39
14
19
2
0
0
8
2
33
34
4
2
5
60
2
10
2
4
2
2
0
22
0
28
0
1
13
20
0
0
11
61
0
23
0
34
0
15
21
20
0
0
6
16
0
24
23
0
29
0
25
20
29
0
0
12
9
34
22
13
5
29
0
0
31
0
25
18
0
15
84
28
21
12
20
0
0
0
30
0
0
7
33
0
11
19
2
29
2
26
19
0
26
13
15
18
17
0
19
0
0
9
19
0
33
0
27
0
23
8
0
0
13
0
0
15
0
0
26
5
16
8
0
19
24
0
3
20
0
20
0
0
2
0
0
0
12
0
32
0
22
28
0
0
0
0
0
12
0
10
3
0
23
0
20
29
5
0
4
0
18
0
23
0
40
18
7
23
0
0
14
16
13
0
0
0
26
9
15
0
0
0
0
9
21
0
0
34
15
36
0
18
2
11
0
19
0
18
16
41
2
0
20
0
1
2
14
0
0
0
16
0
0
9
0
43
7
0
19
0
1
6
1
0
18
3
0
7
19
2
0
2
35
16
23
8
46
0
33
21
0
0
18
0
19
0
40
0
0
21
0
10
29
0
17
0
1
0
0
8
0
0
0
0
0
2
0
0
0
0
0
0
0
0
0
5
18
0
0
14
0
0
3
5
0
0
0
0
0
0
0
0
0
0
0
0
0
14
0
0
0
0
0
8
0
0
2
0
19
4
11
17
10
11
9
15
13
12
8
6
8
14
4
8
13
23
6
6
14
10
13
17
10
15
8
8
11
8
10
8
13
8
17
14
4
10
14
8
8
15
8
15
15
12
17
10
10
13
13
15
8
23
10
15
10
14
19
21
17
17
15
6
27
19
15
15
17
15
21
16
14
12
17
8
12
18
13
19
11
10
12
8
13
8
12
11
12
10
11
8
8
12
12
12
19
11
10
10
8
19
17
22
8
10
21
13
19
13
21
10
13
8
21
10
4
8
12
10
23
17
8
10
15
21
13
21
21
13
11
10
12
13
19
19
18
12
11
15
8
15
15
15
12
21
13
23
11
38
29
6
32
10
13
13
15
19
15
23
39
12
22
17
11
19
28
28
25
13
25
13
13
11
15
12
6
8
13
11
29
8
13
8
11
19
43
10
21
32
13
2
10
17
11
30
19
13
19
22
14
16
7
10
11
21
24
29
22
19
42
29
9
20
13
9
18
15
20
19
9
9
15
11
30
39
9
18
17
22
20
13
19
13
16
8
30
17
21
15
38
27
20
55
14
9
7
12
11
13
15
13
19
11
17
57
20
11
14
20
5
9
13
21
6
70
6
4
10
9
7
9
10
5
21
13
7
6
7
11
11
9
7
7
8
6
4
8
37
59
50
37
43
24
40
37
86
20
29
31
18
67
66
43
45
67
24
35
19
22
21
46
16
54
71
42
52
28
31
32
30
17
35
24
49
44
42
46
34
22
40
35
42
41
35
24
46
63
39
31
30
21
26
26
31
25
28
34
47
27
34
48
29
36
33
43
45
28
32
55
43
47
67
38
38
10
38
29
38
32
27
45
27
28
45
45
68
36
28
25
31
32
20
41
29
39
21
44
47
39
27
35
27
28
31
32
36
25
35
33
43
21
74
26
27
33
25
31
31
44
46
46
40
38
30
32
42
31
22
24
44
36
44
38
44
30
40
30
39
32
21
28
44
66
38
35
35
32
26
37
28
58
26
28
27
62
43
38
27
35
29
18
25
41
18
47
47
69
37
32
28
12
28
16
36
30
44
33
27
30
35
64
32
42
42
44
48
21
24
31
50
60
40
45
40
79
43
45
43
22
28
33
36
44
29
28
20
31
25
43
35
26
41
41
46
72
73
32
40
25
29
50
26
38
26
42
36
54
26
23
50
26
29
28
34
30
16
64
22
22
23
25
40
25
27
20
26
23
21
32
65
21
26
26
21
21
43
30
26
22
47
15
16
16
20
18
19
12
21
24
21
28
23
24
38
34
26
17
18
29
28
32
57
29
30
26
