1
1
1
3
0
0
2
8
0
0
3
5
1
2
1
3
3
1
1
0
1
0
1
2
1
1
2
0
3
2
3
0
0
2
2
1
0
3
0
1
1
0
3
2
1
0
2
3
1
2
2
1
3
3
1
0
0
1
1
1
1
2
3
3
1
3
1
0
3
1
3
2
2
1
2
2
1
2
3
0
1
1
2
0
1
0
1
3
2
1
3
0
0
1
5
0
3
2
2
1
1
3
0
2
3
2
1
1
1
1
3
1
3
1
0
5
0
1
0
13
3
1
3
1
1
3
1
1
1
3
5
2
2
1
1
2
3
2
2
3
0
3
1
1
3
3
1
1
1
0
0
0
1
3
3
3
3
3
0
1
0
3
3
3
0
2
0
1
1
1
3
3
3
3
1
1
2
3
1
3
1
2
0
0
2
0
0
1
1
3
1
3
0
3
2
2
9
1
0
0
3
0
1
2
0
3
1
1
3
1
0
1
1
1
1
0
0
3
0
3
2
1
1
13
0
3
1
1
3
1
2
1
0
2
0
0
1
9
1
0
0
2
2
3
3
3
1
0
2
1
1
2
1
0
2
1
1
1
0
3
2
3
2
2
2
3
3
2
2
3
3
1
1
1
1
1
0
3
11
3
3
11
1
0
3
7
1
1
80
4
77
87
2
2
2
0
4
2
2
2
2
0
2
71
4
2
6
2
4
2
0
0
81
82
75
6
2
87
0
0
6
2
4
4
2
45
2
81
69
94
2
2
41
4
0
2
13
21
2
0
4
0
47
4
4
2
0
4
4
4
4
2
4
4
2
2
2
97
0
2
2
93
98
83
2
2
4
0
6
0
6
2
2
62
4
74
70
4
2
87
41
4
70
4
87
80
74
2
77
2
89
2
4
4
29
0
80
2
70
4
2
0
4
31
4
2
6
0
87
2
2
0
0
4
96
60
96
28
2
4
6
2
0
79
46
2
2
0
4
76
0
80
66
35
4
92
4
88
90
2
4
2
0
2
2
82
4
84
2
76
6
0
2
61
2
0
6
80
2
77
94
81
4
9
2
4
4
0
2
2
4
2
0
6
2
30
2
2
4
6
6
2
72
2
6
92
0
2
80
94
2
4
4
0
4
75
98
85
4
0
89
0
0
4
28
78
6
72
37
88
78
4
91
0
83
2
4
4
0
0
76
2
94
2
85
2
90
2
0
0
83
0
0
0
27
45
2
2
0
2
0
95
26
2
44
75
0
80
2
2
0
2
96
4
92
2
2
59
2
0
2
6
2
4
0
85
73
67
85
2
2
4
4
4
4
77
12
15
6
6
9
19
7
15
13
9
30
30
13
8
11
9
21
7
13
6
7
16
19
15
6
7
11
17
4
9
9
4
5
4
11
6
15
10
8
25
11
19
4
12
7
13
10
19
5
11
10
11
8
6
19
8
6
9
11
2
17
6
2
11
15
8
8
6
5
8
15
21
10
13
9
11
27
11
13
13
7
4
4
11
13
8
8
11
8
12
6
8
6
7
10
6
11
13
11
11
25
13
4
12
11
10
11
10
23
4
13
11
11
2
17
25
9
9
13
15
5
9
17
6
8
12
17
4
17
9
4
11
9
9
10
8
23
12
17
11
6
4
10
15
10
13
4
10
11
19
15
7
13
13
5
7
13
9
6
8
13
6
6
13
18
6
9
13
15
6
10
19
25
15
13
7
25
17
15
6
15
15
16
19
17
15
18
6
18
21
8
10
12
9
31
6
13
13
23
6
19
16
19
15
22
7
11
15
17
24
13
13
20
13
7
15
11
15
9
13
27
11
11
17
8
13
9
23
18
18
17
11
8
8
29
49
18
7
15
9
18
8
29
10
11
4
4
4
0
4
5
9
11
5
5
21
2
4
4
2
2
5
4
9
6
4
2
0
4
0
0
6
2
0
4
2
2
0
7
13
0
8
13
4
2
7
4
0
4
2
3
35
2
4
5
2
0
1
4
5
2
2
1
0
1
2
1
0
2
2
1
4
0
2
37
5
0
2
2
4
0
2
2
2
4
4
1
4
4
5
0
6
1
1
2
2
5
4
5
0
0
4
3
4
0
6
3
4
2
2
0
2
0
5
3
2
0
2
2
0
0
4
0
4
0
2
2
7
2
5
2
5
4
0
5
2
2
1
2
0
0
0
4
2
2
0
3
2
0
0
5
5
2
0
0
0
4
0
2
2
0
4
2
2
3
3
2
1
0
2
2
5
0
2
6
32
2
2
0
6
0
2
2
0
2
1
3
2
0
1
2
0
2
2
17
0
1
0
7
4
0
4
0
2
2
0
4
2
0
21
4
4
2
5
4
1
5
5
2
4
1
4
4
3
7
2
2
7
0
5
4
0
4
0
3
2
1
2
1
0
0
4
2
3
1
4
2
0
0
5
2
1
2
1
2
1
2
4
0
2
2
0
0
2
3
2
1
4
4
7
1
3
4
17
2
4
4
9
2
0
4
4
2
2
3
2
0
2
1
0
7
0
2
4
3
2
4
2
5
2
0
0
5
4
0
0
1
19
0
3
3
0
1
1
4
4
0
3
0
1
1
2
33
2
0
0
2
4
7
6
2
2
2
0
7
1
0
0
2
2
3
2
2
2
2
0
4
1
16
1
2
3
2
2
0
2
0
2
1
2
2
2
0
3
0
2
0
0
3
3
0
2
4
0
7
0
0
0
0
3
0
2
3
1
2
3
0
4
1
2
2
5
22
2
0
5
2
0
3
2
2
3
2
2
4
12
0
2
3
7
0
3
4
7
4
2
0
0
2
0
1
0
0
0
0
5
0
5
3
2
0
0
1
5
1
1
0
2
0
5
0
2
2
3
2
0
3
0
0
0
2
3
2
6
2
1
2
2
0
6
2
0
7
2
3
1
2
0
0
3
0
2
0
0
0
2
2
0
2
0
2
3
2
2
3
0
3
2
0
0
8
2
0
2
3
0
5
2
5
1
2
3
6
3
0
1
0
1
1
2
3
1
0
3
3
0
2
3
9
2
2
3
0
5
2
3
2
0
2
2
2
3
4
1
2
6
2
3
1
2
0
0
1
3
2
0
2
2
2
3
2
3
0
2
0
0
5
2
0
0
0
7
2
3
0
0
13
2
0
2
5
0
4
2
2
1
1
3
5
0
0
0
0
2
0
0
2
2
0
3
2
5
0
0
0
0
0
2
2
2
3
0
2
2
2
2
2
2
3
0
0
0
2
4
2
0
2
3
3
0
2
0
2
0
0
2
0
2
2
2
0
2
2
0
0
0
0
4
0
2
2
2
0
2
0
0
6
4
4
2
0
4
0
6
4
4
4
2
2
4
0
0
2
2
2
6
0
2
4
4
2
0
2
2
4
0
2
2
2
2
2
4
2
4
2
2
8
4
4
0
2
0
0
2
2
2
4
2
0
4
2
2
2
2
2
0
6
0
0
2
0
4
4
2
2
0
40
0
0
2
4
2
4
2
2
2
2
4
6
2
0
4
2
0
2
2
2
6
2
2
4
2
0
0
2
4
4
2
6
4
2
0
0
2
0
4
6
4
2
6
2
2
2
2
0
4
2
2
0
4
4
0
0
4
4
4
2
2
2
2
2
2
2
2
2
2
4
0
2
2
4
0
0
4
21
2
4
4
2
2
2
2
0
0
2
2
2
2
2
4
0
4
2
0
2
2
0
2
2
2
6
0
0
2
0
2
0
2
0
4
0
0
4
2
2
2
2
4
0
2
4
0
2
0
2
0
0
0
2
4
0
2
0
2
0
2
2
0
0
2
2
6
0
6
0
0
0
0
0
2
2
2
2
2
0
2
2
2
6
0
0
0
2
2
0
0
4
4
2
0
4
0
2
2
0
0
8
2
2
2
2
6
6
4
2
0
4
2
0
4
0
0
5
0
5
3
36
2
38
12
87
40
18
44
4
63
3
2
0
0
2
5
2
6
16
5
36
5
45
9
60
3
46
15
33
0
3
1
2
0
59
3
94
3
0
3
32
3
32
2
26
0
44
4
43
0
36
2
36
3
36
4
4
59
0
43
0
0
3
5
53
2
0
22
12
2
9
0
47
4
2
45
0
34
4
3
34
0
2
0
1
4
3
4
0
2
5
74
0
0
0
0
1
0
2
8
0
9
2
0
0
0
0
0
2
2
3
27
41
2
7
33
0
59
4
0
2
73
2
77
2
0
4
90
2
48
2
4
6
2
0
33
0
1
21
2
0
0
7
0
0
0
30
0
9
13
0
3
43
0
3
0
0
0
0
5
46
5
2
5
0
7
29
0
72
0
3
0
51
2
41
3
2
0
0
2
2
0
70
2
0
2
8
27
3
0
0
2
2
0
29
8
53
2
0
3
4
40
0
5
0
0
4
0
3
3
70
6
37
0
5
41
0
2
43
2
2
0
0
35
2
41
0
3
0
0
39
7
31
0
0
68
4
33
3
0
95
7
0
4
2
50
9
2
2
0
0
71
0
91
2
2
2
63
2
0
7
2
0
0
0
0
4
1
2
63
0
0
2
2
3
52
6
2
3
59
4
34
2
36
8
8
14
11
6
9
4
10
10
10
6
11
10
8
14
15
21
8
6
10
12
8
6
8
6
10
6
10
4
2
10
8
6
12
10
17
6
14
11
6
9
14
6
8
6
8
13
12
6
8
6
10
10
12
10
2
13
16
10
8
8
14
11
4
6
12
6
4
6
14
8
10
6
11
9
8
8
20
4
4
17
6
6
11
8
10
8
6
10
10
12
6
8
12
12
16
10
5
4
11
6
8
8
14
2
10
4
8
6
6
15
6
8
11
12
6
8
9
8
10
8
13
8
4
12
8
15
6
8
8
6
4
10
6
17
10
21
14
12
8
6
10
10
4
4
12
7
8
13
8
11
12
11
6
6
8
6
13
22
14
4
4
4
7
82
16
10
6
8
8
17
14
15
12
8
11
10
6
4
6
17
10
12
11
16
12
6
12
18
17
14
29
10
19
15
8
6
10
10
10
10
10
10
12
4
10
7
12
10
12
12
15
8
10
8
13
4
6
13
6
4
8
6
10
8
12
12
10
6
6
9
11
13
10
11
10
10
4
4
6
5
2
6
8
2
4
12
8
14
8
14
12
0
13
10
8
4
2
8
6
10
10
11
6
12
10
10
10
10
14
6
4
8
6
14
6
8
8
11
8
4
6
6
10
8
10
8
6
2
0
2
0
0
2
0
4
0
10
8
2
0
0
0
2
0
0
0
0
4
0
0
0
0
2
2
0
0
4
0
0
0
4
0
0
2
0
0
0
2
0
2
2
0
0
0
0
0
0
2
2
2
0
2
0
2
4
0
2
0
0
0
2
0
0
2
0
2
0
2
0
0
4
2
2
0
0
0
2
0
2
0
0
2
2
2
4
2
4
0
2
4
4
0
2
0
2
4
0
2
0
6
0
0
0
0
2
0
2
0
0
0
0
2
2
0
2
2
0
2
2
2
0
2
2
2
0
0
0
0
0
2
2
2
0
0
0
2
4
2
0
2
0
0
0
0
0
0
0
2
4
2
0
8
0
0
2
2
0
0
0
2
0
2
2
2
4
0
0
0
0
2
0
2
0
0
2
0
0
2
0
2
0
2
2
2
0
4
0
0
2
2
2
2
4
0
4
0
2
2
4
4
0
0
0
0
0
0
2
2
2
0
2
0
2
4
4
2
0
2
2
2
2
2
0
4
0
0
2
2
2
0
2
2
2
4
4
0
2
2
0
2
2
0
2
0
4
2
2
2
4
2
2
0
0
0
0
2
0
0
8
2
2
0
0
6
0
0
4
0
4
2
2
10
0
0
0
2
2
2
2
0
0
0
6
2
2
16
15
13
5
15
7
26
14
11
28
7
11
17
13
12
18
12
25
12
10
19
16
21
13
7
15
17
15
17
17
8
21
31
10
9
22
11
8
19
8
18
8
11
10
5
10
13
10
16
12
13
6
10
15
13
17
6
15
12
11
18
14
15
15
15
29
7
19
13
23
10
12
47
15
9
17
13
13
13
10
11
27
17
21
11
9
17
8
16
21
12
11
12
11
44
23
18
14
9
7
15
33
20
17
11
21
8
11
11
13
4
7
32
21
11
11
25
21
9
25
11
22
10
15
21
8
21
15
19
13
6
14
30
14
11
33
8
15
10
11
13
9
19
13
37
15
19
15
10
6
11
22
10
13
17
29
18
9
7
6
13
12
17
21
9
19
33
8
15
8
23
12
15
9
19
10
9
19
9
23
24
13
17
25
27
12
9
12
27
11
19
19
26
9
7
15
15
11
15
13
16
15
29
18
12
24
21
17
9
21
21
20
25
23
21
18
12
15
21
7
22
20
8
17
11
17
11
28
10
13
18
28
9
10
9
15
8
13
13
15
11
40
12
21
19
19
8
17
30
26
15
11
11
14
9
13
11
11
18
10
11
11
11
5
11
13
7
5
9
17
5
7
7
3
7
6
7
9
7
4
15
13
6
9
6
5
8
10
