8
5
6
14
11
15
20
2
14
10
8
12
6
10
10
18
16
8
10
5
5
19
5
5
15
6
29
14
18
5
8
18
8
10
8
16
17
30
10
13
9
13
20
7
14
18
32
15
8
17
16
16
20
10
17
22
11
16
17
12
18
18
10
11
11
8
9
39
12
16
12
9
8
4
13
12
8
38
36
21
10
7
11
14
10
8
14
8
18
22
4
4
14
23
14
13
10
19
15
7
7
14
9
22
14
9
6
23
11
25
13
14
14
9
18
28
12
16
9
15
10
25
4
18
30
5
16
2
12
16
10
20
15
6
7
11
38
8
7
7
15
24
7
17
12
5
11
10
20
8
12
63
6
27
18
12
13
12
14
14
15
16
13
32
8
14
18
16
5
18
5
13
18
29
12
7
8
20
10
12
8
8
14
5
10
19
13
12
15
20
26
14
14
14
16
16
6
9
8
18
8
10
8
9
10
23
20
14
6
8
10
8
5
7
24
18
18
14
41
31
35
16
84
8
61
16
0
15
12
67
16
16
36
16
16
8
18
4
13
0
15
4
18
21
2
9
11
8
16
12
12
7
8
12
14
26
5
10
26
10
21
16
16
14
20
17
22
16
9
10
22
10
2
16
12
9
12
13
15
18
8
6
17
8
14
4
33
16
28
14
9
3
7
7
15
21
13
9
7
3
3
7
23
7
15
32
9
15
9
9
47
3
11
5
9
9
9
13
17
5
13
5
7
15
13
21
11
9
7
14
11
11
19
15
13
7
7
13
17
45
28
16
11
17
13
17
14
9
24
7
7
11
14
26
25
17
10
23
26
23
13
32
30
27
22
24
21
28
36
11
27
23
47
20
20
20
17
32
24
27
28
42
24
15
54
20
16
27
34
38
23
37
37
27
14
17
19
18
26
21
36
36
21
29
26
32
32
35
27
37
30
31
26
26
52
41
27
36
43
45
68
51
25
26
27
28
23
30
21
41
57
30
44
26
18
25
49
15
23
34
24
22
32
11
28
24
9
21
34
22
26
21
22
5
28
11
17
16
11
44
24
30
9
10
38
5
11
11
15
27
24
20
13
17
26
13
23
37
11
26
6
26
34
22
14
15
40
34
36
15
16
18
9
13
30
16
26
13
32
25
36
18
26
19
20
31
25
20
27
15
26
37
22
19
32
15
13
20
24
22
41
38
14
24
19
19
17
16
22
39
34
7
27
25
37
26
15
24
20
13
7
19
14
19
15
16
18
11
36
11
24
19
15
9
11
19
9
13
7
17
14
12
13
19
24
26
11
14
37
17
7
5
16
11
11
5
0
4
4
2
2
2
10
2
2
2
6
2
2
11
4
4
0
2
0
0
6
2
6
2
5
4
2
4
0
2
4
2
4
4
2
2
0
4
7
4
6
6
0
6
6
4
5
2
0
4
5
2
2
4
4
11
0
2
2
2
7
4
6
5
6
2
2
19
0
4
4
2
0
4
2
6
4
2
2
2
3
4
8
4
2
4
2
2
6
2
6
5
2
4
6
4
0
2
4
5
2
0
4
4
4
4
4
4
2
5
0
2
0
2
4
2
2
10
4
4
0
2
0
4
0
2
4
3
8
0
0
4
6
2
0
2
4
7
0
4
0
2
0
2
0
6
4
2
6
4
2
4
2
4
5
5
6
0
4
4
2
2
4
4
4
2
6
4
6
0
2
4
2
4
2
2
0
0
4
6
9
2
0
0
0
4
6
0
2
0
8
4
2
2
2
6
0
2
0
10
8
2
6
8
0
0
4
4
2
0
4
2
2
2
2
0
0
2
4
2
6
2
6
2
3
0
2
2
6
2
2
4
2
2
0
2
2
2
4
6
2
2
0
6
2
2
2
0
7
0
4
0
7
2
6
2
7
4
2
2
4
4
4
2
2
3
2
4
0
6
1
4
0
2
2
7
6
2
1
4
4
0
0
0
2
0
4
4
2
0
4
2
2
4
6
4
4
4
4
4
6
4
2
4
0
0
0
0
4
2
6
2
4
2
4
4
4
4
2
0
2
6
6
4
2
2
4
2
0
4
4
2
4
2
2
4
6
2
2
6
4
2
2
0
4
6
0
2
2
4
2
4
4
4
4
0
4
4
2
8
2
4
4
6
6
4
4
4
4
6
4
2
2
4
2
4
4
4
4
8
4
4
2
8
2
4
2
2
4
4
0
4
4
2
4
4
0
2
0
4
0
2
0
2
4
4
4
2
2
2
0
4
0
4
2
0
4
8
2
4
4
4
6
6
4
4
4
4
2
6
4
2
2
4
2
6
2
0
4
2
4
6
4
2
6
4
0
0
4
4
4
4
4
6
4
6
2
0
4
2
2
4
6
2
4
2
2
2
4
4
4
6
8
6
4
6
4
4
0
4
2
4
6
4
2
4
4
2
2
4
2
4
4
2
2
8
0
6
4
4
4
6
0
2
4
4
0
4
2
0
0
4
6
4
4
2
6
4
4
0
4
0
4
2
2
4
6
4
4
2
4
4
4
6
4
0
4
4
4
6
4
0
4
4
2
4
4
0
10
4
4
6
2
6
2
4
4
6
4
4
4
2
4
4
2
2
4
0
2
4
4
4
6
2
2
6
9
3
5
5
5
15
3
3
3
3
3
2
7
5
5
2
11
11
2
5
2
2
9
3
3
0
11
7
3
5
5
7
0
0
11
7
5
2
1
5
3
7
5
5
9
9
0
3
17
3
3
9
5
3
7
5
2
3
1
1
7
1
3
7
7
5
9
7
9
5
7
7
5
5
2
5
5
2
3
7
9
9
7
3
5
3
7
9
5
7
7
7
5
7
7
9
3
2
5
7
9
7
33
13
7
11
7
15
15
13
9
5
17
11
15
7
15
13
13
9
17
27
27
39
23
25
17
9
21
11
11
17
9
19
19
11
15
15
7
19
21
11
5
7
13
7
9
11
9
13
7
17
17
11
13
13
21
31
19
19
13
21
19
11
19
15
13
7
11
25
25
13
11
3
19
17
7
24
17
23
11
17
19
13
9
7
3
26
15
15
13
17
11
21
21
5
7
17
21
19
9
9
11
16
19
7
11
11
15
21
13
23
29
28
29
19
9
27
25
13
13
17
5
7
21
17
9
15
7
35
23
7
7
27
19
11
21
13
13
31
21
23
7
7
7
13
5
17
3
5
9
7
9
5
13
11
7
7
7
9
1
7
7
5
3
9
3
5
7
9
3
3
5
5
3
3
3
1
7
2
5
5
11
9
5
9
2
11
2
2
4
0
2
4
0
0
4
4
4
2
0
2
2
4
2
2
2
0
4
2
0
4
2
6
2
6
0
2
0
4
4
6
2
4
2
2
2
4
0
4
6
4
2
2
4
2
0
2
4
0
2
2
2
6
0
2
4
4
0
6
4
2
2
0
4
4
4
2
4
4
2
0
2
8
2
2
4
2
4
2
4
6
4
2
6
6
4
4
2
4
4
2
6
2
2
4
2
4
0
2
0
2
0
4
2
0
0
4
2
2
4
2
2
0
2
6
0
0
2
2
4
4
0
6
0
2
0
2
2
2
0
2
4
0
4
4
6
4
4
2
4
2
2
2
0
2
0
0
6
4
0
0
4
2
0
6
6
0
0
2
2
2
2
2
4
2
4
4
2
0
4
0
0
0
0
6
0
2
2
2
2
4
4
4
8
4
2
6
0
2
2
6
2
2
6
4
2
6
2
2
4
0
6
0
2
0
4
2
2
4
2
2
2
8
6
2
2
8
4
4
6
2
0
4
6
0
0
2
6
2
2
0
4
4
2
0
0
4
0
4
0
2
6
2
0
4
2
4
6
2
0
2
6
2
4
0
2
2
2
4
2
4
0
2
4
2
2
2
2
0
0
2
6
2
2
2
4
0
0
2
4
6
4
0
4
2
19
19
12
4
27
13
15
15
13
30
10
25
27
10
10
43
33
8
8
10
6
13
8
19
21
17
8
12
17
17
29
13
12
12
15
21
12
13
4
8
19
15
18
15
8
8
12
25
10
6
12
8
21
15
14
29
12
10
22
12
14
23
17
19
36
12
10
10
6
12
31
19
12
18
14
8
15
10
12
10
17
16
16
19
19
8
12
14
6
10
4
23
8
13
18
27
10
10
18
22
21
13
10
23
15
12
12
12
31
29
6
10
8
16
15
10
10
23
8
13
4
8
21
10
13
21
15
19
10
8
8
10
15
29
13
12
21
13
10
27
14
21
4
27
20
25
25
2
13
14
14
23
10
21
10
10
8
14
21
23
6
17
8
15
23
2
4
21
8
15
17
10
19
11
8
19
10
15
6
8
11
15
13
10
4
35
8
8
12
23
21
21
13
6
12
8
8
8
15
13
6
21
4
10
8
6
8
23
8
10
10
17
12
8
4
15
13
13
8
13
17
2
13
6
17
6
15
13
8
13
15
10
12
11
12
21
10
8
19
12
8
13
12
10
17
15
12
14
10
17
15
10
17
12
19
8
8
13
8
8
6
20
10
18
14
15
10
12
8
17
21
23
8
23
10
12
12
16
17
10
17
23
15
17
16
21
15
8
32
35
28
36
37
35
32
30
32
33
31
32
36
33
24
38
34
25
25
34
36
35
30
28
33
33
24
32
35
38
33
29
35
28
29
25
35
37
31
35
34
33
32
33
37
31
33
23
25
33
33
37
27
33
35
33
33
35
27
26
24
35
39
30
35
35
35
33
31
29
33
32
35
33
26
35
26
30
28
33
25
31
35
34
34
33
27
34
33
33
29
31
32
31
37
34
34
35
32
37
32
32
36
36
24
34
38
35
33
32
31
26
34
24
35
33
31
32
36
28
35
36
34
33
37
30
32
31
34
37
29
36
30
26
36
30
32
30
31
30
33
34
39
32
27
36
40
34
34
38
24
34
31
33
32
32
25
34
31
34
36
29
21
34
38
30
34
34
29
24
34
33
35
35
30
32
37
28
35
23
30
31
31
33
34
38
38
30
25
32
32
32
31
34
32
32
35
31
24
24
28
27
37
32
31
38
25
29
34
36
21
33
38
38
30
34
33
38
25
25
31
34
26
34
33
30
34
36
35
30
34
34
26
39
37
34
29
32
29
35
36
30
30
34
35
33
25
34
34
34
27
33
36
34
27
34
33
32
30
36
32
33
33
34
34
37
34
31
24
24
30
24
31
32
32
30
32
35
33
34
35
32
31
34
23
35
25
33
2
0
0
2
2
2
0
2
0
0
0
0
0
0
0
0
2
2
2
0
2
2
2
0
0
2
2
2
0
2
2
2
0
0
2
2
2
2
0
0
0
4
2
2
0
0
0
0
0
0
2
4
4
2
2
4
0
0
2
0
2
2
2
0
2
2
2
2
0
2
0
2
4
0
0
0
0
2
2
4
0
2
0
2
2
0
2
0
0
2
0
0
2
2
4
4
2
2
0
0
2
2
0
0
2
0
2
0
2
0
2
0
0
0
0
0
2
2
0
2
0
0
2
0
2
0
2
0
2
0
2
0
0
2
2
2
0
2
0
4
2
0
2
2
2
2
0
2
0
0
2
2
2
2
0
0
2
0
0
2
2
0
0
0
2
2
6
0
2
2
2
2
2
2
0
2
0
4
2
0
0
2
0
0
0
2
0
0
4
2
2
2
2
2
2
2
2
0
2
0
2
2
2
2
6
2
0
2
0
0
0
0
2
0
0
0
2
2
0
0
0
2
0
2
2
0
2
2
4
0
2
0
2
2
0
4
0
0
0
2
2
0
2
2
0
2
2
0
2
0
0
0
0
0
0
2
2
0
0
2
0
0
0
2
2
2
2
0
2
2
0
2
0
2
2
2
0
2
2
2
2
2
2
0
2
2
0
2
4
0
4
2
4
6
2
2
2
2
0
2
2
2
4
2
4
0
0
2
1
0
0
0
9
0
2
2
6
2
2
9
0
2
2
0
7
9
6
0
4
6
6
4
2
2
4
6
9
2
4
2
2
2
2
1
0
2
7
2
0
6
2
4
0
8
4
2
0
4
4
10
6
2
4
4
0
2
4
4
6
4
2
18
10
0
6
0
2
2
0
0
4
4
0
0
2
2
2
4
2
2
4
0
13
2
2
6
6
11
2
0
8
0
0
4
10
0
0
2
2
0
0
0
4
2
1
5
2
4
8
5
2
14
2
10
15
2
2
6
16
2
0
2
4
2
2
0
2
2
2
4
2
0
0
7
0
4
4
2
9
4
7
0
6
7
0
5
0
6
4
0
5
7
4
0
17
6
6
0
11
0
6
2
4
10
0
2
4
7
0
4
0
4
0
19
0
5
0
0
0
2
0
0
2
0
0
2
2
4
4
4
2
0
6
3
4
2
4
4
2
0
4
0
0
0
0
4
0
6
4
0
0
2
2
2
2
0
0
0
2
2
2
0
4
0
0
3
0
4
27
0
2
0
0
4
0
0
2
0
4
6
0
0
0
2
0
0
2
0
0
4
2
2
0
2
2
0
11
2
0
4
0
2
0
2
0
6
