2
2
6
4
6
10
4
6
0
6
8
6
4
8
6
10
4
4
6
6
4
6
4
6
4
6
6
8
6
4
8
6
4
6
6
6
8
8
6
6
6
6
2
2
4
6
10
4
6
6
4
10
8
6
6
2
8
12
8
6
12
4
6
6
6
6
6
2
6
0
4
6
4
6
6
2
8
0
4
6
2
6
6
4
6
4
8
6
2
6
6
4
6
10
6
8
6
6
6
2
2
2
2
2
0
6
2
6
4
4
6
8
6
6
6
8
6
4
6
4
6
4
6
6
4
2
4
4
6
2
8
6
6
4
2
6
4
2
6
6
6
8
6
4
4
2
4
6
0
2
4
2
4
4
4
4
4
10
6
2
4
6
2
2
8
4
8
4
2
6
6
4
6
4
2
6
10
6
6
4
6
2
4
4
6
6
8
2
2
2
8
6
6
2
6
4
4
4
12
6
2
6
6
8
6
6
4
0
2
4
6
2
6
2
8
4
4
2
4
4
6
4
2
10
2
4
6
6
0
10
2
6
6
4
4
6
4
6
2
4
6
6
0
6
6
8
2
4
4
2
4
4
4
2
8
4
2
6
2
2
6
2
6
4
2
0
4
8
4
2
4
6
6
6
2
2
6
8
2
4
4
8
4
6
0
4
6
6
7
4
9
5
0
9
2
0
9
5
9
3
2
3
2
10
5
5
7
7
9
7
5
7
23
7
8
3
6
5
7
7
5
3
11
2
7
5
7
8
11
2
3
5
18
2
12
11
5
3
5
4
5
2
9
6
5
5
7
10
5
7
9
5
0
5
12
0
5
0
5
10
12
5
2
2
7
5
11
31
7
7
3
4
4
5
4
5
5
9
5
14
7
7
7
5
9
5
9
0
2
2
5
6
5
5
2
9
3
2
4
2
4
7
7
7
2
8
0
4
8
7
9
7
7
9
7
2
4
5
2
4
5
5
4
4
5
10
2
0
4
2
5
2
5
3
7
7
2
7
12
5
5
11
2
0
2
5
10
5
0
3
2
2
0
3
5
5
10
9
2
5
4
2
5
5
7
12
18
5
7
7
0
5
3
5
4
2
4
5
9
14
2
3
10
2
7
2
3
3
0
4
3
19
5
9
9
6
7
2
2
44
4
6
0
2
2
2
5
3
0
40
3
5
7
0
7
3
2
19
2
7
4
2
5
9
0
22
14
3
5
2
5
7
7
2
5
59
11
74
7
3
3
2
5
4
5
2
7
2
9
0
2
9
14
7
4
4
2
4
86
2
3
46
7
3
5
7
18
2
5
4
10
3
5
5
5
9
0
0
0
2
4
2
2
0
0
0
2
0
0
2
0
5
2
2
2
4
0
0
2
0
1
0
2
3
2
2
5
14
0
0
2
0
0
0
2
1
0
0
2
4
0
0
0
2
2
3
6
0
1
4
2
2
4
2
0
0
0
2
2
0
2
0
0
1
2
2
0
4
0
2
2
8
2
0
0
0
2
4
0
2
0
2
2
2
1
0
0
0
0
5
4
2
1
2
20
2
2
2
0
0
2
4
0
0
3
2
2
0
0
2
2
2
2
4
0
2
0
4
0
2
5
4
3
2
4
4
2
2
1
2
1
2
4
5
5
4
0
2
3
0
2
2
2
2
1
0
2
4
9
14
0
4
2
2
6
4
2
0
0
0
0
0
0
1
2
2
1
2
2
1
0
0
0
4
4
5
2
7
2
0
1
2
2
1
7
3
2
8
4
0
0
1
2
2
0
7
0
0
2
4
0
2
4
8
2
4
0
0
0
2
0
0
0
2
0
0
2
0
2
4
0
0
0
0
0
2
0
0
2
2
5
2
0
0
0
0
0
0
0
2
0
2
0
0
0
0
2
9
1
2
0
0
1
0
2
0
1
0
0
0
0
0
2
0
0
2
2
4
0
0
0
0
0
0
0
2
4
0
0
0
0
2
2
2
9
6
0
0
13
2
0
0
11
7
0
7
15
7
9
0
11
9
0
13
9
9
4
0
9
6
0
9
11
4
7
0
5
11
0
9
2
11
7
0
7
5
0
9
11
7
0
11
7
9
7
13
9
7
0
9
13
9
19
11
5
4
7
11
7
0
7
9
4
0
9
0
13
0
13
0
6
0
4
0
0
9
17
0
0
6
20
0
4
7
8
7
0
7
13
0
0
13
6
0
8
6
7
7
7
7
11
13
0
4
9
6
0
6
9
11
0
2
6
11
0
0
0
0
6
9
13
0
0
6
0
0
9
4
0
0
9
0
0
0
0
0
0
0
0
0
0
0
0
0
5
6
0
0
13
11
0
6
6
13
31
0
9
7
6
15
0
7
13
0
7
4
6
9
0
0
0
0
0
0
0
0
9
0
0
0
0
0
0
0
0
7
0
4
0
11
0
9
0
13
0
4
6
7
0
6
4
0
8
4
8
2
6
15
0
6
0
11
7
11
7
13
0
6
0
4
0
13
13
11
6
9
4
0
5
0
2
0
4
0
9
0
9
6
0
0
4
7
0
0
2
13
0
0
9
7
9
0
18
15
17
0
0
4
16
0
7
11
9
0
0
9
9
0
2
11
9
0
13
0
6
0
4
4
7
0
6
7
6
8
5
10
1
3
1
16
5
3
3
3
5
3
3
3
5
5
10
0
11
10
3
3
3
5
5
1
3
5
1
3
3
5
5
1
6
6
1
3
3
1
5
1
3
4
8
1
5
7
5
5
3
5
4
5
7
3
5
5
6
3
1
17
3
6
13
8
3
1
1
5
1
10
5
3
3
12
3
5
0
10
5
8
3
3
10
7
6
3
7
7
10
4
10
3
5
5
7
5
6
6
6
3
6
8
1
3
4
6
4
3
13
10
5
3
15
5
11
1
3
3
10
4
17
3
3
3
6
5
6
8
6
5
6
0
5
6
4
8
10
5
5
3
3
9
7
3
5
5
20
3
4
5
6
5
6
10
4
6
5
1
6
3
5
12
1
5
6
10
5
1
5
5
6
3
5
6
11
3
10
1
7
10
10
1
4
5
7
10
11
5
3
3
5
6
8
6
6
6
3
5
1
11
1
5
6
13
3
1
3
9
3
3
10
10
5
4
7
9
10
3
6
6
10
8
6
4
10
5
8
3
7
3
3
5
12
3
9
4
8
6
1
7
15
3
5
3
15
3
8
5
7
6
5
5
7
1
3
5
5
10
11
3
11
5
5
5
4
10
8
1
3
3
4
4
10
3
8
4
15
3
5
1
8
4
6
0
6
2
6
2
2
0
2
4
2
2
2
4
0
8
2
2
0
2
2
0
2
2
2
2
0
4
0
2
4
2
2
4
4
2
4
4
2
2
4
2
0
4
4
4
2
0
2
0
2
2
2
0
4
2
2
0
2
0
6
4
2
0
4
2
0
0
2
33
0
2
0
2
0
15
2
4
2
2
2
2
2
2
4
4
0
2
6
2
6
2
4
2
2
0
8
2
0
6
2
0
6
4
4
2
2
0
4
2
2
4
0
4
4
2
0
2
2
2
0
0
2
0
0
0
4
4
2
4
4
2
6
4
4
2
4
4
6
4
4
0
9
6
4
0
2
4
2
0
2
2
6
6
0
4
2
2
4
6
4
0
2
2
2
6
6
4
2
4
2
2
0
0
4
6
2
8
0
0
6
4
37
6
4
2
0
0
4
2
2
4
2
2
6
0
0
6
6
4
6
4
6
0
2
0
2
4
0
0
4
0
2
0
6
2
2
0
4
4
0
0
2
4
4
2
2
0
4
2
4
4
2
4
29
0
0
0
2
4
4
4
0
4
0
2
0
4
0
2
2
0
2
4
2
0
0
2
4
4
2
2
4
0
4
0
2
2
6
2
0
2
0
8
4
0
4
6
0
2
6
4
0
4
4
4
4
6
2
4
44
34
32
15
50
28
37
30
23
29
40
29
28
39
43
24
30
35
42
41
52
37
44
36
30
37
51
41
32
41
34
42
43
49
44
41
26
40
42
38
42
39
35
46
38
48
41
47
35
35
35
42
50
44
32
40
40
45
38
34
42
36
47
42
42
41
34
39
42
39
47
42
44
30
39
40
31
17
37
37
39
45
41
44
44
45
25
47
45
30
44
41
43
51
42
44
35
49
37
44
41
30
42
46
42
43
45
41
41
40
37
42
29
42
24
37
46
43
33
44
38
45
43
27
43
29
40
46
52
41
26
29
40
42
42
43
40
37
43
41
45
45
37
42
46
45
52
22
34
22
46
30
28
44
41
40
27
41
44
43
52
42
21
38
38
41
42
45
45
47
31
33
46
26
39
47
37
44
30
45
48
43
36
47
43
47
41
40
38
45
45
37
42
42
42
51
40
20
43
43
25
39
28
40
32
45
47
32
42
33
44
43
46
40
44
30
45
40
39
33
22
45
41
44
32
49
44
46
43
21
28
34
38
36
45
41
34
42
47
37
23
20
33
26
28
36
26
35
42
36
38
43
43
37
31
46
38
24
29
34
32
35
25
45
44
42
49
34
29
34
25
28
36
41
38
48
15
46
24
45
29
27
44
41
19
25
40
46
15
34
15
21
17
25
19
23
13
10
25
13
10
11
13
12
13
12
15
10
23
25
17
10
8
8
17
21
21
15
17
23
10
12
27
19
19
31
10
21
8
19
13
23
25
35
11
13
17
13
23
31
12
19
25
35
21
19
23
35
25
9
13
8
17
17
13
35
8
14
33
12
15
29
31
23
33
23
13
10
17
17
23
27
13
12
21
15
15
38
19
15
13
25
25
2
12
10
10
17
10
17
20
15
23
11
21
19
33
17
25
23
28
17
17
17
17
32
19
31
17
13
23
19
25
25
30
31
10
34
15
12
30
15
21
36
37
12
21
23
38
25
25
40
73
21
54
38
25
13
48
12
13
21
21
21
19
19
31
17
15
21
23
8
25
27
29
31
15
31
29
20
31
25
35
23
23
25
27
15
25
25
19
13
38
17
15
31
25
13
23
19
29
29
33
19
66
25
29
48
34
13
17
29
21
31
33
13
19
27
21
17
23
27
25
19
35
17
19
21
13
15
48
38
13
29
27
38
19
38
23
38
13
27
12
23
27
21
23
31
25
37
35
29
19
17
15
17
17
15
17
17
19
13
25
13
19
19
23
13
10
27
27
21
19
17
13
29
15
10
15
12
19
15
31
13
35
29
6
13
13
12
13
25
13
19
15
15
0
0
6
0
4
4
8
3
9
4
4
4
0
2
0
0
6
6
5
6
4
2
7
0
0
0
7
4
2
2
2
2
0
2
5
6
0
6
4
4
12
6
5
2
0
4
2
6
7
2
0
6
7
2
2
2
4
4
6
2
0
2
4
2
0
4
6
0
11
2
0
5
0
0
3
4
22
2
2
4
9
4
4
4
6
2
5
6
4
6
2
2
2
6
4
0
2
2
5
20
3
8
11
8
8
2
4
2
2
3
2
2
2
0
0
2
2
0
4
4
0
2
12
2
7
0
2
7
0
0
4
2
6
20
2
0
2
4
2
0
0
2
0
2
6
9
2
4
6
6
4
10
5
8
0
4
0
9
2
2
0
4
0
4
2
0
2
4
0
0
4
0
0
1
5
0
0
0
0
2
0
2
3
2
2
2
0
1
10
0
8
0
2
0
0
0
2
2
0
0
6
2
0
0
2
0
0
2
6
0
7
0
2
2
0
7
8
4
0
4
2
2
0
5
4
2
2
2
2
0
3
2
2
2
3
2
0
0
7
1
5
6
0
2
4
6
0
3
0
0
0
6
2
0
0
0
2
2
0
2
4
2
0
0
4
4
9
0
2
0
0
0
2
0
7
2
2
4
6
0
0
2
4
4
0
0
3
2
4
7
6
8
14
8
10
14
15
7
11
10
6
21
8
12
12
4
6
8
8
2
11
8
4
6
2
10
12
4
6
4
12
10
6
10
10
10
6
8
14
22
8
10
18
8
16
4
8
12
15
13
16
10
8
18
16
9
8
16
12
10
10
14
6
4
8
10
12
16
15
8
10
12
18
19
15
10
6
6
6
10
25
20
6
11
10
4
10
16
29
8
12
10
9
21
4
8
6
6
18
8
10
10
15
8
6
17
10
10
10
21
14
8
17
10
10
11
13
10
6
6
10
10
11
9
15
19
12
12
15
10
10
10
27
19
8
12
6
10
10
14
11
6
4
14
16
12
10
12
16
10
15
14
14
13
12
17
14
15
9
13
6
6
13
8
21
12
12
8
6
21
14
17
9
12
15
8
14
11
14
17
6
14
14
12
15
21
15
10
13
21
17
21
10
19
14
12
10
17
15
13
13
14
12
10
17
11
67
10
12
15
17
21
15
6
15
14
4
16
18
12
12
12
10
16
21
12
6
6
19
12
10
8
12
14
10
6
7
20
16
10
11
14
8
6
15
13
21
11
19
9
9
11
5
7
13
10
11
15
11
14
9
8
9
12
4
6
2
4
8
2
2
4
4
2
2
2
4
6
2
0
2
4
10
2
6
6
