2
2
2
2
0
2
2
2
2
2
2
2
0
2
2
0
2
2
0
2
2
0
2
2
2
2
0
0
2
2
0
0
4
2
0
2
2
2
2
2
2
2
2
0
2
2
2
2
2
2
2
2
0
2
2
4
2
2
0
2
2
2
2
2
2
2
0
2
2
2
2
4
2
2
0
2
0
0
0
4
2
2
4
0
4
2
2
2
0
2
2
2
2
0
2
2
2
0
2
2
2
2
2
2
2
2
0
2
0
0
2
0
2
2
2
2
2
2
0
2
2
4
2
2
2
0
2
0
2
2
2
2
2
0
2
2
2
2
2
2
2
2
0
2
2
4
0
2
2
2
0
2
2
2
0
2
2
2
2
0
2
0
2
2
2
2
2
0
0
4
0
2
2
0
4
4
4
2
2
2
2
2
2
2
2
4
0
0
2
2
0
2
2
2
4
0
0
2
2
2
2
2
0
2
2
2
0
0
2
2
0
2
2
2
2
2
2
4
2
2
2
4
2
0
0
2
2
2
2
2
2
2
0
0
0
0
0
2
2
2
2
2
0
2
0
2
4
2
2
2
2
0
4
2
2
2
2
0
2
2
2
4
2
2
2
2
2
4
2
2
2
4
2
2
0
2
2
2
0
0
0
2
2
2
0
0
2
2
7
0
1
1
0
3
0
3
3
0
7
1
1
0
6
1
0
1
39
1
1
3
0
1
0
7
3
5
1
0
0
1
27
21
3
3
6
15
1
1
1
0
1
1
1
3
1
3
1
3
3
2
1
3
28
35
3
1
1
1
1
22
16
1
0
1
1
1
0
23
1
1
1
6
3
11
0
3
1
0
0
5
1
0
1
0
0
5
0
3
1
1
19
5
0
0
0
4
5
0
1
1
1
0
3
0
1
5
6
0
0
1
3
1
1
1
1
0
0
3
0
4
3
3
0
0
6
3
2
4
29
1
9
4
6
1
8
1
3
9
0
1
1
0
1
1
1
0
1
3
3
3
1
1
1
0
1
1
0
0
5
1
1
1
20
0
1
7
1
1
1
3
1
3
1
1
1
5
1
1
1
0
3
1
1
6
1
0
0
1
1
0
0
27
3
1
1
1
0
0
3
0
1
0
1
1
1
4
3
3
0
3
3
1
3
1
4
3
3
5
0
0
1
3
1
8
0
6
4
0
1
3
1
0
3
3
1
0
9
1
3
3
0
3
0
4
4
0
3
0
5
1
0
3
1
0
1
1
0
3
16
15
1
3
1
3
0
2
2
1
0
6
1
1
1
5
1
8
3
7
18
1
3
3
3
1
0
1
14
10
21
21
19
15
12
29
6
21
8
19
16
8
12
10
4
16
16
14
14
10
19
12
8
2
8
4
6
12
8
8
4
21
2
17
15
6
10
10
25
10
19
10
16
12
14
12
7
10
14
14
6
10
8
16
23
8
2
4
16
6
6
4
12
10
10
10
8
10
10
8
10
12
16
2
10
10
4
10
7
6
9
6
4
12
6
4
10
13
2
10
8
6
2
2
4
14
9
8
6
8
12
6
13
6
6
4
8
8
8
10
4
8
2
12
6
8
6
10
4
6
8
4
4
2
10
10
4
12
4
2
6
8
6
12
6
6
8
8
12
8
8
6
10
10
6
9
8
6
2
0
2
10
7
9
9
9
4
12
6
12
2
8
4
8
6
12
10
0
10
6
6
8
8
2
10
8
12
6
8
6
6
4
4
12
8
10
8
2
8
6
4
6
6
10
2
10
10
6
12
2
8
6
2
10
2
6
2
6
2
2
0
8
12
4
2
8
4
8
8
2
4
2
8
6
4
6
2
6
10
4
16
6
8
12
13
4
14
10
15
6
17
8
6
12
13
8
17
12
12
10
12
0
8
17
6
7
6
6
10
12
4
4
0
0
0
12
0
4
0
2
0
0
0
0
0
0
0
0
0
0
0
0
0
0
0
0
2
0
0
2
4
6
2
2
4
2
7
4
2
4
6
2
6
2
2
6
6
4
4
4
4
4
2
4
6
2
4
6
4
2
2
2
8
4
0
4
2
4
4
4
2
19
4
4
2
4
12
34
0
2
4
4
6
4
2
4
6
2
12
10
4
4
6
6
2
4
4
17
2
4
4
2
2
6
2
4
2
6
4
4
6
8
6
10
6
2
2
6
4
4
4
0
2
2
6
4
6
2
6
6
2
2
4
4
6
10
2
2
6
4
2
2
6
4
8
4
6
2
4
4
6
10
4
2
4
6
4
10
4
4
4
2
9
6
2
6
2
7
10
4
2
2
2
2
8
6
2
2
2
4
4
4
4
4
4
2
6
2
4
2
10
6
2
4
4
6
4
2
8
2
8
6
6
6
6
6
4
4
6
10
4
2
4
6
6
2
8
2
6
4
2
8
2
2
11
4
2
4
2
9
4
2
2
2
25
27
6
4
0
4
2
6
8
4
8
2
13
6
6
6
4
2
4
2
8
4
4
2
4
6
2
6
2
4
6
4
8
4
8
15
4
2
2
2
4
4
4
4
2
2
4
4
4
2
2
4
4
2
4
4
0
4
2
4
2
6
4
4
2
6
7
2
4
8
4
2
4
2
0
8
2
10
2
6
4
5
3
9
6
44
5
15
6
8
7
7
5
3
4
3
3
5
8
2
6
3
6
8
8
5
3
16
9
3
5
14
3
5
7
7
5
5
5
8
3
8
2
8
0
7
6
9
5
4
5
3
3
2
6
5
6
8
2
48
5
7
3
9
11
35
8
13
9
11
3
6
6
3
5
7
10
30
3
6
6
6
2
3
5
5
3
5
12
5
3
2
10
4
3
3
10
7
3
10
8
5
5
2
3
5
3
10
5
5
9
6
4
8
23
3
6
13
3
6
8
10
6
5
6
5
9
25
8
3
12
12
8
2
2
3
2
4
8
6
6
5
5
8
6
3
6
2
8
3
5
9
2
5
8
7
5
6
7
7
6
10
0
8
5
5
6
3
9
7
2
6
0
6
5
3
3
7
3
4
8
6
3
12
5
2
5
3
0
5
3
3
2
5
7
7
10
6
0
8
2
0
2
5
5
6
7
8
9
4
7
5
4
12
6
2
7
5
3
0
6
33
5
6
3
7
4
3
7
2
12
3
3
0
3
4
5
0
6
6
6
3
8
3
5
8
7
6
6
8
5
3
6
3
14
3
2
9
3
1
6
9
6
5
5
8
3
2
8
5
2
5
3
8
13
7
4
3
2
3
2
2
12
52
3
10
8
7
2
2
9
0
5
13
7
1
0
5
0
9
7
4
4
11
2
4
4
4
2
6
4
2
3
4
2
3
2
11
2
3
6
2
4
4
2
2
5
0
2
3
7
9
0
4
6
5
2
2
4
2
1
13
2
0
2
5
3
5
0
0
4
5
2
3
0
4
7
4
4
0
2
3
4
4
4
3
2
3
2
2
4
6
5
2
1
2
2
6
6
4
2
4
2
3
6
4
2
2
0
4
2
4
0
6
2
0
2
5
6
2
6
4
7
5
4
0
5
5
2
3
4
3
4
2
4
4
13
2
2
0
7
5
4
5
2
0
4
4
5
6
4
13
2
6
7
3
9
3
4
5
0
4
4
5
5
0
4
11
6
7
0
4
0
15
4
4
0
4
2
0
2
0
4
4
4
5
6
7
13
5
2
7
6
4
9
3
2
4
4
2
4
4
5
3
9
11
2
0
4
4
5
7
5
17
5
4
3
7
4
6
3
0
0
2
9
5
2
7
5
5
2
7
2
9
0
4
0
2
4
2
5
4
4
4
4
6
4
4
5
0
6
4
2
6
13
6
4
4
2
5
0
1
7
5
3
4
3
4
2
2
13
4
0
7
2
15
2
4
9
2
7
5
2
2
4
2
2
4
4
5
6
2
6
0
2
5
44
35
28
25
91
40
49
53
47
40
96
68
49
53
31
28
38
55
60
77
86
40
85
36
29
56
45
31
39
48
47
60
55
42
34
41
42
29
39
44
40
51
58
66
49
63
62
35
39
46
38
27
34
58
37
48
71
67
35
46
31
44
30
45
46
47
78
68
75
47
39
48
28
48
41
39
41
25
49
57
48
56
41
28
31
39
40
43
39
39
26
58
58
19
46
44
44
43
46
44
24
38
56
59
49
43
34
28
49
42
44
39
37
58
32
44
57
49
49
41
46
50
33
47
25
53
47
49
58
32
40
47
43
34
41
32
41
48
37
47
59
47
37
39
39
38
38
31
46
89
65
49
64
32
37
32
41
47
50
44
41
61
67
46
27
51
36
49
43
45
61
40
32
48
40
48
38
44
54
40
15
36
41
22
40
85
58
69
68
54
47
43
36
38
36
38
52
27
34
68
57
52
41
53
50
44
50
37
54
41
37
88
87
67
35
32
45
28
49
60
46
53
72
38
64
60
26
58
41
31
56
44
30
71
67
73
35
63
35
77
49
26
32
41
33
60
49
69
75
52
45
35
19
39
77
44
42
98
57
73
79
54
69
79
43
48
42
73
48
62
29
80
35
83
92
43
37
43
46
35
70
69
41
70
65
54
33
50
17
8
15
10
8
19
23
21
15
13
13
17
11
8
11
6
8
10
19
11
13
23
11
15
11
21
10
13
29
6
10
15
23
10
13
6
15
8
10
19
10
11
11
6
10
10
21
13
15
19
6
8
11
11
11
27
15
21
17
8
8
8
11
11
15
10
15
17
15
10
11
10
23
12
6
15
27
13
10
17
10
25
13
15
11
13
15
17
15
19
19
34
8
10
19
15
11
13
15
21
17
6
33
12
17
11
8
13
10
6
8
13
11
23
8
13
19
17
17
15
11
15
19
15
23
17
19
13
21
6
19
23
23
12
27
25
13
19
25
13
21
13
19
13
19
11
10
19
27
29
13
19
21
13
15
6
12
23
11
27
29
10
10
10
15
6
10
10
17
13
11
8
12
10
13
12
10
8
12
44
12
10
10
10
8
15
12
4
8
8
13
6
10
6
8
10
10
6
15
2
2
8
12
15
8
21
4
4
17
15
6
8
10
6
10
12
4
10
8
10
4
15
13
4
10
12
17
15
12
15
17
15
25
15
27
11
17
19
13
13
11
10
15
29
13
15
19
15
10
8
19
11
19
25
10
13
15
10
19
2
23
12
23
21
15
6
19
10
12
15
8
19
11
12
17
17
6
19
10
6
12
13
15
10
8
10
10
13
2
2
0
5
1
3
5
2
5
3
4
4
2
4
5
2
1
2
4
2
1
0
2
5
0
2
4
0
1
3
0
0
1
0
4
4
3
0
7
2
9
5
2
3
2
2
4
2
0
4
0
0
2
2
0
0
2
5
2
2
5
3
0
1
2
2
3
1
4
1
2
3
5
4
2
2
4
0
2
0
2
2
2
2
5
2
5
0
7
2
10
4
11
0
4
2
4
3
3
3
4
0
8
0
4
1
2
2
1
7
0
0
2
4
5
2
11
2
2
6
2
4
4
5
0
2
0
0
2
2
5
9
0
2
0
0
3
2
0
0
2
7
0
4
9
8
0
0
4
5
0
0
2
4
0
2
3
2
7
0
2
2
3
0
4
2
4
6
4
4
2
0
0
0
15
0
0
1
0
2
4
2
4
0
4
4
4
0
1
1
4
2
4
0
0
0
0
2
0
2
0
0
0
0
2
0
0
0
2
4
2
0
0
2
2
4
0
0
2
0
0
0
0
0
2
0
4
1
2
0
0
2
0
0
3
5
0
2
0
0
0
0
0
0
0
0
0
0
4
0
1
2
1
0
4
0
0
2
1
0
0
3
2
1
2
1
1
4
2
0
0
1
3
3
3
2
3
1
7
0
0
0
3
5
3
5
1
5
81
89
81
60
82
91
93
83
76
76
83
45
82
86
87
89
92
90
86
83
76
90
47
86
87
84
91
79
77
66
78
88
83
83
80
85
79
88
79
91
85
88
83
76
90
82
67
67
85
68
77
74
83
86
78
81
88
80
93
64
88
84
89
87
90
90
88
76
85
77
45
80
87
92
82
57
74
72
80
87
95
89
91
82
77
78
71
88
93
64
90
63
81
68
91
91
82
91
83
79
74
90
92
93
82
85
78
83
83
68
43
89
80
91
80
76
87
85
87
88
57
90
78
83
85
82
77
84
78
81
91
83
84
81
90
91
77
76
76
57
87
91
90
88
74
85
88
77
83
77
71
84
87
59
83
42
78
79
85
84
73
87
77
79
87
92
84
71
80
78
70
75
86
43
74
84
84
82
83
67
89
77
81
89
70
92
87
82
81
65
77
89
44
74
70
86
78
88
74
74
78
77
71
82
81
64
81
85
87
84
63
70
89
85
80
87
62
77
81
82
80
90
91
78
79
78
89
78
45
78
87
53
83
86
87
75
43
90
85
80
83
79
70
87
90
60
87
76
75
40
62
85
85
74
82
83
89
87
70
81
56
88
81
79
89
74
87
89
89
71
72
45
77
86
79
74
85
85
87
87
82
85
77
78
80
78
71
81
