13
0
8
8
8
10
8
10
4
8
12
10
6
8
4
13
12
10
2
10
4
4
8
4
10
12
12
8
6
6
8
8
10
2
8
4
8
10
15
8
12
6
8
23
8
12
12
0
6
10
10
6
6
10
8
18
8
14
6
10
8
4
10
8
8
11
6
10
12
16
8
10
14
10
10
10
6
10
9
13
10
16
14
6
6
4
6
19
10
6
10
18
4
8
17
12
31
10
12
10
10
12
4
2
12
2
11
6
12
4
10
6
8
6
8
10
6
8
12
8
11
12
12
8
12
19
14
12
10
6
6
8
13
12
12
10
14
6
10
2
12
8
12
12
4
11
6
8
13
14
6
9
12
12
11
6
18
12
10
6
10
15
8
13
13
15
15
19
10
16
17
10
8
14
10
12
14
4
10
6
4
8
10
12
11
10
8
10
12
13
6
8
17
21
8
14
8
4
6
10
16
19
10
0
4
10
44
14
19
12
8
4
8
8
10
16
6
8
6
6
6
10
12
12
6
16
4
8
8
4
10
10
8
10
4
2
6
2
12
12
8
4
0
4
10
8
6
10
10
6
2
17
12
2
10
8
6
6
13
8
6
2
19
10
10
10
10
8
6
4
2
0
2
4
8
10
8
6
6
4
10
10
8
6
4
8
6
4
7
25
3
3
4
31
2
7
2
2
3
5
5
5
39
10
3
5
3
3
58
5
7
3
3
5
3
5
3
5
3
3
7
3
4
3
3
5
2
17
3
3
5
6
2
3
5
5
3
5
3
3
8
3
2
3
34
6
16
3
3
3
3
5
2
3
3
9
2
5
4
3
2
4
3
39
4
3
2
3
5
7
3
5
3
5
56
3
2
0
2
4
4
5
5
3
3
7
5
4
5
5
5
3
5
8
3
3
5
4
3
24
3
2
32
5
3
8
3
5
34
41
41
2
3
3
3
7
8
3
3
3
4
17
3
53
3
5
7
22
22
5
2
5
3
4
4
7
43
3
3
2
4
31
3
4
3
21
5
5
7
2
5
5
17
2
3
38
13
44
27
20
40
1
2
5
3
4
9
8
5
3
6
6
5
22
3
3
37
8
3
10
3
21
50
46
7
8
26
32
7
2
6
2
4
39
32
5
7
34
2
5
4
5
2
14
3
3
5
42
4
3
43
8
3
18
4
5
3
10
4
39
8
16
5
4
6
29
9
3
5
5
7
34
5
14
7
6
5
3
5
2
2
6
5
16
46
7
3
47
12
5
6
3
6
8
3
8
3
4
7
5
7
7
3
10
5
3
46
5
45
5
3
6
7
3
8
3
3
4
2
5
4
3
7
0
3
5
5
0
2
3
3
2
1
2
3
5
3
3
2
7
7
9
3
8
2
3
5
6
5
5
3
0
3
2
3
4
3
3
2
6
3
4
3
2
3
1
2
2
4
2
4
5
3
0
3
2
2
2
4
2
5
71
3
2
3
2
5
3
23
2
0
4
4
4
2
2
5
2
5
2
3
3
4
3
9
2
2
3
0
3
8
2
3
4
1
7
6
2
0
5
5
2
5
2
3
5
3
3
2
2
6
4
8
3
3
5
3
3
2
4
6
2
2
2
1
0
2
9
4
0
3
4
3
5
8
3
3
4
3
2
1
3
3
3
3
3
3
7
5
2
2
3
5
2
3
3
5
4
9
3
9
0
5
3
3
7
9
4
3
3
3
7
2
9
2
5
3
0
3
1
3
3
3
3
7
2
5
4
2
3
1
2
4
2
3
5
3
0
5
3
1
5
0
3
3
2
5
4
3
5
2
3
2
5
3
4
2
4
7
0
2
1
5
5
2
9
3
3
2
2
4
3
3
1
7
4
1
4
2
5
3
3
3
5
3
3
7
2
3
2
2
7
2
2
4
2
2
5
4
3
3
2
3
6
5
2
7
2
3
5
3
4
5
2
3
5
2
3
5
5
2
5
3
1
14
17
8
3
17
27
3
14
8
13
3
13
13
6
3
5
17
5
13
13
6
7
12
9
12
20
6
6
10
9
17
11
14
7
11
7
16
9
21
19
14
16
13
12
6
17
13
31
22
32
9
11
31
41
32
19
16
9
59
16
9
13
9
11
18
13
5
21
15
14
11
15
9
5
8
28
15
9
14
7
12
19
15
18
11
6
30
7
17
22
14
9
24
5
20
11
15
6
11
7
18
22
20
28
18
24
18
21
17
14
15
11
21
31
22
20
27
32
21
26
22
25
20
11
39
36
35
21
29
25
33
31
18
30
57
44
12
10
29
34
38
18
11
31
18
39
26
23
33
17
32
18
9
11
7
7
9
7
9
10
9
10
11
12
13
10
7
11
5
14
10
8
5
10
6
8
13
10
12
11
9
9
11
11
9
12
9
11
8
9
11
8
12
9
7
16
5
12
11
12
8
7
10
9
10
15
14
12
9
10
12
12
10
6
9
13
7
13
13
7
9
14
11
10
8
12
7
9
6
10
10
9
7
6
5
5
9
7
7
6
9
9
5
7
5
11
7
10
10
7
13
5
7
9
11
7
8
6
6
4
5
7
6
5
4
8
6
8
8
7
7
10
12
7
7
7
10
8
9
7
9
6
5
11
7
10
11
7
32
2
19
11
43
36
19
65
42
54
11
19
33
17
7
12
17
27
16
38
40
30
13
18
16
11
32
40
31
25
26
11
26
20
34
41
19
20
23
44
28
23
28
35
17
51
21
27
14
10
31
12
31
40
36
27
23
12
16
27
33
45
12
14
14
33
28
23
33
53
18
46
36
38
28
20
41
11
16
22
4
37
57
27
35
22
26
49
24
44
19
19
53
12
43
30
47
35
21
21
26
25
30
23
27
15
38
39
29
33
30
16
65
47
35
38
29
36
29
61
43
20
27
29
28
38
36
27
32
37
29
36
13
36
31
26
23
23
29
25
9
48
13
7
2
42
35
27
20
32
22
24
27
36
20
19
20
25
15
24
32
17
34
24
24
15
27
31
27
31
21
15
7
23
14
21
27
19
20
25
31
16
13
35
18
10
26
23
23
34
35
26
27
45
14
36
27
14
23
16
18
31
5
30
16
43
14
22
13
33
30
32
31
21
12
25
46
39
25
31
31
45
59
14
51
42
17
16
13
20
19
27
29
14
11
17
22
25
35
33
29
15
29
18
34
31
28
44
22
16
30
35
17
17
29
36
7
18
7
24
20
37
12
44
40
34
42
25
38
32
22
17
33
23
14
25
29
25
41
29
36
49
41
36
15
12
64
29
4
0
0
4
4
2
0
8
8
12
2
4
10
2
0
0
6
8
4
6
6
8
10
4
8
4
22
8
6
10
4
16
10
2
6
43
8
6
10
10
14
10
4
6
6
8
8
14
10
14
8
10
8
6
10
8
12
14
12
8
6
14
24
8
8
8
10
6
8
10
8
8
12
10
4
10
18
38
24
12
16
12
4
10
12
20
20
20
14
18
22
18
18
8
8
26
20
10
8
10
16
18
20
26
14
14
14
28
12
16
20
10
10
32
8
20
8
10
22
14
8
24
8
8
8
8
10
8
12
6
30
16
22
26
22
51
8
12
6
18
8
8
20
10
37
20
18
24
6
18
18
4
6
26
18
22
10
27
26
10
10
10
36
20
26
18
12
16
12
24
12
22
8
16
20
12
22
24
6
8
30
12
28
26
22
20
12
24
22
10
14
32
12
10
6
12
28
8
22
8
20
6
20
10
30
30
22
18
24
10
16
24
20
20
8
28
10
12
22
12
12
8
14
32
14
28
20
10
10
12
16
26
6
20
18
16
12
26
33
28
16
8
14
20
26
34
8
26
26
18
10
18
10
8
26
16
22
30
28
18
30
18
28
18
32
10
24
20
8
24
16
10
18
8
6
14
12
8
45
14
20
12
22
6
30
16
14
20
2
1
2
2
0
2
2
2
0
0
3
2
2
0
0
2
0
2
2
2
2
3
0
1
0
3
3
0
2
0
1
0
0
2
3
0
3
11
2
2
2
2
2
2
1
2
0
0
2
2
0
2
0
0
2
0
0
0
3
2
0
0
3
0
0
2
0
0
0
0
0
0
2
0
0
0
2
0
0
2
3
2
2
0
3
0
2
2
2
3
2
2
3
0
2
2
5
3
3
0
0
0
0
0
0
0
0
1
0
0
0
2
2
0
2
2
2
0
2
0
0
0
2
2
0
2
0
2
0
2
0
0
2
0
0
1
0
0
3
2
21
2
2
0
0
0
0
2
0
0
2
0
2
2
2
3
2
0
2
0
2
0
0
0
2
3
2
2
0
0
3
0
0
0
2
0
0
3
2
2
3
5
2
0
0
1
21
0
0
0
2
2
2
0
0
0
0
1
2
0
2
3
0
0
0
0
2
0
0
0
2
0
0
0
0
3
3
0
0
3
2
0
0
2
3
2
0
3
0
1
2
0
3
2
23
0
2
0
0
3
2
2
0
3
0
0
2
0
2
1
0
0
1
0
0
0
3
3
0
2
2
0
0
2
2
2
0
2
2
0
0
0
0
0
0
0
3
2
2
0
2
2
2
2
3
0
1
2
25
11
13
21
17
15
13
13
12
21
29
17
4
54
2
6
37
19
10
15
15
27
29
17
6
17
8
39
44
10
19
21
28
24
29
17
10
30
14
27
44
13
0
4
15
44
15
15
19
41
19
42
42
53
8
17
37
13
38
10
11
13
10
12
32
25
12
17
21
14
39
13
21
6
20
14
48
17
8
12
19
30
42
27
10
11
10
8
25
34
9
15
15
6
25
21
33
15
8
8
13
14
14
12
23
19
15
37
17
19
30
29
31
10
46
33
26
35
58
27
17
40
33
23
27
25
12
39
8
10
17
12
6
21
21
10
8
19
10
12
21
25
15
35
10
7
10
8
25
10
23
6
6
13
15
4
6
8
21
13
0
14
10
10
14
15
9
8
6
23
31
10
10
23
8
14
29
19
6
11
13
10
27
6
6
33
6
44
6
12
8
10
34
6
38
37
10
8
10
10
10
8
6
10
52
27
30
4
19
6
8
19
25
8
8
10
15
28
27
10
17
6
12
12
20
19
29
17
29
24
8
19
19
6
21
33
13
21
8
22
13
19
9
12
15
14
27
15
31
10
23
27
30
26
6
19
19
25
21
14
12
14
27
13
8
21
14
25
8
12
15
8
39
21
29
10
22
6
17
10
6
8
10
15
10
23
8
10
9
6
6
6
6
6
4
6
8
2
6
4
8
6
6
6
8
6
4
13
13
4
7
4
4
4
4
6
4
6
10
4
4
2
2
7
4
8
4
10
6
8
4
6
15
2
6
4
4
8
8
6
11
6
6
4
10
4
8
6
4
2
4
6
6
2
8
4
6
6
6
8
6
14
6
4
6
4
2
4
6
2
8
9
10
6
6
4
2
10
4
10
4
8
2
5
4
6
9
10
0
2
6
0
6
6
13
7
0
3
12
9
8
2
9
4
8
10
12
6
12
4
4
10
4
4
6
2
6
12
6
0
10
3
4
8
7
2
4
6
4
4
8
6
5
4
6
7
4
9
12
4
6
8
6
2
2
10
8
4
0
6
6
6
2
4
4
10
8
4
2
6
5
4
5
2
6
6
6
4
2
4
7
4
9
6
10
9
0
10
8
4
10
8
8
6
8
4
8
4
4
7
12
8
4
11
7
6
6
4
6
2
2
8
8
8
11
12
0
2
10
6
11
4
9
10
2
4
6
4
5
4
4
6
6
2
8
8
6
6
2
6
8
8
13
4
4
8
6
4
4
2
4
7
8
6
4
8
8
2
11
4
5
11
10
9
3
4
4
2
2
4
2
6
3
5
7
2
2
4
4
6
7
4
9
4
0
4
22
33
34
20
37
54
18
17
9
28
24
24
35
29
20
34
34
40
5
17
46
30
16
33
27
0
18
15
17
30
47
20
23
28
35
36
23
26
28
18
13
30
28
20
15
21
34
54
23
30
30
24
46
9
30
40
31
41
21
22
17
31
5
32
33
53
18
9
34
33
18
24
22
28
19
15
34
11
16
18
27
26
23
28
39
2
35
19
31
39
24
15
26
20
17
29
11
31
21
23
41
46
37
24
17
34
24
39
5
39
23
21
16
30
23
22
19
29
29
26
49
29
27
38
28
40
31
15
29
27
27
26
34
64
50
11
43
21
21
36
27
38
31
36
18
27
0
59
18
31
17
26
33
24
53
18
33
17
38
35
18
46
30
18
39
29
25
34
32
29
48
26
19
25
34
50
16
26
26
24
20
26
33
21
18
44
27
5
23
30
35
54
20
53
21
42
19
45
33
23
25
41
19
28
32
65
22
26
30
26
30
23
18
22
47
38
31
27
20
22
71
23
40
11
31
34
27
54
21
0
27
28
28
44
41
29
30
28
50
46
13
21
30
29
21
28
19
12
18
12
14
38
21
12
40
50
8
30
22
27
15
30
34
11
29
0
43
35
20
15
15
23
14
29
20
24
21
13
59
43
17
28
17
34
29
40
22
28
