6
0
3
2
0
2
4
2
2
6
2
11
2
12
4
3
6
5
2
2
5
6
9
2
4
4
2
8
6
6
7
6
2
8
6
0
2
2
0
8
2
4
6
3
2
2
4
9
2
2
4
2
4
5
14
2
3
4
6
11
0
7
2
6
21
9
7
9
2
2
0
1
6
3
4
6
11
6
4
2
6
4
6
5
2
6
8
5
4
4
5
4
2
2
3
3
0
4
6
2
10
5
11
15
5
4
2
2
4
4
12
4
6
6
3
13
12
4
9
15
4
5
5
7
0
3
2
0
4
10
4
12
10
10
7
0
2
2
8
2
20
2
6
3
1
10
10
2
0
10
2
2
2
4
4
7
0
4
2
9
12
8
2
2
3
1
14
2
4
1
2
2
2
2
3
4
2
4
2
9
5
2
20
11
14
6
14
13
4
4
7
2
0
4
3
2
2
2
3
3
5
2
4
9
11
7
15
12
17
5
13
4
13
7
4
4
2
2
4
30
8
5
5
7
4
11
2
4
6
4
4
2
4
4
8
4
0
5
4
2
2
4
2
9
6
5
4
2
0
5
0
2
4
2
2
2
3
4
4
5
9
4
4
2
2
2
4
4
2
7
0
2
2
7
1
4
2
2
6
4
4
5
6
3
4
12
13
7
28
5
11
7
31
9
12
11
29
7
11
10
5
0
17
9
42
16
9
7
17
5
9
4
7
14
2
24
3
2
4
13
5
6
16
3
9
16
7
22
14
27
25
18
26
31
4
33
13
5
9
10
27
13
33
13
27
18
40
11
23
14
9
13
12
26
8
41
9
22
12
35
9
23
33
65
38
20
22
24
23
31
22
47
26
32
38
16
28
32
48
41
25
40
42
18
49
39
27
5
56
35
26
25
37
16
30
29
23
27
52
36
44
51
24
25
33
35
36
29
34
20
42
31
51
47
40
57
26
16
42
40
67
38
44
23
9
17
26
32
42
40
38
34
32
21
43
46
24
46
9
33
43
32
46
34
18
16
52
46
53
32
44
23
42
26
44
36
43
54
25
63
49
19
30
25
14
30
18
16
13
45
30
25
23
52
18
33
37
33
46
33
37
43
25
41
46
44
32
35
29
43
50
59
42
25
35
24
43
19
47
38
42
26
20
29
29
44
48
46
39
39
29
43
33
14
54
48
40
46
30
12
40
42
29
32
35
14
14
63
11
35
26
26
28
20
45
24
20
13
10
14
20
8
9
18
2
9
20
10
17
30
16
16
11
18
10
31
7
7
9
5
24
13
10
31
10
18
23
7
20
9
15
13
11
10
9
3
0
2
0
0
2
4
9
4
0
2
0
2
0
5
4
1
2
0
2
4
0
0
4
0
3
2
0
2
2
0
1
2
2
4
0
0
0
0
4
0
0
0
2
2
2
4
0
0
0
0
3
0
0
0
4
1
2
2
0
2
0
0
4
2
2
2
2
0
0
0
0
2
2
0
2
0
0
0
2
0
2
0
6
0
0
0
0
2
0
1
0
2
0
3
0
2
2
2
2
0
2
2
0
2
2
4
0
0
0
4
2
0
0
1
2
0
5
2
1
2
4
2
3
9
6
5
2
2
2
2
2
0
6
0
2
2
4
4
1
2
9
2
4
0
2
2
2
0
3
0
2
2
0
2
0
2
0
0
0
0
5
1
0
0
2
2
4
0
0
4
2
0
0
0
5
2
1
0
2
2
4
0
3
2
1
2
0
2
0
0
0
2
0
0
0
5
0
6
2
2
0
2
4
0
2
2
0
0
5
4
2
2
0
0
2
2
4
0
2
0
0
0
0
4
2
2
0
0
2
0
2
2
2
0
2
0
0
2
2
0
0
0
2
2
2
2
0
0
2
2
0
2
0
2
2
0
0
1
0
2
0
4
0
0
2
0
2
0
2
2
2
0
2
0
0
0
2
3
2
2
0
2
0
2
0
0
0
0
32
42
45
16
18
18
22
31
43
57
44
38
73
35
42
18
60
39
31
34
42
34
37
68
59
33
50
21
71
29
24
28
36
48
76
15
53
27
26
36
45
84
28
36
17
28
58
39
48
38
31
40
31
37
34
19
50
31
79
42
63
41
27
25
26
19
28
23
44
49
43
78
43
31
36
39
21
23
25
72
31
51
57
51
33
33
43
35
35
58
35
29
56
41
37
26
61
31
22
45
30
23
36
19
25
34
33
34
36
50
44
28
39
71
40
30
30
35
63
28
40
44
41
31
42
45
40
19
36
37
42
42
22
27
41
41
41
32
22
27
24
84
36
29
81
37
33
73
43
60
23
24
37
53
84
50
25
30
26
54
21
66
24
60
28
44
26
27
64
22
14
32
37
21
4
38
21
26
16
22
70
29
33
15
68
27
59
51
36
47
27
23
27
31
43
51
32
17
59
45
48
65
84
37
80
36
44
27
19
75
24
31
27
33
50
43
33
28
81
35
71
32
74
10
11
23
22
26
69
17
34
71
24
27
33
68
76
52
58
68
68
28
53
21
19
15
26
65
20
50
37
78
33
20
25
52
52
42
59
36
10
36
27
17
49
25
35
42
9
17
2
17
26
32
28
30
57
44
96
68
57
9
56
17
18
60
37
37
8
4
6
4
2
4
2
0
2
2
4
4
2
6
4
2
2
2
4
4
2
4
2
4
4
6
4
2
4
8
0
2
4
6
2
4
2
6
4
2
2
2
6
4
4
4
4
6
6
0
4
94
2
6
6
4
4
4
2
2
4
0
6
2
6
2
4
4
4
4
4
4
4
4
4
4
4
4
4
4
2
2
0
2
6
4
8
2
6
2
4
4
4
2
4
4
4
2
2
2
0
2
2
4
6
2
2
2
2
4
2
4
2
2
4
2
14
0
6
2
4
2
2
4
6
2
2
8
2
4
4
2
4
6
4
6
2
4
0
4
6
8
8
12
2
4
4
4
4
4
2
2
8
2
4
2
0
6
4
2
4
4
4
6
4
0
6
2
4
8
4
2
2
4
6
4
2
6
10
2
6
4
2
4
10
2
0
0
4
2
0
6
2
2
8
6
6
4
8
4
8
2
2
4
4
4
2
0
0
4
0
4
4
4
4
4
4
2
0
2
8
2
4
6
4
2
4
4
4
6
4
6
2
6
2
2
4
2
4
2
4
2
4
8
2
2
6
4
4
2
8
4
4
4
0
6
6
2
2
6
2
0
2
0
6
4
2
4
8
6
4
4
0
2
4
2
8
6
2
2
4
6
0
2
2
2
6
2
48
31
12
40
17
25
16
17
20
10
13
24
32
33
0
7
25
20
9
2
11
13
8
26
15
4
19
13
14
17
20
10
57
30
13
13
9
6
11
52
20
19
8
4
4
11
14
26
15
24
8
13
19
19
21
31
14
13
13
9
25
19
26
6
25
17
19
11
19
16
6
16
8
28
7
13
25
7
15
27
6
32
11
11
30
23
9
34
11
5
28
26
34
12
0
7
17
36
17
12
16
23
11
13
24
13
22
21
7
17
7
23
14
14
24
6
24
24
34
26
43
23
38
13
21
35
15
11
18
17
10
4
13
28
33
33
18
30
9
2
49
33
24
19
19
20
36
37
35
6
30
15
13
30
17
5
20
17
21
23
18
14
25
32
28
31
27
23
31
24
9
12
26
18
13
13
5
9
14
23
34
6
11
31
27
17
28
31
4
7
18
17
17
25
62
5
21
11
16
39
24
24
11
37
9
11
17
35
20
21
26
22
9
21
33
16
4
26
2
13
23
11
21
7
19
23
25
16
38
22
45
19
36
15
2
7
22
27
37
22
32
9
37
21
22
37
15
9
36
25
31
27
21
14
15
20
26
26
46
9
15
36
22
4
5
14
11
69
17
25
6
36
41
37
41
2
15
36
26
26
44
7
26
21
42
40
19
21
0
2
12
0
4
2
2
2
4
4
6
10
2
0
4
2
4
4
2
2
4
2
0
2
2
0
0
0
17
4
0
6
2
2
6
4
8
2
2
6
2
2
4
4
4
2
4
6
2
2
0
4
4
4
0
0
2
2
4
6
6
0
2
2
0
2
2
8
2
2
2
2
4
6
2
4
2
2
4
2
4
0
4
2
2
6
0
2
4
2
0
0
4
2
0
2
4
2
0
2
4
10
2
4
2
2
4
4
4
4
4
0
4
4
2
4
2
6
0
2
17
4
2
2
4
0
0
0
4
2
4
2
2
2
0
0
4
4
6
2
2
0
8
2
4
2
4
0
4
0
4
4
0
2
2
4
0
0
4
4
2
0
0
4
4
4
2
12
4
2
4
0
6
4
6
0
8
4
2
0
2
4
4
2
0
4
2
4
2
0
2
0
0
4
2
2
6
0
6
4
0
4
2
4
2
4
4
2
4
0
2
0
2
0
6
8
2
0
0
2
2
2
4
2
2
2
0
4
6
8
0
2
2
2
0
0
2
0
0
0
6
2
2
2
4
0
4
4
2
2
2
2
2
0
2
4
4
4
2
4
2
0
6
2
0
2
0
2
2
0
4
4
0
4
2
2
2
0
8
4
2
10
4
4
2
4
6
2
0
0
0
0
0
18
0
22
2
0
88
37
35
0
0
0
0
2
62
0
18
2
9
0
0
3
39
0
28
0
29
66
0
0
7
0
20
2
0
30
1
65
0
0
5
0
5
40
0
5
36
2
20
2
28
11
5
2
0
0
0
9
65
2
23
0
0
35
0
0
40
0
0
0
0
37
2
72
0
1
4
0
24
2
81
28
0
0
0
2
80
48
57
5
29
40
0
0
0
0
0
0
87
0
0
26
42
84
97
0
0
0
0
8
2
31
0
34
0
2
54
90
0
0
0
0
3
60
78
2
0
23
0
19
0
0
0
16
0
0
0
2
86
36
26
2
10
0
0
0
53
0
0
26
22
0
83
0
2
0
2
0
2
4
43
15
12
11
0
71
37
0
7
1
2
42
0
5
34
2
2
16
0
2
0
0
0
0
0
4
0
0
71
35
0
80
42
0
0
2
26
40
0
0
88
0
2
0
0
0
0
77
25
31
4
0
0
0
74
62
0
2
0
32
4
7
2
2
85
47
2
0
0
0
2
11
4
2
78
2
44
2
4
0
82
4
0
0
2
1
2
86
4
0
2
4
2
0
0
72
29
95
0
2
2
76
45
2
25
85
0
4
5
72
79
0
0
0
0
1
0
12
2
22
3
29
38
0
0
2
4
2
2
4
0
1
3
3
2
3
2
0
3
1
1
2
0
0
0
2
3
3
4
18
0
2
3
3
0
0
1
0
4
3
3
0
5
0
3
1
1
0
0
0
1
2
1
0
0
0
4
0
3
2
0
0
0
2
1
0
1
0
1
0
0
1
1
0
1
4
0
3
2
0
3
2
4
1
3
1
1
3
0
5
0
2
0
15
3
0
0
3
0
1
4
4
1
2
4
1
1
7
1
3
1
0
2
2
1
2
0
0
0
1
0
0
3
0
14
0
0
3
0
3
0
1
0
2
1
1
3
1
0
2
0
1
1
0
0
0
1
0
0
0
3
1
2
1
2
0
0
3
2
0
5
1
1
2
0
1
1
3
0
0
2
2
0
2
1
0
1
3
1
1
1
0
1
0
1
3
1
4
1
1
0
3
1
1
1
1
0
0
2
1
1
1
5
2
3
5
5
3
1
2
2
6
3
1
2
4
2
4
2
0
1
0
0
0
0
4
2
6
2
2
2
0
4
1
3
0
3
1
3
1
1
0
3
0
0
0
1
6
2
1
0
1
5
1
0
4
5
3
0
3
1
0
1
0
0
1
1
1
2
1
0
3
0
0
0
3
1
1
1
1
2
0
1
4
0
3
1
3
0
4
1
2
0
0
0
0
0
0
0
0
0
0
0
0
0
0
0
0
0
0
0
0
0
0
0
0
0
44
21
53
7
20
5
44
14
24
53
12
0
0
0
0
0
0
0
0
0
0
0
0
0
0
0
0
0
0
0
0
0
0
0
0
0
0
0
0
0
0
0
0
0
0
0
0
0
0
0
0
0
0
0
0
0
0
0
0
0
18
5
5
17
35
38
49
13
11
4
12
54
8
13
6
18
14
10
10
25
7
33
33
22
9
15
8
5
5
25
14
53
5
0
8
51
4
40
30
36
9
8
32
23
10
84
21
28
24
4
9
35
16
26
61
7
9
56
20
17
5
8
25
25
12
36
1
9
14
73
32
33
7
7
5
10
22
32
3
23
26
1
63
59
8
13
38
6
22
51
19
5
52
7
12
14
5
10
8
8
7
7
17
13
13
23
14
18
14
20
9
29
12
7
3
22
15
23
5
6
37
9
21
14
14
12
63
13
18
16
7
3
13
14
3
66
10
6
21
27
40
12
36
12
13
8
8
10
11
34
11
3
12
6
26
7
35
9
13
15
13
47
18
7
16
32
59
27
5
0
7
40
5
31
25
12
18
7
37
16
0
0
0
0
0
0
0
0
0
0
0
0
0
0
0
0
0
0
0
0
0
0
0
