6
4
4
8
6
4
4
8
6
4
6
4
8
8
6
6
8
8
4
6
4
4
8
6
6
6
6
6
8
10
10
8
8
6
6
6
8
8
8
6
8
6
4
4
6
6
4
6
6
6
4
6
8
8
8
8
8
4
6
10
6
8
4
10
8
8
4
6
6
8
4
10
8
6
6
8
8
8
6
8
8
6
10
4
4
10
4
6
6
4
6
6
6
4
6
6
6
6
8
4
6
6
6
6
6
6
6
6
4
4
8
4
10
6
4
8
4
4
8
4
4
8
4
6
4
6
10
6
6
8
4
4
6
8
8
6
6
4
8
4
6
8
4
4
6
6
8
8
4
10
6
6
10
8
6
8
6
6
6
8
8
6
6
4
8
6
6
12
6
8
8
4
6
6
6
6
6
8
6
8
6
6
6
6
6
6
6
6
8
8
6
6
6
10
6
10
8
8
4
4
8
10
8
4
4
6
8
8
6
4
6
6
8
8
6
6
10
6
8
6
8
6
8
6
6
8
8
6
8
8
8
6
6
6
7
6
6
6
5
8
4
8
6
6
6
8
6
8
8
4
4
7
6
4
6
6
6
8
6
8
8
6
4
8
6
6
6
4
8
6
8
6
4
6
8
8
4
6
8
8
4
6
4
6
6
6
4
6
0
0
0
0
0
0
0
0
0
4
4
0
0
0
2
2
0
0
0
0
0
0
4
0
4
0
2
2
2
0
0
4
0
0
0
2
0
4
0
0
0
2
4
0
4
0
0
4
0
2
2
6
6
0
4
8
0
9
17
8
4
0
2
2
0
0
6
2
4
8
0
0
9
2
4
6
0
2
0
2
0
6
0
0
2
2
4
2
0
11
77
0
4
0
0
0
2
8
2
0
4
0
0
2
8
0
0
2
0
0
0
7
0
10
6
2
0
2
0
0
0
0
0
2
2
0
0
0
6
0
0
2
2
2
0
4
4
0
0
2
2
2
0
0
2
0
0
0
2
0
0
4
0
11
2
2
12
0
4
4
0
2
2
6
0
0
2
0
2
4
0
0
2
2
2
8
2
0
0
0
0
2
2
10
0
0
0
0
0
0
2
0
0
2
2
0
0
0
8
4
6
4
0
0
2
4
6
4
4
0
2
0
2
6
4
6
0
4
4
12
0
2
4
2
8
6
4
8
0
0
2
2
0
0
4
2
0
8
0
2
0
0
0
8
19
0
2
0
4
10
2
6
9
2
0
0
4
8
0
0
2
0
4
4
0
12
0
0
0
0
0
9
0
2
0
2
10
0
2
0
4
0
0
0
0
10
2
0
2
4
0
1
4
2
4
4
2
2
0
4
0
4
4
0
0
6
4
0
2
0
2
6
2
0
2
14
2
0
10
4
5
2
4
0
4
2
7
12
0
11
14
13
19
17
6
12
2
2
5
3
16
9
12
2
7
4
7
8
2
4
6
2
4
0
7
7
10
9
1
10
0
4
6
4
2
4
0
4
0
4
4
4
2
2
2
4
3
6
7
0
2
4
0
2
2
2
4
1
4
2
0
4
2
2
4
4
4
9
22
2
20
23
0
2
19
2
2
30
7
4
2
20
0
2
23
4
0
19
0
22
4
0
25
27
4
2
20
2
4
22
2
24
18
2
19
22
4
2
0
5
0
5
2
0
10
4
20
20
2
2
24
0
0
23
4
2
22
2
21
2
4
22
1
4
25
2
16
17
0
0
21
0
0
11
0
5
11
13
0
7
22
4
0
27
32
0
2
19
3
2
4
10
2
2
16
2
0
0
17
0
0
20
4
15
21
2
19
24
2
5
4
10
0
1
0
2
22
21
2
4
8
2
4
15
0
2
25
4
3
26
2
22
2
4
8
9
10
6
16
20
2
0
0
15
24
0
0
25
2
21
0
24
3
28
2
26
6
7
7
31
12
12
29
4
2
25
0
29
3
5
4
4
4
2
21
2
11
7
5
5
5
13
11
25
7
5
13
2
17
7
17
3
3
5
3
7
9
11
3
13
5
9
11
5
9
11
11
3
7
13
9
9
7
9
15
5
2
3
9
5
7
9
11
3
7
2
5
9
13
5
9
9
9
3
11
5
11
2
13
9
11
11
11
7
11
21
7
15
25
2
2
9
3
5
3
11
5
7
11
7
7
7
13
3
3
7
2
11
9
7
5
15
13
9
9
7
17
7
25
19
5
7
17
11
17
23
2
3
13
21
19
21
11
5
21
17
19
17
17
11
11
7
7
21
11
11
3
9
37
15
23
11
17
7
7
31
25
15
7
11
17
15
5
9
15
9
21
11
17
7
19
17
9
13
9
11
9
13
19
3
19
3
15
21
29
7
11
9
9
11
9
27
29
11
3
5
13
19
2
3
5
15
15
7
21
17
7
5
11
9
17
15
17
11
13
19
7
21
9
13
13
17
9
19
17
11
11
7
23
23
19
9
5
9
9
13
13
13
9
13
7
15
13
13
17
19
5
2
13
3
7
7
7
11
15
9
15
5
7
9
11
5
7
7
11
11
9
9
2
11
7
3
3
2
7
9
7
9
9
3
5
3
9
7
5
9
7
15
19
13
9
9
9
7
15
2
9
11
15
7
15
11
13
7
20
31
26
31
32
30
17
39
9
20
15
28
26
28
32
15
39
37
15
15
9
17
26
19
9
13
22
45
13
37
34
48
22
30
17
37
28
33
33
26
26
15
15
34
17
47
28
43
7
28
26
11
21
20
26
19
30
13
17
35
34
11
6
13
21
15
13
19
11
22
48
15
21
11
26
24
26
26
9
19
35
20
19
39
7
39
13
15
17
39
32
9
36
21
24
28
13
24
26
21
32
19
32
24
37
21
32
37
26
24
24
15
37
24
15
39
19
35
26
43
24
22
28
17
55
30
20
30
15
22
15
26
15
28
43
13
30
15
34
33
62
24
24
22
20
30
43
35
37
48
26
22
13
30
26
15
58
26
17
19
24
89
35
40
26
16
31
37
29
7
46
31
53
51
64
35
49
50
33
51
24
33
33
18
51
38
31
38
51
48
46
76
33
40
46
35
44
13
37
40
24
29
44
13
41
40
11
18
13
31
40
26
24
13
48
57
48
41
50
11
35
42
13
24
44
29
40
26
44
46
24
20
61
22
27
11
31
24
22
55
28
11
15
62
42
37
30
32
48
53
50
33
35
28
37
48
46
52
11
35
42
24
22
20
13
39
37
15
17
37
18
22
13
13
9
29
33
31
51
29
31
18
20
46
24
37
11
29
4
4
4
6
2
2
6
8
0
6
6
0
0
6
2
14
4
14
6
14
2
14
4
6
4
6
18
4
18
0
18
2
4
6
2
6
0
4
2
2
2
2
4
6
4
2
4
4
4
4
6
8
0
4
4
6
6
2
4
8
4
4
2
6
2
8
6
4
4
6
4
4
12
6
2
4
4
2
8
6
4
4
2
2
2
6
2
2
4
6
6
2
0
4
4
2
2
6
4
4
8
6
20
4
6
4
2
6
6
4
4
6
0
2
6
6
4
4
2
2
4
4
2
4
4
20
4
6
4
2
4
2
6
2
2
4
0
10
6
2
4
4
2
6
2
4
0
10
4
4
12
2
2
2
2
6
10
2
6
4
2
2
2
2
6
0
4
6
8
8
4
10
4
6
4
4
2
2
2
2
2
12
4
6
21
2
4
6
8
6
4
8
2
4
4
4
6
2
0
2
8
4
4
4
4
2
6
0
6
8
16
2
8
0
6
2
0
6
2
6
8
6
8
14
2
2
2
2
4
12
6
2
4
14
2
18
6
8
2
6
4
4
6
18
2
14
2
4
4
6
2
2
2
18
2
14
0
19
2
20
4
10
6
6
2
10
14
2
2
0
2
21
2
4
2
12
6
12
2
18
2
2
0
22
2
4
4
2
4
3
4
4
11
4
6
2
0
10
6
4
6
2
2
4
8
17
4
4
2
4
8
6
6
4
0
10
2
10
8
2
4
2
4
12
6
2
2
3
8
6
13
2
8
10
4
6
6
8
4
2
4
12
8
6
13
8
4
2
4
6
6
6
8
6
2
2
2
12
4
8
2
2
2
4
2
8
4
4
4
2
2
6
5
12
6
2
8
8
2
4
6
4
4
2
8
8
12
6
4
8
12
2
2
2
6
17
12
10
4
0
6
8
8
4
10
4
6
8
10
4
4
4
2
8
4
4
4
2
10
2
12
10
8
2
2
2
2
0
6
8
2
6
2
6
6
2
4
2
8
2
10
4
2
2
10
4
6
4
4
4
4
2
8
4
4
2
2
12
6
2
2
14
10
2
4
6
4
10
10
4
6
2
2
4
23
8
10
4
4
4
2
4
10
4
4
4
8
2
4
2
2
2
8
10
8
4
2
4
4
0
2
6
15
12
10
8
2
4
12
8
6
2
6
4
8
4
8
4
10
4
0
2
4
4
6
15
2
2
4
4
6
4
4
8
2
8
4
6
6
12
4
4
8
6
2
2
6
8
8
4
2
2
2
8
6
4
6
4
4
8
6
6
4
10
6
8
4
6
4
8
8
2
6
2
2
12
0
1
3
0
0
0
0
3
3
1
0
4
5
4
0
0
2
3
4
1
1
0
2
2
2
4
2
2
0
0
4
0
2
4
3
2
3
4
11
3
6
7
0
4
1
0
2
4
0
1
1
0
2
0
11
2
3
2
3
4
2
0
0
3
2
0
3
1
2
3
13
0
2
2
2
1
0
0
0
3
0
0
2
3
0
0
3
2
0
1
1
4
0
1
2
3
1
3
2
0
3
0
0
0
0
2
0
3
4
5
4
1
2
3
1
0
7
1
2
0
6
2
0
1
2
3
0
3
0
3
2
0
2
3
0
3
1
0
0
0
17
0
2
0
3
9
4
4
3
0
0
2
2
0
1
2
0
0
1
0
2
2
2
0
6
2
0
3
2
3
1
5
4
4
7
0
0
1
3
1
1
0
3
4
3
3
5
1
2
4
1
1
1
0
2
4
2
0
0
1
6
6
7
1
13
0
0
2
0
4
3
1
5
9
3
2
7
2
2
2
0
0
2
2
2
0
4
3
4
0
0
2
2
0
4
0
4
0
0
0
0
0
0
2
0
0
1
17
1
0
4
0
0
5
0
2
17
9
2
2
1
1
4
3
4
2
0
3
2
2
2
0
2
3
2
1
2
3
11
0
2
0
9
2
3
4
2
1
15
11
30
26
1
4
1
8
6
3
1
14
3
3
3
3
3
1
5
5
3
1
1
4
3
0
1
0
1
6
3
1
3
1
2
1
3
4
4
3
3
3
3
3
1
0
6
16
0
9
3
15
16
16
1
16
3
2
15
21
3
1
3
13
1
2
16
1
3
2
10
13
12
8
8
14
2
3
16
1
2
2
0
7
6
6
2
12
25
13
4
13
3
12
0
3
4
17
0
15
10
16
13
13
16
13
5
10
11
7
15
2
13
16
19
13
1
1
16
6
15
2
16
2
12
11
20
2
24
3
10
4
2
2
3
13
14
2
20
0
14
22
18
20
10
3
0
10
15
11
5
5
2
9
3
13
14
14
16
0
5
13
13
9
10
11
1
4
4
6
1
3
3
3
6
5
11
10
4
9
5
8
3
15
1
4
2
11
14
13
5
7
8
3
12
3
11
9
4
3
24
22
19
10
13
6
12
2
1
13
1
15
15
15
18
15
3
6
3
15
3
11
20
5
2
18
14
12
10
8
13
11
11
2
10
15
5
13
16
29
5
6
6
19
1
4
2
1
16
1
8
2
6
13
2
7
18
12
1
1
6
10
2
17
9
9
1
16
19
11
18
1
2
18
0
7
5
10
2
2
2
4
9
6
13
17
13
1
2
0
0
2
0
6
4
4
2
4
0
2
4
4
2
2
4
2
0
0
2
0
0
0
2
2
2
0
10
6
4
2
2
4
0
2
4
2
0
2
4
0
8
0
0
0
2
0
0
0
0
2
2
6
0
0
2
2
0
0
0
4
2
2
0
2
0
2
4
0
4
2
0
0
2
8
2
4
2
0
4
2
0
4
2
6
0
0
0
2
2
2
4
0
2
2
2
2
2
2
4
0
0
0
2
6
0
0
6
0
2
0
0
2
0
4
2
4
2
0
2
2
8
0
4
2
0
4
2
2
2
4
0
4
8
0
2
4
2
2
2
2
4
0
0
2
2
2
2
2
4
0
4
2
2
4
0
4
2
2
0
0
2
4
2
2
4
0
2
6
4
2
0
2
0
4
6
0
2
4
0
6
2
2
2
4
0
0
0
2
4
27
2
0
4
0
0
4
0
2
0
6
2
2
2
0
2
2
0
0
4
0
2
2
4
2
4
2
0
14
0
0
2
0
0
2
0
0
0
0
0
2
0
2
6
2
4
0
4
0
2
2
2
0
2
0
0
2
2
15
2
12
2
2
0
0
2
2
0
4
14
2
0
0
0
4
2
0
4
4
0
0
4
0
0
2
0
0
2
2
0
0
2
0
0
2
0
2
