74
10
19
6
21
6
32
11
36
17
2
11
24
34
21
43
15
46
32
74
44
32
17
13
40
11
55
43
6
19
23
40
67
17
59
27
17
29
53
16
79
46
19
32
15
40
53
61
19
23
48
10
10
56
66
47
63
50
10
47
32
27
67
15
12
0
4
9
48
80
11
32
11
21
19
8
35
4
68
8
57
36
50
17
25
69
11
9
49
17
72
49
5
8
34
42
28
10
71
57
47
34
55
52
42
36
76
0
40
13
38
14
75
59
59
15
4
33
34
43
28
38
65
63
68
40
48
17
41
30
28
40
50
60
63
4
64
15
47
56
30
0
28
15
19
28
47
0
32
6
38
55
55
75
46
2
11
46
2
27
0
44
40
42
13
0
50
32
44
25
61
10
2
62
11
0
2
6
67
46
52
76
36
32
0
47
40
64
38
47
17
70
19
63
51
11
36
2
28
47
43
49
25
26
69
57
15
61
29
4
13
33
25
61
60
59
49
4
29
12
52
15
13
70
49
24
49
35
52
6
66
53
34
11
8
66
51
38
34
44
42
19
39
65
62
8
38
36
0
34
33
57
65
9
67
49
25
27
10
30
42
50
27
23
32
34
21
12
17
10
2
27
8
22
67
69
12
39
17
46
11
27
16
11
62
42
4
54
71
73
78
74
72
73
70
78
76
77
70
73
77
77
75
79
79
72
77
74
79
76
72
72
77
78
78
64
71
71
70
78
67
63
73
78
79
74
71
70
70
78
78
78
72
73
69
72
79
78
72
68
65
73
77
78
75
73
71
78
78
70
78
73
72
77
71
78
72
77
75
77
79
71
69
70
77
78
71
77
63
70
72
72
78
66
76
78
78
77
77
77
70
78
78
77
78
77
78
78
78
78
77
70
76
73
71
76
75
71
77
77
68
77
75
68
76
78
70
76
77
69
72
78
72
77
70
76
74
77
75
75
61
76
72
76
78
76
70
70
73
78
77
66
78
78
77
76
78
69
72
77
74
77
73
69
77
71
78
78
76
70
67
78
77
75
78
67
77
70
76
78
77
70
66
77
72
70
77
61
62
71
73
71
77
56
72
75
76
71
72
71
71
73
77
76
67
74
72
64
75
76
71
72
70
78
77
74
68
70
74
77
70
77
72
72
72
70
77
75
68
64
71
77
77
71
73
78
76
77
77
63
72
72
72
74
77
72
72
70
78
72
68
72
72
77
78
78
70
79
73
78
69
73
74
72
71
71
71
78
73
73
71
72
79
74
78
71
79
73
78
70
72
72
78
77
78
72
77
77
73
70
78
71
68
72
77
72
11
8
13
2
5
8
16
8
9
10
13
4
4
8
10
6
4
2
8
3
4
4
8
6
4
6
4
4
4
2
4
8
2
11
6
4
4
6
8
8
4
2
8
4
6
6
2
4
8
4
54
2
6
2
2
0
2
6
0
4
2
4
0
8
2
4
6
3
2
0
0
2
4
0
2
2
2
4
2
0
2
2
0
6
2
0
10
6
6
6
2
0
2
0
2
0
0
0
4
4
0
2
2
4
4
4
0
6
6
2
2
2
2
2
0
4
4
2
2
0
2
2
2
6
0
4
4
2
2
2
6
0
4
0
2
6
2
2
0
2
4
0
4
4
2
2
4
4
4
4
0
2
2
74
2
4
0
2
4
2
2
2
0
4
4
2
0
4
0
2
10
2
2
2
6
4
2
6
2
4
4
2
0
4
2
4
2
0
0
2
2
2
4
2
4
4
6
2
4
2
6
6
2
6
2
2
2
0
2
4
0
2
0
2
2
2
2
2
0
0
6
2
2
4
2
2
2
2
4
8
0
2
0
0
2
2
2
2
4
6
2
0
0
2
4
2
4
2
0
0
2
2
0
2
4
0
0
2
4
2
2
2
2
2
0
0
0
0
2
2
4
0
2
2
2
0
0
2
2
4
2
2
2
2
4
2
0
4
11
7
9
9
5
5
7
9
7
17
9
9
7
7
7
7
5
7
9
7
9
15
11
13
9
9
13
5
5
15
11
15
11
5
7
11
9
5
7
9
7
7
7
11
7
9
5
7
7
13
9
9
9
7
9
7
15
15
7
7
5
9
9
7
7
13
5
7
9
9
0
9
9
9
15
9
11
7
3
9
5
7
15
2
11
9
7
13
7
9
11
11
5
17
15
7
7
9
7
13
5
5
17
9
13
7
9
5
13
13
5
11
3
7
9
9
3
9
9
9
9
3
11
7
5
9
7
9
9
7
9
9
11
7
7
11
11
9
15
13
9
5
7
7
7
11
9
17
7
41
13
7
9
9
3
9
5
11
9
7
7
9
11
9
9
0
7
11
11
7
11
3
9
5
5
7
9
11
13
5
7
3
15
7
7
5
13
11
11
13
7
5
3
7
17
5
15
7
3
5
7
15
7
7
13
5
9
7
11
5
9
9
11
9
9
15
9
11
7
11
7
13
11
11
17
7
7
5
5
7
9
9
5
9
9
15
7
5
7
9
7
5
5
5
11
15
7
9
7
11
7
11
11
9
5
11
7
7
5
9
11
9
9
13
9
11
5
9
11
11
27
7
1
11
7
7
9
7
9
9
9
15
9
7
7
9
9
9
2
0
0
0
0
2
0
0
0
2
2
2
2
0
2
2
0
2
6
2
2
2
2
2
2
0
2
2
2
0
2
0
2
2
2
0
0
2
0
0
0
2
0
0
0
2
4
2
2
2
0
0
0
2
0
2
0
0
0
2
2
0
2
2
4
2
0
0
2
2
0
2
0
0
2
0
0
2
0
0
4
0
0
0
2
2
0
2
2
2
0
0
0
0
0
0
0
2
0
2
0
0
2
0
2
0
0
2
0
2
0
2
2
2
2
2
0
0
2
2
2
2
2
2
2
2
0
2
2
0
2
2
4
2
2
0
2
0
0
4
0
2
2
4
4
2
2
0
4
2
0
0
2
0
0
4
2
0
2
0
4
0
0
0
0
0
0
4
0
2
0
0
0
0
0
2
2
2
0
0
0
0
2
2
2
2
0
0
0
2
2
0
0
2
4
0
0
2
2
2
2
0
2
2
2
0
0
2
2
0
0
0
2
0
0
2
0
0
2
0
2
0
2
0
0
8
0
0
2
2
2
0
0
0
2
0
2
4
2
0
0
0
0
2
2
0
2
0
2
2
0
2
4
2
4
2
0
0
0
2
0
2
0
2
2
2
0
0
2
0
2
2
0
0
2
2
2
0
0
2
2
0
2
0
4
2
2
0
1
3
0
1
1
1
1
0
1
0
1
1
1
0
0
0
1
1
0
0
1
1
2
0
1
1
1
1
0
0
1
1
3
1
0
1
1
0
1
0
0
1
1
1
0
0
1
1
0
0
1
1
1
2
1
1
1
1
0
0
2
2
7
0
1
1
0
0
0
1
1
0
5
1
0
1
1
0
0
1
0
0
1
1
1
1
1
1
1
1
1
1
1
1
0
1
1
2
0
1
1
0
1
0
1
1
1
0
1
1
1
0
1
1
0
0
2
0
1
0
0
1
1
1
1
0
1
0
2
0
0
6
4
1
0
1
0
1
1
4
0
1
1
0
1
1
1
1
1
1
1
1
1
1
1
1
0
2
1
1
0
0
1
2
1
7
1
0
2
1
1
0
0
1
1
0
0
0
1
0
1
0
0
1
0
0
1
1
0
0
0
0
0
9
1
1
1
0
0
1
1
0
0
0
1
1
0
0
1
0
1
1
0
5
0
2
1
1
0
0
0
1
0
1
0
0
0
1
1
1
0
4
0
1
1
0
1
0
0
1
0
1
1
1
0
1
1
2
1
1
1
0
2
0
1
1
1
1
0
1
1
1
1
0
1
1
1
1
0
1
1
0
0
0
2
1
0
2
0
0
0
1
1
1
1
2
1
2
2
4
2
2
4
5
6
0
0
4
2
0
4
4
6
77
2
35
2
4
54
4
28
2
6
4
7
4
2
2
6
2
10
2
2
72
2
4
2
2
0
4
6
0
2
54
4
20
2
2
83
2
6
2
6
0
2
2
2
4
6
2
2
9
47
4
2
5
2
4
2
60
2
0
2
4
4
0
0
6
2
6
6
18
45
4
4
2
6
6
4
26
2
4
0
19
2
16
18
81
0
2
2
4
61
0
11
70
4
4
0
4
2
2
5
4
0
4
0
78
2
3
4
0
4
71
2
2
2
2
2
2
0
2
2
8
58
6
2
8
6
8
4
4
54
4
6
2
4
2
2
0
2
2
4
0
0
4
0
0
2
0
2
4
2
0
2
23
6
44
2
2
5
2
4
4
2
0
2
0
0
2
2
2
4
14
4
2
2
2
0
0
2
45
2
8
56
72
2
4
0
2
2
74
0
2
4
4
4
2
6
2
2
4
0
2
0
2
0
78
2
4
2
4
2
4
4
4
2
2
44
2
0
0
4
0
2
4
0
2
35
4
2
4
4
43
4
0
6
2
2
2
2
2
4
4
4
2
4
80
2
8
4
6
2
2
0
4
0
4
2
2
2
2
2
45
4
6
2
2
4
2
2
4
6
2
4
4
2
0
0
0
0
0
0
2
0
2
0
2
0
0
2
0
0
0
2
2
2
4
0
4
2
2
2
2
0
0
0
0
2
2
2
0
2
2
4
2
2
2
0
2
0
0
2
2
0
2
0
0
2
2
2
0
2
0
0
2
0
2
2
2
2
0
2
2
2
2
0
0
2
0
0
2
2
2
2
2
2
2
2
2
4
0
2
2
0
2
0
0
2
4
0
0
2
2
2
2
2
2
2
0
0
2
0
0
2
0
0
0
2
2
0
2
2
2
0
2
2
2
0
2
2
4
2
2
2
2
2
0
0
2
2
0
2
0
2
0
2
2
2
0
2
0
2
2
2
2
0
0
2
2
0
0
2
2
2
2
2
2
2
2
0
0
2
0
2
4
0
2
4
0
0
2
0
4
0
2
2
0
2
2
4
2
2
0
2
2
2
0
0
0
0
4
2
0
0
0
2
2
0
0
2
0
4
2
0
0
0
2
2
0
0
2
0
2
2
2
4
2
2
0
0
0
0
2
0
0
0
0
0
2
2
2
0
0
2
2
2
0
2
2
0
2
0
2
0
2
2
0
0
0
2
0
0
0
0
4
0
2
0
2
0
0
2
2
4
2
2
4
2
0
0
2
2
2
2
2
2
2
2
2
2
2
2
2
9
3
11
9
5
4
4
9
5
7
15
7
13
5
5
11
9
3
9
11
9
19
17
11
15
5
9
15
17
5
7
4
5
3
9
17
5
5
4
11
11
5
11
5
7
4
19
17
5
9
13
7
4
7
9
2
9
3
11
5
9
11
7
15
7
11
7
7
11
7
11
9
25
4
2
7
9
13
2
4
5
11
9
9
11
19
21
11
4
2
13
19
9
15
9
15
7
11
9
9
13
15
15
13
11
9
11
4
5
5
2
21
7
5
23
5
13
9
11
13
9
17
7
9
7
19
7
9
15
13
5
11
9
17
19
17
11
19
5
15
17
5
15
15
13
13
5
4
9
5
17
7
11
11
7
7
3
5
15
13
4
5
33
7
17
13
15
7
23
7
13
9
15
9
7
23
17
23
21
17
11
11
11
25
9
15
3
15
11
7
9
31
7
27
11
11
13
7
13
11
15
3
31
21
21
15
11
15
13
5
17
9
3
9
7
17
17
9
15
15
11
7
7
5
9
13
15
3
25
7
9
5
9
9
11
7
2
7
11
11
11
7
9
11
15
17
17
11
7
11
7
17
17
15
9
15
7
13
9
11
9
17
9
11
13
9
9
9
5
13
17
3
7
7
7
13
5
5
11
5
9
9
9
7
13
9
5
7
1
21
38
3
5
17
11
5
1
7
1
11
1
1
5
25
3
3
1
3
9
3
9
3
31
17
5
5
7
25
11
13
37
7
19
3
5
9
5
31
15
9
38
11
3
2
3
5
45
11
13
7
7
33
19
5
5
5
2
3
3
9
17
7
5
5
15
3
11
3
2
9
5
54
5
7
23
7
9
3
27
3
7
11
3
13
9
46
3
5
48
1
17
9
3
3
27
13
5
1
11
9
11
11
3
17
7
7
66
13
11
3
5
11
3
19
5
1
42
27
9
50
7
7
23
5
0
40
56
7
39
3
3
13
7
17
9
5
11
23
3
23
46
5
46
9
5
77
60
7
5
9
46
5
3
5
13
5
35
3
11
19
3
11
11
9
17
35
15
5
50
9
5
11
44
1
13
7
3
9
11
9
1
5
3
3
7
7
0
19
52
9
11
9
13
5
5
3
11
2
5
37
5
15
5
7
3
3
7
9
1
3
25
11
9
5
7
13
7
9
9
19
7
13
15
11
13
38
15
38
40
7
5
3
11
93
7
7
11
15
17
9
21
3
15
52
7
11
3
60
5
1
15
9
0
17
48
3
27
7
13
5
2
7
5
42
7
3
7
15
9
9
7
5
5
9
21
9
9
37
7
9
9
3
9
7
7
13
