0
1
2
2
0
2
2
5
2
0
2
0
0
0
2
2
2
2
2
2
0
5
2
4
0
0
0
2
0
0
0
4
2
2
0
0
2
0
2
0
0
2
0
0
2
0
2
2
0
0
2
2
0
0
4
0
0
0
0
0
0
2
0
0
1
2
4
0
2
2
0
2
2
0
0
2
0
4
0
1
2
2
4
2
0
2
0
0
4
0
0
0
1
2
2
7
0
2
2
4
2
4
4
2
0
2
0
3
0
0
1
4
2
7
5
0
4
2
2
0
2
0
0
4
0
2
0
2
0
2
3
0
2
2
0
2
2
2
9
4
2
3
1
2
2
2
0
0
2
2
4
2
2
5
2
2
2
0
5
2
0
0
2
2
5
0
2
0
2
0
2
0
0
1
2
2
11
0
0
3
0
0
2
2
6
2
0
0
0
0
2
0
2
0
0
2
4
2
0
2
0
0
0
2
2
2
2
2
1
0
0
0
0
5
5
0
2
0
0
0
5
1
2
0
0
0
0
1
0
0
0
2
2
2
2
0
0
0
0
0
0
0
1
0
2
2
0
2
2
0
2
0
2
9
0
4
2
5
0
2
4
2
3
2
0
4
2
0
2
1
4
2
2
5
2
4
2
2
2
7
10
3
5
0
0
2
2
2
19
63
21
20
19
17
19
2
1
4
4
14
19
21
49
11
89
21
20
51
21
4
2
2
5
17
18
16
14
15
19
19
3
4
2
15
22
9
19
22
16
67
17
0
1
1
2
44
50
17
15
20
18
21
20
58
35
21
22
17
10
54
16
12
23
8
41
2
31
4
48
51
49
18
23
17
19
51
36
21
0
44
18
22
19
52
59
64
18
10
59
54
10
2
55
57
8
54
22
15
10
61
38
16
1
0
20
10
16
58
16
18
24
16
3
21
39
41
23
12
19
42
61
54
16
56
4
4
0
7
29
4
55
19
18
15
15
19
16
8
6
49
24
10
14
14
13
49
14
21
2
16
50
7
4
17
17
53
18
55
19
20
21
2
15
2
22
16
55
16
21
10
15
20
4
4
19
3
25
3
17
59
15
52
5
40
43
36
2
43
13
43
6
75
55
19
22
56
4
6
31
4
5
7
35
49
62
18
50
8
50
4
39
28
5
38
3
23
15
18
19
20
4
17
29
4
6
16
26
21
59
20
12
14
4
6
41
5
2
17
16
64
20
51
20
2
35
2
52
4
50
17
4
21
19
10
19
18
19
48
25
3
15
21
6
52
56
9
56
15
2
4
2
1
2
4
9
60
57
12
17
16
4
1
16
16
5
2
2
6
6
2
2
2
4
2
0
0
0
2
0
4
4
2
4
4
0
4
2
4
4
2
0
2
4
4
0
4
2
0
0
0
0
0
2
6
2
0
2
6
0
2
6
0
4
2
0
0
2
4
2
0
0
0
4
0
2
6
2
2
2
4
2
2
6
4
6
4
2
2
0
2
2
2
2
2
2
0
2
0
0
4
2
0
0
0
2
0
2
0
0
0
0
2
2
0
2
4
4
2
0
2
0
2
0
4
2
2
0
2
0
2
2
0
2
4
4
0
4
4
6
2
2
2
2
0
0
2
0
2
2
0
4
2
0
4
4
4
2
4
2
2
0
2
4
2
0
2
2
8
0
2
0
2
0
0
2
2
0
4
2
2
0
0
4
0
2
6
0
0
2
0
2
2
2
0
0
0
0
2
2
2
0
2
2
2
4
0
0
0
2
2
2
0
0
4
2
2
0
2
4
4
0
0
4
0
4
0
8
4
2
0
0
0
0
0
4
2
0
0
2
2
4
4
0
0
2
2
4
2
0
2
0
0
0
0
0
0
4
0
0
2
6
2
0
0
2
0
0
2
4
2
6
0
4
2
0
0
2
0
4
2
2
2
0
4
6
0
0
0
0
2
0
0
0
2
0
0
2
0
2
2
0
2
0
2
3
3
0
1
3
1
2
0
0
0
2
0
4
9
3
0
2
0
0
1
3
0
2
2
2
1
7
2
0
5
11
0
1
1
1
0
1
1
3
0
0
0
3
3
2
3
3
3
9
3
1
0
0
0
1
5
1
0
0
0
1
1
3
1
0
1
0
5
1
3
2
0
0
0
0
0
0
0
3
5
1
2
1
0
1
2
0
1
5
3
0
3
3
3
1
3
1
0
1
5
3
3
1
0
0
3
4
1
1
5
5
0
1
1
3
2
0
1
0
5
1
0
3
5
0
5
0
0
1
3
3
1
1
3
1
3
4
0
3
1
0
3
1
3
3
1
3
1
1
0
3
4
0
3
0
1
4
3
1
0
3
3
4
3
0
1
1
1
0
5
6
1
1
1
0
1
0
0
1
0
7
3
3
3
5
1
0
1
1
6
1
2
0
1
1
3
1
5
2
3
0
1
11
1
1
0
3
3
1
2
3
1
0
5
3
1
1
0
1
1
2
0
1
1
1
1
0
5
2
1
3
1
0
1
1
0
0
1
3
3
3
1
3
0
1
3
3
1
3
0
1
1
3
1
0
2
1
1
5
5
2
5
1
4
11
0
0
3
1
2
5
1
1
1
3
1
1
1
5
5
5
0
0
1
1
3
0
0
2
2
4
2
0
2
2
2
2
2
2
4
2
2
0
4
2
4
2
0
2
0
0
2
2
2
2
2
2
4
2
2
2
0
0
2
2
0
2
2
4
2
4
2
4
2
4
2
2
2
2
4
4
2
2
0
2
2
2
6
2
2
4
2
2
2
2
0
2
2
2
2
0
2
2
4
2
4
2
2
4
2
2
2
0
4
8
4
2
2
0
6
0
2
2
2
2
2
2
4
2
2
4
2
4
2
2
4
2
0
0
0
0
2
0
4
0
0
2
2
4
2
2
4
2
0
0
2
2
2
4
2
2
0
2
2
12
4
6
0
2
4
2
2
0
2
4
4
4
4
2
0
6
0
2
2
0
2
2
2
2
0
2
2
2
2
2
2
2
4
2
0
2
2
0
0
2
2
4
0
2
6
2
2
2
4
0
2
0
2
2
0
75
2
2
2
2
0
2
0
0
2
2
0
6
2
2
2
2
2
0
2
2
2
0
2
2
2
2
0
2
2
0
8
2
0
0
2
2
4
2
2
0
2
2
0
0
0
0
0
2
2
2
10
2
2
2
4
2
0
6
2
0
2
4
2
2
4
4
2
2
2
2
0
4
2
0
2
0
2
2
0
4
4
4
4
2
2
2
6
2
2
4
0
0
0
4
0
20
19
6
20
22
0
34
15
7
10
23
8
2
23
21
19
6
2
27
20
29
28
20
17
0
10
18
41
26
32
21
17
3
0
21
25
0
5
9
15
25
6
20
22
8
0
18
5
20
25
24
17
3
25
22
24
2
8
18
24
25
8
19
0
8
5
7
4
35
27
18
0
2
22
18
6
25
20
18
12
26
0
5
3
21
18
3
16
23
19
18
20
29
3
23
9
20
3
20
0
7
24
20
17
22
21
20
18
26
20
16
0
6
22
23
26
6
22
23
0
33
0
16
0
7
0
14
20
5
25
17
3
20
23
14
15
9
6
31
25
4
3
20
18
0
18
21
0
25
13
20
16
2
23
20
3
25
4
18
5
0
3
8
16
21
25
19
2
0
19
16
2
26
22
3
30
26
0
0
24
22
0
0
20
23
18
15
24
0
34
19
0
5
24
22
0
26
30
14
10
24
20
1
33
27
0
0
11
17
0
4
20
21
23
21
17
3
0
17
21
18
9
2
18
1
31
23
16
20
9
7
15
30
23
25
17
31
19
23
1
0
4
20
0
8
3
23
0
23
13
4
7
0
20
9
23
32
21
31
25
6
18
0
27
30
0
0
9
26
15
21
23
19
23
0
5
18
23
11
24
10
31
24
20
26
33
23
0
24
31
27
1
33
20
5
19
27
23
34
3
29
33
16
23
38
25
24
23
17
4
22
0
28
11
15
18
45
51
38
17
21
21
37
48
40
48
0
24
15
27
20
30
38
55
23
31
58
38
12
23
2
19
13
30
43
26
36
22
18
4
10
46
2
38
47
32
21
4
49
33
20
6
18
18
5
25
18
33
5
23
47
34
32
18
14
15
22
38
34
30
3
37
15
26
1
32
30
13
15
35
38
4
35
37
19
38
37
26
14
3
15
4
61
18
4
32
19
5
33
56
32
2
22
34
51
39
19
17
5
35
43
27
4
14
32
38
33
33
20
34
24
44
46
24
15
2
18
29
6
30
25
2
35
20
41
29
18
16
47
3
28
37
17
39
17
40
23
34
29
38
31
40
23
39
33
35
23
3
30
45
39
22
17
41
33
3
39
37
32
38
25
40
22
4
21
19
9
33
35
26
51
27
42
31
25
3
32
20
10
44
22
15
2
34
38
8
19
19
65
51
35
37
42
37
26
35
50
48
2
18
31
25
23
37
17
45
45
17
36
1
19
24
3
37
16
0
36
26
26
16
28
56
30
16
6
31
29
59
37
28
16
2
31
31
33
2
19
22
3
39
41
2
39
16
2
23
19
27
21
20
34
19
40
7
42
24
5
5
2
5
6
5
6
9
3
4
5
3
0
8
16
11
16
4
0
2
0
4
4
6
2
0
3
4
3
13
7
9
4
0
6
2
3
5
4
8
0
0
2
12
2
0
0
6
14
7
5
13
5
2
16
9
3
7
2
6
8
10
8
5
12
6
9
0
6
10
2
7
8
17
12
4
0
0
4
2
1
4
9
8
12
5
10
0
2
4
5
15
9
8
4
2
18
4
10
5
2
11
9
2
2
15
2
4
4
2
2
0
2
7
16
7
5
17
0
8
7
6
4
8
2
5
10
8
2
6
13
11
13
14
6
6
8
8
10
4
4
2
8
2
0
4
2
2
2
13
0
8
12
20
0
2
4
4
2
2
17
2
3
8
0
0
5
2
2
5
2
4
4
0
7
2
6
20
6
2
2
12
5
6
4
0
6
6
11
4
4
8
8
9
6
9
0
10
2
2
7
8
9
10
6
9
21
10
11
8
11
2
6
6
8
8
2
0
0
5
8
10
4
2
4
4
4
6
6
3
4
6
7
9
7
10
4
4
9
11
4
7
4
6
4
10
6
4
6
9
5
8
4
6
4
11
2
2
4
2
6
11
9
2
14
9
10
3
5
9
2
0
4
4
2
23
4
6
11
11
7
2
4
4
8
0
6
8
15
30
21
28
43
15
21
28
24
47
4
10
8
19
9
19
14
13
24
15
6
13
8
13
6
15
17
23
10
44
6
19
9
17
40
38
23
30
28
19
23
29
36
13
22
19
22
45
10
72
15
25
32
47
23
22
19
23
27
28
6
29
16
22
22
32
12
33
19
19
33
17
24
33
37
21
17
28
18
30
25
21
33
51
41
30
30
21
17
34
32
36
19
22
34
23
17
15
21
34
29
11
28
23
30
23
15
25
27
44
19
34
44
34
17
29
39
49
23
43
23
25
54
98
33
25
53
43
42
17
24
18
2
39
58
23
49
25
52
27
33
36
27
29
16
28
40
44
57
20
24
33
24
48
25
25
15
21
24
15
30
20
13
47
11
26
19
17
17
29
32
22
11
24
47
16
31
9
28
30
33
17
28
8
19
26
23
35
19
21
25
25
19
45
31
47
23
21
22
34
15
19
32
15
16
17
36
23
19
11
36
6
47
21
32
34
13
11
48
15
11
36
67
41
27
36
24
13
28
6
23
19
26
15
36
9
46
51
34
27
23
24
39
13
24
30
24
26
16
24
25
26
19
35
21
46
43
27
25
17
15
9
17
21
22
33
27
24
7
8
28
17
41
6
18
26
11
20
0
20
10
0
32
8
25
26
31
9
0
6
7
6
7
0
0
0
0
1
0
9
1
0
12
7
9
8
0
0
0
0
1
2
0
3
15
23
10
4
0
0
3
1
13
26
0
0
0
5
0
0
20
11
16
11
0
0
0
0
0
0
0
14
14
0
0
0
0
0
0
0
0
6
1
22
15
0
0
0
0
0
0
0
0
0
6
0
10
17
8
10
9
0
0
0
3
0
1
0
6
2
0
16
18
12
0
0
0
0
0
2
0
6
4
0
11
8
21
11
11
4
0
0
0
1
2
0
0
7
11
10
11
10
0
0
0
0
0
7
2
2
2
0
8
8
9
10
9
0
0
7
0
2
0
21
11
0
0
2
8
0
16
16
15
13
0
0
0
5
0
0
7
20
16
0
0
0
0
0
0
0
3
2
0
0
11
10
0
0
0
2
0
0
0
1
2
6
1
19
13
12
11
1
0
0
0
0
26
9
13
15
0
1
0
0
0
3
8
0
0
19
19
16
0
0
0
0
0
2
0
17
13
19
18
11
0
0
0
0
0
0
4
0
2
11
17
12
14
0
12
2
0
0
2
0
12
17
11
13
1
0
0
1
1
2
1
4
4
0
22
54
1
2
0
0
3
0
0
0
1
23
16
11
11
11
3
1
0
1
0
0
2
0
3
0
0
3
