2
6
8
4
8
4
2
6
2
6
0
4
17
4
4
0
6
4
17
2
2
2
2
2
2
2
6
6
4
4
6
4
8
6
6
4
6
15
6
2
10
15
10
4
6
2
4
8
8
4
4
2
4
4
4
4
8
6
4
2
4
4
12
2
8
4
30
4
4
2
2
6
8
6
0
4
2
4
2
6
2
6
4
4
4
8
14
4
4
4
6
6
10
2
4
6
6
6
4
4
6
6
2
3
2
2
4
4
4
2
4
6
10
4
2
4
4
6
4
6
6
4
4
8
4
6
2
2
4
4
8
4
2
2
2
6
2
8
4
8
8
4
6
6
4
4
8
2
15
12
8
8
2
4
6
6
2
6
6
2
4
2
0
2
4
2
10
4
0
4
6
6
4
11
6
4
0
6
6
2
4
4
8
6
2
6
6
4
2
2
4
2
6
7
4
4
2
5
8
2
2
2
8
4
4
8
4
2
2
6
8
4
4
2
2
4
8
8
4
8
4
2
4
0
2
2
6
4
4
4
6
2
4
4
4
4
2
4
0
4
4
2
0
2
6
2
4
2
2
8
0
6
6
4
4
9
2
2
2
2
0
4
6
4
4
4
2
6
4
6
4
4
4
2
2
4
2
2
2
6
4
2
2
4
2
6
0
8
32
1
4
9
2
0
50
33
19
59
4
44
51
76
8
82
37
4
6
2
22
2
67
33
31
51
58
10
57
6
49
3
52
4
27
58
59
43
33
14
27
28
36
46
45
65
20
35
2
5
0
12
0
29
57
38
4
11
0
0
2
37
0
0
10
50
65
61
29
48
4
63
68
3
2
31
41
6
3
36
7
53
2
42
23
4
2
0
2
46
55
35
2
36
4
33
42
7
7
3
39
37
0
0
5
2
72
18
23
2
0
34
0
53
0
0
43
36
50
2
60
56
51
19
2
2
33
40
53
47
12
0
30
34
37
17
80
2
80
43
72
72
56
34
6
38
45
6
39
72
45
41
4
0
43
42
2
73
0
35
36
33
2
29
43
2
40
32
2
19
54
8
43
51
56
32
47
48
2
0
14
10
40
43
45
49
31
21
21
42
37
36
54
4
0
52
3
45
52
18
66
26
25
39
31
38
2
9
2
0
2
37
11
30
2
6
2
36
28
6
31
58
84
21
31
70
20
0
30
28
54
8
2
6
62
55
84
35
57
2
3
32
46
8
46
2
1
64
2
2
42
9
29
31
34
4
10
18
35
54
53
28
39
2
52
50
0
67
34
32
31
45
43
35
36
45
2
44
43
6
61
0
6
67
2
3
50
46
9
2
11
7
0
11
4
0
2
2
2
4
7
2
4
4
9
2
4
2
2
11
3
3
7
2
4
13
2
2
4
0
6
9
9
2
4
2
4
19
7
4
2
2
2
7
9
2
7
2
2
2
2
9
2
4
9
0
2
2
4
2
9
4
4
2
2
7
2
2
6
4
4
7
11
2
0
2
2
2
2
4
2
4
17
2
4
2
2
9
9
6
2
2
2
2
4
74
9
4
4
2
2
2
4
2
2
13
9
2
9
13
5
7
4
4
4
0
5
2
4
2
2
9
4
9
2
6
4
2
9
2
4
9
5
4
2
9
2
2
4
7
11
4
7
2
11
11
3
5
4
2
5
9
0
2
5
2
4
11
3
0
4
4
9
2
2
4
2
4
7
4
2
9
0
0
11
7
5
6
2
7
9
6
11
7
3
15
2
7
4
7
4
2
9
4
5
9
7
11
9
4
2
13
11
4
2
2
2
9
11
2
2
4
7
9
2
2
2
4
2
13
4
4
3
2
4
2
11
2
2
2
7
11
78
2
0
4
4
5
2
4
13
9
2
13
4
7
0
11
9
4
4
9
2
4
2
15
4
7
9
9
7
2
2
9
11
7
9
4
2
2
7
2
4
2
0
2
2
9
4
2
2
7
7
0
2
4
8
2
2
2
2
2
0
6
8
0
2
2
4
2
0
2
0
2
2
0
2
2
0
0
2
4
2
4
0
6
6
2
2
2
2
2
6
4
4
2
2
2
4
4
2
2
2
0
4
2
0
4
0
2
2
4
2
0
4
2
8
2
6
0
6
2
4
4
4
4
0
4
0
4
2
6
0
4
0
4
4
0
2
2
17
2
4
2
0
4
21
2
2
6
0
6
4
2
6
2
2
2
2
2
0
2
0
2
0
2
4
2
4
6
2
2
4
10
4
4
2
4
2
8
4
4
2
4
3
4
4
4
2
8
4
2
4
4
2
0
6
6
0
2
6
0
6
2
2
2
6
2
6
2
0
0
4
2
4
4
8
0
2
4
6
6
2
4
2
6
4
2
4
34
0
4
2
2
8
2
4
2
2
2
44
4
6
0
4
4
4
6
0
4
4
2
2
5
4
4
2
4
2
4
4
4
2
3
3
2
0
2
6
2
2
7
0
4
4
6
4
2
2
2
4
6
4
2
4
2
2
4
2
2
8
4
3
0
4
2
6
2
0
4
2
2
0
2
8
2
18
3
4
0
0
2
6
0
4
2
2
6
4
4
2
0
4
2
4
2
2
9
2
2
4
4
0
0
0
8
2
0
2
2
0
2
2
2
8
10
12
13
8
24
4
13
19
23
13
11
14
6
4
8
6
14
10
12
26
4
6
14
12
8
15
17
6
8
14
13
4
7
19
8
10
10
8
8
14
6
6
8
8
15
6
17
13
15
10
8
16
21
9
9
8
9
12
4
16
10
6
13
16
8
21
6
12
17
15
15
4
6
38
15
2
10
6
12
10
12
8
10
8
19
17
12
23
14
15
8
10
12
10
17
32
14
11
17
15
12
8
21
12
8
17
13
19
15
13
15
10
22
29
10
10
10
10
17
6
6
13
32
27
18
10
17
19
15
24
17
11
10
8
12
15
8
10
10
21
12
12
12
21
17
19
15
23
10
23
25
13
15
21
21
21
33
25
12
13
11
8
12
19
12
28
12
10
31
23
10
23
10
10
13
17
19
25
15
15
8
17
19
23
23
21
35
17
31
25
10
31
8
15
19
25
4
10
12
21
17
13
33
21
15
19
11
13
24
13
21
19
19
19
19
12
11
26
4
19
14
8
19
15
21
17
17
10
19
10
8
12
15
8
23
12
23
19
17
29
21
15
21
16
13
11
21
33
35
13
17
15
12
13
23
19
10
15
8
15
17
14
17
17
9
21
14
32
55
12
13
15
14
10
25
29
10
15
13
23
8
23
10
15
12
16
11
8
3
7
9
10
5
6
12
7
11
10
7
10
10
8
5
11
5
6
10
5
11
5
9
7
8
7
7
7
6
8
5
7
8
9
8
5
7
8
9
11
15
10
12
11
10
7
4
11
10
9
8
7
7
7
14
11
7
7
10
8
7
7
5
10
7
9
5
10
8
8
8
5
6
8
7
5
9
11
10
9
6
9
9
14
10
8
8
6
8
10
8
5
12
7
9
9
7
5
9
5
8
7
6
10
7
8
10
7
10
8
9
7
9
8
8
3
8
8
12
10
9
11
10
8
12
10
7
7
10
10
6
9
9
11
6
9
5
11
7
5
7
8
9
10
10
10
9
6
10
7
9
9
5
9
3
9
4
3
8
9
9
8
8
10
8
10
10
9
9
11
7
8
7
12
5
9
8
8
5
9
5
9
7
12
10
9
6
8
8
5
11
6
9
7
5
7
8
8
6
5
12
9
9
7
10
9
5
8
8
8
5
12
7
8
7
6
11
7
9
9
7
3
10
7
9
5
7
9
7
7
5
7
5
8
7
8
9
7
5
9
8
8
8
12
8
3
8
5
8
5
7
7
10
6
8
3
7
9
9
7
9
10
7
5
9
11
9
7
9
11
8
7
5
7
7
5
5
7
5
8
9
14
9
9
15
8
7
17
12
8
8
8
8
8
6
4
21
15
14
15
4
6
10
10
6
8
6
8
14
12
10
19
12
8
4
4
12
13
17
8
21
15
15
17
6
8
15
10
13
10
6
19
4
14
14
15
8
8
15
14
10
11
14
12
14
10
12
21
17
8
8
10
17
16
10
15
14
10
2
14
12
6
12
17
12
21
10
12
12
23
14
19
11
6
10
4
10
11
23
14
19
12
10
14
17
25
15
10
23
15
8
19
21
12
17
10
23
12
12
8
8
4
23
21
8
10
11
15
6
27
35
17
21
6
8
10
8
6
9
25
25
10
17
29
10
25
10
21
4
10
6
12
19
6
6
4
12
8
4
6
12
6
10
6
6
8
8
12
4
6
4
8
4
4
6
4
10
6
10
8
2
8
8
10
4
4
2
10
8
8
6
10
8
8
2
10
10
2
6
12
10
10
8
6
6
7
10
2
8
10
6
14
10
10
8
8
6
6
14
4
4
12
8
2
8
4
12
10
10
12
10
10
8
4
6
2
4
4
6
12
2
6
33
6
2
10
8
11
6
12
6
6
2
8
8
2
6
2
10
4
8
8
8
12
10
11
0
2
4
12
4
14
14
8
14
12
6
14
8
6
6
6
6
6
12
6
12
6
6
10
8
14
8
12
15
7
4
6
4
8
8
4
4
8
6
0
9
9
8
8
13
10
2
6
4
6
2
6
4
4
13
6
7
9
2
2
2
6
8
6
6
8
6
2
0
8
9
2
4
5
6
2
2
6
4
2
2
6
4
9
12
6
0
2
9
4
2
11
4
6
6
2
11
10
6
6
4
8
4
4
6
5
6
4
4
8
2
2
13
6
4
10
13
6
6
8
4
0
6
4
6
6
6
17
2
4
5
8
6
2
4
4
11
10
8
4
10
2
6
2
0
8
4
7
8
4
10
4
9
11
6
4
6
2
6
11
8
6
12
8
10
4
0
8
6
4
4
12
10
3
8
9
4
2
4
4
7
2
6
12
6
4
6
8
2
8
8
6
9
2
2
4
4
0
11
7
6
10
6
2
8
8
11
8
9
2
8
0
3
4
2
6
9
6
10
8
2
11
13
6
2
2
11
6
9
6
7
4
4
6
8
4
2
9
6
6
13
9
6
4
6
6
8
3
2
4
4
8
9
11
7
4
8
7
8
6
4
6
6
2
8
12
6
6
4
8
8
4
10
7
2
4
6
4
6
6
9
9
2
2
8
7
10
10
6
9
5
4
6
13
10
6
2
4
8
0
10
4
4
6
6
2
2
6
6
8
4
8
11
4
0
6
4
36
5
24
26
0
36
28
32
29
22
19
25
36
7
23
25
49
0
0
0
26
33
4
25
0
2
25
30
34
0
0
0
9
25
28
24
14
6
23
23
38
49
0
3
19
26
32
25
28
21
20
38
63
0
0
2
10
32
25
27
26
17
21
11
2
43
0
0
36
22
7
31
31
28
24
39
26
0
0
23
19
33
25
26
8
4
25
12
44
2
0
4
28
29
25
19
0
11
21
28
48
0
0
13
24
4
42
15
3
40
20
27
32
0
0
7
23
44
23
0
33
20
27
26
53
0
0
22
32
26
27
37
0
6
18
19
45
0
0
2
0
8
22
22
16
3
20
18
7
25
18
18
42
2
22
20
23
2
22
0
23
28
22
0
0
20
19
33
3
23
17
10
0
21
0
0
23
19
0
2
23
21
24
22
30
23
0
0
22
18
0
21
3
29
9
0
17
0
18
2
15
3
24
3
21
13
0
2
18
0
3
22
11
20
14
19
40
2
0
1
6
3
22
16
25
32
26
19
18
27
24
0
26
23
20
14
27
22
33
26
25
24
0
19
29
9
0
5
27
0
3
21
0
7
32
14
0
26
20
0
22
8
24
0
3
1
0
15
17
10
0
0
23
0
33
21
27
4
0
14
0
1
0
0
22
0
32
17
7
3
6
2
6
7
2
0
2
3
7
2
5
6
7
4
4
7
18
1
4
0
3
1
7
7
8
4
2
4
4
4
14
6
5
7
3
6
7
7
6
4
3
2
5
3
4
5
0
2
6
15
4
15
2
5
6
4
4
6
5
6
4
6
6
0
2
4
12
4
7
7
6
25
6
2
4
8
6
7
4
4
7
4
3
2
4
4
7
24
2
2
10
3
5
10
5
2
4
4
6
5
7
6
4
2
6
8
6
4
6
3
2
5
20
5
6
2
8
5
4
6
5
4
12
7
8
5
6
4
6
6
6
6
6
1
7
4
11
14
5
2
4
2
16
4
6
5
8
0
5
8
7
2
2
0
4
4
4
6
5
5
2
7
8
7
7
6
4
7
5
6
5
13
8
5
7
4
5
6
7
2
4
3
4
4
3
2
7
5
4
5
3
5
2
3
7
7
5
15
3
7
5
6
7
3
6
5
10
4
0
2
6
4
5
3
5
6
4
6
3
2
4
5
6
2
2
4
4
6
2
7
3
4
4
5
6
5
4
14
9
7
7
4
5
5
22
4
4
5
5
5
4
12
7
4
3
6
2
7
6
2
5
14
6
8
5
13
4
8
8
12
5
4
2
0
2
4
4
5
3
8
6
6
2
6
7
4
