81
76
53
21
37
41
47
46
23
64
85
53
74
81
50
59
80
69
67
39
47
36
70
84
74
41
84
80
69
53
68
26
56
44
73
23
54
41
44
26
47
32
26
49
48
75
49
48
82
66
34
58
64
18
68
66
86
53
16
68
58
85
33
65
74
74
20
67
78
66
74
79
77
67
65
62
57
55
82
61
52
70
59
71
74
74
40
68
28
32
71
35
26
29
38
67
54
19
24
40
26
28
41
45
34
80
41
65
56
35
24
65
66
35
79
75
28
76
82
59
59
37
55
71
78
33
25
57
35
34
58
64
39
56
77
44
33
33
66
63
47
74
66
69
82
55
65
43
34
39
36
37
63
56
29
75
69
40
45
63
57
76
71
50
55
26
51
50
58
31
49
60
61
62
50
59
54
49
24
40
46
48
62
47
25
61
28
27
74
69
27
62
76
35
62
67
70
38
44
68
60
77
59
59
59
56
74
17
40
52
58
77
25
55
36
54
55
69
74
32
76
80
12
52
60
50
66
48
62
63
31
74
54
89
65
78
52
86
78
82
84
61
44
77
74
35
37
28
67
79
31
52
28
42
36
39
29
40
42
76
35
71
60
35
34
52
37
26
49
42
64
53
62
21
18
88
62
49
41
64
64
78
83
84
65
42
20
61
34
35
39
33
38
35
32
38
37
37
37
34
33
38
35
39
38
32
39
34
38
37
31
35
39
37
40
38
39
35
39
39
37
34
39
40
38
38
40
37
39
39
33
37
39
37
39
35
39
37
36
34
35
35
36
38
37
39
33
35
37
33
37
40
39
38
34
37
39
37
38
39
38
37
38
33
37
39
33
37
37
35
39
36
38
38
38
37
33
37
36
39
38
31
34
36
37
34
38
37
32
38
35
36
38
36
31
34
35
36
37
37
33
35
38
36
38
35
34
38
38
39
32
34
32
39
34
38
33
33
32
33
36
37
30
38
33
37
36
35
33
39
34
35
35
28
38
31
34
31
32
36
37
39
36
38
36
33
35
38
37
32
33
35
37
38
32
32
38
37
34
37
36
32
36
37
38
35
33
36
40
35
35
37
38
37
37
38
36
33
33
38
39
38
32
35
32
33
36
35
34
34
39
32
31
34
37
34
32
34
33
35
37
33
38
37
36
38
39
31
35
37
38
36
36
31
31
34
35
39
36
34
35
39
35
35
39
34
36
35
34
35
39
35
34
35
34
36
36
34
33
38
33
40
37
36
37
38
38
35
36
31
35
35
37
33
39
39
37
40
39
33
34
37
37
35
34
38
34
34
35
35
37
39
38
33
38
37
8
8
12
6
4
10
4
8
14
4
18
10
10
10
8
8
10
6
8
10
8
6
4
4
14
6
6
10
10
6
8
0
12
6
2
10
10
6
4
6
8
14
10
8
6
12
12
12
6
10
10
6
8
6
6
4
12
6
6
8
10
6
2
12
8
8
6
6
2
14
8
8
12
4
6
12
12
4
10
10
10
8
8
10
6
8
12
4
8
6
8
10
12
8
6
6
10
14
10
2
12
8
10
4
2
8
12
6
14
8
10
16
2
14
18
4
8
6
4
10
12
10
8
16
10
14
12
8
12
10
8
12
6
6
10
12
20
6
8
14
14
10
10
10
10
12
12
18
8
4
2
10
6
10
4
12
4
12
22
14
12
16
6
6
12
16
14
12
6
8
8
20
12
4
6
8
14
2
12
10
8
16
8
4
6
14
10
14
10
6
8
10
6
14
8
10
6
18
22
6
8
14
8
10
10
8
4
6
10
6
8
6
10
10
8
8
10
6
14
6
12
6
6
8
8
4
8
4
2
8
12
37
8
8
12
8
12
10
4
6
8
6
6
6
8
6
8
6
6
12
2
4
4
6
10
4
0
2
2
4
4
8
4
4
2
0
4
2
2
2
6
4
2
6
0
2
6
0
4
2
4
6
4
2
0
2
0
2
70
74
94
72
48
78
76
9
78
52
41
84
80
78
82
62
38
70
48
84
70
84
82
92
56
70
70
68
60
80
56
46
84
54
80
68
60
68
92
60
60
52
82
68
82
52
82
78
68
88
68
56
86
60
54
80
78
46
80
82
82
98
66
54
46
84
78
61
58
54
68
78
66
64
74
62
54
84
72
74
60
80
60
70
74
68
68
76
80
64
69
54
66
60
54
88
62
60
52
80
82
64
92
68
58
70
68
72
67
90
62
66
88
66
42
60
55
68
68
44
68
86
50
74
63
72
56
68
76
78
64
88
62
64
88
84
62
94
78
80
46
62
66
80
88
60
68
98
62
72
74
55
84
66
68
94
70
0
0
0
0
0
0
0
0
0
0
0
0
0
0
0
0
0
0
0
0
0
0
0
0
2
0
0
0
0
0
0
0
0
0
0
0
0
0
0
0
0
0
0
0
0
0
0
0
0
0
0
0
0
0
0
0
0
0
0
0
0
0
0
0
0
0
0
0
0
0
0
0
0
0
0
0
0
0
0
0
0
0
0
0
0
0
0
0
0
0
0
0
0
0
0
0
0
0
0
0
0
0
0
0
0
0
0
0
0
0
0
0
0
0
0
0
0
0
0
0
0
0
0
0
0
0
0
0
0
0
0
6
4
4
6
9
5
4
6
4
6
8
2
5
6
6
8
2
4
4
6
0
7
7
6
4
6
4
4
6
4
4
4
2
17
6
2
2
6
4
8
2
2
6
8
7
4
6
6
6
4
4
2
2
6
6
4
4
6
2
8
2
10
4
6
2
8
6
4
4
6
6
4
5
4
6
2
2
6
6
4
4
6
6
6
9
6
10
11
8
6
10
11
4
10
4
2
6
2
2
9
8
8
2
6
23
4
4
6
4
13
2
6
4
2
4
8
7
6
10
4
9
6
4
8
6
11
4
4
2
6
4
33
10
8
2
6
11
10
2
6
2
8
2
6
4
2
8
2
4
6
6
11
4
11
6
4
6
8
10
4
11
10
10
2
4
10
8
9
9
6
6
15
11
4
4
2
6
4
4
6
5
2
8
7
6
8
10
8
4
8
8
6
3
4
8
4
9
4
7
13
4
8
2
11
4
6
2
15
12
4
10
4
4
6
4
7
6
8
8
7
6
10
10
10
7
4
2
4
5
8
4
2
6
9
8
2
21
2
4
11
2
4
2
6
21
4
6
8
8
2
4
4
7
6
8
7
2
6
6
4
4
8
6
6
8
4
11
2
6
6
8
8
6
0
2
8
11
6
4
9
6
4
2
2
5
4
6
6
21
51
36
46
21
33
50
54
45
25
42
17
22
2
11
44
17
31
41
28
24
22
18
36
11
41
33
22
22
27
15
40
33
49
29
85
28
40
22
49
39
39
29
39
37
77
40
58
61
24
31
18
9
51
72
43
56
53
72
74
76
42
33
50
43
34
65
90
26
71
74
90
35
73
58
49
48
69
56
75
38
53
78
62
80
78
36
34
64
19
22
73
45
91
60
69
74
67
14
30
16
66
60
65
92
24
69
71
78
35
25
29
36
23
51
18
64
11
25
75
57
65
51
45
32
35
31
54
65
64
39
82
30
67
35
45
38
63
68
46
53
58
24
88
77
16
23
47
69
54
39
63
79
61
81
58
66
27
20
48
49
49
58
57
39
42
58
39
68
33
65
49
45
58
17
61
39
64
54
61
49
48
51
29
52
67
56
49
56
24
28
52
40
61
54
66
33
53
27
49
51
45
62
58
68
53
41
56
64
44
47
50
62
57
46
60
70
58
48
44
43
59
30
60
51
28
53
2
55
35
13
42
64
33
56
33
11
9
34
39
62
23
64
34
18
45
37
55
39
21
64
52
56
17
25
42
30
19
26
56
48
60
60
32
46
30
29
16
36
12
35
49
42
44
30
38
77
56
51
37
54
49
61
67
54
0
59
82
16
15
18
14
20
14
14
14
14
16
16
14
18
18
18
18
18
12
16
14
16
18
20
16
14
16
14
16
16
18
16
16
16
18
16
14
18
20
14
16
18
18
18
16
14
14
16
16
15
18
14
18
14
18
18
16
14
18
16
14
16
18
18
16
16
16
16
12
14
12
18
16
16
14
18
14
16
14
16
16
19
16
16
16
16
16
18
14
18
12
12
16
14
16
18
16
16
14
14
16
14
14
18
18
16
14
18
12
16
16
16
12
14
14
18
18
14
16
16
18
14
16
16
14
16
18
16
14
14
18
14
16
16
16
18
18
18
16
18
14
16
14
16
16
16
17
16
16
16
16
12
16
16
16
16
18
14
18
18
18
16
18
16
18
16
16
16
16
14
14
16
14
16
14
14
14
16
14
18
16
18
14
14
14
14
16
18
16
16
16
18
14
16
16
16
14
16
14
16
20
14
16
16
18
16
16
16
16
12
20
18
16
14
18
16
16
16
14
16
16
18
16
14
16
20
14
14
14
14
14
16
16
16
16
18
16
14
14
18
16
14
16
18
14
18
16
14
16
16
16
18
16
14
16
16
12
16
14
14
14
16
14
14
18
14
14
14
16
18
16
16
14
16
20
16
18
16
16
16
16
16
14
16
18
14
16
18
16
0
5
10
9
0
11
7
9
9
0
6
2
4
7
0
1
6
8
13
6
6
9
3
6
18
4
0
0
10
4
11
7
0
4
0
14
9
5
6
0
11
18
0
8
15
17
7
0
5
3
6
0
12
5
6
9
0
9
4
6
5
0
8
0
3
16
11
12
14
0
3
7
4
9
15
7
20
7
23
0
0
11
3
7
6
7
0
0
14
0
14
0
26
11
14
0
5
0
21
11
12
15
15
19
13
17
7
7
4
0
11
7
0
1
13
29
7
12
6
1
6
4
6
0
10
8
4
8
17
10
5
0
6
5
8
8
10
8
17
8
3
12
6
5
0
6
0
7
12
21
0
21
1
14
1
3
6
0
8
9
0
7
14
18
11
0
10
7
0
0
16
5
12
0
16
18
13
5
0
6
6
0
10
11
0
10
13
12
10
10
1
6
6
0
11
13
12
20
0
3
22
13
12
0
11
1
13
0
2
0
12
9
11
8
0
4
0
4
0
0
0
1
13
24
13
10
8
0
7
0
0
18
12
17
20
11
10
18
7
2
0
6
4
0
0
4
6
1
0
14
1
0
9
0
16
10
10
17
11
21
16
16
12
6
7
17
10
7
20
3
7
3
34
16
11
11
3
6
18
19
0
30
33
24
16
13
14
0
7
1
9
19
9
15
13
2
3
5
4
1
2
13
9
9
9
0
7
11
9
3
5
11
1
2
0
1
4
4
11
1
11
3
1
4
7
9
3
4
9
1
9
9
17
0
4
9
0
15
2
1
9
2
17
4
4
4
2
7
17
11
2
11
4
5
7
9
11
19
4
7
15
2
4
11
7
2
2
5
2
3
2
13
2
2
2
9
2
11
7
9
5
1
4
4
13
9
9
2
2
6
2
2
6
13
6
2
6
2
2
13
13
2
2
17
4
2
4
11
6
11
2
11
13
2
2
4
3
9
15
4
5
19
11
3
2
5
2
4
7
9
1
2
13
11
9
0
11
2
2
19
9
3
8
4
4
9
15
1
5
5
1
15
4
4
9
3
11
11
5
1
13
2
2
11
4
11
13
3
5
5
13
5
4
5
11
9
3
3
2
2
11
17
5
5
4
6
11
1
3
9
2
5
11
13
9
4
4
11
3
4
9
2
3
11
11
15
11
5
11
5
7
11
2
11
2
7
5
13
7
4
13
5
11
2
4
5
13
41
2
4
11
1
13
3
9
4
9
7
13
13
7
4
1
17
11
11
1
13
3
15
4
3
4
5
2
9
2
11
2
3
4
13
13
5
1
1
7
2
7
1
5
3
1
1
11
13
31
0
0
0
0
0
0
10
0
0
30
20
29
63
0
0
0
0
38
30
22
16
30
22
24
0
0
0
0
0
0
15
10
0
41
29
18
0
0
0
0
0
21
39
22
39
34
31
59
0
0
0
0
0
14
25
18
29
37
29
43
2
0
0
0
0
24
30
23
33
29
14
31
0
0
0
0
0
32
28
24
27
21
23
42
0
0
0
0
0
0
32
35
40
26
25
85
0
0
0
0
0
2
27
30
24
38
0
11
0
0
0
0
0
47
33
0
38
39
32
28
0
4
0
0
0
3
17
18
2
37
29
30
41
0
0
0
0
20
12
43
27
33
21
37
0
0
0
0
0
0
14
25
39
0
3
21
0
0
0
0
0
0
29
33
33
0
13
24
85
0
0
0
0
12
35
24
27
32
25
0
0
0
0
0
0
0
23
25
27
29
28
26
44
0
0
0
0
3
24
17
26
27
16
0
0
0
0
0
2
37
29
33
30
29
14
15
48
0
0
0
0
28
9
27
14
30
14
0
25
0
0
0
0
3
25
25
27
14
19
11
31
21
26
2
24
25
2
28
0
17
0
0
25
12
11
18
28
33
23
12
20
22
15
20
17
15
11
13
19
23
2
27
28
0
45
25
19
32
13
9
22
41
22
43
30
31
61
