4
0
0
4
2
0
0
6
0
4
2
4
2
0
2
6
0
4
2
10
0
0
0
2
8
0
0
4
8
0
0
4
4
2
2
62
5
0
2
2
4
2
0
2
0
0
4
64
2
4
0
0
6
0
8
2
0
0
4
93
0
0
0
0
85
0
8
2
0
0
0
0
0
0
0
8
2
0
4
6
2
2
2
0
0
2
8
10
4
2
0
0
4
0
2
2
2
0
2
0
0
2
6
0
0
2
6
6
2
4
6
0
2
75
2
0
2
2
0
2
4
12
0
2
0
4
4
11
9
4
0
6
2
8
2
0
2
6
0
0
0
0
90
0
0
0
4
2
6
4
2
0
6
0
6
2
2
2
8
4
0
0
6
0
0
6
8
2
70
0
2
41
2
0
4
0
0
12
0
4
4
6
4
8
0
10
0
8
6
0
6
2
4
6
6
2
2
0
4
4
4
8
4
0
0
2
6
53
2
12
0
0
66
2
0
2
8
6
10
6
5
0
0
4
2
4
4
0
0
4
4
0
6
0
14
0
0
6
4
2
0
4
0
6
6
0
6
0
6
6
17
0
6
0
0
6
6
10
2
2
8
0
2
2
6
0
6
0
6
0
0
2
6
4
6
35
2
6
0
0
78
4
4
6
8
0
6
0
7
4
2
4
4
5
9
7
2
6
2
4
4
8
2
6
6
6
4
6
2
2
0
6
4
6
4
8
6
4
4
6
6
10
2
8
4
0
9
9
4
7
6
9
4
14
2
11
2
13
5
4
10
15
9
9
9
4
13
8
7
10
8
0
4
6
11
30
8
9
13
16
8
15
9
10
6
10
11
11
18
13
9
6
14
11
4
8
4
8
11
9
22
14
9
9
15
7
9
17
15
8
10
18
11
13
11
14
7
8
7
16
25
5
8
2
6
11
13
9
6
7
6
6
9
8
24
4
8
14
10
6
4
2
9
46
2
7
11
8
6
2
11
7
6
10
7
9
2
8
2
2
4
10
6
4
8
9
2
6
10
6
2
7
6
9
9
4
7
4
11
11
7
5
7
4
6
2
8
13
9
4
11
2
6
9
13
4
13
11
4
4
9
9
2
6
2
17
4
8
9
10
7
8
10
8
2
4
4
5
11
6
10
0
5
9
4
6
9
5
9
7
11
4
6
6
4
7
8
4
2
9
4
7
13
9
9
11
11
17
13
9
16
22
22
17
17
19
16
11
11
22
8
8
13
9
11
21
8
6
7
4
9
13
11
13
4
4
6
8
6
0
10
6
0
9
6
9
4
13
4
6
4
7
16
10
7
2
6
6
7
7
5
5
5
2
7
7
6
5
7
5
7
4
5
4
4
7
6
7
5
7
4
6
6
7
2
4
5
9
4
5
5
4
2
6
2
6
5
6
4
5
6
4
5
7
5
4
7
5
4
6
7
5
6
5
2
7
4
5
5
6
4
5
4
5
7
9
4
5
0
4
6
5
7
5
7
5
7
8
9
6
7
5
5
5
6
4
5
4
6
4
5
8
6
7
4
4
5
9
5
4
3
4
4
7
7
10
7
7
7
4
5
6
6
5
5
4
6
5
5
9
4
7
5
4
6
6
4
5
4
7
6
7
5
5
5
9
5
5
6
6
6
6
8
5
7
5
9
5
7
7
7
7
6
7
7
5
6
9
6
8
6
9
6
6
6
5
5
7
5
5
5
7
5
5
7
5
5
9
6
7
6
5
4
6
5
5
4
5
5
7
5
5
6
5
9
7
7
6
5
6
0
6
7
5
5
7
0
5
6
5
7
7
9
6
5
7
0
7
8
7
7
7
6
5
5
7
5
6
7
7
5
7
5
9
5
4
7
2
7
7
5
6
7
9
3
5
6
2
7
6
5
4
7
5
0
7
10
5
5
6
7
6
7
6
6
7
4
4
4
4
5
6
4
4
3
8
5
5
7
6
5
5
7
7
7
7
7
4
7
5
11
3
13
5
5
5
7
5
8
5
3
4
7
11
7
10
5
7
4
10
4
2
9
8
9
8
11
4
9
4
8
6
6
7
9
4
7
7
5
7
5
7
7
5
5
11
7
5
8
7
8
7
8
6
6
9
9
11
7
12
11
7
5
6
10
6
7
5
8
6
9
10
7
8
7
11
7
8
9
12
7
7
7
7
10
5
7
7
9
7
8
5
9
7
6
8
7
3
7
2
9
7
7
5
9
9
8
7
6
5
3
8
7
7
5
9
13
5
5
7
9
7
12
8
13
4
9
8
2
10
7
5
4
5
8
4
9
6
7
7
5
2
7
7
9
14
5
7
5
7
5
7
3
4
7
5
9
6
7
8
10
11
3
10
9
5
4
3
9
10
15
2
6
10
8
13
9
5
7
3
9
8
5
7
4
16
4
7
6
10
6
9
7
6
5
5
3
10
6
13
9
5
12
3
7
3
6
10
10
10
8
5
7
4
7
10
9
7
4
5
8
9
9
6
7
6
15
9
7
10
10
8
8
9
7
10
5
12
6
7
4
6
6
11
8
5
13
8
5
5
7
12
7
7
8
10
5
4
5
8
6
8
7
13
3
5
8
9
5
12
8
7
9
6
7
7
4
10
4
8
7
8
13
11
5
9
17
15
11
13
15
17
9
7
25
7
11
5
5
9
11
13
7
9
9
3
9
3
11
9
9
7
17
3
7
13
7
9
7
5
7
5
5
9
7
7
2
7
5
9
5
9
7
3
5
9
19
13
13
9
3
9
9
17
5
13
7
9
9
7
7
9
5
5
15
11
19
7
3
17
2
11
9
7
5
5
2
5
9
9
9
9
9
3
13
5
11
7
11
11
7
11
13
5
35
9
19
7
17
15
9
13
7
11
9
23
3
7
9
11
5
11
17
5
11
9
17
17
47
11
7
13
17
11
9
9
9
11
17
15
11
13
11
15
9
15
11
7
23
11
13
17
13
19
11
17
9
17
15
15
23
15
13
13
5
13
13
7
11
15
13
11
7
3
11
9
11
5
9
11
9
15
9
7
13
9
9
7
9
11
15
7
7
5
7
7
3
5
7
9
11
11
11
17
15
23
3
17
9
11
7
9
7
9
11
13
15
13
17
13
15
11
15
15
2
9
9
9
15
9
15
17
5
11
27
21
7
13
19
7
9
11
17
15
13
11
15
11
11
9
11
9
17
9
11
13
17
19
51
9
9
11
15
13
3
19
11
25
23
3
9
9
11
21
11
7
20
13
21
9
15
13
15
5
11
11
5
3
9
13
2
1
0
3
1
0
3
0
3
3
0
6
0
1
0
1
1
1
1
1
0
1
0
1
1
1
0
0
0
0
0
1
1
0
3
0
0
1
0
57
7
0
1
0
1
0
1
38
25
1
1
0
0
6
1
0
0
5
1
1
0
1
1
0
0
0
1
3
0
0
1
3
0
3
1
1
1
0
0
0
4
0
0
0
2
0
1
1
1
11
1
1
0
0
0
0
0
0
3
1
0
0
1
1
1
1
1
1
1
1
1
1
0
0
1
0
0
1
0
13
1
0
1
1
4
0
4
0
0
4
1
4
3
8
3
0
1
5
1
1
0
0
1
0
0
1
0
3
3
0
3
5
0
2
1
0
3
0
1
8
1
1
0
0
4
0
0
2
1
3
1
0
3
1
1
0
0
0
0
1
2
1
1
5
0
1
3
1
0
0
1
0
0
0
0
1
1
0
1
0
0
1
3
3
1
1
1
49
1
4
0
0
0
0
3
1
0
0
3
7
1
1
1
3
0
1
1
12
3
1
1
4
1
1
0
0
1
1
0
60
1
0
2
1
1
1
0
0
0
0
1
0
1
1
1
3
0
1
0
1
1
0
0
10
6
0
1
1
1
3
1
0
0
0
1
16
3
3
1
11
1
0
1
24
1
1
0
59
15
3
11
5
17
31
29
13
17
13
9
11
25
13
15
13
9
11
11
7
15
15
15
13
7
11
21
13
19
3
11
15
7
29
35
17
31
7
25
27
11
17
23
11
15
13
19
15
17
7
17
5
11
21
15
13
19
19
13
9
19
11
9
7
21
7
17
7
11
29
25
13
7
47
21
35
39
19
11
13
25
27
33
27
15
21
19
9
17
7
23
11
17
13
13
74
13
13
11
17
19
7
7
13
33
13
7
9
37
15
11
27
13
11
33
9
25
19
11
15
17
9
11
13
19
7
23
25
11
9
29
11
27
9
13
17
17
13
15
33
23
21
29
11
13
13
11
29
11
7
9
13
9
15
29
19
17
9
17
11
15
13
17
13
13
9
11
33
27
37
35
9
15
25
9
11
3
7
23
17
31
23
31
9
21
7
25
17
29
19
9
11
9
9
17
7
37
5
25
15
7
11
25
25
43
19
11
11
9
17
53
25
19
9
11
25
21
9
29
15
21
7
15
19
13
21
21
15
33
13
19
15
13
21
31
17
31
15
9
23
13
11
11
17
17
31
33
27
11
23
17
31
9
27
17
25
17
13
19
27
31
13
5
23
9
31
15
35
11
11
21
13
11
13
9
17
23
39
31
13
9
17
13
17
13
19
13
31
13
10
13
13
11
11
13
11
11
9
9
13
7
9
13
13
13
13
11
13
13
13
13
13
11
13
13
13
13
9
13
11
11
9
11
15
13
13
11
13
13
13
13
13
13
13
13
9
13
11
9
13
13
11
13
11
13
13
13
13
11
11
13
13
13
11
11
13
13
13
13
13
9
13
13
9
13
11
11
13
11
13
13
11
11
13
13
13
13
11
11
13
13
13
13
13
13
11
13
13
11
13
11
13
13
11
13
13
13
11
11
11
13
13
13
15
11
13
13
13
13
13
13
9
13
13
9
13
13
13
14
9
11
13
13
11
11
11
13
9
9
11
9
11
13
11
13
13
11
11
9
13
13
13
13
11
13
11
13
13
13
11
13
13
13
13
13
11
13
13
13
15
13
9
13
13
11
13
11
11
11
13
13
13
13
9
13
13
13
13
11
11
13
11
13
12
13
13
9
9
13
13
13
11
11
13
13
13
13
11
13
13
13
13
13
13
11
13
13
13
15
13
7
13
13
9
11
11
15
13
13
13
13
13
11
9
11
13
13
11
11
13
11
13
11
9
13
13
11
13
13
11
11
11
13
11
11
13
11
13
9
13
13
11
13
11
11
13
13
11
13
13
13
13
9
13
13
13
13
11
13
9
13
13
13
15
11
11
0
0
4
8
0
0
4
0
2
0
4
0
0
2
4
0
2
0
0
2
2
2
0
0
2
0
0
2
0
0
2
0
0
9
0
0
0
2
8
0
0
0
0
0
2
0
2
2
0
2
0
0
0
0
0
2
0
8
4
10
10
10
13
7
13
0
0
2
0
12
7
0
0
0
8
2
0
4
0
0
0
0
2
5
0
0
0
8
0
0
0
6
0
0
0
16
2
0
12
2
0
0
0
0
0
8
7
2
0
0
0
8
4
0
0
2
4
0
7
0
10
0
0
0
10
0
11
0
0
0
14
0
0
0
8
2
2
11
6
16
2
0
9
12
12
16
8
8
6
6
9
4
6
14
2
8
0
0
2
0
4
7
0
0
2
0
15
0
15
0
2
0
10
10
12
13
13
2
0
9
2
0
8
14
11
10
12
20
14
0
13
9
10
14
12
13
5
8
0
0
9
8
0
0
0
8
7
13
12
4
2
0
0
0
10
9
12
8
6
5
10
12
9
15
1
8
10
16
2
15
16
9
14
5
14
14
13
10
10
13
13
10
13
14
12
18
12
14
21
15
19
11
5
12
10
12
12
8
11
13
12
11
7
13
12
8
8
0
11
12
22
15
8
9
13
13
15
9
10
7
12
0
10
8
15
7
19
11
2
2
5
0
13
6
2
2
8
0
10
0
6
4
6
15
0
4
0
2
9
2
2
34
0
2
2
8
6
0
0
4
8
4
9
2
0
0
2
2
23
0
11
8
2
2
2
0
96
8
0
9
2
0
2
9
7
2
11
45
2
8
0
2
8
0
2
9
0
0
2
2
8
6
0
71
2
2
2
6
4
2
0
2
0
7
0
2
0
0
19
4
7
0
2
2
0
2
0
2
26
0
0
11
7
26
19
0
34
0
0
4
2
2
9
2
2
0
0
2
8
2
2
0
0
7
8
7
2
2
0
6
8
27
0
2
6
2
8
2
0
6
2
2
7
6
6
9
2
21
98
8
10
9
6
6
4
2
0
6
0
2
11
2
0
22
2
0
98
2
4
6
4
4
6
0
26
8
0
4
2
0
4
0
6
6
0
8
2
4
0
4
2
9
11
0
11
33
12
4
2
8
6
9
2
26
2
4
23
14
11
8
4
24
2
2
2
10
0
10
6
0
4
6
17
0
12
0
0
2
2
12
6
2
6
0
4
0
10
2
4
10
0
2
7
6
2
4
6
0
11
2
0
0
7
2
4
6
4
2
21
0
89
2
0
2
8
4
0
7
0
8
2
2
8
0
4
2
2
0
7
2
4
8
0
15
2
6
