10
32
2
5
4
4
6
7
26
5
8
59
10
12
44
11
9
35
5
6
6
35
6
7
30
5
6
7
5
6
27
6
10
4
4
8
8
5
9
37
7
7
69
4
7
22
11
4
27
7
9
19
12
7
30
5
6
15
7
6
6
27
5
5
12
5
8
48
6
4
33
27
9
9
64
4
9
8
6
8
18
3
5
8
28
7
5
45
7
6
68
2
44
5
4
43
60
2
9
32
4
7
31
9
11
10
31
3
7
5
7
11
32
5
6
23
31
8
30
5
6
41
7
66
9
10
11
27
9
7
33
7
10
59
8
4
19
11
4
36
12
5
34
11
12
7
9
5
6
7
7
2
7
7
9
64
5
7
5
2
5
5
11
17
6
7
7
7
47
7
7
6
9
5
5
38
7
6
36
4
4
22
5
9
6
9
13
34
11
7
47
8
10
35
8
12
13
11
13
9
11
4
11
41
13
16
8
10
11
11
10
7
11
31
5
11
31
7
4
9
27
6
74
4
10
23
9
8
49
6
7
53
14
9
39
9
7
48
5
2
25
6
14
13
10
9
12
8
10
9
4
44
6
9
8
8
5
4
25
2
10
2
8
11
6
8
9
5
5
9
8
5
2
9
10
8
26
7
7
35
16
13
6
26
7
6
33
11
10
4
4
6
8
6
4
6
4
6
12
4
6
6
6
2
8
6
6
2
4
4
4
6
2
4
8
6
6
8
6
6
4
6
4
4
4
6
6
4
4
6
4
4
6
4
4
4
8
4
6
8
4
6
2
2
8
6
2
6
8
4
6
4
6
6
4
6
6
4
4
6
4
8
4
6
6
2
2
4
4
6
2
8
6
8
6
6
4
6
6
8
6
4
6
8
4
6
4
2
6
4
6
4
6
4
4
4
8
8
6
6
6
10
6
4
2
6
10
6
4
10
2
4
6
4
4
8
2
4
6
2
4
6
6
6
4
6
4
6
8
6
6
6
4
2
6
2
6
6
6
6
6
4
6
4
10
6
6
8
6
10
4
6
6
4
4
6
8
6
8
6
6
6
4
2
6
4
4
2
6
6
8
6
6
4
4
4
6
6
6
6
6
6
6
4
6
6
6
2
4
6
8
14
4
6
0
6
4
2
6
8
6
4
6
6
2
2
6
2
4
6
4
8
6
6
6
6
6
4
6
2
6
8
8
8
8
6
4
6
6
10
6
6
4
6
4
6
6
8
6
6
8
4
4
2
4
8
4
6
4
8
6
4
6
6
6
4
6
6
4
2
4
6
6
4
6
8
6
10
4
4
4
6
8
6
4
6
32
38
36
38
33
35
38
35
38
39
38
32
38
36
36
40
38
34
39
30
37
37
37
33
34
39
39
38
35
32
33
36
37
39
38
31
38
38
37
36
38
37
39
38
35
38
36
34
38
38
38
37
34
39
36
39
40
37
39
39
39
39
38
38
32
39
39
39
37
37
39
34
38
31
36
38
36
39
33
33
40
38
35
38
39
37
39
35
34
34
33
37
37
38
32
39
38
39
37
37
31
37
35
34
38
36
31
38
35
37
38
38
34
39
32
37
37
39
32
37
38
37
39
37
32
38
38
38
32
38
34
39
39
38
36
35
33
39
33
32
39
38
39
37
39
38
37
37
31
38
39
38
38
34
38
40
38
38
38
36
38
38
39
35
37
38
36
38
38
33
38
37
27
37
37
37
38
31
38
35
38
31
40
38
34
39
38
32
35
34
35
32
37
37
38
35
34
38
39
38
39
32
32
37
30
29
31
34
34
37
38
39
38
34
38
39
37
33
38
30
28
28
30
31
29
22
21
19
21
12
23
20
23
21
21
21
24
19
24
21
20
16
17
20
22
23
21
22
23
23
15
22
22
12
20
23
21
23
18
21
21
21
20
21
20
15
19
21
19
16
18
16
23
16
20
20
24
17
24
20
19
22
21
22
19
23
21
20
8
18
0
11
6
6
5
5
4
15
0
5
5
7
4
15
11
8
5
6
6
8
6
6
10
11
0
0
2
8
0
9
5
10
0
15
11
4
0
9
6
7
2
0
9
6
0
4
8
0
9
6
4
0
4
0
6
0
11
10
8
0
8
0
8
4
7
0
2
0
6
9
10
0
6
4
8
0
9
0
4
9
4
0
0
8
2
4
0
4
7
0
0
9
8
0
0
6
6
0
0
7
9
0
0
6
8
7
6
8
4
0
0
9
9
0
0
11
13
0
0
0
0
0
9
0
4
0
4
0
4
0
2
0
9
0
0
13
9
0
0
0
0
0
0
0
0
0
0
2
4
0
0
0
5
0
7
6
13
2
11
4
9
0
6
9
0
16
15
8
4
4
9
8
0
0
0
0
0
0
0
0
8
0
0
0
0
0
0
0
2
8
0
2
0
9
0
4
4
7
7
8
0
8
11
9
4
7
9
11
0
10
0
0
0
15
0
6
0
11
0
8
0
12
0
10
0
7
8
7
0
9
0
4
6
7
13
0
0
17
10
0
11
15
9
0
9
9
0
0
19
11
0
0
8
13
0
0
9
5
6
0
6
2
6
0
18
9
4
8
5
11
0
0
4
6
0
0
12
4
0
0
4
5
0
0
6
15
14
0
3
0
5
3
5
2
2
2
4
8
3
1
2
2
1
2
3
4
2
2
1
4
2
0
0
8
2
1
2
2
3
2
5
2
2
2
5
1
2
2
3
4
5
2
3
6
4
1
2
1
8
3
5
3
2
2
3
2
2
7
3
2
1
2
3
3
0
3
0
3
2
3
3
0
2
27
2
3
5
2
2
3
17
2
4
0
1
2
3
2
3
3
4
5
2
2
0
1
3
2
3
2
1
1
3
2
2
3
1
1
1
1
2
3
0
3
2
1
4
2
3
3
3
27
3
16
2
3
1
1
2
4
1
2
1
2
2
1
5
1
1
2
2
1
3
1
2
2
2
3
3
3
4
2
2
3
0
3
6
2
1
3
3
2
1
3
2
0
1
7
3
3
2
3
3
1
2
3
4
3
3
3
2
0
0
2
0
3
5
5
3
2
3
2
1
4
1
27
1
2
1
1
2
2
1
2
2
3
3
2
7
5
2
5
3
3
3
3
3
2
2
2
3
2
1
4
5
3
2
5
3
3
2
3
2
0
2
4
3
4
3
1
1
4
5
2
2
3
4
8
2
3
0
5
5
1
6
3
1
2
5
2
5
3
4
2
3
5
3
2
1
3
2
1
4
2
2
1
3
2
2
2
2
2
1
3
27
2
25
44
0
50
34
20
3
0
0
0
49
25
43
17
24
0
0
37
31
0
0
0
5
25
28
26
22
0
5
29
31
0
0
5
0
60
1
0
0
31
17
45
0
0
0
0
18
6
44
46
23
0
15
47
53
0
0
2
8
47
15
39
12
35
50
0
41
2
0
1
47
0
34
28
3
36
42
6
36
0
0
0
22
44
37
31
22
20
24
33
55
0
0
0
35
0
0
0
31
19
37
16
0
0
0
2
1
45
9
22
38
51
27
3
18
21
0
9
53
22
28
32
38
0
38
30
0
0
0
0
0
44
0
38
0
52
23
31
0
0
0
16
41
46
0
51
0
43
0
5
43
0
0
47
33
0
58
30
0
51
24
33
0
0
0
20
30
48
48
3
15
0
31
41
0
0
0
0
44
42
0
0
25
52
36
0
27
0
0
18
10
26
2
27
55
36
57
28
0
0
0
19
0
53
45
0
49
58
38
2
7
2
0
0
32
34
33
38
31
22
38
33
41
27
32
20
29
49
0
29
0
42
0
0
0
0
33
48
3
48
26
55
0
5
35
0
31
25
35
40
53
47
2
0
0
3
11
54
27
31
37
0
0
24
41
25
2
61
51
37
20
21
0
0
0
54
28
29
3
39
50
47
24
0
0
0
0
9
0
0
8
4
2
2
6
4
6
4
0
2
0
4
0
0
49
0
0
4
2
4
0
2
4
4
4
0
4
2
2
6
0
0
0
0
2
4
2
8
0
2
0
0
2
6
6
2
10
2
4
2
2
2
6
4
2
2
6
2
4
0
2
2
54
0
4
0
2
0
2
4
0
2
0
2
0
0
6
0
0
6
0
4
0
8
0
2
2
2
0
0
0
10
2
6
0
0
2
2
2
0
10
4
4
2
2
0
6
0
0
8
0
2
2
2
0
6
0
0
0
8
6
4
2
4
0
0
6
2
0
2
2
2
6
2
4
2
2
0
2
0
0
0
4
8
0
0
33
0
0
4
4
6
84
2
2
6
4
0
0
2
6
0
0
2
2
6
6
5
2
6
0
2
6
4
4
0
0
8
6
2
0
0
0
2
0
2
0
12
6
0
0
6
97
0
2
4
4
0
0
4
4
2
0
6
0
4
0
2
0
2
6
6
0
0
10
0
2
4
0
0
2
2
6
0
0
0
6
6
4
2
0
0
8
0
2
2
4
2
14
4
8
2
4
6
0
6
0
0
2
0
2
6
2
0
6
2
0
6
0
0
2
0
2
0
0
10
0
0
6
6
4
0
2
2
6
0
0
2
6
0
6
8
0
4
18
12
20
18
16
16
28
12
20
16
18
18
20
10
14
14
20
24
22
14
14
20
16
24
16
14
22
18
24
12
18
12
18
16
14
10
24
8
22
14
20
18
26
10
20
26
18
18
32
24
28
28
18
24
18
20
24
10
22
10
14
32
10
14
14
12
8
22
30
14
30
14
18
12
30
22
6
24
32
20
24
24
16
30
16
16
16
34
12
12
16
12
10
28
28
18
18
14
32
22
12
16
34
14
26
10
24
18
28
14
24
24
18
28
24
12
26
12
8
22
28
10
20
16
16
18
16
22
16
14
24
20
24
14
20
8
26
24
16
22
22
10
12
18
16
20
32
18
14
16
16
12
18
12
14
16
14
20
20
16
20
36
12
10
28
12
16
12
14
32
20
20
18
16
26
16
24
16
16
14
18
12
29
16
6
16
16
24
24
40
22
18
34
14
22
12
16
14
20
24
10
16
6
16
10
18
8
24
12
10
16
16
24
20
18
20
18
22
20
12
24
20
14
14
16
16
12
14
14
6
10
20
28
26
16
2
12
20
18
20
18
18
20
18
16
24
18
20
8
14
14
20
38
18
10
20
12
22
18
16
6
8
10
20
16
18
22
16
20
14
14
18
22
28
22
26
20
12
18
12
10
14
16
16
16
14
18
16
25
30
7
13
9
13
18
13
13
23
17
23
26
15
17
15
13
15
13
11
17
7
15
34
7
21
17
19
11
15
25
21
19
15
7
28
13
13
34
34
30
13
21
26
24
9
45
17
26
9
15
40
26
38
17
34
25
15
25
40
17
15
13
34
26
51
13
26
26
13
42
36
25
39
23
35
23
47
11
21
28
11
32
24
15
11
40
23
22
40
11
13
38
21
25
49
13
21
40
55
36
19
21
19
11
48
19
24
49
42
40
17
11
53
19
90
19
25
23
11
21
15
9
19
38
7
15
32
9
13
17
19
11
17
13
7
25
26
9
30
13
19
23
11
13
5
23
19
9
28
13
5
11
11
19
13
19
11
5
25
34
11
21
21
17
19
21
23
17
11
11
9
25
15
17
21
20
40
44
24
34
28
63
46
31
40
39
28
49
24
26
34
61
42
90
43
19
57
62
23
19
59
24
33
13
21
19
15
55
49
32
36
30
17
42
17
16
32
15
13
47
32
21
44
34
21
32
42
44
38
25
11
36
15
55
15
42
42
28
30
21
22
23
19
51
24
53
49
19
51
21
21
20
11
30
30
49
34
24
30
23
28
36
26
19
15
53
13
13
26
25
32
30
40
51
45
31
30
15
26
24
45
9
34
17
26
24
9
0
2
0
0
4
2
3
0
0
0
3
0
0
2
4
0
0
0
11
0
0
0
0
2
2
0
3
2
2
4
4
0
0
2
0
5
0
3
0
2
0
0
0
2
0
0
3
2
2
4
2
2
2
0
2
4
0
7
2
5
5
2
0
4
2
2
7
4
2
0
2
3
0
0
2
0
0
2
2
2
2
2
0
0
0
0
0
0
0
0
0
2
2
3
4
0
2
2
2
2
0
0
0
0
0
2
5
0
2
1
4
2
4
9
2
0
2
3
0
2
2
0
0
0
4
0
0
7
3
2
2
0
0
3
4
3
2
0
0
4
0
3
2
0
0
0
0
0
5
2
2
0
0
1
3
2
0
0
3
2
2
0
2
4
2
4
2
2
2
0
0
4
0
0
0
2
0
5
2
0
2
0
0
0
0
2
0
0
2
2
0
3
2
0
0
0
0
4
0
2
0
2
0
2
0
0
4
2
2
9
5
0
0
0
0
3
0
2
2
0
0
0
2
0
0
2
0
0
0
0
2
2
0
4
0
2
2
0
0
0
2
0
0
0
0
2
0
3
0
0
2
0
3
2
2
0
0
0
2
0
0
3
0
0
0
0
2
3
2
0
0
2
2
0
0
0
4
2
4
0
0
5
0
0
0
0
0
0
