6
0
2
4
2
4
2
6
9
3
0
4
0
5
0
9
4
0
0
8
0
4
10
7
6
0
2
0
0
2
0
4
6
0
6
2
10
0
0
0
0
0
4
2
2
2
2
0
10
0
0
5
0
6
8
0
6
0
2
2
0
2
8
4
0
0
6
2
15
4
9
2
4
4
6
2
4
4
0
6
0
11
2
2
0
8
0
0
4
10
6
0
0
2
0
4
7
4
6
0
0
0
0
2
0
8
2
0
2
0
0
3
7
15
5
2
6
2
0
2
0
2
2
0
0
2
2
2
2
2
9
4
27
13
2
6
0
4
0
0
9
0
0
0
8
2
0
0
0
4
0
2
0
2
2
2
2
2
0
2
0
6
2
4
4
9
0
2
2
4
0
4
0
0
2
13
2
11
2
6
4
0
2
2
2
8
0
5
0
2
0
2
6
2
0
2
0
0
0
2
2
0
9
4
2
0
0
0
8
0
2
0
4
2
2
2
0
0
2
4
0
2
2
2
0
0
0
0
0
6
0
0
10
2
9
6
4
0
2
2
2
2
6
0
0
0
0
10
0
0
6
6
4
0
2
4
0
0
0
6
4
0
2
0
2
0
2
2
17
0
2
8
0
0
7
2
0
0
2
2
4
6
29
6
2
0
10
0
0
0
9
0
2
1
4
0
0
0
0
2
2
3
2
0
0
2
0
0
2
0
7
2
2
0
0
7
2
0
5
2
5
0
3
0
0
2
7
2
0
0
3
0
2
0
2
5
2
0
0
0
0
0
0
0
2
2
2
2
0
0
0
0
0
0
0
0
2
0
0
0
2
2
0
0
0
2
0
0
0
2
0
2
2
0
0
0
7
0
0
2
0
2
0
2
0
13
2
13
1
2
2
0
0
2
0
0
0
5
0
2
0
0
3
0
0
0
2
2
2
0
0
0
3
3
0
0
3
3
0
3
0
0
7
0
0
5
7
2
0
0
2
0
0
0
2
3
7
3
0
2
0
5
9
3
2
3
0
3
3
0
3
2
2
2
0
0
3
2
1
0
5
0
11
2
3
2
0
5
2
0
3
1
5
2
0
11
2
0
3
7
9
9
2
0
2
0
0
5
0
2
2
0
0
2
7
3
0
3
5
2
0
0
5
0
7
11
5
2
0
7
5
1
39
2
0
0
2
0
2
0
0
13
3
2
0
7
2
0
3
0
2
0
3
2
0
5
5
13
5
3
0
0
0
0
0
0
0
2
0
1
0
0
7
2
2
2
0
0
2
0
2
2
0
2
16
0
0
0
0
15
0
9
0
9
0
0
8
12
14
8
15
13
6
15
11
10
12
6
10
6
10
17
23
13
11
15
4
6
15
9
7
4
12
9
15
4
11
37
15
11
6
12
11
13
7
8
8
17
11
10
17
10
10
15
9
2
6
11
6
8
13
6
9
4
9
10
4
6
8
2
29
9
9
13
6
8
21
15
9
7
7
17
8
10
10
6
13
11
10
19
11
19
10
8
13
8
9
17
4
4
6
7
5
14
4
6
21
6
9
12
8
8
9
7
11
4
11
13
7
9
10
12
16
10
17
11
13
15
17
13
14
9
4
15
19
16
11
17
7
7
9
8
13
10
11
11
6
19
12
10
15
21
16
13
13
9
13
11
9
11
8
6
4
8
13
15
11
10
13
11
8
9
11
15
13
11
15
17
11
9
21
19
15
11
5
19
6
15
19
11
13
15
17
17
18
9
13
10
13
22
20
20
22
18
17
15
7
11
19
21
11
9
13
11
9
15
13
13
16
9
11
11
9
15
8
9
7
5
7
9
11
15
14
10
7
10
6
11
11
18
7
9
4
13
11
15
5
6
9
11
4
6
12
7
9
15
13
2
14
7
4
6
11
4
9
0
7
13
2
7
2
2
4
0
2
4
2
7
4
4
4
4
4
2
9
7
5
5
5
3
0
2
5
0
17
22
9
13
59
24
20
0
11
36
0
49
37
38
0
42
24
5
13
38
24
26
40
36
26
24
3
45
46
53
20
47
39
36
43
24
24
9
13
43
24
26
19
36
38
20
26
36
19
26
17
41
47
26
15
20
39
17
36
36
30
43
32
36
28
19
32
24
37
26
11
3
13
19
11
7
19
30
11
43
19
30
34
43
30
38
49
28
34
21
45
20
30
55
36
28
32
20
38
45
13
28
26
26
36
45
43
36
38
28
24
5
53
32
11
32
32
24
34
36
22
24
47
32
30
43
30
5
51
40
26
0
22
9
19
0
19
22
20
36
36
26
30
49
38
22
32
7
30
26
41
22
28
5
32
39
55
26
43
34
32
15
9
32
34
34
30
43
17
36
21
30
41
19
36
17
38
34
34
41
28
45
41
36
51
22
0
32
53
34
30
22
1
57
54
58
7
0
38
22
28
5
47
32
28
32
30
39
20
23
11
24
20
32
41
24
40
15
39
30
28
38
22
39
34
41
53
47
57
38
41
15
19
42
36
20
26
24
53
9
9
15
57
70
36
53
36
38
11
36
17
17
32
24
28
36
38
41
13
24
21
26
26
17
34
68
66
22
21
30
32
40
28
51
51
61
19
32
15
28
41
11
24
15
28
12
36
30
4
20
14
12
15
12
11
20
19
12
19
8
12
12
12
12
19
14
12
12
15
13
17
18
16
19
10
14
14
8
18
25
22
20
14
21
19
14
18
15
20
10
8
16
19
10
14
14
20
10
16
18
18
17
12
6
12
17
18
15
17
12
10
18
12
21
14
14
28
16
12
18
12
14
18
18
10
22
20
17
8
18
12
6
10
27
14
21
14
4
16
10
12
17
15
14
17
8
12
21
16
15
20
12
12
14
8
8
12
18
16
16
17
19
10
10
20
17
17
19
18
16
12
12
14
12
16
10
16
20
12
12
6
10
23
14
12
10
19
8
14
15
8
16
14
12
19
12
14
18
10
16
15
12
10
16
17
16
12
16
17
12
19
13
18
22
27
12
10
14
19
17
10
20
11
19
17
18
6
10
12
23
17
24
18
10
16
12
16
18
21
18
14
12
2
12
18
18
20
14
12
16
18
17
14
8
14
17
18
12
19
6
16
12
10
18
19
10
14
15
14
8
14
21
14
17
12
16
15
16
10
14
16
10
16
14
20
10
12
14
10
8
14
16
10
8
19
8
16
12
15
14
15
8
13
16
21
16
19
4
20
14
14
18
14
14
14
0
10
20
14
8
12
12
4
12
8
12
12
14
10
15
18
8
12
12
16
10
2
4
4
6
4
4
4
4
2
4
5
2
4
2
6
2
6
4
4
4
4
0
2
6
2
2
2
0
4
4
2
2
4
2
6
6
4
4
4
6
6
2
6
0
4
2
4
4
2
4
4
2
4
6
8
2
4
2
4
2
4
4
6
6
4
6
4
6
4
6
6
4
2
2
4
4
2
6
2
4
4
2
4
6
2
4
4
4
6
6
2
7
6
4
6
4
4
2
4
6
6
2
4
2
4
4
6
6
7
6
4
4
8
0
4
2
6
2
2
4
2
2
6
6
4
4
2
2
2
4
6
4
6
0
4
4
2
6
4
6
6
2
2
4
4
4
4
2
4
4
6
2
6
2
4
4
2
4
4
2
2
4
2
0
2
6
2
2
4
6
4
2
2
6
4
4
4
6
4
4
4
4
2
4
2
4
4
2
4
4
2
0
2
2
4
6
2
4
4
2
2
2
2
2
2
4
4
2
2
0
4
4
6
2
2
2
2
2
2
4
6
2
4
4
4
2
4
6
4
2
6
2
2
2
2
4
4
4
2
2
2
0
4
4
2
2
2
4
2
6
4
6
2
4
2
6
2
4
2
2
2
0
2
2
4
2
2
2
4
4
0
4
6
0
4
0
4
4
4
2
2
2
4
2
2
4
0
4
1
3
5
13
1
5
14
3
3
3
9
9
5
3
0
7
7
5
0
3
5
11
13
7
7
13
1
0
5
9
7
7
5
5
3
1
7
9
3
5
9
3
5
3
0
5
9
13
13
13
5
1
1
7
9
7
3
5
5
1
9
1
3
5
0
1
7
7
3
5
7
5
1
1
3
1
11
7
9
1
1
9
9
0
5
0
1
3
1
11
1
5
11
1
1
11
7
7
11
7
1
1
0
1
0
9
7
3
1
7
5
7
13
7
3
0
3
0
5
5
5
3
9
1
0
3
13
9
7
9
11
5
13
3
7
9
7
5
3
1
9
3
1
9
13
3
7
14
3
5
5
3
5
11
9
1
3
13
7
1
0
5
5
13
11
9
5
0
1
3
3
1
7
5
5
5
1
5
1
11
13
5
9
1
5
0
3
13
5
3
1
3
3
7
1
0
3
1
3
5
1
1
9
9
7
3
1
9
5
3
1
3
1
11
7
7
5
3
1
1
5
7
1
0
7
3
3
5
3
3
3
11
5
3
11
0
5
13
5
9
1
9
1
3
1
5
1
5
3
5
7
7
3
3
5
9
5
1
1
7
9
9
3
11
7
9
7
7
3
1
1
1
9
7
9
0
3
1
3
3
9
1
3
1
9
9
3
3
21
9
5
25
5
11
13
5
15
5
19
5
21
9
15
13
11
5
5
26
7
15
3
10
7
9
15
19
7
25
19
5
13
9
22
5
23
17
13
15
9
5
9
11
17
15
20
7
3
11
9
11
9
5
13
5
9
15
7
20
3
7
15
15
7
20
17
11
7
9
32
13
15
18
15
20
11
19
11
15
15
9
9
27
17
17
7
9
9
13
11
13
11
10
5
15
13
13
11
17
11
11
16
9
12
11
15
11
15
17
15
15
17
15
17
11
17
15
15
28
23
12
21
23
17
13
15
20
9
13
15
19
13
20
9
13
13
20
23
16
22
15
19
19
15
17
13
26
10
19
30
11
13
32
15
21
22
24
36
15
21
25
12
11
9
17
11
17
11
31
18
32
41
34
32
19
31
23
31
36
24
29
14
13
20
13
9
17
11
13
13
17
20
15
19
9
12
19
9
7
13
11
19
11
13
9
13
14
28
9
16
14
10
13
19
14
17
21
13
15
9
11
9
13
9
12
13
17
22
13
17
9
15
15
23
13
7
20
22
7
5
16
11
3
5
11
18
19
22
22
15
20
15
18
15
18
9
21
18
15
11
24
19
7
21
11
13
23
7
7
9
26
17
15
11
19
12
15
15
7
13
11
13
22
21
11
5
9
10
8
4
7
9
7
5
6
0
2
8
4
2
0
0
4
12
6
13
4
8
2
4
8
9
2
4
12
9
13
10
12
13
2
4
8
2
11
13
4
2
4
4
4
2
4
4
12
8
12
2
12
8
10
19
6
4
2
4
4
7
6
4
8
4
4
6
2
0
2
2
4
6
7
6
2
6
24
9
10
0
2
8
4
15
4
26
2
2
4
0
4
6
2
4
4
21
6
6
6
10
6
4
2
4
4
2
4
13
8
2
4
2
6
2
4
4
7
6
2
4
4
16
4
10
4
0
0
4
8
2
2
4
0
2
2
2
2
2
6
12
4
4
2
4
6
6
7
8
0
2
0
2
2
6
8
2
2
4
0
6
10
11
26
4
4
12
10
6
2
0
2
4
2
12
6
6
0
6
4
14
6
2
4
6
4
2
2
8
2
2
4
4
3
4
0
4
8
6
6
6
2
11
12
6
8
2
10
4
4
10
12
4
3
12
7
4
0
8
4
4
30
4
8
8
2
0
4
0
2
2
4
0
2
2
0
0
3
2
0
2
4
2
2
2
0
2
2
20
2
4
0
0
0
0
6
2
0
4
4
0
2
4
0
0
17
2
4
2
2
4
2
2
4
2
6
2
2
2
2
2
4
0
4
2
6
4
2
5
4
11
0
3
15
9
19
21
5
0
23
18
18
14
7
14
11
9
9
10
14
5
17
9
6
13
7
13
9
7
9
12
5
15
8
2
13
14
10
18
12
11
14
11
21
13
10
13
16
17
5
13
10
8
6
14
3
5
11
9
8
5
11
4
8
6
2
7
8
12
7
16
5
14
18
7
9
10
7
10
22
12
13
10
19
10
13
9
28
11
3
9
3
9
4
14
13
15
16
5
11
11
9
10
14
5
3
5
16
11
7
5
5
11
12
7
10
5
4
6
4
8
6
3
4
7
7
7
11
6
11
4
12
9
7
16
10
19
4
5
8
7
4
7
8
10
9
5
5
15
14
7
18
12
28
22
21
17
26
19
5
5
10
14
3
5
5
7
5
8
12
13
10
9
6
9
14
16
15
10
13
11
10
2
19
12
5
6
14
8
8
6
10
8
9
9
13
7
12
20
31
37
15
1
11
6
5
9
3
7
6
15
10
14
15
9
8
10
11
12
7
21
10
14
7
11
7
16
14
17
17
8
9
0
10
7
9
4
8
7
48
3
13
4
6
7
2
5
5
7
5
9
12
2
7
10
16
11
11
15
4
7
7
9
7
7
6
4
6
11
6
9
12
7
8
2
12
11
11
14
7
9
11
8
3
11
7
