30
31
25
26
41
18
21
24
21
26
9
27
31
37
20
31
12
30
30
24
33
23
29
26
19
38
39
24
28
26
41
26
29
20
26
49
36
28
28
21
19
30
24
27
40
31
36
30
27
26
30
23
22
27
28
20
21
30
26
14
18
22
15
16
22
26
22
46
20
42
21
28
28
16
29
33
27
20
28
27
30
24
17
24
29
21
54
16
23
19
19
34
23
28
48
22
57
41
34
30
29
26
26
20
23
28
30
24
12
26
37
25
18
19
24
29
21
20
19
24
40
29
28
21
40
32
30
29
30
34
35
39
20
21
33
26
22
22
22
33
48
28
26
22
36
50
25
19
19
16
21
35
30
29
21
13
32
22
28
25
29
35
38
24
15
30
16
17
53
23
30
39
35
26
29
35
30
37
35
21
21
26
28
45
25
26
23
30
23
26
30
28
32
39
29
23
32
32
30
28
31
21
33
18
34
31
25
35
15
33
41
25
11
27
14
38
35
34
25
27
20
28
30
37
26
27
31
41
19
36
33
36
27
22
29
33
29
49
20
26
25
33
30
20
37
25
26
24
28
31
17
25
23
45
18
20
46
44
20
4
20
29
32
33
33
25
29
18
23
25
22
27
26
20
28
21
21
14
24
32
22
13
12
24
22
23
20
24
0
0
1
0
0
0
0
0
0
2
0
2
2
0
0
0
2
1
13
1
0
4
0
0
0
2
1
0
0
2
1
0
2
0
0
0
0
0
2
0
2
0
2
2
2
0
0
1
0
0
0
0
1
0
0
2
2
0
2
1
1
2
1
2
0
1
2
4
0
2
2
2
1
1
0
0
1
0
1
0
14
0
0
1
1
1
1
0
1
0
1
0
1
0
0
1
12
1
0
0
0
0
0
0
2
0
0
2
0
2
0
0
0
0
1
2
0
2
0
2
2
2
0
1
0
2
7
0
0
0
1
0
2
1
0
2
0
1
2
0
0
1
1
0
0
2
0
0
2
1
0
0
1
0
0
0
0
1
1
1
1
0
1
4
2
10
0
0
0
2
2
2
1
0
1
0
2
1
1
1
0
1
1
0
1
0
0
0
1
0
0
1
0
1
0
1
2
1
0
0
0
0
9
0
1
0
1
0
1
1
1
0
1
1
0
0
2
1
0
0
1
1
2
0
1
1
0
0
0
0
1
2
1
0
1
0
2
1
0
1
2
0
1
1
0
1
1
1
0
1
0
1
1
2
0
0
0
0
0
0
2
1
0
2
0
1
2
0
2
0
0
2
1
1
0
0
1
0
2
2
14
1
2
1
2
2
0
1
26
19
27
30
14
39
15
19
19
21
52
35
16
30
20
19
38
17
26
12
37
17
47
26
39
29
27
25
26
14
23
41
26
32
12
38
8
28
30
11
23
23
16
14
18
30
55
17
33
24
21
18
17
7
29
40
25
11
25
19
20
17
27
24
36
30
29
21
26
42
19
59
35
19
20
40
21
31
19
23
14
21
27
40
30
27
39
25
41
26
29
28
28
20
37
34
32
21
14
21
15
33
16
16
28
30
22
14
39
27
28
23
47
28
25
19
21
42
19
33
28
12
35
20
19
21
29
29
20
15
31
36
37
38
34
24
24
16
37
28
41
35
30
32
20
19
29
22
8
28
13
33
26
19
19
30
24
41
73
40
46
33
30
24
27
22
39
22
29
15
38
64
39
21
20
30
27
18
36
32
15
37
24
30
34
12
19
26
17
13
20
11
31
18
29
36
19
22
18
32
29
20
23
37
15
23
25
28
18
23
15
25
65
37
22
30
28
26
33
17
17
26
36
51
20
14
23
27
13
12
35
27
29
31
14
20
18
25
22
22
35
35
27
27
17
21
29
8
13
18
22
17
18
8
10
11
50
13
6
5
52
4
7
5
16
8
8
5
8
4
10
5
7
4
6
9
7
9
5
4
6
7
6
10
6
10
25
8
12
0
22
0
19
0
0
0
11
0
7
0
12
0
5
0
5
0
14
0
9
0
7
0
17
0
5
0
15
11
23
0
10
0
10
0
6
0
14
0
17
0
19
0
4
0
13
0
5
0
0
0
16
0
14
0
16
0
6
7
19
0
10
0
11
0
25
0
12
1
16
0
0
4
7
0
0
11
4
0
0
3
15
0
0
6
13
0
0
17
5
0
0
0
4
7
11
19
8
4
0
7
7
8
0
7
3
16
0
0
3
0
0
12
8
4
0
4
11
0
0
0
0
0
4
5
0
0
0
9
0
0
3
4
15
0
0
4
7
0
0
0
0
0
0
0
0
0
0
0
0
5
0
0
3
0
0
2
21
0
14
11
4
6
11
0
6
0
9
0
0
10
0
7
0
0
0
0
0
0
0
0
10
14
1
14
0
0
0
0
0
7
0
4
0
21
0
4
0
0
0
3
0
16
0
13
0
13
0
15
0
9
0
7
0
8
0
0
13
16
0
0
8
5
0
0
12
12
0
8
16
0
0
10
0
9
7
0
18
9
0
0
8
22
0
0
7
5
0
0
6
9
0
0
5
26
6
0
8
20
23
0
9
4
17
0
3
14
1
13
3
2
10
0
9
6
7
0
12
0
9
0
8
3
10
0
38
3
2
0
0
0
1
0
1
1
1
1
0
0
0
0
2
0
1
0
1
0
2
0
2
1
1
0
0
0
1
2
1
0
1
2
1
0
0
0
2
0
0
0
0
1
0
1
2
0
0
1
1
1
2
1
1
1
1
1
0
1
0
2
0
2
2
1
0
2
0
0
0
0
0
1
0
2
2
0
1
2
2
1
2
0
0
0
0
2
1
0
1
0
13
2
1
1
1
1
0
1
0
0
1
1
1
2
2
1
1
0
0
1
0
1
0
1
1
0
2
1
0
1
2
2
0
2
1
0
0
1
1
0
0
1
0
1
2
0
1
2
0
1
1
1
2
1
2
13
0
0
8
1
1
1
2
0
2
1
0
0
0
0
1
0
1
1
2
1
0
1
0
0
0
1
0
4
2
0
1
0
0
1
4
0
2
1
2
1
1
0
1
1
2
2
2
1
0
1
0
0
0
1
1
0
0
0
0
0
0
0
1
1
0
1
0
0
1
0
1
2
0
0
0
1
0
1
1
2
0
0
0
1
1
2
2
0
0
2
0
2
2
2
1
1
1
1
2
0
0
2
1
0
0
0
0
2
2
1
0
0
0
1
2
0
1
0
0
1
0
0
1
0
0
2
0
2
1
1
0
1
1
1
2
1
0
0
11
0
17
63
22
31
15
31
37
29
53
35
16
32
9
28
30
38
20
58
22
64
71
32
36
31
33
30
78
59
65
34
42
75
16
28
65
16
52
59
44
36
32
21
74
38
28
71
50
60
25
41
69
38
15
58
39
75
56
65
40
33
47
82
57
26
60
28
66
49
35
69
44
50
65
45
66
15
38
33
0
79
71
41
53
20
31
65
66
44
75
23
29
39
38
76
34
88
86
66
53
45
60
47
39
57
73
38
63
24
31
40
82
90
38
77
18
26
28
36
38
30
13
81
46
80
48
31
48
38
34
24
40
80
70
58
83
37
32
26
67
73
50
77
69
64
67
71
82
28
34
26
35
25
65
64
40
19
32
49
30
46
67
23
75
30
81
12
18
69
43
39
73
49
29
54
45
88
29
35
33
32
32
47
24
23
37
39
41
41
44
56
87
51
79
63
73
76
63
79
34
28
31
62
26
17
84
43
70
43
44
26
60
53
40
28
36
61
79
62
53
53
61
43
74
78
63
39
33
42
21
80
26
62
30
41
30
38
57
31
69
81
63
42
91
35
26
21
41
47
16
27
29
14
56
57
49
36
88
24
21
46
42
36
79
33
47
40
74
40
49
74
63
29
40
38
29
68
40
46
33
47
50
27
45
71
26
51
62
14
4
3
14
8
3
14
11
5
15
5
11
9
5
7
5
13
7
4
10
9
16
7
10
13
9
6
15
8
7
14
4
8
9
13
12
8
6
6
6
6
7
4
4
10
14
6
5
15
7
13
5
10
8
8
10
7
10
9
10
9
7
6
15
18
5
8
5
14
15
13
12
12
18
5
6
12
8
7
6
7
7
18
20
3
11
3
24
4
13
7
10
8
5
12
4
15
4
10
7
7
5
2
1
4
28
6
4
7
8
13
23
7
17
11
12
5
6
11
11
14
7
12
17
13
7
9
15
6
22
4
6
29
3
15
9
7
11
10
5
5
5
5
12
4
6
15
15
7
10
10
14
9
9
18
20
7
12
13
10
5
10
7
13
8
14
8
6
8
8
6
12
7
8
12
7
13
8
3
19
10
7
5
9
10
17
9
8
8
9
12
10
11
7
9
4
12
6
9
5
13
7
14
8
11
18
9
18
11
6
12
3
13
7
11
9
7
10
7
4
6
8
5
9
11
7
11
16
5
13
10
9
12
5
7
8
8
4
10
8
8
9
17
6
10
8
12
15
15
8
29
5
12
18
14
6
11
5
7
12
15
19
4
6
11
18
2
8
18
6
13
14
14
23
30
20
7
4
6
21
17
11
9
13
7
7
8
8
23
0
0
0
0
0
0
0
0
0
0
0
0
0
0
54
0
0
22
26
21
27
0
18
0
0
8
37
0
28
16
36
25
17
0
0
0
0
14
22
0
17
20
0
25
29
0
0
0
0
0
29
24
20
25
23
17
20
36
2
0
0
0
0
23
22
2
27
0
26
3
26
0
0
15
25
0
0
22
35
37
7
9
1
0
0
18
16
0
15
22
20
31
3
28
0
0
0
11
30
19
23
33
23
29
17
20
11
0
0
18
0
12
17
22
0
18
31
19
0
0
0
1
0
14
0
22
0
6
22
21
0
21
15
0
27
17
15
21
0
0
37
0
0
0
0
0
0
29
31
25
22
27
52
6
0
0
0
13
9
31
0
19
22
21
14
19
23
5
0
0
33
29
23
29
11
20
16
15
0
0
0
1
20
23
29
15
17
7
31
19
0
0
0
0
0
14
0
2
19
29
0
18
0
0
0
10
49
0
1
18
19
0
0
0
0
0
0
0
22
38
24
33
9
21
0
0
0
0
0
0
12
30
0
14
33
0
15
0
0
0
23
30
41
20
49
42
0
3
0
0
0
0
0
30
22
25
26
0
0
0
0
0
0
0
0
13
26
0
24
1
38
0
0
0
0
0
0
2
1
34
31
0
0
0
0
0
0
0
10
10
8
21
10
25
12
19
8
39
17
14
29
6
17
33
10
16
21
17
14
10
51
43
25
17
16
16
25
10
23
10
8
17
72
6
12
10
25
10
29
10
8
18
25
8
12
23
21
10
14
25
8
8
12
27
14
8
6
8
12
12
17
31
12
17
17
10
8
10
10
6
12
16
12
8
12
10
10
14
10
8
29
19
21
10
12
17
14
17
16
21
25
10
10
16
10
14
27
23
23
19
19
21
21
10
21
16
19
16
8
19
27
12
10
17
19
14
19
21
19
29
27
12
25
17
19
14
14
17
16
14
12
23
25
14
21
14
25
16
8
21
14
23
8
37
17
16
27
10
25
31
19
16
16
12
8
31
14
17
25
23
15
17
51
19
29
19
25
14
64
23
23
21
17
14
21
14
12
14
18
21
27
14
25
21
33
21
17
19
27
21
12
21
23
12
10
14
14
14
14
8
12
31
12
23
27
23
19
10
8
19
12
12
23
23
12
14
23
12
19
41
25
15
23
12
23
50
27
15
21
8
27
23
10
14
12
21
8
4
15
25
10
19
12
19
21
25
10
12
6
21
12
12
8
4
8
8
17
25
14
8
8
6
10
14
12
8
31
6
16
10
4
8
17
6
6
12
15
8
29
8
27
10
6
4
12
8
6
14
17
6
4
18
17
12
12
14
39
16
23
11
5
13
21
21
6
9
4
4
5
11
16
5
22
7
17
16
10
17
16
28
26
20
21
3
7
11
10
11
5
6
7
13
5
12
14
5
5
18
13
14
6
21
19
6
3
3
5
7
18
19
14
20
7
5
15
15
4
15
8
6
16
18
17
14
18
17
14
23
17
6
4
10
5
16
7
5
5
15
3
14
8
5
20
15
21
10
5
19
8
8
5
2
8
17
22
11
15
14
7
5
5
6
12
5
14
28
18
10
6
7
12
21
9
16
5
16
37
13
14
10
8
15
14
5
9
13
7
20
16
6
8
18
6
15
3
27
20
10
25
22
6
13
9
8
9
5
15
12
6
5
13
6
6
16
4
7
7
5
21
3
13
5
7
4
27
24
14
14
4
7
13
13
5
14
9
20
5
9
16
5
5
18
17
19
13
14
20
19
27
13
8
15
14
19
15
11
4
18
8
4
20
7
6
5
11
16
5
3
17
10
13
19
9
13
10
5
18
7
6
6
10
18
4
14
16
6
14
8
8
17
6
15
7
15
3
13
4
17
6
7
14
5
11
8
5
14
13
5
12
15
11
9
12
9
14
17
6
5
15
5
18
7
9
12
5
6
6
21
8
13
15
7
11
6
