0
2
2
1
0
2
2
1
2
2
1
2
0
2
1
1
2
2
0
2
2
2
2
2
0
0
2
2
1
0
2
2
0
0
0
4
1
0
2
4
2
0
2
1
1
0
2
2
2
2
2
0
0
1
2
0
1
1
2
1
3
2
2
2
0
0
0
1
2
4
2
2
2
1
2
2
1
2
1
2
2
2
0
1
0
0
0
2
2
1
2
2
1
0
2
1
1
2
0
2
5
5
1
2
6
2
1
1
2
2
2
2
2
2
2
2
2
5
2
0
0
1
2
0
1
2
2
1
2
4
2
2
1
2
0
2
1
1
5
2
2
0
2
3
2
2
1
1
2
1
5
4
2
1
2
2
2
1
2
0
1
3
0
2
4
5
1
1
1
3
1
1
2
2
2
2
2
0
2
2
1
1
0
0
2
1
2
1
2
2
2
2
4
0
1
0
2
2
2
1
2
2
1
2
2
2
2
0
2
2
2
1
2
2
1
0
2
2
1
1
2
2
5
2
1
1
2
1
2
5
2
2
0
4
0
2
0
2
2
0
2
0
0
2
2
2
2
1
2
2
2
2
4
1
2
1
2
0
0
1
2
0
2
0
3
2
2
1
2
0
2
0
1
0
2
1
2
2
1
2
0
1
1
2
2
3
2
2
5
0
4
2
2
2
7
2
6
2
0
2
4
4
2
2
6
2
2
2
0
19
0
0
2
2
2
4
2
4
2
2
4
0
2
4
4
7
4
2
2
6
6
3
2
6
4
2
8
10
2
4
12
4
4
0
6
2
2
2
2
6
17
2
2
4
8
6
4
4
4
2
10
6
8
8
8
4
6
10
8
7
4
8
5
5
8
4
8
13
6
8
11
9
6
8
6
4
6
10
6
10
2
3
9
15
6
8
8
4
6
5
5
4
3
6
4
8
10
10
6
4
4
8
4
4
8
10
6
10
6
7
8
11
8
8
7
9
6
8
8
10
8
4
15
4
10
4
5
9
6
9
13
17
8
10
10
17
9
13
8
8
5
13
6
7
8
13
17
6
11
15
8
6
11
15
11
8
3
4
6
6
6
6
8
11
5
4
9
19
13
4
11
9
8
17
19
6
6
13
6
0
13
6
7
11
6
11
10
11
8
5
4
6
11
6
12
6
3
3
8
6
4
10
4
2
4
3
5
8
8
8
6
8
8
0
11
8
15
8
4
8
8
2
2
5
6
6
4
4
6
2
6
2
8
2
6
15
2
4
7
6
4
2
4
2
4
2
2
4
13
2
5
2
6
7
6
6
2
6
8
6
0
6
4
9
8
4
11
6
14
15
28
9
11
13
17
12
71
26
19
15
16
6
15
9
11
11
21
9
37
12
54
40
17
49
6
4
11
20
15
2
20
17
37
18
4
7
20
6
19
17
7
7
17
5
2
9
13
7
4
7
14
9
9
11
9
11
13
9
0
6
11
9
15
5
4
17
6
7
7
5
9
7
9
9
11
9
10
9
9
7
4
11
6
7
9
5
7
7
11
7
0
4
4
17
4
7
5
7
4
6
7
2
0
6
6
6
2
11
13
6
7
7
11
17
13
6
7
9
11
11
4
59
7
17
15
6
9
13
9
15
7
7
7
7
18
2
12
20
7
14
9
11
9
7
7
7
5
15
13
22
7
2
14
13
9
7
11
13
17
9
15
13
9
6
7
7
4
6
9
13
4
15
7
9
7
4
6
11
5
9
12
9
13
9
11
9
57
17
6
15
2
11
11
9
11
6
18
4
11
6
6
11
9
11
17
26
9
7
14
0
20
11
2
20
11
11
4
6
7
13
7
15
15
5
25
11
7
19
6
15
9
9
4
5
34
7
7
13
9
6
10
13
9
4
11
2
0
2
22
4
2
9
9
2
2
4
11
10
2
7
2
0
0
2
2
0
2
0
2
2
5
7
2
2
4
0
4
0
2
4
5
6
6
4
2
2
3
5
0
4
2
4
2
6
4
0
3
4
3
0
6
7
2
2
4
4
2
4
4
2
0
5
3
1
2
5
2
2
4
1
2
8
7
2
2
3
14
4
2
1
6
11
7
5
5
0
1
15
5
2
2
0
2
2
1
4
7
4
3
2
3
2
4
2
4
2
6
3
0
5
2
3
7
16
2
6
5
4
2
0
2
5
5
6
7
2
2
5
6
2
2
0
0
11
4
2
8
4
5
11
2
5
8
9
4
5
2
5
2
4
7
3
2
4
8
2
17
12
11
3
3
4
0
7
9
7
9
4
12
8
2
0
0
7
8
5
2
4
9
4
8
9
8
4
2
0
7
0
5
7
0
4
5
2
4
6
6
7
4
2
10
5
7
4
4
1
3
2
4
5
3
0
1
5
2
11
2
0
4
0
0
5
2
4
0
4
5
2
2
5
6
1
2
19
5
2
2
6
4
4
10
1
0
2
10
0
0
5
3
5
2
0
0
2
5
7
0
1
1
4
0
2
2
4
3
4
0
10
1
2
5
0
0
3
0
0
6
4
2
2
1
0
4
0
3
0
1
1
0
4
2
3
0
2
4
2
5
4
4
1
2
1
0
2
4
2
8
4
2
0
0
2
5
9
2
4
2
1
2
9
5
7
0
4
4
0
0
4
4
2
6
4
2
0
8
4
4
2
2
0
2
2
4
4
2
4
0
4
4
6
4
4
4
4
0
2
2
2
4
10
4
2
4
4
2
6
0
2
4
2
4
6
6
0
2
6
0
4
4
4
4
2
0
2
0
4
4
25
0
2
6
2
6
2
2
6
0
4
8
2
0
4
4
0
8
4
0
4
2
4
2
2
4
4
2
2
6
2
4
6
2
4
4
0
0
6
4
2
8
6
2
4
0
4
6
0
4
6
2
4
4
4
6
4
2
0
6
4
0
6
2
2
2
4
4
4
0
0
2
2
2
4
0
2
2
2
0
6
0
2
6
0
2
2
4
4
4
6
2
4
4
4
37
6
2
2
4
0
2
0
2
0
0
4
2
4
4
10
4
0
4
4
2
2
4
0
4
4
6
6
4
6
58
4
4
2
2
2
2
4
2
4
2
0
4
4
0
4
4
2
0
4
4
8
2
2
4
0
2
6
4
2
19
6
0
4
4
2
8
8
0
2
4
4
8
6
0
4
4
2
4
4
4
4
6
0
4
4
2
6
4
2
10
4
4
6
6
2
4
8
2
6
6
4
2
2
2
6
2
2
10
4
4
2
2
0
4
6
2
8
2
0
2
4
2
4
4
2
4
2
6
11
6
12
6
4
13
7
2
15
7
8
4
4
2
3
4
4
4
11
17
7
5
5
8
6
6
2
4
4
4
3
5
4
7
28
4
4
4
6
4
4
2
0
4
2
6
6
8
2
2
13
2
2
4
8
4
3
4
4
8
2
4
7
4
2
13
6
4
4
6
6
8
0
4
6
4
4
6
2
4
7
7
4
8
6
4
6
4
6
4
24
7
4
4
2
8
6
16
5
8
4
0
0
7
6
13
4
8
8
8
8
20
6
2
6
8
9
2
4
17
4
8
4
4
5
8
2
15
16
6
8
13
4
6
2
13
2
10
17
2
15
1
7
4
4
8
6
3
4
6
0
12
6
9
4
0
2
17
4
5
4
7
2
8
5
5
10
6
7
4
11
15
4
8
2
8
7
2
4
2
4
4
6
6
4
0
4
6
7
8
6
5
6
4
5
5
0
0
8
6
5
4
5
6
8
2
10
5
6
5
4
2
8
4
2
2
8
28
2
7
6
4
18
8
11
3
6
2
7
6
12
8
2
2
8
4
2
10
2
6
28
8
13
4
11
6
17
7
8
7
8
6
6
6
8
7
13
4
3
15
0
6
4
4
6
6
2
8
4
8
10
2
4
4
8
6
6
8
15
13
5
2
6
11
3
7
4
2
0
4
0
2
4
4
0
4
4
0
4
2
0
4
4
0
0
2
0
0
0
4
0
2
6
2
4
0
0
2
2
0
2
2
0
0
0
0
2
0
0
0
0
2
4
4
17
0
6
0
4
2
4
2
4
4
6
2
2
21
2
4
2
2
2
0
2
2
0
19
2
4
0
2
2
2
2
2
2
2
2
2
2
2
2
4
2
0
4
0
2
2
4
0
4
2
2
4
0
2
2
0
4
6
0
6
21
4
2
2
2
4
2
0
0
2
2
4
2
4
4
4
4
6
0
4
2
0
10
2
2
2
4
2
4
4
0
0
0
2
2
4
4
0
2
0
0
0
4
2
0
2
0
4
2
21
2
0
2
2
2
2
0
2
2
2
0
4
2
0
0
2
0
4
0
4
4
4
2
4
2
4
4
0
2
2
2
0
2
2
0
0
6
2
2
4
2
2
0
0
0
2
2
0
2
4
0
0
2
2
2
0
2
0
0
4
19
2
0
0
0
0
0
0
0
4
2
0
2
4
4
0
0
2
2
0
0
2
4
2
2
0
2
2
0
2
0
2
4
2
2
0
2
2
0
2
0
4
0
2
0
2
0
2
0
0
2
0
0
0
2
0
0
0
2
4
0
0
0
2
2
31
21
2
0
4
2
0
0
0
1
2
1
0
0
2
2
1
2
0
2
2
0
2
1
1
2
2
1
0
2
0
2
2
1
2
1
0
0
0
2
2
0
0
1
0
0
0
0
0
2
1
0
0
2
0
2
2
2
1
0
2
2
2
0
2
0
0
2
0
2
1
1
2
1
0
0
2
0
2
2
0
2
0
1
0
2
0
2
2
0
0
1
0
2
0
0
1
2
0
1
1
1
1
0
1
0
1
1
1
1
0
0
2
2
1
7
0
0
0
2
2
2
2
2
2
0
2
0
1
1
2
0
2
2
2
0
1
2
2
2
0
2
0
2
1
0
2
1
2
0
0
2
2
1
2
2
0
2
2
2
1
2
0
2
1
1
1
0
0
0
0
2
1
2
0
2
2
0
1
2
1
0
2
1
0
0
0
2
0
2
0
2
0
2
2
0
0
1
0
0
1
2
2
2
0
0
2
2
1
0
0
2
4
2
0
2
2
2
2
0
1
2
2
2
0
2
0
2
0
2
0
1
1
2
5
0
2
2
0
2
2
2
0
2
1
2
1
2
0
2
1
2
1
2
1
1
0
2
0
0
0
1
2
4
2
0
2
2
2
2
0
2
0
2
0
2
2
2
0
1
0
2
0
1
0
0
1
0
2
2
2
2
0
1
7
13
5
14
18
6
11
5
9
7
4
9
11
15
11
11
8
27
7
6
4
2
2
6
11
13
4
4
2
9
5
8
19
9
14
5
3
35
12
19
2
11
1
10
6
12
4
16
8
21
2
9
9
12
9
17
18
9
7
0
2
2
6
3
2
1
16
3
12
15
2
3
1
4
2
4
2
7
10
8
5
13
13
16
10
15
13
14
11
10
11
8
11
16
10
3
1
10
10
7
17
2
8
4
1
10
17
5
0
1
1
4
4
2
6
1
7
6
11
10
15
20
2
26
4
11
6
9
7
13
4
16
15
10
16
1
4
14
10
5
14
16
9
14
2
2
11
8
13
2
0
5
10
16
13
13
19
15
10
13
0
10
9
4
10
5
9
9
0
8
3
10
5
9
9
5
8
3
8
3
13
4
7
12
16
10
11
9
8
4
8
11
11
9
16
10
8
4
9
7
9
13
7
3
8
10
4
9
11
11
9
0
7
12
0
7
16
12
8
9
11
4
2
17
20
3
8
0
10
8
6
14
12
9
16
14
1
15
3
15
12
17
9
8
17
9
5
14
0
2
10
12
6
10
8
9
13
12
21
6
15
7
16
15
14
8
9
4
14
1
13
11
7
13
6
5
8
8
6
11
8
3
15
4
17
2
9
8
22
19
71
4
83
20
4
7
7
46
13
8
9
14
11
12
18
13
33
5
46
69
6
5
10
68
85
49
36
11
9
11
18
9
10
12
11
9
32
18
8
39
11
40
53
6
43
5
9
62
41
3
24
4
5
9
51
52
7
44
51
5
9
69
14
53
7
43
6
7
68
41
23
5
12
32
13
20
13
14
42
9
3
5
14
70
15
27
55
20
14
3
63
8
13
4
5
80
29
57
7
27
8
11
55
70
5
6
9
43
11
69
9
50
71
25
11
38
10
11
23
90
82
41
45
9
10
10
50
45
5
8
29
23
31
71
42
21
9
45
2
20
14
46
3
58
7
67
46
7
5
63
4
61
39
29
11
52
10
46
17
6
8
9
5
25
45
9
4
63
52
9
7
9
49
69
9
63
37
8
13
5
3
39
9
73
7
58
40
47
98
5
25
92
21
4
5
9
81
46
43
22
7
14
9
26
46
2
40
31
12
8
2
14
7
9
35
39
43
4
42
70
9
10
48
9
37
19
85
60
33
19
14
58
54
35
79
76
62
60
56
66
76
48
51
60
27
22
68
54
41
82
21
72
85
52
49
13
73
57
44
54
56
51
26
59
79
60
33
69
68
64
46
37
41
35
56
60
22
70
87
87
61
69
51
40
77
22
