3
2
3
3
4
2
3
2
3
2
3
2
4
2
5
3
2
3
2
2
2
3
2
3
5
2
2
3
2
9
2
2
3
3
5
3
3
3
5
4
5
10
4
2
3
5
2
3
8
5
2
12
4
2
9
2
2
1
3
3
1
5
4
5
8
2
8
3
2
4
2
2
1
2
5
2
2
3
2
2
2
2
2
3
2
3
4
3
2
4
3
2
76
4
6
2
2
3
5
1
5
2
3
3
5
5
8
2
5
3
4
5
2
2
5
5
5
3
5
5
3
3
3
3
8
5
3
3
16
13
2
3
5
5
7
2
5
2
1
3
3
2
0
4
2
3
5
7
5
9
2
2
3
3
5
3
3
2
2
4
3
2
2
8
7
3
6
5
3
2
3
6
2
2
3
5
3
3
8
4
3
3
0
3
3
3
3
12
11
10
10
5
7
10
7
3
3
5
9
5
3
3
3
2
3
5
3
3
3
3
5
3
2
4
2
3
7
5
8
3
2
3
3
1
3
3
8
2
3
3
3
3
3
5
3
7
2
3
2
7
4
2
3
7
2
3
3
3
1
4
7
5
2
2
5
2
2
3
3
3
2
4
3
2
3
2
3
2
3
3
2
2
3
7
5
7
5
9
3
4
4
2
9
2
9
3
3
1
2
2
3
2
4
4
2
0
4
0
2
0
4
2
2
2
0
0
0
2
2
2
0
0
1
0
2
2
2
0
2
2
4
0
0
7
2
2
0
2
6
0
4
2
8
7
2
5
0
4
0
3
4
0
2
7
4
2
6
0
1
4
4
3
4
4
0
8
4
0
2
2
0
7
2
0
4
4
2
4
0
4
5
0
7
2
0
6
6
4
2
2
0
0
2
4
4
3
4
2
4
6
0
2
4
4
0
0
2
4
6
4
0
39
10
2
0
4
2
2
9
0
2
2
4
2
0
4
3
2
2
4
4
4
2
0
0
0
0
4
2
2
2
7
5
4
0
8
4
0
2
4
11
0
4
4
2
11
2
2
0
2
2
2
2
4
0
9
4
4
4
0
4
2
2
4
4
2
2
0
5
1
4
2
8
2
4
8
5
4
6
2
0
6
2
5
0
6
6
2
0
2
0
2
9
0
3
1
11
7
2
0
2
4
0
0
0
0
0
1
0
2
2
0
2
0
0
0
2
10
0
0
0
0
7
0
2
8
7
2
2
0
0
2
0
0
0
4
0
0
2
2
0
2
2
1
6
2
0
0
2
2
0
0
6
2
6
2
7
6
5
3
2
2
0
0
2
6
2
0
2
2
0
2
0
0
4
2
3
0
0
3
0
3
0
0
0
0
3
0
0
1
0
0
3
1
3
3
0
5
0
5
3
3
1
1
0
7
3
0
3
0
1
0
1
5
7
0
0
1
1
1
5
0
0
1
3
1
3
1
0
42
0
3
9
0
1
0
0
3
1
0
3
0
1
3
1
1
1
0
10
0
3
1
0
3
8
1
1
1
0
0
1
1
0
3
0
3
5
0
0
5
1
3
1
3
3
0
0
3
3
1
3
1
5
3
0
1
1
1
1
5
3
0
0
0
1
5
1
5
1
3
1
1
1
0
0
3
1
0
1
0
5
1
3
1
1
5
1
0
5
0
1
0
3
3
0
1
0
0
4
1
3
1
0
5
0
5
1
1
1
16
1
0
0
1
1
22
0
1
9
0
5
1
0
31
1
0
1
5
0
0
0
0
3
1
5
0
0
5
1
0
1
1
63
3
1
3
0
1
3
1
1
1
3
0
3
0
0
0
0
3
5
5
0
1
3
3
1
1
0
1
1
1
5
0
3
1
3
0
1
0
3
0
3
73
1
3
1
1
0
1
0
0
0
1
5
3
0
3
1
5
3
1
0
1
0
7
3
3
0
0
1
3
0
3
0
1
7
5
0
3
0
0
0
0
0
0
5
7
3
7
0
5
1
3
2
0
2
0
0
8
2
2
6
2
86
8
6
4
2
2
37
4
0
39
0
2
0
6
0
49
2
2
2
2
4
0
4
2
4
0
4
2
2
6
8
86
44
2
0
2
8
2
4
4
4
2
4
10
44
0
2
2
4
0
0
4
2
2
2
2
2
0
2
2
6
0
4
0
0
2
2
4
2
4
36
0
2
2
2
4
0
2
2
2
0
2
43
0
0
2
0
2
0
2
4
2
2
2
2
2
42
2
0
37
0
0
0
2
12
2
2
39
2
0
2
2
4
2
4
4
2
0
0
0
2
6
2
2
4
44
2
6
4
2
2
2
6
2
0
2
2
0
2
0
2
6
4
4
2
2
8
4
6
4
6
4
4
6
0
4
6
2
2
2
2
4
4
4
5
6
2
2
0
2
2
2
0
4
6
77
4
2
4
4
8
2
0
0
2
2
27
2
4
38
4
6
2
6
6
4
0
8
0
0
2
2
2
4
54
2
2
2
6
2
34
2
2
55
2
4
0
4
4
4
4
6
4
48
0
0
6
2
4
8
2
2
8
0
6
2
2
0
6
6
2
0
6
10
6
2
0
2
6
2
8
2
0
2
0
6
4
0
2
8
8
2
10
0
6
8
2
0
8
2
24
6
2
2
8
2
56
9
0
2
0
0
0
2
2
0
2
2
2
0
0
0
2
6
0
4
0
0
2
2
2
0
2
2
0
2
0
0
2
0
2
2
2
4
0
4
0
0
0
2
0
0
2
4
4
2
2
0
0
2
6
0
2
0
0
2
4
2
0
2
2
2
0
0
0
0
2
2
2
2
2
2
2
2
0
2
0
0
0
2
2
4
2
0
0
2
0
2
2
2
2
0
2
0
0
2
60
4
2
0
2
2
0
0
2
0
4
0
2
2
0
0
2
2
0
6
2
2
2
0
4
0
2
0
2
2
2
2
2
2
0
0
0
0
2
2
0
0
2
6
2
2
2
0
0
0
0
2
2
0
0
0
2
0
0
0
4
0
0
0
0
2
2
2
2
0
4
2
0
4
0
2
4
2
0
0
2
2
0
2
0
2
2
0
2
2
2
0
2
2
8
0
2
2
4
0
0
0
2
2
2
4
2
2
0
2
0
2
4
2
2
2
0
0
0
4
10
2
2
2
0
0
2
0
2
2
0
2
0
0
0
0
2
0
2
2
0
0
0
2
2
4
2
0
4
6
2
4
2
0
2
0
0
2
2
0
0
0
2
4
2
0
0
4
2
0
0
0
0
0
2
0
0
0
0
0
2
0
0
0
2
0
2
0
0
2
0
35
1
10
5
1
0
0
1
19
48
0
54
26
9
45
7
0
35
1
31
17
2
5
26
0
0
0
1
0
1
10
34
0
7
13
18
32
13
50
3
36
0
3
1
1
0
7
17
0
32
3
56
27
0
5
0
1
0
1
32
0
0
3
23
12
18
1
0
3
1
22
12
0
1
0
0
0
5
0
19
1
1
18
16
16
51
0
1
13
21
50
24
0
0
11
14
27
40
1
0
18
0
30
1
0
3
35
23
10
0
0
3
35
18
1
25
0
1
0
3
1
25
36
25
1
0
13
24
34
3
1
17
15
3
10
4
4
39
0
0
0
0
1
44
0
13
24
5
3
1
1
21
34
9
29
3
19
16
27
7
1
0
16
0
8
29
0
1
29
21
5
9
6
3
33
55
6
1
1
7
1
50
0
34
1
1
1
16
22
26
24
16
18
20
3
1
0
5
56
22
15
6
29
12
10
18
44
39
4
33
23
1
3
0
27
14
1
3
0
1
0
0
0
0
16
0
14
32
1
3
0
0
3
1
25
3
50
1
5
18
33
55
1
1
3
1
19
3
0
0
15
5
1
1
1
0
17
22
47
3
6
18
16
3
3
25
1
0
0
0
1
38
19
18
1
47
28
3
35
0
9
1
0
3
13
9
9
5
7
13
13
5
5
5
9
17
3
7
11
11
9
9
5
11
4
15
9
9
7
11
7
15
5
9
5
11
11
7
17
11
3
19
23
7
23
7
37
5
13
7
9
4
4
7
9
13
5
9
7
3
9
9
13
7
5
11
5
15
11
11
21
13
13
15
19
3
7
17
9
11
13
15
9
15
9
13
25
19
19
11
11
13
15
19
11
5
21
13
17
13
11
11
19
15
13
5
13
11
13
17
7
11
7
19
7
9
15
17
15
21
15
7
19
7
11
11
4
9
7
17
7
21
17
17
11
15
17
11
15
5
2
4
9
5
7
11
11
3
9
3
7
9
7
5
7
5
5
4
5
0
2
5
5
3
7
5
4
7
7
9
2
3
5
3
11
4
7
11
5
5
3
5
7
4
13
5
5
5
9
2
5
3
5
5
5
4
11
5
4
37
5
2
9
4
4
5
7
2
11
5
7
3
7
15
4
4
5
7
7
11
0
2
9
9
7
5
4
2
7
9
7
9
2
5
7
2
3
9
3
5
5
23
23
5
7
7
7
7
4
9
5
7
5
5
7
2
11
0
11
21
0
4
11
9
7
11
5
7
11
13
15
15
4
15
7
5
9
7
7
13
11
9
13
11
15
19
7
5
5
9
7
7
5
5
5
5
7
11
10
8
10
4
7
14
10
7
8
6
13
4
6
5
8
6
9
5
7
9
4
8
9
8
6
12
8
6
8
6
9
12
8
8
10
23
8
15
12
8
8
8
8
13
14
6
12
13
32
30
25
31
25
36
10
31
30
26
26
19
23
20
8
21
17
18
8
11
8
16
6
7
20
10
17
15
9
21
4
22
16
8
10
8
5
10
8
9
6
8
8
6
7
10
12
6
6
17
8
5
14
12
12
7
8
5
16
7
10
12
11
9
12
14
8
12
8
8
11
44
7
15
5
13
21
22
37
23
20
26
29
7
14
14
9
15
8
10
12
6
10
7
8
4
6
10
11
10
12
13
17
12
8
17
10
12
11
4
13
6
6
10
5
8
5
15
8
14
8
7
8
6
14
7
5
14
10
11
9
11
8
13
13
35
11
6
4
0
6
12
11
14
8
10
13
14
13
11
13
6
10
9
6
17
33
23
23
30
31
8
6
11
5
7
5
8
10
10
14
8
8
4
8
8
10
5
11
9
12
14
8
5
6
4
9
6
8
6
9
8
8
9
16
7
5
10
10
14
7
9
16
9
14
9
12
9
5
10
10
8
7
8
16
8
4
7
10
8
5
10
12
6
11
4
6
8
4
10
5
6
5
11
5
8
37
2
3
1
1
2
1
3
0
1
3
0
0
0
3
0
0
1
1
1
4
1
2
2
4
0
2
3
2
2
1
5
5
0
0
1
1
0
0
1
1
1
4
2
2
12
3
3
2
2
2
3
2
6
1
1
4
2
3
3
1
0
3
1
1
2
5
1
1
1
1
1
1
2
4
1
31
5
7
2
1
3
2
2
2
1
1
1
4
3
3
8
3
6
1
2
0
5
3
6
2
4
5
1
7
3
3
9
2
2
3
3
1
4
1
2
2
4
0
1
1
2
1
3
1
0
1
2
3
2
1
2
3
0
1
0
3
4
2
1
3
3
2
8
2
3
2
1
1
3
3
3
1
4
1
2
2
0
0
1
2
1
2
2
4
1
1
2
0
0
0
1
3
3
4
3
1
1
2
2
3
2
5
2
3
2
2
6
0
0
1
1
3
0
3
0
1
3
3
1
2
1
0
1
1
2
2
1
2
3
4
0
1
0
0
0
1
0
1
1
2
0
1
1
1
1
3
3
1
3
1
1
1
1
3
5
3
1
1
7
0
0
0
2
6
0
1
3
1
2
0
0
0
4
1
1
2
1
1
1
3
0
2
1
1
6
1
2
5
1
1
3
1
1
4
0
1
2
2
1
1
1
2
1
2
1
1
1
2
2
2
3
3
2
1
0
1
1
1
2
0
0
0
3
1
9
6
0
2
1
3
4
1
2
8
0
0
6
0
1
1
7
1
0
1
4
4
0
0
3
3
4
2
4
5
0
0
3
4
3
2
0
3
1
0
0
1
5
2
0
0
1
3
4
1
1
0
0
0
5
4
1
0
4
3
0
0
3
1
0
0
1
0
0
0
0
1
7
0
2
7
3
0
5
4
3
3
0
5
4
3
1
3
5
3
0
5
1
1
1
5
5
3
5
1
3
0
1
1
1
5
1
4
0
3
6
0
0
3
0
2
0
3
0
5
3
0
1
0
2
1
5
3
3
1
0
1
4
3
1
1
0
0
3
1
0
2
0
1
0
0
1
3
3
4
0
2
1
2
1
3
0
0
1
1
2
1
0
0
0
1
3
3
3
1
4
4
4
0
0
3
1
0
4
3
1
1
0
1
8
0
2
0
0
3
6
0
1
0
0
1
0
0
2
1
2
0
0
1
0
0
0
2
0
2
0
2
1
2
1
1
3
1
1
0
3
0
3
0
1
1
1
0
0
0
3
1
0
2
0
1
2
0
1
3
2
0
0
1
1
1
2
1
3
3
4
1
0
3
0
0
2
0
0
0
1
3
0
0
2
2
1
0
0
2
2
3
