2
12
10
4
6
6
17
12
8
6
17
4
8
12
12
10
19
2
4
14
17
12
4
2
4
4
8
37
8
19
10
10
7
17
6
6
6
4
12
19
8
11
4
8
6
8
6
6
17
31
21
8
9
12
8
15
6
8
13
14
21
12
19
21
8
21
19
19
23
15
31
21
10
13
21
13
14
23
17
8
4
11
19
6
14
10
6
23
4
6
19
13
10
10
17
6
13
15
10
19
17
25
8
31
35
17
14
9
6
31
35
19
46
25
15
23
15
31
15
15
19
19
14
17
15
21
17
17
9
6
12
12
12
39
9
23
11
17
15
13
12
40
11
23
13
13
12
15
23
13
6
20
17
21
11
12
17
23
6
23
6
12
23
15
25
33
12
19
25
52
27
23
29
12
23
10
19
46
29
12
14
27
10
33
8
17
15
21
44
13
15
13
10
18
37
13
10
6
9
8
6
23
39
19
8
8
15
13
2
10
6
17
2
12
6
14
10
15
8
10
8
10
10
4
13
2
9
8
6
2
10
10
0
6
0
8
6
11
14
2
4
13
4
10
6
6
15
29
31
4
6
4
8
4
12
8
25
4
4
4
6
12
12
2
6
2
4
6
6
6
8
6
2
2
6
8
8
2
23
12
6
10
4
10
4
6
9
12
2
1
1
2
2
0
0
3
4
3
4
0
0
0
2
1
0
0
1
0
1
1
1
0
0
0
7
1
6
2
1
1
3
1
0
5
5
1
0
1
1
0
0
1
3
1
1
0
0
0
0
1
1
1
1
4
3
2
2
0
0
1
1
4
9
3
1
1
1
0
1
1
1
1
1
0
5
4
4
1
0
5
0
1
3
1
1
0
2
0
1
3
2
4
0
0
1
3
1
5
1
0
1
5
5
1
4
3
1
0
1
1
1
4
1
3
3
2
5
5
1
0
0
1
1
1
4
1
4
1
0
1
1
4
1
3
1
1
1
1
1
0
1
0
1
2
3
2
1
4
1
0
8
1
0
1
0
1
0
5
0
1
1
6
5
1
4
2
0
6
1
4
5
0
0
1
1
1
1
0
1
0
1
1
3
0
3
1
3
0
1
1
0
1
1
0
6
0
5
5
1
3
1
6
1
2
4
2
1
1
1
2
1
1
0
1
1
0
3
3
5
0
0
1
0
10
1
1
1
0
1
5
2
7
2
0
0
2
2
1
11
2
2
1
4
1
1
1
0
5
0
1
0
1
4
6
0
1
1
0
1
1
4
2
1
0
0
2
0
3
0
1
1
1
1
0
0
1
2
1
1
3
4
0
1
4
0
1
11
6
2
2
0
2
0
0
2
2
0
2
4
0
2
7
2
2
4
33
4
2
4
2
0
0
20
2
2
0
2
4
0
2
3
4
6
2
2
4
4
21
6
8
2
6
46
2
0
6
0
13
2
4
6
4
2
6
8
4
4
4
4
4
4
5
4
2
2
4
2
2
19
4
6
6
2
0
2
0
5
4
0
2
11
2
6
6
4
9
6
4
5
0
9
4
4
17
6
2
6
4
5
4
4
0
6
4
0
2
83
2
2
6
4
6
4
0
8
87
4
8
0
9
2
2
33
22
4
2
3
2
2
4
14
5
2
2
11
4
6
2
4
23
4
2
2
4
8
4
2
5
4
4
2
7
8
4
2
2
2
2
2
4
21
9
2
2
9
58
4
4
23
2
2
8
4
2
2
3
5
2
2
2
0
11
8
5
15
15
4
11
4
2
2
4
2
6
5
4
2
2
3
85
4
4
3
11
0
5
88
2
4
2
6
22
2
2
4
2
31
0
2
4
0
4
4
4
2
2
0
11
2
2
6
3
2
2
3
2
2
7
5
6
2
6
4
6
2
2
7
4
2
4
3
0
2
4
2
0
4
2
11
0
0
0
7
2
4
0
69
9
11
2
9
13
14
7
2
0
2
0
2
5
5
85
4
6
49
65
38
71
62
79
56
26
23
35
57
14
38
47
61
70
87
74
62
41
39
31
36
74
41
73
89
75
72
73
56
34
68
98
27
83
90
82
99
74
67
85
82
47
86
42
42
76
93
65
85
81
68
81
82
76
48
41
98
91
68
78
71
82
31
93
41
22
60
74
69
88
92
83
98
45
83
38
51
69
85
68
54
95
94
72
88
56
59
89
73
66
37
33
86
31
85
32
50
49
83
80
61
27
83
95
45
69
72
89
76
20
65
46
76
29
91
91
36
85
86
75
61
76
65
60
67
81
40
94
98
73
76
71
91
85
83
94
92
13
49
77
83
70
79
46
69
28
91
46
62
49
62
50
63
40
83
40
37
46
18
71
39
46
33
88
72
39
51
87
47
43
24
31
89
27
29
27
26
85
32
39
76
70
80
90
83
84
28
86
37
32
85
81
87
85
45
26
33
23
27
49
73
93
79
72
98
78
33
48
28
16
35
85
87
67
65
45
45
84
36
91
80
37
68
18
49
18
27
18
35
98
65
44
93
76
34
25
44
46
41
50
31
24
37
87
35
72
96
27
35
26
44
18
37
28
48
48
78
9
70
47
37
75
29
27
35
28
44
87
25
29
35
15
44
23
45
20
28
26
30
18
43
26
81
27
35
37
0
2
0
6
0
7
0
9
2
4
0
10
2
6
2
4
14
7
7
2
4
0
6
7
6
24
2
8
2
6
0
2
6
0
0
2
2
5
4
4
4
4
4
0
4
2
8
0
2
4
0
4
0
0
4
0
0
0
4
4
4
0
2
0
2
4
8
2
2
6
6
2
12
0
0
2
10
4
2
2
0
10
4
2
0
0
8
0
4
4
19
2
0
6
0
4
2
4
0
6
0
18
2
0
0
5
2
2
6
7
0
12
2
2
4
2
4
5
0
2
2
2
0
2
0
2
0
0
0
2
0
60
2
0
2
2
2
2
2
0
6
10
0
0
2
0
0
0
2
2
0
4
2
4
4
0
4
6
7
2
6
2
5
2
10
4
6
4
2
0
8
2
2
6
0
4
4
2
2
6
4
8
6
4
0
0
0
4
0
4
2
0
2
2
6
4
4
0
2
0
2
2
2
4
0
0
6
0
0
6
34
6
0
2
0
7
4
4
0
10
0
2
0
2
2
2
2
2
2
2
2
0
2
4
10
8
8
6
2
10
0
0
2
2
0
0
4
2
2
0
8
0
4
2
0
10
0
4
6
9
0
6
8
8
8
0
10
6
4
0
10
4
40
4
6
2
10
0
6
7
9
0
10
8
6
8
6
4
0
18
0
20
0
12
2
0
40
29
0
0
0
24
23
0
21
14
0
0
15
0
0
0
0
11
39
16
0
16
0
0
14
0
0
3
22
0
0
9
0
0
0
20
0
35
2
58
16
0
15
0
2
15
26
14
25
0
27
0
35
3
2
0
0
16
0
9
0
30
0
63
0
29
0
0
8
0
0
2
0
0
4
0
12
26
0
11
17
0
19
0
26
5
0
0
0
56
0
0
21
0
0
0
19
0
0
37
1
15
42
2
4
0
31
0
0
0
0
0
0
2
0
2
0
25
0
29
0
0
0
6
24
30
26
38
0
27
13
11
17
0
0
5
42
3
1
0
0
24
0
20
43
2
0
60
0
0
23
41
13
0
0
4
37
86
0
52
54
14
5
11
0
0
0
0
0
21
0
11
30
36
0
0
9
0
2
7
2
25
0
75
0
29
21
0
0
13
15
0
21
28
30
0
0
0
2
17
0
25
0
17
10
0
35
0
33
38
0
2
0
7
0
30
1
0
26
19
30
0
27
0
20
0
13
9
0
0
47
14
22
63
38
44
36
9
32
0
41
46
35
71
4
28
0
0
0
0
37
62
28
0
4
34
56
7
53
66
58
5
0
73
6
0
43
90
70
0
0
0
36
6
11
40
32
41
47
0
0
11
6
0
4
4
34
14
25
36
19
6
2
2
6
4
0
2
48
4
15
38
5
2
4
2
0
6
2
2
42
2
20
25
0
37
71
2
2
94
4
2
47
35
30
72
14
0
45
4
2
8
79
2
35
22
21
31
37
39
4
0
8
4
54
38
41
33
25
37
5
2
0
2
61
0
4
27
31
31
27
22
34
2
46
0
10
2
6
48
46
22
25
34
34
4
0
0
4
8
2
0
32
34
16
35
19
2
78
0
2
4
4
2
0
25
36
41
18
2
35
2
6
73
2
4
32
2
16
41
2
9
39
4
0
52
4
0
39
4
43
36
7
44
73
6
8
54
4
2
38
34
18
12
38
13
2
4
8
8
8
38
18
48
30
2
31
24
6
62
14
2
30
2
24
46
36
41
38
2
0
4
2
8
0
6
43
34
48
11
12
0
4
4
2
6
2
2
31
30
14
38
9
2
15
2
2
0
6
2
44
26
20
36
11
31
2
4
0
58
4
6
2
29
18
33
5
31
59
8
4
4
4
6
4
31
11
35
33
0
6
65
4
2
0
8
18
40
21
4
20
28
0
4
2
2
2
4
30
25
2
58
32
0
0
2
0
2
83
6
20
43
2
41
27
31
0
2
2
2
4
73
2
24
37
27
27
2
2
6
2
2
8
0
4
3
2
4
2
4
2
4
2
4
2
7
24
51
0
0
5
2
2
2
8
4
8
27
30
2
28
31
0
2
0
4
0
2
8
2
33
2
4
6
6
2
2
6
3
4
0
2
1
30
0
0
2
12
6
5
2
1
3
2
28
0
12
7
6
0
2
0
2
5
0
6
4
2
2
43
5
13
4
4
8
2
33
1
4
5
2
5
38
2
4
4
2
4
4
2
4
0
4
12
2
1
4
2
33
4
0
0
28
2
6
2
4
2
4
39
2
0
2
2
4
0
0
2
2
33
6
2
24
2
4
6
26
6
2
42
7
2
2
2
2
2
7
4
4
6
0
0
4
2
4
5
7
2
4
23
0
0
2
4
4
2
2
3
2
4
5
4
2
0
2
2
9
2
5
2
24
4
2
0
0
2
2
48
4
2
33
2
0
4
0
0
2
2
4
2
12
2
5
23
2
2
2
4
0
2
5
2
5
4
2
53
13
3
7
24
0
0
3
4
2
5
2
0
0
35
2
0
2
2
2
43
9
2
7
1
26
5
2
0
2
3
4
0
13
44
2
5
4
2
3
4
1
2
2
2
49
0
4
13
2
4
4
4
2
2
4
4
4
12
4
6
3
2
13
34
8
2
54
0
6
38
15
8
8
15
6
17
12
12
0
21
6
10
17
10
10
8
6
29
11
12
6
15
13
13
35
8
6
8
13
10
4
6
11
39
11
13
6
13
19
6
8
19
10
27
15
10
22
13
17
29
9
17
23
23
12
21
31
17
17
29
29
23
12
8
14
15
29
10
25
17
20
23
13
23
11
17
8
12
17
21
15
17
7
32
23
27
31
8
13
6
14
37
29
12
22
34
45
32
21
14
25
25
19
14
17
28
28
19
30
8
19
27
27
25
52
21
29
23
21
15
37
21
13
32
44
27
17
15
17
12
20
12
29
45
17
17
33
45
21
17
48
28
30
19
40
40
49
40
32
51
21
63
35
45
29
33
28
70
31
15
43
31
19
23
41
19
38
12
25
40
8
7
15
29
35
40
17
4
17
33
10
13
10
26
10
17
37
19
8
4
9
15
14
11
25
13
15
17
10
29
27
4
34
4
8
27
12
6
12
25
27
12
13
15
30
15
22
27
23
19
19
40
21
15
28
26
19
8
9
44
23
16
19
12
12
34
10
21
29
21
33
17
29
9
13
23
19
38
17
22
33
17
17
11
24
30
23
12
18
15
11
17
19
12
25
23
21
10
21
12
12
28
42
14
9
21
19
12
0
4
15
8
6
4
4
10
32
39
5
6
4
31
0
1
28
36
18
3
2
4
2
5
0
52
3
32
19
25
0
7
78
2
17
33
0
0
0
5
0
24
27
67
6
3
2
2
30
79
0
6
0
5
34
45
40
2
2
0
6
36
0
2
3
22
18
0
43
32
2
7
85
0
0
7
35
25
28
57
15
65
26
0
0
2
0
4
5
2
29
7
4
4
4
4
15
0
0
7
2
17
2
25
20
26
0
0
78
83
5
0
92
1
14
0
3
62
37
57
20
7
2
34
0
33
3
21
42
0
6
24
52
29
3
5
3
0
0
17
3
29
47
3
42
25
67
59
24
24
0
0
2
5
2
4
5
1
25
2
4
33
0
22
6
4
7
3
46
48
58
21
3
30
21
1
37
0
28
30
32
2
0
12
2
2
21
0
2
2
42
39
6
3
9
23
4
0
16
1
37
63
2
40
0
4
5
2
3
2
6
20
26
4
9
73
0
2
4
0
2
26
0
5
14
3
7
0
2
6
65
2
0
0
7
2
0
4
8
23
34
3
41
2
5
3
35
11
45
0
0
0
0
2
0
7
2
30
24
9
26
21
7
4
2
2
2
0
2
0
5
0
2
3
2
2
2
2
2
0
0
28
0
0
0
0
2
4
2
2
0
2
27
23
1
0
2
35
