2
2
4
6
8
4
42
6
8
4
2
8
87
0
5
8
6
6
9
2
4
2
6
4
6
2
92
2
4
51
4
2
6
0
6
2
4
0
86
0
8
2
0
8
0
2
10
4
0
6
4
2
2
0
0
2
2
8
6
4
8
0
2
6
0
8
10
4
0
2
8
0
0
4
2
4
4
6
2
8
4
2
0
2
0
8
4
0
2
79
0
14
0
2
2
54
4
8
21
6
2
50
8
0
34
2
0
49
2
4
0
2
2
2
3
4
0
0
6
8
12
53
4
5
4
5
6
4
2
2
2
49
0
0
4
8
4
2
36
4
4
8
2
4
6
8
8
7
39
6
0
90
8
4
2
8
6
10
2
9
6
6
8
8
8
2
10
2
6
2
4
40
4
24
0
0
47
6
8
0
6
2
4
0
4
6
2
8
4
48
2
2
8
0
0
8
2
6
6
0
6
8
4
4
4
0
2
2
6
2
0
0
4
4
2
82
6
4
0
4
6
0
0
8
6
2
0
2
4
2
6
33
6
2
8
6
0
55
0
6
8
4
2
8
6
2
9
0
3
6
0
2
3
2
8
6
6
6
4
3
8
0
2
0
6
6
2
2
4
6
8
10
5
4
4
0
6
4
0
71
4
6
2
4
8
0
0
4
5
2
4
2
2
2
4
2
0
4
4
2
2
4
2
2
0
2
2
0
2
0
2
0
2
4
2
4
2
2
4
0
4
0
0
0
0
0
0
0
2
2
2
4
2
2
0
2
2
0
6
2
4
0
2
2
2
0
4
0
2
0
4
0
2
4
2
4
4
2
0
2
8
0
4
2
4
0
4
0
2
4
2
2
4
2
4
4
4
4
0
2
2
0
0
2
4
0
0
4
4
4
0
4
2
2
4
4
2
4
4
0
4
0
2
2
0
2
0
2
0
2
2
0
0
4
4
0
4
0
2
4
2
0
2
4
2
0
0
4
0
0
4
4
2
2
2
0
2
4
4
4
4
0
0
0
4
4
2
2
0
4
0
4
4
0
2
6
0
2
2
2
4
6
4
0
0
2
2
4
0
0
4
2
0
0
2
2
4
2
0
8
2
4
0
0
4
2
2
0
2
0
4
2
2
4
4
4
2
4
2
0
0
0
2
2
4
4
0
4
4
2
0
2
4
2
2
2
0
2
4
2
4
2
4
4
0
0
4
0
4
2
4
0
2
4
0
4
4
0
2
2
4
4
2
4
2
0
0
0
0
0
8
37
4
0
2
0
0
0
0
4
0
0
4
4
2
2
2
25
2
2
2
4
0
2
0
0
24
28
27
25
25
26
26
26
27
26
26
27
28
26
27
25
25
25
24
26
26
27
25
26
28
26
24
28
24
25
27
25
27
28
27
25
27
25
26
27
26
24
26
25
25
25
24
26
23
26
18
24
18
26
27
28
29
23
27
27
27
19
26
26
25
26
25
28
19
26
26
27
27
24
28
28
26
27
28
28
26
27
28
27
28
21
28
28
27
29
27
26
19
28
27
27
25
20
26
26
20
23
27
27
27
27
27
28
28
27
26
26
26
25
24
27
26
28
26
28
25
26
27
27
26
25
27
26
27
27
29
27
26
28
27
28
16
26
27
26
28
22
27
25
28
30
25
27
28
24
27
27
26
28
23
25
25
27
26
24
24
29
26
26
29
27
25
27
28
26
26
26
27
27
26
27
27
20
23
25
25
26
24
24
27
26
23
25
29
24
26
26
26
26
25
27
24
26
25
26
27
27
28
25
27
21
27
27
26
25
25
26
26
23
24
28
25
27
26
19
16
20
22
17
18
13
14
13
15
13
11
12
11
13
16
15
15
15
14
10
15
13
13
13
12
14
11
14
15
15
15
12
13
12
14
17
11
14
15
15
12
13
13
11
14
15
12
14
13
15
13
15
13
14
15
14
15
17
11
16
18
15
14
13
18
14
13
10
1
7
3
1
7
5
0
1
1
3
9
4
4
5
1
1
1
1
5
2
3
1
2
1
1
4
5
0
3
7
4
1
1
0
5
3
1
2
0
5
0
2
4
0
3
5
7
3
3
3
3
3
6
4
3
3
3
3
9
1
2
2
0
0
3
1
1
1
1
5
3
2
3
1
5
5
2
1
5
3
7
1
3
2
7
3
3
4
3
3
3
2
3
3
1
1
3
5
1
3
7
1
1
0
5
3
4
5
1
1
0
0
2
5
2
1
1
0
1
1
3
5
1
4
5
1
5
3
5
3
3
3
5
5
5
3
1
3
3
3
3
3
5
1
1
1
3
3
1
5
3
1
3
5
5
5
5
3
0
3
1
7
1
1
1
3
3
0
5
9
0
3
3
1
1
7
1
0
5
1
2
3
3
1
1
3
3
3
0
1
1
7
3
3
5
5
1
3
3
1
3
5
0
1
1
3
5
5
5
0
3
0
1
1
1
3
1
1
1
3
3
5
1
1
1
1
1
5
3
1
1
5
3
3
1
1
1
0
1
0
3
5
1
5
3
3
5
3
1
1
3
1
3
5
1
1
5
7
0
1
0
3
5
1
9
5
3
3
0
2
3
1
0
1
3
1
5
1
1
5
1
3
3
7
1
5
1
3
0
0
0
0
0
0
0
0
0
0
0
0
0
0
0
0
0
0
0
0
0
0
0
0
0
0
0
0
7
33
30
18
25
29
10
11
21
8
11
12
11
20
9
15
13
26
19
16
21
11
7
6
16
25
14
12
8
14
11
9
11
13
7
9
12
18
13
15
9
11
11
10
13
8
15
10
6
14
19
9
13
8
8
14
10
7
9
12
13
23
19
12
13
9
22
13
9
7
9
8
16
22
10
9
11
7
15
10
7
12
8
10
13
12
11
13
11
13
18
12
11
14
9
14
30
12
12
15
13
11
10
8
11
8
16
7
12
8
12
13
11
13
18
0
21
7
24
5
29
3
20
11
13
8
13
11
7
10
14
18
11
12
6
13
12
17
12
12
7
13
20
8
0
10
15
9
13
13
13
20
12
8
17
7
8
7
10
10
27
7
8
12
7
10
9
8
11
19
13
8
22
17
10
18
9
17
8
10
9
13
18
11
13
14
10
10
18
10
6
6
9
12
11
7
21
9
8
22
13
5
7
14
10
15
8
16
9
8
21
12
8
12
5
10
25
9
12
9
12
8
28
13
12
0
7
9
10
8
7
9
8
18
23
16
18
8
1
18
12
15
11
27
10
9
9
17
9
16
7
9
10
14
11
8
11
17
9
5
0
2
2
0
2
2
2
0
0
0
2
0
0
0
0
0
0
2
2
0
4
2
2
0
0
0
1
1
0
0
2
1
4
0
4
2
2
0
0
2
0
0
0
0
0
0
2
2
2
0
0
4
0
2
2
2
0
2
2
0
3
0
0
2
0
2
0
0
0
3
2
2
0
2
4
4
2
2
0
2
2
0
3
0
0
2
2
0
2
2
2
0
2
2
2
1
0
0
2
0
3
0
0
0
0
0
0
2
2
3
4
4
0
0
2
2
0
0
2
0
2
0
2
0
0
2
0
4
2
0
3
0
0
3
2
0
0
2
2
0
2
2
0
0
0
1
0
0
2
2
0
0
0
0
2
0
0
0
2
0
0
0
4
0
2
2
2
2
1
0
0
2
1
0
2
0
2
2
2
2
0
2
0
2
0
0
2
2
0
0
2
2
2
0
2
6
0
0
0
0
2
0
4
0
1
0
6
2
2
2
0
0
0
0
4
0
2
0
0
0
2
3
2
0
0
2
2
0
2
3
2
0
0
2
4
0
0
0
0
1
0
0
4
2
0
2
0
0
0
4
2
0
0
0
2
2
2
2
4
4
0
0
2
4
0
2
2
2
2
0
0
2
2
1
4
2
4
0
2
0
4
0
0
2
1
2
0
2
36
55
39
35
46
48
48
44
30
46
48
49
51
37
37
39
55
61
30
32
30
39
34
52
28
44
57
40
45
39
49
44
61
56
28
43
37
40
41
46
48
44
43
34
49
43
51
45
37
45
28
54
61
34
49
45
39
20
34
46
43
52
52
39
50
39
55
71
51
35
52
27
41
39
42
37
51
34
51
46
51
54
49
50
63
43
36
52
35
63
55
51
68
51
56
50
52
52
66
37
27
52
47
54
59
36
59
37
27
46
52
54
52
46
52
59
39
36
36
43
59
32
35
42
50
50
59
49
23
45
35
51
56
46
66
43
49
42
64
32
76
46
37
42
47
57
37
68
55
45
50
37
48
41
54
30
45
42
46
59
30
41
52
52
40
42
46
37
43
28
44
30
45
38
54
43
45
33
50
41
40
43
25
62
28
28
50
63
46
25
32
40
55
48
54
46
43
41
68
41
43
44
44
32
51
39
44
54
44
49
39
48
49
48
57
55
56
48
57
50
30
30
37
43
41
46
45
46
42
45
45
37
55
39
70
37
40
43
32
44
39
47
34
45
43
30
56
49
50
54
51
47
61
59
54
41
40
57
40
37
44
44
41
36
52
61
46
32
27
57
28
45
42
56
27
40
37
28
37
59
52
52
28
37
32
36
48
34
4
16
0
3
0
12
0
0
30
0
7
13
0
6
11
13
0
0
18
0
8
0
0
11
0
7
11
0
11
0
0
15
18
6
8
0
9
0
10
0
0
3
19
0
10
14
0
0
11
15
0
12
3
8
1
6
0
0
7
12
0
0
7
0
7
0
7
0
0
1
6
0
0
13
0
7
0
0
0
17
6
0
5
0
0
0
0
0
31
0
28
0
19
0
9
6
1
11
0
10
0
0
0
9
21
0
0
0
7
1
9
0
0
9
5
9
0
0
0
0
5
20
0
0
0
1
10
0
0
4
6
0
10
0
9
1
9
15
6
0
9
0
0
4
0
9
1
2
8
0
5
0
16
1
0
0
6
2
0
0
8
0
7
0
8
9
15
1
7
3
0
9
7
9
29
0
0
0
17
0
9
12
0
0
2
4
0
8
0
0
8
6
16
10
11
0
7
1
8
7
0
8
4
0
3
15
3
10
0
0
8
0
0
0
4
0
10
0
10
4
0
0
0
11
4
0
0
5
0
14
0
0
9
7
11
1
0
0
0
0
16
5
1
4
8
0
5
0
10
8
1
15
1
9
14
0
10
1
5
0
15
8
6
0
3
15
31
13
0
3
18
0
6
1
15
8
22
0
0
0
0
0
0
3
9
0
6
16
12
1
0
1
3
0
1
1
1
3
1
0
0
1
12
0
1
1
0
3
1
0
3
3
3
0
0
0
0
3
0
3
1
3
1
0
0
0
1
0
0
1
1
0
3
1
7
5
10
0
0
3
5
3
1
0
3
3
1
0
1
0
1
0
4
1
1
4
11
3
1
3
1
1
1
1
1
3
0
1
3
0
0
0
1
0
1
1
0
0
1
6
0
0
3
3
6
0
3
0
1
0
0
23
1
0
1
0
0
0
3
1
1
1
0
1
13
1
3
1
1
1
3
1
3
3
0
3
27
11
1
1
4
0
1
3
7
1
3
0
0
3
0
3
0
0
5
3
1
3
3
1
12
1
3
0
0
3
1
3
5
3
1
3
3
0
1
0
0
1
0
1
3
0
1
1
1
0
0
0
10
1
0
1
8
0
0
0
1
13
1
0
0
1
3
4
1
3
3
13
3
1
0
1
0
3
3
3
6
3
0
0
0
0
1
3
0
0
3
1
3
3
3
1
1
10
0
5
3
4
4
0
0
0
1
1
1
0
5
0
3
0
0
5
0
3
7
4
3
6
1
0
0
8
3
1
0
0
0
0
3
1
0
0
0
1
0
1
1
0
1
1
0
0
6
0
0
4
1
1
1
1
0
7
3
0
1
1
4
2
6
4
15
8
54
21
4
6
10
4
6
6
42
6
6
2
6
13
12
8
29
6
6
12
17
38
6
8
10
21
46
6
21
23
4
4
4
4
8
21
6
6
6
8
6
42
4
15
10
60
8
12
6
15
4
4
35
52
4
15
13
4
62
10
42
6
6
8
8
44
6
37
8
10
6
2
4
6
6
6
6
4
4
4
6
8
6
8
21
10
4
8
4
4
8
23
46
48
12
6
6
65
6
8
6
33
6
12
4
4
2
6
13
8
10
2
6
6
34
31
12
42
10
48
12
4
8
2
15
69
4
10
2
8
8
15
2
4
83
4
37
8
6
4
8
13
41
46
4
4
12
12
21
6
8
58
8
8
10
12
6
17
4
6
8
11
8
6
56
6
8
8
17
6
13
10
4
4
42
12
4
8
6
66
44
4
6
31
13
8
75
10
6
4
4
6
81
10
6
8
13
10
6
12
15
8
56
6
10
17
6
27
12
10
8
8
6
10
8
58
10
8
12
4
8
8
8
6
10
6
6
10
6
4
13
56
23
10
10
8
13
4
62
6
8
6
6
12
8
10
8
12
6
6
65
6
10
8
42
29
52
8
15
11
11
35
4
8
10
6
12
10
10
8
10
12
36
10
54
17
4
6
8
4
42
12
