2
5
0
0
1
7
2
0
2
13
0
4
2
3
2
0
2
3
2
5
0
0
2
0
0
2
5
0
0
0
2
2
2
0
2
0
2
0
4
0
3
0
6
0
3
5
0
2
0
7
3
2
0
2
0
0
2
3
0
3
0
0
0
2
2
0
1
2
0
0
0
0
0
5
0
5
2
5
0
0
0
5
2
2
4
2
0
0
0
0
3
2
0
0
2
2
2
0
2
5
1
3
2
1
3
0
5
0
0
3
1
0
3
3
3
3
0
3
2
0
3
2
4
0
2
2
2
0
2
0
0
0
0
1
3
0
0
5
2
3
2
2
0
2
0
2
3
4
0
2
0
0
0
5
2
0
0
3
4
0
0
6
11
0
0
0
1
0
2
0
0
0
7
0
2
3
0
0
2
3
2
2
0
0
2
1
0
2
2
3
2
2
0
0
0
5
0
0
2
2
0
0
3
0
0
8
5
0
0
0
7
0
3
2
2
0
3
0
0
3
3
2
2
0
2
2
2
0
3
2
0
11
2
0
2
2
0
3
0
2
2
10
0
0
2
0
3
2
0
3
0
0
3
2
3
2
3
0
2
5
5
2
2
0
0
0
4
2
5
1
5
2
0
2
6
0
0
1
0
0
0
2
0
2
0
0
1
2
2
2
0
0
7
0
2
0
0
3
0
0
0
0
0
0
0
0
2
13
0
2
0
0
2
3
0
0
0
0
0
3
2
11
0
0
0
2
0
0
0
0
0
0
0
5
3
2
3
0
7
0
0
2
0
2
1
3
0
0
2
0
0
2
0
5
0
0
0
2
0
0
3
2
0
0
11
2
2
0
3
7
5
2
0
3
0
11
0
5
11
3
2
0
7
0
2
3
0
3
0
2
0
2
2
0
0
3
5
3
0
2
0
0
2
2
0
0
0
2
3
0
0
0
0
7
2
0
7
5
2
2
0
2
2
11
3
0
0
2
3
11
0
0
3
2
13
1
0
0
0
0
0
3
2
2
0
0
2
2
7
3
2
2
0
0
5
5
3
1
2
3
3
2
0
0
0
4
0
0
3
17
2
0
2
0
0
2
7
0
2
2
2
0
2
3
0
2
0
3
0
11
2
2
0
0
11
2
2
0
0
0
0
3
0
3
5
2
2
0
0
2
5
5
1
0
0
0
2
2
0
0
3
3
2
2
0
0
2
5
3
0
0
0
2
0
2
9
3
4
0
2
0
0
2
0
2
2
0
2
0
0
0
11
1
0
2
2
0
11
2
0
3
3
2
0
2
0
5
0
1
0
5
2
0
9
2
5
4
0
0
2
0
0
4
4
2
2
2
51
6
2
0
0
2
4
2
2
0
0
2
2
2
2
0
2
2
0
2
4
6
2
0
0
2
0
4
2
4
2
0
4
0
4
4
0
2
4
2
2
4
0
0
2
4
2
6
0
0
0
0
0
2
12
0
0
8
4
10
2
10
6
0
2
8
4
8
4
6
10
2
2
0
0
0
2
2
6
4
0
0
4
2
0
4
2
2
2
2
0
2
0
8
4
0
4
2
2
2
2
2
4
2
0
0
4
2
6
0
0
0
6
0
0
2
2
2
2
8
0
2
53
0
2
2
0
0
0
2
8
6
8
2
0
0
4
2
2
0
0
4
2
0
0
2
2
2
2
0
4
0
0
2
2
0
0
0
4
2
2
2
0
2
0
4
6
0
0
4
4
2
0
0
2
2
2
4
0
0
2
4
2
2
6
4
2
6
2
2
4
2
0
0
2
2
2
6
0
2
2
2
4
2
2
0
0
0
0
0
0
0
0
2
0
2
2
0
0
6
0
2
0
2
2
4
0
4
0
2
6
2
0
0
2
2
0
0
2
4
2
0
2
0
2
0
0
0
2
2
2
0
6
2
0
0
4
2
0
0
4
6
4
0
48
2
2
9
2
2
4
0
2
2
4
0
2
3
0
3
2
2
2
2
2
0
4
6
0
5
2
2
2
3
2
2
3
3
3
0
3
2
0
3
2
2
0
0
1
1
3
3
6
0
3
1
2
3
3
0
3
3
3
5
1
1
2
2
3
3
3
1
21
5
3
0
3
6
4
19
0
8
2
3
3
2
5
2
3
3
21
5
4
0
18
5
2
2
2
4
3
1
7
2
1
2
3
5
2
2
4
3
5
4
1
3
3
3
6
0
5
3
0
4
2
1
2
3
2
3
1
2
3
3
6
5
6
2
3
3
0
2
0
3
4
2
0
3
2
4
0
1
2
3
18
0
3
4
2
4
5
2
3
3
3
1
2
0
0
0
5
3
5
0
5
5
2
1
5
1
2
16
3
2
4
5
3
5
2
3
0
3
5
0
0
0
0
3
6
3
2
3
3
0
1
9
1
0
2
3
3
5
1
2
4
3
2
2
2
0
0
5
3
0
5
2
3
5
1
0
3
3
0
5
2
13
3
0
5
0
0
0
3
2
2
2
0
0
0
0
2
2
4
4
0
4
1
2
3
0
0
2
0
0
2
9
3
1
0
3
4
2
1
2
4
0
15
3
0
3
0
0
2
4
2
3
2
4
2
4
0
3
1
5
0
5
0
5
0
4
1
3
1
3
5
5
15
5
17
11
11
9
13
11
9
7
7
5
7
7
13
7
19
9
7
31
13
5
5
3
11
9
7
11
3
9
27
9
11
33
9
7
9
19
19
3
25
5
13
7
5
9
7
19
7
11
5
9
7
3
11
13
11
1
19
11
9
9
23
5
7
17
13
9
17
9
11
11
9
13
7
15
13
11
7
11
11
13
13
5
11
13
9
13
5
11
5
3
21
11
9
15
9
13
13
23
5
13
15
21
5
17
17
23
17
11
15
13
19
15
9
15
15
1
11
17
11
13
7
9
17
15
9
15
7
13
13
30
21
7
13
0
9
25
15
36
11
5
19
9
7
13
13
15
11
13
15
19
15
11
15
13
17
15
7
13
11
3
23
9
13
21
13
5
7
25
11
9
9
15
15
15
17
15
21
13
7
17
21
7
9
17
15
19
23
21
26
19
15
15
5
13
13
27
11
15
13
19
13
11
17
11
9
7
21
17
13
17
13
13
17
13
19
25
21
13
11
7
17
13
13
13
7
15
15
7
19
9
23
11
17
7
15
27
17
25
25
9
13
15
9
13
23
17
13
15
25
9
25
15
13
5
17
13
21
19
23
13
13
15
25
21
5
23
19
15
15
19
24
11
9
24
35
17
11
21
23
7
9
5
9
19
11
65
87
91
75
86
61
87
42
89
85
58
63
62
63
66
53
46
47
82
73
85
86
34
60
79
77
67
53
37
86
39
67
58
69
42
35
41
43
58
89
66
48
76
68
73
88
69
47
40
43
43
85
69
82
86
67
58
52
44
35
20
74
78
41
76
79
57
40
83
73
35
60
62
76
45
81
73
52
62
74
81
33
31
60
42
78
73
84
85
80
79
41
73
37
73
65
46
76
22
60
78
75
85
70
83
77
43
44
61
58
70
46
53
33
60
54
85
71
39
38
34
43
37
84
66
34
32
76
60
68
68
62
64
68
25
68
66
48
90
36
60
86
29
72
46
67
82
79
65
27
71
85
47
38
35
48
45
75
69
64
60
62
38
75
63
69
39
63
48
69
50
75
33
50
77
33
65
86
70
40
59
65
48
76
73
66
61
69
58
70
46
30
32
78
22
57
63
55
71
79
77
72
52
67
53
77
85
67
65
56
76
83
74
86
53
35
31
70
82
82
71
72
82
62
50
30
60
42
47
46
82
49
62
78
84
35
61
80
33
42
21
51
73
88
64
84
42
62
61
69
58
27
38
71
55
51
83
83
64
81
83
44
43
49
38
70
81
66
52
56
75
51
71
30
71
57
84
80
81
57
56
48
90
65
88
39
61
44
1
0
0
0
2
0
2
0
0
0
0
1
2
0
0
0
2
0
0
4
0
0
0
0
3
0
0
0
0
0
0
4
0
0
0
2
1
0
2
0
0
0
2
1
1
0
0
0
1
0
0
0
0
4
0
0
0
0
0
2
0
0
0
3
9
10
12
1
5
0
1
5
1
17
0
0
0
2
0
0
4
0
0
0
1
2
1
0
0
0
0
1
6
5
0
0
0
1
1
0
0
1
2
0
2
0
0
0
0
0
1
0
4
0
0
0
0
2
2
1
1
0
1
0
2
1
2
1
3
4
7
0
0
5
2
0
4
0
1
1
1
3
2
0
0
0
5
3
2
1
7
0
0
3
1
8
0
0
1
2
1
0
0
3
2
4
0
2
2
5
7
0
0
1
0
5
5
3
2
3
1
2
2
0
0
1
2
0
1
2
0
0
0
7
2
2
2
0
0
0
3
2
2
2
2
2
2
2
1
1
2
0
2
5
2
0
0
1
0
0
0
4
2
2
3
2
2
0
4
0
1
8
0
3
0
0
1
4
10
0
1
27
7
0
9
1
2
1
0
0
0
0
1
3
0
0
1
0
0
0
0
0
0
0
0
5
2
0
1
0
0
0
0
1
0
0
0
2
0
0
0
0
0
0
2
1
3
0
0
0
2
0
0
2
2
2
2
0
0
2
4
2
0
2
2
2
2
2
0
2
2
2
2
2
2
2
0
0
4
0
0
0
0
0
0
0
2
2
2
0
2
0
0
2
0
0
0
2
0
2
0
4
2
2
4
2
2
0
4
0
2
0
0
2
0
2
6
2
0
2
0
0
0
2
0
2
2
2
0
0
4
0
2
0
2
0
10
0
2
0
0
0
2
0
2
0
2
2
4
4
2
2
0
0
2
0
2
0
2
0
2
0
4
4
0
6
2
2
0
0
2
2
0
0
6
4
0
2
8
2
2
0
2
8
0
2
2
2
0
4
2
0
0
4
0
2
2
0
4
0
2
4
0
2
0
6
2
0
2
4
0
2
4
4
4
0
2
2
4
2
4
0
0
4
2
0
0
0
0
0
0
0
4
0
0
0
4
4
0
0
0
4
0
0
0
0
0
4
4
4
0
2
0
0
4
0
0
4
0
4
0
2
0
0
2
2
0
2
0
6
4
0
2
2
0
0
2
0
0
2
0
0
0
0
2
0
0
2
4
4
0
2
0
2
0
0
6
2
2
0
0
0
2
2
4
0
2
0
2
4
4
0
2
0
0
0
0
0
0
0
2
4
0
2
4
0
2
2
0
2
2
0
2
0
0
0
15
6
10
10
9
62
9
4
13
6
9
13
6
7
14
6
12
15
8
6
6
6
13
9
6
12
12
15
8
8
17
6
12
12
15
11
14
11
6
10
12
15
16
12
4
10
6
10
10
8
11
9
13
5
6
10
15
9
11
10
21
13
9
9
63
8
10
13
23
11
11
19
19
11
15
12
17
17
9
8
13
15
9
11
12
19
13
13
8
8
11
13
12
10
9
17
15
11
19
11
12
8
10
21
11
15
12
13
87
13
25
11
7
4
18
23
16
11
17
7
19
6
11
17
17
15
9
11
17
17
17
19
44
9
11
6
17
9
9
16
17
11
14
23
17
15
11
9
12
15
14
11
20
8
15
7
17
11
9
13
13
13
11
10
11
12
17
15
15
17
13
21
19
17
15
15
17
13
20
30
29
13
15
17
17
23
13
14
17
14
11
19
11
11
11
11
12
17
19
19
12
9
54
13
15
13
15
12
15
15
12
15
15
15
10
9
16
10
13
15
10
8
12
15
17
18
44
15
19
11
27
16
20
19
21
13
16
17
18
11
14
14
17
13
18
15
16
15
15
13
11
16
18
17
22
13
13
11
9
13
8
9
11
13
13
25
15
7
19
24
8
9
11
13
19
19
16
9
9
17
0
19
15
13
17
15
11
10
2
8
12
0
2
8
77
4
10
8
6
98
10
4
12
6
91
6
6
7
8
2
4
2
6
8
12
10
6
8
10
6
8
2
6
10
2
0
2
7
10
0
6
6
10
4
2
8
6
2
8
12
2
6
2
0
6
2
47
7
4
2
8
2
10
0
4
8
2
0
4
8
8
10
2
2
6
23
2
6
4
8
6
10
7
4
10
56
0
2
2
0
51
0
6
2
4
6
4
4
4
8
10
2
8
4
7
8
10
0
4
2
12
14
21
12
6
10
6
9
12
4
4
65
2
8
4
2
12
8
60
11
8
2
6
10
10
10
2
6
6
10
4
12
2
97
6
55
9
89
88
94
82
6
95
4
6
6
8
4
57
66
8
6
38
10
2
6
10
10
10
12
6
6
6
8
60
0
4
4
4
6
8
7
68
8
2
58
12
16
2
4
10
6
12
4
50
8
0
6
6
2
0
4
6
8
10
10
10
12
8
2
10
11
10
66
8
12
4
10
2
2
8
4
6
6
4
4
6
2
0
10
8
2
12
0
2
4
4
17
7
10
60
2
0
45
10
6
4
2
4
0
6
4
6
2
2
6
8
5
4
6
0
4
4
25
6
2
10
12
2
10
12
0
4
12
2
72
6
91
5
6
6
8
8
8
6
8
