8
6
6
8
6
4
9
6
6
6
6
5
6
4
4
6
6
5
6
6
6
4
6
5
6
6
8
6
5
6
6
6
6
7
8
6
6
5
8
6
6
6
6
6
6
8
6
6
4
6
6
6
6
8
5
6
5
4
6
6
6
6
6
8
6
6
4
6
6
6
6
6
6
4
6
6
6
6
5
4
6
6
6
4
8
6
6
6
6
6
6
6
7
4
7
6
8
8
8
8
6
6
6
6
6
6
6
6
6
4
6
6
6
7
5
6
6
6
6
4
8
6
4
6
6
5
6
6
6
6
6
7
6
6
8
6
6
6
6
5
6
6
6
6
6
8
6
6
5
5
6
6
8
5
6
6
4
5
6
4
6
6
6
6
6
6
7
5
8
6
6
6
4
5
6
8
8
6
8
8
6
6
4
8
8
6
6
6
6
6
6
5
7
6
5
5
6
6
6
6
5
6
4
6
6
7
6
6
6
6
4
7
6
6
7
4
6
6
6
6
6
8
8
8
6
6
5
6
6
8
6
6
5
6
6
6
4
6
6
6
5
5
5
7
6
3
4
8
6
7
6
6
6
6
6
6
6
6
6
6
6
8
8
4
6
6
6
6
6
6
6
6
6
6
6
6
6
6
6
8
6
0
5
6
5
8
0
6
6
2
4
2
4
4
4
2
6
2
4
2
4
4
4
2
2
6
8
4
8
4
6
6
6
2
2
2
2
2
4
2
6
4
6
10
2
2
4
4
8
2
6
6
6
4
4
2
4
4
4
4
4
2
6
2
6
6
8
2
6
4
2
4
4
6
4
8
4
6
2
2
4
2
8
8
2
19
10
2
2
4
4
4
2
2
4
2
6
4
6
4
4
2
4
8
6
2
4
6
2
6
4
6
4
4
4
4
6
4
4
4
4
4
4
2
8
2
4
6
4
4
2
4
4
2
8
6
6
4
6
4
4
4
2
2
2
2
4
2
2
4
4
4
4
4
4
10
4
8
4
4
2
4
6
4
4
10
4
4
4
6
4
4
6
2
4
4
6
6
2
2
4
2
6
4
4
8
4
6
4
10
4
6
4
6
2
2
8
4
4
2
4
4
6
8
6
6
2
4
2
4
4
4
4
2
2
4
2
6
4
2
2
2
2
8
4
8
4
2
2
4
2
8
4
2
4
6
4
4
2
6
6
2
2
2
4
2
2
6
6
6
4
4
8
4
4
4
2
4
2
4
6
2
8
4
4
4
4
2
4
8
4
4
2
6
6
2
2
4
4
6
6
4
4
6
4
10
8
4
4
4
8
4
2
6
4
6
2
0
1
0
1
1
0
0
0
3
1
0
0
0
1
0
3
27
3
1
0
1
0
1
0
0
1
0
1
3
1
1
1
1
1
0
4
0
1
0
1
3
0
1
1
0
1
1
1
1
1
1
0
1
3
10
1
1
1
0
1
1
6
4
1
0
3
1
3
1
0
3
0
0
0
0
0
1
3
1
0
0
1
1
0
1
1
0
5
1
3
0
1
1
0
0
1
1
1
0
6
1
1
0
3
0
1
1
0
8
1
4
0
1
3
1
1
3
7
1
3
0
1
1
1
0
4
5
0
1
1
4
3
4
3
0
1
37
2
1
1
1
1
1
1
1
1
3
1
3
1
0
1
2
2
1
0
2
3
1
0
3
0
1
1
1
1
0
1
3
0
3
5
1
0
1
6
1
1
1
2
3
1
0
0
3
3
1
3
1
1
1
1
1
0
0
3
0
5
3
0
1
3
1
9
1
0
0
0
3
3
1
0
0
1
44
1
0
3
0
0
1
1
1
1
1
0
1
3
44
1
3
0
4
0
0
0
0
0
0
4
0
0
3
3
1
0
9
1
3
1
0
1
0
0
1
3
0
35
1
0
4
1
1
4
0
0
5
3
3
0
1
0
1
0
1
3
1
3
0
0
1
32
1
3
42
45
0
0
0
0
5
0
8
0
0
0
4
1
1
4
1
3
0
1
3
3
2
1
1
5
0
1
1
6
0
1
1
3
3
3
4
4
0
1
1
1
1
1
0
0
0
0
1
3
3
1
1
1
0
1
5
1
1
0
4
1
11
1
1
1
4
0
2
1
4
0
4
1
1
2
0
6
1
0
5
0
4
6
3
1
1
1
0
1
4
1
1
3
3
0
0
1
1
1
1
1
1
0
5
0
1
1
1
3
3
4
2
1
1
3
3
29
1
3
3
0
4
1
0
3
0
3
1
0
3
0
0
1
0
1
3
0
6
3
3
4
3
2
0
1
0
1
0
1
1
5
1
3
1
4
0
3
0
3
4
3
1
1
3
0
6
1
0
2
0
1
1
0
9
0
3
1
7
3
3
1
3
1
1
4
0
1
0
1
1
0
1
2
2
6
1
0
3
0
3
1
3
0
1
0
0
0
1
1
4
0
1
3
1
0
5
4
3
0
0
0
2
0
5
3
0
1
1
0
1
3
4
1
0
1
1
3
1
0
3
1
5
0
1
1
5
3
1
3
0
3
0
2
5
1
0
3
4
0
1
2
1
1
1
0
3
1
1
1
1
3
0
1
0
3
1
3
3
3
1
1
6
0
0
0
1
3
1
0
0
4
0
0
2
2
4
2
6
0
4
0
2
0
3
4
0
2
6
4
4
8
0
2
2
2
4
10
2
6
2
4
2
0
6
6
6
4
8
2
2
2
0
2
2
0
2
6
4
10
4
4
2
2
4
4
2
0
2
4
0
2
4
0
4
6
2
8
2
0
2
2
0
4
4
6
2
2
4
4
0
2
4
0
4
0
2
4
4
4
0
12
0
8
4
0
6
2
2
4
6
0
2
4
0
6
2
10
2
4
2
0
6
14
2
11
4
2
2
0
2
0
2
0
0
2
4
4
2
2
2
6
2
0
4
6
4
8
4
0
0
14
4
14
4
2
2
2
4
4
2
0
4
0
0
2
4
2
6
2
0
2
4
6
6
0
4
4
2
0
2
2
2
0
6
2
2
2
4
0
2
2
2
2
2
4
2
2
4
2
6
2
6
6
0
2
18
4
0
4
2
2
2
2
2
4
2
4
6
0
0
4
0
4
2
4
2
8
0
2
6
2
4
2
4
4
0
2
2
0
2
2
4
2
2
8
2
2
4
2
2
0
4
2
0
2
0
0
0
0
0
2
0
4
12
2
4
4
2
4
2
4
4
2
2
2
6
2
2
4
0
4
0
2
4
2
6
4
4
2
2
4
6
2
6
2
2
4
0
6
2
6
10
6
8
6
4
2
4
8
4
6
6
4
8
4
6
2
8
6
6
6
4
4
4
6
4
6
6
6
4
8
2
6
8
8
6
4
4
8
8
6
6
4
4
4
2
4
4
4
4
4
4
8
6
6
6
4
4
4
8
0
0
4
8
4
6
6
8
6
12
4
4
6
4
4
6
8
6
4
6
8
6
8
4
4
6
4
6
33
10
4
4
6
4
4
6
6
8
4
8
4
4
6
4
8
4
6
0
8
4
2
10
10
4
8
8
2
10
6
6
2
6
6
4
2
6
6
2
8
8
4
4
2
4
6
4
16
10
8
6
8
6
4
6
4
0
6
4
10
8
4
8
6
4
4
2
6
2
6
8
6
2
2
6
8
2
4
8
4
8
4
4
8
8
4
6
4
6
4
2
4
4
6
6
10
2
4
4
8
2
6
8
8
8
6
6
6
8
8
6
6
6
8
4
4
0
8
4
6
4
4
0
4
8
2
4
8
4
2
4
6
6
6
2
6
8
4
4
6
2
2
2
0
10
4
2
0
6
2
4
0
2
2
6
4
0
2
2
4
2
4
6
2
6
6
4
4
2
8
4
2
4
4
0
2
2
8
6
8
2
6
6
2
4
6
4
4
4
6
4
12
4
4
2
2
6
32
23
46
33
33
36
45
46
42
61
40
46
32
32
34
44
32
32
44
33
45
24
36
45
44
33
46
34
40
47
47
47
32
31
32
47
50
45
47
33
47
35
46
82
46
33
71
41
45
50
34
27
42
32
44
34
44
31
29
32
60
31
58
29
43
35
44
35
46
28
32
32
44
34
41
31
30
34
42
47
40
33
24
39
44
23
46
31
30
46
46
45
33
42
44
49
45
23
45
31
31
32
42
47
42
42
34
46
46
31
50
45
48
45
32
45
47
33
46
46
46
31
47
31
32
34
48
46
43
31
48
46
68
25
46
31
33
46
50
39
43
30
46
40
45
29
31
25
31
35
46
45
45
31
47
46
45
44
48
33
41
33
43
33
40
25
50
32
46
31
33
26
41
42
42
48
43
37
34
42
46
29
33
30
31
73
67
49
41
34
36
47
37
30
49
34
31
61
37
34
34
32
47
43
44
45
42
44
42
31
45
46
45
35
43
43
34
31
39
31
42
44
33
45
31
30
55
43
44
26
44
39
38
44
46
31
30
29
46
48
34
27
33
33
31
44
32
46
32
24
34
43
48
33
45
33
33
48
31
48
33
31
48
33
48
43
47
33
33
30
43
46
87
30
38
40
45
33
46
33
66
24
44
34
42
36
24
47
4
2
7
4
2
2
6
5
4
4
4
2
2
6
6
6
4
4
6
8
2
4
4
4
10
4
4
8
5
2
2
6
4
6
6
4
4
7
4
2
6
6
6
2
4
6
9
6
15
7
2
12
5
4
2
4
4
6
6
4
6
4
4
4
4
6
8
6
6
4
4
8
8
6
4
9
4
4
4
6
9
11
2
2
2
4
4
2
4
4
2
2
4
7
2
6
2
0
4
15
9
4
6
4
4
5
5
9
4
6
7
11
6
4
6
11
9
9
7
4
12
4
10
5
10
6
6
4
2
2
4
4
6
5
6
2
4
4
2
4
4
6
5
2
6
4
6
6
7
6
7
4
6
6
7
6
2
7
9
4
2
4
6
6
6
6
13
7
4
5
6
7
6
7
6
4
8
4
4
7
7
5
7
2
4
4
4
7
4
4
7
11
6
10
5
4
4
4
8
7
8
2
7
6
4
6
7
4
4
4
4
5
6
6
4
6
6
14
9
5
7
6
4
6
2
4
7
4
6
9
4
9
7
9
9
4
4
6
4
4
4
4
2
4
4
4
12
4
4
9
4
2
4
5
4
4
2
2
8
4
4
8
2
2
7
9
8
8
5
7
4
9
4
4
6
8
6
8
10
7
7
4
7
9
8
6
8
4
13
5
3
11
5
3
13
13
15
19
11
5
15
11
1
13
3
8
13
9
7
7
8
44
19
15
5
13
11
9
5
3
5
5
11
11
9
5
17
5
7
7
7
23
11
5
7
15
11
3
7
5
17
11
13
11
11
11
13
13
0
13
7
17
7
9
34
11
11
7
13
25
12
11
21
7
11
13
5
22
15
21
31
21
17
13
19
17
15
13
21
9
29
7
27
17
13
15
21
11
14
21
19
30
19
13
16
39
3
13
37
5
21
19
19
15
17
5
36
35
7
21
35
5
20
29
44
23
13
25
23
36
19
30
5
7
26
24
26
9
23
9
11
17
5
29
13
3
11
9
15
7
13
13
13
7
3
13
9
9
11
7
5
11
5
5
3
13
17
15
9
9
13
9
9
13
7
7
3
5
17
3
9
7
7
11
7
9
15
9
11
13
9
13
1
1
11
11
13
11
13
9
7
7
7
15
1
5
9
13
7
9
7
11
3
2
1
5
9
9
5
9
5
1
3
7
5
17
13
11
7
1
5
5
3
25
17
19
17
27
7
15
19
38
15
32
11
27
13
7
24
56
29
7
17
7
25
36
17
9
15
17
23
10
19
3
9
13
17
13
10
7
11
5
13
3
17
15
13
26
15
18
17
13
13
17
25
11
9
27
2
1
43
9
5
17
7
21
48
9
9
5
5
3
52
11
7
2
13
5
17
7
11
7
7
3
17
5
3
7
17
5
19
9
7
35
7
5
7
5
5
7
5
5
13
5
78
9
11
9
9
5
13
48
2
9
21
21
7
37
19
2
9
2
7
2
3
5
3
3
7
37
5
3
7
7
15
7
2
7
7
5
66
72
23
45
11
25
7
9
9
25
7
29
25
1
3
3
9
3
13
11
11
5
9
46
11
24
29
7
3
3
7
3
7
5
9
7
37
3
2
15
23
18
19
3
11
9
5
3
23
3
93
3
2
7
9
3
17
7
5
9
9
9
5
63
19
29
5
11
3
9
5
5
11
7
3
3
13
9
3
9
33
13
9
13
25
48
11
5
13
56
19
7
9
33
9
7
5
11
9
11
5
9
5
7
27
9
11
5
11
5
3
7
5
3
50
9
7
5
7
23
9
41
3
70
11
3
3
62
7
7
13
9
7
2
3
11
5
5
49
9
45
7
37
15
7
15
5
76
52
5
9
3
44
15
5
5
9
5
9
3
41
5
5
9
15
7
74
58
11
13
44
13
3
11
7
5
5
5
25
3
5
50
5
3
43
11
5
11
9
9
7
13
9
31
9
5
9
2
7
11
5
11
19
13
