2
0
2
2
0
0
2
2
2
0
2
0
2
0
2
0
2
0
2
0
9
2
0
0
0
2
0
0
4
2
4
0
0
0
2
0
2
0
2
2
0
0
2
2
0
2
0
0
0
0
2
0
0
0
0
0
2
2
2
0
2
0
4
9
0
4
2
2
2
0
1
0
0
2
2
0
2
2
0
2
0
0
0
0
2
2
0
0
2
2
0
0
0
2
4
3
1
0
0
2
9
2
5
0
2
0
2
0
3
2
2
0
2
4
3
4
4
2
2
3
4
0
2
2
2
2
0
2
4
0
2
2
0
2
0
2
2
2
5
0
2
2
0
2
0
0
0
0
0
3
0
0
0
4
0
0
2
2
2
0
2
2
2
2
0
2
2
0
0
3
0
4
0
2
4
4
0
2
0
0
0
2
0
0
2
0
2
0
0
0
2
0
2
2
0
0
2
2
2
2
2
0
2
4
0
0
0
0
0
0
2
0
2
0
0
2
0
0
2
0
0
0
0
5
0
4
2
3
2
2
0
2
0
2
2
0
0
3
7
0
0
0
0
0
2
0
0
2
2
2
2
2
0
2
2
7
0
0
0
2
0
0
2
0
0
2
2
0
0
2
3
2
0
0
0
2
0
2
11
0
0
0
0
2
2
0
2
2
1
3
17
2
2
2
2
2
7
2
9
0
0
6
4
3
5
5
3
2
4
7
5
3
2
47
6
3
2
2
5
49
6
1
2
2
0
5
45
49
3
4
2
13
4
2
2
4
31
9
7
0
0
7
4
4
23
2
5
7
5
4
3
2
7
0
4
49
55
4
2
5
3
7
4
5
3
2
4
0
5
9
2
0
5
3
2
2
3
5
39
2
2
2
2
0
3
4
2
2
0
7
9
2
5
5
5
5
4
49
3
2
5
4
7
3
2
7
2
4
7
4
3
2
2
4
2
5
17
2
3
4
2
4
3
3
3
5
2
13
7
3
0
2
7
3
0
5
7
47
2
4
5
7
13
5
2
9
2
3
7
2
3
7
7
17
4
3
5
15
9
2
3
33
3
4
3
2
3
2
2
4
2
0
9
2
2
2
2
2
0
3
1
3
5
0
4
2
6
3
2
2
3
2
5
2
4
5
0
2
2
4
4
5
2
4
4
7
2
2
2
3
3
5
4
4
0
2
3
31
4
47
6
4
4
0
49
5
2
0
11
0
3
4
2
4
9
2
0
2
0
47
2
0
7
17
2
0
2
5
3
2
3
3
2
0
3
5
4
2
2
9
3
2
2
29
3
5
3
0
49
7
3
5
35
2
3
5
8
19
4
49
51
34
68
5
6
7
70
8
68
4
2
11
7
22
11
57
8
6
35
6
60
7
11
4
4
6
11
8
13
45
48
10
21
5
75
7
78
4
13
4
7
17
6
76
66
8
10
10
38
4
2
9
3
12
6
4
8
9
7
6
6
2
11
4
6
37
38
11
8
9
8
70
0
14
44
6
9
14
9
6
12
8
11
9
11
8
5
7
8
11
7
33
54
16
12
8
7
6
6
77
56
10
6
32
5
9
78
11
8
79
6
12
8
3
4
69
6
35
5
4
20
5
7
5
47
8
10
30
59
33
48
7
14
7
7
74
6
6
4
4
2
5
6
11
14
72
23
8
8
7
10
70
7
6
6
14
11
6
8
8
15
9
9
4
58
11
60
4
6
5
14
17
11
11
81
7
7
27
6
8
13
9
15
21
64
4
13
36
9
7
6
9
13
7
8
9
56
65
10
10
74
10
11
71
12
11
5
4
6
11
8
70
5
4
10
38
18
8
5
21
41
7
10
13
14
5
2
12
53
13
8
10
26
8
11
7
11
9
11
9
12
9
32
11
40
7
10
31
46
26
18
7
8
49
9
25
6
46
10
51
9
3
21
14
52
57
7
13
7
12
49
7
47
10
7
50
16
13
12
46
9
11
31
16
49
31
45
21
50
29
42
26
25
17
36
19
19
43
54
35
24
29
29
20
27
31
39
31
17
21
32
33
45
39
36
23
36
33
27
39
32
49
38
26
48
13
55
42
25
21
39
20
23
27
24
40
35
47
33
29
34
29
49
24
21
44
14
68
34
34
29
33
21
37
39
35
33
36
33
43
60
15
28
48
45
43
38
33
27
31
30
37
53
34
20
29
30
34
24
21
28
50
42
37
30
37
32
19
25
33
19
26
22
36
75
37
47
27
18
29
52
36
27
29
13
30
34
31
48
26
26
46
36
32
31
28
28
37
37
52
31
18
35
52
31
24
46
54
34
34
27
48
33
34
28
34
19
44
39
29
24
29
48
57
44
36
27
48
21
29
27
15
17
32
25
74
33
67
59
35
31
30
42
51
73
59
28
72
66
70
58
21
90
28
53
50
72
52
58
60
78
18
45
23
36
19
70
33
52
33
79
42
84
51
46
32
27
21
35
40
63
30
38
64
38
44
41
19
23
12
42
44
36
72
77
36
52
24
83
28
16
42
63
61
76
31
44
43
73
89
66
28
44
29
28
60
36
68
67
52
74
66
50
20
40
25
55
19
61
73
27
58
65
9
68
40
39
22
58
41
73
79
50
62
77
10
40
26
24
40
31
17
2
0
7
8
0
2
0
0
2
0
4
2
0
2
4
4
30
0
4
4
4
2
2
0
2
6
2
2
2
0
4
2
2
39
2
4
4
0
2
0
4
2
29
2
4
4
4
0
0
2
4
2
2
2
2
0
4
2
0
0
2
4
2
4
0
4
4
4
4
2
4
6
34
6
0
2
8
0
2
2
4
4
41
4
2
47
4
2
0
2
0
4
0
2
6
11
6
2
4
0
2
2
2
44
2
2
40
0
2
29
4
2
2
4
2
49
2
2
6
2
2
0
0
0
4
2
2
2
4
9
0
2
2
0
2
2
4
6
34
49
2
2
2
2
4
0
2
4
8
0
2
0
38
2
0
0
11
0
43
6
2
2
31
4
4
0
4
2
6
2
2
2
2
4
0
2
2
0
2
2
4
2
2
0
2
0
2
4
2
2
2
4
4
4
4
2
4
2
26
0
2
4
2
11
0
4
13
4
28
0
0
0
4
4
2
2
2
2
2
4
37
4
2
0
9
4
4
0
4
4
2
2
7
11
4
4
2
0
2
2
4
6
13
2
2
2
2
6
2
5
0
4
4
0
2
2
4
4
4
0
4
2
2
4
2
0
4
4
49
2
2
2
2
2
2
4
4
6
6
4
6
2
0
0
2
4
0
4
0
0
0
0
0
0
0
0
0
0
0
0
0
0
0
0
0
0
0
0
0
0
0
0
0
0
0
0
0
0
0
0
0
2
0
4
2
2
2
2
0
4
2
2
4
2
0
4
4
2
4
2
2
2
2
2
4
0
2
2
2
2
2
0
0
4
4
4
2
2
2
0
2
2
2
2
2
5
2
2
0
0
0
2
0
4
0
0
0
0
2
0
2
2
2
4
2
2
2
2
2
4
0
2
2
0
2
4
4
2
2
0
2
0
4
2
2
4
2
2
4
2
2
2
3
2
0
2
2
2
0
2
2
2
2
0
0
2
0
4
2
2
6
2
2
2
2
4
0
2
4
0
4
2
0
4
2
2
2
0
2
2
2
4
2
2
2
0
0
0
0
0
0
0
2
0
0
0
0
0
0
2
2
2
0
4
2
4
4
0
2
0
2
0
4
2
4
0
2
0
2
0
0
0
2
0
0
0
2
0
2
2
4
0
0
4
2
2
4
4
2
2
2
2
2
2
2
4
0
2
4
0
2
2
2
4
2
0
2
4
4
2
2
2
2
2
2
0
2
0
4
4
2
0
2
2
2
0
0
2
2
4
0
0
0
2
4
0
2
0
2
2
0
2
0
0
0
2
2
2
2
2
2
4
2
2
0
0
14
34
2
4
70
9
3
2
2
2
54
12
8
0
10
72
4
0
6
12
6
6
4
12
4
8
10
2
4
0
8
68
2
0
0
12
12
4
2
2
6
10
4
8
0
4
0
10
10
12
2
6
10
6
26
2
0
75
8
8
8
0
7
4
4
8
4
2
2
4
2
2
2
0
2
8
17
0
0
2
2
0
0
0
4
41
4
6
4
2
8
2
2
0
8
4
8
2
4
2
10
4
4
87
2
0
8
2
4
2
10
6
6
11
7
2
0
4
6
8
12
4
4
4
12
4
2
2
4
14
2
6
2
46
4
10
84
6
0
4
4
10
6
11
0
4
8
12
10
2
51
2
4
8
11
12
2
2
4
6
2
6
6
4
25
7
8
6
4
2
10
10
10
8
2
14
2
14
8
9
6
4
12
0
0
2
6
4
11
10
10
4
2
17
10
4
7
0
6
27
11
4
2
8
56
10
8
55
6
4
6
6
2
0
2
6
6
6
6
0
8
12
8
10
6
2
8
69
2
8
2
4
4
4
10
6
4
2
8
10
4
8
8
6
2
0
5
59
8
6
10
0
6
10
12
65
8
2
9
2
8
2
4
4
6
15
12
2
0
14
10
40
2
4
0
8
6
60
8
2
11
8
0
8
2
87
9
8
6
7
42
6
5
33
40
7
10
44
7
17
9
9
45
12
56
11
31
21
10
9
7
7
39
32
7
10
5
6
12
7
7
12
7
19
5
52
5
49
51
78
11
7
4
3
5
7
34
9
20
12
8
72
5
9
7
5
17
41
11
13
5
7
42
33
6
6
4
12
11
48
7
9
2
14
12
7
9
7
11
8
5
5
14
11
26
7
9
10
43
9
42
7
5
2
7
9
7
6
8
2
4
8
9
12
7
4
15
14
8
12
50
37
33
7
10
5
11
16
49
10
29
8
48
31
28
50
14
5
5
8
39
9
35
7
11
7
9
14
3
11
10
7
12
8
30
9
7
43
37
7
43
10
9
7
7
39
7
7
40
31
31
7
11
9
7
29
52
5
11
7
6
61
11
7
10
7
51
7
9
7
27
4
2
31
6
32
7
7
10
4
8
5
41
4
8
37
57
15
8
5
9
44
12
12
9
8
6
9
7
5
9
5
21
5
41
40
50
7
9
36
56
24
16
46
17
7
40
7
40
6
8
4
5
5
3
43
3
5
7
4
2
39
12
7
21
34
6
6
18
8
24
33
6
44
0
75
5
7
5
7
5
5
35
50
7
4
49
5
31
43
38
4
11
16
40
5
5
7
19
9
4
8
7
14
40
9
6
8
8
6
6
4
6
0
0
4
6
4
2
2
6
4
4
2
2
2
4
2
2
2
16
2
2
10
10
8
4
2
8
4
4
4
2
12
2
4
4
14
10
12
6
6
8
6
4
6
2
4
4
4
4
8
2
2
4
4
6
2
10
8
4
18
6
10
4
2
4
8
2
2
8
6
2
0
6
4
4
8
4
4
4
4
2
2
2
8
2
0
2
8
12
2
2
10
2
4
6
2
4
8
8
2
4
2
4
4
0
4
2
6
12
8
4
4
6
4
4
4
2
6
6
0
4
2
10
4
6
4
4
2
2
6
4
2
6
2
8
10
6
2
0
4
4
4
4
2
10
8
8
8
0
6
4
16
2
4
4
4
8
6
6
8
6
8
4
6
4
4
4
6
10
2
6
8
10
4
14
2
8
6
4
0
4
2
10
4
2
6
2
4
6
4
8
8
12
6
2
6
4
2
4
2
4
2
2
8
12
4
4
8
10
2
8
4
8
6
14
4
8
4
4
4
6
8
2
2
6
4
6
4
8
2
4
8
6
6
2
2
6
0
4
4
2
2
2
6
10
6
8
2
4
8
2
6
4
6
2
2
4
2
2
4
4
6
4
6
4
4
2
4
8
4
2
8
8
2
8
4
4
2
4
6
2
2
12
3
8
0
20
0
1
17
5
9
10
5
1
3
1
9
28
0
2
24
3
0
10
2
7
4
2
3
0
3
0
2
0
13
1
3
15
4
16
15
0
3
0
17
4
0
3
11
0
12
0
4
20
2
1
0
9
16
0
3
12
3
9
0
0
0
2
6
12
2
15
1
0
0
1
13
10
1
1
9
1
3
15
3
9
30
13
1
0
1
5
12
1
7
4
16
1
11
26
8
4
15
4
0
2
19
1
0
2
9
3
2
1
25
1
4
11
0
0
1
0
2
14
0
1
15
4
0
0
3
14
3
11
0
3
0
11
0
5
9
1
1
7
12
1
2
0
17
19
0
0
0
0
11
0
0
19
1
3
11
1
0
5
0
4
0
0
5
0
2
1
8
20
3
0
13
2
0
7
0
0
3
11
2
12
3
4
0
1
4
26
20
1
13
7
0
49
4
1
1
0
11
4
0
9
2
0
15
0
0
0
10
1
0
15
17
13
0
3
16
1
40
0
5
1
2
0
0
16
3
15
3
4
0
23
0
0
1
10
16
3
0
2
0
4
0
18
4
0
0
4
0
1
0
9
4
1
0
1
3
3
1
8
3
2
3
0
0
0
0
5
1
5
0
1
3
14
0
5
2
1
0
1
0
1
14
0
5
