4
3
8
7
4
4
5
6
5
5
5
3
4
5
5
7
4
5
5
5
5
5
4
4
4
5
7
4
6
0
5
6
5
5
4
5
6
5
2
6
4
6
5
4
2
4
5
7
6
7
5
4
5
7
5
4
5
4
4
5
5
5
5
6
5
5
7
6
5
4
4
5
6
7
7
4
5
5
6
5
5
2
7
5
4
7
4
7
7
5
5
3
4
5
5
2
3
6
6
5
6
7
5
7
5
6
6
6
4
5
5
4
7
5
5
6
6
6
7
5
5
7
7
5
5
5
7
5
5
5
5
5
5
5
6
4
4
5
7
4
5
4
5
5
5
7
6
4
10
7
7
2
4
5
6
5
2
5
7
4
7
6
5
5
6
5
6
3
4
4
5
6
7
5
7
6
5
5
5
5
5
5
5
7
5
5
5
6
5
3
7
5
5
5
7
5
4
5
5
7
9
7
5
5
5
4
5
8
6
6
7
5
6
5
6
4
5
5
7
7
4
8
14
5
6
6
4
7
7
4
5
6
6
7
5
6
5
5
5
5
5
7
5
2
7
8
4
2
5
5
5
5
17
4
8
6
5
5
7
7
5
4
5
4
5
7
5
5
4
6
7
5
5
5
4
7
7
6
6
6
7
6
4
6
5
2
5
5
5
5
24
5
19
18
10
5
10
5
4
3
9
21
16
5
11
12
25
9
7
4
7
20
13
20
17
5
26
29
7
11
16
5
14
25
27
9
7
10
14
22
4
18
23
15
14
18
3
12
16
10
12
10
7
23
7
29
19
26
15
22
20
9
19
24
23
23
7
5
23
5
22
8
27
16
7
9
17
6
20
24
19
24
14
11
20
11
25
5
21
13
5
25
19
11
16
22
11
17
20
17
13
13
13
6
23
3
28
5
21
7
17
22
5
11
16
15
20
13
29
20
7
7
12
13
13
23
7
9
5
18
12
9
25
20
15
7
9
20
19
31
24
22
21
19
16
7
7
24
23
14
18
31
11
8
14
4
7
10
11
13
22
14
10
21
20
5
19
4
23
13
21
14
18
4
9
16
23
7
12
11
7
13
14
14
9
5
31
7
13
20
16
5
5
3
17
14
18
18
14
16
18
10
5
6
23
18
22
14
25
15
12
8
12
5
2
27
22
12
5
9
21
20
21
8
19
13
51
63
14
16
5
19
7
18
5
12
7
6
7
22
14
16
23
26
23
18
11
24
10
23
7
6
7
6
9
4
7
3
22
19
5
7
5
5
7
30
16
5
7
14
7
7
31
13
7
18
7
11
13
15
5
3
21
26
22
28
9
11
4
11
11
11
17
6
11
11
9
11
8
11
6
11
31
11
15
8
10
4
8
6
8
5
4
10
25
8
9
25
8
23
6
12
15
4
13
11
12
8
4
8
17
8
7
11
11
10
6
8
4
13
13
8
2
10
4
27
2
8
8
10
8
8
13
12
6
8
9
6
13
12
11
6
11
4
22
9
8
15
12
10
9
12
4
27
9
8
4
8
8
8
9
10
13
10
13
11
8
12
11
9
8
11
17
6
19
11
6
21
21
7
21
8
11
16
6
13
8
17
15
2
12
15
23
9
10
17
15
10
10
11
13
11
8
13
13
11
20
13
23
15
21
15
7
8
8
15
9
12
6
6
13
13
13
13
8
46
6
13
9
19
11
10
13
13
11
19
8
7
9
15
11
15
10
19
13
15
15
17
13
7
7
15
8
10
8
9
19
11
15
19
40
10
8
10
17
7
13
8
9
17
8
8
13
8
12
6
8
9
17
4
11
13
2
13
13
6
2
7
6
6
6
19
10
9
7
9
9
11
6
9
6
9
12
9
10
14
17
6
9
4
2
6
8
2
9
4
4
6
4
0
4
0
4
7
0
4
2
4
19
2
2
2
4
0
0
4
2
2
0
4
0
4
4
2
6
0
0
0
7
4
4
4
2
4
0
2
2
1
3
2
0
0
0
2
0
3
2
2
3
0
0
2
5
2
0
0
2
0
0
2
2
2
5
0
5
0
2
14
0
1
2
0
2
0
2
3
2
2
2
1
2
2
3
0
3
10
9
0
3
2
3
0
4
3
0
0
0
0
2
0
0
3
7
2
1
2
2
2
3
3
1
1
3
2
0
3
0
2
2
2
0
2
3
3
0
1
2
0
0
3
2
0
2
0
0
3
0
1
2
0
5
1
3
2
2
0
0
2
0
2
0
0
0
0
0
0
0
3
2
0
0
1
0
4
2
2
0
3
2
0
2
1
1
0
6
2
2
2
2
0
0
7
1
2
3
0
1
2
3
0
2
0
2
0
0
2
1
0
2
2
0
0
3
0
1
3
0
0
6
2
7
4
1
1
0
0
0
7
5
2
3
2
2
2
2
3
0
2
2
3
3
1
0
4
0
2
2
2
5
3
2
1
0
0
0
3
3
0
5
3
0
0
0
0
2
2
2
2
4
0
3
0
0
1
2
4
2
2
0
0
0
3
0
3
0
2
2
0
2
2
0
3
0
0
2
2
0
4
0
0
2
3
5
0
2
1
0
0
2
7
2
0
2
1
4
4
2
2
5
2
2
2
2
6
5
0
0
0
0
0
3
5
2
0
2
2
2
4
4
4
4
6
6
2
2
6
4
2
2
2
4
4
4
2
2
4
4
2
0
2
0
4
6
2
4
4
0
2
4
4
6
2
4
2
2
2
4
2
6
4
0
8
4
2
0
4
2
4
0
2
4
4
2
0
2
4
4
2
0
2
2
2
4
2
0
4
0
0
2
2
2
4
2
0
4
2
4
4
2
4
2
4
4
4
2
2
2
6
2
2
2
4
4
4
6
0
4
0
0
4
4
2
2
4
0
4
4
2
4
4
2
2
4
2
4
4
6
4
4
6
2
2
4
4
2
4
2
6
4
4
2
2
0
4
6
2
0
2
0
2
0
4
2
4
2
2
2
0
6
2
4
4
4
2
4
2
2
2
4
4
2
0
2
2
2
0
2
2
6
2
4
2
4
4
2
2
2
0
2
0
2
2
4
0
4
0
2
2
2
6
0
2
2
2
0
4
2
4
4
2
4
2
2
0
4
2
2
2
2
2
0
0
6
6
4
4
6
4
2
2
4
2
2
0
2
4
0
4
4
6
2
2
2
2
0
0
2
2
4
2
0
2
0
0
4
2
4
0
4
2
0
4
4
2
6
4
0
6
4
4
4
8
4
2
2
0
2
2
2
2
0
2
2
2
2
2
4
2
2
0
37
2
2
8
2
7
6
6
4
2
7
4
6
4
43
12
6
4
2
4
4
12
22
19
2
6
8
0
3
6
0
2
4
2
4
27
2
4
2
4
8
4
2
2
30
0
2
2
6
2
2
2
2
6
0
6
6
5
28
0
6
4
4
2
26
2
0
0
0
16
8
9
4
56
0
4
34
4
4
37
4
0
2
2
0
2
2
2
0
4
4
4
21
0
27
2
4
0
4
2
4
2
0
0
2
4
41
0
8
0
8
14
8
0
6
0
6
8
21
4
77
2
2
49
0
2
47
6
2
2
27
0
6
50
2
2
37
2
4
46
2
2
2
17
8
46
5
2
4
6
4
4
55
0
5
29
3
0
6
6
0
6
5
6
47
2
16
19
2
3
2
2
3
5
0
7
2
37
4
0
41
4
0
4
0
2
4
6
0
2
2
2
0
4
6
3
20
4
2
2
2
7
4
10
2
8
8
6
41
4
7
4
4
2
6
0
8
4
6
2
5
4
9
8
2
2
4
4
7
3
2
2
0
8
2
4
49
2
2
4
4
2
4
11
0
6
8
0
2
2
41
0
0
4
6
6
7
2
6
27
2
15
4
4
8
11
4
2
2
4
4
4
8
2
4
2
6
6
0
8
3
3
0
6
25
12
28
2
0
4
2
2
2
2
2
0
2
2
0
2
0
2
0
2
2
0
0
2
0
2
0
0
4
0
2
0
2
2
2
0
0
0
2
2
0
2
2
2
0
4
4
0
2
2
0
2
2
0
0
0
4
2
2
4
2
0
0
2
2
0
0
0
0
4
2
4
0
4
0
2
2
2
2
2
0
4
0
0
6
0
2
2
2
4
2
2
4
0
2
2
2
0
0
2
2
2
2
0
2
2
2
2
4
0
2
4
4
4
0
2
2
0
2
2
2
0
2
4
0
2
4
0
2
0
2
2
0
0
2
0
0
0
2
2
2
2
2
0
0
2
2
2
2
0
2
2
2
2
0
2
0
0
2
4
0
2
2
0
4
4
0
2
4
2
0
0
0
0
4
2
0
2
2
2
2
2
0
0
2
0
0
0
2
2
0
0
0
0
2
0
4
0
0
0
0
0
2
0
2
0
2
0
0
2
2
2
0
2
2
0
2
0
2
2
2
2
0
0
2
2
0
0
2
0
2
2
0
2
0
0
2
0
2
0
0
2
2
0
0
0
0
0
2
0
4
0
0
4
2
0
0
0
2
0
0
0
2
2
0
0
0
2
0
0
0
0
0
0
2
0
0
0
2
0
0
0
2
2
0
2
4
2
0
2
2
2
8
2
4
39
0
2
4
0
2
6
2
0
4
34
0
0
2
0
2
4
4
0
0
4
6
2
4
7
0
2
0
0
2
2
0
0
2
0
31
2
6
0
2
33
0
2
2
3
0
6
4
0
2
2
2
2
2
2
0
2
6
0
6
0
2
4
4
0
39
2
2
0
0
0
0
0
2
2
39
0
0
0
2
2
2
4
2
0
2
4
2
2
2
2
2
4
4
0
0
6
6
0
4
2
0
0
2
2
4
0
2
2
4
79
0
2
4
2
26
2
0
0
0
30
2
4
4
0
0
2
6
4
4
34
2
2
2
2
30
2
2
2
2
2
0
0
0
5
2
2
2
2
0
2
4
0
29
6
4
0
0
2
6
4
0
4
0
2
2
0
2
2
2
2
9
0
0
0
2
0
4
9
4
0
6
4
0
0
4
2
2
2
4
2
0
2
4
0
2
91
7
0
0
2
2
2
2
2
4
2
0
4
4
0
2
0
2
4
4
6
2
2
2
0
6
2
0
2
4
6
2
2
2
2
0
2
2
0
0
4
2
2
2
2
0
2
4
8
2
0
0
28
2
4
2
2
4
0
2
69
6
0
2
0
0
4
6
0
6
4
2
2
0
8
2
4
4
4
0
4
2
4
4
2
8
0
0
50
2
2
1
0
2
1
4
0
0
0
0
1
0
1
0
0
2
4
1
2
2
2
0
0
2
0
6
2
1
0
4
3
0
0
0
0
2
0
2
2
0
0
1
2
0
2
0
2
3
0
0
1
0
1
2
0
2
0
1
0
4
1
2
0
1
0
0
0
1
1
3
0
2
0
10
1
0
2
1
1
4
0
1
1
1
2
1
0
0
1
0
1
1
0
1
0
2
0
0
4
0
1
0
0
2
4
0
2
4
1
2
0
1
1
0
2
1
1
1
2
0
1
2
2
0
0
3
1
0
0
0
0
0
0
0
0
0
2
1
0
2
1
1
2
0
4
1
0
0
3
2
2
1
0
2
1
4
1
1
1
0
3
4
2
0
0
1
0
1
1
0
0
1
2
4
0
0
1
3
0
0
1
0
4
0
3
0
1
2
1
3
0
2
0
0
2
0
1
0
2
3
2
2
0
1
1
0
1
0
0
0
1
0
1
2
1
1
1
0
0
0
1
0
0
2
0
1
2
2
0
0
0
0
1
1
0
1
0
1
0
0
12
1
2
0
0
5
2
0
1
1
1
1
2
0
0
1
2
0
0
1
0
1
2
4
2
1
0
1
1
3
1
1
0
0
0
1
0
2
1
1
0
0
2
2
3
3
4
5
5
1
0
0
16
0
0
1
20
0
0
0
24
3
0
1
1
65
0
28
1
0
1
7
37
45
5
57
3
0
3
1
0
0
13
54
40
1
1
27
0
0
0
0
44
30
1
0
63
0
34
40
30
3
0
22
1
0
26
0
0
0
3
0
0
1
1
1
0
3
0
55
1
0
30
0
1
0
1
1
13
0
3
72
3
0
0
28
30
27
1
45
1
37
3
1
31
27
25
37
1
1
12
0
0
3
0
17
14
4
23
1
0
20
33
11
0
1
14
0
39
10
3
29
42
18
36
19
18
3
5
25
8
24
0
0
9
22
1
49
0
0
15
15
0
26
3
1
7
1
5
1
3
0
27
1
1
19
9
17
7
0
1
0
1
3
1
11
57
12
1
8
13
16
27
7
1
14
25
31
0
9
0
37
1
0
25
12
6
32
33
11
23
33
28
15
24
0
1
14
30
1
0
48
30
18
17
9
14
42
5
1
18
3
19
0
15
52
55
1
0
24
36
5
3
14
22
19
13
43
46
22
51
29
0
0
15
9
31
0
0
1
27
16
24
3
24
0
16
25
3
0
1
43
0
1
1
3
32
2
32
0
1
34
25
32
1
0
27
0
56
1
18
0
0
67
68
1
10
16
8
1
0
0
12
40
48
