13
8
5
9
9
9
13
13
9
12
12
10
26
10
14
6
11
7
12
12
10
18
18
11
15
12
7
7
6
8
12
11
7
9
9
14
16
13
11
14
20
10
9
13
12
18
12
13
8
16
17
19
12
9
14
14
6
11
14
19
18
31
39
36
28
22
30
43
28
31
31
37
26
10
42
12
21
19
19
19
29
30
11
17
23
16
29
17
26
37
11
25
21
36
24
27
21
39
16
25
22
21
23
23
18
15
9
16
17
18
12
28
27
27
7
15
19
9
29
25
25
14
24
20
35
19
6
28
31
35
18
35
41
9
8
30
20
28
39
44
19
29
31
54
47
16
21
28
18
12
11
20
11
13
8
10
14
22
17
7
21
17
36
48
19
18
26
32
54
40
18
19
10
7
10
7
10
16
14
21
15
9
16
14
12
11
15
29
25
20
11
26
25
24
25
9
36
20
48
46
11
31
27
22
27
14
13
22
7
5
26
33
9
18
28
31
16
7
9
21
11
15
13
17
14
15
13
30
20
9
9
7
12
13
20
27
11
35
18
44
27
11
10
6
6
11
22
17
11
15
13
12
10
17
12
19
12
18
17
18
12
9
23
16
11
5
19
22
9
14
14
22
28
8
16
10
24
10
14
20
12
36
9
11
14
21
15
20
0
2
4
2
2
3
4
2
2
4
5
4
0
4
2
0
0
2
6
0
4
4
2
2
2
4
4
0
4
2
4
0
4
4
2
2
4
2
4
2
6
7
2
2
2
2
2
7
4
4
4
4
2
4
4
4
4
2
7
2
6
2
2
2
0
6
2
0
2
4
6
4
4
2
4
2
4
4
2
6
4
6
6
2
4
4
7
2
2
6
4
2
4
0
0
2
4
2
6
2
4
3
2
2
4
4
7
5
4
0
0
4
5
4
2
4
2
4
4
7
4
4
4
2
6
4
2
2
2
4
6
4
2
4
4
0
9
4
2
6
2
2
4
8
4
2
2
6
4
4
6
2
2
4
2
4
2
2
4
2
6
4
6
4
4
5
4
0
0
0
2
2
2
6
6
2
2
2
6
4
0
2
2
4
2
2
4
2
2
6
6
2
4
2
7
4
6
6
4
0
2
6
4
4
2
2
2
4
4
4
2
2
2
8
6
2
6
0
2
8
2
4
7
2
6
2
4
4
4
0
4
4
4
2
0
2
6
4
2
2
6
2
6
4
2
2
4
0
4
4
4
2
5
2
2
5
2
2
4
6
4
4
2
3
2
2
3
2
4
4
2
2
6
2
2
2
5
0
2
8
2
2
3
2
6
4
2
0
14
8
8
8
12
6
9
11
12
11
9
9
11
7
4
9
6
9
4
7
10
9
22
4
9
12
6
10
8
2
4
12
6
8
6
6
6
9
7
10
9
9
4
8
7
10
6
12
10
16
7
38
20
22
7
40
22
38
14
20
28
28
17
31
21
32
19
18
20
8
11
13
9
7
10
7
7
10
7
13
10
8
13
12
10
5
9
14
17
5
9
11
10
10
7
8
7
9
17
7
12
14
12
14
13
14
12
9
8
7
9
7
13
6
7
9
7
8
6
10
8
12
11
10
9
9
9
10
12
13
7
22
10
8
10
11
12
8
13
13
11
10
13
11
12
11
10
11
11
9
5
8
16
13
12
7
9
14
8
8
10
11
9
10
12
19
14
23
17
10
15
14
9
8
27
5
8
6
9
8
8
7
6
12
10
8
7
5
6
8
7
11
9
7
10
11
10
6
9
11
10
12
8
12
11
14
10
14
11
6
10
17
13
10
10
5
7
9
13
5
6
9
8
5
6
7
8
7
5
10
8
5
4
11
8
9
7
8
6
6
8
12
7
13
7
5
9
14
7
7
5
9
5
4
5
9
11
12
7
2
3
3
5
6
5
3
8
6
5
8
5
8
7
7
4
11
4
7
6
7
7
7
2
5
4
6
7
5
0
0
0
0
0
0
43
46
34
0
2
37
0
0
0
0
0
2
66
44
32
31
37
28
0
0
0
0
0
0
56
42
0
23
33
0
0
0
0
0
0
0
34
67
39
49
5
0
56
0
0
0
0
0
3
0
29
40
15
33
18
20
2
0
0
0
5
40
30
26
34
33
17
0
0
0
0
0
0
62
33
3
0
8
26
0
0
0
0
0
72
85
58
38
39
0
0
0
0
0
0
0
56
57
30
44
34
26
0
0
0
0
0
0
36
36
25
56
13
32
0
0
0
0
0
0
0
0
26
27
28
0
1
19
18
15
12
0
0
0
0
23
48
25
27
0
4
14
14
0
0
0
18
18
1
26
29
24
2
6
21
0
0
55
0
18
23
14
0
0
21
12
13
18
0
0
0
19
21
0
28
6
15
6
19
0
13
15
26
0
18
0
17
17
0
13
1
18
12
16
13
27
0
0
16
10
0
11
0
7
17
0
0
0
26
19
0
0
19
14
7
20
0
13
15
1
0
15
10
0
0
15
0
17
15
10
0
12
20
19
36
0
15
0
19
0
24
14
16
22
0
24
18
0
16
0
15
12
6
0
19
24
18
14
0
0
16
16
31
0
7
13
7
0
18
18
0
10
0
14
14
1
12
0
19
10
15
0
13
11
13
12
13
11
8
10
4
10
15
8
11
11
19
6
21
15
6
10
12
8
17
12
2
10
6
15
6
10
13
19
12
8
23
6
9
13
11
6
8
15
9
8
15
13
17
15
6
10
6
4
13
10
11
8
7
6
15
12
8
10
10
8
11
8
17
10
10
6
12
11
8
8
11
4
2
9
6
8
14
2
12
6
13
12
17
13
8
13
15
6
6
21
15
8
10
13
23
97
8
4
11
10
2
10
8
21
9
19
8
14
12
19
11
8
8
11
10
25
25
10
21
10
19
21
8
12
13
17
9
11
7
8
5
17
13
17
12
15
11
2
15
6
16
15
20
17
13
14
11
21
6
4
19
10
27
17
21
19
12
13
12
27
13
17
11
10
11
13
19
12
8
27
15
15
19
19
19
10
10
10
19
17
15
14
14
13
15
8
11
21
19
15
14
17
14
11
17
15
13
27
13
19
15
19
12
10
10
13
17
11
17
11
10
13
12
11
8
4
11
19
10
11
19
23
15
19
12
8
25
24
20
15
11
15
11
12
10
12
44
10
12
29
11
21
17
13
23
12
8
8
9
9
17
12
13
15
15
21
17
14
10
10
13
12
11
14
25
8
6
8
6
17
8
17
11
8
12
29
10
13
10
10
8
15
10
7
0
0
0
2
2
2
0
2
2
0
1
0
0
3
0
0
0
2
0
0
2
2
4
0
2
5
3
2
5
3
0
2
0
0
2
2
2
0
2
2
0
2
0
0
2
0
2
0
0
0
0
2
0
0
2
0
2
2
0
2
2
4
0
2
2
2
2
0
0
2
2
0
1
0
4
0
2
2
2
0
0
0
0
6
2
0
0
2
4
2
0
0
5
0
4
2
0
0
4
2
2
0
0
1
2
4
2
0
0
0
2
3
2
0
0
0
2
0
7
2
2
0
0
0
5
2
4
2
2
0
2
0
0
0
2
2
4
0
0
0
2
2
0
2
2
4
0
2
0
0
0
0
2
0
5
2
0
0
4
2
0
0
0
0
0
2
2
2
0
0
0
0
0
0
2
0
2
2
2
0
0
2
0
0
1
2
0
0
4
1
4
0
4
2
0
0
2
0
0
2
0
1
2
2
0
0
2
3
2
2
0
4
2
0
2
0
1
0
0
0
0
0
2
0
0
2
5
0
0
3
2
4
3
0
5
0
2
0
0
0
0
0
2
2
0
3
0
2
3
3
2
0
0
0
2
0
2
2
2
0
0
0
2
2
0
0
2
2
0
0
2
0
3
0
2
3
0
2
0
2
2
0
0
2
0
2
2
1
23
46
0
0
34
57
31
2
0
2
0
0
0
0
0
2
34
0
63
0
60
0
0
0
0
0
0
2
2
0
6
24
5
3
59
23
41
36
0
2
92
29
49
34
49
31
0
0
0
0
0
2
0
0
0
0
0
0
2
33
35
27
8
19
22
16
28
50
28
22
21
33
20
29
50
35
38
15
44
11
0
0
0
0
0
0
0
3
47
37
55
40
42
0
0
0
0
0
0
0
2
0
2
0
34
0
18
29
26
23
43
26
39
31
21
48
28
24
27
0
0
0
0
0
0
28
16
34
27
32
48
0
0
0
0
0
0
0
2
20
11
29
0
25
31
39
0
46
0
0
22
32
0
35
0
0
0
0
0
0
0
20
35
36
43
26
0
0
0
0
0
0
0
0
35
52
0
33
3
26
32
0
0
0
0
0
9
53
58
29
23
0
0
0
0
0
0
43
0
38
34
24
0
2
0
0
0
0
2
31
65
0
28
64
0
0
0
0
0
0
2
0
44
31
51
49
22
36
0
0
0
2
0
41
18
39
47
24
23
32
20
0
0
2
51
24
30
34
35
30
34
0
0
0
0
0
0
2
0
31
47
35
68
30
0
0
0
0
0
0
0
2
0
2
2
45
28
29
0
80
11
2
0
5
2
0
35
29
2
4
6
0
0
6
33
29
34
29
31
93
6
0
49
10
2
2
4
11
32
0
38
51
8
6
60
6
4
70
6
19
60
31
6
66
52
0
0
0
4
2
4
17
19
29
17
6
17
5
2
72
7
4
34
31
16
49
2
42
52
8
4
4
0
4
12
16
38
11
37
67
2
95
4
4
4
34
54
30
36
32
23
2
77
2
10
57
6
2
8
21
29
48
32
4
43
2
2
6
6
4
23
55
39
15
33
27
65
8
8
10
42
2
46
27
0
15
34
38
4
63
6
4
2
2
26
27
18
36
26
28
4
4
0
4
32
4
46
22
32
40
39
27
10
39
2
4
49
0
31
46
39
9
23
39
4
2
85
0
2
23
48
34
47
28
19
29
49
2
56
6
2
4
26
36
32
4
27
20
71
0
4
6
6
4
2
34
32
37
15
6
4
69
4
2
41
2
16
43
44
16
20
0
0
2
61
2
2
36
31
17
26
15
22
0
2
2
0
6
8
0
55
76
26
32
33
2
0
2
4
2
6
50
31
25
22
29
27
5
2
6
53
49
37
4
63
40
4
35
39
2
2
83
2
8
92
4
2
71
4
4
31
6
2
63
4
2
6
2
2
28
2
2
55
2
6
2
2
11
2
61
2
30
26
0
2
67
4
2
2
0
0
4
2
4
2
2
2
0
2
2
2
4
4
0
2
2
2
4
0
0
4
6
4
4
2
2
2
0
0
2
2
0
0
2
6
2
4
4
0
4
0
2
4
2
0
2
4
2
6
0
4
4
6
6
4
4
4
4
0
0
0
2
0
2
2
0
2
2
0
2
2
6
2
4
2
4
0
6
4
2
4
0
4
2
4
6
2
0
0
2
0
0
4
0
2
4
4
4
4
2
2
0
4
2
0
2
2
2
4
0
4
0
2
6
4
0
4
2
2
0
2
4
4
0
8
6
2
2
6
2
4
2
0
2
0
0
0
4
6
2
4
4
4
2
2
4
2
2
4
6
4
2
2
0
0
0
2
4
2
6
0
4
0
0
6
2
2
2
0
4
0
6
0
4
2
2
6
2
2
2
6
0
2
2
0
4
0
0
0
0
4
4
4
4
0
0
0
0
8
0
6
2
4
6
0
2
6
0
0
4
4
2
0
0
0
4
2
0
2
2
4
6
4
0
4
0
2
4
2
2
2
2
2
4
2
6
4
4
2
4
6
2
4
0
0
4
0
2
2
4
4
6
2
2
4
4
0
2
4
4
2
0
4
2
0
2
0
0
2
2
0
0
4
6
6
4
2
2
4
2
2
2
2
2
2
2
2
2
0
4
2
0
4
4
0
4
6
6
6
2
4
2
4
2
2
0
6
4
4
6
4
4
4
4
2
2
0
8
4
4
2
4
2
4
4
6
6
4
0
4
6
0
0
2
4
6
2
4
0
6
6
4
2
2
6
4
4
2
2
2
4
4
4
4
0
2
4
0
4
6
6
2
6
2
4
4
4
4
0
4
4
6
0
4
2
4
4
4
4
2
4
2
4
2
4
4
4
4
4
2
4
4
2
2
6
2
2
4
2
6
2
0
2
4
4
2
4
4
0
4
2
4
4
4
4
4
0
2
2
4
4
2
0
2
0
4
0
4
4
4
2
0
0
4
0
0
2
0
0
0
2
0
2
4
2
2
4
2
6
2
4
4
4
2
4
2
0
2
6
4
4
4
4
2
0
2
2
4
4
4
4
2
4
2
2
4
4
4
2
2
4
6
4
2
2
2
4
2
2
2
4
6
6
6
6
4
2
4
4
4
6
4
4
2
4
4
0
4
2
4
4
0
4
4
4
4
4
2
4
4
0
4
0
2
4
2
0
2
2
6
0
0
0
0
0
4
0
2
0
4
0
0
2
4
0
2
4
0
0
0
0
6
4
4
2
4
2
4
4
0
4
0
2
2
2
2
6
4
4
2
0
2
