17
9
18
17
19
21
13
21
8
17
13
13
8
17
13
28
7
24
13
16
13
26
24
17
17
19
32
41
39
15
25
21
22
19
17
26
8
18
25
16
20
14
29
6
9
27
17
28
43
59
32
55
44
45
65
32
49
82
38
69
20
21
67
51
43
39
49
60
45
53
18
34
42
21
17
27
32
40
62
28
52
44
62
45
49
46
50
72
53
33
32
46
39
53
57
36
27
26
49
24
35
56
36
39
32
32
81
15
64
49
82
45
59
50
50
49
35
47
53
67
15
45
30
59
39
59
73
37
41
22
58
48
54
35
40
28
53
40
38
74
39
17
9
50
45
41
41
51
48
30
26
66
21
53
75
53
72
62
38
78
27
34
43
48
71
65
15
50
34
77
25
48
47
31
61
43
39
37
31
45
46
53
37
49
41
51
34
26
20
55
47
48
19
53
50
19
20
41
27
24
35
19
19
50
25
77
22
17
35
39
26
28
47
45
54
14
40
65
35
24
27
37
55
55
28
41
23
57
21
22
35
15
43
22
20
41
22
22
36
13
9
81
23
7
31
44
25
7
6
15
54
17
15
18
11
9
13
7
30
9
9
15
9
21
11
15
34
17
28
4
15
17
20
31
7
9
17
9
39
20
16
7
25
14
15
8
9
17
22
6
15
13
6
11
23
6
8
6
6
6
8
6
10
21
13
4
6
11
9
13
6
8
4
6
4
19
9
4
8
6
21
8
4
19
8
11
4
8
8
9
4
6
6
23
11
9
6
27
21
24
19
23
11
13
9
15
25
11
8
25
9
26
9
13
8
9
17
21
9
15
23
13
25
9
15
11
23
25
19
21
17
27
19
15
25
34
23
34
19
25
25
21
17
17
34
25
19
25
43
13
34
15
32
15
30
21
13
40
27
19
21
19
13
19
13
9
19
38
83
32
25
32
21
30
36
19
30
36
91
19
51
11
36
21
34
26
8
27
15
17
13
81
11
32
25
55
13
34
11
13
30
21
13
17
32
47
61
13
34
46
11
29
21
13
11
38
23
47
44
11
34
9
11
21
23
36
25
28
68
11
53
23
46
13
57
27
55
11
38
19
30
15
47
23
34
17
34
53
34
67
30
61
70
51
9
38
25
13
34
34
6
23
32
44
36
23
40
27
13
17
15
11
30
6
38
11
42
41
38
23
17
15
30
8
21
17
27
25
17
15
11
15
19
13
21
8
30
9
6
17
15
8
6
9
9
9
15
13
21
19
9
17
6
25
6
25
11
8
26
13
21
15
21
17
13
9
6
21
13
9
13
15
8
9
9
13
21
4
11
19
6
9
11
9
10
7
6
12
4
6
15
8
6
6
19
5
9
6
6
13
10
9
4
8
6
9
8
10
9
10
6
4
6
7
10
5
6
6
9
9
8
7
8
8
11
8
0
6
2
0
2
4
4
2
2
0
4
0
4
2
6
2
2
0
6
0
4
2
2
2
0
2
0
2
2
0
2
0
2
0
0
2
2
0
4
4
7
2
0
2
4
4
0
2
0
2
6
0
2
4
4
2
2
4
2
0
0
4
2
0
6
2
0
4
2
4
2
2
4
2
0
0
0
2
0
2
2
2
0
2
10
0
2
2
2
6
2
2
2
2
2
2
2
4
2
0
2
0
2
2
0
2
0
4
0
6
4
4
4
6
2
4
0
4
2
2
4
4
2
0
2
5
2
6
0
0
0
2
4
2
2
2
0
3
6
4
2
0
3
2
2
2
2
6
2
2
4
4
0
2
2
2
2
4
2
4
4
2
2
2
0
0
0
0
2
0
2
2
2
2
0
4
4
2
2
2
2
2
2
4
2
2
2
2
2
0
2
2
0
4
2
0
0
2
0
2
2
6
0
2
2
2
0
2
0
0
2
0
2
0
6
2
5
0
2
0
2
2
4
0
0
0
0
0
2
2
0
2
0
2
2
4
2
2
17
1
4
3
3
3
1
0
1
3
4
11
2
1
4
1
3
5
9
0
3
2
0
1
3
0
2
7
1
0
0
3
3
5
2
2
4
13
0
0
1
1
5
0
0
3
6
3
0
4
2
5
1
6
2
3
1
9
4
0
2
2
1
11
0
2
3
1
1
9
0
5
0
1
2
5
6
0
2
7
4
2
3
1
1
2
0
5
5
1
2
4
15
4
0
3
15
2
2
2
2
5
1
1
0
7
3
0
0
0
4
2
0
6
4
0
1
1
2
2
4
1
0
4
2
4
0
0
5
5
0
13
5
4
3
9
4
4
2
5
13
2
5
0
4
3
3
0
4
0
0
2
1
1
2
2
2
1
0
2
7
0
1
1
7
0
3
11
0
4
2
3
2
7
1
11
6
1
2
3
1
4
0
3
7
3
0
2
4
0
3
1
0
1
4
0
0
0
1
3
4
1
0
3
0
0
6
2
4
2
0
3
4
1
2
2
3
1
1
6
5
3
0
5
0
2
9
2
3
3
0
0
13
3
4
0
0
7
1
0
3
5
1
3
4
2
21
3
3
0
7
3
2
0
1
3
5
11
2
1
2
4
0
3
1
2
1
1
3
2
2
5
0
1
2
1
0
0
2
4
11
2
4
0
4
3
6
1
19
21
3
5
7
23
6
7
4
4
5
22
7
9
8
20
21
6
3
3
22
26
1
5
25
29
16
5
8
15
15
9
3
5
2
21
3
5
5
27
13
5
4
17
21
3
5
7
9
8
28
9
17
9
4
7
5
7
14
25
22
5
4
17
25
5
4
5
28
20
8
4
14
8
4
6
4
8
26
24
6
5
6
23
12
5
4
22
6
5
4
7
27
13
4
4
3
19
5
4
24
6
2
7
10
21
5
6
5
6
7
21
7
5
7
25
21
3
9
23
24
5
12
29
3
7
4
8
4
29
4
5
3
6
10
18
24
14
19
18
13
18
8
22
23
7
5
13
25
5
4
13
26
2
4
5
4
5
5
4
7
8
5
13
11
24
4
6
19
22
8
20
14
2
15
3
4
4
19
6
4
16
5
4
6
4
8
7
6
19
21
11
7
5
27
15
22
11
18
5
4
12
15
20
25
9
10
14
21
23
15
8
3
9
5
20
8
20
9
5
4
3
15
18
2
9
18
15
3
10
20
15
24
7
20
5
9
11
5
10
7
5
9
5
6
4
3
6
5
12
2
10
4
2
11
23
25
20
5
4
7
24
27
4
4
5
30
10
19
7
4
5
11
21
22
5
4
4
9
19
18
5
6
5
5
17
27
6
11
15
0
33
31
19
15
27
25
3
15
15
11
39
21
2
17
31
17
38
6
5
37
25
5
11
13
17
21
2
29
5
2
22
19
62
35
17
21
25
39
25
23
17
50
39
26
0
52
27
9
7
60
35
6
2
33
13
43
23
38
2
17
23
37
7
5
23
19
4
31
25
5
21
0
73
2
15
15
21
39
39
19
17
17
29
35
2
25
38
31
11
13
4
25
0
0
15
15
29
31
5
17
17
29
23
20
13
29
37
13
2
13
13
35
51
2
13
19
25
21
19
19
27
37
43
17
13
31
19
11
2
41
39
0
19
0
15
25
2
0
25
0
27
0
3
13
7
29
25
11
13
17
19
13
15
29
33
31
19
19
11
27
0
0
21
7
62
27
17
29
46
21
19
17
48
9
35
2
19
23
29
25
0
15
15
40
4
2
21
33
31
25
9
21
15
9
37
3
25
15
13
35
7
3
15
4
27
19
5
15
4
7
17
13
64
21
17
2
2
31
39
19
19
1
0
29
9
19
36
31
29
2
21
21
36
43
21
17
15
15
11
25
2
2
49
15
99
0
27
39
23
17
52
4
4
23
17
21
31
2
11
13
86
27
31
4
0
15
17
19
27
23
7
19
37
49
31
2
21
4
33
27
0
2
2
44
17
1
1
5
4
0
1
3
3
2
3
7
3
0
6
5
3
1
3
2
3
2
1
17
7
5
1
3
3
1
1
5
1
3
15
1
1
3
3
1
3
3
2
5
4
5
5
3
5
3
3
1
5
3
3
5
5
0
7
1
1
7
7
5
1
7
1
1
1
5
3
5
1
5
7
1
3
3
5
3
1
1
0
1
3
5
3
3
3
4
7
5
5
1
1
5
2
1
0
5
5
1
1
3
3
0
4
2
1
17
3
3
3
1
5
5
1
3
3
1
1
3
3
3
5
17
3
5
3
3
1
3
4
5
1
1
5
3
3
1
4
7
3
4
5
0
5
3
1
5
3
7
5
3
1
9
3
5
3
0
5
3
23
1
3
5
5
5
4
3
3
1
13
5
4
1
1
5
1
5
3
5
6
1
5
1
4
3
3
3
5
0
7
5
3
1
3
3
5
5
5
1
1
9
1
5
1
3
1
5
0
5
1
3
3
3
6
3
4
5
7
3
7
1
1
31
1
1
7
1
3
5
3
3
19
0
19
5
3
0
3
1
4
1
5
5
5
7
3
1
3
3
5
5
5
1
3
1
4
3
7
1
18
5
3
3
7
5
3
1
4
3
7
3
3
1
5
5
3
1
3
3
2
3
1
7
5
3
3
4
4
4
2
4
6
2
4
2
6
4
4
4
2
6
4
4
4
6
2
4
2
2
4
4
2
2
2
4
2
4
4
2
2
2
2
0
2
2
2
2
6
2
2
2
2
4
2
2
2
2
0
6
2
2
2
2
4
4
2
4
4
2
2
2
2
2
2
2
4
4
4
6
0
4
4
10
2
6
2
2
6
4
4
4
4
2
4
2
6
4
6
2
4
2
6
6
2
2
2
4
6
2
4
4
4
4
2
4
4
0
6
6
2
4
2
4
0
0
4
4
4
4
6
4
0
4
4
4
4
2
6
4
4
4
6
0
4
6
4
4
2
2
4
4
2
14
0
4
8
2
2
6
4
4
2
8
4
2
2
4
8
4
2
2
4
4
2
4
2
4
6
4
2
2
2
0
6
4
4
4
4
4
4
2
6
4
4
6
4
6
55
2
6
2
2
4
4
4
6
2
0
4
4
2
6
4
2
2
0
2
2
4
2
2
2
4
4
4
0
2
4
2
2
2
2
4
4
4
4
2
2
4
4
2
2
4
2
2
0
2
6
2
4
2
0
0
2
4
0
2
4
2
0
2
4
2
4
4
0
4
4
0
4
4
2
4
4
6
2
6
4
4
6
0
4
4
4
0
0
4
4
2
0
4
4
4
4
4
6
6
6
6
8
4
6
8
4
4
4
4
0
6
4
6
8
4
4
8
6
6
12
4
8
4
10
6
2
2
4
6
2
6
2
4
6
8
4
4
6
4
8
6
8
10
4
6
4
4
34
6
6
6
6
4
8
4
4
4
6
4
8
6
6
6
6
8
6
2
8
6
6
2
4
6
8
2
6
6
8
6
6
4
6
4
4
4
4
6
8
6
8
6
4
10
10
12
12
8
4
6
8
6
6
14
2
12
6
10
10
8
10
4
8
12
8
2
8
10
8
8
10
6
12
8
10
10
10
8
6
8
8
10
6
8
10
8
8
6
4
4
6
10
6
10
2
6
10
8
14
6
10
2
10
12
16
12
12
8
8
10
10
10
10
8
8
6
2
8
4
6
6
8
10
6
6
8
12
12
2
10
4
4
12
6
6
8
10
6
6
4
8
8
4
0
2
6
14
12
8
4
6
12
18
8
10
4
10
6
0
10
0
10
2
4
4
2
14
4
8
0
0
6
6
10
10
0
4
2
2
6
6
4
4
2
4
2
6
6
4
6
10
8
6
2
2
2
2
6
4
8
8
4
8
4
2
6
6
2
8
8
14
4
6
4
4
2
2
2
4
4
2
0
6
0
2
0
4
2
4
6
0
2
4
4
8
3
8
3
0
7
1
5
0
9
3
0
0
4
5
7
0
9
15
9
0
7
4
0
0
1
9
0
8
13
0
9
4
5
9
6
7
5
16
9
0
11
19
14
6
0
0
1
6
3
1
8
0
7
0
9
0
9
0
5
1
4
4
6
7
2
3
10
19
0
10
4
0
7
4
0
4
0
0
8
0
0
9
6
6
0
3
0
0
9
6
8
0
13
5
0
8
6
5
13
0
0
25
0
0
1
6
0
0
4
4
22
10
9
0
9
8
0
2
5
5
0
0
6
27
9
1
3
0
9
5
5
6
0
3
1
26
7
11
20
0
6
0
8
5
4
1
10
4
5
8
0
8
1
2
0
4
5
0
6
0
9
12
9
8
0
0
3
4
1
4
1
7
1
0
7
6
5
0
8
1
10
4
0
11
0
24
0
12
0
0
5
5
1
5
0
10
0
4
7
3
9
3
0
7
3
10
13
0
0
24
2
7
1
0
2
0
4
6
4
11
8
18
6
0
9
0
20
0
4
5
11
1
21
9
0
5
10
0
4
0
0
5
0
4
2
0
12
6
0
7
0
7
0
7
10
5
0
5
0
1
0
0
4
2
5
0
0
4
0
7
0
0
8
0
10
0
0
14
7
2
1
3
1
5
7
0
12
3
