17
11
29
22
33
13
39
22
15
15
24
16
21
23
22
29
23
13
5
24
32
15
5
15
19
17
13
5
5
15
28
17
27
15
9
11
11
15
15
12
17
15
9
7
13
23
15
12
5
13
15
19
11
52
19
9
15
7
15
26
38
17
19
5
16
22
8
25
27
29
7
31
13
11
27
13
17
15
17
35
29
28
11
26
24
25
13
25
13
11
21
9
23
26
9
19
27
9
23
13
18
26
9
9
11
17
12
18
17
18
46
19
39
15
7
19
22
17
9
18
15
33
13
16
15
27
22
14
13
15
13
21
15
18
27
29
21
11
29
25
21
20
30
11
27
9
21
20
14
27
23
15
27
19
11
17
13
13
19
15
19
19
14
15
19
21
19
21
20
17
23
23
17
14
23
13
29
19
18
27
24
19
15
15
13
22
31
26
18
5
18
23
21
28
29
19
31
22
31
11
11
13
16
19
17
9
17
3
18
15
19
22
16
13
23
17
9
15
9
17
13
11
15
13
5
20
7
5
5
17
9
9
11
7
9
21
15
21
65
19
9
9
11
3
19
9
22
5
9
10
15
9
17
7
9
3
19
1
11
21
9
15
23
7
7
11
5
13
3
3
53
29
8
26
21
5
3
11
3
7
13
13
12
21
13
27
56
30
7
5
7
4
4
5
6
4
7
2
2
6
2
4
5
4
6
5
5
2
6
3
4
4
4
5
5
4
3
7
5
7
6
2
4
4
5
2
2
2
2
4
4
4
5
5
2
5
4
4
6
6
2
4
9
5
4
5
7
0
2
3
4
6
4
2
2
5
5
2
4
2
2
4
4
0
2
7
3
2
4
7
5
6
5
2
4
5
4
6
4
4
5
2
4
2
5
6
0
4
4
2
3
2
2
4
4
7
5
4
6
4
5
5
4
2
9
2
4
5
2
2
4
5
6
5
5
2
7
5
2
2
7
4
5
5
5
0
7
2
4
5
4
7
2
4
4
4
2
6
4
2
5
6
4
2
2
2
4
5
4
4
4
6
5
5
6
5
3
5
7
5
5
0
4
5
4
6
4
5
5
7
4
2
0
2
2
0
2
3
5
4
2
7
7
2
5
0
2
2
2
5
3
2
7
4
7
5
2
7
7
4
5
4
4
4
7
4
5
6
5
4
4
7
5
2
7
5
0
4
4
5
0
5
4
2
7
4
5
5
5
5
7
4
5
5
5
4
6
5
0
5
5
5
7
3
4
4
4
7
4
5
7
5
4
5
5
5
2
4
5
2
4
7
2
5
7
4
5
8
0
5
5
5
5
3
4
5
8
4
4
6
2
4
6
4
10
4
2
2
2
2
2
2
4
4
2
4
2
2
0
4
2
4
4
2
0
4
0
4
2
4
4
2
2
2
4
6
2
6
4
4
6
6
4
4
4
5
6
0
0
0
0
0
0
0
0
2
0
2
0
0
0
0
2
0
2
2
2
6
2
2
2
0
0
4
2
0
2
2
4
0
2
4
2
2
4
2
0
2
4
2
2
2
0
2
2
2
2
0
4
2
0
4
2
2
0
2
4
2
4
4
2
2
4
2
0
2
4
56
0
2
4
0
2
2
2
0
2
0
4
0
4
4
2
0
0
2
0
0
2
0
2
0
2
2
2
2
2
4
2
10
2
4
2
2
2
4
0
2
6
0
0
2
2
2
2
6
0
0
8
0
2
0
0
0
4
4
2
0
2
2
4
0
4
4
2
2
2
2
0
2
0
0
2
2
2
0
2
2
2
2
2
2
0
2
2
0
0
4
4
2
0
2
0
2
4
0
0
0
2
0
0
0
4
2
0
0
2
0
2
2
2
0
0
2
0
0
0
2
4
2
0
4
0
2
0
0
0
0
2
0
0
2
2
0
0
2
2
0
0
0
2
0
0
2
0
0
0
0
2
0
0
0
2
4
0
0
2
4
0
0
2
0
0
0
9
15
5
11
9
7
5
0
0
5
7
0
0
9
5
0
0
7
7
0
9
3
7
0
11
9
0
7
7
9
0
13
13
7
0
7
11
9
3
7
7
7
0
7
12
9
0
5
9
7
0
9
9
5
0
9
0
5
7
0
0
3
7
0
0
7
11
0
0
13
11
0
9
0
9
9
7
5
11
9
9
0
7
9
0
5
5
7
0
9
0
9
0
13
0
5
0
9
3
0
0
5
7
0
0
9
9
0
0
7
9
5
0
9
7
0
0
11
9
9
0
0
0
0
3
9
0
0
0
7
0
0
9
9
0
0
0
0
0
0
0
0
0
0
0
0
0
0
0
7
9
0
0
0
9
7
0
0
0
7
0
15
9
7
7
0
9
7
0
0
9
7
7
13
0
0
0
0
0
0
0
0
0
0
0
0
0
0
0
0
0
15
0
9
11
11
13
13
2
11
0
17
0
17
0
7
0
7
0
5
14
0
7
13
3
0
7
0
3
0
13
13
7
0
17
17
7
0
9
9
5
7
7
0
5
0
15
0
11
0
3
0
9
5
0
0
5
7
0
0
15
11
0
0
27
9
9
0
9
9
11
0
13
9
7
11
13
21
5
0
15
14
9
0
0
15
13
0
0
13
17
0
5
5
11
0
9
0
13
13
16
5
9
38
8
13
33
16
15
16
9
9
9
8
8
12
22
23
13
10
12
9
18
22
21
7
5
14
15
10
19
9
15
9
19
23
14
10
10
11
61
10
7
13
6
5
20
7
8
14
13
10
15
9
11
13
15
9
13
9
8
8
8
7
9
6
7
12
11
6
62
6
8
60
13
7
14
18
8
11
8
11
16
12
7
7
7
33
10
17
15
9
9
10
4
18
7
5
44
10
9
11
9
8
9
10
25
10
15
9
6
11
5
9
9
7
12
15
14
12
12
16
9
11
39
9
15
11
8
8
13
21
8
17
7
9
8
8
7
9
16
12
8
18
12
8
19
7
15
7
8
21
8
12
9
29
16
13
16
11
8
5
7
36
6
10
8
13
10
12
55
7
9
13
8
11
9
14
9
10
20
11
9
18
5
7
14
11
13
21
9
20
18
12
22
8
7
12
14
16
15
11
10
36
11
8
31
17
6
8
9
6
10
10
15
6
10
10
15
11
8
21
21
17
8
14
12
16
13
12
8
5
14
32
10
8
9
11
29
9
8
30
8
6
7
15
20
9
7
7
18
6
12
21
13
6
6
10
8
9
6
19
21
14
57
14
22
9
14
10
15
20
37
12
10
7
54
8
7
11
9
48
45
8
14
20
5
3
3
3
5
5
5
9
3
1
3
0
5
7
3
7
7
3
3
7
5
3
5
3
3
3
1
1
3
7
1
5
5
3
7
3
3
3
5
1
7
3
5
3
3
5
7
3
5
3
3
3
7
1
3
3
7
5
1
1
5
7
5
7
5
9
3
3
7
7
3
3
1
5
1
3
3
1
5
3
7
3
1
1
5
5
3
3
5
5
1
3
1
0
3
5
4
3
7
5
5
5
1
5
3
3
7
7
7
5
7
1
7
4
5
1
0
3
5
3
5
1
7
1
3
5
5
7
1
4
5
1
3
7
3
5
5
3
3
3
5
5
1
5
3
3
3
5
6
7
3
3
1
7
1
5
3
5
3
3
0
5
5
5
7
0
3
1
5
7
3
3
4
5
1
7
3
9
5
1
3
5
5
1
5
1
7
1
5
5
3
5
3
4
1
1
9
5
9
5
4
5
7
1
3
7
3
1
5
3
5
5
4
3
3
2
5
3
7
7
5
3
3
5
6
11
3
5
3
1
9
7
5
1
3
3
3
5
5
7
7
3
5
5
5
2
7
3
7
1
7
7
2
7
3
3
7
3
3
5
5
7
3
5
0
3
7
3
1
3
3
5
3
9
5
7
7
3
1
7
3
3
3
0
7
3
7
7
0
2
7
5
2
0
11
8
11
8
9
6
7
0
2
2
6
11
6
6
3
2
4
6
3
7
7
14
4
9
21
0
7
0
0
6
11
8
12
14
11
1
15
12
7
0
5
5
6
6
2
2
0
2
3
0
5
5
17
8
18
4
2
9
4
8
16
0
8
8
6
13
5
0
10
6
5
2
9
8
8
6
15
5
8
8
0
11
3
22
7
12
9
15
14
10
9
4
4
5
17
0
19
7
8
15
6
5
2
12
0
2
0
4
5
5
0
10
8
9
6
12
4
7
10
15
5
11
13
8
6
10
10
4
8
16
10
8
10
5
2
7
12
17
5
9
4
11
11
8
4
6
6
7
2
0
4
2
6
6
10
5
17
8
5
11
8
17
10
10
3
0
5
7
0
6
5
8
3
2
4
18
0
11
0
11
7
2
6
0
6
13
2
7
8
2
4
15
7
16
5
7
20
7
0
1
6
12
2
0
10
5
3
5
10
1
3
4
3
8
2
0
6
2
6
10
2
4
5
4
6
0
4
6
3
8
5
4
4
2
6
2
2
7
6
2
2
13
6
7
4
2
6
2
5
0
6
9
7
5
5
10
2
4
3
7
4
6
0
2
4
1
11
15
13
4
4
6
2
10
3
4
8
4
4
8
5
4
15
8
6
9
15
19
10
10
10
6
17
19
10
6
4
2
10
8
13
13
10
15
12
13
4
10
4
17
29
10
4
14
8
15
10
11
12
25
26
10
17
4
10
6
24
49
19
13
6
17
12
13
22
13
12
21
9
19
15
12
0
6
5
6
17
12
14
15
6
10
8
21
13
23
20
8
25
6
6
39
19
15
8
17
10
4
9
10
15
15
13
10
12
21
13
12
14
18
6
8
15
19
17
17
12
19
27
13
21
19
16
19
20
15
21
10
13
22
39
8
27
8
27
15
15
33
17
21
15
25
41
23
23
13
30
25
32
31
29
23
23
19
12
17
8
25
28
8
23
27
21
15
15
14
11
13
34
32
37
14
19
29
12
18
20
29
25
22
17
12
36
15
13
29
29
44
21
54
14
40
30
33
29
18
23
15
15
15
27
23
43
33
23
13
24
34
25
21
42
31
29
19
31
8
10
25
23
38
44
46
27
19
29
44
15
25
10
37
22
19
45
10
17
42
19
8
33
25
17
24
13
15
21
19
25
17
19
6
8
59
17
19
18
8
10
10
15
13
19
19
8
6
6
8
23
12
14
10
21
14
10
12
11
21
35
23
13
8
10
6
10
21
8
8
19
25
15
25
15
8
14
15
4
17
8
12
6
8
0
2
1
3
6
0
1
15
1
5
0
0
0
1
5
5
5
3
3
0
5
2
3
1
1
1
1
5
1
0
1
1
2
2
3
3
1
5
5
1
0
2
2
0
2
1
4
1
2
2
2
2
2
2
3
2
2
2
5
2
1
3
2
4
1
0
5
1
2
2
0
7
6
5
3
2
0
1
7
1
2
17
1
1
3
0
3
0
3
11
2
3
0
2
2
15
4
3
0
0
2
4
0
0
5
5
1
0
1
5
3
0
3
0
2
3
3
0
3
3
1
2
17
1
0
3
0
0
2
1
3
4
3
1
1
0
1
3
11
1
4
5
1
2
5
3
1
3
3
1
3
2
5
9
1
5
0
19
1
1
1
3
2
3
0
5
3
5
4
2
2
1
2
3
1
1
1
2
0
0
0
2
3
1
1
19
0
3
3
7
5
4
1
1
2
1
11
0
2
2
3
3
2
5
9
3
5
5
0
3
0
3
0
5
1
5
0
3
1
4
1
0
15
5
1
0
2
5
1
1
1
3
0
3
1
1
1
0
0
1
17
1
1
0
5
1
1
15
1
5
0
3
3
0
0
0
3
0
1
3
3
3
1
0
0
0
0
3
5
5
3
1
3
17
19
3
1
0
5
7
0
3
0
1
3
3
3
3
11
13
13
13
13
11
13
11
13
13
13
13
13
11
13
13
13
11
11
13
13
13
11
13
13
11
13
11
11
13
11
13
13
13
13
13
11
13
13
11
13
13
11
13
13
13
11
13
13
13
13
11
13
11
13
13
13
11
11
11
11
13
11
13
13
13
13
13
13
11
11
11
13
13
13
13
11
13
13
13
13
11
11
11
13
11
11
11
11
13
13
13
11
13
13
13
13
13
13
11
13
13
11
11
13
11
13
11
13
13
13
13
11
11
13
11
13
13
13
13
13
13
11
11
13
13
13
13
11
13
13
13
13
11
13
13
13
13
13
13
13
13
13
13
13
13
13
11
11
13
11
13
13
13
11
11
13
13
13
11
11
13
11
11
11
11
13
13
11
12
11
13
13
11
11
13
13
13
13
13
13
11
13
13
11
11
11
11
13
13
11
11
13
11
13
13
13
11
11
13
13
13
13
11
13
13
13
13
13
11
13
11
13
11
13
13
13
13
13
13
13
11
13
13
11
13
11
13
11
13
11
11
13
13
11
13
13
11
11
13
11
13
11
13
13
11
13
11
11
13
13
11
13
13
13
13
13
11
13
13
13
13
11
11
13
13
13
13
11
13
13
11
13
13
13
11
13
11
13
11
13
11
13
13
13
13
11
13
