2
2
2
2
2
0
2
2
1
2
2
0
0
1
2
2
2
2
0
2
2
11
4
0
0
0
15
2
2
2
2
2
0
2
2
2
2
0
0
2
2
2
2
0
0
0
2
0
0
0
2
2
2
2
0
2
2
2
2
0
2
2
0
0
2
0
2
2
0
0
2
2
0
2
2
2
14
0
2
2
2
2
0
2
2
2
0
2
0
2
15
2
2
0
2
2
2
2
2
2
2
0
0
0
0
2
0
0
2
0
2
2
2
2
2
2
2
0
2
0
0
2
2
0
2
2
2
2
2
2
0
2
0
2
2
0
0
0
0
2
2
2
0
2
2
2
0
4
2
0
2
0
2
0
2
2
0
2
0
2
2
2
0
2
2
2
0
13
0
0
0
2
0
2
0
0
2
2
2
0
2
2
2
0
13
2
4
2
0
0
0
0
0
2
2
0
2
0
0
2
0
10
2
2
2
2
0
2
4
2
0
0
2
0
2
2
2
2
0
0
0
2
0
2
2
0
0
2
2
0
0
2
2
0
2
2
2
2
2
0
2
0
0
2
0
2
2
2
2
0
2
2
18
0
0
2
0
7
2
0
2
2
0
0
0
0
0
0
2
2
2
0
2
2
2
2
0
0
0
14
2
2
0
0
0
2
0
2
13
3
11
62
26
7
9
5
1
21
3
53
9
49
68
66
5
3
3
36
3
13
1
1
3
82
5
60
7
68
3
5
7
9
5
3
7
3
5
11
65
1
15
3
3
9
5
11
1
34
3
13
13
91
3
5
5
5
15
3
3
5
1
9
5
7
3
10
7
87
5
55
5
76
5
81
5
3
55
7
1
5
7
5
5
5
5
5
1
7
3
3
5
3
5
3
89
60
19
7
18
62
88
5
3
77
40
15
3
3
5
5
65
55
7
3
3
70
3
5
79
32
7
58
25
15
5
91
5
5
32
6
70
79
1
9
3
30
7
3
42
5
5
5
5
5
3
3
1
7
9
5
52
11
5
1
3
86
89
5
55
3
3
88
75
76
3
65
5
1
44
25
3
3
5
50
67
84
40
3
5
78
3
7
9
12
1
9
75
67
7
5
3
48
62
4
51
3
60
3
71
60
5
47
3
3
70
7
5
5
7
1
64
30
3
5
9
5
5
16
26
58
3
6
3
3
5
5
1
7
1
7
3
5
83
3
3
78
5
81
80
3
3
5
5
68
5
5
3
3
3
9
9
3
33
3
7
81
1
3
5
7
77
7
73
3
3
50
3
1
58
47
3
7
5
5
71
7
3
1
5
5
3
3
1
3
54
1
9
18
9
13
14
7
14
13
20
13
10
13
13
15
13
10
10
15
15
11
15
15
11
13
11
12
12
13
16
17
15
12
11
17
10
9
21
12
18
10
11
15
10
11
11
13
11
8
13
10
16
15
11
17
13
15
9
16
7
14
16
14
10
11
8
16
9
7
13
11
7
13
9
11
11
9
11
9
11
9
9
9
7
11
11
13
13
9
9
11
13
7
9
9
11
13
9
10
9
11
11
13
11
9
9
11
10
11
5
3
0
1
0
1
0
3
3
1
3
1
0
1
1
3
27
3
1
3
1
22
24
17
26
20
26
1
21
22
24
20
21
3
1
3
1
5
3
3
1
1
0
1
1
3
5
1
1
5
3
0
22
14
24
3
26
26
23
27
18
28
32
26
0
0
1
5
1
3
0
1
1
0
0
3
1
3
1
22
1
1
1
1
0
20
30
24
34
28
18
3
26
3
19
29
3
1
0
0
1
3
5
1
1
3
5
0
1
0
0
1
0
1
5
3
3
3
5
1
3
0
18
30
19
0
0
27
3
22
20
31
24
3
27
1
0
3
9
1
1
0
0
1
1
1
3
0
3
1
1
1
5
1
3
0
1
3
0
0
0
9
5
7
3
5
5
7
7
3
3
3
3
3
3
0
1
5
3
3
7
2
5
3
3
2
5
4
2
2
4
2
4
7
5
0
4
5
5
2
2
5
5
5
4
2
4
5
2
5
9
3
0
5
5
7
5
5
4
4
2
2
4
4
2
9
7
2
3
7
5
4
9
7
7
5
4
4
7
2
21
2
5
3
4
5
5
4
5
3
3
2
4
3
0
4
2
4
5
5
2
2
0
4
7
2
5
2
4
4
2
4
5
2
5
15
5
7
2
2
2
2
5
7
7
2
4
7
2
7
5
7
7
2
3
7
15
7
3
13
5
7
9
7
7
7
11
5
17
7
5
9
9
11
4
4
4
7
4
2
7
5
9
13
9
7
5
4
5
5
3
9
9
11
3
5
17
9
5
11
7
7
9
3
5
7
4
9
9
4
7
11
4
17
4
5
5
2
7
4
7
5
7
4
0
11
7
7
11
7
9
7
9
9
13
4
9
5
5
9
11
7
7
4
2
11
9
9
11
15
5
4
23
5
23
29
7
5
5
5
17
5
4
7
2
9
7
9
5
7
9
9
4
5
7
4
7
7
5
5
9
7
7
5
17
7
2
0
3
19
3
5
2
33
7
7
11
7
5
4
5
4
5
7
3
7
4
5
2
11
13
4
7
11
15
9
5
5
7
2
5
4
3
5
3
4
11
5
73
42
30
54
0
65
70
0
70
62
80
33
59
23
71
0
18
0
0
67
0
77
0
78
1
0
80
57
67
0
81
0
74
63
51
65
65
75
41
70
38
0
70
0
25
71
56
0
71
0
61
71
0
0
77
0
0
0
70
68
0
66
26
36
66
43
0
77
29
0
0
20
0
0
0
0
0
66
0
0
33
60
77
0
0
0
80
0
0
37
36
87
0
74
0
71
82
80
80
27
44
0
0
3
66
21
42
0
45
5
42
32
0
0
0
0
71
77
46
0
59
69
41
1
0
30
72
0
0
0
37
32
29
0
71
0
0
70
0
72
21
40
27
55
87
32
67
0
64
32
65
56
30
0
0
25
81
75
59
83
49
0
77
71
1
0
0
0
0
0
36
35
0
80
63
50
63
49
0
0
37
53
79
0
52
0
0
0
81
65
60
0
63
0
0
48
50
74
32
22
58
64
43
64
34
0
0
21
0
0
82
0
42
0
0
27
1
0
23
41
0
80
29
0
68
79
72
0
65
0
0
0
0
31
0
28
0
55
0
44
50
0
0
42
44
72
0
0
0
39
71
75
21
56
28
58
0
60
18
0
73
35
55
0
67
56
0
23
27
23
0
33
0
58
57
59
0
0
0
0
67
74
53
1
0
26
68
36
0
0
0
2
0
0
0
6
0
0
2
0
2
4
0
2
0
6
2
4
0
0
0
2
2
2
0
0
0
0
6
10
0
2
2
0
4
2
2
0
4
2
2
2
4
2
4
6
6
0
2
0
6
6
6
0
0
0
0
6
6
2
4
2
2
6
0
2
2
0
4
2
4
2
2
0
2
4
0
0
0
0
0
2
0
0
4
0
0
2
0
0
0
0
2
0
2
0
0
0
2
0
2
0
4
8
0
0
2
0
6
0
2
2
0
0
2
0
2
0
2
0
2
93
0
2
2
10
0
2
0
2
0
0
2
0
0
6
2
2
2
2
4
0
0
61
2
0
2
4
2
4
0
2
6
2
4
2
2
2
0
4
2
2
8
4
2
2
0
4
8
4
2
0
2
0
0
4
4
2
6
2
2
2
0
0
2
0
8
6
4
0
2
2
2
4
0
2
4
2
2
2
0
6
2
0
8
2
8
2
0
4
2
2
4
0
2
4
2
6
4
8
6
6
6
2
0
0
0
2
0
2
2
0
2
0
2
0
0
0
2
0
10
8
2
0
2
8
2
6
2
2
0
0
4
2
0
4
8
2
0
2
0
2
2
0
0
2
0
2
0
4
2
6
4
0
4
51
4
0
6
2
2
0
2
2
4
0
8
0
81
0
0
0
0
0
0
0
0
0
4
0
86
0
0
0
0
0
0
0
0
0
7
0
70
0
0
0
0
0
0
0
2
0
28
0
0
2
0
0
0
0
2
0
0
0
76
64
0
0
0
0
0
0
0
2
2
0
62
0
0
0
0
0
0
0
0
0
2
0
6
26
10
32
4
9
27
22
60
34
2
0
9
11
2
24
0
0
22
17
32
5
3
0
12
0
10
0
0
24
5
25
4
44
0
26
6
11
5
4
6
13
27
13
5
26
0
6
0
0
0
17
7
0
12
0
0
0
2
0
58
0
0
24
8
12
21
7
15
11
36
10
2
3
40
2
35
8
16
0
2
22
2
0
4
0
0
5
27
2
3
0
24
21
2
0
1
0
0
0
7
22
4
69
5
65
0
11
3
1
20
2
21
5
0
8
36
14
0
16
6
26
5
0
2
37
0
17
5
41
7
0
7
4
16
20
21
8
0
3
28
61
18
1
0
13
2
0
18
0
3
0
7
2
2
1
4
0
17
4
25
4
14
9
0
25
2
7
18
12
9
18
2
41
0
22
26
8
4
0
8
16
2
0
8
51
2
0
81
0
7
21
4
0
0
12
2
37
11
0
0
0
0
2
31
19
13
34
4
35
0
5
8
0
0
17
27
18
24
24
17
19
25
20
21
24
20
30
10
19
20
20
29
6
20
8
19
25
22
24
9
19
26
19
19
7
24
19
20
19
11
27
20
23
19
10
20
24
26
21
10
21
19
21
17
18
17
24
8
24
11
23
16
8
20
21
20
21
19
23
13
22
18
23
7
17
23
27
26
5
26
23
24
21
9
22
24
21
24
7
22
24
21
19
20
22
20
8
24
19
21
20
7
15
19
26
17
24
18
15
11
19
10
11
25
27
22
24
19
17
21
6
18
16
21
16
18
17
17
22
24
26
14
18
10
20
23
10
10
30
21
19
19
20
22
18
22
13
12
24
27
8
21
14
10
10
23
5
11
18
9
20
19
25
13
19
23
14
10
14
9
21
22
24
24
18
8
21
20
8
22
22
8
17
26
21
13
21
22
8
11
34
20
17
9
13
23
8
16
21
14
23
17
18
9
23
25
18
23
8
11
23
17
20
8
21
18
23
19
8
18
20
20
18
17
17
26
16
23
6
23
17
21
21
8
18
14
16
23
9
22
26
18
29
25
16
22
29
19
15
17
6
19
25
11
18
18
10
18
20
20
23
21
6
19
29
20
19
15
26
19
24
24
17
19
7
19
17
20
21
24
12
7
22
10
21
24
22
20
8
20
19
16
19
12
2
8
10
2
19
10
6
10
47
10
16
18
8
18
4
12
6
10
10
10
14
12
8
21
12
6
10
22
6
10
4
4
8
14
8
2
16
12
18
4
6
10
10
16
16
12
6
18
10
6
8
6
18
6
8
4
4
20
23
19
16
6
20
4
14
8
12
16
10
12
29
18
18
27
37
16
35
18
23
31
10
27
31
33
10
33
18
10
4
10
35
18
25
29
12
6
16
14
14
10
25
23
18
14
16
22
14
12
27
18
33
10
22
20
16
8
12
6
23
6
8
14
23
4
14
33
18
10
16
25
20
8
21
8
25
18
18
10
23
14
20
14
33
6
4
18
14
10
12
10
14
14
47
12
22
10
18
8
21
29
23
31
8
31
8
10
33
14
10
27
29
14
23
8
12
70
17
57
35
29
6
20
45
33
33
14
39
35
16
33
33
33
6
33
6
43
12
29
6
18
35
2
10
18
20
29
31
6
20
12
29
25
21
16
10
18
4
10
21
51
12
21
18
14
8
12
14
33
31
29
14
14
12
21
18
8
10
6
21
19
25
23
14
10
14
8
18
16
10
4
19
20
19
8
33
8
19
39
25
23
4
14
29
27
4
4
4
6
10
10
8
12
6
12
8
8
6
4
8
10
12
18
43
4
6
4
8
7
9
0
9
5
0
7
8
7
7
9
0
13
4
9
11
8
6
0
5
5
6
0
0
7
0
6
2
0
7
11
0
6
0
0
7
0
7
10
0
8
7
0
7
19
0
3
0
7
4
12
3
3
9
0
0
13
0
10
0
8
6
8
7
0
11
0
7
4
6
8
8
8
8
6
0
0
7
0
6
6
9
0
0
0
6
2
0
7
7
0
10
0
1
4
0
8
14
0
7
7
6
8
0
10
8
8
5
10
0
8
6
0
5
8
11
9
4
8
0
20
10
8
8
0
1
0
0
7
8
0
6
0
0
8
6
0
4
10
5
7
8
0
0
3
3
1
8
8
3
1
0
2
6
0
0
4
1
0
8
7
0
8
8
0
1
12
0
0
8
6
0
9
0
0
8
8
7
0
18
7
0
0
12
0
0
10
10
6
0
6
7
6
0
0
14
0
9
4
0
10
13
0
10
11
0
0
6
6
0
8
0
0
10
13
10
17
0
8
9
6
9
20
0
1
9
0
0
20
0
7
7
0
9
2
0
8
0
0
7
0
4
0
8
6
8
6
0
7
0
6
7
0
7
0
7
1
0
0
0
0
0
0
0
0
0
0
6
0
6
0
7
5
0
8
7
2
11
6
0
11
0
8
0
0
7
10
0
