13
12
9
10
11
7
12
9
11
8
8
14
8
8
9
11
13
7
9
11
11
12
11
11
12
12
9
10
9
9
9
6
14
9
7
10
13
10
9
7
9
9
10
9
11
7
10
9
12
9
9
9
9
10
11
11
8
10
9
9
12
11
11
8
15
7
9
9
11
7
13
11
12
13
10
10
5
10
9
9
9
9
11
11
12
12
9
13
7
5
8
9
12
8
14
8
9
9
9
9
9
11
11
11
13
12
10
8
11
11
11
9
11
9
9
9
11
11
8
9
13
12
7
8
9
11
12
13
13
14
9
8
9
14
11
10
9
13
11
11
6
7
11
11
20
20
9
9
14
9
10
13
11
11
9
9
11
11
10
10
16
9
12
11
9
9
13
7
9
9
10
12
7
7
10
8
11
11
15
7
10
12
7
9
18
13
13
9
13
10
9
11
11
9
13
7
9
9
9
9
14
9
13
11
15
9
11
11
11
8
13
11
13
9
9
12
11
7
9
13
13
7
11
11
11
7
9
8
24
13
11
11
11
11
11
9
11
11
12
11
11
8
8
11
9
9
9
14
11
8
12
10
9
9
7
11
9
10
11
11
7
11
11
9
14
13
7
7
9
11
9
11
7
7
12
7
10
9
9
11
7
9
11
11
11
9
7
13
2
4
2
2
8
4
2
2
2
2
4
0
2
12
0
2
6
2
4
2
0
4
4
2
0
4
2
0
4
2
0
4
2
2
2
2
2
4
2
4
6
7
2
4
7
0
0
4
4
4
2
2
2
2
2
2
5
4
2
4
2
2
4
4
6
2
6
2
2
4
2
2
0
2
0
4
0
6
2
4
2
4
2
4
17
6
2
4
4
0
2
2
2
2
2
2
4
16
6
2
4
4
4
4
4
4
2
9
4
2
0
4
2
4
4
2
6
0
2
2
2
4
6
4
17
2
4
2
4
2
4
2
2
2
5
2
2
4
2
0
4
2
2
4
4
4
4
2
2
2
4
2
12
2
4
4
4
4
4
2
4
4
4
4
2
4
2
4
4
2
4
2
6
4
4
0
2
0
0
4
2
4
4
2
2
2
4
2
2
2
4
2
4
2
2
0
6
2
4
2
4
0
4
4
4
4
2
2
4
4
0
2
4
4
0
4
6
2
2
4
2
4
2
2
2
4
4
4
2
2
2
2
0
2
0
15
0
2
6
4
4
2
0
4
4
2
1
4
5
2
8
2
6
2
0
2
4
6
2
0
2
2
2
5
0
2
4
2
4
4
2
2
2
2
4
2
2
4
6
6
2
4
4
6
5
2
4
2
5
8
8
5
6
5
6
7
5
8
6
8
7
5
7
6
10
6
7
9
9
6
5
6
8
8
5
7
8
6
10
12
5
6
6
6
5
8
5
9
8
8
7
7
6
7
8
6
7
8
7
8
6
5
6
6
6
7
7
7
7
7
6
8
6
8
6
8
11
6
6
9
5
8
8
8
5
6
8
7
6
10
4
5
8
6
8
7
8
7
8
7
6
7
10
13
7
6
6
7
7
8
8
8
9
10
6
8
0
2
4
2
7
0
2
2
2
9
10
5
3
2
0
0
5
5
9
7
4
0
0
0
8
3
4
2
3
2
2
0
2
8
4
0
4
5
33
0
0
0
0
7
13
11
7
7
0
2
6
7
13
6
2
2
0
0
5
6
7
3
4
20
0
0
0
8
4
2
0
4
13
10
0
0
0
3
4
10
2
15
0
0
2
2
0
2
0
7
5
5
2
0
0
0
2
5
21
2
3
3
2
0
0
0
5
0
7
0
7
0
0
0
0
15
0
17
17
2
0
0
0
2
3
20
4
4
0
0
13
3
2
5
4
0
0
2
0
5
9
10
5
2
2
0
7
11
9
11
3
0
0
0
0
6
2
3
0
3
0
2
2
9
0
0
0
0
4
2
0
9
5
7
5
2
6
2
4
7
1
1
3
5
3
1
15
2
3
9
9
15
3
1
0
3
11
3
3
7
0
5
0
3
1
3
1
7
3
0
1
3
3
0
3
5
1
3
5
0
3
3
3
5
21
0
3
1
5
1
0
1
1
3
1
1
3
3
3
17
12
1
0
11
1
5
1
0
7
3
5
7
5
0
0
3
1
7
0
11
1
1
1
5
1
5
3
5
3
5
3
7
5
3
15
5
13
1
9
5
1
0
1
3
1
1
3
0
1
7
5
0
9
3
7
15
1
5
3
3
3
9
11
3
3
3
3
13
5
0
1
17
0
3
1
7
3
15
1
3
5
5
1
3
0
7
7
5
1
1
7
3
7
3
3
1
17
1
5
5
1
5
1
1
3
3
1
5
3
3
0
5
1
5
0
18
3
23
3
3
1
5
5
1
5
1
5
1
3
13
15
13
3
3
5
7
9
18
7
11
3
3
0
7
3
5
13
0
3
5
13
5
1
1
3
3
1
5
5
3
13
3
5
9
3
3
3
3
1
0
1
3
3
5
7
5
1
3
3
5
1
12
17
1
5
3
5
7
5
5
17
3
3
13
1
7
7
7
11
7
5
1
3
3
3
1
5
3
3
0
3
15
3
1
1
0
3
3
5
5
3
3
5
5
3
3
1
3
2
62
4
4
3
2
6
67
4
4
2
0
6
0
2
0
2
8
4
2
0
2
2
4
4
0
0
4
4
6
2
6
0
0
0
2
2
2
2
0
8
0
0
8
4
0
2
4
0
6
0
2
6
4
12
2
6
2
0
2
2
2
2
4
4
14
2
2
4
4
4
0
6
6
0
61
0
0
0
4
2
6
6
2
2
4
0
2
0
0
2
2
0
2
0
8
0
2
0
8
4
8
10
2
2
0
6
4
2
2
8
6
2
15
4
6
2
0
0
2
2
2
0
6
4
16
2
2
0
2
2
9
0
6
2
10
2
8
6
4
4
69
2
2
2
8
2
2
4
6
4
7
4
0
0
2
8
2
4
12
6
4
2
4
4
0
6
2
2
0
2
2
0
2
4
4
62
2
10
2
0
10
2
2
0
2
0
61
2
4
4
6
0
13
8
6
4
6
10
8
8
35
0
4
0
0
2
10
2
4
2
2
4
6
4
2
0
2
2
7
6
94
4
4
10
10
2
2
10
2
2
6
9
2
2
6
2
2
2
2
0
8
0
0
4
4
2
8
0
6
2
4
6
6
6
2
14
4
4
10
2
6
2
10
8
6
6
13
0
6
0
8
8
0
4
6
2
0
62
0
4
8
2
10
6
4
4
6
2
2
3
1
2
2
2
1
2
2
2
2
2
1
1
2
1
1
3
2
2
2
1
3
2
2
3
2
2
1
2
2
2
2
2
2
2
1
2
1
2
1
1
1
1
2
1
2
2
2
2
3
2
2
2
3
2
2
3
2
3
5
1
2
2
3
2
2
2
2
2
2
2
2
1
3
3
2
1
2
2
2
3
1
3
2
2
3
2
2
3
3
2
2
1
2
2
2
2
2
1
1
2
2
1
2
2
2
2
3
1
4
2
1
2
2
2
1
3
2
2
1
1
1
0
2
2
2
2
1
1
2
2
2
3
2
2
1
2
2
3
3
3
2
3
2
2
3
2
2
2
2
2
3
2
1
2
2
3
1
1
2
3
2
1
2
1
2
2
1
2
2
2
1
2
2
3
1
4
2
1
1
2
2
2
4
2
2
3
1
3
2
1
3
2
2
1
3
2
2
2
1
2
2
2
1
1
1
1
2
1
2
1
1
2
2
2
1
2
2
2
3
2
2
2
2
3
2
2
2
2
2
1
2
2
2
1
2
1
1
2
2
2
2
2
2
1
1
3
2
2
3
2
3
2
2
2
2
6
3
2
2
2
2
2
3
2
1
3
2
1
2
1
2
2
3
2
1
3
2
2
2
4
2
2
3
2
3
39
36
36
32
34
40
41
33
38
39
34
33
30
42
44
39
39
46
31
38
45
35
35
40
39
34
40
37
35
33
36
44
39
27
36
39
32
47
38
34
39
37
23
28
27
40
41
41
45
37
32
40
37
40
24
38
41
37
34
38
40
42
36
70
31
27
41
43
50
43
38
28
46
31
39
42
39
35
42
33
38
43
29
36
42
33
39
28
33
35
25
39
43
27
36
40
42
33
33
29
31
39
41
37
37
40
29
39
31
32
30
38
34
32
39
28
37
34
37
40
33
37
34
35
26
40
42
33
36
26
24
39
25
45
31
25
38
29
31
36
42
40
43
21
41
22
38
29
40
41
27
17
37
38
41
22
41
38
41
37
33
41
9
25
40
62
28
17
42
37
37
37
39
37
28
39
36
18
34
40
35
35
36
43
32
44
44
36
34
32
23
38
44
36
33
33
34
44
34
37
37
42
32
36
42
43
46
37
26
31
47
41
40
45
28
41
28
38
39
36
34
36
39
25
39
30
36
40
38
29
26
41
29
35
80
70
38
37
26
37
33
28
28
38
34
34
41
36
41
22
34
35
46
34
36
11
19
37
43
37
37
31
50
35
33
38
38
42
38
60
45
32
40
49
27
35
40
20
35
44
26
33
35
35
42
38
33
34
4
4
2
4
4
4
2
6
6
0
0
6
4
6
0
2
6
6
8
8
4
0
2
4
8
0
2
2
4
4
4
6
6
0
2
4
2
4
4
4
4
6
2
6
7
0
0
6
4
5
2
4
6
6
4
4
4
0
2
5
4
4
0
4
4
0
2
4
2
0
0
6
6
4
0
6
6
4
4
0
2
0
0
2
7
2
2
4
4
6
4
4
8
0
0
4
2
4
2
4
3
6
2
6
4
0
2
6
4
2
0
6
6
4
6
6
5
2
2
6
2
6
0
2
4
5
2
2
5
0
2
4
7
7
0
2
6
4
2
0
6
0
0
4
2
4
0
2
2
4
4
0
2
0
2
4
6
4
4
0
2
6
5
0
4
0
0
7
6
2
2
4
6
2
6
8
6
0
0
4
4
4
0
4
4
4
6
4
6
2
0
2
4
4
4
2
4
2
4
2
4
0
4
2
6
2
4
8
4
4
4
4
4
0
0
6
6
2
6
4
6
6
4
4
4
0
2
2
4
4
6
4
4
2
6
2
2
2
4
4
2
4
4
4
4
2
4
4
4
0
4
4
6
4
0
6
4
2
2
4
4
2
6
4
4
2
2
4
4
0
2
4
2
0
4
2
4
4
6
4
6
2
7
4
2
0
4
5
9
3
17
23
11
11
9
3
21
7
7
15
13
7
7
7
11
7
19
17
9
15
17
21
17
7
9
21
7
2
7
13
9
11
7
25
9
9
19
15
5
13
11
27
11
9
19
19
23
3
15
9
19
19
11
9
7
15
9
9
21
11
27
11
7
11
15
13
23
13
13
9
13
17
9
7
11
31
11
17
47
19
33
23
17
19
15
23
15
15
15
17
17
17
19
17
11
15
15
21
19
15
29
7
11
7
11
41
33
25
21
35
15
25
21
25
19
23
23
21
31
13
21
5
19
21
9
17
13
23
9
7
7
7
7
7
7
11
17
11
9
9
17
5
15
13
11
9
9
7
17
7
15
9
17
11
9
7
11
21
21
13
23
7
17
15
9
7
29
13
19
19
9
5
13
27
15
21
13
9
13
7
21
13
17
19
13
11
11
17
7
21
19
45
31
11
35
11
19
25
13
27
46
45
29
43
33
7
33
21
51
25
15
17
39
9
11
27
13
31
37
21
11
23
45
15
25
52
43
27
31
5
19
23
7
15
25
33
25
19
19
23
7
17
13
11
35
17
3
7
11
9
21
11
7
11
5
5
7
5
9
13
11
13
7
7
5
3
5
5
5
11
5
11
5
11
5
11
11
5
13
3
5
5
7
39
13
31
8
4
9
9
0
5
19
6
9
6
5
15
8
12
9
9
7
29
2
8
3
8
32
6
8
6
5
7
8
6
3
6
7
9
34
7
0
4
0
4
44
4
4
4
42
43
4
53
6
16
4
37
44
4
4
6
42
2
4
8
4
6
6
49
13
2
0
6
2
4
2
2
41
63
4
4
13
4
2
4
28
21
0
2
6
17
8
7
6
36
82
8
43
11
2
6
2
29
36
55
23
12
24
18
72
25
17
17
16
43
13
2
16
4
18
70
11
4
10
6
13
11
4
4
15
22
2
32
4
13
6
0
2
0
24
0
8
4
3
8
2
23
35
4
61
5
32
2
14
5
4
53
7
5
15
21
68
4
0
3
26
2
12
14
86
24
59
6
40
33
10
12
4
10
63
1
45
4
5
17
8
66
34
27
6
38
78
9
15
39
32
20
31
27
18
13
24
31
29
34
44
31
30
39
4
21
22
36
29
56
33
2
20
60
31
41
41
38
17
29
20
53
20
15
41
21
18
22
14
11
30
23
19
44
21
15
27
46
62
38
27
20
31
12
23
48
20
86
31
14
40
26
25
16
18
18
24
18
25
28
50
10
17
13
40
13
89
13
19
14
21
77
22
11
18
49
17
21
20
12
22
16
29
30
20
17
14
12
