36
0
2
5
0
33
0
15
0
21
0
24
0
31
0
18
7
22
0
0
0
24
28
0
0
0
0
17
3
4
15
2
21
0
25
36
2
0
6
3
17
0
21
11
0
0
29
4
3
0
6
25
5
2
25
0
0
2
0
7
0
2
0
0
2
5
2
2
0
4
90
0
11
0
0
0
2
0
17
0
0
3
6
0
36
6
0
3
0
13
10
0
0
17
0
37
8
6
0
38
13
26
3
31
0
6
16
5
0
17
0
0
2
0
0
9
37
0
26
0
0
56
0
25
0
11
12
0
0
2
0
46
0
7
0
33
0
0
0
0
22
6
0
21
12
25
0
35
0
17
6
0
17
7
0
15
19
0
0
0
14
0
0
22
35
41
5
50
0
0
0
18
6
0
9
4
0
2
0
0
4
0
27
0
7
0
36
0
0
0
20
11
28
0
30
0
27
11
0
83
4
22
0
0
0
4
35
0
24
0
23
0
0
9
0
5
61
0
0
21
4
20
2
0
23
0
15
31
3
18
33
4
0
12
0
21
0
0
2
0
2
0
19
3
18
0
32
8
21
0
34
0
26
82
0
0
0
0
9
9
30
0
54
0
22
9
0
0
35
3
0
0
24
3
22
13
32
7
0
7
0
8
0
57
0
16
0
23
1
0
31
0
5
23
1
0
3
5
3
3
21
0
1
33
1
1
3
3
1
22
0
0
34
0
0
20
25
1
4
34
0
1
0
3
5
1
8
1
1
3
1
1
1
1
0
1
18
6
6
1
1
3
12
1
0
3
29
0
5
15
1
22
32
1
1
32
0
0
27
0
1
6
0
3
0
8
1
0
16
1
33
5
29
1
0
30
0
24
23
33
33
0
13
1
1
14
10
5
1
11
3
22
23
7
8
24
25
0
1
33
0
0
27
6
7
3
33
0
1
16
21
1
0
17
0
1
28
6
0
20
0
1
0
41
1
0
1
17
1
1
19
6
5
8
1
1
33
1
0
33
1
0
3
3
1
1
33
3
0
31
3
0
12
1
12
1
8
1
0
3
30
1
22
25
3
25
34
3
1
1
47
5
0
21
23
0
13
1
0
1
18
0
0
33
31
1
13
1
21
24
18
1
1
3
18
3
3
15
1
0
30
1
1
45
0
3
30
1
19
29
13
3
1
23
0
0
0
16
1
3
11
15
18
10
20
1
3
15
0
8
23
1
1
8
0
1
23
0
0
1
16
0
22
13
1
1
29
38
0
25
20
3
9
16
18
0
1
33
17
24
23
18
30
3
29
32
1
5
3
16
3
27
21
3
0
24
29
14
50
57
45
18
53
31
42
26
42
34
4
31
4
51
31
54
37
29
20
15
28
20
43
27
20
36
44
17
22
40
2
39
64
41
45
22
51
36
36
69
47
47
62
40
28
24
42
67
34
9
30
28
62
74
50
24
40
44
45
37
40
47
16
22
54
49
46
61
52
36
50
25
30
17
43
24
61
29
36
53
35
51
43
69
20
86
40
23
50
49
31
28
61
29
33
46
32
36
21
53
35
44
30
94
18
47
2
9
28
30
27
50
69
25
39
46
46
31
28
34
48
42
42
41
29
35
35
38
21
18
39
20
44
28
55
31
35
20
39
18
57
4
48
25
4
46
39
56
31
3
53
35
35
16
55
12
34
63
42
14
79
21
24
30
35
38
13
42
36
27
22
19
37
40
29
40
17
73
77
47
61
34
28
56
33
51
55
35
47
39
58
30
51
44
18
40
35
54
13
38
28
2
33
41
24
25
30
16
40
27
29
41
18
2
38
11
55
51
35
57
32
83
37
25
25
27
53
61
65
82
33
27
55
19
38
25
46
22
34
51
24
47
35
47
37
20
6
0
2
36
55
64
53
41
22
67
85
78
32
33
58
76
54
58
0
17
26
59
46
55
39
35
24
63
44
32
38
37
45
63
62
34
21
38
32
21
13
15
0
6
9
6
0
6
6
9
0
7
7
7
0
7
6
9
0
13
11
6
0
4
6
6
0
7
6
6
0
7
4
6
2
9
6
13
4
0
0
4
7
0
0
9
4
0
0
9
8
0
0
17
11
0
0
9
7
0
0
9
6
0
0
6
10
0
0
8
4
0
0
7
11
0
8
7
4
0
6
0
2
7
0
0
7
8
6
6
9
6
0
6
9
0
6
0
2
4
8
0
13
4
6
7
13
6
0
7
9
9
7
7
7
0
0
8
13
0
0
0
0
0
4
0
11
0
6
15
4
0
4
0
0
0
0
4
20
0
0
0
0
0
0
0
0
0
0
4
7
0
13
0
4
0
11
9
5
6
0
7
4
7
15
11
4
11
0
6
6
13
6
0
0
6
0
0
0
0
0
0
9
4
2
0
0
0
0
0
0
6
0
6
2
7
0
5
0
7
0
6
0
4
0
6
0
9
0
0
0
7
6
17
0
15
0
4
7
6
0
2
0
11
9
6
0
18
9
13
0
13
7
2
0
2
6
4
12
5
0
0
14
10
0
0
0
15
9
6
30
15
2
0
7
6
10
0
2
22
13
0
11
6
4
0
13
17
0
0
7
6
4
4
11
11
9
0
17
6
7
0
7
17
4
4
4
6
30
33
12
29
21
33
26
30
16
28
10
29
25
24
12
23
32
14
31
14
33
31
18
28
31
21
39
12
23
34
34
26
21
33
30
27
34
27
34
30
16
19
7
18
22
13
16
25
20
17
14
15
18
28
21
26
24
20
24
27
17
15
19
22
25
37
3
26
29
17
19
20
16
9
12
7
29
27
99
20
34
23
33
30
7
12
23
7
25
29
21
27
28
19
30
20
20
22
26
10
15
33
15
29
28
14
16
13
26
37
18
37
29
17
34
12
32
22
16
31
37
29
29
33
32
34
15
22
16
34
29
29
29
32
36
33
12
23
18
28
28
33
12
22
35
19
23
10
13
31
30
28
15
18
24
31
19
19
36
17
20
30
28
20
27
18
34
35
36
15
32
38
12
25
17
28
26
19
23
24
18
23
34
25
15
23
25
25
23
17
12
32
19
33
28
35
0
19
18
10
28
28
13
28
14
22
14
20
29
25
34
16
16
35
30
21
24
19
24
36
18
23
18
17
28
28
28
14
31
27
33
31
22
26
25
33
21
29
22
33
25
34
10
21
11
20
25
32
8
15
32
24
31
24
20
29
23
15
15
27
24
28
22
10
12
16
20
27
18
27
24
10
26
24
11
31
31
28
28
17
37
31
32
22
14
24
12
33
26
27
27
28
23
26
19
23
24
27
28
23
24
23
27
21
19
27
27
24
26
28
25
21
24
27
24
26
17
27
26
26
22
23
22
23
24
27
22
23
18
27
26
23
27
25
22
26
18
25
28
26
26
21
21
24
20
23
26
27
24
26
25
26
13
27
26
26
20
28
27
27
26
27
25
26
15
21
25
26
22
27
26
25
27
27
20
23
18
23
27
27
20
24
27
25
26
25
19
27
17
25
27
21
17
25
24
23
24
27
21
20
18
25
25
16
27
28
26
21
27
26
27
24
17
23
21
23
21
27
27
27
18
24
23
25
17
26
22
25
25
20
24
27
23
25
24
24
16
23
23
24
24
22
26
23
28
22
26
21
15
26
26
21
20
21
17
24
27
26
21
26
19
23
23
21
19
25
26
24
23
25
24
26
24
25
23
25
21
24
24
20
18
20
23
21
22
22
22
20
23
24
24
21
26
19
21
23
17
23
23
21
24
26
23
26
19
18
24
20
21
23
25
22
24
26
25
23
23
23
27
27
25
26
25
22
23
28
19
24
20
22
25
23
17
25
22
19
23
23
27
22
21
21
20
22
19
26
23
14
24
20
22
27
28
22
25
23
17
24
28
22
21
20
28
21
26
23
27
24
24
23
22
25
22
26
26
23
0
0
2
0
2
2
2
0
0
0
2
2
2
2
0
4
0
0
0
2
2
2
0
2
2
0
2
2
0
0
0
2
0
2
2
2
2
2
0
0
0
0
2
0
2
0
0
0
0
0
0
2
0
4
2
4
0
0
0
2
2
0
2
0
0
2
0
2
0
2
0
2
2
0
2
2
0
0
0
2
2
2
2
2
0
0
2
0
0
2
2
0
0
0
2
2
0
0
2
2
2
2
0
0
0
0
2
0
0
0
0
2
0
0
2
2
0
0
2
0
2
0
2
2
0
0
2
2
0
0
2
2
0
0
2
0
2
2
2
0
0
2
0
2
2
0
0
2
0
0
0
2
2
0
2
2
0
2
2
0
2
2
2
2
0
2
0
0
0
2
0
2
0
0
2
0
4
2
0
2
2
0
0
4
2
0
4
2
2
0
2
0
2
0
2
0
2
0
2
0
0
2
2
2
2
4
2
2
0
2
2
0
2
0
2
2
2
2
2
0
0
0
2
2
2
0
0
0
2
2
0
2
0
0
2
2
2
0
0
2
2
0
0
0
0
0
0
0
4
2
0
0
2
2
0
2
2
2
2
2
0
4
2
0
0
0
0
2
0
0
2
2
2
0
0
0
2
2
0
0
0
0
2
0
2
0
0
0
19
19
19
19
19
18
19
20
18
20
17
17
20
19
19
19
19
19
19
19
19
20
19
19
19
18
19
19
19
17
19
19
19
19
20
20
19
20
19
20
19
18
19
20
19
20
20
19
20
19
19
20
20
19
19
20
19
19
20
19
19
20
19
19
19
19
19
20
19
19
20
19
20
20
19
19
19
19
19
19
19
20
19
19
18
19
19
19
20
19
19
19
19
19
19
19
19
19
20
19
19
19
19
19
20
19
19
18
19
20
19
19
19
19
20
20
20
18
19
19
20
19
19
19
18
19
19
18
19
19
19
19
18
20
19
19
19
18
19
19
19
19
20
20
20
20
19
19
19
19
19
20
19
20
19
16
20
19
20
20
20
19
19
19
19
17
20
20
20
19
19
19
19
18
19
20
19
20
19
20
20
20
19
19
19
19
19
19
19
19
19
19
19
19
20
19
20
19
19
19
19
19
20
19
19
19
20
19
19
19
19
19
19
19
20
19
20
19
19
20
19
20
19
19
19
19
19
19
19
19
18
19
19
20
19
19
19
19
19
19
18
18
19
20
20
19
19
19
19
19
19
20
19
19
20
19
19
19
19
19
19
19
19
19
20
19
19
19
19
19
19
19
19
19
19
19
18
19
19
19
20
19
20
19
19
20
20
19
4
0
0
2
0
0
0
2
0
0
2
0
2
0
0
2
2
0
2
0
2
2
0
0
0
2
2
0
0
0
2
0
0
2
0
2
0
2
0
4
2
2
6
0
0
2
2
0
0
2
4
0
2
4
2
0
2
0
0
2
2
0
0
4
0
2
0
0
2
0
0
0
0
0
2
0
0
4
0
2
0
2
2
0
2
2
2
2
2
2
2
2
0
0
0
0
2
0
0
0
0
2
2
2
0
2
2
2
2
0
0
0
0
0
0
2
0
2
2
2
0
6
2
0
0
4
2
4
2
2
0
0
2
0
2
4
0
0
0
2
2
2
2
2
8
2
4
0
2
0
2
0
2
0
8
2
2
2
0
2
0
0
0
0
2
0
0
4
4
2
0
4
0
9
0
0
4
0
4
0
0
0
4
2
0
2
4
0
0
0
2
2
5
2
0
0
0
2
0
0
0
4
2
2
2
2
2
0
2
0
0
2
2
4
0
0
0
0
2
0
0
0
0
2
2
0
2
2
0
2
6
0
2
2
2
2
0
0
0
2
0
5
0
2
2
0
4
0
0
2
2
2
2
0
2
0
0
0
2
0
2
0
2
2
2
2
4
0
2
2
0
2
0
0
0
0
0
0
0
0
0
4
4
2
0
0
2
0
7
3
9
9
2
4
2
8
8
4
6
7
5
2
5
4
2
4
2
4
5
2
9
8
6
11
9
4
4
5
9
9
7
10
13
8
4
2
7
4
2
4
51
0
5
4
4
6
7
13
13
6
10
8
7
11
9
6
4
3
2
9
5
4
6
4
6
6
6
4
6
7
7
11
8
4
4
4
2
15
6
2
9
7
7
5
7
6
2
6
4
5
4
4
7
2
6
5
6
6
9
8
4
5
4
8
7
10
11
9
4
9
4
6
18
9
6
8
9
7
9
16
7
13
11
7
9
7
11
5
7
14
7
4
9
11
9
7
4
5
9
15
8
9
11
9
3
9
11
9
11
4
17
9
11
8
12
7
7
63
13
6
5
2
7
2
6
6
9
6
6
11
6
5
2
4
5
5
5
9
7
7
5
2
6
11
7
13
9
8
5
5
4
7
5
9
7
5
9
8
11
5
5
5
11
4
9
13
12
4
5
6
9
5
4
8
6
13
7
4
9
4
2
6
7
11
6
8
4
9
5
9
9
50
15
7
4
75
9
14
3
7
3
7
10
8
11
7
7
5
7
9
11
5
9
10
7
7
7
9
10
5
9
5
9
15
10
6
9
11
9
5
7
7
10
11
53
11
7
7
9
4
9
17
12
19
7
6
