6
12
14
18
20
18
18
12
10
18
14
23
14
18
10
12
12
4
12
25
14
6
18
10
18
18
10
18
20
8
18
6
4
22
8
10
6
10
25
14
10
20
14
6
8
12
4
14
12
20
12
12
14
12
10
16
10
12
14
12
10
2
18
0
12
14
23
10
4
14
10
20
4
18
27
22
22
29
18
18
4
12
8
14
15
6
29
6
12
16
14
2
18
12
12
16
12
8
15
12
19
10
23
12
31
12
33
4
14
10
24
16
16
16
12
10
13
16
8
14
19
8
14
14
18
25
10
16
4
10
10
20
6
16
22
16
6
27
4
14
16
16
27
16
6
35
20
20
18
23
12
16
6
18
19
10
8
23
10
25
27
6
29
24
18
27
27
35
20
19
10
12
8
16
31
19
25
18
20
12
23
14
18
10
16
21
18
18
16
18
29
10
19
8
24
12
24
14
10
37
16
27
31
16
18
25
22
20
12
29
12
18
8
12
25
18
27
13
12
22
27
18
19
25
6
20
10
25
14
20
8
10
14
12
23
21
12
14
8
16
14
22
12
4
18
4
10
12
8
2
6
6
14
25
10
10
14
12
12
10
20
16
14
23
12
19
14
6
12
25
6
10
4
4
20
6
8
6
21
4
8
6
16
12
8
19
10
12
2
2
2
4
2
4
2
4
5
0
0
4
3
0
0
4
6
0
2
0
2
0
0
5
4
2
0
7
0
0
0
4
2
0
0
4
2
0
2
23
0
2
2
0
0
0
2
4
2
0
2
8
0
2
4
0
2
4
2
2
2
0
0
5
4
3
2
5
2
7
0
7
2
0
4
0
0
0
4
0
2
0
0
4
0
2
0
2
2
0
2
4
4
7
2
0
0
4
6
2
3
2
2
2
4
4
4
5
2
6
0
2
2
2
2
0
0
2
4
2
4
2
2
3
5
2
4
4
4
2
2
0
0
2
2
2
13
4
2
0
2
0
5
2
4
4
4
23
7
2
4
6
0
5
4
0
5
2
2
2
2
0
0
4
4
4
2
2
2
2
0
0
6
2
4
2
0
3
4
2
2
2
4
0
4
0
2
2
2
0
2
5
0
0
0
2
2
4
0
19
2
0
4
2
5
6
2
2
0
0
2
2
0
4
0
4
5
4
0
4
5
19
2
2
2
2
8
2
0
4
0
2
8
4
2
4
5
6
8
4
4
2
2
2
3
21
0
2
5
0
4
2
2
4
2
2
0
0
0
2
4
4
5
2
0
6
4
2
2
4
0
2
2
2
0
4
0
4
0
0
2
2
2
4
0
2
4
0
24
30
17
60
16
14
57
48
26
28
12
42
24
26
24
62
27
25
71
38
36
18
50
48
57
20
40
27
31
32
68
35
34
24
25
39
35
46
6
24
15
26
47
66
37
62
45
19
12
7
37
56
46
43
53
25
35
38
16
70
22
27
85
33
12
16
17
59
41
44
61
56
40
15
67
24
34
26
36
68
42
75
44
18
10
62
47
36
22
22
25
26
42
35
24
27
27
20
38
26
21
12
56
72
21
7
34
58
23
43
42
25
23
35
14
53
38
22
19
39
38
19
24
46
24
22
55
39
26
39
24
8
29
16
26
31
25
45
42
25
43
38
36
67
32
24
21
63
39
26
35
42
24
28
15
52
44
44
18
24
43
14
24
27
59
39
37
24
59
32
24
53
17
13
24
24
35
33
12
22
36
20
52
76
49
54
40
34
26
20
20
46
36
43
36
20
35
31
10
33
28
24
26
44
32
38
18
5
47
51
18
61
25
22
40
41
58
22
23
16
42
23
19
12
29
23
16
31
26
19
15
20
29
25
14
20
22
15
16
30
21
20
18
34
21
10
18
16
28
63
37
22
42
8
21
14
15
37
14
17
34
37
45
39
37
37
14
42
8
23
13
28
18
24
30
24
38
24
23
13
14
19
20
11
11
33
15
19
4
3
5
7
8
14
9
8
9
10
11
6
7
8
4
8
9
13
7
12
18
7
9
9
9
8
8
8
19
9
8
3
9
7
8
9
7
8
6
9
7
7
5
7
10
9
15
5
9
4
4
6
8
7
3
27
7
11
9
12
11
9
7
4
18
9
8
7
8
11
6
7
5
5
6
7
7
10
10
11
12
16
7
12
6
4
6
4
6
7
6
9
7
7
9
9
10
6
5
6
8
15
8
12
3
8
9
10
7
4
5
6
7
4
14
9
14
6
15
7
10
6
4
3
5
7
7
9
7
8
7
6
8
4
6
3
9
7
7
8
7
9
8
7
6
10
6
2
5
6
5
6
6
17
8
12
5
0
0
0
0
0
0
0
8
8
4
3
5
5
0
0
0
0
0
0
0
0
0
0
0
0
0
0
0
0
0
0
0
0
0
0
0
0
0
0
0
0
0
0
0
0
0
0
0
0
0
0
0
0
0
0
0
0
0
0
0
0
0
0
0
0
0
0
0
0
0
0
0
0
0
0
0
0
0
0
0
0
0
0
0
0
0
0
0
0
0
0
0
0
0
0
0
0
0
0
0
0
0
0
0
0
0
0
0
0
0
0
0
0
0
0
0
0
0
0
0
0
0
0
0
0
0
0
0
0
0
0
2
0
0
0
0
0
2
0
2
2
4
0
0
2
4
2
2
2
0
2
2
0
4
2
0
0
2
0
2
2
0
0
2
0
0
0
2
4
2
2
4
2
0
0
4
0
0
4
0
0
2
0
0
0
6
2
2
0
0
2
2
2
0
2
10
2
2
0
0
4
2
4
4
0
0
0
0
2
0
0
0
2
2
2
0
2
8
0
2
0
2
4
2
2
4
4
0
0
0
0
2
2
2
2
2
0
2
8
6
0
0
0
0
0
10
2
0
2
0
0
2
13
4
2
0
0
0
0
0
4
2
2
2
2
0
0
0
2
0
4
0
2
0
2
4
2
4
0
0
0
2
2
0
0
2
4
2
6
2
2
2
4
2
0
4
2
2
2
4
2
0
0
2
2
4
0
2
0
0
2
4
0
4
4
0
6
0
0
2
2
4
4
4
0
2
4
4
2
6
0
2
8
10
2
2
4
0
2
2
0
0
2
2
2
4
2
2
2
0
8
2
4
2
2
0
4
0
0
4
0
2
0
0
0
0
4
2
0
0
0
2
2
0
0
0
0
0
4
2
0
0
2
0
0
2
2
2
2
0
2
0
0
0
2
2
2
0
0
2
2
2
0
0
4
2
0
6
4
0
2
0
0
0
2
0
2
0
0
0
2
2
2
0
0
4
2
2
0
0
0
2
0
0
0
0
0
0
0
2
0
0
0
0
2
0
4
0
0
0
0
0
0
2
2
0
2
0
0
0
0
0
2
2
0
0
0
2
4
0
2
8
2
2
0
0
2
2
0
2
2
0
2
4
0
0
2
0
2
0
0
2
4
0
0
2
0
0
0
2
2
0
4
0
2
4
0
0
0
4
0
0
0
0
4
0
2
0
0
2
2
2
4
2
0
6
2
2
2
8
2
2
2
0
2
0
0
2
2
0
2
0
0
2
2
2
0
4
2
2
5
0
2
2
0
2
0
2
0
2
0
0
0
0
2
4
0
2
0
2
0
2
2
4
2
2
4
4
2
2
0
2
2
2
2
2
2
2
2
6
0
4
4
2
0
2
0
4
6
6
4
0
0
0
0
2
2
0
2
0
0
2
0
0
0
4
0
2
2
0
0
0
2
2
0
2
2
0
0
4
0
2
0
2
2
4
0
4
2
0
0
0
2
2
0
2
2
0
0
0
2
0
2
0
2
2
4
0
4
4
2
0
0
0
0
0
0
2
4
2
0
0
0
8
2
4
0
0
2
0
0
0
0
2
0
0
0
4
2
2
0
0
2
4
2
4
0
4
4
2
0
4
2
0
2
0
0
2
0
2
6
2
2
2
4
4
0
2
2
2
2
4
0
6
2
2
2
0
0
4
6
2
2
2
4
4
2
2
2
2
2
2
2
42
0
2
2
4
2
2
2
2
2
4
2
4
2
2
4
2
2
4
2
4
2
4
4
2
2
2
2
2
2
2
0
2
4
2
0
0
4
2
2
2
2
2
2
4
2
2
2
2
4
2
2
2
2
4
2
8
2
2
2
2
2
6
4
2
4
0
2
2
0
2
2
2
2
2
2
2
4
2
2
4
4
2
4
2
4
2
2
2
2
0
4
0
4
2
4
4
0
2
4
2
4
4
2
2
4
4
4
2
0
2
4
2
4
4
2
2
0
2
2
4
6
0
2
4
2
4
2
2
0
4
4
4
50
0
0
4
2
2
4
2
4
0
2
2
2
0
2
4
2
2
4
2
2
0
4
2
2
2
2
4
2
6
2
2
2
2
4
2
4
4
2
2
2
4
0
2
2
4
2
4
6
4
0
4
4
2
4
4
4
4
2
4
2
2
2
6
2
2
2
2
0
6
4
4
0
0
2
4
2
4
4
0
2
2
0
2
6
6
2
4
2
6
4
2
4
2
2
2
4
2
2
2
0
0
2
4
4
4
4
2
2
2
2
2
4
2
2
2
2
2
2
6
10
4
2
0
10
4
0
4
4
0
0
6
4
0
8
0
0
6
4
4
2
2
2
4
4
4
6
4
0
2
4
2
4
4
4
8
0
0
2
4
4
4
0
0
46
0
0
12
4
4
2
0
4
4
0
2
4
2
6
6
6
2
0
0
2
6
2
4
0
6
2
0
4
2
0
2
6
2
0
2
4
2
4
2
6
4
43
0
4
4
0
2
0
2
4
6
0
0
2
4
2
2
2
2
2
44
4
10
2
4
2
0
4
2
2
0
2
0
6
2
0
0
90
4
0
2
4
0
4
6
58
4
0
0
2
4
0
2
4
6
0
2
2
2
0
0
2
52
2
4
4
0
2
4
2
0
4
0
0
2
2
44
0
0
4
2
92
0
6
89
6
4
6
0
0
0
0
4
2
2
0
2
4
2
4
0
2
2
4
4
4
2
4
0
48
4
0
2
4
2
2
0
4
0
2
2
4
2
0
0
2
2
2
0
0
2
4
0
6
4
0
4
0
2
4
0
4
4
2
4
2
4
2
0
4
4
4
0
2
0
0
2
0
2
8
4
4
4
4
2
4
0
4
4
6
6
46
0
0
2
2
2
4
0
4
4
4
4
4
4
6
6
6
4
2
8
2
4
4
2
0
0
4
4
2
4
4
0
0
2
2
0
0
2
4
2
0
0
0
2
0
0
2
2
2
0
2
4
0
0
2
0
0
2
2
0
0
2
0
0
2
0
4
4
2
2
4
0
2
2
0
4
0
2
0
0
0
6
0
0
0
4
2
2
0
4
0
0
0
0
2
0
0
2
2
2
2
2
4
2
6
2
4
2
2
2
0
2
2
2
0
2
2
2
2
0
2
4
2
2
0
2
0
0
0
2
0
2
0
0
4
2
0
0
2
2
2
4
2
4
0
2
0
0
0
2
0
0
4
2
0
2
0
2
4
2
0
2
2
0
0
2
0
2
0
4
2
2
2
0
0
2
2
2
2
0
8
2
0
0
0
4
2
2
2
2
4
2
4
0
2
4
0
2
2
0
2
2
0
4
4
2
0
2
0
2
2
6
2
0
4
2
2
2
0
0
2
2
0
2
2
0
2
2
2
2
0
2
2
4
2
4
2
2
4
2
4
4
2
2
0
0
0
0
0
0
2
4
2
2
2
0
0
0
0
2
0
2
2
2
2
4
2
4
0
0
2
0
0
2
2
2
2
4
0
2
2
2
4
0
4
2
2
0
0
0
2
2
0
2
2
0
0
4
0
2
0
4
2
0
0
2
4
0
2
0
0
2
2
4
0
0
2
2
0
16
26
12
20
16
20
18
10
10
16
10
10
22
24
16
10
22
20
12
16
12
12
8
20
6
16
10
6
10
20
18
12
18
12
16
16
16
14
8
16
16
20
16
18
6
18
20
14
18
22
22
16
16
8
14
10
16
14
10
24
16
18
24
12
20
10
10
14
22
10
10
16
18
10
12
14
18
20
16
12
6
26
12
16
6
12
8
14
10
20
10
14
18
16
6
18
8
10
14
16
10
16
8
8
8
12
18
14
20
10
8
6
4
16
8
12
12
22
22
14
10
20
22
10
14
14
14
18
14
12
18
10
26
14
12
2
14
8
6
14
8
14
16
10
10
14
16
16
10
20
4
14
14
34
12
14
16
2
8
20
26
16
12
14
28
6
4
14
12
14
18
10
10
28
6
12
8
22
12
8
6
10
10
20
10
8
8
10
32
6
6
12
22
10
6
8
4
8
24
22
8
8
12
10
10
14
8
18
8
24
6
10
16
18
14
14
12
16
12
20
10
8
10
6
22
10
10
18
24
6
16
6
22
10
10
26
8
10
10
14
18
16
8
10
6
18
8
18
10
8
14
16
10
28
10
16
2
10
12
16
8
6
20
20
24
10
8
16
4
4
20
20
18
16
12
18
8
12
10
24
18
12
12
22
16
18
14
12
