25
11
10
23
29
22
19
13
25
20
40
19
11
15
14
9
29
42
73
46
72
22
18
9
15
34
39
31
27
21
12
25
16
26
16
18
39
23
13
19
21
34
7
23
27
18
38
20
9
24
13
38
29
9
12
15
9
33
35
19
39
22
22
21
33
20
31
37
15
25
12
22
12
31
26
26
27
20
35
26
36
34
70
41
17
22
30
35
24
38
16
26
26
23
23
37
16
31
40
31
15
26
33
19
12
13
14
28
27
15
25
21
20
17
26
22
67
26
18
27
20
18
18
33
19
15
34
23
26
27
16
37
21
32
34
27
25
26
16
32
62
21
15
15
16
20
21
23
27
23
7
20
39
34
36
23
28
14
37
20
27
18
62
22
18
27
25
20
41
19
35
39
22
23
26
19
31
20
37
32
19
31
22
24
28
32
39
15
26
34
30
38
24
26
16
23
27
22
26
23
57
54
24
26
36
23
22
24
24
19
30
20
31
37
33
23
16
26
52
19
21
10
15
9
25
34
15
23
23
51
20
27
29
32
43
11
17
16
24
50
23
38
23
20
28
24
14
20
37
20
32
26
36
20
22
20
25
24
38
19
30
22
26
23
26
13
28
23
27
20
20
20
15
23
27
28
33
28
13
16
24
29
24
11
29
13
29
22
0
4
2
2
4
0
0
4
2
0
2
2
0
2
2
2
0
2
0
0
1
0
0
0
0
1
0
4
0
0
2
4
0
3
2
6
2
0
2
2
2
0
4
6
5
0
0
0
0
2
2
2
0
6
0
6
2
2
2
8
9
4
0
4
0
0
2
6
0
4
2
0
2
2
0
4
2
2
0
0
0
0
2
4
0
2
2
2
0
0
0
2
4
0
2
0
2
4
0
2
9
0
2
2
6
0
5
1
2
0
2
2
0
2
4
4
0
4
4
0
2
2
0
6
4
2
0
8
5
0
10
1
2
2
4
0
0
0
0
2
6
2
4
4
2
4
2
2
2
2
0
8
0
0
2
2
0
2
3
6
2
4
2
5
2
0
2
0
4
4
5
2
4
10
2
6
2
2
0
3
0
2
0
0
0
2
2
0
0
4
2
2
0
2
4
0
2
3
2
4
2
0
0
0
0
0
0
0
2
2
4
0
2
4
0
0
0
2
2
2
0
2
2
0
0
2
2
1
2
3
0
0
0
0
0
0
2
1
0
2
0
2
2
2
2
0
2
0
0
0
2
0
2
2
5
2
0
2
0
2
0
2
0
0
0
0
2
2
0
0
0
0
2
0
0
0
0
3
0
2
0
0
0
0
2
0
4
0
3
0
4
3
4
0
2
0
5
3
2
0
0
0
0
3
6
2
4
4
0
5
2
2
4
2
5
2
2
4
46
0
11
3
4
44
2
5
6
7
2
2
2
4
0
2
0
2
2
2
2
5
2
0
2
0
4
4
0
2
2
0
0
39
3
2
0
2
2
4
0
2
4
2
6
2
0
63
2
0
2
4
0
0
2
2
6
0
2
0
32
0
5
2
5
0
3
0
7
2
0
0
4
2
2
3
0
0
3
0
4
2
17
65
5
2
2
2
2
3
2
2
0
0
3
0
2
0
2
4
0
15
2
0
2
4
0
4
2
25
0
0
0
0
0
3
0
0
3
4
2
39
4
0
0
4
2
4
2
5
43
0
0
3
2
0
0
0
2
2
2
2
2
0
68
0
0
4
0
28
0
2
2
0
2
0
2
2
3
0
0
2
13
2
4
50
6
0
0
19
6
0
0
0
0
2
2
0
0
0
0
2
2
2
7
0
0
0
0
4
0
0
4
6
2
2
2
0
2
0
2
2
0
58
14
3
0
0
0
0
2
0
2
2
2
0
14
2
3
2
0
0
3
0
16
2
0
0
2
3
2
0
10
0
4
3
2
5
2
0
3
0
5
0
43
14
11
47
4
0
0
2
2
46
0
5
5
4
2
2
9
1
5
2
5
0
2
5
5
2
6
14
2
2
2
17
0
2
0
2
3
2
2
2
2
7
5
2
9
0
4
2
2
3
6
3
2
5
4
1
2
12
12
6
3
1
4
5
9
14
2
6
1
2
2
0
4
13
4
4
14
7
4
6
2
6
11
10
2
10
8
6
2
2
6
7
8
8
4
5
7
5
12
2
17
5
2
4
5
3
10
0
4
4
0
4
0
3
6
2
4
7
10
3
2
2
7
6
2
5
4
5
2
6
4
4
5
4
1
7
0
7
7
0
6
4
4
0
7
5
10
10
3
0
4
2
1
4
0
5
2
7
15
7
2
5
0
0
2
3
6
3
2
11
2
6
0
7
0
6
12
6
4
4
16
0
2
1
0
3
2
2
0
2
5
2
3
5
4
3
2
4
7
0
3
8
2
4
5
3
0
0
6
8
12
4
0
0
4
2
5
4
8
4
2
2
2
7
2
5
2
4
3
2
2
4
4
2
7
5
0
8
6
7
2
2
4
2
3
2
18
5
2
7
2
0
3
2
2
9
2
2
2
4
0
16
4
4
2
2
4
0
4
4
2
0
0
0
0
3
0
0
0
0
8
2
4
2
0
2
0
4
2
2
2
4
5
0
3
4
1
4
2
2
0
4
2
8
4
0
4
8
8
8
4
6
4
92
9
6
15
2
6
10
4
17
6
8
10
8
4
19
5
4
0
4
5
4
9
10
2
4
11
0
4
6
2
2
4
6
4
4
0
0
4
4
2
0
0
6
14
4
0
4
6
4
4
0
2
0
8
2
8
8
8
4
2
8
4
4
0
4
8
4
4
8
4
4
12
4
4
4
4
4
2
0
2
4
14
8
10
4
8
6
0
4
12
16
4
2
16
2
6
6
0
10
4
4
11
2
6
8
4
4
6
2
6
8
10
2
10
9
10
2
4
4
6
4
28
10
5
2
6
8
11
82
4
2
6
5
2
2
66
2
10
10
8
4
6
8
6
2
6
13
2
6
10
10
17
4
2
10
14
2
6
3
8
4
4
5
8
4
2
5
4
97
6
60
0
5
5
6
2
13
4
5
12
4
8
4
4
2
2
0
9
8
4
47
5
2
6
8
2
71
0
4
2
8
4
2
8
6
4
6
2
2
2
2
2
6
8
6
4
52
6
4
2
11
4
49
10
6
4
7
4
8
4
6
4
2
9
8
0
4
8
0
8
4
0
4
5
2
2
8
6
6
2
10
8
12
4
2
4
0
4
11
6
6
6
6
6
86
3
6
6
6
8
4
4
6
6
2
85
8
15
30
10
13
49
15
13
28
9
22
19
21
6
10
8
8
13
9
13
9
37
15
12
10
15
17
12
15
9
12
13
4
6
8
13
8
21
27
19
13
12
8
17
13
9
10
17
15
12
23
8
11
12
15
15
17
11
12
13
12
8
19
12
12
13
19
7
19
15
15
19
10
15
25
10
17
15
8
15
19
28
19
23
15
15
79
25
13
13
12
19
19
23
21
23
10
20
14
15
38
58
27
41
40
19
46
40
12
47
48
44
36
36
35
28
31
33
29
41
55
31
59
19
61
27
35
39
19
19
25
21
25
68
52
44
56
54
65
35
28
46
25
15
13
23
31
56
54
77
12
32
60
43
34
32
21
52
36
23
57
21
54
49
27
42
29
15
27
19
24
50
42
50
42
26
34
54
31
27
29
35
49
41
46
40
41
24
29
46
23
47
25
42
26
21
28
29
25
38
44
25
28
29
33
50
49
67
12
52
57
56
28
17
58
36
54
48
17
52
23
54
33
29
35
46
52
25
23
27
55
44
15
17
17
41
79
17
66
25
65
30
17
52
63
35
24
32
27
23
38
30
30
19
32
13
17
40
12
19
38
27
13
12
13
56
17
60
15
50
8
14
17
52
42
32
15
21
37
19
52
37
15
10
61
30
17
36
31
7
12
5
11
7
7
8
9
4
12
10
13
8
10
8
12
10
2
6
7
9
4
10
12
11
12
11
8
12
12
6
10
8
9
7
14
11
11
10
14
11
7
11
5
4
0
10
11
6
11
7
12
11
11
16
12
13
14
12
13
10
0
7
7
6
6
4
6
6
5
4
9
7
13
5
10
9
9
6
13
6
13
3
5
7
8
7
5
8
7
6
7
11
8
10
0
6
7
6
8
6
5
9
8
12
6
14
6
10
6
7
8
6
7
8
9
11
7
6
8
9
9
9
11
6
8
9
7
8
11
8
4
5
8
9
7
8
7
7
4
2
7
7
6
6
11
0
7
6
4
6
7
7
8
5
10
4
9
7
9
10
11
4
10
11
8
10
9
8
6
9
7
7
9
10
8
11
9
8
4
7
12
12
7
8
9
14
7
13
6
9
13
13
10
9
12
6
5
6
8
6
13
8
10
6
9
11
8
9
9
11
13
21
9
8
5
8
7
9
6
13
10
6
7
10
5
12
7
9
8
7
12
12
10
9
10
8
13
8
7
6
8
10
11
9
9
7
7
10
9
7
10
8
9
10
9
9
13
7
10
8
12
12
7
9
10
8
6
2
15
9
7
10
12
10
8
11
12
8
8
8
11
10
13
10
11
11
7
2
2
0
2
4
2
2
0
4
0
0
0
4
0
2
2
2
4
2
0
2
4
0
4
4
0
4
2
0
4
0
0
0
2
0
0
0
0
2
4
8
8
2
4
2
2
4
4
4
12
4
2
0
2
0
2
0
2
0
2
2
2
2
2
4
2
0
2
2
2
10
4
6
0
4
2
6
6
2
0
4
12
6
4
4
0
8
2
4
4
4
2
4
2
2
4
0
0
12
14
2
2
0
0
0
2
4
0
2
0
2
2
4
0
0
4
4
6
6
2
2
2
4
4
6
6
4
2
2
2
0
2
6
4
0
10
2
2
4
4
2
4
0
2
0
0
2
0
2
0
4
4
4
2
6
2
2
4
4
8
2
2
0
2
2
0
0
2
0
0
4
4
0
2
0
4
4
4
2
2
2
4
0
2
2
2
2
2
4
0
2
4
2
2
2
2
0
0
2
2
0
4
0
4
2
2
4
2
0
2
0
2
2
0
2
0
2
4
4
2
6
2
4
4
2
2
2
0
0
0
4
2
4
2
0
2
0
6
2
4
2
0
4
2
4
0
4
4
0
2
2
2
2
4
4
2
0
0
8
0
2
0
4
4
0
4
0
4
0
0
0
0
2
4
0
8
4
2
0
2
0
2
2
4
0
2
0
2
11
6
8
15
17
12
22
8
20
8
11
9
23
24
10
6
13
15
17
9
8
6
7
9
11
17
13
7
15
12
6
17
11
10
6
9
14
15
13
9
6
19
14
17
15
17
18
17
17
4
15
19
36
20
21
10
23
28
16
19
33
22
13
13
15
9
10
10
15
11
31
15
29
26
8
13
11
17
11
12
32
28
13
16
36
13
13
15
10
28
17
24
10
38
11
17
17
21
11
19
17
13
23
17
9
15
11
24
23
17
23
15
9
23
23
15
10
11
20
24
24
29
53
23
15
54
24
41
39
15
21
31
35
25
33
17
28
22
32
52
34
24
31
28
47
37
59
50
13
21
17
50
19
28
30
40
38
31
33
15
26
42
13
9
36
23
21
13
31
18
24
71
55
21
54
20
35
54
31
35
36
29
33
33
0
45
21
34
15
31
33
48
25
23
24
28
40
17
33
40
34
67
40
47
28
34
41
60
13
49
19
11
48
54
24
39
19
30
41
15
31
11
44
45
34
17
35
23
13
31
24
14
25
14
29
26
30
24
22
31
16
28
26
25
13
17
16
15
11
31
42
18
20
16
22
16
18
34
6
16
28
26
24
15
23
22
24
18
24
13
15
18
11
19
40
16
16
32
4
4
0
40
9
7
7
8
13
7
2
2
0
2
0
0
6
2
6
2
2
2
0
0
0
2
0
0
2
2
2
0
2
4
2
2
2
2
2
0
4
2
2
4
2
4
4
0
2
2
6
2
2
0
4
4
2
2
6
2
2
10
2
4
2
2
2
0
2
0
4
4
2
0
0
4
0
18
2
2
2
6
2
4
4
2
0
0
0
0
2
2
2
2
4
4
6
2
6
0
4
4
2
4
2
2
2
0
2
0
2
2
6
2
0
0
0
0
8
4
2
4
0
2
2
6
0
2
2
2
0
2
4
0
4
2
4
0
2
2
2
0
2
0
4
0
2
0
0
0
2
0
2
0
2
0
0
6
0
0
0
2
0
0
0
2
0
4
0
4
2
8
6
2
2
2
2
0
4
0
0
0
4
2
0
0
0
2
2
0
0
0
2
0
0
0
2
2
0
2
6
2
2
0
0
0
4
2
2
4
4
2
2
6
4
2
2
4
0
0
4
4
2
6
0
2
0
2
2
2
2
4
4
2
0
2
4
2
0
0
0
2
0
2
0
4
2
2
2
0
0
0
2
4
2
0
0
6
2
6
2
0
0
2
2
2
0
2
0
2
8
2
2
6
6
2
2
2
0
0
2
0
0
0
2
0
4
2
0
2
0
6
0
4
4
6
2
0
