4
2
6
2
2
8
2
2
6
13
2
19
2
19
4
2
4
17
2
32
13
2
4
2
4
23
4
2
2
4
6
4
4
2
4
2
2
3
4
0
2
8
6
2
2
4
28
19
4
4
6
0
2
2
5
4
51
0
12
17
2
2
4
2
4
2
2
19
2
2
2
4
10
2
15
2
4
0
2
4
6
2
0
10
2
36
4
11
4
0
23
2
18
2
7
4
6
2
4
4
4
2
4
2
8
19
8
2
23
2
2
4
4
10
2
6
22
6
4
3
2
2
8
2
0
7
6
22
0
4
4
9
4
25
2
17
6
2
6
2
29
4
6
2
6
4
27
2
2
2
2
6
2
5
4
2
2
2
2
26
6
2
6
4
10
10
4
2
4
16
23
6
4
3
4
2
8
38
31
2
4
4
4
21
21
4
2
2
4
6
4
6
2
2
4
2
2
4
2
8
25
2
2
8
11
7
6
11
2
4
2
5
11
2
2
30
21
0
17
25
4
4
6
2
17
36
5
6
2
2
12
6
2
4
6
13
19
6
0
4
16
21
4
9
6
11
2
2
19
4
0
6
4
4
4
4
3
4
29
6
4
2
6
2
2
2
4
17
8
23
2
2
4
10
4
19
4
2
2
4
2
0
5
0
11
2
2
4
2
4
10
4
10
4
6
4
2
6
4
2
2
4
4
4
6
6
2
8
2
6
8
6
6
4
8
6
6
4
6
2
15
6
8
4
6
4
6
6
10
2
6
4
8
8
10
2
9
4
4
4
10
6
10
4
4
8
8
6
4
2
94
6
4
6
10
2
4
8
6
2
4
4
8
2
6
2
2
2
14
2
6
2
6
2
6
2
9
4
8
10
8
4
4
10
4
6
6
4
6
2
12
6
6
8
6
4
6
6
2
8
4
2
2
4
4
6
4
6
8
6
4
10
4
2
2
4
6
10
4
6
8
4
6
4
4
10
4
4
2
6
12
4
6
6
12
8
8
4
2
2
4
2
6
8
2
4
6
4
4
6
2
4
6
4
2
4
4
2
4
6
2
2
4
8
6
4
6
6
12
4
4
8
8
6
2
2
4
4
6
0
8
4
8
6
4
6
6
6
4
7
4
6
4
4
4
4
6
8
8
4
2
2
6
2
4
6
6
6
4
6
8
8
2
8
2
6
4
8
4
2
4
6
4
4
2
4
6
4
4
8
4
4
10
15
4
6
4
8
6
6
6
6
4
8
6
2
4
4
6
4
4
4
6
2
2
2
4
4
4
6
4
4
6
4
4
2
6
2
6
4
2
4
2
4
4
2
8
8
10
13
6
10
13
8
11
3
8
11
9
11
6
4
8
11
8
9
7
8
2
9
7
6
10
9
10
9
8
4
11
6
8
6
9
14
6
8
0
8
11
7
4
9
6
4
7
2
4
4
5
2
13
5
6
4
4
8
12
4
6
9
6
3
8
13
9
6
8
9
8
10
21
6
6
8
8
8
8
25
9
12
2
8
8
9
9
11
9
8
8
6
12
8
4
6
11
10
11
6
7
9
4
11
4
4
8
4
11
4
4
8
6
4
6
3
6
12
11
4
13
4
6
11
10
13
10
7
6
6
5
6
6
6
11
4
10
10
8
6
13
6
19
0
0
0
0
0
0
0
0
0
0
0
0
0
0
0
0
0
0
0
0
0
0
0
0
0
0
0
0
0
0
0
0
0
0
0
0
0
0
0
0
0
0
0
0
0
0
0
0
0
0
0
0
0
0
0
0
0
0
0
0
0
0
0
0
0
0
0
0
0
0
0
0
0
0
0
0
0
0
0
0
0
0
0
0
0
0
0
0
0
0
0
0
0
0
0
0
0
0
0
0
0
0
0
0
0
0
0
0
0
0
0
0
0
0
0
0
0
0
0
0
0
0
0
0
0
0
0
0
0
0
0
0
0
0
0
0
0
0
0
0
0
0
0
6
13
7
4
8
21
6
14
4
11
6
12
12
8
2
6
0
5
6
6
7
6
6
7
10
4
8
3
4
8
6
7
2
7
12
8
12
4
6
10
10
16
6
8
10
8
6
6
8
6
17
5
12
6
21
4
32
11
10
12
11
4
10
6
10
8
8
14
4
6
8
8
10
10
1
8
8
9
9
8
8
0
8
11
4
8
5
10
6
15
10
6
12
8
11
8
6
10
2
3
10
8
8
13
6
4
7
12
9
9
8
6
4
8
12
8
5
10
12
21
11
13
5
17
15
21
10
11
8
13
8
10
12
17
8
20
11
8
8
14
15
12
15
23
21
8
5
19
13
6
14
6
10
12
6
13
8
15
29
8
17
17
10
8
17
12
19
8
19
8
25
8
19
10
17
15
10
10
14
8
15
25
6
8
12
6
15
21
11
21
10
25
21
10
8
12
12
12
23
19
13
19
6
10
14
21
14
27
6
13
10
13
19
17
8
21
14
21
27
10
15
10
12
13
10
12
8
19
15
19
6
8
6
25
6
12
12
19
10
14
10
4
6
11
8
6
8
14
12
8
6
12
14
12
8
10
8
10
10
10
19
10
15
6
23
13
11
10
10
13
15
10
15
8
12
8
10
12
10
15
13
10
6
8
12
13
10
10
13
17
17
11
9
13
9
13
8
17
4
11
13
7
0
11
13
11
13
11
6
11
7
8
6
4
6
6
11
13
13
4
9
9
11
8
9
11
4
13
8
15
4
8
11
11
8
10
10
6
4
6
8
15
13
21
8
6
13
13
11
13
21
8
9
4
19
6
8
6
10
13
4
8
11
11
8
6
4
8
8
6
2
13
9
8
6
8
9
11
11
6
10
8
6
4
11
4
15
6
10
10
6
8
4
4
19
8
19
8
11
8
8
8
13
6
2
6
4
31
8
11
11
4
11
6
10
23
6
10
9
7
13
4
10
8
15
8
6
10
10
6
2
8
11
11
13
10
6
8
17
11
19
6
6
6
8
21
10
11
10
25
21
11
6
8
15
8
11
11
4
8
8
21
13
15
11
13
6
13
13
17
27
13
11
19
17
17
13
17
13
19
15
11
15
19
19
11
13
11
8
21
8
10
13
17
15
8
9
11
11
19
8
13
10
11
9
13
15
11
11
10
11
11
25
19
13
11
19
10
10
15
15
11
13
13
23
19
15
15
21
6
29
30
13
15
11
9
9
13
21
11
14
7
6
10
6
13
11
9
8
6
19
6
8
6
8
8
13
19
15
8
10
19
10
15
10
11
11
17
13
19
9
8
10
8
9
13
20
21
18
22
8
15
25
2
43
7
14
19
2
6
12
29
20
4
12
17
14
18
16
16
17
20
20
6
14
16
23
14
4
21
11
20
12
26
15
17
9
21
20
20
4
20
14
23
7
5
18
11
22
12
13
4
24
11
22
13
17
8
18
15
22
20
2
3
17
16
26
12
17
4
15
25
21
17
8
5
20
19
9
13
3
12
13
26
15
4
4
17
14
17
20
12
22
13
27
14
6
19
13
22
16
10
5
24
20
20
25
29
13
4
23
17
9
23
2
24
18
14
27
5
17
22
25
21
4
17
19
19
32
23
11
20
21
14
18
20
14
13
16
9
2
21
17
4
18
20
12
13
16
19
12
19
27
3
16
16
17
16
25
3
18
24
18
16
16
13
22
18
5
19
3
2
10
25
22
2
14
6
15
18
3
15
18
20
20
19
7
3
21
14
10
9
2
17
18
13
3
3
5
21
18
12
20
21
18
19
14
17
3
20
23
19
9
3
16
8
10
22
1
11
2
14
19
23
8
1
11
17
17
16
14
9
4
21
16
21
15
7
3
24
10
16
24
8
19
10
21
28
16
16
18
25
20
2
13
16
24
13
36
13
31
24
5
3
8
28
18
3
17
18
18
27
0
29
23
13
24
3
25
22
32
18
5
9
34
21
46
44
33
45
45
39
45
23
40
48
34
39
34
29
34
34
48
33
45
24
36
45
46
33
44
30
40
47
45
48
64
31
90
47
44
31
43
33
47
43
48
32
45
46
32
57
46
31
32
48
42
69
43
34
44
31
29
85
36
33
34
29
37
71
42
75
46
39
35
54
44
31
46
40
33
33
40
47
38
35
24
48
46
63
44
33
55
44
44
46
32
33
44
43
45
84
43
46
33
34
50
43
41
33
32
44
42
31
46
29
31
48
32
47
45
33
48
46
50
43
47
44
35
32
44
37
48
31
48
46
34
25
46
39
44
45
35
50
46
30
46
40
46
29
33
23
43
31
44
43
41
31
47
46
45
33
46
29
33
61
39
54
37
25
39
33
44
29
35
24
31
44
40
47
37
30
36
44
43
34
33
30
31
37
41
49
39
33
32
47
39
41
42
30
40
31
50
34
88
26
47
43
46
45
48
40
39
31
45
48
43
38
43
45
34
31
44
27
39
44
35
32
33
30
31
44
44
22
38
39
31
42
48
31
28
27
46
44
34
29
27
33
33
42
32
42
32
24
81
43
41
41
45
42
31
46
33
50
31
38
48
33
46
45
47
31
33
32
47
46
32
32
45
40
45
33
46
33
42
24
48
32
44
36
26
47
10
11
6
15
4
6
11
12
10
10
8
15
13
10
10
8
12
12
14
8
8
4
11
17
6
19
15
8
6
8
24
10
6
15
12
34
14
19
13
17
14
6
11
15
13
17
12
8
19
10
10
8
0
19
21
15
17
12
15
12
48
6
19
0
2
8
43
31
27
25
12
10
50
8
27
31
19
23
10
19
13
25
21
17
10
21
37
17
13
24
8
8
19
14
19
6
17
15
29
17
10
50
9
18
6
15
5
14
15
62
25
14
45
19
21
27
13
8
12
15
15
27
17
25
12
21
19
17
23
12
46
29
19
17
23
11
31
15
17
14
5
8
29
12
55
52
29
21
2
31
28
31
29
17
21
25
23
6
15
17
12
19
0
10
8
9
31
17
34
10
15
9
8
17
19
12
13
12
27
40
19
27
25
10
27
29
17
27
10
13
9
39
23
19
23
37
0
23
50
14
34
36
12
15
23
20
34
39
36
23
28
15
19
8
23
29
21
30
6
13
31
13
13
27
0
19
29
21
37
25
10
19
11
27
23
15
8
12
6
10
15
4
9
12
19
11
61
20
8
31
6
26
9
15
6
13
11
12
13
13
27
19
13
15
19
13
8
6
21
15
8
12
31
14
27
14
27
15
15
8
4
0
14
39
10
19
6
10
0
0
0
3
3
5
7
0
0
0
7
0
0
0
3
2
4
0
0
0
0
0
1
1
0
0
1
0
3
0
0
0
0
0
7
0
5
0
1
0
9
0
0
3
1
1
5
0
0
2
0
0
1
1
3
3
0
0
7
7
0
7
5
3
21
7
0
0
0
3
0
1
0
1
3
0
5
7
0
0
5
5
0
7
39
0
5
1
3
5
5
1
1
0
0
3
1
5
0
1
1
1
5
0
3
7
3
0
1
1
7
7
7
0
0
5
5
7
1
1
3
5
0
5
3
2
3
0
5
3
0
0
1
3
0
0
38
0
1
0
1
5
1
0
0
0
0
0
0
0
0
0
7
3
7
3
1
0
7
0
0
0
0
0
9
2
1
0
5
0
3
3
0
0
0
0
5
0
1
1
1
1
1
1
3
0
0
0
5
3
0
3
0
0
1
0
0
0
0
0
1
3
1
0
0
0
3
0
0
0
0
0
3
3
0
2
0
0
3
0
0
0
1
3
5
0
1
0
0
1
1
7
1
7
0
1
3
1
1
1
0
0
3
0
0
0
3
0
3
0
0
0
1
1
3
0
1
0
0
7
5
0
0
0
0
1
3
0
0
5
5
0
0
0
1
0
0
0
11
0
3
5
3
1
1
1
0
0
5
17
0
1
2
7
0
3
2
1
0
3
56
2
2
4
2
2
2
2
5
0
3
0
2
5
7
7
0
0
2
0
11
0
2
0
0
1
5
0
2
2
0
0
11
2
3
0
2
0
2
2
5
0
4
2
0
2
2
0
0
4
7
2
0
2
1
0
5
0
11
4
3
4
4
3
1
4
1
4
2
2
2
1
2
9
2
2
0
1
2
5
0
0
2
0
0
9
0
0
0
0
0
7
0
7
3
2
9
5
2
0
11
0
0
1
0
0
0
0
2
2
5
2
11
5
2
0
0
1
2
2
0
7
1
0
0
4
0
1
0
2
3
7
9
9
5
90
52
89
50
7
53
90
49
9
48
0
0
0
0
2
5
2
3
4
2
0
5
2
0
0
2
9
5
0
0
9
4
0
0
0
2
0
3
0
2
0
2
0
0
5
0
0
5
0
0
7
0
2
0
2
0
7
0
4
5
2
1
5
0
2
4
7
0
0
5
2
0
4
0
2
5
0
1
0
5
2
4
2
0
9
3
0
3
2
2
1
0
7
7
2
1
2
46
0
0
84
0
0
7
5
2
2
5
0
5
0
0
0
5
2
9
0
0
1
3
2
5
4
2
0
3
0
7
2
25
2
2
91
9
2
0
3
0
2
2
3
