0
0
0
0
0
3
1
1
0
0
0
3
5
0
1
7
1
5
3
0
0
0
3
0
0
0
7
9
5
3
0
5
0
0
1
0
0
0
1
0
0
0
1
0
0
0
83
0
1
1
1
0
0
1
5
0
3
3
1
0
0
5
1
7
1
68
7
0
1
5
0
1
1
0
0
10
1
0
0
7
0
3
0
0
7
3
3
0
0
5
1
1
58
3
0
0
0
1
0
1
3
0
5
1
5
7
0
7
0
1
3
1
1
3
1
1
1
3
1
0
1
7
1
1
0
3
1
9
5
0
1
5
0
1
1
88
7
0
5
13
1
0
3
5
0
0
0
1
1
0
7
0
0
1
1
0
3
1
0
0
0
0
7
3
0
1
1
0
3
3
1
0
1
5
1
0
1
0
12
3
0
1
5
0
0
5
3
5
0
47
1
5
43
0
1
1
0
3
5
3
3
0
0
1
0
3
0
7
6
7
1
0
1
7
5
3
9
0
0
5
7
1
1
3
1
1
1
1
0
1
1
1
0
1
1
1
7
5
1
1
0
3
3
7
3
0
1
1
1
3
5
0
1
3
5
5
1
42
0
1
3
0
1
3
0
5
3
8
0
3
1
3
7
64
1
0
0
1
7
0
3
1
0
5
1
7
0
3
3
5
0
3
5
4
2
4
4
4
3
3
3
2
2
2
3
3
2
2
11
2
4
2
7
4
1
5
5
4
6
3
10
4
3
3
2
5
7
2
2
4
2
2
6
2
7
3
2
2
7
20
2
4
6
5
2
2
3
2
2
2
7
2
3
2
7
3
2
5
5
6
14
2
3
4
5
4
5
5
3
4
2
5
4
0
2
7
4
4
3
3
3
7
2
3
3
5
2
5
3
9
2
9
3
2
4
3
7
2
6
9
2
0
2
2
2
9
4
11
3
11
3
5
4
4
3
5
5
2
9
2
7
4
2
2
7
2
5
2
7
4
3
2
5
4
7
5
4
2
11
2
4
3
4
2
7
40
51
56
11
2
9
2
2
3
2
2
3
3
2
4
7
3
4
4
3
6
5
3
4
3
3
3
3
5
3
7
6
7
3
2
2
3
2
3
2
4
2
2
5
2
10
2
2
9
3
7
9
6
5
9
2
3
2
9
5
4
19
6
7
4
2
10
4
8
5
5
5
2
7
2
7
2
5
2
4
3
4
2
2
2
2
6
2
0
9
3
2
5
2
2
2
9
6
0
2
0
5
3
2
5
2
2
6
5
4
2
3
2
7
4
2
3
2
3
3
3
3
10
10
2
5
7
1
2
3
3
2
3
2
2
4
2
4
2
4
3
2
2
4
2
2
5
2
4
2
4
2
1
2
4
2
2
4
4
0
2
2
0
1
2
2
7
14
2
4
1
7
1
5
4
5
1
6
4
2
0
36
26
36
33
1
6
0
0
1
0
1
2
0
6
4
5
2
1
0
2
2
7
4
0
2
2
0
1
0
0
4
4
2
4
5
8
4
4
2
1
3
0
2
1
1
4
2
1
0
0
0
2
2
2
3
2
2
2
2
3
0
1
3
1
0
4
4
5
2
2
2
1
0
2
0
1
1
2
2
0
2
4
2
4
0
2
5
0
2
0
2
0
2
0
0
0
6
2
0
0
4
1
4
4
1
0
2
0
2
2
2
2
2
2
2
4
4
0
4
2
2
0
1
1
2
1
2
1
1
3
5
2
2
2
2
1
1
1
2
1
1
5
6
2
2
5
4
0
2
2
0
2
1
2
1
2
2
4
0
0
1
2
0
0
6
4
0
0
3
1
1
2
0
1
1
0
2
3
4
13
1
1
1
2
2
0
4
5
5
2
1
0
2
1
5
1
2
1
2
1
0
2
0
0
0
0
0
0
2
1
1
0
2
0
1
1
6
3
3
2
2
0
2
1
2
8
2
2
0
4
0
0
0
1
0
1
2
1
14
19
7
13
14
21
10
17
18
14
0
16
17
22
0
13
13
7
11
0
18
9
11
0
11
11
0
0
19
9
0
18
16
13
12
15
11
0
11
0
11
0
14
0
16
0
13
18
13
15
0
17
27
11
0
13
0
14
11
0
0
15
16
0
0
23
13
0
0
26
18
0
0
15
18
0
30
0
9
0
0
13
27
0
9
0
19
16
19
13
9
13
13
15
18
24
12
10
14
24
5
0
23
13
3
12
15
11
12
17
13
11
12
12
13
11
0
16
14
0
0
0
0
0
37
0
20
0
16
0
0
0
16
22
14
0
24
14
0
16
0
0
0
0
0
0
0
0
0
0
11
26
0
0
13
0
19
20
0
20
20
10
12
0
20
10
0
16
0
12
22
0
25
0
0
22
0
0
0
0
0
0
52
12
5
22
0
0
0
0
0
19
0
19
20
22
18
17
15
18
0
16
15
30
20
12
0
27
32
43
0
9
24
14
0
24
0
19
9
17
23
24
10
16
29
22
0
17
29
30
3
32
20
13
26
18
16
15
20
28
0
15
18
31
17
0
28
30
21
0
18
22
9
16
0
26
11
0
13
11
24
7
13
14
0
0
19
24
0
0
25
19
8
0
20
13
3
16
16
11
13
0
7
12
13
11
16
13
13
11
9
14
22
9
14
8
13
10
11
14
33
16
17
17
21
13
9
19
13
17
15
14
8
7
12
9
16
13
17
5
17
9
18
17
12
7
10
13
7
21
11
9
5
13
8
14
28
11
15
18
15
9
9
14
7
14
13
4
14
7
12
15
11
18
20
13
7
13
11
23
7
15
13
7
21
15
8
11
17
14
5
22
17
14
7
9
23
22
28
5
18
15
16
17
12
7
7
56
11
7
18
7
9
14
5
13
11
11
11
6
9
24
22
18
16
5
24
17
7
18
13
10
26
18
26
18
15
7
8
7
12
7
9
23
9
13
9
11
12
15
5
30
18
10
35
9
7
7
14
13
23
17
20
9
16
9
25
8
9
5
19
9
20
10
24
9
22
24
13
11
17
11
14
14
24
13
8
14
5
20
36
38
33
12
14
11
11
21
9
22
7
16
12
12
40
15
15
5
9
17
9
25
15
16
11
13
13
4
28
19
14
23
13
7
15
62
38
58
82
11
9
10
13
7
11
13
11
20
42
10
14
14
25
13
17
17
47
12
17
27
13
18
32
30
20
19
19
16
7
21
9
5
10
24
15
11
11
5
11
5
12
11
5
5
15
14
11
7
5
17
15
4
15
13
6
8
11
14
5
14
13
10
7
7
19
20
4
2
6
10
4
11
2
8
6
2
0
8
8
6
2
10
9
0
6
2
2
0
10
4
14
2
2
4
2
2
2
6
4
2
4
6
4
8
8
10
8
13
9
11
4
2
2
4
10
8
4
15
6
8
12
9
6
2
0
4
4
2
2
7
8
6
7
4
2
2
2
2
2
2
4
2
12
4
2
2
4
2
4
4
2
0
0
2
4
2
2
0
10
4
2
2
8
15
4
6
4
2
0
9
4
2
2
2
19
8
6
6
6
8
8
6
10
4
2
8
6
10
4
2
8
4
4
2
11
2
0
2
8
10
4
2
4
8
4
12
6
0
2
6
11
8
5
4
9
6
4
4
4
0
2
8
2
6
6
8
8
4
6
6
6
0
4
2
10
4
4
11
10
11
2
4
2
2
8
15
15
2
2
8
6
4
2
4
10
0
6
11
4
2
2
8
10
14
6
6
6
6
2
2
2
9
0
11
2
2
0
4
4
0
0
2
8
6
6
10
11
6
6
4
6
0
0
14
4
13
4
8
6
4
4
4
10
4
4
10
12
15
9
8
6
4
2
6
4
2
0
6
6
8
3
4
6
6
6
6
4
2
0
4
4
0
8
17
8
6
9
6
4
2
4
9
8
8
6
8
9
10
6
8
4
2
6
22
0
2
0
0
1
2
0
1
0
1
1
0
0
1
1
0
0
0
0
0
0
3
1
1
0
1
9
1
1
1
3
1
2
0
1
0
0
1
1
0
4
0
2
7
1
1
0
0
1
1
1
0
0
0
1
2
0
5
3
0
0
1
1
1
0
1
1
1
0
1
0
2
2
0
0
1
0
1
0
2
1
0
1
0
1
1
0
2
4
1
2
0
2
4
0
0
0
1
1
0
1
1
0
1
1
0
1
1
1
1
3
1
1
0
0
0
0
1
1
1
4
1
0
3
1
1
1
1
6
0
1
1
1
0
1
1
1
0
0
1
1
1
1
2
3
1
1
1
0
1
1
1
1
4
6
0
5
3
0
1
1
1
1
1
1
1
0
1
1
1
2
0
0
0
1
1
1
1
1
2
1
1
0
1
2
0
4
1
2
1
1
7
0
2
1
2
2
1
1
0
1
0
0
0
0
1
2
0
1
0
0
3
0
0
0
2
1
1
1
3
0
2
1
0
0
1
1
1
2
3
3
0
1
0
1
0
0
1
0
0
1
1
1
1
0
0
0
2
1
1
1
2
0
1
1
0
6
1
1
0
0
1
1
2
1
2
2
1
1
0
2
1
1
1
1
3
2
0
0
0
1
1
0
1
0
1
1
2
3
3
5
4
2
7
6
3
6
3
8
6
9
6
5
3
4
3
5
5
7
3
7
6
6
6
6
5
6
6
6
3
5
7
5
5
7
5
8
6
7
5
6
3
3
2
6
3
6
5
6
3
3
7
7
6
4
5
5
4
3
3
3
4
3
4
7
6
7
3
3
8
4
3
4
4
4
5
5
7
4
6
7
4
4
5
6
5
2
4
7
8
7
6
5
7
5
4
6
4
3
8
6
6
5
6
4
8
5
5
5
9
8
6
4
3
3
2
2
2
3
2
5
3
5
5
3
2
2
2
7
3
3
3
5
5
7
4
2
2
4
6
4
5
4
5
6
6
5
3
4
4
4
4
5
5
5
3
6
4
4
3
3
7
6
4
4
6
4
7
2
5
2
3
2
3
3
2
4
6
5
5
5
5
3
3
4
6
4
8
4
6
3
3
4
8
4
5
3
4
7
4
5
9
8
4
7
7
6
4
3
4
4
4
5
5
3
5
6
7
6
6
8
5
6
4
8
6
6
3
2
8
5
4
4
4
3
4
5
5
2
8
8
6
5
3
7
3
5
6
8
7
7
6
5
8
4
4
5
5
4
7
8
5
8
3
6
4
3
6
6
6
8
6
4
7
6
8
6
8
7
5
5
5
7
8
4
7
0
0
0
0
0
0
0
0
0
0
0
0
0
4
2
4
9
7
19
9
18
14
19
10
8
9
15
6
11
14
9
14
16
14
0
9
5
9
24
13
5
20
6
16
31
18
11
17
18
9
24
7
8
18
11
6
18
16
15
24
12
7
21
9
7
10
17
22
16
19
23
21
20
23
18
14
18
23
40
23
11
21
26
26
11
27
25
40
16
20
15
28
24
19
23
43
2
15
23
21
30
29
13
19
14
33
19
22
22
11
14
29
5
20
26
26
29
17
19
25
23
16
20
16
29
22
42
25
37
28
22
35
30
16
28
9
15
31
24
32
24
8
17
25
29
32
22
24
7
19
30
11
17
19
14
12
16
31
24
12
23
20
9
27
25
24
16
31
17
7
33
28
25
27
14
34
28
34
27
42
46
36
16
35
35
29
19
31
14
23
14
35
14
39
41
25
29
31
26
36
29
32
39
29
13
15
21
29
26
39
3
14
13
23
21
9
22
17
17
13
26
23
14
13
4
9
11
8
5
15
9
2
8
5
7
5
2
8
17
5
5
5
5
8
11
7
7
10
5
12
20
13
12
7
31
7
2
4
3
7
5
7
8
10
17
7
19
5
28
5
5
13
7
7
8
7
5
2
5
4
8
7
5
5
5
9
6
19
28
43
5
36
37
45
24
28
86
54
53
20
57
40
35
7
20
6
9
39
23
22
21
22
40
44
58
54
47
23
35
31
47
33
26
55
24
80
37
63
24
20
74
43
25
65
39
26
36
63
38
28
60
30
10
32
61
27
38
22
40
25
37
32
25
3
22
56
32
26
66
23
20
0
70
69
24
23
7
40
47
29
24
22
24
27
48
64
31
57
37
34
18
71
29
49
21
27
35
63
43
49
16
32
46
38
44
41
26
18
20
38
38
64
35
39
41
45
7
21
26
30
27
29
11
32
28
22
60
48
85
0
37
48
43
60
12
22
16
44
33
31
50
15
33
0
58
27
70
26
32
19
25
62
30
29
42
59
21
21
41
68
28
28
29
33
22
53
23
31
70
65
71
30
83
48
78
21
33
15
25
68
42
51
25
31
36
28
63
31
27
25
33
30
64
33
26
43
52
71
66
46
47
26
26
51
25
31
22
39
43
41
27
11
54
28
22
47
31
91
61
31
39
41
78
46
82
32
24
20
35
24
57
35
25
22
39
80
45
25
26
25
27
24
24
30
22
28
19
39
24
16
22
25
20
24
33
17
34
37
43
20
29
44
26
24
31
59
17
35
17
26
16
17
38
47
17
21
22
37
29
35
13
24
23
51
28
38
