21
19
32
44
16
54
17
18
33
15
36
0
0
31
20
46
39
39
7
7
11
26
39
0
23
0
22
44
37
44
18
19
13
32
21
53
45
17
33
7
36
48
21
18
11
0
32
21
37
20
0
36
24
30
18
33
22
52
47
35
37
22
4
17
42
46
12
26
18
44
38
0
50
0
29
39
0
48
38
0
29
19
37
20
46
60
46
0
44
41
23
11
17
17
34
37
36
35
15
61
48
43
18
9
26
37
22
0
51
48
46
26
34
27
26
17
24
9
0
41
2
42
61
24
0
23
27
20
30
22
30
43
57
10
49
5
0
31
20
26
8
37
16
39
35
44
17
11
28
33
13
48
24
32
0
20
39
9
39
53
51
7
13
15
17
29
0
31
22
48
43
56
45
6
20
17
16
0
28
17
46
13
42
32
35
0
18
0
0
37
44
0
49
40
0
32
0
30
18
18
11
38
48
44
8
56
45
18
7
0
9
9
20
43
40
31
31
47
38
45
9
46
18
18
19
18
14
26
27
48
17
0
34
19
0
27
16
18
39
24
31
11
0
7
29
17
45
18
26
27
21
11
16
14
33
0
25
29
9
37
18
6
20
37
19
20
13
0
18
14
44
29
2
39
22
27
24
15
14
12
0
7
27
18
9
23
52
35
5
3
31
3
3
5
42
3
5
5
3
50
7
5
29
43
3
1
1
0
1
0
3
1
3
7
0
1
7
1
1
3
44
3
18
73
5
1
5
5
9
3
3
3
41
5
77
5
50
3
21
5
3
1
3
3
39
0
1
5
52
3
5
1
0
7
3
3
46
7
3
58
5
1
0
3
44
5
41
1
1
3
56
3
47
5
1
3
3
3
27
7
3
15
65
17
10
5
3
3
1
7
7
3
11
5
21
16
1
7
36
15
3
7
3
3
34
3
0
16
1
3
3
1
26
3
0
36
3
38
1
5
21
5
60
1
9
3
3
5
1
17
6
0
1
3
5
3
3
5
3
3
21
67
65
1
3
10
3
1
1
1
3
31
5
6
1
3
3
7
3
1
3
1
3
6
5
1
6
1
29
20
32
36
59
3
29
25
3
1
3
7
19
3
45
7
3
5
9
3
23
1
15
3
5
1
54
3
17
5
3
53
9
3
5
3
3
9
1
42
35
3
1
3
1
46
1
3
1
3
0
25
1
1
43
56
5
3
26
3
1
1
3
5
17
3
0
8
5
3
1
5
1
1
5
1
46
1
5
7
3
15
5
5
3
13
3
3
3
1
3
3
3
3
45
3
1
9
10
7
36
39
3
3
5
3
64
28
42
37
17
29
40
32
25
38
15
31
54
57
13
20
36
13
32
30
28
22
51
20
42
16
38
14
26
17
70
32
23
7
33
55
13
15
19
65
17
40
49
42
33
18
20
33
30
13
17
17
23
5
27
22
23
19
54
26
13
45
17
40
7
7
13
20
43
24
26
24
28
20
43
33
42
17
40
25
17
15
48
11
39
36
31
44
22
25
46
17
30
11
35
37
77
22
15
45
34
11
33
30
39
13
30
19
68
58
55
46
13
41
28
17
34
26
81
38
31
40
32
39
52
21
55
32
26
37
40
40
30
35
21
40
16
30
13
26
26
34
30
30
36
33
29
29
28
36
35
50
55
38
37
25
29
20
15
26
27
19
35
37
43
45
19
17
22
5
25
36
36
45
18
25
49
17
28
5
38
22
7
48
38
19
23
36
19
21
50
24
20
23
17
22
25
12
25
44
23
26
13
17
45
19
19
22
17
17
19
17
19
11
60
7
19
13
29
18
27
12
27
3
15
10
13
20
38
15
7
16
34
16
11
9
15
34
26
16
12
48
33
28
26
18
38
12
20
14
9
9
15
15
23
5
5
13
56
22
5
1
7
9
3
9
7
11
5
18
1
11
3
7
1
0
0
5
9
3
7
0
3
0
1
9
7
3
7
1
8
25
19
2
8
22
10
12
10
2
8
4
12
6
13
13
2
10
10
6
8
8
8
10
6
6
4
6
6
4
15
8
6
10
8
2
17
6
4
8
4
12
10
10
4
6
6
8
2
22
12
12
8
4
14
13
2
8
6
10
10
12
8
12
8
6
4
8
14
4
6
11
6
10
4
13
8
10
4
14
8
8
10
6
6
10
12
4
4
4
8
4
4
2
6
6
2
6
6
20
4
10
12
17
6
17
6
8
4
13
17
13
14
2
8
15
15
6
10
8
6
4
4
16
12
6
10
19
20
8
16
42
6
10
14
12
10
14
6
11
15
18
6
35
6
8
17
2
8
24
10
19
6
8
8
6
21
31
13
19
13
10
39
18
6
10
18
8
6
29
8
15
17
8
13
9
4
12
14
14
31
16
18
8
15
27
14
14
29
12
14
20
10
8
14
12
27
8
6
8
10
21
8
25
12
19
12
6
19
13
14
18
10
12
17
25
19
13
14
8
10
22
20
21
10
8
10
23
15
16
20
14
25
10
17
4
22
10
13
6
23
8
15
10
14
6
10
15
32
14
13
10
25
14
15
31
15
6
8
10
10
2
13
10
13
10
10
12
8
18
12
11
16
6
13
8
12
27
10
10
6
13
10
13
12
2
8
10
10
6
4
6
2
0
6
4
2
6
6
0
4
6
6
4
6
2
4
4
6
6
6
2
8
4
4
4
0
4
4
6
2
6
0
4
6
4
4
2
2
8
6
4
2
4
4
4
6
8
8
8
2
8
4
6
0
2
4
4
4
6
4
6
4
4
4
6
6
4
2
4
6
6
10
6
4
4
2
6
2
8
2
4
2
2
4
2
2
0
4
4
2
6
6
0
4
2
6
6
2
8
6
6
4
6
4
6
6
4
4
10
4
4
4
4
6
8
4
8
2
12
2
0
8
4
6
6
8
4
4
4
10
4
4
4
4
6
8
2
6
2
2
4
2
4
6
2
2
8
2
6
6
4
10
6
4
4
2
6
2
2
6
6
4
6
4
4
6
2
4
4
6
4
2
4
10
6
8
10
6
0
2
8
4
8
2
4
0
4
4
0
6
6
2
4
6
2
4
4
2
4
2
8
2
10
4
4
4
2
4
8
6
4
8
4
4
2
4
4
8
0
4
2
4
6
8
4
4
0
4
4
2
4
6
2
4
8
6
8
10
6
2
10
2
2
0
4
2
2
6
4
6
4
0
2
8
0
8
6
4
6
6
4
4
2
10
0
6
2
2
4
4
4
2
6
4
2
4
6
6
6
4
4
4
6
6
8
8
5
2
2
15
4
4
2
5
4
2
4
2
10
15
2
8
6
8
10
12
6
8
9
6
4
4
2
6
4
5
4
4
6
4
2
4
15
4
8
4
6
4
4
4
2
4
8
5
4
6
5
15
4
6
4
2
0
5
6
8
5
4
2
4
4
2
2
17
6
6
3
6
6
2
2
5
2
8
8
6
2
7
4
9
2
6
2
3
5
7
9
4
4
4
6
6
6
4
4
8
8
15
2
6
0
2
6
0
5
5
4
6
5
7
4
16
2
4
2
4
2
5
17
2
6
4
4
8
4
14
4
4
10
3
4
7
6
4
7
5
8
6
10
4
4
2
12
2
4
4
6
6
5
2
9
13
6
8
5
4
14
4
4
4
4
2
2
4
7
6
4
4
4
2
2
2
7
6
4
6
5
3
6
3
7
2
2
2
5
7
8
11
12
5
5
5
3
4
2
4
8
2
8
6
2
6
7
8
3
6
6
6
6
4
4
6
2
2
13
4
20
4
0
7
5
4
6
5
3
4
6
4
8
8
6
4
2
0
6
4
6
2
2
2
6
4
12
2
6
4
6
5
6
2
8
6
4
7
2
5
7
7
6
8
7
3
3
0
6
6
14
4
14
6
7
6
6
2
10
4
6
8
4
6
5
6
2
17
24
16
22
35
23
18
31
32
28
23
15
29
19
20
28
26
26
21
17
8
21
13
17
18
16
18
27
30
28
18
22
30
32
29
25
25
23
41
26
18
19
20
15
32
34
36
27
20
28
21
18
17
27
25
20
22
46
30
36
22
30
20
46
46
24
19
23
43
26
9
17
27
27
21
19
22
27
20
37
22
16
38
28
23
20
31
18
19
16
24
25
12
16
25
16
30
32
18
21
22
24
23
17
28
14
22
13
41
18
20
17
24
23
20
22
26
16
28
16
26
22
24
21
20
24
18
25
21
33
38
19
25
25
8
14
18
24
22
18
24
22
31
17
18
30
23
17
15
18
24
23
43
31
21
24
24
26
21
19
21
28
23
18
32
29
18
26
18
39
16
13
16
21
22
17
27
34
24
18
21
41
21
19
38
44
22
21
25
29
27
12
17
21
21
28
18
30
21
24
18
20
17
20
22
26
18
18
18
18
19
33
23
13
23
19
21
28
24
19
18
20
25
20
19
23
20
23
16
22
16
26
21
16
18
15
34
24
20
22
26
18
17
27
21
21
15
22
17
22
22
26
15
22
18
24
22
34
21
18
22
23
32
25
27
36
24
17
21
26
22
28
19
18
26
17
11
24
18
17
34
22
19
23
17
24
21
20
0
0
0
4
2
0
2
0
2
0
0
2
2
2
2
2
0
2
0
0
2
0
0
2
0
2
2
2
0
2
2
0
2
0
2
0
4
2
2
2
4
0
0
0
2
2
2
4
2
2
0
2
2
0
0
4
0
0
2
2
0
0
0
2
2
0
4
2
0
4
2
4
4
4
2
2
0
0
2
2
2
2
0
0
4
0
2
4
2
2
2
0
2
4
2
0
2
0
2
4
0
0
2
2
0
2
2
4
2
0
4
0
2
4
2
4
4
4
2
0
2
2
4
2
0
2
4
2
4
2
0
2
2
2
2
0
0
2
2
2
4
4
0
2
2
4
2
2
2
2
0
4
2
2
2
2
2
4
2
6
2
2
4
0
0
4
4
0
2
2
2
2
0
0
4
8
2
0
2
2
2
2
2
0
0
4
2
4
4
0
2
0
2
2
4
0
2
2
0
2
2
0
2
2
2
2
0
2
0
0
0
0
4
2
0
4
2
2
2
0
0
0
0
0
0
0
0
2
8
2
0
2
0
4
0
2
2
0
0
2
0
2
2
2
0
2
2
0
2
0
0
0
2
0
2
2
0
0
0
4
2
0
0
2
2
2
0
2
0
0
0
0
2
2
0
2
0
2
4
0
0
2
2
0
2
0
0
0
18
11
11
16
15
11
13
11
9
18
13
6
13
13
17
21
31
22
18
14
17
15
13
15
19
16
18
11
7
8
11
7
13
19
15
19
13
22
11
32
16
18
15
9
13
7
11
11
22
33
13
7
19
11
15
9
7
9
19
22
23
15
13
17
13
19
11
7
13
13
9
17
11
26
6
18
22
22
13
13
13
18
21
13
15
21
24
9
9
24
13
9
15
19
11
22
17
18
14
13
58
13
13
11
28
16
13
22
9
13
20
19
17
27
19
13
27
13
13
13
20
17
29
11
37
23
19
19
15
22
15
20
11
43
20
15
15
15
17
16
7
11
20
17
22
14
16
18
13
20
32
31
13
21
15
24
49
14
13
9
16
22
11
9
17
9
25
13
15
17
13
11
17
18
15
11
11
20
18
30
16
15
13
14
22
18
20
19
24
60
26
21
22
9
19
18
23
16
16
13
17
22
18
15
15
13
20
15
19
13
25
11
13
16
26
18
15
17
19
21
15
20
31
29
13
16
26
19
14
16
28
15
15
20
9
14
10
31
9
11
11
11
14
11
13
7
16
16
27
15
12
17
11
13
15
12
7
16
11
9
13
33
9
20
13
16
11
22
16
26
23
16
23
16
23
14
40
16
21
18
13
13
20
38
13
14
9
11
56
53
23
37
53
57
39
53
51
58
62
51
56
40
44
52
41
57
41
49
59
48
51
53
52
50
54
36
54
56
45
55
36
50
47
54
46
47
56
53
53
44
57
57
58
59
52
52
59
52
54
59
52
59
61
54
44
55
59
56
55
54
48
34
49
56
48
59
60
59
50
57
59
30
54
53
45
54
53
52
44
41
44
60
61
55
48
43
52
37
34
54
39
34
58
60
54
55
47
59
48
36
41
59
59
49
46
57
58
49
58
52
36
50
44
52
48
40
46
54
32
52
51
60
48
55
47
49
57
46
47
49
55
55
54
56
54
56
56
58
56
56
57
52
56
51
56
56
57
53
59
52
48
47
58
59
59
59
50
42
34
61
54
46
52
34
45
56
59
63
49
39
54
52
52
56
53
43
55
53
56
52
51
49
55
51
56
56
55
52
35
55
45
50
48
40
24
50
55
48
46
48
33
57
59
54
57
42
57
53
58
55
56
58
45
56
53
55
59
57
41
58
53
55
55
59
52
48
53
57
50
48
50
56
52
58
58
52
55
54
59
48
51
55
51
49
58
43
28
34
49
38
52
49
56
58
47
49
58
53
47
61
54
49
58
58
57
57
54
57
40
48
49
37
60
59
58
58
57
53
60
57
54
58
57
53
56
52
