14
16
14
19
15
17
15
22
19
14
22
18
15
18
17
14
15
18
17
17
21
16
19
22
16
22
14
17
15
18
16
15
16
14
14
15
19
20
18
17
17
18
16
19
15
17
18
16
15
16
16
18
19
15
14
14
19
16
17
18
17
19
14
20
15
19
16
20
17
18
19
18
18
17
19
15
19
14
14
15
17
15
15
16
21
15
14
16
17
20
18
15
17
18
17
15
16
12
14
15
19
14
16
19
15
15
17
15
10
19
17
21
17
17
17
17
18
20
16
17
17
16
17
17
13
19
17
19
14
21
16
14
16
25
14
22
17
23
18
18
14
17
15
19
18
15
15
15
16
16
19
16
17
15
18
14
15
13
16
19
16
15
14
21
16
15
14
15
15
16
16
16
19
19
14
17
17
16
23
18
14
16
16
19
16
14
18
21
18
18
17
18
16
22
18
18
16
16
20
16
16
18
18
18
19
15
13
17
20
16
18
18
17
17
18
21
15
19
14
18
15
17
13
16
15
18
15
15
20
17
18
20
20
16
18
18
17
18
17
19
16
14
19
19
16
14
17
19
18
16
14
15
16
20
14
13
19
15
17
19
15
17
18
17
15
18
20
18
15
21
17
17
16
17
17
15
18
15
18
20
13
14
17
20
17
16
14
18
17
15
15
19
14
17
17
18
16
13
14
21
13
14
16
12
22
17
13
13
17
18
16
15
18
17
17
15
15
13
17
16
22
15
17
19
12
16
17
16
14
17
15
11
12
13
17
20
12
18
21
12
15
17
14
16
14
17
17
16
19
16
15
20
18
17
17
17
15
17
17
22
18
16
21
18
15
20
18
14
17
14
17
18
20
17
17
18
16
14
16
20
19
17
15
15
18
18
12
19
15
16
16
15
16
14
16
17
18
17
17
19
21
16
20
13
18
16
20
19
18
15
20
17
15
19
14
16
17
15
14
15
19
17
16
15
19
17
18
23
18
16
17
17
16
17
16
13
14
17
16
16
23
16
19
14
14
17
15
18
17
20
20
16
12
18
16
16
16
23
17
16
15
17
17
15
17
18
16
19
16
16
17
20
17
17
16
19
15
19
17
18
15
18
18
16
14
20
23
17
13
16
18
19
15
19
17
18
15
16
19
16
17
14
14
14
18
16
15
18
16
20
18
19
15
17
20
16
16
19
19
16
16
20
18
19
14
15
18
17
21
15
16
14
17
18
17
16
14
16
16
15
17
22
15
18
15
14
15
17
18
16
15
18
20
20
16
19
17
15
20
19
23
15
20
11
14
21
19
21
19
19
17
16
14
17
16
14
1
1
1
0
1
0
1
0
2
1
0
2
1
1
0
0
0
0
2
0
0
2
0
1
2
0
0
2
0
0
2
0
0
2
2
0
1
0
0
1
1
1
0
1
1
0
0
2
2
2
0
1
0
1
0
2
0
1
0
0
2
1
0
2
2
2
0
1
0
1
1
0
1
1
0
0
2
2
1
0
1
0
0
2
0
0
1
1
13
2
1
1
7
1
0
0
0
2
2
1
0
0
1
1
0
1
1
1
0
2
1
0
2
0
0
2
1
2
0
1
1
0
1
1
1
0
0
1
1
0
0
2
2
2
2
1
0
1
1
0
0
0
1
0
0
1
7
1
1
1
0
0
0
0
1
0
0
2
0
0
0
14
1
0
0
1
0
1
2
1
0
2
0
1
2
1
0
0
0
2
1
0
1
1
0
0
0
0
0
1
1
1
0
1
2
1
0
0
0
1
0
1
0
2
1
1
0
0
1
0
0
1
1
0
0
1
1
0
1
1
1
1
0
2
0
1
0
0
1
1
1
0
0
1
0
1
0
1
0
0
0
2
0
1
0
1
0
2
0
1
1
0
1
1
1
2
2
0
1
2
2
1
1
2
0
1
0
2
0
1
0
0
0
0
0
1
1
0
2
1
0
2
2
0
1
0
2
1
1
0
0
0
1
1
1
0
0
1
1
0
1
2
0
0
0
1
0
2
0
1
1
0
1
1
2
5
1
2
0
1
0
0
1
0
0
0
2
1
1
2
0
0
1
2
0
0
9
1
1
1
1
1
0
0
1
0
1
1
0
1
0
1
0
1
0
0
1
1
0
1
0
1
0
0
1
1
1
1
1
1
1
1
2
0
0
1
1
1
1
0
0
2
0
1
2
2
0
1
2
1
0
0
1
1
1
1
0
1
1
0
1
1
0
0
1
1
1
0
1
0
1
0
9
0
1
1
0
0
1
1
1
0
1
1
1
1
1
1
1
1
2
1
0
1
1
0
1
0
0
0
1
8
0
0
0
0
0
1
2
0
1
1
10
0
1
2
0
2
2
5
0
0
0
1
1
1
0
2
6
2
1
1
1
1
1
1
1
4
1
1
1
1
2
0
2
1
1
0
1
1
0
0
0
1
1
1
0
1
1
0
1
1
0
1
1
0
0
1
1
1
1
1
1
1
1
1
2
1
1
1
0
2
0
1
0
1
1
1
1
0
1
2
0
0
0
1
2
1
1
1
0
0
2
0
0
2
2
1
2
2
0
0
0
1
2
2
1
1
0
1
1
1
2
0
0
0
1
0
1
1
0
0
0
1
1
2
8
10
4
6
4
5
8
5
7
5
7
5
9
4
4
19
16
18
14
17
5
6
7
6
21
24
11
2
18
5
6
7
6
8
7
13
7
16
8
6
6
10
5
8
4
15
19
23
22
21
20
14
14
10
5
3
10
8
14
16
5
10
7
14
2
11
11
13
5
5
3
2
8
8
11
5
16
10
6
7
12
6
12
5
7
12
14
10
4
15
7
11
9
12
15
7
6
8
7
13
10
13
5
9
6
7
8
10
6
5
7
5
8
10
5
14
20
16
9
6
23
16
7
14
7
9
3
5
19
13
10
5
19
14
5
6
4
9
5
5
7
7
10
13
9
4
10
9
4
10
5
10
9
8
6
7
5
14
3
8
16
9
14
4
20
2
9
18
20
20
16
20
8
8
18
5
11
3
7
5
7
6
12
6
9
7
18
2
6
6
8
8
13
7
9
4
5
8
4
8
5
10
5
5
14
8
5
8
8
9
11
6
5
8
5
15
7
9
8
8
10
10
5
11
3
10
5
7
11
5
7
14
5
7
11
11
10
16
13
18
13
5
5
8
8
10
10
3
5
12
5
1
7
7
8
10
10
4
14
11
3
15
7
4
24
15
4
5
14
11
3
10
15
8
7
14
4
15
4
7
6
9
17
9
15
5
21
20
0
2
0
0
2
1
2
10
0
0
0
0
2
0
1
1
0
2
1
2
1
0
2
0
1
1
0
1
0
0
0
2
0
1
0
1
10
1
1
0
2
1
0
2
2
0
2
2
9
0
0
0
0
1
2
0
1
2
0
0
0
0
0
2
2
1
2
2
0
0
2
4
0
1
0
0
0
0
0
2
2
0
0
0
1
2
1
12
2
2
2
0
0
2
0
0
2
0
0
2
0
0
0
1
0
1
0
1
1
2
2
0
0
2
0
2
1
1
2
0
1
2
0
2
2
1
2
0
1
0
0
0
2
2
2
2
2
2
0
2
0
0
0
0
11
0
2
0
2
0
1
1
2
0
1
1
0
2
0
2
0
1
0
0
2
1
2
2
0
0
1
2
1
2
2
21
1
1
0
2
2
2
0
1
1
1
0
1
2
0
0
0
0
2
2
2
0
2
0
0
0
2
1
5
2
2
0
0
0
0
2
0
0
1
1
2
0
2
2
0
0
0
2
2
0
2
0
0
0
0
0
2
2
2
2
0
2
2
0
2
0
2
2
1
2
2
0
2
1
1
0
1
0
0
0
1
0
2
0
2
2
0
0
1
0
2
2
1
2
1
1
2
0
0
0
0
5
2
13
0
2
0
1
2
2
1
1
1
42
4
23
20
6
1
25
28
1
27
15
2
30
54
30
33
43
29
15
27
7
25
29
51
31
9
18
38
27
4
13
7
35
10
4
4
23
61
5
37
29
29
27
10
29
44
21
4
8
32
39
30
2
2
15
24
4
24
4
14
40
17
35
2
22
32
22
7
22
39
2
2
19
6
38
29
11
10
29
1
34
44
2
42
21
20
40
0
12
27
4
48
44
25
26
43
53
14
37
25
3
10
34
11
34
49
22
5
38
41
17
37
1
2
29
39
42
20
38
36
33
43
34
39
23
32
28
1
30
57
45
36
40
48
41
34
23
21
2
26
29
42
10
6
7
27
56
34
5
16
19
19
24
25
44
35
58
47
17
4
24
2
29
33
32
36
37
30
23
19
35
5
11
25
5
42
45
44
5
55
23
19
30
2
19
32
7
29
32
31
30
44
40
11
2
38
24
22
34
4
49
16
60
37
32
49
47
6
17
29
27
2
43
7
47
17
4
37
13
2
20
31
4
41
4
22
33
5
16
33
45
2
2
15
33
54
4
36
42
34
10
24
12
22
37
13
2
47
10
50
55
72
43
35
57
30
4
34
33
4
38
33
25
40
31
37
21
32
20
11
9
22
25
21
5
41
8
34
41
2
1
25
26
45
46
28
17
17
26
18
29
46
11
23
21
12
33
19
43
37
30
30
21
15
17
20
20
26
29
32
9
20
20
12
18
19
26
27
24
33
22
42
30
25
23
29
42
23
32
21
27
44
22
26
25
20
18
19
20
29
31
24
24
25
39
71
43
31
32
34
32
37
15
59
22
17
24
76
32
46
22
28
37
35
25
25
16
23
58
48
70
24
29
42
41
30
16
33
15
20
34
29
29
46
23
45
26
44
25
40
19
37
47
48
18
41
22
51
76
51
23
53
39
29
32
16
49
26
16
25
18
24
35
30
13
28
39
60
24
31
33
20
18
25
17
29
30
17
36
59
40
14
48
23
23
19
15
23
40
29
54
38
36
37
28
36
37
19
31
23
23
27
46
28
24
18
17
21
23
12
52
14
32
29
25
40
15
24
40
18
22
24
9
36
21
31
12
14
29
20
25
21
19
23
18
28
20
22
36
42
78
36
29
31
25
18
28
24
37
42
18
34
26
24
9
27
30
30
11
9
46
52
73
54
59
30
40
35
34
42
19
12
21
22
44
19
29
22
17
20
35
20
14
37
48
31
20
23
26
30
17
25
19
59
14
17
15
13
24
37
29
65
20
20
20
24
20
26
19
24
41
21
26
52
23
36
1
13
42
15
34
37
43
11
31
28
2
6
8
6
4
2
6
8
6
8
4
4
6
8
6
4
6
6
4
2
4
4
2
4
8
4
4
6
2
2
4
6
2
4
6
2
2
4
6
6
6
4
4
2
6
4
2
4
4
4
6
8
6
4
2
6
4
6
6
6
2
4
6
4
2
4
4
8
6
4
4
8
8
8
4
2
4
6
6
4
4
4
6
4
6
4
4
6
6
2
6
6
6
2
2
2
6
4
6
4
4
6
4
6
2
8
6
6
10
4
8
4
2
4
6
4
4
4
4
8
4
8
6
12
4
8
4
8
6
6
2
8
8
6
6
6
6
4
2
6
4
4
2
6
4
4
2
6
4
8
4
8
4
6
4
6
4
4
2
6
2
8
4
6
6
4
6
6
8
6
2
2
8
4
10
4
2
4
6
6
6
6
6
2
4
6
6
6
8
4
2
6
6
2
6
4
6
6
6
4
8
4
4
8
4
4
4
6
6
6
2
4
6
4
2
4
8
6
6
2
6
6
4
6
6
4
2
4
4
8
6
6
4
6
6
4
4
6
6
6
8
4
2
8
8
8
6
8
6
4
6
6
4
6
10
6
4
6
4
6
6
4
6
4
10
6
8
4
4
2
4
4
2
2
6
8
4
4
6
6
4
8
8
4
4
4
6
6
37
53
32
36
26
50
7
38
29
30
2
50
37
38
28
26
29
20
5
31
33
25
31
36
24
19
37
46
30
35
26
21
41
37
29
24
34
19
31
33
26
4
16
16
26
27
17
17
38
25
39
26
4
33
35
26
37
4
27
35
4
24
37
8
12
9
29
23
11
26
17
20
23
1
33
24
47
10
41
32
36
30
55
45
29
52
7
19
28
8
39
23
4
28
4
19
27
22
4
1
21
34
18
2
23
41
66
4
27
68
32
42
20
15
54
25
23
38
37
13
20
31
38
33
90
30
7
46
70
30
18
33
34
32
10
27
26
25
40
22
4
20
40
36
35
6
4
27
17
14
11
30
15
35
46
31
5
57
4
42
28
31
36
6
49
29
18
6
38
26
12
19
22
30
24
6
26
61
54
38
2
30
28
87
21
25
65
32
37
35
38
34
36
35
2
8
11
23
8
38
18
41
22
12
37
40
56
2
64
76
33
5
30
32
28
22
11
25
26
25
11
5
17
27
23
12
11
4
28
33
32
5
28
46
53
2
34
14
26
4
4
35
38
53
62
28
18
21
23
5
28
44
44
34
26
38
6
20
26
23
33
81
21
23
22
6
18
2
1
10
25
35
50
2
25
23
7
20
1
23
24
33
27
6
45
4
48
5
