1
25
13
13
12
31
18
18
30
17
21
10
24
41
9
23
63
25
16
13
21
21
12
30
21
50
27
26
25
19
24
29
4
37
18
56
9
8
7
3
19
13
10
8
9
8
12
12
10
19
27
0
21
24
23
13
21
26
20
31
8
10
17
10
17
31
13
21
16
18
27
19
20
44
13
14
16
20
22
19
16
20
28
25
16
19
20
50
32
16
20
18
13
19
6
16
20
18
17
15
21
25
19
12
25
18
20
26
45
29
21
18
23
11
26
31
18
14
10
27
13
45
29
81
27
5
25
16
16
12
25
18
26
20
27
21
16
29
22
26
64
5
4
29
25
42
7
21
29
60
17
23
27
38
21
22
17
10
5
17
20
10
27
13
8
25
17
20
11
12
16
5
16
15
17
12
11
16
18
21
14
13
16
10
14
18
15
9
13
10
12
18
12
12
19
11
12
13
14
8
15
13
14
7
12
10
11
16
18
16
24
41
25
15
12
16
20
14
15
10
12
22
12
16
13
13
7
4
12
14
27
9
9
8
14
12
8
15
8
11
12
14
5
10
13
10
24
6
7
12
8
9
8
12
29
9
16
5
14
11
13
10
19
11
17
11
7
15
7
12
7
4
6
10
24
19
11
10
6
7
16
6
8
6
17
5
9
6
0
0
0
0
5
4
0
2
2
0
2
0
82
0
0
2
2
3
19
0
0
4
2
0
0
7
5
0
2
4
2
2
2
0
4
0
0
0
0
0
0
0
0
0
0
2
4
0
0
0
2
5
0
0
2
0
0
0
0
9
11
2
0
0
0
5
2
6
0
0
2
0
0
2
0
0
2
4
2
2
4
2
2
4
2
5
0
0
2
2
0
13
2
2
0
0
2
5
4
4
2
0
0
2
2
2
2
0
7
2
8
0
2
11
2
2
2
0
2
2
0
2
0
0
2
12
0
2
0
0
7
0
7
2
2
0
0
0
0
0
0
0
13
0
0
2
0
0
0
2
2
0
2
4
2
0
4
4
0
0
0
5
11
2
0
2
4
0
0
4
6
2
8
5
2
4
2
0
0
0
4
4
4
2
4
0
5
4
4
2
2
6
4
0
0
6
2
2
0
0
2
0
0
0
2
0
0
0
2
2
4
0
0
0
9
0
2
4
4
4
6
4
3
2
4
0
2
2
2
2
2
0
0
0
0
0
2
0
4
0
4
2
0
2
19
3
0
0
0
0
4
2
4
13
0
3
0
2
2
0
0
0
0
0
2
2
0
0
0
0
12
2
2
2
0
0
0
2
0
2
0
0
2
5
7
0
24
0
2
2
2
6
4
4
4
2
8
4
6
2
4
2
0
6
4
0
4
6
4
2
2
6
6
2
4
4
6
2
4
6
4
2
6
2
2
4
4
4
4
6
2
6
0
4
2
2
4
6
0
4
4
0
0
2
4
4
4
4
6
4
2
4
6
4
2
44
4
6
6
6
0
4
2
2
2
0
0
0
2
2
0
0
4
2
0
0
0
2
4
4
2
2
2
2
2
0
2
2
0
2
2
2
0
2
2
2
2
0
2
4
2
2
2
2
4
2
2
2
0
0
2
0
0
2
0
4
4
2
0
0
2
8
4
2
2
0
0
4
0
2
0
2
2
0
2
4
2
0
0
0
2
2
0
2
0
0
2
2
0
2
0
2
2
6
2
0
2
2
0
4
2
0
0
0
0
2
0
0
4
0
2
0
2
0
0
4
6
2
4
2
2
2
0
0
2
2
2
0
0
2
2
2
0
6
2
2
4
4
2
2
4
2
6
2
0
4
2
2
4
2
0
0
2
0
0
0
0
2
0
0
0
6
0
2
0
2
2
4
2
2
4
2
0
2
0
0
4
0
0
2
0
0
2
0
4
4
0
2
2
4
2
0
2
0
2
2
2
2
2
2
0
0
0
2
0
0
0
0
6
0
0
0
2
2
0
4
47
54
54
48
40
46
64
50
37
64
52
46
67
77
68
46
47
63
75
54
58
49
54
47
75
51
58
44
39
58
57
47
47
61
48
76
55
43
49
47
38
54
49
43
44
56
35
53
60
67
61
39
24
60
51
41
70
61
40
61
45
42
50
39
29
52
58
47
48
65
42
60
54
54
63
39
34
59
73
43
67
62
47
51
56
53
54
48
55
54
58
43
59
53
61
58
53
55
58
41
38
64
63
54
64
42
47
56
52
65
79
52
54
47
65
46
43
63
41
56
66
57
61
36
43
57
56
38
46
41
66
49
68
45
62
52
50
69
66
45
56
72
63
65
64
49
45
36
44
46
65
42
46
48
58
53
62
58
60
29
25
42
45
32
43
30
74
52
66
47
44
35
39
83
77
38
38
50
71
73
77
47
69
25
44
36
30
41
43
25
78
46
64
34
49
44
54
48
88
24
32
40
35
49
45
47
46
40
47
38
58
37
26
60
49
76
49
48
77
44
50
89
49
31
31
70
47
80
36
66
69
32
42
49
33
33
24
89
60
47
81
49
71
43
48
72
35
33
33
36
76
51
47
51
88
45
44
49
89
42
32
78
41
72
87
46
48
50
43
94
57
35
31
57
53
45
48
48
47
44
52
49
92
32
31
51
47
68
88
53
71
84
60
81
72
82
83
85
70
92
74
23
80
78
86
88
79
80
89
60
66
87
67
92
89
81
70
86
77
82
88
87
85
85
82
86
88
86
85
85
84
88
86
82
91
89
80
84
84
88
91
71
86
57
86
71
79
86
91
90
86
86
91
64
79
86
68
81
85
85
94
90
80
92
83
49
90
81
90
89
87
87
85
75
80
89
89
83
91
69
88
87
87
82
89
73
91
70
87
81
85
69
87
79
45
64
84
67
83
83
89
95
78
87
66
91
87
79
87
69
86
78
82
85
92
86
91
87
52
46
51
72
87
88
82
81
86
83
90
78
69
85
82
18
81
57
85
82
76
78
74
74
87
84
88
89
83
65
68
83
85
83
83
82
76
79
86
86
84
84
78
76
83
88
85
71
83
93
80
17
72
83
77
89
92
62
74
85
64
90
89
81
89
75
68
81
83
81
88
80
80
81
79
83
76
81
89
85
88
83
65
80
91
85
77
87
89
77
93
83
89
55
82
80
82
84
62
77
85
81
71
93
86
85
87
91
89
84
80
72
93
60
60
79
84
89
84
89
78
89
82
87
81
85
83
89
92
87
73
83
78
83
74
85
83
43
83
89
83
85
94
89
87
85
67
88
89
88
88
82
88
92
74
71
91
91
4
0
0
0
4
4
4
2
2
2
2
2
4
2
2
2
4
0
2
2
2
0
2
0
4
2
2
2
2
4
0
2
0
2
2
2
4
0
0
0
2
2
0
4
0
0
4
2
2
0
4
2
0
0
2
4
0
2
2
2
0
0
0
2
2
6
2
0
4
4
0
4
2
2
4
0
0
2
2
0
2
2
2
2
0
0
0
2
4
2
0
0
0
2
0
4
2
2
2
0
2
0
0
0
2
2
4
0
2
4
2
2
4
4
4
0
2
2
2
0
2
2
0
2
6
4
0
2
0
0
4
2
0
2
6
0
2
4
2
2
2
2
2
4
2
0
2
2
4
0
2
2
0
4
2
2
0
0
4
0
2
0
2
4
2
2
4
2
2
0
2
0
4
0
2
2
2
0
4
2
4
0
2
0
4
0
2
0
2
2
2
4
2
2
4
0
0
2
2
2
2
0
0
0
4
2
2
2
2
2
0
4
2
0
2
4
2
0
2
0
4
0
2
2
2
4
0
0
0
0
2
2
2
2
2
2
2
4
2
2
2
2
4
0
4
4
0
0
4
2
0
0
4
0
2
0
2
4
4
0
0
4
2
4
2
4
0
4
0
0
0
4
2
4
2
4
4
4
2
2
4
2
0
4
2
0
4
0
4
2
8
13
2
4
4
11
2
0
2
0
0
0
15
2
8
2
2
4
4
8
4
0
21
0
0
4
0
0
2
0
4
2
6
8
0
12
8
17
2
57
0
0
0
0
0
4
4
2
2
4
2
8
6
2
2
4
2
12
4
2
17
0
0
2
2
0
2
2
2
2
0
0
0
0
0
2
0
0
0
0
2
12
4
11
0
0
4
4
0
0
6
0
94
0
2
0
0
0
2
2
0
19
4
0
27
0
0
0
2
0
0
0
0
0
2
2
2
2
2
0
13
0
21
0
2
94
0
0
6
0
0
0
0
2
21
6
0
4
6
4
2
0
0
4
2
4
2
0
2
13
0
4
0
0
0
6
0
6
0
4
0
8
4
2
4
13
2
0
16
4
8
13
2
17
2
4
2
6
6
6
2
6
12
0
4
2
2
8
4
2
0
4
2
2
0
4
0
0
4
2
0
4
2
4
4
0
2
4
39
0
19
2
2
0
4
6
4
4
2
12
4
0
4
4
2
0
75
4
2
2
0
2
4
0
4
2
6
2
2
4
2
0
0
0
0
4
4
12
12
4
2
0
21
0
18
6
2
9
0
2
0
2
0
4
15
0
0
4
0
4
0
2
10
2
0
4
0
4
6
0
2
2
0
6
2
0
0
12
0
10
4
14
0
12
2
14
4
22
4
10
2
18
4
0
2
2
18
4
16
2
14
2
12
0
12
0
16
4
12
0
4
2
20
0
12
2
12
2
12
0
24
8
2
0
0
14
4
12
2
18
0
14
0
18
2
12
0
18
2
6
20
2
16
2
20
4
4
2
2
2
2
4
0
2
0
12
2
18
2
10
6
16
16
2
10
8
18
0
18
0
6
0
14
0
16
6
22
0
14
2
2
2
2
2
2
24
18
2
22
2
2
12
4
12
4
14
4
4
2
22
0
0
4
0
18
2
18
4
20
0
12
2
18
2
18
2
16
12
4
20
4
20
0
35
2
16
2
12
2
18
2
12
4
24
20
0
6
2
12
2
20
2
16
0
2
0
14
2
2
24
0
16
6
14
18
18
2
2
22
4
18
0
16
2
16
4
0
22
0
30
2
16
4
2
16
0
2
14
4
0
4
12
17
14
14
10
17
4
2
35
2
12
2
18
16
10
4
10
12
6
14
12
6
20
6
12
14
10
6
0
2
2
12
35
6
18
8
4
6
6
6
2
18
4
6
14
0
6
20
8
12
8
12
6
10
19
18
6
10
8
4
6
6
0
6
2
20
12
16
2
2
2
4
12
4
6
23
22
10
4
8
12
10
6
4
0
2
0
0
2
2
6
4
4
6
4
2
4
0
0
6
6
0
4
2
2
4
0
4
4
6
2
0
6
0
2
2
2
6
2
4
0
4
0
0
0
0
4
0
2
4
8
4
4
2
4
2
4
4
0
2
0
2
8
4
0
4
0
4
4
6
0
4
2
6
0
6
2
2
0
2
4
2
4
6
4
0
4
6
4
2
8
0
0
2
6
6
2
6
2
4
4
2
0
0
4
6
2
4
6
2
2
0
4
2
0
0
6
0
2
2
2
2
2
2
0
2
0
2
8
0
2
6
0
2
0
2
8
8
4
2
0
2
2
6
6
8
4
0
2
4
6
2
4
2
2
0
0
4
2
2
8
6
6
4
2
4
6
2
6
4
4
6
2
0
2
4
0
2
2
10
6
4
4
4
4
6
0
0
0
2
6
6
2
2
0
0
0
0
0
2
0
4
6
0
6
8
6
2
0
4
0
0
4
0
6
0
4
2
0
4
0
2
0
2
0
2
2
0
6
0
2
0
0
0
0
0
0
0
0
0
0
0
0
0
0
2
0
0
0
0
0
0
0
0
0
0
0
2
0
0
0
0
0
0
0
0
0
0
4
0
0
0
0
0
0
2
0
4
0
2
0
0
0
0
6
2
2
0
0
0
0
19
19
19
18
19
19
19
19
19
19
19
19
19
18
18
19
19
17
19
18
19
19
19
19
19
19
19
19
19
19
19
19
19
19
19
19
19
19
19
19
19
19
19
19
19
19
19
19
19
19
19
19
19
19
19
19
19
19
19
19
19
19
19
19
19
19
18
19
19
19
19
19
19
15
19
19
19
19
19
19
19
19
19
19
19
18
19
19
19
18
19
19
18
19
16
19
19
19
18
19
19
19
19
19
19
19
19
19
19
18
19
19
19
19
18
19
18
19
19
19
18
19
19
19
19
19
19
19
19
19
19
19
19
19
19
19
20
19
19
19
19
19
20
19
19
18
19
19
19
16
19
19
19
19
18
19
19
19
19
19
19
19
19
18
20
19
19
19
19
19
19
19
19
19
19
19
18
20
19
18
19
19
19
19
19
19
19
19
19
19
19
18
19
19
19
19
19
19
19
18
19
19
19
18
17
19
18
19
19
19
19
19
17
19
19
18
19
17
19
19
19
19
19
18
16
19
18
18
19
17
19
18
18
19
19
20
19
18
19
19
19
19
19
18
19
19
18
19
19
19
19
19
19
19
18
19
19
19
18
18
19
19
19
19
19
19
19
19
19
19
19
19
19
19
18
19
19
18
19
19
17
19
18
18
19
19
18
18
