42
39
39
40
37
40
32
40
44
42
44
38
41
45
41
37
41
39
44
43
42
42
46
43
40
38
41
41
35
43
45
41
44
43
40
40
44
38
42
40
40
40
40
38
43
39
43
43
40
41
39
39
42
37
42
44
44
41
40
46
42
40
40
41
37
40
36
44
39
34
36
40
40
43
45
37
40
38
42
39
36
42
42
41
43
38
40
43
41
41
38
37
41
38
37
39
38
40
42
41
42
41
43
37
37
41
39
41
39
47
43
41
37
45
40
37
38
43
39
43
38
39
39
40
38
38
37
38
41
33
44
40
44
37
43
43
40
40
42
41
43
39
41
40
39
37
44
39
34
40
38
46
38
42
42
44
43
38
37
41
44
38
36
40
43
42
43
41
44
41
44
43
39
42
43
39
41
42
39
42
40
44
44
43
40
38
40
40
40
46
40
39
41
41
44
39
41
34
37
42
41
40
40
44
39
39
42
41
39
41
39
41
41
40
43
35
40
41
45
37
44
40
43
37
39
40
43
42
38
40
38
42
36
41
42
40
44
40
39
39
38
40
40
44
37
43
42
37
41
37
38
42
42
44
41
38
41
40
40
45
45
41
41
42
39
41
39
36
41
41
39
41
44
45
40
38
38
40
36
41
44
42
43
41
40
40
40
38
2
11
10
8
4
4
6
4
4
8
11
6
6
8
42
4
4
2
6
15
4
4
2
6
2
2
0
6
6
8
6
9
8
6
0
7
6
10
13
4
4
36
4
8
50
43
2
6
2
6
4
4
7
30
12
6
6
51
28
38
8
17
6
4
10
54
6
13
14
8
6
4
6
84
8
15
6
12
2
4
49
25
12
8
45
65
11
2
6
6
13
6
6
8
2
2
11
10
30
10
13
11
6
2
8
10
6
4
10
4
8
4
4
8
11
6
6
10
8
4
6
6
2
6
31
16
0
12
6
2
4
30
2
6
2
8
4
4
0
52
52
4
10
12
8
8
4
8
4
12
8
8
15
2
2
10
4
6
19
6
6
8
6
39
8
8
4
4
8
2
8
43
0
8
8
4
14
50
4
14
8
8
8
4
6
8
10
4
6
14
6
10
2
5
4
6
6
14
8
4
29
6
20
8
2
24
17
2
9
9
2
6
9
6
12
53
55
7
6
9
6
11
4
6
2
9
6
4
2
8
8
6
14
4
2
2
2
6
4
4
6
4
22
55
2
4
12
8
35
4
6
6
28
10
2
4
6
4
6
6
7
6
6
2
2
10
6
2
2
4
4
68
4
8
4
6
4
10
0
0
22
49
6
14
10
2
53
2
0
44
2
65
60
2
60
56
2
0
0
0
0
65
0
63
0
0
2
63
73
0
0
0
0
2
0
0
0
2
2
65
2
2
0
0
2
0
2
0
2
4
2
64
10
4
2
59
62
2
0
2
0
63
71
69
61
72
2
2
4
0
58
69
2
2
0
2
0
61
0
2
2
0
0
68
0
0
4
2
2
61
0
0
0
2
2
0
0
2
23
0
0
52
4
62
0
0
0
2
0
0
4
4
21
0
0
0
65
0
52
87
4
2
0
55
0
2
71
0
6
73
0
0
2
0
0
2
2
0
4
2
2
0
70
0
4
0
0
0
0
0
2
0
45
2
58
0
2
2
4
2
6
2
2
65
0
4
2
48
4
2
0
0
2
0
2
0
0
50
10
2
0
2
2
2
0
66
75
4
2
0
2
0
2
0
2
6
12
0
58
10
0
4
12
0
2
6
2
0
0
0
0
0
0
36
2
67
0
0
42
0
0
4
2
0
0
2
0
0
0
2
4
0
0
4
46
2
4
4
6
2
0
2
54
58
2
0
77
0
8
0
76
19
6
0
2
41
4
19
4
2
4
4
0
19
0
0
4
0
0
6
2
2
15
0
15
2
49
52
2
2
0
0
2
14
0
61
56
42
2
0
33
8
0
2
0
0
5
5
4
0
5
4
0
0
4
4
0
7
3
5
5
0
4
7
0
0
10
3
7
0
9
4
0
6
4
2
10
0
12
3
3
4
9
8
0
9
4
7
0
7
10
7
5
5
8
4
0
4
3
10
0
3
17
5
5
4
4
2
4
4
5
0
2
0
13
0
9
0
4
0
4
0
9
0
4
5
3
0
10
5
12
0
5
4
7
5
4
0
0
9
8
0
0
7
9
3
7
0
7
3
0
8
5
0
0
7
15
7
0
3
5
3
0
7
7
0
0
0
0
0
4
4
0
0
8
2
0
0
4
0
7
0
5
7
9
0
0
0
0
0
0
0
0
0
0
0
6
5
0
0
6
2
6
0
2
6
0
7
4
0
0
0
6
0
7
3
3
9
5
0
0
0
0
0
0
0
0
0
23
0
0
0
0
0
0
0
0
6
0
7
0
5
0
16
0
2
0
5
0
6
0
16
0
5
0
7
0
5
0
5
5
3
0
3
7
14
0
0
9
4
0
2
3
2
0
7
10
5
0
2
0
7
0
0
3
0
0
0
8
3
0
0
10
8
0
0
10
13
0
0
7
2
0
0
12
7
0
0
3
17
0
0
4
8
0
0
3
5
5
0
7
9
2
9
11
3
0
5
7
5
0
0
5
9
0
0
8
7
0
0
11
9
9
8
0
0
0
1
0
0
0
0
0
0
0
0
0
6
1
8
3
0
7
5
0
5
6
0
5
1
10
10
0
8
0
8
10
0
2
13
0
12
6
8
7
13
12
0
0
0
0
5
8
8
6
10
0
7
1
7
8
0
8
0
6
8
3
14
0
7
5
6
8
9
0
7
6
0
12
9
6
7
0
0
0
0
0
9
0
0
8
6
0
6
3
0
5
9
0
2
7
8
0
8
10
7
6
0
7
7
0
8
8
3
8
11
3
9
4
0
17
10
7
0
0
0
0
0
0
6
7
0
0
0
0
1
0
0
0
6
1
0
0
0
10
6
1
8
8
0
0
6
5
0
0
8
7
0
8
0
0
0
11
5
0
1
4
10
7
8
7
0
0
0
13
8
5
9
9
13
1
0
0
0
5
4
6
0
5
1
0
0
9
1
8
7
0
2
0
3
6
0
0
4
7
0
9
9
4
7
3
6
0
0
7
7
4
11
14
8
0
5
0
0
0
0
0
0
0
0
0
0
5
0
0
4
5
5
0
3
5
0
6
3
0
7
6
0
6
5
0
9
5
4
7
0
7
8
0
0
9
1
8
0
0
14
0
6
2
7
9
0
0
0
0
0
0
0
0
0
8
0
12
5
52
5
11
6
8
5
26
3
6
35
12
2
5
7
23
7
2
4
31
43
16
32
7
3
37
43
5
42
30
4
1
4
1
4
7
3
2
2
20
7
28
14
3
8
43
5
4
4
4
5
5
2
5
4
16
2
9
6
3
7
15
8
4
63
0
4
4
8
4
13
0
11
5
8
7
5
8
4
8
7
16
5
13
11
17
11
15
11
3
28
7
8
12
16
33
11
75
9
2
34
4
3
4
9
3
4
13
10
12
11
4
5
5
8
9
15
7
34
24
36
57
8
18
4
15
99
7
5
81
10
19
14
3
12
2
6
8
10
5
15
22
5
32
16
14
15
35
42
5
3
9
13
11
55
13
11
5
26
4
11
10
4
7
5
14
6
7
14
9
4
9
4
10
21
8
4
7
45
7
29
47
6
9
5
9
30
8
7
7
7
27
3
5
6
44
7
7
8
6
4
31
9
9
35
5
38
5
9
11
5
4
6
8
8
36
11
29
9
7
29
5
7
6
5
6
38
8
55
5
7
8
13
6
3
6
35
16
10
77
2
19
11
25
12
39
37
4
54
9
2
33
7
7
43
9
35
8
38
7
3
10
25
2
5
4
5
6
59
15
4
5
65
6
3
2
41
8
7
6
4
5
6
4
4
12
5
0
1
0
3
0
2
7
2
0
1
2
1
2
1
1
3
3
0
0
5
1
0
2
1
0
1
1
3
3
3
1
0
3
5
2
1
3
3
1
3
1
3
6
5
2
2
1
0
1
3
7
5
2
2
2
5
3
4
6
10
2
5
2
1
1
3
5
4
3
3
1
2
2
3
7
4
3
1
3
1
2
1
4
7
7
5
2
4
4
3
3
3
6
3
1
6
1
3
5
3
4
5
3
3
4
3
4
1
7
7
6
2
6
2
6
3
8
9
3
5
5
2
4
5
3
2
5
4
7
2
2
8
2
3
2
3
8
2
3
5
9
2
4
3
3
4
1
4
2
4
2
1
3
2
0
4
2
8
6
2
6
2
2
2
0
2
3
3
2
2
4
4
1
2
1
4
1
0
4
1
2
4
4
0
2
2
1
5
2
3
8
3
2
2
2
2
1
1
3
3
4
5
2
1
5
1
2
1
2
2
2
1
2
2
3
2
3
2
1
5
2
2
3
2
2
2
5
2
2
1
5
1
1
1
0
2
6
4
5
1
0
1
1
0
1
2
2
2
1
2
1
3
1
2
2
2
1
2
2
0
2
5
3
2
5
5
3
5
3
1
2
1
3
2
2
2
2
1
8
3
2
2
2
4
0
4
2
2
52
23
2
42
48
29
72
20
41
2
42
25
0
35
36
65
23
23
19
75
9
60
72
32
40
34
57
37
22
65
17
30
32
72
33
25
38
33
59
38
49
34
50
70
41
51
71
71
58
20
34
36
58
24
34
72
67
24
68
36
33
48
9
56
88
37
11
53
34
32
35
31
65
31
47
27
30
62
16
39
75
41
26
32
37
25
7
32
52
0
47
14
26
52
23
26
34
29
28
61
46
28
26
41
39
32
55
31
58
35
37
34
42
52
59
62
53
46
27
47
52
33
28
30
29
49
66
37
42
26
34
35
92
27
35
29
32
0
44
51
2
67
84
50
28
45
29
17
34
21
50
53
65
64
60
44
26
34
39
48
45
28
66
41
40
54
39
36
47
56
32
44
45
20
62
43
43
4
62
31
33
21
39
36
39
82
51
40
45
56
67
40
28
79
32
31
88
40
95
0
4
59
54
37
54
37
90
39
41
84
37
43
38
43
30
35
30
46
36
31
39
54
82
2
39
47
52
46
51
24
32
51
28
36
55
48
28
26
59
37
33
38
30
53
44
51
40
28
35
44
44
57
88
50
84
69
35
26
63
13
47
50
31
34
37
25
30
38
52
20
13
36
47
25
46
55
22
17
28
23
15
19
22
17
6
13
20
9
20
2
18
4
2
20
2
20
2
14
2
16
0
16
2
14
2
16
2
16
2
18
4
6
2
12
4
4
2
2
2
0
16
4
18
2
24
2
16
2
20
2
16
2
18
6
0
2
0
16
2
18
2
18
2
16
0
12
0
20
0
16
2
16
2
23
0
18
4
4
0
14
6
14
2
4
8
2
6
2
14
2
0
0
18
2
16
4
18
2
22
2
16
2
12
2
14
4
2
2
20
4
2
0
2
16
4
24
4
18
2
14
2
23
4
22
2
14
4
20
4
0
0
6
18
2
2
4
14
2
14
0
14
2
14
0
18
2
18
6
17
0
12
2
16
4
2
6
2
4
2
2
6
2
2
4
2
14
6
18
0
14
4
18
2
17
4
16
2
18
2
22
2
16
2
22
4
18
2
12
2
12
2
18
0
20
2
18
2
20
2
18
4
0
18
4
12
4
0
2
2
0
2
4
4
18
0
16
6
4
2
6
4
21
4
16
0
14
2
6
16
2
0
14
4
20
2
4
4
16
2
0
2
23
4
16
0
22
4
12
4
4
2
0
2
2
4
16
6
20
2
14
4
21
16
0
18
2
22
4
21
4
26
4
14
0
19
0
16
0
18
4
16
4
20
4
14
2
18
0
14
0
16
2
25
0
19
16
0
4
8
4
6
6
8
6
0
2
4
12
2
0
6
0
0
0
2
4
12
8
2
4
4
4
10
8
2
2
6
10
6
0
0
0
4
2
2
0
0
4
6
15
4
6
14
2
6
2
13
0
6
0
2
2
0
2
2
6
11
2
6
2
0
4
0
4
10
10
0
0
10
0
4
2
8
8
4
4
0
4
4
0
4
8
2
0
0
10
2
0
4
6
2
17
0
4
0
6
0
4
2
2
2
4
8
0
10
2
0
8
4
0
6
2
2
12
0
2
0
0
2
8
0
10
4
6
3
4
2
0
13
10
6
2
16
6
8
0
0
10
0
2
4
8
2
12
8
8
10
8
6
10
8
2
2
4
4
2
0
2
0
0
2
4
8
2
8
0
2
6
0
7
6
4
0
2
0
0
2
4
4
2
0
2
6
10
2
0
4
0
2
2
0
6
0
4
2
2
10
8
4
2
2
4
2
2
6
6
2
4
4
2
4
0
42
4
0
6
4
2
8
0
4
16
0
8
0
2
2
78
15
2
2
2
2
0
0
2
6
0
6
4
4
6
87
2
6
2
2
2
2
0
4
4
2
0
6
2
2
6
6
0
6
2
2
8
2
0
4
2
2
2
0
2
6
0
2
0
6
4
0
0
2
2
89
6
