4
4
2
6
10
4
10
6
4
4
4
6
4
2
2
14
2
4
16
4
4
4
4
4
4
35
14
10
8
4
10
8
8
14
10
8
4
10
4
12
8
6
8
6
8
6
2
4
6
12
6
6
6
57
8
6
6
4
12
6
4
4
2
6
12
10
13
4
2
4
6
6
6
2
2
4
4
10
6
2
8
6
12
6
6
6
8
6
6
4
6
6
8
6
10
4
12
6
8
4
4
6
10
8
6
8
4
4
6
6
4
23
10
6
6
10
6
8
6
4
10
6
10
17
14
8
4
12
16
16
12
2
18
8
8
10
16
8
4
6
4
8
6
2
6
6
31
12
10
8
20
16
16
10
8
4
8
17
10
6
10
4
14
4
6
6
10
6
4
14
14
4
4
10
8
6
8
6
8
4
8
10
6
4
6
12
10
8
8
8
2
14
2
8
8
12
8
12
8
10
4
16
10
12
4
14
4
10
14
4
10
12
6
4
12
12
4
4
4
6
6
14
4
2
6
12
8
4
10
6
8
8
8
14
6
12
10
12
12
6
4
6
8
12
4
4
6
4
4
4
16
6
8
2
8
2
6
6
4
4
6
8
4
4
10
4
6
12
8
4
8
6
12
10
8
6
2
6
6
8
4
12
8
6
4
4
2
8
88
69
72
50
71
80
64
84
91
93
74
79
81
87
76
85
79
79
50
91
88
95
84
83
81
79
83
74
85
82
81
79
50
44
74
85
78
88
89
81
77
39
50
30
52
48
69
36
73
29
80
62
61
83
81
73
74
72
81
78
84
74
39
87
80
64
83
70
58
52
80
80
58
75
70
79
35
58
56
56
77
46
64
50
46
63
79
60
66
58
74
81
50
68
74
81
52
83
66
56
67
48
87
68
75
91
69
60
60
61
62
85
81
58
62
79
62
75
83
62
54
84
73
74
75
48
54
64
80
33
72
37
72
68
47
62
42
70
60
54
55
57
62
50
57
62
83
64
44
73
35
76
54
49
34
44
35
47
56
59
85
68
50
72
60
46
46
50
73
50
47
33
48
59
57
64
70
74
81
59
86
52
64
52
46
69
54
50
66
84
68
71
52
38
79
69
75
66
65
58
84
71
46
50
57
62
66
48
88
52
60
87
47
65
46
54
70
58
46
66
56
81
44
48
74
78
38
70
54
72
83
72
80
48
83
58
73
62
50
86
79
69
67
75
72
58
31
50
74
59
46
76
61
72
70
75
54
42
47
52
75
52
83
79
77
72
75
40
81
72
76
77
84
75
81
79
42
74
54
76
71
80
81
67
48
73
71
43
10
23
30
17
9
26
15
32
21
11
27
45
23
23
38
25
9
23
19
11
17
15
28
17
13
15
28
26
20
13
11
46
29
13
11
9
22
31
13
13
38
57
15
11
15
13
8
23
11
49
13
11
11
9
17
13
6
11
25
23
13
6
6
6
4
9
9
23
15
17
15
15
17
39
19
15
38
26
34
21
19
8
30
19
17
23
13
19
30
17
9
15
17
13
13
21
19
21
30
9
15
30
30
27
21
25
13
17
13
19
11
21
12
32
11
25
23
36
21
26
23
21
35
15
17
19
17
15
23
15
9
19
21
42
21
23
27
23
32
40
28
23
17
17
19
9
21
8
13
19
32
23
2
11
15
8
17
17
15
17
15
32
13
15
39
10
26
21
30
11
21
23
30
9
11
19
19
19
17
23
15
40
13
23
26
17
28
24
26
32
13
32
41
36
17
28
15
9
9
15
19
28
21
13
11
15
30
24
11
11
11
17
13
23
23
23
13
19
27
11
26
9
6
11
17
24
6
21
9
13
13
8
11
26
4
28
8
19
23
11
19
19
6
11
8
11
11
23
19
17
19
8
18
17
8
19
17
4
9
13
8
11
4
6
2
6
6
6
4
8
4
6
2
6
2
9
6
7
7
4
7
6
9
6
7
6
4
4
4
2
4
4
4
6
4
4
4
0
2
0
2
0
4
4
6
4
4
4
4
4
2
4
0
6
0
4
2
0
0
6
6
2
8
2
2
4
4
4
6
4
2
2
6
8
2
4
2
0
2
4
2
4
2
2
6
2
4
4
6
6
4
4
8
0
4
4
10
2
4
4
4
6
6
2
2
4
0
6
4
4
4
4
4
2
4
0
0
0
2
2
4
4
6
4
4
4
2
2
6
4
6
8
2
6
4
6
2
4
0
4
4
2
4
2
4
4
4
2
4
2
0
2
2
2
0
2
8
6
4
6
2
4
4
6
6
4
2
8
2
6
0
2
0
0
2
6
4
2
8
4
2
2
2
4
4
6
6
2
4
6
6
2
2
4
6
4
6
4
8
8
6
2
2
2
4
8
2
0
4
4
4
2
4
8
6
2
2
8
6
8
6
4
4
2
4
4
4
4
4
4
2
0
2
2
4
2
4
2
8
6
6
6
4
2
6
6
4
2
6
4
8
4
4
2
8
6
0
4
6
8
4
4
2
8
2
6
0
4
0
6
6
2
4
2
2
4
4
4
6
2
4
0
6
6
2
4
4
4
4
6
2
2
2
4
0
2
6
8
4
2
2
4
6
6
4
6
0
6
2
4
6
4
4
6
2
4
2
9
2
4
2
2
4
0
7
1
4
2
2
3
2
0
2
4
2
2
4
3
6
0
2
17
3
1
4
5
0
4
4
0
6
2
2
2
0
3
5
6
2
5
2
0
4
2
2
0
4
2
2
2
0
7
2
0
6
0
2
2
7
5
2
4
4
2
3
2
6
3
4
4
2
2
2
0
2
4
4
2
2
0
0
2
17
7
6
15
0
0
3
4
6
5
3
4
5
2
4
2
5
2
5
0
0
0
3
4
2
2
2
4
5
4
2
0
0
4
2
4
2
5
2
2
2
4
2
2
4
0
2
19
2
4
6
4
0
0
5
2
25
0
0
0
5
6
2
2
0
2
2
4
6
4
5
0
2
3
0
2
0
6
4
2
3
0
4
0
4
2
21
19
0
4
4
4
0
0
2
3
35
2
0
0
5
0
4
4
2
4
4
5
4
6
0
0
2
2
2
2
3
4
2
2
3
2
0
2
2
4
2
4
0
4
5
4
4
2
2
2
17
4
3
0
2
4
3
2
0
2
2
4
2
2
6
4
4
4
0
2
0
2
4
6
0
2
3
2
4
9
2
2
4
3
2
5
19
4
2
0
4
2
17
2
2
4
4
4
4
0
4
4
6
4
2
4
4
4
3
0
4
2
4
13
0
3
2
2
4
2
6
2
4
6
4
8
4
11
6
8
4
4
4
4
8
6
6
2
2
2
6
6
6
4
4
4
4
8
4
6
4
6
4
4
6
6
4
4
9
4
6
6
8
0
4
2
2
6
6
4
4
18
13
10
13
17
4
2
6
6
6
2
6
6
6
2
8
11
2
2
4
8
4
4
4
4
10
2
2
4
4
10
2
2
4
2
8
4
6
0
10
8
2
6
6
4
4
4
6
4
0
4
4
6
4
4
13
4
4
6
8
4
8
11
2
6
6
11
6
6
8
11
4
4
4
10
6
2
4
10
2
4
13
14
12
17
8
6
4
10
8
4
8
6
4
4
6
6
13
4
4
4
6
12
6
4
4
8
4
7
6
2
4
6
6
2
8
6
8
7
10
6
2
8
6
2
12
4
8
4
6
2
4
2
8
11
8
8
4
4
6
2
2
0
6
8
8
6
4
2
4
6
8
8
11
4
0
4
7
6
17
12
4
6
8
0
4
2
13
4
4
4
7
10
2
4
8
6
8
8
6
4
10
4
2
12
8
6
4
2
2
4
8
4
4
6
4
6
12
10
6
4
8
4
4
4
17
8
4
11
6
2
15
2
4
2
4
9
6
2
13
4
20
6
8
4
4
4
2
13
2
6
4
13
2
2
0
0
2
0
2
2
2
2
2
4
6
2
2
0
2
2
0
6
4
2
2
2
2
4
2
0
4
0
2
2
0
4
2
4
2
2
0
0
2
0
0
4
4
2
4
2
2
0
2
0
4
0
0
0
2
2
2
2
2
2
2
0
4
0
0
4
2
2
2
2
2
4
4
0
2
0
0
2
2
4
4
2
0
4
0
2
2
2
0
2
2
2
4
4
2
2
2
2
4
2
0
4
0
0
0
4
2
0
4
2
2
2
0
0
2
2
4
2
2
2
2
0
4
0
2
2
4
2
2
2
4
2
4
4
2
0
0
6
2
2
2
2
2
4
2
0
2
0
2
2
2
4
4
2
2
2
2
0
2
0
0
2
2
2
2
2
2
0
2
2
2
2
2
2
2
2
2
2
0
4
0
2
4
0
2
2
2
2
4
4
2
2
2
0
2
2
0
4
2
0
2
2
2
4
4
0
2
2
2
2
2
6
4
4
4
2
2
0
2
0
2
2
4
2
2
0
0
4
2
0
2
0
0
4
4
2
2
2
2
2
0
4
2
0
0
2
2
2
2
4
2
4
2
0
2
2
2
2
2
2
2
4
4
2
4
0
2
0
0
2
2
2
2
2
2
2
2
0
2
4
0
2
2
4
2
2
0
0
2
0
0
2
0
2
2
0
4
2
0
6
4
4
6
4
4
4
6
2
4
0
0
8
4
0
4
2
0
4
4
2
2
8
0
4
2
6
4
2
0
4
2
6
8
2
0
0
4
4
2
4
4
0
6
6
2
0
4
0
4
8
2
4
0
0
6
4
4
0
0
8
0
0
8
2
8
4
4
2
2
2
4
0
0
2
0
4
0
0
8
0
2
0
0
4
4
6
4
0
2
2
2
0
4
0
6
0
2
4
6
0
4
0
4
2
0
0
0
4
4
2
0
0
2
0
0
0
4
0
0
0
2
2
0
2
0
0
4
0
4
0
0
0
0
6
0
0
0
4
0
0
2
2
0
0
0
0
4
4
0
2
2
4
0
0
0
2
0
0
2
4
0
4
0
4
2
4
2
4
0
2
4
0
0
0
2
2
0
2
0
0
2
4
2
0
2
4
2
0
0
0
0
0
6
0
0
2
4
6
4
2
2
4
2
8
0
4
4
2
0
0
0
0
0
2
0
6
0
2
0
6
0
4
0
0
0
0
0
4
0
2
0
0
0
2
4
0
2
6
0
0
2
0
0
0
6
4
0
0
10
0
0
2
0
0
2
4
6
0
0
0
2
4
8
4
2
2
0
4
4
0
0
2
0
0
0
4
4
4
2
0
0
0
8
2
0
28
2
2
2
6
0
0
4
2
4
0
0
2
2
0
2
0
6
1
0
2
2
2
0
2
0
0
4
2
2
4
4
0
2
0
2
2
2
0
2
8
0
0
0
2
0
0
4
2
0
2
6
6
2
0
0
4
2
2
0
8
4
4
2
0
0
2
0
0
2
0
4
0
2
2
2
0
2
2
0
2
0
2
2
0
0
2
0
2
0
2
0
2
2
0
0
2
0
0
6
4
2
2
2
0
0
2
2
0
0
0
4
0
0
2
0
6
2
2
0
0
0
2
0
2
2
2
4
2
4
0
0
2
2
2
0
2
4
2
4
2
0
4
0
2
4
0
4
6
4
0
2
0
0
4
0
2
0
2
2
6
2
0
0
4
4
0
4
0
0
2
4
4
0
8
4
1
0
2
2
0
0
2
2
4
0
0
6
4
2
2
6
6
6
0
2
2
4
2
0
0
2
8
0
0
0
6
4
2
4
2
2
2
4
0
2
0
2
0
2
2
7
6
4
0
4
4
0
0
0
2
2
4
0
4
0
4
2
0
4
2
0
2
4
4
2
0
2
6
2
2
4
2
4
39
0
2
0
0
0
2
2
4
4
4
2
0
4
0
0
0
4
0
0
6
0
0
2
4
5
4
2
0
6
6
4
4
4
4
4
4
0
2
6
4
4
0
2
4
0
0
0
2
0
0
2
0
2
0
4
2
2
8
4
4
6
3
8
6
4
2
7
0
6
2
8
6
2
4
0
2
6
4
2
6
2
4
6
0
2
2
1
4
2
9
4
2
2
0
4
6
4
4
4
6
4
0
6
6
6
4
1
8
0
4
2
4
2
4
4
6
0
2
2
0
2
2
7
2
2
4
8
2
2
2
2
2
8
4
2
4
4
1
8
8
2
4
6
2
8
6
6
2
0
6
0
2
4
4
2
6
6
56
60
8
9
0
0
0
4
6
6
4
2
2
8
4
4
2
8
4
4
6
3
4
4
6
15
2
7
4
11
2
4
6
6
2
4
4
4
6
4
2
4
2
6
9
4
4
2
2
10
2
4
2
2
0
4
0
7
8
4
6
4
4
2
0
2
4
5
2
5
6
4
6
6
6
4
4
2
6
0
6
5
6
4
2
7
4
6
4
6
2
5
4
8
2
6
2
4
4
4
4
0
4
4
2
6
4
4
4
2
4
7
2
6
3
2
7
4
4
0
0
2
18
5
2
2
2
8
0
4
2
3
4
2
8
2
8
4
7
4
3
3
4
8
10
8
1
4
8
2
6
4
3
