6
96
2
61
0
4
77
24
2
2
2
15
62
2
4
6
37
0
23
2
2
4
2
2
2
0
0
4
2
2
31
0
4
2
11
4
2
0
2
4
2
0
42
26
2
32
45
2
2
4
2
2
2
78
38
18
4
4
11
0
11
70
0
8
66
2
72
9
4
2
2
37
2
2
6
4
16
8
43
2
4
0
2
3
46
0
36
2
0
0
4
52
7
2
0
3
43
2
2
2
2
13
6
8
51
2
0
0
4
0
2
90
2
2
4
4
16
65
2
2
32
5
17
2
2
4
69
28
7
4
2
7
27
2
2
49
21
9
2
2
38
8
37
4
2
48
0
0
8
7
4
6
9
0
90
8
0
4
2
0
2
2
41
56
2
2
2
81
36
56
3
0
4
31
6
2
2
4
2
6
2
11
2
6
42
0
2
2
2
93
2
0
2
2
0
4
0
2
2
52
85
0
2
0
57
2
31
45
49
0
0
81
2
55
2
48
55
0
74
2
47
4
2
35
4
2
2
2
35
0
82
45
0
32
5
2
25
4
8
44
4
6
4
4
93
4
6
2
2
70
7
0
2
0
2
56
2
20
4
36
0
4
70
4
5
31
0
2
17
4
9
2
2
52
11
4
49
56
2
7
2
0
0
4
26
61
59
2
97
4
6
0
8
4
4
0
0
2
2
4
0
0
0
2
6
6
0
0
0
2
2
6
0
2
0
0
4
6
0
2
0
4
6
25
0
0
2
6
4
0
6
0
0
0
4
6
0
0
4
0
4
4
0
4
4
4
4
6
0
0
2
0
10
0
4
0
0
4
2
0
6
0
2
4
0
0
6
0
0
8
0
0
0
0
0
6
0
2
0
0
0
6
0
4
0
0
0
2
6
2
0
6
4
0
0
0
0
0
0
4
2
2
0
0
2
0
0
0
0
0
0
4
0
0
0
0
0
4
0
0
0
10
0
0
2
0
0
6
4
4
0
0
0
6
4
6
2
0
2
6
4
2
0
0
0
6
4
4
0
0
0
2
8
0
0
0
6
4
6
4
0
0
4
0
2
0
4
0
8
6
12
6
0
4
2
2
44
2
2
2
6
0
4
4
6
2
4
6
0
46
0
0
0
4
0
4
0
6
0
6
4
0
2
0
0
4
4
0
6
0
0
6
2
0
0
0
2
4
6
6
0
0
0
4
4
2
2
4
6
8
2
2
2
6
4
4
8
6
2
0
8
6
2
0
2
0
0
4
4
39
0
2
6
4
0
0
0
2
2
2
2
0
0
0
4
4
2
0
0
0
4
2
6
0
0
0
59
1
3
7
1
3
0
17
3
5
3
2
5
5
1
5
3
3
63
3
3
3
28
3
3
5
3
3
5
3
3
1
7
1
7
1
3
49
5
3
1
1
5
5
3
3
3
5
7
7
3
3
5
3
1
17
3
2
57
5
5
1
3
5
1
89
1
5
1
3
3
3
3
7
7
7
69
3
1
7
1
5
5
3
3
5
1
7
3
3
55
1
5
5
3
11
1
3
5
5
5
1
1
78
3
1
3
80
7
1
5
1
3
1
1
3
3
3
3
48
3
3
3
3
3
3
3
5
7
3
3
1
3
5
3
5
5
13
9
1
5
5
9
5
3
7
3
5
5
3
3
5
1
1
1
5
5
5
60
1
3
3
2
5
3
1
3
25
7
3
3
3
3
5
3
3
3
1
3
3
5
3
1
3
1
7
3
3
1
3
3
3
3
1
55
1
9
3
5
5
5
5
3
3
9
26
5
3
5
5
3
5
3
3
4
5
5
63
3
3
5
3
5
3
3
9
5
5
7
1
1
3
5
5
7
1
3
5
3
3
3
0
1
5
5
3
3
7
3
5
9
3
3
5
3
3
5
3
3
28
3
32
5
73
0
0
0
0
0
0
0
1
1
0
0
0
0
0
0
0
0
0
0
0
0
0
0
0
2
2
2
2
0
2
2
2
2
2
2
0
2
2
2
2
2
2
0
0
0
0
2
2
2
4
0
0
2
2
2
0
2
2
0
4
2
0
4
0
4
2
0
0
2
4
0
2
2
2
2
0
0
2
4
4
2
2
2
2
0
2
3
0
8
2
2
2
2
0
2
2
4
2
0
2
2
0
4
2
0
2
4
4
2
2
2
4
2
2
4
4
2
2
0
0
2
2
2
2
2
4
2
0
4
0
2
2
0
4
4
4
0
4
2
4
0
2
0
2
6
6
4
2
2
2
2
0
4
4
2
2
4
2
0
2
2
2
2
4
2
2
2
2
2
4
3
2
2
4
0
6
2
42
4
2
2
2
4
2
2
2
2
4
2
4
0
0
4
4
2
2
4
2
2
0
2
2
4
0
2
2
2
2
2
2
2
8
2
0
2
0
2
4
2
4
2
2
4
2
2
4
2
4
0
4
2
2
6
2
2
4
0
9
4
2
2
4
2
2
4
0
0
2
6
4
2
2
4
2
2
4
2
2
2
2
6
2
2
2
2
2
2
2
2
0
4
2
0
4
2
2
2
2
2
2
2
2
11
2
4
4
0
2
2
2
2
0
2
2
2
4
2
2
2
4
2
2
2
4
2
2
2
2
2
2
2
8
0
0
2
0
0
0
2
0
0
0
2
4
2
0
0
0
2
2
0
2
0
2
0
0
2
0
0
2
4
0
0
2
2
0
0
0
2
2
0
2
0
4
0
0
2
2
2
0
0
2
0
0
0
2
0
0
0
2
2
2
0
0
4
2
12
0
0
0
4
4
2
4
0
0
4
0
2
0
4
6
2
4
0
2
0
2
0
4
6
0
2
0
0
2
2
0
0
2
2
4
0
2
4
0
0
0
0
2
0
0
0
0
0
0
0
2
0
2
2
0
0
2
2
2
2
2
0
0
6
0
2
2
2
0
4
2
0
0
2
2
2
0
0
2
2
0
0
0
2
2
0
2
0
2
2
0
2
0
2
0
2
0
0
0
0
4
0
2
4
2
0
0
4
4
2
2
0
2
4
2
2
0
0
0
4
4
2
0
2
2
2
2
0
6
2
4
0
0
0
0
0
2
0
6
0
2
0
0
2
2
4
4
0
2
0
0
2
0
4
0
4
6
0
14
0
0
2
0
12
0
0
2
2
2
2
0
0
0
2
2
2
0
0
2
0
2
0
2
4
0
0
12
2
0
0
0
2
0
2
0
0
2
0
0
2
2
2
0
2
2
2
2
0
0
0
0
2
2
0
2
0
0
2
0
0
0
4
0
2
2
4
2
0
4
4
0
0
2
3
0
0
2
2
0
7
0
2
4
4
2
0
2
4
2
0
0
3
4
2
4
2
2
0
4
1
4
4
0
2
0
2
2
2
1
0
4
3
2
2
2
2
2
2
4
0
0
2
2
0
0
2
2
0
2
4
0
0
0
2
2
2
2
5
0
0
0
0
2
0
0
4
4
0
0
0
2
2
3
2
0
0
0
2
0
2
2
0
2
2
1
2
2
6
4
8
2
0
0
0
2
2
0
6
2
2
6
4
4
0
3
2
4
3
5
2
0
0
2
2
2
2
0
2
0
3
4
4
2
2
0
4
2
2
4
4
4
2
2
5
0
2
0
4
3
2
4
0
0
2
4
2
0
0
0
2
4
9
5
2
0
6
0
4
5
3
0
4
0
2
0
4
2
2
0
0
0
7
0
2
2
6
4
2
0
0
6
0
0
2
2
4
2
5
0
0
0
0
0
5
0
2
2
0
0
0
0
2
2
0
4
2
4
4
2
0
2
0
0
0
0
4
0
0
0
2
0
0
0
0
0
2
0
4
2
0
3
2
4
2
0
2
2
0
0
4
0
4
2
4
2
2
0
2
0
0
2
0
2
0
2
4
4
0
2
4
0
0
0
10
4
0
0
0
2
4
2
2
44
10
76
30
0
1
13
0
0
0
0
0
0
0
58
0
0
0
16
0
0
2
20
0
41
4
70
0
0
0
20
0
28
0
0
0
0
0
2
0
12
0
26
0
11
24
0
35
0
27
13
24
0
0
14
0
6
0
30
3
0
0
17
0
0
7
0
16
0
33
0
5
26
0
0
2
0
21
0
2
10
0
0
0
2
21
38
0
0
13
0
0
24
0
29
15
2
0
0
0
0
11
2
36
0
0
9
25
0
24
52
27
0
0
11
0
0
0
0
35
53
0
0
63
2
0
17
9
21
0
73
0
0
20
0
24
2
14
4
0
30
0
0
0
24
0
19
0
0
10
16
0
30
70
23
0
27
29
0
32
0
2
27
2
25
0
26
0
31
0
22
0
0
17
0
29
0
0
34
18
0
24
0
36
0
17
15
23
0
15
0
13
7
25
0
0
0
0
14
0
33
0
34
17
10
0
7
0
0
0
28
0
17
0
31
0
0
34
0
9
5
24
0
31
37
29
0
21
0
28
0
23
0
12
1
8
0
37
1
0
0
22
5
0
18
0
14
23
0
0
27
0
0
59
29
2
26
8
30
22
4
5
0
27
0
71
34
0
23
0
0
37
0
0
0
77
20
0
28
9
17
0
6
0
2
0
0
32
21
76
25
47
16
15
18
27
52
18
23
82
33
43
34
84
31
20
22
65
21
65
15
87
28
21
35
17
76
23
20
29
22
72
59
63
29
22
51
34
29
13
32
29
68
23
18
61
17
36
33
23
22
19
29
37
26
31
87
24
63
33
73
76
20
16
32
31
33
20
91
26
59
18
66
16
71
22
76
16
70
20
44
31
60
27
15
23
22
70
58
13
38
29
14
33
22
26
63
16
28
38
19
24
21
33
22
81
22
54
28
37
20
63
37
14
25
20
67
24
27
28
42
62
27
46
34
26
21
23
29
23
81
17
26
28
36
61
26
24
23
21
24
52
24
64
23
71
66
14
16
13
54
68
56
26
61
15
35
59
22
31
9
21
63
50
23
21
24
30
18
26
11
25
19
68
22
56
16
45
41
21
62
12
65
14
36
38
53
19
36
50
44
69
30
25
12
22
17
22
30
21
20
21
21
60
53
14
30
37
26
18
24
22
24
24
37
37
25
59
61
20
39
19
65
23
57
65
16
57
55
29
39
19
50
18
61
32
63
25
9
28
23
20
31
20
21
57
42
53
50
32
36
40
71
24
29
53
27
40
69
22
17
34
68
24
33
53
20
18
15
30
59
58
31
59
24
36
21
37
64
50
17
37
21
61
31
2
6
6
4
2
6
2
4
4
4
6
2
2
6
2
2
4
2
6
8
2
2
4
2
6
2
2
6
4
2
4
0
0
2
4
2
2
6
0
0
2
8
0
6
0
6
2
8
2
4
2
4
2
6
8
2
4
4
0
2
2
4
2
4
0
4
4
2
4
2
0
0
4
0
4
4
2
4
6
6
2
4
6
6
6
4
2
8
4
0
2
2
0
2
2
4
4
8
4
4
0
4
4
0
2
6
2
2
2
0
4
2
6
0
6
4
6
2
4
8
6
4
2
2
2
4
2
2
2
2
2
6
2
4
6
2
4
4
4
6
2
8
4
6
4
4
2
6
4
8
6
6
6
4
8
4
4
8
8
0
4
6
2
2
4
6
2
2
6
0
4
2
4
4
4
2
2
2
0
6
4
8
2
4
6
2
2
6
4
2
4
2
6
2
0
4
6
4
0
2
2
0
6
2
4
0
2
4
6
6
6
4
4
4
4
6
4
2
2
0
4
4
4
2
2
0
6
8
6
2
4
6
4
4
0
4
6
6
4
2
4
2
4
0
2
4
6
4
2
2
6
4
2
0
6
2
2
2
2
2
4
2
4
2
4
4
4
2
2
2
4
4
2
4
6
6
6
2
0
6
2
2
2
4
4
4
6
6
4
2
3
0
4
2
33
0
2
3
0
5
9
2
2
4
4
3
4
5
2
2
6
0
4
2
2
2
9
2
0
7
2
6
2
9
6
3
3
4
0
4
4
2
2
6
4
4
2
0
2
4
4
2
4
4
9
4
4
6
8
2
2
4
4
2
3
2
2
4
46
4
4
2
6
7
44
8
11
8
8
4
11
3
4
2
4
6
4
2
2
0
6
4
4
4
5
4
4
8
5
4
5
4
4
7
4
7
8
6
5
47
4
4
2
43
11
37
4
3
4
7
2
7
2
6
8
7
3
4
4
47
6
7
6
5
49
6
2
5
14
5
5
4
4
6
4
5
7
2
6
4
3
4
8
2
11
4
10
4
6
4
0
7
5
4
8
2
8
2
5
2
8
4
6
6
6
6
2
3
4
6
7
2
4
4
13
6
7
7
6
3
2
6
4
4
6
4
7
31
7
4
6
28
4
37
2
2
4
6
0
46
6
7
2
53
4
2
4
4
0
4
15
2
2
3
4
2
51
4
4
2
4
3
2
7
3
2
7
2
6
14
6
4
2
6
2
8
6
2
6
7
4
4
3
3
2
5
6
6
2
2
4
13
2
3
6
3
6
10
6
4
6
4
5
54
6
3
4
3
4
7
8
2
2
2
7
2
