3
1
1
0
1
9
1
1
3
1
1
7
5
1
1
3
1
3
1
3
3
1
5
1
3
1
9
1
3
3
3
1
3
1
1
1
1
1
1
5
1
3
1
3
1
1
3
0
1
3
1
1
1
5
3
5
1
1
3
0
0
7
1
1
0
5
3
0
0
9
5
7
1
3
0
7
0
5
3
1
1
3
0
0
0
3
3
1
1
3
1
1
5
1
1
1
1
3
1
9
11
1
3
1
3
1
3
5
3
3
3
3
13
7
0
3
1
3
3
1
5
3
3
1
1
1
5
3
1
3
1
5
1
1
1
1
3
1
1
5
3
7
3
7
1
3
3
1
1
1
5
1
1
1
3
1
4
1
1
0
3
3
1
1
3
0
1
7
1
3
6
0
5
8
3
3
1
1
1
3
3
1
9
3
1
3
1
3
1
5
1
3
1
1
3
1
3
4
3
7
1
1
0
1
1
3
1
1
1
3
3
1
1
9
1
1
3
7
3
1
1
3
1
1
0
1
7
3
3
1
1
1
3
1
1
3
9
3
1
1
0
3
0
3
5
1
3
7
1
3
1
1
3
1
1
3
5
1
3
9
1
1
1
7
1
1
1
8
1
3
9
0
7
10
3
0
1
3
5
1
5
3
3
1
5
5
1
1
7
5
5
5
5
4
7
4
4
5
5
3
5
5
3
5
5
5
5
5
5
5
5
7
5
5
4
5
5
7
5
7
5
5
5
4
5
5
5
5
5
5
4
7
7
5
5
6
5
3
5
5
4
5
5
3
4
5
6
7
5
5
7
5
5
7
5
3
5
4
3
9
3
4
5
5
5
4
4
5
7
7
7
3
5
5
9
5
3
4
3
7
5
4
7
5
5
7
5
3
7
5
5
5
3
5
4
6
5
5
6
3
7
7
5
5
3
6
4
5
4
6
5
5
7
5
5
4
5
4
7
5
5
4
5
5
5
5
5
5
5
5
5
3
5
5
7
3
7
5
7
5
4
5
6
7
4
5
5
7
7
5
4
5
4
5
7
7
5
3
5
5
3
6
7
2
5
7
15
5
7
5
3
7
5
7
5
7
2
5
7
5
5
5
5
5
5
4
5
7
5
5
5
5
3
7
2
4
7
5
2
5
5
6
5
5
3
4
2
5
7
5
4
5
4
5
4
5
4
5
5
7
9
5
5
5
5
3
4
5
5
5
4
5
7
2
5
7
5
3
7
7
5
7
5
5
4
2
5
3
5
5
5
5
5
5
5
3
5
3
5
4
5
3
5
3
5
5
7
2
5
5
5
7
3
7
3
5
40
0
32
35
11
21
40
5
16
27
0
3
2
33
26
0
40
50
7
33
41
12
80
1
82
28
72
25
26
0
6
13
28
7
28
0
23
59
30
34
29
26
0
43
42
27
2
59
0
0
40
8
49
0
1
2
0
24
18
40
35
0
20
48
11
21
71
36
34
28
23
75
0
44
19
8
14
25
48
0
59
18
34
0
12
29
30
58
37
24
43
39
0
26
32
19
24
0
0
40
39
50
43
6
30
0
5
42
87
35
0
0
27
40
37
0
3
5
15
0
36
11
42
0
10
29
0
39
15
38
64
77
0
48
66
42
37
15
80
43
37
0
29
23
20
0
35
27
34
0
17
33
0
58
0
16
0
22
28
0
15
6
9
27
0
20
19
0
18
0
0
23
13
12
0
26
0
0
0
1
0
55
0
15
36
65
0
1
11
24
1
23
0
13
21
7
19
28
29
41
4
0
32
5
1
35
0
28
27
0
6
0
0
10
0
12
0
52
15
8
0
0
0
0
19
36
11
3
0
13
0
14
6
0
21
31
0
0
19
9
1
12
0
18
0
26
0
14
17
16
0
0
17
0
3
7
0
0
6
0
0
0
40
0
7
0
0
17
15
7
8
0
0
7
2
0
15
8
5
11
0
2
7
0
0
0
0
18
1
1
1
1
1
31
26
20
27
27
0
3
8
5
3
5
0
0
0
3
7
3
1
1
1
0
1
21
23
9
12
15
25
0
0
0
0
3
1
0
3
3
1
0
5
26
26
5
20
33
29
1
5
1
13
7
5
9
3
5
5
9
29
26
26
21
3
1
3
0
3
1
3
7
9
3
22
37
8
5
1
5
0
3
5
26
32
26
33
5
1
1
5
5
3
5
5
3
26
34
7
0
10
7
5
36
26
3
7
3
0
0
1
31
28
1
0
1
3
3
1
3
1
1
29
28
22
3
9
3
1
3
5
5
1
24
7
7
5
6
11
13
9
3
18
31
30
7
32
5
13
9
13
11
34
30
16
5
10
9
11
41
30
11
9
5
7
31
9
5
32
22
9
7
7
8
0
5
5
0
3
22
24
1
3
3
5
1
1
3
0
0
34
3
1
3
1
3
3
18
30
19
28
23
3
1
3
1
31
3
1
0
5
3
1
26
32
28
1
9
5
28
29
1
5
6
3
31
23
1
7
1
7
9
31
0
7
5
6
3
3
3
7
30
25
5
7
5
5
3
1
1
1
28
18
1
3
5
5
1
1
23
31
38
3
1
7
1
0
3
3
1
26
24
3
1
7
9
1
7
5
27
28
23
7
3
9
3
56
25
15
26
36
26
9
37
21
26
27
24
19
19
34
26
43
11
7
9
20
62
42
22
17
29
15
21
24
15
21
15
22
24
66
42
21
26
40
32
25
44
11
13
21
28
26
47
18
38
16
13
5
30
15
52
25
22
7
39
47
30
19
19
11
34
15
19
9
7
31
23
34
38
11
11
26
33
30
32
11
21
13
21
21
7
32
13
30
7
31
23
34
20
7
7
9
32
9
11
16
30
15
20
13
17
23
10
16
52
37
16
21
17
36
11
19
29
19
11
26
65
28
63
33
19
12
31
21
13
11
37
11
23
21
20
11
15
21
34
15
17
27
26
7
16
32
15
7
13
27
36
15
40
40
17
34
32
23
32
28
55
32
38
22
27
9
40
28
1
15
41
23
41
42
11
25
54
25
44
26
9
56
27
29
30
15
69
23
46
21
15
38
23
20
34
38
9
9
43
23
30
28
32
13
23
13
11
21
9
46
19
32
13
42
24
44
23
9
38
75
42
19
41
9
13
19
21
44
31
13
38
40
70
12
9
13
46
29
37
31
28
21
26
19
31
48
21
34
72
35
23
30
25
38
32
25
30
28
7
18
24
34
43
58
25
42
15
30
14
12
22
29
23
21
23
28
36
35
17
15
15
13
19
19
25
30
26
0
0
0
0
0
2
2
0
0
8
0
2
2
2
2
0
0
0
0
2
2
2
0
2
0
6
0
0
0
2
4
0
0
2
0
0
0
4
0
0
0
2
0
2
0
0
2
0
2
0
4
2
0
0
4
0
0
0
2
2
2
0
0
2
0
2
2
4
0
2
0
2
2
2
0
2
0
2
0
6
2
2
4
0
2
0
4
6
22
2
2
4
2
2
4
0
2
0
0
7
2
4
2
2
4
0
0
2
2
2
0
0
2
4
2
0
2
2
0
4
4
2
0
0
0
4
2
0
0
0
0
2
2
4
0
2
4
0
2
6
8
2
2
4
2
4
0
4
0
0
0
8
0
0
2
2
2
0
0
4
2
2
4
0
0
0
0
0
2
2
2
2
2
6
4
2
2
0
2
0
2
0
2
2
0
2
0
8
2
0
4
2
4
4
2
2
0
0
0
0
0
4
0
0
0
2
0
4
4
6
2
2
0
0
2
2
4
2
0
0
0
0
6
5
2
2
2
2
0
0
0
0
2
0
0
0
2
2
9
2
8
0
0
0
2
2
6
2
4
4
0
0
6
2
0
6
0
0
2
11
2
2
2
2
2
2
2
0
2
0
4
2
2
2
0
0
0
2
6
4
0
4
4
2
2
2
6
0
25
46
38
42
32
55
52
47
37
50
37
26
31
44
27
48
61
38
38
46
38
35
51
32
41
30
50
39
35
34
32
52
41
39
34
38
37
43
49
47
30
57
41
27
33
44
43
43
45
48
44
48
54
32
46
45
38
50
41
31
36
40
45
57
57
51
56
59
34
30
55
43
51
36
42
47
73
46
43
37
34
48
23
58
57
30
40
50
42
42
57
34
41
38
35
25
47
34
40
39
41
37
33
41
49
28
46
27
35
35
49
43
30
48
48
50
51
36
38
46
41
50
47
35
46
41
25
43
52
21
33
38
44
48
36
46
55
46
47
51
42
50
61
51
23
29
55
46
43
29
52
39
41
29
44
46
48
23
30
51
46
42
46
54
54
57
48
38
44
40
48
38
45
64
45
26
49
32
21
33
46
29
34
50
46
52
46
44
55
41
51
38
34
38
51
30
35
46
57
25
43
52
31
46
40
40
43
23
32
45
39
24
43
48
53
48
63
41
43
44
51
55
34
46
40
42
44
56
37
41
40
48
26
20
32
41
52
46
39
58
42
43
50
52
48
53
34
42
56
57
39
46
33
43
53
46
52
42
41
33
50
37
39
30
62
44
36
40
45
42
47
31
44
30
41
51
54
51
47
43
54
62
50
33
37
43
50
38
18
27
13
33
17
23
15
11
35
13
13
17
40
19
23
11
11
25
18
15
9
23
19
7
19
33
19
15
68
29
27
37
17
35
15
19
23
21
13
17
20
17
9
25
33
35
9
19
25
19
15
19
40
27
33
17
27
31
48
17
29
19
21
29
25
17
25
33
37
29
21
25
27
31
24
36
27
21
19
25
23
15
21
15
19
19
11
13
15
35
23
33
21
15
19
29
54
17
15
19
27
17
27
27
27
33
43
11
25
23
31
17
23
21
27
37
27
21
21
47
19
19
35
44
27
60
27
39
78
43
23
27
23
27
21
31
42
53
34
21
26
37
34
35
21
37
27
45
3
23
23
13
11
31
13
11
15
20
29
23
25
9
15
21
9
9
21
21
15
11
15
19
17
19
15
60
11
23
23
15
11
15
9
15
13
15
23
23
23
15
9
7
7
17
15
13
21
9
15
23
7
9
11
13
23
29
3
19
17
17
5
5
17
19
7
9
5
17
19
15
11
9
11
15
9
15
17
5
19
17
56
39
17
17
19
52
33
39
53
44
25
62
54
27
43
19
17
31
31
11
27
13
30
41
21
15
27
17
46
64
44
17
25
25
13
35
38
23
27
25
19
25
23
43
25
21
19
15
33
33
29
19
17
17
50
21
13
17
75
87
75
38
90
74
49
95
41
46
34
57
84
56
55
90
87
79
48
43
28
36
29
39
49
61
72
91
81
56
51
94
42
40
50
43
78
76
47
57
76
67
81
69
46
30
40
58
81
72
40
95
79
28
32
91
25
38
20
28
48
64
30
62
69
41
94
69
75
19
25
32
78
58
66
42
37
74
44
33
75
46
27
37
75
92
65
44
65
63
43
74
22
20
19
48
93
63
56
48
51
52
70
62
70
28
22
58
74
62
66
54
71
67
36
29
54
36
27
36
42
39
40
60
41
56
53
27
72
40
33
42
35
46
46
80
27
51
56
41
56
59
54
24
32
41
29
48
72
59
56
58
42
65
40
54
33
69
33
64
53
20
42
86
54
30
43
36
87
45
36
35
36
31
36
57
37
22
28
47
71
84
37
58
37
42
22
49
48
27
20
35
14
41
29
30
49
40
29
51
73
74
72
36
80
68
29
31
61
37
65
68
92
35
46
41
24
34
39
61
62
61
33
74
72
51
28
38
35
46
76
45
34
48
32
43
47
27
20
39
72
42
51
24
23
50
30
33
51
33
26
28
43
33
53
61
58
37
61
40
91
69
22
26
34
40
45
46
49
36
49
66
72
32
23
25
27
37
34
73
51
37
44
42
37
45
14
17
6
5
5
3
6
5
2
8
4
7
3
4
5
3
6
6
4
2
2
3
6
5
6
3
6
2
9
5
4
6
7
24
5
10
4
7
6
2
7
10
5
9
10
5
7
5
2
10
6
6
5
7
4
5
7
11
8
7
10
4
5
4
5
3
1
5
6
3
5
10
6
6
11
7
8
4
5
6
6
7
7
10
6
6
3
6
4
2
2
4
8
5
7
6
4
3
2
4
7
2
3
2
2
7
3
5
7
6
4
3
6
3
2
2
6
3
2
5
2
4
5
5
2
4
6
4
7
7
2
6
6
5
5
8
8
6
4
4
7
8
8
13
5
4
7
3
4
5
3
2
5
3
5
3
7
3
4
20
3
8
3
5
9
3
5
5
8
3
7
4
6
5
8
5
8
4
6
6
7
1
9
4
8
13
23
2
8
7
11
13
2
5
5
17
2
4
1
3
3
8
3
3
5
8
3
8
9
4
8
3
3
3
7
2
7
2
2
7
3
4
4
8
5
3
6
3
3
4
3
2
3
6
4
5
4
17
8
3
3
5
8
5
5
4
6
6
3
6
2
2
10
4
4
5
4
5
7
7
2
6
4
4
6
7
9
4
5
3
2
5
4
3
10
3
5
4
16
2
2
2
3
6
4
2
5
5
6
2
