1
1
1
2
2
1
1
1
1
1
1
1
1
1
1
0
1
0
1
1
3
0
0
1
1
0
0
0
1
1
12
0
1
2
0
2
1
2
1
0
1
2
1
1
1
1
0
0
1
1
2
0
1
3
1
2
2
0
0
1
0
1
2
0
0
10
0
0
0
0
2
1
0
1
2
1
6
0
0
0
1
9
1
2
1
1
0
12
2
1
0
0
11
1
0
0
1
0
1
1
1
0
2
0
0
0
1
2
0
1
0
1
1
1
0
0
1
0
1
1
1
1
1
2
2
1
3
0
1
2
3
0
1
0
13
1
1
2
1
4
2
1
1
1
10
0
1
1
3
1
1
0
1
2
1
2
2
1
1
0
1
3
9
0
1
0
1
23
2
1
1
1
0
1
2
0
1
2
1
1
1
2
1
1
2
1
1
1
1
1
1
1
1
1
1
1
0
0
1
1
2
2
7
1
0
1
1
1
2
2
0
0
1
12
0
1
0
1
2
2
2
0
2
4
0
1
0
2
1
1
0
0
2
0
1
1
1
2
1
2
2
1
1
1
2
4
2
1
1
1
0
2
1
1
1
1
1
1
0
1
2
10
1
2
0
3
1
23
2
1
1
1
6
1
1
1
0
1
2
2
1
1
2
2
2
1
1
1
17
12
14
19
13
13
16
11
13
23
17
12
21
10
13
12
11
14
10
10
14
16
19
13
16
6
10
12
18
14
11
15
12
8
6
12
13
18
11
11
13
6
90
12
14
8
14
14
8
21
6
13
21
25
10
12
15
19
13
13
13
10
13
6
6
10
15
8
10
8
8
10
8
12
8
7
8
9
8
12
10
8
12
8
15
4
11
8
6
6
10
8
8
8
10
13
12
8
8
16
13
9
15
8
6
6
8
8
10
8
10
12
12
12
8
12
15
15
8
11
11
15
14
14
10
10
7
10
10
8
10
10
8
10
12
12
8
10
6
10
4
10
8
13
10
8
6
8
74
10
19
14
15
10
15
21
12
12
8
8
12
8
13
10
19
17
19
11
10
11
8
8
7
10
14
15
10
10
8
9
9
17
13
16
12
17
8
14
12
15
11
12
10
12
8
15
12
2
13
12
18
13
12
8
13
21
8
15
23
6
21
18
8
16
12
8
8
16
17
17
17
11
9
14
10
10
10
16
12
15
11
13
10
12
12
10
15
14
9
15
16
17
13
8
12
11
12
18
17
12
8
8
10
6
6
10
6
14
16
10
13
12
6
6
11
6
6
14
10
11
6
6
9
12
11
8
6
12
12
15
10
10
8
6
6
12
11
12
15
8
11
8
15
17
15
10
8
6
6
10
12
14
8
10
12
15
12
8
8
16
6
4
10
12
8
14
10
10
6
17
2
2
4
17
8
12
2
10
23
11
30
21
6
21
17
13
5
8
2
9
5
12
17
19
10
7
10
12
6
8
26
12
21
12
17
8
12
6
29
10
4
27
17
14
21
12
8
4
17
10
8
23
16
11
2
2
8
6
14
11
4
6
12
17
8
8
14
11
8
11
10
4
10
11
6
4
6
9
10
21
12
6
11
6
10
4
10
4
12
19
14
8
19
8
8
8
17
4
10
21
21
8
11
6
12
14
6
19
12
15
16
9
13
14
9
14
12
23
15
15
10
6
64
17
15
14
6
7
10
6
11
6
4
12
9
6
10
13
15
19
13
10
15
4
19
29
15
17
11
10
15
7
4
12
6
11
8
19
12
6
11
10
15
13
11
13
17
8
8
10
12
25
19
15
8
21
10
8
23
2
10
4
4
9
4
10
19
10
11
10
8
15
13
21
15
8
19
4
23
9
6
6
6
6
8
14
10
46
6
24
4
4
7
8
15
2
9
6
2
4
10
8
2
12
13
4
2
4
5
2
0
0
2
4
4
6
6
10
2
0
6
4
2
2
6
4
6
2
2
2
2
0
2
4
0
4
3
3
0
3
8
1
5
5
7
5
19
3
1
5
8
5
3
13
7
4
6
7
0
19
3
1
5
5
3
13
14
11
5
10
12
7
6
3
1
3
5
13
1
5
11
16
1
9
5
1
3
9
14
13
20
1
1
3
3
5
1
5
3
16
1
5
8
14
5
14
3
1
7
5
15
12
5
9
16
3
4
3
22
7
3
7
10
9
3
5
5
3
3
3
1
1
3
6
0
7
3
3
14
3
11
7
1
1
3
3
3
3
7
1
3
3
7
5
3
5
0
3
5
3
7
13
0
1
7
3
5
10
1
9
9
9
3
9
1
3
11
6
5
3
13
6
3
8
3
5
3
5
3
1
13
5
1
3
3
5
1
1
3
7
3
3
5
1
9
5
3
9
8
5
3
7
4
5
8
7
1
7
8
3
1
5
3
3
3
1
7
4
1
15
13
4
3
1
5
4
3
1
4
5
3
11
1
5
1
3
6
5
3
12
7
5
7
6
5
5
5
6
1
3
1
6
5
5
5
6
3
8
7
11
5
3
5
4
1
5
6
3
5
5
1
1
8
3
3
7
3
5
8
3
7
13
5
5
6
1
6
3
7
4
6
1
1
5
5
5
5
6
9
5
6
4
5
3
7
8
14
3
9
15
3
7
6
10
0
8
0
0
4
0
2
6
0
44
2
2
2
4
2
14
2
4
8
0
0
2
2
2
0
8
2
0
4
4
2
4
4
0
4
6
4
0
2
2
6
2
0
6
6
0
4
0
4
2
0
0
2
2
2
2
2
2
4
8
2
0
0
2
2
2
2
2
4
2
4
4
2
4
2
2
0
4
2
0
4
4
0
4
2
6
0
2
11
20
4
2
2
2
2
10
2
2
0
0
0
4
2
4
2
2
2
42
4
4
4
2
0
4
2
0
0
6
6
0
4
0
4
0
4
0
0
4
6
2
2
4
15
4
6
2
0
8
2
0
2
2
0
0
47
4
2
2
0
2
4
6
2
0
0
4
0
4
2
7
4
0
18
0
4
2
2
2
40
6
2
58
2
0
6
0
2
4
4
2
2
6
2
2
2
4
0
40
2
4
8
2
2
37
4
2
4
2
93
4
2
4
40
2
15
0
6
2
9
4
2
2
37
2
2
4
0
4
8
0
6
62
2
2
0
0
2
8
0
0
37
2
9
8
0
4
37
0
2
6
0
6
2
44
2
4
42
2
6
0
2
2
8
2
2
4
11
0
8
0
0
4
4
2
8
4
6
2
2
2
0
2
0
2
0
4
0
4
7
37
4
2
38
0
0
4
0
2
15
0
0
0
0
7
16
20
0
30
2
13
17
0
11
15
0
16
12
19
0
15
0
18
0
19
0
14
0
22
16
14
0
0
19
16
0
18
17
0
0
0
8
11
0
2
15
21
0
23
13
0
13
4
0
0
11
23
19
22
18
0
0
0
16
14
0
26
0
17
29
0
14
0
15
0
14
1
0
23
21
14
2
0
16
12
4
0
16
19
4
0
0
16
0
0
17
1
20
0
12
20
0
1
21
1
43
0
20
0
17
0
0
14
12
0
14
20
21
0
6
14
17
12
0
0
0
0
0
21
19
0
16
7
8
14
0
0
24
22
0
24
15
21
14
10
17
0
25
16
18
0
12
24
25
19
26
12
0
0
20
23
20
21
19
17
4
0
1
0
17
0
0
27
22
19
0
2
24
28
28
1
1
8
1
23
13
35
0
20
21
0
0
0
0
28
0
21
0
0
19
20
30
17
27
11
0
17
0
25
14
30
0
22
31
0
30
8
1
0
25
21
22
18
0
15
16
0
0
0
22
1
1
18
0
0
7
22
2
24
0
16
22
4
15
0
0
7
21
9
22
18
0
0
16
2
0
13
32
22
0
22
22
19
25
19
16
0
11
23
20
16
39
10
23
0
30
2
0
23
24
17
20
3
0
21
24
2
0
1
0
0
0
0
1
0
2
1
1
0
0
0
0
1
0
1
1
1
0
5
0
0
6
1
0
0
1
0
0
6
0
1
0
1
1
0
0
0
0
1
0
0
4
1
0
2
0
0
0
0
0
0
1
1
0
3
2
0
1
0
0
2
0
2
4
1
0
1
1
0
0
0
1
1
1
0
0
1
10
0
0
0
2
1
5
6
1
1
0
0
4
4
1
0
0
0
1
1
0
1
1
0
0
0
0
0
1
0
0
1
2
2
29
1
0
1
0
0
1
1
0
0
0
1
1
0
0
1
0
3
0
1
0
0
2
0
1
4
1
0
1
0
1
0
0
0
1
0
0
2
5
1
1
1
0
0
1
2
0
2
0
0
7
0
1
3
2
4
1
0
0
3
1
0
27
0
0
0
1
1
0
1
1
0
1
1
1
2
1
1
1
1
0
0
1
0
0
0
0
1
0
1
3
0
3
0
1
0
2
0
0
1
0
0
0
1
1
4
1
0
0
0
3
0
0
1
1
0
3
1
0
0
0
4
3
0
0
0
0
1
0
2
5
1
4
1
4
2
1
0
0
1
0
0
4
0
1
1
1
1
1
1
1
0
0
1
0
2
0
1
2
0
1
2
0
1
0
1
0
0
2
0
1
6
3
1
2
2
0
2
2
4
0
0
2
2
4
0
2
2
0
2
0
4
97
0
2
0
4
2
0
2
0
0
0
4
6
0
2
2
2
2
2
2
2
2
4
2
21
0
2
2
0
4
2
0
6
0
2
6
21
4
2
2
0
2
2
0
0
4
4
4
4
2
0
2
6
2
2
2
0
4
0
0
0
4
0
2
4
2
4
8
2
0
0
2
10
0
2
2
0
2
4
0
0
2
0
2
2
0
0
0
0
4
2
0
6
0
2
2
0
0
0
2
2
4
2
0
10
2
99
2
2
4
2
2
0
0
2
0
0
0
0
4
0
0
2
0
0
0
0
2
0
0
0
35
2
0
0
2
2
2
0
0
0
0
0
6
10
0
0
2
0
2
4
2
2
0
0
2
2
0
2
0
2
0
0
2
0
0
0
2
4
0
0
0
0
0
2
0
0
0
0
4
2
2
8
0
2
0
2
2
0
0
6
2
2
0
0
0
0
2
0
0
2
0
8
4
2
2
4
2
0
0
0
2
2
0
18
6
2
0
0
0
0
0
0
0
0
0
2
4
2
4
2
0
2
2
0
0
0
2
2
4
0
0
2
0
2
2
2
0
2
0
0
4
0
0
2
4
0
0
16
2
2
2
6
76
0
0
2
4
0
0
36
22
13
46
41
38
41
36
47
45
14
27
0
40
20
18
24
35
18
20
42
14
24
25
25
42
39
13
11
55
33
30
36
29
54
60
23
18
56
34
25
34
31
6
35
24
58
57
33
35
83
51
49
41
40
54
43
41
51
46
43
48
36
36
49
44
88
28
42
42
69
35
22
58
33
48
37
43
38
27
74
45
61
75
8
29
44
59
41
42
71
54
48
54
36
45
50
13
37
28
49
52
66
47
33
56
50
37
52
37
58
53
34
50
71
30
52
24
38
51
34
45
80
41
43
64
57
52
47
56
72
27
13
45
46
38
41
38
31
33
18
26
36
27
35
28
35
52
19
22
32
26
40
24
25
29
6
21
70
69
30
24
25
36
74
38
38
38
40
26
36
38
68
26
31
41
55
34
31
28
45
38
66
23
21
23
50
40
28
28
42
32
40
42
34
29
52
22
23
23
27
42
41
32
45
30
42
46
49
52
36
30
57
57
44
33
41
38
33
30
72
43
27
96
55
88
36
36
40
34
45
44
55
33
22
31
30
21
35
22
51
31
20
25
21
53
26
31
30
32
28
31
25
33
36
36
39
26
26
38
28
30
24
39
30
28
33
22
23
10
34
14
50
8
25
20
27
30
24
47
27
25
24
27
27
18
17
26
0
4
7
5
2
7
27
0
2
2
29
6
5
5
2
6
2
2
2
4
6
5
6
6
4
0
4
29
17
4
4
3
2
2
0
5
0
4
4
2
5
7
0
4
7
0
5
4
2
6
4
2
2
2
4
2
3
2
2
2
4
2
3
4
6
2
2
2
5
21
2
5
0
0
4
6
4
4
2
23
3
2
5
5
2
6
7
4
0
2
0
9
3
7
4
0
4
4
5
5
4
4
4
3
4
5
0
5
0
4
0
4
3
2
2
5
2
0
4
4
2
6
5
2
4
4
2
2
4
4
2
6
6
4
9
0
6
6
0
4
2
2
2
4
4
0
4
6
4
2
0
7
2
0
2
5
5
2
2
0
7
6
4
7
6
4
4
2
2
5
4
2
4
4
2
4
7
19
4
4
2
4
4
0
2
4
5
3
13
4
4
6
4
9
6
5
3
2
2
7
4
2
2
4
5
25
0
2
4
2
6
3
7
1
2
2
17
6
7
2
19
0
0
4
0
2
19
2
4
2
7
5
6
2
4
4
2
2
4
5
2
4
2
4
4
5
6
3
9
7
2
4
2
6
5
15
4
0
2
2
0
2
2
2
2
0
25
3
7
2
5
0
7
6
2
4
0
29
3
7
3
4
21
4
0
0
3
2
