14
2
2
0
4
0
0
2
0
0
0
0
0
2
12
6
2
2
12
6
6
0
0
2
0
4
2
10
6
0
0
0
2
4
2
2
4
4
2
2
6
8
8
0
0
0
0
15
2
13
2
2
2
4
4
0
2
6
0
10
0
2
2
0
4
12
4
2
2
2
2
0
2
6
0
0
98
0
0
2
10
0
2
2
6
0
0
4
4
6
0
2
6
0
2
2
0
0
2
0
8
8
0
6
2
8
12
0
2
2
8
2
6
4
0
10
4
6
6
2
99
0
0
4
0
6
2
8
0
4
0
0
4
2
0
4
4
4
0
2
2
2
0
0
0
2
0
2
2
2
0
0
0
6
4
0
0
2
2
12
0
2
0
0
0
6
2
2
6
2
0
4
6
2
0
2
2
10
2
2
2
0
0
0
6
2
2
2
0
4
2
2
0
0
0
0
4
0
0
0
8
8
0
0
0
6
0
10
6
10
0
0
14
6
0
2
4
4
16
0
0
2
4
0
8
2
4
6
4
2
8
2
10
8
2
0
10
0
6
0
2
6
0
2
0
0
2
0
12
6
0
0
16
0
6
2
0
0
0
0
4
0
2
0
0
0
2
2
6
6
0
6
2
4
0
0
0
15
0
0
0
0
0
6
0
0
0
0
0
4
0
2
2
2
2
2
2
2
2
0
2
2
0
2
2
0
0
2
0
2
0
2
2
2
0
2
2
0
0
2
2
2
2
2
4
2
2
0
0
0
2
2
2
2
2
0
2
2
2
2
2
2
2
0
2
2
2
2
2
2
2
0
0
2
2
0
0
2
2
2
2
2
0
0
4
2
4
0
2
2
0
2
2
2
2
4
4
0
0
2
2
2
2
2
2
2
0
0
2
2
2
2
0
2
4
2
2
0
2
2
2
4
2
2
2
4
4
2
2
2
0
2
2
4
2
2
2
2
2
2
2
2
4
0
4
2
2
2
0
0
2
2
2
0
2
0
2
4
2
0
0
2
2
4
2
2
2
2
0
2
2
0
0
2
0
0
2
2
2
2
2
2
2
2
2
0
2
2
2
4
2
4
2
2
2
2
2
2
2
0
0
0
2
0
2
2
0
2
0
4
2
2
0
2
4
2
0
4
2
2
2
2
2
2
0
2
2
0
2
2
2
2
4
2
0
2
0
4
2
2
2
2
2
0
2
2
0
4
2
0
2
2
2
0
2
2
2
4
0
2
2
2
2
0
4
2
0
2
2
2
0
4
2
0
2
2
2
0
2
2
2
4
2
4
2
2
2
2
2
0
4
2
4
2
2
2
7
0
6
4
4
0
46
2
0
4
2
2
2
4
2
0
9
2
2
8
2
6
0
2
6
0
0
6
4
0
4
0
2
6
0
2
2
2
2
2
2
6
2
34
44
4
2
4
5
11
4
61
0
2
9
4
5
2
2
4
2
0
2
11
2
0
6
40
2
2
4
2
2
6
4
4
5
2
4
2
2
2
2
2
2
4
2
4
2
0
2
0
0
2
0
5
4
9
4
4
33
0
2
2
2
0
2
6
0
44
40
0
6
6
4
6
2
4
13
4
2
0
40
2
2
2
2
2
2
2
4
2
0
4
0
4
2
4
6
4
0
2
6
4
0
2
4
4
0
3
2
3
0
11
0
4
0
6
7
4
2
0
0
4
4
6
6
0
3
2
4
8
2
6
8
2
6
2
2
5
2
0
6
6
4
0
2
4
6
3
2
6
2
4
2
4
2
0
2
4
2
39
0
0
2
6
2
2
5
26
2
5
36
31
12
4
4
2
2
34
4
4
8
4
2
6
7
2
13
4
2
5
4
4
2
7
0
2
2
6
2
2
4
0
2
6
39
4
0
8
4
2
4
2
6
2
0
1
2
2
4
2
5
2
0
4
4
5
2
0
0
2
4
12
2
1
0
2
0
6
6
2
0
5
1
0
37
4
6
11
13
5
3
11
9
16
8
9
8
7
7
4
7
2
14
10
9
9
13
12
9
9
4
9
16
7
20
7
3
15
4
5
2
7
13
6
7
4
14
5
9
7
12
9
18
9
14
7
10
6
11
11
3
15
9
4
11
6
11
16
4
11
16
11
9
7
7
16
23
5
7
5
9
17
14
12
12
15
7
9
9
20
11
14
7
14
20
20
17
12
6
5
11
22
18
16
7
18
7
14
17
23
18
15
5
9
15
13
19
28
13
24
21
30
14
7
11
14
19
24
26
20
19
12
18
15
18
16
23
27
13
15
9
18
22
33
20
20
18
24
9
7
11
16
16
16
24
17
15
22
12
7
18
15
18
21
20
29
11
17
23
13
20
31
17
21
30
13
16
27
28
18
25
17
21
23
11
25
17
27
14
33
21
28
21
13
20
14
13
21
28
14
14
24
28
17
18
25
16
16
9
9
11
13
13
9
24
14
28
22
17
11
22
6
12
14
16
14
16
21
16
10
17
17
5
10
19
14
10
9
21
9
21
18
12
10
9
9
9
13
14
7
24
15
11
18
16
11
10
9
8
7
8
7
17
5
10
10
5
13
23
7
14
11
11
28
13
10
13
20
14
18
7
9
6
7
5
10
5
5
14
16
9
12
13
5
0
0
0
0
10
0
8
2
42
5
73
10
0
51
15
10
0
47
0
0
0
0
0
0
0
0
0
0
6
6
5
7
2
6
59
1
8
12
11
5
59
0
8
0
0
0
0
0
0
1
0
0
0
8
5
8
4
6
9
23
4
15
10
36
0
3
17
10
7
14
59
16
0
79
0
0
0
3
0
14
1
52
5
25
8
56
12
12
0
36
0
0
0
0
0
0
0
0
0
0
0
2
7
3
7
6
9
43
3
6
11
51
8
67
0
3
0
0
0
0
0
0
0
0
0
3
0
27
13
10
8
8
7
56
8
66
1
0
9
34
11
0
0
47
0
0
0
0
0
0
8
2
6
0
14
8
8
11
8
11
3
7
60
61
0
11
0
0
0
0
0
0
0
0
9
8
17
0
3
0
5
8
33
5
6
10
18
53
5
0
0
0
0
0
0
0
1
0
0
18
0
5
42
2
9
8
8
7
10
19
5
44
0
0
0
0
0
0
5
0
0
0
0
6
10
3
9
3
2
50
69
19
0
0
0
0
39
9
31
11
46
0
0
0
0
0
0
4
2
9
13
3
11
50
13
13
14
42
9
45
0
2
0
0
0
0
0
0
0
0
0
7
2
5
36
10
9
2
7
57
11
32
0
0
15
5
0
49
0
0
0
0
0
0
0
0
0
0
0
0
0
0
0
0
0
0
0
0
0
0
0
0
0
0
0
0
0
0
0
0
0
0
0
0
0
0
0
0
0
0
0
0
0
0
0
0
0
0
0
0
0
0
0
0
6
0
0
0
0
0
0
0
0
0
0
0
9
5
8
7
7
5
8
7
11
7
9
9
4
11
7
7
11
7
8
9
4
6
8
10
5
8
7
6
7
11
7
8
7
8
12
4
9
7
7
11
13
3
6
4
10
14
8
5
10
7
9
7
19
8
4
6
11
7
11
9
8
8
6
10
5
9
4
19
8
11
4
5
8
8
13
8
3
4
5
9
4
16
7
4
5
4
4
9
10
4
5
6
8
8
8
5
9
11
18
5
8
7
9
11
6
7
9
6
7
23
5
5
4
15
10
8
7
4
12
9
6
4
6
9
14
16
7
12
9
15
31
8
5
4
13
12
10
5
9
11
10
4
5
4
9
5
5
6
5
9
8
6
6
5
10
22
13
6
6
12
9
6
4
6
15
47
10
10
10
11
9
4
7
7
8
9
10
6
6
10
9
7
10
6
6
6
12
9
9
11
8
10
7
7
7
10
19
5
7
6
9
10
9
9
12
6
6
7
12
13
16
6
8
9
8
10
18
5
7
5
0
2
29
2
2
48
4
2
34
3
3
0
2
0
0
33
47
0
2
6
3
2
2
2
7
2
4
2
4
5
4
0
8
2
41
3
2
31
4
4
3
2
2
2
0
0
3
0
2
0
4
30
4
0
2
4
0
0
2
0
2
2
32
2
6
4
2
0
0
0
2
2
6
2
0
2
2
1
2
2
4
2
2
4
31
0
0
5
5
4
1
4
4
4
2
2
0
6
6
2
0
2
3
0
4
2
4
4
0
3
0
36
2
2
26
0
2
2
3
2
4
2
0
0
23
2
4
6
2
1
7
0
2
4
2
2
0
4
0
0
2
2
2
3
10
0
2
1
4
2
36
2
2
2
4
1
6
0
2
2
0
6
2
2
18
0
4
0
4
0
2
2
32
6
2
4
2
4
3
2
25
8
2
39
5
0
2
0
2
4
4
0
4
0
2
2
2
0
6
4
4
4
0
2
4
0
0
4
4
5
2
2
2
0
2
0
2
31
9
6
4
0
2
4
2
2
36
2
15
3
2
0
2
2
7
6
0
40
2
0
0
0
0
14
5
4
4
2
2
4
2
37
10
2
2
0
2
0
4
2
2
2
2
0
0
4
6
2
6
4
2
2
2
0
2
2
0
2
4
4
2
0
56
4
4
0
38
0
19
15
21
29
32
29
11
23
10
10
9
21
6
10
10
22
26
27
8
20
14
21
8
11
14
11
22
20
21
19
17
15
16
6
10
18
15
9
21
30
21
23
20
18
24
7
26
14
20
15
31
41
27
17
23
20
12
12
19
16
19
15
39
17
19
18
15
6
21
9
21
24
17
15
16
20
21
21
11
20
9
8
26
15
18
16
25
20
21
21
13
13
22
18
20
14
13
24
19
25
22
38
16
18
11
23
14
17
12
15
12
19
25
26
15
16
21
18
14
14
22
19
13
21
37
22
16
16
19
14
13
17
12
27
16
23
29
32
9
9
13
24
16
16
22
15
19
14
23
21
16
24
15
11
17
10
15
16
13
37
29
19
20
18
16
12
25
12
17
18
16
25
25
20
26
11
19
14
27
23
13
7
25
14
22
36
25
23
17
8
12
21
21
10
23
28
23
34
21
24
33
22
24
17
20
25
21
38
26
32
23
9
15
24
16
19
16
18
29
35
22
30
13
14
9
16
27
18
13
17
22
31
21
31
26
15
20
18
26
31
27
17
31
23
16
39
14
19
27
29
26
37
37
22
27
22
25
12
37
13
18
8
16
18
29
27
16
20
16
24
28
25
18
10
18
23
26
17
17
37
20
42
34
22
24
32
20
12
22
4
2
47
1
0
2
0
1
35
67
0
36
0
3
35
15
0
2
2
21
13
84
2
0
67
27
0
15
28
2
0
11
2
39
0
36
87
2
28
25
2
2
0
2
0
13
20
5
0
0
2
0
24
37
0
2
0
45
13
5
32
10
17
2
0
22
2
11
10
46
17
76
0
0
2
0
2
84
2
41
96
7
8
2
40
0
0
0
2
2
0
2
2
27
0
0
1
0
31
2
2
2
10
25
31
2
0
8
41
0
0
5
18
0
2
4
0
0
22
52
2
4
75
10
35
2
2
33
2
47
32
4
81
0
0
4
2
0
0
0
0
0
27
2
17
2
0
22
0
0
6
2
0
0
75
2
2
16
0
2
0
1
2
0
0
0
0
2
8
2
0
23
74
2
2
25
25
19
8
44
3
0
4
13
88
0
0
19
0
0
0
0
0
0
0
14
2
6
0
0
0
0
0
2
0
0
2
7
0
0
51
0
2
97
2
2
0
2
0
2
0
0
2
0
0
36
7
0
30
9
0
22
24
0
2
3
0
0
20
3
28
2
0
2
2
0
41
2
0
26
0
29
32
0
4
0
0
14
11
0
0
23
17
2
3
22
2
0
2
0
25
20
19
0
0
0
26
2
13
10
0
8
0
14
2
0
0
3
9
53
5
5
7
9
9
3
1
3
9
3
7
5
5
5
41
31
3
7
19
7
5
7
3
7
3
5
3
5
11
11
80
1
5
5
15
7
28
5
9
3
5
3
3
3
11
3
3
3
1
3
3
7
37
7
17
5
3
5
17
3
7
3
5
5
1
1
45
3
3
3
3
5
41
1
36
3
5
7
26
9
5
67
22
7
44
48
5
45
7
3
5
1
9
5
1
3
11
7
7
3
22
9
9
11
5
3
3
3
42
44
7
7
37
5
21
7
55
7
7
5
3
3
35
7
1
55
7
22
3
49
7
9
9
7
11
5
7
55
9
11
5
7
3
3
9
30
9
1
59
11
11
5
3
9
55
7
11
5
5
3
13
9
11
5
15
5
3
7
29
15
5
3
9
9
5
5
7
66
7
5
5
41
28
5
5
51
29
5
47
3
41
13
5
7
7
11
5
45
5
78
7
35
34
5
84
18
16
15
5
13
15
9
11
41
19
14
15
17
9
20
11
17
18
39
15
7
26
18
63
15
24
9
22
24
9
18
20
19
11
9
16
17
15
17
9
9
9
19
19
13
15
9
25
15
19
7
11
15
3
30
11
9
7
43
9
5
18
14
18
13
17
20
26
9
24
18
22
13
16
26
14
19
17
15
11
