0
2
5
17
2
10
31
4
4
59
7
2
2
2
5
53
2
0
6
2
2
4
4
0
0
2
6
7
0
4
4
15
0
10
15
2
2
2
0
2
4
2
0
3
55
9
0
0
47
0
0
2
0
4
69
2
2
10
0
0
6
14
5
0
0
62
9
9
2
2
6
6
20
4
0
10
6
3
0
58
2
2
10
9
0
7
2
4
53
0
0
23
2
5
2
0
15
2
4
2
4
2
8
4
14
4
41
4
7
47
0
4
43
6
0
52
10
4
57
2
22
7
2
7
4
10
39
6
4
60
7
2
54
4
5
10
8
2
58
2
6
46
2
2
6
2
6
6
0
87
2
0
2
39
8
0
51
0
2
88
0
2
48
6
2
89
0
4
6
24
2
2
2
5
74
4
8
44
2
22
48
0
3
2
4
5
6
5
5
90
4
4
9
63
3
0
0
5
3
36
2
2
31
2
6
4
4
2
47
11
0
56
0
3
33
2
5
6
4
2
6
48
2
0
7
0
0
84
2
8
0
6
2
0
3
4
6
4
4
0
4
6
2
2
50
2
4
5
2
0
49
2
2
0
7
2
16
5
0
4
2
2
82
0
2
78
2
2
6
2
2
4
0
0
56
0
6
12
2
7
5
53
0
0
58
7
2
4
2
0
2
2
0
0
0
0
4
0
0
2
2
0
0
0
0
2
0
2
2
0
2
0
0
0
4
6
2
0
2
2
0
0
2
2
2
2
2
0
0
2
0
2
0
8
2
0
2
0
4
0
2
0
0
0
2
2
4
2
2
0
2
0
0
4
2
2
2
0
2
4
6
0
2
0
0
0
0
0
2
2
2
0
0
0
4
0
0
4
0
0
4
0
0
0
2
0
2
4
2
2
0
0
0
0
0
2
0
4
0
0
0
2
2
0
0
0
2
0
4
2
0
4
0
0
0
0
0
2
0
2
0
0
0
2
0
2
0
2
2
2
2
0
2
6
0
0
2
2
0
4
0
2
0
2
2
2
0
0
0
2
2
0
2
0
0
2
2
6
2
2
0
0
2
2
2
2
0
2
2
2
2
0
2
2
2
2
2
0
0
4
0
2
2
2
0
0
2
2
2
0
0
2
2
2
2
2
2
2
2
0
2
0
4
2
0
0
2
2
2
6
4
2
6
0
2
0
4
71
2
2
0
6
0
2
0
0
0
0
0
0
0
0
2
0
0
0
2
0
2
0
0
0
0
2
0
2
0
2
2
4
0
0
2
2
2
0
0
0
4
2
2
0
2
0
0
0
0
2
0
0
2
2
0
0
2
0
12
4
8
29
12
13
6
6
12
12
10
15
4
6
6
14
12
8
12
6
16
10
6
4
8
13
10
8
10
6
6
4
13
8
12
6
8
21
6
6
16
6
6
10
6
4
19
10
10
6
6
8
10
4
2
4
10
10
4
10
12
6
4
10
6
8
8
8
6
4
4
6
6
8
10
2
6
8
14
6
6
13
10
6
6
4
12
33
8
6
7
6
4
17
6
12
29
6
8
6
2
15
8
12
16
10
16
6
10
4
6
14
4
21
8
18
14
6
6
14
12
14
17
8
4
6
6
12
8
2
8
4
4
11
12
10
6
4
4
10
16
6
8
10
4
12
6
6
8
16
6
5
8
10
4
8
10
4
20
6
14
8
4
17
6
8
10
6
2
6
8
6
6
16
10
12
12
12
10
2
12
4
10
19
2
10
8
31
12
8
6
4
4
6
16
4
14
14
14
12
4
6
10
4
8
12
6
6
4
4
6
4
4
6
8
6
10
10
6
6
6
2
2
4
15
14
10
2
6
8
6
4
0
6
10
6
8
0
8
6
2
8
6
4
8
8
4
6
8
6
4
2
6
2
6
2
4
4
4
4
2
0
2
4
2
2
0
4
0
0
0
4
4
0
2
0
0
4
0
4
6
0
0
2
2
0
0
0
8
2
0
8
8
0
15
2
2
2
2
4
2
4
0
2
8
4
4
4
0
2
2
2
0
0
0
2
4
0
2
4
2
4
6
6
0
6
0
2
0
2
6
13
0
2
4
2
2
6
2
2
2
2
6
2
0
2
4
4
4
0
4
0
6
0
0
2
2
4
2
2
2
4
4
0
16
2
6
0
4
4
0
4
4
0
8
0
2
4
0
0
4
0
2
4
4
4
2
2
4
6
2
4
4
8
4
4
4
4
2
6
2
4
6
13
7
6
4
2
0
2
2
0
2
4
6
0
2
6
4
2
2
18
2
2
2
4
6
2
2
4
0
2
0
0
4
2
6
4
2
4
2
0
6
2
4
17
0
2
11
2
6
2
4
8
2
0
4
0
0
2
2
2
13
2
4
4
4
0
2
0
2
13
0
0
2
3
0
4
0
8
2
4
2
4
6
0
8
0
4
0
2
19
2
2
8
15
2
2
4
0
0
4
2
2
0
2
0
15
0
0
2
0
7
15
2
10
2
6
6
4
4
2
4
4
2
0
6
0
0
2
2
0
2
2
6
2
6
4
2
4
15
4
4
8
2
4
0
2
4
0
2
2
0
0
2
4
2
8
2
2
6
15
15
0
8
8
0
6
2
0
2
2
6
2
0
4
8
15
11
10
8
15
4
10
4
12
4
8
10
10
2
8
8
8
6
12
8
12
10
10
4
10
4
6
6
44
17
19
8
4
15
10
10
6
6
12
2
10
4
4
10
14
6
6
12
12
8
6
8
8
8
13
48
8
12
31
10
6
12
12
8
8
13
6
6
15
10
6
6
17
12
6
6
8
6
8
10
10
8
8
11
17
6
13
8
4
15
4
8
12
12
19
15
13
8
10
10
6
10
17
6
13
17
12
23
15
6
12
10
23
19
10
10
12
12
15
19
23
19
25
23
27
17
12
17
12
10
50
15
21
17
10
21
12
12
12
13
10
8
15
15
19
13
8
23
8
8
21
12
17
17
21
10
29
19
12
23
12
33
10
19
21
19
8
27
15
13
8
12
12
23
8
12
10
12
25
8
8
25
19
21
19
15
25
6
10
15
19
12
21
21
19
13
12
13
17
10
23
15
25
6
10
8
17
13
8
15
13
4
13
25
10
19
13
25
8
19
13
13
12
23
10
12
6
10
10
6
4
6
6
6
12
8
8
8
8
8
10
12
10
8
6
19
37
27
6
6
15
10
10
15
10
11
8
8
10
6
13
12
12
15
10
10
8
12
8
17
8
8
12
10
10
10
19
13
15
13
6
13
8
10
10
10
10
2
3
1
21
5
3
2
2
4
38
2
15
0
6
0
1
2
5
5
4
20
3
2
5
2
1
1
2
8
12
5
5
2
2
9
5
7
6
26
13
3
59
5
9
8
4
8
3
7
6
2
17
5
7
5
6
7
11
4
6
7
7
7
5
12
4
3
7
25
5
6
7
9
6
5
26
4
7
3
5
39
5
7
10
10
4
5
6
5
4
5
5
4
5
8
5
7
8
32
6
3
9
4
8
3
5
5
5
10
5
5
4
6
7
6
4
6
8
7
3
10
4
7
4
4
9
5
6
8
24
4
5
7
7
5
4
19
5
8
10
9
5
4
2
5
4
36
5
4
5
5
5
5
7
5
3
3
7
3
6
5
5
4
7
7
7
4
8
10
7
34
2
5
6
2
4
4
8
5
2
3
7
5
2
3
5
5
4
7
78
4
3
43
3
8
43
5
8
6
54
9
4
4
2
3
5
2
4
5
33
6
7
5
58
7
5
5
9
3
7
7
7
25
5
4
6
8
3
8
2
6
5
31
3
4
65
11
4
5
3
5
4
5
7
5
8
3
7
5
10
3
6
3
13
3
9
6
5
35
5
26
2
5
7
33
5
3
4
5
2
9
4
9
7
2
3
0
4
4
9
5
7
5
6
10
1
5
3
17
17
38
6
5
26
4
8
32
7
8
4
8
40
24
7
4
36
16
37
0
24
6
6
49
26
33
16
5
2
26
6
42
39
2
4
13
9
33
32
25
6
8
6
4
9
31
4
6
9
36
5
7
6
5
15
28
48
6
8
0
17
5
13
5
6
36
6
2
9
6
0
26
22
30
6
45
38
7
32
4
9
31
4
40
24
19
29
29
5
38
13
4
6
30
5
56
38
2
4
2
32
5
39
35
2
6
25
7
2
2
3
9
9
36
6
5
33
11
6
29
9
25
24
42
7
37
27
4
4
3
33
5
39
39
28
16
2
6
6
37
4
38
18
25
33
18
15
25
28
5
4
9
32
4
5
27
4
7
7
37
5
6
41
10
8
9
5
4
6
30
7
4
10
8
8
11
18
4
4
31
2
9
30
31
33
7
41
8
54
4
2
7
37
9
6
29
3
11
6
7
6
7
36
29
29
22
3
4
2
4
2
6
28
5
6
15
17
27
30
0
10
38
6
5
4
4
20
31
20
2
8
38
5
7
34
4
6
25
2
2
17
2
5
28
30
5
2
4
9
9
2
4
9
20
20
6
26
4
2
6
7
4
10
46
21
2
21
2
6
45
6
4
4
34
2
2
26
23
4
33
4
4
6
37
3
3
8
45
10
7
36
21
9
7
15
21
11
11
33
4
13
15
17
13
4
12
4
11
10
5
6
13
13
16
17
4
24
19
58
0
22
2
35
9
21
7
13
13
20
17
11
17
9
9
19
21
11
11
24
25
18
11
12
13
14
21
7
18
9
8
16
44
12
33
15
18
13
25
13
18
19
21
22
13
19
21
19
16
11
11
26
17
15
28
4
8
9
6
5
9
20
20
11
18
20
13
14
14
23
13
15
7
6
7
9
7
26
20
7
9
6
17
7
11
23
11
41
21
11
10
9
11
27
15
13
34
11
6
26
8
8
13
15
11
29
33
17
13
11
23
9
13
19
27
5
17
21
9
13
19
19
13
9
37
38
34
40
30
34
21
48
15
19
20
24
19
45
39
15
14
26
11
42
39
34
21
30
44
39
37
18
46
33
23
28
13
17
25
30
11
43
30
22
13
29
19
17
25
15
27
21
36
10
15
26
15
17
17
15
21
21
15
9
36
23
15
9
15
29
19
11
17
26
18
25
10
17
22
11
44
24
28
21
36
12
6
22
19
24
41
11
16
21
19
11
13
15
13
10
12
15
25
17
15
17
28
11
13
19
6
11
15
11
21
8
17
9
11
4
11
13
7
9
26
8
13
13
6
16
15
21
9
33
11
11
3
1
2
1
3
2
3
5
3
7
3
1
2
3
3
3
3
2
1
11
9
2
3
3
0
3
2
1
2
0
2
1
3
2
1
3
3
3
5
13
2
9
3
2
2
3
3
3
2
3
2
0
5
5
5
3
2
3
2
5
5
5
2
3
0
0
3
2
3
3
11
2
3
3
3
7
17
2
3
2
2
5
3
7
2
5
11
9
5
3
2
2
3
1
3
0
2
3
3
9
3
2
2
5
3
1
2
3
2
2
15
0
3
3
2
5
2
2
2
15
5
3
5
3
3
2
3
5
3
1
5
3
7
3
2
3
3
5
2
3
5
2
0
5
0
2
3
0
3
3
2
3
3
5
0
3
5
5
1
0
13
3
1
3
2
3
3
9
5
7
5
5
5
3
3
3
3
3
13
1
7
1
3
1
5
2
3
3
3
1
3
3
0
3
1
3
3
2
3
3
1
11
5
3
2
2
3
2
3
9
3
3
0
3
1
3
3
5
3
3
1
0
1
5
2
5
2
1
2
2
9
11
2
1
11
0
0
2
5
3
9
3
3
1
3
1
1
0
1
3
3
11
3
2
5
3
5
3
1
1
5
5
5
7
11
0
2
3
5
3
0
1
11
3
2
1
1
3
2
2
3
3
3
5
5
5
3
2
0
0
0
0
0
0
0
0
0
0
0
0
0
0
0
0
0
0
0
0
0
0
0
0
0
0
0
0
0
0
0
0
0
0
0
0
0
0
0
0
0
0
0
0
0
0
0
0
0
0
0
0
0
0
0
0
0
0
0
0
0
0
0
0
0
0
0
2
2
4
0
4
6
0
0
7
5
4
3
9
4
2
6
9
5
2
2
2
19
6
50
2
4
2
4
2
9
0
2
3
3
2
2
4
0
2
0
4
2
0
0
2
5
0
7
4
6
7
4
2
3
2
2
5
2
2
0
4
4
0
2
2
4
6
6
0
3
2
0
15
2
4
0
4
3
2
0
0
0
4
4
8
4
2
0
2
2
0
2
6
0
0
4
0
8
0
2
24
0
2
0
4
8
10
17
2
0
4
0
2
0
0
0
8
2
4
5
0
4
27
6
4
4
0
2
0
7
9
2
3
2
2
4
2
8
7
9
2
3
2
8
2
0
2
6
37
24
6
2
56
5
25
2
15
0
6
4
6
4
6
6
13
20
42
8
2
4
4
2
9
12
17
4
0
3
17
14
38
4
2
2
4
8
3
3
6
3
2
61
2
0
12
11
9
7
28
5
3
5
5
18
11
2
11
4
11
7
7
6
9
6
7
6
9
4
2
6
4
