2
0
2
6
2
4
0
0
8
2
4
2
4
2
2
2
4
50
0
4
4
6
10
2
2
32
0
4
13
2
4
5
2
2
0
8
4
2
2
2
4
0
4
4
0
2
0
2
6
6
2
4
2
2
0
2
2
9
4
2
6
0
51
5
4
6
2
4
6
4
2
2
3
0
2
40
6
2
4
2
2
2
9
4
4
6
4
2
2
9
2
2
4
4
2
3
2
4
4
8
4
4
34
2
2
2
1
2
4
6
2
2
2
4
0
39
2
2
10
6
4
5
2
4
0
44
4
6
4
2
2
2
2
2
2
49
4
4
4
19
0
4
2
4
4
0
6
2
3
6
4
44
2
2
6
0
15
4
4
2
4
4
2
1
4
4
0
39
0
0
6
6
4
0
43
0
0
0
2
2
2
2
7
11
8
2
2
2
6
4
0
2
4
39
4
2
7
4
2
2
42
57
2
2
12
8
4
37
4
4
2
37
2
0
4
5
4
4
0
4
31
6
4
5
2
5
0
2
7
2
6
8
11
53
4
2
2
52
2
0
4
4
0
2
6
4
2
0
4
0
2
4
4
0
4
33
0
0
5
4
2
2
4
6
6
4
10
11
4
4
2
64
5
3
37
2
10
4
2
4
2
4
5
4
2
0
4
5
4
0
2
0
0
6
6
0
0
6
2
20
2
2
0
6
4
14
6
0
8
4
2
4
4
8
0
4
8
6
12
0
4
8
6
4
6
0
6
6
2
2
2
0
0
8
10
4
2
6
12
6
6
8
6
4
2
12
8
4
2
10
0
6
10
2
8
0
4
2
0
0
8
2
8
2
4
0
6
0
6
8
6
0
0
2
10
0
0
4
8
0
8
0
2
6
2
4
4
0
8
2
4
18
8
6
6
4
0
8
0
0
8
0
2
0
6
0
4
0
2
4
6
4
0
0
0
2
6
6
6
0
6
4
2
14
0
2
0
6
8
2
2
0
4
8
8
15
0
6
4
4
2
0
0
0
0
6
2
8
0
4
2
4
4
0
6
0
0
6
0
0
0
8
8
0
0
0
0
6
10
10
4
2
0
0
0
4
4
0
0
2
2
6
6
4
2
4
0
4
6
0
2
2
0
4
0
2
6
4
2
0
4
6
2
6
2
4
4
4
6
6
10
2
0
2
0
6
2
8
2
2
0
6
4
2
0
0
0
2
0
6
2
2
0
4
6
0
0
2
6
4
2
6
0
0
8
0
0
2
2
0
6
6
2
8
4
0
10
16
2
2
0
2
10
6
4
0
6
6
10
8
4
10
98
0
6
6
2
2
4
6
2
3
2
2
2
0
4
4
12
2
46
4
4
6
2
13
2
2
2
4
2
2
2
2
4
2
4
2
4
2
2
0
0
2
2
2
4
4
4
4
0
4
0
6
0
2
0
38
6
2
2
4
4
2
2
4
12
32
0
2
0
0
2
2
0
0
2
2
4
2
4
2
31
2
2
4
4
2
0
2
2
2
0
48
0
4
4
0
4
4
2
4
2
2
6
2
2
29
2
28
33
2
4
2
43
0
0
4
4
26
4
4
2
39
4
2
18
2
8
0
4
4
37
4
0
2
0
2
0
4
4
0
35
4
4
2
2
2
2
11
6
4
2
2
0
2
3
4
4
2
0
31
2
4
31
2
27
2
0
13
2
0
6
0
2
2
0
6
4
0
2
0
0
0
25
4
28
2
2
30
2
8
4
2
0
2
2
2
6
44
4
4
4
9
2
4
2
0
8
4
6
20
0
42
13
8
4
6
4
4
6
4
8
4
8
4
4
0
4
2
2
2
2
2
4
2
2
2
2
2
4
2
21
4
4
2
2
6
2
0
2
4
2
2
2
4
0
37
4
8
0
42
2
4
4
2
2
4
8
0
2
0
0
0
0
0
0
0
0
0
0
0
0
0
0
0
0
0
0
0
0
0
0
0
7
9
9
3
7
6
13
6
9
5
9
10
8
6
13
7
3
5
7
8
5
4
6
7
3
8
7
5
9
5
3
4
3
5
6
3
8
6
7
10
1
17
4
8
8
5
10
7
6
11
10
6
4
7
3
8
3
6
13
3
5
4
5
5
8
4
5
9
5
7
7
9
5
13
6
5
7
9
3
6
7
4
13
13
7
6
9
8
8
3
7
2
3
9
11
9
4
3
6
7
1
4
3
10
5
4
8
8
5
8
6
5
5
4
6
6
5
5
3
10
6
5
8
4
1
4
7
2
3
4
11
8
4
5
8
8
7
7
5
3
7
1
8
10
3
9
6
6
17
3
5
5
3
7
9
3
5
4
3
6
4
5
5
6
6
2
6
3
7
7
5
8
4
3
4
4
7
7
5
6
3
7
3
4
12
5
4
4
2
6
5
6
3
8
3
6
4
8
6
10
4
4
6
5
15
3
2
4
8
10
10
2
5
4
5
6
8
5
5
3
4
5
7
2
6
6
4
4
5
4
6
7
6
6
7
5
7
2
4
5
9
8
2
4
5
2
5
6
3
5
5
2
2
7
4
6
5
5
5
7
5
7
6
4
10
6
7
7
1
5
4
4
7
7
6
2
5
11
5
7
5
4
4
11
13
6
4
5
2
0
0
2
0
0
0
0
2
0
1
0
2
0
0
0
0
2
2
2
2
0
0
0
0
2
2
2
0
2
0
0
2
0
2
4
2
1
0
2
2
2
0
2
2
1
2
0
2
5
2
2
1
2
2
3
2
0
0
3
2
2
0
1
0
3
0
0
0
0
1
0
2
1
0
0
0
0
0
0
0
2
0
0
0
0
0
2
2
3
2
2
0
0
0
2
2
0
2
2
2
2
0
2
2
1
0
0
0
2
0
2
2
2
0
2
0
2
2
1
0
2
2
2
0
0
0
2
0
2
0
0
0
0
0
0
1
1
0
0
2
1
0
0
2
0
2
2
2
0
0
0
1
0
2
2
2
2
2
0
0
2
2
0
0
0
0
2
0
0
0
3
2
0
2
0
2
2
0
0
0
2
0
0
2
0
2
2
0
2
2
5
2
0
2
3
1
2
0
0
3
0
2
0
2
0
2
2
1
3
2
2
0
0
0
0
2
0
0
2
0
2
2
0
2
2
2
1
0
2
0
0
0
2
2
2
0
2
2
0
2
2
2
2
2
0
2
2
2
2
0
0
1
0
2
0
2
0
0
0
2
0
3
0
0
2
2
1
1
0
2
2
2
0
1
0
1
2
0
0
2
0
0
2
0
0
0
2
3
2
1
7
0
1
3
3
5
3
13
5
5
1
3
3
5
5
3
2
5
2
1
5
1
2
2
2
1
3
3
5
5
3
0
2
1
3
3
3
0
3
15
2
3
15
3
11
3
5
3
3
7
2
2
3
3
3
3
3
2
2
2
0
3
15
2
3
3
2
5
3
2
3
1
1
3
3
2
1
5
3
13
2
3
2
5
1
2
1
3
1
2
1
2
2
7
3
3
0
2
2
2
3
5
2
5
0
3
0
3
3
3
1
2
13
3
3
0
2
2
3
3
2
2
3
2
5
9
3
2
2
5
3
5
3
3
3
1
3
2
11
3
2
3
2
3
2
5
2
5
13
3
3
5
3
3
5
13
2
3
3
2
3
2
1
2
3
3
2
3
5
5
3
2
1
1
0
2
5
3
2
2
7
7
3
0
5
2
0
2
2
2
5
2
3
5
1
2
3
5
3
3
1
2
2
3
11
2
1
0
2
2
2
5
0
5
5
2
2
2
5
5
3
3
0
7
3
2
3
3
5
2
3
2
2
1
5
2
5
13
5
3
9
15
2
3
2
1
3
7
2
3
2
1
5
9
2
2
2
3
5
0
5
7
3
3
3
2
2
2
2
11
2
3
3
1
2
3
5
9
3
3
3
5
0
3
3
0
2
4
0
4
2
4
2
4
2
2
6
0
2
2
4
0
6
2
2
0
4
2
4
2
0
0
2
0
8
4
0
2
2
2
0
33
0
0
2
4
2
2
2
0
0
0
0
0
2
0
4
2
0
2
8
0
2
2
4
2
0
2
0
0
0
0
0
2
2
2
2
0
0
0
0
2
0
0
0
0
2
0
0
2
0
0
2
0
6
0
0
0
0
0
0
0
6
0
4
6
0
0
0
4
2
2
0
0
2
0
2
0
0
0
0
0
0
4
4
0
2
0
0
8
0
6
0
0
0
0
6
0
4
0
2
2
4
0
2
0
2
4
2
2
2
8
6
2
6
0
6
2
4
2
2
2
2
0
2
0
4
2
4
0
0
4
4
0
6
2
0
6
8
4
0
2
2
2
6
2
2
0
4
0
6
4
6
2
4
8
4
0
0
6
2
0
0
2
6
2
4
0
4
0
0
0
2
0
6
2
4
2
0
2
0
2
4
2
0
0
2
2
2
4
2
4
2
4
2
4
0
2
2
4
4
2
6
2
0
0
4
0
2
2
0
2
0
6
4
2
2
0
2
2
2
6
0
6
4
0
0
4
0
8
2
4
0
4
6
4
2
2
2
4
2
0
4
2
2
2
0
2
2
6
4
4
0
40
34
21
45
47
44
40
23
50
36
27
7
12
12
22
21
18
16
45
28
21
37
19
33
36
35
9
48
19
48
40
43
38
51
15
55
32
37
33
36
25
27
51
33
55
55
29
29
68
25
17
11
48
66
38
33
26
24
41
47
29
30
50
44
77
30
45
29
44
48
42
23
52
44
41
52
38
54
25
31
6
35
65
31
40
30
27
30
51
57
38
57
66
60
48
57
41
36
40
49
64
74
59
48
76
53
69
54
49
32
35
61
72
57
65
50
52
43
72
34
44
49
41
55
27
46
61
36
56
51
49
46
32
70
61
40
40
38
36
37
52
52
56
31
36
48
35
48
36
43
54
70
56
33
35
44
34
60
40
46
50
47
50
62
43
56
38
45
47
59
60
64
54
52
40
54
69
53
34
27
35
36
38
36
55
59
38
40
44
38
44
37
59
66
43
42
46
53
54
68
28
57
43
45
66
21
42
55
53
33
18
52
72
33
52
22
69
65
51
42
52
51
49
47
20
46
34
19
33
64
40
24
27
27
65
33
50
51
26
57
34
40
20
38
33
59
41
41
22
46
41
40
38
40
53
35
31
32
36
42
23
60
41
37
80
24
20
37
18
25
34
35
11
28
25
31
60
42
37
30
33
21
34
40
19
19
18
20
4
7
55
5
2
7
4
0
43
52
7
21
6
4
37
19
7
7
9
11
6
6
4
5
78
2
31
2
7
5
37
4
7
6
25
11
9
4
15
5
5
9
9
49
6
3
4
7
7
13
7
17
2
25
6
0
7
2
3
4
29
17
7
19
0
0
9
60
9
39
9
2
7
5
0
5
0
27
7
3
5
9
2
0
9
5
7
4
5
31
0
23
5
7
2
3
2
7
3
6
5
5
4
4
6
7
2
0
17
4
0
3
2
2
37
6
2
6
33
4
0
0
11
5
45
4
4
3
3
7
5
2
2
5
43
0
63
7
37
5
3
2
5
11
9
2
5
13
11
5
60
5
9
5
4
4
5
31
7
3
7
9
2
3
5
5
9
4
4
5
2
0
4
4
5
5
11
4
7
2
2
6
2
9
9
11
4
3
6
13
2
11
11
6
53
9
5
9
9
9
2
5
5
5
2
0
13
7
5
5
4
4
11
2
7
9
2
7
7
3
6
5
5
5
3
4
9
5
5
11
7
11
2
5
11
58
21
4
7
11
3
5
5
5
4
11
3
7
9
5
5
5
2
7
3
0
15
7
13
7
4
0
53
2
5
7
4
7
9
9
9
3
68
4
2
4
4
4
3
3
6
9
13
5
7
7
5
7
26
13
37
0
10
14
1
26
22
19
59
0
26
13
0
2
20
0
0
28
15
20
0
19
31
17
0
0
22
0
0
27
1
16
19
0
21
19
1
22
35
0
15
0
0
0
0
28
5
21
21
0
32
0
25
23
0
22
17
0
18
20
23
0
0
1
18
0
27
0
50
17
13
17
0
1
4
0
15
2
34
20
0
10
35
18
0
0
1
0
15
21
21
1
0
22
16
19
0
23
14
0
0
18
22
19
2
17
12
1
0
6
16
0
14
22
0
14
0
4
19
23
0
3
0
13
3
0
0
26
35
30
1
16
18
0
1
0
0
0
2
19
16
0
25
0
3
20
0
24
0
0
0
19
23
0
14
23
19
0
19
13
0
0
26
24
18
14
2
22
0
0
14
15
0
2
23
27
0
0
21
16
22
2
8
13
0
31
21
18
0
23
22
16
0
25
0
18
0
24
0
20
0
19
17
18
0
25
4
1
13
18
0
6
0
7
20
22
0
0
23
12
0
14
1
2
23
31
10
18
1
33
0
1
0
1
20
2
9
0
2
1
1
1
2
1
17
0
17
31
0
0
19
0
0
0
0
0
0
1
0
17
0
0
0
25
0
5
0
0
0
1
0
0
0
11
0
0
5
2
12
0
1
25
17
0
17
2
