2
1
5
7
0
2
0
2
2
5
7
2
0
2
95
7
0
5
0
0
0
0
2
0
0
0
2
9
1
0
2
1
0
2
3
0
0
0
7
4
9
0
0
0
9
0
0
0
0
0
5
0
5
0
0
0
2
0
0
2
0
2
0
4
0
1
2
0
0
0
0
10
0
11
0
0
0
0
2
5
1
0
0
1
5
5
0
1
1
0
0
5
5
0
2
5
0
5
0
91
0
2
0
2
0
9
0
7
2
0
0
2
0
2
7
0
0
2
0
0
7
7
3
1
0
0
1
0
0
0
0
0
9
1
0
2
2
0
0
0
1
0
1
3
0
0
0
0
1
9
0
0
0
2
3
7
0
0
0
0
1
0
2
4
2
2
1
0
3
9
2
0
0
7
95
0
0
5
1
1
2
1
1
0
7
7
0
1
0
0
9
0
7
0
0
0
9
0
7
0
0
0
0
0
2
2
0
0
7
5
0
2
0
5
0
0
0
0
4
2
2
0
0
5
2
7
0
0
0
9
0
9
2
0
3
1
0
7
0
0
1
0
0
7
0
0
0
5
0
5
5
2
2
2
0
2
0
2
5
0
3
5
0
0
0
0
5
1
2
7
2
2
5
5
0
3
0
0
11
5
0
0
0
0
7
7
2
0
8
3
0
5
1
3
3
1
0
3
3
9
9
5
1
3
5
8
3
9
1
1
1
5
3
11
3
1
1
1
3
9
5
1
3
3
0
3
3
3
3
1
1
3
3
3
3
3
3
1
3
0
7
5
0
1
5
7
1
3
5
1
3
3
1
1
3
1
1
1
0
1
3
1
3
3
3
1
3
0
1
1
3
0
1
0
1
5
1
1
3
1
8
3
3
3
3
1
3
3
1
1
3
3
3
9
1
1
6
3
1
3
1
3
3
8
1
3
3
3
3
5
1
3
1
1
3
1
3
1
3
1
3
1
3
3
1
7
9
1
1
1
1
1
7
13
3
9
3
5
7
3
7
1
11
3
5
3
1
3
1
3
3
1
3
3
1
9
3
3
1
1
7
3
3
3
1
0
9
3
5
3
7
7
3
1
3
7
1
3
3
1
3
3
3
5
5
3
1
3
3
3
3
5
5
1
3
5
1
1
7
1
1
1
3
1
7
1
1
1
1
1
1
3
3
3
3
3
1
3
3
3
5
3
3
3
1
5
3
1
9
7
3
3
3
1
3
1
1
1
3
1
1
0
3
1
3
1
1
7
3
1
1
1
3
3
9
1
1
3
1
3
7
5
1
5
3
3
5
7
5
1
3
3
1
3
3
3
1
5
75
6
7
0
11
5
5
0
3
3
10
5
3
0
3
5
1
3
1
3
3
12
7
1
11
3
0
1
3
9
0
1
1
1
5
1
7
0
7
5
1
1
6
3
0
3
5
0
12
1
9
9
1
7
3
3
1
9
5
0
0
1
3
5
1
3
3
1
9
34
3
0
3
0
1
0
0
0
1
1
0
0
3
0
1
5
5
1
7
1
1
0
5
97
1
1
0
0
5
5
0
63
0
1
5
1
85
0
9
3
0
5
9
1
8
3
1
3
3
5
1
1
3
0
3
3
1
7
7
1
5
3
1
1
0
0
1
1
1
1
9
3
1
5
3
3
1
1
1
3
19
1
3
7
1
9
3
11
1
3
94
3
1
1
1
3
13
1
3
3
1
7
69
0
1
54
1
5
3
1
0
3
1
7
3
3
1
5
11
5
3
0
7
5
1
5
3
9
0
10
0
7
0
1
7
1
3
0
0
3
5
0
4
3
0
28
1
1
8
1
0
1
0
9
1
7
5
1
0
1
3
1
7
7
3
3
1
7
13
5
5
1
1
3
1
1
3
3
7
3
0
5
3
9
1
0
3
3
3
11
5
0
11
7
0
3
5
0
3
7
1
0
1
5
3
0
1
1
7
5
7
3
9
5
5
5
9
6
5
5
7
12
7
17
9
4
9
9
10
9
5
16
13
3
9
9
14
5
9
9
11
9
7
9
14
9
7
11
10
13
10
5
5
5
11
7
9
9
11
3
5
13
9
5
7
15
13
7
9
13
5
3
7
12
9
9
7
11
7
13
11
12
13
9
10
16
12
3
7
9
9
5
10
12
16
13
11
9
13
12
11
20
12
13
14
9
15
11
9
9
13
14
9
9
13
17
11
10
9
7
7
12
9
9
14
10
7
11
9
7
13
7
11
9
14
7
3
5
9
9
8
9
7
9
5
13
7
9
7
7
7
18
12
18
7
11
7
9
7
3
7
11
9
16
5
9
11
15
14
7
13
7
4
9
13
9
11
12
7
16
12
13
7
9
13
17
9
11
7
9
7
12
9
7
9
5
11
8
10
7
11
12
8
7
9
9
7
7
12
16
7
9
13
10
9
10
9
12
9
10
7
10
5
9
9
13
13
9
7
10
9
10
11
8
9
7
3
13
12
7
14
10
9
10
12
16
14
19
12
7
16
9
12
14
15
7
10
16
11
14
8
11
7
7
9
11
9
11
11
7
16
7
9
5
7
9
18
9
7
5
9
9
10
9
9
3
10
11
7
10
11
1
15
10
10
13
7
3
7
12
7
9
14
5
88
92
73
97
92
89
92
92
53
92
92
94
91
80
84
90
80
96
92
89
92
92
92
92
80
90
92
75
93
94
93
74
69
90
95
87
70
73
76
92
87
90
90
84
61
90
88
91
75
94
59
93
76
94
87
87
79
61
94
39
91
94
98
97
94
92
95
93
94
92
91
89
58
70
89
92
94
91
42
92
88
92
96
93
92
95
93
92
93
91
95
95
95
89
94
96
72
90
96
91
67
82
95
58
91
86
85
63
87
91
93
86
94
95
88
79
95
96
96
92
93
86
86
89
67
89
90
92
87
96
38
66
96
95
95
92
94
93
94
94
93
96
60
90
94
80
96
85
94
95
94
94
96
80
92
94
81
92
63
60
71
48
90
92
72
94
88
95
94
93
82
75
94
91
83
85
94
45
94
90
88
74
89
82
95
86
92
69
95
96
90
93
94
84
90
92
78
94
92
66
85
54
52
77
67
67
83
72
96
90
44
81
92
94
90
80
94
79
95
67
90
90
85
75
94
95
95
96
95
83
95
94
87
73
62
69
91
75
89
69
73
89
96
87
97
73
96
96
94
61
94
84
81
78
93
89
69
71
79
69
92
76
91
85
89
82
46
80
93
68
90
71
69
91
70
96
95
92
68
82
93
92
62
69
84
67
81
43
8
6
0
8
2
2
4
6
4
6
4
4
2
0
2
8
2
8
8
4
0
6
2
4
6
8
6
2
4
4
2
2
6
0
10
4
2
6
4
2
2
2
4
4
2
2
2
4
12
8
19
2
6
4
4
4
2
4
4
4
10
2
2
4
4
6
2
4
4
6
2
6
2
4
4
6
2
0
4
8
0
4
0
0
2
8
2
2
4
10
6
4
6
2
12
4
2
6
8
2
4
2
2
8
4
4
4
0
2
4
4
2
6
0
4
6
0
4
6
8
6
8
4
2
2
4
6
8
6
4
8
2
8
0
6
2
4
2
6
2
8
4
4
4
6
4
4
6
4
0
6
4
8
2
6
2
6
2
0
2
4
2
4
2
4
2
4
6
4
4
6
4
4
2
6
6
2
2
10
2
4
8
0
4
2
4
6
2
4
6
4
2
6
6
4
4
2
2
2
4
2
6
6
2
6
8
0
6
2
4
4
8
8
4
6
4
6
4
2
0
4
0
6
2
4
4
6
0
4
4
2
4
4
4
4
0
4
4
2
8
6
0
4
4
2
2
2
6
2
8
4
6
4
6
4
2
2
2
10
2
2
4
4
4
4
0
6
4
4
4
0
6
4
4
4
6
4
8
4
4
4
0
2
4
10
6
2
4
3
4
8
3
12
3
5
5
4
1
4
7
3
4
4
4
8
5
4
4
1
7
0
3
4
1
4
2
1
3
5
0
3
5
9
4
3
4
4
1
8
1
2
1
0
2
3
1
3
1
1
4
2
0
4
5
3
0
2
6
3
5
6
4
3
3
1
4
3
1
2
7
1
2
0
4
5
4
4
5
4
3
4
3
2
5
5
0
2
3
2
1
4
3
3
2
4
0
4
5
3
3
6
3
5
5
4
4
2
3
3
7
3
2
3
3
1
6
5
4
4
5
5
3
0
2
4
4
4
2
5
3
4
4
3
3
1
2
3
1
2
3
4
3
3
4
3
4
5
4
3
5
2
3
5
5
5
3
0
2
2
3
3
4
5
5
3
7
7
8
2
2
1
5
0
4
3
5
2
1
4
4
0
4
2
3
3
1
3
4
2
4
3
2
1
3
6
4
3
0
0
0
1
5
1
2
3
2
1
1
4
1
3
5
3
3
0
10
2
3
3
3
2
2
5
7
4
1
8
3
4
3
4
10
4
1
1
1
0
4
4
1
2
3
13
3
5
3
2
1
3
1
4
5
3
2
6
2
0
3
6
3
2
4
3
3
3
5
1
2
5
5
6
1
4
3
1
3
7
4
1
2
2
4
5
6
7
6
1
3
5
5
3
3
3
5
2
7
2
5
0
2
0
0
1
1
5
5
0
0
4
0
0
3
9
0
0
0
7
1
2
9
37
0
0
0
0
1
0
0
0
2
0
3
2
5
0
3
0
3
2
3
3
5
2
3
1
2
5
3
0
5
0
3
0
0
0
5
2
0
5
2
2
7
0
1
1
0
3
0
2
71
0
0
0
0
0
7
3
1
0
5
0
1
0
0
11
1
7
0
0
7
5
0
3
1
0
0
3
0
1
0
1
2
5
0
0
0
2
0
0
9
0
2
3
0
2
0
7
0
0
2
0
1
0
3
0
0
3
0
5
0
2
9
0
0
0
0
7
3
0
1
7
0
1
5
0
1
5
0
0
4
0
0
1
0
4
3
6
5
1
5
1
3
0
0
3
1
3
8
3
3
1
0
5
4
0
5
2
0
1
7
7
0
0
1
11
7
0
0
0
0
5
3
2
0
3
0
7
2
0
0
3
0
7
3
1
3
3
5
3
5
1
3
0
1
0
1
0
2
7
0
0
0
2
0
0
5
3
0
0
0
1
7
5
3
3
1
0
7
3
5
0
5
5
1
0
2
7
2
0
5
0
0
0
5
0
5
0
0
1
0
0
2
1
0
0
2
0
0
0
1
0
0
0
5
6
4
6
26
2
4
48
2
15
4
27
2
0
31
6
2
2
6
9
10
7
4
18
5
6
6
4
2
2
41
2
4
8
14
2
0
4
4
4
29
6
2
2
4
4
0
4
6
4
4
28
8
2
34
2
4
22
4
2
6
5
8
9
6
4
60
2
6
8
22
4
2
0
8
4
30
6
4
4
4
2
4
6
2
4
4
2
10
6
2
39
2
7
31
6
3
4
6
4
4
2
10
6
2
6
4
21
2
2
30
2
6
7
2
4
32
2
36
19
4
6
23
2
8
28
5
4
35
2
5
4
4
43
8
4
4
48
5
14
12
6
5
12
5
7
5
5
3
6
4
6
6
6
2
8
23
2
6
22
5
4
35
4
4
29
3
2
6
2
4
40
28
4
29
2
10
7
10
18
6
2
4
8
6
6
4
6
2
4
28
6
18
18
4
2
58
4
4
22
2
2
2
2
6
13
4
9
32
2
8
35
4
8
31
4
8
2
4
2
7
2
4
10
2
15
2
8
7
25
9
7
30
3
4
7
14
4
47
5
2
2
2
4
32
7
4
4
7
6
10
24
4
2
50
2
0
7
6
4
6
2
4
33
9
4
6
5
4
2
10
4
6
2
4
17
18
21
33
27
2
4
35
2
6
2
2
20
22
24
24
32
28
23
28
25
10
33
28
18
15
23
28
21
27
18
9
31
28
20
19
15
13
35
26
33
31
20
21
17
22
14
28
21
24
17
21
24
28
18
18
32
24
14
7
23
18
20
22
39
20
25
17
28
25
25
24
26
20
27
20
22
27
20
27
19
25
26
18
24
19
16
28
25
23
15
30
30
26
27
24
24
16
19
21
41
39
20
27
27
30
17
27
29
29
16
24
27
12
26
28
15
24
18
27
24
17
22
16
14
22
14
26
17
7
26
58
28
19
20
22
23
20
26
21
11
27
18
18
24
18
26
28
21
33
23
12
15
30
19
25
30
34
28
22
28
23
32
19
27
19
17
32
29
30
20
22
21
21
17
35
18
17
22
21
18
25
23
26
30
34
31
27
37
24
46
21
26
12
22
25
21
29
12
20
22
21
27
22
20
19
18
22
28
23
18
34
28
26
23
19
18
25
14
15
13
12
17
21
23
19
22
54
22
19
14
21
25
29
14
26
20
26
42
20
33
20
15
15
16
26
34
19
22
16
22
29
24
16
23
22
17
20
20
20
18
20
21
25
21
25
16
13
13
19
25
17
0
27
32
18
26
19
14
20
22
29
14
18
16
20
18
13
27
18
17
18
27
28
19
23
17
18
17
15
18
23
