2
2
4
13
4
4
3
4
0
0
0
2
2
4
4
2
0
2
2
0
0
2
4
2
2
2
2
2
4
2
0
2
2
2
4
2
4
2
2
2
4
0
3
2
3
4
2
0
0
4
0
2
0
2
2
0
2
2
2
0
0
2
2
2
0
2
0
2
2
2
2
2
4
2
0
5
0
2
4
4
2
10
4
4
2
0
2
2
2
4
4
2
2
0
4
2
4
4
0
4
2
5
2
2
0
0
2
2
11
2
2
2
2
0
2
0
4
2
3
2
2
0
0
4
2
2
4
2
0
0
2
0
2
11
2
2
2
2
0
3
0
0
2
4
2
2
2
0
2
2
2
2
4
3
4
4
2
4
2
0
3
2
3
2
2
2
2
9
4
0
2
2
0
2
2
0
0
2
4
4
2
2
0
2
2
0
0
4
4
2
2
4
2
2
4
7
0
0
2
2
4
2
2
2
2
0
0
2
4
2
4
2
11
2
4
2
2
2
2
2
2
2
2
2
0
0
2
0
2
2
4
0
2
0
0
0
2
0
2
4
2
2
2
4
2
5
2
3
0
2
4
0
4
2
2
0
2
2
2
2
0
4
2
2
4
2
2
4
4
4
0
4
2
2
2
0
4
0
0
0
2
13
2
4
2
4
0
2
2
2
0
1
2
2
2
0
2
0
2
2
2
2
2
2
2
0
2
2
2
0
0
2
2
0
2
2
0
2
2
2
2
2
2
0
2
2
2
2
2
2
2
1
2
2
2
0
2
2
2
0
2
0
0
0
0
2
0
2
2
0
0
2
2
2
4
2
2
1
2
2
2
2
2
2
0
0
0
2
2
0
0
0
2
2
0
0
0
2
2
0
2
1
2
2
2
2
4
0
2
0
0
2
2
2
2
0
2
2
2
1
0
2
2
2
0
0
2
2
2
0
2
0
2
0
2
2
0
2
2
0
2
0
2
0
0
2
2
2
0
0
0
0
2
0
3
0
2
4
2
0
2
0
0
2
2
2
2
1
0
0
2
2
0
0
0
2
4
2
0
2
0
0
2
2
0
0
2
0
0
2
0
2
0
2
2
0
2
0
1
0
2
0
2
0
2
2
2
0
0
0
2
4
0
0
0
0
2
2
2
2
4
0
2
0
0
2
2
0
2
2
0
2
2
2
0
2
2
0
2
2
2
2
3
2
2
2
2
2
2
0
1
3
0
2
2
0
0
1
2
1
2
0
2
0
0
0
0
0
2
0
0
0
2
2
0
0
2
0
2
4
0
2
0
0
2
0
2
2
2
2
0
0
0
2
2
2
21
16
12
14
12
12
16
50
19
12
14
16
21
14
19
58
16
49
12
10
16
25
23
41
29
8
12
12
18
8
8
12
29
19
8
6
17
33
4
10
12
27
19
31
31
12
15
23
8
2
25
12
35
10
12
15
19
12
12
8
29
16
12
8
10
16
23
39
8
14
14
23
19
8
10
35
12
45
33
19
12
62
16
16
37
18
23
22
14
23
12
48
27
23
31
25
31
29
29
18
14
12
27
13
16
37
41
15
15
12
33
12
8
31
21
14
17
12
19
10
35
8
14
10
18
17
16
33
15
29
8
20
18
37
16
4
25
15
49
51
25
14
14
16
56
19
10
42
8
23
18
19
10
67
12
12
19
27
12
25
16
25
15
16
37
12
23
16
12
27
31
19
38
31
10
17
15
10
31
35
10
8
35
27
25
13
29
16
33
18
14
39
8
8
12
33
25
23
29
12
8
12
8
16
16
17
25
16
27
10
25
16
45
14
35
31
21
12
35
14
39
12
23
2
8
35
12
10
21
12
18
10
16
10
21
10
6
4
12
15
8
16
12
27
14
8
27
10
12
8
4
10
33
10
4
0
0
0
0
0
0
0
0
0
0
8
6
14
2
4
4
4
6
0
8
10
8
4
6
12
2
12
6
4
10
2
12
10
11
9
7
19
7
19
11
9
17
15
15
15
10
3
21
5
28
17
7
15
7
5
17
21
9
7
5
5
15
7
13
23
11
9
27
17
31
13
13
27
16
25
22
23
17
9
11
19
19
15
9
15
17
13
19
30
7
9
5
31
22
15
29
17
27
15
17
19
15
19
15
20
11
11
21
17
7
28
21
15
21
5
13
11
21
49
15
11
7
19
17
13
17
26
7
15
17
11
15
13
12
13
17
11
30
21
23
29
25
28
21
11
11
11
15
15
9
34
35
23
13
11
32
5
5
28
9
23
44
5
19
15
9
13
7
9
32
7
27
3
28
38
13
30
28
27
29
7
15
23
7
17
36
19
15
24
21
7
44
29
9
17
29
7
32
36
11
21
28
19
25
13
22
30
32
28
27
27
32
17
18
34
36
30
40
19
17
18
19
9
42
7
21
19
13
9
56
15
15
34
19
9
17
23
32
33
24
25
11
21
36
34
32
27
29
21
21
9
19
16
37
21
44
17
21
19
24
39
20
23
23
23
30
19
29
37
9
15
21
5
15
13
19
25
5
21
7
16
17
15
19
17
10
25
7
17
5
33
9
24
15
13
9
9
9
17
21
11
9
7
17
21
29
13
11
17
13
26
27
13
15
16
25
17
19
15
13
12
0
5
0
6
2
1
0
1
1
0
4
3
2
1
0
5
2
4
0
1
0
0
2
1
3
1
0
1
0
1
1
1
3
1
1
0
0
2
0
2
2
1
5
1
0
6
0
0
1
2
4
5
0
1
0
3
1
1
1
2
0
1
1
2
0
0
0
0
1
0
0
0
2
0
0
0
1
0
0
3
2
1
2
0
1
0
1
2
0
0
1
3
0
1
0
0
1
0
0
0
0
1
1
1
0
1
1
1
0
1
1
0
0
3
1
0
0
2
1
2
0
1
0
4
1
0
4
0
0
3
2
0
0
0
1
0
1
2
2
0
1
0
5
0
0
1
1
2
0
0
0
4
1
1
1
2
0
0
1
0
3
1
2
0
0
3
1
1
2
0
11
1
0
3
0
0
0
0
5
2
0
0
1
4
0
0
0
1
0
4
1
0
0
1
1
1
3
1
0
1
3
0
3
0
0
1
0
2
0
0
1
1
0
1
0
1
0
0
1
1
0
1
0
0
2
3
0
0
0
2
0
1
0
0
1
1
2
0
1
0
0
1
2
0
0
1
1
0
1
1
0
0
0
0
3
5
1
3
3
0
0
8
1
6
1
1
0
2
2
1
3
1
0
1
0
4
1
0
3
0
1
0
1
3
2
1
2
0
38
33
30
49
35
37
23
33
47
28
40
40
34
27
39
30
38
42
49
35
54
51
36
38
41
28
30
34
35
28
32
48
30
49
38
40
26
43
28
37
47
29
33
41
38
48
28
36
41
47
49
36
39
39
47
28
41
28
54
36
41
45
39
33
29
24
53
41
43
35
39
34
43
27
41
34
30
36
31
65
34
45
40
42
45
44
31
50
38
28
30
58
41
26
31
37
34
36
46
25
38
26
35
26
51
39
34
32
37
36
27
35
39
46
32
53
33
30
38
21
33
48
45
30
42
40
44
29
33
28
47
28
36
28
44
30
24
32
57
38
24
38
36
32
44
36
30
33
54
41
35
31
32
35
40
53
37
34
51
25
51
32
32
37
33
22
59
32
23
24
44
29
51
62
39
33
26
22
32
31
43
34
37
33
24
62
50
30
32
30
43
46
35
24
24
41
31
30
26
40
35
24
26
38
31
48
26
29
71
34
35
40
31
35
38
38
22
36
36
32
29
47
44
34
23
41
26
37
33
37
40
36
19
35
38
32
28
27
34
29
40
36
33
27
23
34
31
32
36
35
39
42
28
34
31
32
43
53
35
26
26
42
34
32
40
43
40
44
35
32
35
36
25
35
54
33
58
50
33
27
25
41
31
32
27
27
32
27
3
12
2
2
2
1
1
0
2
4
0
2
2
2
11
1
16
6
2
1
0
2
4
1
2
0
2
0
2
1
0
0
4
3
1
0
1
2
5
0
2
2
2
0
0
2
2
7
2
0
0
0
10
2
0
2
0
0
0
3
4
5
6
4
0
4
2
2
0
4
4
4
14
4
2
2
0
0
0
0
2
16
7
2
4
0
2
4
4
0
0
2
0
2
4
2
2
0
5
0
0
2
4
7
2
7
4
0
0
2
3
14
2
2
0
4
0
7
0
2
2
2
2
0
0
1
1
0
4
8
7
2
6
4
2
0
2
4
0
4
0
0
4
0
0
2
2
0
4
0
7
0
2
2
4
5
0
4
0
0
6
2
0
0
7
3
5
5
0
3
4
0
0
0
0
0
0
13
0
0
2
11
4
0
0
1
2
2
0
0
3
1
2
2
11
3
0
0
0
4
0
5
0
4
3
2
0
2
4
0
0
4
0
4
0
6
0
0
0
0
4
2
2
0
4
2
0
13
2
4
0
0
4
0
2
0
2
7
0
0
2
4
1
0
0
2
0
2
4
2
1
3
2
0
2
5
11
7
2
0
0
0
0
0
2
0
0
5
2
0
0
0
2
0
2
2
3
4
2
2
0
2
2
0
0
2
2
2
8
4
4
4
4
17
8
10
8
7
4
8
4
2
2
0
21
2
4
8
4
4
6
8
0
2
13
4
8
2
2
4
0
4
2
4
4
4
4
6
6
8
0
6
4
8
6
4
8
4
8
2
8
6
8
8
4
10
2
6
8
4
15
6
10
6
6
4
4
10
0
6
2
15
19
19
6
10
4
4
3
2
2
4
4
6
4
4
4
4
6
2
17
6
17
2
2
6
8
6
6
8
4
8
4
6
6
23
4
2
2
6
6
6
5
6
8
2
15
2
2
10
4
2
4
0
4
17
0
8
2
6
2
6
2
2
17
2
6
4
8
4
8
4
2
6
2
2
2
4
6
4
8
6
6
4
8
4
4
6
8
4
2
2
6
8
0
10
17
6
15
4
10
2
4
4
4
10
6
17
4
4
8
4
4
8
4
6
6
2
4
0
6
4
6
11
17
6
4
6
4
8
4
12
4
6
4
6
4
6
6
6
20
0
4
6
4
0
0
2
4
4
0
4
8
0
4
2
6
4
2
4
4
0
4
2
4
4
10
2
17
2
4
6
8
6
2
4
2
4
10
2
4
7
2
4
2
2
4
6
4
6
2
6
2
6
8
2
4
6
19
2
2
4
2
4
6
2
2
6
2
4
11
6
4
2
4
2
15
11
14
10
21
28
20
25
27
21
14
15
31
23
11
31
29
21
10
14
10
19
17
19
13
26
6
12
19
8
17
15
17
11
10
31
17
17
38
15
19
12
29
8
21
12
15
20
19
19
28
19
29
17
18
12
15
29
19
27
23
15
12
31
10
50
19
13
21
8
23
21
21
13
48
13
7
25
21
17
19
8
12
27
19
28
19
21
15
14
23
31
17
21
31
15
29
17
21
23
27
25
17
18
42
19
27
17
18
15
17
13
14
17
33
24
15
33
31
15
19
31
20
38
50
31
23
19
58
23
16
30
19
30
18
35
33
32
17
32
25
15
15
21
35
23
28
23
19
21
37
35
44
38
20
23
21
27
32
24
22
19
35
19
50
33
10
11
23
18
34
14
20
13
47
17
19
10
31
11
25
15
26
12
19
40
35
27
37
37
27
11
28
19
30
11
21
21
38
37
21
33
30
35
35
13
19
29
17
21
21
33
19
21
22
29
50
17
18
25
43
4
14
17
21
19
27
19
30
21
27
17
15
21
23
21
19
19
15
11
14
44
17
21
15
17
15
26
13
13
23
45
19
28
31
23
13
25
20
15
19
23
19
23
43
15
23
17
21
17
21
17
15
21
23
33
17
7
15
20
25
11
22
12
48
10
10
17
5
8
8
10
4
4
7
11
9
6
8
6
6
11
13
5
8
6
8
9
6
6
6
6
5
8
8
7
10
7
11
11
11
2
17
4
9
8
10
2
4
4
11
8
7
12
4
7
8
9
4
9
5
8
16
8
10
8
9
6
6
4
4
7
7
6
5
10
8
7
7
13
7
5
7
7
3
8
18
8
5
4
10
8
8
8
8
4
11
8
8
11
14
6
8
4
11
8
8
5
0
6
6
11
9
13
10
4
6
10
8
6
11
10
8
7
4
8
2
5
10
6
3
9
7
8
8
6
6
10
9
8
7
3
10
7
12
9
7
6
8
6
8
0
9
8
4
2
7
9
6
11
7
8
4
14
2
8
8
11
4
8
2
12
7
9
6
8
9
4
8
5
8
4
7
9
4
10
4
9
9
9
8
5
6
7
4
7
4
2
2
10
9
7
5
4
7
7
6
8
8
9
6
0
6
6
10
9
9
6
5
8
8
6
5
8
11
7
9
8
6
10
12
9
14
8
8
8
7
11
6
8
6
6
12
9
13
8
2
10
5
6
6
8
7
7
11
8
4
12
7
5
6
4
8
9
11
6
10
13
4
7
9
7
10
2
7
10
9
8
4
6
10
5
10
7
6
13
4
8
6
8
10
8
8
8
6
11
