25
25
25
26
27
28
24
25
25
29
29
29
25
28
24
27
29
26
28
28
25
29
29
29
28
28
25
28
29
29
28
25
25
26
28
30
27
30
25
29
29
27
28
25
26
25
30
29
29
26
25
27
20
29
28
27
23
30
30
28
28
27
24
28
28
29
26
28
26
29
29
29
29
27
25
29
29
29
27
29
23
25
28
29
28
28
26
29
29
27
30
28
24
29
27
25
29
29
18
28
29
28
29
27
30
29
21
26
29
28
29
30
24
27
28
29
28
29
29
27
29
26
26
27
31
29
28
29
25
29
30
26
29
30
25
30
26
30
31
30
27
30
28
29
28
27
27
30
28
30
30
31
26
28
30
30
26
30
27
30
29
30
30
26
27
29
29
30
26
29
29
29
29
29
29
30
26
24
30
30
29
24
26
24
29
29
29
25
29
25
28
29
28
27
26
28
30
29
27
29
24
29
28
30
30
29
27
26
18
26
25
30
26
29
28
29
30
27
25
30
30
30
29
30
25
30
29
29
30
30
29
29
27
30
26
30
27
26
29
30
30
26
27
29
25
27
28
24
30
25
30
24
26
27
25
30
29
30
29
30
28
15
26
30
28
30
25
23
29
30
29
26
25
26
28
30
29
29
26
29
25
30
30
26
29
25
27
29
12
10
16
22
7
33
20
13
15
30
11
14
9
7
11
15
7
17
16
16
10
58
15
21
11
15
10
13
6
13
14
18
8
70
12
7
47
22
9
9
7
10
16
11
16
66
13
6
19
15
10
16
8
6
16
12
34
24
12
9
33
15
8
12
6
20
20
13
14
11
17
10
80
28
13
11
8
8
13
29
11
15
11
7
56
16
12
13
13
7
10
24
8
10
13
6
18
37
13
12
7
9
15
28
12
76
15
37
23
8
13
7
6
9
19
21
31
13
11
20
13
15
28
8
7
9
13
20
15
16
10
19
15
9
23
22
8
18
24
24
24
34
17
13
49
14
9
14
7
7
18
24
8
15
9
13
11
30
7
11
13
9
17
13
32
14
10
16
11
12
12
10
9
16
19
32
12
8
34
11
12
10
14
48
9
15
10
34
19
17
13
10
6
44
11
37
6
15
6
9
13
11
15
7
7
11
15
19
9
11
6
22
37
10
15
12
10
10
13
35
7
43
10
7
7
9
17
7
8
48
13
7
6
12
9
12
18
26
22
15
14
8
19
13
25
6
15
73
14
80
11
14
19
15
13
15
11
9
22
19
15
16
6
28
10
13
11
15
11
11
19
15
25
73
12
14
13
8
22
16
15
13
14
52
16
19
7
18
0
7
18
0
2
0
8
16
7
3
0
20
9
0
17
11
6
9
23
9
5
3
9
16
13
2
0
11
4
0
4
16
2
16
9
18
0
9
0
9
28
0
0
0
21
5
2
23
27
0
0
18
8
0
16
16
6
18
16
18
0
9
29
7
27
9
34
8
9
11
14
9
14
0
9
9
0
4
9
18
0
21
0
9
19
0
9
0
0
0
3
9
0
3
0
5
18
0
0
2
0
27
18
0
11
17
0
14
0
35
5
16
0
26
15
18
9
9
0
15
0
30
4
0
9
16
2
18
18
25
9
8
0
2
0
16
2
20
0
0
0
9
2
9
27
2
22
9
25
7
31
0
11
0
0
3
0
2
0
2
0
0
0
0
0
20
5
0
7
0
0
0
16
27
0
32
9
2
0
27
0
9
0
17
0
2
5
9
8
8
10
18
7
25
9
21
9
0
0
0
0
0
18
48
8
8
9
9
16
8
5
13
9
26
0
0
8
0
0
0
18
0
8
4
2
0
0
2
9
0
0
0
11
8
2
16
0
0
8
0
9
0
14
7
10
20
0
8
2
8
0
7
0
0
8
0
2
0
2
0
0
0
2
0
0
8
2
2
0
0
0
0
0
0
0
0
0
0
2
2
2
0
0
0
0
0
0
0
12
15
18
22
12
10
4
18
10
14
14
11
17
6
28
18
9
12
9
14
27
19
22
14
15
12
31
28
16
8
9
11
9
13
18
8
4
36
28
23
20
8
24
18
21
13
19
10
16
20
18
26
26
12
16
16
23
6
7
11
22
26
16
8
40
10
19
21
14
7
18
7
11
37
4
13
32
9
10
12
11
10
20
19
19
14
15
19
14
12
22
15
12
15
14
10
12
8
13
34
5
11
14
11
18
12
14
6
17
17
14
15
17
16
6
13
16
17
9
17
14
24
21
42
36
11
18
8
19
13
21
8
16
30
13
8
22
7
22
14
7
18
16
9
9
12
23
21
14
14
21
4
7
26
25
14
3
15
15
10
15
9
3
15
18
13
11
11
19
7
22
21
15
11
10
1
11
21
17
14
14
4
15
31
12
11
8
7
20
8
6
9
9
10
2
25
11
11
8
22
10
17
5
6
6
9
8
7
11
12
10
12
12
11
5
12
8
11
13
12
10
6
8
7
16
10
22
6
12
7
13
15
6
23
6
13
13
10
8
10
7
13
13
15
22
13
8
14
6
15
11
30
6
11
21
19
14
7
4
10
18
10
18
8
20
6
18
20
9
16
7
6
7
11
14
8
17
17
12
18
13
12
12
9
21
13
21
5
15
13
25
7
22
19
17
25
16
38
20
28
45
23
29
7
40
28
9
14
16
11
22
19
11
75
18
15
13
22
9
22
19
19
17
17
15
34
15
15
22
26
9
9
19
28
34
13
20
3
8
8
24
13
28
43
15
17
28
33
28
25
19
21
39
30
30
22
19
9
22
24
14
15
17
19
14
19
16
16
24
11
15
24
14
27
22
15
29
63
27
9
57
15
50
22
34
67
20
23
23
19
13
28
28
30
30
27
15
61
28
20
32
22
24
0
20
30
47
43
17
19
20
20
29
41
24
26
11
20
42
24
36
22
26
17
20
19
22
26
25
30
39
36
30
91
42
19
31
18
32
27
31
24
27
9
28
23
58
36
61
15
28
42
22
23
43
15
32
11
64
15
41
17
35
24
81
33
30
35
34
30
55
56
16
23
32
69
56
51
22
31
21
51
24
43
37
15
48
43
60
32
35
29
36
45
26
23
43
22
13
9
28
41
32
32
21
42
39
11
22
43
23
9
13
15
25
20
21
19
34
17
28
36
13
2
28
31
26
24
17
22
33
40
19
40
26
30
11
17
26
8
19
0
0
0
0
0
0
0
0
0
0
0
0
0
0
0
0
0
0
0
0
0
0
0
0
0
0
0
0
0
0
0
0
0
0
0
4
4
2
0
0
2
0
2
2
0
2
2
4
4
2
4
0
2
0
2
4
2
2
0
0
2
4
6
4
4
0
0
4
2
4
4
2
2
0
4
2
2
2
4
0
2
4
2
4
2
2
2
2
0
0
4
4
0
2
4
4
4
4
2
2
6
2
2
0
4
2
2
4
2
2
2
2
4
2
0
0
2
2
2
4
4
2
8
0
4
0
0
0
2
0
4
2
2
0
4
2
4
2
0
4
0
4
0
2
4
0
0
2
2
4
2
4
0
2
4
4
4
2
2
2
4
0
0
4
2
6
2
4
2
0
2
0
2
0
4
2
6
0
0
2
0
0
2
2
0
2
0
2
4
0
4
0
2
2
0
2
0
4
0
2
0
0
2
2
0
6
0
2
0
0
2
2
2
4
2
2
0
0
4
2
0
2
0
0
4
2
4
2
2
0
4
2
0
2
2
6
0
2
0
2
2
4
4
6
0
2
2
4
2
0
2
4
2
2
4
0
4
2
0
2
0
0
0
2
0
0
2
2
2
2
4
2
0
2
15
2
0
0
2
0
4
2
2
0
4
0
2
2
2
0
2
0
0
0
4
2
2
4
4
4
2
2
2
2
0
2
0
6
0
0
2
4
0
2
0
0
6
4
0
2
0
0
2
1
39
3
1
0
5
39
34
3
17
20
1
0
20
0
0
1
9
1
32
6
3
0
15
51
0
1
33
5
57
1
0
5
19
17
1
0
1
18
0
0
3
0
0
22
44
1
1
0
18
5
0
1
1
27
38
0
1
61
11
26
0
1
1
15
67
0
0
0
0
12
3
0
1
55
33
1
46
3
1
51
1
1
1
0
0
13
1
1
1
29
0
11
11
22
0
3
5
20
26
1
1
0
5
22
2
1
22
35
0
1
34
6
1
1
3
10
8
48
57
16
12
3
8
5
40
1
13
36
1
0
14
14
21
49
0
36
42
3
29
0
1
1
1
0
37
1
35
3
1
1
3
1
3
5
2
22
1
1
14
18
11
19
1
0
10
0
0
0
0
1
21
15
3
0
0
28
0
3
0
5
1
0
18
34
0
1
1
36
0
0
36
0
3
39
14
9
26
0
0
21
1
38
22
1
30
3
1
1
20
32
3
19
0
21
1
13
20
12
1
5
14
3
1
0
1
0
30
71
29
20
0
32
0
3
0
3
35
1
14
0
1
27
1
3
1
0
43
3
31
11
28
5
0
16
18
53
0
0
3
22
0
5
3
18
10
0
31
1
1
19
9
31
26
1
3
24
13
7
39
0
1
1
6
51
57
0
0
9
9
2
9
9
5
9
5
5
11
13
15
15
7
5
5
7
13
9
5
17
9
13
11
9
11
7
2
9
7
13
5
7
13
9
13
5
7
5
13
9
17
9
5
15
5
9
11
17
5
5
7
9
4
11
37
17
19
11
15
11
7
9
5
11
17
11
7
3
5
7
9
7
7
7
15
11
11
9
9
17
7
3
9
11
11
11
11
13
5
19
27
15
9
7
5
13
17
5
11
31
11
23
13
11
9
5
9
3
5
15
9
11
15
17
13
5
9
19
9
5
13
9
13
5
9
7
9
11
11
15
9
9
17
13
13
13
9
9
25
15
21
11
9
11
13
9
5
19
13
9
13
5
7
15
17
13
17
9
11
13
7
13
19
17
29
17
9
5
11
17
19
11
7
19
15
2
3
11
4
15
5
11
5
7
4
9
15
9
4
5
9
5
13
4
19
9
7
7
5
11
2
11
4
7
5
4
4
7
4
7
3
9
3
7
2
7
9
11
4
15
2
5
9
0
7
9
3
5
7
5
7
7
21
4
7
15
2
5
2
15
7
7
7
5
5
13
4
13
5
7
3
5
7
7
9
5
5
5
7
9
9
3
13
15
13
4
11
2
7
4
13
15
5
7
7
25
15
5
5
9
5
4
7
4
17
9
9
4
6
0
0
9
6
2
2
0
2
0
2
2
2
0
0
0
8
0
0
2
0
0
6
2
2
4
4
2
6
2
4
4
0
4
4
12
4
2
0
4
2
0
4
0
0
0
6
0
0
2
0
2
2
2
0
10
0
2
0
0
0
0
0
12
2
2
0
2
11
8
0
0
2
4
2
4
0
8
4
0
2
0
0
0
0
2
0
0
0
0
4
4
4
0
0
0
0
0
0
2
4
0
0
0
6
0
2
4
2
3
4
2
4
2
2
2
2
8
12
2
4
0
0
4
0
2
2
0
4
0
0
2
4
0
2
0
0
6
0
0
4
0
0
4
0
4
2
0
0
0
0
2
0
11
8
2
6
0
13
8
4
0
0
2
2
2
2
2
2
2
0
2
2
0
2
0
4
7
4
4
0
2
2
6
4
2
0
6
6
2
0
4
0
2
2
2
4
2
11
12
2
0
4
6
2
2
8
2
4
2
4
0
6
4
4
4
6
0
0
4
4
0
2
12
4
2
4
2
2
2
0
8
0
0
2
4
4
4
2
6
0
4
2
2
2
5
2
2
4
0
0
0
2
0
2
0
2
4
2
0
0
0
4
2
0
2
7
0
2
5
2
2
0
2
0
0
12
4
0
4
8
2
0
5
6
13
6
4
4
32
6
28
17
4
2
10
6
12
4
14
4
4
13
38
6
10
8
24
23
30
6
6
42
18
6
4
29
32
8
6
10
25
27
63
29
43
10
8
10
41
62
27
54
6
10
4
73
24
6
6
8
74
8
21
6
9
8
6
29
10
4
4
77
44
34
6
4
34
70
23
5
6
8
82
4
80
2
4
12
4
4
69
31
24
6
8
6
6
6
2
6
6
8
10
26
46
8
8
4
6
5
27
4
56
6
6
7
6
17
8
8
2
46
35
9
8
35
4
7
17
8
6
68
13
86
6
6
13
6
11
28
6
4
6
81
8
22
10
49
17
79
4
5
10
12
22
6
6
5
2
10
67
10
4
44
9
13
8
11
27
47
6
6
15
2
8
34
61
10
57
8
73
4
6
12
6
6
10
35
19
6
4
4
70
11
10
6
10
6
12
42
61
6
4
10
12
23
14
77
8
25
6
23
6
8
8
6
7
6
8
8
6
8
8
7
8
8
10
55
6
2
6
75
4
4
47
9
4
8
6
6
6
8
5
6
9
17
4
13
13
11
25
9
17
31
22
19
25
19
24
12
18
14
24
26
5
15
10
20
18
18
22
17
18
18
23
12
23
29
12
25
19
19
29
13
19
19
20
32
11
18
17
13
17
23
