3
5
9
2
5
5
5
7
3
5
5
3
6
7
5
3
3
3
5
7
2
3
7
7
5
5
5
6
7
5
3
7
2
3
7
10
3
9
2
3
3
3
3
4
3
10
5
5
5
4
7
3
4
5
15
7
8
4
7
6
7
3
3
5
3
5
6
11
5
21
8
3
3
2
3
5
5
9
5
3
5
3
3
3
5
5
2
8
4
5
5
7
8
7
9
9
6
3
7
5
3
9
3
3
5
3
3
6
5
5
5
14
5
7
7
2
3
5
5
3
12
5
7
9
5
12
3
5
7
9
8
5
5
7
7
11
7
7
5
4
7
5
5
3
9
5
9
10
16
2
8
9
7
7
3
3
6
10
5
5
7
3
7
7
5
5
2
3
5
7
7
5
5
5
5
6
3
7
5
11
3
5
3
6
5
5
5
5
7
5
3
7
5
3
7
7
10
7
5
7
7
3
7
5
5
10
10
9
11
7
5
5
7
5
5
10
7
5
3
4
9
35
3
5
5
2
9
7
12
5
5
12
3
6
5
11
3
8
3
5
3
7
7
7
3
6
3
5
10
3
3
5
3
5
3
14
8
8
5
7
9
3
9
5
5
5
5
3
5
7
5
5
21
2
7
9
5
3
5
3
6
3
5
5
7
9
5
3
9
0
6
0
9
2
6
4
4
2
0
2
0
0
2
2
34
36
0
2
2
4
8
4
7
2
2
6
9
0
3
6
6
6
9
5
13
6
19
6
0
4
4
9
0
6
6
12
0
6
6
6
4
6
8
2
0
10
11
4
6
4
2
4
4
2
0
6
19
6
3
6
9
9
19
6
7
4
4
6
15
13
5
14
15
12
8
17
12
15
4
2
0
9
8
9
13
13
6
2
6
9
11
4
11
11
11
15
4
9
2
15
6
13
8
0
9
12
21
11
7
9
6
7
2
6
0
6
4
11
14
10
9
9
15
19
6
9
7
13
6
17
0
13
11
28
9
9
4
9
8
9
9
8
11
9
4
14
8
4
6
11
9
11
9
2
7
9
8
13
4
8
11
0
9
7
17
6
4
4
9
7
10
6
9
14
8
13
13
4
9
7
12
2
11
7
4
7
7
4
13
6
6
11
7
7
17
15
15
11
4
4
9
4
7
6
15
7
7
15
0
4
0
6
7
2
6
7
8
11
15
10
10
8
6
17
8
14
22
6
8
12
6
10
10
2
8
2
12
10
10
10
6
8
6
4
2
2
19
4
10
6
16
8
4
6
4
0
4
8
2
6
2
4
4
6
2
2
4
10
10
11
4
10
6
4
2
6
0
0
2
0
4
0
2
0
2
2
0
0
3
10
2
2
0
0
4
0
2
0
0
0
0
2
0
0
4
0
2
0
0
2
2
0
0
2
0
2
0
4
2
0
7
2
0
0
8
2
1
0
0
2
1
0
0
2
0
0
3
2
0
0
0
0
1
0
0
2
2
1
0
2
0
2
0
2
1
0
0
2
1
0
0
0
2
0
2
2
3
0
0
0
2
5
2
2
2
0
0
2
2
0
0
0
2
0
0
2
0
0
2
9
0
0
0
0
2
2
1
0
0
2
3
4
0
4
0
0
2
0
0
0
0
0
0
0
4
2
0
1
0
0
0
4
4
2
4
2
2
2
3
2
1
0
0
4
0
4
0
2
1
1
4
0
2
2
4
2
21
4
0
1
0
2
0
1
2
2
2
2
2
2
6
1
0
0
4
0
0
3
4
2
0
1
1
1
2
2
0
2
4
2
2
0
0
0
0
0
2
2
0
0
4
0
0
0
3
0
2
0
1
0
2
0
0
0
3
4
2
0
2
4
5
2
2
4
0
0
0
0
2
0
2
2
0
2
0
2
2
0
0
3
0
2
0
2
0
2
0
0
0
3
0
2
0
0
0
2
0
0
4
2
0
1
2
2
2
2
0
4
2
2
0
2
0
0
0
4
0
2
6
0
2
2
2
0
4
0
0
2
2
4
4
2
4
0
4
0
0
0
0
0
0
0
0
4
0
2
0
2
4
4
4
0
6
2
0
6
6
0
0
2
2
6
2
0
6
2
2
0
2
0
0
2
0
4
4
0
0
4
4
2
6
2
0
4
2
2
2
2
4
0
4
0
2
0
0
0
4
0
0
2
4
0
0
0
0
0
2
2
2
6
2
4
4
14
2
2
2
0
4
10
4
0
2
2
2
8
2
2
2
0
2
4
6
0
2
2
8
0
0
0
4
2
6
0
2
6
4
2
4
2
2
0
0
0
4
2
0
0
0
0
0
0
0
2
4
2
2
2
6
4
2
0
10
2
2
4
12
6
4
0
2
8
4
8
2
2
0
2
0
8
10
2
0
6
2
10
4
6
2
8
2
4
8
2
2
2
4
2
0
2
2
0
8
2
2
0
0
2
2
0
0
4
0
6
6
6
10
4
8
6
8
4
0
8
10
8
6
4
6
10
6
10
8
8
2
6
2
98
4
0
10
0
4
2
8
4
2
2
4
6
6
10
2
2
8
4
0
2
6
8
8
6
2
0
8
6
6
6
4
12
8
4
6
2
6
6
0
6
6
4
4
6
8
10
6
4
2
0
12
0
2
8
15
19
4
14
10
10
16
13
8
14
2
21
12
12
17
8
12
19
8
17
19
8
15
10
8
4
2
4
12
14
10
8
4
10
43
6
6
6
45
8
10
10
6
21
10
20
6
12
14
10
10
8
14
6
6
19
8
4
10
19
6
8
6
17
13
8
8
14
8
10
10
31
6
14
4
8
14
6
4
14
10
2
15
17
17
15
6
8
9
12
10
6
6
6
16
10
12
4
6
14
12
8
6
21
10
8
6
12
4
10
12
2
17
14
12
14
8
14
14
17
29
10
6
10
19
6
11
12
2
4
8
22
10
2
10
12
6
10
6
23
16
4
10
25
6
20
6
6
14
12
22
23
8
15
16
20
16
6
6
6
8
14
6
13
8
12
2
21
19
8
14
10
23
10
14
14
15
14
17
6
19
21
6
27
27
12
12
14
19
17
10
27
25
12
21
8
11
16
18
19
35
16
27
29
12
19
16
6
8
12
25
17
17
16
14
14
6
8
12
16
19
8
14
21
16
10
6
6
8
16
4
8
10
8
15
23
14
14
16
22
16
25
23
27
4
23
14
19
14
8
19
27
25
17
19
8
14
13
8
12
12
31
8
15
12
6
10
21
8
10
19
8
14
8
14
25
8
13
12
10
12
4
8
56
10
17
18
8
3
1
1
3
2
0
27
25
1
3
4
2
5
1
1
2
3
6
0
24
15
35
32
18
3
3
7
4
3
0
0
29
22
6
3
0
5
0
1
0
0
20
2
32
3
15
22
0
3
6
6
0
4
0
21
15
3
15
0
2
0
0
2
2
5
8
10
0
14
3
18
33
0
0
6
3
7
5
1
9
7
0
5
0
25
10
16
11
2
0
5
16
0
9
24
23
3
0
3
0
0
0
35
20
22
2
3
5
3
0
5
2
5
5
16
19
23
14
6
25
2
4
7
4
0
3
0
29
20
2
0
10
4
3
8
1
0
3
24
3
0
20
10
18
1
1
3
0
3
0
3
3
0
2
2
3
1
2
0
0
5
0
2
2
25
24
0
0
7
0
3
5
2
3
0
0
23
4
3
5
5
2
2
3
0
0
0
19
0
5
17
19
10
2
0
3
0
0
19
18
1
3
3
2
2
2
2
2
3
0
25
18
8
6
2
13
3
0
3
2
3
17
5
14
0
14
3
6
0
2
0
2
7
0
0
16
2
7
2
3
1
0
3
3
2
0
29
9
0
3
7
3
2
2
0
1
1
14
2
0
23
26
3
11
5
7
9
0
2
2
2
0
8
21
2
3
2
3
0
3
0
0
5
14
21
0
5
2
0
2
8
4
2
4
0
2
0
4
0
4
2
4
4
0
2
4
4
4
0
4
8
2
0
2
4
2
4
2
0
2
4
2
2
4
6
0
0
2
2
0
4
4
2
4
6
2
2
4
4
2
6
2
6
0
4
2
6
4
4
2
2
6
4
2
4
4
2
4
4
4
0
4
4
4
4
4
2
4
4
2
2
2
4
6
4
6
4
2
4
2
2
4
6
2
2
4
6
2
4
2
2
2
6
2
4
2
2
2
4
2
4
0
4
6
6
6
4
6
2
8
2
4
4
2
2
4
4
4
4
4
4
4
6
2
0
2
2
6
2
2
4
6
0
0
4
4
2
6
4
2
0
2
0
2
4
4
4
2
2
4
4
6
6
6
6
0
6
4
6
2
4
4
2
0
4
2
2
6
4
8
0
2
2
4
8
0
4
2
4
4
6
2
2
4
4
4
4
2
2
2
4
6
2
4
4
4
4
6
4
2
2
4
6
4
2
0
4
2
4
2
4
0
2
4
4
2
2
4
6
4
6
0
6
6
6
4
4
4
2
8
4
2
4
6
4
6
4
4
4
2
4
4
4
4
2
4
4
4
4
6
2
4
4
2
4
4
6
4
4
2
6
0
4
0
4
4
4
2
4
4
2
0
4
4
2
2
0
2
6
8
2
4
0
9
2
2
0
6
6
6
2
2
2
0
0
6
2
2
4
0
0
2
2
0
8
0
4
6
0
6
2
0
7
2
4
4
0
0
4
0
2
2
2
4
0
0
4
4
0
0
4
6
4
2
2
5
84
6
4
4
4
6
2
0
2
2
4
0
2
0
0
4
6
4
4
2
6
6
2
2
2
6
2
2
6
6
2
8
2
7
6
2
2
4
0
2
4
2
6
0
0
2
6
0
6
0
2
4
4
4
0
4
2
0
0
2
2
6
2
4
4
0
0
6
2
0
2
4
86
2
2
0
0
4
0
2
4
4
4
2
4
6
2
0
6
6
6
6
8
4
4
0
2
4
2
4
11
6
4
4
4
0
0
0
0
4
4
2
2
0
2
4
2
2
0
2
6
4
0
2
8
2
2
2
4
6
4
6
0
2
41
0
9
0
0
4
0
0
4
6
2
2
2
2
0
6
0
0
4
2
0
4
2
0
2
2
2
4
0
4
2
4
9
0
2
7
6
8
8
0
4
2
2
4
2
2
2
2
7
2
2
6
0
2
10
2
2
0
8
2
4
58
2
0
2
4
0
6
0
2
4
6
2
4
2
8
4
4
2
2
0
2
4
4
0
2
6
6
9
0
6
0
4
4
6
12
11
14
35
16
12
16
10
12
12
12
18
12
21
8
8
6
18
23
14
20
12
13
12
6
4
8
14
8
20
31
12
16
16
18
10
16
25
21
6
16
16
14
21
21
18
12
12
20
16
41
21
25
19
16
27
23
25
25
35
14
23
14
16
21
27
23
14
15
21
12
10
10
18
10
12
14
10
12
23
27
12
35
23
20
39
12
23
18
18
35
27
18
35
33
33
35
19
21
27
18
21
27
33
31
37
33
51
12
20
33
41
35
53
41
51
18
37
18
12
18
35
33
37
33
14
33
33
51
20
18
39
23
10
14
10
27
16
21
14
21
27
25
14
18
41
12
49
27
47
37
29
27
39
23
18
70
53
27
20
47
31
86
97
49
33
75
12
56
43
19
21
14
74
13
12
21
45
41
37
25
12
10
31
27
55
20
25
41
27
10
19
12
18
14
20
20
13
16
8
14
14
12
20
31
35
8
14
27
14
21
58
8
31
8
21
17
18
21
20
25
12
14
19
25
20
6
15
27
25
14
8
8
6
27
29
31
10
16
17
11
17
10
29
16
21
19
31
15
6
29
19
8
6
27
16
44
11
8
12
23
14
6
10
12
18
35
14
10
23
14
8
18
33
20
8
6
16
23
29
14
19
23
29
15
23
25
31
2
11
26
21
5
16
7
0
0
12
2
0
27
2
18
0
34
0
21
2
0
14
0
8
7
36
0
20
0
33
0
11
19
13
0
16
10
9
10
32
0
34
0
21
7
0
0
0
19
0
33
0
0
36
18
2
2
18
0
3
0
22
0
39
0
0
11
5
0
9
16
0
20
0
24
0
29
0
26
27
0
32
12
0
0
0
0
8
7
3
3
45
0
17
0
27
18
0
32
0
25
0
0
0
8
0
6
0
11
0
2
30
0
18
0
0
15
2
0
10
9
33
0
23
0
14
27
0
24
0
0
0
19
0
0
15
2
34
0
0
2
17
3
9
0
0
14
0
0
41
7
0
0
14
18
11
0
0
0
8
0
35
0
64
0
0
0
0
62
51
11
21
17
0
25
1
19
0
19
0
27
13
2
0
14
0
14
32
0
29
18
0
38
0
21
0
17
0
29
0
18
0
27
20
0
24
22
0
41
0
9
32
8
53
0
43
26
0
2
0
0
24
0
20
20
33
0
20
33
0
24
0
7
0
26
18
0
15
2
0
0
41
0
0
0
12
12
0
15
12
0
20
0
0
3
2
18
0
0
0
1
0
15
5
0
22
9
0
0
2
9
0
0
26
2
0
0
34
0
0
0
0
41
0
72
0
0
