35
2
17
15
15
4
12
14
14
8
13
15
21
25
27
17
31
10
43
15
19
19
10
8
6
12
41
12
31
25
10
19
10
29
4
10
19
21
10
21
4
14
31
6
10
8
37
16
6
25
16
13
12
14
13
12
23
19
17
12
8
8
13
8
17
15
12
15
38
25
8
15
23
23
21
10
15
17
74
14
15
33
10
11
23
23
15
14
21
13
12
15
12
10
10
23
23
12
15
12
15
17
32
10
15
33
12
21
10
44
23
21
19
23
10
14
16
23
35
23
15
35
10
12
38
23
25
14
21
14
12
23
10
10
31
10
17
29
27
19
6
23
27
50
21
27
12
46
17
12
50
25
17
10
15
10
31
15
13
27
58
23
15
48
15
8
23
15
34
19
12
59
10
13
11
23
8
21
33
12
31
21
23
23
33
14
6
23
23
27
31
16
35
43
19
17
35
8
23
17
10
15
23
19
8
19
17
27
13
8
19
15
8
27
6
17
33
10
19
27
21
60
25
12
13
10
8
8
29
31
17
10
17
14
10
12
19
50
14
12
15
10
10
25
2
15
8
4
8
10
15
12
15
9
10
19
12
10
25
10
10
13
10
10
13
30
6
6
14
8
19
12
10
31
6
12
17
21
13
12
10
29
14
6
10
14
17
23
7
0
3
0
2
5
2
3
2
11
3
3
3
2
3
0
1
1
2
2
9
1
1
2
5
3
3
1
1
3
9
3
39
30
4
3
5
0
3
1
1
3
3
2
3
2
3
1
0
24
1
1
3
3
5
2
4
2
0
0
4
25
1
9
3
3
5
3
1
3
2
1
1
3
0
5
3
37
37
3
3
12
14
2
2
1
2
7
3
1
1
2
3
0
20
3
3
3
1
1
0
3
2
1
1
0
3
0
0
0
5
3
3
1
3
3
1
0
28
1
0
47
1
0
43
0
0
2
7
2
3
0
3
7
1
5
0
0
0
42
2
3
0
31
3
3
5
3
5
0
3
2
1
1
1
1
0
7
1
28
0
4
3
0
1
0
3
2
2
5
0
1
3
18
1
1
1
3
1
7
5
3
1
1
3
1
1
3
1
0
1
3
1
5
1
3
5
0
1
0
13
1
0
1
5
4
3
2
22
3
5
5
3
1
2
1
3
3
9
1
0
2
1
2
3
1
5
0
1
2
2
15
3
3
1
1
3
0
1
3
1
3
3
3
3
0
1
0
3
15
5
0
3
32
0
0
3
0
3
0
2
1
2
3
5
7
3
7
1
3
0
13
1
1
0
3
3
3
1
3
3
3
5
11
2
1
13
6
6
4
2
4
8
0
8
6
12
2
8
4
4
6
2
19
6
6
4
6
6
6
0
4
2
6
10
2
2
4
0
2
6
0
4
6
4
2
6
4
4
11
2
8
8
6
4
8
4
2
6
4
9
8
2
2
4
2
4
10
0
6
8
6
4
2
8
0
2
6
4
8
6
2
2
8
2
10
2
2
2
6
8
4
0
17
6
4
2
0
4
6
4
6
0
6
10
6
6
8
4
6
4
6
2
4
4
6
0
0
2
4
6
4
15
4
8
6
10
6
6
10
6
4
2
4
4
6
6
6
0
0
0
2
8
4
5
10
2
4
4
6
2
13
2
2
6
4
4
4
2
2
4
2
6
6
2
4
4
2
6
2
2
6
2
6
4
4
4
6
10
4
6
6
10
2
6
4
15
8
4
6
4
2
2
4
8
2
2
2
2
2
2
4
4
4
14
2
4
6
4
6
4
4
0
6
4
6
2
4
8
6
4
16
16
4
8
2
2
4
2
4
2
4
6
6
4
2
2
4
6
2
4
6
2
8
0
4
2
4
4
2
6
4
4
4
2
15
4
4
0
4
2
0
4
4
2
2
2
4
2
6
4
4
2
2
2
0
2
2
2
0
2
2
2
4
4
6
4
6
2
2
4
0
0
2
6
8
5
17
11
3
9
15
11
11
11
7
19
9
7
9
7
13
1
7
9
17
3
11
13
9
7
9
13
11
17
17
3
13
9
9
5
5
13
9
5
9
7
13
13
0
23
5
11
9
13
7
11
13
9
15
19
13
19
9
3
5
9
15
9
5
5
3
3
9
13
11
9
11
9
9
5
9
7
17
7
7
7
5
9
15
13
7
7
7
7
9
7
2
5
7
17
7
7
7
9
11
9
11
17
11
5
5
11
11
9
9
11
9
11
21
9
7
11
9
15
5
11
5
7
7
7
5
7
3
3
13
5
11
9
7
17
7
11
9
9
9
5
5
9
7
11
5
9
11
9
7
5
3
9
5
11
5
11
7
9
9
17
15
7
11
9
9
5
3
17
9
3
15
5
5
3
9
13
5
11
1
5
7
9
7
7
11
7
19
11
9
31
22
7
17
7
21
17
5
11
25
13
17
19
24
15
12
11
24
15
13
13
25
11
5
13
13
15
19
11
27
19
13
9
16
5
23
11
9
11
11
15
17
15
11
11
13
21
9
13
15
11
17
13
15
19
9
13
9
11
9
7
3
7
3
7
9
9
9
11
5
13
9
13
5
17
15
13
7
9
13
17
13
7
5
19
15
15
15
21
15
15
11
21
9
7
17
17
9
17
19
26
15
33
47
14
26
36
36
27
14
26
31
36
15
29
19
23
16
20
43
9
36
30
24
9
17
5
33
43
39
9
55
13
27
7
19
15
9
31
0
5
19
24
35
19
13
13
40
13
5
16
33
21
28
14
17
26
27
26
36
13
28
28
26
11
30
26
17
15
38
24
20
23
37
18
14
11
21
22
24
13
15
31
22
24
37
25
17
13
12
5
11
14
38
23
26
16
23
23
10
26
30
16
13
13
21
16
9
16
9
12
17
24
75
30
26
24
13
15
34
26
29
19
11
1
45
32
23
27
26
9
20
31
22
21
29
15
18
18
14
7
10
15
0
44
28
24
14
38
26
13
25
27
35
20
9
15
21
35
38
47
22
35
47
22
29
24
43
23
16
37
42
25
14
15
14
13
30
13
7
19
3
27
30
30
29
19
12
22
27
21
13
9
20
20
22
20
36
18
32
11
18
24
30
19
0
14
14
16
0
46
16
38
35
19
40
34
46
31
42
20
25
44
25
17
23
30
20
11
15
14
29
31
37
33
18
31
18
16
20
12
14
26
40
8
42
31
24
10
23
26
10
30
27
13
27
42
20
19
35
13
26
27
38
15
19
33
16
24
16
23
18
8
12
36
44
22
21
33
44
36
15
21
13
22
26
3
3
1
13
18
1
20
10
0
29
1
4
17
0
23
0
23
16
0
17
0
17
0
18
0
20
0
13
0
22
1
16
25
1
19
0
0
18
1
12
3
0
12
8
2
1
17
23
0
22
13
0
14
3
0
16
13
10
2
18
15
23
0
13
0
2
2
0
19
17
0
0
4
24
0
21
14
0
0
27
0
0
23
0
15
12
2
0
17
2
19
30
0
19
0
24
18
4
18
0
0
4
19
0
21
19
1
0
2
13
0
0
0
0
23
1
22
26
2
0
0
2
14
12
13
0
22
25
27
1
22
23
15
2
14
5
0
5
20
20
0
24
15
0
14
13
0
0
26
12
18
0
18
23
25
20
16
6
10
2
20
25
2
20
19
15
25
20
14
4
16
15
0
0
2
19
0
4
26
20
0
4
0
16
19
0
17
0
25
17
22
0
1
0
12
15
19
0
0
0
20
21
29
19
28
10
21
12
0
0
2
30
0
20
36
0
1
9
15
11
23
0
1
13
0
15
1
0
26
0
23
0
0
17
0
0
0
0
3
19
29
13
4
14
0
33
18
18
21
16
19
19
0
5
15
17
0
0
29
22
0
16
20
21
16
13
0
0
0
0
8
18
0
17
23
0
0
3
14
24
0
3
2
1
18
26
19
17
16
30
19
27
25
24
35
21
24
26
27
22
48
30
34
21
24
25
21
27
29
20
36
26
17
22
31
24
22
36
33
18
48
36
21
34
34
25
29
16
29
26
20
23
31
31
32
26
26
25
26
22
26
24
29
31
17
34
64
19
27
31
19
15
26
28
18
27
16
17
18
10
29
27
7
34
41
30
30
25
14
31
34
31
33
25
17
48
24
22
23
26
16
34
25
19
30
31
22
23
32
17
23
33
28
16
26
27
14
30
21
17
31
27
18
21
23
31
25
23
36
25
29
35
24
18
21
22
17
25
31
32
17
25
26
26
12
14
20
48
16
35
19
27
32
23
40
17
19
15
28
23
25
32
15
9
20
31
28
24
25
25
16
15
32
30
27
42
32
48
23
20
18
27
28
26
16
27
25
21
28
23
29
20
19
31
31
22
28
23
27
33
26
26
18
36
21
22
35
60
29
29
20
24
30
60
12
22
18
18
23
26
26
31
25
18
28
19
19
29
31
30
33
25
18
31
26
25
16
18
21
16
27
18
25
26
28
29
33
22
32
29
17
27
50
32
9
23
5
26
27
30
19
26
25
22
28
27
23
18
19
39
39
16
30
33
20
37
27
20
23
28
21
16
19
30
18
26
24
16
34
28
21
31
29
28
40
18
20
1
1
3
20
1
5
1
0
6
0
14
1
11
7
14
22
1
0
5
12
3
1
11
0
7
19
7
22
3
1
15
7
3
12
1
2
5
3
28
5
1
3
1
2
17
3
3
26
17
3
1
9
2
7
11
3
1
10
2
1
6
14
6
19
8
3
0
3
1
10
15
18
5
1
14
3
1
0
2
6
1
13
1
1
16
14
5
1
3
1
3
10
11
2
12
1
14
1
1
6
5
1
10
3
3
1
13
0
3
4
9
3
3
3
13
3
1
7
33
9
12
14
1
14
3
11
35
3
12
3
5
0
3
1
3
1
3
6
23
0
3
3
2
1
13
1
14
1
3
15
1
9
1
1
2
9
21
1
3
1
1
2
0
29
5
0
1
12
3
1
3
5
13
4
25
1
6
2
3
1
0
1
1
12
18
3
2
0
9
0
1
1
17
3
14
10
3
12
5
5
8
2
0
1
2
23
12
3
0
2
1
4
1
17
0
1
4
15
13
27
25
1
2
5
11
2
16
5
17
20
0
1
7
12
5
42
8
0
1
1
1
3
1
13
2
12
3
2
16
14
3
3
16
14
1
2
0
21
1
2
1
12
5
33
1
5
1
9
3
22
1
19
5
1
5
25
3
2
28
18
8
37
16
2
1
24
0
5
7
3
5
5
5
6
3
3
10
5
17
7
2
2
5
13
3
12
11
5
3
7
4
3
3
11
15
11
7
4
17
17
3
6
7
14
3
10
3
15
5
6
4
5
5
9
10
8
11
2
10
9
6
27
3
6
7
3
2
5
2
18
5
7
9
10
6
2
7
11
12
10
12
25
11
7
12
9
11
3
7
7
14
20
12
13
8
12
10
10
29
12
10
16
9
5
2
5
4
11
5
9
3
10
19
9
12
19
15
9
10
16
7
11
8
9
7
8
14
5
16
5
8
15
12
14
11
8
16
3
12
14
9
24
20
10
10
15
11
5
10
14
27
12
5
13
12
6
5
9
8
13
14
16
12
10
13
16
5
10
13
8
12
9
12
8
5
12
11
14
11
13
12
15
10
15
15
12
16
24
7
12
16
7
10
10
18
18
7
11
13
10
14
14
8
18
17
13
10
15
13
10
14
11
13
8
16
12
15
22
5
16
17
8
16
13
41
15
8
13
12
13
14
8
9
17
9
10
15
9
9
10
10
9
11
3
11
6
10
9
27
6
9
11
8
7
7
9
17
11
7
10
4
4
10
10
11
16
10
3
3
9
5
12
6
14
7
8
7
14
5
8
3
6
6
9
5
9
5
9
7
6
10
2
4
6
8
1
0
1
1
1
0
3
0
0
0
0
0
1
1
1
0
1
1
1
0
1
0
1
0
1
1
1
1
0
0
0
0
1
1
1
1
1
0
1
1
0
0
1
0
1
0
1
1
1
0
0
3
3
1
3
0
0
0
1
1
1
0
0
0
0
1
1
0
0
1
1
0
0
0
0
1
1
1
1
1
1
0
0
1
1
1
1
1
1
1
1
1
0
0
0
1
1
1
1
1
0
1
1
1
1
1
1
1
0
0
1
0
1
1
0
0
0
0
0
1
0
1
0
1
1
1
1
0
1
0
1
0
0
0
1
0
1
0
0
0
1
1
0
1
0
1
0
0
1
1
0
0
1
1
0
0
0
0
1
1
1
1
3
1
1
0
1
1
0
1
1
1
1
1
1
1
0
1
1
1
0
1
1
1
1
0
1
1
0
1
1
1
1
1
1
0
1
1
1
0
0
1
1
1
1
1
1
0
0
1
1
1
1
3
1
1
1
1
0
1
1
1
1
1
0
1
1
0
1
1
0
1
1
1
0
0
0
0
0
1
1
1
1
1
1
1
1
0
0
0
1
1
0
0
1
1
0
1
1
1
1
1
0
1
0
1
1
1
1
0
1
1
1
1
0
0
1
1
1
1
0
0
0
0
1
0
1
0
