7
8
5
5
3
4
6
7
5
5
6
7
5
5
4
4
7
5
4
5
7
7
5
5
5
5
4
6
7
8
5
2
5
5
7
6
6
7
5
5
5
5
5
5
4
5
5
6
5
7
5
5
6
6
6
5
6
5
5
6
6
5
6
5
6
6
7
5
6
6
7
7
5
6
5
7
5
5
6
6
7
5
6
4
5
5
5
5
5
4
5
6
6
6
6
6
7
5
6
5
6
7
6
5
4
5
5
6
5
7
6
5
6
7
9
5
5
5
10
4
5
6
5
6
7
5
8
7
7
5
7
10
4
6
5
5
5
5
21
5
6
6
6
8
5
5
6
4
8
5
6
5
5
6
5
5
5
4
5
5
4
6
9
5
7
7
6
5
7
8
7
4
5
11
3
5
6
5
5
7
7
5
9
5
5
5
5
5
5
4
5
5
12
7
7
8
6
5
5
9
8
5
4
5
6
7
7
6
7
6
8
7
6
8
5
5
5
7
6
6
5
5
8
6
5
4
5
5
6
7
5
7
8
5
6
5
6
6
5
5
8
3
4
5
5
5
3
5
7
5
7
5
5
4
7
4
5
5
8
5
6
6
6
7
7
6
5
4
7
5
5
7
6
7
6
4
7
6
7
7
5
5
5
5
5
5
7
7
71
88
89
34
95
47
37
38
38
50
73
73
67
71
94
56
56
88
36
58
36
29
46
48
79
82
48
78
84
82
83
92
42
38
86
80
69
87
69
88
78
89
85
43
28
36
60
69
86
83
65
69
79
59
29
65
20
18
34
29
92
87
71
38
69
48
73
89
31
42
48
87
75
34
44
57
44
85
66
38
10
34
50
25
53
28
88
46
65
69
90
23
32
48
68
80
65
77
85
89
73
36
23
81
36
37
10
72
85
78
43
63
81
86
84
79
52
38
42
68
90
70
84
79
80
67
44
81
28
13
39
12
81
90
88
40
70
74
38
50
38
27
42
41
81
67
48
61
77
58
90
87
40
38
36
34
77
81
72
85
81
88
82
60
27
26
81
38
81
83
65
72
38
58
49
71
47
36
11
53
73
86
50
71
27
54
35
81
30
40
33
48
66
68
80
69
73
84
48
63
42
83
50
33
71
55
85
86
73
35
38
82
40
34
68
21
87
36
54
40
86
68
44
48
38
29
25
59
82
63
71
75
90
89
42
63
21
38
63
48
58
81
56
75
80
69
82
83
29
46
40
69
61
85
76
41
79
63
52
55
9
19
38
92
89
65
29
82
26
28
43
29
36
34
63
58
80
45
81
77
88
46
26
56
23
9
89
79
6
2
8
4
10
4
12
18
17
6
10
12
12
4
10
12
4
12
8
10
14
7
8
4
6
6
2
2
8
14
8
2
2
2
6
4
18
2
4
10
8
4
12
12
16
6
6
14
8
4
10
8
2
10
15
6
6
2
2
14
8
8
14
14
4
4
4
4
4
6
6
12
14
10
4
6
10
8
17
8
20
4
6
8
4
6
6
12
2
6
4
10
8
6
10
10
8
6
18
8
4
10
12
10
10
4
10
2
10
6
8
18
12
4
8
8
4
6
6
10
10
4
4
4
4
12
16
8
8
12
10
18
6
12
4
15
10
6
10
12
6
16
8
4
2
12
14
4
10
4
17
12
8
8
12
18
14
16
12
14
2
6
4
6
10
8
4
6
14
14
6
16
16
6
8
16
12
10
6
4
14
19
15
6
6
22
12
8
8
16
8
6
4
4
14
16
20
10
8
12
10
10
18
8
6
4
4
4
8
6
12
8
10
6
14
15
10
6
14
8
4
4
6
14
12
17
6
6
8
2
8
6
6
4
2
6
8
4
6
6
2
17
8
4
8
2
2
2
6
4
4
4
6
6
6
6
4
4
2
4
0
0
2
0
2
0
4
2
0
4
0
4
2
0
2
4
2
0
0
2
2
2
10
0
0
2
4
0
0
46
17
6
26
20
0
0
0
0
0
38
30
2
26
0
0
0
0
0
0
0
0
37
5
30
35
26
24
6
28
25
0
0
0
33
0
22
29
25
41
11
15
24
0
0
0
32
38
33
26
40
65
0
0
0
0
10
0
14
22
25
40
36
36
2
0
14
38
0
0
30
43
34
11
39
30
0
0
0
0
0
0
38
48
25
29
30
35
0
0
0
0
0
0
44
29
27
29
22
0
24
0
0
0
0
0
24
8
35
37
30
26
0
19
14
0
0
0
28
0
44
18
29
0
2
1
19
0
0
0
25
0
22
23
28
0
22
20
0
0
0
0
0
24
32
28
34
0
4
12
25
0
0
0
16
12
28
29
0
4
0
0
0
15
0
29
22
0
7
14
0
30
16
44
0
18
4
15
19
0
27
0
0
0
0
0
0
0
3
5
10
23
25
22
0
7
0
0
3
24
41
0
28
0
0
17
22
17
9
2
3
20
31
0
2
28
0
0
33
0
27
0
0
8
27
5
21
2
16
56
0
0
0
0
0
0
6
0
0
0
0
2
1
2
0
22
0
20
6
24
4
2
18
0
0
0
0
0
0
0
0
0
0
0
19
2
20
9
13
0
17
0
0
14
29
0
71
0
0
0
0
0
0
0
0
0
8
27
18
18
13
9
30
24
22
18
32
17
40
13
24
18
9
9
11
4
11
11
11
15
16
9
8
11
7
8
27
33
16
25
13
13
20
22
24
9
6
7
17
2
8
13
9
17
21
13
15
13
8
11
9
7
13
7
11
9
11
7
17
11
23
17
15
9
15
12
6
19
17
6
9
17
9
13
42
41
21
15
33
47
9
11
14
6
13
6
9
16
7
9
16
6
15
28
19
7
25
19
17
21
22
19
17
22
18
25
9
21
21
19
11
22
17
15
15
7
31
21
25
32
34
18
40
11
27
22
23
37
28
17
32
51
8
30
22
11
20
18
21
17
18
9
19
26
6
13
11
20
10
6
18
21
15
15
11
18
18
21
11
21
29
28
18
29
13
20
9
28
13
9
18
24
6
28
30
42
16
36
13
38
24
19
42
7
54
27
29
21
7
33
40
21
36
24
32
11
7
25
24
13
7
23
9
11
14
11
74
2
4
9
18
16
25
33
32
6
25
13
70
78
26
27
41
11
19
50
47
7
9
32
39
50
28
8
21
9
24
36
40
7
18
9
0
9
28
11
8
28
15
27
11
23
19
13
17
23
21
13
22
26
20
28
38
25
21
15
28
52
34
26
22
23
23
34
9
9
34
8
17
17
40
26
11
26
13
21
17
21
29
28
19
29
23
21
23
17
23
25
27
25
23
19
23
23
31
29
29
19
31
31
39
31
31
21
40
29
24
29
29
29
36
35
37
39
33
39
39
36
40
27
35
35
23
36
23
23
37
29
48
31
39
25
42
37
33
25
39
39
42
37
44
44
43
35
44
40
33
41
31
56
34
42
44
28
43
44
23
23
10
27
12
19
15
14
19
15
37
25
21
29
35
25
29
31
35
23
35
33
23
37
39
23
29
26
27
33
35
40
35
40
29
21
27
35
19
31
19
27
31
21
19
19
29
38
27
31
33
36
30
35
19
21
29
29
35
39
33
33
25
29
31
47
29
29
38
25
23
32
29
35
27
33
27
35
30
15
19
19
15
25
17
15
19
23
25
35
23
29
46
33
19
19
15
25
27
27
21
17
17
35
39
31
33
25
37
41
33
23
19
23
31
19
17
25
14
42
19
21
27
21
16
27
14
19
39
19
23
23
19
19
25
25
16
21
31
19
21
27
39
15
12
35
27
37
17
27
15
23
27
16
29
25
15
29
8
25
23
19
17
19
16
18
21
19
19
19
15
21
19
27
23
23
17
21
21
21
29
62
23
27
37
25
19
21
21
19
29
19
17
17
17
17
25
19
13
25
19
15
21
17
10
17
17
12
49
14
19
12
17
12
16
10
14
10
4
18
6
18
14
14
12
8
10
14
16
18
16
13
8
17
16
18
8
12
21
10
8
10
10
21
31
19
19
17
14
18
15
25
21
10
12
12
16
33
25
16
23
23
27
10
19
8
17
50
25
10
10
27
29
14
23
11
12
14
8
10
8
14
6
10
8
10
8
10
12
10
8
14
14
10
12
14
14
8
12
8
12
16
14
12
14
6
10
16
23
16
12
16
8
4
4
16
10
12
10
2
16
10
18
12
12
10
10
19
12
10
10
10
4
8
6
10
6
12
2
6
6
6
10
6
12
4
10
6
8
8
10
10
8
8
6
10
8
8
8
8
10
53
4
16
8
12
8
16
12
21
12
27
10
10
16
19
25
16
23
17
8
14
12
29
18
18
15
23
17
12
21
19
15
8
16
10
25
16
15
18
29
10
18
8
14
35
15
19
12
14
25
21
16
14
29
27
27
6
25
53
14
12
13
19
10
10
8
27
14
21
14
10
14
12
23
18
10
10
20
10
8
17
17
10
33
10
12
14
12
12
12
8
8
16
10
6
12
16
10
14
16
14
10
8
16
12
12
23
18
8
4
21
14
10
10
21
15
6
14
29
14
21
10
14
14
27
8
8
6
11
8
12
9
18
29
2
4
0
1
2
4
0
0
2
0
2
2
0
2
2
0
0
1
0
5
7
4
2
0
2
2
0
5
10
1
4
2
4
7
2
4
0
7
0
0
4
3
13
2
4
14
16
0
5
0
2
0
0
0
2
7
0
2
10
0
0
2
0
2
1
1
11
1
2
7
2
1
3
2
0
0
0
1
0
2
2
0
2
2
2
0
4
2
0
0
4
5
5
1
12
0
2
2
1
5
4
0
1
1
0
2
2
4
4
1
1
3
0
2
2
2
4
2
2
2
2
0
1
5
0
0
0
4
2
0
0
0
0
0
2
5
2
5
1
2
0
3
2
3
0
0
0
4
2
2
4
7
16
4
12
0
3
4
1
2
6
0
0
2
2
5
6
2
2
0
2
2
4
0
4
4
0
6
2
0
0
2
0
0
0
2
0
0
4
1
2
1
2
0
0
0
2
2
2
2
0
2
3
0
1
4
2
2
0
0
0
4
0
2
1
0
0
0
2
0
0
2
2
2
0
1
4
0
0
1
0
7
2
2
2
0
0
2
3
2
2
0
7
2
0
2
0
0
1
0
2
2
4
0
3
1
2
2
0
5
2
12
2
4
2
2
2
0
2
2
4
3
3
2
0
0
4
1
0
4
0
2
2
5
4
2
2
2
0
2
6
8
13
4
15
8
15
25
12
6
12
14
12
12
14
17
8
27
10
8
10
23
14
15
16
12
10
15
8
10
8
41
14
19
17
14
17
17
19
17
10
15
12
18
25
16
17
14
15
12
19
19
14
19
14
25
23
19
35
21
13
16
12
25
27
17
14
17
25
25
12
15
21
8
13
27
23
20
21
19
32
17
29
21
29
15
14
12
21
10
29
41
25
43
25
25
15
31
12
33
23
19
12
53
39
23
27
19
15
21
29
17
50
29
19
37
27
17
17
16
17
17
21
23
71
19
25
22
19
23
58
23
8
52
10
60
14
4
14
6
12
8
6
8
23
2
19
12
6
12
10
2
2
6
17
17
31
8
21
14
10
12
14
11
6
6
19
6
14
15
6
4
8
2
8
10
8
14
4
12
10
2
8
10
6
2
8
6
10
13
13
2
6
21
6
2
12
6
6
6
21
6
6
12
10
6
8
4
8
2
4
8
10
4
8
6
4
10
6
6
2
4
8
4
13
17
4
18
35
18
18
10
12
12
8
15
10
14
14
22
29
21
18
8
17
27
10
25
17
25
21
27
37
29
19
29
25
25
17
60
19
19
10
23
4
2
25
6
4
8
8
8
13
14
6
31
4
6
33
4
35
6
6
4
6
8
5
7
13
3
12
6
6
2
1
6
2
27
22
6
16
20
18
22
21
55
29
14
27
34
17
29
8
20
9
26
15
27
22
11
10
21
9
10
20
6
18
13
9
1
2
1
5
2
0
5
0
0
9
4
0
0
2
6
0
4
1
0
0
1
2
2
2
0
4
0
4
4
2
24
5
2
2
55
4
1
4
8
4
2
72
1
4
0
0
7
5
5
2
4
4
0
4
5
4
4
4
2
3
2
2
6
2
5
2
3
7
4
0
4
12
20
8
1
2
4
3
2
3
8
10
1
9
0
3
2
2
3
2
35
6
4
7
13
2
0
1
1
2
0
5
4
1
8
4
0
5
4
2
2
8
0
2
1
19
2
7
7
2
26
5
1
2
2
2
2
2
9
2
2
2
0
2
0
0
3
1
6
0
2
0
1
6
3
3
8
2
2
8
4
7
1
8
4
3
2
0
5
2
0
4
9
0
5
5
1
5
1
2
4
3
0
0
2
2
2
5
7
2
2
4
4
0
4
4
2
2
1
1
2
3
2
9
7
2
2
2
4
13
6
5
1
7
4
0
7
0
1
2
6
5
3
5
12
5
0
1
22
2
3
1
3
1
3
5
5
5
13
3
7
1
0
2
2
9
13
4
2
1
5
2
3
1
2
