0
0
1
1
0
0
2
0
2
0
1
0
0
2
0
0
1
2
0
2
0
0
0
1
0
2
2
0
2
2
2
0
0
2
2
0
0
2
0
1
0
0
0
0
2
0
1
0
1
0
1
1
2
1
0
2
2
0
1
0
1
2
2
0
2
0
2
1
0
0
0
1
2
2
0
2
1
2
0
2
0
0
2
0
1
0
2
0
1
0
0
0
2
0
0
2
0
1
0
0
0
3
2
1
2
0
1
1
0
0
1
2
1
0
1
0
2
0
2
0
2
0
3
1
2
0
2
2
2
2
0
0
1
2
2
2
0
0
0
0
2
0
2
2
2
0
0
0
2
1
2
2
0
2
0
1
0
2
0
2
0
2
1
0
0
0
1
1
0
1
0
0
1
2
2
0
0
0
1
1
0
0
1
0
1
0
1
1
2
0
1
0
1
1
1
0
2
2
1
1
1
2
0
1
2
1
1
2
1
0
1
2
0
0
1
0
0
2
1
0
1
0
0
2
3
0
1
0
1
0
2
0
0
1
2
1
0
2
2
2
0
2
2
0
0
0
1
1
0
2
0
1
2
1
0
0
0
0
0
1
0
2
0
0
0
0
2
0
0
0
0
2
0
0
0
0
2
0
1
2
2
0
0
0
0
0
0
0
0
2
0
0
0
2
4
0
2
4
0
0
8
12
8
0
0
0
0
2
4
0
6
2
8
0
0
6
13
7
2
4
5
0
2
11
2
0
4
0
4
0
2
1
0
0
0
0
2
8
0
0
0
0
0
2
0
2
2
0
0
0
0
0
2
2
0
0
2
0
0
0
2
2
6
0
0
2
0
5
2
2
0
0
5
0
2
2
4
4
0
0
0
4
4
0
0
4
2
2
0
2
0
2
2
0
4
6
4
0
0
1
0
2
8
0
0
2
2
4
7
2
0
6
0
0
0
0
0
0
0
0
2
5
2
0
0
0
0
0
0
2
0
0
2
0
2
4
0
0
0
2
0
2
3
0
2
2
0
0
3
4
4
2
0
4
2
2
2
5
2
2
5
2
2
2
2
6
2
4
0
7
4
5
11
10
9
4
0
10
9
0
11
6
7
2
2
2
7
2
4
3
6
3
6
9
0
11
7
5
0
2
2
0
0
5
0
4
3
0
11
0
0
5
0
2
2
2
2
60
2
0
2
0
0
0
2
3
4
2
2
2
0
2
0
2
0
0
2
1
0
0
0
0
0
0
2
0
0
2
0
2
0
0
0
0
2
0
0
0
0
0
2
2
0
0
0
2
0
0
0
0
2
0
0
0
2
0
1
1
1
1
17
1
0
0
1
0
5
0
0
0
0
1
1
1
1
0
0
0
0
1
3
1
0
1
0
0
0
1
0
0
0
1
1
1
3
0
0
1
3
0
1
1
3
1
1
5
0
1
1
1
0
0
1
0
3
1
0
3
0
0
1
0
0
1
0
1
0
3
1
1
1
1
0
0
0
1
5
0
1
5
1
5
0
7
3
1
1
0
1
5
5
0
3
0
1
0
1
1
1
0
8
0
1
1
1
1
1
5
1
1
1
33
1
7
1
5
3
5
0
1
3
3
3
1
1
0
1
1
0
0
9
0
5
3
3
1
0
0
1
1
0
0
1
0
1
22
5
0
1
0
3
0
1
1
1
1
7
3
0
3
1
1
1
1
0
0
0
1
0
1
0
0
0
0
1
0
0
16
9
0
1
3
3
0
1
0
0
1
0
1
1
0
1
0
3
0
0
0
1
1
1
0
0
0
3
0
0
1
0
0
0
0
0
0
1
0
0
1
0
0
1
3
0
1
1
1
1
0
0
0
9
1
0
5
5
0
1
1
0
1
0
1
1
1
16
1
0
0
0
0
0
0
1
1
1
0
1
1
0
1
0
1
3
1
0
1
0
1
12
3
1
1
0
15
1
0
0
1
1
0
1
0
1
1
1
9
1
9
1
9
3
3
5
15
1
3
8
1
11
5
5
13
3
5
1
3
7
0
3
0
3
5
7
5
7
5
3
5
3
3
11
1
11
3
7
0
7
1
5
1
3
3
7
3
5
1
3
1
3
1
3
1
1
9
3
1
1
3
7
3
3
7
1
1
3
5
1
3
5
0
0
7
1
3
5
7
1
3
7
11
3
1
7
3
5
1
11
5
3
0
7
5
3
3
3
7
3
3
13
1
1
7
5
7
11
3
3
7
1
3
5
5
1
5
1
1
5
0
0
3
3
3
15
5
11
3
9
1
1
5
5
7
7
5
5
5
0
3
7
9
3
7
1
1
3
5
3
0
5
4
17
5
7
0
1
1
5
1
1
11
5
3
1
11
5
1
5
19
13
5
5
3
1
5
1
0
12
0
5
9
1
7
3
5
9
3
0
3
1
3
7
5
3
3
3
1
9
11
3
1
3
5
3
13
7
1
3
13
1
3
11
5
5
7
1
3
3
3
9
9
1
3
11
3
1
5
7
11
3
3
1
3
1
9
1
9
1
3
3
3
0
5
1
1
0
3
1
5
3
9
3
7
5
1
3
3
7
1
7
1
3
3
5
3
9
9
7
7
3
5
3
1
3
5
3
1
5
3
5
5
5
3
0
0
0
0
0
1
0
2
0
0
5
5
7
6
6
6
0
0
0
0
0
0
0
0
13
14
12
19
9
1
0
0
1
0
0
2
0
0
14
9
6
8
7
0
0
0
1
8
12
17
17
0
0
0
0
0
0
7
0
8
11
7
10
6
0
0
0
3
1
0
0
11
10
9
9
9
0
0
0
0
0
4
8
0
0
9
9
11
10
8
0
0
0
0
2
1
0
0
10
11
11
9
7
10
0
0
5
5
0
7
10
8
0
0
0
8
3
0
0
1
9
7
6
10
2
0
0
0
4
4
0
0
0
0
11
12
13
0
0
0
0
1
5
5
0
0
0
13
11
10
9
9
0
0
0
0
0
1
0
0
0
10
7
15
18
0
1
0
0
0
2
10
0
7
8
8
7
7
0
2
0
0
0
1
3
5
0
0
12
11
10
9
9
0
0
0
0
9
0
0
11
11
8
10
7
11
0
0
0
0
5
0
0
11
13
14
0
0
0
0
2
0
0
8
8
5
7
10
0
0
0
0
0
1
1
0
2
0
0
2
9
13
12
0
0
0
0
0
3
0
3
0
6
0
5
8
7
9
1
0
0
0
0
0
3
2
7
12
14
0
0
0
1
4
0
3
0
7
0
6
7
10
6
0
0
0
0
0
2
4
26
3
35
5
22
3
1
34
4
3
29
33
6
1
39
0
0
0
0
0
0
3
47
36
4
0
3
2
39
2
30
0
35
4
19
1
27
2
3
31
2
32
3
5
17
37
0
0
0
0
0
0
0
0
0
0
0
3
0
4
4
33
2
24
6
42
1
32
2
34
2
31
2
33
8
0
31
5
37
2
4
40
0
0
0
0
0
0
0
0
0
12
0
2
17
4
0
3
4
25
5
17
2
39
3
0
2
3
3
3
39
2
33
3
2
1
3
21
34
0
3
32
2
3
3
30
5
2
7
32
5
1
3
39
1
13
2
1
24
5
37
3
3
36
0
3
0
2
0
31
3
33
3
23
3
34
3
23
3
32
32
2
3
0
5
32
2
1
7
37
0
5
2
4
28
26
33
29
4
35
37
31
25
0
2
29
31
32
3
43
32
0
16
42
4
29
32
2
21
25
0
3
37
2
26
23
4
34
34
3
30
5
37
40
20
3
38
33
30
5
46
1
22
3
27
4
34
10
2
37
19
35
4
13
26
27
32
29
29
1
2
27
29
3
30
31
0
0
4
2
28
2
32
28
6
9
9
27
28
2
34
29
0
2
41
3
26
35
2
1
22
34
1
32
0
2
31
26
27
3
31
34
26
26
4
19
3
0
2
2
18
10
1
0
22
5
23
1
0
44
19
0
2
10
0
1
5
0
0
1
0
0
9
0
0
15
2
2
23
20
0
0
20
2
0
3
2
0
0
2
0
3
0
69
0
40
2
21
14
22
0
0
0
2
0
0
3
0
37
0
2
2
0
3
14
0
0
2
0
42
0
0
0
0
0
0
0
4
77
2
55
0
9
84
84
24
0
2
0
2
75
3
2
35
7
12
1
93
2
33
2
18
32
0
6
0
14
2
0
32
2
0
0
25
2
73
0
20
0
0
44
1
1
2
86
20
16
86
79
38
0
0
18
2
1
0
0
0
42
0
0
2
0
0
0
56
0
0
0
29
0
33
0
1
0
2
20
0
7
5
26
0
87
21
0
25
0
25
2
0
19
0
4
10
0
0
15
41
0
2
33
7
5
3
0
2
0
20
28
0
0
23
0
0
2
0
2
36
2
42
31
0
0
18
0
0
56
0
0
0
0
2
0
26
2
0
0
18
0
0
64
0
0
0
69
2
10
2
20
0
2
42
0
26
12
0
28
24
19
0
38
2
0
0
0
2
23
35
0
64
0
22
19
3
0
38
32
2
0
3
56
3
0
0
2
0
70
0
2
0
3
5
7
0
23
2
4
0
2
0
2
0
0
0
0
2
0
4
4
2
2
2
2
0
2
0
2
0
2
2
0
2
2
2
2
0
2
4
2
2
2
4
2
2
2
2
2
2
2
0
0
4
0
2
4
4
2
2
2
2
0
2
2
0
2
0
4
4
2
0
2
2
2
2
2
2
2
2
2
2
6
4
2
0
2
2
2
2
2
2
0
2
2
2
2
0
0
0
2
0
0
2
2
0
2
4
2
2
2
2
2
0
0
2
2
2
2
2
2
2
2
0
2
2
0
0
2
2
4
2
0
0
2
2
2
2
2
0
2
0
2
2
2
0
2
0
2
2
2
2
0
4
2
2
0
4
0
2
0
2
2
2
0
0
2
2
2
0
2
0
2
2
2
2
0
2
2
2
2
2
2
2
2
6
2
2
2
2
2
2
2
0
2
0
2
2
0
2
2
2
2
2
0
0
0
2
2
2
0
6
2
2
2
2
2
4
2
0
2
0
2
2
2
2
2
2
2
4
0
2
0
2
2
0
0
2
4
0
2
2
0
2
2
4
2
2
0
0
0
0
0
2
2
2
0
2
2
2
2
2
0
2
2
2
0
0
2
2
0
2
2
2
0
2
2
2
2
2
0
2
2
0
4
2
0
2
0
0
2
4
0
2
4
2
6
0
2
0
2
0
2
2
10
12
10
11
11
9
11
11
11
11
11
10
13
11
13
11
9
10
13
11
11
11
11
11
9
11
9
9
11
11
11
11
11
11
12
10
9
9
9
11
11
11
9
13
11
11
11
11
11
11
11
9
11
11
11
9
11
10
9
9
11
9
11
11
9
11
11
11
9
11
11
11
11
11
11
7
11
9
11
11
11
11
13
11
11
11
11
11
11
9
11
11
11
11
11
11
9
11
13
10
11
11
10
11
9
10
11
9
11
11
11
11
11
11
11
11
11
11
11
9
11
9
11
11
11
11
11
7
11
11
9
10
8
11
9
11
11
9
11
11
11
10
9
9
11
11
11
9
11
11
11
11
11
11
11
10
9
9
9
10
11
11
9
11
9
9
11
9
11
7
9
11
11
11
11
11
11
11
9
9
11
8
11
9
9
11
11
11
9
10
11
11
11
11
11
11
10
11
11
9
11
9
12
10
11
9
11
12
10
11
8
11
11
11
11
11
9
9
7
10
9
11
11
11
11
11
10
9
7
9
5
7
5
9
9
9
9
5
5
9
7
11
9
11
7
9
8
9
7
8
9
7
11
8
9
9
11
8
9
9
7
9
9
9
9
9
9
9
9
9
9
5
11
11
9
8
7
11
7
9
5
8
6
8
9
9
9
9
0
4
0
4
39
4
2
2
6
6
6
2
2
0
2
2
0
49
2
4
4
4
4
2
6
0
6
2
0
0
2
4
3
0
0
0
6
2
39
2
0
0
0
4
2
2
2
0
2
2
0
40
0
0
0
4
2
0
0
2
0
4
2
0
0
4
0
2
4
2
0
2
0
2
0
0
2
4
2
2
2
2
6
0
10
2
6
2
0
0
4
2
0
0
0
88
2
0
0
0
0
0
0
2
0
2
0
67
4
0
41
0
4
4
4
2
0
2
2
6
0
0
0
0
0
4
2
2
0
0
2
0
4
4
0
0
4
8
4
2
2
2
0
0
2
4
0
0
2
0
2
2
2
6
4
8
4
4
0
2
0
0
0
2
2
6
2
4
0
2
2
7
2
2
0
4
2
2
0
0
4
0
2
2
0
0
4
4
8
6
2
2
0
0
2
0
2
49
0
2
8
2
4
4
6
0
11
6
2
4
4
0
2
8
4
93
6
2
2
0
0
0
2
4
4
10
2
2
2
2
0
0
2
0
4
4
8
4
0
2
3
4
2
4
2
0
2
2
2
0
0
93
4
6
30
0
2
0
2
0
4
9
0
6
0
0
2
0
2
4
6
2
43
0
2
2
0
79
6
2
2
8
2
4
6
0
0
2
