11
0
3
0
0
0
0
3
0
0
0
0
0
5
1
3
3
1
3
1
0
0
1
9
13
0
3
0
7
0
3
1
1
5
0
1
0
7
7
1
0
7
0
7
0
0
3
1
5
11
3
1
0
5
1
0
3
1
0
3
0
0
1
1
1
5
0
5
11
11
68
1
0
3
1
1
3
11
0
0
3
1
5
0
0
3
0
9
0
9
3
9
0
11
0
5
3
3
0
15
0
13
0
5
3
1
1
34
0
0
3
0
0
7
0
0
1
0
1
3
0
0
1
1
0
1
12
1
1
0
1
3
4
0
1
1
0
3
7
1
11
11
9
0
5
13
1
5
0
5
3
9
3
1
8
0
1
5
0
0
3
0
8
3
1
5
9
3
3
0
8
9
1
1
1
3
0
16
1
7
1
1
0
0
0
1
3
1
1
0
7
0
3
5
1
0
3
1
1
3
1
0
0
3
3
0
0
13
0
12
0
0
1
1
5
0
8
0
0
0
1
1
0
7
1
1
0
0
0
1
0
0
1
3
0
5
1
11
0
0
0
0
3
0
0
0
0
13
5
0
0
7
3
0
0
0
1
1
0
0
3
0
0
5
1
0
0
5
0
3
0
1
3
0
1
1
0
0
12
7
3
1
1
3
1
3
0
0
0
0
2
3
0
55
4
0
0
2
64
0
0
1
0
41
0
0
90
0
0
0
0
0
3
0
2
66
21
0
0
0
0
0
0
0
0
0
0
66
43
26
55
36
0
0
0
0
0
0
2
0
17
53
18
2
0
34
0
0
23
0
2
3
0
0
0
8
47
69
4
3
14
20
0
7
2
42
4
0
0
31
1
2
14
18
0
0
11
0
0
0
35
0
2
60
2
16
18
0
0
17
25
2
40
2
0
0
0
69
2
2
0
16
2
0
10
2
7
0
38
2
5
1
44
0
0
2
40
41
0
2
1
22
0
3
12
2
0
13
24
18
0
0
0
29
0
18
12
19
50
2
2
43
2
0
14
23
0
1
0
3
5
64
2
25
0
4
41
2
53
0
2
6
15
0
0
0
0
0
29
13
23
2
3
0
2
30
0
72
0
0
0
0
0
0
2
18
0
21
4
26
0
0
0
0
17
4
2
2
32
83
0
34
0
2
2
35
0
0
0
2
5
25
0
0
0
0
0
0
6
0
15
0
31
0
0
29
0
0
0
2
2
38
2
2
0
0
74
0
0
0
0
0
7
0
1
76
41
0
67
0
0
0
0
0
0
12
58
35
0
55
0
0
0
0
0
0
3
95
0
30
1
0
0
0
0
0
2
2
0
2
0
2
2
2
5
2
4
2
4
4
0
0
5
2
2
0
0
1
0
0
4
2
5
0
4
0
2
0
4
0
2
3
0
0
0
0
2
4
2
0
0
4
0
0
4
2
10
0
2
0
0
2
0
0
2
2
0
0
2
0
2
0
1
2
4
2
0
0
0
2
0
2
0
1
2
2
4
2
5
0
2
2
0
1
0
2
7
6
2
0
2
0
2
0
0
5
2
0
3
2
0
0
2
2
0
2
0
0
2
0
2
0
2
2
2
0
2
2
2
0
1
0
0
4
2
0
0
1
4
0
3
0
5
3
0
4
4
2
2
2
2
0
7
2
4
5
0
30
0
5
2
0
0
0
2
0
4
0
0
2
0
0
4
0
0
0
0
2
5
2
2
2
2
5
0
0
2
2
2
0
2
0
0
0
2
2
2
0
0
0
2
0
4
2
4
2
0
2
0
2
2
2
0
0
0
0
4
2
2
2
0
2
4
0
2
4
2
4
2
0
0
2
2
0
2
0
0
0
0
1
1
0
0
0
2
2
0
0
2
3
2
4
2
0
2
4
2
2
0
2
4
0
2
0
0
0
0
0
2
2
0
0
0
0
4
2
2
0
0
0
0
0
2
2
2
0
5
2
4
2
0
2
0
0
17
17
0
21
1
9
1
1
5
10
26
1
21
0
13
8
33
3
11
1
26
1
0
9
32
1
9
1
25
3
24
10
32
3
1
3
0
13
10
8
3
39
3
3
29
8
8
0
20
6
25
18
1
17
32
24
34
0
7
0
26
23
16
25
27
3
3
9
22
5
0
1
18
27
1
4
10
0
0
15
12
1
25
1
0
15
7
1
9
11
12
24
28
0
10
7
1
11
22
8
4
5
7
19
7
1
20
5
17
1
1
19
0
12
9
20
17
23
23
3
3
29
11
13
10
1
1
15
20
31
0
1
0
22
8
0
11
1
17
14
15
3
0
0
1
1
2
24
1
5
4
0
3
1
11
24
3
1
16
9
27
20
3
24
1
19
25
13
0
0
3
15
3
0
8
1
10
0
3
1
0
0
1
5
16
0
0
21
23
12
1
1
0
0
25
11
4
15
19
0
12
23
0
11
5
1
18
7
25
28
0
1
12
0
24
4
18
0
1
16
8
10
7
12
1
0
1
1
0
2
16
21
3
0
13
15
29
24
0
1
14
7
10
15
24
27
16
36
0
1
3
0
15
7
10
18
12
1
11
26
3
21
1
3
1
11
1
22
14
1
10
4
24
0
1
0
13
1
27
30
0
12
8
21
19
0
0
26
28
62
28
16
24
51
32
36
16
28
38
22
46
26
35
6
50
32
26
25
46
48
11
26
9
23
15
13
11
36
36
41
15
29
26
35
58
33
24
12
25
18
9
24
27
14
17
43
24
27
15
7
19
32
11
34
15
13
30
20
28
32
17
49
36
30
17
11
22
26
49
42
10
4
30
13
26
20
18
14
31
20
18
16
26
14
6
12
20
23
23
38
25
29
44
28
52
35
20
55
34
19
40
32
45
25
32
48
38
49
42
19
56
15
25
37
41
29
17
65
15
42
65
15
58
38
33
40
22
37
38
51
20
45
38
14
36
22
32
41
33
55
37
48
41
26
49
21
49
54
35
51
40
52
49
38
29
24
30
14
46
70
32
60
32
34
47
45
62
30
63
70
60
49
36
55
15
36
69
55
67
73
54
58
50
59
36
30
48
28
62
53
29
34
16
14
31
42
36
37
36
43
45
26
47
59
45
57
30
42
41
38
22
24
34
41
27
24
13
50
35
24
26
15
35
52
21
43
42
37
39
16
43
45
35
32
39
42
22
55
42
31
24
40
13
26
46
14
38
40
47
20
64
31
21
15
13
53
51
36
20
42
28
21
13
28
50
15
24
41
34
22
34
34
18
33
37
32
35
19
29
9
35
38
34
13
24
35
13
19
18
17
23
19
0
1
13
26
29
51
25
20
33
2
27
25
21
9
14
18
27
20
36
32
39
67
25
71
29
17
21
5
14
18
13
21
29
8
24
71
23
59
23
12
31
15
14
19
17
16
28
42
25
32
23
35
17
22
20
40
41
32
19
15
27
37
23
59
43
21
15
12
61
23
15
21
23
64
28
14
14
35
30
23
18
23
19
18
13
50
37
17
14
24
12
20
33
15
20
42
77
44
29
19
23
34
40
15
19
48
24
23
17
30
38
20
20
18
27
20
23
20
29
22
22
18
45
27
28
26
42
62
15
16
50
23
26
31
26
14
14
14
18
26
14
56
15
22
26
5
11
55
29
20
13
10
11
21
24
12
32
37
27
18
25
35
35
26
27
0
7
22
28
11
19
15
27
14
15
18
24
30
10
28
25
49
22
28
19
27
31
26
11
21
5
14
52
24
29
23
29
24
26
16
61
57
22
8
21
23
24
30
16
40
20
27
26
18
25
11
34
29
27
27
20
18
27
9
31
44
15
17
51
5
32
16
24
72
49
25
20
40
21
7
28
16
26
48
57
16
34
31
26
15
18
32
16
6
34
26
24
13
8
32
15
21
18
20
25
2
15
38
27
21
20
21
24
22
35
3
16
22
56
14
11
19
10
6
11
7
9
18
9
7
7
9
7
7
11
7
19
11
7
7
7
12
13
5
7
9
19
11
5
11
5
9
19
11
9
5
11
9
9
15
13
7
17
13
13
7
11
11
23
11
5
13
15
9
11
11
13
9
13
9
17
11
5
9
9
11
7
13
9
3
7
13
11
11
13
14
14
22
13
21
7
7
15
18
24
3
23
13
28
13
3
13
23
7
25
17
7
13
7
13
5
13
19
5
15
9
11
3
13
13
11
3
19
15
13
11
17
15
7
22
21
11
19
21
21
9
23
11
14
21
11
7
15
11
7
2
16
7
11
7
3
13
7
5
7
7
9
5
3
9
7
9
7
13
5
11
3
3
7
5
1
9
5
9
5
3
15
5
1
13
11
7
13
7
13
9
9
3
5
14
11
13
7
3
3
3
9
7
0
7
1
15
9
19
5
5
1
5
7
3
5
7
5
7
11
9
13
7
13
7
9
7
3
5
0
9
13
11
3
13
0
9
3
1
9
13
7
9
5
11
7
29
5
11
17
3
5
11
27
22
11
9
11
11
18
9
5
12
12
28
5
29
5
9
15
13
7
7
7
9
12
15
13
11
20
17
24
7
7
17
5
13
5
11
13
13
19
17
11
18
7
11
13
11
15
5
11
11
17
11
1
3
3
1
1
4
0
3
1
1
0
1
3
3
1
3
1
0
3
0
0
1
1
1
28
3
0
1
3
1
5
1
1
25
0
1
1
1
1
1
3
5
1
0
3
3
26
0
1
0
0
1
0
1
30
0
1
3
3
0
3
1
3
0
0
3
1
33
0
1
1
0
1
1
0
23
1
3
3
1
0
5
0
1
0
0
3
1
3
1
5
1
0
0
1
0
1
1
1
3
0
0
1
6
1
0
26
1
1
24
3
0
25
0
1
1
3
1
3
0
23
0
0
1
1
3
1
1
0
0
1
1
1
3
5
1
3
6
10
3
6
3
1
23
0
1
3
3
6
5
1
0
4
1
0
0
1
3
0
26
0
0
0
0
0
0
3
1
1
1
3
10
1
5
3
0
1
3
0
0
26
0
3
5
1
1
0
0
3
1
17
3
1
20
1
1
5
3
1
3
0
0
1
1
30
5
1
1
5
0
19
3
0
0
1
1
1
0
1
0
1
26
0
0
3
1
1
1
21
1
0
0
1
0
0
3
3
1
0
1
0
0
1
0
12
3
3
1
1
1
0
3
1
8
1
1
3
1
27
0
0
3
3
0
0
1
3
1
1
3
3
1
1
1
3
0
0
3
1
1
1
1
10
5
3
1
3
3
5
1
5
1
0
6
3
7
3
3
3
0
3
1
2
1
1
1
0
5
0
0
4
1
1
6
1
3
0
1
0
1
7
0
6
0
3
1
1
8
1
1
5
5
3
0
1
3
1
3
1
5
1
0
1
3
1
1
1
3
0
1
5
0
1
3
3
6
3
1
5
0
0
3
5
1
6
1
1
1
0
5
0
1
3
11
0
2
2
1
0
0
1
1
1
1
1
1
0
1
3
0
7
1
0
6
3
1
3
9
7
4
4
3
1
1
0
5
3
21
12
3
1
13
3
3
5
0
3
3
13
0
6
1
2
7
7
3
3
5
10
3
1
3
9
2
1
3
3
3
1
0
1
1
2
0
7
6
9
1
3
0
1
3
1
3
0
16
3
1
3
8
3
15
5
0
1
7
0
1
0
8
3
7
3
3
5
0
0
1
1
1
1
3
3
3
1
1
0
1
0
3
5
3
0
1
2
1
1
2
3
0
0
1
3
3
0
6
0
3
3
1
1
1
7
1
3
0
1
1
2
4
2
3
0
2
1
2
3
1
0
1
0
1
3
0
0
1
1
0
0
1
3
1
1
0
0
0
0
6
0
1
0
3
1
1
0
4
3
7
12
0
0
1
3
4
3
2
5
4
0
0
1
5
1
1
2
2
2
1
1
1
0
2
0
2
1
1
2
1
0
2
2
0
2
0
0
2
1
4
1
2
2
2
2
2
0
0
0
0
2
4
1
2
0
2
2
4
2
0
0
2
2
2
2
0
0
0
2
0
0
0
2
2
2
2
0
2
2
0
4
0
0
2
2
2
2
0
2
2
0
2
1
2
2
2
2
2
0
0
0
2
0
2
1
0
2
2
2
2
2
2
0
1
2
2
0
3
0
2
2
2
1
2
0
2
0
1
2
0
0
1
0
0
1
2
0
2
2
2
0
0
0
2
0
2
0
2
2
2
0
3
2
2
2
2
0
0
2
0
0
2
2
2
0
2
1
2
5
0
1
2
1
2
2
0
2
2
2
0
0
2
2
2
2
0
0
2
2
2
0
2
1
0
1
0
2
0
3
2
2
2
0
2
2
2
2
1
2
0
6
1
2
2
5
2
0
1
0
2
2
2
2
0
2
0
5
0
5
2
2
2
0
2
2
5
2
2
0
2
2
1
2
2
0
0
2
2
0
2
2
2
0
2
0
0
2
2
2
1
0
2
2
1
2
2
2
2
2
2
0
2
0
2
0
0
1
2
2
2
2
2
5
1
0
2
0
1
0
2
0
0
1
2
2
4
2
2
0
2
0
2
0
2
2
2
