0
2
2
0
2
1
3
2
0
2
4
5
4
0
2
0
2
2
0
3
2
4
0
2
7
2
2
2
4
2
0
6
0
5
0
0
0
2
2
7
2
0
0
7
4
5
3
0
0
5
0
13
2
2
3
5
2
3
5
7
0
0
5
0
2
0
4
2
0
0
0
2
2
0
5
2
2
2
2
4
2
4
2
0
2
3
3
2
0
0
4
3
2
0
2
2
3
2
2
4
2
2
2
0
0
0
0
0
4
4
2
0
3
2
0
2
0
0
3
2
5
3
2
0
2
0
5
2
0
2
2
3
4
2
2
2
2
2
5
2
2
2
2
2
4
0
3
0
2
2
0
0
5
2
0
0
7
2
3
4
0
4
2
5
2
0
4
0
0
3
0
2
2
4
2
0
2
4
2
0
6
2
0
4
4
0
2
10
0
2
0
3
4
0
0
4
0
4
2
0
0
0
0
2
2
0
7
4
4
2
0
2
2
2
2
2
0
0
2
7
2
2
0
3
7
0
0
2
2
2
35
2
5
0
5
0
2
2
0
2
0
2
2
0
2
0
7
0
9
0
2
2
4
0
2
0
2
5
2
4
0
0
3
0
0
1
2
2
0
0
1
0
3
11
0
2
2
0
0
2
2
2
7
2
2
0
0
0
1
0
15
2
2
2
2
4
62
0
0
2
0
0
6
8
0
2
0
2
4
2
0
7
0
88
2
0
4
2
0
2
0
0
0
0
2
0
2
1
4
0
3
2
0
0
2
2
2
0
2
2
4
2
52
0
2
41
2
2
0
1
2
0
0
0
0
5
31
1
0
2
2
0
11
77
0
0
0
0
6
2
4
6
0
2
5
0
10
0
0
2
7
59
2
2
42
0
2
2
2
0
2
4
7
2
4
2
0
9
2
2
2
33
0
0
4
0
15
0
46
2
0
70
0
0
0
0
2
4
0
0
6
5
6
0
42
0
2
0
4
2
2
2
5
2
0
2
2
0
4
2
2
4
2
2
0
2
2
2
3
0
8
0
4
0
0
0
6
92
0
4
0
0
3
0
2
42
0
7
4
2
4
2
6
0
0
0
2
0
2
0
2
0
2
6
2
0
6
4
2
6
4
2
2
2
4
4
2
4
0
0
11
44
0
2
13
2
54
2
0
2
4
0
0
0
2
4
0
2
2
2
4
0
2
11
9
4
64
76
0
10
4
0
4
0
4
0
0
0
2
4
0
2
4
2
0
2
4
17
2
11
6
2
0
6
0
0
0
55
4
8
2
4
2
2
0
4
0
2
2
2
4
2
0
0
14
0
2
0
0
0
2
5
4
8
2
0
0
2
0
2
0
5
4
2
3
0
0
2
2
0
0
2
2
3
5
2
0
5
0
0
0
2
6
0
0
6
3
0
3
0
7
0
2
2
13
4
0
6
0
0
2
2
2
2
0
2
2
0
2
0
7
2
2
0
0
0
0
2
2
4
2
4
0
2
0
4
3
2
4
2
2
0
1
2
2
5
0
0
4
0
0
3
2
7
2
2
0
5
2
4
7
2
2
0
0
8
4
2
2
0
2
0
2
9
0
4
0
0
2
3
5
0
2
0
0
4
2
7
0
2
4
2
0
2
0
0
2
0
0
0
0
2
4
0
3
2
6
2
0
0
3
1
0
0
2
0
2
0
0
2
5
0
2
2
2
0
0
3
5
4
2
4
0
4
0
0
2
1
2
3
5
4
2
0
3
0
0
0
1
2
0
12
4
3
2
0
0
4
0
5
2
2
2
4
2
0
0
2
0
3
0
0
2
3
7
2
3
4
0
0
0
0
2
2
0
0
0
0
0
0
0
7
3
2
4
5
0
4
23
2
0
3
4
0
5
0
3
0
3
3
0
0
2
1
0
0
2
1
0
0
2
3
0
0
0
5
6
0
2
3
4
0
1
2
0
4
3
3
3
0
0
2
2
1
0
27
48
27
17
0
0
28
28
0
0
0
0
0
0
29
29
0
0
18
0
34
0
0
0
0
0
32
34
0
28
32
28
0
0
0
0
7
31
25
30
0
0
1
0
27
0
0
0
0
35
29
17
2
22
37
15
24
9
19
0
0
0
0
0
47
36
36
0
0
0
0
0
40
25
26
0
28
6
18
0
25
0
0
0
0
0
27
0
23
19
0
32
0
0
0
3
17
26
19
0
15
23
17
0
0
0
0
0
0
0
26
0
0
5
34
0
52
0
0
0
0
0
20
0
16
21
24
0
20
0
0
0
0
13
20
29
0
30
38
21
0
0
0
0
0
15
32
22
21
0
9
28
20
0
0
0
28
15
28
21
33
24
19
0
0
0
0
0
46
21
22
16
1
32
29
0
0
0
0
0
27
24
25
27
19
28
28
0
0
0
0
0
12
31
18
0
0
23
32
17
27
0
0
0
44
33
22
0
16
12
23
0
0
0
0
0
19
25
25
0
0
24
8
20
0
0
0
0
1
17
19
21
24
22
34
0
0
0
0
0
3
33
19
25
33
23
1
23
0
0
0
0
47
36
37
35
36
23
20
0
0
0
0
0
53
0
19
16
29
23
15
16
0
0
0
0
24
2
0
19
31
25
0
0
0
0
0
0
15
23
42
31
0
36
28
49
0
0
0
0
29
57
28
29
65
45
71
57
0
0
0
0
21
52
5
34
58
25
38
0
0
0
0
0
37
3
68
0
34
44
67
0
0
0
0
0
58
46
28
41
21
36
26
32
35
0
0
0
65
0
37
3
18
35
44
44
43
39
66
22
47
32
11
34
17
7
55
12
31
84
46
0
0
0
34
9
35
3
38
29
27
37
79
0
0
0
41
8
29
27
30
85
36
33
42
2
0
0
34
27
55
58
38
34
44
41
39
0
0
0
37
31
13
62
29
46
32
21
19
0
0
0
41
35
0
24
24
0
23
7
23
18
35
25
0
31
51
0
33
85
16
72
0
0
0
0
36
33
30
60
38
29
23
7
23
0
13
39
17
0
13
26
17
0
14
19
17
0
37
24
28
20
29
12
28
43
31
25
22
0
18
26
2
21
12
15
20
17
0
28
9
36
0
0
0
0
0
0
0
0
0
0
0
2
51
24
36
22
20
32
22
41
24
6
35
0
15
41
1
20
0
18
15
42
10
0
0
0
0
45
17
20
28
31
38
7
39
30
26
0
37
49
22
29
12
25
23
30
14
33
27
0
31
28
2
39
5
41
22
37
40
31
6
0
36
36
28
8
33
30
43
46
36
32
0
0
0
0
12
22
32
37
8
27
30
13
34
19
0
0
56
17
0
14
29
51
21
21
23
0
0
0
5
25
30
35
26
27
21
0
34
0
0
0
47
0
20
27
31
14
27
32
0
79
0
0
0
24
35
23
27
23
26
47
34
61
22
0
3
14
37
30
26
14
0
0
22
25
30
0
2
18
0
0
50
25
25
52
0
0
0
9
0
35
26
7
46
35
29
19
0
19
21
0
12
3
35
37
52
14
40
0
0
0
0
0
33
15
26
42
78
26
33
25
19
0
0
0
0
20
29
26
19
40
32
13
0
0
0
0
35
35
41
29
0
48
35
0
0
0
0
0
17
1
22
68
34
29
0
0
0
0
0
0
40
22
22
62
0
51
24
22
0
32
0
0
28
27
36
17
38
28
26
22
23
0
0
0
34
0
37
19
25
0
24
24
3
0
27
0
23
3
50
36
29
20
24
19
0
51
0
0
3
20
21
0
23
29
17
16
30
41
0
0
46
19
23
49
30
22
2
15
25
29
0
0
1
28
22
40
53
82
5
30
8
0
0
0
25
1
20
32
3
26
22
22
22
0
0
5
0
30
3
10
29
46
0
43
31
0
0
0
43
48
24
55
26
32
29
0
0
0
0
0
19
20
76
43
58
0
0
0
0
40
28
10
8
33
35
12
12
19
17
34
28
21
24
26
21
42
10
19
27
19
34
18
15
14
46
19
14
19
28
15
14
16
32
25
32
26
0
0
0
0
0
0
0
0
0
0
0
0
13
20
32
42
33
16
9
20
18
27
12
26
14
30
22
14
44
13
17
23
33
46
27
45
55
30
16
33
12
27
23
16
29
57
27
29
23
36
23
12
17
13
46
37
21
21
41
21
11
24
24
52
20
19
26
49
23
39
53
24
21
29
31
18
41
21
16
22
31
23
20
15
16
23
29
13
18
25
20
53
33
31
52
22
23
17
27
21
17
32
36
16
24
33
50
27
18
30
51
35
21
34
16
52
41
49
31
24
19
42
0
10
22
19
17
16
27
36
25
25
25
20
24
22
15
15
14
23
24
34
29
55
25
32
50
17
14
50
34
22
21
23
42
12
42
13
36
11
17
34
33
39
36
66
27
22
27
29
33
14
16
17
19
26
50
23
52
39
11
27
37
11
16
32
23
48
13
18
75
25
17
15
15
29
29
30
37
13
18
24
31
23
10
37
31
18
11
30
34
46
33
31
37
24
33
24
25
12
11
21
30
20
35
37
40
25
34
18
20
19
25
15
15
18
41
36
23
54
23
30
21
13
8
23
15
16
27
11
39
9
10
9
11
12
6
5
14
8
4
8
5
7
4
7
13
8
7
8
10
7
5
8
7
9
6
9
6
5
7
11
6
13
8
6
8
5
5
5
8
10
6
8
8
6
5
3
9
5
7
7
8
7
5
7
7
5
7
13
5
5
10
8
3
7
10
3
5
9
8
8
5
5
7
7
8
8
10
8
7
9
5
4
6
7
10
8
0
10
5
10
7
8
8
9
8
7
9
10
10
3
7
6
5
11
7
3
5
9
5
5
8
11
8
7
8
6
8
6
11
5
7
8
8
10
5
9
5
11
7
9
5
7
5
6
6
9
9
11
10
8
11
11
7
9
4
9
4
7
7
7
8
7
10
7
10
8
13
7
8
7
8
8
8
10
4
7
6
8
7
8
7
8
8
8
7
8
4
6
5
5
7
4
10
5
12
8
7
7
9
11
9
8
7
10
6
8
8
10
5
9
5
10
9
5
5
6
15
9
8
3
8
10
10
7
5
5
6
5
11
5
13
12
10
8
8
13
5
4
4
7
8
11
7
11
8
5
10
14
4
8
9
6
7
7
12
8
6
7
9
14
10
8
7
10
7
7
8
8
9
7
13
8
3
10
10
6
5
8
5
5
3
8
7
8
3
6
7
3
9
6
7
6
8
10
8
2
4
51
38
51
43
36
55
45
39
81
52
20
26
34
62
55
43
34
49
53
47
47
36
38
62
51
62
72
49
51
32
53
38
32
43
51
53
45
57
43
59
39
51
45
41
53
32
51
38
49
41
51
43
64
85
43
32
50
46
45
45
39
45
84
32
55
57
34
41
53
28
55
47
60
64
28
51
51
61
55
43
45
49
36
72
60
68
60
64
40
53
49
36
43
66
55
49
47
41
51
45
38
32
46
46
51
41
55
51
49
28
62
49
57
51
41
53
53
53
49
59
45
55
66
66
43
49
43
58
47
62
45
70
40
32
36
54
51
30
57
43
60
43
41
43
55
45
47
45
32
62
39
39
41
51
42
34
47
54
36
47
57
64
36
43
47
41
57
49
39
60
60
49
47
66
58
51
51
38
38
36
58
45
39
58
40
70
34
24
53
55
62
58
58
36
41
55
66
49
49
47
20
47
58
47
58
58
53
41
41
58
38
73
49
45
47
49
54
41
47
43
43
66
55
60
39
36
51
39
55
57
76
39
70
34
25
38
62
47
36
51
57
55
57
49
49
55
49
46
68
45
53
49
51
57
62
43
32
41
53
34
46
49
51
53
45
57
53
43
43
56
53
55
55
51
46
43
47
60
45
62
51
57
45
47
55
51
77
57
21
0
18
2
0
20
20
28
30
0
52
17
0
7
24
21
0
0
18
23
20
0
12
23
19
29
14
2
22
20
0
15
13
21
0
31
3
0
25
20
13
0
31
20
18
0
16
25
1
16
2
23
6
0
5
22
0
18
23
27
0
28
18
5
18
0
22
21
25
0
20
44
22
17
27
17
18
0
19
1
24
1
51
14
0
6
11
15
0
28
20
19
0
16
25
0
26
27
28
16
23
19
17
0
0
13
28
11
25
23
14
0
15
23
23
0
15
18
0
19
29
15
0
18
12
12
26
24
43
16
0
29
27
19
0
33
17
2
0
15
9
15
0
1
28
0
6
14
21
0
1
29
15
0
14
17
20
0
20
8
14
8
0
20
32
0
19
23
19
14
0
15
1
15
0
0
0
9
1
20
2
0
15
10
6
42
0
35
19
22
0
23
11
8
29
0
15
0
0
20
17
13
30
13
8
20
23
0
0
21
2
25
13
39
31
24
10
51
35
11
23
0
0
21
15
15
0
1
24
21
0
14
11
0
20
17
20
19
0
20
5
0
1
0
30
0
23
15
26
23
4
15
0
0
0
0
0
0
0
35
2
0
0
15
8
0
26
29
0
3
11
18
12
30
0
19
0
39
20
0
26
0
19
15
19
0
12
49
