2
4
6
4
8
4
4
6
8
4
4
4
2
4
4
6
4
4
2
2
6
6
8
6
4
2
2
4
4
2
2
6
4
4
2
6
4
4
4
4
4
6
2
4
2
6
2
4
4
4
4
6
2
4
4
4
4
8
4
4
4
4
4
2
6
6
4
6
2
2
8
6
6
6
2
4
4
2
2
6
4
6
6
4
6
4
6
2
4
4
6
4
4
4
4
4
6
4
6
4
8
8
2
2
4
6
4
2
2
4
4
4
8
6
4
4
2
2
4
2
4
2
2
4
4
4
4
2
6
2
4
6
4
2
6
2
4
8
6
6
4
4
8
2
2
6
2
2
2
4
4
4
6
4
4
6
6
4
4
4
8
8
4
2
2
8
4
4
4
4
6
4
6
4
4
4
6
2
2
4
6
2
8
4
6
3
2
6
2
6
4
6
6
6
8
8
4
2
2
8
2
2
6
4
6
4
6
6
4
2
4
4
4
6
6
4
2
6
6
6
6
4
4
4
4
4
6
4
2
4
8
4
6
2
2
4
4
4
8
4
6
4
8
6
6
6
2
2
6
6
6
4
4
4
6
2
4
6
4
6
4
2
8
6
2
4
2
2
4
2
4
4
4
4
2
4
6
8
6
6
4
2
4
6
4
4
8
2
0
2
0
4
4
12
4
0
4
0
6
2
0
0
2
2
92
4
4
2
0
4
4
0
2
2
0
2
2
2
4
2
4
4
4
0
2
2
2
4
8
2
4
4
2
2
2
2
6
2
2
2
6
4
0
4
2
0
4
0
2
6
0
2
4
2
4
0
4
4
2
2
4
4
4
2
2
4
6
8
4
4
2
4
0
8
4
2
2
0
2
0
4
4
2
0
0
0
0
4
2
2
6
8
2
2
2
2
2
0
6
2
0
0
0
0
2
2
0
0
2
2
0
4
6
4
0
2
2
2
0
0
0
2
0
0
0
88
0
0
0
2
2
2
0
80
2
2
0
0
0
0
2
2
4
0
0
2
2
0
2
0
0
2
0
2
0
0
0
4
0
4
0
0
2
2
2
2
0
0
0
2
4
6
0
2
2
2
0
4
2
4
95
2
2
2
2
4
0
0
10
0
2
0
4
0
6
2
0
0
0
4
2
4
0
0
0
0
4
2
0
2
0
0
8
2
4
0
2
0
2
2
2
90
2
2
4
4
6
0
2
2
2
2
4
0
0
0
8
4
4
4
0
2
2
4
4
2
2
2
2
2
2
2
2
6
2
2
4
4
0
4
4
0
0
2
6
0
2
0
2
2
0
4
2
4
2
0
8
4
4
8
4
2
4
6
4
8
8
4
6
2
6
6
4
8
4
2
6
6
4
4
6
4
2
6
6
8
6
2
2
4
4
2
4
6
4
2
6
4
2
8
4
2
4
2
4
6
4
4
4
4
8
2
4
4
4
4
4
6
6
2
4
2
2
4
2
6
8
4
6
8
4
6
6
4
4
2
6
6
6
6
6
8
4
4
4
6
2
8
6
4
4
8
4
4
2
4
4
6
6
6
6
6
6
4
2
4
8
0
12
0
12
0
11
0
19
0
2
2
6
0
12
2
10
2
10
0
10
0
8
0
19
4
15
0
12
10
0
4
8
10
4
15
0
0
0
2
10
2
12
0
10
12
10
8
6
0
10
0
12
0
10
4
8
8
0
14
0
2
2
9
2
12
2
10
4
12
2
2
10
4
12
0
12
0
14
0
4
2
12
14
14
2
2
0
12
0
12
0
8
10
0
12
0
2
10
10
0
10
2
0
0
0
2
15
6
6
2
0
10
2
8
0
10
0
10
0
10
0
0
2
6
4
0
2
12
0
12
4
10
0
12
2
12
0
10
0
10
4
17
0
13
4
0
2
10
2
8
2
12
0
2
4
12
0
10
4
4
14
6
16
4
14
6
8
13
0
4
8
6
4
0
2
0
10
2
0
0
0
0
4
0
2
0
0
0
0
0
2
0
2
0
4
0
0
6
2
0
0
6
2
0
0
2
4
2
2
0
0
0
4
4
2
0
2
2
0
2
0
0
0
0
2
4
4
2
2
4
2
4
2
0
2
2
0
0
0
2
2
0
2
2
2
2
2
0
23
0
2
0
2
0
2
0
2
2
4
4
0
6
0
22
4
4
0
0
0
2
0
0
4
4
0
0
0
0
0
2
0
4
2
0
2
2
0
0
2
2
0
4
0
0
2
0
0
2
2
0
2
4
2
2
2
0
2
4
0
6
0
0
4
4
2
2
2
2
0
2
2
4
0
4
4
2
0
2
2
2
4
2
0
2
0
2
2
2
2
0
4
4
2
0
0
4
0
0
2
2
0
4
4
0
2
4
2
0
2
0
4
0
2
0
0
4
4
0
0
0
2
2
2
6
0
4
0
25
4
4
2
0
4
2
0
0
0
2
2
2
0
2
0
0
0
6
2
0
2
0
0
2
0
2
0
0
2
4
4
2
4
2
2
8
0
0
2
2
0
31
0
0
2
2
2
2
2
6
25
0
6
2
2
2
0
6
2
2
0
0
2
2
6
2
0
4
0
0
4
2
0
0
0
0
4
2
2
2
0
2
2
0
4
0
0
13
6
9
4
9
5
9
7
8
19
4
4
15
7
9
9
11
11
11
8
11
8
11
11
34
2
10
6
4
4
4
2
4
29
13
15
4
4
19
13
10
11
2
6
17
10
8
2
8
4
6
6
6
13
11
10
8
6
7
13
9
10
6
9
15
6
6
6
6
17
20
13
7
11
17
4
7
19
21
7
11
21
13
15
11
11
15
9
17
17
13
9
21
15
16
10
13
11
7
13
23
9
6
19
5
9
22
11
8
15
13
6
9
9
9
7
13
8
17
24
13
15
8
8
15
23
17
22
13
6
13
24
13
13
13
6
9
19
11
23
67
10
7
7
7
0
9
8
8
7
8
8
4
7
10
10
11
7
6
4
9
8
7
7
7
8
11
17
4
11
15
13
9
9
31
9
11
12
11
13
5
7
17
24
7
14
6
13
9
15
7
6
13
19
7
11
11
6
9
9
11
17
7
15
11
11
10
15
15
12
8
27
9
13
20
8
13
11
9
9
8
9
13
11
4
23
15
15
11
13
15
4
9
7
9
17
13
15
13
11
20
7
14
28
5
8
11
17
17
46
13
8
6
22
11
11
17
19
18
17
10
32
8
19
7
13
2
6
9
9
6
8
88
6
7
14
4
6
4
15
8
8
10
15
9
8
9
34
4
2
0
2
0
2
0
0
0
0
0
2
2
2
2
2
2
2
2
0
0
0
0
0
2
4
0
2
0
0
2
2
2
2
2
0
0
0
3
2
0
0
2
3
2
2
2
2
0
2
2
0
2
2
0
0
2
0
2
2
2
0
0
2
2
0
2
2
2
2
2
2
28
0
3
0
0
0
2
2
0
0
3
2
2
3
2
2
1
1
0
2
0
2
2
0
0
3
0
2
2
2
0
0
2
2
4
2
0
4
2
2
2
0
2
2
0
0
2
2
3
0
0
2
2
2
2
2
2
2
4
2
2
0
2
2
2
0
2
2
0
2
2
2
0
0
2
2
2
0
2
4
0
0
2
2
2
4
0
2
2
2
3
1
1
0
2
0
0
4
0
0
2
2
0
2
0
4
0
0
2
0
0
3
0
0
2
0
0
2
0
2
3
0
4
3
2
2
2
0
2
0
2
0
0
2
2
2
3
0
0
2
38
0
2
2
2
2
0
0
3
0
2
0
2
0
0
0
0
0
4
0
2
2
2
2
2
0
0
2
1
0
2
3
3
2
0
2
2
0
0
2
2
4
0
0
0
0
0
2
2
2
0
4
2
2
2
0
2
2
2
0
0
2
0
2
3
2
2
0
2
2
2
2
2
0
2
0
0
3
25
2
2
16
2
7
2
4
2
4
2
7
2
4
3
17
0
2
2
7
2
33
4
2
6
2
2
4
8
4
7
7
4
4
6
29
8
7
17
47
10
4
21
7
6
4
2
4
37
7
8
13
26
11
6
25
2
2
11
37
2
2
4
31
7
2
2
4
21
23
4
4
8
4
2
4
0
9
21
4
2
26
4
2
10
2
4
22
4
4
28
4
4
4
23
5
2
29
8
2
2
9
4
6
8
2
21
4
0
36
0
2
32
0
4
2
21
4
4
4
8
2
2
24
4
2
2
2
2
22
4
5
5
4
2
6
4
5
7
16
18
4
5
4
6
4
8
6
25
2
3
5
23
3
7
43
2
9
6
4
6
5
22
4
2
4
11
2
51
6
2
7
4
4
45
5
2
22
6
6
4
5
8
4
4
30
4
6
19
4
4
25
9
4
5
4
2
26
2
4
15
27
3
29
7
7
38
7
4
7
6
5
4
2
4
48
2
4
4
4
2
4
4
2
8
4
6
10
48
2
4
4
4
2
2
7
2
4
2
2
6
21
10
6
4
4
7
5
32
6
2
8
2
4
4
13
8
29
2
4
5
2
2
4
2
6
6
4
6
4
6
6
7
4
2
2
2
2
8
6
2
39
2
7
36
2
8
12
7
6
39
9
51
10
15
32
4
9
27
6
48
8
21
39
6
47
9
6
44
8
48
7
10
47
14
40
10
8
32
9
39
6
13
7
4
56
10
48
6
11
25
11
51
6
6
38
4
57
8
4
49
11
23
33
8
36
9
12
49
8
4
8
44
6
4
39
12
40
36
9
35
9
43
8
49
9
6
40
12
12
50
12
25
8
37
9
6
45
10
9
42
8
48
53
8
35
6
49
11
6
25
8
10
35
11
37
8
8
52
8
46
8
35
30
8
41
9
6
44
11
51
7
9
46
4
42
10
7
42
11
44
7
11
12
9
48
7
9
39
8
50
6
10
51
8
18
8
6
20
11
12
47
9
30
11
12
43
12
54
6
24
31
4
9
15
8
40
10
44
12
46
4
9
27
8
4
19
7
40
8
49
8
13
48
7
31
4
8
45
6
63
6
12
56
6
46
8
6
18
8
10
9
12
46
8
44
10
4
29
9
10
10
6
40
11
48
10
4
56
5
37
30
8
41
8
35
13
17
8
8
27
9
31
36
10
45
29
27
8
40
8
10
52
8
36
40
6
41
6
10
44
9
64
13
51
48
7
19
8
12
49
9
19
8
47
11
50
51
6
35
12
9
46
9
14
7
33
64
11
42
6
8
45
8
27
9
15
11
7
17
7
17
33
9
11
21
13
7
7
9
3
11
15
25
11
5
11
21
11
15
7
11
9
9
9
15
7
25
27
45
5
9
30
11
13
21
19
31
21
15
13
46
21
9
7
13
19
39
11
11
31
29
21
11
31
56
9
25
17
17
27
13
45
7
23
23
33
17
15
13
35
39
3
19
17
17
11
7
25
19
11
19
15
3
9
25
37
31
23
17
33
17
11
13
19
29
37
11
17
13
11
11
11
7
50
7
13
3
5
19
39
39
23
15
49
15
15
17
21
53
15
41
13
55
23
23
25
39
7
17
15
31
35
13
25
21
27
29
11
11
13
23
15
11
25
9
43
11
35
9
49
23
15
17
9
17
25
13
29
11
13
13
15
7
13
7
17
31
7
33
25
21
29
21
29
13
9
39
21
31
45
11
19
19
13
15
17
25
35
17
19
21
15
9
19
9
7
25
11
31
41
33
9
32
19
25
37
33
11
23
7
13
17
15
20
13
5
25
23
19
5
17
17
15
17
13
70
21
9
17
27
21
23
13
19
21
31
35
19
15
29
31
13
21
11
23
23
27
25
39
23
11
15
11
19
31
7
25
43
15
7
5
9
5
7
7
7
11
41
5
33
2
11
27
23
39
7
7
7
5
17
7
0
2
4
2
2
0
2
0
0
0
0
4
2
2
2
2
2
4
2
2
0
2
2
2
0
2
2
0
2
0
2
2
2
4
2
2
4
0
2
6
0
2
2
2
0
0
2
0
2
2
2
4
0
0
2
2
0
0
2
0
0
2
2
2
0
2
6
4
0
0
2
2
2
2
4
2
2
2
2
0
0
2
0
2
2
2
2
0
4
2
2
2
2
0
0
0
4
4
4
2
2
2
4
2
4
4
0
2
2
4
2
4
0
2
4
0
0
2
0
2
2
2
0
0
4
2
2
4
0
2
0
2
2
2
2
2
0
2
4
4
0
0
2
2
2
0
2
0
0
4
4
0
2
2
2
0
4
2
0
2
2
2
0
4
0
2
2
2
2
0
0
4
2
2
2
2
2
4
2
4
2
2
2
4
2
2
2
2
0
2
2
2
2
4
2
2
2
2
2
0
4
2
4
2
0
2
6
4
2
2
2
0
2
2
2
2
2
0
0
0
8
2
2
2
0
6
4
2
2
4
2
2
2
0
0
2
0
2
2
2
0
4
2
4
2
0
2
4
0
2
4
0
0
0
0
0
2
2
2
0
0
0
0
0
0
0
0
0
2
4
2
2
2
2
2
0
2
0
2
2
2
2
2
2
2
2
2
0
