2
25
0
2
0
8
2
2
8
2
0
0
9
13
6
0
2
0
2
2
6
0
0
0
0
6
4
2
0
8
0
4
2
2
0
0
8
0
2
0
4
0
2
2
2
0
2
0
4
7
8
0
2
0
4
0
0
4
0
4
2
2
0
4
0
2
13
0
4
4
0
2
2
6
0
0
4
0
0
4
0
5
0
0
0
6
2
2
2
4
0
0
4
4
0
2
11
10
4
0
0
4
2
0
0
2
9
6
2
6
2
4
4
8
4
5
5
2
2
4
2
2
2
0
0
2
6
0
6
2
4
9
2
2
2
6
6
15
0
6
13
4
6
4
5
4
2
4
6
2
2
6
6
2
2
2
5
4
0
2
2
4
2
0
4
0
2
2
4
6
0
2
4
2
0
13
4
20
0
4
4
0
2
4
0
6
0
9
9
12
10
6
6
6
2
11
9
6
15
4
0
6
71
0
2
4
6
0
10
4
0
2
4
0
0
0
21
0
9
4
4
0
0
4
9
2
0
4
0
4
4
4
4
4
0
17
4
0
0
0
6
4
0
4
0
10
0
0
0
2
2
6
4
2
7
2
2
0
0
4
0
2
6
13
4
2
4
13
4
6
6
6
0
0
2
2
6
13
0
4
4
2
0
4
0
4
8
6
10
0
8
10
12
7
2
5
12
1
13
8
13
11
9
0
12
0
7
5
1
0
5
0
13
10
8
15
15
2
6
1
15
19
12
19
10
11
0
9
16
0
5
0
9
7
12
1
3
11
1
4
9
11
6
1
6
7
43
1
9
18
13
9
0
0
2
5
2
0
0
4
11
17
8
14
14
15
0
9
0
8
0
15
13
11
11
13
17
7
0
8
0
9
0
3
12
1
0
7
8
0
17
5
5
10
0
0
11
18
1
13
6
0
7
1
2
17
26
11
13
9
0
7
0
8
4
0
9
13
0
6
11
8
0
7
8
7
0
7
0
9
10
21
9
7
9
7
4
1
0
7
10
0
3
8
12
10
50
9
8
0
6
5
0
4
10
0
13
5
5
0
1
8
2
0
7
0
12
16
16
5
3
9
4
6
5
6
4
7
5
13
0
21
0
10
9
9
3
0
4
5
7
0
0
6
7
8
0
9
1
0
4
10
0
15
17
8
7
4
0
6
0
6
8
8
11
9
11
8
9
5
10
10
0
5
3
10
11
0
10
9
9
6
0
6
7
4
0
1
4
9
19
1
9
11
0
4
6
7
0
17
9
14
24
6
2
10
0
6
5
1
0
8
0
0
6
9
0
0
10
1
4
0
5
0
10
7
24
22
21
15
6
26
3
0
16
10
14
33
3
0
27
27
30
4
0
17
24
23
21
0
20
0
15
40
14
6
27
26
27
12
20
32
0
0
6
0
26
11
23
43
44
0
0
0
0
0
75
84
40
9
25
0
0
0
0
0
2
0
84
0
19
43
19
0
27
0
0
0
0
0
33
32
28
33
25
26
22
14
0
0
0
0
40
5
52
26
21
23
20
36
22
0
0
0
30
0
29
2
27
29
24
54
18
0
0
1
67
27
20
15
5
26
26
23
27
0
0
0
40
90
26
21
39
39
19
0
0
0
0
0
92
67
0
24
19
11
28
0
0
0
0
0
18
51
32
25
11
30
24
31
14
0
14
0
18
25
31
18
13
27
20
20
18
26
0
15
37
0
24
37
26
19
28
28
25
31
43
48
62
18
22
29
30
40
28
0
27
36
27
0
27
36
30
2
31
11
2
19
23
40
0
0
0
2
11
1
18
18
23
21
2
14
0
0
28
21
19
31
22
23
0
15
15
18
24
14
18
38
24
26
22
18
15
13
0
19
25
39
0
21
21
19
23
14
19
13
26
25
13
13
0
5
3
21
18
15
16
23
18
0
28
35
35
22
26
14
0
18
21
15
0
3
17
0
20
43
11
23
26
0
27
20
27
31
11
31
18
23
3
4
29
19
27
14
21
14
17
11
28
17
21
13
24
18
26
23
23
12
12
8
12
25
25
23
17
24
24
17
18
11
19
10
13
27
16
28
8
25
19
21
13
20
13
20
11
22
17
8
14
18
23
26
22
7
9
20
23
18
2
19
13
18
26
19
10
15
18
29
28
15
24
17
21
13
22
19
15
23
18
15
27
21
13
17
12
17
16
17
30
23
23
10
11
3
17
16
31
23
21
23
17
20
22
25
19
25
18
15
18
15
17
17
27
11
21
17
14
21
21
29
25
21
23
26
23
25
17
20
23
25
23
22
23
32
14
8
27
32
18
23
26
25
24
28
28
20
19
26
17
17
28
23
36
51
32
26
51
21
26
22
29
12
28
18
17
12
22
11
7
17
26
23
13
12
9
9
14
16
14
9
17
21
7
14
15
12
8
12
12
17
12
16
13
26
17
22
16
16
19
13
29
20
12
15
17
13
11
9
25
20
14
20
16
13
16
21
9
15
25
15
13
24
3
26
27
26
22
12
23
14
25
24
19
30
24
18
16
24
26
15
24
18
16
17
14
27
25
14
32
30
22
29
20
27
24
35
10
21
26
28
27
17
22
30
11
27
23
25
22
23
9
16
21
19
23
29
16
27
17
23
16
12
5
3
5
1
32
3
3
7
3
5
1
1
7
7
7
0
7
1
1
9
0
0
0
5
1
1
5
5
7
22
5
1
9
3
3
1
3
1
1
0
0
9
5
3
7
1
3
5
1
3
5
0
5
5
3
0
0
0
5
3
3
0
1
3
5
0
5
1
3
1
7
5
5
3
1
3
0
3
5
0
3
1
1
11
5
3
5
7
40
1
3
1
7
3
5
5
0
1
7
3
0
5
5
7
1
3
22
3
3
9
1
3
3
1
3
5
5
5
5
5
1
45
3
3
51
5
1
1
3
3
1
5
3
5
5
0
3
3
3
1
3
1
7
0
7
5
5
1
3
1
9
1
5
3
7
1
5
1
3
7
1
3
1
5
7
5
3
3
5
7
24
3
7
1
3
5
3
3
3
3
3
3
9
0
9
1
7
5
3
3
3
7
5
1
5
5
3
1
3
1
1
3
3
3
5
3
3
7
1
1
0
3
7
1
3
5
3
5
3
5
3
3
0
3
3
9
3
97
7
5
3
1
51
3
0
1
3
1
5
3
5
1
11
3
5
3
3
1
5
3
3
7
1
3
3
3
1
3
3
5
3
5
9
1
5
1
0
5
1
7
0
5
3
3
1
51
0
5
7
5
5
32
1
1
3
9
1
3
7
6
3
8
10
0
8
9
3
6
8
6
5
8
12
5
4
7
8
2
6
4
12
3
5
6
15
8
8
28
5
5
5
10
11
12
7
8
12
7
7
11
2
12
3
6
3
32
7
15
14
17
14
14
12
9
13
15
11
15
11
9
24
10
17
18
14
21
19
10
6
32
24
6
22
14
21
16
31
22
24
30
13
18
31
20
7
18
32
29
18
24
36
40
48
13
30
10
9
19
30
30
25
47
32
37
39
38
27
13
33
34
39
43
16
20
32
28
21
38
21
38
13
23
29
22
18
24
19
19
31
25
29
22
33
25
19
19
21
20
27
27
23
23
31
15
16
30
38
25
19
26
25
25
24
20
30
28
27
29
32
20
20
51
25
25
29
37
40
27
36
32
24
31
32
31
31
31
37
18
19
19
23
18
23
24
27
22
26
18
22
11
25
32
29
17
30
28
25
21
23
15
30
29
24
15
5
6
11
11
10
9
9
12
26
5
6
20
13
12
3
6
6
5
4
2
5
8
4
8
22
3
3
6
5
5
20
7
3
5
4
6
6
5
7
6
4
9
8
6
7
9
7
0
6
6
1
5
6
2
9
6
3
7
14
13
5
5
3
5
3
6
6
7
3
7
3
7
9
5
3
2
7
2
5
2
13
6
0
0
2
2
8
10
6
2
6
0
0
0
2
0
6
4
0
2
0
6
2
10
0
10
0
4
2
8
2
0
2
2
8
4
0
0
0
6
0
0
6
4
0
2
0
0
2
8
8
0
6
8
2
0
4
2
10
2
2
0
10
0
2
0
2
2
6
8
0
2
4
2
4
2
2
0
0
2
0
6
0
2
2
0
2
6
0
0
4
0
10
4
0
6
2
6
6
2
0
0
4
0
0
2
8
6
0
4
2
0
0
0
2
4
0
2
0
2
2
10
0
2
0
2
6
6
8
4
0
0
0
6
0
2
0
6
0
6
6
4
2
0
0
7
0
4
14
0
0
0
0
0
8
4
0
6
2
2
0
8
2
2
6
4
0
6
6
6
0
4
8
0
0
2
6
0
0
6
2
0
6
0
8
4
6
0
4
2
6
4
6
2
0
4
2
6
4
2
0
0
8
6
6
0
0
6
0
0
4
6
2
0
0
0
0
0
2
0
0
0
82
6
8
0
6
0
8
0
2
2
0
0
6
0
6
0
4
0
2
2
2
6
2
8
6
0
6
0
0
4
0
0
2
0
0
4
10
2
10
0
0
6
2
6
0
0
0
4
0
10
6
0
0
10
4
0
2
0
4
6
4
2
2
6
6
10
2
10
30
34
24
23
37
33
11
56
26
13
22
26
24
19
5
17
9
33
7
11
29
20
6
16
15
63
23
42
18
20
30
29
31
49
29
28
41
39
16
20
32
24
29
15
18
39
27
26
34
6
13
13
22
20
32
31
55
21
32
11
30
27
35
56
33
35
46
43
30
31
78
90
27
32
0
25
15
56
28
54
30
36
9
17
18
35
32
23
21
24
31
35
30
26
18
20
66
22
7
39
63
20
23
33
9
9
15
17
37
30
15
31
30
28
17
30
39
24
37
28
13
11
20
35
17
18
30
26
26
58
35
17
20
21
28
24
35
41
35
41
34
58
17
29
35
18
33
11
18
26
52
26
19
28
20
50
18
48
39
28
37
30
26
32
34
18
45
22
32
20
38
13
37
33
33
16
32
19
30
9
39
15
15
86
34
26
35
80
19
64
43
19
35
17
22
51
40
39
34
32
39
56
58
18
31
27
21
39
46
13
11
17
24
19
30
15
23
34
26
20
38
19
33
13
20
43
31
20
33
42
2
21
42
42
36
39
39
13
17
41
36
39
47
50
12
39
73
34
69
80
21
21
37
43
37
56
20
24
47
35
18
24
21
31
35
37
28
55
31
37
44
99
53
37
37
52
30
15
23
46
32
47
28
47
43
24
21
9
4
4
3
6
6
0
0
15
2
0
2
2
1
2
4
2
4
2
4
2
3
4
4
5
2
2
5
7
4
2
3
2
6
4
2
0
2
2
2
3
5
2
2
3
0
5
2
0
4
0
0
0
2
0
2
0
27
2
5
2
2
2
6
4
2
4
5
2
2
2
2
2
7
5
3
2
4
17
2
2
2
0
0
0
2
4
0
2
2
0
0
2
2
15
2
2
2
0
4
2
5
13
4
4
6
2
15
21
4
4
2
5
2
3
2
0
4
4
2
4
4
7
2
5
2
2
7
2
6
2
2
1
0
2
4
2
3
1
4
4
2
7
6
2
0
4
4
6
4
5
0
0
2
0
3
2
0
4
6
2
2
0
2
4
0
2
4
5
0
0
0
2
0
0
5
2
4
0
4
0
4
13
0
3
5
2
1
4
4
3
0
4
2
0
5
2
6
4
4
0
17
0
0
4
0
0
15
3
3
4
2
2
2
0
0
0
2
2
2
2
2
2
1
1
2
2
0
0
5
0
6
1
2
1
4
0
4
4
5
2
2
0
3
4
0
4
4
1
2
15
0
4
0
2
5
3
1
17
4
4
0
0
0
0
4
7
3
0
0
5
2
2
0
13
2
4
0
2
1
2
1
0
21
5
2
0
7
0
3
2
0
2
2
2
0
4
0
0
0
4
0
4
0
0
0
0
2
2
2
0
2
0
2
2
4
0
0
2
0
0
0
3
2
0
5
2
0
2
0
2
2
2
0
2
2
2
0
0
2
0
2
0
2
4
5
0
0
2
0
0
0
2
2
4
2
2
2
0
2
4
0
0
2
0
2
4
0
0
0
2
2
2
0
0
2
2
5
0
2
0
0
0
2
2
2
0
2
2
0
0
0
2
0
0
2
2
2
0
0
2
0
4
0
2
3
2
4
4
2
2
0
0
4
0
2
0
0
0
0
2
0
0
2
0
0
0
0
0
0
0
0
2
0
2
0
0
0
0
0
0
0
0
0
0
2
4
2
2
0
2
0
2
0
2
0
0
2
2
2
0
4
2
2
0
0
2
0
2
2
2
0
0
2
0
2
5
0
4
0
3
2
2
0
0
0
0
2
0
2
0
0
4
2
0
2
0
3
0
2
0
4
2
0
0
2
2
3
0
0
6
2
2
2
0
0
2
0
0
0
2
4
0
2
2
2
2
0
0
0
0
4
4
0
0
2
2
2
0
3
3
1
4
2
0
0
0
4
0
2
0
3
0
0
0
2
1
0
0
2
0
5
0
0
0
3
0
2
0
0
4
0
0
0
0
4
2
