10
56
0
0
0
2
42
64
39
4
2
2
0
42
0
14
2
32
13
0
2
2
27
0
0
0
0
58
4
4
2
0
4
0
0
0
2
31
0
2
2
16
0
0
2
2
56
0
2
2
0
0
48
60
0
2
0
0
0
2
2
42
0
2
27
0
0
2
4
2
0
0
2
0
0
39
0
0
2
0
2
4
2
47
2
0
4
2
50
0
0
0
6
46
0
0
0
0
0
0
0
2
4
0
0
21
0
64
0
0
71
54
0
4
0
19
65
3
4
0
70
0
65
62
0
0
0
2
4
0
4
2
2
0
2
0
67
0
0
2
2
0
31
21
2
27
0
0
0
2
2
0
0
69
60
0
2
0
0
2
56
0
0
2
10
0
60
2
0
2
2
4
56
0
2
4
0
56
63
2
2
54
2
2
0
0
0
52
2
2
56
2
0
2
46
2
0
0
36
2
0
2
31
6
2
46
4
0
50
47
0
2
0
0
0
0
2
56
2
79
2
2
0
10
4
2
0
0
2
2
81
0
0
4
0
2
50
0
10
54
2
45
0
2
0
2
50
2
2
14
2
2
19
2
0
4
4
48
0
0
2
2
2
23
2
2
2
0
4
42
0
2
10
2
58
2
0
0
0
2
36
0
2
2
0
31
34
2
10
6
2
4
6
6
2
2
6
0
4
0
2
0
0
2
6
2
2
2
2
4
6
2
4
0
2
4
4
4
2
4
2
4
4
0
4
4
4
2
4
4
4
4
6
2
4
4
6
8
6
7
2
2
6
4
4
0
6
2
6
6
4
0
2
4
2
10
8
4
2
2
2
8
6
4
6
4
4
6
6
4
8
8
12
6
6
8
8
8
8
4
4
9
2
10
4
4
10
6
8
6
8
6
4
8
2
10
6
4
10
4
6
6
8
8
8
10
6
2
10
10
10
6
2
14
6
6
6
17
2
4
6
4
4
6
2
8
2
4
4
4
6
6
4
2
4
4
2
10
4
6
2
4
4
6
10
15
6
21
10
6
4
17
4
21
6
2
14
14
4
4
8
10
8
2
6
8
15
6
8
8
8
2
4
6
4
8
4
9
8
12
6
12
6
5
13
4
6
8
6
8
10
14
10
12
8
17
6
10
6
13
8
6
4
4
6
6
8
10
6
8
6
10
13
8
4
5
2
4
8
15
4
6
6
14
8
6
8
12
13
6
4
6
8
2
4
2
4
4
4
0
2
4
4
4
4
2
4
8
12
2
4
8
2
2
4
2
4
2
2
2
2
0
6
6
4
2
6
2
6
4
2
2
4
2
6
0
6
3
1
2
0
1
1
5
1
1
0
0
0
1
0
5
24
15
4
1
1
2
1
2
2
0
0
1
1
1
1
0
5
4
7
2
1
0
2
2
1
0
15
2
1
0
1
9
0
9
0
0
15
12
4
4
10
13
8
10
0
17
1
7
2
19
3
5
8
1
15
12
10
14
6
3
4
4
5
12
4
10
11
8
4
2
13
9
7
7
14
6
10
6
6
3
7
10
10
2
3
16
2
5
4
4
2
0
8
11
10
5
6
6
5
6
10
6
4
6
6
10
0
1
5
11
6
10
9
0
4
10
12
2
3
2
6
1
1
4
1
4
6
9
1
13
19
8
5
7
3
5
10
9
0
7
15
1
11
6
4
12
9
12
7
15
19
9
8
11
3
5
1
2
9
11
2
14
18
1
10
6
17
6
6
14
3
2
10
16
16
1
2
3
2
0
16
5
7
11
5
4
12
8
7
6
13
2
15
14
3
1
11
1
1
7
0
9
5
1
10
16
3
5
0
10
6
7
0
0
8
2
1
8
10
6
7
1
3
7
7
0
2
8
1
0
0
16
7
6
9
6
3
7
5
11
6
1
2
3
8
2
2
6
3
8
7
2
0
0
3
4
9
0
1
2
2
4
1
0
9
2
6
2
8
5
1
7
0
2
4
5
2
2
2
2
2
1
3
2
2
2
2
0
2
4
2
0
0
3
2
0
2
2
0
0
2
4
2
2
6
3
0
2
2
2
0
2
4
2
4
4
3
5
4
0
5
4
4
6
5
2
3
5
3
3
5
2
2
5
5
5
4
0
2
2
15
5
2
2
2
2
2
2
2
3
4
3
3
3
0
5
0
2
0
5
0
4
4
5
4
3
3
0
2
9
3
5
0
5
3
8
3
7
5
6
4
4
2
5
2
5
14
5
4
0
4
2
9
5
4
33
4
4
5
3
8
5
5
6
5
2
4
2
3
2
2
3
7
2
5
4
0
2
4
2
1
8
4
3
3
4
6
2
4
0
6
4
4
10
5
23
5
6
4
4
7
8
6
3
0
5
2
2
2
2
2
2
2
3
2
2
2
0
10
3
5
1
3
2
3
7
2
2
6
3
5
2
6
5
2
6
3
0
6
3
2
3
2
5
5
3
3
2
2
0
5
3
5
7
5
3
6
3
2
7
2
5
3
2
2
2
0
2
3
3
2
2
3
18
2
2
4
4
7
3
3
5
2
0
3
2
3
4
4
2
3
2
2
3
0
2
4
7
2
3
2
4
2
2
2
7
5
4
2
2
4
2
3
5
0
3
4
0
2
4
2
2
2
4
0
10
4
4
0
0
2
2
0
4
0
0
0
17
0
0
0
2
2
0
4
4
33
0
14
4
2
0
0
0
0
0
0
2
4
2
0
0
2
0
2
2
0
2
0
4
0
0
0
8
4
2
4
77
0
19
0
2
0
4
4
2
2
0
0
0
0
2
0
2
2
2
4
0
2
0
2
4
0
2
0
4
2
4
4
4
0
88
0
0
0
0
0
27
0
0
4
2
2
0
0
2
15
2
12
6
4
4
2
0
4
2
0
2
4
2
2
2
4
4
4
4
0
0
2
0
2
0
2
0
2
4
4
2
12
0
0
0
0
0
4
2
0
4
0
4
4
0
0
4
0
2
2
0
0
2
0
2
4
2
4
0
2
0
4
0
4
4
0
4
2
0
2
0
2
2
2
4
2
0
0
0
4
4
2
4
2
4
4
2
0
2
0
8
4
0
0
2
4
4
2
4
0
12
0
0
4
4
2
0
0
2
2
4
4
4
4
0
4
10
6
0
2
2
2
4
2
2
0
0
0
2
4
2
2
4
4
4
4
2
0
0
6
0
0
0
2
2
0
0
0
0
6
2
6
2
2
2
4
4
4
4
4
4
2
4
4
4
4
6
0
4
0
41
4
2
2
0
8
2
6
2
0
4
13
28
14
0
0
4
0
18
0
24
36
1
0
11
23
6
21
14
31
0
23
0
16
12
20
8
1
7
15
12
12
11
26
2
13
4
26
0
0
2
21
19
35
21
78
0
39
2
13
0
13
27
3
0
0
0
0
0
45
9
61
72
0
0
0
0
0
0
0
0
5
0
11
65
45
0
0
0
0
2
2
0
0
73
0
0
0
0
0
0
2
0
0
0
5
21
22
16
11
0
0
17
10
0
32
0
23
3
0
5
0
13
18
0
34
0
18
17
17
0
20
16
13
0
9
6
16
0
0
39
0
23
14
5
17
0
52
0
2
0
19
0
22
0
9
0
48
0
24
12
30
0
74
0
42
0
24
0
31
10
17
14
15
24
2
34
10
0
13
6
0
0
0
0
0
16
0
16
0
36
0
13
40
28
0
41
0
15
0
24
22
0
20
0
5
0
43
0
2
30
0
25
16
0
2
0
40
0
8
0
0
0
19
0
21
0
27
0
27
0
0
1
24
17
8
0
16
21
0
18
26
0
20
2
5
34
31
0
4
0
0
28
0
0
4
0
5
22
33
2
20
28
17
46
0
38
18
1
3
18
7
35
0
23
5
15
28
10
25
2
8
0
0
2
0
11
47
35
0
0
16
1
31
0
0
0
1
16
13
7
0
0
9
7
2
2
2
0
7
3
0
2
0
2
7
2
4
5
2
7
11
5
2
2
2
9
0
0
9
5
13
7
6
7
5
0
6
5
7
4
0
0
4
7
2
2
0
7
5
7
0
0
0
5
0
5
0
2
7
4
9
2
2
74
0
4
0
2
2
0
15
2
2
0
0
2
2
0
9
11
4
2
3
3
7
0
3
2
0
0
13
2
2
0
0
0
5
2
0
0
4
9
9
0
0
2
2
5
0
0
0
0
2
5
2
11
0
9
2
7
0
2
9
5
7
2
0
0
2
0
11
2
0
0
2
0
5
5
0
4
0
2
5
9
5
7
0
0
7
0
2
7
0
2
5
7
0
7
0
0
9
7
0
7
9
0
2
0
7
7
0
0
0
2
0
5
5
0
0
7
7
7
0
0
0
0
9
5
7
4
2
5
9
7
2
5
7
2
0
2
15
9
3
0
4
2
2
13
2
0
2
2
2
2
2
2
0
9
0
7
9
4
9
2
5
0
0
4
2
4
7
2
2
0
0
0
9
0
0
7
2
2
0
2
11
2
0
5
0
2
2
0
0
2
9
0
11
3
7
7
2
5
2
2
2
7
0
7
0
0
0
9
0
0
2
0
0
7
5
7
0
5
0
3
7
0
0
2
0
0
0
0
2
2
4
2
2
0
4
2
2
2
2
2
2
0
11
2
2
0
2
2
2
2
2
0
4
0
4
2
2
4
0
0
0
0
2
2
0
2
4
2
4
0
2
0
3
3
0
0
2
0
0
0
2
0
0
0
0
0
4
0
4
2
4
0
0
0
2
0
2
0
2
2
0
6
2
2
2
0
2
0
2
0
2
0
0
0
0
2
2
2
0
2
2
0
0
0
0
0
2
0
2
2
2
2
3
2
0
2
0
2
2
2
2
5
3
2
3
0
2
2
2
2
0
0
4
0
2
3
2
2
3
2
0
2
4
2
2
4
1
2
2
2
2
2
0
2
2
0
2
3
3
4
0
2
2
0
2
4
0
0
2
4
0
0
4
2
4
6
0
0
0
0
0
0
2
0
0
2
0
0
2
0
0
0
0
0
2
2
2
2
2
2
0
0
4
2
0
0
0
0
5
3
2
2
2
0
2
2
2
2
0
2
4
0
0
0
2
2
2
0
0
0
0
2
2
2
3
2
0
2
4
0
2
2
1
0
0
2
4
0
2
2
0
0
4
4
4
0
2
0
0
3
0
2
2
0
2
2
0
0
2
0
0
4
2
2
0
0
2
0
0
2
2
0
0
2
2
2
2
4
0
0
0
0
2
2
2
0
0
0
2
6
4
2
2
4
0
0
14
0
0
0
2
4
4
2
2
0
0
0
0
4
2
0
2
2
0
2
2
0
2
2
2
2
2
2
0
2
4
2
2
2
2
0
2
0
0
2
0
2
8
6
0
0
2
2
0
2
4
0
2
0
2
0
4
4
2
2
9
2
2
0
21
6
6
2
0
2
0
2
4
0
4
4
0
2
4
2
0
2
4
0
2
2
2
0
0
2
0
2
0
0
2
0
2
2
2
0
2
2
0
4
2
4
0
0
2
4
0
4
0
2
0
0
0
8
2
0
4
0
2
2
2
9
2
2
2
2
0
4
2
2
0
2
0
2
0
2
11
2
2
0
2
2
2
2
2
2
2
0
0
2
0
0
2
2
2
2
2
2
2
2
0
2
2
0
2
2
2
2
2
2
10
9
2
2
2
2
0
2
2
2
0
9
13
2
0
0
2
2
4
2
6
0
7
6
2
2
0
2
2
2
0
0
8
0
6
0
2
2
4
4
2
2
4
2
2
2
0
0
0
0
0
2
14
0
2
0
0
0
2
11
2
2
2
2
0
3
3
0
2
0
2
4
0
4
2
0
2
2
2
2
2
0
0
2
2
2
2
0
13
2
2
2
2
3
5
2
0
2
2
2
2
2
8
0
2
4
19
8
0
2
0
4
2
0
0
2
14
2
0
0
18
10
0
2
4
2
43
4
2
0
27
0
4
2
0
63
11
2
17
4
0
23
0
0
4
4
4
6
15
9
4
0
0
0
19
2
2
0
0
4
2
99
0
0
10
10
2
0
2
6
2
0
4
0
2
2
0
0
2
2
6
0
2
2
21
12
4
4
10
4
16
0
15
0
0
2
2
2
6
0
0
4
0
2
6
0
4
4
0
10
6
6
0
0
0
73
2
0
0
2
0
6
0
2
2
2
6
4
0
9
0
23
2
6
2
4
0
0
17
6
52
2
0
11
0
17
4
2
4
4
2
2
2
4
10
2
15
0
0
4
8
2
0
0
2
2
11
13
4
6
2
6
0
2
0
2
13
91
12
0
4
4
2
23
21
2
2
25
0
0
0
3
4
0
0
6
2
2
6
2
22
2
2
13
0
0
2
2
2
2
2
0
0
6
6
2
9
0
2
0
7
15
0
6
59
0
0
4
2
2
2
6
2
8
8
0
10
4
11
0
19
0
2
2
0
0
6
0
2
0
2
0
22
16
2
2
4
2
22
4
23
6
4
0
47
18
4
37
4
0
0
2
6
4
0
0
8
0
4
0
2
0
0
0
2
0
