53
50
33
29
40
56
34
27
52
46
63
32
54
44
51
52
67
30
42
49
43
47
37
40
58
59
68
60
58
34
39
40
48
57
51
46
13
26
40
74
67
30
42
86
35
36
83
39
43
55
42
67
43
48
30
46
48
50
43
35
59
46
41
34
21
48
43
57
41
47
55
31
61
25
39
41
64
44
44
52
52
46
43
51
57
56
35
56
31
41
39
60
43
58
56
41
37
29
37
32
27
43
30
24
37
40
54
31
41
23
32
36
47
62
38
39
44
31
42
50
56
23
39
36
50
53
37
51
42
54
30
35
41
53
29
36
21
68
29
46
48
70
68
32
31
60
40
45
49
39
29
48
17
63
66
51
51
32
51
44
44
30
29
56
35
31
47
49
63
18
25
31
53
46
49
75
45
70
34
54
37
29
30
25
45
23
65
47
66
35
30
50
50
69
58
60
26
66
54
37
39
28
19
50
50
32
46
42
40
30
41
32
32
48
57
45
38
27
39
52
31
44
61
28
35
41
20
58
49
34
31
46
15
17
44
54
22
22
43
35
21
42
35
47
18
54
45
41
7
43
17
35
43
41
37
22
40
22
54
18
39
19
18
31
34
29
26
48
12
20
18
16
19
44
28
24
14
37
13
21
29
16
12
27
36
58
17
36
3
5
3
5
3
7
3
2
5
3
2
3
5
3
2
3
5
2
2
2
2
2
3
2
3
2
0
2
5
5
2
2
2
7
2
3
3
2
5
3
3
2
3
2
7
7
3
5
2
5
3
2
3
3
9
2
1
7
9
2
5
9
2
7
1
7
3
5
7
3
9
9
9
7
3
5
9
5
15
3
3
3
5
5
17
3
7
7
9
7
19
13
7
11
7
7
17
13
5
9
3
7
5
7
7
13
7
9
17
5
9
7
13
11
5
9
7
7
15
5
5
9
5
7
11
13
7
11
11
13
7
7
9
9
9
7
9
17
13
9
5
13
11
5
15
5
7
7
7
9
9
7
15
11
17
9
7
3
5
13
17
3
7
3
5
7
7
9
11
19
9
13
5
9
11
7
11
9
3
13
5
11
3
13
7
9
9
11
15
13
13
3
3
15
11
11
9
9
11
13
9
15
9
11
7
3
5
5
7
5
11
15
17
7
7
9
5
7
11
9
3
9
13
11
7
5
5
3
7
7
3
9
5
5
7
11
11
2
11
9
5
7
11
7
5
3
15
7
5
3
5
3
7
3
5
7
2
2
3
2
3
3
11
5
7
2
2
7
5
3
17
3
5
9
2
5
3
3
3
5
5
5
5
7
5
5
2
7
7
6
13
31
10
17
11
15
11
19
13
19
17
11
17
10
38
17
13
8
11
10
27
8
8
9
6
12
13
11
6
18
10
29
13
6
6
6
6
6
10
18
8
9
15
19
11
8
8
13
8
10
13
11
15
6
10
6
6
10
15
11
8
6
4
9
10
8
6
17
19
17
10
40
24
13
31
17
15
15
6
6
9
13
10
8
4
9
11
8
13
8
9
6
23
10
9
13
13
8
8
17
19
15
13
17
17
13
13
19
12
13
13
37
23
19
19
11
9
19
10
6
11
8
23
8
8
19
17
24
28
23
13
15
10
10
11
9
23
15
21
24
9
13
13
13
21
11
13
15
15
13
10
18
14
13
17
17
9
6
13
15
15
30
15
8
36
8
9
19
33
32
9
11
15
11
7
19
13
29
21
6
47
13
6
9
23
8
8
12
27
13
13
15
9
23
25
7
19
29
12
9
22
19
19
11
17
15
21
21
15
24
16
11
13
27
13
15
13
10
19
25
21
15
6
28
11
13
17
4
18
15
10
6
22
13
20
9
11
17
0
6
11
4
11
11
25
7
11
6
11
21
13
7
4
18
11
6
0
11
4
13
4
2
4
2
4
2
4
5
6
0
2
7
4
0
14
4
7
2
0
4
2
4
2
6
4
4
4
2
2
2
8
8
0
0
0
2
2
2
8
4
2
2
4
4
4
6
0
4
2
0
0
4
2
2
4
4
2
4
2
2
4
4
2
4
2
2
6
4
2
4
6
2
2
2
4
0
2
4
4
8
2
2
2
0
0
4
4
2
2
2
4
6
4
6
0
2
2
4
4
0
6
2
6
4
6
2
6
0
2
0
0
4
4
8
2
2
0
2
4
6
4
2
6
4
4
4
4
2
4
2
0
4
2
2
2
2
4
0
2
0
4
6
2
2
2
0
0
2
0
4
4
4
2
2
2
0
0
0
2
2
2
4
2
2
2
4
0
4
6
8
0
0
0
0
4
4
0
4
8
0
4
8
0
8
0
2
6
6
8
10
4
2
6
4
6
4
2
0
4
2
2
6
6
0
2
4
8
6
4
6
6
0
4
8
6
4
4
8
2
6
6
6
6
6
6
6
4
6
8
0
4
2
0
2
4
6
4
6
2
4
2
4
4
6
6
4
6
8
2
4
2
4
4
4
2
2
8
4
8
4
0
4
4
6
4
4
4
4
10
4
4
4
4
0
2
6
8
2
6
2
0
6
4
2
6
6
4
6
2
6
2
8
6
2
6
2
6
0
0
4
2
4
6
4
6
6
6
4
0
8
8
10
6
4
0
3
5
66
0
1
88
37
5
5
1
3
1
1
0
1
0
0
0
73
1
56
0
3
32
64
56
5
0
60
9
47
3
61
1
52
1
0
0
63
0
59
0
62
0
0
0
31
1
3
3
3
0
67
0
3
0
0
0
0
1
0
0
0
70
0
11
54
1
58
0
0
1
0
0
0
0
5
0
3
0
64
0
5
0
46
19
51
31
28
0
16
15
0
45
38
21
0
1
7
25
21
20
17
23
38
0
26
24
33
48
26
3
0
1
43
1
1
1
28
28
1
5
0
0
21
1
1
41
42
40
52
47
3
15
49
0
50
0
10
23
28
51
5
1
1
1
50
20
38
0
17
53
1
1
30
39
50
3
32
29
35
43
1
1
31
39
45
24
7
32
31
27
34
32
33
0
31
21
34
37
0
26
28
0
7
25
23
7
68
54
3
22
29
0
11
3
37
34
24
11
4
1
42
29
3
1
1
6
48
5
28
0
1
0
1
29
3
51
5
0
39
5
16
31
34
5
43
42
15
5
1
41
58
27
43
33
36
26
3
28
39
3
0
0
32
0
53
40
14
1
27
49
17
1
31
1
35
0
36
18
1
4
1
17
1
32
38
0
41
46
34
41
0
1
22
5
47
1
7
35
25
3
1
21
41
0
1
14
14
22
14
18
32
30
28
56
17
17
14
25
30
20
14
16
17
13
16
24
43
27
21
14
22
11
40
19
15
22
34
14
27
70
37
41
20
63
62
35
42
24
44
26
57
52
42
47
44
41
35
20
50
32
58
42
45
42
58
20
35
62
43
67
52
61
61
78
60
33
48
49
64
54
60
64
49
56
61
63
56
41
76
45
76
71
68
66
61
75
77
62
47
39
73
55
62
29
58
68
60
62
54
69
59
57
72
32
64
14
65
65
59
56
43
56
42
41
62
43
64
66
53
61
57
64
60
66
41
43
41
51
51
28
54
25
59
34
41
69
63
60
40
33
35
60
42
51
34
41
33
42
35
64
44
45
68
29
51
34
35
36
64
37
66
42
49
30
65
46
42
41
42
66
56
64
42
39
38
36
63
58
23
50
64
35
31
13
25
42
43
34
52
19
63
56
48
52
58
62
48
56
34
42
64
48
38
62
42
58
48
50
60
53
57
29
50
66
50
16
35
32
42
70
23
60
58
47
33
49
59
28
40
65
37
48
32
36
44
27
61
53
65
51
55
27
49
51
55
35
30
35
60
53
28
63
42
18
51
74
49
61
30
33
17
22
23
45
13
19
33
55
37
34
55
41
77
66
33
53
43
41
58
26
39
66
48
35
28
13
35
30
27
38
33
28
32
36
27
27
26
29
28
39
17
23
37
48
19
41
53
32
45
31
35
33
31
26
11
29
40
35
27
36
36
38
49
37
33
36
21
31
23
41
46
26
35
18
88
40
21
55
44
26
36
37
37
12
2
24
26
27
19
24
26
33
23
22
24
34
36
20
38
48
34
34
5
33
35
22
22
28
23
28
29
35
27
30
27
23
37
31
31
25
33
24
25
37
14
27
38
25
34
33
27
34
30
53
50
33
27
26
42
5
32
28
25
33
39
25
31
32
37
32
30
37
44
34
22
29
31
28
29
26
24
24
28
15
20
21
34
37
52
54
32
32
15
19
24
35
39
22
12
28
27
27
31
34
42
17
32
33
24
43
37
50
33
52
33
41
48
54
41
44
51
27
33
37
39
43
30
36
28
5
31
24
34
20
39
37
24
24
35
29
22
33
37
36
37
40
45
41
52
35
34
36
37
33
36
35
29
36
25
28
28
44
24
35
34
41
34
26
22
28
33
24
38
25
28
37
31
48
43
40
82
35
34
26
27
42
48
25
31
34
33
43
34
30
40
32
25
31
29
32
26
30
34
32
28
27
35
27
32
41
34
9
34
33
31
32
27
33
33
34
43
41
38
48
38
46
29
29
28
32
27
19
7
8
4
11
13
9
11
6
9
9
9
17
11
8
8
11
7
6
9
6
4
9
4
6
13
8
9
7
4
8
9
8
7
4
11
8
9
9
6
6
11
4
8
6
10
6
8
6
4
2
4
8
8
17
10
8
8
6
9
15
2
8
4
6
8
8
9
15
13
2
6
10
8
17
6
13
8
9
9
6
17
6
8
6
9
6
10
6
6
13
6
6
6
10
6
2
8
6
6
11
11
9
6
8
8
13
15
13
15
11
11
11
11
4
8
21
8
11
11
9
10
11
13
6
6
11
13
4
8
13
8
11
8
13
10
6
8
13
11
13
19
8
4
6
9
8
7
11
9
9
17
12
6
7
9
4
9
6
8
8
9
6
8
8
6
13
8
21
26
9
8
13
8
11
4
10
8
25
6
17
9
9
11
9
19
13
8
13
9
9
17
11
21
11
8
9
6
19
8
13
6
8
9
9
9
12
11
10
12
11
9
9
9
6
8
11
15
6
11
17
13
9
8
6
17
15
15
6
9
4
15
11
6
12
9
11
13
13
13
9
10
11
9
9
9
11
9
6
6
8
8
11
10
15
11
17
8
6
13
13
15
11
11
13
8
4
6
13
9
15
11
8
15
6
8
11
9
11
15
4
6
6
19
11
4
13
6
31
0
4
2
6
2
6
0
6
2
4
4
2
63
2
6
6
4
8
8
0
0
2
0
6
2
11
6
4
2
4
0
6
0
4
2
0
0
0
2
6
0
0
8
2
12
6
0
2
0
35
2
2
31
0
0
2
2
2
17
0
0
30
2
4
69
2
6
4
2
25
2
2
29
0
0
5
0
0
4
2
4
35
2
0
29
6
6
0
4
2
6
0
4
2
0
63
4
6
37
10
0
0
2
80
8
2
0
0
2
2
6
6
0
0
4
0
6
2
4
6
2
4
0
4
6
4
2
0
2
20
6
4
2
4
0
6
6
6
6
4
4
2
0
2
2
4
6
0
0
2
8
23
4
0
6
2
4
4
0
0
2
0
4
58
6
2
4
2
2
4
2
4
2
2
72
13
0
20
2
31
2
4
28
6
6
2
4
8
2
0
2
2
4
3
4
6
6
10
2
2
0
6
0
0
4
2
0
0
4
2
4
2
4
2
0
6
2
4
2
6
0
2
30
4
0
2
2
6
2
2
4
4
4
4
6
6
0
4
0
6
4
2
24
0
0
18
5
4
0
2
11
24
4
8
31
0
4
4
6
2
2
0
2
6
4
38
0
0
6
0
2
4
2
0
4
2
4
4
0
0
9
2
6
32
0
0
15
0
0
0
2
2
2
0
2
0
2
0
0
0
2
2
2
0
0
4
2
0
4
0
2
0
2
0
2
0
0
2
2
0
2
2
0
2
2
2
0
4
2
2
2
2
0
0
2
0
2
2
2
2
0
2
4
2
2
0
2
0
2
2
2
0
0
2
4
4
4
0
4
0
4
2
2
2
2
0
2
2
2
0
0
2
4
0
0
2
2
6
2
0
0
2
2
2
2
0
0
0
2
0
2
0
2
2
0
2
2
2
2
2
2
2
2
2
2
0
4
0
2
2
0
4
2
2
0
0
2
0
0
2
2
0
2
4
0
2
2
0
2
2
2
2
0
2
0
4
0
0
2
0
4
0
4
0
0
2
2
4
0
2
2
0
2
2
2
2
0
2
0
2
2
2
2
0
0
2
2
2
0
0
2
0
0
0
0
2
0
0
2
0
2
2
2
0
0
0
2
0
2
2
2
2
2
2
2
0
2
2
4
0
2
0
0
2
2
2
0
4
4
2
0
0
2
2
2
2
4
2
2
4
0
2
4
0
2
0
0
2
0
0
2
6
0
2
2
0
2
0
0
0
0
0
0
0
0
0
0
0
0
0
0
0
0
0
2
2
0
4
0
2
2
2
2
2
0
0
0
0
0
2
2
0
0
2
2
