52
53
49
54
41
47
40
52
33
46
31
32
40
58
39
52
58
47
48
32
34
50
38
43
22
23
36
43
51
39
33
36
37
27
43
42
27
53
44
40
48
47
35
37
37
11
43
44
47
29
42
31
34
31
22
46
18
15
34
40
38
28
43
46
26
47
38
26
34
15
31
40
36
37
41
31
38
34
28
40
16
43
36
40
26
52
35
48
28
39
27
34
31
29
30
19
50
37
39
33
37
28
48
41
32
28
28
52
62
29
43
25
36
36
34
35
29
35
38
44
37
28
39
50
46
31
28
11
24
20
26
26
17
36
50
42
40
46
45
28
32
37
46
37
47
39
47
48
44
29
33
40
50
47
21
50
47
43
52
53
46
44
52
29
31
36
44
28
30
46
54
42
44
31
45
38
11
34
44
41
45
41
52
53
44
48
39
42
26
56
30
49
13
36
36
41
45
43
37
37
32
29
25
35
43
50
61
49
43
25
34
24
21
15
47
36
28
33
19
35
52
24
31
32
33
42
55
51
46
38
39
38
53
43
41
44
46
58
42
43
43
51
52
55
38
44
24
40
34
49
27
39
45
35
50
38
44
34
22
19
35
16
17
23
30
33
37
45
60
45
52
38
38
22
56
18
30
47
41
40
54
33
39
53
21
24
50
59
0
2
4
12
2
0
2
0
2
2
0
0
0
0
0
4
0
0
2
2
2
0
2
2
0
0
13
0
0
0
0
8
2
0
2
2
0
0
0
2
2
4
2
2
2
2
0
2
0
0
0
0
0
0
2
4
7
4
2
0
0
6
0
0
2
0
6
0
2
2
4
2
0
2
0
0
0
2
0
0
0
0
4
7
2
2
0
4
2
0
2
0
2
2
2
0
2
0
0
2
2
2
2
0
0
0
4
5
0
0
1
0
2
0
2
0
0
0
4
4
2
1
2
0
0
0
2
4
0
2
2
2
2
0
2
4
0
0
0
0
0
0
0
2
0
4
2
2
2
2
4
2
0
2
0
2
7
0
8
7
4
0
0
3
4
4
0
0
0
0
2
4
2
0
0
0
2
4
4
0
2
2
0
2
0
2
0
2
0
0
0
4
0
1
0
2
2
6
0
0
0
0
0
0
2
2
0
2
0
0
2
4
4
0
0
2
0
0
2
2
2
0
0
0
0
4
2
2
0
0
0
2
0
0
0
0
2
2
0
2
0
4
2
0
2
0
2
0
2
0
4
0
2
2
0
0
0
4
6
0
2
0
0
0
0
0
2
2
0
0
0
0
0
2
2
7
0
4
3
0
2
3
2
0
0
0
0
0
6
12
6
4
18
6
10
12
8
8
12
6
8
0
8
10
8
4
10
6
6
8
8
12
4
6
12
10
31
6
6
22
4
2
6
12
8
8
12
12
8
6
35
6
8
12
6
10
0
4
6
4
10
4
4
0
16
2
6
8
6
4
8
2
6
6
12
10
8
8
4
14
8
12
8
8
8
8
6
10
12
2
8
10
16
12
8
4
8
8
18
4
10
4
4
6
8
10
12
6
6
10
8
8
10
8
12
10
41
6
14
8
14
8
16
10
4
8
12
8
10
8
4
8
10
6
18
4
8
4
6
6
12
8
8
4
4
6
39
4
8
8
6
8
6
39
12
10
10
6
4
8
4
4
8
8
8
18
4
6
6
8
10
8
8
4
10
10
6
6
4
4
8
10
6
16
4
6
12
2
10
24
8
10
4
10
10
10
8
8
10
12
8
4
4
10
12
10
6
8
12
4
10
8
16
8
10
10
14
8
8
10
6
4
12
24
4
12
8
4
4
2
2
6
8
10
8
8
4
8
8
2
8
16
6
6
6
4
10
6
6
4
31
2
8
6
8
6
12
6
6
2
6
4
2
2
4
2
2
4
6
2
2
6
0
2
0
2
4
4
2
2
2
0
2
4
0
2
2
4
2
2
2
0
4
6
2
4
4
9
5
1
5
5
3
4
3
3
4
5
3
2
0
2
1
1
5
1
5
6
5
6
4
1
3
4
2
1
5
5
4
3
0
2
2
5
1
11
2
2
7
0
7
5
7
0
2
5
3
7
9
7
9
4
7
4
9
15
2
7
3
3
4
6
4
15
2
5
5
5
0
2
9
2
13
7
9
2
2
2
4
2
4
5
6
5
3
3
3
13
0
2
15
2
4
6
4
3
0
1
2
2
5
4
0
2
13
5
7
2
4
15
7
2
5
2
4
6
13
2
4
5
7
5
6
2
0
7
3
4
5
2
5
13
2
5
3
11
0
7
2
2
2
2
0
5
4
6
7
4
0
4
3
4
4
4
1
4
2
9
2
13
5
9
6
3
0
3
1
2
4
2
0
7
6
9
2
6
4
3
15
11
6
15
6
2
0
4
9
5
5
5
15
11
2
3
7
1
5
2
7
2
1
11
2
2
2
2
5
4
0
9
2
7
3
5
3
0
5
3
4
2
3
4
2
4
3
0
4
0
2
4
7
7
0
2
4
0
2
2
3
13
5
4
4
0
5
0
4
4
2
0
5
5
0
5
2
4
3
11
2
21
6
2
0
2
3
0
7
2
5
5
1
3
5
0
0
4
2
2
2
2
5
9
2
6
6
6
4
2
4
4
4
0
6
2
4
4
4
2
0
4
4
2
2
2
4
2
6
0
0
2
4
4
2
0
2
2
4
6
2
0
0
4
6
4
4
2
4
4
4
6
4
4
4
2
6
0
6
4
4
4
4
4
4
4
8
6
2
0
2
8
4
4
2
4
0
4
0
2
4
4
0
0
0
4
4
8
6
4
4
4
2
6
4
4
2
0
6
4
4
4
2
0
8
4
4
2
2
4
0
0
0
4
4
4
4
4
4
2
2
4
6
0
4
6
2
4
4
6
4
4
4
4
0
4
4
0
0
4
2
2
2
4
4
4
4
2
4
4
4
4
6
2
2
4
4
2
0
2
4
0
0
0
0
2
4
2
2
6
4
2
2
6
4
4
4
2
4
4
4
4
0
0
2
2
2
6
4
4
2
0
4
4
4
4
2
4
6
6
2
2
4
0
4
2
4
4
4
2
4
6
2
4
4
4
0
4
2
2
2
6
4
2
4
2
2
0
0
4
4
0
4
6
0
2
0
6
2
6
4
0
4
4
6
0
4
4
4
0
2
4
4
4
4
2
2
2
2
0
0
6
4
4
2
2
4
2
4
2
4
0
4
2
6
2
0
6
0
0
4
0
6
2
0
2
2
0
2
2
2
2
0
2
0
0
1
2
0
0
0
2
0
2
4
1
1
0
2
0
0
0
0
2
2
2
1
2
2
1
2
0
1
1
1
0
0
2
0
0
0
0
0
0
0
2
0
2
0
0
0
2
2
0
0
0
0
0
2
2
2
0
4
0
2
2
7
0
2
2
4
2
9
2
0
4
1
2
2
0
0
2
4
2
0
0
2
0
2
0
4
0
2
0
0
0
0
2
2
3
0
0
0
2
4
0
0
4
2
2
0
4
0
2
0
0
4
2
2
0
0
0
0
2
0
4
0
2
0
0
2
2
2
0
0
0
2
0
2
2
2
2
2
2
0
2
0
2
2
2
5
2
0
0
0
2
2
0
2
2
0
6
2
4
0
0
4
0
2
0
2
0
2
0
0
2
2
2
2
2
4
0
0
2
15
2
0
3
2
2
0
5
2
0
0
2
4
0
4
0
2
4
2
2
0
0
2
0
2
2
8
0
0
0
0
0
4
0
0
4
2
0
2
0
4
0
0
0
0
0
2
2
2
0
0
2
2
2
0
7
0
0
2
2
2
0
2
0
2
2
2
2
0
0
2
2
2
0
2
0
0
7
2
2
2
2
0
0
0
0
0
2
2
0
0
2
0
2
2
2
2
0
2
0
2
0
2
2
0
2
5
0
21
13
17
17
11
11
15
9
15
13
15
11
8
17
13
17
15
17
17
16
17
15
15
17
18
15
15
15
17
9
21
66
25
19
19
11
19
19
13
22
21
20
18
11
12
17
24
18
19
19
17
13
17
19
17
15
17
26
22
13
15
14
11
9
28
9
18
19
20
12
15
17
15
20
11
15
20
9
23
17
20
17
20
17
15
9
13
17
21
24
21
9
17
17
13
11
11
5
28
16
23
44
15
15
18
20
26
11
25
30
18
22
25
18
21
22
37
29
20
21
28
24
21
23
16
19
26
17
17
27
25
18
18
17
15
20
25
17
21
26
21
14
30
23
29
21
16
24
10
30
22
24
23
16
19
21
18
17
25
28
20
27
25
18
24
17
28
22
23
16
22
28
15
13
18
32
17
33
25
35
28
17
22
20
22
13
20
23
28
13
22
21
23
15
23
29
20
22
18
17
29
21
34
21
24
26
21
24
17
12
19
21
13
24
22
22
22
18
11
17
15
20
20
22
25
13
20
21
26
30
24
20
18
22
27
78
24
23
17
31
20
23
22
25
25
24
19
7
23
20
16
19
21
13
20
14
16
13
19
15
26
13
19
18
17
11
19
26
15
19
22
25
7
15
15
15
24
21
26
20
25
22
13
15
17
20
18
30
8
2
6
6
4
2
0
2
4
2
4
6
2
2
6
4
6
2
6
8
6
2
4
8
8
6
4
2
4
8
6
6
2
4
0
2
2
2
0
4
4
6
2
4
6
2
6
4
4
2
2
4
4
4
2
4
2
6
6
2
4
2
4
4
8
6
8
2
4
6
2
0
6
6
8
2
0
2
2
6
8
0
2
0
2
2
2
6
0
2
4
2
6
6
4
4
6
0
4
2
4
4
6
2
8
6
6
2
6
4
0
6
4
2
2
4
4
4
6
6
2
4
0
4
8
2
2
0
4
2
6
6
6
8
2
4
2
2
2
4
8
2
4
4
0
2
2
4
2
2
2
6
0
4
2
0
2
0
6
2
6
4
2
0
2
4
2
4
6
2
6
2
4
2
4
4
4
0
4
4
6
6
2
10
6
4
6
6
4
6
6
4
2
4
10
8
4
0
2
2
4
6
0
2
0
4
8
6
4
2
6
6
2
6
0
0
6
2
0
4
4
0
0
10
2
4
2
4
2
4
2
4
2
2
2
4
6
8
2
4
2
6
2
2
6
4
2
4
4
2
6
4
2
6
4
8
2
6
2
4
6
0
6
6
4
2
2
6
2
2
0
0
4
6
0
4
0
2
2
8
4
8
4
0
2
2
6
4
0
0
0
0
0
0
0
0
0
0
0
0
0
0
0
0
0
0
0
0
0
0
0
0
0
0
0
0
0
0
0
0
0
0
0
0
0
0
0
0
0
0
0
0
0
0
0
0
0
0
0
8
4
11
13
31
15
13
25
32
22
11
25
24
11
12
25
19
22
21
25
17
19
5
17
9
56
28
25
13
11
11
13
13
15
20
22
15
28
17
14
7
19
23
15
19
8
15
13
31
10
24
11
21
17
38
30
25
25
21
15
18
17
19
21
15
6
13
17
31
19
22
5
23
31
23
17
12
11
30
9
8
19
17
13
22
19
19
35
6
18
25
6
25
20
15
20
24
24
17
31
9
29
22
25
21
19
21
34
14
8
13
25
15
17
19
11
23
13
13
16
27
27
15
15
13
25
35
17
17
9
15
30
15
38
16
8
20
22
33
11
17
30
15
23
31
25
21
14
17
17
14
44
21
20
26
9
30
19
21
23
11
30
15
21
19
17
25
20
29
32
19
26
4
19
12
17
25
21
14
15
13
16
17
8
13
49
7
24
26
23
20
19
20
25
24
23
36
13
23
31
17
17
34
10
27
23
10
17
28
31
22
7
13
17
14
29
24
13
16
58
25
21
20
9
9
21
11
25
16
22
28
17
31
25
18
25
23
4
6
4
9
4
4
6
6
6
6
8
4
6
13
6
6
4
4
4
2
6
13
4
6
9
15
2
4
13
8
6
6
8
4
6
6
9
6
8
8
4
4
6
17
8
10
11
10
6
4
11
10
8
8
9
4
11
4
8
38
6
6
10
8
11
8
6
2
8
8
15
4
4
6
8
4
10
4
4
0
4
4
15
4
8
13
6
6
61
4
8
11
8
4
8
8
6
2
2
8
2
8
2
6
4
6
8
8
2
13
4
15
6
2
27
6
6
4
29
8
8
6
4
13
6
2
4
11
4
34
4
6
6
10
10
6
6
4
9
4
2
4
4
4
6
4
10
4
4
6
0
6
2
4
13
2
6
4
53
10
6
6
4
6
4
4
6
4
4
6
6
8
4
6
8
2
4
6
8
6
8
6
29
6
8
6
4
2
5
6
32
4
42
6
6
8
6
6
4
8
4
6
4
8
4
49
4
4
17
4
4
4
4
4
4
4
4
4
4
6
11
4
2
4
4
8
15
2
6
8
8
9
6
6
11
13
6
8
5
4
8
6
8
6
11
2
6
4
4
4
19
2
7
6
4
6
6
4
2
5
5
4
2
15
2
4
11
8
8
8
4
15
6
4
2
8
21
6
4
6
11
6
8
11
9
9
4
13
