2
2
6
2
1
2
2
1
0
4
2
4
0
2
2
0
0
2
4
4
2
0
4
0
4
2
2
2
2
2
6
0
2
4
4
0
0
2
0
5
2
0
5
2
2
2
4
14
4
4
6
6
2
2
0
2
2
5
2
4
9
6
0
2
4
2
2
9
2
2
4
2
7
2
2
4
0
4
2
4
4
4
5
4
0
2
9
4
4
4
9
2
2
2
6
0
0
4
2
2
5
4
4
9
0
0
0
0
0
2
6
0
2
2
0
6
2
2
0
2
3
6
4
2
2
6
4
5
3
4
7
2
2
6
9
8
2
5
2
4
0
4
0
0
7
6
4
4
2
15
14
0
6
4
12
9
5
9
8
10
2
0
2
2
0
4
2
9
25
4
14
4
2
10
8
4
2
14
4
0
13
14
6
5
4
4
4
7
6
8
5
4
18
4
8
0
2
4
2
2
0
2
0
17
2
0
8
4
0
2
7
6
4
4
4
4
5
4
2
13
12
7
4
0
0
29
2
2
4
0
0
6
6
6
2
6
7
4
7
13
2
4
2
8
2
4
4
2
6
2
4
6
2
4
7
2
4
0
0
18
4
15
7
4
5
4
5
1
0
5
17
10
10
3
7
0
0
2
0
2
0
2
4
2
2
2
12
2
8
1
8
5
6
3
5
5
10
10
6
3
2
8
10
6
6
4
5
10
8
4
10
10
5
4
3
2
8
8
2
3
10
5
5
7
7
10
5
2
7
9
6
8
9
9
8
5
6
3
10
6
3
3
9
10
3
8
5
6
2
7
8
2
10
5
6
3
5
5
6
4
5
1
4
6
4
5
3
6
5
5
5
2
5
3
5
6
6
6
2
4
5
6
5
4
5
3
5
3
3
3
4
5
5
5
3
3
5
5
6
2
4
4
2
4
3
5
3
3
3
5
5
4
6
5
5
3
3
4
3
6
5
6
3
5
5
6
5
6
6
4
4
6
3
1
4
6
4
6
3
5
5
3
1
4
1
4
6
5
4
5
6
4
4
5
4
4
6
5
5
4
4
3
5
4
4
5
5
2
4
4
0
4
5
5
4
4
2
3
0
3
5
6
1
5
3
5
5
3
5
3
5
4
3
5
5
6
4
4
3
5
5
5
3
4
5
4
5
1
4
3
6
5
5
3
6
4
4
3
3
3
1
5
3
6
4
5
3
4
5
5
6
1
5
6
4
3
3
2
7
3
3
4
1
6
8
10
8
10
4
5
10
1
8
1
8
3
6
10
8
8
6
8
5
8
6
4
8
8
4
8
10
8
4
5
10
8
0
6
2
0
4
2
2
2
0
0
2
2
2
0
0
2
0
0
0
0
2
2
0
8
0
2
2
0
2
2
0
0
0
0
0
0
0
6
2
0
0
4
0
0
0
2
0
2
0
8
4
2
2
4
2
6
0
2
2
8
2
0
0
2
0
0
2
2
2
0
0
2
2
0
6
4
0
2
2
0
4
0
2
6
2
0
2
2
2
0
2
2
0
0
0
2
2
4
6
2
0
0
2
0
2
4
2
0
2
0
2
2
2
4
0
0
4
2
0
0
2
4
2
0
2
0
2
0
0
2
0
0
4
2
2
2
0
0
4
4
0
9
2
2
0
2
2
2
0
0
0
2
0
6
2
0
4
4
0
0
0
0
2
2
0
2
0
2
2
0
2
4
4
2
0
0
2
4
6
4
2
2
4
0
4
0
0
0
0
4
2
0
2
0
0
10
0
0
0
2
2
0
0
0
0
0
2
4
0
8
2
6
0
0
2
2
2
2
0
0
2
2
0
0
0
2
0
2
0
0
0
0
2
4
0
2
2
0
2
4
2
2
7
0
4
0
0
2
0
2
2
0
0
2
2
4
2
4
2
2
4
4
2
2
2
0
0
2
0
0
0
2
0
4
0
0
8
2
2
0
2
7
0
0
0
0
0
0
0
0
4
0
0
3
1
4
2
0
0
4
2
0
2
0
0
0
0
2
1
2
0
1
5
0
7
6
5
0
4
1
2
3
3
7
2
4
2
0
1
1
1
1
2
5
5
0
5
2
15
3
3
0
7
5
13
2
0
8
2
2
4
2
0
4
1
3
10
3
4
2
5
0
19
8
3
7
4
0
1
2
7
8
1
2
1
0
4
2
0
0
4
2
2
2
5
0
2
1
4
5
5
7
0
0
4
2
4
5
4
0
5
1
2
9
11
4
2
7
4
0
2
0
3
8
1
4
8
3
5
9
4
4
6
10
0
1
0
9
9
3
0
1
2
0
12
0
3
15
0
1
3
5
3
9
0
4
1
4
2
5
0
5
10
0
7
5
1
1
0
4
4
4
0
5
3
0
5
7
6
2
11
2
1
1
1
0
11
7
4
3
0
0
4
7
16
1
3
2
6
2
2
5
5
0
1
4
2
4
7
2
0
5
2
2
2
4
6
2
5
2
2
2
2
2
3
2
5
0
2
2
2
0
2
2
4
0
0
2
4
1
0
2
2
0
9
0
0
2
0
2
0
2
14
0
0
2
2
0
2
0
0
0
0
2
4
1
0
14
0
0
0
0
0
4
0
0
0
2
2
0
0
0
4
0
2
4
8
14
9
10
8
12
6
16
11
9
11
12
14
11
18
9
10
11
15
21
17
13
22
11
11
10
12
15
10
28
21
24
6
18
26
13
25
12
18
14
15
16
9
14
12
4
19
14
7
9
15
13
8
25
14
16
16
18
10
12
13
14
12
15
7
9
18
8
12
5
19
15
4
27
10
16
9
7
18
30
9
13
15
11
10
10
15
15
11
22
24
21
14
17
13
15
12
9
8
10
14
25
19
20
21
13
8
12
12
12
24
6
11
24
23
8
22
18
14
8
8
17
14
10
17
25
16
26
20
13
16
14
12
12
12
15
17
14
11
14
16
8
8
12
19
14
10
12
15
13
13
10
14
11
15
16
12
15
19
14
14
16
20
18
11
20
13
21
19
7
13
17
16
15
9
11
14
11
26
12
7
13
13
19
14
10
17
13
18
16
7
7
22
8
9
20
14
10
8
20
11
13
11
20
32
12
12
11
16
20
19
11
11
22
15
17
12
11
20
12
12
18
18
9
13
9
27
15
0
13
9
13
9
12
8
12
16
9
14
7
9
16
14
21
9
11
10
14
14
16
16
13
14
16
18
15
19
18
7
14
16
16
17
13
11
9
4
14
12
15
16
12
8
18
11
11
14
16
11
14
10
13
11
13
18
8
10
13
27
26
22
22
15
28
70
13
17
41
68
26
15
21
36
35
14
9
7
45
11
9
15
26
15
21
16
21
30
17
27
14
16
21
19
21
54
12
39
24
12
30
16
16
11
37
13
15
28
19
32
13
26
27
37
17
13
21
20
19
24
21
32
32
39
54
39
38
27
32
32
48
45
17
17
37
53
44
46
27
31
46
28
41
30
47
74
67
66
61
43
39
55
13
50
46
65
76
47
59
82
42
64
41
28
40
68
51
39
45
61
66
42
42
47
55
25
34
62
47
19
26
78
58
91
64
47
48
40
63
49
20
59
72
59
54
77
44
61
58
53
73
34
46
46
46
54
70
44
41
52
61
46
42
65
81
62
40
13
72
65
49
64
41
48
39
65
34
30
22
96
70
83
42
66
71
59
52
62
98
49
45
49
62
95
25
39
34
43
38
67
69
54
34
31
32
36
39
48
44
41
55
30
49
41
44
42
62
60
17
21
57
33
56
33
26
55
78
86
75
51
49
44
53
43
23
41
76
40
41
56
34
50
74
76
36
59
75
93
47
76
81
58
46
42
62
36
65
32
68
54
24
40
32
21
45
23
26
51
21
31
43
30
17
51
34
37
53
51
24
30
34
38
36
18
39
71
32
48
31
22
37
83
14
32
36
47
38
0
0
1
2
0
3
1
3
2
2
0
2
2
0
2
3
2
3
3
0
0
0
0
5
0
2
0
1
0
3
0
0
0
5
0
2
0
0
2
0
3
2
2
2
0
0
0
2
0
0
0
2
2
0
0
3
2
3
0
1
5
0
1
0
0
0
0
2
0
2
3
0
2
2
0
2
8
0
0
2
0
0
0
2
0
0
2
0
1
1
3
0
0
0
2
3
2
2
2
2
2
0
0
2
2
5
2
0
0
0
2
2
10
0
0
1
0
2
2
0
0
5
2
0
2
0
2
2
0
0
2
0
0
0
2
0
5
2
2
3
0
2
0
2
0
3
1
0
3
2
2
0
3
0
1
2
2
0
5
0
0
3
2
0
2
4
3
3
3
0
0
5
11
0
2
0
0
0
0
0
0
2
0
2
0
2
0
0
0
2
2
0
1
3
3
2
2
0
1
0
2
3
0
0
0
1
0
3
0
3
3
0
6
0
0
0
2
0
0
0
0
2
0
2
0
0
0
0
0
2
0
0
0
14
0
3
0
0
2
0
2
0
1
2
3
3
0
2
0
2
0
0
2
2
0
2
3
2
5
2
3
2
2
0
2
2
0
2
0
0
2
2
0
0
2
2
0
0
0
0
0
0
2
4
0
2
0
0
6
6
45
2
4
48
0
6
2
0
6
0
6
4
4
4
0
10
4
6
4
0
6
6
0
6
6
0
4
0
0
0
8
6
0
0
0
0
6
10
4
0
0
2
6
4
52
0
0
6
4
0
2
0
0
6
4
10
0
0
8
2
6
0
2
2
0
6
10
8
0
2
0
2
0
0
0
2
0
4
4
0
0
6
0
2
0
4
0
4
6
0
0
6
0
0
0
0
6
0
0
0
6
26
0
0
0
0
4
6
6
0
0
4
6
4
4
4
8
0
0
5
0
8
4
0
56
4
0
0
0
2
40
0
0
0
0
4
6
4
0
6
2
0
6
4
2
0
6
0
4
6
6
6
4
0
4
6
2
0
0
6
12
4
0
4
0
0
35
4
0
0
0
6
4
4
0
0
0
0
4
0
6
4
4
79
6
0
2
43
0
4
4
2
0
0
0
6
2
6
6
0
0
6
0
0
0
0
4
2
6
6
0
2
0
6
2
2
31
0
0
8
0
0
0
2
0
6
0
0
0
0
6
6
0
4
12
6
6
10
4
2
0
70
0
4
0
63
0
0
6
14
60
6
6
0
6
4
0
0
8
4
4
8
6
0
0
8
6
4
4
0
6
14
6
4
0
0
60
4
6
6
4
0
2
0
50
4
2
5
2
8
3
4
1
1
10
5
2
4
1
2
2
0
3
3
2
8
3
3
7
4
3
3
4
2
2
3
5
3
5
2
5
8
7
0
0
0
4
5
1
9
4
7
0
9
0
3
14
3
10
2
3
5
2
2
3
2
0
2
9
12
14
11
2
2
2
3
6
4
5
2
4
5
3
7
2
6
3
3
5
13
3
2
4
2
2
4
6
0
5
8
3
8
6
4
5
9
3
9
3
3
0
3
2
4
3
2
4
4
2
11
3
3
5
5
7
2
10
3
3
11
8
7
9
4
4
3
1
4
0
1
10
6
12
1
6
6
0
0
2
4
5
2
3
2
5
5
2
7
5
6
2
1
0
1
4
4
0
1
2
4
17
0
1
5
3
0
6
8
11
1
1
1
1
0
0
0
0
2
1
3
1
2
0
4
5
4
2
0
3
2
9
5
9
5
0
2
6
0
2
2
4
8
7
3
2
6
2
7
4
5
4
2
2
3
1
1
4
3
3
2
5
2
2
1
2
1
1
3
0
1
1
2
10
2
5
13
0
2
1
4
0
1
5
3
1
0
3
0
0
0
0
2
2
0
1
3
5
2
5
5
2
2
1
0
0
1
0
0
0
1
1
24
2
5
2
1
1
2
2
2
1
0
0
4
0
0
0
0
0
0
0
0
0
0
0
0
0
0
0
0
0
0
0
0
0
0
0
0
0
0
0
0
0
0
0
0
0
0
0
0
0
0
0
0
0
0
0
0
0
0
0
0
0
0
0
0
0
0
0
0
0
0
0
0
0
0
0
0
0
0
0
0
0
0
0
0
0
0
0
0
0
0
0
0
0
0
0
0
0
0
0
0
0
0
0
0
0
0
0
0
0
0
42
4
6
12
10
12
6
6
25
8
13
6
12
6
8
4
8
48
6
6
6
58
6
12
15
10
2
54
6
4
8
8
2
0
4
6
8
14
12
6
10
2
6
4
81
0
14
8
8
8
21
6
6
26
6
60
6
40
2
30
8
4
48
6
8
4
10
4
4
8
52
12
81
8
6
10
8
6
6
12
8
10
6
10
10
4
6
17
56
60
8
19
13
37
4
8
4
12
8
12
6
11
10
6
6
13
87
68
43
6
10
8
8
4
8
8
6
2
6
8
8
8
6
17
8
14
70
12
71
50
8
10
6
12
8
14
15
27
10
4
6
12
4
4
19
6
8
6
10
2
4
2
40
10
6
4
8
15
13
8
13
8
29
6
11
6
2
17
53
6
12
6
8
10
10
8
8
13
4
2
0
0
0
0
0
0
0
0
0
0
