2
0
2
0
2
6
2
1
8
2
0
4
6
0
2
0
2
0
24
1
0
2
2
2
0
2
2
0
2
13
2
6
4
0
0
0
0
0
0
2
0
17
31
2
2
0
0
0
2
0
4
0
2
2
4
2
0
0
0
2
2
0
0
2
2
7
0
0
4
0
0
2
2
1
2
0
0
0
2
2
2
2
0
2
4
5
0
2
3
0
0
4
2
4
0
0
0
0
2
0
0
9
2
0
2
0
0
2
0
0
0
2
0
5
2
2
2
0
2
2
2
2
2
0
2
11
0
3
5
0
2
4
0
0
2
0
2
0
11
3
2
4
0
0
0
4
0
0
0
0
2
0
2
4
0
2
0
0
0
0
2
4
6
2
2
2
2
0
2
2
2
0
0
6
2
4
0
1
7
4
2
2
0
0
0
5
4
0
2
0
4
0
0
0
4
0
0
17
0
0
15
2
2
2
2
0
2
0
0
4
4
4
2
0
0
0
0
0
0
2
0
0
6
0
2
2
0
0
0
0
2
0
2
0
19
11
16
4
2
2
4
4
2
0
0
0
42
5
2
0
2
6
2
2
4
0
0
4
4
2
2
0
4
4
2
2
2
2
2
4
0
8
0
0
4
2
0
2
2
4
0
11
6
0
0
0
2
0
13
8
7
10
45
6
56
11
9
7
8
9
24
64
11
6
8
7
6
7
8
11
9
79
6
6
9
4
9
9
5
10
12
67
8
11
0
9
8
9
4
6
14
4
28
5
5
5
12
17
4
5
2
55
8
27
8
6
11
7
7
38
49
29
9
9
9
5
13
6
58
9
36
11
13
5
6
83
5
6
6
13
73
4
15
30
13
9
4
74
4
6
6
6
56
10
5
21
5
8
10
10
6
10
6
7
15
4
57
5
6
9
63
9
12
8
9
11
3
15
9
16
5
5
13
13
47
41
10
79
46
9
23
7
4
4
59
7
24
12
11
4
4
8
51
11
7
8
9
10
4
12
9
8
9
13
9
15
75
15
7
11
10
4
8
63
66
17
13
7
46
5
7
6
10
16
9
6
74
61
7
12
7
9
11
7
2
15
30
11
13
11
14
15
8
81
94
8
7
73
13
6
40
6
46
13
10
8
58
11
10
8
8
6
5
8
37
49
11
47
11
75
12
13
2
7
4
7
60
24
15
9
6
16
7
11
7
8
9
49
7
28
11
11
9
7
9
13
51
71
6
18
8
36
9
18
58
4
6
5
8
53
7
16
7
11
66
7
37
6
9
34
13
9
11
42
21
8
30
14
12
15
6
9
12
13
7
13
5
5
0
1
72
39
0
48
13
59
23
0
1
1
13
3
3
66
3
3
3
1
5
3
3
3
36
18
41
38
0
1
1
5
1
5
19
3
7
62
31
3
5
1
3
3
1
3
1
7
18
5
19
14
67
7
3
7
5
3
25
1
3
32
3
65
1
8
3
45
1
46
1
3
1
1
56
3
3
3
3
1
65
32
5
5
28
23
5
5
0
5
7
3
9
4
5
8
3
5
5
7
3
9
3
3
5
19
1
1
27
5
3
7
3
1
5
5
3
9
5
5
5
21
3
7
28
1
3
11
3
3
11
5
1
5
19
5
7
5
45
3
26
1
1
34
3
26
7
5
66
42
3
61
3
49
7
36
3
5
3
5
1
5
52
1
5
65
1
17
1
5
28
1
6
1
7
29
7
0
38
28
37
1
15
23
3
6
1
7
3
10
1
3
56
3
3
16
25
1
5
65
20
67
5
1
7
58
3
3
5
3
3
5
5
36
19
5
37
3
3
12
1
35
5
45
1
76
3
3
7
1
47
39
3
3
1
1
1
3
42
44
22
27
5
3
0
7
5
32
1
5
5
0
5
7
3
5
5
3
3
3
1
7
38
8
5
1
0
0
0
0
0
0
0
0
0
0
0
0
0
0
0
0
0
0
0
0
6
13
9
6
7
8
8
6
11
13
8
9
9
13
11
11
17
11
8
15
15
23
13
17
19
8
13
6
13
9
21
11
13
28
21
13
17
11
8
13
16
13
23
21
8
15
25
11
11
8
13
10
13
13
15
13
13
9
10
9
9
21
11
11
9
15
9
11
8
21
15
8
8
8
19
6
17
11
28
13
15
9
9
11
19
17
15
8
7
6
9
27
11
9
17
9
8
15
11
15
13
11
15
19
21
9
10
94
13
7
9
21
17
15
6
8
11
7
21
13
21
13
19
34
17
9
25
9
9
9
21
34
13
28
9
17
22
9
9
21
21
23
13
9
17
15
11
27
17
27
19
25
19
17
25
13
22
13
21
40
13
19
21
19
10
30
8
15
19
8
17
15
11
29
31
27
11
30
15
11
11
23
13
11
23
15
36
17
23
10
36
10
13
25
15
27
8
33
25
10
23
13
25
15
15
17
13
24
11
17
13
9
27
23
21
12
13
21
48
19
15
17
27
21
21
13
15
15
21
17
17
30
17
13
17
12
15
19
19
15
29
17
19
13
15
13
17
21
8
17
23
15
15
11
23
13
16
17
15
17
13
8
8
13
13
13
9
8
10
12
16
17
11
13
13
11
15
13
15
10
13
17
10
15
10
17
17
18
6
17
8
8
14
6
6
10
12
4
6
4
14
6
6
4
10
12
4
4
6
15
4
10
6
6
8
17
6
12
10
8
4
6
6
16
10
10
10
4
8
12
8
8
10
8
6
17
10
8
4
4
8
4
8
6
8
6
8
10
10
8
4
10
6
12
6
10
4
12
4
6
4
10
10
2
10
10
16
10
6
10
10
12
6
12
10
6
10
12
10
4
8
12
10
10
8
6
12
8
6
12
12
12
12
10
35
12
12
10
8
6
8
8
6
10
12
8
8
14
25
14
10
12
14
10
4
6
10
14
14
10
6
10
10
10
12
8
6
10
14
10
12
8
16
14
35
18
18
14
21
8
8
19
14
10
23
12
8
10
18
10
23
25
27
8
18
8
14
10
10
12
16
19
18
10
23
18
12
21
10
8
18
18
23
21
14
12
25
21
8
8
19
14
10
4
18
16
8
19
16
8
12
10
8
2
12
16
12
12
12
14
10
10
6
12
10
10
8
14
10
12
19
8
10
8
18
19
12
16
35
16
19
12
8
8
6
8
4
10
18
16
14
23
16
14
10
10
12
16
8
10
10
14
16
12
4
12
14
12
21
8
8
10
4
16
16
2
12
4
10
12
10
14
23
2
6
10
10
12
6
8
12
4
6
6
16
8
8
4
12
10
8
10
8
8
6
18
12
0
6
8
6
8
4
12
8
8
8
6
10
6
4
6
4
4
10
6
8
6
4
12
12
8
10
6
14
6
10
8
12
6
8
12
8
4
6
12
8
4
8
12
4
16
14
8
6
8
16
10
4
10
8
18
16
8
14
14
12
12
10
10
6
8
18
8
12
6
6
12
16
8
14
4
10
12
6
12
20
18
20
18
33
8
14
16
4
10
16
6
6
4
8
10
8
10
20
12
14
4
20
6
18
24
20
8
20
6
20
6
20
10
10
8
4
10
10
10
8
6
4
12
14
20
10
12
18
6
4
24
6
10
22
20
10
16
28
10
20
16
22
12
14
8
8
12
6
10
18
4
26
6
14
12
22
18
14
6
10
6
10
26
20
10
24
8
22
12
6
16
12
12
18
12
18
10
14
10
16
26
28
14
8
14
8
18
4
8
8
8
18
12
20
22
14
18
4
10
18
12
20
16
14
10
6
18
4
12
6
8
16
16
16
4
14
8
10
10
16
10
12
8
10
14
12
10
12
8
12
16
10
8
8
12
10
4
14
14
4
8
8
6
10
12
4
10
6
8
12
6
8
16
4
10
8
6
4
4
37
14
16
10
12
6
12
10
12
10
10
6
4
8
2
4
4
6
10
8
14
26
0
14
2
24
1
6
12
0
7
0
12
12
7
5
0
12
0
12
15
11
1
14
15
8
31
6
0
10
12
17
9
14
20
14
0
18
0
11
1
0
0
11
13
3
0
6
12
0
9
0
9
0
1
16
5
22
0
16
1
0
1
0
0
0
6
0
11
0
1
12
0
14
0
0
1
1
0
8
2
13
5
1
0
0
13
0
7
5
11
1
16
9
0
9
0
6
0
0
7
1
8
15
11
0
12
13
0
1
6
5
0
16
9
13
1
0
18
17
9
9
10
0
7
1
10
0
1
6
23
9
0
13
2
13
16
0
11
11
9
0
1
11
1
0
0
5
5
16
0
10
15
0
16
0
13
0
7
0
7
4
9
0
11
8
11
10
8
10
0
6
0
6
8
0
10
8
11
0
9
0
0
8
0
9
0
8
13
0
13
13
10
11
0
0
4
25
0
4
0
13
9
1
10
9
19
0
7
0
5
1
13
9
7
0
13
6
1
8
0
10
1
0
7
0
10
18
0
15
18
5
9
17
33
17
13
14
25
13
15
0
12
0
15
16
17
19
10
15
18
22
0
12
11
13
14
16
0
9
15
13
1
0
11
18
9
0
11
24
0
54
0
22
17
5
15
35
0
8
11
25
69
13
20
0
0
1
0
2
1
2
0
2
0
1
0
0
0
2
0
0
2
2
0
2
2
2
0
0
2
3
0
0
2
2
1
3
1
0
0
2
3
2
0
0
2
1
0
0
0
0
0
2
0
1
4
2
2
2
0
0
0
0
2
2
2
1
3
0
2
1
2
2
2
2
0
0
2
2
2
0
2
1
2
1
2
0
2
2
2
1
2
2
0
2
2
0
0
2
0
0
1
0
0
3
0
1
0
0
0
0
1
0
2
2
0
0
3
0
0
0
0
1
0
1
2
0
3
0
1
0
0
1
0
0
0
1
0
2
2
2
2
0
0
0
0
0
0
0
0
0
3
0
0
1
2
0
2
0
0
2
0
0
0
2
0
0
2
0
2
0
0
0
3
2
0
0
2
2
2
3
2
1
2
2
0
2
0
0
1
1
0
1
0
2
1
0
2
3
2
0
2
0
2
2
0
0
2
2
0
3
3
0
1
0
2
2
0
2
3
0
0
2
2
2
3
3
2
0
0
0
2
0
2
2
2
0
0
2
1
0
0
0
1
1
0
2
2
2
2
0
2
0
2
0
2
0
2
0
2
2
0
2
3
0
0
2
0
2
2
0
2
2
0
3
3
2
0
2
2
0
0
2
0
0
2
0
3
2
0
0
0
3
22
7
6
45
36
5
3
6
4
6
5
31
7
11
20
43
17
40
3
4
49
3
40
33
3
2
29
6
4
4
38
4
3
2
33
3
4
5
3
3
30
26
6
31
5
15
6
26
43
8
7
50
6
53
4
4
36
3
5
26
35
7
6
46
4
4
7
8
9
5
41
3
5
37
4
41
6
6
31
7
5
6
34
9
2
5
28
4
3
8
34
2
6
46
3
2
27
4
6
4
54
46
2
7
29
2
7
37
20
5
32
5
30
26
2
29
4
4
33
24
37
33
6
23
32
2
49
5
6
31
29
5
46
5
3
18
7
28
3
5
41
3
9
4
6
46
17
5
7
5
61
5
3
3
22
18
6
26
28
35
8
6
34
4
5
29
21
38
4
4
3
3
3
25
5
4
4
54
8
8
5
12
6
33
4
5
42
4
4
34
4
6
32
28
5
6
27
31
5
33
5
11
43
6
2
23
5
6
5
4
4
5
42
2
3
4
4
2
6
3
42
3
30
3
2
39
4
3
2
26
5
11
4
8
12
33
4
14
14
5
4
8
4
4
21
3
5
5
30
13
8
2
5
3
21
3
4
44
3
4
7
5
5
6
5
4
4
26
7
11
7
4
4
5
5
20
36
26
5
4
2
5
10
16
26
29
3
3
8
7
11
10
26
38
10
19
49
8
25
19
7
24
4
17
7
7
10
6
11
10
26
59
26
10
27
9
8
55
17
27
6
8
12
16
22
32
7
19
28
17
29
15
14
6
28
32
8
17
33
12
11
28
7
19
7
16
7
9
39
43
11
6
17
11
53
25
10
5
7
6
12
10
9
12
14
24
8
49
9
23
26
28
11
8
6
66
9
25
5
6
6
13
7
5
20
0
0
0
0
0
0
0
0
0
0
0
0
0
0
0
0
0
0
0
0
0
0
0
0
0
0
0
0
0
0
0
0
0
0
0
0
0
0
0
0
0
0
0
0
0
0
0
0
0
0
0
0
0
0
0
0
0
0
0
0
0
0
0
0
0
0
0
0
0
0
0
0
0
0
0
0
0
0
0
0
0
0
0
0
0
0
0
0
0
0
0
0
0
0
0
0
0
0
0
0
0
0
0
0
0
0
0
0
0
0
0
0
0
0
0
0
0
0
0
0
0
0
0
0
0
0
0
0
0
0
0
0
0
0
0
0
0
0
0
0
0
0
0
36
13
12
19
8
16
22
32
31
10
9
9
5
12
13
16
7
8
2
22
9
23
12
15
21
22
24
24
35
52
28
15
6
32
24
5
9
23
18
11
4
14
12
13
12
5
7
7
