82
89
73
81
93
90
94
80
90
95
41
75
95
82
94
90
78
92
87
49
78
72
74
74
94
95
95
91
73
72
96
91
95
70
91
75
79
88
96
91
66
92
94
66
77
72
78
85
90
90
80
70
89
72
76
76
69
84
97
76
97
96
94
70
87
91
64
74
87
90
82
94
76
91
68
52
90
96
81
95
81
64
90
94
91
82
91
78
70
69
82
70
62
64
82
93
80
91
89
93
93
79
76
86
76
81
92
84
91
91
93
93
66
81
77
74
70
78
89
81
88
60
96
85
71
85
95
87
95
51
77
85
95
82
74
77
79
82
88
95
95
92
78
95
89
80
93
66
83
89
72
76
74
66
94
79
64
78
92
91
94
88
68
97
63
94
95
78
91
95
89
95
84
74
72
92
93
78
84
95
85
95
80
86
47
91
88
57
94
92
92
77
87
97
76
95
91
80
68
92
65
76
92
86
91
93
72
74
91
81
72
96
79
97
93
93
69
95
74
90
53
93
94
97
70
66
77
86
92
81
96
82
70
82
89
95
93
88
67
78
72
92
94
84
82
72
79
95
85
93
92
78
95
93
88
60
75
82
97
75
91
70
94
93
92
78
88
88
94
93
86
86
90
95
89
90
91
97
93
88
94
93
82
58
80
82
94
83
32
19
24
9
28
15
9
8
6
0
9
11
13
2
9
4
12
30
2
6
11
10
10
8
10
2
6
17
15
17
6
8
6
17
11
11
19
0
7
10
65
27
11
8
23
9
4
18
13
10
6
17
30
15
21
13
16
11
15
9
48
10
22
9
15
48
10
19
17
19
19
15
13
27
45
18
19
11
23
25
10
27
22
32
32
16
37
20
15
53
30
30
54
32
62
28
36
62
47
49
30
45
31
20
21
48
41
61
32
27
46
28
17
30
33
26
24
13
19
8
34
30
39
32
30
20
45
36
44
34
46
85
28
30
47
76
33
65
58
43
9
23
17
57
51
23
47
23
58
46
16
52
77
19
13
81
82
55
58
20
42
50
66
58
23
71
79
65
82
34
75
44
35
45
63
49
36
17
13
44
19
72
67
61
77
29
70
48
70
74
66
23
72
42
74
45
29
41
36
37
43
11
6
56
78
32
43
56
19
75
29
63
50
41
56
22
17
28
20
37
35
60
53
19
13
32
72
58
28
32
15
42
59
54
11
30
17
33
41
24
29
28
27
20
37
25
21
8
32
22
21
2
6
30
17
9
11
13
15
17
13
48
19
43
16
31
21
6
22
7
15
8
38
6
13
21
22
17
24
13
15
11
18
24
34
19
20
17
0
0
63
0
44
35
0
0
0
0
0
0
0
51
75
71
86
0
0
0
0
0
0
0
0
89
0
4
42
2
85
0
0
0
0
0
0
49
20
24
25
30
25
0
0
0
0
0
0
5
64
26
32
18
32
0
0
0
0
0
0
41
26
33
31
39
19
19
13
37
0
0
0
24
49
51
26
26
24
17
0
0
0
0
0
67
34
0
35
57
25
0
0
0
0
0
0
29
0
0
42
26
18
19
21
0
0
0
0
43
0
29
27
3
21
0
0
0
0
0
0
53
42
30
43
36
0
0
37
0
0
0
0
39
33
35
46
29
25
0
0
0
0
0
0
0
27
27
28
0
21
16
22
17
4
12
21
21
49
23
0
33
30
15
0
36
9
30
0
33
0
29
3
33
28
26
24
27
0
0
30
33
39
46
40
0
9
0
0
0
0
0
0
41
39
0
31
36
21
0
0
0
0
0
0
11
27
24
0
0
21
18
19
0
0
0
0
30
23
0
25
32
15
13
20
34
0
0
0
0
15
25
14
0
0
19
12
0
22
24
0
17
26
24
16
25
14
28
0
0
14
23
0
0
14
16
0
10
4
0
24
1
18
11
0
5
25
16
21
11
0
23
1
0
10
11
15
0
22
13
23
16
0
18
17
16
0
18
51
42
27
23
46
45
36
37
35
35
33
17
47
19
33
7
31
41
30
21
16
31
10
56
54
35
51
38
43
47
16
31
11
24
57
23
31
18
18
54
18
47
37
27
23
31
63
30
34
28
50
60
56
46
53
35
45
26
43
58
31
40
29
21
28
33
10
35
27
18
51
22
29
44
45
26
35
33
38
21
25
38
50
35
32
31
30
16
26
41
33
32
14
15
37
52
29
24
36
36
25
35
52
23
47
32
55
52
47
61
46
30
63
52
60
42
45
30
58
62
47
61
32
48
41
40
51
55
43
47
49
62
41
36
60
48
50
46
29
33
43
35
88
18
22
31
46
57
40
43
33
58
55
50
38
53
54
35
59
45
62
58
59
54
54
37
28
44
32
45
61
51
37
50
42
54
64
49
66
47
30
47
60
55
58
44
57
44
40
46
20
64
67
31
60
48
47
60
49
56
45
30
72
45
55
55
42
60
60
45
40
56
31
61
50
47
33
44
49
44
63
64
42
55
31
63
42
59
57
40
35
62
52
28
43
43
44
60
20
45
23
40
37
28
47
60
30
58
48
46
54
40
18
61
33
33
46
44
28
36
45
23
30
30
43
63
0
66
52
0
0
0
57
0
62
0
0
62
27
51
33
50
10
51
20
14
37
38
1
3
1
3
0
1
0
3
3
0
1
1
1
0
0
1
3
5
3
0
1
3
5
0
0
1
5
9
1
0
3
1
3
1
1
0
5
0
3
1
1
0
3
0
0
0
0
1
1
0
0
3
0
1
1
0
0
3
5
3
1
3
1
5
1
1
1
5
5
0
1
0
3
1
0
1
1
5
1
0
0
1
1
1
5
1
0
0
0
7
0
3
0
1
1
5
3
0
1
1
0
1
1
0
1
0
0
1
0
1
0
7
5
0
3
0
3
3
0
3
5
5
1
1
1
5
1
5
0
1
3
5
1
3
5
5
1
0
3
1
3
0
1
1
1
1
0
1
1
0
3
3
0
0
1
3
1
1
0
0
5
0
1
5
0
1
5
3
0
3
1
1
3
5
1
5
5
3
1
0
3
1
0
1
1
0
0
0
5
0
1
3
0
1
0
1
1
3
1
0
0
1
3
3
0
1
3
1
3
1
1
0
3
0
3
1
3
1
0
1
3
1
1
0
0
3
0
1
5
0
1
3
3
3
0
0
3
3
3
0
0
1
1
0
3
3
5
3
1
3
1
3
1
0
5
0
1
3
1
0
0
0
1
0
3
5
1
3
0
0
0
0
0
3
1
3
0
3
1
1
5
0
1
0
3
0
1
3
90
84
77
52
76
67
68
75
50
68
52
74
76
69
77
51
60
82
69
80
60
77
82
67
75
75
74
61
38
58
67
61
81
59
63
53
74
37
54
77
75
70
37
68
81
26
67
63
55
50
44
34
55
54
42
39
50
53
47
51
54
71
57
71
47
76
62
47
64
62
75
61
74
37
62
71
52
45
52
70
51
52
78
77
48
38
68
60
65
51
68
78
51
55
45
58
76
72
56
75
72
66
52
72
67
37
48
37
68
53
71
31
67
59
38
74
26
79
32
67
29
33
56
59
70
64
59
29
76
79
62
63
70
66
33
68
68
48
57
37
53
69
44
50
26
71
67
57
41
64
67
58
70
21
56
50
45
67
74
65
73
57
32
55
67
83
69
67
60
66
65
65
57
73
37
74
62
51
63
56
64
61
42
49
41
62
62
57
70
65
61
46
74
66
63
57
44
66
32
72
22
70
70
42
59
73
62
35
57
61
75
38
75
65
61
33
37
71
52
56
34
83
75
80
81
76
70
73
77
72
52
77
72
55
74
65
63
67
68
70
63
63
72
43
52
43
72
66
58
66
67
73
68
82
54
53
80
64
52
76
78
72
66
37
67
66
71
75
36
66
54
70
53
73
56
39
69
75
32
73
72
47
79
77
76
46
62
62
2
6
0
0
2
6
0
0
6
0
0
8
0
0
0
2
2
0
0
4
0
6
6
8
4
0
0
2
0
4
4
2
4
8
2
4
0
0
2
0
2
4
2
0
0
0
0
4
2
0
2
4
0
0
0
0
48
0
0
0
2
4
0
2
0
8
2
0
0
0
0
0
6
0
0
0
0
2
2
0
2
0
0
2
0
2
8
0
6
2
0
0
0
0
4
4
2
0
0
2
8
0
0
0
0
6
4
2
2
2
0
0
6
0
2
4
0
0
0
4
0
0
0
4
4
8
10
0
4
8
2
6
0
0
0
6
0
0
2
6
0
4
0
2
2
39
4
6
2
2
2
0
0
4
0
4
4
4
0
2
2
6
0
0
0
2
2
2
0
2
6
0
4
0
0
2
2
15
0
4
2
4
6
6
0
2
4
4
0
6
6
2
0
6
0
4
44
0
2
2
2
4
2
0
0
4
2
0
0
6
8
6
0
0
6
0
2
6
4
2
0
6
4
2
4
0
8
0
2
4
2
0
0
0
0
0
0
0
4
0
0
6
6
2
4
0
2
0
2
59
2
0
2
0
2
38
0
0
6
2
0
4
2
0
10
0
0
0
6
4
2
0
2
6
0
0
0
6
8
2
6
0
6
6
2
4
0
0
29
22
35
35
29
45
29
26
22
30
35
34
28
26
25
33
25
32
29
26
23
34
44
34
28
30
37
24
30
45
44
39
39
22
39
35
30
28
34
30
28
30
41
29
33
27
28
33
35
35
39
58
48
43
39
38
29
31
34
36
24
37
30
38
35
26
34
40
42
24
31
44
35
31
48
54
28
26
34
45
37
32
37
32
24
33
24
30
33
26
30
34
30
26
34
30
36
33
39
53
37
24
29
37
32
33
35
35
28
41
36
32
35
32
36
40
38
30
29
32
32
33
41
46
35
21
30
36
21
33
34
32
33
29
38
35
30
30
43
28
41
34
37
40
45
55
42
29
21
37
34
26
35
35
36
33
32
39
33
37
44
35
35
32
28
41
37
37
25
57
32
28
41
29
40
28
39
35
34
29
30
35
33
30
38
30
31
29
23
24
33
26
37
27
31
38
50
37
32
26
33
44
29
48
23
35
21
28
36
34
32
33
26
23
34
36
33
31
30
43
35
32
31
31
47
37
29
30
32
39
27
33
25
22
34
33
30
34
36
35
34
37
50
35
29
17
34
27
26
23
28
34
35
35
43
29
28
34
32
26
37
39
30
28
32
47
45
46
45
32
29
38
32
33
35
36
29
43
34
30
40
35
36
25
39
36
24
35
0
6
8
7
2
2
5
4
4
15
0
11
4
0
6
6
7
2
2
4
2
13
8
5
6
4
9
4
4
6
6
6
5
6
6
4
8
2
4
11
9
2
5
15
7
2
6
15
2
4
2
19
0
2
4
6
4
0
5
4
4
4
4
11
13
2
2
10
6
4
10
5
7
13
6
6
2
14
2
6
5
5
5
6
10
8
2
9
19
4
15
2
11
2
13
6
5
5
2
2
2
4
6
2
2
4
8
2
4
4
2
5
6
4
15
3
6
2
4
4
4
2
4
0
6
4
5
4
6
5
4
8
8
12
7
2
0
5
5
6
2
4
5
8
10
4
8
4
3
0
5
2
7
2
7
11
5
4
7
8
5
8
5
4
8
2
5
4
7
5
6
4
4
4
6
5
5
5
0
10
5
6
5
6
5
4
6
5
4
6
3
6
8
4
4
2
5
6
4
7
7
15
4
10
2
5
8
2
16
6
2
8
2
2
6
2
6
7
13
15
4
2
6
4
4
2
5
2
2
2
2
4
10
4
6
4
8
7
2
7
6
2
6
6
6
10
5
4
4
7
4
4
6
4
2
15
9
6
6
2
5
0
2
7
18
8
5
6
7
7
4
4
19
4
5
2
4
6
10
5
7
3
3
4
6
6
7
7
55
0
21
65
0
52
2
2
31
4
4
4
2
0
0
7
2
0
2
0
79
2
2
6
6
0
0
6
2
0
64
51
0
4
89
2
2
2
4
0
35
0
24
2
4
0
14
29
87
2
4
0
39
4
9
35
2
4
2
2
75
0
0
2
2
31
6
4
0
5
0
4
2
34
64
2
28
6
4
0
0
6
33
4
0
79
6
4
0
2
26
45
0
0
2
0
2
2
6
0
4
0
10
2
2
0
24
4
25
4
2
0
34
2
0
60
4
4
0
4
80
33
6
0
56
21
0
0
28
2
0
64
7
35
44
4
55
2
62
0
0
36
4
36
0
55
10
10
49
2
8
0
4
2
30
4
39
0
6
8
6
54
2
0
31
0
4
68
0
6
2
2
2
0
48
2
7
0
4
2
4
0
2
0
2
2
11
4
0
0
0
72
4
2
9
6
44
0
4
32
28
0
0
2
2
70
2
2
2
0
57
0
37
2
23
2
2
2
35
42
6
0
27
2
2
2
4
46
41
2
36
2
0
58
55
0
86
2
4
2
2
51
0
4
55
2
0
54
4
31
50
0
2
70
2
0
0
4
15
23
0
0
52
6
0
71
62
0
4
6
3
2
2
0
38
28
2
0
0
0
0
0
61
2
0
0
0
55
