62
76
76
66
66
71
77
77
71
76
77
77
77
77
75
76
72
77
76
77
69
76
75
75
77
72
74
76
75
76
60
71
78
77
76
78
77
78
78
76
76
78
71
76
76
69
73
78
77
74
77
65
63
77
76
75
76
68
76
76
76
77
77
76
67
69
72
76
74
76
76
74
76
76
77
77
77
77
77
77
77
74
74
76
77
77
77
77
77
77
76
72
71
77
76
77
75
77
67
77
78
78
69
73
66
75
75
77
76
75
69
75
77
76
71
77
66
75
77
76
76
70
77
75
76
77
76
71
77
75
73
70
77
76
76
76
75
75
73
76
72
77
76
77
75
70
75
76
75
78
76
65
76
75
76
77
76
66
76
77
75
75
76
76
74
77
45
73
77
69
76
70
76
76
75
70
76
76
77
77
71
77
78
75
76
73
76
72
76
78
77
75
73
77
72
77
77
77
71
78
76
76
74
74
64
65
76
70
76
77
64
77
76
77
78
73
71
78
60
78
76
75
77
71
77
78
76
77
77
66
78
78
75
77
70
76
76
67
77
75
75
77
74
75
75
68
71
77
75
77
77
70
77
78
73
77
73
61
77
69
74
78
78
76
69
77
69
76
75
77
76
69
76
67
66
77
78
72
77
76
75
77
77
76
76
77
77
77
24
4
0
0
4
0
0
2
4
0
0
0
6
2
0
21
0
0
0
6
0
6
0
0
0
2
4
4
0
5
5
0
0
0
2
0
0
2
0
6
5
0
7
0
2
2
2
4
0
4
2
4
0
2
11
0
4
0
0
4
4
19
0
0
0
0
0
0
0
2
2
2
2
2
9
7
0
11
2
0
2
11
0
6
12
0
2
0
5
8
0
0
4
4
5
4
2
3
20
19
38
5
5
9
12
5
0
15
2
4
11
0
4
2
5
1
7
2
7
0
5
2
7
9
2
6
7
16
25
14
5
15
5
5
15
7
4
2
0
6
12
11
10
7
2
2
2
7
5
14
6
5
0
0
2
11
0
2
9
2
5
2
16
5
17
16
2
37
11
34
5
11
2
7
0
7
6
14
2
13
18
15
15
0
9
4
11
65
10
5
9
12
6
5
9
10
5
7
2
0
5
2
0
4
7
2
5
5
4
0
15
5
2
2
3
4
15
6
19
4
29
2
2
7
1
7
12
7
7
2
7
18
0
0
12
0
0
0
4
20
11
4
3
5
0
2
2
0
18
5
0
2
7
0
3
2
13
0
0
0
3
0
0
22
2
3
2
2
2
0
4
2
2
0
17
0
2
2
0
7
0
0
4
0
0
9
2
5
0
2
0
2
0
0
2
2
0
2
4
2
4
2
6
2
0
0
0
0
2
0
2
0
4
0
0
0
0
2
2
2
0
0
0
0
0
0
2
2
2
2
6
4
2
2
4
4
2
4
4
6
2
2
4
2
0
2
2
0
2
4
2
4
2
0
0
0
0
0
2
0
0
0
0
0
0
0
2
0
0
0
0
0
0
0
0
0
0
0
0
2
0
0
0
0
0
0
0
2
0
0
0
0
0
0
0
0
8
0
4
2
4
2
0
0
2
2
2
0
2
2
2
2
2
4
4
4
4
2
4
2
2
0
0
4
2
2
2
2
2
0
0
0
0
2
2
4
2
2
2
0
0
2
4
0
2
2
8
4
2
4
4
4
4
2
2
2
2
2
2
4
6
2
2
2
0
4
4
2
6
0
4
2
2
2
2
2
6
6
4
0
4
6
0
2
4
2
2
2
0
4
4
6
2
2
0
4
0
2
4
2
0
0
0
0
2
4
2
2
2
2
4
2
2
0
2
0
4
0
2
4
2
4
2
2
4
4
6
2
6
4
0
4
2
0
2
2
4
0
4
4
2
2
2
2
2
2
0
4
4
4
2
2
0
0
4
2
2
6
2
2
6
8
8
2
4
2
2
6
2
4
2
2
0
0
2
2
0
3
6
0
4
3
0
0
2
2
7
1
2
2
0
2
0
2
0
3
2
0
1
0
6
0
2
3
5
0
0
2
3
2
4
2
8
0
2
0
3
2
2
3
0
1
7
3
2
2
5
2
3
0
3
9
6
2
0
3
2
2
3
0
7
2
15
3
2
0
2
0
2
0
2
0
5
3
6
3
1
1
1
4
0
3
6
3
7
0
1
0
3
3
0
2
2
6
0
5
5
3
5
0
4
2
1
0
2
0
0
3
3
0
0
0
3
2
6
1
4
0
2
0
2
11
0
2
4
0
2
3
5
2
0
2
0
3
2
5
3
1
3
0
0
0
0
0
8
1
1
3
2
2
34
0
4
2
7
1
2
7
1
1
1
0
0
0
1
0
8
4
1
6
3
3
2
0
0
2
2
3
3
6
5
3
0
3
0
1
3
5
0
3
2
7
3
4
3
0
3
2
4
5
3
5
2
1
3
3
2
3
9
5
3
1
5
0
1
0
2
0
3
1
1
3
2
3
2
0
4
0
2
3
2
2
3
3
5
8
3
1
1
1
3
2
0
0
4
1
13
5
0
2
2
3
2
0
3
0
0
6
0
0
11
4
1
2
3
5
0
8
10
3
5
0
1
3
2
0
1
3
0
4
1
1
6
5
6
11
12
6
4
8
14
8
13
17
6
12
12
8
12
8
12
12
6
6
15
14
4
17
6
12
23
19
8
10
17
4
23
19
14
8
10
4
12
12
9
12
11
8
6
11
21
8
16
14
6
25
6
4
22
14
4
8
10
21
8
4
15
17
6
17
13
10
10
8
20
22
14
13
6
21
6
12
4
15
6
14
17
6
15
12
6
10
9
8
4
36
6
19
11
19
8
6
15
2
16
9
19
20
10
22
6
19
17
15
13
11
8
15
18
6
13
16
38
4
10
11
14
10
4
12
6
8
42
5
40
8
41
10
6
4
11
13
11
16
6
6
10
6
15
13
10
10
16
11
21
9
12
4
17
11
15
10
17
12
8
12
10
13
17
17
17
10
15
16
12
8
10
12
11
15
15
11
6
15
26
8
17
25
10
6
17
8
44
6
12
42
8
19
10
10
8
13
13
10
12
38
4
6
16
17
13
18
12
13
14
17
8
6
40
8
51
40
33
19
13
13
4
41
8
6
6
44
6
6
10
14
6
16
4
37
11
4
4
11
12
33
19
12
10
10
13
9
16
13
14
13
13
6
12
16
15
15
10
13
15
17
8
12
12
8
11
12
8
6
17
16
4
8
12
15
12
12
11
16
13
13
10
26
8
41
8
35
0
0
2
0
2
0
2
0
2
0
0
0
0
0
0
2
2
0
0
2
4
4
2
2
2
2
2
4
0
2
0
0
0
4
2
2
2
2
0
2
2
0
2
0
0
0
2
2
0
4
2
4
2
2
0
2
0
4
2
2
2
2
0
0
2
2
2
0
0
0
2
2
0
2
0
2
2
0
0
2
2
0
2
0
2
2
2
2
2
0
4
2
2
2
2
0
2
4
2
2
2
2
0
4
2
0
0
4
2
2
2
2
0
0
0
2
0
0
2
2
2
2
4
0
0
2
4
4
0
6
2
4
2
2
4
0
2
4
2
2
0
0
0
2
2
4
2
4
0
2
2
2
2
0
2
0
2
2
2
0
2
2
2
2
2
2
2
0
4
2
0
2
0
0
0
2
2
2
2
0
2
2
0
2
4
2
0
2
2
2
2
4
2
2
2
2
2
0
2
2
0
0
2
2
0
2
2
2
2
2
2
0
2
2
0
2
0
2
4
2
2
2
4
0
2
2
2
0
2
2
2
2
2
4
4
4
2
0
3
2
0
6
0
4
2
2
0
0
0
2
0
0
0
0
0
0
2
2
0
0
0
2
0
0
0
2
0
4
4
2
2
0
2
2
0
0
2
0
2
2
0
0
0
0
0
2
0
4
7
5
6
0
0
7
7
4
4
4
0
4
2
4
4
4
4
4
2
2
4
9
8
7
6
7
0
6
6
7
2
7
0
8
4
4
2
4
4
4
4
8
4
4
8
2
4
8
6
7
0
4
4
7
8
8
6
4
3
2
4
5
2
6
4
3
6
4
0
7
4
4
4
7
4
6
0
0
6
4
4
4
3
2
2
0
6
0
4
0
4
2
0
6
6
2
2
9
4
2
6
0
0
6
2
0
5
0
0
6
0
2
4
0
2
4
0
2
2
4
4
7
0
0
8
6
0
0
2
0
0
6
0
4
0
0
0
6
4
8
6
2
2
2
5
2
2
5
2
5
6
0
8
0
2
0
4
2
5
5
5
0
4
3
0
0
9
0
6
6
6
2
4
4
4
7
1
2
5
4
2
0
2
4
0
7
0
6
7
6
4
4
6
4
0
3
0
0
2
2
4
2
5
6
2
6
6
4
0
0
2
4
6
0
5
3
2
3
6
4
2
9
0
0
5
2
4
0
6
5
0
0
2
4
4
4
0
0
4
7
6
0
5
6
0
0
4
4
4
2
2
0
0
4
0
7
0
6
2
2
2
0
5
0
4
0
4
4
0
0
2
0
4
4
4
4
0
2
2
2
6
4
0
2
6
5
0
2
0
0
0
2
0
4
0
0
0
2
2
2
2
2
2
0
0
2
2
0
0
2
2
2
2
0
0
2
4
2
0
0
0
0
0
2
2
0
0
2
0
0
2
2
2
2
2
2
4
2
0
2
0
2
4
2
0
0
0
2
0
2
2
0
0
2
2
0
0
2
0
2
0
6
0
2
0
2
0
4
2
0
0
0
0
2
2
2
0
4
2
0
6
2
0
2
4
0
0
2
4
0
2
2
2
2
4
0
0
0
0
0
0
2
2
2
2
0
4
0
2
2
0
4
2
0
2
0
2
6
0
2
0
2
2
0
0
2
0
2
0
4
0
2
0
0
0
0
4
0
2
2
2
0
0
2
0
2
4
0
2
0
2
0
0
0
2
2
0
0
2
0
2
2
0
10
10
2
0
2
0
2
0
2
0
0
2
0
4
2
2
2
0
0
0
0
0
0
2
2
4
0
2
0
0
0
2
0
4
0
2
2
6
2
4
0
0
2
4
0
0
2
2
2
2
2
0
0
4
2
2
0
2
2
2
0
2
2
0
2
3
0
2
2
2
2
2
0
0
2
0
0
0
0
2
0
0
2
0
0
2
0
0
2
0
0
0
2
4
2
2
2
4
4
4
0
0
0
2
2
0
0
4
4
0
2
0
2
91
95
95
92
97
66
59
93
92
57
94
93
92
80
76
89
86
95
58
70
93
61
61
69
94
92
72
95
64
97
54
88
92
64
59
92
66
96
95
95
62
91
65
87
96
54
95
73
93
91
90
91
98
94
57
94
80
57
93
93
83
70
63
66
60
66
60
90
89
59
83
85
93
70
91
92
66
93
59
92
93
46
51
79
86
83
92
89
63
88
53
91
77
51
66
91
86
67
59
95
61
64
49
88
61
59
89
88
94
91
70
60
58
64
57
88
86
74
89
90
91
83
81
73
57
87
57
58
53
37
92
87
83
60
91
93
80
92
55
62
84
58
49
72
88
65
90
92
91
52
43
55
67
39
56
45
88
63
75
87
73
83
54
81
74
34
72
71
44
68
76
88
53
57
41
82
65
53
83
92
72
52
92
93
53
86
56
63
87
35
93
94
37
31
59
89
59
89
55
94
89
69
90
70
94
68
91
63
66
72
63
95
65
63
63
76
70
91
93
69
88
98
66
96
89
51
93
50
48
56
44
54
33
49
50
44
41
41
60
58
56
64
60
50
27
65
44
62
54
61
58
57
60
61
59
59
64
57
51
54
60
37
53
44
58
50
63
47
55
61
54
61
52
27
40
56
47
52
55
55
53
56
49
55
47
43
48
59
1
2
0
3
1
2
1
0
1
3
2
2
0
4
5
2
0
2
0
0
0
0
2
3
9
2
7
13
7
0
3
1
0
2
2
1
1
0
4
1
2
0
16
1
4
2
3
0
0
0
7
3
1
2
1
0
5
4
0
2
2
5
9
11
5
0
3
2
4
4
3
2
0
8
3
0
1
3
0
3
0
7
2
0
5
2
2
3
0
2
1
5
2
4
0
2
3
6
0
3
2
2
3
0
1
0
0
2
2
2
1
8
0
4
4
0
5
0
0
0
0
6
4
1
3
2
0
2
2
6
2
2
2
0
0
2
0
0
0
6
3
1
0
1
3
6
1
2
2
3
0
0
3
3
3
0
3
0
0
0
1
14
12
3
1
0
1
4
0
0
2
0
4
4
2
3
2
7
1
1
6
2
0
1
1
3
2
2
6
5
3
0
3
1
2
2
1
5
0
3
2
4
3
3
3
0
3
2
8
2
5
3
5
2
2
3
2
3
0
0
3
3
3
1
5
3
2
21
5
0
5
5
2
3
2
6
3
1
0
1
0
0
1
2
1
12
1
6
1
1
0
1
1
3
2
9
2
6
2
2
6
2
0
3
2
0
0
0
2
2
0
5
1
9
3
0
1
11
0
0
0
3
0
3
0
0
4
0
