34
25
12
6
17
24
25
30
21
22
22
28
8
19
28
38
5
4
7
28
17
29
12
30
22
42
26
28
24
23
28
11
29
60
6
3
26
19
12
6
19
31
17
28
19
2
28
12
33
20
30
41
9
23
31
28
22
19
29
29
24
24
26
8
20
42
5
18
23
38
20
13
30
18
29
25
41
24
27
23
24
36
17
20
19
20
13
19
28
23
20
17
10
16
22
24
23
19
12
23
18
23
17
30
16
8
19
16
15
27
30
17
21
6
10
22
27
19
21
15
30
17
6
6
33
23
4
16
16
25
2
16
2
16
25
35
9
10
8
35
5
30
14
6
16
13
22
18
25
19
21
29
20
21
26
13
23
27
13
14
35
22
22
2
12
29
20
1
2
13
28
20
17
33
27
24
34
35
23
14
40
16
22
20
4
30
32
18
18
38
19
16
13
2
22
23
38
21
21
27
29
27
21
12
20
14
22
22
24
12
5
25
26
42
13
12
14
12
22
24
14
36
25
13
27
22
19
17
26
24
31
32
6
16
30
9
23
34
22
13
15
7
34
29
27
19
31
21
22
40
22
25
34
11
46
37
31
39
20
17
21
25
12
4
15
23
22
20
21
21
20
18
4
40
23
28
1
18
47
12
15
14
18
24
20
32
15
6
3
1
0
1
1
0
5
2
2
1
2
0
1
0
12
0
3
0
3
2
1
0
2
1
1
2
1
1
0
0
1
9
0
0
3
2
1
12
0
7
8
3
2
1
0
3
1
1
0
2
3
2
2
0
0
0
1
0
3
1
0
0
1
0
0
0
1
2
4
1
0
0
1
1
0
2
4
1
0
2
1
4
9
2
3
1
1
2
1
0
1
1
1
0
2
0
1
0
1
2
0
1
1
0
2
1
1
1
2
1
1
0
1
0
6
0
1
0
0
1
1
1
3
1
1
2
0
2
0
0
0
1
1
1
1
2
2
6
0
1
2
0
1
0
1
1
3
0
1
0
0
0
2
1
0
1
1
1
0
0
1
2
1
1
3
1
0
1
1
1
3
2
4
0
1
0
2
2
1
3
1
1
0
1
1
0
1
1
0
2
0
2
3
2
2
10
2
2
1
2
2
1
3
1
1
1
0
1
0
0
9
3
1
0
8
0
3
0
2
0
0
0
2
0
1
1
1
0
2
1
3
1
0
1
3
0
1
1
0
4
1
10
3
1
1
0
2
0
1
0
2
0
0
1
0
1
2
1
1
2
2
0
1
1
1
1
0
0
5
1
1
0
0
2
0
1
1
5
1
1
1
3
7
1
0
1
0
1
2
3
2
2
2
3
4
3
1
4
1
4
1
5
2
3
1
1
3
9
5
1
1
5
1
5
4
0
2
3
4
5
2
4
3
7
2
1
2
5
7
6
2
1
2
3
5
2
2
1
1
3
4
0
0
0
5
0
3
1
1
3
1
8
2
1
1
3
2
2
2
4
13
2
10
4
6
5
6
3
0
9
3
2
1
4
10
3
4
5
1
0
1
0
1
2
1
1
1
5
4
11
1
1
11
8
7
4
3
4
4
3
11
7
1
3
1
4
4
2
2
0
4
1
2
0
2
1
14
3
10
3
3
3
4
4
5
6
2
2
15
5
5
5
4
3
1
0
1
1
1
2
2
2
2
4
3
0
1
1
6
0
4
5
8
2
1
1
1
0
3
5
1
1
4
15
0
2
4
2
2
2
4
3
2
7
1
1
5
4
8
0
3
5
6
1
2
7
4
4
2
2
7
13
2
4
1
0
2
4
1
0
0
2
0
1
0
1
1
2
1
2
8
4
0
4
2
1
1
1
2
4
0
3
1
1
1
1
3
1
1
1
0
6
1
1
0
0
0
1
0
0
0
4
5
1
0
2
0
0
1
1
0
3
1
0
1
1
0
1
5
0
0
3
4
0
2
1
0
0
0
1
2
1
0
1
1
0
5
0
1
3
0
1
1
3
1
3
0
0
1
1
1
1
1
1
3
5
5
1
0
1
3
5
0
1
1
3
1
0
1
3
1
0
1
3
3
7
1
3
1
1
3
1
7
0
3
0
0
1
0
7
1
1
7
0
3
1
0
3
1
5
3
1
5
8
15
1
1
0
5
0
3
0
1
0
3
3
5
1
1
0
1
3
0
1
91
3
0
1
1
3
1
0
1
0
12
0
1
0
0
0
0
0
0
0
0
3
0
3
0
96
0
1
0
1
3
1
3
0
0
1
0
5
1
3
3
0
1
1
1
5
5
0
7
76
9
3
1
11
1
0
3
0
1
0
1
5
5
1
1
0
1
1
1
57
3
0
3
0
0
0
1
1
1
0
1
0
0
1
1
3
1
1
1
3
0
1
0
3
0
1
1
1
3
3
0
0
1
1
0
0
0
1
0
1
0
1
5
0
3
3
0
0
7
1
1
0
0
1
0
0
1
0
0
3
1
1
0
1
7
3
15
1
0
1
0
0
1
5
1
1
3
0
1
0
1
5
1
1
0
1
1
3
3
3
0
0
0
1
1
3
64
0
7
0
1
1
0
0
13
1
1
0
0
7
1
0
7
3
11
7
3
1
8
0
3
0
1
1
1
0
0
0
3
0
31
17
0
38
27
30
0
0
24
28
6
16
33
1
19
19
10
3
15
0
25
24
14
20
28
19
15
0
17
25
19
0
18
21
11
31
3
31
28
24
25
0
0
0
32
49
25
37
27
17
15
24
31
9
0
3
9
25
23
28
10
31
17
11
21
25
16
0
24
23
40
10
45
0
3
45
34
27
0
0
26
23
20
30
1
17
22
29
33
24
0
0
19
23
20
21
29
17
17
0
21
33
37
0
29
23
18
38
31
0
18
17
29
32
0
0
20
24
27
17
38
12
17
30
23
0
0
0
16
44
22
29
0
22
16
32
0
31
28
0
0
19
19
22
9
17
23
3
0
27
9
0
0
43
1
32
16
19
19
23
0
21
21
0
0
0
3
0
25
0
20
20
13
0
36
0
0
0
21
18
0
14
19
19
0
0
24
0
0
23
19
11
0
0
38
11
15
0
22
31
0
0
0
0
0
0
0
0
0
0
5
0
15
34
17
20
19
0
20
2
8
0
26
19
0
0
0
0
0
0
0
0
0
0
0
0
6
19
23
20
12
16
15
25
0
1
30
33
4
22
23
0
1
18
13
13
0
27
21
0
1
25
21
19
26
22
21
21
19
20
0
0
10
26
32
28
14
22
19
0
29
0
39
0
13
28
21
24
2
0
0
8
0
0
4
2
0
0
0
22
0
2
2
2
2
4
0
0
2
0
2
4
0
2
4
4
2
4
0
4
2
4
0
0
2
2
0
4
2
4
4
0
0
0
8
2
2
0
0
0
8
0
4
4
19
2
0
2
0
0
2
2
0
2
2
2
0
4
0
6
2
4
0
0
0
2
2
2
0
4
0
2
2
0
4
0
2
0
4
0
0
8
4
2
0
2
0
2
0
0
2
2
12
0
18
0
0
4
4
0
2
2
2
2
4
2
6
4
2
0
0
2
2
0
12
2
0
2
2
4
4
0
2
4
0
4
0
0
0
19
4
6
4
2
2
0
4
0
0
6
2
0
2
4
2
2
4
4
0
0
2
0
0
2
4
2
0
4
0
2
2
2
0
0
0
0
2
0
2
0
0
2
4
2
0
4
0
2
6
4
0
2
0
0
4
2
2
2
2
6
4
4
0
0
0
2
2
0
2
10
0
0
0
2
4
2
2
2
2
0
2
0
0
4
0
2
4
0
0
4
0
2
0
6
2
2
0
0
2
2
0
6
4
6
2
0
4
4
2
4
0
0
2
8
2
2
2
0
4
0
0
0
0
2
0
0
4
0
12
0
2
4
2
16
0
0
0
2
4
0
0
2
2
4
0
2
16
37
20
27
30
25
32
23
19
36
34
24
14
12
17
16
41
24
58
24
37
25
23
21
26
21
18
31
13
13
16
21
16
37
26
21
26
23
18
23
24
36
27
27
40
33
35
16
26
17
20
27
32
32
32
23
28
40
29
24
14
15
13
18
23
82
34
29
25
16
19
17
20
8
18
16
24
71
21
19
33
24
43
29
8
13
11
21
29
29
24
64
50
33
27
15
11
22
11
20
30
17
41
56
38
29
30
15
19
19
26
22
16
28
19
47
32
47
23
23
35
19
21
16
30
28
35
61
37
50
21
24
13
16
19
16
31
17
22
45
26
23
42
34
22
16
15
18
41
22
28
29
47
45
18
16
41
22
26
25
17
23
23
43
56
41
43
28
27
17
18
24
19
21
24
28
16
42
31
27
16
10
28
37
29
15
25
14
39
46
30
19
16
15
24
32
35
22
39
29
39
42
39
26
20
76
13
9
28
33
39
32
32
32
34
27
24
17
13
23
17
32
23
9
19
37
27
27
32
25
22
32
32
20
28
36
28
31
35
29
23
18
25
24
24
18
22
25
31
29
28
26
17
22
23
32
34
22
34
18
60
32
23
24
21
13
21
19
15
19
33
21
39
37
30
16
19
23
19
16
23
30
40
53
58
41
25
21
49
35
52
29
30
22
20
39
53
35
33
8
22
46
33
50
8
21
19
23
5
26
56
29
34
0
0
0
0
0
0
0
0
0
0
0
0
0
0
0
0
0
0
0
0
0
0
0
0
0
0
0
0
0
0
0
0
0
0
0
0
0
0
0
0
0
0
0
0
0
0
0
0
0
0
0
0
0
0
0
0
0
0
0
0
0
0
0
0
0
0
0
0
0
0
0
0
7
3
5
2
3
8
15
5
6
7
3
8
7
9
4
4
9
5
8
3
6
6
10
4
4
3
3
3
3
6
4
2
2
2
4
3
3
3
4
2
3
7
7
17
22
11
13
6
21
10
20
6
15
15
12
22
27
33
22
23
22
11
31
43
33
29
29
13
39
48
44
29
10
21
27
36
17
38
18
34
34
10
17
19
30
30
39
43
26
37
37
35
36
28
16
17
1
45
36
21
43
39
9
48
41
37
38
10
9
29
21
6
2
30
55
32
20
27
25
27
33
35
35
34
48
22
19
29
21
37
49
39
23
30
31
33
37
32
31
50
6
16
32
22
11
11
24
12
30
17
42
39
28
58
27
14
9
17
35
31
29
48
17
35
12
24
30
40
0
0
14
0
0
0
0
0
0
0
0
0
0
0
0
0
0
0
0
0
0
0
0
0
0
0
0
0
0
0
0
0
0
0
0
0
0
0
0
0
0
0
0
0
0
0
0
0
0
0
0
0
0
0
0
0
0
0
0
0
0
0
0
0
0
0
0
0
0
0
0
0
0
0
0
0
0
0
0
0
0
0
0
0
0
0
0
0
0
0
0
0
0
0
0
0
51
59
23
50
60
41
50
61
51
70
49
57
28
40
37
61
13
51
45
74
41
39
58
76
15
39
88
26
57
56
42
22
36
72
85
31
27
29
37
31
43
25
38
68
47
41
28
70
31
24
17
22
49
54
69
64
68
71
50
38
27
29
42
68
31
36
39
69
43
59
22
35
28
34
19
28
29
49
65
37
43
34
48
54
31
22
19
63
33
38
55
27
53
82
23
41
19
41
58
20
31
18
60
22
26
39
64
77
77
32
65
44
25
26
15
56
56
41
58
33
41
54
34
40
39
54
29
70
36
52
28
42
53
55
26
38
66
29
51
36
21
60
31
62
41
15
20
40
37
36
52
61
21
51
38
48
35
34
13
27
31
33
56
47
39
27
33
46
40
45
29
26
20
25
2
20
33
39
53
20
40
49
32
40
37
25
38
51
24
30
35
28
42
21
38
34
61
25
67
21
26
57
31
66
26
29
17
37
62
25
35
36
15
24
23
40
6
4
24
6
11
4
6
4
2
37
6
2
7
6
21
31
26
30
33
38
25
6
54
2
0
23
6
10
48
28
25
28
36
24
46
56
26
12
2
34
27
24
49
24
2
48
23
32
31
4
12
4
6
4
25
20
54
44
23
6
11
2
4
53
3
31
9
28
24
17
20
45
9
6
21
0
19
37
48
4
36
9
29
8
6
20
2
26
6
13
38
6
26
21
27
6
72
22
36
10
35
18
29
30
36
32
4
17
2
7
4
19
11
37
18
42
54
2
6
6
4
4
2
6
36
19
18
21
29
6
4
11
6
6
2
6
39
30
36
11
42
2
2
2
4
7
25
4
12
37
20
29
23
31
62
9
25
4
3
29
44
10
35
32
10
31
24
37
43
8
4
28
23
14
25
58
32
9
2
16
30
49
11
37
2
19
39
0
49
2
15
0
2
59
17
33
50
41
2
6
46
2
6
44
24
55
62
8
4
22
32
80
20
17
14
21
33
8
23
27
33
23
2
33
4
29
70
4
32
48
19
23
2
27
21
24
25
2
6
8
7
20
5
14
10
19
1
12
19
47
42
2
33
2
4
4
6
13
21
69
8
68
28
17
8
2
34
26
87
2
2
32
53
25
6
7
14
22
90
10
32
21
26
14
2
39
37
