2
0
2
0
0
0
2
4
4
2
0
0
0
2
2
0
0
0
0
0
0
0
0
0
4
10
6
0
4
0
0
0
4
2
4
4
0
4
4
2
2
2
2
4
2
0
0
4
6
0
0
4
0
0
0
2
0
0
0
4
2
2
8
0
0
2
0
2
0
0
2
0
2
0
0
2
2
4
0
4
2
0
0
0
2
2
0
4
2
2
0
0
0
0
0
2
0
0
2
4
6
4
2
4
2
8
0
4
2
0
0
2
8
8
4
4
0
0
0
4
4
4
4
0
4
2
0
2
2
0
2
2
0
0
2
2
0
2
2
0
2
2
0
0
4
0
2
0
0
0
4
2
2
4
0
0
0
0
4
2
4
4
6
0
0
0
2
0
0
2
0
0
0
0
0
4
0
6
0
0
4
6
2
4
0
2
0
2
2
0
0
2
2
2
0
4
4
2
0
0
0
0
0
0
4
0
2
0
2
2
4
2
0
0
0
0
0
2
6
2
0
0
2
0
0
2
0
2
0
2
4
0
0
2
2
0
2
2
2
4
0
2
2
2
0
0
4
0
2
2
2
4
2
2
2
2
0
0
2
2
2
2
2
2
0
0
0
0
2
4
0
2
0
2
0
2
0
0
0
4
2
0
0
0
2
0
2
2
23
12
21
16
15
10
15
16
5
20
8
19
15
14
13
20
13
21
9
16
7
14
28
17
18
18
34
22
18
13
11
10
15
26
19
14
21
9
13
15
12
16
15
18
9
17
7
19
12
12
7
12
14
13
9
27
12
32
11
20
16
17
11
27
11
10
18
17
11
18
24
23
25
5
11
19
10
9
9
14
14
18
18
19
19
14
12
12
14
10
12
16
10
15
12
18
9
23
12
13
11
12
19
20
13
17
17
13
17
16
13
16
9
10
14
15
9
14
16
14
12
15
14
12
11
11
12
10
14
16
18
19
11
7
9
9
16
10
12
10
11
12
16
16
12
6
10
13
10
13
7
12
10
19
20
24
16
13
17
20
21
14
11
18
15
16
18
10
21
20
12
3
14
13
11
10
12
11
15
17
16
6
9
10
6
19
18
19
10
19
20
21
13
15
8
23
14
13
13
19
9
16
27
22
25
8
11
9
11
15
14
14
22
16
21
10
16
17
16
9
12
17
22
25
13
16
24
18
10
4
13
9
25
23
20
9
15
22
20
9
19
2
14
10
11
16
13
10
15
21
21
14
13
13
14
23
15
14
17
19
9
8
16
11
34
18
15
10
12
9
16
10
12
12
21
18
13
11
10
10
7
12
16
12
9
16
34
20
2
0
2
2
0
0
0
2
0
11
0
0
0
2
0
2
0
2
0
4
2
2
2
2
4
0
0
2
2
2
2
6
2
0
2
0
4
4
8
10
6
4
2
2
6
2
0
2
0
2
0
0
0
0
4
2
6
2
8
0
0
4
0
4
4
0
2
0
4
4
4
0
0
0
4
2
2
2
2
4
2
4
11
0
4
4
2
4
8
13
6
2
7
0
4
4
0
9
0
2
6
4
2
4
0
2
27
4
6
2
3
2
0
2
2
2
2
0
4
0
2
2
0
0
2
2
6
2
0
4
0
0
2
4
2
2
0
0
0
4
4
0
0
0
0
2
2
6
10
4
2
2
0
2
4
0
4
0
0
0
2
0
4
0
0
2
2
0
2
2
4
4
2
0
2
2
2
0
0
2
0
2
0
0
2
0
2
3
0
6
0
2
4
0
0
2
2
0
2
4
0
0
4
3
2
2
0
11
2
2
0
12
2
2
0
0
2
4
0
2
0
0
6
10
2
0
2
0
0
4
0
0
0
0
0
2
0
2
0
0
2
0
2
2
0
2
4
2
0
2
0
8
3
0
5
2
0
4
4
0
0
2
0
0
2
0
0
4
4
2
0
2
2
7
2
0
3
2
2
0
0
2
4
0
0
0
8
0
6
7
0
10
0
0
0
2
0
7
0
2
0
0
0
6
2
2
0
8
0
3
2
2
5
2
0
0
4
2
0
4
0
0
2
4
2
0
0
6
6
2
0
2
2
3
4
0
8
8
0
4
0
0
0
0
8
0
2
0
4
4
0
0
0
0
2
0
0
2
0
2
2
6
0
0
4
4
2
8
6
4
2
6
0
6
6
0
0
2
0
6
0
2
0
6
0
2
0
0
2
6
0
8
2
2
0
2
0
0
2
6
4
3
0
2
0
0
4
2
8
0
4
4
2
2
4
0
0
4
0
0
0
2
2
0
0
0
0
6
4
2
2
6
0
0
0
0
4
8
8
0
2
0
2
4
0
2
2
8
0
4
0
9
6
0
2
0
4
2
0
2
0
7
6
2
0
6
0
7
0
0
2
0
0
6
2
0
0
0
6
2
4
6
4
0
6
0
4
6
0
0
2
0
2
2
0
0
0
2
0
0
2
0
7
0
4
0
0
2
0
0
2
0
0
0
6
6
0
4
0
0
0
2
0
8
0
2
4
0
6
2
2
6
0
6
0
4
0
2
0
6
9
0
6
4
0
0
0
4
2
0
0
2
2
2
0
2
0
0
0
6
0
6
6
0
4
0
0
8
4
2
2
0
0
0
2
0
27
17
17
19
13
31
14
42
8
8
12
10
15
10
10
14
11
12
12
27
10
25
8
12
17
10
8
8
14
15
35
29
8
15
10
12
31
17
37
19
14
8
4
8
14
23
8
14
12
8
6
6
15
14
16
13
14
10
8
25
12
12
16
16
17
19
21
4
14
14
29
19
25
31
14
15
16
14
35
14
29
21
33
23
2
10
15
10
21
6
17
6
18
14
12
10
21
9
14
19
31
14
12
12
10
27
27
12
25
16
14
19
14
8
17
16
31
17
17
14
21
16
17
17
17
33
25
27
10
16
15
31
12
23
23
13
33
21
19
37
37
27
25
14
33
33
14
39
37
12
14
10
19
10
10
38
39
14
37
17
17
12
28
18
44
27
12
21
43
10
44
15
29
21
54
23
54
14
31
17
31
10
43
41
41
14
21
29
29
31
25
35
45
27
25
15
12
12
23
31
27
47
54
48
27
29
21
12
52
23
14
12
21
35
41
33
43
21
31
27
10
8
27
12
6
19
35
23
29
15
18
25
21
33
19
34
37
27
21
15
38
31
23
33
12
29
29
15
42
33
56
23
23
12
12
12
14
31
16
15
18
25
14
31
25
21
17
25
29
19
16
37
17
23
15
27
13
19
27
14
33
10
25
21
12
6
31
33
41
24
0
19
0
13
5
76
0
31
0
5
0
59
0
0
0
0
0
17
0
0
57
2
0
0
0
2
0
16
1
0
14
2
14
0
18
0
2
0
0
0
9
20
0
37
4
0
18
9
11
0
0
16
0
27
17
0
0
0
26
5
90
0
0
6
0
6
0
37
20
0
0
29
0
0
0
14
0
9
0
0
54
33
0
22
57
0
12
0
19
0
30
0
7
20
12
27
0
2
15
6
0
6
21
0
85
0
0
0
0
0
0
9
54
0
11
60
25
0
4
28
0
0
0
21
24
46
26
0
0
0
0
0
0
0
0
27
0
0
35
8
0
21
42
0
3
0
0
24
0
70
0
0
0
0
0
0
4
0
8
0
0
0
37
60
0
17
2
88
5
88
0
0
0
0
31
24
8
0
32
36
0
0
30
0
7
45
48
25
2
0
0
0
0
13
0
24
0
3
23
14
27
0
0
7
45
17
41
45
0
87
0
0
0
0
12
0
0
0
0
0
0
35
1
16
50
19
30
0
37
0
20
0
21
0
0
0
0
0
0
0
0
2
9
17
10
2
29
46
35
14
4
37
0
4
0
0
22
0
22
0
0
0
0
2
0
0
4
79
78
42
11
2
39
18
0
97
0
0
0
59
8
40
30
40
47
44
27
21
10
8
15
21
16
18
21
8
8
14
10
14
23
16
12
14
14
14
12
8
20
14
25
10
12
14
16
16
18
20
16
12
86
16
10
16
14
23
19
18
14
21
31
16
16
18
14
33
16
16
18
14
16
18
20
25
14
14
36
22
12
16
29
0
23
20
10
14
8
23
14
33
8
16
35
18
25
14
22
23
20
10
25
14
10
12
6
16
10
6
8
10
12
27
23
10
4
10
18
21
12
10
12
6
22
14
37
12
23
12
12
12
12
8
29
33
10
19
10
6
21
8
25
19
12
6
29
8
6
10
8
19
33
16
18
12
16
20
22
12
31
10
22
10
31
33
4
25
6
8
8
31
6
6
12
12
25
6
25
18
6
10
10
14
12
8
10
10
6
10
16
16
39
14
20
10
25
4
10
14
12
43
18
12
8
27
10
10
21
31
16
14
37
10
8
31
37
29
23
27
20
18
18
18
31
20
19
23
20
22
29
33
16
43
6
35
35
16
20
25
20
12
16
16
20
35
16
20
33
14
21
53
23
21
27
16
31
45
22
16
25
22
25
16
25
35
21
12
16
23
29
14
25
25
8
14
27
22
16
12
10
16
14
6
14
14
10
8
14
8
22
16
10
8
39
20
8
6
20
4
10
29
12
18
21
14
19
6
8
4
6
6
10
10
6
8
8
4
4
4
10
10
4
8
6
10
8
6
10
10
6
10
10
14
6
10
16
12
4
14
4
10
17
8
10
8
8
6
8
6
14
12
12
6
14
10
10
14
10
12
16
10
14
8
10
6
10
10
8
14
12
6
19
12
16
8
17
8
45
10
15
17
33
8
10
17
14
17
19
17
12
14
15
4
13
12
13
12
6
10
14
12
19
8
12
8
19
14
8
12
12
8
12
6
15
12
17
12
10
14
4
15
13
6
2
8
14
8
12
17
6
8
8
12
15
8
10
10
8
14
19
6
10
6
12
4
8
21
15
15
4
4
15
8
17
17
13
15
19
25
19
10
14
15
12
8
17
17
12
12
21
23
23
8
21
15
12
13
13
14
10
31
12
19
14
10
8
8
10
14
10
6
8
14
8
12
12
12
6
6
8
10
21
14
12
4
17
6
39
8
10
8
6
4
10
12
6
2
8
8
2
10
14
4
6
10
8
8
4
6
2
12
8
4
10
14
6
10
12
10
6
12
4
12
10
6
10
8
6
2
10
12
8
8
6
17
4
6
8
10
6
8
6
6
4
4
4
4
6
10
2
4
10
12
4
6
12
14
12
12
12
11
10
10
2
8
12
8
6
4
8
6
10
10
2
0
0
0
4
0
4
2
0
0
2
2
0
0
0
2
0
2
4
0
0
0
5
2
0
2
0
2
4
4
0
4
0
4
0
0
0
0
2
0
2
0
2
2
2
0
0
0
7
2
0
0
2
0
0
2
0
2
0
0
4
4
3
2
0
2
2
4
0
2
0
0
5
0
2
6
4
0
4
2
2
2
0
4
2
4
0
0
2
0
0
2
0
0
2
7
5
11
2
0
0
0
2
0
6
0
0
2
14
0
0
2
4
4
4
0
0
3
2
6
0
4
4
6
2
0
0
2
0
4
2
2
0
5
0
2
2
0
2
4
0
0
0
4
0
2
2
0
0
2
2
0
4
2
2
5
2
2
0
4
2
0
0
0
0
23
4
2
2
0
2
4
0
0
0
0
2
0
0
0
2
4
0
0
2
2
2
4
2
2
2
2
2
0
0
0
0
3
4
3
0
6
0
2
9
0
0
2
0
4
0
6
0
2
2
2
3
4
0
2
2
0
2
2
2
0
0
0
0
5
0
3
4
2
2
3
4
0
2
0
0
0
4
2
2
2
4
0
2
0
0
0
2
0
5
2
2
2
4
0
2
0
0
2
4
5
2
0
0
2
2
2
0
0
0
1
4
5
0
0
2
2
0
2
0
3
4
2
0
4
0
4
2
4
2
4
4
2
2
2
4
2
0
0
2
2
0
2
2
0
4
4
0
0
0
2
4
2
4
0
0
4
2
0
2
6
2
2
2
2
6
2
2
2
0
2
2
2
4
2
2
0
0
2
4
0
0
0
4
0
2
2
2
0
0
4
4
0
2
2
0
0
0
4
4
2
0
2
0
2
4
4
4
0
0
4
6
4
0
6
0
2
4
4
2
6
2
2
2
2
2
0
0
2
0
2
2
4
0
2
6
6
2
4
0
0
0
2
2
2
2
2
0
2
2
0
0
0
2
2
4
4
2
2
2
2
2
2
0
4
2
6
0
2
4
0
0
4
2
2
4
2
0
2
4
4
0
2
4
2
0
2
4
0
4
2
2
0
0
2
6
2
6
2
2
2
0
2
2
2
4
0
2
4
2
2
2
4
0
2
0
6
4
0
4
0
0
2
2
0
0
4
2
0
0
0
2
0
2
0
2
0
0
2
0
0
0
2
2
2
0
4
2
0
6
4
2
2
2
2
2
2
0
2
0
2
0
2
2
2
2
4
4
2
0
0
2
4
0
2
2
2
2
2
2
4
0
2
0
2
2
0
2
2
0
2
4
0
2
0
0
4
4
2
4
4
0
2
6
4
2
0
2
2
2
2
