37
38
37
37
37
36
38
35
37
37
37
35
29
36
34
38
37
38
37
35
37
35
38
37
38
36
36
38
36
38
35
37
38
35
39
26
30
21
32
33
32
37
27
33
38
37
32
32
36
23
30
36
31
29
37
36
36
36
31
28
34
38
37
36
36
36
36
35
36
29
36
37
36
36
36
36
37
35
37
37
35
34
35
32
37
37
34
37
34
35
36
36
39
36
36
36
35
37
35
35
37
37
36
37
38
36
35
36
35
36
36
35
37
36
37
36
37
39
25
37
39
38
36
36
35
36
34
37
36
37
36
37
37
32
38
37
29
36
37
35
37
37
35
35
38
37
35
37
36
34
35
34
36
37
36
35
37
36
38
38
37
36
37
36
38
38
34
35
36
38
36
38
37
36
36
36
34
37
37
35
35
35
36
38
35
37
37
36
37
37
36
33
36
35
37
34
35
36
36
37
36
32
37
35
36
38
37
31
37
34
37
35
38
38
37
33
38
34
32
37
35
36
38
37
38
38
37
38
38
37
38
36
35
36
37
37
34
36
36
37
37
34
36
35
37
36
35
34
37
37
36
36
38
36
33
33
37
29
34
38
31
29
34
30
27
36
30
30
37
37
37
37
37
27
30
38
35
37
37
38
36
35
36
36
37
37
37
37
0
15
7
2
10
6
6
8
2
14
12
8
2
8
4
6
6
14
8
4
10
2
4
6
6
6
6
6
6
4
8
11
8
8
8
8
6
6
6
4
6
6
6
14
8
6
8
2
11
15
10
8
8
10
13
6
10
2
14
2
12
12
8
4
10
8
8
14
8
18
2
13
10
8
12
35
8
19
6
19
13
6
15
12
12
25
15
13
6
15
23
6
19
25
19
12
6
21
27
19
17
10
21
8
19
13
17
11
15
6
25
10
15
12
29
8
14
29
19
15
14
17
8
13
15
17
25
17
12
35
14
23
15
17
15
33
13
17
27
12
8
17
8
19
9
10
15
14
6
10
6
23
31
21
8
8
27
25
10
29
21
17
10
8
4
29
32
13
10
12
21
23
19
8
37
17
21
12
14
21
27
25
21
10
6
27
37
14
33
8
13
15
25
15
10
4
13
13
17
16
27
6
6
15
33
33
23
10
33
17
27
17
10
11
15
6
25
23
19
8
8
21
6
12
12
12
13
10
27
17
4
19
15
19
15
12
12
17
21
8
12
12
19
14
19
6
17
6
10
8
17
13
11
8
12
13
4
6
12
8
6
6
6
4
8
6
11
8
12
4
6
19
9
2
6
8
14
12
6
8
4
12
2
2
8
4
2
8
4
4
6
6
6
2
4
2
4
8
4
4
8
4
4
4
6
8
4
12
7
8
8
9
4
2
0
8
8
4
8
6
6
6
6
10
11
12
13
8
8
8
10
14
10
2
6
10
5
2
6
9
6
8
8
10
10
11
6
8
6
10
8
6
6
2
6
10
11
10
18
2
6
4
10
10
6
8
8
10
10
6
8
14
8
8
10
10
10
10
8
6
4
2
6
2
8
8
2
8
4
6
12
8
4
4
6
8
3
10
6
4
0
2
10
10
4
12
4
6
4
5
8
9
6
9
4
2
10
6
10
8
9
8
10
3
3
10
10
10
4
6
8
4
10
6
12
8
2
4
4
8
6
8
8
10
1
8
8
2
6
6
8
10
2
10
6
10
3
10
11
6
10
8
8
6
8
2
11
8
10
8
6
4
8
4
2
12
10
10
6
10
8
12
7
6
10
8
8
6
8
8
10
8
4
3
12
12
10
10
8
14
8
12
4
8
4
5
6
0
0
0
0
2
0
2
2
4
2
2
0
0
0
2
0
2
0
0
2
0
0
0
0
0
4
0
0
0
0
0
4
0
0
0
0
2
0
0
2
4
0
0
0
0
2
2
0
0
0
2
0
0
0
2
0
2
0
2
0
0
2
0
2
0
0
0
2
2
21
4
0
4
3
0
5
0
2
0
3
2
0
2
4
0
15
3
0
2
0
0
0
2
0
0
0
1
0
0
0
0
0
0
0
0
7
0
2
0
2
2
5
2
0
37
1
33
4
1
1
1
1
2
7
2
2
0
6
2
2
2
2
0
2
0
4
2
0
0
5
0
2
33
2
0
37
0
3
0
0
35
23
2
0
0
2
1
2
3
1
2
3
0
4
0
3
0
0
0
4
1
2
2
0
25
0
3
0
2
2
1
23
1
0
2
7
3
1
3
0
2
4
2
5
0
2
7
0
1
2
2
4
0
0
2
1
1
3
3
1
1
2
0
1
0
0
4
4
2
3
1
2
1
2
1
0
2
3
1
0
2
2
1
3
1
4
2
2
4
5
1
2
0
2
4
1
5
0
3
2
1
6
4
5
1
2
2
3
4
0
0
2
3
0
0
2
4
0
3
5
2
0
0
2
1
9
2
2
2
21
0
3
1
2
1
4
4
0
0
0
23
4
2
2
2
2
2
4
3
3
0
0
4
2
37
3
0
2
2
2
2
5
2
2
2
2
2
2
1
2
0
2
2
3
0
2
0
0
2
4
4
4
4
7
2
0
2
0
2
0
4
0
2
2
0
4
2
0
11
3
0
0
0
4
3
5
5
0
2
2
0
5
4
2
0
0
0
4
17
9
2
0
4
4
0
0
0
2
2
5
76
2
9
2
4
6
2
0
4
2
2
2
0
0
4
0
0
2
4
4
3
0
2
2
69
0
0
2
2
0
2
2
0
0
2
2
1
6
0
0
2
2
7
4
4
4
2
0
2
4
2
0
4
0
2
3
4
4
2
5
0
2
0
0
4
2
0
0
2
2
7
4
88
2
2
2
4
0
2
0
0
0
0
2
3
0
6
9
2
2
2
2
40
5
2
7
4
2
2
2
5
0
4
4
4
4
0
2
71
0
5
0
4
4
5
0
22
2
0
5
73
2
2
2
2
7
0
2
0
21
0
2
2
3
14
4
2
4
2
2
0
4
4
0
6
21
0
0
0
2
0
0
0
3
3
4
91
4
2
0
4
2
0
9
4
7
4
13
5
3
2
0
6
2
2
2
0
2
2
0
2
2
0
2
2
2
2
2
4
0
2
2
2
0
2
0
4
2
4
0
0
2
2
2
70
4
2
4
2
6
6
4
2
2
2
3
0
2
2
37
4
4
4
2
6
0
4
2
3
2
4
5
0
2
23
4
41
2
0
4
68
4
2
2
2
2
2
2
4
13
6
33
75
2
0
0
2
5
3
2
7
2
0
0
3
0
0
0
0
0
0
0
0
0
0
0
0
0
0
0
0
0
0
0
0
0
0
0
0
0
0
0
0
0
2
0
0
2
4
2
0
2
2
2
2
2
4
2
4
2
2
4
6
6
6
2
4
2
2
4
0
4
4
4
0
0
4
2
2
2
6
4
4
4
4
2
0
0
4
2
2
4
4
4
2
6
6
4
2
0
4
2
0
2
4
2
2
2
4
2
4
4
2
2
2
4
2
2
2
4
2
6
2
0
4
4
4
2
0
2
4
4
4
4
0
0
4
4
0
4
8
2
0
2
4
6
4
0
4
2
4
4
2
2
2
0
2
4
6
0
2
2
4
6
4
2
4
6
4
2
2
2
6
4
0
2
0
2
0
8
0
2
0
0
0
0
0
0
0
2
0
0
0
0
0
0
2
4
6
2
2
6
6
4
4
2
2
0
2
0
6
0
2
2
2
4
2
4
6
2
2
4
4
4
4
4
2
4
4
2
2
0
2
4
6
2
2
0
4
6
2
0
0
2
6
4
4
2
4
4
0
2
4
4
2
0
4
0
2
6
2
6
0
4
2
2
4
0
6
2
2
0
6
4
2
2
4
2
0
2
4
4
2
0
4
0
2
2
2
0
0
4
2
0
2
0
6
4
2
4
0
4
4
3
24
18
0
38
32
20
31
37
23
19
13
11
22
20
0
28
25
22
0
32
9
16
17
22
16
20
0
14
17
20
25
22
35
0
22
25
22
5
0
8
19
23
16
20
0
29
27
22
28
19
17
0
2
25
23
2
20
23
34
16
30
20
0
11
36
19
20
72
31
16
20
33
24
0
22
11
25
1
42
19
4
41
25
22
21
26
20
20
19
31
21
1
52
25
17
1
32
18
24
20
38
25
14
29
20
27
12
23
17
20
0
16
14
0
24
24
19
46
15
30
25
0
21
20
18
15
19
21
27
0
15
21
0
0
14
9
18
12
7
25
0
25
21
20
17
15
17
6
18
22
22
0
10
24
19
27
24
11
22
21
22
28
17
0
33
19
19
3
0
7
16
0
25
20
30
33
2
27
0
0
0
4
1
0
0
0
0
0
24
27
0
19
24
26
4
6
25
7
8
22
8
19
0
33
23
19
0
0
13
12
40
23
8
56
21
8
28
13
18
0
15
25
21
1
18
16
23
29
20
14
0
20
21
22
0
36
23
21
21
27
20
0
18
23
19
17
21
19
12
17
23
17
22
0
14
8
38
20
29
24
0
29
21
19
0
30
22
4
0
20
25
17
0
26
19
17
26
19
18
0
22
21
24
10
6
22
8
6
23
10
15
8
12
18
6
11
29
27
31
15
12
12
6
18
29
8
10
21
19
13
10
12
6
12
17
21
25
29
17
17
14
21
15
11
4
6
14
6
8
12
12
16
4
13
2
20
12
23
12
16
10
27
14
10
4
15
18
25
6
14
14
12
14
31
20
16
19
12
13
15
10
19
19
16
16
10
21
8
27
12
12
10
10
12
10
8
18
17
14
16
6
17
16
8
37
15
19
16
10
23
12
16
16
27
17
8
8
15
18
17
29
23
18
12
31
35
19
17
25
20
36
23
27
27
13
12
20
15
12
14
19
21
21
20
14
12
12
23
30
12
15
10
19
17
25
27
12
8
12
12
34
10
19
18
31
33
19
17
19
12
27
27
29
16
29
25
33
35
29
23
18
23
29
20
19
12
33
49
47
14
23
39
18
25
35
19
15
39
35
32
23
25
21
16
21
23
23
25
18
23
10
15
14
25
15
21
8
23
21
34
29
10
14
13
15
17
16
10
31
17
25
19
23
23
14
29
17
12
16
21
21
25
19
19
17
8
8
27
32
10
14
16
10
8
8
8
25
20
21
21
10
27
10
12
19
21
4
14
15
8
18
14
25
33
16
4
6
4
14
19
14
16
16
23
17
14
14
14
23
12
13
8
12
10
14
2
2
2
2
2
2
2
2
0
0
2
2
0
2
2
2
2
2
2
2
0
0
2
0
0
2
0
4
0
0
0
2
4
2
0
2
2
2
2
2
2
2
2
2
0
2
2
2
2
2
0
0
2
2
0
0
2
2
0
0
0
0
2
0
2
2
2
2
4
2
2
2
2
2
2
2
2
2
2
4
2
2
2
2
2
2
2
2
2
2
2
2
2
0
2
4
0
0
0
0
4
2
2
0
0
0
2
2
2
4
2
0
0
0
0
2
0
0
0
0
4
0
2
4
0
0
2
2
4
4
2
4
2
2
2
2
2
0
0
2
2
2
2
4
0
2
2
2
2
2
0
4
2
2
2
2
2
2
0
2
2
2
2
2
4
0
2
0
0
0
2
2
2
2
2
0
0
2
2
2
0
2
0
2
4
2
2
2
0
2
0
0
0
0
2
2
2
2
0
2
2
2
2
2
2
2
0
0
2
2
2
4
2
0
2
4
0
2
0
2
2
4
2
2
2
2
0
4
0
2
2
2
0
2
2
2
2
0
2
2
2
2
0
2
2
2
0
4
2
2
2
4
0
0
2
2
2
0
0
0
4
0
0
2
0
0
2
2
2
2
0
0
4
2
2
2
2
0
2
0
2
2
0
4
2
2
0
2
2
0
0
2
2
2
2
2
2
2
4
3
2
2
2
2
2
2
4
2
2
2
2
2
2
2
2
0
0
2
2
2
2
0
2
4
4
2
2
2
2
2
2
2
2
4
2
2
2
2
4
2
2
2
2
4
2
4
4
2
2
4
2
2
4
0
2
2
2
2
2
2
2
2
2
4
0
2
0
2
2
2
2
2
2
2
2
7
2
2
4
2
2
2
2
2
2
2
2
0
2
2
2
2
2
2
2
2
2
4
2
0
2
2
2
2
2
2
2
2
2
0
2
2
2
2
4
2
0
0
2
2
0
2
2
2
4
4
2
2
2
2
0
0
2
2
0
0
0
4
2
2
2
2
2
2
9
2
2
2
2
2
2
2
2
2
2
2
0
0
2
2
2
2
2
2
0
2
2
2
2
2
2
2
2
2
2
4
2
2
0
0
2
2
2
2
2
2
2
2
2
2
2
2
2
2
0
4
2
2
2
2
2
2
2
2
2
2
0
2
2
4
2
2
2
2
2
2
2
4
2
2
0
4
2
2
4
0
0
2
2
2
0
2
2
2
2
2
2
0
3
2
2
0
2
0
2
2
0
2
0
2
0
2
2
0
0
2
2
2
4
2
2
4
2
2
2
0
2
2
2
2
4
2
2
2
2
2
