2
2
0
0
2
0
2
0
0
0
0
0
2
0
2
3
2
0
3
0
0
1
0
2
4
2
2
13
3
0
0
0
0
0
2
0
0
2
0
0
2
2
2
2
2
2
2
0
1
7
4
2
0
0
2
2
0
0
0
0
0
10
0
2
0
2
2
6
0
0
2
0
0
0
0
3
0
0
0
3
2
2
0
0
0
2
0
12
18
2
0
0
0
3
0
0
3
0
2
0
2
0
0
3
2
0
2
2
0
2
0
0
4
0
0
2
0
2
2
0
2
2
2
0
2
0
4
0
0
0
2
2
2
0
0
0
2
2
2
2
2
2
0
0
0
2
18
5
0
0
2
2
5
2
0
21
2
9
0
0
2
2
0
2
0
0
0
0
0
0
0
7
17
0
0
2
0
2
5
2
0
0
3
2
0
0
1
2
0
0
2
2
1
0
0
0
2
4
0
0
0
2
1
2
0
0
2
0
2
0
2
2
0
3
0
2
0
0
0
2
0
0
0
2
2
2
2
1
0
0
21
30
5
0
0
0
0
0
2
2
2
2
0
0
0
2
3
2
3
0
4
2
3
0
3
3
3
0
0
2
0
0
0
0
3
2
2
0
2
0
0
0
0
2
0
3
2
9
0
2
1
0
3
1
1
2
0
0
8
9
10
7
11
13
14
10
15
10
9
7
8
8
10
7
9
8
8
6
6
10
6
6
9
10
8
5
11
14
12
10
11
8
8
8
12
8
9
10
7
8
12
12
8
8
9
8
8
10
10
8
8
6
6
11
7
8
6
9
9
12
11
8
8
12
8
18
8
10
8
10
8
8
10
6
7
8
12
9
6
10
10
10
7
10
11
9
9
8
10
8
12
11
8
10
6
6
9
8
10
10
10
6
10
7
8
11
6
8
7
7
10
8
12
9
12
11
8
8
6
8
8
12
12
6
12
6
10
9
10
8
11
12
8
7
8
10
12
9
8
10
11
6
9
7
12
10
7
6
6
8
6
10
10
12
12
11
6
12
8
7
8
9
7
12
7
7
9
9
8
10
11
8
8
8
8
6
8
10
8
7
9
10
10
8
9
11
6
8
12
9
10
9
8
10
7
10
11
10
12
6
13
8
7
10
6
8
10
7
10
10
9
6
13
6
12
9
13
5
10
6
5
8
9
8
8
8
6
8
14
10
6
8
8
9
7
8
9
13
10
6
8
13
7
8
14
6
8
14
10
10
6
6
10
10
10
8
6
12
11
10
8
9
7
8
10
8
7
9
9
8
9
8
8
8
12
9
8
9
10
10
9
5
10
12
8
10
4
4
4
4
4
0
4
7
0
6
4
2
2
2
4
4
2
0
4
2
0
2
0
2
4
4
4
2
4
0
2
0
0
4
6
6
4
7
4
2
4
0
4
4
0
0
6
2
2
6
4
2
2
0
4
0
0
0
4
4
4
2
2
6
6
0
4
2
0
0
2
6
6
4
4
6
6
0
4
4
0
0
8
6
4
4
6
6
6
0
6
4
0
0
6
0
7
4
4
4
6
0
4
4
0
0
6
4
6
2
4
4
4
0
6
0
0
0
6
4
4
6
4
4
6
0
4
0
0
0
4
2
6
4
8
4
4
0
4
0
0
0
6
8
6
6
4
4
6
0
4
0
0
0
0
0
0
4
4
4
8
0
4
0
2
0
6
6
4
4
4
4
2
2
6
0
0
0
4
2
4
4
4
4
4
2
6
0
0
0
7
6
4
4
6
8
6
0
4
0
0
0
0
0
4
4
7
8
6
0
2
4
0
0
2
4
6
4
8
0
0
0
0
0
0
0
0
0
0
0
0
0
0
0
0
0
0
0
0
0
0
0
0
0
0
0
0
0
0
0
0
0
0
0
0
0
0
0
0
0
0
0
0
0
0
0
0
0
0
0
0
0
0
0
0
0
0
0
0
0
0
0
0
0
0
0
0
0
2
0
3
0
1
0
5
0
10
5
3
5
2
7
0
2
1
3
4
0
0
0
4
0
4
2
5
2
2
4
3
3
4
3
4
0
0
2
3
10
3
0
2
2
0
2
5
2
3
2
7
0
4
7
9
0
4
6
2
0
2
2
0
8
4
2
5
5
3
0
2
2
0
2
4
2
0
0
5
0
2
2
2
2
2
7
2
2
6
2
0
4
11
5
3
2
0
2
0
2
5
3
2
10
7
2
12
11
5
2
2
2
0
5
4
2
2
5
6
2
2
0
0
3
2
0
2
3
2
3
1
7
4
1
3
3
4
2
2
7
4
2
0
5
2
4
2
4
2
4
2
0
5
13
5
3
2
6
2
0
2
14
5
0
2
9
2
4
24
0
2
6
9
2
2
5
5
6
8
0
4
4
4
2
2
2
7
4
15
4
0
5
2
2
5
12
0
2
5
0
0
4
4
2
4
2
5
2
2
4
4
5
0
0
0
5
4
4
0
2
5
9
4
2
4
5
0
2
4
4
2
2
13
18
2
2
0
2
2
2
2
0
4
2
7
0
3
4
6
2
2
3
2
0
2
0
4
2
9
1
2
2
9
2
2
2
2
2
0
4
2
4
2
5
2
7
0
17
9
2
3
0
2
9
2
4
0
6
39
41
37
62
6
36
35
34
2
3
32
15
52
5
10
47
62
6
79
13
19
39
7
44
56
5
15
4
3
35
85
50
9
18
4
5
10
5
25
27
29
18
16
9
13
8
18
21
21
18
24
40
8
41
61
8
2
42
20
36
6
41
38
27
47
7
7
13
36
39
43
36
38
14
31
19
12
44
15
23
22
3
45
8
10
8
7
56
20
6
8
5
4
50
8
45
26
19
15
35
51
6
9
8
27
42
18
7
42
33
14
36
26
28
27
7
34
56
14
15
50
13
8
43
13
29
66
9
39
23
48
20
17
40
26
20
28
22
21
29
16
11
30
12
36
48
11
18
7
9
9
12
13
10
22
30
18
25
39
31
30
66
43
4
8
5
28
39
34
16
43
12
36
26
68
23
22
19
22
13
11
9
5
10
11
38
96
53
5
11
19
33
30
7
5
44
5
6
85
37
37
53
46
31
55
20
24
28
13
12
81
31
42
6
9
44
8
39
39
20
9
12
83
18
6
20
48
10
46
8
22
42
8
5
63
15
46
9
7
7
49
8
5
2
5
5
8
37
6
18
8
13
53
52
63
3
8
12
18
4
13
14
8
4
8
29
8
54
7
9
8
8
19
30
31
72
37
6
4
16
14
9
60
4
16
10
34
11
0
4
2
2
2
0
4
2
2
2
2
6
4
2
2
2
4
6
2
2
0
2
4
6
2
2
2
2
2
0
4
2
4
2
0
4
0
2
2
8
2
4
2
2
2
2
4
4
0
2
2
2
4
4
4
2
4
4
8
2
4
2
2
2
0
2
0
2
2
0
2
2
2
2
2
2
2
2
2
4
4
2
4
2
2
6
4
8
2
4
2
2
6
4
2
12
2
2
2
0
4
0
2
2
8
2
2
4
6
2
2
2
2
2
4
0
2
2
2
2
2
4
0
8
2
4
4
2
2
2
2
6
6
0
2
2
4
8
4
2
2
2
4
2
4
4
2
10
2
2
4
2
2
2
2
2
2
2
2
6
10
2
2
2
2
0
0
2
2
2
2
0
0
2
2
2
4
4
2
0
2
4
2
0
2
2
2
2
2
4
2
2
2
2
2
2
4
2
4
2
4
4
4
6
8
4
2
4
4
2
4
2
0
4
2
4
4
2
2
0
2
2
6
4
4
2
6
2
2
4
0
2
0
4
0
4
2
2
2
2
2
2
0
2
2
2
2
4
2
4
10
4
2
8
2
2
2
6
2
2
2
4
0
0
0
4
2
4
2
2
2
4
4
6
2
2
2
2
2
2
2
2
2
2
2
4
0
0
0
2
0
3
0
1
0
0
1
1
5
3
4
0
0
2
0
3
0
0
2
0
3
2
0
2
0
2
0
2
2
4
1
0
0
2
0
0
3
0
1
2
0
3
2
0
0
0
0
2
5
0
0
2
5
0
3
1
0
3
0
2
2
0
0
0
0
2
2
2
2
0
2
2
0
0
3
0
2
2
0
2
0
0
3
2
0
0
0
0
2
0
0
0
2
0
0
2
2
0
3
0
2
0
2
7
2
0
0
8
2
1
3
0
2
0
2
0
5
0
0
2
1
0
0
2
0
0
2
2
0
0
2
0
2
2
0
2
0
0
2
2
2
3
2
2
0
0
0
2
0
0
4
3
1
0
5
0
2
2
3
0
0
2
0
0
0
0
2
2
0
0
0
2
0
0
0
0
2
0
0
2
1
2
0
2
0
2
5
0
2
2
0
1
2
2
0
0
0
2
2
0
2
0
0
2
2
2
3
0
0
0
0
0
2
0
0
2
2
2
2
0
2
0
0
2
0
0
2
2
0
0
0
2
2
0
3
0
3
2
0
1
2
2
2
0
0
2
0
2
0
0
0
3
2
2
0
3
0
0
2
1
2
2
0
0
0
0
0
0
0
2
0
0
0
0
2
0
0
0
2
0
2
0
1
4
2
2
32
22
18
28
11
11
7
15
41
6
12
5
13
9
9
17
27
7
19
8
11
22
14
11
6
32
31
22
11
3
4
24
21
15
13
15
13
4
32
24
33
11
12
7
12
23
12
18
33
5
7
7
23
7
11
6
22
21
8
9
22
16
16
16
11
11
13
23
13
27
19
24
12
14
12
26
21
20
23
21
14
28
19
18
8
29
3
22
21
20
6
11
14
33
22
23
13
19
29
16
15
23
21
10
7
10
24
20
12
25
17
23
26
28
31
30
36
6
16
31
10
27
16
9
11
5
18
24
21
10
3
34
34
32
28
17
23
24
33
9
24
21
10
21
25
16
28
13
11
24
22
25
33
18
34
8
13
22
5
26
28
28
24
23
31
18
13
11
10
15
9
4
27
9
24
25
20
22
9
22
24
26
20
20
23
27
27
22
21
27
29
27
21
27
14
30
10
26
22
28
25
29
24
8
9
22
19
26
17
39
27
28
10
28
24
17
17
27
28
31
20
8
16
27
26
23
31
33
29
10
32
36
24
25
29
20
9
31
25
29
16
28
15
6
17
22
25
27
20
19
7
9
6
17
29
28
15
17
24
6
16
19
21
10
22
17
27
24
26
46
16
7
14
12
13
14
16
5
22
19
11
3
21
25
30
25
38
35
3
5
1
1
22
5
20
19
15
15
1
1
0
1
3
1
3
3
3
7
1
1
3
3
1
1
22
23
21
34
3
1
0
3
7
5
3
0
3
3
7
3
9
26
21
22
0
1
0
3
3
5
1
1
5
3
5
5
1
1
26
5
24
38
3
3
5
7
3
3
3
1
0
3
1
24
32
29
24
20
0
0
3
0
3
1
0
26
28
30
5
32
3
3
1
3
1
3
5
3
1
1
7
3
3
30
38
38
28
5
3
7
1
0
26
1
33
1
5
3
5
1
3
5
3
3
5
3
3
6
3
1
36
25
24
23
0
3
5
9
1
1
3
1
1
1
3
3
1
24
26
5
23
3
3
5
3
1
1
3
7
22
37
20
36
24
34
5
1
3
0
1
27
22
31
41
24
28
3
1
5
1
1
1
3
30
30
5
1
3
3
5
5
5
5
3
24
30
33
26
7
1
7
1
3
3
1
22
28
19
5
7
5
5
5
7
1
3
1
26
31
27
35
0
1
1
1
3
1
1
1
31
25
36
3
7
3
5
3
5
3
18
3
1
1
3
3
16
1
1
5
3
3
3
1
26
28
1
0
3
7
5
3
3
5
3
5
3
3
1
38
32
5
1
3
3
7
5
1
3
26
28
5
5
1
5
15
3
14
21
21
19
13
18
21
6
18
23
21
18
19
8
23
18
9
25
21
25
27
21
22
16
10
24
17
22
21
21
18
23
20
21
9
6
21
18
9
27
19
18
24
18
17
13
19
10
21
22
22
10
25
20
17
14
22
16
24
19
23
15
22
27
9
14
25
17
8
22
12
19
8
10
22
8
13
16
21
24
19
21
9
22
13
17
17
14
11
13
13
28
21
10
24
8
12
17
12
11
19
17
12
17
14
10
21
6
16
24
19
24
21
19
16
18
26
9
18
21
22
23
17
25
16
7
15
29
24
19
8
22
16
8
21
21
22
21
23
14
28
22
18
11
22
21
5
11
7
20
7
11
8
9
8
17
16
17
16
21
18
21
7
22
19
8
18
20
18
21
20
22
8
20
17
17
15
19
19
12
12
18
9
18
16
23
17
23
10
8
21
19
16
22
20
19
12
16
7
19
18
9
16
14
6
23
23
12
17
18
10
13
21
7
12
11
15
18
9
16
8
9
17
24
9
6
7
19
19
11
17
19
9
21
17
23
22
24
12
9
8
22
17
7
20
19
24
23
18
17
15
16
24
20
30
22
15
16
23
8
19
14
6
25
20
21
12
10
19
22
16
17
23
8
8
13
22
16
22
9
22
23
26
17
7
25
7
16
