9
4
3
7
6
8
8
6
5
2
6
7
2
3
8
9
6
3
4
2
2
4
0
0
6
0
2
2
0
0
0
4
2
2
0
8
8
6
3
4
9
4
4
2
4
5
5
5
0
8
0
2
4
0
2
2
0
3
0
0
0
0
2
2
2
3
0
5
7
8
9
0
3
7
4
2
0
4
8
3
10
8
6
4
2
9
4
2
0
0
13
4
4
4
7
5
2
2
4
2
0
7
8
5
2
2
10
4
4
4
5
2
2
4
2
4
0
3
2
8
4
9
6
4
9
18
2
6
9
13
7
10
0
10
10
8
6
9
8
3
4
2
2
2
0
3
4
2
2
2
2
3
3
3
2
2
2
14
7
2
0
0
4
2
2
2
0
2
3
0
3
6
5
2
4
2
0
3
0
0
0
2
4
2
0
16
0
8
0
3
5
3
9
6
2
4
4
6
18
5
7
6
3
8
4
6
2
2
4
5
10
11
0
7
5
5
5
3
5
9
2
2
12
4
2
2
2
0
2
9
2
0
0
2
0
0
2
4
0
0
4
0
2
0
0
2
2
6
2
12
4
2
3
2
2
2
0
8
6
4
6
2
2
4
2
0
3
2
2
2
2
2
4
4
6
6
6
3
2
12
4
7
2
7
6
10
4
0
8
2
2
2
2
2
6
2
2
2
4
4
4
4
6
4
2
4
6
2
8
7
5
6
4
4
4
2
6
2
4
19
4
6
0
2
10
2
8
2
2
4
2
4
2
4
4
0
2
4
4
6
4
96
2
6
4
4
4
0
2
6
0
6
2
6
4
6
2
4
6
6
4
6
6
4
2
4
14
2
4
6
4
6
2
4
10
4
2
2
4
4
4
4
2
2
2
6
6
2
4
4
2
6
2
4
2
4
10
6
4
2
6
6
6
4
4
10
4
5
6
8
4
12
4
6
6
9
2
6
6
6
2
4
2
6
2
6
4
2
12
4
8
6
8
2
6
8
6
4
2
8
7
2
6
2
6
4
6
2
6
4
2
2
4
4
2
4
6
4
2
4
6
2
2
0
4
10
2
2
8
0
2
8
2
2
6
4
2
4
4
2
4
4
6
4
4
8
4
6
8
8
8
4
4
4
4
4
4
4
6
6
4
2
6
2
4
0
4
4
2
12
4
2
4
2
2
6
6
0
2
0
2
6
2
6
6
4
6
2
8
6
2
6
6
4
6
12
4
8
4
4
6
2
6
6
4
4
6
8
4
6
4
8
2
4
6
6
6
2
2
4
2
4
0
2
4
6
6
8
4
14
2
6
8
4
6
8
0
6
4
6
6
2
2
8
4
0
4
2
0
4
2
6
4
4
2
4
6
6
6
4
4
10
4
4
6
4
2
2
4
6
21
6
2
4
4
4
8
4
4
8
2
0
6
2
4
4
8
4
4
4
4
11
0
4
6
4
2
6
8
2
4
2
2
8
6
2
6
6
0
4
8
4
6
4
2
4
0
2
4
2
2
4
4
8
12
4
2
4
2
10
4
4
6
0
4
6
2
0
8
4
6
4
4
8
4
4
4
4
4
4
4
6
4
8
4
2
8
2
2
10
4
4
8
2
4
6
4
4
6
2
4
4
4
4
10
4
6
8
4
2
8
2
2
4
2
2
50
4
4
6
2
0
8
2
2
8
0
0
8
6
0
12
4
0
0
4
6
0
0
4
6
0
6
4
4
4
2
6
2
4
0
6
4
6
0
4
6
6
6
6
4
6
8
4
4
2
2
8
4
0
6
2
4
6
6
4
2
4
8
6
0
2
2
2
4
2
4
4
2
4
4
4
4
4
2
0
0
0
0
2
4
2
0
4
4
0
2
0
2
4
4
4
4
4
2
2
2
2
4
4
2
2
4
2
0
0
0
4
40
0
2
2
2
0
0
4
2
2
2
2
0
0
0
0
0
2
2
2
0
2
4
4
4
0
19
23
10
12
27
10
8
29
10
8
8
6
17
14
8
10
4
17
10
12
8
12
6
10
8
11
10
15
8
15
8
14
13
17
15
19
10
17
12
12
12
15
19
6
10
21
10
12
15
6
10
16
15
13
14
8
10
15
10
10
12
12
10
6
8
12
14
13
23
28
13
8
14
15
8
14
19
10
12
10
14
4
6
27
21
6
15
15
36
8
4
6
6
10
6
4
12
19
6
10
8
6
6
12
23
10
12
10
12
10
12
15
8
6
8
10
19
8
11
12
4
19
10
8
14
17
12
12
11
8
17
12
10
6
19
17
8
13
10
14
19
14
13
15
6
12
15
15
23
6
15
14
12
8
10
14
4
25
19
49
19
6
21
12
4
8
21
10
43
12
23
8
12
8
6
23
10
8
8
23
10
10
21
10
4
10
6
4
16
10
16
8
6
6
12
12
12
23
14
10
8
10
0
23
14
12
8
17
10
14
23
8
6
15
8
6
13
10
25
14
10
13
8
21
8
15
16
12
27
23
45
16
8
14
19
19
15
17
12
10
10
19
12
8
12
6
12
12
19
17
8
16
10
17
10
10
6
4
10
10
10
17
17
8
13
14
15
14
8
17
6
15
12
15
16
14
10
14
16
6
12
23
8
14
17
23
12
10
0
2
2
2
1
2
1
0
0
0
2
2
0
1
2
1
1
13
1
0
2
10
1
0
2
2
2
2
0
2
0
0
5
0
2
0
2
0
1
1
4
0
0
1
2
0
0
2
0
1
1
2
1
2
1
0
2
2
1
0
1
0
2
1
2
0
2
2
0
2
2
0
1
2
2
1
0
0
2
0
1
8
7
0
2
2
1
2
1
1
0
0
0
0
1
0
2
1
2
1
0
2
0
1
2
0
0
1
0
2
2
0
1
2
2
0
0
0
0
2
2
2
1
1
0
2
0
0
2
2
2
2
1
2
0
1
2
2
1
1
2
0
0
1
1
0
1
2
2
0
2
2
2
2
0
2
1
2
0
0
2
2
2
2
0
0
0
2
1
2
2
2
2
2
4
0
0
2
2
2
0
2
0
2
0
2
2
2
2
2
2
2
0
1
0
0
0
0
0
9
2
0
0
2
0
0
1
0
0
2
0
2
2
0
2
0
0
1
0
1
4
2
0
2
2
0
0
0
2
2
0
0
2
11
2
0
2
2
1
2
2
2
0
2
1
0
0
2
2
4
2
0
1
2
2
13
0
2
0
0
0
2
0
2
2
0
2
2
2
4
0
0
2
0
2
0
2
2
2
2
2
2
11
0
0
13
0
2
7
7
7
5
7
8
7
2
4
7
10
9
6
8
6
7
6
5
5
9
7
9
7
8
5
17
5
6
6
5
5
6
13
7
11
11
8
7
8
8
7
13
8
9
8
6
5
7
7
5
13
5
9
13
5
4
9
7
10
7
8
9
7
8
7
13
8
9
12
8
4
10
5
7
4
8
10
15
8
5
8
12
5
5
10
8
6
10
4
9
2
6
2
6
5
10
14
10
6
6
7
2
19
8
13
10
10
11
5
5
13
7
7
10
9
7
10
7
10
6
13
5
8
11
8
5
8
12
12
7
7
8
6
7
8
8
8
10
13
5
9
15
7
5
6
3
12
6
5
8
6
8
7
10
6
5
9
6
7
9
6
5
3
17
7
2
8
7
4
8
10
7
9
9
4
10
5
9
2
4
2
11
5
7
7
6
5
9
4
10
8
14
9
8
13
7
5
7
13
7
9
9
7
14
6
11
8
4
8
6
7
5
14
4
7
6
6
4
16
7
10
5
7
4
5
8
6
5
10
2
10
10
7
5
7
11
9
10
10
6
7
8
8
13
10
7
13
5
6
7
9
9
17
7
7
5
8
8
6
6
6
8
12
8
7
10
6
10
8
8
7
12
4
13
11
7
12
7
10
14
8
12
6
9
6
18
8
10
0
4
0
0
2
4
0
0
2
2
0
0
0
0
0
0
0
2
2
0
4
2
63
2
0
2
0
0
4
0
0
6
2
4
0
2
4
2
2
2
2
2
2
0
4
0
4
4
4
0
0
2
0
0
0
0
0
4
0
0
0
2
2
2
0
2
2
0
2
4
2
7
2
4
0
0
4
0
2
0
0
0
2
2
0
2
2
2
0
2
0
0
4
8
2
2
0
0
2
0
2
4
2
0
0
0
4
4
4
4
2
0
0
0
0
2
0
0
0
2
0
2
2
0
2
4
4
4
0
0
2
0
4
2
2
4
2
2
4
2
2
2
0
2
2
2
2
63
2
2
4
0
2
4
0
4
4
2
2
0
6
4
2
0
2
4
4
2
0
2
0
4
11
0
0
0
0
2
4
4
2
2
0
2
0
0
2
2
0
3
4
0
4
2
0
0
0
0
2
2
0
0
0
2
2
2
4
2
2
0
2
2
3
2
0
2
4
2
0
0
4
0
2
2
4
6
2
0
0
4
0
0
2
0
2
2
2
3
2
2
2
2
4
4
2
4
2
2
4
2
2
0
2
2
0
0
2
4
0
4
2
4
2
4
3
2
0
2
4
2
0
2
2
2
0
0
2
2
0
2
2
2
0
2
4
6
0
2
7
13
5
1
0
3
0
5
0
5
1
0
1
1
1
7
7
1
0
91
0
17
1
5
97
5
1
0
0
0
0
5
3
5
1
0
1
16
5
0
0
0
0
1
0
46
0
5
1
5
0
0
0
0
0
0
0
5
0
0
5
17
0
0
0
5
1
7
0
0
92
0
0
3
0
5
1
79
0
0
9
1
3
5
1
3
5
0
0
5
7
0
0
0
9
1
5
0
0
3
0
1
9
1
1
1
0
0
3
0
7
1
1
7
1
93
3
1
3
13
1
1
3
5
1
89
8
1
0
9
1
5
5
1
3
1
13
5
0
0
7
3
5
1
1
7
0
1
11
8
4
1
0
1
5
3
13
5
0
9
3
1
1
1
1
1
64
0
0
1
7
1
1
7
1
1
7
1
1
7
5
5
5
5
0
17
0
1
1
7
1
1
7
7
0
1
3
0
7
5
1
0
3
3
5
3
1
0
3
1
1
3
1
1
1
0
5
7
5
48
5
1
0
8
5
7
5
0
1
3
0
0
7
1
9
3
1
1
0
9
3
0
1
11
1
5
1
5
3
3
0
3
7
0
1
8
5
1
1
0
7
1
5
1
1
1
95
5
5
78
0
1
1
1
3
1
0
1
0
1
1
1
0
1
0
15
7
5
86
33
44
26
31
55
34
31
47
33
48
44
34
26
41
33
33
75
44
45
34
36
83
54
44
43
44
42
44
47
35
32
33
30
42
47
33
27
47
32
41
42
45
47
46
45
42
43
45
24
48
33
42
33
43
46
39
33
32
43
33
31
40
31
36
32
47
34
49
33
44
47
45
31
46
33
35
47
46
34
44
46
48
40
49
33
48
43
35
31
37
50
44
45
47
61
34
33
43
41
33
44
49
34
46
48
44
37
49
35
42
31
59
66
44
47
48
34
43
45
60
35
39
28
24
33
31
30
46
47
47
47
34
26
47
39
31
44
34
33
53
47
32
45
29
29
21
26
18
26
27
29
31
29
31
24
32
31
34
27
23
25
45
33
44
38
43
35
38
22
77
29
29
27
31
44
46
31
34
40
42
29
49
31
26
48
44
30
46
33
46
33
19
30
31
36
42
40
35
44
23
35
32
41
34
23
45
37
32
33
31
46
46
47
46
39
31
38
33
33
40
36
30
37
31
33
36
44
31
27
31
42
23
23
33
29
28
36
44
33
24
28
36
33
26
33
23
22
39
41
33
61
40
29
33
43
36
29
33
25
22
56
44
43
33
22
29
31
25
60
41
32
41
32
27
31
31
26
28
29
23
33
25
34
23
42
33
78
4
8
8
2
14
8
8
2
6
10
4
8
0
4
4
8
4
12
2
4
10
10
4
6
4
14
2
8
4
8
8
8
0
6
6
6
6
6
4
2
6
8
8
17
23
10
0
8
2
2
6
4
6
8
4
8
4
4
8
44
14
11
6
10
4
6
10
6
0
2
4
8
6
6
6
2
8
8
4
4
6
8
8
2
4
31
8
8
14
19
8
6
20
18
12
6
8
6
0
8
8
10
4
4
15
6
8
8
6
15
2
4
6
2
20
2
6
4
2
4
4
12
4
10
4
10
6
10
8
4
6
0
2
10
0
19
2
6
8
12
4
10
6
8
8
8
14
10
6
8
12
8
4
10
6
4
8
10
10
14
4
0
12
6
6
20
16
6
12
4
14
4
2
4
10
21
4
52
10
8
6
6
17
2
8
10
8
14
4
2
12
10
8
8
13
10
14
21
20
39
25
41
4
4
12
8
4
6
12
14
10
8
10
8
4
6
10
6
19
8
54
6
4
6
4
4
8
55
4
19
12
8
4
6
29
2
4
17
6
40
8
15
14
21
8
8
8
4
2
8
6
6
2
4
4
6
0
6
6
2
8
2
12
4
0
12
4
4
8
6
8
6
4
4
10
6
10
10
6
10
2
4
2
6
4
8
4
4
