0
6
4
0
4
2
2
11
2
0
0
0
4
0
2
4
2
0
2
0
2
0
4
6
2
0
2
6
0
0
6
0
2
4
2
2
2
4
0
4
4
0
2
0
2
2
4
2
0
2
4
0
4
6
4
2
19
2
2
0
0
2
2
0
6
2
4
0
0
0
2
0
0
0
4
8
2
2
2
0
4
8
2
0
2
2
2
0
2
4
0
0
6
2
0
2
2
0
4
0
0
2
2
4
2
2
2
4
4
8
2
7
4
2
2
4
4
2
2
0
2
2
6
8
2
2
2
4
4
2
4
4
2
4
6
15
6
2
4
2
2
4
2
5
2
2
2
2
0
2
2
6
2
0
0
0
4
4
0
0
4
2
8
0
4
0
0
2
2
6
0
6
0
2
2
2
8
2
4
4
0
2
2
2
0
0
0
4
0
0
0
2
2
4
6
2
8
24
2
10
4
6
8
6
6
4
2
6
4
4
5
2
9
2
4
2
4
60
4
6
4
4
4
4
2
8
2
2
4
0
6
2
0
2
4
0
0
0
4
0
6
6
0
8
2
2
2
0
2
2
0
0
2
0
0
0
4
2
2
2
0
2
0
4
4
0
0
6
0
0
2
0
2
2
0
0
6
2
0
0
0
0
2
0
0
2
0
6
8
6
6
6
5
2
4
0
2
2
0
12
0
2
0
6
2
6
0
4
2
4
0
2
22
8
2
2
2
6
2
0
8
6
2
6
2
4
6
4
4
4
4
4
2
8
2
6
2
4
4
10
10
6
6
4
10
2
6
2
4
4
0
8
6
6
6
2
4
12
8
6
6
2
8
12
5
6
13
6
4
4
4
4
10
8
12
14
16
8
8
8
19
8
4
12
2
20
12
10
8
6
10
10
12
8
16
10
4
8
6
6
4
2
8
12
8
2
8
10
8
8
16
8
6
6
14
10
6
8
12
4
4
8
27
17
12
4
8
11
6
8
4
12
6
8
6
8
10
8
14
17
10
8
10
13
12
6
6
8
10
8
12
6
20
16
12
4
4
4
4
8
4
6
6
14
6
12
12
6
4
12
10
4
8
8
10
14
31
8
8
4
8
16
10
12
6
6
8
10
9
6
16
10
12
8
10
4
11
16
8
5
13
6
14
8
4
6
4
6
8
6
6
12
6
10
8
14
8
8
8
8
6
16
12
16
12
8
6
8
6
4
4
4
4
4
15
10
18
2
6
6
4
6
8
6
6
4
4
12
10
10
10
4
2
4
6
2
4
4
4
6
18
4
2
6
6
4
8
2
51
4
4
4
8
4
4
0
5
74
5
2
39
5
4
3
6
0
4
6
0
3
6
7
73
0
0
0
6
6
6
3
4
7
2
5
96
0
5
2
2
4
3
2
2
0
5
22
3
3
0
55
4
6
4
9
9
16
90
2
2
0
7
14
11
7
6
2
6
12
2
4
2
4
24
6
2
3
2
6
9
4
2
4
7
6
2
5
12
2
7
2
5
6
5
9
10
6
9
4
5
2
5
5
5
9
7
11
11
10
6
4
9
4
6
7
9
2
9
8
4
4
10
4
5
6
10
4
23
8
6
2
7
7
12
4
2
77
3
23
64
3
4
8
5
10
31
7
5
7
5
4
4
3
5
3
5
41
3
39
7
7
3
7
5
7
4
38
6
7
29
6
5
7
15
9
16
8
6
4
9
12
8
4
7
3
11
13
6
57
8
7
7
10
26
4
6
5
7
12
4
5
11
6
4
20
6
9
9
15
23
6
9
13
58
4
4
5
5
9
5
7
14
6
7
5
7
12
49
3
9
2
36
9
1
5
10
6
2
4
39
6
7
1
3
4
7
16
20
7
74
17
3
52
2
4
3
4
5
10
4
4
4
4
4
2
41
2
81
41
6
3
8
6
82
6
4
67
43
2
9
20
2
8
3
4
4
82
4
7
36
5
5
8
4
9
43
22
28
13
7
28
15
27
17
31
50
41
17
13
15
19
35
39
33
22
17
17
19
69
33
19
19
17
44
11
18
39
26
35
24
33
7
20
26
26
33
39
19
13
20
37
43
26
15
43
13
26
26
37
50
15
20
17
46
33
29
11
39
37
55
35
31
11
28
32
24
37
37
13
19
32
18
15
30
13
18
39
22
11
50
24
28
13
19
19
37
26
18
24
9
35
59
24
11
22
13
15
18
9
59
38
24
30
42
37
20
13
39
35
28
19
20
17
56
20
17
6
20
28
15
20
13
57
13
33
20
35
17
15
20
15
6
18
13
11
35
39
22
9
41
19
19
22
26
43
24
50
15
19
6
26
50
43
18
37
44
15
26
28
17
35
46
11
20
22
13
15
35
62
52
18
55
35
15
26
44
33
64
56
13
54
32
30
37
39
31
31
52
30
17
26
29
56
17
11
50
13
13
17
31
28
31
17
20
30
54
20
13
15
18
11
31
37
24
39
46
15
48
11
35
28
28
43
17
24
26
15
45
37
31
13
24
26
17
43
26
11
41
37
28
54
35
15
58
28
9
13
19
30
32
33
15
17
33
6
19
28
13
11
11
24
13
22
17
33
13
61
32
41
15
24
22
30
28
26
24
24
22
20
19
13
26
24
15
15
17
19
15
15
15
78
19
23
6
19
15
13
6
4
19
19
10
15
21
6
10
17
8
10
8
17
6
17
17
17
8
25
15
23
15
35
14
15
11
12
21
15
15
21
13
6
15
21
17
8
8
24
17
21
23
4
8
25
79
10
12
19
16
15
10
12
12
17
39
19
12
12
12
6
14
29
10
10
15
25
17
21
4
13
13
14
14
15
12
10
12
4
17
10
10
6
27
17
29
13
15
15
12
12
15
10
10
48
17
21
23
21
33
8
23
15
11
6
58
23
10
10
10
17
9
12
17
27
27
15
14
17
10
21
14
10
23
12
21
17
12
13
31
27
23
6
14
10
29
39
12
19
27
10
14
17
14
27
23
44
6
38
21
42
17
13
19
10
14
15
29
10
8
37
13
15
15
10
27
35
8
38
25
6
19
8
17
19
21
17
37
12
21
15
12
15
19
15
29
29
21
32
17
14
21
12
15
25
23
23
17
27
18
37
10
17
8
29
19
15
23
40
19
4
35
23
19
35
8
8
23
27
13
15
17
21
37
6
31
12
25
33
6
46
21
10
25
27
25
6
27
12
10
15
29
31
23
19
37
11
23
10
8
15
17
33
17
11
25
11
27
10
6
12
8
12
23
27
23
6
12
25
4
15
23
12
4
0
2
4
2
0
0
0
2
6
4
2
2
2
6
6
4
0
4
4
2
0
0
4
2
4
4
6
4
8
7
6
6
4
2
2
4
2
0
6
6
6
0
6
2
6
2
4
6
4
2
0
0
0
4
6
4
4
4
2
4
6
2
4
0
6
6
4
6
6
6
4
2
4
4
4
4
2
4
2
4
4
6
4
0
6
0
4
4
2
2
4
6
0
4
6
0
0
6
0
4
0
2
2
0
2
2
2
0
2
2
0
2
4
0
2
0
0
6
6
2
4
2
6
0
6
4
2
4
8
2
2
0
2
2
4
0
2
4
6
6
0
2
4
0
0
2
0
0
2
0
2
4
2
4
8
0
0
2
2
4
4
4
2
0
6
0
0
6
6
0
6
2
6
8
2
4
4
4
2
2
0
2
2
4
2
4
4
6
0
2
0
4
4
2
2
4
4
6
4
2
2
2
0
0
4
6
6
6
0
0
0
6
2
2
0
6
2
0
4
2
0
8
0
2
0
6
6
0
0
0
0
4
4
2
2
8
0
2
4
2
4
2
2
4
8
0
4
4
0
0
0
0
0
0
2
4
2
0
2
2
0
4
6
6
2
8
0
4
6
4
2
2
2
2
2
8
0
8
0
4
6
0
6
4
4
6
2
0
2
2
2
0
0
0
2
2
2
4
2
0
0
2
2
2
2
0
0
0
2
0
2
0
2
4
4
0
5
4
0
0
2
2
2
4
4
0
0
0
0
0
2
2
2
2
2
2
0
2
2
2
0
2
0
2
2
2
0
0
0
0
4
0
0
2
0
0
4
2
0
0
2
0
0
0
2
0
0
0
2
4
0
2
0
2
4
0
0
0
0
4
2
2
2
0
0
2
0
4
2
9
0
2
2
4
0
0
2
2
2
4
4
0
2
0
4
2
0
0
0
2
2
2
2
4
0
2
0
4
2
0
0
0
0
2
0
2
0
2
2
0
0
0
0
2
4
2
2
4
2
2
0
2
2
2
0
2
0
2
0
0
2
4
0
13
4
2
4
0
2
2
2
0
0
0
2
0
2
0
0
0
2
4
0
0
0
2
4
0
2
0
0
2
0
4
0
0
2
0
0
2
0
0
0
0
0
2
2
2
0
0
2
2
2
0
2
4
2
4
2
0
0
0
0
0
2
2
0
0
6
4
4
0
2
2
2
2
2
2
0
2
0
0
4
2
0
4
2
0
2
2
0
2
0
2
2
0
0
0
2
2
2
2
0
2
4
2
2
2
0
2
2
0
4
2
2
0
4
2
4
0
4
2
0
2
0
12
12
20
14
10
14
10
6
16
22
10
18
6
8
10
16
10
32
12
18
8
16
4
10
10
8
22
12
4
14
4
18
12
6
8
16
24
4
20
14
14
12
26
20
16
12
16
20
26
14
12
22
16
22
14
16
14
10
24
16
22
6
14
14
14
4
10
4
18
16
4
20
20
14
16
12
16
8
20
24
18
10
18
24
10
20
8
18
8
18
22
12
14
20
8
20
14
12
8
14
12
8
20
16
14
12
16
14
14
10
24
10
20
12
12
10
12
12
16
14
14
14
12
16
20
18
6
16
8
20
14
12
14
20
10
12
16
22
10
14
26
8
10
14
18
20
30
10
18
14
0
10
8
16
4
24
12
16
14
12
18
12
18
18
16
16
22
26
14
12
8
12
12
22
16
10
10
18
20
10
10
10
6
12
10
14
12
12
6
16
8
20
14
10
16
12
10
8
16
16
12
4
6
12
12
14
16
18
14
12
12
26
16
8
10
4
10
14
18
12
10
2
8
16
10
6
10
12
14
18
16
18
14
14
18
24
14
16
26
22
18
18
6
10
14
10
8
22
12
18
12
16
8
24
6
22
12
16
8
18
14
2
18
16
10
6
8
20
8
14
14
6
18
22
12
10
6
6
14
18
16
24
18
14
20
8
4
8
0
0
6
2
0
12
8
0
4
4
0
6
0
0
4
0
6
2
4
6
2
0
8
6
2
0
4
2
4
0
0
4
0
0
10
4
8
2
4
8
4
0
2
0
6
0
6
2
0
2
0
2
0
2
0
2
2
0
0
0
0
6
6
2
0
6
6
0
4
4
0
0
0
0
6
2
4
0
0
0
4
0
0
0
0
2
0
2
2
8
8
6
4
6
0
4
4
6
2
8
4
0
0
0
8
6
0
0
0
69
2
2
6
2
0
2
8
0
2
0
8
2
2
4
6
0
6
2
2
8
6
0
8
0
6
0
4
2
74
0
0
8
0
4
10
0
0
2
0
10
4
0
2
0
6
0
0
4
0
0
0
2
10
2
6
6
2
0
0
0
2
4
6
0
4
10
2
14
0
4
0
0
4
4
0
0
0
0
0
0
8
2
2
6
0
0
15
6
6
6
92
0
2
4
2
0
0
0
2
6
0
0
6
0
4
4
0
0
0
0
0
0
2
0
0
0
2
0
53
4
6
2
0
2
4
4
0
8
0
0
4
0
10
2
12
2
6
0
2
0
0
0
4
2
2
80
0
2
2
2
2
2
0
0
2
0
8
2
43
8
0
0
0
4
4
0
2
6
6
4
2
91
0
2
0
2
2
0
0
2
4
2
2
0
0
4
0
2
0
0
0
2
2
2
0
15
0
2
0
0
0
2
2
2
2
2
6
15
2
0
2
2
5
0
0
0
0
2
0
0
0
6
2
0
0
0
2
0
0
0
2
0
0
2
0
2
4
2
2
2
2
0
0
2
0
2
2
8
2
0
2
2
0
2
2
2
2
2
2
0
2
0
2
2
2
0
2
0
4
2
2
2
2
4
15
0
0
2
0
2
0
2
2
2
0
0
4
6
0
2
0
4
4
2
6
0
0
0
0
0
0
2
2
0
0
2
4
4
0
2
2
6
2
2
0
2
7
6
2
6
2
0
11
2
2
3
2
2
2
0
2
0
2
2
2
2
0
2
4
2
0
0
4
0
4
2
2
4
0
2
0
0
0
4
0
0
4
0
4
2
0
0
2
2
0
2
2
0
0
2
4
2
0
0
0
0
0
11
4
4
0
4
2
0
0
2
0
2
0
0
0
4
2
0
0
2
0
0
0
0
2
2
11
0
2
0
0
4
2
2
2
0
2
2
4
0
0
4
0
0
0
0
4
0
0
0
2
0
4
0
0
0
2
2
0
2
0
0
0
0
2
0
0
0
0
2
0
0
2
2
2
2
0
0
4
0
0
0
8
2
0
0
0
2
0
8
