6
5
7
3
6
23
22
7
47
5
4
29
9
5
10
7
6
7
4
20
7
10
12
6
5
37
6
4
7
8
3
7
50
15
9
25
4
5
7
10
18
24
11
16
8
5
9
57
5
7
67
16
7
42
10
5
2
15
6
7
9
6
14
17
5
7
9
7
5
13
10
10
9
3
6
7
9
7
8
7
9
9
11
8
9
7
57
9
9
16
5
7
37
7
10
2
9
30
4
7
12
6
9
7
7
11
13
7
5
10
11
11
7
74
5
5
50
13
2
17
7
7
9
15
7
44
34
7
3
11
12
8
48
23
4
14
11
80
7
10
21
4
5
55
9
7
5
15
8
9
7
19
8
11
9
5
3
55
10
7
7
6
9
8
10
16
9
49
25
4
16
7
5
13
5
7
4
9
20
6
5
8
8
10
11
10
36
22
6
7
7
11
7
14
11
7
5
77
5
9
11
9
10
14
9
12
9
11
10
7
5
5
17
59
11
30
11
7
7
23
9
12
16
10
10
14
9
4
12
4
20
7
14
5
9
8
5
5
7
3
4
5
4
5
3
7
18
42
7
7
51
10
11
4
7
7
11
5
8
8
13
5
5
11
16
22
5
40
7
8
13
9
12
8
9
6
4
8
14
8
13
2
5
4
7
6
21
5
2
4
4
4
3
4
2
2
4
4
2
4
4
2
45
2
6
13
8
0
0
0
0
2
0
13
4
4
0
4
2
2
6
6
0
2
4
4
4
2
17
4
6
4
2
32
4
4
4
4
2
6
2
53
2
2
46
4
4
2
4
2
2
4
4
2
0
41
2
4
2
2
6
0
6
4
0
4
47
0
6
4
2
6
2
6
4
4
2
2
0
23
6
4
0
2
2
2
0
2
4
0
0
22
4
0
4
6
0
2
8
0
2
2
0
0
0
4
0
27
4
0
2
4
2
4
6
2
4
0
2
0
6
38
2
2
0
4
62
4
4
2
30
2
2
0
2
2
2
12
2
0
2
2
17
2
6
2
4
47
2
0
4
2
2
4
4
2
8
0
2
49
4
0
2
2
2
4
4
0
2
2
2
4
0
2
4
2
0
2
0
2
2
2
4
4
2
4
0
2
2
0
2
0
51
0
4
2
0
4
2
2
2
6
9
2
2
8
0
4
4
0
6
4
0
0
2
2
0
2
4
4
2
27
2
2
2
6
2
2
6
4
2
6
4
28
4
2
2
17
4
0
4
4
0
6
6
4
4
8
0
4
4
12
4
2
4
10
29
2
2
7
0
0
6
4
4
2
6
8
0
4
0
3
2
0
2
4
68
60
36
49
55
56
40
39
56
63
60
82
29
75
55
62
32
46
38
17
47
33
66
46
50
19
45
31
31
50
14
60
30
71
25
86
52
20
30
50
91
42
50
30
59
34
47
52
30
24
52
27
47
46
48
22
54
25
24
64
40
60
29
21
51
55
45
42
47
46
46
78
47
68
65
40
60
59
47
31
55
80
48
59
46
53
63
37
34
68
53
32
77
54
48
28
50
69
74
84
26
47
69
26
45
62
46
54
68
69
65
48
34
45
48
83
51
48
41
45
70
45
46
46
50
57
47
19
48
42
69
50
80
38
67
45
55
62
71
54
71
58
46
49
57
62
54
54
34
40
54
50
55
64
78
79
58
58
60
50
62
40
64
16
59
41
55
78
65
49
58
70
34
43
53
24
70
61
50
44
35
64
70
61
50
47
64
18
76
65
66
59
48
56
43
65
64
45
46
30
48
51
59
57
48
61
56
46
25
40
34
43
35
36
43
39
23
40
37
56
26
25
20
38
51
48
50
25
14
32
31
43
31
25
36
23
25
31
36
37
5
37
27
17
21
32
32
21
33
44
42
35
33
42
12
32
34
13
20
11
11
21
15
17
5
10
3
5
7
12
8
6
12
5
3
18
5
9
11
3
18
10
15
6
9
13
30
19
3
8
4
3
3
4
6
3
4
6
3
7
7
8
6
6
4
4
8
6
4
6
3
8
4
6
6
8
9
6
4
6
6
4
6
8
4
6
8
4
6
6
5
6
3
7
3
6
5
5
5
4
6
8
7
4
7
4
7
6
3
6
4
1
1
7
5
6
6
6
6
4
6
3
6
4
7
6
6
6
4
6
0
6
3
4
9
6
6
5
7
6
7
8
4
5
4
8
4
5
4
6
7
8
5
3
6
7
7
6
4
5
6
3
6
4
4
4
8
4
6
4
7
2
9
8
4
5
6
6
4
7
6
5
6
7
8
4
4
4
3
5
3
6
3
4
6
1
6
6
4
4
7
9
8
7
2
8
9
6
7
9
8
3
7
7
4
5
5
7
5
2
7
5
4
7
5
4
7
6
6
5
5
4
6
4
6
5
5
4
5
3
5
6
5
2
5
0
5
6
8
5
5
4
4
4
4
9
5
3
6
5
5
2
8
5
4
6
7
4
6
5
3
4
6
5
5
5
5
6
6
6
6
6
4
4
8
4
5
8
4
2
5
5
7
5
8
7
3
4
5
3
6
5
6
10
4
9
6
6
3
5
5
9
7
6
3
6
4
5
7
4
4
6
6
3
6
5
4
4
3
8
10
6
6
7
4
5
0
1
1
1
1
3
6
3
1
3
3
78
1
9
11
1
5
1
8
1
3
3
1
1
6
1
1
9
13
1
5
7
7
5
1
3
1
1
3
1
9
8
1
1
1
1
7
9
1
0
3
0
7
0
1
5
1
3
3
7
1
1
5
3
7
1
3
7
3
1
1
3
3
3
9
1
3
7
7
5
9
11
3
1
1
3
3
1
3
1
13
5
5
0
1
9
1
3
3
0
1
11
6
1
16
1
1
1
20
1
3
1
3
6
1
5
0
1
1
1
1
7
0
7
7
1
1
9
3
0
1
1
5
5
0
0
11
1
1
1
0
1
0
5
1
11
0
3
0
5
3
1
0
9
1
3
1
1
5
7
5
0
3
5
3
5
1
1
1
1
3
7
5
3
1
3
1
5
0
0
3
1
7
3
1
1
0
5
0
5
1
1
1
1
3
3
0
0
3
5
5
6
3
7
65
1
1
0
0
1
3
3
3
0
1
1
1
7
1
7
5
9
7
1
3
3
3
0
84
3
1
5
19
7
9
5
1
11
5
1
7
1
88
7
3
0
0
1
5
5
5
3
8
7
22
1
7
7
7
5
3
7
1
0
1
0
5
3
0
0
1
5
0
5
5
3
1
5
14
11
1
7
3
7
5
7
6
7
0
0
2
0
4
4
0
4
7
4
2
2
9
4
4
6
0
4
6
2
0
2
2
0
2
0
2
2
0
6
4
2
4
6
0
2
5
0
6
4
10
2
4
2
4
0
2
2
0
4
0
0
4
0
0
2
0
0
2
2
0
4
2
0
0
4
4
4
0
0
0
4
0
4
0
0
0
2
0
0
0
0
0
0
0
0
2
0
2
4
2
0
0
2
0
0
2
2
0
4
4
4
2
0
6
0
0
4
6
0
2
0
0
2
2
4
2
2
2
0
2
4
2
0
2
0
4
4
4
0
0
2
6
0
0
0
0
4
2
0
2
4
4
0
6
2
0
4
0
2
2
2
2
4
2
2
0
2
4
4
2
4
4
6
8
2
6
4
0
0
2
0
2
6
2
8
4
2
4
8
0
4
4
0
0
4
2
0
0
2
6
2
4
0
0
0
2
0
0
2
0
0
0
6
2
0
0
0
2
2
0
6
0
0
0
0
8
6
0
6
4
6
0
0
4
0
2
0
4
4
2
4
6
0
5
4
6
0
4
0
4
15
2
6
4
0
2
2
4
4
0
4
2
4
4
4
8
4
2
0
0
6
0
0
4
5
0
6
0
0
0
2
12
2
4
2
2
2
4
4
2
2
0
0
0
0
0
0
4
2
2
0
4
0
0
8
6
0
2
2
2
0
2
2
0
2
4
2
0
0
0
0
4
14
6
6
0
6
0
0
0
4
2
0
0
12
0
0
14
0
4
0
2
0
2
2
4
14
0
0
4
0
2
2
14
2
2
0
6
4
2
0
2
0
0
4
0
6
14
4
0
0
2
0
0
4
2
4
0
4
2
2
2
4
0
2
0
2
6
2
2
2
12
0
4
16
0
2
0
2
0
2
4
4
8
0
2
0
0
0
0
6
13
2
0
2
0
4
4
2
0
0
2
0
2
8
2
0
0
6
4
2
4
2
4
4
2
0
2
4
2
0
2
2
0
4
16
2
0
2
0
2
2
0
0
2
2
0
2
10
2
2
0
4
4
6
0
2
0
0
4
0
2
0
0
2
0
4
14
2
10
13
4
0
2
0
2
2
4
2
2
12
2
4
4
0
0
0
2
4
6
6
2
2
2
0
2
2
2
0
0
0
0
0
2
2
0
0
6
6
0
2
0
4
6
2
4
0
2
0
2
4
2
2
4
0
2
4
0
4
2
2
0
2
4
0
2
0
0
4
2
0
0
10
0
2
2
4
0
0
4
4
0
0
0
4
2
0
4
6
10
0
6
4
4
12
4
0
0
2
4
0
4
4
0
4
6
3
7
3
7
3
4
5
4
3
2
5
2
2
3
6
8
8
9
3
8
5
8
3
4
5
1
3
9
2
3
6
1
6
5
4
11
4
5
4
8
4
17
12
4
7
3
12
4
7
3
5
12
6
10
9
4
8
12
7
8
6
11
7
5
9
8
7
10
8
6
7
11
6
9
9
6
13
12
13
16
2
1
8
5
3
4
6
9
6
7
8
11
7
7
4
5
4
11
13
7
4
9
11
16
18
6
4
2
5
4
3
13
9
7
14
6
5
6
7
9
7
6
8
8
10
9
4
7
11
5
6
9
4
5
7
10
11
3
3
7
9
1
2
11
7
26
7
12
18
9
13
12
9
8
5
6
6
15
9
9
8
8
7
9
5
9
5
3
10
3
5
12
8
10
4
10
12
1
4
6
5
11
7
11
6
13
14
10
10
9
6
5
9
12
11
8
9
12
13
13
14
9
5
8
9
10
8
4
7
9
9
12
14
16
7
6
4
5
14
7
9
4
16
10
10
8
9
6
9
5
9
9
4
7
5
5
5
7
3
7
7
14
7
6
6
12
13
7
10
8
10
11
11
9
9
8
10
8
14
8
13
9
8
5
8
3
14
8
11
9
9
12
8
6
6
7
4
9
6
6
5
13
3
13
9
4
7
12
4
6
8
6
10
8
8
8
8
6
6
10
8
2
8
8
6
8
6
6
8
16
8
16
37
8
8
6
10
14
8
10
10
14
18
2
6
12
4
8
18
12
12
6
6
16
8
10
0
0
8
12
8
18
4
20
10
10
8
22
14
8
10
14
10
8
10
8
14
16
12
14
14
2
8
18
8
12
4
8
12
10
25
14
16
18
8
10
8
10
11
14
8
18
20
16
18
10
10
16
8
18
14
12
22
14
12
8
18
18
29
10
14
12
10
8
6
12
12
12
35
8
14
22
27
8
16
22
20
12
4
6
10
16
8
6
10
4
2
6
4
12
10
8
4
10
6
4
10
8
6
14
4
8
8
12
6
8
10
8
6
4
6
8
8
12
8
12
6
6
8
6
6
6
4
10
10
8
6
2
4
8
4
4
6
2
6
8
2
2
12
4
8
8
12
10
2
10
8
6
10
4
12
16
24
16
24
16
20
16
22
12
20
25
10
12
10
18
16
14
14
10
22
10
31
24
18
25
39
23
53
10
10
27
37
12
12
16
6
35
27
10
12
10
16
20
16
10
22
12
20
12
16
14
20
8
10
12
2
18
18
24
20
16
6
8
10
12
10
18
8
22
6
10
12
20
2
2
6
6
6
24
4
6
6
10
6
2
6
4
6
43
4
6
4
2
0
6
8
2
2
2
29
6
4
4
24
2
6
4
2
2
2
4
33
43
4
2
4
0
12
4
27
4
29
2
2
2
4
4
6
0
2
4
37
2
41
43
6
2
0
0
2
2
4
2
0
2
4
2
2
4
2
2
2
4
6
27
6
2
4
2
2
4
2
12
2
29
2
4
2
0
2
2
2
0
2
2
2
0
0
0
0
4
2
6
6
6
2
2
4
2
2
2
4
0
4
2
2
2
6
4
4
0
2
2
0
2
2
2
2
2
4
4
2
4
8
0
4
0
6
6
76
6
2
4
2
4
2
2
0
4
4
16
0
31
2
4
6
4
2
0
2
2
4
6
2
0
0
4
6
2
0
18
4
2
4
4
4
39
2
2
4
2
4
4
4
2
0
2
2
4
2
2
4
2
4
4
4
2
2
10
4
6
12
4
2
4
2
2
2
4
2
2
4
2
4
2
4
4
2
0
0
4
12
2
2
2
6
2
8
4
2
2
2
4
2
4
2
2
2
4
2
4
0
2
2
23
2
2
0
0
2
2
4
4
41
2
4
4
6
2
2
2
4
4
2
6
39
18
4
2
10
6
2
2
2
2
2
2
2
2
2
4
6
0
2
2
4
0
6
2
4
0
0
