0
2
4
4
4
0
4
2
2
4
6
0
2
6
2
0
4
2
4
4
2
2
2
4
0
0
0
10
2
2
8
2
4
0
6
4
0
4
2
4
0
6
2
0
2
6
63
2
4
11
4
2
2
4
2
12
4
4
2
2
2
11
4
4
2
0
2
0
2
2
4
0
2
0
2
2
6
2
51
2
4
4
2
2
2
4
4
4
2
8
6
4
4
2
0
0
2
0
6
2
2
2
4
2
0
0
2
6
0
0
2
2
4
2
0
4
2
2
4
0
4
0
2
4
2
2
4
4
6
2
7
0
6
4
0
0
4
0
4
4
2
2
8
6
2
4
0
0
0
2
4
8
6
0
0
2
0
4
0
2
4
4
0
6
2
2
48
4
4
2
0
6
0
6
2
2
0
4
4
2
6
6
2
2
0
4
0
2
0
0
2
2
2
4
0
0
0
0
4
6
2
0
4
2
0
4
6
2
0
4
0
0
2
0
0
0
2
4
2
2
2
0
6
2
0
2
0
0
8
0
2
0
0
6
8
2
0
0
0
0
0
4
0
0
2
2
0
0
2
0
0
6
4
0
2
0
0
2
4
4
0
0
0
6
44
2
2
2
4
0
2
0
2
2
0
0
2
4
2
2
0
4
6
6
2
2
2
2
14
19
6
10
2
6
11
6
2
4
2
4
8
9
2
8
7
6
2
2
2
7
15
4
0
8
6
6
10
4
6
6
12
6
11
6
4
4
2
8
8
6
13
10
2
8
7
13
8
19
8
11
17
6
10
8
8
21
6
8
6
6
10
8
6
13
12
19
13
14
11
16
12
16
6
17
15
15
20
13
15
13
10
15
12
13
8
8
21
17
8
16
14
8
19
23
8
27
23
15
13
13
12
19
10
12
18
10
8
23
15
21
19
10
17
2
9
4
11
13
4
6
6
6
4
8
12
6
8
13
4
8
8
6
4
4
0
2
4
4
4
6
8
12
4
9
6
17
4
6
12
4
8
2
10
8
7
7
14
10
2
4
10
9
2
4
6
4
2
6
2
8
6
13
11
4
2
4
8
8
4
4
6
2
4
13
8
6
8
11
10
6
6
8
13
10
6
8
4
6
2
4
4
6
9
4
15
4
8
6
13
2
4
6
4
6
12
8
4
8
11
6
5
8
6
2
4
8
11
2
4
6
2
12
5
4
7
4
10
2
4
12
10
6
8
10
4
6
6
4
7
8
8
8
6
2
2
11
13
4
8
5
0
8
4
6
2
6
10
4
6
4
0
4
8
10
7
20
2
9
10
10
2
4
4
8
2
8
6
2
4
4
4
2
0
4
0
6
2
2
4
31
0
4
0
2
0
2
4
4
12
0
2
2
4
6
6
0
0
6
0
0
0
0
2
0
27
2
4
0
8
4
6
2
0
0
4
4
4
0
4
2
4
0
6
2
6
0
0
2
4
4
4
0
0
4
6
6
2
10
4
8
8
4
0
65
4
2
4
4
4
0
4
2
6
17
25
2
2
0
2
2
0
4
4
2
4
2
0
4
0
0
8
4
0
8
8
2
8
4
4
4
4
4
2
4
0
4
0
4
17
21
6
2
2
6
4
0
4
2
2
4
4
4
0
2
6
6
8
41
2
2
4
4
2
4
4
0
4
4
0
0
0
2
2
2
4
4
6
6
7
2
0
6
8
4
4
0
0
2
2
0
0
2
2
4
2
3
6
2
2
2
2
0
71
4
2
2
2
6
2
10
2
6
2
4
4
2
0
4
0
4
6
4
4
2
6
4
0
0
8
4
6
8
4
8
2
2
2
2
0
4
2
2
0
2
8
6
0
7
6
2
4
4
0
0
2
2
4
0
2
0
4
2
2
2
0
9
8
16
4
18
0
2
2
2
2
0
0
6
4
0
6
0
0
2
3
4
0
0
0
2
6
2
4
4
0
0
2
2
0
0
2
4
4
2
9
4
6
4
10
7
6
5
16
8
8
6
8
2
19
6
6
7
8
17
5
8
6
8
6
2
15
6
4
11
5
6
4
4
6
20
8
10
7
6
6
9
38
5
8
10
7
6
4
4
2
17
4
4
5
8
16
24
11
6
7
5
9
23
14
6
4
7
6
27
6
15
10
7
28
7
7
7
9
5
8
7
10
5
6
8
7
7
9
22
15
10
11
13
7
7
11
22
5
5
10
7
24
9
20
7
8
15
11
4
7
10
20
7
10
7
7
11
10
6
17
12
10
23
4
9
11
14
9
13
10
11
10
5
11
10
11
9
11
10
9
9
20
10
10
7
13
7
7
9
10
10
6
13
13
10
9
12
15
8
12
18
9
13
8
7
2
4
5
2
5
5
5
12
4
9
5
7
7
8
7
3
16
5
11
15
31
9
5
7
13
5
10
7
6
10
10
4
7
5
12
5
5
39
4
4
9
7
7
5
3
5
5
5
9
3
9
18
7
7
7
4
7
7
4
8
2
6
9
3
6
8
3
8
4
6
7
15
5
7
7
5
10
4
6
7
9
4
3
7
6
6
6
2
3
4
7
8
5
5
5
3
5
12
3
2
2
6
11
5
5
4
7
6
5
5
2
4
6
2
5
6
13
9
6
4
3
5
15
11
10
8
10
23
8
21
13
27
12
17
12
15
8
21
17
10
31
23
14
25
19
17
19
17
19
17
25
19
23
14
11
27
33
12
6
17
19
8
14
6
10
12
8
12
12
23
19
23
6
6
10
12
14
23
8
4
14
6
23
14
6
8
25
10
10
15
13
15
21
15
17
13
19
8
23
12
10
17
23
21
27
15
13
27
15
17
15
12
12
12
17
8
29
12
19
29
25
17
21
12
27
27
21
10
19
15
19
33
13
41
25
23
21
19
23
17
14
33
42
21
19
15
31
23
31
21
27
19
31
11
27
12
21
25
12
10
68
15
13
17
27
21
33
31
19
21
15
25
21
19
29
19
23
15
31
31
13
31
12
14
6
35
8
33
27
25
14
29
12
31
23
27
25
15
15
21
15
52
27
19
15
27
31
15
21
36
27
27
19
33
12
23
23
23
21
25
17
34
13
15
15
25
23
25
31
19
29
25
21
17
44
13
21
23
35
25
12
31
31
15
27
25
31
25
15
27
89
12
10
8
37
15
8
31
14
36
19
27
17
29
12
19
10
29
15
10
14
33
13
19
17
27
12
12
25
25
10
25
29
17
19
21
27
25
21
15
23
31
15
17
10
10
21
15
15
21
13
33
15
13
52
21
10
23
31
17
49
48
49
48
48
47
52
48
47
49
47
51
49
49
29
49
47
51
47
51
47
51
49
45
44
46
47
0
51
48
0
49
49
51
45
49
49
51
49
46
51
51
49
53
49
39
49
49
49
47
49
49
47
54
47
47
49
49
47
49
51
45
47
29
47
51
48
49
49
49
47
49
52
47
49
47
49
51
49
45
49
49
49
49
51
49
49
49
51
51
33
49
47
49
45
47
47
49
49
47
49
51
53
45
49
49
49
49
47
47
47
49
49
47
96
49
51
51
45
49
51
49
49
45
49
49
49
49
49
49
0
49
47
49
53
49
49
51
49
53
47
49
45
47
48
49
47
49
49
47
49
31
45
49
49
47
49
47
47
29
39
48
53
49
49
49
47
45
49
51
49
51
47
47
47
49
48
47
51
47
47
51
51
49
51
47
49
41
47
47
49
47
51
49
49
47
49
49
94
49
96
49
49
51
46
49
53
47
51
53
93
51
49
45
51
49
49
49
49
49
49
49
49
49
45
47
47
49
51
51
51
97
49
49
47
49
45
39
48
51
49
49
49
51
51
85
47
51
47
45
49
49
49
49
45
45
49
49
49
49
43
49
47
51
51
50
51
49
49
46
0
49
51
49
45
49
49
51
51
49
0
51
49
46
49
51
51
49
9
6
8
4
5
8
12
4
5
4
9
6
5
8
3
3
3
3
5
5
5
2
3
3
2
4
5
6
5
2
0
3
4
2
4
4
4
12
4
3
3
3
6
10
5
4
5
3
4
4
5
6
5
4
8
2
6
4
6
5
2
3
6
4
3
5
5
5
6
13
5
5
4
7
5
7
2
4
4
6
13
11
6
4
4
6
10
7
3
3
5
5
10
4
4
3
6
7
7
4
5
2
3
5
4
7
4
7
4
6
8
9
1
3
7
13
5
3
3
3
4
7
12
16
4
7
6
4
6
5
9
3
5
3
3
4
3
4
5
5
3
4
3
4
5
6
3
2
3
4
3
5
4
3
4
4
3
5
6
4
2
2
4
5
3
7
3
4
3
10
8
5
5
3
3
7
6
16
7
9
6
15
12
31
18
11
31
33
2
11
18
18
22
26
30
20
18
18
7
6
15
19
30
14
20
24
33
28
21
9
7
29
13
34
20
25
35
16
8
8
9
10
6
7
9
10
13
9
5
11
7
8
7
8
12
7
10
9
6
11
2
15
16
34
15
5
6
8
12
4
4
8
13
11
10
14
8
9
10
8
9
4
5
9
9
8
7
5
12
3
5
12
3
9
12
5
7
8
12
7
9
6
12
7
13
20
14
8
15
11
11
11
14
11
11
20
18
18
11
13
19
17
9
5
5
7
6
9
11
7
7
26
7
13
9
6
15
11
7
16
2
11
11
15
9
11
4
4
14
9
14
11
7
8
40
4
8
16
11
9
20
4
15
15
15
15
17
11
9
10
13
16
15
17
6
11
8
6
25
9
11
9
13
11
16
7
12
16
7
7
12
18
9
22
11
15
34
19
11
13
9
11
15
11
12
13
14
6
24
11
20
23
15
20
15
11
17
16
24
18
13
28
13
21
32
11
22
31
21
18
26
18
25
39
17
20
26
14
35
15
29
22
24
13
19
17
13
19
9
15
18
15
6
15
14
11
14
16
16
17
15
23
13
11
11
17
29
19
22
20
13
11
20
20
17
17
13
21
20
16
30
20
17
7
18
17
17
21
13
13
22
13
18
26
25
26
23
23
8
13
19
15
23
14
13
22
24
27
16
21
27
18
20
15
25
25
26
22
21
35
9
9
32
22
26
29
17
25
22
15
37
16
11
11
9
15
13
15
18
21
17
15
9
17
20
20
17
6
17
16
22
15
12
7
24
11
11
9
9
15
7
19
15
13
32
13
13
11
20
7
6
16
9
9
19
6
15
9
2
4
7
2
5
8
9
7
2
7
15
9
7
2
4
4
2
4
9
2
6
6
6
7
6
6
13
7
6
6
7
7
6
4
7
7
6
7
2
6
9
7
11
2
4
7
7
6
4
4
6
11
6
6
4
7
4
4
2
6
5
7
7
6
6
11
6
7
9
7
11
11
6
6
11
9
15
19
6
11
11
13
17
11
11
6
6
7
9
9
15
9
7
6
6
6
11
9
4
6
6
11
7
6
15
4
4
4
6
6
9
6
11
11
9
4
6
7
7
6
9
6
11
7
9
11
9
2
6
15
6
7
4
7
11
13
13
9
15
4
18
6
13
9
11
7
11
9
9
4
11
7
7
11
11
17
13
19
7
11
7
9
9
9
6
9
7
9
6
6
7
11
7
7
9
6
7
7
9
15
9
11
11
9
11
13
7
6
13
11
11
9
11
6
6
13
17
6
9
11
19
9
7
9
7
6
7
9
13
9
15
21
9
20
13
6
15
17
19
19
6
13
4
15
9
11
2
9
6
11
17
6
9
6
6
9
4
11
13
7
19
9
9
11
9
9
4
15
6
6
4
2
9
6
2
9
11
11
6
7
11
13
9
6
9
6
2
7
6
7
9
4
6
4
6
4
13
6
6
7
4
9
6
7
4
11
4
6
6
4
6
4
7
15
7
2
7
7
2
7
6
4
4
7
6
4
5
9
9
5
10
7
5
13
21
18
5
34
1
3
3
38
3
3
7
5
7
5
7
3
34
3
12
5
15
5
37
5
29
7
7
11
17
3
9
5
3
5
7
5
23
5
35
5
5
55
7
5
7
29
3
5
5
5
13
5
58
9
23
11
9
32
32
9
5
19
9
7
27
45
3
10
5
5
15
35
3
7
50
13
5
13
43
1
3
52
5
3
3
20
5
3
13
1
1
1
32
5
5
1
17
28
39
37
22
9
7
7
5
5
9
9
7
25
5
5
20
5
9
5
55
7
13
5
11
55
29
7
29
3
7
7
7
9
1
0
5
1
14
3
0
9
11
1
5
3
3
3
1
0
3
9
23
5
3
14
5
3
13
3
1
11
3
3
3
3
0
36
3
5
24
5
1
7
5
1
3
11
3
15
16
5
11
9
5
3
1
7
1
3
3
0
3
5
3
9
0
1
3
9
3
22
24
5
3
5
19
11
1
1
1
5
35
3
1
9
5
3
0
7
3
3
3
3
1
1
9
9
3
3
7
40
32
7
3
5
7
3
15
13
13
5
5
7
5
7
21
7
11
22
7
5
5
3
5
32
7
9
52
7
15
3
7
7
7
7
5
14
26
9
5
5
5
20
5
9
9
17
5
29
12
9
7
49
