6
6
6
6
7
6
4
6
6
6
7
5
4
5
4
5
5
7
6
8
7
8
5
9
5
5
4
6
7
6
6
5
8
6
8
6
6
5
7
6
8
6
6
5
6
6
4
4
6
5
8
7
5
7
6
6
5
7
6
6
5
6
6
5
6
5
7
5
7
7
6
6
5
6
6
6
7
4
5
6
5
8
4
5
6
7
8
5
9
6
4
6
8
5
7
7
5
6
3
6
6
7
6
5
6
5
5
4
6
6
6
7
5
5
7
6
6
6
7
6
6
6
6
6
7
5
4
7
7
7
6
5
7
4
6
4
7
7
7
6
6
9
6
8
6
6
6
8
6
4
5
5
6
6
6
5
5
8
5
5
6
6
6
8
8
6
6
7
5
5
6
4
6
6
4
5
3
6
6
6
6
8
7
6
6
8
8
5
6
7
5
5
6
6
4
6
5
5
6
5
4
7
7
7
5
7
5
6
6
7
6
7
7
8
6
9
6
7
9
6
8
6
8
6
7
6
8
6
6
6
8
5
5
6
4
6
6
5
4
7
9
6
5
5
5
6
8
6
4
5
5
5
6
6
5
3
5
6
7
6
4
8
6
6
4
6
6
8
8
6
8
7
4
5
6
4
6
5
6
7
7
7
6
5
8
6
6
7
7
20
9
6
22
15
22
29
20
15
4
9
15
15
13
13
7
15
13
9
13
13
17
15
13
13
15
8
13
13
9
11
17
4
17
15
13
17
11
8
26
13
8
12
4
5
11
11
14
10
15
11
15
7
6
27
16
11
5
5
19
17
9
11
19
28
24
11
16
7
9
26
8
19
11
17
9
6
21
12
18
8
5
20
9
20
13
22
12
13
11
9
13
7
13
11
9
25
11
12
12
10
7
7
7
13
9
5
9
14
9
14
9
8
8
7
8
7
7
19
7
13
13
13
9
9
15
12
9
10
7
9
9
9
9
14
8
18
6
15
11
9
37
36
36
17
15
8
14
9
22
8
11
9
10
17
13
7
12
16
12
13
23
16
18
5
59
15
21
9
5
15
19
22
10
7
11
14
15
11
19
12
20
21
20
15
8
10
11
13
13
12
16
8
14
9
10
11
11
13
7
9
9
15
9
10
7
13
15
9
15
11
11
7
9
11
11
7
20
18
9
12
6
14
9
9
9
11
4
47
6
13
11
12
18
7
7
10
15
9
9
26
10
8
7
15
16
9
10
11
13
7
7
6
7
21
9
11
5
5
17
9
11
8
6
5
8
15
13
19
15
11
12
13
10
13
11
11
19
5
8
7
7
3
6
4
11
8
20
30
12
3
5
15
5
18
15
5
5
8
2
2
3
0
2
8
17
31
2
2
2
3
2
3
3
0
7
7
2
7
4
24
3
0
4
2
2
2
0
0
2
27
2
38
2
7
2
2
2
2
0
2
7
3
16
3
2
4
0
31
31
5
0
2
30
9
5
4
2
5
3
0
2
0
0
77
19
19
3
3
3
0
2
0
2
7
3
3
24
6
40
0
3
3
2
0
8
3
2
4
5
4
2
3
2
3
5
26
0
1
3
7
31
36
2
7
2
10
5
2
2
4
8
3
0
0
7
4
0
5
4
0
2
2
0
8
6
7
22
5
2
8
5
0
3
4
2
4
0
3
0
0
2
5
16
2
11
21
0
3
15
0
5
7
4
8
0
33
0
26
3
2
9
10
5
20
20
4
0
2
5
2
3
5
5
30
11
11
12
27
3
4
4
1
3
7
5
14
25
40
0
4
0
2
4
2
0
3
24
36
4
3
0
5
2
2
2
1
5
0
5
13
3
12
16
6
23
2
15
9
2
0
2
2
16
13
2
15
2
4
0
2
5
23
31
45
0
31
0
3
7
21
7
7
2
31
6
20
24
43
2
2
7
12
0
13
2
6
53
56
4
3
2
2
2
4
5
2
38
3
26
40
0
37
18
3
4
1
1
1
0
1
0
0
1
1
2
1
0
0
0
1
1
0
0
1
1
2
0
2
1
1
1
1
1
2
1
1
1
0
1
1
0
0
1
0
1
1
1
3
1
1
0
1
0
1
1
1
2
1
2
2
0
1
1
0
0
2
1
2
1
0
1
2
0
0
2
1
0
1
1
1
2
0
0
1
0
1
0
1
1
2
0
1
1
1
1
0
1
3
1
1
2
1
1
1
1
1
1
0
1
1
2
1
0
0
0
0
1
1
1
3
1
0
2
0
2
2
0
1
0
1
0
2
0
1
1
1
1
3
1
1
1
1
0
1
1
0
0
1
1
0
0
2
0
0
2
3
0
1
1
0
2
0
1
1
0
1
0
1
1
2
0
1
1
1
1
1
3
1
1
2
1
3
3
1
3
1
2
2
2
1
2
5
1
1
1
1
2
2
1
0
0
1
0
1
0
1
3
1
2
1
1
0
1
1
1
2
1
2
0
1
1
2
1
1
1
2
1
1
1
0
1
1
1
0
0
0
0
1
0
3
3
2
0
3
1
1
0
1
0
0
1
1
2
1
1
1
1
0
1
1
1
4
1
2
1
0
2
1
1
0
1
0
1
2
1
1
1
1
1
2
0
0
1
1
0
2
0
1
1
1
2
1
0
2
6
4
2
2
4
4
0
4
6
2
2
2
4
2
2
4
6
6
4
4
2
0
2
4
4
0
6
4
4
4
2
4
2
2
0
4
2
2
4
6
2
4
6
4
8
2
2
2
0
2
4
4
2
4
2
0
2
4
2
4
0
0
2
2
4
2
6
2
4
4
2
0
0
2
2
4
2
0
0
4
4
4
2
2
0
6
0
2
4
2
2
2
2
2
2
0
4
2
2
2
4
0
4
6
2
2
0
8
4
4
4
4
0
4
4
2
2
4
4
0
6
2
2
4
2
2
4
2
2
0
2
2
2
4
8
4
2
4
0
4
2
2
0
8
2
0
8
4
4
2
2
4
4
4
2
4
2
2
2
6
2
4
4
2
6
4
2
0
6
0
2
0
4
4
2
2
6
4
4
2
0
4
6
2
4
2
2
2
4
6
0
0
2
6
2
4
6
2
4
0
2
2
4
2
4
4
4
6
2
6
4
0
6
2
2
4
4
4
4
4
4
2
2
2
0
6
6
4
6
4
2
4
4
2
4
0
2
2
2
2
0
2
2
2
2
6
6
4
0
2
0
6
2
2
0
2
2
4
2
2
4
0
2
2
2
0
2
2
2
4
2
2
6
2
2
4
0
4
6
0
0
4
0
4
6
2
8
8
12
8
15
12
6
8
8
23
8
6
12
11
8
13
12
12
19
11
10
19
35
6
10
8
14
14
21
8
10
19
10
25
4
8
6
8
4
6
21
12
12
12
8
4
19
8
10
10
6
8
6
12
8
16
23
17
19
23
14
19
19
12
23
14
16
21
15
14
19
43
35
21
14
21
23
16
29
35
23
31
12
10
43
16
35
33
33
0
33
35
29
35
35
66
37
17
25
19
25
35
35
60
27
29
27
21
56
17
43
43
35
18
23
37
35
45
17
37
41
37
62
8
70
12
17
17
43
54
76
27
12
52
12
14
70
17
18
18
27
41
31
21
51
14
12
18
55
25
37
12
12
8
62
23
33
14
23
19
33
47
43
46
56
16
33
47
16
33
8
55
12
78
15
19
37
23
18
18
12
6
8
8
10
6
8
14
12
16
14
10
16
14
4
25
39
4
10
14
8
10
12
12
6
10
8
8
18
19
14
8
25
18
31
15
8
14
10
17
37
18
23
16
8
10
43
12
60
18
12
4
16
10
10
8
23
8
6
21
16
14
17
16
33
12
14
19
8
21
33
6
10
18
8
47
33
19
29
8
10
29
8
12
27
14
21
10
55
8
14
19
12
10
23
6
19
14
48
18
14
23
29
41
58
25
16
23
2
0
4
0
0
4
2
0
35
2
2
2
2
2
56
0
2
0
0
2
6
0
0
2
10
0
10
2
2
2
2
2
0
2
0
2
0
2
2
2
2
58
2
0
2
6
65
0
0
4
2
2
2
0
2
85
2
0
0
4
0
0
4
2
2
2
0
0
7
4
2
2
4
0
0
4
4
4
2
0
2
9
2
2
2
4
2
0
4
85
4
4
0
7
6
2
0
0
17
0
2
2
2
2
2
0
0
0
6
0
2
2
0
4
4
2
0
2
2
0
2
2
0
0
0
2
0
2
2
0
2
55
0
2
2
0
2
2
4
0
0
0
4
0
0
4
2
26
2
0
2
0
4
4
2
0
0
2
9
4
0
0
0
4
2
2
2
4
2
2
2
0
2
4
8
0
0
0
0
4
0
4
2
0
0
2
62
0
2
39
2
0
2
4
2
2
4
2
4
4
4
0
2
2
0
0
2
0
4
0
2
0
43
2
19
2
6
2
2
0
0
4
0
2
2
0
24
0
81
0
2
0
2
0
4
0
0
0
2
0
2
0
0
2
6
0
2
7
0
0
2
0
45
0
37
0
0
0
0
4
0
0
0
0
0
4
2
2
0
0
0
8
53
2
0
4
0
2
0
0
2
2
4
2
2
2
2
2
23
17
21
29
15
0
0
0
0
0
30
21
16
22
2
37
43
40
0
0
0
0
17
28
28
17
23
23
20
21
0
0
0
0
23
19
14
8
25
0
19
22
0
0
0
0
6
20
22
0
24
30
24
20
0
0
0
0
31
20
19
23
38
0
21
0
0
0
0
0
27
29
19
5
21
6
21
17
0
0
0
0
28
20
23
3
0
0
19
24
20
0
0
0
24
25
18
0
33
29
35
21
0
0
0
0
19
15
15
17
25
16
23
35
21
0
0
0
28
26
26
19
0
24
13
19
0
0
0
0
30
19
17
19
21
28
23
24
23
0
0
0
25
22
19
17
16
0
19
17
0
0
0
0
30
11
2
22
16
29
0
14
0
0
0
0
19
19
22
16
20
21
6
0
0
0
0
0
39
0
19
22
24
9
16
29
0
0
0
0
27
26
24
13
15
20
22
34
0
0
0
0
25
24
24
21
17
3
0
23
0
0
0
0
0
14
22
14
30
19
29
0
28
0
0
0
26
32
14
22
31
29
0
20
19
0
0
0
31
0
0
23
0
40
44
39
0
24
28
18
19
53
27
7
28
70
0
0
0
0
0
0
42
40
0
23
29
0
0
0
0
0
0
0
36
44
25
27
32
22
0
0
0
0
0
0
36
51
17
15
17
19
15
14
10
21
14
19
17
17
8
21
10
12
19
12
23
19
14
21
17
17
12
19
21
12
23
19
17
37
12
17
13
23
13
27
12
21
19
11
17
13
17
21
25
10
15
15
17
16
10
19
15
15
17
21
29
21
11
19
21
15
19
13
19
21
14
19
19
21
14
13
13
14
21
17
15
17
19
17
27
25
8
14
10
11
25
19
30
10
10
17
17
33
25
23
33
17
27
14
19
13
21
19
13
12
14
17
25
10
17
19
25
21
15
19
15
17
19
10
23
23
21
10
11
19
15
21
29
14
17
23
17
17
17
29
23
17
44
14
31
10
19
19
29
14
12
14
15
15
15
17
19
21
21
17
12
21
8
14
15
15
10
19
12
17
21
15
21
25
17
15
19
23
17
23
25
13
15
17
12
17
12
25
23
19
21
17
17
23
17
31
23
29
14
15
23
19
12
27
21
12
17
12
13
8
14
19
14
16
19
10
17
12
12
12
19
19
17
23
15
15
13
23
15
14
15
23
17
15
29
17
19
11
19
13
15
25
12
23
15
19
9
8
16
19
8
17
15
13
21
25
13
15
13
17
21
13
23
17
15
21
21
22
19
21
25
23
48
19
21
26
19
17
13
29
35
29
25
35
94
22
17
19
15
23
2
4
2
5
2
17
0
15
7
2
2
0
2
2
4
2
4
0
4
0
4
11
2
2
7
4
0
3
0
3
2
4
0
7
0
0
3
2
2
9
2
2
2
17
0
5
0
4
2
0
0
0
4
2
4
2
0
2
0
3
0
4
3
0
2
2
2
2
0
4
5
0
2
0
3
0
2
0
0
4
0
2
19
2
2
2
0
0
0
0
2
2
4
4
19
4
2
2
4
0
3
0
3
0
3
4
3
2
2
0
2
3
2
0
19
2
5
0
0
2
2
2
1
4
2
0
0
2
2
4
4
2
2
0
2
2
0
11
4
2
4
2
0
4
0
2
37
4
2
5
3
0
2
2
2
4
3
0
4
1
2
4
2
1
5
2
2
4
2
2
5
2
0
0
4
17
4
4
2
2
3
0
4
3
4
0
0
4
2
0
0
4
3
2
2
2
4
0
2
4
2
0
2
0
3
4
2
2
2
2
0
2
2
5
4
2
2
0
4
2
3
5
5
2
0
4
4
0
0
0
0
4
2
0
0
4
2
0
4
2
0
7
2
4
2
0
2
2
0
2
2
2
0
3
0
3
2
0
5
4
4
0
2
2
2
5
3
2
3
0
0
2
4
2
4
0
0
4
2
2
2
2
3
19
2
2
3
0
