6
0
4
4
4
4
2
2
0
4
6
4
4
4
8
4
8
2
2
0
2
0
8
4
4
0
8
6
2
2
6
4
71
2
12
2
4
0
4
10
6
2
4
6
4
6
2
10
0
2
6
4
2
4
8
4
4
4
0
6
4
2
8
2
0
2
4
8
6
4
8
2
6
4
0
4
2
4
4
6
8
6
2
10
2
4
3
6
2
8
0
0
0
2
4
4
2
6
8
8
4
4
6
2
6
4
2
12
2
4
8
10
6
0
0
2
0
0
4
6
2
0
0
0
8
6
4
4
2
0
0
10
0
2
0
0
0
4
2
2
4
10
0
4
0
2
2
2
8
4
2
6
5
6
8
0
0
0
12
0
2
4
4
12
2
0
14
4
2
4
0
2
8
6
6
0
0
2
12
10
2
2
6
4
2
15
10
6
4
4
8
2
4
2
4
4
2
8
0
0
0
4
0
4
8
10
2
2
6
4
4
0
2
2
10
8
32
2
2
10
10
8
16
0
4
6
6
6
4
0
0
8
0
2
4
4
0
6
6
2
2
0
2
2
4
8
4
10
6
6
4
4
2
0
2
6
2
6
2
0
2
0
2
8
10
8
4
0
2
6
6
4
2
2
0
0
2
6
6
0
10
6
4
4
0
0
2
10
14
17
15
17
17
16
15
19
16
19
11
16
19
18
16
15
15
15
16
15
16
20
14
20
16
16
16
18
15
13
15
19
14
15
20
18
15
14
15
17
15
13
18
14
15
18
12
23
17
11
14
17
13
18
13
15
14
13
12
16
17
17
16
14
17
18
16
14
16
17
11
12
15
12
20
15
14
14
15
17
16
16
16
19
16
18
21
16
22
20
20
17
17
18
14
11
18
14
14
16
18
13
15
17
17
14
9
14
13
18
12
15
15
16
13
15
16
12
11
17
17
18
14
14
19
19
16
16
16
19
10
17
17
13
15
15
12
13
17
15
13
14
10
13
11
17
17
11
16
16
14
12
21
14
17
15
15
16
18
14
16
17
17
12
19
20
14
18
14
15
19
16
20
18
18
16
17
14
19
17
16
11
18
12
16
14
17
11
12
18
9
13
14
20
14
18
15
22
15
13
15
17
10
19
15
15
16
16
11
15
16
16
17
13
13
15
16
16
16
20
17
18
18
15
13
14
15
15
15
14
17
15
21
19
17
16
17
16
18
18
13
18
15
18
15
15
17
15
14
17
15
20
18
16
19
17
15
14
16
13
14
15
14
14
15
13
15
17
21
16
18
18
14
20
8
13
13
15
18
16
16
15
16
14
17
16
13
21
21
15
13
18
16
14
15
13
15
14
18
15
14
16
15
14
13
16
15
17
18
24
14
15
16
18
15
17
16
16
14
17
16
20
10
19
15
18
15
16
18
23
20
10
25
15
10
15
11
12
11
18
16
15
16
15
17
16
14
19
14
17
14
14
18
16
16
18
20
14
7
22
16
22
17
14
15
14
20
13
16
14
10
16
16
14
20
15
14
14
18
16
15
16
12
14
14
17
13
19
17
21
16
15
13
17
20
17
22
23
33
33
6
4
2
23
18
23
14
1
21
34
2
2
2
23
27
17
24
23
12
4
1
4
20
24
29
2
6
2
9
19
13
19
21
4
2
0
23
23
30
23
2
36
3
0
0
21
23
27
23
21
7
33
2
1
0
25
32
4
27
24
21
4
0
2
28
31
3
31
31
24
4
2
2
2
0
0
5
4
13
25
17
20
25
9
5
4
4
2
7
20
15
22
24
23
10
23
5
25
16
1
6
2
25
9
4
33
20
19
2
4
2
27
12
20
18
0
2
2
19
29
24
13
26
2
2
0
13
16
3
17
2
2
0
32
24
27
25
23
10
21
0
6
2
25
24
21
16
6
0
19
16
21
26
0
0
2
0
3
33
31
20
31
41
38
21
27
19
10
11
10
8
21
25
27
11
28
2
3
3
6
3
2
5
7
6
5
6
6
4
2
13
4
5
2
4
3
5
4
12
5
5
4
4
5
3
21
9
15
11
8
4
4
8
17
5
13
6
11
14
4
7
12
5
4
11
5
13
4
9
7
5
5
8
2
3
15
4
6
5
9
4
9
4
13
5
12
15
17
8
9
5
7
4
4
6
13
6
13
8
13
7
5
13
6
11
5
6
7
13
11
11
5
20
16
14
84
4
84
50
24
10
13
2
18
4
9
7
8
3
13
10
5
15
7
11
5
5
6
8
11
12
6
21
11
11
4
9
8
4
0
6
2
11
5
7
17
10
25
25
7
9
3
10
3
2
9
6
5
2
11
15
19
7
5
11
9
14
62
10
14
7
16
13
16
5
7
7
5
5
9
10
7
9
6
7
10
4
11
18
23
9
7
14
4
8
3
5
20
5
20
19
13
8
9
14
3
8
9
5
13
13
10
11
12
8
5
9
9
12
19
18
4
20
20
15
15
3
7
13
16
11
7
11
9
10
4
5
4
7
6
7
11
26
6
11
7
3
31
5
7
5
7
5
4
8
7
4
9
11
9
3
4
9
5
9
4
6
5
7
9
6
14
5
6
4
8
7
7
4
4
4
13
7
4
11
13
5
6
10
6
7
6
5
9
27
7
6
8
10
29
23
15
4
8
10
8
8
23
8
3
12
19
13
34
8
10
8
13
8
13
19
19
4
8
17
6
12
19
12
12
38
19
19
21
10
15
10
27
21
29
15
17
10
10
21
14
19
21
15
6
15
12
8
19
16
19
6
11
13
14
25
19
21
15
31
12
13
15
17
10
14
17
48
21
17
27
12
25
13
21
23
25
6
21
29
10
17
13
21
25
25
15
37
26
34
15
21
36
21
13
17
21
15
8
17
23
13
12
13
18
21
30
17
21
31
17
23
23
31
28
12
19
4
15
29
42
13
24
24
17
41
45
28
13
21
35
31
23
10
38
21
38
8
25
34
42
46
23
13
17
27
13
27
27
14
25
8
4
21
25
21
19
52
40
24
15
47
23
31
15
25
23
26
18
42
20
23
52
15
29
23
15
52
27
10
12
35
41
25
22
15
34
31
40
28
10
25
61
8
50
8
15
34
25
44
25
33
15
11
25
30
17
19
21
27
23
14
21
23
17
6
21
42
9
40
34
40
44
21
21
34
35
37
41
21
35
25
23
19
21
56
21
6
52
21
37
13
29
17
21
15
15
28
25
8
29
21
41
25
10
19
8
8
19
13
10
10
10
8
17
15
25
37
19
17
19
11
14
12
37
17
15
34
18
36
38
13
36
38
33
32
24
33
30
31
27
28
23
49
20
36
25
36
42
23
26
33
44
38
30
24
21
15
25
20
29
40
26
31
27
28
42
33
27
48
44
29
33
45
23
40
22
33
36
22
29
25
36
27
29
25
30
33
31
22
29
28
31
18
20
28
29
17
27
23
31
26
38
25
32
29
18
39
40
26
44
52
34
34
31
26
27
37
30
23
38
25
17
36
23
18
21
35
16
29
44
32
34
34
20
36
30
24
41
37
39
17
27
26
29
23
29
30
26
17
22
23
30
26
32
33
15
29
40
31
34
41
26
10
46
31
30
39
26
35
36
28
29
37
37
45
34
33
30
41
32
37
38
36
39
24
25
28
29
48
35
19
43
26
24
26
28
20
40
32
23
40
25
29
20
20
25
23
28
42
40
27
35
37
31
23
14
29
27
47
41
43
41
33
34
23
23
28
18
32
25
40
25
34
28
41
33
31
32
30
34
40
42
41
27
31
34
21
39
33
27
26
32
37
34
39
18
33
38
29
41
23
34
39
26
22
21
17
30
24
25
28
34
29
26
31
36
41
31
35
27
31
29
38
37
23
19
37
32
40
27
28
33
30
25
31
33
33
37
19
22
13
26
23
17
29
24
24
34
30
24
22
35
32
29
35
28
36
29
28
34
35
28
30
36
24
25
29
48
25
34
34
28
33
26
27
26
22
35
37
34
32
29
32
27
33
29
35
32
30
31
25
26
30
22
33
32
20
26
29
40
32
40
34
27
22
35
19
49
27
38
36
35
35
32
32
38
35
42
31
24
35
37
27
34
27
34
31
30
34
22
37
30
27
19
38
38
26
31
39
26
36
25
38
26
63
23
27
31
31
44
30
22
23
22
25
37
34
30
32
36
40
29
21
18
23
35
44
34
37
35
26
25
28
28
27
33
28
35
21
34
35
27
26
23
18
39
18
32
29
45
33
19
30
38
31
33
43
21
30
21
30
23
42
35
34
13
29
30
41
33
41
34
43
21
30
37
10
34
37
26
24
15
34
24
23
60
35
29
61
27
33
18
34
34
32
28
26
36
36
32
27
34
25
28
30
28
35
31
32
36
22
21
20
27
30
38
24
25
31
26
35
29
38
22
28
22
36
35
57
32
36
28
28
35
24
35
29
39
30
19
36
40
54
18
29
35
23
31
42
22
30
29
31
30
32
30
30
30
29
36
35
42
36
21
28
26
35
29
36
13
20
28
29
35
33
29
24
35
44
28
32
38
37
32
25
18
37
38
30
26
28
25
43
46
22
27
24
43
44
36
41
25
6
2
8
8
4
4
10
4
8
6
6
4
6
4
4
6
6
8
11
6
4
6
2
10
6
4
8
6
2
4
12
10
10
6
11
6
8
4
2
0
2
6
6
4
8
8
4
2
12
8
8
8
6
4
8
8
4
6
11
12
6
4
8
14
6
8
6
8
4
6
8
10
6
70
6
8
12
8
6
8
8
9
12
10
8
6
8
8
8
6
4
6
4
6
17
8
8
12
6
8
8
12
6
12
4
6
6
6
6
10
8
4
2
2
12
8
6
6
8
10
6
6
6
2
6
8
2
4
12
6
4
8
8
8
12
8
0
8
6
4
4
12
6
2
12
2
4
8
8
6
6
8
10
4
6
10
10
6
4
6
8
4
6
4
4
2
2
4
2
12
4
8
8
2
2
14
6
4
10
12
19
27
17
11
64
17
10
16
4
10
14
6
12
6
15
16
6
12
14
14
12
10
12
6
10
6
15
10
17
4
6
4
14
8
17
4
4
37
6
10
12
19
6
2
8
6
6
10
6
4
15
8
14
4
10
12
8
8
4
4
13
8
4
8
14
2
2
10
6
8
8
4
10
6
12
10
8
10
10
10
6
4
16
6
10
10
14
4
12
6
4
10
2
8
8
8
2
2
0
6
4
8
6
14
12
17
6
6
12
12
10
12
19
10
9
11
8
8
12
11
15
22
9
13
26
14
23
24
18
15
28
11
10
18
19
6
8
14
7
18
8
10
8
14
10
14
8
8
25
9
13
14
16
10
15
11
29
17
13
12
10
14
9
10
8
9
10
15
15
15
12
10
12
18
28
14
9
8
26
10
11
22
13
10
8
9
17
10
11
8
11
24
8
12
21
13
31
16
10
11
7
15
20
19
19
12
14
13
13
13
13
10
12
14
14
18
8
16
9
13
14
14
22
13
15
12
12
10
9
13
7
24
10
9
18
17
12
9
7
10
8
19
15
13
8
10
19
16
14
10
10
26
7
7
9
6
11
20
11
16
8
7
25
8
9
5
6
8
13
8
5
7
9
11
8
10
6
7
8
8
6
8
24
9
5
5
9
18
6
7
9
5
8
9
6
12
14
11
12
11
10
11
21
11
17
10
13
7
9
9
5
22
16
16
8
10
11
7
8
7
13
9
12
7
10
14
9
8
7
12
8
8
9
26
8
16
7
29
6
14
13
16
16
11
26
10
9
12
18
18
13
11
17
10
5
21
10
9
9
21
14
13
17
9
8
7
13
7
10
7
7
9
5
12
8
6
12
13
6
7
8
8
7
5
7
7
5
11
7
5
6
7
10
10
6
8
2
4
0
0
2
0
2
4
4
2
2
0
0
2
2
4
33
4
6
2
0
0
0
0
0
5
2
2
2
4
0
4
0
2
0
2
0
2
2
2
2
0
2
4
2
2
0
2
2
2
4
0
0
2
0
0
0
2
3
2
2
2
5
2
4
0
0
0
2
2
4
0
4
0
2
2
2
4
0
0
2
4
2
0
4
2
4
2
4
4
0
0
4
2
4
2
0
0
4
3
4
2
4
2
4
2
0
2
0
6
2
4
2
0
0
2
2
2
0
2
4
2
2
0
0
4
0
2
3
3
2
0
0
2
2
2
2
2
0
0
2
53
2
4
6
2
2
0
0
2
0
0
2
5
0
2
4
0
2
2
2
2
2
2
6
2
0
2
4
0
0
6
0
0
6
6
2
4
2
2
0
0
2
2
2
2
0
0
4
2
2
2
0
0
0
2
0
2
2
2
4
0
2
0
0
3
2
0
0
0
0
2
6
0
2
0
2
0
0
2
4
2
0
4
2
6
0
2
4
4
6
2
0
0
2
2
2
4
2
0
4
0
0
0
2
2
0
2
4
0
2
2
4
2
0
4
0
3
2
2
0
5
2
0
0
0
2
0
2
4
4
2
2
2
0
2
0
0
2
0
4
2
2
2
2
2
2
0
