8
6
10
16
10
12
16
10
6
12
15
6
8
6
16
10
6
4
4
10
14
10
14
6
6
6
12
16
10
8
14
18
10
12
8
8
4
8
12
12
4
7
4
10
8
6
6
5
10
16
10
8
10
8
14
8
4
10
9
16
12
14
10
25
20
19
10
14
12
8
12
8
29
10
16
16
18
14
10
16
10
14
10
20
12
19
16
14
9
16
12
20
12
12
25
14
8
8
6
6
6
10
8
20
6
8
14
4
14
6
4
9
12
17
10
17
6
14
2
6
10
10
10
20
16
18
12
23
6
6
6
25
23
10
14
12
21
2
6
14
16
16
12
12
16
14
6
23
14
12
14
6
4
14
16
16
10
6
6
19
8
10
17
12
6
10
17
16
16
8
14
16
8
10
14
14
10
14
2
12
12
20
4
4
4
4
2
2
18
14
16
10
25
6
8
22
20
12
17
22
22
18
23
6
6
16
6
10
22
8
16
14
6
12
0
8
12
14
8
6
11
18
10
4
6
14
4
8
6
12
2
10
12
2
4
4
2
8
10
8
4
10
10
8
10
8
14
6
6
10
8
2
6
8
8
6
12
6
10
10
6
2
10
2
12
6
6
4
4
16
14
8
18
8
8
6
12
4
2
2
6
8
8
4
12
2
14
4
4
8
6
4
0
4
0
2
2
2
2
60
4
2
6
0
0
0
0
4
0
4
0
54
0
2
0
4
0
0
0
4
0
0
0
0
0
4
4
8
6
0
0
0
0
2
2
0
4
2
2
4
4
2
6
2
2
0
2
0
6
2
0
0
0
2
2
0
2
0
0
0
4
43
12
0
4
2
2
4
0
4
4
0
0
0
4
0
4
2
0
2
0
2
2
2
2
0
0
6
4
2
0
4
0
2
6
0
0
2
0
4
0
0
0
0
2
2
0
0
2
55
0
0
4
0
6
0
0
4
0
0
0
6
2
0
2
0
0
0
2
4
63
2
2
2
0
0
0
2
0
80
2
0
0
50
2
4
2
0
0
27
0
4
4
0
0
2
2
4
0
2
0
0
0
2
78
0
2
4
0
2
2
0
2
0
54
2
2
22
0
0
0
8
0
6
0
0
0
2
4
4
0
0
0
0
0
2
0
0
0
2
0
4
0
0
2
4
4
0
49
0
0
0
6
0
0
0
2
4
4
0
0
0
4
2
0
0
2
0
2
4
0
0
2
0
2
43
0
0
0
0
4
6
0
4
0
0
4
0
6
6
2
0
2
2
4
0
0
96
0
2
15
0
0
2
4
0
12
2
2
84
4
0
2
2
6
0
6
10
2
6
2
10
43
0
4
6
2
4
6
2
4
10
0
6
0
4
4
4
33
6
4
0
0
0
2
6
2
2
4
0
2
6
0
0
0
4
8
8
8
4
0
6
10
2
6
2
4
4
0
2
4
6
0
2
8
0
6
4
8
2
0
4
0
4
2
4
0
4
4
0
6
12
2
4
2
2
0
2
4
2
4
2
6
6
2
4
6
0
2
0
0
6
0
6
2
2
10
2
2
4
4
2
4
6
6
4
4
4
4
2
2
4
4
0
14
6
6
2
0
6
2
8
0
0
2
0
6
0
5
4
2
2
2
0
2
6
0
6
0
6
4
0
4
4
4
4
8
2
4
0
0
2
2
6
4
4
0
2
2
2
6
0
2
4
2
4
6
0
0
4
2
4
0
2
2
2
0
6
2
10
2
2
0
0
2
2
8
4
2
2
4
0
0
6
4
4
6
4
4
8
0
8
8
0
0
0
6
6
4
2
6
0
2
0
2
4
4
0
2
6
2
2
6
8
0
2
4
2
4
0
4
2
0
0
6
2
46
2
4
4
2
0
6
9
2
0
2
0
2
6
6
0
2
2
2
2
2
2
0
2
0
2
4
0
4
2
0
2
2
2
2
4
4
4
0
2
0
6
2
4
2
2
2
4
2
2
4
2
4
4
0
4
2
2
0
4
2
2
2
4
6
0
4
2
0
4
2
4
4
2
0
2
4
0
0
0
0
2
4
4
2
2
4
4
4
0
0
2
2
4
2
2
4
2
4
4
2
0
0
4
0
4
2
2
4
4
6
6
4
2
0
4
0
4
2
4
2
4
2
2
4
0
0
2
0
2
0
4
2
2
2
2
2
0
0
4
0
4
2
0
4
2
4
4
2
0
0
0
0
2
2
2
0
6
4
4
0
0
0
2
4
4
4
2
2
2
6
2
2
0
4
4
4
4
6
2
2
4
2
4
4
0
0
2
0
4
4
0
2
4
4
4
2
0
0
4
0
2
2
2
6
0
0
0
4
0
4
2
0
2
2
4
4
4
4
0
4
0
0
2
2
2
4
4
0
4
2
0
2
0
0
2
0
4
2
2
2
2
4
2
4
0
0
2
0
2
2
4
2
4
2
0
4
0
4
4
2
2
2
4
2
4
2
0
4
0
0
2
0
4
4
6
4
4
2
0
2
0
2
2
0
2
2
4
4
2
2
0
6
0
2
2
0
2
2
2
2
2
2
0
0
0
0
2
0
0
2
2
2
0
2
0
2
0
2
6
0
2
0
2
6
2
4
0
0
0
0
2
2
2
2
4
0
2
0
2
0
4
4
2
0
0
4
2
0
0
4
2
2
0
0
2
6
0
2
2
6
0
0
0
2
0
2
4
2
0
6
4
7
0
0
2
6
6
2
2
2
2
4
4
2
4
4
2
6
6
6
2
0
2
4
2
2
0
2
2
2
2
0
0
2
6
0
0
2
2
2
2
2
2
2
4
4
0
2
2
0
2
2
2
0
2
2
4
0
2
0
2
2
0
4
2
2
0
0
2
2
2
0
0
2
4
0
2
4
0
2
6
0
6
2
2
2
0
0
4
0
2
2
0
0
0
4
4
4
4
2
2
0
0
2
2
4
2
2
2
2
2
4
2
2
0
0
4
4
2
2
4
0
0
0
0
2
2
0
0
6
0
2
0
6
0
0
0
4
0
0
0
0
4
0
0
2
2
2
0
2
4
4
2
0
2
0
0
54
6
4
2
0
6
2
0
4
2
6
4
4
4
2
0
6
8
0
2
4
2
4
4
7
4
2
4
6
4
2
0
0
2
6
6
0
2
4
4
4
15
0
4
6
4
0
4
2
2
4
15
0
0
2
0
0
0
8
6
0
6
7
6
4
4
2
0
2
2
0
2
0
0
2
2
8
2
2
0
4
4
4
6
2
2
4
7
6
9
0
0
0
4
6
0
38
9
7
44
1
7
5
15
5
3
7
5
9
40
3
1
11
7
5
25
5
3
35
7
7
9
3
7
7
7
9
11
0
52
5
5
7
5
1
5
7
7
1
46
9
38
7
7
43
7
5
3
3
40
9
7
7
3
9
43
7
7
3
5
11
5
7
1
7
9
9
5
5
3
88
5
9
5
3
3
7
13
3
9
5
1
1
7
5
1
3
3
7
9
9
9
5
5
5
7
7
7
3
28
9
3
7
1
9
5
9
5
9
5
5
5
7
7
38
11
3
7
7
7
1
9
7
9
5
1
9
11
5
7
3
7
7
7
5
9
3
3
5
7
3
7
9
7
11
9
1
24
5
5
40
3
7
11
7
7
5
9
48
7
7
7
5
7
42
5
5
5
7
7
5
7
3
1
5
11
7
5
1
3
5
9
5
1
38
7
5
11
5
5
5
9
46
3
1
9
7
5
39
11
5
22
9
7
9
5
7
7
7
5
5
9
1
37
9
11
5
11
9
7
15
11
1
5
5
9
3
5
7
7
3
7
9
5
1
3
47
3
13
13
7
5
9
7
39
7
7
3
5
3
42
7
5
34
7
5
5
5
1
5
7
9
7
3
9
5
9
1
5
9
43
7
15
44
1
1
13
7
5
5
3
9
7
5
7
6
8
11
9
21
6
8
9
6
2
4
6
2
10
10
2
9
6
10
6
13
8
10
10
4
13
20
19
13
7
7
11
6
15
10
15
13
4
10
8
6
6
11
6
13
7
48
13
10
4
52
57
13
9
10
13
10
8
11
13
17
10
13
17
13
4
20
15
7
15
15
6
6
12
10
13
15
6
38
6
7
17
11
11
8
8
8
22
19
11
15
15
7
13
13
19
8
9
21
15
4
9
15
17
6
8
4
9
8
6
2
15
9
11
19
9
20
13
15
10
8
17
6
15
10
9
45
21
26
23
6
28
19
22
19
19
17
19
13
6
11
21
13
8
38
13
10
4
8
6
2
11
9
8
6
8
4
2
8
6
6
6
6
2
6
4
8
4
8
6
2
2
2
6
8
2
6
9
2
2
8
6
4
4
4
4
4
4
4
4
0
2
4
4
4
8
4
2
2
2
0
6
2
2
2
2
4
0
4
4
2
2
6
2
2
4
2
4
2
2
2
2
6
4
4
0
2
4
0
4
6
2
2
2
6
0
2
4
6
8
2
6
2
0
4
2
2
2
8
6
4
4
2
6
2
2
6
0
6
8
2
4
4
6
4
2
2
6
4
4
4
2
2
0
4
2
13
2
6
8
9
4
8
6
4
6
10
10
14
17
15
9
16
9
12
17
7
11
12
13
10
13
15
19
19
10
8
15
13
9
14
15
10
10
15
16
14
6
17
11
13
15
11
13
4
9
13
11
15
19
16
11
14
18
14
13
12
18
15
19
14
13
15
14
18
15
10
16
7
11
12
6
12
16
8
15
17
13
11
12
10
9
9
17
13
13
17
13
12
16
8
11
13
13
14
14
12
15
17
15
13
14
16
9
12
14
12
21
14
17
17
13
10
18
15
16
12
13
17
14
15
17
16
14
19
11
13
9
8
15
12
14
7
13
9
10
14
11
15
17
15
14
11
12
15
9
15
14
12
13
6
12
13
12
14
15
13
9
8
9
10
18
14
21
7
12
15
13
10
11
6
10
20
15
17
10
13
9
13
16
17
14
13
16
16
14
14
10
8
5
12
4
10
15
10
10
13
10
18
19
12
6
10
11
10
11
17
15
11
15
9
12
13
13
6
16
6
17
13
14
14
15
13
11
15
6
11
9
12
10
10
12
17
9
12
12
14
13
8
9
15
11
14
13
13
16
13
17
9
4
11
13
15
6
15
11
8
16
11
15
6
8
14
14
13
9
16
11
13
16
9
15
14
13
12
12
19
19
18
15
17
13
9
15
18
14
14
10
11
12
25
16
17
16
16
1
2
0
0
0
0
0
0
2
0
1
0
1
0
0
0
0
0
1
0
0
1
0
0
0
0
0
1
0
0
3
0
1
5
15
2
5
2
0
0
2
1
0
0
0
0
0
1
0
0
0
0
0
0
1
1
5
5
1
3
2
8
6
8
2
8
0
3
0
0
1
4
3
5
3
5
0
5
4
6
6
1
0
0
2
0
0
1
1
0
0
1
1
0
0
1
1
1
1
0
1
1
17
9
1
1
0
0
0
1
0
0
0
0
0
1
5
0
0
1
0
6
6
5
4
1
0
8
2
5
0
0
1
11
5
20
16
16
0
19
22
0
6
1
5
12
13
4
1
0
14
0
0
1
0
3
13
1
0
12
1
4
4
6
1
1
2
12
11
9
3
9
3
25
20
22
24
21
14
17
1
0
1
1
3
1
2
0
0
1
0
15
9
7
4
7
2
10
9
7
3
4
4
1
3
4
1
0
6
2
0
0
0
0
1
0
0
1
0
2
0
5
1
0
0
0
0
3
0
1
1
1
1
0
0
3
0
0
0
1
20
14
1
2
3
0
0
0
0
1
1
1
0
0
0
2
1
0
0
0
0
0
0
1
0
1
0
0
0
2
1
0
0
1
0
9
12
4
12
2
12
1
2
0
0
0
1
0
2
0
0
4
0
2
0
2
4
2
2
0
2
0
0
2
2
0
0
0
0
0
4
2
2
2
2
0
0
0
4
2
0
2
0
0
0
0
0
0
0
6
2
2
0
0
0
2
0
0
0
0
0
0
0
0
0
2
0
2
2
2
2
0
0
0
0
0
0
0
2
4
0
0
0
4
2
2
2
4
0
2
0
0
0
0
2
2
0
2
0
0
4
0
2
0
2
0
0
0
6
2
0
4
0
2
2
0
0
0
0
0
0
2
4
2
2
2
0
2
2
2
0
2
0
0
2
2
0
0
0
0
0
2
0
0
2
2
2
0
2
2
0
4
2
2
4
6
2
0
0
2
2
0
0
0
2
0
2
0
2
2
2
0
2
2
0
0
2
2
2
2
0
0
0
0
2
2
2
0
2
0
0
8
0
2
0
2
2
4
0
0
4
0
4
0
2
2
4
0
2
4
2
4
2
0
0
4
4
2
0
2
4
0
4
4
2
0
2
2
2
0
0
0
0
2
2
0
2
2
0
2
2
0
2
0
2
2
4
4
0
16
2
2
0
2
0
0
0
2
2
0
0
0
0
2
2
0
0
4
0
0
2
0
2
0
2
0
0
2
4
0
0
2
0
0
0
0
2
2
0
4
0
2
2
4
0
0
