4
6
7
5
4
4
6
2
4
5
5
4
2
6
6
8
2
2
7
0
7
5
4
3
4
2
4
5
6
4
4
5
6
4
6
2
4
7
4
2
7
3
4
3
5
5
4
6
7
7
4
2
4
2
4
4
0
2
4
7
4
7
4
2
2
2
7
6
4
4
9
4
5
2
2
2
5
6
4
4
4
2
4
5
4
5
4
2
7
2
2
12
4
7
4
6
4
2
4
4
5
5
9
6
5
6
7
2
5
5
2
2
5
5
2
7
9
6
7
2
5
5
4
5
8
4
8
5
4
7
5
4
7
5
10
7
5
5
7
7
5
5
5
5
4
4
8
2
6
5
4
4
6
7
7
4
5
2
5
5
5
8
7
5
4
6
7
2
4
0
4
4
6
7
7
2
5
4
5
7
5
4
5
4
4
4
5
5
5
5
2
5
5
4
7
2
2
2
8
6
5
6
7
4
7
5
4
6
5
6
7
4
3
7
7
20
4
2
4
3
6
5
4
4
7
2
2
4
3
4
7
5
7
4
7
5
7
5
4
4
7
5
7
4
5
2
5
4
2
3
5
7
2
4
12
4
8
5
4
5
5
11
8
4
6
7
4
4
4
6
5
7
5
5
5
4
5
12
2
7
5
5
4
4
5
5
7
5
10
12
6
6
8
11
6
6
8
4
2
6
4
4
0
2
8
6
2
6
4
8
10
8
6
6
6
12
0
4
4
8
8
6
4
2
10
4
0
4
2
12
4
6
25
4
6
8
12
4
4
10
14
2
17
4
10
4
15
2
10
8
6
4
6
4
8
6
8
6
19
8
4
6
8
6
10
14
12
8
10
14
14
12
8
6
8
10
8
14
19
4
12
14
12
8
21
21
19
14
19
12
17
12
14
12
12
10
12
25
4
8
6
17
10
8
4
12
14
10
21
14
10
10
14
10
8
8
12
8
10
14
12
21
10
14
8
14
8
12
12
17
14
15
15
6
14
8
6
10
21
13
6
8
10
21
17
6
21
14
12
14
12
6
6
8
12
8
8
17
23
10
6
8
4
2
6
17
17
10
10
6
6
8
8
8
8
10
10
6
8
2
2
6
8
12
41
6
4
6
10
8
12
6
8
8
4
12
6
8
4
4
10
4
4
10
8
8
8
10
10
6
12
8
6
4
10
8
8
10
8
6
4
8
4
10
10
6
10
6
6
4
4
4
6
6
8
8
2
12
6
4
4
2
4
4
4
2
8
2
6
6
6
6
6
12
6
4
4
6
2
4
4
6
8
6
6
6
10
2
13
8
6
4
6
2
4
6
0
2
10
3
0
2
2
1
4
3
0
0
2
10
0
0
3
3
5
3
3
3
0
2
3
2
0
2
2
5
8
2
2
0
0
2
3
0
1
6
3
1
2
6
3
0
0
2
2
4
2
3
1
0
8
5
0
3
4
2
0
0
0
0
2
48
3
4
2
1
2
0
16
0
2
0
7
0
2
5
0
2
0
2
9
3
5
0
0
7
2
1
3
3
2
2
9
0
1
1
4
2
2
0
3
2
2
0
1
7
3
2
3
2
3
2
2
0
2
0
0
5
3
4
5
0
0
0
3
0
4
4
0
7
0
7
2
0
2
3
0
4
0
5
6
2
8
0
3
0
2
0
7
2
0
4
2
2
2
0
4
5
4
2
3
4
0
3
3
0
2
0
0
5
3
5
2
0
2
2
3
3
3
0
3
2
0
3
2
5
3
12
2
3
1
2
4
2
2
2
1
0
2
5
4
0
5
0
0
5
0
0
3
5
0
3
0
5
2
2
2
2
4
5
2
3
2
3
3
2
0
3
2
3
3
0
3
4
1
0
4
3
2
3
7
3
6
0
2
3
0
2
2
5
3
7
3
0
0
2
0
6
0
2
0
2
2
1
3
2
2
3
2
4
0
4
5
2
2
6
3
0
2
0
2
5
2
1
4
12
11
6
8
14
4
4
9
45
6
6
4
6
8
10
0
14
4
6
18
8
10
8
8
10
6
4
14
6
8
14
8
4
2
12
14
8
10
12
14
8
12
6
8
6
8
12
16
4
4
10
12
14
4
12
19
12
12
8
8
4
4
18
16
6
12
17
17
4
23
16
16
10
10
10
17
14
14
12
8
6
8
4
4
4
10
4
12
8
9
2
6
8
4
4
2
8
10
6
4
4
8
10
6
6
6
8
7
8
6
8
8
10
8
19
12
2
12
10
6
6
21
6
12
16
6
14
8
10
10
14
23
16
12
10
6
10
12
8
10
4
19
12
10
12
12
8
17
6
21
6
17
8
14
10
10
29
20
39
29
8
12
14
14
10
15
6
18
18
12
33
17
13
15
15
15
12
15
16
21
25
16
21
12
19
14
19
15
10
19
14
23
15
14
12
12
8
8
6
15
10
8
40
12
6
18
19
23
6
25
20
13
15
15
12
8
8
18
10
12
10
15
10
17
17
12
14
19
8
8
4
10
15
19
10
23
12
8
4
14
4
18
14
14
22
10
22
10
23
10
10
4
10
12
9
10
6
8
4
8
12
14
8
4
12
8
12
6
10
10
12
12
17
14
7
16
8
10
14
15
14
17
18
12
8
14
15
6
4
6
6
14
12
2
6
17
6
6
2
12
4
10
12
17
4
2
6
2
14
4
4
2
2
4
8
6
6
10
10
4
10
10
4
21
16
8
10
8
19
4
12
4
12
4
4
6
16
8
4
4
8
6
4
8
4
6
27
8
4
2
8
6
4
45
14
6
4
14
6
8
2
10
4
8
4
2
4
2
4
2
14
8
2
8
6
10
6
4
2
4
10
8
10
4
16
19
14
2
10
14
19
2
8
6
10
14
10
4
8
2
4
10
14
14
2
4
4
16
6
4
6
6
10
10
12
10
8
4
10
6
8
21
6
6
8
8
12
4
2
4
6
10
14
6
23
4
4
2
8
2
4
12
8
12
16
10
6
2
23
6
10
8
8
14
8
8
6
14
10
6
6
2
4
6
14
21
2
14
8
6
12
4
6
4
2
8
2
4
6
12
17
33
12
4
10
47
4
10
4
6
18
6
12
4
8
6
2
6
14
6
10
18
4
12
12
12
4
6
8
14
6
6
14
8
6
16
2
12
18
4
10
4
8
54
4
6
8
14
6
12
10
8
4
12
2
16
4
6
2
4
6
4
4
8
17
8
2
2
12
4
14
10
10
4
6
10
4
10
10
4
12
8
6
8
14
10
21
6
2
4
16
12
29
2
14
18
21
22
23
23
19
33
30
27
17
25
12
36
11
26
25
30
24
32
23
31
22
23
35
27
22
25
28
25
33
28
32
23
29
29
22
29
24
19
27
25
27
31
20
17
21
27
21
22
22
19
11
21
17
22
30
27
23
23
29
23
19
23
19
21
24
15
20
29
23
30
27
23
28
25
16
17
21
28
24
24
31
30
27
32
29
23
25
23
18
25
31
27
29
30
28
24
23
14
32
10
18
20
23
27
20
29
35
24
27
21
22
32
25
20
19
27
33
25
28
26
25
18
25
21
20
19
29
28
26
13
27
22
23
26
24
21
23
33
25
21
30
20
23
21
17
15
23
19
21
22
21
17
28
42
34
34
26
26
31
27
27
27
27
30
33
12
30
30
30
24
32
28
29
10
35
18
19
26
27
30
21
37
25
29
27
30
23
27
19
24
26
29
31
21
25
38
18
21
26
27
29
23
17
16
17
21
20
19
19
31
35
27
26
26
39
29
24
21
24
26
30
16
30
18
19
29
33
27
25
22
24
18
22
18
19
14
27
22
27
31
22
21
24
21
22
16
19
20
16
21
11
21
14
23
23
22
19
23
18
29
15
21
14
28
23
19
17
29
19
23
20
17
20
16
23
17
14
18
23
25
17
21
12
10
13
22
16
46
34
23
21
35
27
36
31
34
49
26
33
27
28
35
30
4
34
42
33
2
31
43
40
11
25
26
38
37
24
21
26
28
36
28
27
7
28
26
31
31
34
48
31
2
31
34
45
56
29
30
28
32
29
42
5
33
33
20
32
2
31
27
17
30
30
17
38
60
45
7
8
23
31
24
35
2
34
26
25
41
29
21
24
26
27
21
24
22
40
23
29
35
31
26
35
24
22
26
26
4
2
11
24
24
21
32
22
28
32
31
24
36
24
33
39
23
35
35
26
32
39
29
23
19
34
26
25
29
32
19
24
31
22
27
23
22
39
34
42
29
30
36
25
32
30
35
20
25
22
28
40
33
36
37
29
31
31
28
36
28
43
39
34
36
41
35
41
38
33
33
31
32
38
36
35
27
32
33
26
26
27
52
36
36
35
40
39
37
37
33
26
29
30
30
33
24
31
37
36
35
31
29
26
30
36
23
26
29
7
17
36
36
52
26
20
23
27
33
28
4
26
35
38
19
26
37
30
28
20
26
33
24
22
30
36
59
39
27
29
31
26
30
29
32
26
14
22
27
27
28
41
34
29
28
22
35
26
24
24
21
21
24
20
28
29
34
38
17
41
21
31
24
19
23
38
40
25
23
27
25
25
43
32
24
27
32
2
4
2
4
4
0
13
4
0
2
6
8
0
8
4
0
8
6
0
2
11
12
12
6
8
0
8
38
12
2
0
2
8
2
4
33
4
2
2
6
2
0
8
14
4
11
6
4
2
6
4
8
4
10
2
8
2
0
0
8
8
4
8
2
2
4
8
2
2
2
4
12
4
4
4
6
0
14
6
0
0
9
2
2
6
2
11
2
2
4
2
2
4
4
4
6
6
0
11
0
6
2
2
0
2
2
8
6
0
4
0
2
42
6
2
6
0
6
6
6
0
50
0
0
43
11
4
6
2
4
4
4
0
0
2
4
4
2
2
0
2
3
2
0
2
4
0
4
4
2
10
0
0
0
6
2
2
4
4
2
2
4
6
2
4
6
2
0
4
2
4
4
4
4
14
2
6
2
0
2
2
6
46
2
4
8
4
0
0
2
4
4
4
0
0
2
2
2
4
2
4
0
2
2
2
0
0
0
0
15
4
2
0
0
2
4
0
0
6
0
4
4
2
2
0
2
2
4
0
0
2
2
6
3
2
4
6
8
4
4
4
4
2
4
6
4
4
0
2
6
2
0
0
0
4
2
2
4
2
2
4
0
6
2
4
2
2
4
2
4
10
0
0
0
0
2
0
6
2
0
4
0
2
8
6
4
19
4
4
11
19
20
11
9
13
9
18
13
20
18
7
9
9
4
11
11
19
16
37
13
13
16
15
11
7
7
25
22
18
15
11
11
17
6
53
7
2
19
15
4
11
17
37
15
16
15
46
13
7
17
14
31
35
20
17
22
17
20
32
27
20
33
22
29
32
13
11
17
20
26
26
22
24
32
17
20
34
22
26
34
51
26
48
41
44
44
34
40
28
28
17
14
58
52
24
26
47
32
53
48
12
54
10
33
50
44
46
52
45
49
45
21
28
56
27
23
49
31
25
51
34
22
39
40
24
44
49
42
59
15
44
62
17
20
31
43
32
34
17
39
38
19
30
22
35
27
16
23
26
20
28
23
24
39
18
32
43
38
35
49
40
17
24
55
57
32
22
22
33
42
28
57
23
47
38
37
42
45
36
29
35
35
37
57
53
48
40
34
37
40
50
28
17
25
36
35
38
21
33
35
44
25
34
25
31
24
15
43
37
28
28
51
44
40
34
48
35
25
21
51
50
16
31
21
44
56
40
38
19
35
35
38
19
13
25
23
32
31
32
25
27
29
31
32
35
38
38
20
16
17
25
48
15
9
9
16
11
10
14
18
22
14
8
16
15
7
10
16
10
11
11
40
11
16
10
8
5
9
38
9
7
14
4
25
25
10
9
6
6
2
7
6
6
2
2
2
0
8
8
4
2
8
8
2
4
6
6
0
2
0
6
4
6
2
4
2
2
2
2
2
0
4
0
11
2
12
9
4
8
4
4
4
6
4
6
2
4
6
6
7
2
4
0
0
6
4
0
8
6
6
35
6
2
4
2
4
14
0
10
2
6
6
4
2
10
2
6
4
4
4
2
2
2
0
2
6
4
4
4
2
2
4
2
2
6
4
4
5
2
2
9
0
8
4
2
2
2
8
5
4
0
5
2
6
4
6
2
3
2
2
6
4
2
4
2
0
0
6
6
4
0
6
6
2
2
4
2
2
2
2
6
89
4
2
0
0
7
0
0
4
2
2
2
0
2
4
0
7
7
2
6
10
6
8
13
4
0
4
2
2
2
2
0
4
8
2
4
2
8
0
7
7
2
6
6
2
8
2
80
12
0
2
0
2
0
4
0
4
2
2
0
0
0
2
2
4
0
0
2
0
0
4
4
2
2
0
0
0
2
0
10
2
4
2
0
2
0
2
0
4
0
4
2
0
2
0
1
2
0
0
0
2
2
2
4
0
4
2
4
0
4
2
1
2
2
0
2
4
0
2
0
1
4
0
2
2
0
2
0
4
0
2
6
4
2
0
8
0
2
2
0
0
0
2
2
