13
28
13
0
20
34
52
39
24
9
39
27
28
22
27
20
20
24
13
16
25
31
39
10
20
20
33
18
15
24
35
44
16
26
38
15
10
22
44
11
22
11
18
47
8
13
36
12
16
20
7
26
19
32
15
20
56
31
37
63
16
13
15
9
15
37
17
9
24
38
40
2
44
29
12
15
43
24
24
28
60
37
40
29
24
20
31
44
20
35
17
27
16
25
68
21
12
27
32
9
26
44
34
10
35
29
45
18
18
36
17
59
47
34
27
25
17
26
19
41
18
27
31
15
35
22
41
48
46
25
45
30
37
27
42
33
46
13
18
37
0
34
54
32
12
24
10
29
41
30
37
14
37
0
22
28
31
31
13
37
20
17
22
20
26
30
29
42
33
29
23
0
45
37
53
18
13
21
32
46
25
53
24
46
25
40
21
27
40
30
20
20
5
32
17
36
19
37
32
19
50
13
11
47
50
17
46
40
37
54
73
29
20
19
45
11
15
24
20
9
18
37
14
22
50
0
14
20
30
26
24
15
18
12
15
10
17
46
21
23
35
10
35
18
16
26
11
5
19
11
17
34
13
33
9
61
18
15
33
7
30
7
25
7
7
30
9
0
11
7
36
9
9
9
29
12
54
22
18
28
28
10
26
2
24
9
20
20
4
6
2
9
15
12
17
9
0
0
0
2
4
6
9
0
7
26
27
9
37
21
4
3
0
9
5
5
16
0
13
2
3
3
6
0
4
0
5
2
15
14
9
15
14
8
3
24
0
7
3
5
14
18
15
13
2
4
0
7
0
0
2
4
5
13
9
2
10
11
4
7
13
11
11
14
7
8
5
5
33
0
0
2
4
2
5
6
5
14
15
11
5
6
4
9
5
3
0
2
7
22
15
13
11
5
0
2
0
2
4
0
0
31
16
15
12
12
2
2
2
0
5
2
4
26
33
28
13
9
13
1
17
8
2
3
18
20
2
5
2
2
2
2
4
3
4
4
11
9
9
18
30
31
5
0
9
7
7
8
5
12
14
1
15
20
0
2
0
2
2
2
9
31
23
31
20
0
19
2
2
0
4
0
2
9
9
27
38
29
2
4
4
4
3
2
7
21
0
9
7
0
2
18
33
1
2
0
0
13
14
13
18
0
2
3
0
3
4
4
2
24
13
33
19
0
3
2
0
4
0
2
9
31
28
16
20
25
0
29
4
7
6
7
0
14
11
16
10
4
2
0
0
2
4
3
7
25
15
21
14
20
2
28
11
5
9
7
4
7
11
18
20
19
4
5
4
2
2
2
18
41
18
7
29
6
9
9
2
2
0
0
2
0
2
2
2
2
2
0
2
2
2
2
0
2
0
0
2
0
0
2
0
2
2
2
0
4
2
2
0
2
2
0
0
0
0
0
0
2
2
0
2
2
2
2
0
0
2
0
2
4
2
2
0
2
0
2
0
0
2
0
0
2
0
2
2
2
2
2
2
2
2
2
0
2
2
2
2
4
0
0
0
2
0
2
0
2
0
2
2
2
0
2
4
2
0
4
4
0
0
2
0
0
2
0
0
0
4
2
4
4
2
2
4
0
0
2
2
2
2
2
0
2
2
2
4
2
2
2
0
0
2
0
2
2
2
2
2
0
2
4
2
2
0
4
2
2
2
2
0
0
0
0
0
4
0
2
2
0
2
0
2
0
2
2
2
2
4
0
2
2
2
0
0
2
2
2
2
2
0
0
0
0
4
0
2
4
2
2
0
2
2
4
2
0
2
2
2
0
2
2
0
2
0
2
2
2
2
0
2
0
2
2
2
2
0
0
2
2
2
0
2
0
2
2
2
2
2
2
0
0
0
4
4
2
0
2
0
0
2
2
0
2
0
0
2
0
2
0
2
0
2
2
2
0
2
0
2
2
2
0
0
0
2
0
4
2
4
2
2
4
2
4
2
0
2
2
2
0
0
2
0
2
0
0
4
2
6
2
2
6
2
2
0
6
2
4
2
0
2
2
2
4
0
4
0
0
4
2
8
2
0
2
4
6
2
0
2
4
2
4
4
2
2
4
2
0
0
4
8
4
8
4
2
2
4
8
0
6
4
2
4
4
2
0
6
4
4
4
4
4
0
0
0
2
2
2
6
0
4
8
4
2
2
4
0
2
0
2
4
2
2
4
2
0
2
4
4
0
0
4
4
4
4
4
4
4
4
2
4
4
6
4
2
0
4
0
0
4
2
2
2
4
8
6
2
6
6
6
2
6
2
4
2
2
0
4
4
4
4
6
0
6
4
4
2
0
8
4
2
4
4
0
4
2
0
4
4
2
4
6
10
6
10
2
6
4
8
4
10
8
8
6
6
6
8
4
6
0
6
4
6
6
8
10
12
6
2
2
4
4
4
4
12
6
10
4
8
10
4
6
6
4
4
2
8
2
10
4
4
2
4
4
10
2
6
2
6
6
8
8
10
2
6
4
8
8
8
4
8
4
4
6
4
6
8
8
8
6
8
4
4
8
6
8
6
8
10
8
14
6
4
4
2
10
6
8
6
10
4
4
2
6
6
2
6
4
6
4
6
8
6
6
4
8
12
8
10
6
4
4
8
2
6
8
6
6
6
6
8
2
4
4
1
1
5
1
0
1
0
0
2
1
11
1
1
3
0
0
5
1
1
3
3
1
13
7
0
1
0
1
3
0
1
3
5
0
0
3
0
1
2
3
2
1
1
1
0
2
3
3
3
4
0
0
9
2
0
0
1
3
0
3
4
1
0
5
0
0
0
1
0
1
1
1
3
0
1
1
2
1
1
3
1
3
1
0
19
3
3
1
0
1
1
9
20
7
0
1
0
2
2
0
0
3
3
1
0
0
13
0
3
0
0
1
3
3
1
1
0
3
0
1
2
1
3
0
3
5
1
0
1
5
6
3
0
5
1
3
3
3
3
5
2
1
0
3
3
0
0
3
3
1
4
3
2
0
1
5
1
19
1
0
3
1
1
1
0
0
0
5
3
3
1
0
3
0
1
1
1
1
5
9
3
1
1
3
2
7
3
1
1
1
3
1
3
3
0
1
1
0
2
2
17
3
3
2
2
0
0
1
1
0
3
0
0
2
0
1
3
0
0
1
1
0
4
0
3
2
4
0
5
0
0
2
7
0
3
1
0
1
9
1
3
0
1
1
0
0
0
0
3
3
0
1
2
6
1
1
3
5
2
1
3
1
0
0
5
5
3
1
0
3
0
1
5
0
0
0
0
1
3
0
3
1
0
5
1
0
5
0
0
0
4
0
0
2
0
0
5
0
5
0
4
6
0
2
2
2
0
4
0
2
2
4
0
0
2
0
2
2
0
0
4
8
0
2
6
0
2
0
0
0
2
0
0
0
0
2
0
0
4
2
0
0
4
2
2
2
0
2
0
0
2
0
4
2
0
4
0
0
2
0
0
0
0
0
0
6
4
2
2
2
0
2
2
0
2
0
4
4
4
2
2
0
0
4
0
0
2
2
3
0
2
4
0
4
6
9
2
2
0
0
0
0
2
2
0
0
0
0
6
2
0
2
2
4
2
2
6
4
4
0
0
2
0
2
2
2
0
6
0
2
2
0
0
4
4
2
0
2
4
2
0
2
6
2
0
0
4
2
0
0
4
2
2
0
0
4
0
0
2
4
2
0
0
2
0
0
0
0
0
2
2
2
0
0
0
2
4
0
2
2
0
2
2
0
3
0
0
4
2
0
4
4
4
2
0
11
2
0
2
5
2
0
0
0
0
0
2
2
0
0
0
2
2
2
2
4
2
2
0
2
2
2
2
2
2
2
0
0
0
0
2
2
0
0
0
2
4
2
4
4
4
2
4
0
2
2
2
4
0
0
0
0
0
0
2
0
0
2
0
0
2
0
0
0
0
0
0
0
2
0
2
2
2
2
2
2
23
12
21
14
31
23
25
33
31
17
12
12
15
10
16
21
17
10
14
17
14
10
17
29
23
10
19
19
25
19
31
27
8
19
23
15
25
35
14
19
12
27
25
17
19
27
23
25
36
27
17
29
29
33
19
33
39
15
29
17
19
25
19
27
35
31
75
12
37
43
13
19
40
27
35
21
31
17
33
21
39
21
14
66
23
33
25
10
45
47
43
16
23
21
27
38
41
8
16
11
25
31
27
21
6
12
33
6
29
27
21
13
8
21
21
19
19
17
29
23
43
8
6
29
27
36
33
21
19
26
23
29
35
38
45
28
15
10
6
8
12
23
25
10
17
21
10
12
27
4
29
19
16
23
23
8
4
12
23
19
35
10
8
4
6
25
10
6
21
6
8
6
8
10
19
10
23
8
8
8
35
8
6
25
10
8
9
27
8
14
10
21
10
8
8
15
10
8
12
19
19
27
6
23
27
8
17
10
19
21
6
27
17
16
15
8
10
4
12
8
19
19
15
12
21
29
35
27
23
15
23
26
21
12
23
31
8
19
21
33
21
14
19
37
19
16
15
23
15
11
22
23
31
10
14
15
17
31
15
16
17
19
21
14
13
12
12
8
27
10
21
8
10
15
17
6
8
17
9
13
17
8
12
15
8
25
8
8
3
0
0
0
0
0
7
0
0
0
2
52
4
2
34
0
4
0
5
19
23
3
25
0
0
0
4
0
0
0
0
0
0
0
15
41
26
27
23
19
0
2
3
42
32
0
2
27
4
2
30
2
3
0
1
0
6
0
2
42
0
0
0
0
0
0
0
0
0
0
4
0
31
25
41
26
26
39
32
38
0
0
0
4
19
5
4
70
4
53
22
40
0
0
3
6
24
39
26
0
4
0
42
19
0
0
7
74
0
3
20
0
0
0
2
18
0
2
59
3
23
0
28
8
0
0
0
0
0
0
1
5
2
0
2
36
38
2
3
27
39
3
26
0
0
0
0
0
0
0
0
0
0
0
3
39
67
0
5
3
0
0
0
2
0
2
46
20
0
0
0
0
2
0
0
0
0
7
2
67
28
2
3
5
15
7
7
2
6
0
7
22
4
3
0
8
7
0
0
2
7
47
63
0
0
0
0
0
2
0
0
0
0
0
2
38
0
5
32
2
0
2
2
2
6
34
7
2
0
0
0
0
0
0
0
0
0
0
2
16
2
0
0
27
4
0
0
0
36
4
4
5
2
68
0
0
6
0
0
0
2
2
6
36
92
0
0
0
0
2
0
0
0
0
0
2
2
0
4
2
78
92
0
0
0
0
2
0
9
2
2
1
0
4
0
2
10
2
3
4
2
2
2
7
6
2
3
0
7
3
0
5
12
0
0
4
5
7
5
3
7
5
4
5
5
4
9
4
2
4
2
3
1
5
2
5
4
0
3
5
5
7
3
5
3
4
3
6
4
5
2
5
9
2
4
1
6
2
6
5
3
2
9
5
22
5
3
19
5
8
12
5
0
3
6
9
10
6
0
2
2
5
3
0
10
5
2
9
8
6
5
7
2
6
2
13
5
1
2
5
15
3
3
14
6
5
6
6
7
4
4
4
2
2
0
2
2
2
2
2
4
4
11
18
10
20
6
3
7
9
13
0
2
8
1
5
20
0
4
2
2
4
2
2
3
0
3
20
18
3
3
4
8
5
4
2
10
7
7
4
4
5
0
21
11
0
0
2
0
0
0
0
1
2
4
0
0
2
0
0
3
3
8
2
3
4
3
3
4
4
5
4
2
2
2
2
2
8
5
6
2
4
4
3
4
4
4
3
0
4
4
1
2
9
7
2
2
4
2
6
5
2
5
2
10
4
6
2
0
3
2
2
2
9
3
5
0
0
2
1
2
2
2
4
1
5
5
2
7
2
2
2
0
0
2
2
7
6
2
2
2
8
7
0
2
2
2
2
2
2
0
2
1
0
2
4
2
0
41
3
0
72
2
0
28
2
4
2
3
0
36
1
3
65
2
0
0
2
2
42
0
0
0
0
4
3
1
1
1
43
0
1
2
1
4
0
3
0
2
2
48
1
1
31
2
0
26
1
0
40
1
3
46
2
3
1
65
0
0
0
2
3
37
2
0
41
1
0
2
1
2
28
1
2
2
1
2
31
1
34
0
0
15
1
3
37
1
2
35
2
1
4
28
0
0
0
2
3
38
1
0
60
2
0
19
2
1
2
7
2
2
24
2
2
44
2
4
41
1
0
2
0
3
2
36
2
3
61
2
0
4
56
0
0
0
0
0
0
0
0
0
0
0
0
2
3
31
0
1
2
0
0
0
0
40
2
0
62
4
0
33
2
0
2
5
1
27
1
2
0
33
2
4
19
0
3
39
0
0
0
2
1
40
3
3
30
2
0
0
0
1
0
1
3
38
0
4
3
2
1
0
1
1
33
0
2
51
0
0
0
1
2
5
33
0
0
3
3
0
1
2
1
25
2
0
0
2
3
59
0
3
36
2
6
4
1
4
1
4
38
3
5
15
1
2
39
1
2
30
29
21
2
2
2
4
23
5
1
4
2
52
6
2
1
2
32
1
2
2
0
2
2
0
0
40
2
2
41
4
2
41
1
0
4
