39
26
28
25
30
55
28
30
39
29
39
31
86
45
31
30
37
23
28
28
19
32
17
41
70
23
31
34
31
31
21
37
5
42
34
10
34
19
34
26
34
17
18
31
13
15
20
31
32
40
27
28
16
24
21
40
18
41
24
31
16
51
22
30
68
23
35
28
23
17
52
27
29
30
20
39
50
44
21
23
48
17
55
29
21
41
23
57
40
47
32
40
14
40
41
15
27
31
56
10
27
37
44
56
24
26
31
36
31
58
39
36
42
32
7
42
29
39
20
29
14
24
36
24
55
24
18
76
34
31
26
40
32
46
42
20
39
30
19
30
14
32
23
40
19
30
26
23
42
41
50
29
24
31
43
29
24
34
33
13
49
37
33
42
30
40
48
43
39
46
54
23
27
30
30
40
22
42
38
40
72
35
29
34
26
28
26
20
28
33
32
27
42
28
17
16
56
24
25
64
45
38
36
59
36
37
51
35
32
27
38
32
30
39
39
12
32
48
59
26
51
67
27
31
15
44
55
32
27
27
39
46
26
44
30
19
41
25
23
28
17
5
7
5
22
42
15
9
13
10
17
17
14
7
7
1
30
22
17
15
17
17
13
24
21
35
7
22
17
33
3
11
23
28
19
11
24
14
28
16
15
3
17
15
17
17
23
23
1
1
1
1
1
1
1
0
1
1
0
1
1
0
1
1
0
1
1
37
1
1
1
1
1
1
1
1
0
0
0
0
1
3
1
0
1
1
1
1
0
1
1
1
0
0
0
1
1
1
1
0
1
1
0
0
1
1
1
1
1
1
1
1
1
1
1
1
1
1
1
1
0
1
1
1
1
1
1
1
0
1
1
1
1
1
1
1
0
1
0
1
1
0
0
1
0
0
1
1
32
1
1
1
1
0
1
1
1
1
1
1
1
1
0
1
1
1
0
1
1
1
1
1
1
1
0
1
1
0
1
0
1
0
1
1
1
1
1
0
1
1
1
1
1
0
1
1
0
1
33
1
1
1
0
1
1
1
1
1
1
1
1
1
1
1
0
0
0
1
1
1
1
3
0
0
1
0
1
1
1
0
0
0
0
1
1
0
1
1
1
0
1
1
1
1
0
0
1
0
1
1
1
1
1
1
1
0
1
1
1
1
0
3
0
1
1
1
1
1
1
1
1
1
1
1
0
1
1
1
1
1
1
0
1
0
1
1
1
1
1
1
1
1
0
0
1
1
1
1
1
1
1
1
3
1
0
1
1
1
1
1
1
1
1
1
0
0
1
1
1
1
1
0
1
0
1
2
1
1
1
1
1
1
1
1
1
1
10
12
13
10
14
6
4
11
4
12
6
8
8
14
6
10
8
6
4
13
8
13
6
10
19
6
8
12
10
13
10
6
14
10
8
9
9
11
12
8
8
12
9
10
19
8
6
13
11
10
4
6
6
6
4
2
6
8
4
2
4
6
6
4
4
6
2
6
2
0
6
4
2
0
2
2
4
4
6
4
2
2
4
2
10
6
8
6
2
4
4
2
6
2
4
6
2
2
6
2
2
2
4
4
4
4
4
6
5
4
2
4
2
6
2
2
2
2
2
0
2
4
4
4
2
2
2
4
82
4
8
2
2
2
4
6
6
4
4
2
4
6
2
4
8
4
6
4
2
4
0
2
4
8
9
6
4
2
6
4
2
6
4
4
10
2
8
2
6
8
8
4
23
6
8
4
10
2
6
4
10
6
4
4
4
6
4
4
4
6
6
4
4
4
6
6
4
2
4
4
4
2
4
2
6
4
4
4
8
4
4
8
4
4
4
6
4
6
2
6
6
4
2
4
0
2
0
2
4
4
2
2
2
6
10
2
2
2
2
2
2
8
9
2
2
0
2
2
2
2
2
2
0
4
4
6
2
2
2
6
4
0
4
4
4
2
2
4
2
6
2
2
2
2
0
4
2
4
2
4
6
4
2
6
0
0
4
2
16
14
13
5
17
17
19
13
12
9
18
17
13
19
17
15
20
16
12
19
11
16
20
17
15
16
14
16
19
19
17
14
21
15
12
12
16
14
14
13
15
13
17
16
20
18
22
16
17
14
14
16
16
14
15
17
13
20
20
21
20
16
22
11
17
19
16
19
15
12
14
15
13
18
19
19
20
18
16
15
14
19
16
15
9
15
12
16
19
13
18
13
17
14
18
19
19
19
15
13
13
19
25
13
15
13
14
16
17
15
15
21
13
15
16
13
18
16
17
14
17
17
16
12
15
15
12
20
17
17
16
18
18
17
16
18
16
16
11
13
24
16
20
14
24
19
17
20
10
14
18
16
16
15
16
19
15
19
14
16
23
16
21
16
16
14
16
15
12
13
22
17
14
20
18
18
16
19
18
19
16
10
13
15
13
12
19
20
17
20
26
14
17
22
15
20
17
14
18
17
19
15
17
19
14
17
16
20
17
20
25
16
19
19
17
19
15
14
14
16
19
17
15
15
21
12
19
18
19
19
15
15
15
14
13
15
11
21
13
15
22
13
12
15
19
17
14
17
21
16
14
17
19
18
19
18
21
9
19
19
17
24
14
11
17
11
19
13
17
21
15
11
12
15
15
17
16
19
17
18
17
15
14
15
19
16
19
15
0
3
1
2
0
6
11
6
1
4
0
2
1
3
0
3
1
1
0
2
2
4
0
2
7
1
2
0
0
3
3
5
2
3
2
1
5
0
1
1
10
9
2
1
2
2
0
3
2
1
0
0
1
2
0
0
3
2
0
0
3
1
3
1
0
0
2
2
0
2
0
0
1
5
2
0
2
5
0
6
0
2
2
3
0
0
8
22
0
0
2
0
2
3
0
1
8
2
3
4
0
0
3
0
0
3
2
0
1
1
2
2
0
18
8
2
0
2
0
12
2
0
0
1
7
5
0
2
2
3
1
1
1
2
4
2
0
0
0
4
1
1
1
0
2
0
1
1
3
0
12
3
0
2
2
0
2
0
0
0
0
2
3
0
4
3
0
0
6
3
1
9
0
0
1
5
3
2
1
8
0
1
0
0
2
1
3
3
2
0
0
0
1
4
0
0
1
0
4
0
0
1
1
2
0
3
5
0
3
2
0
2
4
2
2
3
0
2
5
0
0
0
5
0
1
0
0
0
0
2
2
1
1
0
0
0
0
0
0
1
0
2
2
3
1
0
1
1
0
0
5
0
1
0
0
0
0
3
0
2
11
4
0
1
2
1
1
0
2
0
2
0
0
0
0
10
0
1
2
2
5
1
16
2
0
0
0
2
4
2
6
4
4
7
2
5
8
8
2
9
6
6
2
11
11
2
2
11
2
7
6
9
4
11
5
4
8
0
6
9
11
6
52
7
6
8
12
4
2
2
53
7
0
10
9
2
8
8
4
6
7
8
2
2
9
6
2
6
8
4
6
2
4
4
3
0
5
4
4
13
5
4
4
2
2
6
4
6
6
8
2
4
2
4
6
21
13
19
4
4
4
4
0
7
6
11
9
6
4
6
2
5
33
4
4
9
5
6
4
6
6
11
2
9
6
6
0
13
8
15
4
4
2
6
5
9
7
4
8
12
8
8
11
10
4
8
4
8
4
11
10
10
13
8
6
6
6
9
6
4
3
9
7
10
6
7
6
11
7
7
2
6
11
13
10
9
4
8
4
6
4
10
0
6
4
6
8
2
4
11
2
10
9
2
6
5
5
5
13
2
10
8
2
8
7
8
16
2
2
6
8
7
0
4
7
15
8
10
6
10
7
12
7
6
73
9
6
15
8
7
4
10
6
4
4
7
6
10
6
0
7
4
4
7
10
2
10
5
6
8
8
8
9
0
7
6
2
6
8
8
11
9
8
11
13
6
10
6
4
8
11
2
12
8
4
10
6
2
6
5
9
10
6
6
6
4
2
9
6
2
6
4
6
7
7
7
2
0
3
2
2
2
1
2
2
2
2
3
2
2
5
2
2
2
0
2
0
2
0
2
3
2
2
1
2
2
0
1
2
2
2
2
3
3
2
6
0
3
2
2
2
2
0
2
3
1
3
2
2
0
1
2
2
2
2
0
3
3
0
2
1
5
2
2
0
2
0
2
2
0
2
2
2
1
2
2
2
2
2
3
1
0
2
2
0
6
2
0
3
2
0
2
2
0
2
0
3
2
2
2
2
0
2
2
6
3
2
2
3
2
2
1
2
3
3
3
1
3
2
0
2
3
2
2
2
2
2
3
2
0
3
3
2
2
2
1
2
4
5
2
0
3
1
2
3
3
2
2
0
2
1
3
3
0
2
2
2
2
2
2
2
2
2
0
1
2
0
2
2
2
2
2
3
1
3
2
3
2
2
2
2
2
2
2
2
2
2
2
3
5
1
2
2
2
1
2
2
1
0
2
1
1
2
1
2
2
1
2
2
2
0
2
2
2
2
2
2
2
2
2
2
0
1
2
2
0
2
2
2
2
1
0
2
2
2
0
2
0
3
4
2
0
1
0
1
2
2
2
2
2
0
2
3
2
2
0
2
2
2
2
2
2
1
2
2
0
3
3
3
2
2
0
2
0
2
0
2
3
2
4
1
2
2
2
0
0
0
1
0
1
0
3
1
0
1
0
1
1
1
1
1
1
1
1
1
0
15
31
0
1
0
16
1
1
0
1
1
1
2
0
0
0
1
1
1
0
1
0
0
1
1
0
2
0
1
3
2
1
1
1
0
1
1
1
0
3
1
1
1
0
1
0
0
0
0
0
0
0
0
0
0
0
0
0
0
0
0
0
0
15
0
1
9
0
1
5
0
1
1
0
1
1
1
1
0
0
1
0
0
0
2
1
1
0
0
0
4
1
0
0
1
0
0
0
0
2
17
0
1
1
0
0
0
0
0
0
0
1
0
1
0
0
1
1
1
1
11
3
0
1
1
1
0
0
0
1
0
0
0
1
1
1
5
2
3
1
5
1
1
0
1
0
7
1
0
0
0
0
1
1
1
1
0
1
1
0
1
0
0
0
0
0
1
1
0
1
1
9
4
1
1
1
1
0
0
0
23
0
0
0
0
0
0
3
0
3
0
0
8
0
1
1
0
14
0
0
1
0
12
0
0
1
0
0
0
1
1
1
1
1
0
1
0
0
0
1
3
0
26
1
1
0
0
1
1
1
1
0
0
0
0
0
0
1
0
0
1
0
3
3
0
1
1
0
0
1
0
4
1
0
0
1
1
0
0
1
1
0
1
0
0
0
0
0
0
25
0
45
26
39
40
2
0
0
0
0
0
22
25
0
29
34
0
0
0
0
0
0
0
24
34
29
30
42
33
0
0
0
0
0
0
24
1
0
27
43
0
33
0
0
0
0
28
22
27
49
15
37
0
0
0
0
0
0
24
35
0
0
30
29
37
0
0
0
0
0
19
42
29
26
47
3
30
0
0
0
0
0
0
0
0
27
25
33
0
0
0
0
0
0
0
29
26
36
45
53
0
21
0
0
0
0
3
22
19
14
24
26
28
0
18
25
0
0
8
0
29
6
23
0
26
25
19
20
0
0
26
27
19
13
0
23
31
30
0
14
1
25
26
30
33
0
14
24
19
0
28
16
19
0
17
40
29
26
38
0
31
26
39
27
39
0
0
21
24
19
28
22
27
26
17
20
28
0
29
21
17
34
20
21
21
23
20
21
27
52
38
33
3
27
31
44
51
0
0
0
0
0
0
7
3
38
0
0
0
0
0
0
27
23
25
31
17
53
65
7
62
0
0
0
0
0
31
30
9
7
31
3
8
30
0
0
0
0
12
21
32
30
32
33
25
21
0
0
0
0
0
33
17
18
22
33
35
34
0
0
0
0
22
38
0
30
3
22
30
28
24
0
0
0
26
18
23
1
39
26
31
0
0
0
0
2
2
0
0
2
2
2
0
0
4
0
0
0
2
0
0
2
2
0
0
2
0
2
2
0
2
2
4
0
2
0
0
2
0
0
0
2
0
0
2
0
2
0
0
0
2
2
0
0
2
0
2
0
2
2
2
2
0
2
2
0
4
4
0
2
2
4
2
0
2
2
2
2
0
0
0
2
0
0
0
0
0
2
0
4
0
0
2
0
4
0
0
0
0
0
0
4
2
2
2
0
0
0
2
2
0
0
4
0
0
0
0
0
2
0
2
2
0
2
2
0
2
0
0
0
0
0
2
0
0
2
0
0
2
2
2
2
2
0
2
0
2
2
2
2
0
2
4
2
0
2
0
0
0
2
2
0
2
0
2
2
2
2
0
0
2
2
0
0
0
2
0
2
2
0
2
2
0
2
0
2
0
0
0
2
2
4
2
2
2
0
2
2
2
0
2
2
0
0
0
0
2
0
2
0
0
0
0
2
4
2
2
4
2
0
4
2
0
4
0
0
2
2
0
0
2
0
0
0
2
2
2
0
2
4
0
2
0
2
0
0
0
2
0
2
0
2
2
2
0
0
2
0
0
2
0
0
0
4
2
2
2
0
0
0
0
2
0
4
0
2
0
0
2
2
2
0
4
2
2
0
0
2
2
2
0
2
