3
0
0
7
81
3
3
7
1
1
0
0
1
1
1
3
0
1
1
1
5
7
0
3
3
5
1
0
1
14
17
1
1
1
1
3
5
9
1
3
82
5
3
7
3
0
3
7
1
1
3
0
1
1
1
1
0
0
3
0
3
1
0
1
7
1
5
7
0
7
8
3
0
1
1
13
1
0
3
3
3
9
0
3
5
13
1
3
7
1
1
3
5
7
3
1
0
3
7
0
1
1
1
84
3
0
3
0
3
5
5
0
0
1
4
11
1
7
1
0
1
5
5
0
1
7
1
9
0
0
1
9
1
0
5
5
0
3
1
1
1
1
0
7
0
1
3
1
3
5
11
9
1
5
9
5
0
0
0
3
1
1
5
3
3
1
7
14
0
1
1
5
7
3
0
5
3
3
5
1
1
0
6
18
5
0
3
46
1
1
7
0
3
3
9
3
1
0
62
3
1
5
1
7
1
1
1
9
5
5
3
7
3
7
3
5
7
0
1
1
3
1
5
0
5
12
5
3
1
0
3
1
9
3
3
3
3
5
1
0
0
1
3
11
6
1
7
1
11
7
3
1
1
1
1
9
5
1
3
3
1
9
1
3
1
1
3
5
1
0
11
3
7
7
1
1
1
3
1
3
1
7
3
9
7
9
0
3
1
0
1
0
1
1
0
3
0
0
0
1
0
1
0
3
0
0
1
1
1
1
0
0
4
2
1
0
0
2
2
0
0
0
2
1
3
1
1
1
1
0
0
1
0
2
0
1
1
1
1
3
1
0
2
1
0
2
0
1
0
0
1
0
1
0
0
0
1
0
1
0
1
0
0
2
1
0
0
0
0
1
0
1
2
1
0
3
1
0
2
2
0
1
0
0
0
0
3
1
1
1
0
2
1
0
0
0
1
3
0
1
2
1
1
1
2
1
0
0
1
0
3
3
0
0
0
1
1
1
0
0
1
0
0
0
1
0
1
5
2
0
1
1
1
2
1
5
4
5
1
0
0
6
4
0
1
5
1
1
5
3
2
5
2
5
2
1
1
6
2
5
5
1
0
1
2
0
1
3
3
0
1
1
3
1
0
3
2
3
1
3
4
0
0
4
4
1
1
1
1
0
1
1
0
2
2
1
1
1
0
0
1
2
0
1
1
0
0
1
1
1
1
1
0
2
0
1
0
0
0
0
1
0
1
0
0
1
0
1
1
0
0
0
0
2
0
0
2
0
0
0
0
3
0
1
0
0
0
0
0
1
1
5
0
1
0
1
3
3
1
0
0
1
3
1
1
7
0
0
1
0
0
2
0
0
0
0
32
20
27
15
10
23
36
37
15
27
14
28
15
28
24
20
28
33
30
26
26
28
23
30
30
28
25
54
43
28
32
38
27
28
17
27
72
35
15
20
26
14
8
7
9
33
24
32
13
41
11
10
19
20
28
17
19
25
13
21
24
11
13
36
21
31
19
31
32
25
31
26
46
48
38
35
25
23
20
50
19
11
19
39
38
30
44
21
24
40
29
18
41
39
14
41
24
28
38
32
18
28
27
23
22
0
13
27
40
12
11
29
16
23
6
45
21
27
30
43
58
51
45
38
41
16
31
35
23
38
21
22
46
25
24
24
15
34
54
25
25
39
31
41
6
26
18
18
30
23
23
25
21
38
16
15
12
25
16
22
25
19
14
26
22
20
21
27
8
22
34
43
18
21
27
19
31
37
21
31
25
27
35
18
32
30
28
33
28
46
31
19
27
32
27
47
55
48
31
11
26
23
26
36
20
27
59
27
25
13
6
20
26
18
14
14
24
12
28
16
21
31
30
16
63
20
17
21
32
18
32
32
29
29
28
17
17
22
15
27
23
26
31
18
23
27
17
20
16
18
24
31
16
7
55
19
15
9
20
15
20
16
11
11
28
10
10
22
3
3
9
13
13
8
6
14
12
11
12
8
20
14
30
5
5
9
3
10
8
6
2
4
2
7
6
4
4
8
7
6
6
4
2
4
8
6
6
0
4
4
4
5
6
6
6
8
22
4
0
6
4
4
5
2
4
6
8
3
6
6
6
6
13
4
8
2
8
8
6
6
4
6
6
12
6
6
0
8
4
2
6
4
6
4
0
8
11
4
2
4
2
4
4
6
2
6
0
8
2
4
6
6
6
6
2
4
2
4
2
0
4
3
2
6
0
4
14
11
0
2
12
3
4
2
6
6
4
0
6
0
6
6
8
6
8
4
6
6
3
0
4
8
8
4
6
6
4
2
4
4
4
4
9
4
2
2
8
8
4
2
7
8
6
22
5
8
6
6
4
6
3
0
6
4
2
4
4
13
2
8
6
4
2
0
6
6
11
4
2
6
4
2
6
4
6
6
0
4
4
4
4
2
0
10
4
11
0
0
4
4
0
6
6
6
6
4
2
4
6
6
8
8
6
4
2
2
10
6
2
6
4
11
8
4
10
8
2
7
5
0
11
0
6
10
7
2
4
6
9
6
2
15
11
6
4
4
2
4
5
13
8
2
4
20
9
4
9
2
3
6
2
8
4
2
6
0
4
9
10
2
6
15
4
2
2
6
4
15
4
6
8
6
2
4
4
8
9
6
2
10
8
4
4
6
0
8
15
30
30
5
15
13
7
36
30
36
13
21
15
19
11
28
21
24
21
22
9
15
17
22
17
13
36
7
49
5
7
7
15
1
7
7
5
13
9
11
5
13
7
1
28
15
13
9
7
9
9
3
7
5
5
5
5
3
3
13
7
17
19
21
38
19
13
21
7
13
7
17
7
13
17
11
7
5
1
9
5
7
9
9
11
5
5
7
11
11
15
11
24
7
13
5
15
21
15
3
5
9
5
7
9
1
11
3
9
11
1
7
7
7
13
11
11
7
7
7
9
5
7
21
9
13
24
15
13
9
11
9
9
7
9
3
11
5
7
9
26
5
9
9
7
11
7
7
13
5
9
9
13
7
3
13
17
7
13
7
5
9
11
7
5
7
22
15
45
20
33
38
22
17
45
15
17
45
36
20
23
34
30
37
51
20
41
9
26
15
35
28
17
22
40
28
26
17
30
34
19
22
19
26
39
17
30
28
13
19
24
19
9
26
40
9
17
24
24
13
20
22
13
19
24
13
17
30
26
11
20
19
43
26
17
26
22
9
30
24
15
30
22
28
19
20
22
26
36
24
29
26
24
28
21
32
26
24
24
17
28
22
9
53
40
11
13
23
26
20
21
28
19
22
28
24
13
17
22
22
18
21
21
7
22
43
22
13
9
4
9
7
5
5
3
7
2
5
3
5
8
3
7
5
5
5
9
4
2
9
5
5
7
9
7
8
9
4
5
5
9
5
4
7
7
6
5
7
7
11
5
5
7
7
5
4
11
7
4
9
2
7
7
5
5
7
5
2
7
9
4
13
7
9
4
7
7
11
7
7
9
5
5
9
7
2
7
2
5
7
4
7
7
4
7
7
7
7
5
5
7
9
7
5
4
5
11
9
2
7
6
3
4
7
4
4
2
4
7
7
7
5
7
4
7
4
5
5
8
7
9
7
7
5
4
4
4
9
7
7
4
4
7
4
4
9
9
5
4
7
4
7
11
7
5
9
6
5
2
2
5
5
4
4
8
5
9
5
7
7
2
2
5
7
7
18
5
9
7
11
4
7
2
2
5
7
5
4
3
5
6
9
6
7
9
2
4
2
2
5
9
7
9
7
7
11
7
2
2
2
7
7
7
7
7
11
9
5
13
4
4
4
7
7
5
7
11
5
5
2
6
4
2
2
9
5
9
2
4
7
7
3
7
2
3
2
4
9
3
6
5
7
9
9
7
5
4
3
7
5
7
4
9
11
9
9
7
2
4
5
7
7
7
7
9
2
7
5
6
2
5
2
5
7
5
7
9
7
7
7
7
5
2
7
3
7
8
11
11
13
19
35
21
10
13
8
8
6
15
25
13
23
12
23
15
12
25
10
35
21
21
10
24
21
12
13
13
25
11
23
10
12
15
32
15
14
13
17
15
12
6
35
35
36
35
10
29
21
8
33
17
23
7
21
23
23
27
21
19
22
31
7
15
9
21
23
20
23
23
21
28
27
10
33
27
27
10
13
12
13
20
18
20
10
10
11
24
24
19
9
12
8
7
8
6
6
10
8
6
10
6
27
6
15
8
21
49
23
8
8
12
8
21
33
14
10
21
10
9
8
6
19
6
8
8
8
15
9
19
8
24
25
6
11
8
9
10
46
8
11
4
11
4
6
25
23
10
12
8
15
8
9
6
7
8
10
4
50
4
8
15
8
19
9
6
6
21
10
6
10
0
6
6
8
10
8
10
8
6
4
9
8
6
8
11
28
10
25
6
8
8
6
4
8
37
6
4
6
4
27
6
4
11
12
4
21
17
29
10
15
27
27
41
25
10
33
24
29
17
12
19
31
25
38
46
13
33
39
29
17
44
14
15
23
35
12
19
23
10
41
15
15
19
17
8
32
10
4
21
10
21
27
10
6
17
6
27
21
12
17
13
11
8
8
17
8
8
17
10
15
8
21
19
13
25
4
6
12
12
15
35
12
10
17
0
1
1
1
0
3
0
1
0
3
4
3
0
1
0
1
5
0
0
0
0
0
0
0
1
0
2
0
0
0
2
0
4
0
2
0
2
2
2
6
4
0
6
2
1
4
2
4
2
0
0
2
2
0
2
0
0
1
6
0
1
0
5
3
5
0
2
0
1
2
4
2
2
0
1
0
4
0
0
0
0
4
2
2
0
0
0
4
2
4
9
0
4
0
4
6
0
0
4
0
4
2
0
6
0
0
4
4
2
2
0
3
0
2
0
3
2
0
0
0
1
0
0
0
0
0
2
2
1
4
0
1
4
2
0
4
1
0
2
1
0
2
0
0
0
4
10
0
1
1
0
0
0
6
0
0
4
0
2
0
0
0
0
2
0
0
2
0
0
0
0
2
0
0
2
0
1
0
5
0
6
0
2
0
2
0
0
2
6
0
0
0
0
4
4
0
0
4
2
0
0
4
0
0
0
2
3
2
0
2
0
10
0
6
0
4
0
0
1
3
2
0
2
0
2
1
2
0
4
0
4
0
0
0
2
0
0
3
0
0
2
2
0
6
0
1
2
1
0
0
3
4
0
3
0
0
4
0
4
0
0
2
2
1
4
4
2
6
2
0
0
0
0
0
0
2
3
4
3
0
0
2
0
0
0
2
0
6
13
7
7
3
19
13
13
11
17
23
21
15
21
11
11
9
15
29
15
7
9
7
19
17
17
13
21
7
15
15
9
11
17
29
13
35
15
9
53
9
19
13
31
57
31
23
25
15
33
21
15
27
33
27
35
7
21
29
15
15
7
19
17
15
19
17
17
15
19
27
9
15
17
13
29
23
17
13
29
13
13
33
7
25
23
3
5
5
13
13
23
9
15
9
13
17
39
35
17
29
11
27
33
19
27
21
15
15
13
25
19
17
27
11
17
15
3
35
21
17
15
9
13
19
41
23
13
27
23
19
21
13
27
41
19
7
37
42
47
23
7
11
29
11
11
21
25
25
25
21
15
17
33
39
19
9
27
29
37
45
17
9
9
41
13
33
13
19
31
21
48
17
17
19
19
15
37
37
29
9
33
23
29
19
27
27
36
13
39
35
21
37
37
19
23
41
31
33
31
43
19
39
43
9
17
31
19
29
19
29
13
15
19
13
21
27
43
13
21
33
35
17
33
19
9
29
27
29
38
11
29
5
17
17
23
19
35
13
19
3
13
19
14
17
39
15
9
19
19
25
7
29
43
39
17
27
17
23
29
21
23
25
7
19
27
29
11
17
17
9
23
15
21
3
13
3
7
2
1
5
9
3
9
7
2
2
15
11
6
0
4
6
6
0
6
0
0
6
2
4
0
2
6
6
0
4
2
2
0
4
4
4
42
4
2
56
6
2
2
4
63
10
2
0
2
0
50
2
4
86
2
0
39
0
2
25
2
0
25
0
6
0
0
4
2
0
6
8
2
2
2
64
4
2
2
0
0
0
0
0
6
5
0
2
4
4
0
6
0
0
6
0
0
2
2
2
2
2
2
2
2
2
0
2
0
2
6
0
2
2
0
2
2
4
2
4
4
2
2
0
4
6
6
2
0
6
4
2
2
2
2
4
4
4
2
0
0
4
0
0
2
2
4
8
2
2
0
6
0
2
0
4
2
0
2
2
2
2
2
2
4
4
2
4
10
2
2
2
0
2
2
4
2
2
4
2
2
4
4
0
2
2
2
4
2
2
4
0
4
4
2
0
2
11
4
2
0
0
8
4
0
4
2
0
2
2
2
4
2
4
2
0
2
0
2
6
2
0
10
2
0
0
0
0
2
0
2
9
2
0
0
4
6
2
10
2
4
4
6
2
2
0
0
0
2
2
2
0
2
0
2
2
2
2
2
2
2
2
2
4
3
4
7
2
2
2
2
2
2
0
18
0
2
2
2
2
2
2
2
2
4
6
2
4
4
2
2
2
4
6
4
2
2
4
2
2
