2
0
0
2
4
0
2
2
2
2
0
2
2
2
4
2
2
0
0
0
0
0
2
4
0
2
0
0
2
0
0
0
2
0
2
2
2
0
0
2
2
0
2
2
0
2
2
2
2
4
2
2
0
2
2
0
2
2
0
2
2
2
0
2
0
0
0
0
2
2
0
0
2
2
0
0
0
0
0
2
2
0
2
0
2
2
2
2
2
2
2
0
2
2
0
2
2
0
2
2
0
2
0
0
0
2
0
2
2
0
2
0
0
2
0
2
0
2
0
0
0
2
2
0
2
2
2
0
2
2
0
2
2
0
0
0
0
2
0
2
4
2
2
2
0
2
2
0
2
0
0
0
2
2
0
0
2
0
0
0
2
2
2
2
2
2
0
0
0
2
0
0
2
2
2
0
2
0
2
2
2
2
2
2
0
2
0
0
2
0
0
2
2
2
2
0
2
2
0
0
2
2
4
0
2
0
0
0
2
0
0
0
0
2
0
2
2
2
0
2
0
0
2
0
0
2
2
2
2
2
2
2
4
0
0
2
2
0
0
0
2
0
2
2
0
0
0
2
0
2
2
2
0
2
2
2
2
0
2
2
4
0
0
0
0
0
2
2
0
2
2
0
2
2
2
2
2
2
0
0
2
2
2
0
0
0
0
0
12
15
14
3
16
14
5
16
19
7
3
16
3
5
14
24
10
12
1
16
6
10
10
8
24
9
6
8
8
1
9
25
5
12
21
28
6
10
12
22
8
14
23
5
24
24
22
24
12
14
24
7
24
28
6
10
12
6
26
11
8
19
14
10
7
14
12
36
42
17
20
33
38
21
44
3
23
40
25
33
37
33
19
18
26
17
38
10
40
26
16
40
18
18
38
40
21
11
27
25
28
31
3
23
18
39
15
37
32
18
34
24
38
18
37
26
27
30
35
5
26
22
25
17
25
24
33
28
18
25
27
15
11
19
25
38
15
32
40
14
20
16
10
12
34
22
20
37
40
29
23
42
36
20
42
22
14
25
32
21
21
22
24
39
10
23
16
20
19
41
43
2
17
18
40
17
18
10
32
22
33
34
16
21
23
26
19
39
38
26
25
16
26
23
16
28
16
33
39
39
26
36
17
40
23
19
21
24
25
23
35
23
18
25
17
42
12
24
19
28
34
16
20
39
15
32
22
17
20
13
24
23
16
25
28
17
40
35
30
21
19
22
15
12
43
24
26
32
32
19
21
18
37
17
17
34
14
15
32
20
19
11
27
26
32
27
11
2
15
17
33
9
25
22
5
25
13
22
17
6
15
19
20
11
22
15
34
15
4
2
4
10
2
0
2
2
2
2
2
0
10
8
6
0
0
2
2
2
2
2
2
2
2
0
2
2
0
2
4
4
2
2
10
4
0
4
2
2
8
6
2
2
10
2
2
0
8
0
2
0
2
0
0
4
2
6
0
4
8
2
4
2
4
8
0
0
2
4
4
2
0
2
4
0
6
2
2
4
0
0
2
0
0
0
6
0
0
2
2
0
2
2
0
0
8
0
2
2
2
0
2
2
2
0
2
2
4
2
2
2
0
0
0
0
2
0
0
0
0
0
2
0
0
2
0
0
2
2
6
2
4
2
0
4
4
12
0
8
4
0
2
0
0
2
0
2
0
0
2
2
2
2
2
2
0
4
0
6
0
0
2
0
2
0
0
0
2
0
2
2
0
2
0
0
4
4
2
2
0
0
8
0
0
0
4
2
0
0
2
4
0
8
2
2
4
0
0
0
2
6
2
0
2
2
2
2
2
2
2
0
0
0
0
2
2
0
2
0
2
0
0
2
2
0
0
2
0
2
0
2
0
2
4
4
2
0
2
2
2
2
4
0
0
0
0
4
0
2
4
10
0
0
2
0
0
2
2
0
2
0
0
2
2
0
0
0
0
2
0
0
2
0
0
0
0
0
0
0
2
0
0
4
2
0
0
0
17
11
8
8
41
29
21
19
21
25
28
27
32
15
21
10
34
34
25
32
15
18
15
13
29
19
32
21
30
28
26
19
21
17
32
21
22
0
13
21
22
26
19
30
57
21
38
29
43
29
28
19
29
30
29
18
39
38
23
29
19
21
45
17
33
34
9
34
28
27
23
29
19
32
36
20
25
21
23
11
28
15
10
17
23
27
27
11
69
19
35
13
28
30
17
40
36
21
19
28
48
19
36
32
42
29
36
38
38
30
21
27
17
46
51
75
48
43
47
40
13
59
60
49
19
73
25
34
15
27
23
56
17
47
48
20
23
48
66
69
15
14
35
72
17
29
47
17
46
41
84
17
74
56
14
36
36
53
62
67
15
34
63
47
52
34
38
68
61
36
75
11
27
40
38
34
71
65
61
32
61
28
19
41
19
63
21
32
32
45
58
38
90
27
59
55
36
43
51
24
75
29
30
61
28
21
23
30
40
38
48
57
47
28
63
54
36
24
46
17
59
47
61
42
74
29
31
32
42
32
15
42
21
42
35
63
13
40
53
42
44
11
51
26
15
29
36
27
11
17
33
38
50
21
40
31
49
11
27
28
21
17
13
32
36
55
36
23
30
34
29
13
24
32
37
24
28
28
34
27
27
38
30
62
15
27
32
51
0
2
1
3
3
2
0
0
0
2
0
3
2
8
1
2
2
0
0
0
4
2
3
0
3
0
0
3
2
2
9
0
2
2
0
0
2
0
6
0
0
0
5
6
5
2
3
1
3
0
2
2
3
2
5
3
0
0
0
0
5
0
2
0
0
3
0
3
3
3
10
0
2
2
0
0
2
5
8
16
9
0
0
0
2
2
0
0
0
0
2
2
6
0
0
3
3
5
5
2
3
2
2
0
2
2
5
0
2
0
2
0
3
2
2
0
0
2
0
2
0
2
2
0
0
5
5
2
2
0
2
0
2
3
2
3
0
1
0
3
2
8
5
0
2
0
0
0
2
5
3
17
2
0
0
0
0
8
2
2
0
1
1
0
3
2
2
1
3
0
0
3
2
0
3
0
1
2
2
3
2
0
2
2
2
3
2
3
2
3
0
3
0
2
0
3
1
5
0
3
2
5
5
2
7
2
3
2
2
0
2
0
0
2
0
0
0
2
2
0
1
0
0
2
2
0
1
0
5
0
3
9
3
0
1
1
3
2
1
0
3
3
3
2
0
0
13
1
2
5
3
5
0
3
2
0
2
1
0
0
2
1
2
0
2
2
0
2
8
0
0
0
0
6
1
0
1
2
2
2
3
2
0
2
2
2
3
1
9
11
9
9
9
9
7
7
13
11
7
5
9
17
9
17
3
7
13
15
7
15
15
13
9
17
15
5
11
7
15
5
7
7
15
3
7
7
9
9
9
7
9
13
3
13
11
13
5
7
5
9
11
7
21
11
9
11
15
25
11
21
17
11
3
13
7
7
5
13
48
13
7
17
9
13
3
7
9
15
5
5
13
15
17
27
19
13
15
9
7
7
11
13
19
13
15
21
19
11
19
5
15
11
17
7
11
3
19
7
21
19
15
51
27
27
17
7
21
37
62
37
52
52
17
17
13
37
15
15
9
11
21
9
31
48
58
53
90
31
45
31
19
15
21
31
37
39
39
39
15
15
29
39
27
9
35
13
9
11
43
29
9
37
11
25
13
25
15
47
41
51
31
39
5
33
29
17
29
19
43
19
11
35
58
19
25
43
17
15
7
9
39
21
19
39
29
27
29
37
13
23
23
44
29
33
19
23
33
19
39
27
29
23
15
19
37
41
11
17
25
27
41
15
7
7
17
31
29
62
17
55
17
25
2
3
5
11
2
7
2
7
3
7
11
11
2
5
5
9
3
7
2
11
5
11
3
9
5
11
5
13
7
3
5
9
5
7
5
5
7
13
9
7
3
7
13
5
15
17
3
9
3
7
3
3
13
5
4
4
0
2
10
62
4
4
0
8
4
6
0
6
6
2
0
8
0
4
0
8
0
4
6
10
0
6
6
6
6
6
0
6
4
8
0
2
0
4
4
4
8
4
0
0
4
0
0
0
0
71
8
2
2
0
6
4
0
2
2
4
2
0
0
0
0
0
0
2
6
0
8
0
0
0
0
0
4
0
0
2
6
0
2
2
4
2
0
4
4
0
0
0
0
4
4
2
0
0
2
0
4
0
2
6
6
8
4
4
0
0
0
2
0
4
0
0
0
8
2
0
4
0
0
6
4
6
0
0
17
2
0
6
0
6
0
0
8
4
0
0
6
6
0
4
6
0
0
4
0
6
60
4
0
6
0
0
0
0
0
6
4
4
4
4
4
4
0
2
4
0
4
8
0
0
4
4
0
6
4
0
6
4
0
6
4
0
0
4
0
4
4
0
6
4
0
6
2
0
0
6
2
4
6
0
6
0
2
4
0
2
2
0
6
2
2
4
0
0
6
4
8
0
6
0
2
4
4
4
0
0
2
0
2
4
0
4
2
2
0
6
0
0
2
2
4
0
6
2
6
0
6
8
0
6
4
4
8
0
4
0
0
8
4
2
7
6
2
4
6
8
4
2
4
0
0
4
0
5
2
4
0
4
4
6
65
0
0
22
18
16
0
0
0
13
0
0
26
8
0
25
22
0
62
0
0
0
0
1
5
0
19
15
16
0
0
0
0
0
0
1
26
3
28
27
20
18
14
0
0
0
0
0
12
23
23
28
22
14
14
0
0
0
0
0
4
19
22
23
18
17
1
27
0
0
0
0
22
26
21
19
15
16
0
34
28
0
1
0
25
23
25
23
18
20
0
42
0
1
0
1
22
39
31
19
27
22
0
24
0
0
0
14
0
26
21
25
0
27
14
0
0
0
0
0
31
19
23
36
15
22
0
18
19
0
0
1
29
27
16
24
21
16
27
0
0
0
0
0
21
32
25
22
17
18
0
0
20
0
0
1
21
33
19
22
19
19
0
0
0
0
0
7
36
31
20
24
19
34
0
0
0
0
0
0
29
32
25
22
32
0
0
0
0
0
0
3
25
17
0
24
18
19
0
0
0
0
0
13
17
30
4
22
22
13
0
0
0
0
0
31
24
21
19
17
8
45
0
0
0
0
0
37
31
2
30
19
20
0
15
0
0
1
0
0
2
0
34
3
3
32
23
15
31
32
33
47
28
24
33
3
0
11
15
0
0
0
0
20
26
30
0
54
34
20
20
0
0
0
0
2
46
43
43
22
0
0
0
0
0
0
0
85
43
28
7
16
4
8
6
24
69
72
19
4
14
6
4
10
4
5
8
14
4
0
4
4
9
7
6
2
4
6
4
6
2
3
4
8
6
6
5
4
2
14
4
7
8
8
10
4
4
6
7
0
4
2
5
8
4
6
6
10
4
2
8
8
2
2
6
4
6
9
6
7
10
6
4
8
2
4
4
2
4
2
6
2
6
2
4
10
7
9
4
0
8
6
4
6
2
6
30
30
48
14
10
10
2
3
8
6
7
6
9
4
12
7
4
6
7
4
6
6
0
7
8
5
10
7
6
6
9
8
6
6
9
10
2
3
0
2
9
4
6
4
8
12
6
2
2
4
3
0
6
7
0
8
8
4
8
3
9
10
10
8
6
4
3
4
6
6
6
2
2
2
4
2
4
4
3
2
5
9
4
7
6
8
4
4
8
10
4
4
18
28
79
12
8
0
8
2
8
6
8
2
0
4
6
2
4
4
4
8
4
2
6
4
6
2
7
2
6
4
6
2
8
4
0
4
6
0
2
6
8
2
6
5
12
5
6
10
9
4
7
8
5
2
6
5
2
6
6
6
4
2
9
6
3
11
4
8
4
2
6
9
8
5
4
4
4
2
4
7
5
10
2
4
4
6
6
5
2
12
7
7
5
3
2
6
7
5
2
19
5
1
5
7
5
3
5
5
18
3
22
4
3
0
0
3
1
7
3
7
5
3
3
3
1
0
19
5
3
5
5
5
5
11
1
3
3
0
1
9
3
3
3
0
5
2
5
5
9
5
1
4
1
5
5
0
3
5
5
5
1
2
3
5
7
1
1
1
5
7
7
3
1
0
3
9
5
1
4
3
5
7
3
3
3
7
1
3
3
5
4
3
3
5
3
1
1
1
5
3
5
5
5
1
1
3
1
1
3
1
0
3
5
3
5
4
3
1
5
3
3
5
7
3
5
1
9
5
22
1
1
3
5
5
5
7
3
3
5
3
3
0
6
1
3
3
1
1
7
3
1
1
5
5
3
5
3
3
1
1
3
5
7
3
3
1
3
7
3
7
5
1
5
3
3
3
11
5
3
3
7
1
5
3
3
3
1
3
3
3
3
3
1
1
1
9
1
1
21
5
1
1
1
1
5
1
3
1
7
1
0
3
3
7
3
3
3
1
1
3
5
3
1
15
3
1
23
7
1
3
3
5
7
5
5
0
7
9
3
0
1
1
3
3
0
25
0
5
1
1
5
0
7
1
1
3
3
0
1
3
1
6
3
5
5
1
4
3
1
3
3
1
1
9
1
1
5
4
1
3
1
2
7
7
3
3
3
3
