38
37
35
32
31
35
38
37
34
39
33
38
38
35
36
39
36
38
33
39
28
38
34
35
34
38
32
36
37
39
31
39
32
39
37
38
35
36
33
35
33
35
34
34
35
39
38
37
36
34
33
34
28
37
35
35
26
32
35
38
36
34
32
29
37
37
33
33
39
37
38
37
36
37
36
36
37
33
36
35
38
35
39
35
36
36
37
36
36
38
31
32
36
30
35
36
38
35
38
29
37
37
36
33
39
36
32
35
35
30
36
37
36
37
36
29
36
35
37
38
39
29
36
37
36
31
29
24
37
36
32
37
37
32
32
37
33
36
38
33
35
36
36
35
38
34
37
35
36
32
34
33
37
36
31
34
37
33
33
37
37
37
37
33
38
37
39
37
37
33
36
31
36
35
33
33
37
31
37
35
37
33
36
37
37
31
35
34
35
34
36
24
32
36
35
30
36
36
32
29
25
38
34
37
29
32
26
28
37
31
28
36
33
37
37
38
32
39
29
37
30
38
36
33
37
37
37
37
33
23
37
37
37
37
33
38
38
37
32
35
37
33
39
38
37
37
36
37
37
35
35
38
38
37
36
38
35
34
26
38
37
38
37
38
33
37
37
36
37
37
31
35
36
38
28
37
33
34
37
37
33
33
34
37
38
37
37
32
18
19
7
9
15
22
21
13
13
7
11
28
16
6
11
6
11
16
4
11
9
4
4
6
5
3
5
5
7
7
26
13
7
8
8
5
6
0
11
11
4
3
15
19
9
9
11
15
9
0
19
9
31
6
15
11
15
21
13
0
24
17
13
7
28
9
19
14
20
19
24
32
19
22
30
8
30
20
25
9
13
11
28
28
34
18
0
34
19
15
28
16
9
0
26
27
31
19
24
19
19
29
26
19
13
17
32
28
17
28
28
48
28
17
19
17
19
28
32
24
25
21
28
32
26
26
9
19
28
9
15
36
15
40
30
23
22
32
37
19
19
21
24
28
42
17
40
26
29
22
26
15
28
9
38
30
44
23
27
28
28
28
36
21
43
16
30
30
57
19
0
28
29
23
28
8
28
30
36
31
29
28
24
19
30
35
19
19
21
24
22
28
39
22
24
17
17
26
18
16
19
9
13
20
19
17
25
22
36
22
19
9
15
11
17
49
23
30
19
19
19
24
9
11
28
27
28
18
32
16
23
33
25
0
21
23
19
22
23
25
26
13
32
18
11
15
22
12
24
36
21
7
14
7
4
17
4
0
22
11
26
7
19
9
13
4
8
6
11
15
34
4
15
13
7
45
8
5
25
9
18
9
12
11
19
8
21
9
36
38
36
33
38
36
36
35
38
36
34
36
38
37
32
36
38
37
37
35
37
36
35
37
33
37
37
36
36
37
37
38
37
36
38
36
37
31
37
38
36
37
38
35
38
37
37
37
37
34
38
38
38
35
38
37
36
36
36
36
37
35
38
28
36
35
38
35
35
36
38
37
38
36
36
37
38
36
36
37
33
37
36
35
35
36
34
36
37
38
32
37
39
36
38
37
34
36
38
35
38
35
36
38
37
38
34
37
35
37
35
37
35
38
38
36
35
36
37
37
35
38
36
35
36
35
35
38
35
37
38
38
40
37
37
36
35
36
35
36
35
35
36
35
34
35
37
35
32
35
35
36
34
36
35
31
35
35
32
36
35
32
36
35
36
33
34
33
36
34
33
36
36
36
36
36
37
35
36
36
36
37
34
33
35
35
36
30
36
30
38
35
35
37
35
33
34
34
36
36
36
37
35
34
37
34
33
36
31
35
33
37
36
37
36
36
37
34
35
29
25
27
29
26
29
18
20
23
24
21
21
23
25
24
20
23
15
22
23
23
22
24
22
21
21
20
22
23
23
22
24
22
22
21
23
21
24
22
23
22
21
25
19
21
20
24
22
24
21
22
24
21
21
21
24
25
19
19
14
21
21
21
21
20
17
22
20
18
7
9
5
7
9
13
5
45
17
2
9
11
11
11
7
3
5
11
11
3
7
19
5
13
13
27
9
13
9
15
5
11
5
9
11
13
5
5
3
9
3
13
7
3
3
9
7
9
3
17
13
5
13
17
5
9
15
7
9
7
11
3
7
5
11
5
7
13
7
5
13
13
3
5
5
2
9
41
15
7
5
5
13
9
5
17
3
0
3
2
3
5
13
5
7
11
15
0
33
3
5
7
9
9
7
5
5
5
15
3
7
13
9
13
11
9
25
5
9
3
19
7
17
11
5
11
15
15
11
5
11
7
5
15
13
11
17
7
43
21
21
9
9
9
21
17
5
33
13
21
17
9
23
7
17
15
3
7
19
31
11
9
41
19
9
7
21
11
7
19
23
19
19
17
13
5
17
11
13
11
11
17
19
11
15
3
19
5
9
13
11
5
5
17
21
3
5
11
9
19
25
19
9
11
7
21
15
11
5
5
13
29
9
9
5
7
17
7
7
3
17
15
17
7
13
3
15
13
17
9
7
13
5
13
17
7
2
7
9
2
9
15
7
7
9
2
5
7
11
5
9
5
5
5
15
11
15
7
7
9
5
7
5
3
7
11
5
15
7
9
5
7
11
7
11
3
0
3
5
5
3
5
7
17
9
3
7
9
0
2
0
1
2
2
6
6
2
2
0
0
2
4
2
2
0
2
0
4
2
2
2
4
2
2
2
0
4
0
0
6
0
0
0
0
6
6
2
4
0
0
2
4
2
0
4
6
0
2
4
0
8
2
0
2
0
8
0
0
2
0
0
2
2
4
28
2
6
0
0
0
0
2
4
3
2
4
4
2
2
0
8
6
2
0
1
0
2
0
0
2
0
2
2
2
2
0
0
2
6
2
4
6
0
2
2
2
0
4
2
0
4
0
2
0
0
0
2
2
2
0
4
2
8
2
0
0
6
0
6
2
2
2
2
0
4
0
0
2
2
2
0
2
6
2
2
0
0
2
0
0
6
0
4
2
8
2
4
0
0
0
6
4
0
0
0
0
0
2
0
4
0
0
2
6
2
0
0
0
2
6
4
2
0
4
0
2
0
0
2
4
0
2
2
1
4
0
4
2
0
2
4
0
0
2
2
2
4
2
4
2
4
2
2
4
0
0
6
4
0
0
4
6
2
2
0
6
4
0
2
3
4
0
0
2
0
6
2
0
0
6
0
2
2
4
2
2
2
0
0
0
0
0
0
5
6
0
0
2
2
2
2
0
0
2
0
2
0
2
0
0
2
0
4
4
2
0
2
3
4
0
4
0
2
2
0
2
0
0
0
1
1
1
1
1
2
17
0
1
0
4
2
2
0
18
3
0
0
0
3
24
2
2
0
0
2
2
0
17
24
0
0
0
31
0
1
0
0
2
0
2
0
12
0
0
0
28
0
0
2
0
0
2
0
0
0
0
1
50
2
2
0
2
2
0
22
0
0
0
0
1
2
0
19
27
0
2
1
1
21
2
0
0
19
2
0
0
2
3
0
0
1
1
2
0
2
1
1
2
2
0
0
19
0
1
2
15
0
0
3
24
0
2
0
0
20
1
0
2
25
20
3
0
0
20
0
2
0
0
0
0
0
22
2
0
0
34
0
0
1
0
0
1
0
0
0
0
3
0
0
0
1
18
2
2
0
0
0
2
0
0
27
20
3
0
1
34
0
0
0
3
2
0
0
21
1
2
0
3
1
0
0
2
0
0
0
2
3
0
2
0
2
0
0
0
0
0
2
0
2
0
34
0
0
0
26
1
0
2
0
2
24
0
1
1
0
16
0
2
2
0
1
3
1
0
3
0
0
0
2
0
0
4
2
0
2
0
2
0
0
0
2
0
2
16
0
0
2
1
1
2
0
7
19
2
4
0
2
18
25
0
2
32
0
0
0
0
0
0
0
2
2
0
0
2
1
0
0
2
16
0
2
0
0
19
3
13
1
0
5
3
1
5
3
1
3
1
1
5
1
3
3
1
3
5
3
5
3
3
1
3
5
0
1
3
0
0
1
3
0
0
1
13
3
1
5
1
3
1
1
3
1
0
0
3
0
1
5
7
0
0
0
0
1
0
1
1
1
3
0
5
1
0
5
5
3
3
3
3
1
3
1
5
0
5
3
3
1
5
1
1
5
3
1
15
1
0
3
3
5
1
1
5
3
0
0
1
3
1
3
5
0
5
0
0
1
5
1
0
9
0
1
1
3
1
0
1
3
3
1
1
1
1
1
0
0
5
1
2
7
3
5
1
0
3
1
0
1
3
1
1
3
0
5
1
1
3
3
1
1
3
3
7
1
1
1
5
1
1
1
3
1
11
1
0
3
1
3
5
1
3
1
5
1
1
1
1
1
5
19
3
1
3
1
0
0
3
2
1
1
3
1
1
7
5
0
5
5
7
0
0
3
3
5
3
0
1
5
1
0
1
1
0
0
7
1
3
3
0
14
3
4
12
3
5
1
3
3
19
3
7
1
0
3
1
1
1
1
0
3
1
0
1
0
1
3
1
3
0
3
4
1
3
3
3
1
1
1
1
11
1
11
3
3
2
3
3
0
2
4
1
5
0
3
1
0
1
0
1
1
0
1
1
12
0
2
10
13
10
10
6
8
8
6
12
10
2
8
8
6
4
8
11
8
12
8
8
12
13
6
8
12
10
12
6
6
8
10
15
6
6
6
23
13
10
17
10
15
15
19
8
23
11
15
10
17
8
2
8
8
25
10
10
8
10
8
17
13
10
11
37
4
8
10
13
12
6
8
12
6
0
12
13
10
13
6
13
13
11
0
12
12
8
9
10
21
12
6
12
15
12
27
14
0
25
8
8
8
15
6
19
15
19
12
12
15
21
6
19
10
10
0
0
6
15
8
4
15
19
25
22
19
10
15
8
15
25
15
15
19
15
14
27
25
8
23
6
16
15
23
12
17
27
32
10
19
15
27
29
19
44
6
14
15
13
10
12
0
19
12
23
25
13
13
17
10
19
8
13
25
10
15
17
19
19
6
21
15
25
15
4
10
21
4
0
6
11
16
10
2
13
15
8
8
15
25
0
46
27
8
15
17
15
8
6
13
4
11
8
21
19
12
8
15
12
19
10
15
23
17
11
10
17
8
21
8
15
6
10
13
15
13
15
8
12
10
8
14
10
17
12
8
19
6
15
12
17
6
10
12
12
8
6
6
13
10
6
8
9
6
23
11
10
15
13
6
12
4
8
21
11
12
12
10
8
10
10
4
6
8
10
5
0
7
2
23
5
0
2
4
55
2
9
5
3
5
3
5
0
3
53
10
3
0
3
5
2
7
0
0
5
2
0
5
0
51
4
4
0
5
0
17
41
2
7
3
0
38
6
2
2
7
0
4
0
0
0
6
3
2
0
3
1
5
0
2
3
16
0
6
4
16
0
2
7
2
3
5
2
5
9
3
2
5
2
3
5
4
5
2
2
2
5
2
44
2
0
0
3
0
2
0
6
4
14
16
0
0
2
0
2
0
3
0
2
2
4
0
2
5
0
2
5
2
2
5
2
5
33
5
4
0
2
2
2
5
2
0
5
11
0
2
0
33
0
4
5
2
3
4
12
0
5
4
2
2
3
4
4
0
4
2
0
5
2
0
2
6
2
0
2
3
0
0
10
4
5
3
5
2
2
3
3
7
0
0
0
3
38
0
0
0
0
1
0
2
4
2
2
7
0
0
3
2
2
32
6
0
66
2
2
7
2
0
51
2
5
0
5
5
2
2
9
41
0
0
65
2
1
4
31
3
0
0
2
0
0
3
26
2
7
0
13
4
0
0
4
2
0
2
0
4
6
6
0
2
2
2
6
0
0
4
0
55
2
2
2
2
29
2
2
0
2
2
0
6
1
1
0
0
0
0
4
33
2
2
0
5
0
0
8
30
22
0
0
0
0
30
37
5
28
32
30
0
0
0
0
0
17
26
2
19
55
44
43
0
0
0
0
0
0
2
0
28
30
17
46
42
0
0
0
0
0
4
0
0
3
0
0
24
44
0
0
0
0
2
23
2
0
0
25
32
38
0
5
42
0
0
0
2
3
0
4
25
0
34
46
0
0
41
3
55
71
36
27
19
2
0
0
0
27
2
4
0
1
23
0
24
42
55
80
0
3
33
28
45
31
0
11
0
0
0
0
0
0
0
78
4
0
41
3
3
37
0
1
12
0
4
2
30
43
34
33
41
59
0
15
0
0
33
32
4
0
3
42
34
27
1
34
0
4
1
25
31
2
2
56
24
31
0
0
0
3
53
45
0
30
39
39
34
0
0
2
0
0
1
2
0
2
1
56
0
2
25
30
0
50
0
0
23
0
27
0
32
0
0
0
0
3
0
0
0
2
0
2
0
0
5
43
2
32
24
31
2
36
0
35
44
0
0
0
0
1
23
2
30
38
75
43
0
0
0
0
0
3
2
2
3
0
2
15
0
0
45
1
41
2
75
3
93
32
91
46
2
2
4
3
4
36
0
5
39
40
3
2
8
44
2
25
1
45
41
30
32
0
50
32
2
2
0
84
81
62
0
0
0
99
