2
0
4
0
5
2
2
0
2
2
0
4
0
0
4
2
2
0
0
2
0
2
0
0
2
0
0
2
0
4
0
4
2
2
2
2
0
0
2
0
2
0
4
2
0
0
3
2
0
0
0
2
0
4
0
4
2
2
4
0
2
2
0
2
0
4
0
2
0
0
2
2
0
2
0
5
0
4
4
0
2
2
0
2
4
0
2
0
0
2
4
4
4
2
2
2
0
7
14
4
5
5
0
4
4
2
4
2
0
7
4
0
6
0
2
4
4
2
2
2
4
2
5
2
5
4
2
4
2
2
4
6
0
9
6
0
5
2
3
0
2
0
6
8
4
2
2
6
5
6
0
2
2
0
5
6
2
2
0
6
2
6
2
2
7
0
2
0
2
0
2
2
4
0
4
2
2
4
0
0
0
0
2
2
2
3
0
0
0
2
0
2
2
4
2
4
0
0
0
0
2
2
0
0
4
2
2
0
4
2
2
0
10
6
0
0
0
2
0
0
0
0
0
9
0
0
0
2
2
0
4
2
6
0
2
0
2
2
0
1
2
2
2
2
2
0
2
0
2
0
2
2
2
2
2
0
3
0
0
0
2
0
0
4
2
0
0
2
4
0
2
2
0
3
0
2
0
8
6
2
2
4
0
2
0
4
0
4
5
6
2
6
3
6
3
8
5
7
2
4
6
5
6
7
2
2
2
7
4
30
5
4
8
38
5
2
4
4
4
32
4
5
8
5
6
4
9
4
8
4
9
54
5
10
5
3
27
20
3
34
5
3
9
2
6
14
8
5
6
4
4
5
3
4
3
4
5
5
2
2
25
29
5
7
6
17
22
5
9
6
5
5
23
4
7
6
7
2
32
6
2
2
4
29
5
13
16
46
2
14
3
6
6
3
45
7
5
9
4
30
20
13
3
4
5
2
5
8
3
6
3
30
10
8
6
8
8
14
36
5
36
5
30
41
6
5
4
12
5
33
42
70
3
0
4
3
4
40
41
29
3
10
3
2
2
22
46
6
5
4
6
17
40
34
23
57
30
9
8
4
6
30
3
36
5
4
5
27
4
2
4
18
32
5
10
3
4
5
4
40
3
8
9
6
8
4
44
9
21
36
8
30
8
26
6
31
5
4
4
6
42
20
4
4
6
6
7
38
26
6
4
6
27
4
4
17
13
4
58
2
68
59
9
3
20
3
4
6
4
8
48
5
2
18
9
7
4
4
33
24
11
39
34
46
4
6
5
44
59
4
26
7
24
35
6
4
45
2
3
15
6
62
6
11
2
4
5
14
14
5
6
3
2
27
4
4
2
0
0
2
4
2
0
0
2
2
6
0
2
0
0
2
4
0
8
0
0
2
0
0
6
6
2
0
2
2
0
4
2
0
6
4
0
6
0
4
8
2
6
6
4
2
0
6
8
2
0
2
2
4
4
2
2
12
0
6
4
4
4
0
4
2
4
0
6
4
4
4
2
0
2
6
10
6
6
0
0
6
2
6
2
6
0
2
6
0
2
2
2
0
8
4
6
4
2
8
6
0
0
2
4
4
0
4
2
0
4
4
6
2
4
2
0
2
2
2
0
8
4
6
4
6
2
6
4
8
0
2
4
4
2
6
6
8
10
8
8
10
6
4
4
4
6
4
0
6
6
0
2
4
4
2
6
0
0
10
4
6
2
0
2
2
0
4
0
2
0
2
2
2
0
4
2
6
2
4
6
2
6
4
0
8
2
4
8
2
2
6
2
4
6
2
4
4
12
0
4
2
2
4
8
4
6
2
2
2
2
4
8
2
6
4
0
6
0
2
0
0
0
2
0
2
4
2
6
2
0
0
4
4
0
2
4
4
4
2
6
6
6
4
0
0
4
0
2
2
6
4
4
2
4
2
2
4
2
2
4
2
4
4
0
0
2
4
2
4
2
0
4
0
2
0
0
4
2
0
2
4
2
2
0
4
2
2
0
2
0
0
2
2
2
0
2
0
2
0
0
4
0
2
90
0
2
2
0
0
2
0
0
2
2
4
2
0
4
0
2
0
6
0
4
0
2
2
4
0
4
0
2
2
2
0
2
2
0
0
2
0
2
0
2
0
2
2
2
0
2
2
0
2
4
0
2
2
2
2
4
0
2
2
0
4
2
2
0
2
0
2
2
0
2
0
0
0
2
0
2
2
0
0
6
0
0
0
2
0
2
4
2
2
2
4
0
59
2
2
4
2
2
89
0
2
4
2
0
8
0
0
0
2
0
0
0
4
0
4
0
0
2
2
0
6
2
4
0
0
4
2
6
2
0
0
4
2
0
0
0
2
2
2
4
0
2
2
0
8
0
2
0
0
4
0
2
0
2
4
6
6
0
4
2
0
0
2
2
2
2
2
10
0
2
0
8
2
0
4
6
0
0
0
4
0
4
2
2
2
6
2
2
2
0
2
2
0
0
0
2
0
8
2
0
4
4
0
0
0
0
2
2
0
4
2
2
0
0
2
4
4
2
2
0
0
2
6
0
2
2
0
2
69
0
0
6
2
0
2
0
0
0
2
2
4
0
0
4
2
4
6
2
8
2
4
2
0
2
0
2
2
2
4
10
0
4
2
0
0
2
4
0
2
2
2
4
0
0
2
17
6
0
6
4
4
2
0
4
2
2
2
0
2
4
2
2
0
0
0
2
0
2
4
2
4
4
2
2
6
4
0
2
0
2
0
0
0
0
4
4
0
2
2
14
2
4
16
0
0
4
2
0
0
0
4
4
2
4
2
0
0
4
2
2
0
2
4
2
0
4
0
4
2
2
4
2
4
2
0
0
2
2
4
0
15
0
4
0
2
0
0
14
4
4
2
2
2
0
4
2
4
4
4
0
2
6
6
0
0
4
4
0
2
15
2
2
2
0
2
2
2
4
2
2
4
0
4
0
0
2
0
2
2
2
8
4
4
0
4
0
2
0
2
2
2
2
0
0
2
0
4
6
2
4
0
2
6
0
4
2
0
0
2
2
0
0
0
10
4
13
0
2
15
2
0
4
4
0
0
4
2
4
2
0
2
2
0
0
2
2
0
2
14
0
0
14
2
14
17
4
4
6
0
0
2
4
4
0
2
2
0
4
8
6
2
4
0
0
19
4
0
16
2
0
2
2
4
2
6
0
4
0
0
0
6
0
6
2
4
4
0
16
6
0
4
2
2
4
0
0
2
14
0
6
4
0
4
2
6
2
2
0
0
2
2
11
2
0
2
2
4
0
2
2
4
0
2
0
0
2
2
0
0
4
2
4
4
2
2
0
0
7
4
2
2
2
0
4
4
4
2
4
4
0
0
0
4
6
2
6
4
2
2
0
4
6
2
8
2
2
6
2
2
4
6
0
6
4
4
2
8
4
0
2
4
4
4
2
4
2
6
6
2
2
2
4
2
4
2
2
2
4
4
4
4
2
4
6
4
8
2
4
4
4
6
4
2
2
4
4
4
2
4
4
0
4
2
4
8
2
2
4
4
0
0
4
2
2
4
2
4
2
4
4
4
2
4
4
6
4
4
4
4
6
4
4
4
0
6
6
0
0
4
4
4
2
2
2
4
6
4
6
4
2
2
2
2
0
0
0
0
0
2
2
0
4
4
6
6
4
0
2
2
6
4
2
8
0
6
0
2
4
4
2
2
2
4
4
4
2
4
2
6
0
0
2
2
4
2
4
2
6
2
4
4
8
2
4
0
2
4
6
4
2
4
2
2
0
0
6
2
6
4
0
2
4
4
2
2
4
0
2
2
2
0
6
0
2
0
2
2
0
4
0
0
6
2
0
2
2
4
4
6
2
4
6
2
2
4
0
2
4
0
0
4
2
0
0
0
4
4
0
4
4
2
2
4
4
0
4
0
2
2
4
0
4
0
2
2
2
0
4
0
4
4
0
6
2
4
6
0
0
2
2
6
2
2
2
2
0
0
0
2
2
0
0
0
2
0
2
0
2
0
0
4
0
2
4
0
0
2
4
0
0
0
2
0
0
0
2
0
0
0
0
0
0
2
0
0
2
2
2
2
0
2
0
2
2
2
2
2
0
4
0
2
4
0
0
2
0
4
0
0
0
2
2
2
0
4
2
2
0
4
0
0
2
2
2
0
0
2
2
0
2
2
2
0
2
2
2
2
2
2
2
2
2
4
2
2
0
2
4
0
0
2
2
0
2
2
2
0
0
4
2
2
0
2
0
0
2
2
2
2
0
4
2
2
0
0
0
2
0
4
4
0
0
0
0
0
2
2
2
0
0
4
0
2
2
0
2
0
2
0
2
0
0
0
2
2
2
2
4
2
0
4
0
0
0
0
2
2
4
0
2
0
2
0
0
2
2
4
0
4
0
0
0
2
0
0
0
4
0
0
4
0
2
2
2
2
2
2
2
2
4
0
0
2
0
2
0
2
0
2
2
2
0
2
2
2
0
0
0
0
0
0
2
0
0
2
0
2
0
2
0
2
0
0
4
2
2
0
0
4
0
0
0
2
4
2
2
2
0
0
2
0
0
2
0
0
2
2
0
4
0
0
2
2
2
0
0
2
2
0
0
0
2
2
0
0
4
2
2
0
6
8
4
2
13
11
8
8
11
6
4
2
4
4
8
6
19
2
2
2
4
0
2
2
2
2
6
2
0
4
0
4
4
4
2
15
4
11
6
9
6
4
0
2
6
6
6
2
4
0
4
2
2
13
9
6
4
2
0
0
2
0
4
2
8
13
11
9
8
8
2
6
4
4
2
2
4
4
2
2
2
4
0
2
6
2
2
0
0
4
4
2
2
6
0
2
2
6
11
11
0
2
0
8
4
2
2
0
2
2
8
0
2
2
4
6
6
4
2
0
2
9
0
0
9
9
2
0
6
2
2
4
6
2
2
11
4
11
2
2
8
2
2
2
4
11
13
2
2
4
4
2
6
0
0
4
0
4
4
4
15
6
4
2
2
9
2
2
2
6
4
2
0
4
0
2
4
4
4
4
2
11
2
6
4
4
2
8
0
0
0
2
10
10
8
0
2
4
6
4
11
2
2
0
2
0
0
2
13
2
0
11
0
2
8
10
4
7
6
23
2
0
8
2
2
0
0
2
0
8
2
2
6
11
2
8
0
0
0
4
4
3
4
2
2
4
2
8
2
2
2
4
6
2
4
6
6
13
6
6
4
4
4
2
10
6
4
4
11
11
4
2
0
4
4
2
2
6
11
4
4
0
6
6
10
10
10
11
8
9
11
11
11
8
9
9
8
11
8
7
9
4
9
8
8
11
8
8
13
3
12
12
8
5
8
10
10
14
7
16
11
13
7
11
15
10
11
12
8
7
5
13
12
11
5
9
9
9
13
10
5
10
8
9
10
9
8
8
8
9
9
11
10
8
9
7
7
12
11
9
8
6
9
10
9
15
11
11
8
9
6
8
9
15
8
12
7
10
10
11
10
12
7
11
11
14
12
9
9
21
10
11
6
10
11
10
12
8
8
9
11
11
12
9
8
7
10
8
5
12
7
7
11
8
10
12
8
5
11
10
10
7
10
10
8
9
6
11
8
14
8
9
12
7
8
11
8
8
10
10
9
11
7
9
12
10
7
16
12
8
12
11
6
10
12
12
10
6
9
9
9
10
9
6
10
10
7
11
8
11
7
10
9
7
7
11
10
7
10
11
9
11
9
10
8
12
9
9
9
10
7
14
9
10
8
8
9
8
3
8
14
12
7
10
12
7
7
6
8
9
8
13
6
14
5
9
9
10
9
6
8
10
8
7
7
12
8
10
8
5
5
9
9
10
8
7
10
8
10
9
9
6
11
12
8
10
7
5
10
12
9
6
13
7
8
6
7
10
13
11
10
8
5
10
12
12
11
10
12
13
9
5
0
24
11
26
28
32
38
90
48
3
0
0
0
4
21
26
23
61
0
66
59
0
0
0
0
37
23
34
23
0
48
31
44
0
0
0
0
0
52
57
23
25
41
34
0
22
0
0
0
2
22
53
79
59
35
5
0
0
0
0
0
4
0
40
22
79
20
19
35
0
0
0
0
0
42
27
0
3
54
14
28
61
0
0
0
0
49
2
26
47
83
31
45
0
0
0
0
29
28
31
6
4
40
31
19
0
0
0
0
2
10
21
26
22
33
56
23
0
0
0
0
4
32
12
25
1
19
59
53
0
0
0
0
5
2
38
9
0
51
25
10
0
0
0
0
0
37
21
21
0
29
0
24
34
22
0
1
4
11
23
9
25
13
29
1
36
0
0
0
3
9
28
8
16
33
24
44
39
0
0
0
1
0
41
37
34
48
47
10
0
0
0
0
0
82
30
22
38
0
38
3
2
0
0
2
13
0
29
87
28
68
43
0
0
0
0
0
2
55
39
42
3
37
50
16
44
0
0
0
64
29
46
31
2
0
44
70
0
0
3
33
9
37
0
31
86
30
66
25
0
4
24
2
3
0
2
2
2
28
19
0
0
0
60
0
40
45
32
32
51
27
46
27
48
26
27
0
12
28
64
7
48
0
73
59
59
97
81
