0
2
0
0
2
2
8
0
4
10
0
2
4
2
4
2
2
6
2
0
14
2
2
2
2
12
8
2
10
2
0
2
2
4
4
4
4
4
6
8
8
2
0
4
0
0
0
4
2
15
2
2
2
0
2
2
4
2
2
0
6
6
0
0
8
4
8
4
6
2
2
8
4
6
6
8
6
2
6
0
4
6
6
2
0
4
4
8
4
2
0
0
6
6
6
9
0
2
8
4
10
8
6
12
4
4
2
4
2
2
4
0
0
2
0
0
2
10
2
2
4
0
6
6
2
8
8
6
10
2
2
6
8
0
4
6
0
0
2
2
0
0
0
2
0
0
4
4
6
2
10
12
11
10
8
6
4
6
10
2
4
0
0
2
2
4
2
6
2
6
2
0
8
4
2
4
10
4
4
0
6
2
0
13
2
12
4
6
8
0
4
4
2
8
0
2
2
4
8
4
2
2
6
10
4
6
0
4
2
6
2
15
2
2
0
4
0
0
6
0
0
0
2
4
2
2
2
2
2
2
2
2
2
8
4
7
2
2
0
2
10
6
2
4
0
2
2
8
8
2
6
4
2
0
2
4
2
4
6
2
2
4
0
4
4
0
4
4
2
2
0
4
0
2
2
8
4
4
0
4
4
6
8
9
0
6
6
0
11
7
6
2
6
6
4
2
16
4
6
6
4
0
0
2
6
4
4
6
7
11
4
2
2
5
2
4
4
3
4
4
2
4
4
2
6
0
4
7
4
9
6
9
4
6
16
11
7
20
11
2
4
5
6
6
2
7
7
37
9
7
4
4
7
9
2
20
7
9
4
4
2
5
7
11
7
6
9
9
9
7
7
11
13
20
14
26
15
9
7
20
12
30
9
9
16
2
24
11
13
9
19
20
36
15
11
13
6
9
6
24
9
7
13
19
17
17
6
13
9
4
7
11
18
7
15
13
7
16
15
17
18
20
35
18
7
7
26
9
25
7
7
18
20
17
19
18
7
11
29
14
9
7
6
24
57
39
13
13
7
7
22
22
7
18
31
16
11
11
22
9
13
25
18
5
22
20
17
9
13
7
4
11
18
35
6
22
16
9
11
28
16
13
28
6
9
15
15
15
9
6
31
11
14
9
20
17
21
11
15
18
10
13
9
16
13
11
7
7
40
10
11
13
7
9
17
5
17
5
15
13
13
11
7
7
15
11
9
5
9
9
13
5
9
6
18
4
15
15
9
4
5
5
4
7
7
5
4
7
2
5
15
16
2
15
5
5
4
9
4
9
7
7
4
17
9
7
9
5
5
4
7
4
11
4
11
5
11
0
10
6
8
15
4
12
10
10
6
17
12
4
13
12
14
6
8
8
6
6
12
8
12
10
10
6
8
6
4
2
6
2
6
14
14
12
2
12
10
10
6
10
10
5
8
4
8
4
12
4
6
4
6
6
8
6
6
4
8
2
6
2
6
6
10
4
12
8
6
8
8
6
4
6
6
8
14
4
6
2
10
8
6
2
4
4
10
12
8
10
4
10
4
10
8
10
6
6
19
15
19
10
6
12
21
17
6
8
10
12
11
6
8
8
10
6
8
12
2
10
8
6
10
8
8
10
6
10
6
4
10
13
2
10
10
10
12
21
0
4
10
4
8
6
6
6
6
23
10
11
0
6
6
0
6
10
12
13
6
13
12
4
4
12
14
13
17
29
8
10
19
8
8
23
7
10
4
13
6
4
12
11
10
6
10
8
8
10
4
13
10
12
6
6
10
9
7
0
8
8
2
27
10
4
9
11
5
9
6
9
2
10
6
15
14
13
17
10
6
10
8
12
8
6
6
4
10
6
4
4
4
13
2
4
35
6
8
4
0
0
4
2
8
6
10
4
14
6
8
9
8
5
6
4
4
2
5
0
0
0
2
2
2
2
2
0
0
2
0
0
0
4
0
0
2
4
2
2
0
2
2
2
0
0
2
0
35
80
68
67
78
80
58
43
37
19
54
82
73
81
75
56
39
40
35
74
37
33
60
22
73
79
79
65
56
80
48
53
29
37
28
45
35
42
76
74
65
60
42
69
61
54
28
20
39
69
51
48
50
47
32
37
17
66
50
58
67
20
58
74
47
80
93
31
24
39
16
35
69
84
63
64
48
40
55
32
24
28
49
29
46
50
42
40
58
51
45
29
46
33
39
55
48
45
49
48
69
65
26
45
33
23
20
86
42
62
49
20
57
50
23
28
55
56
67
49
31
40
43
47
65
70
42
29
36
36
26
30
36
72
49
24
45
33
39
22
27
31
21
87
67
39
83
36
22
36
24
28
42
44
95
96
95
97
79
24
71
43
70
53
76
74
75
88
65
32
26
25
39
29
23
26
68
21
48
62
44
39
39
33
36
37
34
42
31
24
21
52
33
28
48
32
75
24
19
16
20
17
32
30
33
84
39
34
46
26
32
18
26
35
28
45
78
63
27
40
94
33
28
21
21
29
33
33
71
44
24
58
98
66
47
22
25
19
23
33
30
22
23
35
80
62
22
20
21
25
19
26
44
46
55
75
41
55
33
23
60
18
27
20
67
41
68
38
40
51
35
20
20
29
26
53
25
42
47
33
25
39
49
30
72
29
30
50
3
14
0
7
9
0
0
9
7
0
11
11
6
0
8
10
4
9
0
11
0
8
0
7
2
8
9
0
7
5
11
2
0
0
6
0
8
8
0
8
0
9
0
4
2
0
4
0
7
8
8
0
0
0
12
0
9
0
8
9
7
10
0
7
2
8
7
0
8
10
6
0
0
0
0
0
8
0
3
9
0
7
7
0
13
0
3
8
0
4
6
0
7
7
7
6
0
1
0
6
9
0
5
9
0
5
7
0
0
8
0
6
8
0
7
7
0
8
7
7
8
0
8
7
0
11
0
8
0
10
13
0
12
0
7
6
0
8
10
11
5
0
0
8
0
6
1
0
12
8
0
8
7
0
5
6
0
6
6
0
3
8
6
1
0
6
4
0
10
4
0
4
4
0
9
9
0
6
7
0
10
0
7
9
10
13
0
10
0
16
6
9
6
0
5
2
0
0
9
0
7
7
0
2
6
6
7
0
0
6
7
0
9
0
5
7
0
5
8
0
8
8
0
12
0
5
9
9
0
0
8
12
0
9
0
2
6
0
4
7
0
6
7
7
0
3
5
0
7
3
6
6
4
0
7
0
2
0
0
8
7
0
7
10
0
0
10
7
0
8
0
0
12
0
6
10
12
14
0
2
0
9
8
0
9
0
9
0
2
1
1
0
0
0
2
1
0
0
2
1
0
2
2
1
0
2
0
2
1
1
2
1
2
1
1
1
2
12
8
0
0
0
1
1
2
2
2
2
2
2
2
2
2
2
2
0
2
2
0
8
0
2
2
2
2
2
1
2
2
0
0
2
2
2
0
0
0
0
2
0
0
2
2
2
11
0
1
0
2
0
0
0
2
2
4
1
4
2
2
0
13
2
0
1
1
2
2
2
0
5
2
2
1
2
2
0
2
2
2
0
0
2
2
2
2
2
2
2
0
2
1
2
1
0
1
0
2
0
2
2
2
1
1
0
0
2
2
2
2
1
2
2
2
2
0
2
1
1
2
2
2
2
2
2
2
2
0
2
1
2
2
1
0
1
2
2
2
2
2
0
2
2
4
0
2
0
0
2
2
1
2
7
2
1
0
1
0
2
2
2
12
2
2
1
1
10
2
2
7
1
1
0
2
1
0
2
2
2
2
2
1
1
2
10
2
5
1
7
2
1
1
2
1
2
2
1
2
2
2
0
0
0
0
2
0
2
2
2
0
2
2
0
0
2
9
0
2
0
0
1
1
2
0
2
1
1
0
1
2
2
2
1
2
1
1
0
0
2
2
2
0
0
0
2
0
0
2
0
0
0
0
2
2
2
0
0
7
6
8
11
9
8
10
9
10
8
7
9
8
9
10
9
13
8
6
7
9
13
7
12
8
10
12
10
8
7
16
9
12
9
10
20
13
7
9
6
6
12
11
7
12
6
9
13
12
8
5
7
6
7
6
10
9
6
9
7
7
5
8
10
11
15
12
9
6
5
12
9
6
6
5
7
7
7
7
9
6
9
7
9
8
8
7
8
16
9
10
11
9
8
17
8
7
6
6
7
13
6
8
7
5
7
9
8
7
5
7
7
11
6
6
9
6
8
8
7
8
11
9
4
7
14
9
6
6
6
7
7
9
14
7
9
9
13
7
5
9
6
11
7
9
6
7
5
9
5
8
8
4
6
7
8
10
8
10
6
17
14
7
9
10
11
6
5
9
6
6
14
6
8
9
6
6
9
6
9
8
7
15
16
8
9
9
9
12
8
7
5
12
8
7
14
8
8
14
7
7
7
5
8
18
9
10
9
6
9
13
7
8
5
7
7
6
9
6
7
6
8
12
9
10
8
8
7
9
6
6
13
17
7
6
7
6
9
5
6
8
6
6
12
6
6
9
7
6
6
6
8
10
11
8
6
5
6
7
7
9
14
9
5
10
6
9
5
7
7
10
6
7
7
12
7
7
8
7
7
5
7
11
6
7
5
8
8
2
0
0
2
4
0
0
2
0
0
0
4
2
2
2
0
4
2
0
2
4
2
2
0
4
2
4
2
0
0
4
2
2
2
4
0
0
2
0
2
2
2
2
0
4
4
0
0
2
0
2
0
2
0
2
2
2
2
0
2
4
2
2
2
2
2
2
4
2
2
2
2
0
0
2
0
0
2
2
2
2
0
4
0
2
0
2
0
4
2
2
2
4
2
2
2
2
2
2
2
2
0
2
0
2
2
2
0
0
4
0
4
2
2
0
2
2
2
2
2
2
2
0
2
2
2
2
4
2
2
0
2
2
4
4
0
2
2
0
0
2
2
0
4
2
2
2
2
2
2
2
0
2
2
0
2
2
2
2
2
2
0
0
0
4
4
0
2
4
0
0
2
2
2
4
2
0
2
2
0
2
0
4
2
2
0
2
0
0
2
4
4
2
2
0
0
2
2
4
2
2
2
2
0
0
4
0
2
2
0
4
2
0
0
2
2
0
2
0
4
2
2
2
2
4
0
2
2
0
2
0
2
0
2
4
2
2
0
4
0
0
2
2
2
0
4
4
4
2
2
2
0
0
0
2
2
0
2
0
2
2
2
2
2
0
2
2
2
2
2
0
2
0
4
4
2
0
2
4
0
4
2
4
4
2
0
2
4
19
19
19
19
19
19
19
19
19
19
18
20
19
19
19
19
16
19
19
19
19
19
19
19
19
19
19
19
19
19
19
19
19
19
19
19
19
19
19
19
19
19
19
19
19
19
19
19
19
19
19
19
19
19
19
19
19
19
19
19
19
19
17
19
19
18
19
19
19
19
19
19
19
19
19
19
19
19
19
19
19
19
19
19
20
19
19
19
19
19
19
19
19
19
19
19
19
16
19
19
19
19
19
19
19
19
18
19
19
19
19
19
19
19
19
19
19
19
19
19
19
19
19
19
19
19
19
19
18
19
19
19
19
19
19
19
19
19
19
19
19
19
19
19
19
19
19
19
19
19
19
19
19
19
19
19
18
17
19
19
19
19
19
19
19
19
19
19
19
19
18
19
18
19
19
19
19
19
19
19
19
19
19
19
19
19
19
19
19
19
19
19
20
19
19
19
19
19
17
19
19
19
19
19
19
19
19
19
19
18
18
19
19
19
19
19
19
19
19
19
19
19
19
19
19
19
19
19
18
19
19
19
19
19
19
19
19
19
20
19
19
19
19
19
18
19
19
20
19
19
19
18
19
17
19
19
19
19
18
19
19
19
19
18
19
20
19
19
19
19
19
19
19
19
19
19
19
19
19
19
20
19
19
19
19
19
19
19
2
17
2
4
4
4
4
25
23
2
19
15
2
2
2
2
4
13
4
8
14
2
19
4
4
4
10
15
15
17
19
2
2
4
4
4
6
2
10
13
4
6
4
6
12
2
4
15
10
6
2
8
2
6
19
27
15
4
4
4
8
2
8
2
6
15
21
15
11
10
13
2
4
4
9
2
4
0
2
2
10
4
2
4
2
8
4
4
2
13
12
8
4
13
9
4
4
6
6
4
10
28
0
4
4
2
2
4
8
4
2
2
15
11
14
11
6
4
6
4
8
10
4
9
0
6
4
2
12
13
17
8
8
8
2
2
2
8
11
11
2
4
8
4
8
2
6
2
10
2
12
6
4
15
18
2
2
10
4
8
8
17
11
8
4
2
10
8
6
10
2
2
2
2
2
4
6
4
6
2
8
4
4
6
4
4
4
4
19
9
21
2
4
4
2
4
2
0
11
8
2
2
14
2
8
4
14
15
15
13
11
11
6
4
2
4
8
4
4
2
2
9
9
21
4
15
12
4
2
4
12
10
13
12
11
15
17
0
6
10
2
4
17
4
14
15
6
4
6
10
8
2
4
6
10
6
8
6
6
2
4
6
6
8
2
0
6
6
0
4
2
6
12
4
4
13
30
21
4
4
4
2
4
2
13
11
6
6
