2
2
0
2
0
0
0
0
0
2
0
2
0
2
2
0
2
2
2
2
0
0
2
2
0
0
2
0
2
0
2
2
11
7
2
2
2
2
0
2
2
1
2
2
0
0
2
0
0
2
2
0
2
2
2
0
0
2
0
2
4
0
0
0
2
2
0
0
0
1
0
1
2
2
2
2
2
2
2
2
0
2
2
2
0
0
2
2
0
2
2
0
2
0
0
0
0
0
2
0
2
2
1
0
0
0
0
4
0
0
1
2
2
2
0
2
0
2
2
2
0
2
2
2
2
0
0
4
2
0
0
0
2
0
1
0
2
2
0
2
0
7
2
0
1
2
2
2
2
2
2
0
0
2
2
0
0
0
0
2
0
2
0
2
2
0
2
2
2
0
2
2
0
0
2
0
0
2
2
2
0
2
0
2
0
2
2
1
0
2
2
9
0
0
0
0
2
2
1
0
2
2
0
2
2
6
0
2
0
1
0
0
2
0
0
0
2
4
0
0
2
0
3
2
1
2
0
2
2
4
2
2
0
2
0
2
2
0
2
1
0
2
2
0
2
2
2
0
2
2
0
0
2
0
2
0
0
0
0
0
5
2
0
0
0
2
2
0
0
2
0
2
0
2
1
1
2
0
0
5
2
0
2
1
2
0
0
2
4
4
21
6
15
0
6
2
8
4
2
4
4
9
6
27
2
6
5
7
2
23
12
8
8
22
8
4
3
6
4
8
10
25
12
19
7
2
6
44
7
4
10
6
6
7
8
48
7
4
10
6
6
13
12
8
2
4
7
4
5
23
6
8
5
4
8
3
10
9
10
6
2
8
15
6
6
10
38
4
6
10
10
4
39
6
8
10
17
6
23
6
8
4
2
54
6
4
4
2
10
10
25
4
13
23
10
14
12
2
6
10
18
46
8
10
4
14
10
12
10
4
5
4
8
8
4
25
4
4
6
8
8
7
8
10
8
12
9
6
6
12
17
6
4
2
6
51
2
8
4
4
6
5
4
4
10
4
4
13
46
5
12
4
2
6
6
6
6
6
10
14
6
4
11
6
10
6
8
42
11
4
4
14
8
10
17
2
6
6
13
42
8
35
8
8
8
6
33
5
15
10
9
6
8
10
4
20
14
4
2
6
8
6
10
11
8
12
4
9
6
6
8
6
29
6
6
11
6
2
6
8
6
6
4
10
12
5
8
5
12
2
2
19
2
0
4
4
0
2
0
4
4
0
46
15
2
12
2
0
0
2
0
48
0
2
0
19
2
4
0
0
0
0
2
4
0
2
2
4
0
4
13
0
15
4
2
52
10
5
3
5
4
2
5
2
2
2
2
4
7
14
5
3
3
2
3
2
4
5
6
3
2
3
3
2
2
3
9
3
5
5
3
2
4
5
3
3
2
20
2
5
6
7
2
2
2
3
4
3
2
2
4
3
2
0
5
0
4
0
21
3
4
4
0
2
2
3
7
7
5
3
7
0
1
2
0
3
0
4
4
3
2
2
2
2
2
7
16
4
3
2
2
6
6
2
4
4
2
2
2
0
4
2
3
2
4
4
0
0
3
1
2
0
0
4
2
5
2
2
3
2
2
2
2
0
18
2
7
2
0
2
3
2
2
0
1
5
2
1
2
5
4
2
2
3
10
1
2
5
3
0
2
5
17
5
12
3
8
6
2
7
2
5
5
5
4
2
1
2
0
1
2
5
7
1
7
0
1
3
0
4
3
2
2
2
1
2
5
2
5
3
2
4
2
2
7
3
0
14
4
3
20
5
2
6
2
3
2
2
7
2
2
5
4
3
5
0
2
3
8
2
2
2
2
0
4
5
2
0
2
1
2
2
0
0
7
4
11
2
2
4
4
2
4
5
0
3
2
2
4
2
3
2
19
3
2
8
4
2
5
6
5
2
9
2
2
4
2
3
11
3
5
0
3
2
5
3
2
5
4
2
3
3
2
5
2
0
2
0
7
3
2
7
2
2
4
0
4
6
0
0
19
2
2
0
0
5
2
2
3
4
0
4
2
11
4
2
7
2
2
2
0
3
2
6
2
3
2
4
5
2
2
4
5
2
5
6
2
4
2
2
5
2
2
0
4
2
4
0
0
7
2
2
0
4
2
4
3
4
0
4
0
2
2
3
6
4
2
4
4
2
3
4
0
4
2
2
0
2
2
0
0
7
4
1
3
4
0
2
2
3
4
0
21
0
2
6
2
17
19
0
2
2
5
4
2
0
4
2
7
0
2
0
0
0
0
0
2
2
0
2
0
2
3
5
4
5
4
4
0
2
5
17
4
2
7
4
2
2
1
4
4
4
4
2
2
5
2
4
2
0
0
4
2
2
2
3
2
7
2
0
0
5
0
4
2
4
2
31
2
0
2
3
2
4
4
0
6
0
3
6
2
0
3
3
4
23
2
6
5
2
4
0
6
2
0
2
2
0
13
6
4
4
4
2
0
2
6
0
2
4
2
2
2
4
2
2
17
7
2
2
17
2
2
2
0
4
4
0
4
6
2
2
2
2
2
0
0
3
7
9
2
2
2
4
2
15
2
2
17
2
19
7
3
4
2
3
2
4
21
17
4
0
3
2
5
4
4
5
4
2
17
0
14
29
21
10
14
15
8
15
15
17
8
19
10
21
23
8
31
27
8
13
19
13
6
17
4
17
10
12
12
19
27
15
10
21
14
33
16
19
8
8
15
15
12
21
10
15
31
6
23
42
12
31
16
33
10
14
10
17
14
27
21
6
19
54
36
14
15
14
10
17
14
15
21
8
27
13
10
15
12
21
15
19
12
8
21
19
14
15
17
25
23
7
23
23
21
21
21
10
25
15
19
23
33
33
35
21
19
23
29
25
25
25
21
17
31
9
17
12
19
34
40
17
23
36
19
13
17
43
10
25
23
13
42
39
19
39
38
25
33
21
11
29
31
8
14
27
21
31
15
42
42
39
19
23
17
23
42
23
33
12
10
44
12
33
23
21
19
31
29
10
21
33
17
23
44
15
13
42
8
15
62
27
12
15
14
41
29
15
17
25
14
29
12
8
27
21
29
23
21
8
19
15
29
33
14
21
15
14
19
31
36
27
15
17
38
10
21
10
27
10
8
10
13
23
23
21
10
12
10
17
10
6
6
27
10
13
8
21
35
10
4
19
19
10
12
6
14
15
12
8
13
12
23
8
23
29
12
19
6
8
23
15
10
10
13
10
12
8
12
15
13
12
4
21
17
29
21
19
10
12
6
11
10
8
12
10
21
8
2
2
4
2
0
4
0
0
4
4
0
2
0
0
6
0
4
8
2
2
2
4
2
2
0
2
4
0
0
2
0
0
0
2
0
2
2
0
2
2
0
2
0
0
0
0
2
6
0
2
0
2
2
2
2
0
12
0
2
0
2
0
4
2
0
0
4
0
0
2
2
2
2
2
0
4
0
2
2
2
2
2
0
2
8
0
2
10
2
2
0
0
4
12
2
0
0
2
0
0
4
2
0
4
2
0
2
0
0
8
0
0
2
2
0
0
2
4
4
2
0
0
2
4
2
2
4
0
0
0
0
2
0
0
0
2
2
2
2
0
11
0
2
2
4
2
0
0
4
2
0
4
2
2
12
2
2
4
0
0
2
0
2
0
0
10
6
2
0
2
0
2
2
2
12
0
0
2
2
2
4
4
0
2
4
0
2
4
0
2
2
2
2
0
2
12
2
0
2
2
0
0
0
2
0
2
0
0
2
2
0
4
2
0
2
0
4
0
2
2
2
2
6
2
0
2
4
2
2
2
8
0
2
2
4
2
2
0
0
0
4
0
2
2
2
0
0
4
4
0
0
2
4
2
2
2
2
2
4
4
4
2
6
2
0
0
2
2
0
4
2
0
2
2
2
0
0
2
4
0
4
0
2
2
0
2
2
0
0
2
0
0
2
2
0
2
0
0
0
2
4
0
2
4
4
2
2
2
4
4
0
2
2
2
0
0
0
0
0
4
2
2
4
0
2
0
0
2
0
0
6
2
2
4
0
2
2
4
0
0
2
2
2
2
0
4
2
4
2
2
0
0
2
0
0
6
2
2
2
0
2
0
0
4
2
2
0
0
6
0
4
2
4
2
0
4
2
0
2
2
0
2
2
0
2
6
2
0
4
8
4
2
2
2
0
2
0
0
4
2
2
0
4
6
4
6
2
4
0
2
0
2
2
0
4
4
0
8
0
4
0
2
2
2
0
4
2
0
2
2
4
0
2
0
2
0
4
0
2
2
4
2
0
0
0
2
0
4
2
2
4
6
6
2
2
4
6
0
2
4
2
0
2
2
0
0
2
0
2
2
4
0
2
0
4
4
0
2
4
2
0
2
0
2
4
2
0
2
0
0
0
2
0
2
4
0
4
2
4
0
0
6
2
0
0
0
6
0
2
4
2
0
4
0
2
2
0
0
0
6
0
2
0
2
0
2
6
4
2
0
4
2
0
4
4
0
2
4
2
4
2
2
2
4
2
2
0
2
2
4
0
4
0
0
4
6
2
2
2
4
0
0
2
0
4
2
2
2
2
0
2
2
2
0
0
0
2
65
2
2
3
2
0
24
2
0
32
81
33
9
2
18
0
80
0
2
22
2
0
18
0
5
2
0
6
71
1
0
12
0
35
0
0
0
29
32
0
0
2
0
15
2
40
26
0
26
27
2
76
65
22
2
32
0
2
0
0
0
2
0
31
0
0
35
0
0
46
2
0
88
0
49
2
10
0
4
87
0
41
0
5
40
2
46
2
2
0
1
0
0
29
2
41
0
0
26
57
0
0
0
4
0
0
0
0
2
36
2
4
29
2
2
0
16
0
2
2
2
98
0
86
0
52
8
4
86
0
0
2
2
0
0
0
1
0
3
2
0
2
0
31
0
83
0
6
0
25
40
0
12
39
0
2
0
2
4
0
0
0
0
0
6
32
0
0
0
37
0
2
0
3
40
36
0
16
4
0
5
0
0
0
25
0
7
5
86
9
67
0
32
0
0
0
32
2
2
24
2
2
2
2
0
0
15
82
0
2
0
26
18
0
2
2
0
5
77
41
2
0
2
0
25
2
2
2
41
2
0
14
0
2
0
0
13
4
2
41
0
4
0
0
6
0
72
51
2
90
42
0
0
79
4
4
0
0
2
53
0
28
81
76
5
43
4
28
0
2
4
2
0
0
7
61
2
0
3
31
0
0
0
0
0
0
0
4
4
5
6
5
4
5
4
4
6
7
4
5
4
5
3
4
6
3
5
3
9
5
4
5
3
3
5
3
4
3
4
6
5
7
7
5
5
3
5
5
6
4
3
4
4
4
6
3
7
5
4
5
4
4
5
3
4
4
5
6
4
5
6
4
5
7
6
7
6
4
5
4
5
5
3
5
5
4
5
6
5
4
6
6
5
4
5
3
5
6
5
4
4
6
4
5
4
5
5
4
7
4
4
5
3
6
4
3
4
5
5
4
4
3
4
4
5
7
3
6
4
5
3
4
4
4
4
6
4
5
3
5
5
3
2
4
5
6
4
5
5
4
5
3
6
5
4
5
4
3
4
5
3
4
7
5
8
3
4
4
4
4
4
4
6
3
4
4
5
5
6
5
4
4
4
4
4
5
4
3
3
3
5
5
3
6
3
4
4
5
3
4
6
6
5
3
4
3
4
5
4
5
4
6
4
3
4
4
5
5
4
4
4
5
5
6
4
4
4
4
5
5
6
5
3
5
4
3
4
3
4
3
4
3
4
5
4
3
4
3
5
3
3
5
4
4
4
3
3
6
4
4
3
4
3
3
5
3
4
4
5
3
3
2
4
5
3
4
5
3
3
5
4
3
5
4
4
6
4
3
4
5
4
4
2
5
4
5
3
1
29
34
27
12
22
29
30
32
21
46
13
3
28
21
17
14
14
37
1
20
43
1
37
21
45
28
26
52
3
22
49
3
38
1
25
30
36
24
32
41
34
25
28
1
0
3
14
33
9
29
50
32
16
39
20
6
26
1
46
1
29
14
34
7
14
22
37
39
6
1
42
1
30
2
11
4
18
25
26
17
25
21
4
22
26
34
22
6
26
47
6
21
4
1
16
14
23
24
52
7
34
4
40
23
1
29
22
22
17
19
21
27
15
50
50
18
3
7
33
24
18
19
3
11
1
28
6
41
36
15
31
6
24
5
32
3
3
13
39
22
6
23
36
0
14
10
16
1
24
27
1
35
1
26
18
29
14
28
23
15
32
35
1
19
15
3
23
9
34
3
20
14
12
41
3
22
0
29
31
15
35
8
2
40
17
35
48
42
1
18
10
18
35
24
3
20
36
23
36
25
49
1
17
44
3
18
12
23
28
3
22
5
0
16
11
24
4
55
28
19
27
20
1
37
3
3
24
29
37
2
20
15
23
33
19
6
31
3
15
70
1
26
30
24
31
8
9
29
29
17
3
50
23
1
26
3
12
22
22
25
1
16
20
1
28
25
26
42
5
14
44
1
44
12
23
1
21
29
36
6
18
16
3
30
4
