6
4
6
6
4
2
6
4
4
6
6
8
6
4
6
6
6
4
4
4
6
6
6
4
4
6
4
4
8
6
4
4
4
6
6
6
8
6
6
6
6
6
4
6
6
6
8
6
4
8
8
6
8
4
6
2
6
6
6
6
4
8
4
6
8
6
8
6
6
4
4
6
6
6
6
6
8
6
6
4
2
6
4
4
8
4
6
6
6
6
4
4
6
6
6
4
6
6
6
6
6
6
8
0
4
8
4
6
6
6
4
4
6
6
0
0
0
6
4
4
8
4
6
6
4
8
8
4
4
6
0
2
2
6
6
8
2
4
6
6
6
8
2
8
4
7
4
8
12
6
6
4
10
10
10
12
14
14
8
10
10
14
10
8
14
8
14
0
2
0
12
6
0
0
8
6
0
0
0
6
0
6
4
2
4
6
10
10
14
12
12
8
12
14
12
10
10
12
0
0
0
0
12
12
12
12
10
10
10
12
10
18
8
12
17
12
10
12
12
14
12
10
12
14
10
12
10
8
16
12
10
12
10
8
14
10
4
14
12
16
10
8
6
12
12
12
12
12
10
10
14
10
12
8
8
12
0
0
0
6
12
10
12
10
14
0
0
0
4
6
4
6
6
6
4
4
6
4
4
6
6
4
6
6
0
6
4
4
0
0
0
3
0
0
3
0
2
0
0
2
0
0
2
0
2
0
0
0
0
2
2
0
6
2
3
0
6
0
0
0
0
0
0
0
0
2
0
2
0
0
0
0
2
0
0
0
2
0
0
2
5
0
2
0
11
0
0
2
0
2
0
4
2
0
2
0
0
0
0
0
0
2
2
0
4
0
2
2
2
2
2
0
2
2
0
2
4
2
0
2
0
5
0
0
7
5
2
8
2
0
0
4
2
0
4
9
2
0
2
4
0
0
2
2
2
2
0
0
2
2
2
3
5
9
3
2
1
2
2
0
2
4
4
4
2
2
2
0
6
2
3
6
0
2
2
0
0
0
0
2
0
0
0
0
2
2
4
4
0
2
0
2
0
2
0
2
2
0
2
2
0
2
0
3
0
0
2
2
0
0
3
0
3
0
0
0
0
2
0
2
0
2
0
2
0
2
3
0
0
0
2
2
2
3
2
0
0
2
0
0
2
3
0
9
0
2
2
5
0
0
5
5
2
0
3
0
0
2
0
4
2
0
2
0
0
2
2
0
0
0
0
2
2
0
2
2
2
0
0
0
2
2
18
0
0
0
2
2
0
0
0
2
2
0
0
0
0
0
1
0
5
0
2
3
0
2
0
0
0
0
0
2
4
2
0
2
13
0
0
33
24
25
0
0
8
8
34
37
19
0
0
28
32
39
18
2
32
0
0
22
1
0
2
22
25
26
27
21
0
45
0
2
5
0
18
10
23
2
4
0
0
40
6
7
65
0
0
0
15
0
0
2
0
7
5
50
25
3
19
6
0
26
22
6
33
0
0
21
4
15
32
0
0
11
13
5
0
0
7
32
0
40
27
0
18
2
42
13
5
5
23
0
31
0
0
0
7
21
3
9
31
0
22
8
25
8
0
2
7
13
6
70
36
0
2
0
6
0
0
0
21
2
5
0
25
11
26
7
21
2
17
6
0
0
22
0
0
0
33
0
8
17
67
29
6
23
0
0
30
15
0
12
0
5
2
8
0
6
0
0
4
5
4
0
0
0
19
0
1
17
0
13
0
0
34
2
9
5
2
26
24
0
65
24
14
4
34
3
34
0
8
26
2
0
0
6
4
22
0
22
20
0
18
6
0
24
66
18
9
0
0
0
0
0
17
0
0
0
0
39
0
22
0
4
0
0
0
0
0
0
15
8
0
0
0
0
12
23
2
0
0
0
2
0
4
23
6
0
28
0
0
0
3
0
0
0
0
1
0
0
3
0
0
0
0
5
39
0
0
3
0
0
2
0
0
0
0
0
8
0
2
0
0
31
8
4
4
9
7
6
2
6
13
11
11
10
4
6
2
2
6
8
8
11
6
8
10
2
0
2
2
6
12
8
13
15
7
8
8
13
4
8
4
4
0
2
6
10
8
4
11
13
4
4
2
2
2
11
15
7
11
11
13
8
4
8
6
2
11
0
4
11
14
9
9
9
4
8
8
8
4
6
11
13
13
8
13
9
4
4
4
4
6
6
12
11
6
11
12
9
13
6
2
6
4
6
9
11
6
13
8
13
6
5
10
4
8
10
4
11
11
11
10
10
11
6
8
21
6
8
9
9
19
4
7
15
7
4
2
2
2
6
2
6
9
12
9
10
4
8
0
0
0
4
5
10
8
8
4
5
4
10
0
2
9
2
2
4
2
6
23
4
6
10
2
8
4
2
2
2
4
4
8
6
10
2
6
2
6
4
4
2
2
2
6
2
2
4
2
4
0
4
6
0
2
2
4
4
11
8
10
2
2
6
6
4
10
8
4
2
9
8
9
4
4
4
2
4
4
8
8
9
11
8
28
0
4
2
0
8
4
4
2
9
8
4
6
6
66
2
4
0
8
4
6
10
7
4
9
8
6
4
6
2
8
2
9
8
14
7
9
6
4
4
2
4
8
2
5
9
8
8
11
11
4
2
0
2
2
0
6
2
10
15
0
4
6
8
4
6
23
10
6
6
10
10
8
2
12
12
4
8
17
4
2
10
14
6
8
6
2
6
10
8
6
6
6
6
10
8
0
4
4
6
4
8
6
6
10
14
8
14
8
10
6
4
10
8
8
10
10
14
14
12
4
19
16
8
14
6
16
10
10
35
10
6
12
6
10
12
10
8
6
16
17
10
10
12
8
8
16
8
6
4
16
6
14
14
6
10
8
12
10
8
4
12
21
8
15
14
8
13
12
8
14
10
14
12
8
10
8
17
8
10
6
17
10
18
12
6
6
25
14
10
12
8
6
4
6
10
4
17
12
8
15
21
12
12
21
21
13
13
12
10
6
8
14
12
12
8
21
21
4
2
19
14
10
17
17
15
13
6
14
12
12
8
10
10
6
12
21
12
29
8
16
12
16
15
12
19
4
23
25
19
17
17
10
23
21
10
21
21
13
15
6
16
12
16
17
17
6
17
21
19
23
23
12
19
14
8
15
17
6
10
12
8
14
12
8
10
8
10
19
8
6
10
6
8
6
12
12
6
12
14
12
14
8
6
8
10
4
10
12
4
14
4
12
2
10
15
12
10
10
14
10
12
12
10
8
8
4
16
6
4
6
10
4
19
8
10
14
14
4
12
8
8
6
4
10
6
6
2
0
2
4
2
49
10
4
6
4
4
6
15
4
8
4
4
6
6
5
0
9
10
4
2
8
4
6
4
8
6
2
0
6
4
2
6
0
4
76
13
5
8
4
6
6
2
6
0
6
6
6
8
4
2
8
6
2
4
32
2
4
2
0
0
2
0
2
4
4
2
45
5
2
6
8
2
2
6
13
8
4
2
4
4
5
2
2
2
4
4
4
6
2
4
4
0
38
8
2
8
13
2
2
2
2
2
4
2
4
2
2
83
2
4
4
2
4
4
6
2
4
2
4
4
6
19
75
6
2
95
2
6
2
6
3
4
4
8
6
6
4
2
6
8
4
8
4
8
4
6
6
8
4
4
20
4
2
7
2
0
2
6
6
4
4
6
3
4
2
5
4
5
4
6
4
4
8
7
6
4
0
2
6
2
4
6
2
4
5
6
4
8
4
10
8
8
6
4
4
2
79
8
2
2
6
9
2
6
2
6
6
4
8
2
6
6
41
3
6
64
5
2
11
2
4
6
4
14
6
8
6
8
7
6
51
2
83
4
2
12
6
6
7
4
6
10
10
17
4
5
4
2
7
10
4
7
5
8
2
8
6
2
0
6
6
7
4
0
13
2
7
6
2
2
0
70
6
15
47
4
2
8
4
4
0
4
13
9
3
6
5
2
4
14
4
7
4
6
4
4
6
5
6
12
5
2
4
5
7
4
4
18
8
2
6
4
2
17
4
6
15
5
5
4
2
6
4
6
9
0
2
4
5
4
6
2
4
3
4
6
16
8
4
2
15
4
12
3
4
4
2
6
4
4
4
3
7
6
5
15
8
5
2
3
2
7
7
6
9
4
6
8
6
11
3
5
2
4
6
4
3
6
2
5
10
5
7
6
4
6
11
6
3
14
6
17
7
5
6
6
5
6
17
6
2
6
4
6
6
2
5
8
6
6
2
4
8
4
6
8
5
4
4
8
5
5
4
0
5
7
4
11
4
6
6
6
4
6
2
12
5
2
4
4
4
6
14
10
2
10
7
3
5
5
8
4
0
6
4
7
3
0
4
7
0
7
6
8
6
0
5
16
7
5
16
7
7
3
7
6
3
8
4
2
6
4
8
4
0
6
4
11
4
5
0
4
5
4
5
9
4
2
2
3
4
15
2
8
8
2
6
6
2
7
4
5
2
2
4
4
4
4
5
4
2
14
4
17
0
8
8
8
6
4
5
0
4
4
15
2
6
4
6
16
2
4
2
6
2
2
4
4
4
3
18
0
6
4
2
4
4
2
4
2
5
6
4
16
4
15
7
4
8
4
6
6
2
4
4
10
6
4
4
6
4
6
4
8
6
8
6
6
4
0
6
6
4
8
10
8
2
0
4
6
4
0
4
4
4
2
6
2
2
4
4
4
4
6
6
2
6
2
6
6
6
4
2
4
6
4
6
2
4
2
4
8
6
6
6
0
8
6
6
4
2
4
8
6
2
4
2
4
4
4
6
6
2
2
4
6
8
6
4
4
4
4
4
8
2
8
4
6
4
6
2
6
6
4
4
6
6
4
6
2
4
8
4
4
2
10
2
6
6
6
8
4
0
8
6
6
6
4
6
6
4
10
10
2
6
0
2
2
4
2
8
8
4
4
2
4
4
6
0
6
10
8
6
6
4
2
4
4
8
6
2
4
6
4
2
8
4
4
4
6
4
2
2
2
8
6
4
6
2
4
2
6
4
6
4
0
6
2
8
6
4
6
4
4
6
6
8
6
6
6
6
4
6
4
10
2
4
4
4
6
6
4
4
6
2
6
4
0
4
6
4
0
2
6
0
4
0
6
4
10
6
4
6
6
6
6
4
6
4
8
4
6
6
2
6
2
6
6
6
6
4
4
6
4
6
2
4
10
0
2
4
0
0
4
8
4
4
2
4
6
8
4
2
8
2
10
4
0
2
6
8
6
6
4
2
10
4
6
0
0
0
2
2
2
0
6
2
2
0
2
0
0
0
2
2
0
8
0
0
2
0
2
0
2
0
0
0
0
2
4
0
4
4
4
0
0
0
0
2
2
2
4
0
0
0
2
2
2
8
0
4
4
2
2
2
0
0
4
0
0
0
2
2
0
0
2
0
2
0
2
0
2
4
0
2
0
0
2
4
2
4
0
2
0
0
0
0
2
4
0
2
4
2
0
2
2
2
2
2
0
0
0
2
0
0
0
2
2
0
2
2
2
0
0
0
2
0
0
2
2
0
0
2
0
0
6
0
2
0
0
0
0
2
2
0
2
2
2
0
0
2
2
0
2
2
4
4
2
2
0
2
2
2
2
0
2
4
0
0
2
2
0
2
2
2
0
2
0
0
6
0
0
0
2
2
2
0
0
2
0
0
6
0
0
2
2
0
4
0
2
2
4
2
0
2
2
4
0
4
4
0
2
2
0
0
0
4
2
2
0
0
0
0
0
2
0
2
0
0
2
0
2
0
2
2
2
0
2
0
2
2
2
2
0
0
76
0
2
2
0
0
6
0
2
4
0
2
0
0
0
0
0
0
0
0
0
0
2
0
0
0
0
4
0
0
0
6
2
6
2
0
0
0
2
0
2
0
0
4
6
0
0
0
0
0
0
0
0
0
0
0
0
0
0
0
0
0
0
0
0
0
0
0
0
0
0
0
0
0
0
0
0
0
0
0
0
0
0
0
0
0
0
0
0
0
0
0
0
0
0
0
0
0
0
0
0
0
0
0
0
0
0
0
0
0
0
0
0
0
0
0
0
0
0
0
0
0
0
0
2
4
4
6
2
2
4
2
10
8
2
4
6
8
2
6
8
2
10
10
18
8
16
2
4
6
20
16
6
4
10
2
27
2
8
4
4
8
8
4
4
8
2
10
8
6
4
27
8
8
6
6
2
0
2
6
4
4
8
12
6
2
6
2
2
10
37
6
4
29
8
4
4
4
10
6
8
10
6
8
4
2
33
6
6
10
4
4
6
6
8
10
6
37
6
4
8
4
6
8
4
6
4
4
8
8
8
12
14
12
6
6
8
8
10
18
14
22
6
18
12
8
14
24
22
10
10
10
23
16
23
8
10
14
13
16
8
14
20
14
14
10
12
8
4
21
14
14
14
10
10
10
16
10
4
6
8
12
8
10
10
14
12
10
6
33
12
6
6
10
14
8
12
10
8
21
12
4
4
19
12
10
6
12
14
6
8
8
18
14
10
10
6
6
14
12
14
12
10
6
16
18
12
4
4
31
20
12
8
8
12
6
6
12
53
