29
11
14
16
13
12
12
19
29
9
32
28
15
13
15
16
25
26
16
10
12
28
33
11
16
28
26
11
16
22
3
16
33
21
6
25
18
12
19
14
14
22
28
26
19
38
29
25
21
45
29
38
13
18
14
6
12
19
15
10
18
12
7
14
24
13
11
13
29
23
10
21
26
17
11
24
27
11
14
12
9
15
17
30
12
10
20
12
13
18
10
12
15
22
18
13
14
5
11
7
19
10
13
6
18
16
18
19
19
12
15
14
14
12
9
23
19
16
28
21
6
22
34
13
21
18
14
16
18
10
13
10
12
43
44
14
12
12
18
12
11
18
9
10
24
13
25
23
13
12
23
14
21
24
29
12
30
13
23
13
30
19
20
12
12
11
12
11
5
14
10
15
18
11
24
15
14
15
21
13
14
12
11
9
15
14
17
9
17
7
12
12
12
13
12
14
22
16
9
14
13
10
8
13
20
9
8
14
16
28
17
18
19
14
24
26
4
16
16
26
9
33
21
10
12
8
28
5
13
9
16
20
23
13
13
32
16
16
11
21
13
21
30
15
9
54
39
12
16
15
19
16
33
24
17
10
31
18
11
33
14
11
8
25
25
9
15
42
59
13
15
50
15
17
39
25
8
21
16
38
18
24
25
16
20
28
11
10
36
34
34
34
37
34
35
35
34
40
37
38
38
34
34
36
33
38
31
34
34
35
40
40
40
34
37
40
35
36
37
32
35
38
39
35
39
33
34
33
36
38
39
37
37
32
33
35
37
40
32
39
35
39
37
34
39
38
34
38
39
30
39
38
38
31
38
29
39
36
36
37
37
33
38
39
38
38
35
35
38
38
33
20
36
26
38
38
38
37
35
38
38
39
38
38
35
30
38
32
33
32
33
35
37
39
38
39
32
35
39
38
36
37
29
37
39
38
33
38
33
36
37
34
30
38
31
29
33
37
37
38
31
36
31
33
38
28
34
31
34
37
38
36
37
37
39
38
37
37
31
34
37
39
35
37
36
33
38
39
37
37
31
38
39
38
36
33
34
35
38
39
38
33
35
32
36
37
37
39
31
32
32
31
38
40
34
37
33
34
37
33
20
39
38
36
39
32
33
34
34
38
39
33
32
35
38
37
30
33
35
39
38
37
39
33
33
37
39
39
35
32
38
38
30
37
35
32
34
39
34
38
35
36
34
38
37
38
38
33
32
33
38
34
36
34
35
39
38
39
37
31
39
36
37
39
38
35
39
39
38
35
34
36
36
36
39
35
38
32
39
33
38
39
39
34
34
39
39
39
34
33
32
38
33
36
33
34
41
36
37
22
21
35
36
24
36
42
36
25
35
38
15
36
16
35
33
54
32
24
29
28
5
26
22
5
13
13
14
55
36
10
16
27
16
21
44
27
18
25
30
30
46
14
19
34
9
3
10
19
19
15
17
14
8
23
19
12
44
33
19
14
7
31
29
22
40
10
40
37
24
13
18
9
13
17
42
32
27
27
41
21
29
29
20
21
19
10
31
21
22
12
46
15
19
27
37
20
48
21
36
25
15
27
37
26
50
25
18
23
38
3
23
25
46
24
37
24
35
30
28
32
44
36
15
50
44
16
7
16
19
17
12
41
32
24
39
39
20
44
22
34
40
22
26
25
12
17
3
24
32
15
22
13
0
11
40
40
29
24
31
19
23
20
16
16
24
35
22
22
46
36
42
42
30
30
21
37
8
26
30
25
33
38
29
26
34
29
28
15
48
31
24
31
32
35
13
31
46
44
20
42
51
41
28
25
46
24
32
3
25
23
28
10
36
36
28
25
15
17
7
36
19
2
22
13
16
17
21
26
13
24
79
22
12
14
15
20
27
14
29
19
18
22
8
13
19
30
26
9
27
19
5
20
8
9
4
5
5
15
2
5
5
2
12
2
5
5
6
2
8
7
3
37
3
8
5
31
4
20
7
2
2
7
6
3
3
0
2
1
3
0
4
1
0
1
0
0
0
1
0
2
0
1
1
4
4
2
1
1
2
3
1
0
1
2
1
6
1
3
0
0
0
5
3
1
0
2
1
0
0
0
0
0
5
1
1
1
1
1
1
0
1
0
0
1
2
2
2
1
1
2
1
1
3
0
0
4
1
0
0
5
2
1
1
5
1
2
0
2
6
1
1
2
2
1
3
2
1
1
3
0
1
2
0
3
2
2
0
1
0
1
0
1
0
3
3
1
1
1
0
0
0
0
0
0
1
3
1
1
0
2
1
0
3
0
0
1
2
0
1
0
0
2
3
1
3
1
1
3
1
2
1
1
0
3
2
1
1
1
2
2
0
1
1
3
0
1
1
1
1
4
3
3
1
2
1
2
3
1
3
1
2
0
1
1
1
0
1
3
0
1
6
2
0
0
2
0
4
1
2
7
1
3
1
2
6
1
6
1
2
2
0
0
0
1
3
2
0
1
3
0
0
1
2
1
3
1
0
3
1
1
1
1
1
1
1
1
1
0
1
1
1
0
1
0
0
0
1
1
1
1
1
2
9
0
1
0
4
1
0
2
0
0
2
4
1
0
2
1
0
6
0
2
2
0
1
4
0
5
0
2
0
2
2
1
0
0
0
0
1
6
2
1
20
1
0
2
14
0
2
2
0
24
3
0
0
29
2
2
0
2
2
2
25
4
1
29
2
2
23
0
3
0
36
0
0
1
2
3
16
2
2
0
24
2
0
2
16
0
0
0
0
0
0
18
12
0
0
2
1
3
30
32
30
32
34
0
0
0
0
0
0
2
0
1
3
25
0
1
25
0
0
4
20
3
0
30
1
1
0
17
0
0
2
0
18
0
2
25
2
2
0
2
0
0
1
1
0
29
18
1
0
2
22
0
0
0
18
0
2
2
17
2
2
36
0
0
0
2
1
0
12
27
2
4
0
27
1
0
18
0
2
0
2
0
0
2
0
0
16
0
0
0
1
19
0
0
0
2
3
0
0
2
22
2
0
0
4
3
0
0
1
0
2
0
16
28
0
0
3
19
0
0
2
0
3
0
0
0
15
3
0
2
3
0
2
2
0
18
24
0
1
0
0
1
2
0
16
0
2
2
23
0
1
2
20
0
2
0
21
2
0
0
21
0
0
2
0
30
2
0
0
1
2
0
18
2
1
0
27
3
2
0
17
1
2
28
19
0
0
0
50
2
22
1
0
2
23
2
0
1
0
3
35
2
0
40
0
2
0
25
2
0
0
0
21
0
2
0
28
0
2
0
3
1
2
0
16
0
2
0
80
92
79
70
78
83
96
53
97
75
97
81
57
85
76
92
84
45
37
47
91
67
46
78
89
46
93
90
72
63
48
51
46
37
48
85
72
60
87
73
61
69
72
46
63
52
33
86
95
97
85
80
4
89
77
98
51
86
89
96
59
83
42
93
89
66
91
91
79
50
72
68
82
27
64
48
72
47
79
39
34
42
38
46
4
74
35
39
46
44
37
51
43
46
19
9
28
75
65
74
44
60
88
90
27
27
36
73
82
50
83
26
44
28
48
24
49
74
87
48
37
81
67
86
77
73
48
69
31
35
83
99
45
68
48
48
91
72
78
98
70
27
74
98
48
96
74
66
64
91
65
69
45
71
78
78
72
97
67
36
71
0
35
80
38
41
91
90
88
89
53
76
91
69
41
80
52
18
96
37
53
66
91
58
68
46
66
97
94
87
55
61
99
86
82
89
86
77
98
95
84
52
70
94
97
94
95
93
99
81
96
85
81
90
89
98
85
93
97
97
90
96
87
93
30
51
46
97
91
95
91
81
94
89
89
93
88
54
97
93
95
95
96
89
91
94
84
92
98
85
97
96
97
95
93
94
95
93
88
97
31
94
90
97
61
96
95
97
69
96
99
76
94
97
99
91
95
96
97
84
91
70
84
92
70
20
74
91
6
10
4
2
6
2
4
4
4
8
4
4
4
0
2
2
4
2
0
2
2
4
4
2
4
2
0
2
8
2
0
2
2
4
2
17
4
0
2
2
6
13
4
4
4
0
2
2
70
6
6
8
6
14
0
6
2
2
2
2
4
0
6
0
28
2
2
8
0
2
10
2
0
4
0
0
2
2
2
8
2
2
2
8
8
2
2
12
4
4
4
2
4
2
10
4
2
2
6
2
8
2
4
6
4
4
2
4
4
6
2
6
4
4
15
8
6
4
8
2
4
6
4
2
6
5
4
4
4
4
8
4
4
4
13
4
2
2
2
4
4
4
4
13
6
8
10
4
13
8
6
6
9
18
2
6
4
2
6
6
0
6
4
4
4
2
6
6
6
8
2
6
28
2
6
4
2
4
0
4
15
4
4
2
6
4
2
6
4
4
7
4
4
4
2
0
4
2
6
4
4
8
4
4
2
4
0
2
6
4
2
2
2
6
2
2
10
0
4
4
0
6
4
13
6
8
4
4
8
2
4
2
2
13
4
4
0
6
6
2
5
4
6
2
2
0
12
6
4
6
4
4
8
2
4
4
0
17
4
6
2
53
4
6
11
2
2
4
13
4
8
4
13
2
4
15
0
6
61
4
4
4
6
0
0
6
0
4
6
4
2
2
4
0
2
2
0
6
2
2
0
0
2
0
2
0
0
2
2
10
4
4
2
2
2
6
2
0
4
0
2
2
4
4
2
2
4
6
2
4
2
4
4
6
4
2
2
8
0
8
8
8
8
2
6
2
2
4
4
8
6
2
2
2
2
2
4
2
2
0
2
4
6
0
2
0
4
6
0
4
0
2
0
0
0
2
0
2
2
2
0
4
6
4
4
0
4
2
4
8
6
2
6
2
0
8
4
6
2
4
2
8
10
2
0
4
0
0
8
4
2
2
4
4
0
2
4
4
4
4
2
13
4
6
2
4
2
2
2
4
6
0
0
4
4
2
2
6
4
6
0
2
2
2
0
4
2
0
4
2
10
6
2
2
4
6
6
4
10
4
4
2
4
0
8
8
2
4
2
2
2
6
4
2
6
4
4
6
2
8
6
4
2
4
6
4
2
4
2
2
4
6
2
4
2
0
0
2
2
0
2
0
0
0
0
2
2
2
4
2
2
2
2
2
2
0
6
4
0
2
4
0
2
2
0
0
2
4
4
2
2
6
6
4
0
2
0
10
8
10
2
6
2
4
2
8
4
8
4
4
0
6
2
6
4
0
2
6
2
0
2
2
4
2
2
0
2
4
6
8
4
4
0
0
2
6
0
2
2
2
0
2
0
4
2
4
4
6
4
2
4
2
0
2
2
2
4
10
2
2
0
2
2
0
2
0
2
2
2
2
0
2
2
0
4
4
0
8
0
0
2
4
4
2
2
6
0
4
4
2
0
0
2
2
2
4
2
2
0
4
0
4
2
0
0
2
0
2
2
2
0
4
0
4
0
0
2
2
0
0
6
2
4
2
0
8
0
2
13
0
2
2
0
2
6
8
4
2
4
0
6
0
2
0
2
2
2
2
4
2
0
6
2
2
10
4
0
2
2
8
0
0
2
0
4
0
8
2
2
0
6
0
0
0
6
4
2
2
2
0
0
0
0
2
0
6
0
0
4
6
0
4
8
2
0
6
6
4
2
4
4
4
6
0
0
0
0
0
0
2
0
2
0
4
15
2
0
0
2
4
0
2
2
2
2
4
2
0
2
4
2
4
6
0
4
2
2
4
2
4
4
2
2
4
2
2
2
2
0
4
4
4
4
6
0
4
0
2
0
4
2
6
2
2
0
2
2
0
2
8
2
2
4
2
4
4
0
2
2
0
4
2
2
0
0
0
0
0
0
0
2
0
4
2
4
0
4
2
2
2
4
6
0
0
2
2
4
2
4
2
4
2
0
0
2
2
2
0
0
2
4
0
4
0
31
9
5
2
5
3
2
3
5
2
9
19
13
5
13
2
9
2
4
5
17
4
3
2
4
9
3
4
3
19
3
7
13
5
4
7
2
5
19
0
15
5
4
7
7
9
5
11
4
25
9
5
9
3
5
7
7
5
7
17
3
9
3
15
15
3
21
3
7
37
11
2
9
0
31
7
19
4
25
3
3
3
29
7
15
2
5
15
2
35
3
5
4
27
5
9
5
15
13
5
29
4
3
19
5
5
9
41
5
11
23
4
3
2
3
5
49
7
5
7
3
5
4
2
13
3
5
7
5
7
5
2
4
2
4
29
7
5
7
5
11
7
11
15
27
2
7
5
3
21
5
43
0
7
7
5
3
17
2
27
5
33
0
3
5
2
2
7
3
7
3
4
51
7
27
5
35
5
19
4
2
2
2
5
2
5
2
5
2
2
9
2
29
2
5
39
21
5
59
3
7
5
2
2
31
2
2
4
4
4
2
7
9
27
2
4
5
5
2
5
3
11
2
3
2
33
7
2
3
5
2
23
5
7
3
3
5
3
2
5
9
3
2
9
2
3
4
3
9
19
15
0
21
5
27
3
9
5
2
5
3
3
41
5
5
5
5
5
7
5
3
9
3
7
5
5
3
5
31
9
5
3
3
7
7
9
5
5
