8
2
11
2
4
2
8
2
2
0
6
2
7
6
6
2
4
2
2
6
4
4
0
6
16
8
6
0
4
8
6
2
4
4
2
4
6
4
4
2
8
6
10
4
2
4
2
0
7
3
0
4
2
4
2
4
13
4
11
8
13
3
4
4
2
4
6
3
4
6
4
5
7
6
4
2
21
4
17
2
2
4
0
6
2
6
6
13
11
15
8
8
4
15
12
6
8
4
11
4
12
2
7
4
22
2
4
2
8
8
6
4
2
2
4
2
10
7
8
10
11
5
6
6
13
7
13
6
6
6
7
4
5
2
4
9
4
3
6
6
7
23
7
1
2
8
6
9
4
17
8
9
7
5
9
5
6
3
7
6
4
2
10
4
6
4
6
6
2
9
6
4
2
8
6
8
4
6
7
4
7
20
6
9
4
3
8
10
6
7
9
4
8
5
3
6
8
11
7
2
5
9
12
6
13
10
3
6
2
6
4
3
6
17
4
2
4
4
8
4
9
2
12
2
3
4
4
2
4
10
8
4
5
2
4
6
2
4
4
2
4
4
4
2
4
4
8
12
6
6
4
17
2
2
6
2
6
2
4
2
14
11
4
7
9
8
5
8
2
6
4
4
6
4
2
6
2
2
2
2
2
6
4
4
4
4
19
11
0
2
2
0
2
2
2
2
2
6
2
2
0
2
0
4
8
6
4
4
4
4
2
2
4
2
2
0
2
2
4
0
4
4
6
2
4
4
0
4
4
0
2
2
4
4
2
2
2
4
2
4
4
4
0
4
2
4
6
4
6
2
0
6
2
0
4
4
2
4
2
4
2
4
2
2
2
4
2
8
2
2
6
2
2
6
2
6
2
4
2
2
4
2
4
6
6
3
2
2
2
8
4
2
4
4
0
2
0
2
2
2
0
2
8
2
6
4
4
4
9
2
6
2
8
2
4
2
2
4
2
2
2
2
4
0
10
0
4
2
0
2
2
2
2
2
8
4
0
2
2
4
4
2
10
4
2
2
2
2
2
4
4
2
0
4
0
2
4
2
4
4
4
2
4
2
3
2
4
2
4
6
4
0
4
2
4
4
3
4
2
2
2
8
2
62
6
4
2
4
2
4
2
2
4
4
2
2
2
2
4
2
2
4
4
2
4
2
2
6
2
6
8
2
0
4
2
0
2
4
2
2
4
7
2
0
2
4
4
2
6
4
4
0
2
4
3
4
2
4
2
0
2
2
2
4
2
2
2
2
2
2
2
2
4
2
4
2
2
2
2
4
2
0
6
4
2
2
2
0
2
2
2
6
0
8
4
2
26
31
34
37
32
37
39
36
39
36
33
37
33
38
37
35
39
38
39
37
39
33
38
25
38
36
37
31
34
38
38
38
36
33
35
39
35
38
38
30
34
37
38
29
38
38
37
32
28
37
38
29
38
38
37
38
37
38
37
33
39
38
38
36
37
34
35
38
38
38
37
36
38
39
36
33
32
34
39
33
35
27
31
37
38
36
31
31
36
37
38
38
30
38
38
34
38
37
32
37
36
37
39
37
32
38
35
39
36
38
39
34
33
37
36
38
35
38
32
33
35
38
32
38
37
38
37
37
32
36
36
35
38
37
34
30
37
38
37
36
33
37
37
36
23
36
37
30
35
33
36
32
33
38
37
21
38
33
35
33
36
34
32
30
35
30
36
38
37
37
36
38
31
36
28
38
38
33
37
36
38
33
33
35
35
28
37
32
36
37
38
34
37
32
35
34
36
33
36
38
32
27
28
22
33
37
37
38
38
37
33
36
36
37
27
38
33
33
38
38
34
38
33
38
36
33
28
35
32
37
30
34
34
24
33
36
37
37
27
31
32
36
34
37
36
31
39
31
28
35
29
35
38
20
12
37
32
29
32
38
40
36
21
33
30
35
40
38
33
38
20
38
30
40
27
33
39
36
35
33
34
35
35
37
38
26
25
33
2
2
6
4
0
2
5
2
2
0
9
0
2
2
5
0
2
12
0
5
3
2
5
0
13
2
4
2
2
2
7
2
6
5
3
2
2
2
3
3
2
0
5
5
0
0
0
5
6
5
2
2
11
4
4
4
0
2
3
0
4
2
5
0
0
2
0
19
5
2
5
2
2
5
0
2
0
28
34
2
6
3
3
12
3
0
2
2
2
22
4
5
5
4
4
3
2
2
0
4
17
19
35
29
3
3
3
2
2
0
4
4
2
5
2
3
2
3
2
0
2
10
2
4
0
0
3
2
3
3
7
2
2
2
5
4
0
2
2
2
0
1
2
2
0
16
2
0
2
0
2
2
0
0
3
3
2
3
2
5
3
9
4
4
3
1
3
0
2
2
3
3
0
0
4
4
2
3
2
2
2
4
4
0
2
2
4
0
0
0
2
2
2
4
2
0
0
2
23
22
3
0
0
4
2
0
0
3
2
2
2
4
3
3
0
3
2
3
2
0
0
8
0
4
2
5
4
6
2
0
2
2
4
23
4
2
4
0
3
2
0
2
2
2
4
4
0
2
2
2
6
2
3
5
5
0
4
2
50
4
10
2
3
5
2
0
0
0
2
2
22
2
0
2
3
1
2
0
2
2
0
4
4
2
0
6
0
0
52
54
45
44
41
34
42
55
46
33
35
40
31
53
42
43
37
50
40
46
33
49
11
40
24
24
21
46
47
42
44
21
7
46
16
13
9
44
34
33
34
45
15
24
34
57
53
36
13
33
17
24
32
49
37
44
21
39
38
41
39
36
15
22
15
28
20
40
19
42
36
55
45
55
49
44
60
45
51
56
39
52
53
45
44
41
35
49
45
42
48
17
40
33
45
48
37
39
35
50
49
47
56
49
42
40
40
44
41
31
23
46
48
45
20
45
50
50
51
45
43
48
38
37
43
37
28
46
45
49
33
42
34
33
34
25
36
43
47
39
50
33
53
47
45
47
33
43
54
30
44
52
53
47
50
48
31
49
60
47
0
44
44
34
41
44
49
19
49
43
43
43
49
30
36
47
46
48
44
55
46
49
52
47
58
48
39
50
51
48
46
44
50
42
47
36
48
46
42
58
40
55
50
49
51
46
48
48
49
26
45
49
41
23
44
24
43
53
48
48
49
47
48
49
48
45
49
52
47
37
48
31
56
48
43
38
46
45
47
41
46
34
39
38
56
40
47
25
46
29
50
41
33
38
36
40
48
45
44
44
40
46
35
39
32
44
45
33
48
39
43
37
41
52
40
49
49
47
47
41
40
45
27
41
40
44
32
46
7
3
4
7
3
4
5
5
6
7
6
6
3
4
3
5
5
3
3
5
5
4
7
5
6
3
4
5
3
2
4
3
4
4
4
4
2
3
4
7
6
5
5
3
5
7
5
7
7
3
2
5
4
6
7
5
6
3
3
6
7
5
5
4
7
4
2
8
2
5
5
4
6
7
6
7
8
2
7
5
4
4
5
3
6
8
3
4
7
4
4
4
3
6
5
6
4
5
4
5
4
4
9
5
9
4
5
7
5
5
7
4
6
4
5
4
4
8
7
4
3
5
5
3
8
4
5
3
4
6
8
7
5
5
3
6
7
5
5
2
4
3
6
5
8
7
4
4
7
3
9
5
5
2
2
2
5
6
8
4
2
6
5
7
6
6
5
6
6
7
4
6
5
4
6
7
2
6
7
8
3
5
4
8
2
4
4
5
5
5
6
4
3
4
3
6
5
5
5
2
3
2
4
9
9
7
7
2
8
2
5
3
4
5
8
8
5
5
5
5
5
3
6
5
5
6
6
5
7
5
5
1
3
6
6
4
7
4
4
1
7
7
6
5
4
7
3
4
4
6
4
7
7
9
8
6
5
4
6
6
4
4
2
5
5
3
4
3
6
7
4
7
5
7
7
5
9
2
3
7
6
6
5
5
7
7
2
7
3
1
1
1
5
7
1
30
5
1
5
3
3
3
5
1
1
5
1
1
5
5
3
5
3
7
1
0
3
7
1
1
3
5
1
7
7
1
5
5
1
1
1
5
3
5
3
3
1
3
1
5
3
3
1
5
5
3
3
7
3
5
5
0
5
1
3
5
3
1
1
1
1
1
3
5
1
5
1
5
7
28
24
3
5
5
3
5
1
3
1
1
5
1
7
7
0
3
3
5
3
32
5
7
5
3
5
0
7
3
1
1
5
3
3
3
3
22
5
0
3
3
1
1
23
3
3
5
3
1
5
3
3
1
7
3
5
7
3
5
3
5
1
5
5
3
3
49
3
1
1
3
3
1
5
1
1
1
5
3
1
1
1
5
3
5
3
3
28
0
5
7
3
0
1
7
1
3
1
1
3
1
0
0
22
3
5
3
3
9
3
3
7
3
7
3
1
1
3
21
3
5
5
11
3
1
3
9
0
7
7
1
1
7
5
3
1
1
5
1
5
34
0
3
0
3
5
5
28
3
1
0
5
3
3
1
0
5
51
3
1
0
32
5
21
1
3
3
5
3
3
1
7
3
1
3
7
5
5
1
7
3
5
5
5
3
3
3
5
7
3
1
1
3
1
7
3
1
3
1
13
3
3
5
1
46
3
3
3
5
6
4
7
11
13
10
5
7
7
7
3
4
8
6
6
4
8
11
8
7
4
10
4
6
4
6
7
11
6
9
7
14
4
13
3
4
4
9
5
6
6
4
4
13
9
7
6
4
13
5
5
7
4
7
5
3
13
14
4
7
7
8
5
9
6
13
7
2
8
6
7
12
13
7
8
8
7
7
5
7
9
4
3
6
3
6
4
7
8
9
5
5
7
6
8
3
7
8
22
6
7
7
10
6
7
8
5
3
7
3
7
7
8
4
7
7
2
8
6
7
2
5
4
6
8
7
5
3
4
6
6
4
7
4
6
7
5
6
10
8
9
4
4
6
6
6
2
8
4
4
6
11
12
5
7
8
7
7
8
4
7
3
7
14
8
6
11
7
11
12
5
11
2
6
5
8
8
7
5
9
6
7
7
11
8
6
3
5
12
5
4
2
8
13
20
5
7
7
6
8
13
6
8
4
7
10
5
6
14
7
9
8
7
18
3
4
4
9
6
7
9
5
2
8
5
5
7
12
10
9
10
3
8
8
20
13
5
0
10
5
19
7
9
4
4
7
11
2
4
7
8
8
7
4
7
8
6
13
2
4
7
4
5
8
13
17
13
5
12
12
4
6
10
8
6
6
10
5
10
13
6
10
6
5
7
2
4
4
4
4
2
4
2
0
0
2
6
4
2
4
0
2
2
6
4
4
2
4
4
2
2
2
6
4
4
4
2
4
4
6
4
4
4
4
4
2
4
4
0
2
4
2
4
2
4
6
4
2
4
4
4
0
4
6
4
4
4
2
4
4
2
4
4
4
0
0
4
4
4
4
4
4
4
2
0
6
6
6
4
4
4
4
4
8
4
0
2
6
6
2
2
2
4
0
2
4
2
2
2
4
4
4
6
2
2
4
4
0
2
2
6
4
6
4
0
4
0
4
4
8
4
4
4
4
4
0
0
4
6
4
2
4
4
2
6
4
4
2
4
4
2
4
0
2
0
2
4
4
4
4
2
2
4
4
4
0
4
0
2
2
4
4
4
6
4
4
6
0
2
2
6
6
4
4
4
4
6
0
6
0
6
6
2
6
6
6
4
2
0
4
6
0
4
4
2
4
2
2
4
4
2
4
2
6
2
6
8
2
6
4
4
4
4
2
2
4
4
2
2
0
0
2
6
4
0
0
0
0
2
0
0
0
0
0
0
0
0
0
0
0
0
0
0
0
0
2
0
0
0
0
0
0
0
2
0
0
0
0
0
2
0
0
2
2
0
2
0
0
0
0
0
0
0
0
0
0
0
0
0
0
0
0
0
0
2
4
9
4
6
8
8
0
4
2
6
2
6
4
6
4
8
10
7
6
4
89
2
2
8
7
11
4
8
4
12
4
4
4
7
4
6
7
4
6
4
10
8
6
2
2
6
10
23
38
4
69
18
4
4
4
2
0
2
10
4
4
2
4
4
2
2
2
2
2
13
4
66
4
6
10
8
2
10
6
2
4
10
10
6
33
6
8
8
2
2
2
4
20
8
6
10
4
2
6
12
2
4
6
9
6
8
13
8
6
36
10
2
67
10
4
0
8
6
4
4
7
2
8
31
12
6
2
8
8
2
4
6
8
6
8
4
4
4
2
10
2
10
10
4
4
31
14
9
44
6
6
10
10
8
6
10
4
4
2
39
9
10
10
7
0
13
4
12
6
7
70
6
2
6
6
4
6
4
0
2
10
4
4
4
62
8
4
4
6
0
2
8
6
2
4
6
4
4
4
4
42
6
2
0
2
2
4
6
6
4
2
4
4
2
8
10
2
3
10
51
8
11
4
2
56
10
5
6
2
0
8
4
4
31
9
4
30
7
6
8
10
8
52
4
2
97
2
14
2
4
8
21
26
10
23
4
44
4
2
7
19
25
39
6
17
28
10
7
39
5
8
29
4
6
4
6
27
4
10
8
5
2
7
6
2
10
8
