8
0
0
2
6
2
0
2
2
0
6
2
0
0
93
2
6
2
0
4
0
2
0
2
2
0
2
64
4
0
0
0
4
2
0
0
2
0
0
2
0
2
0
2
6
0
0
0
4
2
8
4
2
2
0
8
4
60
6
2
0
0
0
0
2
0
12
2
0
0
2
8
2
8
2
68
2
0
2
6
4
0
2
0
0
28
0
2
6
18
6
4
0
6
0
4
57
0
0
2
2
0
0
0
2
2
2
0
4
4
2
2
8
2
0
0
0
0
0
0
0
4
2
2
0
0
56
2
2
4
5
2
0
0
2
4
6
0
2
2
2
0
0
0
0
0
4
3
0
2
0
4
0
10
0
0
2
4
8
62
2
0
6
8
5
0
6
2
2
4
64
2
0
0
0
2
0
4
4
0
0
4
2
0
2
0
0
6
0
6
0
0
6
92
0
6
75
2
6
28
6
2
0
0
4
4
0
0
8
2
0
0
0
2
2
2
4
0
4
0
0
4
0
0
0
0
0
6
0
4
2
0
6
0
2
2
2
8
6
0
98
0
2
4
4
97
0
2
2
4
4
6
2
2
46
8
2
78
2
0
2
0
10
4
0
2
0
6
6
4
2
0
40
0
2
0
10
6
0
2
0
0
2
67
6
0
6
4
4
4
4
2
6
7
4
2
4
10
2
6
2
6
4
2
4
4
4
6
6
4
4
2
10
8
8
8
8
13
4
8
4
4
4
11
11
8
8
6
4
4
6
4
2
4
9
8
4
13
55
10
4
4
6
6
15
4
4
8
6
10
6
6
4
8
5
9
6
4
8
11
15
8
13
8
10
6
9
4
7
9
7
6
7
8
6
10
4
8
15
4
13
7
11
10
8
6
10
10
7
6
8
6
8
11
9
7
4
6
4
4
6
7
6
4
8
8
6
4
4
4
6
4
6
10
5
4
12
9
10
2
11
8
15
2
6
11
6
4
2
6
10
15
6
4
4
7
4
6
0
4
0
6
6
6
6
2
6
4
3
4
2
11
8
4
6
10
17
4
4
4
6
4
4
10
6
8
4
4
4
6
13
6
2
8
4
8
8
4
4
12
7
7
4
8
6
4
4
8
6
6
6
6
2
2
4
6
6
5
4
4
10
4
7
2
4
4
2
5
2
9
6
8
8
8
12
4
10
10
2
8
10
11
4
6
4
6
2
4
6
5
11
4
7
4
4
6
4
4
2
2
4
10
4
2
6
9
2
8
2
6
6
2
7
8
4
10
4
6
4
6
4
6
4
6
6
4
4
6
9
6
4
4
7
19
7
8
2
4
0
4
0
2
2
0
0
0
2
0
2
2
2
0
4
0
6
2
0
0
10
2
2
8
0
8
0
8
2
2
0
4
4
0
0
2
10
4
6
10
8
12
10
12
8
2
6
4
6
4
6
2
6
6
6
2
4
2
4
4
4
4
4
4
4
4
2
4
4
2
6
2
4
2
2
6
4
2
4
4
4
4
2
2
2
2
2
2
4
4
2
2
2
2
2
4
4
8
8
2
2
4
4
2
4
6
2
2
2
0
2
13
13
0
4
0
17
4
2
4
0
17
2
15
0
18
2
19
2
10
0
6
0
4
0
2
13
6
6
0
19
0
11
2
15
2
0
17
0
0
4
13
2
13
4
8
2
2
2
2
4
0
15
2
19
0
15
4
25
0
11
0
4
13
4
2
2
4
9
2
0
19
0
12
0
4
17
0
11
2
28
0
6
4
2
0
2
17
2
2
9
0
8
0
15
0
2
13
4
15
0
11
0
6
2
2
8
0
6
7
0
2
0
4
4
2
0
0
0
9
2
0
13
0
17
0
16
0
2
14
4
2
15
2
18
4
11
2
17
0
0
13
0
4
21
0
17
13
4
10
0
14
2
0
4
15
7
6
23
9
21
6
4
0
2
9
0
13
0
2
17
0
19
2
4
0
2
0
2
2
4
0
2
2
0
2
0
4
2
0
2
0
2
0
0
2
0
0
0
0
0
0
2
0
0
0
0
2
2
0
2
4
0
2
0
2
0
2
0
0
2
0
0
0
0
0
4
2
2
2
2
0
2
6
2
2
0
2
4
0
4
0
0
4
2
0
0
2
0
0
4
2
4
0
2
2
0
2
4
0
2
0
0
4
0
4
0
0
2
0
2
4
0
0
0
4
4
0
0
0
0
0
2
2
0
2
2
4
4
4
0
0
2
0
0
0
0
6
2
4
0
0
2
4
2
0
2
8
0
2
0
0
2
0
2
0
6
2
4
4
10
2
2
2
2
2
0
0
2
0
4
0
2
2
6
2
0
2
2
2
4
2
2
0
0
2
0
0
0
2
2
0
4
0
0
0
2
2
0
2
2
2
2
2
4
0
2
0
0
0
2
8
0
0
4
2
0
0
2
2
0
2
2
0
2
0
0
0
0
0
4
2
0
0
2
0
4
2
0
2
2
0
0
0
0
0
2
0
6
0
0
0
2
0
0
2
2
0
0
0
0
2
0
2
2
0
0
4
0
0
0
4
6
2
0
2
0
0
4
0
0
0
4
0
2
0
0
0
4
0
2
2
2
0
0
0
2
4
4
2
0
0
4
10
30
18
40
38
27
20
32
27
37
41
24
19
22
24
33
29
28
39
17
24
23
27
23
34
31
28
20
36
21
22
33
28
17
8
38
45
35
34
33
20
32
38
31
16
51
36
14
35
26
30
24
33
33
30
31
32
29
32
16
29
33
36
24
22
31
23
13
24
37
44
32
30
18
27
32
25
16
27
25
30
23
24
19
17
25
13
30
25
45
14
25
24
39
19
33
26
21
8
34
18
26
24
48
28
4
33
21
18
17
25
24
30
44
13
26
43
28
25
30
25
10
20
46
10
26
27
29
24
34
26
25
22
13
36
20
23
19
32
35
12
21
20
17
19
35
23
23
36
40
40
34
44
32
20
37
24
20
41
15
45
24
41
25
15
49
20
35
49
17
25
18
19
22
20
38
32
28
32
20
21
25
26
21
26
30
31
27
28
14
28
38
27
40
31
14
25
27
13
14
43
25
25
39
25
41
37
21
21
19
27
28
26
31
20
14
22
28
26
31
28
51
10
25
34
15
29
33
26
22
47
27
37
54
13
21
28
29
29
19
18
26
13
25
30
23
35
10
27
29
29
16
30
13
32
26
31
18
25
31
19
32
22
35
30
12
25
44
24
12
13
26
27
23
26
13
18
20
6
21
26
35
20
36
27
23
18
30
21
4
10
6
6
4
4
8
2
6
6
8
12
8
13
10
8
2
13
6
10
15
6
4
10
8
6
6
8
10
2
4
12
6
7
6
13
8
8
19
17
6
13
21
12
10
12
35
12
2
4
6
46
11
8
8
4
12
6
2
12
15
8
32
10
12
2
6
13
10
23
10
10
8
6
12
6
8
10
12
10
10
6
4
8
6
4
6
8
12
4
6
8
6
88
8
4
12
11
15
15
15
15
16
10
2
11
10
42
6
21
14
8
13
7
29
14
10
15
17
13
10
10
6
8
9
2
13
13
6
19
16
12
16
6
12
19
4
9
6
13
6
9
6
10
21
4
8
8
15
10
10
6
11
19
8
6
27
4
36
10
24
16
11
11
4
10
2
4
10
8
15
6
10
4
4
12
4
6
2
15
7
0
10
12
15
10
10
10
15
4
12
8
12
6
23
14
6
17
8
8
14
8
8
14
4
12
10
10
8
4
10
14
17
9
19
6
11
10
6
21
16
19
10
15
19
10
21
20
15
16
15
10
23
45
8
11
8
12
8
15
4
12
4
10
6
21
10
15
2
4
8
10
4
6
6
11
8
4
9
10
6
10
8
6
6
12
6
12
10
4
10
10
11
7
6
10
4
4
2
8
8
2
2
2
8
8
6
8
9
15
21
9
9
25
19
7
13
13
35
21
19
43
2
21
13
11
17
13
23
11
11
9
9
15
11
17
17
15
11
17
21
9
35
39
7
21
11
31
15
19
17
7
17
35
33
21
15
17
41
23
7
13
11
19
9
9
17
5
7
9
15
13
15
5
15
35
15
7
21
17
33
17
23
13
19
17
17
13
11
29
15
17
7
9
9
2
7
11
9
11
15
25
31
25
11
9
7
21
13
5
5
15
11
7
11
11
11
9
17
49
9
21
25
11
11
33
27
11
27
11
9
15
15
5
21
19
33
7
3
11
19
15
23
19
11
15
17
11
9
7
11
17
43
11
37
13
13
7
33
11
9
19
17
15
23
25
13
15
9
31
9
7
7
15
9
5
5
19
21
17
7
3
17
17
7
17
9
19
17
21
33
9
19
11
11
11
9
13
11
5
7
11
39
11
5
11
9
15
7
7
11
9
5
19
15
29
17
13
9
13
19
17
17
5
21
31
7
19
7
29
9
15
27
9
13
9
25
9
21
5
23
15
27
17
21
9
11
13
13
5
11
15
23
15
13
31
25
13
21
11
17
15
19
21
5
9
17
23
7
15
7
17
15
13
7
9
21
3
19
13
9
11
9
11
11
11
19
21
19
17
9
7
11
13
9
11
11
2
5
7
11
9
9
5
11
13
11
11
4
8
10
9
5
10
9
7
10
13
4
2
8
15
10
7
6
6
9
9
9
4
6
4
17
5
6
8
8
8
6
6
6
10
6
4
4
4
4
4
7
4
6
2
8
8
10
8
6
8
6
7
8
8
6
11
6
6
10
10
8
4
6
6
6
2
4
4
7
4
4
4
8
8
6
6
4
11
8
4
6
9
4
6
6
10
8
8
6
6
8
7
10
8
6
8
8
6
2
6
4
6
11
4
6
6
9
17
8
7
8
4
6
11
15
8
6
8
6
8
10
11
2
4
6
6
9
8
9
10
10
6
6
4
10
4
4
11
4
4
6
10
8
17
23
11
25
13
16
15
17
9
17
13
15
8
11
19
13
25
8
9
15
10
15
15
24
13
15
50
23
21
28
26
21
8
19
13
17
23
12
11
25
11
9
15
13
9
19
23
12
7
8
17
21
20
13
21
36
17
21
13
12
15
9
13
25
15
24
21
13
11
10
23
8
17
17
11
17
11
17
10
12
21
17
18
13
10
12
9
12
7
10
17
8
19
23
13
17
19
7
4
5
4
11
48
15
21
6
13
12
13
12
4
8
0
6
8
10
8
8
9
11
12
13
7
11
9
10
8
8
8
4
15
4
9
10
2
14
8
16
10
10
23
16
21
18
10
10
4
20
14
10
22
12
12
4
8
14
18
12
16
8
16
18
14
12
0
6
6
16
14
6
8
18
16
4
8
18
18
10
8
16
8
12
4
6
6
20
20
8
10
10
22
10
14
12
18
8
15
27
10
16
26
14
12
16
27
8
12
14
23
14
18
20
41
14
14
12
10
24
18
27
10
18
10
8
12
16
14
25
29
20
12
24
8
20
14
26
18
14
20
33
22
33
25
24
12
14
41
18
26
20
29
22
20
27
6
35
14
53
35
37
45
29
59
27
10
18
10
29
27
27
16
29
12
29
16
12
18
14
10
24
14
23
12
24
8
31
16
16
31
12
8
27
16
20
8
33
19
22
35
27
43
20
25
27
16
29
24
18
20
25
51
16
10
14
10
27
27
22
16
12
16
10
24
14
24
24
20
23
31
27
21
10
25
14
18
27
20
18
31
27
18
27
12
22
12
14
27
21
29
33
26
27
29
29
22
45
35
21
18
16
18
39
37
20
8
41
33
16
10
27
20
25
16
18
22
10
6
8
29
23
12
22
6
16
12
6
4
2
4
6
6
8
6
8
4
6
6
6
8
6
8
8
6
8
6
6
20
8
6
8
6
24
4
8
6
6
10
8
8
6
29
6
4
4
2
2
4
2
0
2
2
2
0
0
0
2
0
0
0
6
0
4
6
4
2
2
2
6
6
0
6
0
4
0
0
0
0
4
0
0
0
0
0
2
2
0
2
0
0
0
0
0
0
0
6
2
0
51
2
0
0
4
2
2
0
64
0
2
0
6
4
0
0
0
2
0
2
57
0
2
2
2
2
0
0
2
6
4
0
0
0
2
2
0
0
0
4
4
4
0
0
0
2
0
2
4
2
2
4
2
4
0
0
0
4
0
4
0
2
0
2
0
2
0
0
0
2
0
0
0
0
0
0
0
4
0
0
0
0
0
2
0
0
0
0
0
4
2
2
2
0
4
4
2
4
2
0
2
4
0
0
0
2
2
0
0
0
0
42
4
0
4
2
0
2
8
2
2
2
0
0
6
2
2
2
4
2
4
0
0
0
0
0
4
2
2
2
0
0
0
0
4
0
2
0
2
6
0
2
6
2
2
0
2
0
0
2
2
2
0
0
4
0
0
0
6
0
0
2
0
0
0
4
2
4
0
47
0
2
0
2
2
2
2
0
0
4
0
4
0
2
0
2
0
0
6
4
0
7
2
4
52
0
4
4
2
2
2
6
0
6
2
4
4
2
2
2
2
4
0
4
4
0
2
2
4
2
6
0
