0
0
2
2
6
2
0
0
0
0
4
2
2
4
2
0
2
2
0
4
2
0
0
2
0
4
2
4
4
2
0
0
0
2
0
0
0
4
0
2
4
4
2
0
2
0
2
2
6
0
2
0
6
0
2
0
2
0
2
0
0
2
4
0
2
0
0
0
0
4
2
0
0
4
0
4
2
4
0
0
0
2
2
0
0
0
2
2
4
4
3
6
2
0
0
0
0
2
4
2
0
0
2
2
4
2
2
0
4
2
0
0
4
2
0
6
2
2
0
4
0
4
0
0
4
2
0
0
0
0
2
2
0
0
2
0
2
2
0
2
2
0
0
2
4
2
2
2
0
2
0
2
0
2
2
2
0
0
2
0
0
0
0
0
0
4
2
6
4
4
0
0
4
2
0
2
2
0
0
4
0
2
0
2
4
2
3
0
0
2
2
2
0
2
0
0
0
6
0
0
0
2
2
0
0
0
2
4
0
2
6
2
4
4
0
2
2
0
2
2
0
0
0
4
0
4
0
0
0
0
0
10
0
0
2
4
0
2
0
2
0
2
2
2
2
4
2
0
2
0
0
2
0
2
2
0
0
2
4
0
0
4
0
2
4
2
2
0
2
6
2
0
0
0
2
2
0
0
0
0
2
0
0
0
0
4
0
2
4
2
0
2
2
2
2
2
0
4
2
2
2
2
4
0
0
2
2
2
0
0
0
0
4
0
0
0
2
0
0
4
2
2
0
2
2
0
2
0
2
4
0
0
2
0
0
0
0
0
2
2
0
2
0
0
2
0
2
0
0
2
2
0
2
2
2
2
0
2
2
0
0
0
0
0
0
0
4
2
2
4
4
2
0
2
2
2
2
2
2
2
2
4
2
2
2
2
2
2
2
2
0
0
0
4
0
2
4
2
2
0
2
2
2
2
2
2
2
0
0
2
0
2
0
2
2
2
0
0
0
2
0
2
2
0
0
2
2
2
2
2
2
4
2
2
4
0
0
0
2
2
4
2
2
2
0
0
0
2
2
2
2
2
0
4
4
0
2
0
2
0
2
2
2
0
2
2
2
2
2
2
2
2
0
0
2
2
2
2
2
0
2
2
4
0
0
4
0
0
0
2
2
0
2
2
0
2
0
0
0
0
4
0
0
4
0
0
2
2
0
0
2
0
0
2
2
0
4
0
2
0
2
2
2
0
2
0
2
2
0
2
0
2
0
0
2
0
2
0
0
0
0
2
2
2
4
2
4
0
2
2
2
2
0
0
2
4
0
0
0
2
2
4
4
2
4
2
0
4
2
0
4
2
2
2
4
4
2
9
23
2
15
34
20
2
0
2
2
23
2
6
4
2
2
21
2
0
2
2
2
2
2
18
2
2
2
2
0
2
2
2
2
2
2
34
0
2
37
41
2
0
2
0
44
2
15
2
8
2
0
2
2
2
2
13
2
2
45
2
4
10
2
10
2
2
2
2
30
2
31
2
25
12
4
0
11
0
2
11
2
4
18
19
2
5
18
26
2
0
2
2
2
2
0
4
2
2
0
19
17
2
46
2
2
11
2
26
2
2
38
1
2
2
0
0
2
24
11
2
2
0
2
37
2
18
2
2
2
4
0
2
13
2
0
7
16
2
4
4
4
2
13
2
0
2
4
23
29
2
10
2
2
2
2
2
0
11
2
2
4
17
11
18
28
2
2
2
2
2
0
2
11
0
2
0
4
4
2
2
0
2
19
9
0
0
2
2
2
1
2
2
2
4
2
4
0
18
2
4
4
4
2
2
5
0
9
2
2
2
0
4
2
11
2
9
7
2
2
26
2
0
5
4
2
2
2
2
9
2
2
2
18
2
0
2
4
2
0
23
2
0
32
2
2
2
2
2
2
20
0
2
0
43
2
0
2
2
2
14
28
2
2
8
13
33
2
4
2
15
4
33
2
2
2
6
2
0
2
0
2
22
11
2
0
2
11
13
4
13
6
6
8
14
17
6
17
8
0
8
8
12
8
10
13
11
4
6
10
12
8
2
6
15
6
6
12
12
4
10
12
10
8
14
4
18
6
12
8
10
6
12
15
8
10
60
15
17
14
13
20
6
29
8
10
8
14
12
17
8
10
6
4
9
11
13
16
8
6
8
14
12
12
15
29
8
7
12
6
10
8
11
14
12
10
10
16
6
17
12
12
13
8
15
10
9
6
6
4
11
6
9
10
17
10
14
12
8
12
12
8
10
12
16
13
10
15
14
10
21
8
25
10
17
10
10
29
4
15
23
8
10
17
6
8
4
27
11
15
17
10
25
13
17
14
17
17
8
18
19
14
23
8
23
21
33
21
21
25
29
19
19
15
27
8
19
18
8
16
17
6
10
17
31
8
12
15
18
8
17
12
12
12
14
27
16
15
27
15
10
21
25
14
12
14
21
8
16
16
25
26
18
20
10
13
8
6
6
25
15
4
21
15
16
14
8
4
8
19
14
8
6
16
8
16
17
12
14
10
23
8
10
6
12
19
8
16
8
21
10
21
16
16
8
8
8
10
6
6
12
12
10
16
6
4
6
8
9
17
10
93
6
8
12
12
12
8
12
10
14
10
8
4
8
8
14
14
6
10
10
6
8
14
14
32
18
15
28
41
38
34
35
20
28
35
77
33
35
36
32
36
26
34
32
23
33
30
17
30
33
36
33
35
33
31
36
32
6
17
15
13
11
9
13
13
8
12
11
9
11
13
20
13
13
66
11
18
6
15
11
11
9
13
9
17
5
11
13
11
8
15
18
9
11
5
10
8
9
10
11
7
9
13
11
16
17
19
19
9
12
15
6
8
9
17
11
15
26
11
13
11
30
9
11
13
11
15
15
15
14
9
9
9
11
17
17
11
17
18
15
13
6
9
7
15
26
11
15
9
9
13
14
15
19
15
12
15
8
9
19
6
29
13
11
13
25
15
13
9
11
23
25
13
15
11
17
21
15
11
25
17
13
12
25
17
13
18
23
34
15
12
15
11
13
25
22
11
15
12
13
23
16
13
15
6
28
20
25
26
17
27
25
70
18
15
18
23
26
19
26
21
22
25
24
15
23
19
20
19
35
17
19
26
24
20
27
31
26
19
21
20
17
23
13
59
19
13
13
19
26
22
28
19
13
18
16
34
30
20
26
40
21
11
38
18
56
22
18
12
20
14
13
8
14
11
9
18
19
20
18
14
13
9
32
13
21
18
11
15
18
15
16
15
19
11
11
15
16
11
13
13
13
15
62
14
18
14
17
22
21
22
17
42
22
9
37
29
42
38
25
38
27
44
34
32
24
15
18
29
41
33
36
31
34
40
32
45
21
36
18
32
24
31
17
33
32
24
23
30
22
18
29
38
20
29
20
16
33
29
44
28
40
22
32
20
34
45
30
34
36
34
30
32
39
38
35
37
38
33
37
37
21
27
40
37
37
43
37
39
39
39
34
40
31
35
35
41
40
42
42
37
40
38
30
47
27
37
33
34
43
36
30
36
36
38
40
33
37
37
49
22
44
31
28
37
35
37
37
37
26
33
39
43
33
29
44
39
29
36
36
37
42
48
42
33
35
35
39
38
35
39
39
50
33
39
42
27
45
30
35
23
36
42
39
39
34
30
33
27
33
36
34
31
37
32
32
37
41
37
38
38
52
35
35
33
31
34
32
33
40
31
37
28
32
34
35
32
35
32
23
33
36
30
29
33
32
40
36
31
35
35
28
34
46
39
32
36
42
34
35
44
32
47
39
28
35
35
35
34
34
31
34
40
32
37
38
34
27
33
35
37
40
31
42
30
32
36
30
33
40
41
31
45
32
36
34
34
33
39
35
34
31
23
38
31
37
36
35
33
36
40
23
32
24
32
36
35
34
39
28
43
34
29
29
28
44
43
47
46
45
39
39
32
37
39
38
39
35
39
41
6
24
0
2
7
5
6
1
1
3
1
0
5
7
2
4
3
5
0
3
7
3
1
3
3
5
1
2
3
1
7
1
5
3
2
1
1
1
0
0
3
3
3
0
40
2
3
1
5
5
1
5
1
0
3
3
1
3
3
0
5
3
3
3
1
1
5
7
1
3
3
7
7
1
3
1
1
3
1
5
5
5
6
3
1
1
0
3
0
5
7
3
1
5
4
1
1
2
3
21
1
1
7
1
3
1
1
1
9
4
7
0
3
1
3
5
0
3
1
1
0
6
0
5
2
4
1
3
19
3
3
1
1
1
3
3
0
3
1
3
3
3
3
2
3
3
7
3
3
1
5
3
3
1
5
7
0
5
1
3
3
0
1
3
3
3
0
1
3
3
1
7
3
1
5
1
0
5
6
5
4
5
1
3
5
1
0
5
5
23
1
1
0
5
0
1
1
3
5
1
1
1
3
0
0
3
6
4
3
3
7
0
5
1
0
3
3
1
15
1
3
2
3
3
22
0
4
3
4
3
3
3
7
1
5
3
3
5
5
3
17
1
4
9
3
0
3
5
0
5
9
3
1
3
7
4
1
3
5
1
4
1
3
3
2
3
22
1
1
1
2
3
5
3
7
3
4
3
1
7
1
1
18
1
2
5
1
1
17
9
9
21
26
22
22
26
32
29
24
15
25
11
6
13
20
48
23
13
15
35
13
21
29
13
17
25
20
31
29
15
30
15
24
40
11
19
37
19
21
19
10
22
28
21
21
21
15
19
17
31
19
17
15
29
29
27
36
21
19
26
15
19
19
38
22
22
13
21
31
25
17
19
29
44
47
23
30
27
33
22
13
16
38
9
18
19
21
17
24
21
29
13
23
21
19
28
31
27
39
29
15
13
6
27
25
35
29
65
30
15
19
29
42
31
40
24
35
26
44
61
34
29
63
28
44
40
51
18
11
15
27
44
44
16
40
54
25
42
31
22
21
19
58
41
27
62
36
36
52
64
21
36
44
42
46
34
41
19
29
25
45
73
31
25
8
50
15
39
42
56
35
28
22
40
37
17
19
37
35
37
13
36
31
23
34
45
19
33
42
51
36
28
17
19
25
23
35
35
38
11
23
25
42
47
15
11
43
42
29
20
21
15
19
21
28
17
38
36
31
27
25
37
17
17
21
40
23
42
14
33
15
26
37
25
6
31
39
40
9
10
21
41
24
8
13
33
31
13
15
20
18
40
17
27
21
12
23
12
17
25
19
19
19
15
21
17
13
15
23
8
36
26
23
27
36
22
29
8
26
13
30
17
12
20
12
8
31
35
66
78
34
58
30
47
31
38
57
38
26
37
70
58
46
27
32
38
31
24
42
37
27
32
70
50
27
52
35
48
20
31
63
36
46
47
47
49
33
45
31
34
35
24
50
33
39
88
45
49
51
40
42
46
29
28
58
32
31
30
40
32
48
34
38
38
31
20
35
43
33
33
67
57
44
33
26
27
28
26
93
47
32
37
38
32
38
42
31
74
29
30
67
41
30
33
37
50
70
33
35
28
32
33
66
37
39
45
48
35
34
50
44
36
33
32
32
38
29
34
48
43
65
25
29
52
23
24
41
26
30
23
53
45
26
43
21
25
23
19
38
41
30
31
35
43
39
41
27
29
22
14
33
24
26
31
50
41
47
42
33
17
24
24
63
26
30
28
43
68
33
27
44
30
23
18
20
26
37
18
39
45
27
51
44
30
25
30
22
39
26
19
25
19
23
24
26
47
20
24
35
29
24
24
44
36
33
32
45
26
31
31
31
35
18
23
24
29
28
32
31
32
32
33
44
51
42
40
31
45
39
28
23
32
19
19
26
25
32
21
47
40
49
28
28
24
25
20
23
31
27
36
30
43
30
31
33
26
22
19
23
41
34
29
39
54
50
34
25
36
25
23
25
29
35
35
41
22
28
25
34
39
22
17
28
41
8
2
31
2
8
2
8
2
8
8
14
6
10
2
4
6
4
10
2
2
4
4
4
4
12
14
6
6
10
14
2
18
10
4
45
14
2
8
4
2
21
10
4
6
4
20
2
10
6
0
2
2
2
4
6
43
2
4
8
6
14
4
2
4
2
6
33
4
4
4
6
6
23
4
6
51
2
10
4
6
10
2
41
4
6
14
4
6
12
6
2
6
6
4
27
4
6
6
6
49
88
23
4
51
6
4
8
6
4
6
2
6
25
6
2
0
41
8
4
2
6
10
23
6
6
8
2
35
8
54
6
64
4
8
4
8
8
6
6
6
6
21
10
6
6
33
42
6
54
6
6
6
6
2
4
17
6
10
35
8
33
6
21
8
16
4
4
6
6
4
8
4
35
8
4
6
21
8
12
6
20
4
6
2
8
4
4
44
21
8
4
4
33
8
10
35
4
6
36
4
6
6
4
4
6
51
10
8
10
6
4
6
4
6
51
6
10
8
8
8
6
8
4
25
10
4
12
6
10
10
4
8
6
27
6
4
6
4
6
10
8
6
19
4
4
4
2
4
4
2
4
6
4
12
4
8
6
2
4
6
4
54
4
8
4
10
4
8
14
12
10
14
21
8
6
4
2
8
6
6
8
10
4
10
10
8
12
17
