4
2
4
0
0
4
8
4
4
4
4
4
4
2
2
6
0
2
2
0
2
2
2
2
2
2
0
2
4
4
8
0
0
2
2
4
2
0
4
2
4
2
2
0
0
8
4
4
4
2
2
2
4
2
0
2
2
4
4
4
4
2
5
6
11
2
2
2
2
0
4
0
2
0
4
4
2
0
4
2
2
4
4
2
4
2
2
4
0
2
2
2
2
6
2
3
3
4
0
2
2
2
2
2
4
2
9
4
5
2
3
2
9
2
4
4
2
2
2
4
2
4
4
2
2
2
2
2
2
4
2
2
2
2
0
2
2
0
0
2
4
2
2
5
0
2
6
2
4
2
2
2
0
2
4
2
2
4
2
2
6
0
11
7
4
2
2
4
9
4
4
2
9
0
2
3
4
2
2
4
8
4
9
2
9
2
2
0
2
2
2
2
2
2
2
5
9
2
4
2
0
6
0
2
3
8
2
2
8
2
0
2
4
2
2
4
2
4
7
2
0
2
2
2
9
4
0
0
6
2
3
2
6
4
4
4
3
4
4
2
2
2
4
2
4
2
4
2
2
9
2
9
4
4
0
0
4
4
2
4
11
4
8
7
2
4
2
2
2
0
4
17
4
4
2
2
4
4
4
1
4
8
4
9
4
2
2
2
8
6
10
2
6
4
6
6
6
0
6
11
6
2
4
4
4
12
9
4
0
6
6
0
2
4
4
2
2
4
4
8
2
8
14
4
4
6
10
4
25
10
6
2
8
4
8
8
6
0
14
43
10
4
2
8
61
4
2
6
6
12
8
2
4
6
4
12
8
4
10
10
10
16
8
19
8
12
8
10
6
8
8
16
8
14
10
4
4
12
16
18
12
4
21
14
16
18
12
12
10
25
6
12
18
10
12
16
12
16
4
8
14
6
20
10
12
18
18
4
19
16
8
10
12
15
6
4
8
4
21
12
12
10
12
21
4
12
12
14
14
12
18
6
10
6
8
16
6
17
8
6
4
6
10
22
21
10
22
15
8
20
10
4
9
33
12
14
20
10
20
8
4
6
22
10
18
12
10
18
23
17
4
16
29
31
10
6
17
27
8
25
16
14
16
12
23
16
6
20
10
8
25
22
12
20
16
14
20
6
24
25
29
6
16
10
18
4
8
6
14
18
8
15
10
12
4
17
20
12
8
8
8
6
16
6
6
18
19
13
6
12
8
8
12
8
12
6
13
2
4
2
8
4
2
33
2
95
22
8
10
4
4
6
5
3
12
9
8
4
6
4
6
12
14
12
6
2
4
4
4
6
0
14
6
8
8
18
2
0
0
0
0
0
0
4
13
2
0
0
4
4
0
2
2
0
0
0
2
2
0
2
0
0
0
2
0
0
0
4
4
0
4
0
2
0
2
2
0
2
0
4
0
3
0
2
0
2
0
2
4
2
0
2
2
0
12
0
2
0
0
2
2
0
4
2
4
0
0
0
4
2
0
3
2
4
2
0
22
2
2
5
2
2
0
0
0
0
0
2
0
0
2
0
0
2
0
2
2
0
4
2
3
4
0
2
2
0
0
4
0
2
0
0
2
2
4
4
0
2
2
2
2
2
4
2
0
0
4
2
4
2
0
0
2
0
2
4
0
0
2
0
2
2
0
0
2
0
2
0
2
2
2
0
2
5
2
4
0
4
2
2
19
2
2
2
2
2
0
0
2
2
2
4
0
5
0
0
2
0
2
0
2
2
28
0
0
0
0
2
2
2
0
0
2
2
0
0
0
0
2
2
0
0
2
0
2
2
0
2
2
2
2
2
4
0
2
7
2
0
2
2
4
2
2
4
2
4
4
0
2
2
0
0
2
0
3
0
2
4
2
4
0
0
2
0
4
0
2
0
2
0
2
4
4
4
0
0
2
2
0
0
2
0
0
0
4
2
2
0
2
2
2
2
2
4
2
0
0
2
0
0
2
4
0
0
43
28
24
25
35
13
15
71
34
22
65
23
20
17
18
22
26
41
27
21
13
40
20
16
21
26
25
45
15
15
21
25
24
23
40
40
27
15
14
43
24
29
44
22
21
13
19
21
19
30
39
36
26
33
36
28
56
42
45
17
38
31
31
31
39
35
16
26
20
20
27
33
23
22
40
42
70
27
25
35
29
23
40
25
18
36
18
25
23
43
29
12
24
30
10
32
27
30
20
37
31
23
27
26
38
28
35
72
27
41
29
27
20
23
24
35
38
35
27
44
13
21
50
48
22
55
61
55
10
57
45
56
69
51
40
53
46
80
53
58
49
68
58
39
66
64
56
61
56
66
61
28
75
64
58
22
61
44
20
67
17
59
66
48
64
64
42
72
20
20
35
23
76
37
45
33
72
33
15
66
59
72
52
68
55
60
64
24
59
29
55
61
67
46
49
67
35
63
55
40
32
70
60
60
25
56
53
60
70
39
51
26
32
30
50
44
17
35
44
47
49
30
21
54
56
31
20
21
27
60
18
23
22
24
31
13
37
27
43
32
44
38
20
21
34
26
33
77
70
39
25
22
31
47
24
35
23
31
37
8
26
18
36
32
17
25
43
20
24
56
27
20
38
30
36
34
38
40
26
19
66
30
28
34
13
71
75
64
12
15
14
11
19
8
8
6
6
19
2
10
8
4
8
14
6
8
6
8
8
14
4
12
2
14
4
6
10
88
10
6
2
14
2
8
8
6
6
4
6
10
4
2
10
10
4
9
4
4
10
4
6
8
10
8
6
4
2
4
6
18
6
10
2
4
13
4
8
10
12
6
4
12
12
6
8
6
2
10
6
6
10
10
8
14
8
6
6
6
8
10
8
6
10
4
2
6
12
10
10
4
12
10
2
14
6
4
16
10
6
4
8
8
8
6
4
10
10
21
12
12
8
10
15
14
14
10
8
10
8
8
4
10
12
6
10
12
8
10
4
2
12
14
21
10
4
4
6
8
16
6
4
12
14
8
6
17
10
10
6
12
10
8
4
6
12
18
8
18
4
8
8
14
12
14
10
6
8
12
12
14
6
12
10
10
13
4
6
8
18
16
6
4
17
8
10
14
15
6
8
2
14
4
10
16
2
20
6
4
10
14
6
6
7
8
4
2
11
12
7
4
18
10
4
14
18
10
14
6
6
8
6
10
6
14
18
15
14
12
12
4
10
21
11
6
6
8
6
6
6
2
10
14
2
6
8
14
6
2
12
12
10
10
12
10
16
4
14
8
2
10
14
12
12
11
15
10
8
12
4
16
8
6
6
6
14
4
2
2
2
0
0
2
2
2
0
0
0
5
6
0
4
4
0
4
2
0
0
2
0
4
2
4
2
0
2
2
0
8
2
4
2
0
0
0
2
0
4
4
0
0
0
0
6
0
2
2
2
0
2
2
2
0
2
4
2
2
2
0
0
0
2
0
0
6
2
2
2
0
2
4
0
0
2
2
0
0
2
2
2
0
2
2
0
4
0
2
0
2
0
0
2
4
0
2
4
2
2
0
4
0
0
2
2
0
0
2
2
2
0
0
2
0
0
4
0
0
0
2
2
0
0
2
97
0
0
0
2
0
2
2
4
4
2
2
0
2
2
0
2
2
2
0
0
2
2
0
4
0
2
0
0
2
0
2
2
2
2
2
2
0
2
0
2
2
0
2
0
9
2
2
0
2
0
0
0
2
0
2
0
2
0
0
0
0
4
0
2
0
0
0
4
0
2
2
0
4
0
2
4
2
0
2
6
4
0
0
4
0
0
2
0
0
2
0
4
0
2
0
0
6
0
4
2
4
2
4
0
0
2
0
2
4
0
0
4
4
2
0
0
0
4
0
0
4
0
2
2
2
2
2
2
4
0
4
2
2
2
0
0
2
2
6
4
2
4
4
0
4
0
0
4
0
0
0
0
2
0
6
0
2
0
0
4
0
15
4
22
24
19
9
56
45
4
5
30
6
20
11
13
9
9
25
22
0
9
9
18
18
9
0
9
15
18
11
15
20
17
13
18
17
13
27
11
24
22
16
25
17
11
13
29
7
9
21
20
20
24
11
17
0
15
20
0
9
9
24
18
29
16
20
43
20
17
21
5
0
14
19
9
9
39
26
24
17
26
27
25
16
15
16
42
29
46
35
24
29
5
28
20
6
37
36
35
13
15
6
31
47
0
18
42
35
0
2
11
26
6
4
19
8
27
11
0
35
26
30
15
2
34
27
38
0
7
24
6
23
39
21
31
22
0
41
44
37
0
21
13
5
19
33
13
33
53
26
11
18
0
6
30
23
11
14
4
13
37
40
38
34
39
38
11
48
46
42
27
31
11
0
0
20
16
30
4
27
33
20
9
0
36
50
15
6
9
9
11
46
6
31
26
18
40
35
40
16
0
37
2
35
6
7
31
6
0
15
35
19
53
39
20
30
0
13
28
22
25
25
21
20
0
19
25
9
32
5
24
29
39
64
48
15
33
30
14
0
15
41
0
9
9
5
22
5
5
28
26
12
0
4
15
16
29
31
19
10
3
16
20
18
7
33
31
5
13
26
16
32
28
48
7
40
5
24
20
7
10
11
18
51
13
45
4
20
11
4
9
7
11
12
5
7
5
9
9
7
2
7
4
4
8
5
5
11
5
14
9
10
5
13
7
5
9
7
5
4
9
7
11
29
13
19
7
9
11
16
9
32
7
17
7
11
18
4
14
3
11
5
7
9
9
11
13
18
7
14
9
18
16
12
20
16
18
19
11
7
11
9
7
11
5
20
18
7
12
9
18
9
4
0
2
2
7
9
9
16
11
14
11
11
11
14
9
14
16
7
23
20
11
18
7
21
10
15
18
18
16
18
12
21
14
5
11
10
12
14
12
16
12
20
17
12
9
19
16
5
7
7
9
9
9
18
12
21
12
18
14
14
16
16
7
7
5
11
12
23
20
7
5
14
17
19
23
7
16
11
12
23
20
25
16
14
21
11
14
9
11
5
13
18
18
22
26
10
9
13
9
11
7
25
27
23
13
18
0
5
4
11
17
17
92
21
5
7
7
7
2
24
18
14
14
12
34
14
14
11
20
7
12
31
14
16
16
17
12
5
13
16
14
11
14
14
19
9
9
16
7
20
13
20
12
11
16
7
11
12
11
16
11
10
9
11
23
9
22
14
13
12
12
12
7
13
5
7
12
4
4
14
13
9
14
2
4
5
11
14
12
7
12
7
9
11
14
9
5
7
9
12
11
10
5
9
57
66
44
40
27
36
37
41
26
62
82
42
81
28
59
33
49
25
34
37
40
46
29
33
74
54
7
43
62
39
41
38
23
23
56
52
14
20
31
44
30
32
84
42
83
39
72
42
66
34
46
32
54
27
41
0
48
39
59
29
40
42
52
23
32
32
42
40
34
43
81
42
31
35
42
45
39
22
39
40
24
47
76
41
31
31
48
54
49
29
28
42
41
45
91
36
62
67
46
38
40
14
37
44
66
44
86
26
20
63
48
34
31
39
48
28
46
28
42
47
40
59
55
36
39
43
27
26
19
19
63
43
78
57
28
27
33
37
22
27
38
27
56
26
34
36
24
85
29
22
37
41
41
29
41
34
72
49
43
66
39
30
21
21
27
29
62
32
24
37
36
39
31
21
25
35
43
45
43
31
46
44
27
39
43
37
39
49
44
37
39
39
21
21
19
23
52
33
26
23
19
31
29
17
29
44
34
24
43
25
29
44
36
31
48
46
25
20
32
34
21
29
30
27
32
52
82
38
43
68
40
23
22
23
25
19
19
37
27
22
24
22
23
23
17
19
24
19
15
24
37
19
15
19
20
17
24
22
27
30
31
16
19
22
19
24
40
21
16
13
21
22
32
20
20
17
16
32
20
24
26
17
20
20
16
22
18
18
5
0
0
2
2
2
0
2
0
1
2
2
0
0
2
4
4
2
2
0
0
4
1
0
2
4
4
2
2
0
0
2
2
2
2
2
0
2
2
1
1
1
0
3
0
2
0
4
0
0
2
2
4
0
0
2
0
0
3
0
0
2
0
2
0
2
4
0
2
0
2
0
2
2
4
5
2
5
6
0
2
4
0
2
4
0
0
2
0
2
4
2
2
0
4
2
2
0
2
4
4
2
2
6
0
2
2
4
2
0
2
2
1
6
2
1
2
2
0
2
4
2
2
0
4
2
0
2
0
4
0
0
4
0
2
2
0
4
5
4
4
4
0
2
0
2
2
2
0
4
2
2
0
2
0
2
2
2
2
0
2
2
1
3
0
3
0
1
0
1
2
2
2
2
0
4
2
2
0
2
2
0
2
0
1
2
2
2
3
4
0
4
0
2
0
0
2
0
2
1
1
4
1
1
2
0
2
1
1
2
0
1
2
2
4
0
0
2
0
2
2
2
2
2
2
2
3
0
0
2
0
0
2
2
1
2
1
0
4
0
2
0
2
2
2
3
0
0
0
1
2
2
1
0
2
2
2
0
0
0
1
0
2
0
4
0
0
0
0
2
1
0
0
0
3
2
1
4
2
3
1
2
0
2
3
2
2
2
