18
0
23
7
2
40
5
25
0
10
0
4
2
40
0
0
4
44
76
86
0
16
2
3
27
91
6
6
77
0
0
61
19
4
40
0
0
0
0
0
0
0
0
68
50
87
0
0
0
0
0
0
0
0
0
2
0
69
2
4
0
5
0
0
31
2
56
3
0
32
0
83
25
44
20
2
2
20
3
0
7
2
37
4
2
81
8
0
0
2
32
79
0
14
2
0
91
33
47
3
91
27
0
49
80
2
2
2
0
16
2
3
28
42
2
7
2
2
2
7
0
0
0
0
28
2
4
81
0
0
2
45
2
26
0
0
2
52
0
0
2
2
33
3
23
1
0
5
0
31
2
2
0
0
0
0
29
0
0
0
2
11
28
38
0
0
89
4
2
2
0
2
2
35
0
2
0
2
0
0
0
2
45
0
0
3
25
0
0
80
31
17
0
2
2
33
0
39
56
0
4
0
0
73
0
0
3
10
26
2
0
0
11
5
2
6
2
32
0
2
3
90
2
73
0
38
60
52
54
35
50
7
0
45
79
0
54
93
85
49
0
0
0
0
0
0
0
98
13
55
0
0
0
0
0
0
0
0
0
59
4
0
0
0
55
0
0
0
0
0
0
60
2
40
88
0
0
0
0
0
0
0
0
48
2
4
0
50
0
2
0
0
2
2
0
0
4
0
2
2
4
2
2
6
0
2
2
0
0
2
0
2
6
4
4
0
4
6
0
2
4
2
2
2
4
4
0
0
6
2
0
0
4
0
2
4
2
2
4
6
2
2
4
4
4
4
4
0
0
0
4
4
7
4
0
2
6
2
2
2
4
2
4
0
0
3
5
2
2
2
2
2
6
6
4
4
2
2
0
0
2
4
0
0
0
6
0
2
4
4
4
3
0
4
4
2
0
0
8
2
0
2
4
4
2
2
4
0
2
2
4
4
48
2
0
0
0
2
2
0
0
4
0
0
0
4
0
2
0
2
7
0
4
2
2
2
4
4
2
2
2
4
0
2
2
2
4
2
0
2
4
4
2
0
2
0
0
2
2
4
2
2
0
0
2
0
0
2
0
2
2
2
4
2
0
6
2
6
2
2
2
0
2
8
0
0
1
0
0
0
2
4
2
2
2
2
5
0
2
2
2
4
2
4
2
2
2
0
2
2
4
2
2
4
2
4
2
4
0
4
4
2
6
8
4
2
2
4
0
2
2
2
4
0
2
4
2
2
2
0
2
0
0
4
0
2
0
0
4
0
2
4
4
0
0
6
4
4
2
0
2
2
6
2
0
2
5
2
0
2
0
0
2
0
6
0
10
6
0
10
2
2
4
4
4
0
2
4
0
2
6
4
2
4
4
2
0
2
2
2
0
4
2
2
2
2
0
4
0
2
4
2
0
2
4
4
2
4
2
2
6
0
8
2
4
6
0
2
2
2
10
4
6
4
0
0
0
8
2
2
8
2
6
2
4
4
6
0
0
2
0
4
2
4
6
0
10
2
4
4
2
8
2
0
0
0
4
4
4
2
4
0
6
4
6
2
4
2
0
2
4
2
4
0
2
2
4
0
4
6
2
6
2
2
2
4
2
8
4
2
2
2
6
4
2
4
6
0
4
4
6
4
2
4
4
2
4
2
4
4
10
0
0
2
0
0
8
0
2
6
2
6
6
2
6
4
6
4
2
4
2
2
0
8
4
0
6
6
4
10
6
0
6
2
0
0
0
6
2
2
4
2
4
2
6
0
4
0
4
2
2
6
2
8
4
0
2
2
0
2
2
2
4
2
4
8
2
4
2
0
8
0
4
0
2
4
0
6
10
10
6
6
6
6
0
4
0
0
2
4
6
2
6
6
6
8
0
2
2
2
2
2
0
6
4
4
4
0
2
4
4
4
2
0
0
0
4
2
4
4
2
8
8
2
0
6
2
4
2
0
12
6
0
0
0
2
4
2
0
4
8
2
2
6
4
2
5
5
3
1
3
5
2
6
0
3
2
2
0
0
4
5
2
0
2
2
2
3
2
2
3
3
3
2
3
0
5
3
0
2
2
0
2
7
3
2
3
0
3
3
3
3
3
0
0
2
0
7
1
5
2
5
6
4
0
3
3
5
0
3
0
1
5
8
2
2
2
0
0
4
0
2
2
3
1
5
3
5
3
3
3
2
2
3
5
0
0
6
2
2
5
2
5
2
7
2
3
3
3
2
3
6
3
5
3
6
4
2
2
0
6
2
0
2
7
2
3
2
7
1
0
9
0
1
0
3
3
3
0
2
3
3
5
3
7
6
0
3
3
3
2
3
2
5
3
2
3
0
2
4
7
5
0
5
7
0
0
3
2
3
3
3
0
3
4
0
2
2
2
3
6
2
1
3
2
2
5
3
2
8
2
13
3
1
3
3
0
4
12
3
5
0
3
3
3
3
2
5
2
3
5
3
5
6
3
5
5
7
3
4
2
0
2
5
7
0
7
0
2
2
5
0
5
0
7
2
2
4
3
5
5
2
3
5
0
5
1
5
8
2
2
1
2
3
3
3
6
2
5
2
0
0
3
2
6
0
3
3
5
3
2
6
0
3
8
3
0
3
5
3
7
1
4
3
5
3
2
2
0
5
3
5
2
5
3
6
9
0
10
1
1
3
0
9
19
11
1
16
12
2
2
13
2
0
2
1
2
3
10
4
1
9
11
4
1
10
1
2
2
2
0
1
8
1
2
25
6
9
12
2
6
2
1
6
1
7
8
2
12
9
12
1
2
12
7
10
13
1
4
1
2
12
14
19
11
23
2
16
3
2
0
3
2
0
7
13
4
2
16
0
7
1
19
1
8
1
10
3
0
14
2
4
3
1
1
7
9
8
3
0
1
7
1
13
3
12
9
10
15
2
11
2
0
3
2
0
1
0
7
1
0
4
4
2
11
3
1
17
2
19
13
1
1
13
0
19
6
14
3
8
3
0
21
7
0
2
6
14
20
8
1
19
0
7
7
4
19
0
2
1
14
3
8
3
1
4
3
7
5
3
0
1
10
0
18
0
4
16
5
1
11
19
1
1
2
17
20
0
1
1
0
2
9
1
1
2
4
8
14
3
1
6
2
0
28
8
2
2
10
1
2
1
19
1
0
5
0
7
4
11
16
0
11
1
1
7
2
13
1
26
2
0
1
11
1
2
0
3
9
1
27
3
3
5
17
8
0
1
0
4
0
16
9
1
4
2
0
11
0
1
1
1
2
0
0
0
2
1
4
9
2
3
1
2
1
11
4
1
0
1
4
0
6
6
2
6
6
4
6
6
4
0
6
17
0
2
4
8
8
4
4
4
6
2
8
2
4
4
6
10
6
11
11
8
2
6
12
2
4
6
8
2
2
6
2
6
8
59
8
6
10
6
4
4
8
8
8
8
12
6
10
8
13
46
17
13
15
8
17
13
21
13
17
13
17
13
17
25
15
12
15
15
13
23
13
10
17
21
11
23
13
27
17
21
15
13
10
17
10
25
13
6
13
25
19
10
13
19
13
12
17
10
13
10
19
10
10
6
11
15
33
19
6
10
8
19
6
10
23
27
8
13
17
15
11
6
8
21
21
17
25
10
8
10
6
10
21
25
29
23
10
11
10
23
13
23
10
27
13
17
17
8
19
23
19
17
17
21
25
25
8
15
19
29
23
17
10
15
19
15
17
23
23
29
15
19
15
23
25
23
25
13
38
25
25
4
4
6
6
10
10
23
6
6
4
10
0
12
10
10
12
6
2
4
6
4
6
8
8
2
6
2
4
23
6
6
4
6
2
4
2
0
2
8
6
2
4
6
10
2
4
6
4
4
8
8
6
4
6
2
2
4
6
19
2
2
4
6
0
4
0
8
6
40
4
8
6
4
6
8
4
8
6
6
4
6
6
6
6
8
8
15
4
8
8
2
6
2
6
9
11
13
6
4
9
11
6
11
7
4
11
7
9
9
6
7
9
7
13
7
6
7
9
6
11
7
4
9
6
7
6
11
11
6
15
6
4
15
6
9
9
9
11
4
13
7
13
6
4
11
7
7
4
6
4
6
4
9
6
6
6
11
7
6
15
13
11
11
15
7
4
9
15
11
7
6
19
6
4
11
9
4
9
9
6
6
15
4
13
9
11
19
4
7
11
13
7
13
11
11
6
9
4
13
9
11
7
4
11
15
6
15
15
11
15
7
11
9
15
6
9
9
11
11
15
19
19
21
19
7
7
13
9
15
15
7
37
27
20
6
17
22
13
11
7
15
7
9
6
7
13
6
13
7
9
11
11
6
7
7
7
4
15
21
9
13
15
13
6
6
4
4
6
13
7
7
9
9
9
4
13
15
11
9
7
17
13
13
15
9
6
11
9
6
9
15
15
7
11
6
4
21
6
11
11
9
7
15
17
9
11
15
7
6
9
7
11
9
9
11
13
13
7
13
15
11
9
11
9
9
13
9
6
7
15
15
13
11
21
9
13
15
9
6
9
41
9
11
13
17
13
6
9
13
15
13
13
11
11
4
15
9
9
7
15
9
13
13
17
11
9
7
11
13
7
9
11
6
4
11
11
13
13
9
15
7
4
10
15
19
14
6
9
14
14
8
11
12
12
13
10
9
11
13
9
7
8
10
8
7
9
11
10
11
17
8
6
8
13
7
15
10
7
10
14
10
11
17
9
7
10
8
9
15
9
12
12
12
12
15
7
8
17
11
22
8
7
10
14
8
11
11
11
17
7
9
16
14
10
10
23
21
19
13
7
18
8
8
9
7
26
14
13
9
14
11
10
10
14
11
19
18
10
9
19
12
13
15
22
7
9
20
26
17
18
16
17
11
26
9
9
25
23
12
10
9
15
14
13
11
11
11
7
22
10
22
24
10
16
12
10
14
9
10
8
13
10
8
12
20
26
17
10
17
14
11
11
14
20
16
13
11
13
13
7
14
9
14
11
13
10
4
7
13
9
7
9
14
19
17
8
10
14
9
13
13
11
8
14
9
9
9
11
15
22
4
16
10
12
13
7
14
10
11
9
13
8
12
10
17
10
10
9
7
7
17
16
8
14
9
12
11
8
16
11
19
11
13
7
9
10
19
4
14
13
8
9
10
17
10
13
10
10
11
10
17
11
11
14
12
10
19
11
16
13
11
13
10
10
9
9
9
8
13
10
11
8
11
17
14
8
11
8
13
11
12
16
5
18
20
27
16
11
13
8
16
6
14
15
10
10
10
8
10
2
12
4
2
4
4
8
8
12
10
2
4
6
6
2
4
8
6
2
8
6
6
4
37
6
6
6
49
12
8
14
12
4
20
12
12
4
16
22
49
14
10
4
12
12
14
14
20
14
8
21
12
25
20
10
25
21
12
16
10
14
10
8
12
12
21
21
12
10
18
14
18
18
18
18
8
16
10
12
18
29
14
16
45
21
22
10
18
12
22
12
27
8
8
8
14
10
8
8
10
14
12
16
14
8
21
14
10
6
18
33
6
12
14
23
8
23
12
8
63
14
20
25
19
12
10
10
20
20
14
16
14
27
21
16
20
22
20
22
35
31
22
20
20
10
8
10
10
53
6
10
24
8
12
8
8
23
10
8
22
8
27
4
21
27
18
21
21
29
21
16
14
35
12
12
35
43
20
27
4
8
6
2
4
8
4
4
4
4
12
2
2
4
4
4
2
6
2
10
4
2
6
6
4
4
0
6
8
6
4
8
4
8
4
10
4
4
6
25
4
2
4
4
6
4
18
8
4
6
4
0
2
6
8
6
8
6
4
8
4
6
6
4
8
8
4
8
0
2
0
2
2
0
6
8
2
6
4
6
6
8
6
8
8
2
2
2
4
8
2
2
4
6
2
8
2
2
4
2
2
4
4
4
4
0
4
8
8
85
5
4
4
49
2
4
6
5
4
4
2
85
2
9
54
6
0
2
6
2
2
35
0
4
5
0
8
9
0
4
4
7
2
83
0
6
78
0
0
4
25
3
9
2
0
66
2
4
2
0
2
2
0
6
4
66
2
5
0
6
0
4
0
37
3
8
0
57
0
0
21
9
2
0
0
2
4
0
14
61
0
4
6
3
7
5
0
5
4
4
2
8
0
7
0
4
4
50
0
5
21
2
0
6
5
2
33
9
6
2
8
0
5
0
0
2
5
5
0
4
5
62
4
0
20
5
0
29
6
5
34
9
2
6
2
47
2
0
7
7
42
2
2
4
4
4
4
31
16
36
6
7
4
4
14
6
64
0
2
7
20
2
57
2
0
19
5
0
37
0
4
2
7
11
8
0
9
0
0
6
2
4
0
3
54
6
2
2
10
2
2
4
97
4
2
35
0
0
6
6
6
63
3
0
2
5
2
8
5
5
0
0
4
6
4
5
0
0
3
2
6
77
0
4
27
3
6
5
2
68
2
4
24
0
0
94
0
8
16
18
2
20
2
21
1
15
9
10
17
19
18
12
20
20
0
16
4
2
1
25
9
0
19
15
10
10
18
9
18
14
20
15
17
0
2
3
5
11
25
0
3
50
5
4
2
38
2
