34
30
25
49
16
44
47
23
27
37
18
37
37
29
34
40
50
55
56
47
37
36
46
23
54
42
48
50
20
28
35
24
9
29
24
19
33
15
26
25
23
26
34
33
27
32
13
21
20
46
15
16
30
0
19
24
41
35
39
41
45
28
39
24
64
13
36
33
45
28
20
32
31
40
59
56
30
41
45
38
22
32
2
26
33
44
43
33
55
30
22
23
47
42
36
23
40
25
48
45
38
32
52
28
29
18
49
30
44
45
26
34
18
42
28
26
58
62
71
33
67
52
37
20
40
37
47
31
37
21
59
39
27
54
49
24
46
18
22
32
39
38
39
30
31
6
34
32
21
56
32
33
30
17
58
34
28
19
37
34
34
50
30
46
55
41
19
58
35
44
68
58
46
51
27
50
35
21
55
53
22
52
26
57
65
35
51
70
39
2
34
34
32
9
45
28
44
51
48
38
14
9
22
53
39
28
7
58
18
26
52
37
29
47
24
28
31
31
47
32
18
32
30
21
35
37
65
40
12
31
29
43
28
31
15
9
52
44
17
53
46
42
19
27
52
20
50
68
14
45
32
30
12
43
26
13
0
35
40
37
17
15
37
53
51
34
23
20
36
36
53
23
52
29
34
21
40
29
22
11
24
34
14
14
35
28
32
53
4
2
0
2
0
6
0
4
0
2
2
4
2
2
2
2
2
4
0
4
2
4
5
4
0
2
0
2
5
0
2
0
0
0
0
2
2
4
4
0
2
2
0
2
2
0
4
4
0
0
0
4
2
6
0
2
2
4
4
2
2
2
2
2
2
2
2
0
2
2
0
0
2
4
2
2
4
0
2
2
0
0
2
2
4
2
0
2
0
8
2
2
4
0
4
2
2
4
2
2
4
4
2
0
0
2
0
2
0
0
4
0
2
0
2
2
4
2
0
0
4
0
2
2
0
4
2
4
4
2
4
2
4
0
0
4
2
2
2
2
2
7
2
2
2
2
0
0
0
0
0
4
0
0
0
0
2
0
0
2
0
0
2
4
4
0
0
2
2
2
4
2
0
2
2
4
2
2
2
2
0
0
2
2
6
0
0
6
0
0
2
4
0
0
2
2
4
12
0
0
2
0
0
4
4
2
2
2
2
0
2
4
0
0
2
0
2
0
2
4
0
2
0
2
0
0
0
0
4
4
2
0
0
2
2
0
2
0
4
2
2
2
2
4
2
0
2
2
2
2
2
2
4
2
2
4
2
0
4
2
4
2
2
0
4
6
4
2
8
4
2
6
2
4
0
4
0
0
0
0
0
2
0
0
0
4
4
2
10
6
5
7
3
5
5
8
7
4
7
9
7
15
5
9
5
10
8
2
10
5
21
7
13
7
7
12
8
12
3
9
5
9
8
4
7
5
5
5
12
7
8
8
12
11
9
6
7
16
35
5
6
8
10
2
5
5
5
7
5
5
4
7
3
3
6
2
7
5
5
3
4
2
3
14
8
3
5
9
12
7
2
5
7
4
6
5
5
11
4
7
0
3
0
2
5
3
4
39
3
7
7
3
11
3
4
5
3
3
5
6
7
8
7
5
7
7
9
3
3
4
2
16
10
10
5
5
6
3
7
5
7
3
9
5
14
9
9
3
14
3
3
9
5
6
5
5
5
3
3
11
7
48
4
4
6
9
3
8
5
3
6
7
8
18
10
4
6
8
5
5
6
7
3
7
6
10
3
7
5
9
10
5
6
3
6
12
6
3
7
7
3
5
5
6
10
9
9
5
3
3
3
3
5
10
11
8
5
4
3
5
3
3
5
5
4
1
3
4
2
19
19
1
1
2
5
4
4
1
3
4
3
6
4
5
3
3
3
1
3
3
3
2
3
6
8
3
5
3
7
10
2
5
4
3
5
5
4
3
2
4
6
2
6
3
2
5
3
3
4
7
5
7
3
3
8
10
1
10
6
7
5
9
6
6
11
5
12
12
24
10
15
21
13
8
5
5
4
9
11
9
8
11
11
10
20
31
10
9
9
18
11
13
11
15
16
12
11
20
10
11
15
9
11
9
11
5
8
7
6
8
7
10
9
22
5
9
13
4
9
8
11
12
9
10
16
13
4
6
17
24
18
16
13
14
29
6
10
7
6
9
7
16
9
12
8
11
8
10
10
13
16
7
11
10
21
8
11
5
13
22
9
11
9
7
12
9
8
11
12
25
12
15
9
11
13
6
7
8
10
11
6
7
13
4
12
14
16
11
12
9
31
12
8
13
20
9
15
18
12
12
13
9
6
7
16
9
9
7
8
14
9
8
6
8
6
15
7
13
12
23
10
7
11
10
19
8
4
6
12
17
6
18
13
10
8
7
9
8
7
3
5
17
17
8
6
6
11
13
7
12
7
5
20
6
8
7
8
9
24
9
8
8
7
16
8
8
6
6
11
16
10
7
16
7
6
9
7
8
4
7
8
10
4
7
8
8
8
9
7
10
12
8
13
5
6
10
9
6
9
10
10
13
9
8
5
11
10
7
5
9
9
9
10
7
9
7
23
20
7
14
8
12
20
8
13
8
14
16
4
13
6
15
17
8
8
9
15
9
8
7
8
11
7
8
8
10
17
21
9
12
6
7
11
7
0
0
0
2
2
0
0
0
0
2
0
0
0
4
2
4
4
8
0
0
0
0
2
0
0
0
4
0
0
0
0
0
2
0
2
2
2
2
0
0
2
2
0
2
2
2
2
4
6
0
0
0
2
4
2
0
2
0
2
2
4
0
4
0
4
0
6
2
2
0
2
0
4
2
4
0
2
0
0
4
0
2
2
2
0
2
0
2
0
4
2
4
97
2
6
0
2
0
4
2
0
2
6
0
6
6
0
4
0
2
0
0
0
2
2
4
0
2
2
0
2
4
6
4
0
6
4
0
2
0
0
10
2
2
0
2
2
8
2
4
6
4
0
0
0
4
4
4
4
2
0
6
6
2
2
0
2
2
13
0
2
6
0
0
2
2
4
0
2
4
6
4
2
6
4
0
2
0
4
0
0
6
2
2
6
0
2
0
2
2
0
4
2
4
10
0
0
2
0
0
2
0
4
0
4
2
0
4
2
2
2
4
4
0
4
0
2
0
2
2
4
2
0
2
2
4
4
4
6
0
6
4
2
2
2
2
2
4
2
2
0
2
2
0
0
0
2
0
2
0
2
4
4
6
0
4
0
4
6
2
8
2
0
4
4
4
2
4
8
0
0
2
0
6
0
0
6
0
2
4
4
4
0
6
4
0
8
2
0
0
0
0
2
7
0
7
0
0
0
0
0
5
0
4
7
0
0
0
0
0
7
3
2
0
0
1
9
0
0
0
13
2
1
7
0
9
0
1
0
4
2
7
7
0
5
0
0
7
23
11
9
7
0
0
99
7
1
2
2
2
4
5
0
2
0
7
2
1
9
0
1
95
4
1
0
0
1
1
0
5
0
0
0
0
0
4
2
1
0
2
11
2
5
0
0
2
11
0
1
1
0
2
9
1
7
4
7
4
7
2
0
0
0
2
2
2
0
0
2
0
7
0
3
0
5
9
0
0
2
0
5
0
2
4
0
3
0
5
0
9
7
2
2
5
3
0
2
7
0
7
1
0
1
0
0
5
0
9
0
0
7
11
1
0
2
0
0
2
7
3
0
2
0
3
97
4
0
2
22
2
0
2
0
0
5
0
0
2
0
1
7
2
0
0
1
45
0
1
0
0
0
11
0
2
0
0
2
7
0
0
0
0
0
11
0
3
0
0
7
7
0
0
1
2
0
0
0
0
0
2
9
0
2
3
5
7
5
1
5
5
2
4
5
0
7
5
2
9
9
5
0
9
5
7
9
2
5
2
0
5
7
0
0
0
4
13
2
0
7
9
9
7
9
3
2
0
0
11
7
5
0
5
2
0
0
0
4
9
2
4
4
5
5
4
0
4
2
5
5
2
4
6
5
0
0
2
2
7
7
5
2
2
9
2
2
2
2
4
7
4
9
2
2
5
4
2
0
2
0
5
5
2
5
0
5
5
2
2
0
5
4
4
5
5
4
2
4
2
5
3
5
2
2
4
0
5
4
7
5
4
2
4
5
4
7
5
5
21
4
2
5
5
5
5
5
2
7
4
4
7
5
5
4
7
7
4
5
2
2
2
4
4
0
4
2
5
4
5
7
0
2
9
2
5
7
7
9
5
5
17
13
5
11
4
7
31
4
9
4
7
4
11
7
7
4
7
15
9
9
9
5
7
29
4
4
7
23
9
5
9
9
7
9
13
15
5
21
17
7
5
13
7
9
11
13
11
5
19
5
9
11
13
9
7
7
15
11
9
7
9
9
5
23
4
15
13
9
11
5
5
9
19
5
19
9
13
5
9
7
7
13
5
17
11
13
13
4
15
5
11
5
4
5
11
7
7
9
9
9
5
5
7
7
7
7
5
9
3
9
9
4
7
9
5
9
2
13
4
17
5
4
5
11
5
9
4
5
5
9
9
7
5
7
7
5
9
7
11
7
5
5
4
11
9
4
7
9
9
2
17
5
7
5
11
5
5
11
7
2
7
5
27
7
4
13
13
11
11
13
11
13
11
13
13
13
13
13
11
13
13
13
13
13
13
13
13
11
13
11
13
13
13
13
13
13
13
11
11
11
13
13
11
13
13
13
13
11
11
13
13
11
11
13
13
11
13
13
13
11
13
13
11
13
13
11
11
13
13
13
13
13
13
13
13
11
11
13
11
13
11
13
13
13
13
13
11
11
13
13
13
13
13
11
13
13
13
13
13
13
13
13
13
13
11
13
13
13
13
13
13
13
13
13
13
13
11
11
13
13
13
13
13
13
13
11
13
11
11
11
11
13
11
13
13
13
13
13
11
13
13
13
11
13
13
13
11
11
13
13
11
13
13
11
13
13
11
13
13
11
13
13
13
13
11
13
13
13
11
13
13
13
13
13
13
13
11
13
13
13
13
13
13
13
13
13
13
13
13
11
11
13
11
13
11
11
13
13
11
13
13
11
13
13
13
13
13
11
13
13
13
13
13
11
13
13
13
13
13
13
15
13
11
13
13
9
13
13
13
13
13
11
13
13
13
13
13
11
13
13
13
13
13
11
11
11
13
13
13
13
13
13
13
11
13
13
13
13
11
13
13
13
13
13
13
11
13
13
13
13
11
13
13
11
13
13
13
13
13
11
13
13
13
13
13
13
13
13
13
11
13
13
13
4
4
6
9
5
7
11
6
6
6
2
6
4
7
7
4
11
6
11
4
4
8
6
11
4
6
6
6
4
7
6
6
11
6
7
9
2
4
7
9
0
4
6
7
4
7
6
2
6
4
7
7
11
7
9
6
6
4
6
7
8
7
6
7
5
9
6
4
2
4
4
7
6
7
7
7
4
6
5
6
6
7
4
6
7
7
2
2
2
6
6
6
4
13
11
6
15
11
5
4
4
6
9
8
7
6
11
9
2
7
9
11
8
6
9
9
6
15
11
8
7
9
17
7
11
16
6
6
7
8
6
7
9
15
8
17
13
7
15
4
7
9
6
6
11
9
11
11
12
9
9
5
13
13
11
20
9
9
18
9
16
12
15
17
11
13
20
31
9
2
6
16
23
14
6
11
7
4
6
18
11
15
11
16
12
5
7
4
13
11
15
7
14
7
7
9
13
11
20
6
2
15
15
7
2
11
15
9
11
7
9
6
6
9
9
4
9
5
4
13
7
11
4
16
16
9
9
7
7
7
13
7
9
5
13
9
7
16
4
16
7
6
13
15
13
11
11
15
11
4
7
7
11
2
7
9
7
18
16
7
7
6
9
4
15
11
9
6
16
9
9
12
9
22
20
16
31
6
7
9
16
13
33
20
18
13
13
7
0
2
0
2
69
2
0
2
0
2
4
0
0
4
2
2
98
2
0
0
4
0
4
2
0
10
0
4
2
0
0
6
4
0
4
2
4
66
0
2
2
0
2
0
0
4
4
2
2
0
0
0
5
0
0
0
4
2
0
0
2
0
2
0
0
0
65
0
0
45
4
0
0
6
4
2
2
4
4
0
0
0
6
0
0
47
0
2
2
0
0
0
4
0
0
0
2
0
0
0
2
4
2
0
0
2
0
0
0
0
10
0
0
0
0
0
0
4
2
45
0
0
10
2
0
0
0
4
0
0
0
0
0
4
0
0
2
2
6
6
2
0
0
0
0
0
2
2
2
2
70
0
2
0
4
2
4
2
2
5
0
2
0
0
0
2
0
2
0
2
0
2
0
2
2
0
2
2
2
2
2
2
0
92
4
0
4
2
2
2
0
0
0
0
2
0
0
0
4
0
2
0
4
0
0
48
0
0
0
0
2
2
4
4
6
0
2
0
0
0
4
2
4
0
2
2
2
0
0
2
0
4
11
2
0
75
0
0
0
2
4
0
0
6
0
0
2
0
2
4
0
2
2
0
0
21
2
0
2
2
7
2
12
0
6
2
0
2
2
0
2
2
0
0
0
2
6
8
0
2
2
2
2
0
88
11
0
0
