2
2
0
2
0
2
2
2
2
0
2
2
0
0
4
4
0
0
2
10
0
2
0
0
0
0
0
2
0
6
2
10
0
0
2
0
2
0
0
6
0
0
8
4
4
6
2
4
8
6
6
7
5
61
4
4
4
2
57
6
4
0
4
0
0
6
2
2
2
0
0
2
0
0
6
2
2
2
2
0
4
4
2
0
2
2
2
2
0
0
2
0
4
0
2
0
2
4
4
2
2
2
2
0
6
0
0
4
0
10
2
0
2
2
2
6
4
0
2
76
2
6
4
2
2
4
0
4
2
0
2
4
2
4
2
2
2
2
2
2
2
0
2
0
4
4
4
2
4
4
2
4
2
2
6
6
2
2
0
0
2
2
4
0
0
2
4
6
2
4
2
2
0
2
6
4
2
2
6
4
0
0
4
0
4
2
0
4
2
2
2
2
2
6
4
0
4
0
4
0
0
2
2
0
2
0
8
0
0
6
8
2
2
4
2
0
4
0
0
0
0
4
4
0
4
0
0
4
0
0
2
0
0
4
2
0
2
0
0
2
2
0
2
0
4
8
2
2
0
2
0
6
0
0
6
2
0
0
4
2
2
0
0
0
2
2
2
4
0
2
0
0
0
4
4
0
0
0
6
0
0
0
0
2
6
0
0
2
1
2
2
9
0
3
0
2
3
0
0
5
2
0
0
2
2
0
2
3
3
3
2
3
2
2
5
2
3
3
0
5
2
2
2
2
2
0
2
2
0
2
2
2
11
5
3
2
2
3
0
3
2
5
2
3
5
2
3
2
2
0
2
1
0
2
2
2
7
7
3
2
3
2
5
3
2
5
2
5
0
2
2
0
0
0
0
0
0
0
2
3
2
0
2
3
2
2
2
1
5
2
2
0
2
2
0
2
2
1
2
3
1
0
0
0
3
3
0
2
0
2
3
2
3
5
0
1
2
2
2
2
0
11
3
3
3
3
9
3
3
3
2
2
3
3
2
2
2
3
3
2
0
15
2
0
0
0
2
2
2
5
0
2
0
7
2
3
1
2
3
2
0
2
3
0
2
15
2
3
0
0
1
0
5
3
2
3
3
0
2
7
0
3
3
3
2
0
3
2
0
0
3
2
2
2
0
3
2
5
0
0
0
3
2
2
3
3
0
2
3
0
0
3
9
2
0
7
5
2
0
2
0
1
5
5
2
3
2
2
1
3
2
13
3
0
3
7
0
2
2
2
1
0
5
0
0
3
3
2
2
0
5
0
2
0
2
0
0
5
3
0
2
2
0
2
3
2
2
2
3
2
7
5
2
0
0
3
2
4
2
11
2
4
4
6
15
0
2
4
0
8
8
4
4
4
4
2
6
2
11
4
4
0
0
0
4
0
9
2
0
9
2
4
2
4
0
3
2
0
0
2
0
0
8
4
18
0
4
2
2
8
2
2
6
2
11
0
2
2
2
17
6
0
0
4
0
2
0
2
9
4
2
2
0
0
2
2
4
4
0
2
4
2
2
27
13
2
0
2
2
0
11
0
12
5
2
2
2
10
0
4
0
2
2
2
2
2
0
5
6
11
3
12
11
2
2
4
0
6
0
4
0
0
6
0
4
2
8
2
0
0
9
0
0
0
9
0
2
19
10
0
0
0
5
2
4
0
0
0
4
2
0
0
0
2
2
0
11
0
4
4
2
0
0
2
4
4
2
2
0
2
2
2
0
4
2
2
2
0
6
0
4
6
11
6
4
8
4
0
0
4
4
2
2
4
2
35
4
2
0
4
2
0
7
2
0
1
0
0
2
0
2
2
4
2
0
0
0
0
2
2
2
5
2
3
4
5
2
0
0
0
0
2
2
2
0
6
0
2
2
0
2
4
4
0
4
0
6
2
0
11
4
0
0
7
2
5
2
2
0
0
0
0
0
5
2
7
4
0
0
2
9
0
0
0
0
0
2
2
3
2
0
4
0
17
15
11
9
9
13
13
9
7
9
7
39
17
11
9
15
8
6
19
4
6
17
13
4
13
7
21
17
15
9
15
20
11
13
19
23
8
21
13
8
6
15
9
19
9
13
13
17
30
21
19
23
23
21
13
21
21
36
21
9
26
11
25
21
26
15
15
9
17
11
11
17
11
11
15
25
11
11
9
21
11
43
13
22
15
11
13
21
8
13
21
15
11
17
7
17
13
19
11
19
9
11
11
21
36
8
13
13
15
17
21
11
19
15
15
21
23
34
13
28
20
11
15
17
40
15
17
17
6
8
8
9
13
13
34
11
9
15
15
15
23
17
42
25
26
53
17
23
21
7
28
34
41
21
45
26
26
25
36
42
11
19
39
13
13
36
35
26
13
28
34
36
22
20
48
26
15
11
24
30
17
32
11
23
9
24
30
27
28
34
90
17
40
42
28
32
37
22
9
7
35
15
37
34
21
26
17
13
41
23
11
13
13
25
30
26
11
9
11
21
11
13
6
7
9
9
11
54
20
8
6
7
19
9
30
13
17
7
7
4
6
17
13
15
11
19
9
4
19
20
11
30
9
7
6
13
13
24
6
8
13
6
6
7
8
11
26
18
19
6
6
11
34
8
24
11
17
4
6
32
19
24
8
6
17
19
21
36
21
19
19
19
19
18
19
19
19
19
19
19
19
19
19
20
19
19
19
19
19
19
19
18
19
19
19
19
19
19
19
20
19
19
19
19
19
19
19
19
19
19
19
19
19
19
19
19
19
19
19
19
19
20
19
19
19
19
18
19
19
19
19
19
19
19
19
19
19
19
19
19
19
19
19
19
19
19
19
19
19
19
19
19
19
19
19
19
19
19
19
19
19
19
19
19
19
19
19
19
19
19
18
19
19
19
19
19
19
19
19
19
19
19
19
19
20
19
19
19
18
19
19
19
19
19
19
19
19
19
19
18
19
19
19
19
19
19
19
19
19
19
19
19
19
19
19
19
19
19
18
19
19
20
19
19
19
19
19
19
19
18
19
19
19
19
19
19
19
19
19
19
19
19
19
19
19
19
19
20
19
19
19
18
19
19
18
19
19
20
19
19
19
19
19
19
19
19
19
19
19
19
19
19
19
19
19
19
19
19
19
19
19
19
19
19
20
19
19
20
19
19
19
19
19
19
19
19
19
19
19
19
20
19
19
19
19
19
19
19
19
19
19
20
19
20
19
19
19
19
19
19
19
19
19
19
19
19
19
19
19
19
19
19
19
19
19
19
19
19
19
19
19
19
19
14
19
20
19
19
19
19
19
19
19
19
19
19
19
21
21
19
17
17
22
17
27
19
19
25
19
22
23
21
15
25
19
21
23
13
25
21
17
19
15
13
21
19
21
25
21
15
17
15
23
23
21
17
15
17
17
23
23
19
19
17
19
19
23
19
23
19
21
15
17
27
19
19
23
17
27
15
13
17
25
15
21
23
21
26
19
17
19
13
21
19
19
23
15
21
11
21
17
15
21
17
21
19
15
19
17
13
21
17
15
19
19
24
19
23
17
15
17
17
19
19
23
23
15
23
15
19
28
25
21
27
17
21
15
19
23
17
23
19
19
17
23
21
15
17
19
15
15
21
25
15
19
15
21
17
19
17
25
17
15
15
19
21
23
17
21
13
17
19
21
25
21
19
21
21
17
21
13
15
17
23
17
17
19
19
13
23
19
15
21
19
19
21
15
19
24
19
17
19
23
17
21
21
13
21
17
27
23
23
19
15
17
21
19
17
19
21
11
15
27
17
15
17
19
19
21
17
19
15
23
19
23
17
11
19
17
21
19
19
15
17
15
15
17
21
19
21
13
21
19
13
15
19
15
17
13
17
13
21
15
23
19
21
21
21
15
15
15
19
25
17
13
19
15
19
21
17
13
17
17
17
21
17
19
23
19
19
17
21
19
21
17
17
13
15
15
19
15
17
19
17
13
66
60
63
65
66
66
61
64
65
60
61
64
64
65
63
59
64
64
66
63
63
67
64
66
65
65
66
37
64
65
63
61
63
65
57
65
65
69
62
63
59
61
67
64
67
68
65
63
66
66
63
59
62
57
63
63
65
63
67
59
55
64
52
63
65
67
65
66
55
64
64
65
63
65
65
61
65
63
65
64
63
67
60
65
61
54
66
63
63
61
65
64
67
65
65
63
60
65
63
62
64
62
61
62
63
65
64
65
64
61
67
65
65
60
63
66
65
64
65
64
63
66
61
63
63
61
53
64
62
69
65
51
67
63
55
63
62
64
63
58
58
64
61
63
61
53
58
59
61
63
65
61
60
64
63
65
69
59
58
66
65
67
64
59
65
62
67
61
67
65
67
64
65
61
59
61
57
53
63
65
59
64
61
67
62
61
67
63
67
65
61
63
65
60
68
61
58
57
62
64
61
66
64
65
68
67
62
65
63
62
64
66
65
67
62
63
60
64
60
61
63
58
65
65
65
67
59
64
64
62
63
67
67
65
65
63
60
35
62
65
63
62
69
66
60
67
57
63
65
65
64
63
60
57
65
67
62
64
64
62
66
63
65
55
57
63
65
63
63
58
63
67
65
60
62
61
61
63
65
61
62
64
57
65
63
65
62
69
5
3
5
11
3
5
0
1
3
3
5
7
5
0
7
7
13
5
9
1
3
9
7
0
1
1
11
7
13
5
1
5
11
11
9
11
1
1
5
5
3
5
3
5
5
9
9
7
0
0
1
3
9
0
3
3
3
13
3
3
1
1
3
1
1
7
5
9
9
1
0
0
3
7
1
5
1
1
9
3
5
5
1
0
1
1
1
3
15
13
1
3
7
5
7
9
7
1
5
3
1
1
7
0
9
3
3
9
1
1
11
7
9
5
7
5
0
5
1
0
3
8
0
3
3
3
9
5
15
3
1
3
0
7
7
3
0
5
1
13
9
5
9
3
3
1
3
3
5
9
7
3
3
1
5
3
7
9
5
7
9
9
0
0
1
19
3
5
3
3
1
0
0
7
7
5
1
3
1
9
7
5
9
3
3
3
7
13
5
7
3
1
3
11
11
1
0
1
3
3
5
7
13
0
3
1
0
5
3
3
9
0
3
11
9
7
3
0
1
0
1
1
1
9
5
7
13
17
3
9
3
5
1
3
1
0
9
7
5
5
1
1
3
1
1
7
0
9
3
7
7
9
3
5
7
0
11
7
7
0
3
5
11
9
1
1
3
13
5
9
7
3
5
1
17
1
3
3
1
7
5
1
9
11
3
0
3
9
4
2
0
0
0
0
0
4
2
0
0
2
0
2
2
2
0
2
0
0
2
2
0
0
2
2
0
2
2
2
4
2
2
0
4
2
0
0
0
0
0
4
4
2
2
0
0
0
0
4
2
4
2
2
2
0
0
2
4
0
2
4
0
2
2
4
0
0
2
2
62
2
4
0
0
0
2
2
2
2
2
4
2
2
0
0
0
2
4
4
2
0
2
6
0
0
2
2
4
2
2
2
2
0
2
0
2
2
4
2
0
0
4
2
0
0
0
0
0
4
2
2
0
4
4
2
2
2
4
2
2
2
2
58
4
0
2
2
0
2
2
2
0
2
2
0
2
2
2
0
2
0
2
2
4
2
2
2
0
2
0
0
2
2
0
2
4
0
4
2
2
2
2
2
2
0
2
2
2
2
2
2
4
2
2
2
2
2
2
4
2
0
0
8
0
0
4
4
4
0
0
0
2
2
2
2
2
4
2
2
2
2
2
2
2
0
2
2
2
2
2
0
93
2
2
0
0
2
2
2
2
0
2
2
2
0
0
2
0
2
2
0
0
2
0
0
2
0
0
0
2
2
2
2
0
2
2
2
0
2
0
2
0
0
0
0
2
0
0
0
0
0
2
0
2
0
0
0
2
0
0
0
2
0
0
4
0
0
4
8
6
8
0
2
6
6
2
0
14
0
0
10
2
8
8
12
0
6
2
0
6
85
2
2
18
0
2
0
8
12
4
2
8
10
4
2
2
4
10
0
0
9
2
4
31
4
0
2
6
6
0
6
6
0
2
0
5
4
4
16
6
2
24
35
22
8
2
10
6
6
2
2
10
20
4
12
2
4
25
8
8
0
4
13
6
0
2
4
0
6
4
4
4
0
2
10
0
6
12
0
29
18
14
2
17
4
4
4
0
2
2
4
12
4
2
0
4
4
4
0
0
2
4
4
4
2
2
6
3
0
4
2
16
0
0
2
2
4
4
0
4
0
2
2
2
0
23
2
18
4
2
4
6
2
4
2
2
2
6
8
6
4
4
0
4
2
2
16
6
4
0
14
2
2
0
2
2
2
4
2
2
4
6
4
2
6
2
0
4
0
2
0
10
2
2
4
2
2
2
2
0
0
19
12
4
8
8
14
0
0
14
4
2
6
0
2
4
4
8
23
6
2
2
0
0
2
0
4
6
2
6
6
8
2
8
8
2
4
4
4
8
27
18
6
2
0
2
14
8
8
8
6
0
2
0
0
4
21
10
0
2
0
6
6
4
8
8
2
2
8
6
2
4
10
15
2
2
16
0
10
0
6
4
6
12
4
