0
1
0
3
1
0
3
0
1
0
0
1
0
0
1
3
3
3
1
0
0
3
3
1
1
1
1
1
0
3
1
0
3
1
1
1
1
1
1
1
0
0
1
1
1
5
0
0
1
1
0
0
1
1
3
3
3
3
1
3
1
1
3
0
3
3
1
0
1
0
1
3
1
3
1
5
1
1
0
1
3
1
0
0
7
0
0
1
1
0
1
0
1
1
1
1
0
3
1
1
0
1
1
1
1
0
1
3
5
0
0
3
1
0
3
1
1
3
0
1
1
3
1
1
1
1
1
0
3
1
1
1
1
1
5
0
3
5
1
1
1
0
0
1
3
1
3
0
1
1
3
0
1
1
1
5
1
1
1
1
1
3
1
1
1
1
1
0
2
3
1
1
0
0
0
0
0
4
1
1
0
1
1
3
0
1
1
1
0
1
0
1
17
1
5
0
1
3
1
0
0
0
0
1
3
0
1
5
1
1
1
3
1
0
1
1
0
1
0
0
1
1
1
1
1
0
0
1
1
0
1
1
9
1
1
0
0
1
0
3
1
1
0
1
1
1
3
1
0
0
3
5
0
3
1
5
1
1
0
0
0
0
0
0
1
1
0
0
1
0
0
1
0
9
1
1
0
3
1
0
1
1
5
1
1
35
1
0
0
18
9
0
0
18
8
43
9
18
4
9
0
0
18
0
8
9
8
0
25
19
0
0
16
18
19
7
25
16
27
13
7
8
18
18
18
18
0
28
9
20
0
8
0
15
0
9
14
0
9
18
21
50
44
15
9
0
7
9
20
9
0
9
0
7
8
0
35
9
8
0
9
9
16
0
31
0
0
39
13
9
8
0
10
31
27
23
7
0
23
0
16
36
0
9
14
9
0
18
23
9
16
18
0
11
25
0
0
23
7
0
9
0
24
18
17
18
27
0
9
7
0
0
27
32
18
9
8
18
0
9
0
16
0
0
0
0
0
9
4
9
18
9
9
11
3
22
0
4
25
17
9
0
0
36
42
25
0
0
27
0
17
13
0
8
38
9
9
42
27
9
0
14
39
8
27
17
11
17
18
18
18
0
22
9
0
23
0
9
18
15
14
17
0
22
18
10
15
9
25
0
0
0
0
4
0
41
29
23
0
0
0
18
0
18
26
0
4
10
12
18
9
9
9
18
0
0
13
9
8
0
0
35
18
0
0
9
18
7
18
0
8
12
25
0
0
9
0
49
0
26
22
18
0
4
18
9
0
11
16
0
0
9
9
7
9
0
0
18
0
9
5
15
18
0
9
49
5
0
8
7
14
0
9
9
18
0
4
0
2
0
2
6
0
2
2
0
0
6
2
0
2
2
2
6
41
2
0
4
2
8
39
0
4
83
0
4
41
0
4
4
0
2
81
2
0
0
2
4
0
0
0
0
4
0
6
0
2
2
4
2
0
2
0
0
6
0
6
2
2
2
2
2
4
6
2
4
2
0
2
0
0
45
2
0
4
2
8
0
10
35
2
2
2
4
2
2
4
0
32
2
2
92
0
2
0
4
4
2
2
4
2
0
0
2
6
0
4
2
4
0
45
0
0
4
8
4
6
2
2
2
0
0
0
0
0
4
4
4
41
0
4
83
2
2
31
0
2
4
2
0
0
2
0
33
4
2
0
2
2
4
4
0
4
0
0
6
6
0
4
2
2
2
37
2
0
0
10
0
2
2
4
4
6
4
0
4
2
0
4
2
2
0
6
0
4
0
2
4
4
4
8
2
0
6
2
2
4
4
4
2
2
2
2
4
0
0
4
2
4
4
8
0
0
4
4
0
0
8
4
8
2
6
0
0
2
2
2
4
4
0
4
2
4
94
2
2
4
6
4
80
2
2
4
4
2
4
4
4
2
2
2
2
4
0
2
4
6
0
8
0
0
2
0
6
6
0
4
2
2
6
0
2
2
2
2
4
0
0
2
4
0
2
0
0
8
19
15
6
25
13
4
10
15
14
6
8
6
25
12
6
12
8
15
11
8
19
10
13
6
8
14
17
14
11
8
9
10
8
8
10
12
12
8
21
6
15
6
10
4
16
8
14
6
6
6
12
12
13
23
10
6
21
8
10
19
13
19
27
17
8
8
35
13
10
19
19
2
4
11
15
15
13
15
12
6
4
12
27
14
8
10
6
10
17
6
2
8
15
8
14
8
8
8
6
23
13
11
19
15
19
43
15
13
15
12
15
25
25
17
15
12
17
23
12
17
15
21
14
22
13
14
12
17
21
44
14
37
14
21
15
23
10
15
27
23
14
17
21
15
8
29
23
21
39
21
25
12
31
29
16
12
15
8
21
33
23
56
19
34
25
23
21
31
19
10
13
35
10
28
18
10
39
20
21
10
29
17
22
12
14
17
6
18
8
21
21
12
8
23
15
19
12
15
12
35
19
10
14
17
21
10
10
20
8
28
11
25
8
25
28
13
17
13
27
17
17
15
19
23
15
10
15
20
11
11
10
12
10
11
11
6
17
8
6
12
12
23
19
25
14
15
19
10
14
14
10
11
12
8
19
29
9
8
15
6
14
10
8
4
14
12
17
10
19
10
6
19
14
10
2
17
14
11
10
10
10
10
14
12
10
19
13
0
0
0
0
0
0
0
0
0
0
0
0
0
38
2
2
0
2
0
0
0
0
0
0
0
0
0
0
0
0
0
0
0
0
2
0
0
0
0
0
2
0
0
0
0
0
2
4
0
0
0
2
0
2
0
4
6
2
3
0
0
0
0
0
0
0
0
0
0
0
0
0
55
0
2
5
2
4
0
0
17
0
0
9
0
4
2
2
0
2
6
2
2
9
2
0
0
0
0
0
0
0
4
0
2
42
0
0
0
0
0
0
0
0
0
0
0
0
0
0
0
0
4
2
4
2
2
2
2
2
0
2
2
2
2
2
2
4
0
2
0
2
2
2
2
2
4
4
2
2
4
0
6
0
2
4
4
2
2
0
0
4
2
2
2
2
0
2
2
4
0
0
0
4
2
2
4
0
0
0
0
2
2
0
0
2
0
0
0
2
2
2
2
2
0
0
2
2
0
2
0
2
2
2
2
0
5
6
0
4
2
4
0
0
2
2
0
4
2
2
2
4
2
2
0
0
0
0
4
4
2
0
2
0
2
0
4
2
2
2
2
2
2
4
2
4
4
0
4
0
2
4
4
2
0
2
0
2
2
0
0
2
0
2
2
6
0
2
5
2
2
6
4
2
2
0
2
0
0
0
2
4
2
0
0
0
0
0
2
4
4
8
26
4
30
8
6
4
6
4
2
8
14
0
27
6
8
6
8
13
6
2
4
4
14
4
14
6
4
10
4
0
6
4
0
2
6
4
2
4
16
6
6
6
6
50
6
8
6
4
18
2
6
8
2
8
12
2
4
6
10
6
9
8
4
12
4
2
4
2
4
6
6
0
6
4
10
4
4
0
6
0
4
4
4
4
4
4
12
4
8
4
21
4
14
4
4
6
2
6
8
8
25
2
2
4
14
22
6
11
0
4
6
22
0
7
4
2
14
2
4
6
12
2
14
4
0
4
4
2
6
10
2
21
2
8
2
2
2
8
2
10
2
2
2
10
0
6
6
0
2
0
2
4
2
4
4
10
4
4
4
0
8
6
6
4
2
6
4
6
4
4
2
14
2
4
6
9
6
4
2
6
4
4
4
6
10
6
6
6
7
4
28
4
10
2
2
2
4
6
12
10
8
4
6
6
12
2
4
0
8
0
10
4
6
6
2
8
8
8
4
4
8
8
4
4
10
11
4
4
16
4
2
2
8
2
2
0
0
20
2
8
2
2
0
6
7
4
6
4
6
4
4
4
2
0
0
6
4
5
0
2
0
0
4
2
2
2
2
7
4
6
0
0
6
0
4
10
2
4
2
4
0
32
6
4
2
0
3
2
2
3
3
9
3
2
4
14
3
3
5
25
3
4
3
19
2
5
4
6
3
3
4
22
5
6
3
3
3
3
5
3
3
3
3
4
4
4
3
6
3
3
2
4
4
2
3
2
3
3
3
3
3
4
3
5
3
0
2
3
5
3
3
4
4
4
5
5
4
6
23
0
4
0
4
3
5
3
6
0
2
4
2
3
3
3
3
3
2
3
4
3
0
2
0
4
0
3
32
3
2
0
2
2
4
5
3
2
4
2
3
4
3
4
0
1
3
5
2
2
2
3
2
0
2
4
0
2
2
5
0
3
3
0
3
2
2
2
0
1
2
0
1
17
2
0
0
22
2
2
2
0
2
2
0
2
2
2
4
3
4
3
3
3
2
1
2
21
4
6
5
2
2
4
4
5
2
2
4
1
6
3
2
5
3
4
4
8
8
4
5
3
5
3
3
2
3
0
12
4
5
3
5
3
3
5
2
4
5
2
2
3
3
3
5
2
5
3
3
5
3
5
6
1
3
3
2
0
5
5
3
3
2
3
3
2
3
2
3
2
3
2
1
5
3
1
1
4
3
2
2
4
4
2
2
5
10
3
2
5
4
2
3
3
2
2
3
2
2
3
2
4
3
4
2
3
1
4
4
3
0
2
0
2
0
2
6
4
2
4
6
0
6
8
0
6
8
6
6
2
0
0
4
4
0
0
4
4
4
6
6
86
6
0
6
6
6
6
0
6
6
0
6
0
8
2
4
0
0
0
0
0
0
6
10
2
0
6
4
6
4
0
0
0
8
4
0
8
0
2
0
6
6
4
2
0
0
51
4
4
4
68
0
6
4
4
4
4
12
8
0
2
0
4
14
6
0
4
0
54
0
0
6
2
6
0
4
0
0
4
0
4
6
4
6
6
0
0
4
0
6
10
2
4
0
2
6
4
4
6
4
12
2
4
4
2
4
2
6
0
0
0
8
2
6
2
2
6
0
0
4
4
14
0
0
0
4
6
2
0
2
6
6
0
2
6
4
6
0
4
2
0
0
0
4
6
2
8
2
8
2
6
2
8
6
4
0
4
4
2
4
6
2
4
4
2
12
2
2
4
2
0
2
2
6
6
2
4
0
4
8
2
2
2
2
81
0
0
23
6
4
8
0
6
4
4
0
4
4
6
0
6
6
2
4
2
4
0
12
6
4
8
0
2
2
4
4
0
8
8
6
4
6
4
0
6
4
6
4
6
4
0
6
4
0
0
2
4
2
4
6
4
4
6
6
4
4
6
0
4
2
6
0
6
0
0
6
4
6
0
4
6
16
23
6
12
12
18
12
14
33
14
25
14
21
14
37
23
19
21
18
19
12
21
10
19
10
20
8
18
18
25
16
14
12
16
10
10
14
12
10
16
14
16
19
12
14
14
18
18
14
14
10
14
39
33
6
12
18
12
23
18
14
31
14
17
18
23
21
19
27
16
25
19
39
16
51
16
18
23
37
10
21
19
29
33
10
35
41
31
18
29
35
49
25
37
16
8
14
14
14
33
29
39
8
25
27
35
23
18
31
55
18
31
31
6
18
19
12
8
12
12
18
35
21
27
14
29
21
43
33
19
23
31
14
17
70
37
21
48
25
95
39
25
51
54
19
43
16
21
43
33
12
21
25
27
16
93
47
39
37
43
15
21
35
16
19
51
35
33
12
39
27
41
41
29
16
35
45
39
53
47
64
52
56
44
23
21
62
58
49
33
51
45
16
41
68
60
42
52
87
33
21
27
17
35
19
25
33
35
19
35
14
37
16
23
16
10
21
31
19
29
31
41
27
37
23
33
25
23
51
25
45
17
10
17
18
25
18
10
38
12
19
19
16
15
15
31
10
12
25
17
19
12
21
8
12
23
19
19
21
27
21
35
10
16
12
8
2
4
12
8
10
16
8
12
14
8
6
8
8
7
19
10
6
6
8
6
8
8
2
6
2
0
8
4
2
2
0
0
2
0
2
2
0
0
0
2
2
4
0
0
0
2
0
2
2
0
0
2
4
2
2
0
0
2
2
6
2
2
2
2
2
2
2
0
2
2
4
2
2
2
0
8
4
0
0
0
8
0
4
2
0
6
0
0
2
0
2
0
0
0
4
2
2
2
2
2
2
0
2
0
0
4
4
0
4
4
0
2
0
2
2
2
0
2
2
4
0
6
0
4
2
2
4
0
0
4
2
2
4
8
2
8
2
0
6
2
0
2
4
4
2
2
2
0
2
0
4
0
0
0
2
6
4
0
2
4
4
2
0
4
6
2
0
2
0
6
2
4
4
2
6
4
6
8
4
2
2
4
2
2
0
6
0
0
2
0
2
2
6
4
6
2
6
0
4
0
2
4
2
4
4
0
4
2
2
4
2
0
0
2
2
2
2
0
0
4
2
2
0
0
2
6
4
2
0
2
0
0
4
2
0
0
4
2
2
0
2
2
0
4
0
4
4
0
2
2
2
2
4
6
2
0
0
12
2
4
0
8
4
2
0
2
2
0
2
0
2
16
0
2
2
2
2
4
2
2
0
0
2
0
6
4
2
4
4
2
4
0
0
6
4
2
6
0
2
4
0
0
0
4
2
4
2
2
0
0
