13
11
9
13
11
11
15
7
21
13
15
5
17
13
7
9
9
11
7
7
5
5
4
9
7
13
13
0
3
5
2
7
2
7
7
2
9
9
5
21
5
9
3
7
11
19
7
9
17
13
19
7
9
7
9
9
13
4
15
13
5
11
5
7
9
9
11
2
3
5
3
17
17
2
9
11
11
9
13
11
11
9
5
9
11
2
5
15
2
7
15
9
9
5
5
25
7
7
3
5
7
9
5
2
7
9
3
5
3
13
3
2
3
2
9
5
0
0
9
7
11
7
9
5
11
13
5
9
7
11
3
11
2
3
11
7
13
2
11
5
2
5
9
3
3
7
3
21
19
11
23
5
5
21
9
7
9
5
13
11
3
11
9
5
7
13
5
7
13
7
15
27
9
13
11
7
15
15
7
9
11
13
3
9
17
13
11
15
19
9
29
17
7
11
11
5
9
7
13
15
23
7
7
21
9
5
2
15
19
5
11
11
15
17
22
7
13
3
11
11
5
3
13
3
4
5
11
11
7
7
3
5
9
2
13
9
7
3
5
11
4
9
15
9
11
15
5
7
13
27
13
5
7
15
3
3
9
5
11
9
3
15
7
5
13
7
13
9
11
7
9
7
3
15
7
7
2
5
3
5
7
5
5
7
3
9
2
13
0
0
0
0
2
0
2
2
0
2
2
0
0
0
0
0
4
2
0
2
0
0
4
0
0
0
0
2
2
4
2
0
2
2
2
2
2
0
0
0
2
0
0
2
0
2
0
4
2
0
0
0
2
0
2
2
0
0
0
2
2
4
0
2
0
2
2
2
0
2
0
2
0
0
0
0
2
2
0
0
0
2
2
2
0
2
2
2
2
2
2
0
2
0
2
2
0
4
0
0
0
0
2
0
0
0
2
0
0
2
0
2
0
2
2
0
2
2
2
0
0
2
2
0
0
2
2
0
0
0
2
0
0
2
0
4
2
2
4
2
2
0
2
0
2
0
2
2
2
0
0
2
0
4
0
4
0
2
2
0
0
2
0
2
2
0
2
6
2
2
4
2
0
0
4
2
2
2
2
2
0
2
2
0
0
0
2
2
0
0
2
2
0
6
0
0
2
2
0
0
0
2
0
2
0
0
0
2
2
0
2
0
2
0
0
2
0
2
2
0
2
0
2
2
2
0
0
2
2
2
2
0
2
2
0
2
2
0
2
2
0
0
0
2
0
2
2
0
2
0
2
0
0
4
2
2
0
0
0
0
0
0
2
0
2
0
4
2
0
0
0
2
2
0
2
0
2
2
2
2
0
2
0
1
2
2
4
2
38
0
6
91
62
2
6
59
0
40
53
2
2
0
49
44
2
2
37
0
70
0
2
3
2
2
48
59
16
34
48
50
0
2
2
0
4
2
2
2
58
24
0
57
0
0
66
46
39
2
2
0
51
2
68
2
0
47
4
0
5
3
40
0
2
2
19
0
40
2
0
3
2
2
0
2
2
31
0
36
44
2
0
2
70
7
0
2
0
50
22
0
71
62
53
0
41
27
0
42
0
16
36
75
0
89
4
0
2
56
9
42
0
4
64
2
61
0
2
2
2
2
2
2
7
62
4
0
4
2
58
0
29
47
31
0
52
2
4
0
2
55
4
2
41
0
0
4
2
52
2
30
2
4
17
65
2
2
84
36
44
0
2
0
0
57
32
2
9
15
2
0
2
43
18
4
2
10
0
76
0
25
4
42
2
48
0
2
2
0
68
2
2
50
2
32
6
37
4
35
55
41
2
2
51
0
48
3
65
26
60
36
0
22
56
33
0
2
57
0
49
2
49
0
0
60
57
0
47
0
50
2
37
3
42
0
55
0
2
0
0
0
70
0
0
60
24
6
44
42
0
2
36
57
2
0
2
12
2
2
32
0
22
59
2
21
0
0
53
0
2
0
0
66
0
55
2
80
75
48
2
0
47
66
2
0
40
0
6
10
6
8
8
6
6
6
2
12
7
12
6
6
4
4
2
8
8
4
8
6
6
11
8
4
4
6
2
8
10
12
8
12
9
10
4
4
4
6
8
6
10
4
10
11
9
10
10
10
11
6
12
13
17
4
10
14
9
13
21
4
8
8
4
8
8
2
13
8
6
4
8
6
10
4
4
8
11
4
4
4
7
15
6
8
11
8
6
6
8
6
6
8
4
4
6
6
6
2
4
4
12
6
13
6
7
8
13
8
4
11
4
6
10
8
8
6
23
8
10
10
21
17
8
12
6
8
6
10
15
16
8
12
8
15
19
12
11
8
12
15
11
10
15
10
8
8
8
10
10
11
12
6
17
13
13
16
12
12
6
13
25
17
14
25
9
28
11
8
8
17
14
11
11
11
15
15
11
17
13
8
21
17
14
10
10
18
19
16
11
13
10
6
13
12
8
22
21
15
12
19
8
17
21
33
6
6
19
20
19
13
25
23
24
6
13
13
10
13
11
14
8
17
11
16
14
8
8
14
23
8
11
8
15
13
12
11
9
15
16
17
10
11
14
15
6
6
17
6
4
8
17
6
10
13
8
8
8
6
14
13
24
8
8
8
8
6
10
6
4
6
11
4
13
13
7
10
10
8
19
8
6
23
8
2
13
10
10
10
13
23
15
15
14
13
13
13
10
6
4
9
10
13
15
7
11
7
6
10
7
17
9
8
11
7
15
13
7
8
13
15
11
4
17
8
13
8
10
13
8
17
7
10
11
13
8
4
15
11
12
8
8
13
10
9
6
9
4
11
12
15
7
11
9
6
13
8
13
11
7
11
13
6
14
4
10
11
13
11
11
12
9
13
9
13
18
11
6
21
11
15
6
8
8
11
11
10
15
11
9
8
13
4
11
10
9
8
4
23
8
17
15
10
12
10
13
8
13
9
8
8
10
9
9
10
12
13
9
13
15
4
11
4
8
11
10
8
8
8
11
13
6
11
9
8
12
6
10
6
10
10
8
9
10
8
10
9
7
9
11
12
15
11
9
15
13
7
13
15
11
11
9
7
9
17
6
11
13
9
6
13
17
9
10
13
8
4
12
8
6
8
8
6
10
16
13
11
6
21
13
6
13
9
10
60
11
6
11
13
17
13
11
10
7
15
8
8
14
13
12
11
17
8
12
6
11
6
9
6
11
8
7
13
10
6
15
17
11
41
6
11
10
7
21
13
10
14
11
6
4
4
17
8
7
8
6
6
8
8
9
11
6
7
8
6
13
6
10
19
6
10
9
9
11
4
15
7
8
15
7
10
8
6
6
11
10
14
8
8
12
10
10
10
8
13
6
12
10
8
12
10
8
8
10
14
10
10
8
8
8
8
8
10
8
6
8
13
6
8
14
10
8
8
11
10
10
4
10
6
10
6
8
12
8
8
12
6
6
6
8
6
14
8
13
10
8
8
10
8
10
8
8
12
12
11
10
10
12
10
8
12
6
8
12
12
10
13
9
10
10
10
12
11
10
15
4
4
10
8
12
10
10
10
8
16
12
10
6
8
8
12
9
8
4
14
6
8
12
12
8
8
8
10
12
8
17
19
15
12
11
15
15
16
17
17
17
22
15
20
17
20
11
15
17
16
11
18
22
19
17
14
17
18
22
16
16
17
15
19
15
11
22
17
16
17
21
19
19
17
17
11
13
16
8
19
13
17
14
14
13
19
15
16
15
23
15
15
14
11
16
13
17
12
15
19
14
15
17
17
14
11
19
8
17
14
14
11
15
15
14
19
11
24
15
13
15
13
17
11
19
18
10
14
15
22
15
17
19
15
11
14
14
17
13
16
20
18
20
15
15
15
16
17
15
15
17
13
17
17
13
17
19
16
17
19
14
15
13
13
12
15
13
13
15
19
15
17
12
15
15
16
17
19
21
14
16
8
15
16
19
17
17
17
22
13
16
14
13
13
14
13
12
15
1
25
1
1
3
3
1
0
0
3
3
3
3
1
3
5
0
1
0
28
1
1
0
1
4
3
5
1
1
4
1
4
10
0
0
3
32
1
1
3
3
5
1
5
1
1
1
1
3
1
0
1
1
3
3
20
3
0
3
3
1
3
3
0
3
28
3
5
3
0
1
1
5
1
1
8
27
1
1
24
1
1
3
27
1
12
1
42
3
6
3
22
12
1
26
3
3
1
3
10
3
0
3
7
27
1
1
1
3
1
3
1
0
29
5
3
1
3
1
0
3
35
0
3
3
5
1
1
0
1
1
1
1
1
0
5
1
0
3
1
5
5
0
5
3
3
1
3
1
3
1
0
3
41
3
5
3
29
1
5
37
3
3
3
28
1
3
3
1
0
3
27
5
6
3
1
0
10
1
1
0
1
1
1
1
3
0
3
6
5
1
1
1
27
1
3
1
23
5
1
27
1
1
1
1
3
1
1
1
4
1
5
3
1
1
1
1
1
1
1
3
3
3
1
5
1
5
3
1
3
0
12
1
5
3
0
1
1
3
0
0
4
10
3
1
1
24
1
26
34
1
5
1
1
1
3
3
20
15
1
0
0
3
3
1
3
0
3
30
3
1
0
3
3
3
26
1
1
0
3
31
0
1
1
1
5
3
3
15
4
4
1
9
4
4
5
3
4
0
1
13
2
0
3
4
7
7
5
4
2
0
4
4
0
4
4
5
4
5
2
5
5
5
3
2
4
0
5
4
2
2
4
5
4
0
15
15
5
5
0
2
3
7
2
15
0
2
0
6
19
4
4
2
3
5
0
5
2
7
5
0
3
4
7
0
7
6
4
19
4
7
0
19
2
27
3
3
5
2
4
27
4
2
5
0
5
4
0
19
2
5
5
4
4
4
2
0
2
2
0
3
4
2
6
9
4
1
4
4
2
0
0
5
3
0
6
7
3
5
0
5
2
4
2
0
19
2
3
7
0
6
0
4
3
15
5
5
6
4
7
2
3
5
3
1
4
7
2
5
4
5
7
7
0
5
4
7
3
6
3
1
5
3
1
1
3
4
3
7
9
0
4
3
3
4
5
3
7
3
0
0
5
0
4
6
4
7
3
2
2
4
5
5
2
2
4
2
2
1
1
1
2
0
4
6
4
6
2
2
5
7
1
4
2
7
1
4
2
4
2
2
1
1
5
0
6
5
0
2
1
4
3
7
23
1
2
5
2
2
5
0
9
2
7
1
2
5
7
0
4
4
4
2
5
5
2
0
2
5
2
4
5
0
5
4
4
13
0
1
0
4
17
0
3
5
2
13
5
6
2
2
4
2
4
4
0
0
0
2
2
6
2
2
2
0
11
4
2
4
11
2
15
18
6
2
2
4
7
5
4
9
4
6
4
2
2
6
4
4
11
9
2
8
4
4
2
0
2
4
2
6
19
2
13
2
33
2
6
2
0
6
19
6
0
2
2
8
4
4
8
2
2
7
4
13
0
4
7
6
7
4
8
2
4
11
4
2
4
4
4
2
4
2
0
0
6
0
4
2
4
2
11
7
4
4
0
9
0
2
9
11
2
4
0
2
4
4
0
2
2
2
7
0
2
4
2
17
0
4
2
2
4
12
3
0
2
4
2
0
0
0
2
0
2
0
0
0
4
0
2
6
0
8
0
4
2
6
0
4
6
2
26
4
4
2
2
4
8
4
4
13
4
2
4
2
20
2
4
6
13
2
4
14
13
0
2
0
6
5
0
3
11
2
5
2
4
0
4
4
11
17
6
2
0
4
6
19
2
6
2
7
4
4
6
6
13
17
4
7
4
2
2
8
2
4
0
32
6
6
0
2
3
3
7
1
0
2
4
2
0
5
28
12
9
3
3
15
13
0
16
7
14
4
2
0
2
2
0
9
7
2
2
5
20
5
0
4
0
0
17
2
18
0
23
9
5
3
2
2
0
6
5
5
0
2
6
5
4
3
5
2
4
38
5
25
33
2
6
29
20
2
5
27
3
54
28
6
29
3
6
2
7
5
31
21
36
2
31
4
3
6
27
6
6
34
4
5
26
4
35
4
32
6
43
5
3
4
11
3
3
29
7
2
4
3
5
2
7
6
4
20
23
5
23
26
43
10
6
5
5
5
4
7
8
45
5
3
31
11
14
5
4
33
3
6
6
3
33
5
28
4
39
3
4
6
4
23
20
6
4
27
3
2
3
41
3
13
5
3
6
5
40
6
46
27
52
25
4
32
4
4
30
3
5
5
32
22
6
6
8
8
8
5
3
3
5
3
5
30
6
9
4
31
3
6
31
4
6
29
29
3
2
38
4
1
4
7
5
35
38
7
4
5
52
8
4
4
4
7
3
21
4
33
44
4
25
3
1
4
1
4
3
3
10
37
7
24
22
22
22
26
3
1
3
10
25
4
24
2
9
5
32
41
19
3
6
3
4
4
2
5
4
8
3
3
37
25
3
4
5
4
7
5
35
6
5
1
6
3
3
6
3
6
36
6
22
12
5
4
4
7
5
5
9
4
2
9
4
4
4
29
2
2
3
3
2
51
3
1
54
1
5
27
2
55
2
0
3
3
4
31
1
8
3
10
25
3
2
3
3
25
7
