7
9
12
11
13
9
8
8
8
14
12
13
13
10
9
15
9
13
13
7
82
21
21
20
15
46
45
16
13
11
17
10
11
8
11
11
19
19
22
19
11
16
17
13
30
21
30
30
27
6
33
9
17
9
15
8
11
14
21
11
11
11
27
15
26
28
12
52
19
21
30
20
9
14
39
13
11
16
11
29
26
21
54
13
85
9
15
5
15
12
13
20
6
11
7
7
11
23
19
18
8
9
23
13
13
15
11
12
13
4
9
9
15
15
12
31
19
17
28
21
23
33
9
30
14
23
14
28
16
26
31
27
9
11
13
9
9
42
15
11
7
4
11
7
19
13
27
31
15
22
11
11
11
21
72
35
20
12
35
17
18
17
27
9
47
19
54
15
9
9
17
22
21
9
19
7
22
11
13
17
8
13
16
16
7
11
13
54
18
17
19
9
18
24
26
9
18
6
17
7
11
18
28
16
41
19
25
21
26
30
21
19
19
11
9
16
9
24
13
9
11
85
11
20
9
24
28
15
15
17
16
15
17
25
20
9
53
17
9
13
13
11
11
8
11
11
15
22
14
21
14
12
23
24
21
17
9
13
13
13
11
10
15
4
11
18
19
11
11
16
20
24
20
11
6
11
0
15
14
10
22
14
13
11
13
16
9
17
2
2
2
4
2
0
3
0
2
0
2
6
0
0
2
0
2
0
2
2
3
2
2
2
2
2
0
2
0
0
2
2
2
2
0
0
2
2
1
4
2
2
2
4
2
2
2
0
0
2
0
2
2
0
2
2
2
0
0
2
2
2
2
0
1
0
0
0
0
0
0
0
2
2
0
4
2
2
0
2
1
2
2
4
4
4
0
5
2
0
2
2
2
0
0
2
2
2
2
2
2
1
1
2
0
2
2
2
2
2
2
4
2
2
2
0
4
0
2
2
2
2
2
2
2
2
2
2
0
4
2
0
3
2
0
2
2
0
2
2
2
2
0
4
2
2
2
1
0
2
2
2
2
2
0
0
2
2
0
4
1
0
2
0
1
4
4
0
2
2
2
2
2
0
2
4
2
2
2
2
0
2
2
2
1
4
2
4
2
2
0
2
2
0
2
0
1
2
2
2
4
2
0
2
0
0
0
2
2
2
2
2
0
2
2
0
2
4
0
2
2
0
2
2
2
2
2
0
0
1
2
0
1
4
2
6
2
2
2
2
0
2
2
0
2
2
2
4
4
0
2
2
2
0
2
2
2
2
2
4
0
2
2
2
2
0
2
2
2
2
0
2
0
2
2
2
0
2
2
0
2
2
4
2
2
2
0
2
6
8
10
8
12
11
8
6
6
12
10
10
10
14
8
10
4
18
8
14
8
4
8
6
8
6
8
6
8
4
6
10
6
16
10
18
6
6
12
8
16
8
2
8
10
10
8
10
4
6
12
31
2
8
10
2
10
8
8
6
8
4
8
4
12
4
4
13
2
4
12
4
6
12
6
10
12
8
12
12
10
4
8
8
10
12
10
6
31
10
8
8
10
8
12
8
8
31
10
4
6
12
10
8
4
12
14
12
14
14
19
19
10
4
18
6
12
21
6
12
8
10
16
8
18
19
4
8
10
4
10
8
6
8
8
10
19
6
10
8
4
12
10
8
18
8
6
6
8
10
8
12
6
8
8
8
8
8
10
10
6
10
10
8
6
8
12
12
6
6
8
6
8
6
8
8
14
8
11
12
8
6
8
14
6
10
8
16
6
8
14
6
12
10
16
4
4
8
12
7
4
10
8
8
8
8
12
6
6
10
10
12
8
8
10
8
8
10
16
8
10
6
10
6
6
12
10
4
4
6
10
10
6
6
8
6
8
8
4
6
4
6
12
4
0
8
8
4
8
10
8
4
8
4
4
2
6
6
4
2
2
2
4
2
0
6
4
2
4
0
6
2
0
2
2
4
6
6
2
4
2
4
2
2
0
0
4
4
0
4
10
0
5
4
6
0
8
11
13
0
4
7
11
0
8
6
15
0
5
0
8
0
9
0
7
0
10
0
9
0
11
11
0
11
6
9
0
12
7
5
0
11
14
13
0
12
9
9
0
9
6
7
0
11
15
0
7
9
9
8
6
0
0
9
10
0
9
10
7
0
7
0
9
0
5
0
13
0
0
9
11
0
0
11
7
0
4
11
8
0
0
9
8
0
2
11
12
0
0
19
6
0
0
9
12
0
0
15
9
0
0
9
8
0
0
11
7
0
0
0
0
0
5
11
5
0
0
14
0
5
7
8
7
0
0
7
5
0
0
0
0
0
0
0
0
0
0
0
6
23
0
0
7
0
0
9
8
0
9
4
10
0
5
0
19
5
0
0
0
10
5
0
0
0
0
0
0
0
0
0
7
0
0
2
0
0
0
0
0
5
0
7
0
18
0
5
5
12
0
7
0
13
0
7
0
29
0
4
8
0
15
17
2
13
14
19
0
16
11
14
7
26
8
15
0
7
14
21
0
11
13
8
0
4
7
0
8
0
7
0
7
0
18
0
8
0
7
0
3
0
7
0
6
2
10
0
11
9
0
0
7
9
0
0
9
9
0
0
7
11
0
0
10
7
4
10
9
9
7
0
9
8
6
0
8
6
2
3
0
0
2
7
2
0
0
0
11
2
0
0
0
4
0
0
0
4
0
0
3
0
2
4
2
0
0
2
2
0
0
0
2
6
0
2
0
2
0
1
0
2
3
0
2
4
6
2
2
0
0
0
0
0
2
0
0
0
2
0
2
2
2
0
0
0
2
0
0
0
4
2
0
0
0
5
2
5
3
0
2
0
0
2
4
2
2
2
0
0
4
0
0
2
0
0
0
0
0
0
2
2
0
2
0
2
2
5
2
2
0
0
8
0
2
4
0
0
0
0
0
0
2
2
4
0
4
0
2
6
0
3
0
4
0
0
4
0
0
2
2
2
2
6
0
2
2
0
0
0
4
4
2
4
0
2
6
4
0
2
0
2
2
0
5
2
0
3
0
0
0
2
2
2
2
0
0
0
0
4
5
2
0
2
2
2
5
4
4
2
4
3
2
0
0
2
2
2
5
4
0
0
2
4
0
2
0
0
4
2
2
4
2
2
2
0
0
0
0
0
0
2
0
0
0
0
0
2
2
2
4
0
0
2
0
3
2
0
0
0
0
0
2
0
4
2
2
0
0
0
0
2
4
0
0
3
0
0
0
0
0
7
0
0
0
2
0
0
0
2
5
0
2
0
4
0
0
2
3
0
0
2
2
2
0
0
6
2
6
2
8
13
5
4
5
2
12
9
6
14
5
4
8
2
5
2
0
4
5
6
8
4
11
4
5
15
8
15
11
6
6
8
4
6
3
8
5
10
2
3
9
2
4
0
5
5
12
0
6
6
7
6
4
6
8
8
4
12
5
4
4
2
4
7
3
13
13
8
7
4
13
12
8
6
2
2
9
4
4
8
5
6
4
5
6
2
6
6
4
2
2
6
5
5
2
3
7
4
4
12
5
3
2
9
7
4
4
5
6
15
2
5
2
8
0
2
7
4
5
4
4
4
6
1
4
4
6
11
2
2
15
2
6
13
6
7
6
2
6
0
6
3
5
10
6
2
7
4
3
2
6
2
5
6
2
6
6
4
4
5
2
13
0
2
4
6
14
4
2
6
6
8
4
2
8
4
6
6
6
4
0
20
12
5
4
5
17
2
5
6
10
0
11
4
4
5
8
17
6
8
4
7
4
4
2
5
13
2
7
4
4
4
8
3
8
4
13
7
15
12
5
11
7
9
4
6
4
2
8
4
4
5
0
4
8
4
6
7
3
8
6
13
4
4
2
17
24
2
2
6
2
4
2
8
2
6
8
2
4
0
4
2
13
4
2
2
6
5
8
8
2
5
12
2
5
4
3
4
8
12
4
4
4
2
12
6
2
15
6
21
36
36
4
14
21
12
13
36
26
23
7
25
46
22
7
11
16
17
6
13
26
32
3
15
13
33
2
44
18
21
19
30
27
5
5
33
9
20
10
7
23
23
33
22
20
21
13
31
27
36
4
60
17
23
15
28
2
31
9
11
16
8
4
16
37
4
10
30
4
39
6
25
11
3
35
11
30
3
23
38
2
37
4
33
12
25
4
30
11
2
33
10
4
26
27
8
5
20
24
24
15
23
4
37
19
38
35
20
10
3
24
6
33
17
21
26
4
6
26
25
19
40
6
37
10
8
4
15
24
9
7
3
23
11
4
17
5
18
2
33
4
22
5
18
27
4
4
40
28
12
19
2
29
29
17
12
2
16
26
15
14
22
18
26
16
28
8
17
14
3
2
11
31
8
32
33
23
6
24
12
20
19
11
13
16
33
21
12
23
32
21
10
9
4
23
6
19
18
12
10
34
29
24
38
10
45
38
20
7
16
29
21
29
6
23
5
7
65
20
14
11
30
9
29
0
29
10
2
2
10
23
22
26
17
14
14
3
25
25
27
21
2
11
3
24
39
22
30
22
4
33
32
15
15
25
12
19
29
14
42
31
38
4
29
29
36
5
19
16
13
18
16
24
18
4
33
6
6
29
4
2
25
3
5
4
2
81
16
39
0
36
4
2
70
13
4
32
8
8
12
7
19
33
53
6
6
34
4
2
7
0
2
64
24
37
32
51
6
22
61
4
7
63
2
37
64
30
2
26
69
8
8
2
4
59
2
0
25
6
2
34
23
40
64
60
4
2
10
4
4
54
4
4
6
2
27
22
20
2
8
45
26
64
21
4
57
31
5
22
52
20
6
41
37
24
23
43
2
28
55
0
6
53
4
30
37
40
28
6
12
4
46
8
20
51
21
2
35
2
30
18
20
29
4
70
11
6
9
23
21
42
28
4
22
24
38
4
4
4
4
20
28
4
20
16
64
47
27
2
59
22
48
23
0
4
34
4
46
17
2
0
41
0
14
21
37
19
40
30
35
4
4
53
10
4
27
5
22
11
18
4
43
39
26
8
55
38
9
33
25
6
21
50
4
2
8
4
4
45
2
14
5
24
22
39
36
4
2
44
0
43
47
18
19
55
33
3
32
56
2
4
4
30
36
24
44
35
2
54
24
35
6
6
4
42
53
2
4
16
2
24
25
19
16
44
32
7
2
8
2
4
44
14
0
6
0
33
32
56
29
21
4
4
53
26
4
2
59
2
6
40
24
49
15
30
36
6
2
10
4
2
8
4
15
38
39
31
29
61
50
10
6
8
8
10
19
8
15
6
12
8
10
19
10
6
6
15
17
12
8
16
8
6
29
10
17
4
2
17
17
19
12
10
8
10
12
8
4
6
6
10
13
15
8
12
8
19
8
10
17
6
10
8
14
8
6
10
14
11
14
17
15
6
10
14
17
10
8
12
13
15
19
15
21
11
4
10
15
15
21
17
16
16
13
8
17
25
13
8
14
12
17
17
13
8
13
12
12
12
17
14
10
10
12
14
17
10
12
25
17
19
27
27
12
19
19
37
8
13
25
14
12
17
12
12
15
8
35
17
19
12
13
8
8
19
23
15
17
21
19
23
13
23
12
4
25
15
12
21
15
15
63
25
15
8
31
6
25
23
17
13
17
13
8
11
25
19
10
21
15
25
8
25
23
13
12
31
21
19
12
23
23
15
13
17
25
33
14
17
36
19
27
9
17
27
15
12
13
19
17
13
67
42
48
12
33
17
55
15
21
10
17
19
13
27
21
21
25
14
25
19
8
15
14
27
29
11
14
26
12
39
8
15
23
8
8
10
23
17
8
6
13
8
27
17
23
19
15
19
21
10
29
8
8
21
15
12
25
27
10
10
17
8
31
25
10
15
13
11
25
13
29
13
15
12
12
10
13
6
17
15
12
33
21
13
15
21
15
8
6
19
4
4
2
6
2
2
13
35
44
61
0
2
11
17
8
21
13
9
2
4
6
8
6
6
10
8
2
6
4
8
4
6
7
22
8
30
8
4
2
4
19
7
4
9
8
2
19
2
12
15
23
6
8
8
8
24
4
4
6
6
6
4
6
4
88
17
6
42
5
6
4
4
4
56
4
6
4
4
8
4
7
73
60
10
8
8
62
59
10
6
2
7
4
36
6
50
41
13
60
8
6
4
4
40
9
6
69
65
87
4
50
4
4
4
13
4
7
54
6
6
4
13
6
60
6
8
4
7
4
12
6
6
33
6
6
7
10
2
8
6
4
4
2
4
9
8
4
2
9
2
7
10
2
7
57
4
4
6
6
4
6
6
10
9
4
9
2
68
4
8
10
73
10
6
63
11
6
27
4
61
4
9
21
4
10
19
6
6
8
10
6
25
8
6
8
39
2
21
6
36
50
8
6
6
6
8
4
6
6
6
2
7
4
6
35
2
6
66
8
6
6
8
9
29
4
6
4
4
34
53
6
4
6
8
8
20
29
30
31
6
6
4
4
6
4
26
4
11
62
24
9
7
7
14
22
6
9
14
15
11
9
9
14
16
5
23
17
23
24
25
15
42
42
8
13
15
20
17
19
19
13
15
20
19
13
