5
2
0
11
0
5
8
15
11
9
2
16
0
5
3
11
25
10
6
3
9
25
27
7
0
16
4
18
12
20
10
14
25
23
30
7
20
13
5
7
2
3
9
7
22
5
12
28
87
3
2
7
0
5
69
4
9
0
3
5
11
27
3
47
29
3
19
12
10
4
20
12
10
15
16
9
16
8
2
14
10
5
2
3
7
2
9
5
20
0
3
20
11
7
13
9
13
0
5
8
18
5
0
3
22
3
4
2
18
2
4
28
10
2
12
2
5
7
5
10
2
28
14
18
2
5
9
5
24
2
7
2
26
5
39
5
25
42
28
20
12
17
25
7
5
14
3
11
48
14
8
43
12
8
0
7
32
3
0
4
2
5
12
20
10
20
11
5
34
12
25
16
21
5
8
12
48
14
13
19
18
5
18
22
10
21
20
10
14
23
2
43
18
40
32
37
12
14
21
10
46
48
37
52
7
55
21
25
6
12
35
30
14
12
7
18
24
2
31
6
30
5
8
26
7
14
10
1
5
8
3
16
12
2
13
2
11
31
3
5
7
70
16
18
15
12
4
67
2
2
9
3
2
6
7
7
7
5
10
0
8
10
0
3
16
10
8
11
40
0
36
3
7
16
2
9
3
2
19
8
16
3
12
5
14
12
2
19
17
11
9
11
14
11
8
12
8
5
9
6
7
7
16
22
10
5
15
7
13
22
19
27
16
16
16
11
22
12
25
13
23
11
20
11
14
14
16
10
7
13
25
11
38
14
23
11
13
19
16
16
19
18
15
11
13
15
13
13
18
19
9
13
23
12
16
11
31
11
13
16
7
17
9
13
18
11
20
20
16
21
17
19
12
10
9
7
13
21
26
17
24
26
11
11
20
13
15
19
10
15
5
15
31
11
12
8
8
14
18
20
13
9
6
13
9
9
16
22
12
13
17
9
9
18
11
13
17
10
13
10
13
11
10
9
11
11
6
16
5
13
13
15
19
11
15
13
11
11
11
11
4
13
17
10
19
12
11
15
11
15
10
19
6
17
14
7
12
11
9
7
8
23
13
20
21
21
13
16
9
23
16
16
18
8
14
18
15
16
12
11
16
17
50
48
20
15
27
17
18
13
5
14
11
9
8
14
11
7
12
9
15
11
13
9
11
10
11
18
14
11
18
6
8
11
28
8
5
12
17
16
8
18
16
17
12
11
9
13
13
13
5
19
7
6
11
7
9
9
21
15
15
10
5
8
17
7
11
9
8
9
9
7
10
7
3
7
7
12
13
8
25
9
13
9
9
7
14
19
22
11
3
10
17
14
12
10
9
9
12
7
12
7
11
7
7
12
14
11
3
12
16
8
9
11
4
11
10
13
12
18
21
12
12
13
21
22
12
9
13
5
12
13
9
13
13
31
16
14
16
12
7
18
27
15
11
7
11
10
5
5
14
7
5
8
10
14
12
13
7
8
3
7
5
9
5
9
4
14
14
9
20
19
12
17
11
21
7
39
23
12
18
18
16
7
20
21
24
12
15
10
14
31
14
14
10
14
27
21
16
21
10
12
13
23
19
13
10
14
18
11
13
12
11
11
10
10
5
18
10
17
15
9
9
15
12
23
8
5
16
9
16
18
9
14
27
21
7
25
35
9
39
14
5
5
14
7
41
15
18
9
19
14
22
6
14
25
26
3
4
7
5
4
5
8
14
11
10
11
5
9
5
9
7
7
3
3
9
7
7
7
7
7
4
8
10
4
7
9
2
11
10
8
7
7
4
11
7
5
9
12
9
5
9
5
0
10
8
5
5
12
15
8
5
7
5
4
2
2
4
11
5
2
5
2
16
11
2
7
5
5
7
12
12
10
5
5
9
9
5
5
3
11
5
5
7
12
8
5
10
3
6
6
6
2
12
5
5
7
2
0
13
7
3
2
0
2
3
3
4
0
0
1
0
5
3
5
0
5
3
5
0
7
0
4
2
0
2
2
4
8
5
6
4
2
2
0
0
22
25
30
31
8
8
4
0
7
0
0
4
2
4
4
6
2
4
4
2
2
6
6
0
2
5
6
2
4
0
0
4
6
2
4
6
4
9
2
4
4
1
4
6
1
10
2
0
4
4
2
3
4
2
8
0
1
6
6
8
0
2
4
4
2
4
4
7
4
4
6
6
4
6
4
4
6
6
2
2
4
4
2
6
2
2
4
0
1
4
0
2
2
0
1
2
0
0
4
4
4
2
2
4
3
7
2
5
0
4
2
0
2
4
4
2
6
1
6
2
4
5
6
4
4
2
0
0
7
2
2
3
2
7
0
4
2
0
2
4
14
4
5
0
6
2
2
4
0
2
6
2
2
11
1
4
1
2
29
51
56
6
2
4
4
2
0
2
6
5
2
4
2
6
5
4
6
2
6
2
10
4
0
0
2
4
0
2
6
4
2
4
6
4
4
2
6
6
7
7
2
6
1
0
4
6
5
4
3
0
4
2
0
4
2
5
2
4
4
4
4
4
2
4
8
4
7
4
2
4
6
2
4
2
8
6
2
4
2
2
4
6
0
7
4
2
6
6
0
4
0
0
2
5
2
6
4
8
2
4
0
4
6
0
8
2
2
0
2
5
2
2
2
2
4
29
28
28
37
20
32
19
32
23
23
17
23
18
30
28
58
15
19
23
26
26
58
30
13
14
21
14
8
12
28
19
25
30
11
13
13
18
0
0
0
0
0
0
0
0
0
0
0
0
0
0
0
0
0
0
0
0
0
0
0
0
0
0
0
0
0
0
0
0
0
0
0
0
0
0
0
0
0
0
0
0
0
0
0
0
9
13
19
9
17
17
40
30
19
36
25
29
13
28
29
12
13
30
19
36
9
28
11
13
29
12
19
26
21
25
18
16
32
62
33
35
0
36
34
22
20
28
10
15
19
31
34
12
34
39
22
27
9
17
23
31
23
11
20
38
17
22
27
36
31
17
38
21
24
23
49
27
39
32
29
18
21
14
15
25
28
25
36
34
37
23
18
28
20
19
7
23
23
27
19
24
28
28
38
37
30
38
33
29
29
40
47
34
3
25
31
17
24
25
13
9
30
16
29
14
17
7
17
17
10
11
9
13
8
29
13
24
11
16
11
23
21
42
13
17
11
23
12
32
25
12
27
14
17
26
17
7
11
13
23
19
31
20
19
11
17
25
21
28
29
34
34
15
11
21
19
30
17
17
21
26
31
29
17
22
22
27
23
26
28
13
21
13
27
21
13
21
27
15
17
25
20
19
17
13
36
4
15
16
18
18
18
17
18
18
18
18
18
18
18
19
18
19
18
19
18
18
18
18
18
18
19
18
18
18
18
19
15
18
18
16
17
17
17
17
18
19
18
18
18
18
17
18
17
18
18
19
18
19
18
18
18
17
19
18
18
18
19
19
18
16
18
18
19
19
19
16
18
19
18
18
18
15
18
17
17
17
19
18
19
18
18
18
17
19
17
19
17
18
18
19
18
19
12
18
18
18
18
18
18
18
16
17
19
18
18
18
19
19
19
18
18
19
18
18
18
17
17
17
18
16
16
18
18
16
18
18
18
18
19
18
17
18
18
17
18
19
17
18
18
18
18
18
18
19
18
16
18
18
18
19
18
17
18
19
19
18
18
17
19
18
18
16
17
17
18
18
19
18
17
19
18
17
19
16
18
18
19
19
17
16
19
18
19
17
18
19
18
18
19
18
18
18
18
18
19
18
18
18
18
18
17
19
16
18
18
18
17
18
18
18
17
17
18
18
13
18
18
18
15
18
19
18
18
19
18
17
18
18
19
19
18
16
17
18
18
19
18
17
18
17
19
15
18
19
18
19
18
18
18
18
19
19
18
18
19
18
18
17
19
17
18
18
19
19
19
19
18
18
19
18
18
19
19
19
19
18
17
19
18
18
18
19
18
16
18
10
9
3
0
0
3
2
0
1
0
2
1
0
1
2
3
0
0
1
2
2
0
0
0
3
0
2
5
0
2
0
0
0
0
3
2
1
9
2
0
0
0
2
2
1
0
0
0
1
2
0
0
0
5
0
0
0
0
3
0
2
3
0
1
2
0
0
1
0
2
1
2
14
0
2
2
0
3
0
2
1
0
0
1
0
4
0
1
0
0
0
0
2
3
0
3
0
7
0
2
10
0
0
0
2
0
3
12
2
1
0
0
3
0
0
0
2
2
24
1
1
0
0
1
0
0
3
0
2
4
2
0
2
0
0
0
2
0
0
3
5
0
0
0
1
2
0
1
2
1
3
1
0
3
0
0
0
0
1
0
0
5
0
0
0
1
5
0
0
4
0
0
11
0
0
0
2
1
2
3
0
3
2
1
0
0
2
1
1
2
4
3
0
3
0
3
2
0
1
0
3
2
3
5
2
0
2
2
3
0
0
0
2
2
2
1
0
1
2
2
2
0
3
1
2
0
0
7
1
0
1
0
0
0
2
2
1
2
3
1
1
0
0
3
0
0
0
3
2
1
4
0
3
1
1
1
0
1
1
1
0
0
0
0
0
2
0
3
2
0
0
0
6
12
0
2
0
2
2
0
3
5
0
2
2
1
0
0
6
16
2
6
8
6
2
4
2
0
2
4
6
4
2
6
6
4
2
8
4
4
6
2
8
8
0
8
12
6
6
6
8
6
6
14
10
6
8
14
10
16
6
6
6
12
4
8
18
4
8
8
8
6
6
6
6
10
14
14
10
6
10
8
14
8
14
10
10
8
43
8
10
10
12
12
10
6
6
12
8
14
4
4
12
12
8
12
10
10
12
8
12
8
12
8
18
16
12
16
8
14
19
12
10
8
10
10
12
8
8
14
18
14
14
14
6
4
4
8
10
10
14
10
10
6
8
10
18
8
10
12
10
12
16
8
8
18
12
16
8
14
12
4
8
14
16
18
8
12
14
12
19
20
12
18
16
12
14
20
10
10
16
12
20
16
16
10
22
16
8
8
20
8
8
16
25
20
18
8
16
8
16
14
12
10
16
12
14
4
19
6
6
14
8
6
10
6
12
6
18
4
6
17
6
2
4
4
4
4
6
4
12
4
4
4
4
2
4
2
8
4
6
6
4
4
10
6
4
6
6
12
6
4
4
6
10
43
4
6
4
8
4
4
4
6
4
6
0
6
6
8
10
4
4
10
6
2
6
4
4
6
2
4
6
0
4
2
4
6
2
2
4
6
2
6
4
23
4
6
6
10
8
6
4
4
2
2
0
4
4
0
0
2
2
0
2
0
2
10
6
4
4
4
0
10
2
0
0
0
2
2
0
0
2
0
0
0
63
19
0
2
2
2
0
0
0
2
0
2
0
2
2
2
0
4
0
2
0
0
0
80
0
2
2
2
8
0
0
2
0
2
0
0
2
2
2
2
4
0
0
0
2
0
2
0
2
0
0
0
2
2
0
4
2
0
8
2
2
2
0
2
6
0
2
2
4
0
0
0
0
6
4
0
0
0
2
2
4
6
2
0
0
0
2
0
2
0
4
0
0
0
2
12
2
2
4
0
0
4
4
4
4
6
2
2
0
0
2
2
2
2
0
4
2
2
0
2
2
0
0
2
4
0
0
4
0
2
2
2
2
2
2
2
2
0
0
0
0
0
2
4
0
8
8
6
0
0
0
2
4
0
2
0
2
2
37
6
0
2
2
0
2
0
0
0
0
0
4
0
2
0
0
0
0
2
2
2
0
6
2
0
0
4
2
0
0
0
2
8
2
0
2
0
0
0
4
0
4
0
0
0
0
2
2
0
2
0
8
12
2
2
6
2
0
2
2
2
0
2
47
2
0
0
8
0
0
4
0
0
2
6
2
0
0
0
4
0
2
0
0
2
2
0
2
2
0
0
0
2
2
4
2
2
2
4
14
6
6
6
8
12
6
10
8
10
4
8
8
6
4
8
6
2
12
8
10
16
8
4
8
8
8
12
8
8
6
6
16
6
4
8
4
2
6
10
6
6
10
10
10
12
8
6
4
16
4
8
10
8
8
14
8
10
12
6
4
4
8
6
10
4
6
35
4
12
6
8
16
6
8
12
8
4
10
4
8
4
10
10
14
14
8
8
6
8
6
8
8
6
8
8
6
12
8
18
12
8
8
10
8
6
4
4
10
14
8
10
8
6
10
14
14
12
14
23
6
6
8
14
16
8
10
10
18
8
10
6
8
14
8
10
12
4
10
16
12
8
12
16
12
8
10
8
12
12
16
14
6
4
10
10
12
14
6
8
8
8
6
6
10
12
8
12
8
10
10
21
10
6
16
12
12
6
12
8
8
12
16
29
12
10
12
4
14
18
19
16
16
10
6
6
10
14
4
6
8
16
14
12
14
4
12
6
8
10
6
10
8
8
10
12
10
8
18
8
16
10
16
18
6
6
8
10
6
10
10
17
8
4
12
10
8
6
16
6
18
4
4
8
6
4
8
4
12
6
16
8
8
6
4
10
10
8
10
8
14
8
14
4
8
6
6
8
10
6
12
6
8
12
6
10
8
8
10
8
6
6
20
10
12
6
14
16
