12
12
16
8
12
12
14
12
10
14
10
10
18
10
14
4
14
16
6
15
17
8
10
4
8
8
19
10
12
4
21
16
10
8
8
4
4
8
6
2
6
14
4
6
6
12
12
9
14
2
17
6
4
10
2
12
6
10
6
14
6
8
4
8
6
10
10
10
12
10
11
25
12
8
16
12
8
10
0
12
6
10
8
4
6
21
17
6
15
12
4
18
11
4
15
42
8
14
6
10
8
15
17
2
4
6
29
10
10
13
12
10
14
17
12
12
10
8
10
12
4
14
12
37
14
10
12
10
8
15
10
2
14
8
15
8
22
10
10
11
10
12
6
8
17
8
12
8
12
10
12
10
12
2
8
14
14
12
9
4
10
8
14
11
15
19
16
12
8
17
12
4
6
13
17
4
9
8
12
10
19
6
6
4
10
23
12
8
6
12
14
23
12
10
12
10
17
2
4
10
19
2
6
16
12
17
8
35
16
10
6
14
6
12
8
19
15
6
12
12
10
14
12
4
4
23
8
14
27
10
6
10
10
8
8
8
8
8
6
14
8
10
8
6
2
4
2
19
2
4
8
4
4
6
8
10
31
8
14
0
2
4
6
8
8
10
4
12
4
8
10
4
10
8
12
14
14
6
2
4
12
4
12
6
14
8
6
10
6
2
2
0
4
2
4
4
4
6
2
6
2
2
0
4
2
4
0
2
4
6
2
4
0
0
6
2
2
2
0
2
0
6
4
2
2
2
2
4
4
0
2
0
0
0
2
2
2
2
2
2
4
6
4
0
4
4
2
4
2
0
2
0
4
2
2
2
4
4
0
0
0
2
4
2
4
6
4
0
2
2
4
4
2
6
4
2
2
4
2
2
4
10
2
2
2
0
4
2
2
0
4
4
0
4
4
8
4
2
2
4
2
12
10
2
4
0
6
2
6
0
4
0
0
0
4
4
4
8
2
4
0
0
4
8
2
0
2
4
0
6
2
2
2
6
2
4
0
6
2
6
8
4
0
0
4
2
2
4
2
4
0
4
2
2
2
2
0
2
2
6
0
4
4
6
0
4
4
0
4
0
4
2
4
0
4
2
4
2
2
2
2
0
2
4
2
0
4
0
2
6
2
4
4
0
2
6
2
0
4
2
6
8
2
2
2
2
2
2
2
2
0
2
4
6
4
4
2
4
2
2
2
2
0
4
4
4
2
2
4
2
2
2
0
2
2
4
2
2
4
2
2
0
4
4
2
4
2
0
4
2
2
2
0
2
6
2
2
0
4
4
2
2
0
2
2
2
2
2
2
2
2
6
4
0
0
0
4
0
4
2
2
4
2
0
0
2
2
4
0
4
0
2
4
17
2
4
7
2
4
7
4
2
2
4
4
2
3
32
7
0
4
2
2
2
22
0
4
3
24
4
2
4
8
5
67
0
4
2
6
50
2
2
2
4
1
5
48
0
6
6
11
32
2
2
2
6
6
4
2
0
55
4
0
54
26
2
4
1
24
2
6
0
4
45
0
4
6
0
2
54
4
2
40
2
4
2
2
2
4
14
31
2
2
2
1
0
8
4
4
2
6
29
0
0
0
4
91
1
2
0
2
21
2
2
6
4
2
0
2
0
25
1
4
0
2
33
30
20
4
2
2
4
2
17
4
4
4
3
11
0
3
2
12
39
0
2
86
1
4
7
34
3
31
30
2
4
27
0
5
5
4
4
3
2
42
34
2
4
2
16
6
20
2
0
70
0
2
16
31
2
2
3
0
4
8
4
4
4
2
2
4
8
18
25
11
20
24
17
35
2
1
22
28
10
2
4
24
0
4
4
6
0
2
14
2
22
48
34
9
2
2
2
2
3
2
6
0
50
2
0
0
4
6
6
4
6
5
27
25
37
27
55
6
5
7
0
8
2
7
0
2
44
5
0
4
2
2
0
2
5
4
6
0
2
4
6
4
4
7
2
8
4
2
70
6
8
9
4
8
14
6
8
6
6
6
6
10
4
8
6
8
8
8
10
4
13
8
12
2
6
10
4
8
8
12
15
10
8
8
10
8
15
10
8
4
10
14
4
19
17
8
8
8
12
12
23
8
15
10
8
10
14
13
12
21
4
6
12
10
6
8
25
10
10
4
10
15
9
10
15
12
10
2
6
6
8
42
12
6
10
8
4
14
8
8
15
4
4
4
10
14
8
4
6
4
10
10
4
6
10
8
8
14
19
12
10
13
12
10
15
13
12
12
58
13
8
12
17
17
6
12
15
13
8
25
19
17
19
17
16
6
14
13
17
19
14
8
21
15
6
10
6
11
12
6
6
12
9
12
21
10
10
10
19
10
10
25
13
14
13
17
14
10
8
15
15
10
21
21
8
15
8
11
17
17
8
21
8
13
14
8
13
23
8
10
10
14
15
13
8
11
10
8
6
8
12
19
12
13
4
8
19
21
10
16
15
15
15
10
10
15
15
10
8
8
13
10
8
12
52
12
15
14
13
8
14
8
14
10
8
10
8
11
14
17
12
17
11
15
11
6
10
12
12
8
15
21
10
6
8
8
8
15
8
13
11
11
8
10
6
8
14
12
13
13
10
23
12
13
11
8
15
19
8
9
10
13
10
12
4
4
21
20
38
31
55
24
40
57
62
37
77
36
20
20
30
50
23
39
78
49
76
39
33
38
14
25
49
31
57
40
38
32
38
44
46
52
37
28
35
36
57
38
47
45
30
42
59
32
11
28
30
47
28
59
25
60
51
57
55
31
13
22
32
27
58
33
37
56
45
25
56
26
32
19
25
43
60
77
78
36
57
34
43
19
24
25
60
57
80
50
77
60
37
16
54
28
17
35
47
23
70
67
44
32
32
37
60
21
11
31
60
38
64
37
47
62
42
24
65
25
10
32
39
49
40
39
44
59
30
30
38
23
10
22
32
46
46
34
37
39
18
38
56
26
13
28
35
45
38
32
50
38
42
23
37
33
24
21
24
31
40
34
42
31
31
30
44
45
24
14
23
40
33
37
51
29
32
33
44
40
17
31
20
25
30
25
76
44
28
30
47
24
17
23
31
48
39
24
49
43
34
33
45
42
20
19
38
37
37
42
27
55
45
58
55
41
23
35
28
36
31
56
53
54
39
39
56
39
12
24
27
31
38
50
50
40
32
43
76
38
31
19
16
19
35
37
50
62
40
46
40
57
35
35
17
31
25
23
35
43
37
32
46
24
10
18
23
29
35
48
34
52
51
31
56
29
13
33
41
38
54
35
33
45
52
37
37
41
35
2
2
4
4
11
4
2
51
4
5
4
4
2
2
2
5
0
3
2
2
2
2
3
2
2
0
5
3
4
3
3
2
4
2
2
2
2
3
4
2
2
4
4
4
3
4
5
3
3
2
3
3
3
3
5
2
4
2
0
2
3
0
3
2
4
3
3
4
3
0
2
5
3
3
2
3
2
5
27
4
2
12
2
2
2
3
3
2
0
3
2
2
3
2
2
5
3
2
0
2
3
2
3
3
2
2
0
3
4
2
2
3
2
2
3
2
2
2
2
2
2
0
3
2
0
2
1
1
0
2
2
2
2
3
0
0
2
2
0
0
0
19
2
0
1
0
2
2
2
1
1
0
4
2
2
0
2
4
2
0
3
0
3
2
5
2
2
3
6
4
7
2
2
3
2
2
3
3
3
1
3
16
1
2
2
2
3
2
3
2
4
5
3
3
3
3
5
2
3
3
2
5
2
0
3
2
0
2
2
2
2
2
2
3
2
3
0
2
2
3
2
2
22
3
2
2
2
2
2
2
2
2
3
3
3
2
2
0
2
2
2
6
2
2
3
2
2
2
27
0
2
0
2
2
2
2
5
0
2
2
2
2
4
2
2
3
5
3
2
2
2
2
31
2
2
4
0
3
2
2
2
5
3
4
2
2
31
2
4
2
2
3
0
0
2
4
0
4
4
5
2
0
2
2
2
4
4
4
0
2
0
2
0
2
0
0
0
0
2
2
0
2
0
6
2
2
0
0
1
0
0
2
0
8
2
8
11
2
0
0
0
2
4
0
2
9
2
7
4
3
2
0
0
4
0
6
0
2
6
4
4
58
2
0
0
2
2
0
0
2
6
0
4
2
3
0
4
0
6
4
0
2
6
6
6
4
2
0
2
2
0
2
1
0
11
11
6
0
0
2
1
0
4
0
2
4
6
4
4
0
0
2
0
3
0
2
2
4
9
2
0
0
2
2
0
2
3
0
0
8
6
2
4
0
2
0
4
0
11
4
1
2
2
2
6
4
0
0
0
0
6
2
0
2
0
7
2
0
2
0
0
0
2
8
2
2
6
2
4
2
0
2
5
2
6
2
2
0
2
2
4
0
0
0
2
2
0
7
0
2
8
42
2
13
2
0
2
2
6
4
0
8
0
6
5
2
0
0
2
6
8
2
0
2
4
6
0
2
0
0
0
0
4
0
0
9
2
4
2
0
0
0
3
0
2
11
2
2
2
8
1
0
0
0
6
2
0
8
5
4
4
6
0
2
3
0
2
3
0
4
0
3
5
8
7
0
0
0
2
3
7
2
3
4
6
5
2
0
4
0
4
0
0
0
2
2
6
2
4
2
2
0
0
0
2
2
4
4
6
0
0
6
4
2
4
2
2
4
4
2
2
0
2
4
0
2
2
0
0
0
2
0
2
0
2
2
2
0
2
0
4
0
0
2
2
0
2
2
0
4
4
0
2
2
0
4
2
2
0
0
2
4
4
0
2
6
0
0
2
2
2
4
4
2
0
0
2
4
2
2
2
2
0
0
39
2
4
2
2
2
6
2
4
0
0
0
0
4
2
0
0
2
0
2
0
6
2
6
2
2
2
2
2
4
4
0
0
4
4
4
0
2
2
2
0
6
0
4
0
0
2
2
2
0
4
4
4
6
4
2
6
0
0
4
4
4
2
2
2
2
4
2
6
0
4
0
2
10
0
2
2
4
0
0
2
2
4
2
0
2
2
2
4
4
0
6
4
0
4
2
0
0
0
0
2
4
2
4
0
0
2
0
0
6
0
0
0
0
0
2
2
2
2
4
0
2
2
4
4
2
0
4
2
6
2
4
2
4
4
2
2
2
4
0
2
2
4
4
2
2
4
0
2
0
0
2
2
0
4
0
4
2
2
6
0
0
0
0
0
4
4
0
2
2
4
2
4
4
0
2
33
0
2
0
0
2
2
0
0
2
2
4
4
4
0
0
0
0
0
0
0
0
0
0
0
0
0
10
35
16
24
12
5
28
18
17
13
47
38
90
3
22
11
10
0
17
4
14
15
31
11
11
36
6
25
11
10
24
62
9
15
25
13
7
22
22
21
1
22
1
11
11
21
41
39
18
16
43
40
7
18
14
5
16
24
37
21
24
46
10
1
24
35
11
21
19
22
17
29
28
18
9
20
26
19
0
10
13
24
27
19
9
9
24
20
27
0
11
11
31
83
31
40
34
24
27
23
25
12
1
21
11
35
7
3
15
7
26
15
28
19
43
38
15
11
11
28
17
27
28
23
32
36
14
11
9
13
21
25
7
26
10
21
13
3
41
12
22
24
16
26
17
16
37
10
13
10
25
34
22
23
15
13
15
35
34
0
41
23
19
12
18
26
26
9
12
15
22
20
0
21
27
41
11
14
22
20
13
14
29
3
12
36
19
36
23
25
45
11
20
9
23
1
5
1
18
7
21
32
0
28
11
3
54
18
27
0
1
3
23
36
15
6
20
15
9
11
33
18
22
39
30
23
14
44
35
12
16
22
16
18
25
17
16
12
20
5
41
18
4
7
23
1
18
18
10
8
24
18
18
25
29
14
21
15
18
13
17
18
35
31
24
4
27
31
26
1
16
6
43
10
0
10
6
0
2
2
6
8
2
6
6
2
4
4
0
8
8
4
6
6
4
0
8
2
10
17
6
2
10
6
0
6
15
10
4
4
2
4
6
8
6
8
2
4
4
8
0
2
0
8
6
4
4
17
6
4
17
14
15
6
2
4
2
6
8
2
4
4
8
0
4
14
8
4
6
19
8
2
6
0
6
8
4
0
0
4
4
2
4
2
6
13
6
6
8
10
2
0
4
13
6
6
8
20
8
4
6
8
2
8
8
4
4
4
4
8
2
15
2
2
0
6
6
6
8
0
8
6
6
2
6
2
4
8
8
4
4
4
0
2
6
4
4
8
8
2
2
2
2
8
4
4
6
4
4
6
0
2
6
4
8
2
6
4
6
4
4
2
4
6
6
4
11
4
13
6
4
6
6
8
2
6
6
2
2
4
6
6
4
5
4
0
4
10
0
6
6
4
0
4
4
6
6
4
6
4
10
4
6
10
6
11
4
6
6
4
2
13
2
0
8
2
6
6
15
4
4
2
8
5
6
6
8
6
15
6
4
4
4
2
6
4
2
0
4
2
4
4
6
2
8
3
5
17
6
6
8
2
4
8
4
6
6
4
0
6
8
4
8
6
2
17
6
6
6
6
17
6
0
15
8
4
6
18
4
4
2
4
4
