4
1
4
1
8
1
2
2
3
2
2
11
6
2
6
4
8
4
3
5
3
8
6
5
4
3
3
5
8
4
2
1
7
1
6
3
5
1
4
5
2
0
3
11
7
8
11
0
10
5
4
9
7
11
2
11
5
3
6
7
2
3
8
9
3
1
8
7
3
3
8
0
7
4
6
7
10
2
2
1
9
4
8
10
4
9
8
5
3
7
9
5
3
4
14
10
9
10
2
3
13
8
2
8
4
3
8
9
4
13
12
5
4
5
6
7
5
4
7
5
3
5
6
11
3
0
3
2
3
3
3
4
2
7
5
2
6
1
0
8
5
1
0
2
5
0
2
6
1
1
2
2
3
3
4
3
2
0
8
6
3
4
3
4
2
3
3
1
5
6
5
5
1
3
3
3
2
3
3
2
1
2
12
2
4
6
6
3
5
2
1
0
2
1
3
3
3
1
1
1
3
3
10
4
2
1
2
4
1
1
2
3
2
3
2
1
5
2
8
0
5
0
4
4
4
1
1
1
10
11
5
2
5
1
1
2
5
3
13
3
2
6
5
10
5
1
2
5
10
4
7
5
0
2
8
3
3
2
3
1
3
3
4
7
6
7
5
6
7
2
5
2
4
3
1
3
1
1
2
6
7
5
2
6
2
3
2
1
4
4
5
5
7
6
10
5
9
4
13
10
12
10
9
9
22
8
8
9
9
4
6
6
11
10
14
9
4
9
5
10
8
4
4
7
4
7
7
5
3
6
7
10
3
5
5
6
2
7
7
7
4
4
5
7
9
4
7
6
7
7
7
12
10
3
7
8
3
2
2
13
11
4
5
8
9
10
5
6
9
3
6
5
3
5
5
4
5
11
12
12
9
2
5
9
8
3
8
8
7
3
12
7
11
5
5
7
4
10
8
4
2
3
9
7
5
5
5
4
10
7
7
5
2
3
7
8
7
4
15
6
9
5
11
5
7
6
4
9
3
4
4
6
7
6
4
14
9
12
11
10
4
8
7
7
7
6
7
7
10
2
6
5
4
4
9
7
13
9
6
4
13
7
7
7
6
8
5
6
3
7
6
14
8
3
8
11
5
5
5
8
8
6
7
7
10
8
7
5
8
2
5
6
7
6
14
11
7
6
7
5
7
2
7
7
7
8
9
7
7
7
7
7
5
2
8
10
9
6
9
12
8
4
7
7
19
3
10
5
6
8
5
5
1
5
5
5
9
5
4
6
8
10
8
6
10
6
4
6
5
2
4
7
6
7
6
4
6
11
10
7
7
4
7
6
4
10
5
7
7
7
7
5
14
11
6
0
0
28
0
14
22
25
0
35
0
0
3
9
19
0
0
11
0
26
24
11
25
0
21
20
14
3
0
15
0
18
36
19
25
16
14
0
0
3
0
15
0
0
28
22
0
23
0
14
0
0
13
10
4
0
70
0
2
11
0
11
7
13
29
0
0
19
17
0
17
26
0
0
15
0
14
0
30
23
12
0
24
23
12
17
0
22
0
14
0
0
13
25
21
0
0
0
13
0
13
0
0
12
0
0
6
0
0
0
12
0
10
0
15
0
17
0
18
30
10
16
0
0
0
12
0
11
0
14
1
0
19
16
3
0
0
18
0
13
9
18
0
14
0
24
19
0
0
0
8
3
4
26
9
13
27
1
0
0
0
0
10
0
0
1
0
0
1
2
31
0
7
0
12
0
26
19
23
0
19
0
14
0
0
0
0
15
0
31
0
4
23
0
0
0
13
0
0
23
11
9
0
17
14
0
0
16
0
12
0
0
17
0
20
0
17
22
16
15
0
0
0
0
11
1
0
12
7
0
15
0
1
10
7
0
27
16
17
10
23
0
16
0
10
0
15
13
18
0
0
0
18
12
0
0
0
1
16
0
39
2
10
12
0
0
2
0
11
0
0
18
0
0
0
0
0
0
3
0
0
0
1
0
0
0
0
16
0
0
5
0
3
1
1
0
1
0
7
3
5
5
0
1
3
5
0
5
5
7
3
1
3
1
3
0
1
3
3
5
1
0
0
1
1
0
1
7
3
0
5
1
3
1
5
1
1
3
3
1
9
3
0
3
1
3
1
1
3
1
0
5
3
0
1
1
5
0
1
1
1
1
1
0
3
1
1
5
1
3
3
1
5
3
3
5
3
7
0
3
1
3
0
3
7
1
0
3
0
3
1
0
1
5
1
7
7
3
0
1
5
3
5
0
1
1
0
3
1
0
0
1
1
0
1
3
5
0
5
0
1
3
1
7
0
5
5
1
0
1
1
1
3
3
1
5
5
0
1
7
1
1
1
0
3
3
5
6
3
3
0
7
0
0
3
3
5
1
1
5
1
0
5
0
3
3
7
3
1
1
3
3
1
0
5
3
0
3
3
3
0
0
1
1
3
0
0
5
1
1
0
5
1
1
3
0
0
3
1
3
0
1
0
1
1
3
0
1
1
0
1
3
1
5
5
1
5
1
0
1
1
3
1
3
3
1
1
1
0
3
0
0
0
0
0
5
1
5
5
1
3
5
0
1
0
3
3
5
1
3
3
3
0
1
3
3
0
0
1
1
1
1
1
0
3
5
3
0
5
5
0
1
3
3
3
3
1
3
32
18
0
39
1
9
24
24
22
0
19
10
23
2
19
15
4
11
13
24
24
9
15
20
20
19
14
1
17
14
11
15
23
14
12
30
35
33
28
22
15
54
30
38
0
41
21
34
13
20
16
20
36
7
35
2
0
8
20
31
10
28
14
28
21
24
19
26
23
23
33
0
45
9
1
43
33
18
0
0
0
3
17
30
30
10
3
20
24
24
42
25
19
23
1
18
31
15
1
28
31
33
30
24
26
1
18
30
31
2
28
17
29
29
41
35
24
24
26
12
39
15
9
36
25
45
61
24
1
0
23
11
36
20
19
36
0
6
28
33
0
20
0
9
3
24
20
8
0
13
6
19
0
42
3
30
1
12
19
13
0
8
10
26
0
42
1
8
23
34
23
19
4
2
19
16
42
0
20
18
32
13
19
17
0
2
23
8
0
24
9
13
0
47
32
6
0
29
22
0
6
0
19
0
8
0
0
17
17
0
29
11
0
36
14
8
19
0
22
0
3
0
27
1
17
0
0
15
0
20
21
0
23
31
28
12
13
7
6
22
1
6
1
22
0
4
29
35
24
24
6
1
10
12
6
18
0
26
27
57
25
22
8
15
16
22
0
2
8
19
0
29
3
25
1
31
19
13
3
25
0
47
0
34
13
22
23
31
2
2
0
4
0
0
2
0
2
2
0
2
10
4
6
2
2
2
8
2
4
4
3
0
2
2
2
2
4
2
4
0
0
8
0
0
0
2
0
4
4
6
0
2
3
0
0
2
2
4
0
0
0
0
2
6
2
0
2
4
0
4
2
0
2
0
2
2
0
2
2
4
2
2
0
2
2
6
2
2
0
0
4
0
0
0
0
2
4
0
0
2
0
0
0
2
2
2
2
2
2
0
4
5
0
4
0
6
2
2
2
2
0
0
4
2
2
3
4
4
0
0
2
2
4
2
0
4
0
2
4
0
0
0
2
2
2
6
2
8
8
6
0
2
0
2
0
0
2
2
2
0
4
0
0
0
2
2
0
1
2
0
2
0
0
2
0
0
4
0
2
4
0
2
4
0
4
0
4
2
4
2
4
2
0
8
2
0
2
2
5
2
2
4
6
2
2
0
4
2
4
2
6
0
4
4
2
0
2
8
4
2
2
4
2
2
6
2
2
2
0
2
4
7
3
2
5
6
4
4
2
2
2
2
2
2
2
2
8
0
4
2
0
0
0
2
0
2
0
0
2
0
0
0
0
4
2
0
4
4
4
6
2
8
4
6
4
0
2
4
2
4
11
2
0
2
2
6
0
2
0
6
2
6
0
2
0
2
20
2
17
20
2
25
39
16
69
2
4
15
23
4
22
25
2
21
27
30
6
37
36
7
26
15
32
19
10
64
2
17
35
29
4
26
13
37
19
16
37
2
21
24
32
4
2
31
28
21
19
26
2
31
32
14
5
2
19
10
12
24
21
13
43
4
26
32
43
50
23
24
36
18
24
19
34
2
26
16
2
46
2
25
33
8
26
40
2
2
10
30
24
29
18
25
17
5
31
31
0
17
9
20
2
4
20
13
5
28
5
25
11
9
2
2
15
2
32
6
0
13
4
27
18
4
18
11
31
35
25
28
44
18
29
12
21
17
26
30
29
2
4
4
3
28
17
40
2
24
2
20
5
2
16
24
2
7
0
14
15
20
4
4
32
37
11
27
17
25
14
25
48
26
36
13
2
29
26
27
29
35
18
2
24
24
18
4
22
6
38
27
8
8
33
15
24
19
40
12
25
26
23
4
21
4
25
23
36
20
30
24
2
35
0
18
8
34
29
20
17
6
18
2
4
4
40
4
5
15
16
4
13
24
47
29
0
2
19
37
5
28
2
3
11
25
36
0
17
27
19
17
21
4
21
2
12
28
28
20
2
5
27
27
2
30
15
30
46
2
35
14
4
2
0
4
22
18
36
28
34
56
32
34
30
34
22
14
1
8
4
6
25
11
7
5
7
5
4
2
12
7
6
5
14
3
4
4
13
16
4
5
4
5
3
11
5
8
5
5
5
3
3
1
15
8
6
3
3
13
3
6
18
3
6
6
6
6
7
3
5
3
5
3
1
6
26
6
7
27
22
21
21
29
18
19
26
3
9
11
4
19
21
18
23
27
19
19
12
16
16
2
25
24
19
23
20
20
13
17
25
14
16
24
13
4
18
8
15
15
12
6
21
21
15
14
5
15
11
24
13
4
15
15
24
27
31
31
24
23
27
27
20
21
21
25
20
24
20
27
29
33
26
14
22
20
21
18
22
22
16
30
31
39
24
21
24
10
11
26
9
16
12
37
35
12
13
13
15
8
10
9
16
7
7
14
12
22
35
12
9
15
9
15
14
12
8
18
10
12
11
7
3
5
7
6
8
10
3
17
25
11
8
9
14
15
12
18
8
8
9
7
23
21
6
7
10
20
5
4
12
7
10
24
26
8
8
8
8
7
12
19
4
1
7
14
11
4
7
13
9
5
6
6
7
17
21
8
4
22
9
21
13
8
15
8
7
10
7
34
14
42
9
10
14
14
10
19
14
8
22
11
5
40
5
7
7
37
55
13
55
31
21
30
54
22
46
27
25
23
18
29
44
38
30
19
12
7
7
11
7
7
11
3
14
11
7
9
14
7
3
7
7
15
5
9
13
7
5
15
19
9
11
11
16
9
11
11
12
9
9
7
1
9
9
5
5
3
7
17
9
7
9
31
15
9
21
7
23
25
34
13
20
11
9
24
15
9
18
20
19
18
13
11
15
7
7
23
5
34
13
9
16
22
25
7
15
7
7
11
7
19
11
5
11
5
5
15
29
17
13
21
24
25
15
15
5
23
15
10
19
11
19
15
9
19
22
31
18
19
13
29
31
17
9
24
19
28
23
26
13
30
12
7
28
11
30
5
11
30
28
19
7
15
14
13
15
17
32
15
13
42
29
13
30
9
11
16
9
9
5
7
5
28
10
13
7
7
15
13
15
7
9
3
3
7
7
13
9
5
15
9
3
5
9
11
9
11
13
9
7
15
15
9
7
15
9
11
13
7
5
7
13
7
15
5
7
7
7
3
7
9
5
17
7
1
11
13
9
3
7
7
3
11
7
11
13
19
13
11
7
5
9
17
13
27
9
18
20
14
28
25
9
11
15
24
26
27
14
32
25
21
26
26
7
11
18
9
9
12
16
18
18
14
19
9
14
14
39
26
24
9
13
14
26
7
9
18
9
11
9
18
14
31
0
1
7
5
5
7
3
7
5
3
11
11
3
0
2
22
0
4
13
37
39
5
0
48
0
0
3
25
35
19
16
20
9
4
0
43
0
0
8
40
28
31
0
32
10
5
2
27
39
0
2
17
13
20
6
26
0
28
7
12
0
4
0
0
4
0
29
5
0
2
6
0
2
0
2
24
18
1
12
0
21
40
2
5
0
0
2
28
0
24
9
3
2
6
5
8
36
0
3
0
18
1
7
18
22
28
40
6
42
0
1
0
26
42
5
5
26
6
2
0
49
2
0
28
23
25
10
0
41
0
4
5
81
0
0
19
29
13
22
49
9
4
6
0
0
0
2
18
35
50
0
46
9
11
2
40
0
0
0
24
22
18
0
32
11
12
4
28
50
0
0
24
79
3
2
12
32
33
7
44
0
0
4
31
18
35
12
30
3
5
7
9
30
0
1
4
17
19
4
28
37
19
2
6
25
0
3
22
19
2
5
24
6
5
5
34
0
26
0
2
19
26
5
3
3
38
1
13
9
5
41
1
18
22
28
4
36
4
6
5
2
22
1
0
21
30
0
18
21
21
4
4
1
2
4
46
21
0
21
13
21
10
7
6
2
0
0
0
16
20
3
0
2
2
0
2
2
2
1
2
0
0
13
3
4
2
32
17
23
21
8
31
28
40
32
4
26
0
