15
37
10
24
24
28
33
7
19
36
16
21
13
16
31
54
37
7
20
61
39
56
22
39
20
30
59
63
30
20
16
18
28
8
11
17
6
11
28
11
18
21
29
41
38
13
26
13
74
11
4
6
9
9
22
23
9
21
15
23
7
20
20
17
11
16
25
9
13
15
11
13
8
19
13
28
23
22
15
15
15
17
25
41
26
21
28
39
18
9
17
22
18
21
11
19
20
9
20
35
24
16
36
24
38
6
35
11
25
62
13
26
21
37
19
23
29
20
29
11
22
28
71
18
70
52
52
41
32
66
34
48
53
48
48
43
17
67
31
40
55
44
53
19
32
21
20
44
45
57
16
27
30
45
49
53
49
31
27
65
67
86
61
52
35
28
24
43
63
39
30
34
37
52
37
19
57
39
36
60
41
19
42
63
25
16
21
12
47
37
15
18
18
11
18
15
52
24
21
20
22
40
46
15
57
64
15
57
29
41
60
24
24
45
34
66
27
19
19
17
37
31
26
11
32
21
32
11
27
7
17
44
20
34
28
58
30
43
4
22
23
37
36
30
50
47
32
16
8
12
43
32
30
19
15
26
62
19
19
5
27
43
34
11
15
26
32
48
69
52
28
26
11
31
23
13
32
37
18
23
33
19
11
22
18
23
10
30
2
4
0
4
4
2
2
4
23
2
2
0
2
0
4
9
2
4
2
2
2
45
2
2
2
2
24
2
2
6
0
4
2
21
44
2
2
29
2
2
2
0
2
2
2
2
38
2
2
2
2
2
29
40
2
2
2
2
2
2
0
17
2
0
2
4
0
2
2
2
8
2
2
6
4
2
2
4
4
6
2
4
2
0
2
4
2
4
0
2
0
10
2
2
2
2
31
2
2
4
0
26
42
4
2
2
0
0
24
2
2
2
2
4
4
4
6
4
2
2
0
2
32
20
2
2
2
2
43
4
0
4
2
0
4
2
2
4
0
4
37
4
0
17
4
2
4
6
4
2
2
2
2
13
4
4
4
2
2
4
2
4
2
40
4
2
4
2
2
0
4
2
36
38
2
23
4
2
2
0
0
0
2
2
4
2
31
6
4
0
2
2
0
15
2
2
2
2
0
2
9
0
2
4
31
15
4
2
2
41
4
2
2
2
0
2
2
2
2
44
0
4
40
2
2
6
0
4
2
2
2
0
2
2
2
2
27
40
4
2
2
15
2
6
2
0
4
2
2
0
0
4
2
2
2
27
2
4
0
2
2
2
2
2
2
2
2
2
2
4
27
2
2
4
4
2
2
2
0
0
4
2
2
0
2
8
2
0
31
19
32
24
59
38
27
40
28
34
38
47
44
13
22
18
53
29
43
24
33
48
18
48
20
40
32
63
43
15
20
51
10
20
46
71
43
22
35
47
24
24
13
37
28
17
20
27
11
9
7
31
21
9
23
21
7
14
34
18
21
17
21
21
92
83
13
46
32
26
9
9
54
52
11
36
35
37
17
26
18
46
26
46
18
33
19
21
50
62
40
51
42
39
15
24
24
42
32
13
37
55
39
19
44
33
52
11
14
26
17
31
32
29
45
28
18
20
27
31
22
24
29
21
12
26
51
69
40
55
32
73
20
20
7
40
23
31
31
32
9
59
15
32
11
46
31
18
35
40
52
41
15
42
31
34
46
45
19
19
38
11
13
32
30
20
45
44
38
22
28
24
24
19
30
22
45
28
41
14
23
43
37
43
35
38
13
65
48
48
42
45
44
43
25
32
27
25
33
45
18
21
11
19
14
32
36
30
37
35
22
47
28
28
15
24
26
30
24
11
10
13
23
17
26
61
25
9
40
27
17
25
23
11
16
15
11
13
22
58
11
18
18
20
9
39
35
14
9
44
31
15
28
85
22
42
24
9
4
15
2
11
9
11
9
17
5
2
5
3
3
7
3
6
15
22
2
11
5
3
11
11
4
4
10
5
12
27
0
0
6
0
6
2
0
0
0
0
0
2
2
0
0
0
2
2
2
2
2
2
0
2
0
2
0
4
4
2
6
2
2
2
2
2
0
2
2
0
0
0
0
2
2
0
0
2
0
0
2
4
0
0
2
2
0
2
4
4
0
4
2
0
0
0
2
2
0
0
0
0
2
4
0
2
0
0
2
2
2
2
2
4
0
2
4
2
2
2
2
2
0
0
2
2
0
2
0
2
0
0
2
0
0
2
6
2
2
4
2
0
0
4
2
4
4
2
4
2
7
2
2
0
5
0
0
2
0
4
0
0
2
2
0
2
0
2
0
2
0
0
0
0
4
2
0
0
0
0
18
2
0
0
0
0
0
2
2
0
2
6
0
0
4
4
2
2
0
8
0
0
2
0
2
4
2
0
0
2
2
0
0
0
2
2
2
0
0
0
2
0
2
6
0
2
2
0
2
0
2
0
2
4
0
2
0
0
2
0
4
4
4
0
2
4
4
7
0
0
2
4
0
0
0
2
2
2
2
2
0
2
2
0
2
2
0
0
0
0
0
0
2
2
2
2
4
2
2
2
2
0
2
0
2
0
0
4
2
2
0
4
0
2
2
2
0
2
2
0
0
2
2
0
0
0
2
2
2
4
2
2
2
0
0
0
2
2
2
6
2
2
4
4
2
2
4
2
2
2
2
4
4
6
4
2
6
6
4
9
6
4
0
5
2
4
4
4
4
2
2
4
2
2
4
2
4
2
2
4
4
8
6
4
4
2
2
4
4
4
4
8
2
4
4
4
2
2
4
4
4
4
6
2
6
2
6
2
2
2
8
4
2
6
2
2
6
2
2
2
4
4
4
6
2
4
2
4
4
4
4
2
2
4
6
10
4
2
6
4
4
6
2
2
4
0
6
4
4
2
4
4
6
4
2
4
2
2
5
2
2
6
6
4
2
4
2
4
4
2
2
2
4
4
2
10
4
4
4
2
4
4
6
0
8
4
2
2
4
4
6
2
4
6
8
8
4
4
4
4
4
2
2
2
4
2
4
2
6
6
4
2
4
6
2
4
8
4
2
4
4
4
6
2
2
4
4
2
6
6
2
4
2
4
4
2
4
11
2
8
4
2
8
4
2
2
2
4
8
4
4
2
2
9
4
4
8
4
2
2
6
2
6
2
2
2
6
2
4
6
4
2
6
4
2
2
6
8
2
54
0
4
4
3
2
2
8
6
4
2
6
4
2
6
4
4
6
4
4
2
4
4
6
2
2
0
4
2
4
2
6
2
4
4
2
4
4
4
4
4
2
2
2
2
2
4
6
5
22
21
5
5
5
22
26
16
6
16
20
4
4
16
22
7
7
23
26
9
7
27
30
8
23
15
24
5
6
30
26
7
27
21
8
5
15
6
25
12
7
25
7
5
5
34
4
4
17
11
9
23
8
4
18
24
4
5
5
24
24
11
11
24
5
7
15
22
7
7
25
23
5
2
19
26
19
30
6
5
7
23
4
8
25
20
4
6
7
38
25
10
7
25
10
6
3
25
16
10
20
4
10
21
26
5
10
26
20
6
21
5
3
22
33
4
2
22
28
4
4
4
5
26
9
6
8
6
21
5
7
13
22
4
4
4
5
5
5
4
17
5
4
10
11
9
4
8
28
7
6
28
33
9
7
22
20
4
6
6
22
16
4
7
11
30
6
26
2
5
8
27
13
5
19
27
8
13
21
4
7
4
25
28
6
3
4
17
21
8
23
22
6
7
7
7
14
8
4
20
18
15
12
8
8
9
24
24
16
4
7
4
26
27
5
5
21
5
8
33
16
27
5
7
31
41
5
26
7
19
22
6
8
5
10
8
5
6
29
21
9
5
3
26
11
7
5
12
28
10
7
19
18
3
6
11
8
6
5
27
28
9
26
27
4
7
7
8
8
5
29
21
9
5
29
17
7
7
27
21
22
6
4
3
27
7
4
4
0
2
2
0
4
0
0
3
2
0
0
2
2
4
0
4
0
0
0
2
2
4
2
0
0
2
0
0
2
0
2
4
2
2
6
2
2
0
10
6
4
2
0
0
2
0
4
0
7
0
0
4
0
3
0
2
1
0
0
2
2
0
7
0
0
6
2
2
2
2
4
0
2
0
2
0
2
2
2
0
2
2
2
4
2
0
2
4
9
2
2
0
0
0
0
4
11
0
2
2
0
2
7
0
4
0
2
2
4
5
0
2
2
4
0
0
4
2
0
0
3
4
0
2
3
8
2
0
2
4
0
0
0
2
0
2
2
6
0
0
3
0
2
4
0
2
7
0
0
2
4
2
2
2
3
0
6
0
2
3
4
2
2
2
0
4
0
6
2
4
4
2
2
2
0
2
4
0
4
7
4
9
0
2
2
2
2
0
2
4
6
2
2
2
2
0
6
0
5
2
0
2
2
4
0
0
2
0
0
4
2
0
4
2
1
0
2
2
4
2
4
2
0
0
2
0
0
2
0
0
2
4
0
2
0
2
2
2
0
2
4
0
2
6
4
5
2
2
0
2
0
2
0
2
3
0
0
2
0
0
2
0
3
2
0
0
4
2
2
2
2
2
6
0
4
12
0
0
0
4
2
0
2
2
2
4
9
0
10
12
0
11
3
0
8
0
2
0
4
5
0
8
8
7
0
6
8
9
0
6
5
0
6
0
3
4
7
7
15
0
0
13
7
0
6
0
11
18
0
11
15
0
6
19
0
0
6
5
12
1
0
2
3
8
5
2
0
0
8
6
1
17
13
13
14
0
0
6
4
7
18
17
21
5
14
19
19
11
10
0
4
7
0
10
13
3
13
0
7
13
15
0
0
7
0
5
12
15
15
17
13
17
7
0
5
0
12
7
10
1
13
0
6
12
8
4
0
4
0
4
14
1
1
8
17
11
6
0
8
6
8
6
10
9
17
4
3
0
8
0
11
8
5
0
12
21
20
20
12
17
7
0
6
0
5
8
1
8
14
16
8
1
6
4
1
0
18
4
0
0
14
18
15
9
5
4
0
9
13
13
0
13
8
11
3
11
16
7
0
1
11
14
12
20
0
12
0
11
1
8
0
9
0
0
2
37
14
10
0
13
14
6
6
2
8
17
1
9
18
0
0
7
8
0
5
0
0
17
12
17
17
12
0
5
6
0
9
6
4
0
0
0
6
7
10
13
12
0
9
0
16
9
10
24
8
21
14
18
11
7
0
15
9
1
22
0
3
23
0
16
13
9
2
6
18
19
20
0
0
0
0
12
12
0
5
0
9
7
9
9
1
0
3
9
5
3
4
7
23
3
5
4
3
7
11
5
4
1
1
5
0
5
2
5
2
3
11
7
3
2
7
6
0
4
4
1
5
9
4
4
5
5
4
2
4
3
4
7
4
4
7
0
9
11
4
13
4
5
2
4
9
2
1
5
2
2
4
4
4
5
7
5
2
15
2
5
0
5
7
0
11
2
6
7
5
17
3
5
4
5
7
5
9
9
2
9
7
5
0
3
2
5
4
2
4
7
9
2
7
5
2
2
4
4
2
15
3
11
4
4
5
11
3
11
5
2
5
13
6
4
7
7
0
4
15
4
1
2
9
9
11
7
13
6
13
13
9
4
5
5
9
3
3
1
3
6
11
5
2
2
15
9
5
3
9
5
3
5
9
5
11
6
3
0
6
5
9
7
6
5
5
7
3
5
7
4
4
15
9
5
6
3
19
3
3
15
4
5
7
5
5
0
6
7
3
5
15
2
3
4
3
4
9
4
3
3
7
17
9
3
5
11
9
4
9
2
7
7
15
4
2
4
9
5
7
11
6
1
3
3
5
9
9
3
3
3
13
4
5
2
7
0
3
1
3
4
6
9
2
0
7
7
3
1
7
5
0
19
7
5
1
5
0
4
1
0
5
5
3
1
3
5
0
0
0
0
0
0
0
2
19
58
41
20
29
0
0
0
0
0
93
30
22
15
30
0
0
0
0
0
0
53
28
15
20
34
40
30
0
0
0
0
0
0
28
18
24
26
32
0
0
0
0
0
0
0
19
26
20
31
37
20
0
0
0
0
0
2
6
2
28
28
26
0
0
2
0
0
0
0
32
30
32
24
14
29
0
0
0
0
0
0
44
32
33
17
17
26
0
67
0
0
0
0
49
29
40
1
30
27
0
0
0
0
0
2
43
26
0
40
0
0
23
0
0
0
0
63
46
6
41
39
10
48
0
0
0
0
0
0
34
23
33
27
33
21
0
0
0
0
0
0
52
18
36
25
0
13
19
0
0
0
0
0
48
29
33
33
30
12
22
0
0
0
0
4
21
0
24
27
14
19
0
0
0
2
0
59
30
23
18
42
38
31
15
0
0
0
0
0
30
24
17
10
21
24
0
0
0
0
0
0
37
16
9
28
33
23
15
0
0
0
0
0
33
28
27
18
43
4
0
24
0
0
0
2
30
36
27
26
2
17
4
31
35
3
16
11
25
29
23
0
17
21
15
0
14
10
28
0
33
19
12
7
20
15
17
1
17
16
1
19
24
26
29
42
23
17
35
32
0
9
16
29
33
0
45
36
36
0
