2
0
2
0
2
0
0
0
0
6
2
2
0
2
2
0
2
2
0
2
0
0
0
2
4
2
2
0
2
4
4
0
6
0
2
6
0
4
2
2
0
2
6
2
2
4
0
4
2
0
2
0
0
0
2
2
4
2
6
0
0
0
0
4
0
0
2
0
0
2
0
2
2
0
2
2
2
4
2
2
4
6
2
4
0
0
0
6
2
2
4
2
2
0
0
2
0
0
2
0
4
2
2
2
0
2
2
0
0
4
2
0
0
2
2
4
7
6
0
2
4
0
0
2
0
4
2
2
6
4
0
0
2
0
0
0
0
2
0
2
0
0
0
0
2
2
0
0
0
0
0
0
4
0
2
2
4
4
2
4
4
0
2
4
0
2
2
2
2
4
2
2
0
0
0
0
0
2
2
0
4
2
4
2
4
4
0
2
2
2
4
0
0
2
4
0
2
2
4
4
2
0
2
0
0
2
0
0
0
2
0
2
2
0
0
0
0
0
0
0
0
0
0
0
0
0
0
0
2
0
0
6
0
0
2
0
0
0
2
2
0
0
0
2
0
2
0
2
0
0
0
2
0
0
2
2
0
2
0
2
2
0
2
0
0
0
0
0
2
0
0
0
2
2
0
0
0
0
0
0
2
0
2
2
0
0
2
0
0
2
2
2
2
4
2
2
8
0
2
48
4
2
0
2
3
2
2
0
0
0
4
4
0
10
0
6
4
8
0
8
6
4
2
4
6
0
4
4
10
8
2
4
0
4
4
4
2
2
4
2
4
4
2
0
2
4
2
0
4
4
4
2
0
2
4
0
4
0
4
4
0
0
2
0
0
4
2
2
4
2
4
0
2
4
2
0
2
2
0
2
2
0
2
4
6
4
0
2
2
8
8
4
89
0
2
2
2
4
8
2
4
6
6
0
6
0
10
4
6
2
4
2
2
2
0
0
6
6
2
2
0
2
2
2
2
0
2
2
4
0
2
2
2
2
2
0
2
2
2
2
2
2
2
2
6
0
4
2
0
4
2
2
4
0
4
2
0
4
0
4
0
10
4
6
2
0
2
4
2
2
4
2
0
8
4
0
2
4
4
0
2
2
2
0
0
6
4
4
4
0
0
2
0
0
2
2
0
0
6
2
2
0
0
0
2
2
4
2
4
4
4
0
0
2
2
4
4
4
2
6
0
0
4
0
0
0
6
90
0
2
0
2
13
2
2
0
2
4
2
2
2
0
4
2
0
0
0
0
2
2
0
6
2
2
2
0
2
4
4
2
0
2
0
0
4
0
4
2
2
2
4
2
0
2
8
0
12
7
8
13
12
6
12
11
9
9
6
4
9
6
8
15
11
15
8
23
21
12
19
4
6
12
7
12
9
6
14
49
15
14
8
14
11
6
11
11
9
8
12
13
6
8
10
32
11
19
6
8
0
4
6
2
10
4
8
8
2
4
6
9
6
4
2
10
8
4
4
7
0
0
8
8
4
8
6
8
6
6
8
6
4
6
4
4
8
8
8
6
12
6
2
4
8
4
6
17
8
6
2
2
9
2
8
2
8
6
6
10
6
4
10
4
4
6
4
8
6
41
4
4
11
10
8
6
8
10
10
4
12
6
9
6
11
9
6
9
13
12
4
8
12
12
12
11
10
8
14
12
10
8
12
9
7
6
11
13
6
14
9
11
6
12
10
5
8
10
2
12
11
3
6
8
74
15
10
7
9
8
13
15
10
13
13
17
17
6
11
12
15
10
13
14
6
13
8
8
13
6
10
10
15
5
17
15
10
15
10
11
12
16
13
8
15
10
6
14
9
11
7
9
6
8
4
9
11
13
11
9
12
6
15
8
2
4
8
12
4
6
4
8
8
6
8
10
2
2
6
2
7
5
4
6
10
4
4
4
4
6
8
6
4
4
4
4
4
6
9
6
4
2
52
4
6
4
6
2
4
6
4
4
6
6
4
5
48
43
55
58
46
42
49
56
36
37
44
46
63
59
31
44
35
59
63
30
56
49
58
53
60
59
40
44
48
49
48
60
50
48
61
24
59
54
62
57
66
49
32
52
46
41
47
54
55
51
46
32
48
53
47
44
29
24
45
41
43
43
51
30
37
39
47
48
48
29
49
33
30
38
31
61
33
53
31
26
61
37
43
34
35
25
39
56
58
22
37
47
39
21
38
27
27
20
46
38
35
35
35
29
40
25
23
28
21
45
27
21
29
31
23
34
45
34
38
39
45
38
47
23
49
32
37
54
39
38
47
25
28
28
28
51
34
38
25
50
54
39
38
47
51
40
36
53
46
53
34
38
51
39
34
49
43
42
46
74
45
50
42
39
48
46
60
33
45
43
41
49
58
46
47
57
60
49
35
32
53
45
38
40
38
33
21
29
50
35
27
25
53
38
58
56
25
45
50
37
36
60
74
32
44
58
53
34
60
66
54
67
43
37
32
41
43
40
36
56
34
55
44
58
35
36
40
57
30
31
38
35
41
43
80
62
60
35
59
58
39
35
31
64
41
40
62
40
65
38
38
58
73
70
42
66
62
39
38
51
42
38
69
56
74
38
50
61
75
60
58
61
59
33
41
54
65
49
72
65
70
66
37
36
69
47
38
57
8
4
4
4
2
4
6
12
2
4
2
12
8
6
10
6
2
4
12
8
2
8
4
97
4
6
10
6
6
8
4
2
4
4
8
4
8
4
2
4
2
4
6
4
8
4
4
8
8
2
4
4
2
6
6
4
6
4
8
6
6
4
4
4
12
4
6
4
4
4
4
8
4
6
2
2
8
8
8
10
4
4
2
6
8
2
8
6
2
10
4
6
4
6
6
12
8
4
6
2
6
6
6
2
10
4
6
4
4
6
10
2
8
8
6
10
4
6
8
8
6
2
10
14
12
6
10
18
18
10
14
8
12
8
6
12
8
10
8
4
6
8
8
6
6
8
10
4
10
4
10
6
8
12
8
12
8
6
18
13
22
6
8
6
14
12
8
4
12
8
4
4
6
10
4
8
12
8
6
10
4
2
6
10
10
6
20
6
6
8
4
2
8
4
10
14
4
6
2
4
14
4
4
12
8
4
10
10
12
8
10
12
6
18
4
8
6
12
10
4
6
6
8
8
8
4
6
4
8
4
6
4
8
6
4
10
8
10
10
4
2
10
4
16
6
4
2
4
14
4
4
6
6
4
6
8
2
12
4
8
4
8
2
4
6
4
4
10
6
12
6
8
8
6
6
2
4
2
6
8
17
2
10
2
4
2
2
8
0
0
2
0
0
2
2
0
0
2
2
2
2
0
0
2
2
4
2
2
2
0
0
4
2
2
6
2
0
2
0
2
0
2
2
2
0
0
2
4
0
0
0
4
0
0
0
2
0
2
6
4
0
2
2
0
2
2
2
0
0
2
2
2
2
2
0
0
2
4
0
0
2
2
2
0
0
2
2
2
0
0
0
2
2
2
2
2
0
0
2
0
0
0
2
0
0
0
2
0
0
4
0
0
0
4
0
4
0
0
2
0
0
2
2
0
4
0
4
2
2
2
2
0
0
0
2
2
0
2
2
2
4
2
0
0
0
0
0
2
0
0
2
2
0
2
0
0
8
2
0
0
2
2
4
0
0
4
2
0
2
0
0
2
0
0
0
2
2
2
2
0
2
2
0
0
2
2
0
0
2
2
4
2
0
0
0
0
0
0
2
0
2
0
2
2
2
0
2
0
2
0
2
2
2
2
0
2
0
0
0
2
0
2
0
0
2
4
4
2
2
4
4
2
2
0
2
0
2
0
0
2
2
2
2
0
2
0
2
2
0
0
0
0
0
4
2
0
2
0
0
2
2
0
4
2
0
2
2
2
6
0
2
0
0
2
4
2
0
2
0
0
0
0
0
0
2
2
0
0
4
0
2
2
0
0
2
0
2
4
6
2
3
4
3
4
7
5
10
0
6
4
6
4
5
5
7
5
6
2
4
4
4
3
6
7
6
3
2
3
3
1
5
5
5
4
4
3
4
1
5
5
5
5
5
3
5
4
5
7
1
3
5
3
3
4
0
0
4
4
2
3
5
5
1
1
0
1
0
3
2
2
3
2
3
1
4
3
6
3
3
5
3
1
1
2
5
3
4
8
6
1
1
1
7
4
6
6
6
3
4
5
0
2
1
3
1
0
0
0
1
2
5
9
6
6
5
2
6
3
9
3
5
6
7
4
7
6
2
3
4
5
5
3
4
4
5
6
4
4
6
5
6
6
4
3
4
4
5
7
3
5
0
6
5
4
6
1
4
1
2
3
4
0
2
4
0
3
5
5
2
3
4
7
4
1
6
6
5
1
3
1
1
2
1
4
5
2
10
4
5
7
10
4
13
5
4
5
8
5
4
3
2
4
2
3
3
6
4
5
4
6
6
7
5
4
3
8
3
9
5
4
7
7
1
13
1
9
5
4
0
6
5
8
9
4
3
4
7
15
5
3
2
3
5
4
4
1
3
4
9
4
4
6
0
4
1
7
12
4
9
1
7
12
19
2
9
7
2
10
3
6
4
1
8
8
5
3
0
7
7
4
1
7
4
1
4
13
4
4
2
4
4
6
2
6
13
2
8
4
4
4
2
2
4
2
2
10
4
4
0
0
4
6
2
14
6
6
2
6
14
4
2
4
56
0
13
6
2
4
4
2
4
8
0
8
0
9
4
4
6
4
8
2
4
2
19
8
0
6
8
2
2
6
4
4
2
4
2
4
4
96
6
0
32
4
6
6
0
10
6
6
17
6
2
4
2
2
4
0
4
15
6
2
4
0
19
50
10
10
8
18
4
8
4
6
10
10
2
7
4
6
8
6
6
12
12
0
0
8
6
4
6
8
6
4
6
2
51
4
4
2
8
37
6
2
4
6
2
65
2
0
10
2
4
4
4
2
4
4
4
0
4
2
4
8
45
2
4
13
2
8
2
10
2
4
4
4
4
4
0
0
6
6
2
8
6
0
6
6
4
4
2
2
2
2
2
12
2
4
9
4
4
6
4
6
8
6
8
4
4
2
4
0
2
2
13
2
4
0
10
4
2
4
0
2
2
4
2
4
2
6
0
6
4
4
0
2
6
2
6
4
4
6
4
2
6
6
2
4
4
2
12
4
0
4
2
23
2
6
2
8
2
2
2
2
2
2
0
58
8
4
6
4
2
6
4
4
4
0
6
6
4
4
6
8
0
4
2
2
6
6
6
0
2
2
2
2
1
1
2
2
1
1
2
1
2
1
1
1
1
2
1
1
2
2
1
1
2
1
1
2
1
2
1
2
2
2
2
2
1
1
1
1
1
1
1
1
1
2
1
1
2
2
1
2
2
2
2
2
2
2
2
2
1
1
2
2
2
1
1
2
2
1
1
2
2
1
2
1
2
1
1
2
2
1
1
1
2
2
1
2
1
1
1
1
2
2
1
1
1
2
2
2
1
2
2
2
2
2
1
1
2
2
2
1
1
2
2
1
2
2
2
1
1
1
1
1
1
1
2
2
2
1
2
1
2
2
1
1
2
1
2
2
1
2
2
2
2
1
2
1
1
2
2
2
1
1
2
2
2
2
1
2
1
2
1
2
2
1
2
1
1
2
2
1
1
1
1
2
2
1
1
2
1
2
1
1
2
2
1
2
1
1
1
2
2
2
1
1
2
1
2
1
1
1
2
1
2
1
1
2
2
1
2
1
2
1
1
1
2
1
1
2
1
1
1
2
1
1
2
2
2
2
1
2
2
1
1
2
1
2
2
1
1
2
1
2
1
2
1
1
2
1
1
1
2
2
1
1
2
2
1
1
2
1
1
2
1
1
2
2
2
1
2
1
2
2
2
2
2
1
1
1
2
1
2
1
1
2
2
1
11
11
9
11
8
11
11
7
9
8
11
7
9
13
10
11
9
11
13
9
9
11
13
11
9
9
9
9
5
11
11
11
11
11
11
11
11
9
9
11
9
9
11
11
11
11
7
11
13
9
11
11
11
11
13
11
11
9
11
11
9
11
8
9
11
9
9
11
9
10
9
9
9
9
9
9
11
11
9
9
11
9
5
11
11
11
9
11
11
9
9
9
11
7
9
9
11
11
11
11
9
11
11
13
11
7
7
7
7
11
11
13
11
11
11
11
11
9
11
11
11
11
9
9
9
9
13
11
9
9
9
11
11
13
11
9
11
9
11
11
11
9
9
11
11
11
11
9
10
9
9
11
9
9
7
9
7
13
10
11
9
9
9
13
11
9
9
13
11
11
9
7
13
9
11
11
11
11
11
11
13
11
11
11
11
13
11
9
9
11
11
11
13
11
10
11
8
11
13
11
9
9
11
11
11
7
11
11
11
11
7
12
10
11
9
13
9
11
11
13
11
9
11
11
11
9
11
11
11
11
11
9
11
11
11
9
11
11
11
9
11
9
9
11
9
11
13
9
9
9
9
9
11
7
11
11
13
9
11
7
10
9
7
9
11
8
11
11
11
11
7
9
9
11
13
13
9
11
11
9
9
7
11
9
9
9
11
9
