2
0
0
2
0
0
2
2
0
0
2
6
0
2
11
2
0
0
0
4
0
2
0
6
2
6
0
2
0
2
6
2
6
7
0
0
4
4
2
0
0
4
2
0
0
9
2
4
4
4
2
2
0
4
0
4
2
2
4
0
2
2
2
2
0
2
2
0
2
2
2
0
0
2
2
4
13
4
2
4
4
0
2
6
0
4
6
8
6
2
4
4
2
2
12
0
2
4
4
6
4
2
6
2
4
2
0
2
6
2
0
2
6
4
4
4
4
0
4
4
2
0
4
4
6
4
2
2
2
0
0
0
14
0
4
0
1
3
8
6
5
0
4
8
2
6
4
2
0
2
0
7
0
2
6
2
0
3
2
2
0
2
2
2
4
0
8
2
4
4
0
2
0
4
4
2
4
4
4
2
5
6
0
4
2
2
4
8
0
2
19
6
4
4
0
6
12
0
21
4
4
6
6
6
9
2
0
2
18
2
2
3
4
4
4
0
9
0
2
0
2
4
2
4
4
0
4
2
4
6
5
6
9
2
0
0
4
0
4
4
0
2
4
0
6
2
2
0
2
2
0
2
2
0
2
4
4
0
4
2
2
2
4
8
4
2
6
2
2
0
2
6
6
2
2
2
2
2
15
0
2
4
2
2
4
2
4
2
2
0
0
0
0
0
2
0
5
0
0
0
0
2
5
0
0
4
3
2
0
0
2
2
0
2
0
4
0
0
2
0
0
2
0
0
2
2
0
2
2
7
2
0
0
5
2
0
2
2
5
0
1
4
2
2
0
0
5
0
2
2
4
0
0
2
2
0
3
2
0
0
4
0
0
4
0
4
0
3
0
0
2
0
2
2
0
8
0
0
0
1
2
0
2
3
0
4
0
2
1
2
0
0
2
4
0
2
0
0
2
0
0
0
3
0
2
2
0
0
2
2
0
4
0
3
4
0
0
0
0
2
4
2
2
2
0
8
2
0
0
0
2
4
0
2
4
0
4
2
0
0
1
2
1
2
0
2
2
0
0
2
0
4
3
0
0
0
0
0
9
4
2
0
0
2
0
3
0
0
4
1
0
0
0
2
4
0
0
0
0
0
4
0
2
9
2
2
4
2
2
0
0
1
5
0
0
4
0
0
4
0
0
0
4
2
2
0
2
2
2
2
2
0
2
2
0
0
0
2
0
2
2
0
0
2
0
4
2
2
0
5
0
2
1
0
2
0
2
2
0
0
2
2
4
0
4
2
2
0
2
0
0
4
2
2
4
0
2
0
2
0
0
0
2
0
0
0
0
0
2
4
0
2
0
2
2
0
39
32
48
60
65
40
73
56
46
51
29
45
57
66
58
50
56
23
46
60
45
29
56
14
50
26
43
45
43
15
26
62
25
56
65
33
14
41
33
41
44
50
41
66
45
37
51
24
36
7
41
37
35
22
57
24
29
40
48
44
61
41
26
22
29
40
41
54
51
47
30
29
15
21
57
38
38
54
19
43
32
58
42
37
53
46
45
18
32
41
36
20
55
37
57
49
43
41
40
38
33
58
54
57
22
59
25
65
39
62
46
50
65
50
35
23
33
55
60
32
43
58
38
40
26
47
49
51
52
45
40
63
50
65
50
38
71
43
52
58
54
54
49
58
60
48
80
38
57
36
40
58
50
40
48
57
39
38
65
58
47
19
45
61
33
60
54
42
36
43
44
58
38
16
44
65
68
83
54
47
39
67
52
21
33
40
44
37
53
46
62
52
55
60
62
43
44
37
53
57
65
42
35
34
61
55
50
32
40
48
28
67
34
57
19
39
51
56
30
33
16
40
13
39
59
21
37
18
16
36
45
19
36
42
28
34
68
59
33
39
27
14
24
17
29
17
51
29
21
50
43
6
41
31
18
32
21
13
7
9
5
4
4
10
11
7
4
4
9
13
35
5
2
6
4
11
18
21
6
5
4
13
6
2
10
5
5
5
15
32
29
11
22
11
10
32
28
22
18
13
19
36
14
13
15
21
10
13
12
21
25
25
18
13
29
13
33
17
21
22
26
26
28
25
34
13
38
32
31
13
39
14
21
17
23
38
25
27
19
16
28
4
23
13
39
34
21
34
21
33
24
48
28
13
12
27
21
28
26
31
34
20
31
11
23
23
11
15
34
22
26
25
19
18
12
13
15
22
32
26
14
16
22
15
22
2
15
11
19
18
35
16
19
18
31
26
25
28
21
37
26
23
25
20
21
25
28
29
10
4
32
54
36
34
28
36
22
22
36
29
40
33
32
31
12
29
49
28
17
16
23
25
37
25
31
39
14
49
27
17
36
36
28
25
34
35
19
54
60
29
36
32
22
23
24
34
25
56
28
42
36
35
53
16
38
24
29
29
31
27
15
36
40
37
16
34
11
42
24
30
28
4
35
6
20
25
35
24
37
37
27
29
23
26
26
33
44
46
67
38
31
24
27
22
27
42
33
36
31
51
20
16
14
23
25
17
8
31
13
27
25
25
6
9
13
19
23
31
68
24
24
20
29
11
22
17
36
24
30
3
17
10
33
20
23
16
20
21
29
8
23
23
18
12
31
15
21
28
11
17
27
29
26
21
21
32
40
31
32
18
20
34
10
16
18
17
0
0
10
2
2
0
12
2
2
2
0
2
2
0
2
2
0
2
2
0
0
0
2
2
2
0
0
0
2
0
0
0
0
2
0
2
0
2
2
2
2
0
0
0
12
0
0
0
0
0
2
0
0
2
2
0
9
0
0
0
1
2
0
2
0
2
2
0
0
2
0
0
2
2
0
0
0
2
2
0
0
4
0
2
2
2
2
2
0
2
2
0
0
2
2
0
0
2
0
0
2
2
2
2
2
0
2
2
0
0
0
0
0
2
2
2
2
0
2
2
2
0
2
2
2
2
0
2
0
2
0
2
1
0
2
2
2
0
0
2
0
2
2
0
0
2
2
2
2
2
2
2
0
8
0
0
2
2
0
2
0
2
2
2
2
2
2
2
0
2
2
1
2
2
0
2
0
2
2
2
2
0
2
0
0
2
0
2
0
9
2
2
0
0
0
2
0
2
0
0
0
2
0
2
2
0
2
0
2
2
0
0
2
0
2
0
2
0
2
0
0
2
0
2
2
2
0
0
0
0
4
2
0
0
0
2
0
0
0
2
2
0
2
2
0
0
0
0
2
2
2
2
2
2
2
0
2
0
0
0
0
0
0
2
0
2
0
0
0
2
0
1
2
0
0
2
0
0
0
2
0
0
0
2
0
2
0
2
10
6
12
6
10
2
6
8
6
19
10
8
10
8
10
12
12
6
18
6
8
8
23
4
16
15
12
8
12
14
10
8
16
10
21
4
10
8
8
6
4
12
8
17
4
8
14
8
21
12
6
10
8
12
6
17
16
8
15
10
19
8
16
25
27
10
10
21
12
20
23
17
29
8
14
25
10
12
19
25
14
23
25
12
23
29
29
10
16
23
41
23
35
17
12
25
29
6
19
31
41
20
23
29
12
33
19
26
12
25
25
37
33
29
6
14
8
35
17
56
14
17
22
45
10
12
19
12
18
33
39
15
33
25
54
39
29
25
10
16
21
19
15
8
41
12
27
19
27
21
29
37
39
19
21
8
29
27
20
45
14
31
2
14
23
10
10
16
6
23
8
18
8
8
19
10
8
16
10
14
8
8
6
6
8
12
10
8
8
17
14
8
6
17
12
6
2
8
17
14
8
10
6
4
16
4
16
2
2
14
2
4
20
2
12
10
6
17
17
6
12
14
6
4
10
12
12
4
6
12
25
12
4
10
12
8
6
8
12
4
4
10
21
12
15
25
4
14
27
12
16
6
24
6
10
8
16
20
16
12
10
35
6
10
6
10
12
8
10
8
10
8
14
10
14
19
14
12
12
22
8
8
16
4
14
12
19
17
1
0
0
1
0
3
0
0
0
1
0
3
3
3
1
1
3
1
1
1
0
3
0
3
1
3
0
1
3
0
5
1
1
1
8
0
3
1
0
0
3
3
0
0
0
0
1
0
1
0
3
0
3
3
1
0
3
5
1
3
1
3
5
1
1
0
0
1
0
1
1
3
1
1
3
0
1
0
0
1
1
1
0
0
3
1
0
0
0
1
0
0
3
1
1
1
8
1
0
0
1
4
3
0
1
1
1
1
0
0
1
1
0
0
0
1
1
1
0
3
1
0
0
5
1
1
1
1
1
1
1
3
1
0
1
3
0
1
0
1
0
5
0
0
0
1
2
0
1
1
3
1
3
0
1
0
1
0
0
1
1
1
1
1
0
1
1
3
3
1
0
0
1
0
0
1
0
1
0
7
0
1
0
7
0
1
1
1
0
1
1
1
0
1
1
1
0
0
0
0
1
3
3
1
0
1
1
0
0
3
1
0
1
0
0
3
0
3
1
1
1
0
0
1
3
1
0
5
1
1
1
1
1
0
1
0
8
0
1
1
1
1
3
1
0
1
0
1
1
1
7
5
1
0
5
0
1
1
1
1
0
3
0
1
1
4
3
1
1
0
1
0
0
3
0
0
1
0
0
3
1
0
0
3
5
3
0
0
23
0
16
21
20
34
0
0
0
0
16
22
13
2
0
19
20
18
26
0
0
0
0
23
18
12
0
18
25
28
0
0
0
0
0
27
7
25
0
23
29
15
0
0
0
0
21
2
23
0
0
0
22
15
19
0
0
0
21
28
18
2
19
24
0
0
0
0
0
0
15
17
24
12
0
22
18
24
0
0
0
0
24
27
1
0
24
25
17
0
0
0
0
0
0
22
23
15
0
0
21
31
0
0
0
0
11
14
11
0
3
14
2
2
0
22
0
0
29
15
22
22
0
18
24
0
0
0
0
0
14
18
6
22
0
0
26
0
19
0
0
0
4
10
19
0
0
21
17
22
14
16
0
0
2
19
0
22
0
0
20
0
30
0
0
0
16
18
17
14
0
20
20
36
0
0
0
0
0
0
9
0
0
0
0
17
0
0
0
0
19
18
5
25
27
18
27
31
23
0
0
0
21
20
23
16
0
0
19
26
0
0
0
0
5
23
12
20
0
25
5
26
0
0
0
0
0
19
23
28
0
25
25
9
0
0
0
0
25
20
0
0
0
18
21
14
40
13
15
19
20
3
24
0
0
0
0
0
0
0
0
0
32
27
8
28
42
0
0
0
0
0
0
0
0
31
20
39
0
0
0
0
0
0
0
0
36
26
12
8
6
10
11
8
10
11
10
13
21
15
13
4
8
10
15
19
8
10
13
15
11
10
12
15
8
10
23
13
10
8
10
19
17
6
10
17
8
8
6
8
6
6
13
13
8
12
8
10
6
10
21
10
8
13
11
13
8
4
11
4
56
10
8
11
4
8
8
8
23
29
35
38
21
15
13
9
29
17
38
2
46
13
17
33
15
8
21
15
8
13
17
17
33
32
42
12
19
13
12
15
27
27
33
33
27
19
29
25
40
11
31
21
25
11
21
35
19
34
21
31
34
21
17
21
55
13
42
28
23
23
27
21
40
21
36
42
23
54
19
25
19
10
12
31
53
25
23
17
17
25
17
31
15
25
12
34
25
11
55
42
58
29
19
75
64
50
14
48
19
4
25
23
15
42
21
19
10
17
21
34
17
40
10
19
17
15
27
36
16
35
31
6
21
22
29
17
23
17
13
25
19
12
17
46
17
36
17
16
19
17
10
25
32
19
21
10
12
15
29
19
33
13
15
34
21
27
20
10
6
6
10
10
10
19
22
10
4
6
8
2
4
6
6
0
4
4
17
4
6
15
6
8
13
13
10
6
13
10
11
11
11
10
2
11
15
12
13
4
6
8
10
11
17
4
2
8
8
4
8
21
6
13
12
10
11
8
4
2
7
0
8
2
6
4
4
6
6
4
0
10
4
6
0
4
0
2
4
2
0
0
2
0
4
2
4
0
2
4
4
2
8
2
2
2
4
0
0
2
2
4
6
2
8
4
4
4
4
4
5
0
2
0
0
4
4
4
4
4
0
2
0
2
2
2
4
4
6
4
0
4
2
0
4
2
0
0
6
4
2
4
8
9
0
6
6
0
2
2
0
8
6
2
2
2
2
0
4
2
4
0
6
4
4
20
6
8
2
6
6
0
4
6
2
10
4
6
4
3
2
6
2
4
0
6
2
12
0
6
6
6
4
2
4
4
6
6
4
4
4
2
2
2
4
9
0
0
2
4
2
8
6
6
6
2
4
2
2
4
2
9
0
0
9
0
6
2
4
2
8
2
0
2
0
0
0
0
2
2
0
2
6
2
0
2
9
10
6
10
4
7
13
2
4
4
4
0
4
4
0
6
0
6
2
4
6
0
2
4
0
0
4
6
0
2
3
2
4
2
0
2
4
0
2
2
4
6
2
4
8
2
2
2
0
0
5
2
4
2
2
4
0
10
0
0
4
2
4
2
0
5
8
0
5
0
3
2
2
2
4
4
5
1
0
6
8
0
8
0
0
2
4
2
2
0
6
2
4
4
2
7
6
4
4
4
