2
19
14
10
4
15
4
4
14
16
15
17
4
14
17
17
8
6
8
6
6
6
21
14
8
17
8
14
15
15
8
8
14
8
8
10
8
8
15
17
21
4
21
19
17
4
12
10
17
17
12
60
21
17
19
21
6
27
21
27
10
21
21
8
17
19
10
6
21
21
10
12
6
15
21
8
19
17
14
25
21
33
12
10
17
10
21
23
19
19
15
12
25
8
10
19
12
8
21
23
12
35
12
6
4
8
23
33
21
8
19
19
8
15
8
14
10
25
6
12
29
6
8
15
17
12
21
27
8
21
12
19
14
14
19
27
19
29
6
25
19
17
12
4
8
6
12
27
6
19
12
19
12
12
14
17
17
17
21
8
31
8
6
10
4
31
21
6
4
8
15
27
23
8
12
12
19
12
8
17
10
8
8
33
19
27
10
15
8
25
21
14
6
14
19
15
13
23
27
6
12
41
17
2
8
12
17
19
15
25
23
8
4
25
12
6
12
15
12
14
15
8
12
6
6
12
8
15
6
8
6
12
12
8
23
17
8
12
12
15
6
8
4
12
13
6
6
23
4
12
8
4
6
6
2
15
15
8
8
6
6
10
6
4
10
12
14
21
4
12
8
2
12
8
4
6
2
4
6
8
12
10
4
4
8
8
13
12
32
37
22
37
31
32
32
36
35
35
35
30
34
37
36
32
37
30
35
26
33
33
25
32
35
32
37
35
29
33
25
37
38
37
32
37
34
36
37
31
32
33
35
37
35
37
30
25
35
32
28
31
30
32
33
33
22
36
31
31
37
32
35
31
29
32
32
35
36
27
36
24
36
33
31
28
36
31
30
37
24
33
25
32
34
35
30
30
35
31
32
32
27
31
26
28
36
35
33
29
23
34
20
36
36
37
34
35
17
34
34
32
34
37
35
37
22
34
34
36
26
34
34
31
36
30
34
36
30
31
36
30
36
36
25
34
36
30
25
33
30
29
37
37
29
35
27
30
38
34
31
31
35
36
37
36
35
34
37
37
33
35
36
36
32
36
26
36
35
32
36
29
31
29
26
32
35
36
35
33
36
26
29
35
25
36
32
21
33
37
35
37
36
29
36
34
33
37
37
29
32
36
36
30
36
33
26
35
26
36
35
34
37
24
35
34
27
23
28
36
35
35
33
34
29
35
32
35
33
32
28
33
35
35
33
33
35
37
26
31
32
33
29
35
36
30
28
23
35
35
31
31
33
36
32
31
36
16
30
34
32
35
31
36
31
31
31
31
33
36
32
31
31
36
36
32
33
23
36
31
37
32
30
30
35
36
36
28
24
16
11
21
20
16
22
18
27
31
20
26
22
28
28
28
39
21
81
23
11
18
22
18
35
37
32
27
35
18
22
21
14
30
18
14
28
24
24
35
25
24
24
15
26
30
25
12
26
16
70
6
8
11
8
9
17
13
6
14
15
18
9
14
8
11
6
6
6
9
14
9
7
18
9
9
10
8
10
10
15
12
11
17
21
13
19
36
7
6
17
11
11
7
13
15
17
11
9
13
9
13
13
20
7
11
9
9
9
11
13
16
11
23
28
15
15
6
2
7
11
18
11
9
17
15
13
11
7
4
22
18
9
11
13
15
7
8
11
9
13
7
15
13
11
47
11
13
17
12
11
0
11
11
9
15
22
11
6
8
11
16
19
7
27
8
17
9
15
19
13
13
17
5
12
11
60
11
6
11
13
13
11
13
12
13
11
13
10
11
13
17
9
11
11
20
9
11
11
13
2
18
11
14
8
7
15
17
12
13
4
29
21
15
11
11
14
11
9
9
14
15
13
14
9
4
9
11
15
32
32
16
17
9
9
7
11
6
8
15
13
12
16
16
18
25
23
14
13
7
13
16
8
15
18
11
32
11
17
21
20
10
29
17
9
17
13
14
17
10
13
13
18
2
19
17
16
15
13
16
18
7
18
20
20
6
20
12
4
3
2
1
8
0
2
6
1
0
8
1
4
2
0
0
3
3
4
4
4
2
2
0
5
2
4
4
5
4
17
4
5
2
4
2
4
0
3
5
1
4
2
1
4
4
5
4
4
3
10
2
2
20
4
7
4
8
6
6
0
6
7
6
4
5
10
2
5
7
9
7
5
9
4
2
7
7
5
5
6
0
4
2
19
6
7
7
5
5
8
2
2
3
3
1
12
0
8
5
5
6
6
5
4
6
7
2
1
5
4
4
6
5
9
7
5
5
7
4
1
8
5
5
9
6
4
6
2
5
7
2
1
4
6
2
3
3
2
6
8
6
7
2
2
8
6
8
10
7
4
4
4
4
7
7
17
5
6
6
7
6
4
9
6
4
2
1
4
7
8
7
4
4
5
1
5
5
4
1
3
7
3
2
4
1
8
6
2
2
5
4
4
3
4
6
2
3
2
1
3
0
2
1
1
8
5
0
4
5
2
4
0
4
4
4
4
1
1
2
0
4
2
2
3
3
4
3
2
2
5
3
2
1
3
1
4
2
2
1
3
3
2
6
2
4
6
4
6
2
7
5
2
4
6
4
2
2
3
5
5
4
2
2
7
4
4
7
8
4
4
12
2
2
5
22
5
2
5
2
3
4
6
7
4
2
4
2
2
0
0
0
0
0
0
0
16
29
2
9
25
1
0
0
1
0
19
1
0
9
2
0
0
0
0
0
17
1
0
13
0
2
0
2
26
0
0
7
9
11
4
0
9
0
1
0
0
1
2
7
21
0
9
0
0
16
0
0
18
7
16
10
12
0
8
7
0
1
0
11
2
0
0
0
0
0
0
0
0
0
10
10
18
0
7
6
13
0
9
0
0
0
2
10
0
0
8
16
13
0
0
0
4
6
12
0
0
0
0
4
0
15
0
2
12
5
0
4
0
0
0
17
2
0
0
0
24
0
0
13
11
0
10
11
15
0
0
0
7
0
8
12
2
11
0
0
2
2
31
0
0
27
9
11
0
13
6
2
11
0
5
1
17
10
13
2
11
0
1
16
0
0
13
24
0
8
0
20
14
0
3
0
3
7
1
0
0
0
0
0
0
7
0
0
4
4
16
8
2
21
4
4
22
10
8
0
2
0
8
10
32
0
9
0
3
14
1
0
5
0
0
11
0
3
16
4
2
2
13
10
1
8
0
10
0
0
9
0
0
28
0
1
1
1
0
0
0
27
0
17
10
0
10
0
21
0
6
0
21
9
5
0
8
0
6
0
14
5
0
12
0
14
10
0
4
0
0
0
0
0
17
14
8
12
0
13
4
6
2
2
2
2
4
4
6
4
4
2
4
2
4
4
4
6
4
2
4
8
2
6
6
2
8
4
2
6
8
4
4
6
4
8
4
2
6
10
6
8
10
6
10
13
8
17
6
8
11
12
10
11
8
10
10
17
6
8
15
17
8
17
15
10
17
12
13
13
12
10
23
23
8
6
15
19
13
21
15
15
10
15
17
12
13
19
12
10
12
17
19
15
15
21
21
25
13
29
29
8
13
13
12
10
29
10
17
13
13
8
21
15
13
17
10
6
15
15
12
15
8
17
12
10
12
13
12
13
8
15
13
15
15
17
12
15
10
10
15
6
6
12
19
17
15
17
21
15
29
10
17
12
6
17
11
13
8
8
10
10
6
4
10
17
19
15
6
23
13
27
27
15
19
12
15
8
21
19
12
15
19
4
15
12
8
13
19
10
19
11
23
10
10
19
8
17
15
10
12
8
13
8
6
23
13
12
37
38
6
23
10
12
15
10
10
13
17
23
13
10
11
8
10
12
12
13
6
12
12
19
8
21
10
6
8
8
13
4
12
10
10
6
10
13
6
10
19
8
15
10
15
8
12
15
10
13
10
12
14
15
6
8
13
17
8
12
14
13
19
10
15
12
10
10
13
12
14
10
8
8
14
54
6
8
17
17
1
5
3
7
3
3
0
1
3
1
1
5
7
0
7
0
0
1
3
13
11
3
0
7
9
1
3
1
11
3
0
3
3
0
1
1
5
2
0
2
1
3
3
7
1
11
4
17
0
4
2
11
0
4
0
0
1
2
7
1
5
1
0
1
5
1
0
1
0
0
7
0
17
0
1
3
5
4
1
1
3
7
1
1
4
3
1
1
5
3
3
2
7
2
3
3
1
7
0
1
3
3
0
4
3
0
5
0
0
1
5
3
3
1
0
1
1
0
1
0
1
3
3
11
3
0
1
9
2
0
3
1
1
1
3
5
5
3
5
1
3
3
3
0
3
0
1
0
1
1
3
1
0
1
0
7
1
0
3
5
1
3
0
1
3
3
5
3
1
1
15
1
3
2
13
0
1
5
5
1
0
3
7
0
6
3
1
3
3
0
3
0
9
5
1
5
3
13
7
5
5
7
5
1
1
3
1
3
1
5
3
1
2
5
3
5
4
5
5
3
3
3
2
7
1
2
1
7
3
1
0
2
2
2
0
3
1
3
2
1
6
7
7
9
2
1
3
1
2
5
1
9
6
3
6
6
5
3
1
1
7
0
2
0
2
1
2
4
1
0
5
3
0
4
1
4
13
5
1
4
1
1
3
5
1
7
0
1
9
7
9
7
7
16
15
5
13
15
7
9
9
11
15
9
7
5
7
9
7
13
6
11
9
7
9
6
6
11
11
5
7
7
13
15
15
15
15
9
17
13
15
9
6
7
13
7
13
6
9
7
15
7
13
9
17
9
7
13
5
7
11
7
17
9
15
7
8
7
11
13
9
13
15
5
13
7
12
7
6
7
8
7
15
15
11
9
13
11
6
5
4
11
17
15
8
13
15
6
9
11
15
2
7
10
13
13
13
15
5
7
11
13
13
7
9
15
11
17
17
5
9
4
7
17
9
5
7
15
15
17
17
13
11
9
15
11
15
5
9
9
13
15
15
15
11
6
7
15
9
7
7
9
11
17
6
7
15
7
15
15
13
5
13
11
13
13
13
9
7
9
5
9
8
3
6
6
9
9
7
6
11
7
9
15
15
7
11
7
7
9
9
6
11
6
11
13
11
2
5
17
13
7
11
9
15
4
9
15
9
2
7
7
17
13
7
13
15
7
6
15
7
7
9
5
13
17
7
15
19
11
9
13
7
4
9
13
6
9
4
5
7
15
9
9
11
5
9
11
13
11
11
9
13
7
13
17
11
4
4
13
15
5
13
11
13
11
9
7
13
5
15
15
7
11
9
7
11
7
11
8
15
2
7
13
13
7
57
30
51
51
34
50
44
55
37
55
36
40
35
33
44
53
39
52
29
55
29
22
54
52
41
41
14
19
39
14
35
32
33
54
56
68
40
32
62
47
56
57
52
53
56
37
51
59
34
58
19
52
51
57
34
47
30
30
52
52
50
30
53
54
52
31
24
23
58
47
57
51
52
47
45
66
39
44
32
67
29
60
35
53
46
39
41
49
35
33
47
56
56
49
58
52
37
62
59
49
52
59
32
61
55
56
54
56
50
50
60
56
53
35
31
62
47
56
52
54
42
52
26
54
55
48
46
48
46
59
60
61
48
29
49
46
50
41
49
46
60
56
52
33
39
55
57
61
23
57
59
26
59
40
36
42
65
68
35
61
31
55
51
59
60
35
52
56
54
40
33
38
30
32
57
28
64
45
58
50
56
63
42
48
48
64
53
35
55
60
55
61
54
38
45
35
48
45
26
52
43
28
43
52
46
47
55
47
44
50
51
30
45
48
60
58
50
34
62
53
55
34
54
57
54
51
58
56
32
42
61
23
34
29
40
29
38
36
30
30
51
38
32
30
34
53
27
33
37
30
26
46
29
44
45
37
24
48
35
55
48
44
55
49
41
39
1
52
46
3
6
39
1
32
54
44
57
44
15
48
19
19
46
49
12
18
25
26
60
18
15
20
27
24
36
2
30
17
23
5
2
34
36
21
15
10
38
5
19
42
31
24
4
54
19
29
10
12
25
26
12
12
14
68
31
15
16
5
23
22
31
33
7
9
64
6
7
6
25
5
15
12
32
18
9
4
36
55
8
11
6
35
8
5
39
36
11
8
8
34
35
10
18
25
9
3
13
23
25
4
17
18
8
32
16
8
8
2
10
7
18
22
31
10
16
32
34
35
12
29
43
40
37
22
3
39
37
11
18
21
22
26
36
10
13
9
21
21
5
12
22
28
22
25
8
25
3
32
8
20
7
29
13
7
1
2
5
21
22
27
2
2
9
32
28
22
20
29
32
41
0
3
14
14
21
9
19
42
21
38
29
15
36
2
2
3
32
15
20
9
26
38
13
11
12
40
21
43
34
29
7
38
32
64
41
46
26
43
11
30
40
7
19
33
5
35
37
16
11
13
5
28
14
28
35
32
13
7
6
7
38
2
22
51
49
32
18
45
8
41
32
6
23
2
13
2
5
8
29
28
31
40
5
41
45
13
7
17
39
26
41
5
22
12
5
58
25
36
19
13
21
25
50
17
3
17
16
20
29
45
8
13
49
42
42
30
6
43
24
8
3
8
11
33
9
4
14
23
7
42
63
66
17
50
35
31
