30
34
23
17
11
28
25
26
30
48
54
26
34
20
38
81
26
36
39
3
16
17
17
28
46
22
33
21
23
24
50
19
26
19
23
37
34
12
41
7
27
32
24
38
15
25
26
38
14
25
18
19
19
18
30
42
20
45
32
32
44
29
31
30
23
60
30
30
19
48
28
21
13
30
65
17
32
43
34
17
15
15
13
45
21
11
25
24
25
35
49
32
40
13
36
30
51
38
11
23
26
23
43
27
13
28
13
40
28
51
39
33
9
43
24
42
32
32
38
51
15
57
33
26
26
9
19
34
21
23
30
20
19
40
22
28
28
11
23
22
17
38
7
17
32
21
11
17
64
22
35
35
15
30
37
26
20
62
22
26
16
34
25
22
31
38
39
13
17
19
13
26
28
42
24
20
32
26
37
13
18
28
11
32
18
32
36
36
9
13
24
26
36
16
30
36
49
25
23
7
27
33
42
29
13
47
30
17
34
36
36
24
37
28
32
36
17
44
20
25
13
30
13
15
15
34
32
23
28
25
26
32
13
13
32
20
17
24
17
11
15
22
17
21
17
9
13
21
15
22
21
19
9
11
11
5
15
13
21
44
7
9
7
11
12
15
11
15
13
9
31
9
21
35
24
13
18
18
23
13
9
7
11
9
17
15
16
26
0
2
2
0
4
2
0
0
2
0
2
2
0
2
0
2
2
2
2
0
0
0
2
4
0
2
2
2
2
0
2
0
4
2
0
0
4
0
0
2
2
4
2
0
4
0
0
4
4
0
2
2
2
2
0
2
2
2
0
0
0
2
2
0
2
2
2
2
2
2
2
12
2
2
2
2
2
6
2
2
2
2
0
4
2
0
2
6
0
2
4
2
2
2
2
2
2
2
0
4
0
0
0
2
2
4
2
2
4
0
4
2
2
4
0
2
2
2
2
0
2
0
2
2
2
0
2
0
2
2
0
2
6
0
2
4
2
2
2
4
2
0
0
0
0
0
0
2
2
6
2
2
2
2
0
4
2
4
4
0
0
2
0
2
4
0
2
2
0
4
0
0
4
2
4
4
0
0
0
2
2
0
0
0
2
2
0
2
4
2
4
0
2
2
2
4
2
4
2
8
0
0
0
2
2
2
2
6
0
2
0
0
2
0
0
2
4
2
2
0
0
4
2
2
2
2
0
2
2
2
2
2
0
2
2
2
6
0
0
2
0
4
2
2
0
4
0
0
0
4
2
2
2
0
2
0
2
0
4
2
2
2
2
2
2
2
0
2
2
0
0
0
4
4
2
0
2
2
4
4
2
2
2
2
2
2
4
0
0
2
2
0
2
2
0
2
2
2
4
4
2
0
0
10
0
0
0
2
0
0
2
2
0
2
4
2
0
0
0
0
0
0
2
0
0
2
2
2
0
4
0
0
0
0
0
0
0
2
0
0
0
0
0
2
2
0
0
0
2
2
0
0
4
2
0
0
0
2
4
2
2
0
0
2
0
0
2
0
0
0
2
0
10
0
0
4
2
2
0
0
2
0
0
2
0
0
0
2
0
2
0
0
2
2
2
0
0
4
2
2
0
0
2
2
2
2
0
2
0
4
2
0
0
4
2
2
4
0
2
0
2
0
2
0
2
2
0
0
0
2
2
0
0
2
2
0
4
0
2
4
0
2
2
2
0
0
2
4
2
0
4
0
8
0
2
0
2
8
0
2
0
2
2
0
0
4
2
0
4
0
0
0
2
0
0
2
4
0
2
0
4
2
0
2
2
0
2
4
2
2
2
0
0
4
4
0
2
2
2
4
2
2
0
2
2
0
2
2
2
2
2
0
2
0
0
0
0
2
2
2
0
0
0
2
0
0
0
0
4
2
2
0
2
8
0
4
0
2
4
2
0
0
2
4
0
0
0
2
4
0
2
0
4
0
0
0
2
0
2
0
0
2
0
2
2
4
0
2
0
0
0
2
4
2
4
0
0
2
0
0
0
0
2
2
2
0
6
0
0
0
0
0
0
0
0
0
0
2
0
4
0
0
2
0
0
6
2
2
0
0
2
0
0
0
0
2
6
2
2
0
2
0
0
0
6
2
2
0
0
2
2
8
2
4
0
2
2
2
4
2
0
4
2
2
2
4
8
2
8
4
4
2
4
6
2
0
0
2
0
4
2
4
4
2
2
4
4
2
2
4
0
2
4
2
2
2
6
0
4
4
0
0
0
0
2
2
0
2
2
6
4
2
0
2
2
2
2
4
2
0
2
4
2
2
2
2
2
2
2
8
4
4
8
2
4
2
2
0
4
2
2
4
0
4
0
0
2
2
0
8
4
2
2
2
2
0
2
0
4
2
8
4
4
0
4
2
2
6
4
4
2
6
2
4
6
8
4
2
0
0
0
8
2
0
4
0
2
2
8
2
4
6
0
4
4
2
0
4
4
2
0
2
2
0
4
4
4
4
0
4
10
2
2
0
2
2
2
4
6
2
2
2
2
4
0
4
2
0
2
0
0
2
0
0
4
8
0
2
4
0
4
6
2
4
2
0
0
0
2
4
2
2
2
2
0
2
6
2
2
2
2
6
2
4
4
8
4
0
2
2
8
2
4
4
6
4
2
2
2
0
0
4
2
6
7
19
6
1
1
5
1
13
1
3
5
4
3
3
3
0
3
1
1
1
1
1
68
1
7
1
3
3
4
22
0
71
1
3
3
0
1
1
3
1
1
3
3
1
3
5
14
1
12
5
5
0
5
3
1
1
0
3
1
1
3
1
31
5
1
3
1
1
3
0
3
25
0
8
39
3
3
5
1
1
35
3
3
3
59
0
1
0
0
1
78
0
0
7
3
3
0
3
5
5
3
7
6
1
18
1
7
3
3
0
4
6
77
1
3
5
5
1
4
1
1
1
40
5
1
65
3
3
2
3
3
3
3
1
3
5
1
4
7
3
3
42
30
3
1
3
1
1
3
34
1
5
1
3
3
3
1
3
41
1
3
5
1
3
42
5
7
0
74
1
3
4
17
6
5
44
3
3
4
77
3
11
3
5
3
7
5
3
1
1
5
5
39
3
3
7
1
1
1
0
5
8
3
3
3
3
0
7
3
1
1
5
3
3
1
39
1
3
3
42
1
3
46
15
3
3
1
3
3
1
1
3
3
5
7
3
1
5
5
44
1
1
5
3
0
5
0
1
7
0
3
8
5
3
3
1
1
6
6
10
3
3
5
1
3
3
1
3
3
1
5
10
1
3
4
3
3
3
9
7
5
1
5
3
9
1
1
41
0
0
0
0
0
0
0
0
0
0
0
0
0
0
0
0
0
0
0
0
0
0
0
0
0
0
0
0
0
0
0
0
0
0
0
0
0
0
0
0
0
0
0
0
0
0
0
0
0
0
0
0
0
0
0
0
0
0
0
0
0
0
0
0
67
58
62
42
43
78
38
38
36
47
51
52
43
39
38
67
48
45
44
72
73
63
72
37
64
42
28
41
43
81
31
36
65
43
43
42
53
46
38
44
66
43
69
40
39
46
48
50
45
67
37
42
79
45
41
76
30
43
43
37
39
52
82
70
39
39
46
36
42
36
81
46
68
77
30
41
43
38
36
71
40
44
17
66
37
57
46
45
35
39
52
39
50
32
45
37
37
70
68
47
57
42
79
38
74
59
38
70
44
40
74
56
85
49
65
74
66
60
45
36
37
40
66
76
52
52
37
75
44
47
77
41
40
55
61
40
38
47
50
76
16
81
38
39
65
42
58
40
57
38
48
36
39
56
38
49
80
46
28
81
46
29
55
74
53
51
39
42
74
49
77
38
61
83
50
35
63
76
43
46
45
56
41
40
49
55
63
60
40
42
46
46
79
41
56
62
47
71
80
41
40
40
45
79
72
40
37
47
44
40
53
37
53
75
68
59
40
75
40
39
53
76
76
84
0
2
5
0
2
0
0
0
4
0
10
0
5
4
0
2
2
0
2
0
0
4
2
4
2
4
0
0
2
0
0
4
2
0
0
4
7
0
2
0
2
0
0
4
2
0
2
13
3
0
4
2
0
0
2
2
0
2
3
2
3
0
2
2
7
0
2
0
2
2
0
3
2
2
0
2
0
1
0
2
2
0
0
3
0
0
0
0
2
0
11
7
1
2
2
0
4
2
2
0
2
2
0
2
4
1
0
3
2
2
3
1
11
1
3
2
0
0
3
5
0
0
0
2
1
0
3
2
0
3
2
3
0
0
0
1
4
0
0
3
0
4
1
0
2
0
2
3
0
0
3
0
3
1
4
3
7
2
2
2
13
6
6
0
1
2
6
0
2
0
0
1
0
2
2
0
1
2
1
3
1
6
2
2
3
2
0
0
0
2
3
0
1
4
0
3
2
2
2
2
0
3
12
2
4
0
3
0
5
3
2
0
0
0
2
0
4
2
2
2
0
0
2
7
0
7
2
0
7
2
4
1
4
4
1
0
5
2
0
0
0
0
0
0
11
0
6
0
0
2
0
2
2
2
0
2
0
5
0
5
0
2
2
3
2
2
2
3
0
0
0
0
2
0
2
2
1
0
0
6
13
0
2
0
1
0
4
0
0
1
1
0
0
0
0
2
5
1
0
0
0
3
0
1
0
2
1
3
1
0
3
1
3
2
0
1
0
2
1
1
1
1
1
0
1
1
1
1
1
1
0
1
2
1
1
2
0
1
1
0
1
1
1
1
1
2
1
1
1
0
1
0
0
2
3
1
1
2
0
3
1
2
1
10
2
0
0
1
2
2
5
1
2
2
1
1
1
0
0
0
1
1
1
4
1
1
0
0
1
0
1
2
0
1
1
9
1
1
1
1
1
3
3
0
0
0
1
1
2
0
0
1
1
1
0
0
1
2
0
0
1
2
3
1
1
3
3
1
1
0
1
1
0
2
0
1
1
2
1
0
2
1
0
2
1
0
1
1
0
1
2
0
1
0
1
0
0
0
1
1
1
1
0
2
0
1
3
0
1
0
1
2
2
1
8
1
4
3
0
1
2
2
2
1
1
0
0
1
1
0
0
1
1
1
1
1
3
1
0
2
0
0
2
1
0
1
0
0
0
1
1
2
1
1
1
1
1
2
0
1
2
2
0
1
0
2
1
1
2
0
1
0
1
1
0
1
0
1
1
1
0
0
1
0
1
1
1
6
4
1
1
0
0
1
0
1
1
1
1
0
1
1
0
0
3
1
1
1
0
2
1
1
0
1
2
1
2
11
13
21
2
2
2
4
21
2
17
11
15
2
11
4
12
4
6
2
8
15
2
9
14
12
2
6
5
19
8
16
2
4
2
2
4
9
13
12
12
2
10
13
21
2
2
4
15
9
6
0
4
6
16
19
15
2
4
4
2
17
13
15
8
6
2
4
6
15
8
13
15
0
4
6
6
13
19
17
19
4
6
2
2
6
13
33
4
13
2
4
6
6
15
14
15
15
10
4
4
7
6
6
8
16
7
13
6
6
4
6
8
2
6
4
13
13
10
2
2
4
4
2
4
2
8
2
4
4
13
11
4
8
4
2
6
4
6
2
2
7
2
2
2
10
8
4
4
2
6
8
4
2
17
2
4
2
2
2
6
4
2
8
4
2
13
12
10
21
17
6
2
9
2
4
6
6
6
2
6
2
4
4
2
4
4
8
4
4
2
10
4
2
2
6
2
4
12
8
2
17
2
6
6
6
10
6
11
2
4
4
2
9
17
11
2
6
4
2
2
15
9
23
15
2
2
6
10
10
9
6
2
6
2
15
13
2
4
2
15
4
4
4
4
6
12
6
4
4
2
2
2
4
4
2
4
6
4
4
6
4
8
6
12
11
2
2
4
4
2
2
2
2
4
6
4
6
13
4
8
6
2
4
4
2
6
4
1
2
1
2
1
2
0
2
2
3
2
5
0
1
2
1
1
3
1
3
1
2
1
1
1
4
1
2
1
1
0
2
4
1
1
0
0
2
0
0
2
2
2
2
0
0
2
0
0
0
0
1
1
3
3
1
0
1
0
0
0
1
1
3
0
2
0
3
1
0
1
2
0
0
1
1
2
1
1
1
1
0
0
2
2
0
1
1
0
2
0
1
0
0
3
3
3
2
2
1
0
1
1
0
0
0
0
1
1
0
0
1
2
0
0
0
0
0
2
1
2
3
1
1
2
1
2
3
1
0
1
1
0
0
1
3
3
0
3
1
2
2
0
0
0
0
0
0
1
0
2
0
1
0
1
2
0
2
1
1
2
2
5
8
0
1
2
5
4
3
2
0
2
2
0
1
0
1
3
1
1
2
0
0
0
1
1
0
0
0
1
2
2
1
0
1
1
1
1
0
0
0
1
0
2
1
2
0
0
1
2
0
3
2
4
4
0
1
0
1
2
0
2
2
2
0
1
1
1
3
1
2
2
2
1
1
0
1
0
1
0
1
0
3
1
1
1
0
1
1
0
1
0
1
0
1
1
2
1
0
0
1
1
4
1
0
0
1
0
1
1
2
1
0
1
3
2
3
3
3
2
2
0
2
2
1
0
1
