57
45
56
56
49
56
54
58
55
58
38
50
53
52
56
52
46
55
52
56
56
49
50
55
54
57
56
51
57
57
57
50
49
53
54
58
58
58
54
53
53
52
58
47
58
47
47
52
60
59
57
49
57
55
54
58
53
49
57
56
59
59
54
58
54
47
46
40
56
55
52
56
56
59
52
53
57
59
55
58
44
59
57
58
58
50
41
57
54
46
58
56
55
51
58
52
55
51
52
55
57
56
57
56
48
56
48
55
54
54
50
52
51
60
58
52
56
52
54
55
54
43
56
58
60
51
57
55
53
54
59
56
55
58
58
54
53
59
57
57
52
56
58
58
53
52
57
55
48
54
47
53
53
56
54
48
46
58
54
58
58
56
51
55
55
54
49
53
59
51
56
58
53
54
56
53
56
55
56
53
57
54
56
57
58
48
57
51
44
45
58
41
59
58
51
57
59
49
54
58
57
55
55
57
51
57
57
49
56
52
57
56
56
59
58
45
53
53
50
51
52
55
52
58
55
56
49
50
55
55
51
56
47
48
52
55
50
56
50
44
59
54
57
54
55
51
56
55
54
57
55
53
55
57
56
54
42
54
57
57
55
47
58
58
53
55
56
41
49
58
50
57
49
51
56
52
57
57
50
58
54
59
57
57
51
54
51
49
18
18
18
18
18
18
18
18
18
18
17
18
18
18
18
18
18
17
16
18
18
16
18
18
20
16
18
18
23
18
14
18
17
16
18
18
17
18
19
17
18
18
17
18
18
18
17
18
18
18
18
17
16
17
17
17
18
16
18
17
18
17
17
16
17
14
16
18
17
15
14
17
17
17
17
17
18
17
16
18
18
16
17
17
14
18
17
18
16
18
17
17
17
17
16
17
16
17
17
14
18
16
18
14
16
18
18
16
17
17
17
17
17
18
18
18
17
15
15
14
17
17
17
16
18
16
14
16
17
17
17
17
17
16
17
17
16
16
18
16
18
18
18
15
17
15
16
17
18
17
16
17
18
16
18
15
17
13
18
18
18
17
15
18
18
17
18
18
17
17
18
17
18
18
18
17
17
16
16
18
15
18
17
17
18
18
16
15
17
18
18
16
17
17
18
18
18
18
18
15
17
17
18
17
17
17
15
18
18
18
18
17
18
15
18
17
18
18
18
18
18
16
17
18
16
17
18
13
16
20
17
18
18
17
15
17
17
15
17
17
17
16
18
18
16
17
16
18
17
18
17
16
16
18
18
18
15
13
18
16
18
18
16
17
19
17
17
18
18
17
17
17
18
17
17
18
17
17
17
18
17
17
17
18
19
17
18
18
16
17
15
16
16
14
14
17
16
16
17
14
16
15
16
16
15
15
16
14
16
16
14
16
14
15
16
14
15
14
15
16
16
15
13
16
16
15
16
15
13
15
14
16
15
15
16
16
16
16
16
14
15
15
13
17
16
15
16
15
15
13
12
16
16
17
16
16
14
15
13
16
16
16
16
17
14
16
16
17
16
16
14
16
16
15
17
16
16
15
15
16
15
15
16
16
16
15
15
13
16
16
15
12
13
15
16
15
15
16
15
16
11
15
16
16
15
14
15
16
15
12
16
15
15
16
15
14
15
16
14
15
14
15
14
12
16
16
16
14
13
16
14
15
16
15
14
16
16
16
12
15
12
15
15
16
16
15
16
15
15
17
16
15
16
14
15
16
16
16
15
16
16
13
14
16
16
15
15
16
14
15
16
13
16
15
15
13
15
16
15
16
16
16
14
15
16
16
15
16
15
16
16
14
14
17
16
16
16
17
14
16
16
16
14
15
16
15
17
16
15
15
16
15
16
16
15
15
16
16
15
16
16
15
16
15
16
14
14
16
15
16
16
17
13
15
14
16
17
16
15
16
15
14
17
16
16
15
17
13
14
14
14
15
16
16
15
16
16
16
17
16
12
14
15
15
15
16
13
16
16
16
15
15
14
15
16
17
2
4
4
0
0
15
2
0
10
2
0
0
4
2
12
10
14
10
7
15
12
0
2
15
0
0
2
2
4
4
2
0
2
12
13
7
0
0
4
2
12
0
0
2
15
12
0
2
8
2
12
13
2
7
10
10
6
6
21
6
4
8
2
4
0
4
4
8
6
4
0
2
4
4
12
0
14
8
6
2
6
8
0
8
0
2
13
13
14
6
18
12
8
2
0
2
30
0
12
2
2
6
4
16
8
6
10
0
21
19
2
8
4
13
19
4
19
2
25
6
2
19
2
24
2
2
0
0
6
4
0
4
0
19
2
2
6
6
22
6
4
21
0
15
2
4
19
2
25
16
4
20
21
4
6
8
14
4
6
33
11
6
22
2
4
16
2
26
6
22
2
4
15
4
21
2
4
14
4
4
8
17
2
0
7
2
18
28
4
2
7
2
4
2
12
2
8
20
0
4
15
0
0
9
11
2
2
2
13
2
4
4
0
28
2
15
11
4
2
4
21
2
13
4
0
12
0
0
6
6
19
4
17
0
11
4
0
14
2
0
15
2
15
4
2
21
2
2
0
0
15
2
12
13
0
4
17
2
10
2
10
0
2
18
0
2
14
2
2
19
2
2
2
17
4
0
15
0
0
17
4
18
0
14
2
16
12
2
47
6
6
37
4
45
4
10
32
6
43
8
6
33
6
44
4
4
8
4
36
2
44
42
2
41
10
41
9
8
8
8
33
4
6
39
2
44
6
43
8
4
47
4
32
8
9
51
10
35
8
10
4
4
26
6
31
2
42
9
4
33
6
31
6
2
56
4
26
5
6
30
10
32
6
6
44
6
64
15
6
36
4
34
4
33
48
8
47
11
4
6
6
27
4
19
8
4
35
6
34
6
48
39
6
28
8
47
45
4
44
0
40
6
4
45
4
27
2
4
31
6
49
8
6
49
4
50
4
32
4
6
44
5
17
2
2
44
9
45
6
35
4
4
44
2
39
6
8
46
8
44
6
33
4
2
45
6
40
6
6
45
4
47
6
32
44
4
41
4
35
4
6
60
8
34
4
27
36
2
45
4
38
45
6
42
4
58
29
4
41
7
6
44
2
35
8
35
6
44
6
6
41
2
39
4
4
6
4
52
6
31
6
2
48
4
53
6
2
6
4
47
2
51
2
4
2
4
43
33
8
19
6
36
6
41
30
4
24
4
34
4
2
44
6
12
4
8
33
6
43
6
6
4
12
43
6
41
6
4
28
4
47
6
6
43
4
45
4
36
6
8
23
3
40
6
4
42
6
44
6
46
6
8
2
2
35
8
19
4
12
12
6
6
10
8
4
8
4
4
8
4
4
10
8
12
6
6
10
2
4
15
12
6
8
8
15
10
10
2
2
6
10
6
8
0
17
15
6
8
10
40
8
10
10
8
10
4
6
10
6
13
8
10
12
13
25
8
4
8
4
10
6
4
8
4
2
4
2
6
17
10
8
19
42
29
13
21
29
17
17
4
8
6
4
8
8
6
6
12
10
8
12
10
15
6
27
12
23
12
35
12
35
10
27
33
32
10
23
25
15
8
8
40
15
21
13
29
44
25
17
33
33
37
15
23
12
34
35
37
10
12
37
50
12
31
12
46
31
40
19
10
33
13
8
38
12
2
2
4
6
4
4
2
6
4
6
6
4
4
6
6
4
6
4
4
2
4
2
4
4
6
6
4
2
4
6
4
4
2
4
0
6
8
4
2
6
6
2
0
4
8
6
8
2
4
4
4
6
4
2
4
4
4
4
8
4
4
6
4
4
6
2
4
6
6
6
6
4
12
6
8
4
6
6
6
4
6
8
6
4
6
6
6
4
6
6
4
4
0
0
6
10
4
8
0
6
4
6
2
4
2
4
6
4
4
6
2
8
6
8
0
2
4
0
6
2
0
6
4
2
4
33
6
6
2
6
4
2
4
6
4
2
6
2
4
14
2
14
4
16
2
18
2
14
2
0
12
14
6
14
2
16
0
16
4
18
0
20
2
10
2
20
2
20
6
16
12
4
18
0
35
2
14
2
14
0
12
6
14
6
20
0
12
4
0
14
2
8
2
2
4
14
2
22
0
14
4
10
2
10
4
2
2
2
12
10
14
6
2
4
2
8
4
20
8
14
4
2
18
0
6
2
16
2
14
2
18
4
18
16
2
16
6
14
6
12
20
4
18
6
16
14
0
16
0
8
6
12
12
2
14
2
10
6
4
2
8
2
18
4
4
12
0
4
4
16
4
12
2
6
2
0
20
0
8
2
0
8
14
2
12
2
18
4
18
6
22
2
12
2
20
4
26
2
18
2
20
4
20
2
14
6
4
16
0
12
0
14
2
2
0
18
6
0
4
0
4
16
2
31
0
6
0
16
4
6
12
2
18
4
18
2
2
2
0
4
0
14
2
16
4
18
2
16
0
20
2
12
2
22
2
20
2
14
2
2
2
6
12
2
8
4
14
2
14
0
6
2
8
2
12
2
2
6
10
2
4
2
2
24
4
18
2
20
2
18
4
16
0
27
2
18
4
14
2
8
4
0
14
0
22
2
14
2
31
2
18
2
2
6
12
2
0
2
2
16
2
16
4
12
2
16
8
0
1
0
3
2
4
0
3
3
3
1
5
10
1
0
0
4
1
0
2
5
6
8
4
0
2
4
7
0
3
6
5
0
5
0
7
3
2
0
1
2
4
0
0
10
0
0
0
3
0
0
0
3
3
1
0
4
0
4
6
9
0
4
1
2
0
0
0
2
1
5
2
5
0
1
2
0
3
4
13
2
1
3
0
1
2
0
9
8
3
0
4
4
1
9
2
1
5
1
2
3
10
3
5
0
9
6
4
8
2
0
3
12
2
0
1
8
0
0
8
1
0
3
0
2
1
0
7
4
3
8
0
4
0
1
4
2
8
9
2
6
4
7
7
0
0
0
2
0
4
1
0
0
0
6
6
0
10
0
3
9
1
2
2
5
1
1
0
5
1
0
0
4
3
0
0
4
8
7
3
1
12
1
2
0
0
3
2
1
0
0
2
4
0
1
0
0
0
6
2
2
8
2
8
0
3
0
6
0
5
2
8
0
1
5
4
0
1
8
3
0
2
3
7
2
3
6
8
0
2
5
1
1
8
6
4
2
0
4
6
1
4
5
0
8
13
1
4
1
8
1
6
1
1
2
1
3
4
0
3
6
4
2
1
4
6
1
1
8
1
2
5
0
1
8
8
7
9
4
2
7
0
6
0
3
1
5
0
2
4
13
5
13
5
0
5
3
21
2
17
2
13
5
9
13
4
3
3
17
4
2
19
6
19
4
17
8
13
7
4
21
2
15
2
5
11
4
3
4
15
2
21
2
3
2
7
17
2
4
6
4
2
5
15
2
19
6
2
5
2
9
2
4
3
2
5
5
21
4
2
2
2
5
2
17
6
6
9
7
21
4
19
2
19
7
4
11
6
19
3
17
2
7
7
2
29
4
2
3
2
4
4
9
4
6
4
4
6
4
21
2
25
7
15
6
15
4
4
4
4
17
4
15
2
17
2
0
17
7
17
7
19
0
19
2
13
5
4
21
2
13
2
37
4
19
4
19
2
4
7
2
13
6
17
5
21
2
21
8
2
13
4
21
11
4
19
3
17
2
27
4
4
11
3
4
2
13
5
5
4
2
13
5
11
2
2
6
3
19
4
13
2
19
0
13
3
11
4
4
13
4
15
2
11
1
7
2
13
2
2
15
3
11
2
7
2
4
17
6
13
2
3
2
4
17
2
19
2
2
13
6
11
2
21
4
2
4
0
21
4
21
4
9
4
4
17
2
2
4
13
4
6
9
15
2
13
4
4
0
3
11
7
15
4
9
5
7
21
11
15
7
15
2
4
9
6
11
2
19
11
17
2
13
5
4
4
61
46
46
30
34
38
42
44
45
39
26
55
44
47
30
23
28
36
45
37
39
43
33
45
43
34
32
24
25
31
47
45
45
40
32
47
44
47
34
22
28
34
33
43
45
32
27
45
47
45
30
20
80
44
37
45
43
34
26
47
32
41
39
26
34
32
37
43
39
45
22
32
45
45
41
25
32
34
48
34
41
47
30
32
45
24
33
30
32
43
43
49
64
41
35
43
32
43
33
32
48
47
37
45
32
42
32
35
34
45
30
29
33
45
36
39
34
31
31
41
34
45
33
25
41
29
46
43
37
47
27
31
41
41
23
28
30
66
32
30
34
35
29
45
47
43
25
24
32
34
31
38
30
33
24
34
36
39
32
23
30
45
24
35
37
47
30
31
39
43
29
19
33
31
43
49
45
43
32
30
62
43
31
26
27
41
37
41
43
34
29
45
42
46
33
26
32
45
35
32
32
46
30
45
42
32
31
31
32
47
41
55
45
44
39
45
44
26
42
30
26
45
46
27
39
46
39
43
33
32
43
31
32
47
45
32
41
30
22
29
28
30
45
42
30
49
46
57
31
31
26
33
18
31
29
31
32
46
42
31
26
29
30
29
26
29
27
23
28
21
38
25
32
49
45
46
46
43
34
30
41
31
47
47
33
47
25
33
