4
1
1
19
3
4
16
3
1
21
0
3
3
15
0
7
27
3
4
2
13
1
1
1
17
1
0
3
2
1
2
18
1
3
12
1
20
9
1
3
9
0
0
7
1
1
6
0
2
0
1
0
27
1
0
8
1
20
0
0
20
3
4
2
2
2
1
23
1
1
1
19
1
1
2
0
3
15
2
0
12
9
4
1
3
26
3
16
7
1
1
17
0
0
0
12
2
9
1
16
35
11
5
11
0
3
4
1
0
12
18
1
14
0
19
1
3
17
1
0
4
23
1
13
28
1
1
2
3
1
2
20
3
0
1
14
15
2
1
13
13
3
8
1
0
4
3
0
0
1
0
5
3
0
3
6
1
3
1
2
1
0
20
1
1
6
14
6
2
0
13
2
4
11
1
3
19
2
23
1
17
13
8
1
27
9
0
1
3
0
1
1
1
19
4
15
1
1
2
16
1
10
6
2
0
14
18
22
0
3
18
0
0
0
0
1
29
16
8
0
0
0
0
1
2
11
0
0
4
0
1
3
1
2
2
3
17
3
12
0
3
10
0
0
27
1
0
1
1
0
0
16
1
1
22
16
0
2
16
0
1
0
10
0
1
9
2
1
6
0
7
0
16
4
0
4
1
22
1
1
2
1
1
2
3
0
3
1
4
4
2
10
11
6
6
2
6
8
6
6
0
10
6
10
10
8
2
10
10
4
2
2
4
4
8
4
4
10
4
6
4
4
4
0
8
4
6
16
6
2
6
4
2
9
6
2
12
4
27
6
6
2
10
2
4
16
6
8
4
10
6
6
12
4
6
10
6
12
8
6
14
10
8
6
4
10
8
20
16
8
8
16
6
12
17
10
14
17
12
14
6
14
6
6
6
6
12
18
18
8
10
8
9
8
8
8
10
14
6
8
11
8
14
16
10
16
16
8
16
23
12
8
16
10
8
12
15
22
6
15
25
7
8
8
16
12
21
9
8
21
4
17
33
18
14
12
8
12
29
6
8
6
12
29
21
12
14
4
14
4
19
16
6
6
11
15
5
8
4
14
6
21
8
16
11
8
16
12
10
12
18
17
8
4
8
6
14
17
10
16
29
8
14
4
16
13
10
18
13
16
14
16
14
16
16
6
10
12
4
6
20
17
6
0
11
6
6
10
15
10
12
16
9
14
16
16
6
14
8
16
2
8
10
12
18
0
14
14
8
6
6
9
6
6
14
4
8
10
4
5
6
2
4
4
6
8
2
8
8
6
6
4
4
6
8
4
14
14
8
6
12
4
8
10
8
6
6
6
12
4
11
10
6
0
8
16
0
0
1
0
0
0
3
1
0
1
1
0
3
1
3
3
0
1
5
0
3
0
1
1
3
3
3
9
1
0
1
11
1
0
3
0
3
1
0
1
7
3
7
0
3
1
5
9
1
1
0
1
0
0
0
14
1
1
1
0
78
5
3
1
3
1
5
7
0
3
3
1
0
0
1
0
0
3
1
0
3
1
1
0
1
0
3
0
1
1
3
0
3
1
1
0
0
1
3
0
0
0
0
5
0
0
0
0
1
1
0
0
0
0
1
1
3
3
1
5
9
0
9
3
0
3
6
0
1
1
3
0
9
1
0
0
3
0
3
3
1
1
0
0
3
1
1
3
3
1
1
0
0
3
3
0
3
1
0
0
1
1
6
1
0
1
3
1
0
0
0
0
0
1
0
1
0
0
0
1
1
3
1
3
9
3
1
6
0
1
0
3
1
1
1
3
1
3
1
1
3
0
7
0
3
1
3
1
0
1
3
0
1
1
0
0
0
0
0
0
0
1
1
81
1
1
1
0
1
0
1
0
1
0
3
0
0
1
1
1
1
0
1
0
0
1
5
0
3
1
1
1
0
3
1
7
1
3
0
1
0
1
1
0
0
0
3
0
3
5
3
1
0
0
1
89
0
0
5
1
1
0
10
3
9
3
1
0
1
7
7
0
10
6
10
0
0
13
14
0
0
11
5
0
0
8
7
0
0
12
6
0
13
16
7
0
0
8
0
0
0
11
2
0
27
0
0
0
1
0
0
0
1
12
14
11
12
11
2
0
10
0
6
0
30
0
0
9
11
7
8
0
15
1
8
0
8
2
4
0
15
0
1
17
1
0
4
28
17
0
15
5
7
0
5
12
8
0
1
8
0
14
8
0
13
11
4
8
8
9
10
11
1
0
1
10
10
0
5
10
0
8
8
0
0
0
4
0
0
0
0
0
18
0
9
0
14
0
12
0
9
12
13
0
5
0
12
0
0
0
0
0
0
0
0
0
0
12
13
10
7
10
0
13
17
0
10
5
0
11
11
6
13
11
13
11
10
0
16
10
13
0
0
0
0
0
0
0
0
0
0
0
0
0
0
0
0
0
0
10
0
13
0
14
0
9
6
10
3
14
0
16
0
9
0
14
0
5
0
13
0
11
0
15
3
11
0
10
17
7
9
13
8
8
14
0
7
7
0
11
0
7
0
12
13
0
7
15
0
0
8
25
0
0
6
12
12
0
9
15
22
10
0
9
9
0
9
0
9
0
1
15
18
4
8
3
11
0
18
8
0
0
1
3
13
0
7
0
12
0
5
0
8
0
14
11
22
1
0
2
17
2
2
2
0
3
1
2
24
2
0
0
20
0
2
0
4
2
24
2
0
45
3
0
2
0
0
0
5
18
3
2
15
0
2
0
26
2
1
2
15
0
0
0
2
2
2
17
2
2
0
3
24
42
0
0
0
0
0
0
21
3
0
47
2
0
3
1
30
1
0
24
4
3
0
18
3
0
0
1
24
3
1
18
2
0
0
19
18
0
0
0
7
2
0
2
0
2
1
0
2
28
3
18
2
2
25
2
0
3
19
0
2
0
17
0
0
29
2
2
2
44
0
0
0
27
0
3
34
3
0
27
3
0
0
3
2
2
2
0
0
2
19
0
0
0
18
3
0
20
2
3
21
0
0
0
21
0
0
2
15
3
0
0
18
5
2
0
15
0
0
0
0
18
3
0
0
0
11
2
2
0
18
1
0
2
17
5
2
0
0
17
3
0
1
0
0
1
2
0
16
1
2
0
25
0
0
0
18
2
2
0
20
2
0
1
3
0
0
2
0
30
0
0
0
1
2
0
21
0
1
0
0
0
3
2
20
1
0
29
0
0
0
21
2
0
3
0
0
0
23
0
2
1
0
0
30
0
3
0
0
45
0
3
35
1
0
0
16
2
2
0
39
0
0
0
1
0
2
0
16
2
2
0
0
0
2
28
0
0
2
4
0
0
0
2
0
2
0
2
2
0
0
4
2
0
89
2
0
4
2
4
0
0
30
2
2
0
2
0
2
48
0
4
72
2
9
4
0
4
0
0
0
4
2
0
86
0
2
2
2
4
0
0
2
2
4
0
6
2
0
0
0
0
2
0
2
0
4
4
2
2
0
2
0
3
2
0
77
2
0
4
0
3
4
0
3
2
2
4
2
11
2
0
2
0
0
0
2
2
2
2
2
2
0
2
6
2
2
0
0
0
2
0
71
4
2
2
2
0
2
2
3
0
0
0
0
2
2
0
0
0
2
0
0
2
0
2
11
0
2
0
2
0
0
2
0
2
0
0
4
0
2
2
2
83
4
0
4
2
0
0
0
0
0
0
2
0
0
4
0
0
0
72
2
0
0
2
4
2
2
0
0
0
2
0
2
2
65
4
76
6
0
2
4
0
58
0
22
0
4
0
0
0
2
2
4
0
0
2
4
0
41
2
2
4
2
2
1
4
2
0
2
2
0
4
9
0
6
0
2
2
0
71
0
2
0
2
4
2
4
0
7
2
0
2
0
0
2
0
0
4
0
0
4
0
2
0
4
2
0
2
0
2
4
0
0
4
7
2
0
0
0
0
6
73
2
4
2
2
4
2
6
6
6
5
2
12
11
8
3
5
7
6
2
4
2
4
9
9
6
4
5
2
4
7
4
4
4
2
5
7
7
4
7
6
6
2
2
4
4
4
2
4
9
2
2
7
4
6
2
7
2
6
6
56
5
6
9
2
4
4
9
11
6
15
14
7
2
7
9
2
2
8
4
2
4
4
5
5
6
7
7
6
6
4
6
9
2
7
14
13
22
21
20
17
22
9
15
22
25
16
26
23
17
18
26
13
18
13
11
14
18
13
10
9
20
11
9
22
13
20
7
22
16
11
14
7
16
14
25
21
13
8
11
16
11
9
20
35
11
7
19
24
17
18
5
23
16
16
17
12
20
28
16
15
13
17
13
18
22
15
26
29
22
16
19
18
34
24
15
9
15
22
23
32
17
17
13
40
24
11
16
27
12
2
22
20
18
13
11
7
9
7
6
7
11
11
11
9
9
10
9
5
8
6
5
9
12
9
9
5
9
9
11
7
10
8
9
9
11
8
12
9
9
7
13
6
9
8
4
7
7
9
9
9
11
9
9
9
4
8
9
11
11
13
5
7
8
11
2
9
7
7
11
6
7
7
9
10
8
11
7
9
9
9
6
13
9
18
13
11
11
7
15
11
4
11
9
9
9
7
7
50
11
7
11
6
8
11
2
5
6
4
4
5
2
4
3
3
2
4
15
5
2
2
4
4
0
5
1
5
8
4
6
2
5
4
12
2
6
2
2
4
2
4
2
0
2
3
6
6
2
3
5
6
2
2
3
2
2
2
4
2
5
4
3
4
4
2
3
4
4
2
5
2
2
6
4
0
4
4
5
16
4
0
5
2
5
4
5
8
6
2
2
4
0
14
2
5
2
6
2
4
3
5
3
2
5
0
2
4
5
0
2
0
2
2
5
6
4
4
2
5
4
14
0
4
2
4
4
2
5
4
5
2
6
4
4
2
15
6
2
3
9
5
4
5
4
5
5
4
0
0
0
4
2
2
2
6
5
3
2
2
3
2
0
3
4
5
5
4
2
4
3
5
5
4
5
14
2
0
3
5
2
2
2
5
5
2
5
0
2
3
4
2
14
0
2
9
2
4
2
6
4
12
3
6
2
4
2
2
5
4
2
4
4
2
4
2
4
12
2
4
4
3
3
12
6
5
5
2
6
2
3
2
4
14
3
3
2
2
3
2
4
0
0
2
0
2
9
2
1
8
0
2
12
3
4
2
0
2
4
3
2
2
4
4
4
4
0
2
6
4
6
2
4
2
2
5
0
2
3
4
4
2
2
2
6
4
2
4
10
2
2
8
2
0
14
23
14
13
17
31
13
19
27
25
11
7
14
10
12
13
15
43
15
15
19
23
14
26
8
13
14
17
25
15
8
13
23
10
2
12
6
46
15
25
12
15
34
12
10
8
21
39
15
6
35
14
39
37
17
15
23
15
25
19
17
12
13
22
12
27
8
21
6
15
25
10
6
15
19
10
6
13
33
15
27
13
25
15
8
29
19
13
21
8
10
15
23
25
15
15
21
12
33
17
23
19
27
10
25
21
35
8
25
40
31
35
34
13
27
8
10
23
23
10
27
31
6
25
19
14
27
38
12
26
36
37
12
21
21
23
19
12
19
43
35
19
19
8
8
8
6
8
8
10
12
23
33
25
21
40
15
23
14
19
25
27
15
39
13
27
13
37
31
14
27
15
17
19
29
8
21
8
10
27
25
17
39
19
35
12
25
13
14
44
27
8
40
25
11
16
13
6
40
40
8
21
37
17
40
31
15
23
29
21
12
18
39
37
25
40
15
19
9
28
14
35
33
14
29
6
17
29
11
29
19
24
10
12
33
25
14
10
12
4
10
19
11
14
16
27
21
8
13
14
21
14
11
19
23
19
10
23
23
22
19
12
14
19
12
15
17
12
20
12
12
16
19
14
25
10
18
4
8
2
25
6
4
4
2
17
35
4
4
2
4
2
0
2
2
0
0
2
0
0
0
4
2
0
0
0
2
2
0
2
0
2
2
4
2
2
2
0
2
2
0
2
2
2
2
0
4
2
0
2
4
4
2
2
2
2
2
2
2
2
2
0
2
2
0
0
4
2
4
2
0
2
0
2
2
0
0
4
2
2
0
2
0
2
2
2
0
0
0
0
2
0
0
2
2
4
2
0
2
0
0
2
0
2
2
0
2
2
2
2
2
0
0
2
2
0
6
0
2
2
0
4
2
0
0
2
2
2
0
2
0
2
2
0
2
0
0
2
0
2
2
2
2
2
2
0
2
0
0
2
2
2
4
2
2
2
0
0
0
2
0
2
0
0
0
0
0
2
2
4
0
2
0
2
2
2
0
2
2
0
2
6
2
0
0
2
0
2
2
4
2
2
2
2
2
2
0
2
2
2
2
2
2
2
2
2
2
0
0
2
2
2
0
2
2
2
2
2
0
2
0
2
4
0
0
0
2
2
0
2
4
0
0
2
2
2
2
2
2
0
2
4
2
0
0
2
0
2
0
0
2
2
2
0
2
0
0
2
0
0
0
0
2
0
0
0
6
0
0
0
0
0
0
0
0
2
0
0
2
2
4
2
2
2
0
0
2
2
4
2
2
2
0
0
0
2
