6
14
14
19
19
10
10
8
11
8
6
16
15
12
19
23
14
10
8
16
10
12
8
16
27
29
21
16
15
8
17
12
27
6
6
4
21
10
4
23
8
6
11
14
12
18
10
18
8
19
10
12
18
2
8
14
21
10
17
28
10
16
16
13
12
31
14
17
8
19
14
21
8
23
6
2
10
39
14
10
33
8
14
11
8
25
14
16
31
7
14
19
14
41
18
8
21
16
18
14
14
13
20
12
8
14
15
10
31
2
33
6
27
10
4
6
18
31
29
16
10
10
8
12
10
13
10
24
15
16
18
20
12
17
14
10
23
14
8
14
18
25
12
10
29
16
8
16
12
15
10
14
23
27
14
14
21
16
15
10
10
21
12
11
16
9
8
22
25
27
19
19
19
17
35
12
25
10
16
10
13
28
14
35
31
14
19
39
13
30
25
16
25
8
8
16
13
14
4
16
15
37
10
33
4
22
56
11
6
10
29
8
14
8
11
4
16
16
10
9
12
12
16
16
14
19
17
6
10
12
16
12
6
8
14
12
18
19
10
8
6
12
10
14
6
10
25
25
14
8
14
10
6
8
16
2
23
14
12
6
14
2
6
0
14
10
14
23
9
11
6
8
4
11
10
14
9
8
15
17
12
8
17
8
13
4
12
11
0
0
4
4
5
2
4
0
8
4
66
4
2
0
30
8
2
0
43
0
2
2
2
0
34
3
4
4
61
4
0
40
2
0
2
0
2
2
2
78
0
18
2
2
0
2
4
2
4
72
0
2
2
2
0
0
63
0
2
46
2
0
2
2
2
0
76
0
2
0
0
0
2
8
2
0
2
2
0
5
0
19
2
17
2
0
64
2
2
15
4
21
2
67
2
0
0
4
0
0
27
0
0
11
8
0
2
2
0
2
0
2
0
2
2
38
0
0
2
2
0
2
0
0
4
0
0
2
0
53
0
0
2
2
2
2
4
6
2
2
0
0
6
0
0
2
4
2
0
0
2
2
0
7
2
0
0
0
4
0
0
0
4
2
6
2
0
0
2
2
71
3
2
2
2
2
2
6
0
4
2
4
2
34
0
7
2
0
0
2
61
0
0
0
0
2
0
2
2
4
2
0
4
2
2
2
4
64
2
2
2
19
0
57
0
2
0
0
4
2
2
2
0
4
2
0
0
0
0
0
4
7
2
71
2
2
2
0
0
2
2
2
2
2
2
0
0
27
0
0
2
2
2
2
0
9
0
61
0
4
0
2
0
0
4
2
0
4
0
1
0
0
2
2
0
2
0
2
6
0
0
0
2
49
0
1
4
2
14
6
8
12
12
6
14
8
10
12
6
10
6
4
17
6
27
6
8
8
16
4
10
4
14
4
6
6
10
12
12
6
8
8
10
6
10
10
4
6
6
27
6
8
10
6
31
14
6
6
2
8
4
2
12
10
2
10
4
10
12
6
6
8
10
4
6
2
10
12
6
8
15
8
4
8
14
16
12
8
37
2
13
19
6
10
16
17
8
10
8
6
6
6
6
8
16
10
12
11
4
21
6
18
8
6
10
6
10
12
8
17
8
12
12
41
14
10
12
19
17
10
10
12
4
15
14
10
14
13
12
17
15
4
6
12
10
11
12
8
12
13
10
16
8
12
12
11
4
12
16
14
10
12
10
12
4
19
15
6
8
4
6
17
12
17
6
8
10
6
14
20
15
6
10
15
14
8
6
16
10
6
12
10
8
8
8
8
37
8
8
8
4
6
11
16
8
14
10
6
15
12
12
17
8
6
8
10
14
15
6
4
43
21
6
8
2
6
4
4
10
8
2
8
4
10
6
12
19
4
6
2
10
12
6
4
10
17
8
12
10
17
2
17
4
6
4
4
19
10
6
10
8
0
19
8
2
2
2
0
6
4
4
0
4
0
4
4
8
2
0
2
0
0
4
0
6
4
6
12
4
4
2
2
2
0
0
6
7
7
0
5
5
5
0
3
7
5
3
5
7
9
0
7
7
7
0
5
9
7
0
7
7
3
7
0
11
2
5
0
9
7
0
3
7
9
0
7
3
5
5
5
5
5
5
7
7
2
5
9
5
5
3
7
11
9
5
7
7
0
9
5
7
0
5
5
2
7
9
0
3
7
7
0
0
5
3
0
0
3
11
0
0
7
5
0
0
5
5
5
0
5
0
9
0
5
5
5
0
5
3
0
0
9
5
0
0
5
5
0
0
7
3
7
0
7
3
0
0
0
0
0
0
3
3
0
0
5
7
0
0
9
7
0
7
0
7
0
0
0
0
0
0
0
0
0
0
3
0
5
0
0
5
3
5
0
3
3
0
5
5
3
0
0
0
5
3
11
3
7
0
7
0
5
0
0
0
0
0
0
0
0
0
3
0
0
7
0
13
0
0
0
5
9
0
0
7
3
0
5
5
7
0
5
0
5
5
9
0
7
0
7
0
5
0
3
0
11
9
5
0
5
5
7
0
7
0
9
0
13
9
9
0
5
9
0
5
0
7
0
9
0
9
0
9
5
0
0
5
5
0
0
11
11
0
0
3
9
0
0
5
5
7
7
7
9
5
0
9
7
7
0
0
7
5
0
0
7
3
0
0
5
5
0
3
0
11
23
10
6
53
19
8
32
19
19
9
17
30
13
17
11
17
19
12
21
12
23
8
15
11
4
11
10
13
19
15
12
8
17
25
29
23
25
17
25
25
19
17
6
21
17
15
13
21
13
15
11
21
12
11
23
15
8
17
54
13
25
10
15
15
13
21
12
13
19
10
15
13
8
17
2
29
15
4
11
10
71
10
38
8
11
15
21
13
25
22
19
27
19
19
25
19
13
29
11
19
23
11
27
19
10
31
30
42
19
8
29
15
27
13
21
19
28
27
42
31
19
15
19
54
24
21
13
15
17
29
28
13
19
29
15
15
31
21
13
10
38
25
10
15
21
19
6
21
19
29
29
13
17
25
40
50
34
17
15
23
23
19
29
42
21
10
25
36
21
34
17
27
33
19
31
35
38
17
25
13
29
52
40
27
12
27
7
12
25
11
38
36
40
25
17
27
16
23
48
29
33
23
21
36
27
40
20
13
29
36
19
10
19
42
25
23
9
23
25
19
23
21
17
27
23
33
25
25
23
23
19
15
27
7
29
17
24
17
30
20
31
29
38
31
34
34
42
34
26
17
15
21
21
27
21
23
37
13
11
28
17
17
23
32
54
29
13
25
15
17
19
19
21
19
23
24
23
35
19
19
15
23
19
23
38
19
25
0
0
2
0
0
1
0
1
15
0
0
0
0
17
29
2
0
18
24
0
0
0
0
22
0
0
0
2
2
3
0
17
0
2
0
21
0
0
1
0
0
0
2
0
1
5
1
0
0
3
16
0
2
0
0
2
0
2
0
22
1
0
0
33
2
2
0
0
1
0
0
2
0
36
2
3
0
29
0
0
0
14
1
2
0
0
21
2
0
0
2
0
0
0
3
0
0
2
0
19
20
0
0
2
2
17
1
1
2
16
0
0
0
0
19
2
2
0
22
0
0
0
22
1
0
0
31
1
0
2
0
0
2
0
2
1
2
26
0
0
0
0
19
18
0
0
2
0
0
2
23
2
0
1
0
18
2
0
2
24
2
2
0
0
0
0
27
2
1
0
0
3
0
20
2
2
2
14
1
0
0
19
22
0
0
0
0
0
2
2
17
2
2
2
0
21
0
2
0
2
2
0
0
2
3
0
0
2
1
21
0
4
0
0
21
2
1
1
0
18
0
0
0
0
31
0
0
4
3
0
0
2
2
3
2
2
0
0
11
3
2
0
0
0
0
2
0
16
2
0
2
1
1
3
4
1
17
3
2
0
0
16
3
0
0
1
0
21
28
0
0
4
0
0
2
0
0
2
0
2
0
2
19
0
0
0
0
19
19
10
21
21
19
21
10
8
12
17
12
12
8
8
8
18
12
12
14
10
12
12
19
19
19
19
10
23
14
17
21
16
12
21
14
19
19
29
25
25
12
25
21
6
8
14
14
8
23
33
21
25
21
18
19
25
19
12
16
14
23
12
19
14
10
6
16
12
8
20
4
16
8
14
16
19
16
10
8
16
33
8
6
12
10
17
16
33
16
21
18
12
21
16
10
35
12
14
16
16
56
8
23
14
8
17
8
27
12
27
14
10
19
16
10
18
21
19
31
23
23
20
27
16
27
27
29
25
23
25
25
8
8
16
12
39
18
18
10
35
29
8
16
15
8
23
13
12
27
35
17
12
27
31
25
29
16
41
35
33
23
19
27
39
27
27
23
43
16
21
33
14
23
12
8
35
21
39
33
27
14
18
21
18
29
14
31
27
25
19
23
16
25
33
14
49
21
19
12
10
13
14
43
21
12
16
12
21
17
31
15
17
16
14
16
21
20
16
8
14
20
20
18
8
14
20
25
8
10
21
12
12
20
14
20
17
18
18
27
18
16
12
17
12
12
21
12
21
14
29
16
19
19
12
27
21
12
8
14
23
19
12
18
16
10
29
19
12
19
23
19
12
14
14
25
16
21
31
14
27
15
10
23
10
23
16
14
12
2
6
2
12
4
2
11
25
10
2
2
2
23
0
4
6
4
4
8
2
2
2
4
13
25
10
6
4
4
2
19
8
16
4
4
0
2
0
4
4
2
2
0
4
6
8
0
8
25
2
2
10
0
2
0
2
4
2
0
4
25
10
6
4
17
16
0
19
2
4
4
0
8
4
0
0
0
4
2
29
4
14
6
0
12
4
0
6
0
0
2
8
10
2
12
6
2
6
0
8
2
4
27
6
2
2
4
6
2
0
4
4
8
28
27
4
6
4
0
0
4
2
0
12
6
4
12
8
8
2
6
8
4
10
2
8
0
10
8
2
2
2
4
2
23
8
10
27
25
2
2
0
2
2
2
2
0
4
0
2
4
21
4
16
8
0
0
4
2
2
8
8
4
2
0
8
4
4
22
4
4
2
16
0
4
0
0
16
0
2
0
8
12
2
0
6
6
0
6
0
4
0
2
4
6
12
0
0
4
2
0
0
0
16
2
2
10
4
4
6
2
0
2
2
6
8
4
10
2
2
0
2
2
2
8
4
0
2
2
2
4
0
4
0
8
25
6
4
2
2
0
2
0
2
2
2
2
0
0
4
2
27
0
0
21
2
4
4
2
8
2
0
4
0
6
0
2
4
4
6
95
10
2
8
25
4
2
8
23
16
14
15
9
14
13
9
16
12
15
13
19
15
14
13
15
10
16
23
19
12
17
16
21
8
18
16
12
17
16
17
12
13
12
16
60
14
21
16
23
17
34
21
26
21
27
35
31
23
21
22
22
30
20
27
23
19
17
20
22
21
17
20
23
31
24
21
32
22
28
18
19
32
24
28
27
16
22
24
25
17
30
43
32
19
25
20
27
27
22
16
21
23
21
18
18
17
19
20
14
16
28
11
17
17
17
20
20
18
22
26
25
20
16
24
29
28
17
16
20
27
23
34
24
19
23
28
19
30
21
16
21
17
22
33
22
27
24
16
15
27
18
10
17
16
23
14
15
56
45
20
25
27
22
10
21
17
16
20
23
17
12
25
21
17
30
16
23
27
11
16
9
17
22
17
33
14
19
23
24
23
18
22
27
16
18
21
14
19
21
12
16
14
14
20
21
13
18
23
16
18
18
14
15
16
24
28
11
53
14
20
12
22
10
29
18
23
17
24
14
14
10
16
16
18
14
18
9
17
15
59
26
22
19
22
22
19
21
11
14
11
13
25
17
21
25
10
14
24
19
15
15
19
15
17
25
26
12
11
21
12
20
17
24
14
13
23
24
17
19
13
19
20
25
15
18
18
14
16
12
17
29
19
20
17
17
19
0
21
16
22
0
77
68
0
10
42
51
25
37
26
0
0
0
0
0
24
27
0
18
55
44
43
77
45
0
0
0
45
0
0
27
28
8
46
37
0
75
0
0
2
0
0
2
2
0
0
26
31
48
33
54
24
2
23
0
2
0
27
32
5
0
55
37
43
0
5
0
18
0
0
35
0
36
46
75
41
2
38
38
42
12
27
20
67
44
0
20
18
44
0
4
0
3
36
17
2
41
0
33
29
30
28
79
0
52
8
74
56
38
15
33
0
27
0
0
23
2
2
24
0
0
0
5
33
0
0
2
41
32
34
41
0
0
24
29
2
27
3
2
0
46
0
33
27
0
36
73
49
0
2
30
2
0
0
18
5
2
0
2
26
0
47
0
34
57
0
16
67
40
35
32
0
24
0
2
0
36
0
2
3
25
3
0
0
0
48
23
2
24
17
34
0
67
29
35
11
2
0
0
0
12
2
0
30
0
0
92
38
35
34
30
33
0
42
79
46
0
0
2
3
25
2
9
35
45
43
44
58
79
0
0
36
2
50
0
2
2
0
2
2
15
3
7
70
0
28
88
32
2
2
2
55
0
45
35
39
2
31
0
40
51
25
0
45
3
21
20
45
17
30
32
41
7
59
79
89
0
0
0
0
0
0
4
84
