4
2
2
6
0
2
4
6
0
0
2
0
6
4
0
0
6
0
6
4
4
2
6
2
2
8
2
2
0
2
0
0
0
4
4
0
4
2
2
4
0
6
2
0
0
2
0
2
2
2
0
0
4
2
0
6
0
0
2
4
6
2
6
2
2
0
2
4
4
0
0
4
2
0
6
6
2
0
4
6
2
2
4
0
2
2
6
0
2
4
2
2
0
0
2
4
2
2
2
8
2
2
6
0
6
0
0
2
0
6
2
2
0
4
2
0
2
2
6
2
2
4
6
0
0
4
2
2
4
2
4
4
2
0
8
2
0
2
4
6
6
4
2
4
4
2
2
0
0
2
0
0
4
6
0
0
0
4
6
2
4
2
2
4
0
2
2
6
4
2
6
2
2
2
4
0
0
0
2
8
2
2
2
4
4
0
2
2
2
4
2
4
4
2
2
2
2
2
0
2
2
4
0
2
0
4
0
0
0
6
6
2
2
4
4
4
0
4
2
2
4
4
2
4
2
2
4
2
2
4
2
2
0
2
2
8
2
2
2
2
10
4
0
4
4
4
0
2
4
2
0
2
0
0
0
2
6
0
6
2
4
2
2
2
2
4
0
4
2
4
4
4
4
4
4
6
0
0
2
8
4
4
2
2
0
2
8
4
9
9
3
7
9
9
13
9
9
11
5
15
7
3
5
7
5
9
11
9
7
5
9
9
7
9
11
9
7
9
9
9
7
9
7
7
13
7
0
9
5
13
9
9
9
5
9
5
9
7
7
15
3
13
7
11
9
11
13
11
11
5
5
13
11
9
9
9
9
11
15
9
11
7
7
9
9
9
15
7
7
3
7
9
9
9
7
9
13
7
11
5
5
7
11
9
5
9
9
7
5
9
5
3
7
11
9
9
7
9
9
11
7
7
9
11
7
11
9
7
7
11
5
5
11
9
7
7
7
3
7
7
7
9
9
11
9
11
7
11
9
7
9
11
9
13
15
9
9
9
13
7
5
9
9
7
5
7
5
9
9
7
5
11
5
7
11
9
13
9
7
9
9
9
7
9
7
9
13
7
7
11
7
5
7
9
11
11
7
7
5
7
5
5
5
27
3
7
9
7
7
5
7
9
11
9
9
5
9
11
5
7
7
7
5
7
9
9
11
7
7
9
11
11
5
7
13
9
7
9
7
3
11
3
13
13
7
7
9
9
11
11
9
7
7
13
2
7
5
11
7
13
5
7
5
5
15
9
9
11
5
7
13
7
9
3
7
9
7
13
7
9
7
7
11
9
9
9
9
7
7
9
15
5
5
11
9
11
29
15
25
9
13
7
17
13
25
21
13
5
9
13
15
11
15
4
15
9
13
25
11
9
11
9
13
7
9
15
21
13
17
13
9
15
11
13
9
25
23
13
13
11
7
9
11
11
9
11
5
5
3
5
3
5
9
2
3
2
3
3
3
2
3
7
3
13
11
13
11
9
13
13
2
3
5
11
15
13
7
13
15
11
9
13
21
7
13
13
15
11
9
15
2
5
3
7
5
5
5
5
0
3
0
3
11
13
13
13
17
17
13
15
15
17
9
7
3
4
4
3
9
9
11
17
11
9
13
15
13
15
9
9
13
17
13
7
17
17
13
5
11
5
7
13
19
9
11
7
11
13
13
9
19
5
15
15
11
13
13
9
13
11
13
11
7
9
9
3
3
3
7
2
13
13
9
9
13
15
9
11
9
19
13
11
15
7
11
15
11
7
11
35
11
11
11
11
9
15
11
15
17
13
11
13
15
19
15
9
23
21
15
13
9
15
23
5
13
17
13
11
2
13
13
9
9
11
9
11
17
15
13
13
13
17
7
7
11
21
19
13
13
13
13
29
9
7
12
13
15
15
13
9
17
13
15
3
3
5
5
3
0
7
15
13
19
13
11
13
15
13
17
13
15
15
17
5
9
7
13
13
27
7
13
7
11
11
0
4
6
2
1
0
6
4
3
3
3
2
8
2
2
0
4
0
4
3
5
0
5
0
0
6
4
2
11
2
4
7
2
3
2
4
4
4
8
0
2
9
12
6
5
2
4
0
13
11
4
4
3
5
2
2
7
2
5
5
1
0
2
6
5
10
1
5
4
5
2
0
0
2
5
4
6
2
2
6
1
5
4
6
2
4
3
4
2
0
6
4
6
2
2
4
2
5
4
0
2
6
5
2
3
4
8
2
0
2
6
7
0
21
8
0
4
6
0
10
4
8
6
9
4
4
4
0
4
4
6
2
5
6
2
4
4
2
0
2
2
4
2
4
0
0
0
3
8
11
0
2
0
6
8
2
1
4
19
2
0
2
4
11
6
2
6
11
2
2
4
2
2
4
4
3
0
0
5
2
2
3
8
2
6
0
2
13
4
2
0
0
0
0
2
2
0
3
3
5
0
0
8
2
0
4
0
4
0
2
2
2
6
0
0
2
16
2
2
2
5
2
2
5
5
0
4
4
0
6
0
0
4
4
0
0
8
0
2
2
1
4
3
0
2
4
0
0
2
0
1
5
0
0
4
2
0
0
2
4
10
0
3
0
0
0
2
2
0
4
2
2
2
2
4
0
4
2
2
12
0
4
0
2
0
2
2
5
2
3
0
2
2
4
0
2
2
2
2
2
2
0
3
4
2
4
4
6
0
7
2
4
0
3
2
2
2
4
2
6
4
0
4
5
4
0
0
0
3
4
2
0
2
0
2
2
2
2
2
0
2
2
2
6
0
4
1
0
5
2
2
13
6
4
6
6
3
0
4
6
2
6
0
2
8
0
0
2
0
2
0
2
2
3
0
2
9
8
7
0
2
2
10
4
2
2
2
4
24
5
4
2
10
6
12
13
0
3
0
3
0
3
4
1
4
6
3
0
5
6
12
7
4
9
7
5
6
13
2
4
3
4
1
0
8
7
5
2
4
0
1
3
1
0
0
2
2
3
8
4
2
2
6
6
3
0
5
0
7
10
11
5
0
4
2
6
4
6
0
4
5
2
13
0
7
0
2
7
9
6
2
5
8
0
4
6
0
7
2
5
0
0
5
3
3
0
6
1
5
2
10
3
0
5
4
7
0
10
4
0
0
5
7
4
6
2
6
2
2
0
0
0
7
4
2
4
2
3
1
0
2
4
0
0
5
2
3
4
0
2
4
0
4
1
0
2
0
0
4
1
0
1
2
0
2
4
4
4
3
5
2
2
2
7
2
2
3
2
2
0
0
2
2
1
4
3
2
3
1
2
4
3
8
3
1
4
2
3
0
3
0
2
0
0
0
0
0
0
0
0
0
0
0
2
4
2
0
7
2
4
0
0
2
2
0
0
0
0
2
2
0
2
0
2
0
0
2
0
2
2
2
2
2
0
2
2
2
2
2
2
0
3
2
0
5
0
0
2
0
2
0
2
2
0
0
0
0
3
0
2
3
0
2
2
4
2
4
0
3
0
2
2
0
0
0
0
2
12
4
0
2
2
7
0
6
2
0
2
4
2
2
4
2
0
0
0
2
2
0
2
0
0
2
3
7
0
4
0
0
2
0
2
2
2
2
0
2
0
0
0
0
4
0
2
2
0
5
0
4
0
2
0
3
5
0
0
0
0
0
2
0
0
4
4
2
2
2
3
0
0
0
2
2
0
3
2
0
0
2
0
0
2
0
0
4
2
4
2
0
2
3
0
0
0
17
0
0
0
0
0
0
0
0
2
0
2
0
0
2
0
2
0
0
0
2
0
0
2
0
2
5
2
0
0
4
2
4
0
2
2
0
2
0
3
2
0
0
2
2
4
5
0
2
2
0
0
2
0
5
2
2
0
0
2
0
0
4
2
0
0
5
2
0
0
2
2
2
2
20
2
0
2
2
2
2
3
0
2
19
3
0
2
2
2
2
2
2
2
0
0
2
3
0
2
13
7
8
4
13
15
14
10
14
9
8
10
8
10
8
12
17
8
10
8
10
6
4
21
21
17
6
16
12
17
25
8
12
13
12
14
12
12
23
15
8
17
21
15
10
23
4
12
19
23
14
8
10
12
10
15
27
10
23
14
19
21
15
17
8
23
8
43
17
25
14
16
17
13
21
25
21
10
14
13
23
10
17
21
10
6
21
14
15
12
21
21
29
35
12
14
31
12
17
29
6
19
17
14
15
15
21
19
10
10
12
13
12
12
21
17
17
17
17
23
15
21
21
64
10
35
15
31
27
27
27
15
16
19
10
8
15
25
23
2
27
14
12
12
8
17
6
21
14
12
25
8
8
8
31
66
17
2
17
11
17
10
6
23
31
58
6
10
21
21
37
14
39
15
14
23
8
8
17
10
19
10
10
6
12
16
14
19
16
23
15
10
8
8
15
17
23
14
4
15
6
8
17
14
31
21
14
6
29
10
10
21
6
8
12
23
17
12
21
10
29
19
14
8
25
15
8
27
10
8
42
19
56
10
0
23
14
10
12
10
21
4
21
23
12
14
14
23
12
12
15
17
23
12
14
10
12
12
8
21
8
12
14
16
8
19
10
2
8
8
12
15
10
10
6
16
8
4
12
6
15
6
14
12
14
10
8
12
15
30
21
10
17
17
19
11
37
15
15
17
8
14
17
15
6
27
4
32
12
19
14
19
12
4
17
21
21
27
35
17
15
19
10
25
14
19
12
10
10
19
19
21
10
9
12
13
15
12
19
13
38
33
23
19
25
19
14
19
31
17
12
25
14
19
27
23
10
17
15
8
38
10
10
13
12
23
15
12
14
23
23
17
21
15
23
17
19
21
25
48
15
13
34
25
25
30
21
12
29
29
21
19
14
19
8
8
17
24
8
25
17
32
23
21
17
10
25
31
6
13
28
37
13
37
25
10
38
15
6
37
37
12
16
12
27
40
23
14
31
23
29
28
52
31
23
30
43
12
15
64
40
40
48
58
21
19
33
50
60
21
17
46
54
13
39
17
46
23
42
46
29
34
39
15
12
49
50
21
50
31
10
35
44
58
46
21
31
19
39
13
19
62
19
38
54
52
23
30
52
13
29
48
46
44
15
29
58
51
56
52
31
17
58
46
48
56
23
17
19
19
44
42
23
21
61
33
46
44
33
37
42
23
15
48
42
33
21
40
15
51
10
19
31
13
14
12
29
39
8
31
25
16
23
48
13
35
25
37
11
19
10
44
10
69
29
31
13
26
11
19
14
31
25
25
21
57
31
40
27
15
17
29
12
15
12
15
5
2
0
2
0
0
0
2
2
2
6
2
2
2
2
4
8
2
2
2
2
0
2
2
2
2
2
0
0
2
0
2
7
11
0
0
0
2
2
0
4
0
0
0
4
0
0
2
2
6
0
2
0
2
2
4
2
5
3
4
5
0
2
2
2
2
0
2
0
2
2
0
2
2
0
2
0
2
0
2
2
6
4
4
2
3
2
0
0
4
0
4
2
2
6
4
0
0
2
4
2
0
2
2
4
2
2
4
2
2
0
2
4
2
7
4
4
0
2
2
0
2
4
2
2
2
0
2
2
2
4
2
0
0
0
0
2
2
4
4
2
2
2
0
5
3
2
2
2
2
2
2
0
2
4
2
4
0
2
2
4
4
0
4
4
2
0
2
2
15
0
2
2
2
2
2
2
0
4
0
2
2
2
0
0
2
2
2
2
2
0
4
2
0
2
2
7
2
0
4
6
2
4
0
0
0
2
4
2
0
2
2
2
0
2
2
4
2
0
4
2
2
2
2
0
2
2
2
2
4
5
5
0
4
4
4
5
2
2
0
2
2
3
2
4
5
2
2
19
2
2
2
11
0
0
0
0
2
0
0
4
3
0
0
2
2
2
2
2
0
2
2
2
2
2
2
2
0
0
2
0
2
7
4
2
2
2
0
9
7
27
26
8
7
5
4
7
4
28
2
6
30
7
49
7
6
7
22
5
7
28
7
10
12
7
36
37
7
48
6
5
40
47
4
42
37
4
7
18
6
13
5
6
7
27
23
4
43
7
7
7
4
2
14
6
4
4
4
5
7
9
4
40
6
44
2
7
7
41
9
6
5
21
16
43
17
11
18
46
48
20
2
4
6
35
4
4
37
23
4
46
2
7
2
7
15
32
7
13
11
34
4
6
52
32
4
9
13
2
2
38
4
51
11
39
44
40
23
12
16
2
51
9
9
52
24
9
27
46
47
13
7
4
5
2
5
4
7
19
17
7
32
4
49
5
19
9
31
6
27
46
33
7
6
6
4
20
55
4
6
7
46
6
42
29
5
6
11
11
25
11
24
13
16
11
33
23
18
4
25
35
12
23
18
9
15
20
18
18
11
29
7
31
23
16
22
11
18
16
13
17
22
12
19
20
26
7
16
11
11
11
27
33
25
31
27
7
11
29
18
35
21
30
19
22
36
22
9
15
33
15
9
14
13
9
15
28
32
26
22
26
12
25
18
27
24
18
36
13
16
25
26
11
4
15
16
7
11
9
11
13
24
22
18
13
13
17
11
10
25
7
20
32
15
15
24
11
29
13
24
28
11
7
20
17
33
