5
9
7
47
13
15
7
17
5
13
5
7
7
11
7
13
11
11
11
3
11
9
13
9
11
9
7
11
11
5
13
7
13
3
9
7
17
7
3
0
2
5
7
5
3
17
7
9
7
3
13
11
11
5
11
9
9
23
5
5
25
5
9
11
15
5
23
5
13
7
5
9
9
13
17
11
3
11
9
9
5
9
13
13
9
9
2
5
17
9
11
13
11
13
13
7
15
19
7
15
9
11
5
19
9
3
13
3
3
7
9
9
15
5
9
7
5
13
17
23
7
9
9
11
19
11
9
9
7
15
15
11
9
3
9
9
11
3
5
3
9
68
2
13
5
19
13
9
7
13
17
9
15
17
13
19
27
29
17
13
9
7
5
15
21
17
7
13
9
5
11
33
9
25
11
9
23
15
21
15
9
17
13
11
17
23
7
17
25
13
13
23
7
7
5
9
11
7
15
5
3
9
11
5
11
7
7
13
9
9
9
13
7
9
7
7
5
7
11
7
7
5
7
9
13
5
13
7
7
7
9
9
4
3
5
2
2
17
5
7
2
3
7
5
5
5
9
9
7
17
3
5
9
2
0
0
13
11
7
5
2
2
5
9
9
5
2
15
9
7
7
15
33
9
3
5
5
7
9
11
7
7
9
9
7
11
7
9
3
3
9
5
5
9
11
11
3
7
5
3
2
3
2
2
7
13
2
5
0
7
5
7
3
2
5
2
2
0
5
2
9
2
4
7
5
4
3
3
5
5
3
7
3
11
3
7
17
9
9
3
5
9
3
5
7
5
13
5
5
9
3
9
5
15
2
7
15
17
5
5
15
2
15
13
9
9
9
7
11
9
9
15
13
17
9
19
11
7
5
11
9
7
7
11
15
13
13
15
9
13
7
3
11
13
7
13
7
13
5
7
3
7
7
9
25
19
11
5
9
11
21
11
13
5
11
2
15
11
17
11
11
13
13
15
11
15
15
7
7
13
21
7
23
9
13
5
7
9
9
19
7
11
11
15
19
17
15
19
31
11
21
11
7
9
27
9
15
13
19
13
13
15
7
13
11
25
13
9
11
13
17
17
7
21
7
29
27
11
17
7
15
25
7
11
11
9
11
11
27
21
7
15
11
7
17
3
7
7
17
7
13
13
13
5
21
19
15
7
11
19
7
13
27
13
7
13
11
11
29
17
17
15
9
11
11
23
13
7
11
7
4
3
17
5
11
15
7
7
7
5
3
11
7
5
7
7
9
11
5
15
5
11
5
5
5
5
5
7
9
7
7
11
5
7
3
7
9
7
17
13
7
5
2
5
5
9
17
26
27
23
28
29
26
60
12
24
23
26
23
19
22
19
16
19
22
13
17
21
20
17
19
12
20
15
32
18
14
12
29
16
14
23
24
20
14
13
17
38
40
17
20
23
19
17
20
20
11
11
28
19
63
31
19
13
22
8
14
12
25
10
14
28
12
58
22
27
25
16
15
18
13
16
27
25
19
75
23
20
22
24
34
23
18
9
23
27
13
37
20
52
19
14
17
24
17
8
31
9
35
17
14
29
52
13
20
19
7
29
15
23
13
29
16
26
11
16
56
29
25
8
13
30
25
16
15
50
26
12
26
64
45
18
45
14
12
15
18
69
42
36
18
22
25
17
50
14
28
18
10
22
22
11
19
52
25
14
13
62
22
17
24
21
10
33
41
40
4
13
14
21
22
23
27
26
21
24
26
49
41
15
29
13
32
31
30
12
27
57
10
41
15
18
85
18
13
14
41
21
15
30
31
14
16
7
12
49
12
39
19
33
14
17
20
19
16
16
23
18
14
12
11
9
10
12
22
18
17
19
0
0
0
0
0
0
0
0
0
0
0
0
0
0
0
0
0
0
0
0
0
0
0
0
0
0
0
0
0
0
0
0
0
0
0
0
0
0
0
0
0
0
0
0
0
0
0
0
0
0
0
0
0
0
0
0
6
2
6
4
6
4
4
2
0
4
0
6
4
6
2
6
8
8
2
2
2
0
2
2
6
6
4
2
4
4
4
4
2
4
4
8
2
10
4
2
2
4
0
2
6
4
4
4
10
2
4
4
4
2
8
0
0
8
2
4
2
4
4
8
6
8
8
6
6
4
2
4
6
8
4
2
6
2
4
2
6
2
4
2
2
0
6
6
6
0
6
2
0
6
4
4
4
8
2
6
6
4
4
0
0
4
0
4
4
2
6
4
4
2
4
6
4
4
4
8
2
4
6
0
8
0
6
4
8
4
8
0
4
2
2
4
4
8
6
6
4
6
2
4
6
6
2
0
4
0
6
4
4
6
2
2
4
4
4
0
4
6
2
2
2
0
0
4
4
6
4
2
4
2
6
4
2
0
4
4
2
6
4
4
4
4
4
4
4
4
0
2
4
6
6
2
2
4
4
2
2
4
6
2
4
2
2
4
4
0
4
6
4
2
6
4
4
8
8
4
0
2
4
4
4
4
6
4
4
4
2
2
4
0
6
2
6
2
2
0
8
2
2
6
0
4
4
6
4
6
4
2
8
2
2
2
4
0
4
4
4
4
4
6
2
4
4
2
8
2
2
6
6
4
6
8
6
2
4
4
4
2
4
4
2
2
4
2
2
2
2
8
3
2
0
2
2
4
2
2
2
2
2
2
2
2
2
2
2
2
0
2
2
0
4
3
2
2
3
0
2
2
0
2
2
2
4
2
2
3
4
2
2
3
2
2
2
2
2
2
2
2
2
2
2
2
5
4
2
2
2
2
4
2
2
2
2
2
4
2
2
2
2
2
4
4
2
2
4
4
0
2
2
4
2
2
3
3
2
2
4
2
4
2
2
0
2
2
2
4
2
2
2
4
4
2
2
2
2
2
3
4
2
4
3
2
4
2
2
3
2
2
2
4
2
2
3
2
2
3
2
2
4
2
4
2
53
4
2
2
2
2
5
2
5
2
4
3
4
2
2
7
2
2
4
0
3
1
0
1
3
2
2
0
5
2
0
2
2
3
2
4
9
2
2
20
2
2
2
2
3
2
7
3
2
3
3
3
1
2
2
4
2
2
2
2
2
3
0
2
0
31
3
4
2
2
2
3
2
2
10
4
6
2
2
4
3
4
2
1
2
2
2
0
2
2
0
3
2
2
2
2
2
4
0
2
2
2
2
3
5
2
2
2
5
3
2
0
2
2
2
2
2
4
2
2
4
2
2
2
4
2
2
2
3
3
2
6
2
3
2
3
4
4
2
5
2
2
2
2
2
3
2
17
2
0
9
4
6
7
4
9
8
4
4
7
5
4
4
3
4
5
0
6
4
8
3
6
5
64
6
6
6
4
0
8
8
4
6
4
7
4
6
2
4
18
4
8
6
6
6
5
4
6
8
6
5
2
2
2
10
6
6
6
6
4
2
2
2
4
2
4
7
5
8
9
9
6
4
4
8
6
2
6
4
5
7
6
4
6
7
4
2
5
6
4
4
4
4
7
4
8
6
4
6
8
2
6
6
10
4
6
4
4
8
2
4
8
6
4
6
2
8
4
4
5
7
4
0
8
2
2
8
6
4
5
8
8
6
4
6
12
4
6
4
6
6
6
6
8
6
2
6
5
4
6
6
6
8
10
4
8
2
7
3
8
2
8
6
6
8
6
7
6
6
5
11
0
7
4
8
7
8
6
6
6
2
4
2
2
0
7
6
6
60
2
4
4
6
0
4
8
8
4
6
4
6
8
6
6
5
4
6
10
4
2
8
8
11
6
6
6
6
6
7
6
8
8
4
5
8
10
8
8
7
4
7
41
6
2
6
4
6
6
7
4
8
4
2
10
4
7
4
4
6
8
7
4
4
6
6
8
6
11
8
6
6
6
8
4
6
9
4
6
10
6
8
8
4
6
7
6
4
10
4
4
6
4
10
4
4
4
8
6
20
14
8
4
4
18
14
12
6
4
6
10
12
8
16
8
6
10
4
10
18
6
12
8
14
14
8
10
6
8
6
6
18
14
27
22
22
18
14
6
12
23
31
8
10
6
10
35
23
6
23
8
10
27
25
18
29
8
23
18
6
10
8
16
25
16
22
23
16
16
12
12
23
12
16
20
35
16
47
31
37
18
47
37
31
10
29
10
6
10
33
25
27
37
27
31
6
14
18
14
14
35
16
21
16
12
16
22
16
27
20
12
29
21
22
33
33
39
45
16
16
27
12
29
27
37
18
10
29
29
10
20
35
37
12
10
18
37
31
19
16
16
23
37
35
8
18
10
43
27
27
6
33
20
21
18
53
41
31
41
14
12
27
23
35
25
16
16
10
12
39
39
25
61
29
10
21
31
29
31
8
6
25
23
49
29
29
23
29
23
16
25
10
16
39
6
31
23
12
10
6
12
12
8
4
4
4
6
8
6
8
14
10
6
6
18
2
10
6
6
4
12
8
2
2
16
6
4
4
8
8
4
8
6
8
16
6
8
23
12
14
4
6
6
10
6
8
6
8
18
16
10
14
4
16
20
23
16
12
6
14
16
8
8
43
2
4
14
6
4
4
0
4
4
2
8
4
14
12
8
8
4
37
14
8
16
6
6
4
5
9
0
6
2
4
11
4
9
4
2
0
2
4
3
6
4
2
7
6
7
6
5
4
0
5
7
7
13
6
3
4
5
2
5
4
4
5
0
4
0
2
4
6
4
4
15
5
4
4
7
2
6
6
4
4
6
0
4
3
7
4
2
4
2
4
0
2
4
6
2
2
2
2
3
5
4
2
2
4
17
7
6
4
9
2
2
5
0
0
5
4
0
9
4
2
0
2
2
6
9
4
0
9
6
2
6
4
0
4
5
7
4
6
5
2
13
2
2
0
5
4
2
2
4
3
3
4
2
13
3
9
0
15
13
2
4
5
4
0
2
2
2
4
4
2
6
5
11
4
5
11
7
5
0
2
2
6
5
7
4
2
0
2
0
13
2
0
2
3
0
5
2
3
2
4
4
4
5
2
4
11
5
2
5
6
4
11
3
0
4
4
7
0
5
0
3
2
5
2
0
2
7
17
2
4
2
4
4
4
5
2
0
6
0
0
5
2
4
2
2
4
4
2
4
4
4
7
9
6
0
4
0
4
7
6
5
2
4
4
0
2
4
4
4
4
15
6
5
3
5
2
11
3
3
4
4
4
2
2
2
6
7
2
23
2
5
6
4
2
7
7
4
3
6
7
6
5
9
6
2
13
17
5
2
11
4
0
0
13
1
8
22
15
62
33
58
0
0
0
0
21
13
0
4
17
29
5
17
16
1
0
0
0
0
8
0
12
20
28
12
23
36
16
0
8
12
7
0
17
15
12
12
26
20
22
0
10
19
11
0
21
12
0
1
13
11
0
7
17
13
1
17
13
15
25
20
16
17
15
8
18
1
8
0
18
13
15
5
17
12
19
21
3
17
6
0
17
0
19
11
1
22
41
0
0
10
6
0
3
11
19
17
71
0
0
0
17
0
7
8
5
11
17
33
27
43
0
0
19
1
8
0
10
30
14
12
43
1
0
0
1
23
0
6
0
3
11
11
17
16
5
9
16
12
0
0
37
0
5
0
1
8
0
0
0
0
8
4
0
4
10
14
9
0
1
9
0
10
0
0
4
9
16
9
19
13
10
0
15
15
10
1
9
11
6
11
11
11
8
3
6
3
9
7
15
6
8
0
15
10
9
15
0
11
8
4
0
24
16
0
22
13
9
8
0
9
0
0
0
14
26
14
17
13
16
9
5
1
0
0
7
8
0
0
1
1
3
11
0
0
0
7
1
9
1
0
6
0
6
0
9
10
8
12
0
0
6
4
0
7
0
10
0
4
8
0
7
0
10
6
12
1
8
6
0
1
1
0
4
5
9
7
10
1
4
14
2
4
10
6
0
6
2
6
6
6
8
2
6
16
4
2
4
6
8
6
2
4
6
4
6
6
2
2
4
2
2
4
6
4
8
0
4
4
2
4
6
4
0
4
2
2
4
2
4
4
16
4
4
2
6
12
2
6
4
6
6
8
6
8
4
2
4
2
6
4
12
4
6
4
4
4
2
4
6
4
4
8
2
6
4
0
4
0
2
6
2
4
6
4
0
4
6
4
4
2
10
4
4
4
4
2
4
2
6
4
2
12
6
6
2
12
8
2
2
4
2
8
0
10
8
2
8
0
2
2
18
2
4
6
4
6
2
4
6
6
8
6
0
10
8
2
8
10
4
4
2
2
6
2
2
4
2
6
12
2
2
2
0
2
6
4
4
0
0
2
8
4
10
0
4
2
4
4
2
2
6
8
10
2
4
16
6
10
8
4
14
12
8
6
2
0
10
4
6
4
4
4
4
6
8
8
4
2
4
4
6
4
4
4
6
4
4
6
2
4
2
10
8
4
4
2
4
8
2
10
6
2
8
6
6
0
4
2
8
4
6
8
2
10
18
6
0
4
6
4
14
2
4
0
4
6
2
4
2
8
6
4
2
4
2
2
2
8
4
2
6
4
10
2
4
0
0
8
6
2
4
0
2
2
8
6
