2
2
2
2
2
13
5
2
2
0
2
4
2
2
3
2
2
4
4
3
2
2
2
4
2
2
2
6
2
3
5
3
2
2
4
2
2
2
2
4
2
19
6
2
4
2
0
3
2
5
2
3
0
2
4
5
6
2
2
5
2
2
2
2
2
4
10
2
4
2
2
2
0
3
5
2
3
4
2
1
7
2
4
2
2
0
4
7
2
2
3
2
0
2
5
1
1
2
2
4
3
5
0
2
6
3
3
8
4
3
2
2
2
2
6
2
2
3
2
7
3
2
2
7
2
2
2
4
2
2
2
2
2
3
2
1
2
2
2
2
0
19
2
3
5
3
0
0
23
3
0
5
4
4
8
2
2
15
5
5
0
2
2
2
2
7
2
2
2
2
2
3
2
3
0
2
20
2
4
2
0
2
4
2
3
0
1
2
2
5
2
0
0
2
2
0
2
3
2
5
2
3
2
0
2
2
2
2
2
2
2
5
18
20
4
4
2
2
2
0
0
4
27
2
17
15
2
4
4
2
0
2
3
12
2
2
2
2
2
20
2
4
2
49
12
2
2
1
3
0
0
0
15
4
2
0
2
0
0
3
2
2
2
0
2
2
2
2
4
4
4
4
0
2
2
3
2
2
2
0
1
5
2
2
2
2
4
0
6
13
5
9
6
2
7
8
6
6
9
2
2
2
2
2
2
0
4
8
6
4
4
2
4
0
0
4
0
4
8
6
0
0
2
0
2
0
0
0
4
5
9
11
2
4
4
4
2
2
2
2
4
2
4
0
5
2
4
0
2
4
0
0
0
9
11
2
0
4
0
0
2
2
0
2
0
6
10
0
6
2
2
0
0
0
0
0
0
0
13
19
0
2
6
0
0
2
0
0
2
4
10
13
4
4
0
0
2
2
2
0
0
5
2
7
0
0
0
2
0
2
0
2
0
2
9
8
0
0
4
0
4
4
0
2
0
15
17
79
0
0
0
0
0
2
0
0
2
2
11
11
4
0
2
2
2
0
2
2
2
0
2
13
2
2
2
0
0
0
2
0
2
2
7
11
5
4
8
9
6
0
4
2
2
4
4
6
4
4
2
8
2
7
0
7
0
2
1
9
4
13
7
2
2
2
2
2
0
0
14
9
2
0
4
4
2
0
0
2
0
0
11
11
88
0
4
2
0
0
4
2
0
6
6
13
2
2
2
0
2
0
2
2
0
2
0
3
3
11
58
0
0
4
2
0
0
7
7
17
4
2
0
2
2
2
0
2
4
2
2
4
2
0
2
0
0
0
0
0
7
2
3
4
0
2
2
2
7
4
0
37
0
2
2
45
32
65
5
30
2
2
26
8
2
35
29
17
71
0
2
2
38
0
2
38
23
0
0
19
37
2
25
28
2
2
22
19
31
6
16
29
42
7
28
45
16
7
27
23
29
10
24
15
34
4
56
45
0
28
30
26
13
23
44
13
17
24
2
23
33
31
28
0
47
17
5
11
2
30
25
31
54
0
29
35
25
11
18
5
22
27
55
23
4
23
19
40
33
33
19
19
8
6
0
26
17
30
25
25
28
29
15
21
6
29
23
38
36
31
27
16
5
29
15
22
2
35
50
27
0
4
37
27
0
24
18
19
14
40
29
6
37
27
33
15
25
31
16
11
12
29
9
30
44
50
2
19
27
17
0
24
4
21
14
29
21
25
21
23
33
29
51
38
2
29
44
4
22
26
28
28
44
31
16
16
7
33
33
17
29
29
25
29
45
20
36
6
31
13
15
21
28
19
44
40
3
26
15
2
10
22
14
19
24
19
46
17
20
5
25
13
23
2
29
17
4
12
30
2
10
4
14
2
17
14
18
2
15
6
23
4
22
2
18
3
2
17
25
11
21
12
19
16
16
19
25
9
4
26
3
25
18
22
18
13
22
23
16
3
9
21
23
30
20
23
25
7
17
11
31
14
17
7
4
14
5
3
5
3
7
5
3
1
5
5
1
5
0
3
26
5
34
9
5
3
3
3
5
3
7
1
1
3
0
53
5
3
7
3
47
0
5
5
3
3
0
5
5
1
5
1
2
1
2
0
3
1
5
5
3
1
3
1
1
7
5
3
21
3
5
0
3
3
3
0
3
5
0
5
5
2
1
0
3
1
1
5
5
3
2
3
0
2
5
3
1
5
5
0
5
2
2
2
7
2
5
1
3
3
5
9
30
3
1
1
0
51
5
3
2
3
0
7
53
1
1
5
3
3
7
1
3
3
3
5
3
1
1
3
5
0
3
3
0
3
0
1
3
3
2
5
2
3
2
5
1
1
0
38
4
3
2
1
7
0
1
24
5
9
2
3
3
5
3
0
0
5
0
5
1
1
5
1
4
5
5
1
3
1
3
7
1
1
53
1
1
1
0
0
7
5
0
1
5
7
3
17
1
7
1
1
9
39
4
2
5
4
3
1
5
1
5
29
3
2
1
1
5
7
4
1
1
7
3
0
1
5
7
1
51
5
6
1
0
5
4
4
0
1
1
1
7
9
1
4
28
2
49
46
1
3
3
1
3
4
5
0
4
2
0
7
7
1
3
3
3
1
1
1
3
1
5
1
0
7
2
2
5
3
0
7
3
2
5
1
1
1
0
3
3
3
5
5
1
3
3
0
0
5
0
3
5
1
0
0
0
3
3
0
1
3
1
7
0
5
3
3
3
1
1
1
3
3
0
0
1
0
1
0
3
0
3
3
3
1
7
3
5
3
1
1
1
1
3
1
3
3
5
5
3
5
0
0
1
1
1
5
1
0
3
5
3
3
3
0
3
5
1
1
0
5
1
3
0
1
0
3
0
1
1
3
9
1
5
1
3
3
1
3
0
5
3
7
5
0
3
3
5
5
0
1
1
1
3
3
3
3
0
1
0
3
0
3
3
3
1
5
1
3
1
3
3
0
7
0
0
1
3
3
0
0
0
3
3
3
0
5
3
3
1
0
5
0
3
3
0
0
7
5
1
1
3
3
3
1
7
3
3
3
3
1
1
7
5
5
1
1
0
0
3
1
0
1
3
7
1
3
0
1
3
7
5
0
5
5
5
3
0
1
5
0
1
3
7
3
5
1
1
0
7
1
5
7
5
0
9
1
7
3
5
1
1
3
5
0
1
1
0
5
5
3
0
3
3
1
0
0
1
0
3
1
3
0
1
1
3
1
3
0
5
3
0
1
3
1
0
3
1
3
0
3
1
3
0
0
1
3
0
1
3
7
5
1
1
5
3
3
5
3
3
3
2
5
42
17
28
23
15
43
21
15
15
15
23
21
18
21
19
16
15
19
19
16
29
27
16
28
28
15
30
10
26
19
11
21
29
40
33
43
23
15
50
23
43
24
18
27
18
63
16
25
28
29
27
41
27
20
46
22
27
29
57
26
34
29
36
35
47
40
32
50
39
24
58
32
43
26
52
45
29
51
48
36
39
12
21
43
25
32
44
30
33
21
42
50
42
0
36
30
51
66
66
59
66
65
44
64
50
43
56
57
36
50
58
56
57
67
53
73
55
45
31
58
47
57
63
76
64
73
69
81
67
65
69
58
52
50
70
73
64
37
57
59
46
62
51
67
70
63
53
68
55
61
54
59
40
67
73
73
35
66
64
63
72
56
61
49
56
75
59
56
61
60
63
67
56
61
72
60
81
53
56
50
68
66
76
86
67
77
59
65
58
53
63
73
63
65
74
59
55
69
56
77
64
68
69
49
37
63
66
67
68
70
45
59
80
65
64
74
50
81
40
0
21
13
62
59
49
40
46
61
44
32
69
50
45
64
66
37
55
60
48
43
64
37
52
68
62
41
42
64
61
0
0
5
54
37
55
71
58
62
66
58
38
90
64
62
77
36
63
35
63
72
66
71
76
57
66
69
52
12
39
64
30
82
26
38
80
70
10
12
45
17
16
22
17
12
13
9
12
16
24
14
19
18
14
15
16
18
20
15
9
45
45
51
16
25
32
13
22
21
14
18
18
15
16
58
20
14
21
30
48
29
16
25
17
10
22
29
23
32
32
18
19
23
21
26
24
36
23
25
24
38
28
50
24
20
27
17
15
20
28
19
23
23
27
26
27
11
21
19
26
25
17
20
26
30
24
28
25
22
23
22
10
17
19
21
57
29
35
25
25
24
29
30
30
40
52
54
50
44
50
32
33
46
36
30
46
30
29
29
18
16
23
22
29
27
9
45
45
53
34
26
16
23
21
33
36
23
19
32
27
19
23
22
23
17
20
25
28
26
24
20
13
22
24
48
38
33
22
25
34
20
21
22
22
23
28
19
23
22
22
21
24
19
22
19
14
22
22
30
15
23
13
20
19
24
28
33
18
25
17
26
47
23
20
21
19
26
20
20
28
26
13
25
28
18
22
29
16
18
19
22
22
16
22
21
18
20
17
20
18
20
20
32
20
19
19
41
49
20
18
29
19
26
23
14
20
19
18
30
22
16
22
18
15
18
21
25
22
18
18
18
17
22
21
21
23
24
16
14
23
18
25
22
20
15
18
23
17
18
19
21
17
19
22
42
26
26
23
19
29
23
27
23
16
24
39
48
16
3
47
3
6
4
7
1
5
1
3
3
8
0
1
3
3
1
7
3
5
20
3
5
3
53
3
3
3
4
1
13
1
4
8
56
3
3
49
5
3
62
1
4
3
3
3
3
3
1
5
1
12
1
33
5
4
5
3
3
4
5
9
9
3
5
3
34
3
5
1
4
3
10
1
3
1
1
3
5
1
4
3
1
5
1
1
9
5
5
3
10
17
3
1
5
3
1
31
3
3
11
4
3
4
5
3
3
5
40
5
34
5
3
5
3
3
13
3
33
5
4
1
1
3
1
33
1
38
1
1
3
7
1
3
3
3
37
5
5
5
5
3
5
3
5
48
1
3
56
1
3
5
8
34
5
3
5
5
13
1
1
5
5
1
1
6
3
5
1
5
4
1
3
1
3
3
5
3
1
1
5
3
3
45
1
5
1
3
3
3
1
14
5
29
3
5
7
4
7
5
5
5
3
23
5
3
3
3
3
1
45
5
3
5
4
3
3
3
3
0
3
1
1
3
5
3
3
3
1
3
1
3
3
7
3
1
3
1
3
1
1
1
20
55
5
1
53
1
5
44
3
5
5
64
1
1
49
5
3
5
3
3
25
9
3
40
3
3
3
0
3
3
1
1
1
1
58
1
8
3
34
7
5
47
1
2
0
2
2
0
2
5
4
0
0
6
2
2
2
2
0
0
2
2
0
0
0
0
2
0
4
0
2
3
2
5
2
2
2
2
2
2
2
0
0
2
0
0
0
0
2
2
0
0
0
0
2
2
0
0
2
2
0
4
2
0
0
2
0
4
2
2
2
2
4
2
0
2
4
0
2
2
0
4
2
2
2
2
0
0
0
2
2
0
2
0
0
2
2
2
0
2
2
0
2
2
2
0
2
2
0
0
0
2
2
0
2
2
2
0
0
2
2
2
2
0
0
2
2
2
2
0
2
4
2
3
0
2
2
2
0
0
2
0
2
0
4
4
2
2
2
2
2
0
2
2
4
2
4
2
4
0
2
0
2
2
2
2
0
0
2
0
0
2
4
2
2
4
2
0
2
2
3
3
2
4
0
2
4
2
4
2
2
2
0
2
4
2
2
0
2
2
0
0
0
2
2
2
2
0
0
0
2
2
0
0
2
0
0
2
2
2
0
0
0
2
0
0
0
2
0
5
2
4
0
2
3
2
0
0
2
2
0
2
2
2
0
0
0
0
0
2
0
0
2
0
0
2
2
2
2
0
0
2
2
2
2
1
0
0
0
2
0
0
0
0
5
2
0
2
2
0
6
1
0
0
7
2
2
0
2
0
2
7
8
41
4
8
40
10
42
5
2
76
13
46
39
46
7
17
15
0
8
7
13
8
17
6
13
4
6
13
7
42
7
13
4
9
6
84
15
73
8
60
7
15
6
6
41
24
77
2
48
15
48
9
61
5
33
6
9
7
53
9
9
8
76
27
33
9
8
16
7
4
9
50
10
4
11
28
17
43
8
8
4
7
44
8
35
9
32
11
10
5
7
8
4
52
8
46
4
6
13
23
9
10
5
6
6
7
9
5
10
6
32
44
8
6
11
11
6
4
11
7
12
8
72
16
36
13
8
41
13
72
20
45
43
42
7
42
9
7
13
2
27
10
43
8
5
9
52
5
8
9
58
4
40
7
6
63
38
11
46
49
5
59
5
33
10
95
17
11
72
8
10
9
77
15
35
38
15
10
31
5
10
4
7
6
11
6
6
30
19
51
2
71
8
5
47
9
6
7
9
38
6
10
15
10
68
8
6
11
8
9
4
38
10
40
13
15
7
9
8
15
13
4
55
18
6
31
62
54
11
37
6
6
5
6
11
5
10
8
41
6
6
4
15
6
7
7
26
33
55
29
13
4
3
15
8
13
4
9
48
9
4
22
18
0
24
32
4
13
14
63
11
15
15
13
44
11
0
0
0
0
0
0
0
0
0
0
0
