8
15
15
15
11
8
21
6
19
14
10
8
4
8
20
13
15
10
8
13
4
4
12
8
4
12
13
13
11
10
10
19
13
6
14
11
9
10
6
2
9
6
4
6
6
8
11
2
4
8
4
15
12
6
6
8
10
8
10
12
8
8
17
10
8
9
10
10
4
6
10
4
10
4
4
12
13
8
15
9
4
4
4
13
14
16
10
11
13
8
8
9
8
13
16
13
6
14
4
12
13
6
10
4
8
8
6
9
6
8
12
10
8
10
6
8
6
12
10
15
8
8
6
15
12
8
10
6
10
8
8
2
8
19
25
8
7
4
6
9
15
8
8
15
8
12
8
13
12
12
16
7
10
4
15
6
6
17
6
15
14
8
6
13
8
13
8
21
8
8
14
12
8
12
15
13
6
0
6
14
12
15
8
4
13
11
13
6
19
6
10
19
8
8
19
15
10
9
17
13
6
6
10
10
8
15
10
13
13
10
19
4
16
10
13
15
12
6
6
12
19
10
4
12
12
4
12
13
10
21
10
6
4
4
13
4
8
6
6
14
6
12
14
6
6
6
19
9
9
8
4
9
6
2
8
13
15
8
10
6
6
4
2
13
6
10
6
8
16
33
6
4
6
11
5
8
12
4
12
12
6
2
6
2
10
2
6
6
2
0
53
0
2
2
4
4
0
4
0
0
2
2
0
0
0
0
2
6
0
0
2
0
0
0
0
0
0
2
2
0
5
2
0
0
0
2
4
4
0
2
2
0
0
0
0
0
4
98
8
0
0
6
2
0
6
0
2
0
2
0
0
4
0
80
4
0
0
98
2
4
2
2
0
94
0
0
0
2
2
2
4
0
0
0
2
4
0
2
2
92
2
0
2
0
2
2
0
0
0
4
2
2
0
2
0
0
0
2
0
2
88
4
0
2
0
2
0
2
2
0
2
4
4
2
0
2
0
0
2
0
4
2
0
0
2
2
87
0
2
0
0
0
0
0
2
4
2
2
4
2
0
0
0
2
2
0
0
2
0
0
6
2
0
0
4
4
2
0
8
2
2
0
2
94
0
0
8
0
2
4
4
0
0
2
2
0
4
2
2
4
0
0
4
2
2
2
0
0
2
2
2
0
0
2
0
4
0
0
0
4
2
0
2
2
2
4
6
0
6
1
65
2
2
4
0
2
0
2
0
4
0
0
6
2
2
2
2
0
2
4
2
6
0
0
0
0
2
10
0
4
0
4
0
0
2
0
4
0
0
8
2
0
2
2
0
4
2
2
1
0
0
4
2
6
2
2
0
2
0
0
2
0
4
2
2
4
12
16
2
37
25
25
0
0
30
0
37
37
25
0
0
30
53
34
23
2
49
0
0
22
1
0
9
22
26
28
24
21
0
9
0
0
12
0
17
24
0
6
11
0
4
39
11
23
0
6
0
57
30
7
0
2
0
70
0
0
0
0
23
6
0
21
0
7
40
2
0
21
2
15
6
34
0
18
0
0
0
46
0
27
2
0
25
0
22
0
20
0
9
0
23
0
12
0
7
13
4
23
1
0
31
0
19
0
24
8
0
2
2
2
29
2
19
0
0
0
20
0
0
0
24
29
27
0
28
4
27
0
26
28
20
2
0
0
23
5
7
0
33
0
0
0
75
29
9
21
0
78
4
18
0
14
8
5
7
0
3
0
0
7
11
5
2
0
0
2
13
0
0
3
2
0
0
37
31
1
4
22
0
6
24
0
34
0
2
8
32
0
34
0
64
27
0
0
0
18
0
23
2
0
50
11
10
0
2
21
9
18
9
0
0
0
2
0
30
0
2
0
22
65
0
0
0
26
0
0
9
16
0
0
15
0
1
15
0
0
7
37
6
0
0
1
58
0
27
18
0
0
24
2
0
0
0
0
2
0
6
1
0
8
8
0
3
0
5
11
14
0
0
19
0
0
0
7
0
16
4
0
29
0
2
32
4
18
2
2
2
0
2
2
0
0
0
4
4
2
2
2
0
2
0
2
2
0
0
2
2
0
4
4
2
2
2
0
2
2
2
2
4
0
2
0
4
2
2
0
2
4
4
0
2
2
2
2
2
0
2
2
2
4
0
0
0
0
2
2
0
0
0
2
0
6
0
2
0
0
2
0
0
2
2
2
0
2
0
2
2
2
0
0
2
2
0
0
2
0
0
0
0
2
0
4
0
0
0
0
0
4
0
2
2
2
2
0
0
0
8
2
2
0
0
0
2
0
0
2
2
2
2
2
0
2
2
4
2
4
2
2
2
2
2
0
2
0
2
0
2
0
0
2
0
2
2
2
4
0
0
2
0
4
4
2
0
0
0
2
2
0
0
2
0
0
4
2
0
4
2
0
0
0
2
2
0
0
2
4
0
0
0
0
0
2
2
2
2
2
2
4
2
0
2
0
2
0
4
2
0
0
2
2
2
0
2
2
0
0
4
2
0
0
2
0
2
2
0
2
2
2
2
2
0
0
0
0
2
2
2
2
0
2
0
0
0
4
2
2
4
4
2
2
0
0
0
2
4
0
4
2
2
0
0
2
0
2
4
2
0
0
2
2
0
2
2
0
0
2
2
0
2
2
0
4
2
2
2
4
2
2
0
0
0
2
10
8
6
10
8
15
10
10
15
8
6
4
9
4
4
8
8
9
6
8
4
12
6
8
10
8
8
12
2
4
10
12
4
4
4
6
6
6
6
6
8
29
2
6
6
6
4
14
10
10
4
8
6
6
6
6
4
4
41
4
4
6
8
12
6
46
2
2
6
4
8
15
2
6
6
4
4
6
8
4
10
8
4
8
4
6
10
8
6
14
8
6
17
6
4
8
12
6
6
10
15
12
8
12
12
8
12
6
10
12
12
10
8
2
4
8
10
14
2
8
4
6
15
8
14
15
4
16
6
12
8
16
6
14
4
8
6
8
4
6
12
8
8
14
2
8
8
6
6
8
4
8
8
4
15
8
6
10
6
10
6
13
8
10
10
8
6
10
14
8
17
12
8
8
10
8
21
14
12
8
12
13
12
10
23
4
10
8
12
14
4
17
8
17
6
16
16
6
6
10
4
14
14
17
12
10
8
15
6
14
10
12
8
4
10
14
6
8
4
14
8
8
6
10
17
17
8
10
12
8
6
8
12
8
10
9
8
10
8
10
14
10
8
40
12
12
10
6
8
15
8
10
14
12
6
8
10
6
10
14
8
6
8
4
8
14
10
10
6
10
6
8
8
8
10
8
10
14
12
8
6
4
6
8
6
2
8
6
2
5
14
6
9
31
11
5
6
6
2
6
6
6
2
4
2
10
2
6
7
6
6
6
2
0
4
16
19
15
4
4
4
8
2
30
6
20
4
8
6
6
2
6
4
6
6
2
8
4
4
2
6
4
4
0
6
6
2
1
6
6
2
2
8
19
3
6
2
8
2
2
4
5
2
7
6
5
4
4
4
2
4
6
6
7
7
6
16
6
8
2
10
10
8
6
2
6
5
6
11
6
12
4
6
4
8
6
4
6
6
6
4
4
2
3
4
2
17
2
4
2
13
8
8
2
4
2
2
12
10
3
2
8
8
6
4
2
6
4
6
9
5
6
13
8
18
10
8
13
2
6
4
8
12
8
3
7
6
11
0
6
8
13
19
17
6
4
7
6
6
5
10
7
4
4
6
2
6
2
4
4
4
5
6
2
10
4
3
2
5
12
5
6
6
4
2
2
28
4
8
15
4
6
8
6
15
8
6
2
2
4
8
6
4
6
4
2
5
18
4
2
14
6
2
10
6
4
6
7
14
2
4
4
25
2
7
12
6
0
4
2
2
7
5
10
6
2
6
6
4
11
4
4
4
8
0
3
3
11
4
4
4
4
2
4
6
6
4
2
4
3
6
8
4
7
13
4
6
2
8
2
2
2
4
4
4
2
44
28
39
35
40
28
30
29
42
34
44
36
43
42
41
22
30
37
42
41
36
45
32
31
30
37
45
36
30
28
37
33
43
39
42
42
41
45
40
39
43
28
27
28
46
36
34
41
38
33
35
45
29
30
32
42
40
41
42
29
41
32
31
39
43
30
27
43
40
29
38
42
37
42
34
43
31
21
31
42
43
45
45
44
42
38
27
38
39
42
39
43
43
37
36
42
42
34
42
37
41
41
31
44
41
41
45
29
45
43
39
40
39
30
36
42
46
36
29
39
43
41
36
32
45
42
33
31
34
39
27
29
40
43
38
39
42
30
41
43
39
43
43
42
42
34
40
24
31
30
39
40
29
35
41
45
27
43
31
43
32
30
41
36
43
39
37
44
43
36
46
44
42
27
43
34
34
42
29
43
32
39
29
40
29
29
41
47
38
42
38
43
29
31
29
35
40
37
29
41
27
39
43
45
43
43
42
29
46
25
42
43
46
45
41
30
42
42
42
30
37
30
32
46
31
33
42
39
46
37
27
40
43
38
26
45
40
35
42
45
45
36
31
27
30
26
42
34
41
31
35
34
27
39
31
42
45
27
29
30
31
29
31
29
47
43
40
34
29
38
32
25
34
43
38
44
42
30
47
32
29
30
31
29
41
44
39
25
18
18
18
19
16
18
18
19
18
18
17
19
19
18
17
19
15
19
18
18
20
19
18
18
18
18
19
18
18
19
19
18
18
18
19
18
19
19
18
19
18
15
18
19
18
19
17
18
19
17
18
19
19
18
18
18
18
19
19
19
17
17
18
18
19
18
19
19
18
19
19
19
19
19
19
19
19
16
19
19
17
18
19
19
18
18
19
19
19
17
19
18
19
18
18
18
19
19
19
16
18
19
16
19
19
15
18
16
18
19
18
17
17
19
19
19
18
17
18
18
19
19
19
18
18
18
16
18
19
17
19
19
17
19
17
18
18
17
16
19
17
17
17
18
18
19
18
17
18
19
17
19
19
18
17
19
19
18
19
17
19
17
17
19
19
18
19
19
19
18
17
16
19
17
19
19
17
19
19
18
18
18
18
18
18
19
19
19
18
18
17
18
19
18
18
18
18
19
18
17
18
19
19
18
17
19
17
19
19
19
17
19
17
19
19
19
17
18
17
19
18
19
18
18
17
18
19
18
18
17
18
19
18
19
19
18
18
18
19
18
13
18
19
19
19
18
18
18
18
17
19
18
19
18
18
18
19
18
19
19
18
19
18
18
19
18
18
18
19
18
18
19
18
18
19
18
18
18
19
17
19
19
19
18
17
18
17
18
26
12
10
6
23
11
17
21
13
32
31
13
21
15
15
4
23
13
25
29
23
33
26
40
29
23
23
15
47
36
21
14
21
33
25
17
31
33
19
17
33
10
21
62
17
15
28
19
21
25
23
12
28
21
14
26
10
28
17
26
19
13
19
39
38
44
21
38
33
33
51
47
79
51
77
23
47
54
32
19
53
32
43
65
42
21
36
42
45
35
19
21
57
23
59
84
68
49
98
67
68
46
57
35
29
60
50
66
42
51
52
69
38
70
76
57
31
46
86
91
56
50
39
79
45
29
30
85
60
50
51
57
28
37
43
64
32
47
51
29
73
32
47
24
33
59
46
29
30
38
62
61
71
42
32
45
36
35
48
97
69
54
29
63
73
42
54
32
26
30
56
30
26
49
30
48
64
43
33
28
29
30
72
55
46
34
27
62
27
82
41
33
21
14
34
31
71
20
31
38
36
46
63
30
55
55
32
80
79
85
61
32
65
72
40
49
29
35
43
58
33
76
67
53
77
28
52
97
48
43
62
73
46
56
25
40
29
30
36
28
29
42
47
36
32
29
36
50
59
30
30
38
38
29
31
32
32
23
58
13
48
36
32
38
27
47
30
45
25
41
38
39
46
33
29
37
31
27
30
21
37
16
17
11
29
42
38
21
4
0
0
2
0
6
2
0
4
0
0
2
0
2
4
2
2
4
0
0
0
0
2
2
2
0
2
2
4
4
2
0
2
0
0
0
2
0
2
0
2
2
2
0
0
2
4
2
0
4
2
2
6
4
2
6
0
0
2
0
0
2
4
0
0
2
2
0
4
0
2
0
0
0
0
2
0
2
0
2
0
2
2
0
0
2
2
6
2
2
0
2
4
0
0
0
0
2
0
2
2
2
4
2
2
2
2
0
0
4
6
2
2
2
0
0
0
0
2
2
2
0
0
2
0
2
4
2
0
4
0
0
4
2
4
2
2
0
2
2
0
4
0
2
0
4
2
0
4
2
2
2
0
2
2
2
2
6
0
0
2
0
2
2
0
2
2
0
4
2
4
0
0
6
0
2
4
2
0
2
0
0
2
2
0
0
0
2
4
0
4
4
4
2
0
2
4
0
0
0
0
0
0
0
2
0
0
0
2
2
0
2
0
2
2
2
2
2
2
2
0
2
2
2
2
2
0
2
0
2
0
2
0
2
2
0
0
2
0
2
2
2
4
4
2
2
4
0
0
0
0
0
0
2
2
2
2
2
0
2
4
0
4
0
0
2
2
2
2
2
2
2
2
4
2
0
0
2
2
0
0
4
0
0
2
4
0
2
