2
0
2
2
0
0
2
0
0
2
2
0
0
0
2
2
0
0
2
0
2
0
0
0
0
0
4
0
6
0
0
4
2
2
2
0
0
0
2
2
0
4
2
2
0
2
2
2
0
0
2
0
4
2
2
4
0
2
4
0
0
0
4
2
2
4
4
0
0
0
0
4
2
2
2
2
0
19
2
4
6
4
7
2
0
0
0
0
0
0
5
2
4
0
2
0
2
2
2
0
0
2
2
5
0
0
4
4
2
2
0
4
6
8
50
0
2
0
2
0
0
0
2
0
4
13
0
0
0
0
0
0
0
2
0
0
0
8
4
2
4
2
4
2
4
5
0
0
2
7
0
0
0
0
0
2
2
2
0
2
0
17
6
2
4
15
2
4
2
2
2
0
2
0
4
2
0
0
0
2
2
2
0
2
3
21
4
2
0
4
2
0
5
0
2
2
0
4
4
2
0
0
0
2
4
0
2
2
4
11
2
2
2
0
0
0
2
2
0
0
2
0
4
2
0
2
2
8
4
0
6
4
2
2
4
2
4
6
0
2
0
0
2
0
4
17
2
2
0
2
4
0
0
0
4
0
2
4
4
2
2
0
2
2
0
0
0
0
0
2
0
0
0
2
0
0
0
0
0
0
0
2
0
0
0
33
2
0
2
4
2
2
0
2
0
8
8
2
0
4
7
0
2
4
4
2
4
0
10
6
8
0
4
0
6
2
0
2
4
2
4
0
4
4
2
2
0
10
0
2
2
0
8
0
6
2
4
2
0
2
0
10
0
2
0
0
0
10
0
0
0
0
0
0
0
2
6
0
0
4
63
0
4
4
0
0
6
0
0
0
0
2
6
0
0
0
7
6
10
6
10
4
4
4
2
4
2
4
4
4
4
0
2
2
4
6
2
4
2
0
4
6
2
4
4
2
2
4
0
0
4
2
8
0
0
2
2
8
2
2
2
2
2
8
6
0
15
2
0
0
6
2
2
0
0
2
8
2
4
0
2
2
0
6
6
6
8
2
0
2
0
2
0
2
2
4
2
0
2
2
2
2
2
2
8
4
2
0
4
0
2
4
0
0
4
2
0
7
4
2
6
4
2
8
2
0
6
0
2
0
2
2
10
4
0
2
2
2
10
4
0
4
6
0
0
4
0
0
0
2
0
4
2
2
2
0
6
0
2
4
2
2
2
0
2
4
2
10
0
2
2
0
17
4
2
6
0
4
0
8
13
0
0
0
2
2
10
0
0
0
2
2
0
4
4
4
8
0
0
8
0
8
2
0
0
6
0
0
0
4
0
0
4
12
4
0
35
33
38
34
35
32
39
29
38
34
30
39
39
39
34
34
39
32
39
28
38
39
35
38
39
38
38
35
34
29
39
29
39
32
39
38
39
38
39
39
34
29
39
28
39
35
39
39
35
38
34
35
39
30
39
29
34
39
34
39
39
35
35
31
39
35
39
29
33
39
39
38
39
39
35
35
29
29
39
28
35
34
39
39
39
39
39
35
39
29
39
29
35
39
38
39
37
35
34
39
34
30
39
28
35
39
39
39
39
38
35
34
39
30
39
29
35
35
39
33
39
37
39
39
39
35
39
25
35
39
39
39
35
34
39
39
39
29
39
23
39
39
38
39
39
33
39
38
38
29
37
23
39
39
35
39
35
35
39
35
38
39
38
36
39
39
39
39
39
35
35
39
38
35
38
39
39
39
29
39
35
34
34
39
35
39
39
35
34
34
38
35
35
39
35
39
39
39
36
33
38
30
21
38
35
39
35
39
39
39
34
39
38
39
39
35
33
39
39
39
39
39
34
39
39
39
35
39
35
39
34
38
39
39
35
38
39
39
39
39
35
39
38
34
39
39
35
35
39
39
39
28
35
39
39
39
39
35
35
35
39
39
35
39
39
34
39
35
39
37
39
35
35
39
39
35
31
38
39
34
39
34
35
34
39
39
34
24
0
2
0
0
2
2
5
3
0
0
2
2
3
0
0
0
2
0
0
3
0
2
0
3
2
1
2
2
2
2
3
3
1
2
0
0
0
2
0
3
0
2
2
0
2
2
14
2
3
0
0
0
0
2
0
6
6
0
2
0
0
0
0
0
3
0
3
3
0
0
2
0
0
0
0
0
2
0
5
3
3
0
0
0
3
0
0
0
0
0
0
3
3
0
2
2
8
1
2
0
2
0
2
0
0
5
0
2
14
2
2
2
0
0
0
3
2
11
3
2
2
0
3
0
0
3
2
2
0
0
3
0
3
0
2
3
1
3
3
2
3
2
2
0
2
2
2
0
3
0
2
3
2
0
13
0
0
0
2
2
2
0
0
0
3
0
0
3
3
0
2
5
0
1
0
0
3
0
2
5
1
2
0
6
3
0
5
0
0
2
0
0
2
0
3
0
2
1
1
0
2
2
0
2
0
2
2
0
2
3
0
0
1
8
3
0
0
0
2
0
0
0
1
0
0
0
2
2
2
0
0
2
3
2
0
2
2
0
0
0
2
0
2
0
6
0
0
0
0
0
0
0
6
0
5
0
1
2
6
2
9
3
0
0
0
2
0
2
0
0
0
2
2
0
0
3
2
0
2
0
0
2
3
3
2
0
2
11
7
5
7
6
7
3
7
7
5
6
3
5
5
5
3
4
4
6
9
5
8
7
8
4
3
7
4
3
7
3
5
6
3
1
3
7
6
3
0
3
1
1
3
1
0
5
1
0
3
8
1
3
1
0
0
6
6
7
0
1
1
1
1
1
7
0
6
3
15
6
1
1
5
3
5
3
3
1
0
1
3
7
1
4
3
4
1
5
4
1
3
3
6
5
1
1
3
0
4
3
3
1
3
3
1
1
1
1
1
3
5
0
0
0
1
1
3
0
0
0
0
1
1
1
0
0
1
0
0
0
1
0
0
0
0
1
1
0
1
0
0
1
1
1
1
0
1
1
1
1
0
1
1
3
0
0
1
0
0
1
1
5
0
1
0
1
1
1
1
1
1
3
3
3
1
3
1
4
5
1
1
6
5
5
3
3
6
3
3
6
7
5
2
5
6
6
1
1
3
5
5
5
5
3
11
5
4
3
1
7
7
3
8
2
3
5
1
3
3
4
5
5
6
7
8
3
7
5
3
5
3
3
4
1
5
4
3
4
5
3
5
5
1
3
4
6
5
1
6
5
1
5
1
3
1
7
4
6
3
3
5
0
3
12
29
12
26
5
6
6
6
9
8
10
5
10
11
14
7
8
8
7
5
5
4
7
8
6
52
54
41
49
56
60
52
52
25
41
30
85
70
43
46
33
44
74
63
47
52
68
45
59
66
35
30
66
27
38
64
46
64
48
40
43
32
49
37
62
25
23
39
52
49
51
34
32
25
42
33
42
49
33
33
37
25
54
23
25
41
64
63
52
36
55
44
50
59
30
50
34
39
41
68
32
50
45
62
40
37
41
46
37
66
41
60
47
57
59
49
40
43
62
68
56
45
43
25
52
40
66
32
27
45
49
35
36
46
54
41
50
55
73
60
50
39
68
39
48
52
47
39
54
66
55
55
52
40
40
57
64
46
68
54
52
61
48
57
61
46
86
37
66
28
47
64
52
44
28
49
60
52
39
61
75
46
44
52
37
52
57
48
37
72
52
62
35
40
56
35
37
53
43
54
45
28
48
37
48
36
52
37
47
45
32
36
44
49
33
48
66
48
45
51
49
49
52
30
46
48
62
48
50
55
41
51
46
44
56
42
37
52
32
46
39
40
62
43
64
40
46
61
57
34
46
59
75
46
62
46
41
51
62
38
46
56
59
41
70
47
44
48
39
46
41
68
51
68
42
37
48
54
51
39
39
52
57
37
42
47
48
41
44
48
48
55
59
41
44
43
43
34
61
55
57
55
41
28
52
51
32
40
59
49
52
45
50
3
2
1
2
4
4
2
0
4
3
3
0
2
2
6
2
2
3
2
4
3
2
0
7
11
4
4
0
2
4
4
5
5
0
2
2
2
1
5
2
4
0
4
7
2
4
0
2
2
6
2
2
0
4
0
0
2
2
2
2
2
1
2
4
4
2
0
0
14
4
1
6
4
2
0
5
0
2
2
0
5
2
3
7
2
4
8
0
2
2
5
6
3
4
4
0
2
0
2
2
2
1
4
2
6
2
0
0
0
2
2
0
2
2
2
2
3
2
0
1
2
4
2
7
0
4
2
4
2
4
4
2
2
2
2
9
2
4
6
4
0
4
1
0
2
4
4
0
1
2
0
2
4
0
4
2
2
5
5
0
3
2
4
0
1
2
0
2
0
2
2
1
0
0
2
4
5
2
2
2
3
4
3
0
0
2
4
4
4
0
2
1
2
3
2
2
2
6
2
2
2
4
0
0
1
2
2
0
3
0
4
0
2
0
2
6
5
0
1
7
4
1
2
2
0
2
2
2
0
2
2
0
4
4
2
7
2
2
0
0
0
0
2
4
0
2
2
2
0
3
4
2
2
2
0
0
2
0
2
2
6
1
2
0
0
8
4
6
0
2
4
4
2
2
2
0
2
2
4
0
1
0
1
0
0
2
2
0
11
9
23
9
15
19
13
32
24
15
30
13
10
22
9
19
13
19
11
22
11
19
8
11
18
28
15
13
13
9
16
22
17
11
19
24
17
16
19
13
18
16
19
13
21
9
19
15
13
13
11
9
13
7
14
22
11
13
25
11
20
13
13
20
58
11
9
5
15
19
11
10
17
13
15
9
16
14
27
11
8
15
13
11
8
20
14
16
19
20
17
7
11
9
5
13
11
9
9
9
25
18
10
7
11
9
17
49
14
21
13
13
13
22
20
10
14
19
18
15
11
11
9
26
24
25
23
24
11
24
16
26
24
17
24
13
9
21
13
20
13
22
13
21
13
11
26
16
13
32
29
9
19
17
27
13
15
34
30
13
13
16
15
20
21
12
24
20
17
19
17
24
29
14
22
19
19
15
13
11
17
18
28
11
15
20
23
20
21
19
22
22
20
17
24
16
13
11
19
21
15
15
13
28
16
25
11
15
13
15
7
11
13
19
13
15
7
18
11
11
11
9
11
11
13
19
15
17
11
11
16
8
30
13
11
13
14
9
9
13
15
68
7
15
9
11
13
15
13
20
25
9
15
21
11
32
18
9
21
17
13
20
24
23
13
12
11
15
20
11
9
15
15
16
11
13
11
13
15
15
15
11
15
17
13
21
19
19
24
1
23
22
3
30
20
30
25
25
3
6
0
2
2
2
4
27
3
4
2
28
29
2
2
1
2
3
1
2
23
8
4
6
22
2
2
24
3
24
18
2
30
36
23
3
18
24
27
4
26
26
25
5
23
30
24
16
5
3
4
3
2
23
25
27
4
28
28
34
3
27
7
28
3
25
21
2
2
34
24
21
29
2
3
1
1
13
2
1
12
6
2
0
0
3
3
4
2
5
2
4
3
3
5
2
2
27
25
31
3
6
3
6
13
5
2
5
5
1
2
3
2
2
2
2
3
3
13
27
1
2
2
3
6
2
3
18
3
12
3
3
2
25
3
4
21
29
21
2
6
4
4
1
3
6
3
2
1
1
23
29
13
2
2
11
25
1
2
4
38
20
30
35
2
34
2
3
3
2
27
8
4
24
24
6
11
6
23
28
17
5
24
14
10
10
22
8
7
7
27
6
3
8
16
8
20
7
10
32
14
9
9
29
10
11
35
27
32
11
10
10
3
13
23
1
22
21
31
5
11
3
7
33
22
8
5
5
6
3
19
4
6
19
3
3
0
20
21
2
3
4
4
18
5
2
5
26
21
4
3
3
20
4
19
23
25
4
4
4
3
23
2
23
5
4
1
4
2
19
28
2
2
0
3
17
19
1
0
7
0
2
0
0
0
0
0
0
0
0
2
0
4
9
5
0
0
0
0
0
2
0
0
2
0
4
0
0
0
2
0
0
2
0
0
0
0
0
0
0
0
0
4
2
0
0
2
2
2
2
2
0
0
2
0
10
7
4
2
9
2
2
2
0
0
4
0
0
5
4
6
3
2
6
7
2
4
2
2
0
2
2
2
0
2
2
9
13
9
4
4
11
2
4
2
13
10
6
9
4
0
2
6
2
0
2
2
3
7
7
4
4
2
2
0
4
0
8
9
4
2
4
0
2
2
2
2
2
2
2
0
2
0
11
2
3
17
0
0
4
0
5
0
0
0
2
0
0
0
2
0
2
2
2
2
0
2
2
7
9
36
29
24
43
3
0
0
0
5
0
0
9
0
4
3
6
0
8
9
9
44
54
0
0
0
2
0
0
0
0
0
0
4
4
2
3
0
25
19
17
0
0
2
2
6
0
0
10
2
0
0
0
3
2
0
0
2
5
0
0
0
2
0
0
0
0
0
0
0
2
0
0
8
2
0
0
0
0
2
21
31
0
0
0
0
1
0
0
0
0
0
2
0
1
0
0
0
0
0
0
0
2
0
0
0
0
0
0
2
0
0
0
2
0
0
0
0
0
0
0
0
0
0
0
0
0
