6
7
13
11
5
7
15
7
11
10
7
13
11
9
9
19
8
13
9
10
13
8
7
7
10
6
15
7
9
11
20
13
9
8
9
9
9
9
6
6
11
13
11
15
4
4
13
12
7
5
15
17
5
6
15
9
20
9
20
20
11
6
17
7
6
8
8
6
9
8
13
7
8
11
7
9
8
17
6
7
9
7
12
8
13
15
7
13
13
6
2
7
19
11
6
6
6
4
11
15
15
9
10
4
10
4
7
15
9
4
15
11
13
7
8
9
17
6
9
11
8
16
17
21
15
9
13
13
14
19
15
15
23
15
13
11
15
7
11
9
7
9
6
4
8
14
22
11
22
11
13
14
11
8
18
13
13
8
8
13
4
7
11
14
9
34
8
24
10
23
15
32
9
4
30
13
17
15
13
11
11
7
6
8
2
23
19
13
23
9
19
21
13
22
13
7
9
25
21
17
9
17
11
22
11
17
15
13
10
17
15
9
15
13
9
15
13
15
9
17
11
20
9
11
10
15
11
15
17
15
13
15
7
13
8
11
7
13
14
11
15
9
24
19
7
9
15
11
10
10
10
10
7
9
7
17
6
4
15
2
4
8
11
16
13
7
9
9
4
10
8
8
9
13
9
13
4
4
20
8
2
6
6
7
11
6
9
17
6
4
7
12
10
12
10
6
6
11
9
9
11
9
6
7
8
8
13
9
4
9
9
4
11
11
9
4
6
7
12
8
10
10
12
8
8
8
15
11
8
9
6
13
6
15
6
15
8
8
6
13
9
10
8
8
7
8
8
6
8
9
7
11
15
11
8
6
8
8
9
9
10
9
6
7
17
11
13
9
4
7
10
13
10
13
6
8
10
10
8
9
11
6
6
9
9
5
7
7
10
9
10
12
10
10
13
7
9
8
9
8
9
5
8
7
17
19
17
23
8
11
13
6
15
11
8
13
15
11
10
8
6
8
9
6
7
9
10
9
6
9
10
37
11
9
7
9
13
11
6
7
11
7
6
13
6
7
9
11
11
11
6
6
6
6
11
6
8
4
4
8
9
11
6
10
9
4
11
5
11
9
8
9
9
16
8
11
7
11
4
6
9
9
11
10
22
9
9
11
15
12
7
9
20
8
7
8
15
6
2
9
8
15
10
6
7
6
10
6
10
9
7
2
6
12
8
15
7
63
11
6
6
10
10
8
8
11
8
10
6
6
6
8
9
7
9
10
10
9
17
9
11
11
4
8
11
9
9
9
6
8
10
8
10
8
8
9
9
6
6
7
6
4
8
9
8
6
6
8
9
9
8
11
13
6
8
10
20
10
8
18
10
14
10
4
14
6
31
18
37
6
12
14
14
10
14
8
10
14
6
8
14
12
14
12
23
6
6
4
19
6
6
10
22
4
4
14
10
8
12
8
4
15
12
18
4
4
6
2
13
4
8
4
8
11
6
8
6
8
2
8
4
6
2
12
27
19
4
18
12
8
6
4
6
4
8
12
6
12
10
6
12
6
18
4
8
6
6
6
10
10
12
8
2
14
10
6
8
6
12
8
16
14
10
10
20
16
7
4
10
20
10
12
18
6
8
8
10
6
16
12
8
6
14
4
8
10
10
10
8
14
6
18
16
10
18
8
8
16
6
16
12
10
16
4
8
8
18
26
16
22
16
6
20
12
6
12
6
10
2
10
10
12
14
15
27
14
12
14
20
20
12
6
17
25
10
12
6
10
16
4
12
14
14
27
22
12
16
15
4
27
8
25
16
20
14
12
10
17
16
22
14
12
4
6
8
6
12
8
16
8
12
12
6
12
6
14
14
4
10
4
18
10
6
2
2
4
10
8
10
14
4
6
14
7
8
14
10
10
8
6
2
8
4
6
8
18
8
0
16
4
6
12
2
8
4
2
4
4
6
4
4
6
2
12
4
0
10
4
6
2
6
0
4
2
2
0
2
0
2
2
6
0
2
2
0
0
3
2
0
2
4
0
4
2
2
0
0
2
2
2
4
2
4
7
2
15
2
3
3
4
2
11
19
0
4
0
0
2
6
3
2
2
4
2
2
4
23
13
4
0
4
2
2
0
2
0
0
4
6
0
3
2
0
4
2
2
2
4
0
2
0
3
2
4
2
0
0
4
0
19
2
4
4
2
2
0
2
3
7
2
4
0
4
0
2
2
2
6
0
5
4
0
3
2
2
3
2
2
2
4
0
2
0
4
2
2
2
4
2
2
4
2
2
4
2
4
15
2
3
0
2
4
2
7
0
2
7
4
2
2
0
19
2
0
2
2
2
4
2
0
6
2
3
4
2
2
0
2
2
7
3
17
2
0
2
2
5
2
2
0
0
4
2
2
4
6
15
2
0
5
0
0
0
3
5
2
2
3
2
4
4
2
2
2
4
2
0
2
2
4
2
4
5
3
9
2
2
2
3
2
2
5
7
4
4
0
2
0
2
2
0
2
2
2
0
0
2
4
2
2
2
4
27
2
2
2
2
4
0
0
3
2
3
9
2
5
0
0
6
2
2
4
0
0
2
4
7
3
2
0
3
6
21
4
2
0
2
2
5
2
2
7
2
4
4
0
17
0
5
4
2
2
2
6
0
4
2
4
2
3
2
11
4
4
5
4
3
4
4
3
3
3
4
4
4
4
4
4
12
4
4
3
4
6
4
4
3
4
4
4
4
4
4
3
3
6
4
4
4
4
4
4
4
4
4
4
4
4
4
4
5
4
4
4
4
4
4
4
4
3
4
4
4
4
4
4
4
3
4
4
4
5
9
4
4
4
4
4
4
4
4
4
4
11
4
4
4
4
4
4
4
3
4
4
5
3
4
5
4
4
3
3
5
4
3
5
4
4
3
4
4
4
5
4
4
3
4
5
4
4
4
4
4
4
4
4
5
4
4
1
4
4
4
4
5
4
4
4
4
4
4
5
3
4
5
4
4
4
5
4
4
4
4
3
4
4
4
4
4
3
4
3
4
4
4
11
4
4
3
4
4
4
3
4
3
3
5
4
4
4
4
4
4
4
5
4
4
3
5
3
5
4
5
4
4
4
5
4
4
4
4
4
4
3
5
3
3
4
4
4
4
4
4
0
4
4
4
4
5
4
3
4
4
4
5
4
3
4
4
4
3
3
3
3
3
3
4
4
3
4
4
5
3
4
4
3
4
4
4
4
4
4
4
4
0
4
5
3
4
4
4
4
3
4
3
4
4
4
4
4
4
4
4
1
4
4
4
4
1
4
4
4
4
4
4
4
4
4
4
3
11
3
7
5
7
15
19
7
11
13
15
1
9
13
7
3
17
15
7
7
13
9
11
11
11
7
3
13
15
15
11
17
9
9
17
13
13
9
26
13
29
11
20
11
5
17
19
23
7
21
15
14
9
15
9
19
11
17
13
11
16
40
7
20
15
8
17
21
18
17
28
23
30
16
9
29
5
12
21
19
15
25
13
15
38
15
17
30
11
29
9
9
30
11
22
17
7
9
18
7
15
20
32
29
28
15
24
15
13
19
14
11
11
7
24
15
32
31
21
19
9
7
27
7
23
29
26
17
19
25
11
13
23
7
15
43
3
25
9
7
7
7
11
9
15
9
15
7
5
7
9
7
15
9
9
5
9
5
11
7
5
7
5
9
7
9
7
5
5
5
15
3
13
11
3
5
9
21
5
7
7
9
3
5
7
3
9
11
11
7
11
5
7
9
11
5
11
7
1
5
1
11
5
3
5
7
17
7
7
2
9
1
13
11
3
5
3
5
7
3
3
3
7
11
7
7
15
30
5
7
5
22
15
15
15
7
13
7
13
13
19
9
13
7
11
7
13
11
13
7
11
9
7
15
5
11
13
21
7
7
13
5
9
12
7
11
13
15
21
9
13
13
5
9
11
13
7
7
11
15
7
13
11
21
13
7
9
19
0
6
5
2
4
2
5
0
0
2
2
0
0
10
0
2
4
0
6
2
4
4
4
0
4
2
0
4
2
0
2
0
2
4
2
0
2
0
0
9
0
2
2
3
0
0
2
0
2
4
2
4
5
0
0
4
2
2
0
9
6
2
2
0
0
2
2
0
0
0
2
0
0
6
4
0
0
0
4
0
4
0
5
6
0
0
2
2
0
2
2
4
2
4
4
8
2
2
4
0
6
6
2
5
8
4
0
5
5
0
0
0
2
2
76
6
0
6
4
0
0
0
2
0
5
2
5
2
0
0
0
2
7
9
0
0
4
4
0
4
0
0
6
8
2
4
4
7
4
2
0
4
0
4
63
6
6
0
0
3
4
2
4
3
2
0
4
2
7
0
6
2
2
2
0
0
2
2
2
0
4
6
4
0
0
2
22
0
0
4
4
0
0
6
0
0
0
4
0
0
4
6
0
6
4
0
0
0
2
5
2
0
7
2
2
0
0
2
0
5
0
2
0
2
5
4
4
0
4
2
2
0
4
0
2
0
0
0
4
4
2
2
4
10
2
2
2
0
2
6
4
0
2
2
2
2
2
4
6
0
4
4
0
2
4
2
0
2
4
4
0
2
2
4
0
0
0
2
5
6
2
2
2
6
0
4
0
0
11
7
25
19
11
5
11
17
13
25
13
29
7
5
5
11
5
13
13
19
7
7
11
5
9
13
11
11
11
13
11
13
11
9
11
11
11
9
9
15
23
11
11
9
17
19
11
17
11
9
13
21
13
13
13
13
5
9
17
5
11
11
13
5
15
7
29
5
15
15
19
9
23
3
15
2
19
11
9
5
13
11
23
21
19
5
11
15
5
13
13
11
9
13
7
7
7
7
7
27
9
11
9
23
11
15
15
19
23
15
15
7
44
11
13
5
19
3
9
23
68
15
17
9
11
21
7
7
9
25
19
21
25
23
21
9
9
23
13
23
9
21
23
13
21
21
17
25
33
21
7
33
21
7
7
7
9
13
17
9
15
17
15
15
9
9
17
7
15
7
17
31
3
5
7
23
23
5
13
9
9
11
9
19
7
23
9
31
15
29
7
17
15
9
25
9
11
7
23
17
21
23
11
17
21
9
9
9
5
13
7
17
13
27
23
21
5
7
9
9
9
17
5
9
5
17
29
23
19
13
7
11
5
11
21
11
21
27
13
17
11
29
11
25
13
25
43
29
7
15
17
17
11
23
13
13
7
19
17
7
11
11
15
17
9
33
13
7
9
3
13
19
5
17
7
19
23
11
21
5
9
25
13
15
9
11
5
15
14
17
16
17
27
19
25
27
37
35
45
35
23
19
16
21
14
20
20
12
10
6
6
25
23
16
16
16
6
10
18
18
23
10
12
47
8
14
45
20
4
27
14
16
35
16
14
14
45
22
20
59
21
23
37
27
20
27
16
45
21
39
20
23
14
16
43
21
20
29
18
8
96
8
22
8
10
10
20
10
14
16
12
31
10
10
18
18
33
41
18
16
25
12
16
14
21
8
14
27
23
10
8
10
16
23
12
49
12
18
16
31
23
8
10
6
4
21
8
10
12
14
16
14
12
12
12
25
16
20
16
57
14
6
16
16
18
21
76
33
6
8
6
10
10
29
23
20
18
12
16
16
21
10
21
12
57
23
14
29
14
10
14
16
8
16
31
20
14
29
8
16
53
21
41
88
18
55
51
43
43
62
20
70
12
92
86
21
90
56
47
10
43
16
18
19
39
41
37
10
33
53
41
59
16
64
23
18
18
25
12
12
16
41
33
33
14
31
33
35
56
39
20
66
55
21
41
12
29
16
37
8
20
21
18
18
16
23
21
49
12
18
18
12
33
18
16
10
21
56
12
37
8
14
19
43
16
23
29
74
16
35
23
33
37
47
31
12
12
25
31
39
25
14
14
39
12
12
21
25
6
25
12
6
19
16
12
23
0
0
4
0
0
2
0
2
2
4
0
2
0
2
2
2
2
2
0
0
0
2
0
0
2
2
0
2
0
2
0
4
0
0
2
2
0
4
0
2
2
2
2
0
2
4
0
0
0
4
2
2
2
4
0
2
2
2
0
2
2
2
0
2
2
0
0
0
0
2
0
2
2
0
0
2
2
2
2
4
2
0
0
0
0
2
2
0
0
0
0
2
0
2
0
2
2
0
2
0
0
0
2
2
2
0
0
0
0
0
0
2
2
0
2
0
0
4
0
2
2
2
0
2
2
4
4
8
2
2
0
0
0
2
2
2
4
2
2
0
4
2
0
0
2
2
4
0
2
0
2
0
4
2
0
0
0
2
4
2
2
0
0
0
2
0
0
0
0
2
4
4
0
2
2
2
0
2
0
2
0
0
6
2
0
2
2
0
2
0
2
0
0
0
0
2
2
0
2
2
0
0
2
2
0
0
0
0
2
0
2
0
0
0
0
2
2
0
2
0
0
2
2
0
0
0
0
2
2
2
2
0
2
0
2
0
0
2
0
2
0
2
0
0
0
0
0
2
0
2
4
2
2
0
2
2
2
0
0
2
2
0
0
0
0
2
0
2
0
0
2
2
0
0
0
0
0
2
0
0
0
0
0
4
2
0
2
0
