0
2
2
2
2
2
4
6
2
2
0
0
2
6
4
4
0
2
2
2
0
6
6
4
2
2
2
0
0
4
2
2
4
2
2
0
2
2
4
0
2
4
0
2
4
8
4
2
4
2
0
0
4
2
8
4
4
4
2
9
0
2
7
0
2
2
0
4
4
4
2
2
0
0
2
0
2
4
0
2
0
4
2
2
2
4
2
2
4
2
0
0
2
2
4
2
6
2
0
2
4
4
2
4
4
2
4
2
7
4
4
2
0
2
0
0
2
4
9
4
2
0
4
0
6
2
0
0
2
0
2
0
0
6
7
2
4
4
2
4
2
4
4
2
15
9
4
3
4
2
2
4
2
2
0
4
4
2
2
4
2
4
2
2
2
2
0
2
2
4
0
4
2
0
4
2
6
0
2
2
2
2
4
4
2
2
0
4
2
2
2
4
4
2
4
2
0
0
0
4
4
2
4
2
4
2
0
2
0
2
4
0
4
2
4
2
0
0
0
0
0
10
2
2
2
0
2
2
2
2
2
2
2
2
2
2
2
0
0
0
2
4
2
4
2
2
4
4
4
2
4
2
2
2
2
0
4
2
2
2
0
2
2
2
2
2
2
0
2
2
0
2
32
4
0
2
0
4
0
9
0
4
4
2
2
0
2
0
0
4
2
0
0
2
0
2
0
2
0
0
2
4
0
0
0
0
0
2
2
0
2
0
0
0
4
2
0
2
2
2
0
11
0
0
2
6
0
0
0
0
2
4
0
2
0
4
2
2
0
2
2
2
0
0
2
0
8
0
0
2
2
2
0
2
2
0
0
0
4
0
4
2
4
0
2
0
2
0
2
7
0
2
2
0
0
0
0
2
0
0
2
0
2
0
2
0
2
4
0
0
0
2
0
2
0
0
2
2
0
0
2
0
0
0
2
2
0
0
2
0
2
2
0
2
2
0
4
4
2
0
0
2
0
2
0
2
6
2
0
0
0
0
2
0
2
0
2
2
0
2
0
2
2
2
2
0
2
2
0
2
2
0
2
2
0
2
0
0
0
0
0
0
0
4
0
2
0
2
2
2
0
2
0
2
0
2
4
2
2
0
2
4
0
2
2
2
0
2
0
2
2
2
2
2
0
0
2
2
0
0
2
2
0
2
2
4
2
0
2
2
2
2
4
2
2
0
0
0
0
0
2
2
0
0
2
2
2
2
0
2
9
2
0
0
2
2
0
2
2
2
0
9
0
2
0
2
0
2
0
0
4
0
0
0
0
2
0
4
2
2
2
0
0
0
4
8
2
2
2
2
4
2
2
2
2
2
0
4
2
4
0
2
0
2
4
2
0
4
2
2
8
0
0
8
0
2
0
4
0
4
6
4
0
32
2
0
6
4
0
2
0
0
8
4
0
47
2
0
24
4
8
4
0
0
0
0
0
4
29
4
2
61
0
2
2
0
2
29
2
0
4
0
2
0
30
4
2
4
8
2
2
4
0
0
27
0
0
0
2
0
0
2
0
38
2
0
2
2
2
2
0
0
0
2
4
0
0
2
6
4
0
2
33
2
0
6
0
0
2
6
0
24
2
2
8
2
0
2
6
0
35
2
0
17
2
2
22
0
2
2
0
4
69
2
0
0
2
0
2
4
2
2
0
38
0
4
6
0
2
0
2
0
2
8
22
0
0
0
2
2
12
2
2
17
0
4
2
0
0
8
0
0
2
2
4
4
0
6
0
2
2
0
2
6
4
0
0
2
2
0
4
4
2
6
2
6
0
0
4
0
4
20
6
0
6
2
4
0
2
8
2
2
0
2
2
2
0
48
6
0
19
2
6
2
0
0
0
29
4
0
6
2
4
0
0
0
26
8
2
2
6
2
4
4
2
4
0
2
0
2
2
2
0
0
2
0
2
19
2
2
25
0
2
2
2
4
4
2
4
0
25
0
2
55
0
0
7
0
4
0
4
0
0
4
2
5
4
4
7
5
5
4
4
7
0
2
7
7
7
4
4
4
0
6
2
0
8
2
4
4
0
2
7
9
6
7
6
7
11
2
5
7
6
2
7
6
4
6
4
2
2
4
5
7
4
5
4
7
6
4
7
6
6
2
7
7
6
7
11
7
11
7
7
6
4
5
7
4
8
9
4
4
4
9
7
4
4
7
7
5
4
2
7
7
4
2
13
5
6
8
4
2
4
5
4
7
8
9
7
7
7
7
9
11
7
13
11
9
9
7
15
9
9
9
10
16
7
15
9
8
7
4
7
15
4
11
4
9
11
9
12
14
9
13
13
15
11
18
7
2
8
4
5
11
5
2
2
15
13
13
13
13
17
6
6
12
13
17
10
9
8
10
11
11
13
13
9
14
11
9
7
11
10
9
11
8
7
7
10
9
11
9
8
7
7
11
13
11
11
19
16
9
6
8
13
6
5
8
9
15
24
9
9
11
19
10
6
9
15
21
10
13
19
15
9
13
11
15
12
8
13
13
26
4
2
4
4
11
6
10
4
4
8
8
6
6
17
8
5
6
10
9
10
11
6
4
8
4
8
7
7
6
11
6
11
6
8
8
15
6
32
7
5
13
11
13
9
10
15
8
11
7
8
6
10
6
8
13
8
11
25
6
35
19
32
33
25
18
29
22
39
34
22
17
24
25
33
22
55
33
16
58
19
28
19
24
33
26
35
38
59
32
30
24
20
46
32
34
30
30
37
65
39
38
25
19
40
32
12
31
22
25
36
38
29
29
29
30
21
24
31
34
26
38
29
26
21
28
12
25
30
37
52
25
24
26
29
25
17
33
25
30
20
74
17
23
21
13
26
58
40
18
65
33
25
44
34
30
25
10
39
69
22
22
39
35
8
33
16
31
20
32
21
34
38
16
32
37
28
19
27
27
9
21
38
12
31
25
31
18
25
32
27
18
12
28
18
31
17
19
29
12
20
20
18
17
35
22
26
40
41
25
30
43
32
24
27
29
17
44
12
47
21
33
38
22
42
31
29
43
19
21
18
21
24
33
30
54
28
31
26
21
24
28
20
32
26
34
38
31
13
34
38
35
34
29
12
22
26
12
23
43
31
31
34
32
33
32
19
47
20
32
25
29
38
22
18
19
31
19
28
19
40
13
25
28
15
32
30
27
16
33
33
36
39
11
16
29
28
17
17
21
34
13
28
36
26
38
10
23
24
26
18
25
15
29
29
36
25
25
22
17
33
23
33
26
55
28
34
23
12
15
28
27
20
36
13
34
22
25
26
23
34
22
31
25
27
23
27
19
6
6
4
6
11
15
6
9
11
6
6
6
9
9
9
4
15
11
4
13
8
8
12
10
8
13
12
12
6
10
10
10
15
6
15
8
10
15
13
12
11
12
6
19
11
8
10
8
8
17
12
6
10
10
15
10
8
15
15
12
23
31
13
10
31
31
17
10
13
34
15
25
17
15
13
31
34
31
6
17
11
21
42
42
36
8
19
15
19
27
15
15
51
29
15
37
27
17
38
15
12
69
42
42
34
36
42
42
8
25
40
13
13
10
10
10
8
19
31
10
23
8
8
10
10
4
17
12
8
8
8
25
27
35
6
42
6
13
37
8
21
10
6
6
6
8
12
8
8
8
6
10
8
6
4
29
10
19
10
17
12
56
19
11
8
8
8
10
6
31
15
8
8
25
8
6
8
10
31
8
15
12
29
36
10
4
8
13
25
8
8
31
25
12
15
8
35
13
37
35
33
29
33
23
19
8
10
17
12
12
33
15
17
15
10
19
27
35
13
12
15
15
17
8
8
12
25
15
19
10
13
21
17
21
17
19
8
25
33
15
8
15
15
33
23
31
13
11
27
8
19
13
19
21
15
11
12
23
23
13
27
21
8
19
12
12
13
25
10
25
8
13
21
15
12
15
25
12
23
17
21
56
13
31
13
25
21
8
13
2
9
4
4
17
3
17
2
15
5
2
2
3
13
7
17
2
21
4
5
13
3
11
4
11
4
11
0
11
2
0
25
2
2
4
5
0
2
15
4
5
2
7
6
5
15
5
15
6
15
6
15
2
19
3
4
7
5
9
5
23
2
2
2
4
5
2
19
3
7
4
17
4
2
13
2
11
4
13
3
4
0
2
17
8
21
4
7
4
9
4
7
11
4
5
5
19
0
25
3
2
2
2
2
5
19
11
17
5
9
2
15
2
2
15
2
19
4
7
19
2
11
2
2
3
3
2
4
17
6
13
4
17
4
0
15
6
4
0
9
5
2
13
6
17
0
13
4
29
6
11
2
5
5
2
13
4
15
5
21
2
15
15
2
21
3
9
7
13
4
3
3
5
15
7
15
4
11
7
17
4
2
5
5
13
2
2
15
2
11
0
7
4
2
11
2
15
2
15
5
4
6
6
21
2
21
5
4
2
4
5
2
11
6
9
2
7
4
11
0
2
25
2
15
4
5
2
9
21
4
13
2
13
11
2
17
6
17
2
9
5
11
4
23
6
2
6
7
11
0
11
5
13
4
2
0
4
19
2
6
5
2
23
2
23
0
13
4
4
2
4
13
2
17
5
13
2
4
17
7
13
2
15
7
11
4
19
4
2
2
0
2
4
4
0
2
2
2
6
2
2
4
0
0
2
4
0
4
2
2
0
4
4
4
0
4
2
2
0
2
2
2
0
4
0
0
0
4
2
6
0
2
4
4
4
2
0
4
0
0
2
4
0
4
2
2
2
4
4
0
0
2
2
4
2
4
0
2
6
0
0
4
2
0
0
4
0
2
2
4
4
4
4
4
4
0
2
4
0
4
2
4
4
2
2
2
2
2
4
2
0
2
0
2
4
4
6
0
0
0
2
4
0
0
4
2
4
6
0
2
0
2
4
2
0
4
6
4
2
2
4
2
0
4
2
2
2
4
4
2
0
4
0
4
0
0
6
2
0
4
4
4
2
6
2
6
2
0
2
4
0
2
2
6
4
2
6
2
6
0
8
2
4
6
2
0
6
4
2
2
6
0
0
0
0
4
2
2
6
6
2
2
0
0
6
4
2
6
2
8
0
2
6
2
0
0
4
4
2
2
4
6
4
2
4
6
0
0
2
6
4
2
2
4
2
2
2
6
0
0
6
6
4
0
0
6
2
0
0
0
0
4
6
2
2
2
2
4
4
0
2
0
0
2
2
2
2
2
4
2
2
4
0
4
0
4
4
6
2
0
2
2
2
6
0
4
0
4
2
4
6
4
6
4
2
14
16
18
16
18
16
14
16
18
12
14
14
16
16
14
16
14
16
16
14
16
18
16
16
17
18
16
14
16
16
16
16
18
16
14
14
16
18
14
16
14
18
18
12
16
16
14
16
16
14
16
16
18
16
16
16
14
14
16
18
18
14
18
15
16
16
16
16
16
15
18
14
14
16
18
16
18
14
14
14
14
16
16
12
14
14
16
18
18
16
14
16
14
16
16
16
14
16
14
16
16
16
16
14
14
12
14
16
16
14
16
14
18
12
16
16
14
14
12
18
16
18
16
16
16
12
14
16
14
14
14
16
16
18
18
12
18
14
14
16
14
14
16
14
14
18
18
18
14
14
14
16
14
14
16
14
16
14
16
18
14
16
14
14
16
16
16
14
16
18
16
18
14
18
16
14
16
14
16
16
14
16
16
16
16
16
16
14
18
12
18
14
14
12
19
18
14
17
20
12
18
14
14
14
14
16
16
14
15
14
16
14
16
16
14
14
14
18
14
16
16
14
14
16
16
16
16
16
18
18
16
16
16
14
16
16
18
16
16
14
16
16
18
16
16
14
15
18
16
18
14
18
14
14
14
18
16
14
16
18
16
16
16
14
16
16
18
16
20
12
14
14
12
14
16
16
16
18
20
18
16
16
12
18
18
16
18
18
0
0
5
5
0
5
7
0
5
6
6
4
6
0
2
7
0
5
7
6
0
4
7
0
2
4
5
8
7
4
7
0
7
9
0
2
7
5
7
6
8
4
4
4
0
0
2
0
2
2
4
8
2
4
0
4
0
8
4
4
5
2
0
7
8
7
2
0
6
2
7
6
7
5
7
5
0
4
0
0
6
5
0
0
0
4
4
7
4
4
5
0
7
4
6
4
6
7
4
4
4
5
5
5
0
4
6
0
5
2
4
10
5
0
4
4
0
0
4
6
5
4
6
5
2
5
8
4
4
6
7
4
4
7
5
6
6
4
9
0
5
0
7
5
4
4
2
4
4
0
5
2
2
4
6
4
4
4
5
4
2
5
10
8
5
6
2
0
4
4
5
4
4
9
0
4
5
6
0
4
7
2
0
5
6
5
5
0
4
7
5
0
7
9
4
7
7
0
4
0
2
5
7
4
0
3
6
6
7
4
4
2
9
6
6
2
4
4
4
4
6
7
7
0
7
7
7
5
7
5
4
2
0
7
4
0
4
2
7
0
0
2
9
0
7
5
2
0
2
2
9
0
6
2
0
0
0
4
0
0
0
2
4
5
0
0
0
0
0
2
5
6
4
0
2
0
0
4
0
0
0
0
8
4
4
5
7
0
