8
14
22
12
20
10
22
6
14
24
12
14
6
10
16
16
16
10
24
10
22
8
12
22
8
18
10
18
14
20
14
12
10
12
14
16
18
16
22
10
12
18
16
10
8
12
22
8
14
14
12
14
12
16
10
14
16
30
8
16
12
8
16
6
12
10
8
26
18
14
8
18
20
14
12
8
14
10
22
16
12
10
8
12
10
8
14
16
8
4
12
16
12
22
20
20
14
14
8
10
18
8
12
12
32
8
14
26
18
24
12
6
16
8
8
14
16
24
20
12
4
16
10
14
10
10
6
14
8
8
18
12
10
16
10
14
20
14
18
12
16
8
12
18
16
14
18
10
20
18
16
10
14
14
16
14
18
10
8
10
12
8
14
12
18
14
16
8
16
8
19
16
12
16
14
12
14
52
12
14
16
20
14
20
12
22
16
10
14
10
16
8
22
12
20
8
14
10
20
10
10
12
22
8
12
22
4
12
18
24
8
18
18
4
12
8
14
28
14
12
16
28
12
10
22
12
14
16
18
28
10
16
20
10
12
20
12
16
16
20
12
24
8
4
6
18
12
14
20
16
14
6
10
8
16
10
10
16
8
2
14
16
20
10
10
14
20
2
20
14
12
8
16
14
10
18
12
20
12
16
12
6
10
18
14
14
14
20
4
0
6
0
2
2
0
0
4
2
0
0
4
0
2
2
0
6
2
2
2
2
6
4
2
2
2
2
0
2
0
4
0
0
2
2
6
2
4
2
4
4
4
2
2
2
0
2
2
2
0
0
2
4
0
2
4
2
2
0
8
0
2
2
0
2
2
4
2
4
2
2
2
0
2
4
2
4
2
2
2
2
2
2
2
8
2
4
0
2
0
2
2
4
2
4
0
4
4
0
2
4
2
0
4
2
2
2
6
0
0
2
2
2
2
2
2
0
8
4
2
4
2
2
6
2
2
4
2
0
2
0
2
0
2
4
2
2
6
2
2
0
2
0
4
4
2
4
0
0
0
2
2
2
2
2
2
2
2
2
0
0
0
2
0
2
2
2
2
4
2
0
2
4
4
2
2
2
4
2
2
2
4
0
4
2
4
4
2
2
2
0
2
2
4
2
2
4
0
2
4
0
2
2
0
2
4
2
2
2
0
0
2
2
2
6
2
2
0
4
0
2
2
0
0
4
2
2
4
2
2
2
0
4
4
4
2
2
0
4
0
4
2
2
2
4
2
2
0
0
0
2
0
2
6
2
4
2
2
4
6
2
2
2
4
2
4
2
0
2
2
2
2
2
6
0
4
2
0
4
2
2
2
4
4
2
2
6
34
38
39
32
38
38
31
32
38
33
38
37
35
32
38
38
39
37
37
37
36
36
39
28
33
38
38
32
38
38
38
35
38
37
36
39
34
38
38
34
30
37
36
37
33
36
35
33
38
38
32
33
38
37
38
27
32
38
36
38
33
33
38
34
37
38
40
37
38
39
31
38
33
39
39
32
37
38
38
39
36
38
33
39
34
38
38
32
33
35
32
34
37
38
39
37
33
38
33
32
27
33
34
37
39
39
38
36
38
38
38
34
35
39
38
39
38
38
38
38
33
39
33
25
38
37
37
37
38
34
36
37
33
38
38
33
38
38
33
38
37
38
39
38
33
34
36
33
38
34
38
39
36
37
33
39
29
31
24
32
37
38
37
37
37
35
38
38
34
37
37
24
37
34
39
38
39
37
37
36
32
37
37
32
38
38
38
36
37
38
37
36
32
32
37
30
36
38
37
33
37
38
34
33
27
30
34
33
38
37
38
19
31
38
38
39
38
38
36
34
23
38
30
39
37
38
38
38
32
37
36
33
36
36
36
38
38
36
38
39
37
38
37
33
37
36
38
30
31
37
37
34
33
31
37
35
39
38
38
39
38
38
39
39
38
38
37
31
38
26
39
38
38
38
34
32
39
30
38
33
36
38
38
39
38
32
36
36
25
0
2
0
0
4
0
0
0
0
2
0
4
2
0
2
0
2
0
4
2
2
0
2
0
2
0
0
0
0
0
0
4
0
0
0
2
2
0
0
0
2
0
0
4
0
0
2
0
4
0
2
0
4
2
4
2
0
0
2
0
2
2
0
0
6
2
2
2
4
0
0
6
0
2
2
0
0
4
0
2
4
0
2
0
0
2
2
2
2
4
2
21
0
2
0
2
2
0
2
2
0
0
0
0
4
2
2
0
4
2
4
0
0
0
2
0
0
4
2
0
2
0
2
4
2
2
2
2
0
0
0
2
6
0
2
0
2
0
2
2
4
2
2
0
2
0
4
0
17
0
0
0
2
0
2
4
0
2
4
0
0
6
2
4
2
4
2
2
18
4
0
2
2
4
6
4
2
0
2
2
0
2
4
0
0
0
2
0
0
0
2
4
0
2
2
0
2
0
0
0
0
0
2
2
2
0
2
0
6
2
4
0
4
2
2
2
0
0
0
0
0
2
0
4
0
0
0
0
2
4
2
2
4
4
2
0
2
2
0
6
2
2
66
0
2
4
0
0
2
6
0
0
4
2
0
2
4
0
0
2
0
2
0
0
0
0
2
0
4
2
2
4
2
0
0
0
2
4
4
2
4
0
2
2
0
2
6
2
0
4
3
2
2
2
2
4
11
0
4
2
13
4
4
3
2
2
2
2
2
0
2
3
4
7
3
3
7
6
4
2
21
7
4
7
4
0
13
0
3
0
2
11
0
1
0
7
2
2
0
6
5
0
0
2
0
0
0
0
6
6
0
2
4
2
2
2
4
4
2
0
4
2
5
4
2
2
2
2
1
4
1
2
5
15
0
6
0
2
2
7
0
2
2
4
0
2
7
2
2
0
2
2
4
5
4
4
15
5
4
6
3
2
3
5
6
3
1
2
13
19
1
11
4
2
2
5
4
0
2
7
3
0
4
2
0
2
0
4
4
4
2
2
0
5
2
4
2
5
4
4
2
5
3
4
1
3
13
7
3
7
0
2
2
3
2
6
0
1
0
11
1
4
2
6
2
0
4
1
2
6
6
4
4
2
11
11
2
3
0
2
7
0
4
6
9
2
2
5
4
5
2
2
2
4
2
4
0
2
2
4
2
2
2
2
4
4
0
3
4
4
2
2
3
4
6
4
0
0
4
4
3
4
2
2
2
6
0
7
2
7
2
4
9
0
3
1
4
0
0
4
3
5
2
4
5
2
2
2
3
2
5
4
7
4
17
4
3
7
5
0
4
0
2
5
6
4
2
5
2
4
2
0
0
0
11
26
6
33
30
18
14
77
22
34
13
23
8
12
10
7
26
47
15
57
8
29
25
16
8
65
19
26
14
18
22
31
14
21
39
14
22
38
22
10
27
73
76
75
67
73
72
78
74
67
41
52
54
39
48
42
55
43
75
76
6
23
12
28
40
41
43
21
12
32
13
30
44
30
49
16
13
15
41
32
22
38
35
19
40
17
21
38
22
23
30
29
23
35
22
41
32
56
34
27
37
17
40
21
12
20
22
36
34
17
42
17
26
30
27
43
28
30
28
38
39
47
24
53
24
30
42
29
40
15
31
29
19
37
58
22
42
51
46
20
17
40
28
73
31
19
34
36
47
41
32
34
40
22
19
19
31
28
26
23
60
36
33
26
37
37
68
40
34
21
24
34
25
26
24
26
36
28
24
29
27
51
43
38
42
30
29
26
19
25
24
38
12
34
15
55
21
40
26
34
35
42
31
32
37
17
9
11
17
30
41
29
14
22
12
9
12
26
16
9
10
7
28
23
15
15
8
11
10
27
15
9
19
21
6
18
9
21
10
11
14
7
22
16
25
18
8
12
24
12
29
13
9
6
8
11
9
20
17
19
13
30
14
14
13
8
17
10
12
11
17
7
24
33
10
10
19
12
21
27
53
17
30
27
12
20
12
8
8
16
2
52
0
8
0
79
3
5
2
26
0
24
13
36
13
46
2
0
0
45
56
25
0
49
14
9
45
62
3
15
71
41
44
56
23
0
0
0
0
0
4
2
2
34
45
0
42
0
44
79
3
2
5
90
0
3
14
0
2
26
1
14
69
28
91
0
47
0
57
14
0
41
52
12
18
57
0
75
4
80
38
18
0
3
0
4
42
8
69
0
0
0
88
11
39
39
53
36
5
2
86
45
0
2
4
2
0
0
2
88
34
2
21
42
68
15
71
0
2
8
21
38
35
0
0
32
81
1
2
0
0
4
0
2
40
0
0
88
36
71
86
0
63
0
15
30
22
2
52
68
2
33
60
48
0
19
2
19
55
2
10
45
45
20
0
22
25
13
3
46
18
0
2
0
0
2
2
3
0
0
0
35
5
24
20
56
7
0
65
76
42
22
14
22
0
2
2
5
54
20
29
0
2
2
31
79
10
26
22
82
34
36
7
27
0
44
90
7
98
2
60
0
0
17
26
2
0
15
0
81
94
0
51
4
39
16
4
40
2
15
23
0
0
0
49
0
18
22
69
0
70
0
0
0
0
0
85
2
14
7
70
2
64
2
0
0
0
84
67
2
2
2
93
6
37
28
0
0
0
4
63
47
25
29
70
5
4
8
8
2
4
4
2
2
4
0
4
2
0
0
10
4
2
2
2
8
0
0
4
2
2
2
0
2
6
2
0
2
2
0
0
0
4
2
6
2
2
0
2
6
8
0
2
4
0
4
4
4
0
0
2
2
2
0
4
4
2
4
6
0
2
0
2
2
0
6
2
10
4
6
2
4
0
4
4
4
2
2
8
0
2
2
4
0
4
4
4
2
0
4
0
0
0
12
2
4
2
4
4
8
0
2
2
2
0
2
8
2
6
2
0
4
4
2
2
4
0
4
4
6
2
2
6
2
0
2
0
6
2
2
0
4
2
4
2
0
4
2
0
4
8
0
2
2
4
2
4
2
6
6
0
6
4
4
4
10
2
2
2
2
2
2
4
0
6
8
6
0
12
2
4
0
6
0
2
2
6
4
0
4
2
4
0
2
4
0
2
0
2
4
2
2
2
6
7
2
0
8
2
0
0
0
4
0
0
2
4
0
2
2
2
0
0
0
0
4
4
2
0
2
2
2
0
2
4
6
2
2
0
6
0
6
0
2
0
0
4
4
2
6
2
0
4
0
2
4
0
0
2
2
0
0
4
2
4
4
0
2
0
0
6
4
0
2
6
2
4
0
2
2
0
0
4
4
8
2
6
0
4
2
2
6
2
2
8
25
31
18
10
40
19
20
18
24
19
28
37
35
31
30
28
35
24
25
27
32
18
17
35
24
16
24
37
28
23
29
30
32
20
15
23
29
6
33
25
25
26
26
20
22
30
27
24
21
26
28
21
23
20
19
17
29
10
31
17
36
30
23
21
15
25
29
25
30
21
25
23
33
18
21
22
18
26
35
17
19
19
33
24
18
19
18
11
32
35
22
26
32
33
31
35
24
21
24
37
31
31
28
24
21
26
26
22
28
21
34
30
26
15
20
28
25
33
20
30
19
21
38
28
33
28
18
25
17
18
34
27
24
23
21
34
22
19
18
32
33
33
31
22
22
24
24
23
19
36
32
28
22
32
25
32
20
31
22
35
16
17
14
28
36
16
16
27
24
25
18
21
20
17
37
25
22
25
37
29
21
30
26
23
14
24
28
23
15
22
17
23
13
15
23
21
13
28
7
17
18
20
28
25
21
28
16
25
19
19
26
15
20
15
21
29
18
15
29
28
30
24
26
29
18
32
20
22
19
25
20
21
19
22
21
27
21
19
25
22
12
12
19
19
20
33
29
15
23
19
25
25
27
17
12
27
27
19
14
22
20
20
15
14
21
15
15
30
14
28
22
11
23
20
16
17
19
26
29
15
13
15
28
20
26
12
13
25
8
4
4
2
8
2
6
6
6
4
10
4
4
4
4
8
2
2
4
0
8
2
6
2
6
26
10
8
6
6
4
2
8
4
2
6
6
6
2
0
2
4
2
4
4
4
6
2
4
4
6
10
6
2
4
2
6
4
4
8
2
2
6
8
2
8
6
0
6
4
6
4
6
4
2
2
2
6
4
10
10
10
6
4
4
2
2
4
4
8
4
0
2
6
4
10
10
4
10
8
6
4
2
4
14
8
4
27
4
6
2
4
6
2
6
4
2
6
4
2
4
12
12
6
2
8
4
0
8
4
6
8
2
2
4
2
4
4
8
4
0
2
2
4
2
2
4
4
2
2
4
2
2
4
4
4
2
12
6
0
2
2
6
6
6
12
10
2
4
4
2
2
2
2
2
4
2
2
4
2
4
4
12
6
6
4
2
2
16
2
10
2
4
4
2
4
8
8
4
4
4
2
6
18
6
2
16
2
10
4
6
2
2
2
4
4
4
2
2
2
10
6
2
2
2
4
4
2
2
8
12
4
0
2
4
6
4
8
4
2
12
4
2
4
2
4
8
4
8
4
4
4
4
4
2
2
4
6
4
6
8
4
8
2
2
2
4
6
2
4
4
4
4
4
4
4
6
6
6
6
6
4
2
6
8
6
4
4
