6
8
10
10
6
13
12
8
12
11
12
12
12
17
18
4
10
15
6
14
8
6
8
8
4
8
4
15
8
12
16
8
12
8
16
8
12
14
12
4
13
14
6
8
4
6
10
8
10
8
10
21
19
14
23
10
14
10
15
9
8
19
16
4
4
23
12
11
16
15
19
14
14
19
14
14
20
8
23
10
17
8
10
14
15
10
16
6
17
12
17
23
6
10
21
23
6
10
13
12
12
11
19
10
23
21
6
25
15
17
19
6
21
25
9
8
8
8
23
23
10
6
14
15
4
25
15
17
21
8
10
4
12
8
18
8
14
9
23
27
9
6
21
18
19
19
19
10
8
8
12
19
17
16
18
23
10
27
12
15
14
8
8
19
12
10
8
13
6
13
8
27
4
18
10
9
15
17
6
16
10
21
12
19
18
27
8
15
14
23
8
10
19
10
19
6
23
15
12
19
23
8
21
10
19
16
2
23
23
6
27
17
21
21
8
17
17
8
12
11
8
23
4
19
14
21
12
12
8
6
6
19
15
12
6
10
15
15
8
4
6
12
23
2
15
8
15
6
14
8
4
13
12
13
4
8
11
4
20
12
4
4
10
10
2
10
15
13
4
2
10
4
13
17
8
4
6
8
14
14
14
6
2
11
4
14
4
6
3
1
1
5
3
3
3
82
0
1
3
1
0
1
0
1
0
3
1
0
0
5
0
0
0
5
3
3
5
7
0
0
1
7
1
0
7
5
9
7
3
3
0
1
5
3
0
3
1
3
23
3
3
3
0
1
41
0
0
1
0
3
1
0
0
1
1
0
1
0
5
1
5
3
0
0
0
3
3
0
7
73
1
3
1
1
1
1
0
5
7
0
1
23
0
0
35
0
0
11
0
1
1
5
1
1
0
1
1
7
9
1
1
1
5
0
0
0
5
1
1
0
0
1
1
3
0
0
1
1
0
5
1
0
1
1
0
1
3
0
6
6
3
1
0
1
1
9
0
0
7
1
0
3
0
5
3
1
0
1
1
1
5
0
5
5
0
0
0
3
5
1
3
1
5
3
1
0
1
0
0
3
3
1
1
1
1
5
3
5
0
0
1
1
0
1
3
1
3
32
3
0
0
3
1
1
3
1
0
1
0
3
1
1
12
3
6
0
1
8
5
1
3
0
1
3
5
5
3
3
0
3
3
0
3
1
1
5
1
1
1
5
66
5
3
1
0
4
3
3
3
3
1
1
0
1
5
5
1
3
5
1
1
0
1
5
3
1
1
0
5
3
9
0
0
1
5
1
1
0
0
1
3
3
0
0
1
1
7
5
7
8
3
5
11
3
5
7
32
5
3
1
5
7
5
7
7
6
9
5
9
7
7
9
7
9
9
7
9
5
9
11
3
9
15
5
5
7
9
15
9
7
3
11
13
7
26
5
73
0
3
1
5
3
1
7
7
7
9
7
7
3
1
7
9
5
5
1
3
5
1
1
3
7
1
9
3
3
7
3
5
3
1
1
0
3
3
3
5
0
7
1
3
3
11
5
5
3
3
7
1
7
3
11
3
1
1
5
3
3
9
1
3
5
3
1
0
5
1
1
3
7
1
7
3
7
4
0
5
3
5
5
9
7
5
7
7
5
5
3
7
3
9
5
5
1
5
5
1
3
5
5
7
7
7
7
1
5
5
3
5
5
3
5
1
5
5
5
3
7
3
1
1
5
3
5
1
0
5
3
3
1
3
3
1
5
5
3
5
3
1
0
5
9
5
5
1
1
1
5
1
3
0
1
1
3
5
5
1
1
0
0
3
0
3
5
3
1
0
3
1
1
0
3
3
1
3
48
1
3
3
0
1
1
5
3
1
5
3
3
0
3
1
1
5
1
1
0
3
7
1
1
1
1
1
0
3
0
3
7
0
1
3
3
5
0
1
1
1
1
3
3
1
3
3
3
3
5
0
3
7
0
5
1
0
1
19
20
19
19
20
19
20
20
19
20
20
20
19
19
19
19
20
19
18
18
19
19
20
19
19
19
19
20
19
19
19
20
19
19
20
19
18
19
19
19
20
19
19
19
20
20
20
19
20
18
19
20
20
19
19
18
19
20
20
19
19
18
20
20
20
19
20
19
19
19
20
19
19
19
19
19
20
20
20
18
19
20
20
20
19
19
19
19
20
19
19
19
19
19
20
20
20
19
19
19
20
19
20
19
19
19
19
19
20
19
20
19
19
20
20
19
19
19
20
19
19
20
20
20
20
19
20
19
19
20
19
20
20
20
20
20
20
19
19
19
19
20
20
19
20
20
19
20
19
20
19
19
20
19
19
19
20
19
19
20
19
19
19
20
19
19
20
19
18
19
20
19
19
19
19
18
20
19
19
19
19
19
18
19
18
19
19
19
20
19
19
20
20
19
19
19
19
19
19
19
19
19
20
19
19
18
19
19
19
20
19
19
19
19
19
19
19
16
20
20
19
18
15
18
18
18
19
19
16
18
20
20
19
18
17
20
19
20
19
20
19
20
19
20
18
20
19
18
18
20
19
19
19
20
19
19
19
19
19
19
19
19
19
17
19
19
20
20
19
19
19
19
19
20
19
19
20
19
19
19
18
19
19
19
19
19
20
19
34
40
18
23
48
28
15
27
29
22
18
14
30
22
18
20
28
12
24
37
29
33
7
30
34
18
14
27
12
29
39
43
6
37
17
27
26
58
28
23
32
35
5
26
24
29
24
24
32
45
11
18
26
20
15
32
20
18
15
17
22
50
14
30
38
28
28
23
3
40
36
44
21
10
35
11
21
11
37
27
22
29
20
20
12
26
19
35
23
43
24
25
26
28
26
28
21
23
26
29
45
54
21
76
48
24
36
31
32
38
27
41
40
31
18
46
33
38
53
47
56
39
49
68
56
51
33
43
21
45
50
40
36
30
40
38
45
28
47
30
41
16
48
38
51
50
69
40
37
16
21
30
41
44
71
67
60
73
55
61
64
35
66
48
41
45
48
48
38
68
53
17
47
38
22
65
28
45
74
44
42
42
38
42
51
17
43
39
37
25
49
38
45
51
33
35
63
7
25
59
51
37
47
29
16
40
63
31
18
30
27
22
46
39
51
44
35
66
49
40
26
28
30
64
45
43
42
30
46
39
77
66
32
24
27
49
38
47
27
5
44
38
67
59
43
51
69
56
36
2
48
71
42
63
32
34
34
18
42
49
40
42
51
25
41
41
65
60
67
34
56
36
40
35
20
51
29
2
40
52
19
18
34
45
28
27
35
61
12
11
11
8
17
10
21
11
17
21
19
15
11
21
10
21
15
13
21
15
13
10
6
15
13
6
21
17
21
13
15
17
10
17
19
21
10
12
21
12
21
15
13
27
17
15
21
17
13
25
19
13
25
21
23
29
19
52
42
33
35
35
35
17
44
79
19
35
48
15
42
23
13
66
13
40
23
10
25
21
21
35
8
19
21
13
10
25
40
21
31
40
13
29
46
31
19
65
21
27
46
29
21
29
13
17
31
25
38
54
44
54
27
27
29
61
12
17
42
15
67
25
44
48
62
23
12
48
40
12
23
25
17
58
80
48
40
33
42
17
23
21
40
29
23
42
36
40
61
17
38
17
46
48
29
29
19
50
15
40
41
44
44
19
19
15
13
35
19
35
17
12
25
46
19
12
17
29
27
25
33
67
29
46
34
15
12
71
31
23
17
36
19
12
15
44
15
27
10
36
21
27
11
23
10
13
27
19
11
33
27
15
35
15
13
21
19
13
17
15
17
42
15
23
38
17
8
12
42
19
13
54
15
19
17
19
25
13
21
13
15
29
12
35
13
13
23
19
38
12
27
15
11
12
15
25
11
37
31
38
17
23
15
23
29
29
15
13
25
31
25
25
23
31
13
15
29
17
35
25
15
19
19
17
19
33
33
29
38
3
13
11
18
23
18
4
1
15
10
34
2
24
27
0
30
32
33
37
29
14
21
35
5
12
26
4
25
24
10
39
4
24
0
1
25
15
4
14
11
17
14
0
19
2
6
16
0
0
15
34
4
0
15
22
40
4
13
30
37
2
30
4
37
19
26
32
6
20
23
43
1
10
2
39
10
12
41
3
12
38
2
19
14
36
1
12
8
29
0
28
30
4
13
37
37
0
16
25
47
15
12
30
36
22
22
34
42
29
1
39
22
34
21
19
14
10
3
10
7
16
6
34
16
11
33
1
16
9
39
18
23
2
26
34
36
50
17
18
22
9
3
21
19
6
40
12
1
52
12
27
6
31
23
20
25
18
26
1
1
41
17
19
7
28
12
21
29
10
17
40
5
29
6
2
0
2
18
12
34
1
8
26
15
4
19
17
14
2
24
32
4
23
22
19
30
8
12
22
36
0
19
7
52
19
22
11
38
19
26
6
18
24
2
14
15
2
38
9
2
35
2
20
31
21
13
26
33
12
18
4
34
18
21
2
2
20
14
48
0
5
20
30
17
18
2
26
19
5
35
25
4
27
30
23
43
3
16
4
18
4
34
23
34
0
0
20
1
2
15
26
15
2
28
22
28
47
27
23
8
13
12
13
35
6
15
19
0
29
2
0
2
0
0
0
0
0
0
2
2
0
2
2
0
0
2
0
0
2
4
2
0
2
0
0
0
0
12
0
2
2
0
2
0
0
0
49
0
4
2
0
4
0
0
0
0
2
2
0
0
2
2
0
2
0
0
2
2
0
4
2
0
0
2
2
2
2
2
2
2
14
2
2
0
0
4
4
6
2
2
2
2
2
4
0
5
4
0
2
0
2
4
2
4
2
0
6
2
0
2
0
4
4
6
0
0
0
0
0
2
4
4
0
0
0
4
0
0
2
0
0
4
0
0
0
0
2
2
0
0
0
0
0
4
2
2
2
2
2
0
0
0
0
0
4
0
2
2
4
2
2
2
0
2
2
2
2
0
2
4
4
2
0
0
4
2
0
2
2
0
2
4
2
2
2
2
0
2
2
0
0
4
2
2
2
2
6
2
4
2
0
2
2
0
4
2
0
2
0
2
0
0
0
0
0
0
2
2
0
0
0
2
0
0
4
0
0
0
4
2
2
0
0
2
4
4
2
0
0
0
0
2
2
0
2
2
0
0
2
0
2
2
4
2
0
2
0
0
0
0
0
4
0
0
2
0
2
0
0
0
6
2
0
2
0
2
0
0
2
2
0
4
0
0
0
2
0
0
0
0
2
0
0
0
0
11
4
2
0
6
4
9
0
2
0
6
4
11
6
2
2
2
4
6
4
0
6
4
4
2
2
2
2
2
4
0
0
0
4
6
4
4
11
2
2
2
0
4
2
0
6
4
0
2
2
2
0
2
4
4
4
2
2
5
2
4
2
2
4
0
10
6
2
2
0
2
2
2
2
0
4
6
4
4
2
2
6
6
6
2
2
15
4
0
0
6
2
8
6
4
4
4
2
0
2
4
2
4
2
4
2
4
6
0
13
2
4
6
2
0
2
4
0
4
2
4
0
4
11
2
6
2
2
8
0
0
4
0
0
2
2
4
4
4
4
0
4
2
4
4
4
2
4
4
0
2
2
4
4
4
4
8
2
11
4
0
6
13
0
6
6
2
6
2
2
4
13
0
2
2
0
13
8
8
4
10
2
0
4
0
2
8
6
2
2
4
2
2
4
2
6
4
2
2
6
4
4
20
2
2
2
11
4
4
2
2
0
8
2
2
0
0
0
0
2
4
2
2
2
0
0
2
2
5
8
4
2
4
11
4
2
2
0
2
0
2
4
4
4
2
4
0
2
2
6
4
8
4
13
2
5
11
4
4
2
2
14
4
6
15
2
2
4
6
0
0
4
6
2
4
2
4
4
2
8
2
12
0
2
4
2
4
8
2
4
2
4
0
0
0
2
2
0
2
2
2
2
2
2
0
2
4
2
0
0
0
2
0
2
0
2
4
0
2
2
0
0
0
4
2
2
0
2
2
2
0
0
2
0
2
2
0
0
2
0
2
0
4
0
0
0
4
0
0
2
0
2
2
2
6
2
2
2
0
0
2
0
2
0
0
0
0
2
0
0
4
2
2
2
2
0
2
0
0
0
0
0
0
2
0
0
0
4
2
2
0
2
0
0
2
2
0
4
0
4
0
2
4
2
4
2
2
0
2
2
0
2
0
2
0
2
2
0
0
2
0
0
2
0
0
0
2
2
2
2
2
0
0
0
0
2
0
2
0
0
2
2
2
0
2
0
4
0
0
0
0
4
0
2
0
0
2
0
2
4
4
2
0
2
2
2
0
0
0
2
2
0
0
2
0
2
0
0
4
4
2
0
2
2
0
2
2
4
2
0
0
0
2
0
2
0
0
2
2
2
0
2
0
0
6
0
0
2
2
0
0
0
2
0
2
4
2
2
0
0
0
0
0
2
0
2
2
0
0
2
2
0
2
2
0
0
2
0
0
2
0
2
0
0
0
0
2
2
2
2
2
0
2
2
0
0
2
4
2
4
2
1
2
2
0
0
0
0
2
2
2
0
0
0
0
2
