0
4
0
0
0
4
9
2
6
4
2
2
0
4
2
0
2
15
4
6
0
4
0
4
4
8
4
2
0
6
2
0
4
4
4
0
6
4
0
0
4
11
2
0
0
2
4
2
0
2
0
0
0
11
0
2
0
2
2
2
0
2
4
4
4
4
4
0
2
2
2
2
4
0
0
0
15
0
66
2
2
2
4
4
2
0
0
2
0
19
4
6
0
4
4
6
0
2
2
4
0
8
2
2
6
6
2
0
0
0
0
2
2
2
0
2
0
4
0
2
2
0
0
2
0
6
0
4
2
0
4
2
2
2
8
2
0
11
4
2
4
2
2
2
0
0
0
2
2
23
2
2
4
2
0
2
0
6
2
0
2
2
6
2
4
0
4
0
2
2
4
0
2
4
2
0
0
2
2
2
0
4
4
4
0
0
2
2
0
4
4
2
2
2
2
0
0
0
4
0
2
2
2
2
2
0
0
4
4
4
74
2
0
0
0
0
2
0
0
0
4
4
0
0
0
0
2
9
0
2
2
4
2
0
0
0
2
2
2
2
0
2
0
0
2
19
62
0
4
0
2
0
2
4
4
0
4
13
2
4
6
4
0
2
0
0
2
0
4
25
2
2
2
4
4
4
2
4
0
0
2
0
2
2
2
2
11
4
2
2
0
2
0
2
2
2
2
0
0
2
4
2
2
0
0
0
2
0
0
0
0
0
0
2
0
0
2
2
0
0
0
6
0
4
2
2
2
0
2
0
0
0
4
2
4
2
0
2
2
0
0
4
2
0
2
2
2
2
2
2
0
0
2
0
2
0
4
2
2
4
2
0
2
4
0
2
2
4
2
2
0
4
2
0
2
0
2
0
0
0
2
2
8
2
2
2
4
0
0
2
2
4
2
2
2
2
2
2
0
0
0
8
2
2
2
2
0
0
0
2
4
2
2
0
2
0
4
4
4
0
2
4
2
2
4
2
2
0
0
2
4
0
8
2
2
0
0
0
0
2
0
2
2
2
0
0
0
2
2
4
2
0
0
0
2
0
2
2
2
2
2
2
0
2
2
0
2
2
2
4
2
0
2
0
0
0
2
0
2
4
0
2
0
2
2
0
2
0
4
2
2
0
2
2
2
4
0
2
0
2
2
0
0
2
2
0
2
4
0
0
2
0
4
2
2
2
0
2
2
2
2
2
2
0
0
0
0
0
2
2
4
2
0
4
2
2
4
4
2
2
0
2
4
0
0
0
2
0
0
0
2
4
0
2
0
12
2
0
0
2
0
0
0
2
2
2
2
4
0
0
2
0
2
0
2
0
6
14
20
6
10
8
6
14
10
14
18
4
2
6
14
4
10
8
10
10
6
10
8
10
8
4
6
12
10
10
6
12
8
28
2
12
26
6
4
6
6
12
6
10
12
8
8
12
10
6
10
8
18
10
10
6
6
4
4
8
18
6
0
10
12
12
14
4
6
8
18
12
6
8
34
8
8
8
14
8
4
6
14
8
10
6
4
2
6
14
2
8
6
4
6
6
10
14
4
12
2
8
4
10
10
10
12
4
12
6
6
12
8
10
4
8
14
6
16
8
8
6
16
8
6
14
26
8
8
12
6
10
18
6
14
12
12
6
8
8
12
6
12
10
6
10
4
12
10
14
10
8
8
8
8
4
12
12
10
8
6
6
8
8
12
8
8
4
12
16
8
8
10
12
10
8
10
8
10
12
12
24
2
12
8
4
4
22
6
14
12
18
12
6
16
10
10
6
14
20
4
8
10
8
10
21
8
7
4
8
8
16
10
4
8
14
10
8
6
18
4
6
4
8
16
12
8
18
10
6
18
6
12
4
2
14
10
4
14
12
8
2
10
4
12
8
12
6
18
6
6
6
10
2
14
4
10
10
2
4
14
2
4
2
6
4
0
4
4
0
4
6
10
2
6
4
6
0
2
2
0
2
4
2
4
0
2
0
4
2
2
2
0
4
4
4
2
0
0
4
4
2
4
2
4
2
2
7
2
31
2
4
2
5
4
2
6
2
0
3
0
0
6
2
4
1
2
0
3
0
1
2
2
3
2
4
0
4
2
2
2
6
1
4
3
0
4
0
0
2
3
2
3
0
4
4
0
0
2
2
0
5
2
7
0
0
0
4
6
4
3
6
4
2
3
2
0
0
0
4
6
0
3
0
4
3
2
2
0
3
2
0
2
3
2
1
2
39
4
2
0
4
0
2
4
5
0
2
2
3
2
4
2
7
2
2
2
2
2
5
5
0
0
4
2
2
5
2
4
3
4
7
2
0
4
2
4
0
2
0
4
2
4
5
0
2
0
0
4
0
2
2
4
2
2
2
4
4
2
2
2
4
4
2
2
2
0
2
6
2
2
2
0
2
4
4
7
2
0
27
0
4
2
4
2
0
5
0
25
4
4
0
2
3
2
4
6
3
3
4
2
2
2
2
4
6
2
0
4
3
2
6
7
2
2
0
4
3
2
0
2
1
4
4
0
2
2
2
5
1
2
2
6
0
4
2
2
4
5
4
2
2
0
5
3
2
1
2
2
1
4
6
2
0
4
4
0
2
2
0
4
4
0
2
0
2
2
2
0
2
4
0
2
4
0
0
16
16
17
16
18
18
17
17
16
17
17
16
17
16
16
17
18
17
17
17
17
17
16
16
16
17
17
17
17
16
17
17
16
17
16
16
16
16
17
16
17
17
18
17
16
18
17
17
18
17
17
17
17
16
17
17
16
17
16
18
17
18
16
17
17
17
16
17
16
17
16
17
17
18
17
17
17
17
17
17
17
17
17
17
16
16
17
17
17
16
17
17
17
17
17
18
18
17
18
16
17
18
17
18
17
17
17
17
16
17
17
17
16
17
17
17
17
16
17
17
17
16
17
17
17
17
17
17
16
16
17
16
17
16
17
16
16
17
17
17
18
16
17
16
17
17
17
17
17
17
17
17
16
17
17
16
17
16
16
16
17
16
16
17
16
16
17
16
16
16
17
17
17
17
17
17
16
16
17
17
16
17
17
16
17
17
18
17
17
16
17
17
17
16
17
17
17
17
17
17
17
17
17
16
17
17
17
16
17
16
17
17
17
17
16
17
17
17
17
17
17
17
17
17
17
16
17
17
17
18
16
17
16
17
16
17
17
16
16
16
16
17
17
16
17
17
17
18
16
17
17
17
17
16
17
18
17
17
17
17
17
17
16
17
18
17
16
17
17
17
17
17
17
17
17
17
17
16
16
16
17
17
16
16
17
17
17
16
6
7
2
9
4
3
2
7
7
9
7
9
6
5
6
6
11
0
4
4
8
6
4
4
8
0
8
8
2
2
6
6
2
4
6
7
2
8
5
6
23
4
35
8
2
4
9
6
8
9
9
11
4
27
11
6
4
9
19
7
7
2
5
0
7
18
19
31
29
29
34
36
37
43
36
13
39
42
53
17
35
55
26
20
24
41
45
18
46
15
29
46
28
22
33
31
56
39
40
38
21
37
39
24
25
34
40
46
49
13
30
9
18
28
36
30
42
2
44
17
32
20
27
44
18
11
39
29
38
38
11
21
11
43
28
0
17
21
40
19
38
35
37
33
22
10
15
48
44
33
6
8
32
8
4
11
8
5
6
11
20
4
6
9
9
9
11
4
8
4
9
4
11
8
6
4
9
4
8
6
6
16
7
6
25
25
13
4
8
5
6
2
9
10
7
7
15
6
16
13
8
4
7
5
4
13
4
6
4
10
7
7
6
11
13
8
10
6
16
9
19
9
18
8
6
4
7
6
5
4
7
7
7
6
10
22
9
6
21
18
4
4
11
40
9
8
9
17
21
34
25
4
4
6
7
42
9
5
6
11
10
2
6
8
19
6
15
7
4
2
6
6
13
9
15
6
6
13
10
2
9
4
6
6
10
11
4
4
7
3
13
7
9
11
5
5
9
15
11
9
11
13
22
11
5
5
5
7
12
7
17
21
9
11
11
11
9
16
9
9
7
23
11
16
9
15
13
12
16
16
15
15
11
29
18
9
13
14
18
7
18
24
18
24
8
11
20
14
5
18
3
9
24
18
15
21
16
22
24
32
9
14
9
17
17
7
32
11
11
11
20
18
14
24
13
11
11
12
9
7
16
9
9
14
13
13
16
16
17
11
5
7
8
12
8
16
18
15
10
22
14
10
22
1
11
11
12
9
10
13
9
17
13
12
10
10
20
12
13
11
9
16
15
7
18
16
11
18
11
5
49
16
9
5
13
1
14
16
22
15
19
6
7
18
20
14
12
12
11
15
12
16
20
11
22
19
15
15
9
23
18
21
20
17
20
16
13
11
17
13
14
7
10
22
20
13
13
14
10
7
24
21
7
14
18
15
13
12
18
20
18
12
13
13
12
11
16
11
14
22
13
7
14
30
15
18
17
56
12
8
17
11
15
11
10
17
20
13
18
17
20
9
7
14
16
10
11
14
7
11
15
7
11
7
7
10
7
23
14
24
14
22
16
11
12
23
19
3
19
13
10
10
14
17
9
9
11
9
31
11
20
16
15
16
10
13
23
7
16
17
13
11
11
25
18
14
2
0
2
2
2
2
2
4
0
0
4
4
0
2
6
4
2
2
6
2
0
2
6
2
2
0
2
0
0
2
2
4
4
0
0
2
2
2
2
2
2
4
2
0
0
2
2
0
2
0
4
2
4
4
2
2
2
4
2
2
0
0
4
2
2
0
4
2
0
6
4
4
4
0
4
0
0
0
0
2
2
4
4
4
0
0
4
2
4
6
2
4
4
0
6
2
2
0
0
4
2
2
0
2
2
0
0
2
0
2
2
2
2
4
0
2
0
0
0
2
0
0
2
4
2
4
0
2
2
4
2
0
0
0
2
0
2
2
0
4
0
4
4
4
4
0
4
0
2
0
2
4
2
2
0
2
0
2
0
0
0
6
2
0
2
4
0
2
2
2
0
0
4
2
4
2
0
6
0
0
0
0
4
4
2
2
2
2
0
2
0
2
2
0
4
0
4
0
6
2
2
2
4
2
0
2
4
2
2
4
4
2
2
2
2
4
0
2
0
6
2
2
2
0
2
0
2
4
2
0
0
6
4
2
4
2
2
0
4
2
0
0
2
6
4
4
2
0
0
0
2
4
2
2
2
2
2
0
0
2
0
2
2
2
0
2
2
2
0
2
2
0
0
0
2
4
0
2
4
0
2
2
0
0
4
4
0
2
0
5
16
19
45
12
0
18
46
0
9
7
13
6
12
23
0
0
0
0
64
0
0
0
0
0
0
0
0
0
0
52
73
0
0
0
0
0
1
1
0
0
0
0
39
22
18
1
0
0
20
9
10
16
0
12
17
11
1
10
0
8
0
6
16
11
1
3
17
0
7
6
7
0
11
10
9
17
13
19
17
10
13
13
7
6
6
8
3
5
0
6
6
6
0
0
7
2
7
0
15
14
0
10
17
6
0
5
0
7
0
9
11
12
8
12
15
15
5
0
7
0
9
7
0
15
10
10
12
0
5
8
6
0
10
8
8
6
0
13
9
0
0
3
6
4
0
7
0
10
0
9
9
0
13
0
10
4
1
6
0
8
4
6
14
6
10
0
6
9
0
5
0
10
0
0
7
8
0
6
0
5
4
0
16
0
7
6
6
9
11
6
3
0
7
0
4
0
7
0
1
7
9
0
3
4
0
11
0
2
6
0
7
9
1
0
15
8
7
4
0
13
6
4
0
3
7
0
5
8
2
4
7
0
8
7
9
7
5
0
5
0
3
4
7
3
0
0
6
0
7
0
2
0
7
5
4
4
0
7
0
5
0
6
0
1
4
0
0
9
7
9
6
0
12
0
1
0
6
6
7
4
6
0
3
0
9
0
0
0
0
0
0
0
0
37
0
0
0
2
0
0
0
0
0
0
0
30
0
2
0
52
0
0
0
0
0
2
0
0
0
0
0
0
2
57
0
0
0
0
0
2
0
0
0
0
0
0
0
0
0
0
6
0
0
0
0
2
0
2
0
2
31
18
0
0
0
3
0
0
0
0
0
0
0
0
0
0
0
5
0
54
0
46
2
0
0
0
3
35
0
0
0
0
52
43
0
0
0
0
0
0
32
0
0
0
3
22
0
0
0
50
59
0
0
0
9
48
0
0
0
14
0
27
0
0
16
0
52
0
0
39
0
14
0
61
55
0
0
63
54
2
32
0
18
0
42
0
0
2
40
23
0
0
32
0
40
0
22
16
19
26
0
0
5
46
0
13
2
9
0
41
50
38
0
0
0
55
0
12
42
0
0
0
57
46
0
7
56
0
0
61
57
55
59
56
51
53
56
13
54
49
68
60
47
59
47
57
46
59
58
52
56
58
3
35
64
65
45
55
58
61
32
51
24
60
58
0
59
55
0
44
50
58
56
60
19
50
58
55
60
53
0
0
42
47
7
0
50
40
61
0
0
52
0
0
57
56
59
0
11
16
0
4
52
58
30
61
54
60
62
0
0
39
5
57
60
60
60
53
48
54
56
56
2
0
