2
2
2
0
0
0
2
0
2
0
2
2
2
0
0
0
0
0
0
0
2
0
2
0
2
0
0
2
2
2
0
2
2
0
4
2
0
2
0
2
0
2
0
0
0
4
2
2
2
0
0
2
0
0
0
0
0
2
0
0
2
2
0
0
0
0
2
2
2
4
0
2
2
2
2
0
0
2
2
2
0
0
2
0
0
2
2
2
2
2
2
2
2
0
0
2
2
0
0
2
0
2
2
4
2
2
0
2
2
4
0
2
0
2
2
2
0
0
0
0
0
2
2
2
2
2
0
2
2
0
2
2
2
2
0
2
0
0
2
2
4
2
2
2
0
2
2
0
2
2
0
0
2
0
2
2
2
2
0
2
2
2
2
2
2
0
2
0
0
2
2
4
2
2
0
0
2
0
0
2
2
2
2
2
0
2
2
2
2
0
0
2
0
2
2
0
2
0
2
2
0
0
2
2
2
2
2
2
0
2
0
2
0
0
2
0
0
0
0
4
0
0
2
4
0
0
2
2
0
0
0
0
0
2
2
2
0
2
2
2
0
2
0
2
0
0
2
2
2
0
2
2
2
2
2
2
2
4
0
0
4
0
2
0
2
4
2
2
0
2
2
0
2
2
2
0
2
0
0
2
0
0
0
0
0
2
0
0
0
0
2
2
0
0
2
2
0
0
0
2
0
2
0
0
0
0
2
0
2
0
0
2
6
0
0
0
2
0
0
2
0
0
2
2
0
0
0
0
2
2
0
2
0
2
2
2
0
0
0
0
0
0
2
2
2
2
2
0
0
0
2
2
0
0
2
0
2
2
2
0
2
2
2
0
2
0
2
4
0
2
0
0
0
2
2
2
2
2
0
2
0
0
0
2
2
4
0
2
4
2
0
2
0
2
2
0
0
0
2
2
0
0
2
0
2
2
0
0
2
2
0
2
0
0
0
2
2
2
0
0
2
0
4
2
0
2
0
2
2
0
2
2
2
6
2
0
2
2
2
2
0
2
2
0
2
0
0
4
4
2
0
0
0
0
2
2
0
0
0
2
2
4
4
2
0
0
0
0
0
2
0
0
2
2
0
0
4
2
2
0
0
2
2
2
2
0
2
2
2
2
2
0
0
0
0
2
0
0
4
2
2
2
2
0
0
0
2
2
2
0
2
0
2
2
0
0
0
0
2
2
0
2
2
2
0
0
2
4
0
2
0
0
4
2
0
2
2
0
0
2
2
0
0
0
2
0
0
0
2
2
0
4
2
0
2
0
0
0
2
0
2
0
2
2
2
2
0
0
2
0
2
2
2
2
4
2
45
48
36
40
46
39
35
45
34
46
53
40
40
22
30
29
31
50
37
27
33
28
14
45
25
23
61
42
19
45
31
43
31
12
21
27
36
31
42
37
59
35
27
44
38
45
43
36
47
26
11
28
13
33
32
14
21
38
31
22
36
16
50
16
63
45
25
40
12
28
34
20
31
40
36
25
59
38
47
36
59
64
46
49
37
45
37
35
32
60
18
25
40
33
51
25
35
36
54
24
39
18
48
52
28
37
35
41
23
34
33
50
36
50
66
24
64
50
42
47
34
54
28
41
44
54
26
48
45
38
53
17
36
46
18
48
34
49
43
50
59
52
46
49
40
53
28
30
30
36
30
39
41
30
38
31
20
50
35
34
44
36
43
29
36
36
46
29
50
37
44
37
33
41
37
62
48
36
34
30
39
40
39
24
44
36
49
39
30
26
26
39
20
56
38
62
50
32
71
42
47
39
43
41
46
33
35
40
27
29
35
19
36
32
35
39
38
43
14
13
38
9
24
32
14
32
48
52
16
20
17
14
11
35
31
22
21
36
16
23
31
11
38
16
16
20
39
16
37
34
27
20
36
13
10
45
30
7
8
10
5
7
2
5
10
3
6
3
5
7
7
7
9
6
10
3
2
9
7
3
9
14
7
8
7
3
8
12
6
15
4
0
2
6
6
4
4
6
2
2
2
4
11
6
10
12
24
4
10
4
4
8
8
4
8
2
2
8
2
2
6
2
4
12
8
6
2
0
6
4
0
4
4
6
4
4
6
2
2
2
6
2
10
4
6
4
4
2
8
9
6
5
6
2
6
6
2
6
0
6
2
11
9
8
0
6
4
11
2
2
2
2
8
2
6
4
4
6
6
4
6
4
2
4
2
2
11
8
4
6
4
13
8
4
4
2
4
2
6
8
4
2
8
2
2
2
6
4
4
6
2
4
6
6
10
10
8
10
4
4
6
4
6
6
17
2
13
4
2
2
2
10
8
10
2
6
8
2
10
8
6
2
2
12
4
15
4
2
15
11
6
6
2
4
15
4
6
6
4
4
6
2
15
4
2
6
4
8
6
15
8
4
4
6
6
4
4
10
2
4
4
4
4
4
10
2
6
6
4
21
0
2
12
6
4
6
6
4
8
4
13
8
4
6
10
4
10
0
10
10
2
2
13
4
6
6
2
4
4
4
8
8
6
4
4
6
6
8
4
8
6
2
4
4
13
4
2
8
4
6
4
8
10
2
15
6
8
6
6
2
8
4
8
12
6
6
4
4
2
4
15
4
4
4
4
4
19
0
4
0
8
6
6
12
0
2
25
32
28
39
34
43
29
41
36
29
32
38
23
37
34
35
28
34
42
30
24
43
25
35
26
33
31
33
18
38
38
27
30
34
30
30
38
27
37
28
34
31
32
29
30
29
29
27
33
30
32
35
29
32
39
26
35
37
35
32
31
39
37
34
29
32
39
38
34
34
29
44
33
25
36
32
34
32
34
35
26
30
33
30
38
34
38
39
34
39
38
41
35
21
32
39
39
30
27
31
35
32
23
32
40
41
31
32
34
39
38
28
34
37
40
34
32
30
27
25
44
27
43
43
34
33
35
28
37
34
38
35
39
30
32
24
27
34
35
30
39
35
28
31
37
23
46
28
30
39
32
23
32
38
39
32
37
42
34
37
32
37
26
33
34
22
39
32
39
30
36
41
28
28
38
37
47
35
31
43
36
38
26
35
38
42
29
32
28
35
41
23
35
34
29
30
38
18
32
29
33
36
26
30
31
39
45
44
38
34
46
27
29
30
31
29
31
39
29
29
26
33
42
32
32
34
36
26
31
32
33
28
34
40
31
32
34
26
27
28
41
30
30
29
29
32
27
32
39
36
35
34
40
31
35
34
29
23
27
17
34
32
39
31
26
29
34
29
34
35
31
33
26
42
37
35
36
34
33
31
43
31
30
34
41
43
34
28
1
0
1
2
1
1
1
1
3
2
5
2
0
1
2
1
0
1
1
3
1
5
6
4
1
1
2
1
2
1
1
1
1
1
3
0
3
1
1
1
3
2
0
1
1
1
0
2
1
1
1
4
3
1
0
0
0
1
2
0
3
1
6
1
4
0
1
1
2
1
2
7
2
0
2
1
0
0
0
1
5
2
3
0
5
3
2
3
1
1
0
3
7
0
1
0
2
1
0
0
1
1
0
3
1
2
0
0
1
2
1
2
1
1
1
2
2
1
0
0
0
0
0
0
0
8
2
1
1
1
0
2
0
0
0
1
4
0
0
0
1
1
0
3
1
3
0
6
0
1
0
0
0
2
3
0
1
1
2
2
1
0
5
3
2
1
2
2
1
0
1
0
1
1
0
1
2
0
1
2
0
2
1
2
4
1
5
0
0
1
5
1
4
1
0
2
2
0
2
1
0
1
1
2
6
3
2
4
1
0
1
0
2
0
0
2
0
1
0
0
2
2
2
2
0
6
2
1
1
0
0
2
1
3
0
1
2
2
2
1
2
0
0
1
1
0
4
2
0
4
1
1
1
2
2
0
0
0
3
1
1
2
0
3
1
0
1
1
5
1
1
3
1
0
1
1
0
2
1
2
1
0
3
3
1
2
0
4
55
36
31
27
23
37
47
39
25
36
30
22
56
42
50
38
47
51
60
27
20
38
40
51
33
27
41
41
49
46
52
61
51
53
25
39
44
33
49
44
35
32
67
57
59
57
54
33
38
34
38
27
32
41
22
35
50
40
40
51
29
34
30
52
55
53
37
50
36
54
39
55
18
47
35
42
41
34
62
57
55
61
54
33
32
36
45
45
47
45
23
56
58
18
50
57
51
42
47
52
24
43
54
53
49
49
37
23
57
52
39
49
43
58
37
51
52
47
51
46
47
59
33
50
29
46
49
51
58
30
43
50
43
27
44
38
57
63
50
42
54
51
30
27
34
31
44
33
33
36
42
52
57
38
37
36
55
56
54
36
58
29
55
44
38
60
35
39
45
58
24
56
35
52
45
46
36
47
67
40
20
36
47
21
43
50
48
56
57
30
45
37
37
33
46
29
60
24
57
27
59
30
29
59
34
39
53
49
54
32
33
37
28
37
33
37
47
31
34
27
48
54
48
48
35
52
38
46
51
27
45
40
35
24
33
41
34
45
41
34
40
31
35
28
28
33
53
54
28
48
54
38
18
34
49
37
37
21
34
52
34
42
53
26
40
51
44
29
54
35
29
31
42
30
21
46
49
43
48
32
47
32
33
38
45
52
40
52
3
0
1
0
7
5
4
6
8
1
2
4
8
5
3
6
1
1
5
3
4
4
1
16
4
0
3
3
3
4
8
1
3
0
4
10
9
2
7
5
4
7
6
4
3
4
4
4
3
6
3
3
0
5
1
6
2
4
4
4
3
7
3
0
4
5
1
10
8
1
3
0
7
7
6
4
0
4
3
2
1
6
1
3
3
11
3
3
9
3
1
4
1
4
8
0
6
1
4
3
1
3
3
3
5
0
2
6
7
3
12
3
1
4
1
1
3
1
3
4
4
4
4
1
0
3
4
2
3
2
4
4
5
3
0
3
1
1
11
12
4
4
5
1
3
3
3
7
1
0
4
1
2
4
1
3
4
4
7
4
1
1
9
0
4
19
3
2
4
7
5
6
8
4
4
5
3
0
1
3
0
1
4
3
3
6
3
1
1
4
9
4
6
1
0
1
3
3
1
4
23
3
6
7
2
1
6
5
3
5
0
2
11
4
1
4
5
7
5
3
4
1
3
5
0
4
4
0
15
3
6
8
5
1
4
5
14
1
7
3
6
4
3
3
1
5
4
8
3
6
1
5
1
1
3
4
3
0
1
2
5
4
1
1
8
9
3
4
4
3
7
1
6
12
0
4
4
3
1
3
5
5
1
6
3
1
1
6
3
4
50
47
10
31
0
2
17
22
2
0
28
2
42
0
13
9
2
2
18
4
0
0
0
13
28
0
24
26
0
1
17
2
38
0
32
2
43
28
25
2
0
0
2
2
60
37
0
27
77
2
0
0
2
5
2
0
0
38
5
44
61
32
2
2
22
3
2
32
2
75
2
0
0
0
0
0
0
44
0
7
2
80
2
42
35
2
29
9
60
0
59
5
55
11
28
1
0
15
52
0
0
74
0
0
62
14
42
33
0
2
36
3
65
0
25
2
0
24
0
55
4
59
69
89
2
0
29
0
47
31
0
55
2
0
0
0
0
0
0
0
0
4
0
12
2
2
0
15
0
0
91
2
6
53
17
2
0
0
0
5
23
0
0
0
2
44
34
23
2
0
22
2
0
0
2
15
0
2
40
0
0
0
25
2
0
2
15
0
2
91
0
0
0
0
0
0
2
9
0
0
2
0
0
0
2
0
2
2
0
0
27
13
3
40
0
0
3
4
2
0
0
9
0
2
34
87
0
30
9
0
0
14
0
31
15
0
0
11
72
20
2
16
0
2
0
42
0
0
1
0
33
2
20
1
0
0
16
18
0
57
0
22
9
37
0
4
2
2
0
0
18
18
0
2
0
0
0
13
9
0
0
0
14
2
7
0
11
3
1
1
5
0
1
3
0
3
3
3
6
0
1
1
1
1
1
20
3
1
29
7
0
3
3
3
13
5
3
1
0
1
5
5
0
1
5
0
1
1
0
3
5
3
5
0
1
0
1
0
1
1
1
3
0
5
1
3
0
0
3
0
3
1
0
28
1
3
1
1
10
3
5
31
3
0
36
5
1
1
0
0
3
3
3
1
3
0
1
1
3
0
45
1
0
1
0
48
0
0
0
7
1
3
1
5
3
0
5
1
3
1
11
3
0
7
5
3
5
1
1
3
1
1
1
0
1
1
0
3
1
3
0
1
3
5
0
1
1
1
3
1
3
0
3
5
1
3
3
3
3
0
3
7
6
9
0
0
1
0
3
1
3
3
6
3
0
0
1
3
0
3
1
1
5
5
3
3
1
0
43
1
0
0
0
1
3
0
0
0
1
7
3
5
3
0
0
0
0
3
0
34
0
10
1
3
1
3
0
3
1
1
0
0
0
3
0
0
0
0
0
5
0
3
1
80
1
3
0
5
0
0
3
80
0
0
3
5
3
5
0
5
0
11
5
1
1
1
5
1
1
3
5
1
1
0
3
3
1
7
7
3
3
10
0
5
3
3
25
3
3
3
3
3
3
1
1
1
3
1
3
1
1
1
5
0
