2
0
2
2
2
4
0
0
2
2
0
2
2
0
0
0
4
0
2
2
4
2
2
4
0
2
0
0
2
2
2
0
0
2
4
0
2
2
0
0
2
2
2
2
0
2
2
4
2
0
2
0
0
2
4
2
0
2
0
0
2
0
2
2
2
0
0
0
2
4
2
0
2
2
0
2
0
0
0
0
2
2
2
6
0
0
2
2
2
0
4
2
2
2
0
0
0
4
0
0
2
0
8
2
2
0
2
4
0
2
0
4
2
0
4
2
2
0
0
0
2
0
0
2
2
0
4
0
0
0
0
0
4
6
2
2
2
0
2
0
2
2
4
0
2
2
4
2
8
2
0
0
0
0
2
0
2
0
4
0
0
0
0
0
0
0
0
0
0
0
2
2
0
0
2
2
0
4
2
2
0
2
0
0
0
2
2
2
0
0
2
0
4
0
2
2
2
4
2
0
0
0
2
0
2
2
0
0
0
0
0
2
0
0
4
2
2
0
0
4
2
0
4
2
0
0
2
0
4
0
0
0
2
0
0
2
2
0
0
4
2
0
0
0
2
0
2
4
0
2
2
4
2
2
0
2
2
0
2
0
2
2
2
0
2
0
0
2
4
2
0
2
2
0
0
6
0
4
4
4
2
0
0
0
0
0
2
2
5
0
2
2
4
4
2
7
6
2
0
2
6
5
0
4
0
2
4
4
2
5
2
2
3
2
3
4
3
2
0
2
2
5
5
3
2
4
2
4
2
5
2
0
2
2
4
4
2
3
3
4
2
2
4
2
2
2
4
0
3
5
3
2
5
2
3
2
3
2
5
7
2
3
0
3
2
2
7
5
2
4
2
5
2
2
2
2
0
5
3
2
0
0
5
6
0
0
6
2
5
2
0
4
4
4
9
0
0
2
2
4
2
4
2
9
3
2
0
5
2
3
7
3
2
2
2
2
3
2
4
2
5
3
5
4
4
5
4
5
3
7
2
2
6
4
0
7
2
3
0
3
2
3
5
2
5
2
3
3
3
3
2
7
7
7
11
5
3
3
4
4
4
4
2
5
0
3
4
9
2
4
2
7
3
3
3
5
3
4
5
2
4
5
2
2
2
0
7
0
5
3
6
5
11
5
2
0
2
2
0
3
5
2
4
3
3
2
0
3
4
2
2
0
2
2
7
3
4
2
5
3
4
2
2
5
0
4
2
4
2
2
3
4
2
3
4
3
7
3
2
0
0
3
3
7
7
3
2
7
3
3
2
3
4
2
4
7
2
4
2
3
4
3
2
3
4
3
3
2
2
2
2
6
3
0
2
4
85
0
0
0
0
0
0
21
36
0
47
99
0
0
0
0
2
0
0
41
39
4
41
16
79
0
0
0
0
0
0
0
25
1
17
8
0
0
0
0
0
0
0
0
38
18
40
0
67
0
0
0
0
0
0
27
27
24
38
62
97
0
0
0
0
0
0
0
42
31
62
75
78
0
0
0
0
0
0
23
39
45
38
38
2
0
0
0
0
0
0
45
27
31
3
0
0
0
0
0
0
0
0
7
33
25
40
67
40
0
0
0
0
0
0
0
45
23
21
23
0
89
0
0
0
0
0
46
23
24
66
93
0
0
0
0
0
0
0
44
33
0
33
89
0
0
0
0
0
0
0
33
38
34
20
16
23
22
4
29
0
13
38
20
46
36
23
69
6
88
67
0
82
0
0
25
22
21
29
29
0
0
0
0
0
0
0
33
33
24
62
48
95
0
0
0
0
0
0
24
34
19
48
52
55
35
0
0
0
0
0
2
57
22
16
38
11
0
44
0
0
0
0
14
0
18
25
83
20
0
2
0
0
0
2
16
15
35
18
22
20
64
0
0
0
0
0
0
0
22
3
62
41
8
3
5
29
0
2
44
4
0
13
0
52
68
27
0
21
0
15
7
67
4
9
0
19
8
22
2
29
33
41
0
69
0
0
40
2
3
5
0
0
2
5
2
0
2
2
0
0
0
2
0
0
3
0
7
0
2
0
4
2
2
4
2
3
0
3
2
0
3
0
0
9
0
0
3
2
2
4
2
2
2
5
2
1
6
7
2
0
1
1
0
0
0
3
5
0
0
0
3
0
2
6
0
0
2
0
3
0
2
3
2
2
2
2
2
1
0
11
0
0
2
0
2
0
0
0
2
2
2
0
2
2
3
7
1
4
0
2
0
2
2
2
0
2
0
0
0
0
2
2
2
0
4
2
0
3
2
0
4
4
4
2
0
0
2
2
2
3
0
0
0
0
2
3
2
2
0
0
2
2
0
0
3
2
2
4
0
0
2
3
2
0
2
0
2
5
6
7
2
0
0
0
2
0
2
5
0
2
5
0
3
1
7
3
4
0
2
5
2
0
0
0
2
0
4
0
5
5
0
0
0
2
0
3
2
0
2
0
2
2
2
0
0
2
0
2
0
0
0
0
5
5
0
0
0
0
5
5
8
0
2
5
2
0
2
4
2
2
2
7
2
3
2
2
0
1
2
0
0
2
4
0
4
4
0
7
0
1
0
4
2
4
11
0
4
9
0
0
0
2
0
2
0
4
2
2
0
2
4
0
7
2
2
3
0
5
0
2
0
0
2
5
0
4
5
10
6
6
11
0
7
6
2
62
4
6
4
8
6
4
2
6
6
5
8
6
10
4
3
7
8
4
4
7
9
82
2
8
4
6
8
0
0
7
8
7
3
2
4
6
4
2
4
2
0
6
19
4
12
2
2
3
4
5
4
4
9
6
6
4
10
10
0
2
7
0
2
4
6
4
7
2
8
2
9
4
2
4
5
2
6
12
10
3
2
8
2
9
4
5
2
11
9
24
9
9
7
7
17
7
43
8
12
4
15
5
8
7
41
28
37
5
9
49
35
7
48
41
7
11
39
8
18
5
5
11
10
31
17
30
11
13
5
6
6
25
22
5
10
5
3
3
53
40
4
30
5
6
10
44
8
53
13
15
15
14
17
16
13
13
10
10
12
3
17
7
42
10
69
12
38
9
32
15
15
67
8
7
48
48
2
10
16
39
23
7
5
37
9
13
8
47
41
6
10
12
28
27
12
4
27
5
8
36
6
8
7
7
55
4
4
2
5
7
3
8
13
24
5
9
8
6
5
8
9
7
5
10
6
10
3
7
3
10
7
3
9
12
6
9
3
34
62
9
4
34
3
6
26
20
35
8
6
2
3
10
7
5
27
8
4
9
9
33
8
7
4
5
4
11
34
13
23
4
7
12
39
9
9
23
21
2
2
6
4
1
3
0
3
5
3
1
3
4
5
0
1
4
2
2
2
0
2
0
0
0
2
3
0
2
5
5
0
0
0
2
4
1
3
0
4
4
0
0
3
2
0
2
2
2
9
2
1
0
3
2
0
3
2
0
0
7
2
4
0
3
0
2
0
6
2
4
0
4
0
3
4
2
2
6
2
3
2
3
0
3
4
2
5
7
4
3
2
0
4
3
2
5
3
4
2
0
6
3
4
2
0
4
2
0
2
2
0
0
0
4
4
2
2
17
0
0
0
0
2
3
4
5
1
1
5
0
0
0
1
7
4
3
0
4
2
2
4
3
0
1
2
4
0
0
4
0
32
2
0
3
0
0
0
0
2
3
2
1
4
4
0
7
2
1
4
0
4
4
2
5
2
0
0
1
3
7
2
2
1
3
2
0
2
4
3
1
3
0
0
0
0
4
2
3
0
2
0
0
5
0
0
2
2
3
2
0
0
2
3
2
2
5
1
5
0
2
5
4
0
0
1
6
2
3
2
0
2
4
0
1
1
2
4
0
2
3
7
4
3
3
0
3
0
4
5
0
6
5
7
1
3
0
3
2
21
0
4
4
6
2
0
1
9
0
1
2
2
0
0
4
1
4
2
1
4
2
2
6
1
3
0
2
0
2
4
6
2
4
4
2
2
2
10
4
8
4
4
4
4
6
6
0
8
2
4
8
6
6
4
8
4
4
4
8
6
8
2
6
4
4
2
0
4
8
6
4
6
4
2
4
4
2
6
4
8
6
4
6
2
2
2
2
6
2
4
2
8
4
0
6
4
4
2
4
2
6
4
2
8
6
2
8
4
6
4
2
0
2
4
2
4
4
4
6
0
6
4
8
4
4
4
12
6
8
6
4
2
8
6
2
4
0
6
6
6
6
2
4
8
4
4
4
2
2
2
2
2
8
6
6
2
0
10
6
2
8
4
4
6
6
4
6
2
6
8
4
8
2
0
8
6
2
4
4
6
4
4
6
4
4
2
4
10
6
6
4
4
8
4
6
2
2
6
2
0
6
8
4
0
4
2
8
6
2
0
6
2
2
12
4
4
2
8
0
4
4
2
4
8
2
8
4
6
6
8
6
6
6
6
2
10
2
6
4
8
4
2
4
2
4
8
4
4
8
4
4
8
10
6
2
4
4
6
6
4
8
4
12
6
2
2
6
4
8
4
2
2
4
4
4
8
2
6
2
8
8
0
6
2
4
6
4
4
4
4
6
2
2
6
6
6
4
8
4
6
6
6
4
4
4
4
4
6
6
2
2
4
2
6
8
0
38
38
38
38
38
39
40
39
39
40
40
38
40
39
38
40
38
40
38
38
38
27
38
38
25
38
37
40
39
38
38
38
38
40
38
27
37
40
38
38
37
38
40
40
40
39
40
40
38
39
40
39
40
40
40
40
37
36
38
38
38
38
38
40
40
38
38
38
38
40
39
40
40
38
38
32
42
38
38
40
37
40
40
38
40
40
37
40
39
37
38
38
38
38
40
38
40
40
38
36
40
40
40
38
37
38
40
40
40
38
29
38
40
39
39
37
38
36
40
38
40
28
40
38
38
40
38
38
38
40
38
40
38
36
38
40
38
38
38
40
38
27
38
36
38
40
38
38
38
38
39
38
28
38
36
36
38
38
40
38
40
40
38
38
39
27
40
38
40
40
40
37
28
40
29
39
40
40
39
38
38
37
40
38
38
36
38
38
37
38
38
37
40
38
39
39
37
40
39
28
40
35
38
39
38
40
34
28
39
38
38
38
34
40
37
40
40
38
36
40
40
40
38
40
40
40
40
39
37
39
40
40
40
40
40
38
40
38
38
38
28
38
40
40
38
38
38
38
38
38
38
36
39
38
38
38
40
40
38
38
28
40
40
38
37
39
40
40
39
39
39
40
38
37
37
39
39
39
39
39
40
39
37
39
39
39
40
39
2
2
0
0
2
2
2
2
8
6
4
2
2
0
6
4
2
6
2
8
2
2
2
2
2
2
0
4
0
4
2
0
2
0
8
0
6
2
2
0
2
2
12
2
2
2
2
2
0
0
4
0
2
2
0
2
2
4
6
2
4
4
11
2
4
8
4
2
2
0
4
4
4
0
0
2
2
4
10
2
4
0
0
2
2
4
0
2
0
8
0
0
5
2
4
2
4
0
4
4
0
2
0
7
4
2
2
0
2
4
2
4
4
4
4
4
6
2
4
2
6
0
0
4
4
0
0
2
2
2
2
0
0
0
6
2
2
2
4
8
0
8
2
2
2
4
4
0
2
0
2
4
2
4
2
2
2
2
6
4
2
2
4
6
4
2
0
4
2
0
0
4
4
2
4
4
2
0
0
2
4
4
6
12
4
0
2
4
2
2
0
0
0
0
2
0
4
4
0
2
6
2
4
4
4
4
4
4
2
2
2
0
2
4
2
2
6
6
2
0
4
4
4
6
4
0
0
0
0
0
4
0
2
2
2
4
2
0
4
0
2
4
2
0
2
8
2
2
4
4
4
2
6
2
6
0
2
0
4
6
6
2
6
0
6
2
2
0
0
2
4
2
4
4
0
0
0
2
2
2
0
0
4
4
2
2
0
4
6
8
10
4
4
6
28
4
4
4
36
6
10
4
8
6
4
6
0
12
6
4
22
4
4
13
62
4
8
8
6
6
17
6
8
2
6
10
4
4
17
35
8
91
6
15
10
10
15
8
44
2
6
6
6
5
6
10
56
4
6
6
6
4
6
50
4
8
35
0
10
6
6
42
15
10
6
6
8
10
2
4
4
4
2
6
4
17
8
6
6
15
4
12
4
6
6
2
2
6
6
2
21
6
8
6
8
8
2
6
6
73
6
25
4
37
17
4
4
8
6
6
6
4
25
6
8
6
50
8
10
56
6
21
10
6
6
10
8
8
4
35
6
4
4
6
6
6
4
8
4
20
4
4
10
4
4
6
8
2
12
4
10
6
10
4
19
8
50
71
6
6
10
9
94
8
4
67
6
6
4
21
25
10
4
6
87
29
23
10
15
6
58
23
68
81
8
6
9
12
33
8
6
46
6
17
6
6
8
6
6
58
8
6
8
36
8
35
4
4
31
35
4
12
2
90
6
21
6
4
8
8
8
6
4
8
6
4
7
4
6
6
4
4
10
6
13
76
16
28
6
4
5
6
4
32
10
8
4
12
32
89
38
6
9
9
6
15
26
23
12
19
17
10
13
11
17
21
0
14
13
19
13
10
17
29
33
19
