0
2
2
2
2
0
2
4
2
2
2
2
2
2
2
2
2
0
2
2
2
0
0
6
2
2
0
2
2
0
4
2
0
2
0
0
0
4
2
0
2
0
2
0
0
2
0
2
2
2
0
0
0
2
4
4
2
0
2
0
0
2
2
0
0
0
0
0
0
0
2
0
0
0
2
2
0
0
0
2
0
2
0
2
2
2
0
0
0
2
2
0
0
6
0
0
0
2
2
2
2
2
0
2
2
2
2
0
0
4
2
2
0
0
0
0
4
2
2
4
2
0
0
2
4
0
0
2
0
2
2
2
2
6
0
0
0
0
4
0
4
0
2
0
0
2
0
0
0
0
0
2
2
0
0
2
0
2
2
2
2
2
0
0
0
2
2
0
4
0
0
2
2
0
0
2
4
2
0
0
0
2
0
2
0
0
0
2
2
2
2
2
2
0
0
0
2
0
2
0
2
2
10
2
2
0
2
2
0
0
2
2
0
2
2
0
0
4
2
0
2
2
2
2
2
2
0
2
0
2
2
2
0
2
2
0
0
2
4
0
0
2
0
0
0
2
0
2
2
0
2
2
2
0
2
0
2
0
2
2
0
0
0
2
0
2
0
0
0
2
0
2
0
0
0
2
0
2
2
0
0
0
0
0
2
0
2
2
9
4
11
6
10
8
10
8
11
6
6
12
6
4
2
10
8
6
6
6
6
2
4
8
8
2
2
4
4
13
8
6
6
10
2
8
10
8
6
10
4
15
6
15
17
14
7
11
13
11
8
4
10
8
8
10
10
6
17
15
13
10
4
6
8
17
10
17
8
17
8
17
13
17
10
11
21
10
13
11
12
17
11
19
19
13
12
15
25
15
23
15
13
12
19
19
21
17
21
11
19
13
23
17
42
27
38
21
11
17
27
17
13
19
15
19
11
15
21
40
11
19
11
11
32
27
21
28
10
13
29
25
19
9
10
44
13
11
11
9
13
17
38
13
11
17
21
23
27
30
6
17
15
27
38
27
27
10
11
10
44
15
29
11
25
25
13
38
20
19
36
11
19
13
8
27
10
34
36
42
11
10
15
8
11
31
10
8
34
27
10
13
19
22
17
15
13
11
10
25
37
13
13
10
10
11
17
19
27
21
10
6
10
6
19
13
17
15
10
9
4
25
10
11
10
19
13
10
8
6
17
10
13
17
4
11
12
13
6
9
8
13
13
8
10
13
6
6
14
9
8
11
6
8
8
6
11
6
11
8
10
6
8
6
8
11
6
6
8
4
10
8
17
6
8
8
6
4
4
11
13
6
8
25
13
10
11
6
52
68
56
48
59
47
48
80
53
58
68
63
80
64
58
62
55
66
73
67
56
29
76
76
32
73
63
54
70
69
34
64
59
73
82
70
75
54
60
62
45
46
49
59
42
44
48
38
53
72
80
56
32
63
58
64
67
59
38
66
63
67
56
57
60
78
78
51
46
53
38
75
65
59
54
47
62
64
74
56
55
62
62
52
78
60
58
55
16
48
51
82
51
44
54
40
48
46
44
49
44
55
48
56
63
47
56
62
42
32
32
71
41
64
58
86
58
64
50
57
68
68
54
82
68
49
70
59
65
56
74
68
46
76
63
56
59
51
54
76
66
48
62
87
57
70
38
48
26
46
49
13
48
52
32
17
60
48
45
38
60
48
61
30
43
44
54
70
49
46
61
44
60
52
58
70
68
62
46
44
68
51
48
82
64
60
68
63
44
72
64
56
51
60
56
63
53
60
56
66
55
68
52
50
50
67
54
56
48
34
45
56
40
44
58
44
34
55
55
16
50
72
41
42
48
40
40
62
62
66
72
63
64
64
44
56
46
46
46
65
64
84
44
54
62
61
46
55
44
47
36
52
46
17
31
46
40
20
46
32
36
58
38
52
53
58
76
37
37
42
62
56
54
42
42
12
64
74
48
58
45
62
27
45
15
61
28
53
0
4
5
0
0
5
7
0
2
0
9
0
5
0
0
0
4
9
0
5
6
7
9
0
0
7
11
0
0
12
5
0
0
19
9
0
2
7
4
0
5
0
3
0
7
9
7
0
5
0
10
0
4
0
3
9
5
5
0
7
2
4
9
11
11
0
7
4
6
0
9
4
6
0
6
0
7
0
7
8
9
0
5
2
9
0
11
11
0
15
5
0
2
0
11
7
0
2
2
9
0
7
18
3
0
9
0
9
0
9
4
0
0
7
3
0
0
5
11
0
0
0
0
0
4
7
5
0
0
0
7
0
7
0
7
0
4
5
0
0
0
0
0
0
0
0
0
0
0
0
0
5
4
2
7
8
10
0
20
15
0
5
7
0
13
7
5
0
15
5
0
9
0
5
0
0
0
0
0
0
0
0
0
0
0
0
0
0
22
0
13
0
0
14
7
2
29
5
5
0
10
2
5
0
11
18
0
9
7
11
0
7
0
8
0
7
5
9
0
13
0
7
9
0
5
3
4
9
9
14
3
0
5
0
2
2
3
0
5
4
7
0
5
2
0
0
9
5
0
0
3
7
0
0
3
7
7
0
5
9
5
0
9
6
9
0
11
7
7
0
4
3
7
0
10
2
7
0
13
3
5
0
12
5
7
0
0
7
0
0
53
0
51
3
38
22
50
10
58
6
0
18
51
8
55
11
10
58
0
0
0
0
0
0
45
0
2
3
5
0
2
6
60
8
9
2
8
3
53
83
0
0
0
0
1
0
0
0
11
0
0
6
8
6
9
10
9
33
5
8
5
36
6
48
5
10
12
47
0
0
0
0
0
70
0
2
15
6
4
13
9
47
8
51
7
63
14
39
10
13
11
60
0
0
0
0
0
3
15
48
5
67
5
3
9
49
3
5
8
6
7
54
16
54
7
13
13
40
0
0
0
11
40
0
12
2
6
9
0
7
13
59
11
37
32
9
52
0
0
0
0
0
0
2
0
0
0
0
7
2
3
14
8
8
11
6
34
7
8
12
56
2
14
46
16
49
58
0
0
0
0
9
14
3
3
18
68
1
8
8
31
13
11
8
0
11
64
5
17
6
60
0
0
0
1
0
7
3
17
44
13
5
5
9
8
15
7
0
3
53
56
17
3
41
0
0
0
0
0
42
7
6
10
63
0
43
48
0
3
34
6
8
0
45
0
0
0
0
0
0
0
0
0
11
0
7
2
47
5
2
0
2
0
10
5
53
6
34
52
37
0
0
0
0
0
0
0
12
72
53
8
5
7
6
31
8
49
16
10
42
0
6
0
7
19
72
3
21
22
34
23
19
21
14
7
16
20
13
23
18
17
31
8
30
26
14
31
18
22
8
5
6
11
16
16
19
13
7
19
25
24
4
22
18
17
2
4
26
23
13
18
22
21
20
27
4
17
17
6
25
27
25
4
4
26
17
2
31
12
6
11
23
30
12
17
19
3
7
24
16
17
17
6
11
13
18
14
7
11
15
9
14
11
13
17
16
30
13
10
18
11
21
10
5
7
18
5
15
2
10
16
22
25
8
6
15
17
23
19
8
5
15
23
23
14
11
6
21
21
15
16
14
7
18
23
13
22
4
17
12
16
21
14
5
26
20
17
18
23
7
18
25
26
18
14
10
22
27
16
19
15
9
17
17
20
29
17
28
22
21
15
27
3
21
16
16
15
2
14
8
27
23
13
4
15
18
18
2
12
19
16
24
10
28
16
18
17
3
2
6
20
24
12
4
4
11
21
15
16
2
16
14
23
16
6
18
13
19
5
22
23
12
25
4
15
15
15
5
14
13
18
19
3
2
4
19
14
14
2
1
15
12
19
21
4
15
19
18
19
1
13
21
14
12
15
12
10
17
20
13
16
4
10
21
17
3
18
18
10
20
3
20
16
20
7
29
19
17
9
11
7
22
14
29
2
14
16
26
20
6
25
5
22
16
2
4
2
8
4
5
4
9
4
3
4
6
2
2
4
4
5
2
4
6
0
6
4
2
10
4
6
4
2
2
6
2
4
4
2
2
4
2
2
6
4
2
6
4
4
4
2
2
6
3
4
2
5
5
5
4
4
0
2
2
5
5
4
0
2
4
4
2
12
5
2
4
4
3
4
3
2
2
2
5
3
5
5
4
4
8
4
5
2
3
4
2
3
8
4
5
4
4
3
7
2
2
6
5
4
6
0
5
8
2
2
2
2
2
2
2
2
5
3
9
2
2
5
4
2
6
2
3
6
1
5
5
2
5
0
13
3
6
3
2
4
4
5
4
14
13
3
6
4
3
6
3
2
2
2
1
6
2
5
2
3
7
5
4
2
4
4
4
6
4
3
4
3
6
4
6
0
4
2
15
16
4
2
3
2
2
4
2
2
2
5
6
5
5
3
2
2
4
2
4
4
6
5
2
0
4
4
6
2
5
14
2
3
4
2
4
2
5
4
6
4
22
6
3
4
2
4
5
15
13
6
4
0
4
5
6
4
4
2
2
4
13
5
4
6
2
4
2
3
4
2
5
3
5
6
2
5
6
4
2
5
2
16
2
6
3
4
2
4
2
2
2
2
2
4
4
4
5
4
4
4
4
4
5
6
14
6
5
4
1
1
1
7
0
1
0
2
7
1
1
8
17
1
3
0
3
13
1
0
1
14
1
3
3
3
1
1
27
1
0
1
14
1
0
0
15
3
1
3
1
0
0
0
10
0
0
1
15
1
0
26
19
1
0
2
23
5
0
0
17
0
1
1
6
0
2
0
15
0
0
1
18
0
4
21
3
1
21
16
1
0
0
1
1
0
1
31
1
1
1
1
0
0
3
4
1
1
0
8
1
12
20
15
0
3
4
2
21
7
3
3
1
19
1
0
0
0
0
4
9
4
4
1
4
0
1
0
4
21
1
1
0
1
3
0
3
11
8
4
0
3
1
0
18
9
3
1
1
0
1
1
25
1
5
2
3
1
0
1
1
1
1
0
25
0
4
4
24
0
3
8
7
0
1
6
17
0
1
3
17
3
8
6
0
0
1
1
11
0
1
3
18
1
1
1
0
1
3
5
0
0
1
18
0
1
1
3
5
0
9
18
0
6
0
4
1
0
0
6
0
1
1
23
1
0
3
23
0
1
3
3
0
0
2
0
3
0
0
1
11
0
1
3
0
1
0
3
3
3
0
0
3
1
3
5
9
1
3
0
1
1
9
1
1
1
3
20
3
1
0
5
1
7
1
1
1
1
0
0
1
0
3
1
0
1
1
7
7
13
9
15
13
9
15
6
11
17
7
11
6
9
8
9
15
7
11
9
13
21
21
11
23
4
17
13
23
9
17
9
18
9
18
13
8
19
17
8
9
18
13
9
13
15
18
13
12
9
13
11
20
13
6
15
13
11
28
13
17
17
13
17
20
33
9
11
7
19
18
9
13
11
4
6
22
6
9
11
15
19
9
8
28
9
6
9
9
9
13
11
11
15
9
11
5
9
7
11
13
4
9
20
56
13
14
9
6
11
10
7
8
11
19
13
11
13
9
7
7
6
6
4
22
7
9
9
13
7
14
7
7
36
6
9
15
9
26
21
11
17
16
9
20
5
11
12
7
9
15
19
13
2
10
9
13
15
17
22
17
8
15
11
13
20
25
13
18
21
24
23
25
11
29
7
16
28
9
22
16
26
16
11
17
15
19
25
15
30
24
23
15
23
14
30
22
15
11
7
15
26
10
21
25
15
34
19
32
17
12
15
11
19
7
14
9
16
9
20
11
9
13
9
6
16
16
21
9
13
15
17
13
6
16
9
9
13
20
9
15
7
17
17
4
7
9
11
15
6
11
6
9
8
9
21
13
29
11
26
16
11
18
9
15
8
11
13
7
20
22
11
7
11
17
11
17
13
13
6
9
11
9
15
15
26
5
7
83
0
0
3
0
3
1
0
3
0
5
5
0
3
0
1
5
7
3
0
0
0
3
3
5
0
3
5
5
0
0
3
0
0
3
0
0
0
1
0
1
0
0
0
1
0
1
1
3
0
1
0
5
0
3
0
1
0
3
0
1
9
0
0
0
0
5
1
0
1
9
1
0
1
5
7
3
0
0
0
0
0
0
1
5
9
1
0
1
5
0
3
3
3
0
0
0
5
0
9
3
0
1
5
3
5
3
3
0
9
1
13
5
0
5
0
0
3
3
0
3
1
0
1
1
0
0
0
0
5
3
7
9
0
0
1
1
0
3
1
0
3
7
11
3
5
1
7
1
3
3
3
0
1
3
9
0
0
0
5
3
3
3
3
1
1
0
0
0
0
7
3
0
0
0
0
0
3
0
1
0
5
7
5
0
0
5
1
18
0
0
0
5
0
1
3
49
7
5
7
3
1
0
1
3
0
3
5
9
3
0
0
7
1
1
7
3
3
7
1
0
3
0
1
3
9
1
1
1
1
5
0
1
0
1
3
0
13
1
3
5
0
3
3
0
5
0
1
1
1
1
3
0
7
3
0
3
5
5
0
1
5
1
1
1
9
3
0
5
3
9
1
3
3
1
1
7
0
3
5
5
9
3
7
1
0
0
