68
2
84
2
40
2
2
2
0
45
2
2
69
2
2
2
2
0
45
80
2
2
4
79
85
65
48
2
4
2
4
2
2
4
95
89
2
78
4
2
2
0
69
6
2
2
0
0
0
86
2
0
85
4
89
4
4
4
4
2
2
0
4
80
4
78
93
77
36
13
2
4
88
93
4
0
0
86
2
2
6
80
2
87
2
2
2
2
2
43
2
76
2
0
68
6
61
4
4
4
0
2
0
32
4
4
39
0
0
2
51
0
4
76
4
2
2
34
84
2
2
2
2
4
45
4
4
74
0
2
0
2
0
22
6
2
90
2
2
59
0
4
4
80
4
2
88
0
2
84
63
10
4
64
0
6
2
91
88
4
4
6
80
2
2
32
2
12
11
90
69
75
0
2
2
0
26
2
4
0
84
0
2
4
41
2
2
2
2
4
2
4
4
21
2
2
2
2
4
2
49
0
4
2
4
72
0
38
85
2
74
0
2
4
0
90
0
74
4
28
59
2
89
49
71
93
2
46
83
6
2
4
40
2
96
2
0
4
0
2
6
53
6
83
6
2
0
0
6
40
2
0
4
2
0
5
4
0
78
2
2
83
6
82
13
83
0
2
4
6
2
49
4
2
82
4
2
0
2
81
62
2
4
4
24
2
91
4
2
4
2
1
2
3
3
2
3
2
2
2
2
2
3
2
2
2
3
2
2
3
2
0
2
0
2
2
2
2
2
2
2
4
2
2
3
0
2
2
3
2
2
1
2
3
2
3
3
0
0
2
2
2
3
2
2
2
0
2
2
2
2
2
2
3
2
2
3
1
2
2
3
2
2
2
0
0
2
2
0
0
0
4
2
2
0
2
3
2
3
2
2
1
0
0
0
2
4
2
2
2
2
2
2
2
2
2
2
0
4
2
4
0
3
2
2
2
3
0
2
2
2
0
4
4
2
3
4
2
2
2
2
1
2
2
0
4
4
0
2
3
2
2
2
2
2
2
2
0
2
3
2
3
2
0
2
2
2
1
2
2
2
2
2
2
2
5
2
2
4
3
0
2
2
0
3
2
3
2
0
2
0
3
3
2
2
4
2
2
2
3
3
2
2
2
2
2
2
2
4
2
2
2
2
4
2
0
3
3
0
2
3
2
0
2
2
2
2
4
3
2
2
2
2
2
0
2
2
2
3
3
3
3
2
2
2
0
2
2
4
3
3
2
0
3
2
2
2
1
2
3
2
0
3
0
2
2
3
2
0
2
2
4
3
2
2
0
2
2
2
2
3
2
3
2
3
0
2
0
5
0
3
3
2
3
3
2
10
17
15
12
6
16
17
17
12
21
14
25
14
16
19
10
17
17
12
14
8
2
14
4
8
17
41
12
10
6
6
16
10
27
17
14
12
8
10
12
25
17
10
12
52
17
8
16
0
4
2
4
16
0
8
6
12
6
6
25
10
10
8
6
10
14
10
8
14
16
17
10
17
8
17
16
6
10
21
14
21
10
21
25
14
8
12
19
12
12
10
14
12
12
6
6
18
8
6
6
10
4
4
8
10
10
6
10
18
12
14
14
12
8
10
10
8
14
12
6
10
8
12
6
10
21
6
17
4
14
8
10
8
8
17
10
10
12
27
15
8
14
6
12
6
12
10
12
8
4
12
6
10
6
10
6
10
25
17
17
10
14
29
12
12
12
8
21
12
16
16
10
19
21
19
16
14
10
14
17
17
16
14
10
23
23
19
12
12
14
16
37
19
17
23
23
29
17
19
27
21
17
14
23
14
17
14
10
12
16
15
10
21
2
15
14
15
12
10
8
4
6
6
15
16
12
16
4
14
6
8
19
23
10
4
14
14
16
10
16
25
12
58
6
6
4
14
8
19
2
8
6
10
4
4
6
4
6
6
2
4
8
21
2
2
0
2
2
4
2
6
2
4
2
0
4
2
4
0
0
0
2
0
2
0
0
0
0
4
0
8
0
0
2
2
4
0
4
2
2
2
0
2
4
2
0
4
4
2
2
6
2
10
0
6
0
4
0
2
2
6
0
6
0
2
2
2
0
0
0
2
6
4
6
0
2
0
0
4
2
4
2
4
2
0
0
4
0
0
2
8
4
0
2
0
2
0
4
0
2
2
0
2
0
6
2
2
6
2
4
4
8
4
0
0
0
4
2
2
0
2
4
4
6
4
4
4
0
0
0
0
13
6
0
6
0
2
0
0
2
4
2
0
2
0
0
6
4
0
2
0
0
2
4
0
2
4
2
4
4
0
4
2
2
0
6
2
0
2
4
0
0
2
4
4
4
0
0
8
2
0
4
4
2
0
6
4
0
4
6
2
6
4
0
4
6
0
0
0
0
6
2
0
2
0
0
0
2
2
2
4
4
0
2
6
0
2
4
4
4
4
0
2
2
2
4
4
4
0
4
4
4
0
2
0
0
0
2
0
4
0
4
0
8
2
6
8
2
4
0
4
8
0
2
4
6
0
4
4
0
4
8
2
2
2
2
4
0
2
0
4
0
4
6
2
0
6
4
2
2
2
0
4
4
2
0
1
2
6
0
2
0
4
0
2
6
1
0
6
2
0
2
6
2
4
0
0
4
2
0
0
6
4
2
0
2
3
1
0
3
2
0
1
1
2
1
0
3
6
2
3
0
2
2
4
1
1
0
2
0
1
1
1
0
13
3
2
4
2
7
4
4
2
3
5
0
0
0
0
3
1
1
2
3
0
2
1
0
4
3
3
0
1
5
1
3
4
0
1
2
1
5
2
2
0
2
0
0
0
1
6
3
2
0
3
0
2
0
1
3
1
1
2
0
3
2
2
3
3
2
1
1
3
0
1
1
1
3
0
3
5
4
0
5
1
1
3
1
5
0
2
1
0
1
1
0
0
2
0
3
0
2
1
1
0
0
0
1
6
0
5
4
1
0
2
1
1
1
2
8
0
1
9
0
0
5
0
1
1
1
0
1
1
1
1
0
0
3
2
0
0
0
0
2
0
2
2
1
3
1
4
1
2
1
4
2
0
3
0
3
1
5
1
1
2
0
0
3
0
1
0
2
3
0
1
2
7
2
2
5
3
1
0
0
5
2
3
2
1
0
1
3
0
0
4
1
3
0
2
1
1
5
1
3
0
1
2
1
4
4
1
0
0
1
1
1
2
3
1
1
3
3
2
1
0
0
4
1
1
3
4
2
3
5
2
3
2
1
1
0
2
0
2
1
0
1
17
4
2
1
3
1
2
4
1
0
0
0
3
0
1
0
2
0
0
45
29
1
0
28
25
36
0
44
2
33
27
24
27
44
0
29
25
25
31
30
27
26
13
17
18
1
21
21
22
28
56
0
25
28
46
2
23
25
6
3
21
23
25
29
26
0
24
43
1
58
30
29
25
37
26
36
0
38
2
32
30
24
57
51
1
23
36
39
28
26
62
19
30
22
20
28
45
1
21
25
23
0
31
30
48
2
38
45
44
0
24
18
53
30
24
29
3
43
25
20
18
18
0
29
33
23
26
17
24
23
3
28
26
26
47
3
26
15
21
0
30
18
3
0
22
33
22
56
14
20
24
49
2
47
35
57
0
36
18
21
21
48
1
32
21
42
3
12
24
23
25
24
26
35
25
25
15
20
0
45
32
22
28
52
1
23
35
29
2
54
1
0
29
25
18
60
4
42
20
1
3
20
48
0
25
45
28
21
1
0
25
28
46
0
23
23
22
3
23
43
25
23
32
33
35
45
0
26
26
25
34
36
26
24
25
24
22
23
27
2
0
23
17
1
40
24
2
1
27
23
44
12
29
23
24
36
27
49
51
38
24
46
39
1
21
24
27
21
1
23
20
24
2
28
1
2
31
64
42
1
24
23
28
27
0
32
47
19
26
23
31
23
0
51
3
0
29
22
41
27
36
24
21
26
12
18
4
4
2
2
2
2
4
4
2
4
3
4
2
4
3
5
7
5
2
3
5
2
4
1
4
11
2
6
4
5
0
2
2
3
3
5
1
5
3
2
2
2
2
3
4
5
2
2
4
0
4
5
3
5
2
4
2
2
0
5
7
5
6
8
0
5
6
5
2
2
4
7
5
4
4
2
3
0
4
8
2
7
2
4
2
0
2
2
2
2
2
2
2
2
2
4
2
0
2
2
4
4
2
3
4
3
0
0
0
4
2
6
2
2
0
3
2
8
2
4
2
2
4
2
1
45
3
2
4
3
2
2
4
2
2
2
2
0
1
4
28
0
0
4
0
0
0
3
2
2
2
4
4
2
2
3
2
1
2
0
7
6
0
0
1
3
2
1
0
1
4
2
2
0
2
2
2
4
5
0
2
3
5
4
0
3
3
5
1
2
4
3
1
4
2
2
4
1
4
3
2
4
0
4
3
0
4
2
0
2
2
2
4
2
2
2
6
2
0
4
6
1
2
0
2
2
2
3
2
0
2
2
1
7
3
2
2
4
4
4
2
0
1
0
2
2
0
2
1
3
3
0
2
2
2
3
2
2
2
2
4
4
0
5
5
1
2
3
0
2
2
2
3
6
2
2
4
2
4
4
2
5
2
2
0
4
2
2
0
2
2
2
2
2
0
2
2
2
0
2
2
2
0
2
0
2
2
2
2
2
2
2
0
2
2
2
2
2
2
4
2
2
0
2
2
2
2
0
2
2
2
0
2
2
2
0
2
2
2
2
2
2
2
2
2
2
2
2
4
2
2
2
2
2
2
0
2
2
4
2
2
0
2
2
2
2
2
2
2
0
4
4
2
2
2
2
0
4
2
2
2
2
2
2
2
0
2
2
2
2
2
2
2
2
2
2
4
0
0
2
2
2
2
4
2
2
2
2
2
2
2
2
0
2
2
2
2
4
4
2
2
0
0
2
2
2
2
2
2
4
2
2
4
2
2
2
2
2
2
2
2
2
2
2
2
2
2
4
2
2
2
2
2
2
2
0
2
2
2
2
0
2
2
2
2
2
2
2
2
2
4
2
0
2
2
2
2
2
2
2
0
2
0
0
0
2
0
0
2
2
2
4
2
2
4
2
2
2
0
4
2
2
2
0
2
0
2
2
2
0
2
2
2
0
2
0
2
0
2
0
2
2
0
2
2
2
2
2
2
2
2
2
2
2
3
2
2
2
2
2
2
3
2
0
2
2
2
0
2
2
3
0
2
2
2
2
0
2
2
0
2
4
2
2
0
2
2
2
2
2
0
2
2
0
2
2
25
27
12
13
11
17
17
25
10
17
14
7
10
11
21
10
15
10
10
19
27
14
11
21
17
36
10
12
29
13
11
12
10
12
10
21
0
6
4
4
19
12
23
21
17
8
12
34
14
13
12
23
23
27
29
17
12
17
15
15
6
15
15
17
17
17
19
12
14
17
21
17
10
19
13
15
21
23
11
17
11
4
11
13
25
11
14
19
6
17
11
13
8
15
8
8
6
19
12
10
6
10
12
12
12
13
17
44
13
14
10
15
28
15
14
15
12
8
10
8
13
10
17
8
19
12
19
17
15
13
13
11
25
29
44
33
13
15
6
12
6
8
12
11
23
21
11
8
13
12
12
6
23
12
12
6
19
10
9
13
7
23
17
54
21
9
8
13
19
15
27
30
26
38
29
15
37
15
46
36
15
35
51
35
47
69
77
38
42
29
23
27
31
34
45
76
70
35
17
35
15
78
15
33
40
21
38
40
21
42
21
29
17
25
21
15
21
40
15
10
49
21
35
19
28
25
25
27
27
15
32
27
24
17
34
15
18
19
27
25
10
32
19
13
34
12
19
44
26
32
30
43
11
8
22
27
36
28
28
32
15
40
21
49
24
4
4
4
21
13
11
11
13
19
17
21
9
39
6
17
27
10
11
9
4
11
9
8
16
13
10
15
14
13
11
70
12
9
22
12
10
11
20
14
17
13
21
18
17
27
13
9
23
18
16
12
29
26
14
27
13
16
23
26
14
25
15
15
14
19
18
15
14
20
24
17
12
26
21
13
17
20
34
23
24
18
24
20
17
20
22
14
16
20
22
23
13
16
26
16
15
17
11
11
17
74
13
13
21
16
15
16
14
20
25
16
16
25
20
10
28
18
11
16
21
16
13
20
15
10
16
22
27
18
27
17
23
17
18
13
11
20
18
16
15
20
21
28
26
18
16
19
17
18
17
17
33
24
15
16
24
17
24
19
22
19
25
13
16
18
15
19
13
22
24
17
20
22
22
16
21
16
17
19
32
24
27
19
17
19
35
27
19
19
22
31
12
18
24
29
29
26
20
25
15
12
20
18
14
15
21
18
23
15
25
20
17
11
23
27
27
21
14
21
26
17
22
26
22
23
26
16
28
25
15
19
23
14
15
25
15
18
16
18
21
15
22
23
20
20
18
12
17
22
22
13
19
15
20
13
20
11
17
25
17
20
12
33
20
18
22
22
17
20
14
23
19
18
19
26
21
14
14
16
19
19
25
20
20
17
12
13
19
16
16
22
38
21
13
14
13
16
16
14
11
18
28
20
18
14
13
11
18
16
17
15
