21
31
20
28
0
19
19
9
11
21
23
17
13
21
36
41
27
19
14
21
39
32
28
23
43
19
23
42
51
42
39
23
42
18
32
21
27
21
21
32
26
21
7
7
11
24
19
17
15
28
38
35
26
40
40
9
24
36
39
26
40
28
26
27
28
17
28
13
19
32
30
28
43
26
19
26
0
19
24
19
21
28
22
30
15
18
27
19
33
21
28
6
17
45
36
61
17
28
27
17
26
34
19
28
24
21
49
36
35
32
17
25
18
24
19
19
28
43
25
36
49
49
17
37
56
21
27
17
19
34
21
38
26
36
30
26
30
19
29
41
26
32
28
27
0
19
9
26
15
13
26
9
0
8
19
26
21
27
28
27
29
34
19
19
0
38
28
25
47
18
47
19
26
28
16
9
20
26
17
43
39
21
30
0
36
49
35
36
20
20
41
38
38
28
20
19
3
27
32
35
17
51
28
24
42
47
17
18
19
19
24
9
19
38
19
27
27
30
0
36
19
47
26
24
19
15
35
25
21
28
26
17
34
36
17
34
19
18
31
35
28
22
28
20
27
23
38
9
23
0
30
32
24
4
19
23
20
11
19
20
14
6
22
19
23
33
19
30
14
14
5
19
22
28
23
9
7
29
13
12
18
5
18
12
13
9
17
32
0
2
2
2
3
2
2
2
2
2
2
0
2
2
2
4
0
2
2
0
13
2
3
4
0
2
4
2
5
5
0
0
2
4
2
4
3
6
4
1
16
5
5
4
0
5
4
21
0
2
5
2
9
0
0
3
4
5
3
0
4
4
3
4
0
2
4
2
6
0
4
0
6
4
9
2
4
5
3
2
2
6
7
4
2
2
3
2
4
2
4
3
2
2
2
6
4
2
2
5
3
2
5
0
4
4
4
2
2
7
0
4
2
8
4
2
0
2
4
2
7
6
4
2
7
15
4
9
0
4
4
2
4
8
8
8
6
2
26
5
8
6
5
1
8
0
4
2
10
8
4
4
4
0
2
2
4
2
0
4
2
5
2
5
3
4
0
6
2
0
0
4
0
2
1
0
2
4
5
2
5
5
8
0
7
0
2
3
2
9
2
7
5
0
2
2
7
7
15
2
1
4
2
4
0
1
0
2
6
0
2
0
2
7
2
2
0
2
0
3
2
2
0
0
2
0
2
2
3
0
4
0
3
2
0
0
4
2
2
0
2
2
6
0
5
2
2
0
2
9
2
0
2
5
2
0
0
0
1
2
2
0
2
4
3
0
2
0
0
0
4
2
0
2
0
0
0
4
2
2
1
0
0
0
2
2
2
2
0
2
0
2
2
0
0
0
0
0
0
2
2
2
0
2
0
2
0
0
0
0
0
0
0
0
2
0
0
2
2
0
0
0
2
2
2
2
2
2
0
0
4
0
0
0
0
0
0
2
0
0
2
0
2
2
3
0
0
0
0
2
2
0
0
2
0
0
0
0
0
0
0
2
2
2
0
16
6
5
13
7
2
2
0
2
7
6
7
9
14
15
7
4
0
4
6
2
0
0
20
13
5
7
2
0
0
0
0
0
4
0
3
0
2
4
4
2
0
0
0
0
2
4
0
0
2
2
0
2
3
2
0
2
3
0
0
2
2
0
2
2
0
2
0
0
2
0
2
0
4
4
11
7
0
5
6
2
0
0
2
5
2
2
2
0
0
0
4
3
2
2
0
2
0
0
0
0
2
2
3
0
2
0
0
0
2
2
0
0
2
0
0
0
2
0
0
2
0
0
0
0
0
0
0
3
2
0
2
0
2
2
2
0
0
2
2
2
0
0
2
3
0
0
0
0
2
0
1
0
0
0
0
0
2
4
0
0
0
0
0
2
0
0
4
0
0
2
0
0
0
0
2
2
2
0
16
0
12
33
0
2
4
2
2
3
32
0
16
2
0
0
0
34
4
18
2
0
0
4
0
7
3
0
4
2
2
4
0
0
2
4
0
2
0
0
2
2
4
6
0
2
0
0
0
2
2
0
0
0
2
0
0
2
4
2
6
0
0
0
4
0
4
2
4
0
0
0
6
0
0
2
0
2
0
2
4
2
2
2
0
4
4
4
2
0
0
2
2
0
0
2
2
0
2
0
6
0
2
0
4
2
4
0
2
0
4
2
0
2
2
2
0
0
0
4
6
4
0
6
2
2
2
2
0
4
0
2
6
0
0
2
2
6
2
4
4
0
4
2
2
4
2
0
4
2
2
4
0
2
0
0
2
0
0
2
0
2
2
2
0
0
4
4
0
2
0
4
0
2
2
2
4
2
0
2
0
2
2
0
2
2
0
0
2
4
2
0
2
2
0
0
4
2
2
2
4
0
2
0
0
4
2
2
0
2
4
2
4
2
0
0
0
0
2
0
2
0
8
2
4
0
2
0
4
2
0
0
2
6
0
2
2
0
0
2
2
0
2
0
6
0
0
2
0
2
0
2
0
0
0
0
2
4
0
2
0
0
4
0
0
2
0
0
0
2
0
0
2
0
0
2
0
0
4
0
0
4
2
0
0
2
2
4
0
2
2
0
2
0
2
0
0
4
0
2
0
0
0
2
0
2
2
2
2
4
0
6
0
2
0
2
2
0
2
0
0
0
0
0
2
2
0
2
2
0
2
0
0
0
2
2
0
2
0
4
2
0
2
2
0
0
4
2
2
2
7
2
2
0
2
2
0
2
0
2
0
4
0
4
0
2
2
2
0
0
2
2
6
2
2
4
0
2
2
0
2
0
2
6
0
2
4
0
0
0
2
2
0
0
2
2
2
0
2
0
2
2
0
2
0
0
4
0
2
2
2
0
6
0
4
2
6
0
0
0
2
2
7
0
9
0
4
2
2
2
0
0
0
0
8
2
2
2
6
2
2
2
2
0
0
0
0
2
2
0
0
0
2
2
2
2
0
2
2
0
2
4
2
6
0
0
4
0
2
4
2
0
0
2
2
2
2
2
0
0
2
2
0
0
2
0
0
2
0
2
2
4
2
4
2
0
0
6
0
4
6
2
0
4
6
0
2
2
2
0
0
4
2
0
0
2
2
5
0
2
2
2
2
2
2
0
2
0
4
0
0
2
0
2
0
10
0
6
0
0
0
0
2
0
2
4
2
2
0
0
0
0
2
2
0
2
0
0
2
2
0
4
2
0
6
2
0
2
0
2
0
2
4
2
2
0
0
0
0
0
2
2
0
0
2
2
4
2
6
2
0
0
0
0
0
2
4
0
0
0
4
2
2
2
0
2
2
0
2
6
6
2
4
2
8
2
4
6
4
2
0
4
4
6
2
8
8
4
0
4
4
8
4
2
0
9
4
2
2
4
4
2
2
0
10
2
6
2
4
0
2
4
10
4
4
6
0
4
2
2
4
4
0
2
9
4
6
4
4
4
4
4
8
4
12
4
2
7
7
4
4
6
2
4
4
0
2
4
7
2
2
4
4
31
4
10
6
6
4
4
2
2
6
2
2
0
4
13
2
2
8
2
4
4
4
3
8
4
4
4
6
4
4
2
0
2
4
6
9
9
7
3
5
10
4
5
10
20
5
22
15
14
13
9
4
7
4
9
9
15
14
7
9
7
7
25
10
6
5
7
9
8
5
5
27
10
8
11
16
11
5
6
3
5
5
7
2
15
5
4
14
9
9
11
8
7
9
7
13
7
6
9
10
5
23
7
5
12
6
11
9
10
10
11
9
12
5
9
9
6
9
9
9
9
8
5
7
5
19
7
8
5
11
9
5
7
11
20
9
13
5
9
3
6
4
9
4
4
7
15
7
7
5
11
5
3
4
7
7
10
3
7
18
13
6
6
10
5
8
16
8
2
9
9
9
7
26
14
7
5
6
7
11
5
3
10
9
8
9
3
8
6
9
9
9
9
9
5
9
11
7
5
4
6
6
13
34
27
42
40
33
37
35
30
29
41
39
34
38
43
33
35
37
38
32
25
38
34
34
38
24
37
28
29
41
20
37
31
38
26
24
17
32
43
33
35
32
39
37
38
33
36
42
40
34
37
36
25
31
28
31
18
21
32
43
32
35
20
33
42
36
20
35
37
36
43
41
38
31
42
41
24
30
26
34
35
36
40
31
25
27
38
38
31
39
36
35
22
39
37
24
41
44
27
34
42
40
44
35
21
24
34
35
34
30
28
42
41
41
27
18
43
36
28
42
39
31
24
36
43
35
36
39
40
19
41
41
37
27
43
39
31
29
30
33
35
39
35
36
30
30
42
35
37
44
37
26
34
26
27
31
37
41
29
32
33
21
33
41
41
42
26
30
20
32
26
32
29
36
33
41
42
52
39
43
38
39
38
39
35
35
40
36
40
25
35
24
30
27
32
42
29
26
23
37
28
25
36
33
40
43
44
39
40
30
35
42
39
43
43
35
45
33
47
44
41
28
43
50
40
36
41
45
34
47
39
41
41
46
27
38
40
28
29
41
41
40
23
29
18
28
36
27
47
39
25
43
30
41
28
45
43
46
28
32
40
49
43
44
33
44
41
38
38
31
30
34
42
28
28
39
36
43
35
36
27
47
44
38
42
31
39
41
41
15
0
7
5
7
7
13
9
3
5
17
13
7
5
5
7
3
9
5
3
21
3
3
7
3
7
11
7
7
17
15
9
11
5
5
13
9
5
5
7
5
11
3
5
3
11
5
5
13
15
7
2
2
3
9
9
5
3
3
0
7
2
11
3
3
13
3
11
5
9
2
5
7
5
3
3
7
13
21
13
15
15
7
7
5
7
5
3
7
5
7
11
5
3
2
3
5
13
11
7
11
3
5
11
5
5
5
9
9
7
11
11
11
11
9
13
7
27
23
9
17
15
11
7
9
27
13
21
17
9
13
13
15
13
11
13
22
7
15
19
15
35
19
23
29
21
11
19
13
11
21
11
19
17
13
17
21
27
22
25
19
7
17
20
32
25
15
21
21
15
21
17
13
11
15
15
21
17
17
13
13
13
15
11
19
25
19
21
17
19
18
15
17
5
17
17
15
9
13
25
9
13
15
15
19
13
19
23
9
13
11
7
17
13
11
13
15
5
19
7
9
15
21
13
9
13
13
15
15
19
13
19
15
13
7
5
13
19
17
7
11
23
17
13
11
11
17
11
15
7
13
17
25
7
9
5
13
13
13
9
7
13
11
7
7
7
17
11
5
7
11
11
13
9
9
7
3
17
1
5
9
11
13
15
5
3
11
11
8
93
46
86
88
15
78
81
0
84
88
38
2
0
44
0
89
48
84
86
2
0
96
46
49
87
72
0
81
0
76
75
90
94
4
50
84
88
0
0
63
87
80
0
84
97
82
49
90
89
2
82
56
2
84
32
79
15
82
48
2
30
4
2
39
0
0
0
2
2
90
65
0
82
0
50
85
50
48
49
0
88
74
48
47
53
98
61
53
79
0
88
0
99
40
45
89
74
98
48
86
92
47
91
0
24
91
46
77
93
89
46
13
0
45
96
47
97
80
0
75
85
44
61
0
40
82
29
67
73
85
46
2
87
54
2
36
82
86
58
69
84
0
19
51
59
51
37
24
48
0
0
48
90
62
0
64
0
54
47
79
95
0
96
40
58
89
44
60
87
63
32
45
18
75
47
66
0
50
82
2
77
59
47
89
0
44
78
79
75
0
2
15
31
25
30
36
42
76
91
78
4
96
0
25
0
48
46
30
80
37
0
64
0
74
39
21
35
32
45
81
13
56
46
49
4
37
29
30
31
20
32
0
63
0
0
50
44
26
31
30
26
35
65
0
36
59
0
15
86
59
0
31
33
0
31
44
28
48
28
37
0
38
0
32
40
4
0
45
53
64
63
68
55
35
27
37
0
38
38
2
90
68
81
65
62
34
34
23
11
31
40
38
25
17
11
16
32
35
30
19
39
12
16
37
49
20
33
29
28
50
23
26
24
4
47
44
13
21
21
43
26
29
26
21
23
19
22
31
42
27
27
47
33
66
21
39
26
21
36
38
35
21
35
23
25
24
17
34
22
42
45
34
33
13
17
41
37
24
19
42
46
47
29
51
30
20
21
23
38
37
12
31
36
48
35
25
18
61
56
17
23
31
21
49
13
38
63
53
54
13
17
32
30
22
20
1
25
16
22
44
20
24
19
31
33
56
37
36
38
17
57
17
2
24
15
22
43
35
39
15
34
31
47
47
47
39
17
24
24
21
29
25
43
51
42
15
35
40
24
27
41
23
27
23
34
24
60
23
49
23
29
20
23
37
39
23
38
34
43
55
56
25
33
24
16
15
22
28
19
43
65
62
64
19
9
16
35
39
36
20
19
19
19
19
27
11
43
43
22
18
19
22
35
47
30
20
15
37
44
18
29
45
40
31
46
48
47
41
42
17
21
39
60
42
38
52
34
23
1
1
5
20
14
56
27
49
17
50
15
10
46
62
62
36
25
18
22
17
26
28
0
0
0
0
0
0
0
0
0
0
0
0
0
0
0
0
0
0
0
0
0
0
0
0
0
0
0
0
0
0
0
0
0
0
0
