1
5
5
5
9
5
3
5
3
6
3
5
1
3
5
5
3
5
7
5
7
6
5
5
5
3
5
5
5
1
3
3
5
3
5
5
3
5
3
8
6
5
27
3
3
5
5
5
3
3
3
3
3
5
7
3
3
7
7
9
5
4
5
5
7
3
3
3
3
5
5
3
5
4
9
5
5
5
9
3
7
4
3
3
3
5
3
3
5
5
9
5
3
6
3
7
5
5
7
2
3
5
5
4
4
3
3
5
7
3
3
3
5
7
3
7
2
7
3
3
7
3
3
3
5
7
6
3
3
6
5
10
5
3
6
3
3
6
3
3
8
9
4
5
3
3
6
3
7
3
5
5
3
7
3
3
5
3
3
3
5
6
5
5
5
5
3
3
5
3
3
5
5
5
3
3
5
1
3
3
5
5
3
6
5
3
3
3
7
5
3
5
6
4
3
3
5
5
4
5
7
6
3
7
6
5
7
5
5
5
1
5
1
7
7
5
3
6
7
3
3
7
5
3
3
5
7
3
3
5
5
3
5
3
3
4
5
5
3
5
3
6
3
5
5
5
5
5
3
3
6
5
5
5
5
5
5
8
3
6
3
3
3
5
7
5
7
5
3
3
7
3
3
7
3
7
5
3
5
3
5
5
6
3
1
3
3
5
12
2
4
4
2
2
4
6
8
4
6
4
2
4
4
0
0
9
4
6
0
4
6
6
4
13
4
2
6
4
2
4
4
4
6
4
4
2
2
8
4
8
4
2
6
13
8
4
6
6
9
6
6
6
52
4
6
2
2
2
4
13
6
0
0
4
2
4
2
3
8
2
4
7
4
4
4
6
2
6
6
4
4
6
5
6
4
0
2
4
6
2
14
4
6
2
4
2
4
4
4
2
6
4
13
6
8
0
0
54
2
2
5
0
2
4
8
4
4
2
6
2
6
10
2
4
2
8
45
10
0
2
4
4
4
2
4
2
2
2
9
2
6
4
2
4
2
6
8
4
4
6
5
2
4
40
4
4
8
7
2
4
2
0
4
4
2
4
8
2
8
6
6
3
4
2
4
6
9
6
6
2
4
2
4
4
8
2
2
4
0
4
6
6
8
6
4
6
3
8
2
2
15
2
4
4
4
4
13
2
4
13
4
2
2
6
4
4
2
4
0
4
6
10
6
8
2
4
8
9
6
10
2
5
2
2
6
2
2
4
8
6
2
4
3
39
4
6
8
6
3
6
4
4
6
8
2
4
6
0
4
4
6
4
6
4
4
4
2
2
4
4
6
4
4
4
2
2
4
4
4
4
4
0
10
5
2
8
4
4
4
2
4
4
4
10
4
2
2
4
2
4
10
6
4
2
0
4
4
8
4
4
2
2
4
2
2
2
2
0
8
2
2
4
6
2
0
4
4
4
0
2
4
0
6
2
4
2
6
6
2
4
0
2
2
2
2
2
2
0
0
2
2
2
0
0
6
2
0
2
0
4
2
4
6
4
4
0
6
8
6
4
4
2
0
4
4
0
2
4
8
6
0
0
0
0
0
4
0
2
4
2
4
4
4
2
2
4
2
2
6
0
6
2
4
2
4
4
0
0
2
6
4
6
2
8
4
6
8
0
6
4
0
2
6
2
4
0
4
10
6
4
10
4
2
14
2
8
2
8
2
2
5
4
2
2
4
4
10
4
2
4
10
6
6
10
4
6
6
8
6
8
4
2
0
2
0
6
2
10
4
2
6
14
4
10
6
8
2
4
2
6
4
4
23
4
2
6
2
2
2
8
8
4
6
0
2
12
2
6
13
2
2
6
0
10
2
2
0
2
2
2
2
8
2
2
0
0
6
2
0
4
4
2
2
4
0
14
4
12
0
0
2
2
0
2
0
21
2
2
2
4
2
2
0
2
0
2
6
4
4
2
2
0
0
0
0
0
0
2
0
0
0
0
0
4
2
0
2
2
4
4
2
5
0
2
52
50
48
56
43
48
56
45
54
57
51
53
51
51
39
56
46
55
54
45
51
56
57
60
54
39
46
60
51
49
45
41
58
38
52
57
53
37
51
56
52
56
50
35
58
50
39
51
40
39
47
40
52
54
49
37
46
45
39
55
55
55
51
46
36
52
39
59
52
52
49
54
57
42
45
52
49
40
36
50
50
49
42
54
56
53
58
53
55
39
49
47
49
50
39
48
49
42
36
47
47
55
37
42
48
38
43
54
41
44
37
52
40
48
42
44
43
46
54
53
32
52
50
43
47
52
42
37
41
53
43
47
52
38
50
50
52
47
57
50
38
54
53
53
52
47
51
48
49
50
39
47
50
39
54
51
48
59
60
39
60
38
62
58
60
47
53
47
35
54
47
53
53
56
53
43
55
54
55
44
50
57
53
48
46
51
55
50
50
53
48
56
49
55
48
49
54
42
55
53
46
54
43
45
55
57
50
45
44
52
37
52
48
48
61
34
49
47
43
52
56
35
42
38
59
46
32
52
30
58
45
54
54
57
57
50
50
57
53
42
58
58
54
50
54
61
51
54
47
56
52
52
50
56
50
37
52
59
56
59
51
53
48
57
37
59
30
54
47
57
56
50
56
53
50
53
53
50
47
58
30
59
40
56
55
53
60
56
0
0
2
0
3
1
1
1
1
1
0
1
0
0
1
0
1
0
5
1
4
1
5
4
4
0
1
6
3
1
0
3
1
3
1
2
1
6
1
1
1
1
10
5
0
7
1
0
4
4
0
1
0
1
1
1
3
1
0
0
3
0
0
5
1
0
4
0
0
0
0
1
1
1
1
0
3
1
9
1
1
0
3
0
1
0
0
1
1
0
1
0
1
9
0
1
0
0
1
4
0
1
1
1
1
3
1
0
0
1
0
1
1
0
1
1
4
1
0
0
3
0
0
0
0
0
0
1
0
5
1
1
1
3
1
4
1
0
0
0
0
1
1
0
0
3
1
0
0
1
1
0
1
0
1
0
0
5
1
1
0
0
1
1
0
3
0
0
0
2
0
1
1
4
3
4
0
1
1
1
1
1
1
3
1
1
4
0
1
3
0
0
1
0
0
0
3
1
3
1
1
0
0
1
2
9
6
3
1
1
0
3
0
0
1
10
4
3
4
1
2
0
9
0
0
0
0
0
1
0
1
0
0
1
0
1
1
1
0
0
0
3
1
0
0
0
23
3
0
1
1
0
0
0
6
11
1
1
0
0
0
1
0
1
1
0
0
1
1
0
0
3
0
3
0
8
0
0
0
9
0
3
0
1
1
3
0
0
0
0
0
0
42
3
19
59
82
55
0
0
0
0
0
0
85
88
76
0
0
0
0
0
0
0
0
0
66
36
43
42
21
0
0
2
0
0
0
0
5
14
41
4
11
49
0
0
0
0
0
0
42
4
32
22
32
0
95
42
88
0
0
0
7
46
9
2
2
5
6
53
41
3
2
0
20
0
38
31
41
17
6
18
2
3
16
0
29
3
2
47
35
12
43
49
31
2
3
34
45
0
5
36
3
3
85
2
2
0
3
2
16
2
33
40
6
44
48
8
15
0
2
2
0
2
2
15
16
27
13
32
0
0
24
0
0
6
3
5
0
8
44
20
12
17
0
29
0
30
16
3
42
2
37
1
7
13
0
5
33
2
4
64
12
19
0
0
0
3
3
3
0
0
40
40
43
62
61
63
0
2
10
18
0
0
0
49
0
9
42
63
5
0
47
0
8
0
5
2
48
35
25
2
87
31
2
43
15
0
75
3
14
8
6
32
29
7
0
0
36
16
32
0
45
22
4
2
53
0
43
30
25
17
70
49
0
13
48
0
0
28
2
0
13
19
29
47
29
3
34
2
6
35
0
31
10
34
2
12
2
41
9
1
78
11
0
29
15
40
40
63
10
38
0
14
48
24
30
59
50
0
7
52
11
9
35
87
2
2
4
2
0
2
4
5
4
7
4
6
4
6
2
4
2
4
0
2
5
2
1
2
8
2
2
1
6
5
2
4
5
4
4
3
5
1
4
0
5
4
4
3
2
3
7
6
7
5
4
2
4
2
3
4
5
6
5
2
2
4
2
5
0
2
14
6
4
4
7
6
5
4
7
2
4
2
5
6
2
5
0
2
2
7
2
4
3
3
2
7
7
4
9
2
0
3
4
3
5
3
3
7
5
2
2
8
2
4
3
4
2
2
3
4
5
4
5
8
0
4
6
2
4
11
9
10
5
4
4
7
4
7
4
5
8
5
6
2
5
2
4
4
2
2
5
4
5
5
5
2
7
7
5
3
4
3
2
0
2
2
2
5
2
4
4
2
3
6
4
2
4
7
4
2
5
2
2
2
2
0
6
0
2
4
4
4
2
2
3
4
4
4
2
0
2
2
4
2
5
2
2
4
2
1
2
1
4
2
1
5
2
0
0
4
2
2
4
0
3
4
2
6
4
0
1
6
4
4
2
0
4
2
1
2
2
4
4
5
0
4
0
0
5
4
2
0
1
2
5
2
0
2
2
2
0
5
3
6
7
6
6
5
2
2
2
0
6
0
0
2
3
7
2
6
2
4
2
0
3
3
4
6
1
2
4
0
4
35
3
4
2
9
0
2
2
4
3
2
7
3
5
3
0
8
4
4
2
61
0
5
3
5
3
5
2
2
0
4
15
2
4
0
3
2
5
3
0
2
5
2
0
2
0
2
2
5
0
2
2
0
4
2
4
3
3
0
5
0
2
5
2
5
4
3
5
18
4
2
48
3
2
3
2
3
5
4
0
4
0
7
5
2
0
3
4
2
5
4
5
0
3
0
7
2
0
2
15
0
4
0
2
4
2
5
2
0
7
2
0
5
5
0
5
0
4
3
2
18
3
5
3
3
2
0
0
2
2
6
4
3
2
4
2
3
4
0
3
3
0
3
2
5
2
2
7
2
0
2
5
2
0
5
2
13
2
2
0
5
2
4
2
6
4
6
2
2
2
0
0
3
2
3
2
2
0
4
3
0
2
5
5
7
2
2
4
5
7
6
36
2
5
0
2
2
4
0
5
2
3
2
4
0
5
2
3
4
0
0
2
6
0
2
3
5
2
3
5
2
4
2
2
2
13
5
16
2
2
0
5
0
2
0
3
3
5
5
3
2
2
5
0
8
2
0
2
12
5
5
2
5
7
5
5
0
2
0
42
2
3
3
4
2
8
5
5
2
7
2
7
0
5
4
3
0
0
3
2
5
0
0
0
2
18
5
2
2
2
0
0
0
2
2
2
0
2
0
0
4
4
0
2
2
2
2
2
2
0
0
0
0
2
2
0
0
2
0
2
2
0
4
4
2
0
2
6
0
2
0
0
2
4
2
2
0
2
2
0
0
4
0
2
2
4
2
0
2
0
2
0
2
0
0
0
4
0
0
2
2
2
2
4
2
0
2
2
2
2
0
2
2
12
0
2
2
0
2
2
2
0
2
0
2
2
4
0
0
2
4
2
2
2
2
4
2
2
2
0
2
0
2
0
0
0
0
2
2
4
0
2
2
2
2
4
0
2
0
2
2
2
2
0
0
2
2
2
2
2
0
0
2
0
0
0
0
0
0
2
2
2
2
0
2
0
2
6
4
4
2
2
2
2
2
0
0
2
0
2
0
2
0
2
4
2
2
2
4
2
2
2
2
0
4
2
0
4
0
3
2
2
0
0
2
0
0
0
2
4
2
2
2
24
0
2
2
0
0
2
2
2
32
0
0
2
2
2
0
0
0
0
2
2
0
0
2
2
0
2
2
4
4
0
2
2
2
0
0
0
2
2
4
2
0
0
2
2
0
2
4
2
0
2
0
0
2
0
2
0
2
2
0
0
0
2
0
0
0
0
2
2
0
0
2
4
0
4
2
2
0
2
2
2
4
9
3
14
4
5
9
48
9
5
26
32
4
30
9
2
27
5
5
31
3
20
5
9
16
9
2
16
5
11
3
9
3
9
11
20
18
3
7
5
16
34
5
7
4
7
2
9
7
23
5
4
4
3
13
4
42
2
4
43
19
4
4
7
11
5
7
16
3
23
7
2
2
7
7
27
29
2
3
2
33
4
7
25
9
3
4
11
2
4
33
10
21
9
5
2
17
4
2
2
9
9
7
12
4
7
9
5
31
12
51
31
5
26
5
7
4
39
6
3
16
19
5
5
5
25
5
5
7
34
4
25
12
19
19
5
2
9
2
7
5
20
14
5
2
23
3
2
11
11
2
4
16
15
0
7
5
4
0
11
25
2
5
16
9
12
22
23
7
7
11
2
5
7
4
5
7
4
4
3
5
3
7
4
0
7
7
5
28
16
9
26
36
14
2
16
2
2
4
9
4
21
0
7
28
23
21
34
15
12
34
9
5
7
4
24
36
3
26
36
7
3
5
4
4
29
23
5
11
9
14
3
5
2
7
2
7
26
32
24
8
3
12
7
2
4
5
2
27
6
23
29
5
3
5
4
2
5
5
24
5
12
5
3
5
5
5
28
23
7
27
15
11
5
7
22
7
2
23
28
3
2
9
16
37
35
45
13
5
