0
2
2
2
4
2
2
0
0
0
2
2
4
2
4
2
2
0
4
4
6
2
2
2
2
0
2
6
2
2
0
0
2
2
2
2
0
2
2
4
0
2
2
4
2
4
4
2
4
2
8
4
5
2
4
2
2
4
2
4
2
2
0
0
6
2
2
2
2
2
4
0
2
2
2
2
2
4
0
2
5
4
2
2
4
4
2
4
6
4
4
0
4
2
2
0
4
2
2
2
4
2
2
4
2
2
6
2
0
4
4
4
2
4
5
5
2
2
2
2
4
2
4
2
4
2
2
4
2
2
6
2
4
2
4
6
4
4
4
2
4
2
6
4
2
4
2
2
6
4
0
2
6
2
6
2
6
0
2
4
4
4
4
4
6
4
2
2
4
2
2
6
4
2
2
4
4
2
9
2
7
2
2
4
2
2
4
2
4
12
7
4
2
0
2
4
2
5
2
0
2
0
6
2
6
0
2
4
4
5
6
2
0
14
4
2
0
4
2
2
4
0
2
0
2
2
0
11
2
2
2
0
4
2
2
4
4
2
2
4
4
4
2
2
2
2
4
2
0
2
7
6
2
4
0
0
2
2
2
4
4
0
2
2
2
2
0
2
2
2
6
2
4
0
4
2
4
4
2
4
2
6
2
2
2
2
4
2
2
2
47
0
2
0
2
2
2
2
0
0
0
2
0
2
0
4
2
2
45
6
0
0
2
4
0
4
2
6
0
41
10
2
4
4
2
2
4
41
0
0
6
0
2
0
0
2
4
0
2
50
2
0
6
4
2
0
0
41
8
12
0
2
0
53
6
4
37
2
0
2
4
4
2
2
0
6
2
0
0
2
45
0
2
0
0
4
0
2
4
2
2
4
6
4
0
4
2
4
4
4
91
4
2
2
0
4
0
8
0
0
2
6
0
0
0
0
0
0
0
0
2
4
2
2
0
0
0
2
4
2
4
0
8
2
0
0
0
0
2
0
8
2
0
4
6
4
6
4
0
0
2
0
4
0
2
2
2
2
2
2
8
0
2
0
4
4
0
4
0
2
2
4
2
4
0
0
6
0
0
4
2
0
0
0
0
2
2
0
2
0
0
4
0
4
2
0
0
2
4
2
2
6
2
2
0
2
46
6
2
0
2
44
2
4
0
0
0
2
0
0
0
0
0
4
4
0
2
0
2
2
2
2
0
0
0
2
6
0
0
4
2
0
0
6
0
4
14
2
0
0
0
0
4
0
0
52
2
10
51
2
0
0
12
0
4
0
0
2
2
0
8
2
0
2
0
0
2
0
6
0
2
2
2
2
4
2
52
35
53
45
82
35
22
29
39
37
67
50
56
71
37
42
47
36
38
25
45
81
24
56
69
40
70
44
37
31
30
26
42
37
22
59
51
35
32
23
30
63
22
37
22
36
34
25
36
40
27
25
29
18
32
16
52
47
21
22
44
51
29
35
42
46
22
18
10
31
62
43
44
24
34
52
26
28
27
20
46
74
38
36
23
48
35
37
50
41
23
31
29
43
42
44
39
39
31
35
45
25
24
16
18
53
43
34
24
35
35
27
27
44
24
13
56
50
19
25
46
36
28
30
43
36
18
23
31
35
30
40
87
39
44
53
68
35
26
20
18
51
43
38
55
43
50
30
25
41
18
18
22
15
19
15
21
22
39
23
43
36
25
18
29
44
15
34
41
30
55
27
42
69
27
24
23
32
20
75
38
28
39
41
35
44
13
16
51
50
36
28
45
47
39
36
33
34
20
28
26
24
89
46
28
22
25
22
41
31
22
32
22
28
47
16
34
27
24
23
25
32
17
14
18
23
30
17
29
23
16
28
23
43
23
16
12
14
21
26
20
20
22
25
15
30
14
25
24
20
13
23
18
16
15
15
18
11
11
11
22
12
18
12
20
16
17
16
15
11
12
22
16
15
10
11
15
19
18
13
23
22
12
18
14
18
35
12
15
17
5
17
15
21
11
11
11
15
9
13
17
19
7
0
13
13
11
9
15
13
13
17
17
19
9
0
0
23
11
0
0
13
13
0
0
11
13
0
0
11
15
0
0
9
15
0
13
0
22
11
13
0
9
13
5
0
17
11
17
7
17
13
0
15
9
0
0
21
15
0
0
13
15
0
0
9
17
0
11
0
13
11
15
15
9
0
13
9
11
7
1
13
15
11
0
13
13
0
0
11
15
11
0
17
7
21
3
15
11
15
0
13
11
7
0
11
15
9
0
0
0
0
19
0
26
0
19
11
11
0
0
25
13
0
0
0
0
0
0
0
1
0
0
0
0
0
0
0
15
17
9
0
0
25
7
9
21
15
7
13
11
0
11
0
13
17
11
0
5
11
17
0
0
0
0
0
0
0
0
0
0
0
0
9
0
0
19
0
0
13
0
11
0
15
0
11
7
19
0
17
17
0
15
34
9
0
11
25
13
13
15
13
0
11
0
7
0
13
0
7
0
19
0
23
9
25
11
13
0
34
18
0
5
0
7
0
21
0
9
0
17
9
15
0
11
5
0
0
11
9
0
0
19
19
13
0
1
11
15
0
3
3
9
7
19
15
7
9
15
17
11
11
19
23
0
15
17
19
0
0
11
15
0
9
27
23
0
6
7
6
0
4
4
0
2
2
2
10
2
5
4
5
0
2
2
4
4
2
9
4
7
4
2
3
4
2
2
3
0
7
2
0
0
4
4
2
4
0
0
4
8
6
2
4
4
0
2
4
2
0
2
5
4
4
2
8
2
4
4
5
4
4
4
6
2
2
3
0
5
5
2
8
7
4
4
2
5
6
2
8
10
5
9
6
11
2
2
10
2
6
2
2
10
0
8
7
5
13
8
14
3
15
6
10
4
0
12
2
6
7
6
3
5
2
7
8
10
2
4
10
0
6
6
14
7
7
8
7
3
6
5
6
10
4
5
6
0
4
0
11
5
4
7
10
2
9
6
10
7
4
2
4
2
6
4
5
2
9
11
4
0
2
5
12
18
8
7
5
7
23
2
9
4
10
6
4
7
4
8
11
2
0
2
7
2
5
4
2
0
6
0
4
2
0
6
2
0
2
10
12
4
4
4
2
2
11
4
6
6
22
10
20
0
2
5
0
9
2
2
3
12
4
2
2
0
2
7
4
2
2
2
4
5
7
6
0
0
4
6
0
0
5
6
11
5
4
6
12
2
4
6
4
2
6
0
6
6
7
6
2
2
6
2
5
4
0
4
3
4
10
6
6
6
6
0
2
4
2
2
8
6
5
14
0
4
5
2
0
5
5
5
7
7
11
4
7
7
7
2
5
7
5
9
9
2
16
9
7
9
9
12
17
7
7
9
5
13
9
11
13
14
13
14
16
11
13
13
13
7
22
9
14
13
12
13
14
2
11
7
16
5
23
5
2
5
11
7
13
11
20
9
14
5
5
14
23
27
19
9
14
34
23
18
19
29
13
25
29
25
33
27
22
32
28
25
20
32
16
26
37
18
5
23
12
5
13
9
12
4
20
22
12
18
14
18
11
9
40
27
16
25
9
27
31
12
33
14
32
16
27
25
20
5
12
40
11
35
21
9
23
11
32
22
11
20
13
11
39
39
9
25
9
11
38
20
25
11
11
16
25
21
9
34
18
37
14
5
9
29
12
18
11
2
0
23
9
11
14
5
10
7
7
2
5
4
4
7
7
17
7
10
5
2
0
4
5
4
7
5
13
9
3
5
7
7
7
11
13
11
4
7
5
9
4
3
7
2
7
4
4
2
9
11
9
7
5
2
2
2
7
5
2
9
5
0
4
7
4
0
9
2
5
5
4
5
7
4
5
5
5
5
4
4
5
5
7
4
5
5
5
5
9
4
4
5
7
4
9
17
5
5
5
2
4
34
7
2
11
4
4
0
5
2
2
5
4
4
4
5
2
5
5
11
7
12
8
11
8
16
8
7
9
8
11
10
11
9
10
12
7
10
7
7
8
5
10
10
10
8
8
9
9
8
10
8
11
13
6
8
10
8
10
13
11
12
8
11
10
10
10
12
8
10
7
11
8
8
11
8
9
9
7
11
8
5
14
10
10
10
10
12
9
9
5
11
10
8
11
10
11
10
9
10
9
7
9
10
12
11
10
10
10
12
8
8
10
10
14
8
10
11
11
8
6
9
12
8
9
8
8
13
11
8
10
12
10
12
13
11
5
7
8
3
10
8
8
10
9
9
7
9
6
13
7
11
8
8
12
8
10
8
11
8
10
9
12
8
10
10
10
10
18
6
9
10
10
6
11
8
8
7
11
11
8
8
10
10
8
8
13
9
7
7
10
8
8
10
13
11
8
10
13
10
9
9
11
10
10
9
9
11
10
5
10
10
11
10
9
7
12
10
12
10
11
10
6
10
11
9
10
6
10
11
10
9
7
10
10
11
10
12
10
10
10
9
14
5
9
9
8
5
7
8
10
8
10
9
8
11
8
13
9
14
8
6
14
11
7
9
5
9
10
10
11
10
10
10
8
8
7
7
14
3
9
8
7
9
9
10
10
9
12
10
13
9
8
9
10
5
7
5
10
10
11
6
11
14
11
10
10
19
17
9
17
11
26
19
18
17
28
23
15
13
9
11
7
13
21
9
17
13
32
20
15
19
26
9
26
22
17
36
13
19
17
22
15
11
17
3
21
9
11
11
36
32
23
39
15
26
19
17
21
32
19
24
36
21
26
23
21
19
11
15
9
26
13
19
15
13
26
19
13
13
15
21
26
11
30
24
24
19
19
28
19
15
11
24
17
19
19
17
15
20
26
22
30
11
20
26
13
20
34
15
13
11
59
17
25
17
17
9
15
33
13
7
11
13
11
11
26
30
7
11
11
11
15
26
15
11
17
7
11
17
11
17
11
15
7
22
15
21
9
13
11
9
19
24
13
21
28
19
17
11
22
22
15
19
17
17
17
19
7
7
15
17
11
11
11
15
7
19
11
28
1
25
21
23
19
28
30
26
28
22
26
22
21
28
30
32
19
21
90
22
16
36
26
73
30
53
22
20
34
22
15
41
25
44
23
23
45
38
36
23
38
13
21
17
42
40
13
19
24
34
11
28
13
26
19
13
20
23
22
15
40
26
32
34
24
30
26
19
49
17
26
24
19
38
9
19
24
24
36
21
19
22
19
19
7
34
11
23
23
15
15
15
22
26
11
11
11
19
24
19
21
15
9
19
15
15
19
21
15
15
13
13
15
11
15
6
6
2
4
4
2
8
8
6
4
6
6
10
2
6
6
8
8
8
6
4
6
4
6
4
8
6
4
6
8
8
8
8
2
6
4
8
4
4
6
6
10
4
10
8
6
4
8
10
8
12
8
8
6
6
4
8
2
0
2
6
8
6
2
4
6
2
10
10
2
0
8
4
8
4
4
8
8
10
4
6
6
4
2
6
2
6
2
6
4
4
4
4
6
6
4
10
6
2
4
0
4
6
6
10
8
8
6
12
6
8
10
8
10
8
6
10
10
10
10
8
6
10
6
0
4
8
8
6
4
6
8
8
6
6
2
4
6
6
8
6
2
4
6
2
6
6
6
6
8
6
8
2
4
6
8
4
8
6
6
4
6
6
6
8
14
4
10
4
10
2
14
8
2
6
4
6
2
6
4
4
8
8
4
4
8
8
10
8
0
2
4
2
6
10
8
10
8
6
4
8
4
10
6
10
6
2
6
10
8
8
6
6
8
8
4
2
8
12
6
6
10
10
8
8
6
4
10
10
8
4
8
6
4
8
4
10
6
4
8
8
8
6
10
4
6
6
6
4
8
4
8
6
6
6
6
4
8
4
4
8
6
10
10
6
6
4
6
8
6
6
6
6
4
4
8
4
8
10
4
4
6
6
4
8
8
4
4
0
0
0
2
2
0
0
0
0
0
2
2
0
2
0
0
2
4
0
0
0
0
0
2
2
0
2
2
4
4
2
0
4
3
0
2
8
8
2
2
2
0
2
2
0
2
2
4
2
2
2
7
4
0
2
2
2
0
0
2
2
2
0
2
0
0
0
0
4
0
0
0
0
0
2
0
4
4
2
0
0
2
2
4
2
2
2
0
6
0
2
2
0
0
2
0
2
0
0
0
0
4
2
0
0
0
2
2
2
4
2
0
0
4
4
4
0
2
0
0
6
2
0
0
6
2
0
2
4
0
4
8
0
0
0
2
0
0
0
2
4
2
2
2
0
2
0
6
4
4
2
21
8
2
0
2
0
0
0
2
2
0
2
0
0
2
6
0
2
0
10
2
2
2
6
6
8
2
0
4
2
4
0
0
4
2
0
2
2
2
4
4
6
0
3
2
6
2
2
2
2
2
4
4
7
0
2
0
4
4
4
2
2
2
11
2
0
2
2
0
2
0
2
2
0
0
2
0
2
0
2
0
2
0
0
0
2
0
4
3
2
0
2
0
2
2
0
0
2
2
0
0
2
0
0
0
2
0
0
0
0
0
0
0
2
0
2
0
0
4
0
0
0
0
4
0
0
2
2
2
2
0
2
4
2
4
2
2
