5
9
8
9
11
8
7
10
7
10
7
7
7
6
10
6
5
10
5
12
12
9
14
6
6
12
12
11
6
8
7
14
18
9
8
10
8
6
10
8
6
10
10
8
8
8
8
10
12
6
12
10
7
11
6
8
6
8
10
6
10
10
8
8
6
10
6
10
8
6
8
10
10
10
7
10
9
9
8
6
12
10
8
6
8
11
8
10
7
8
7
10
8
9
6
10
7
9
10
10
9
6
7
11
12
10
10
12
7
7
5
12
6
8
11
10
9
8
11
12
5
12
8
11
8
10
10
7
12
11
8
8
7
10
11
8
8
6
11
16
6
11
8
10
10
10
11
12
7
8
6
10
15
8
8
8
8
6
6
10
5
7
10
11
10
13
8
8
14
6
9
5
9
8
8
8
11
9
11
7
10
10
11
9
11
8
5
7
9
8
8
10
11
8
10
10
8
8
10
12
9
7
8
11
12
12
8
11
11
7
11
12
10
7
13
7
9
12
18
10
9
8
7
8
10
8
8
8
11
9
9
10
6
10
12
12
12
6
10
10
6
10
12
9
9
9
9
10
9
8
10
8
9
10
6
8
10
10
14
7
7
9
10
7
8
12
8
10
12
8
10
9
10
8
10
10
8
8
5
8
9
9
7
12
13
7
6
6
6
2
10
2
0
6
6
6
2
10
8
4
4
8
0
0
6
6
4
4
2
8
4
6
4
6
6
0
4
2
8
4
4
4
8
0
4
4
4
2
6
6
11
6
6
4
6
4
4
10
6
4
6
4
6
8
4
4
4
4
2
2
4
0
8
13
2
6
6
6
6
11
8
10
8
6
8
10
8
10
13
6
10
10
6
4
6
4
6
4
11
15
2
13
11
4
4
6
8
11
10
6
10
13
6
6
10
15
6
4
6
8
11
10
4
6
8
10
4
6
6
10
6
6
6
12
10
13
4
15
6
6
6
6
4
15
4
13
6
8
10
6
8
13
13
13
6
9
8
6
11
6
11
6
6
4
15
6
6
10
8
6
12
6
10
8
4
12
15
6
11
15
11
6
4
10
11
17
6
21
2
21
10
21
6
6
15
8
6
4
10
6
10
2
10
12
6
11
6
6
10
10
19
6
6
13
15
8
8
6
11
9
4
4
8
10
8
8
10
4
2
4
8
4
4
2
6
8
8
8
11
11
6
10
6
4
8
6
6
4
13
13
6
4
6
8
11
11
8
4
10
11
6
4
4
2
10
4
10
4
6
10
6
6
4
6
13
8
8
2
4
11
4
4
4
4
4
6
9
0
9
4
4
2
4
4
8
2
50
59
63
54
59
47
58
72
80
59
55
82
77
39
72
42
45
39
77
84
71
59
75
46
41
40
60
38
70
65
78
70
42
76
76
41
41
32
48
73
77
76
67
68
80
59
61
71
61
79
42
66
65
68
54
77
75
58
71
63
32
64
77
52
72
38
76
48
74
67
54
70
67
52
68
86
37
83
72
75
64
60
33
59
61
49
66
42
54
32
50
73
41
57
73
59
68
38
67
69
81
72
43
64
43
69
53
32
42
19
58
75
50
60
58
59
34
69
42
36
58
32
66
57
83
65
60
59
33
72
79
75
33
58
54
34
74
79
42
51
65
46
84
84
76
59
73
54
41
27
74
64
26
65
53
31
45
33
40
30
77
47
34
64
70
42
56
46
52
52
75
49
49
75
55
74
67
19
65
72
72
52
54
50
82
41
72
66
61
48
51
67
78
82
69
73
39
58
75
69
53
49
51
51
48
38
57
44
53
42
41
46
67
67
46
85
58
40
37
33
61
65
80
67
61
63
46
50
27
42
35
40
62
80
57
30
80
84
38
15
46
50
36
40
76
41
63
46
76
71
45
50
45
84
29
25
38
31
40
43
41
72
43
74
66
47
58
23
52
30
38
22
40
22
37
88
53
40
36
27
51
89
15
82
67
64
65
60
3
2
2
4
4
1
0
3
2
0
2
2
0
2
2
1
6
2
5
2
1
4
2
3
6
2
0
2
3
3
0
1
3
11
2
4
0
0
0
1
3
2
2
2
2
4
8
4
4
0
0
1
14
0
5
4
0
9
68
3
4
2
2
1
4
1
3
2
1
4
0
1
2
2
0
1
7
4
14
2
4
4
3
4
3
4
0
2
2
0
4
3
4
3
4
1
1
2
3
0
1
1
4
3
4
4
2
0
4
1
2
2
2
4
2
2
2
0
2
2
2
1
8
2
2
11
1
4
3
4
5
2
4
2
2
3
3
2
1
2
4
2
3
0
4
0
10
3
0
4
2
1
2
1
29
5
2
3
0
2
7
2
2
2
2
8
2
4
3
2
4
4
1
17
1
2
1
2
2
4
2
4
4
0
4
2
2
3
4
2
1
2
5
1
2
2
3
4
1
2
16
2
2
2
2
4
2
1
8
0
1
1
1
0
0
4
1
1
3
5
1
3
2
8
2
4
67
1
2
0
0
2
0
0
2
2
2
2
1
2
4
1
1
3
0
1
15
0
1
2
1
1
2
0
2
0
2
3
2
2
2
1
3
1
4
4
2
1
1
2
1
3
0
0
1
1
2
0
4
1
2
0
2
1
2
4
3
4
3
4
3
3
2
4
2
3
3
3
3
3
3
2
3
3
4
3
3
1
1
3
5
4
5
2
4
2
3
3
3
2
5
1
2
3
5
3
3
3
1
3
3
3
6
3
3
3
3
5
3
3
4
5
2
2
3
3
3
3
3
4
4
3
4
3
5
2
3
1
3
4
2
3
5
2
3
4
3
2
3
4
4
3
2
3
3
3
1
3
3
3
1
4
2
3
4
3
4
4
3
3
2
3
4
5
3
5
2
3
6
3
3
3
3
3
3
3
2
3
4
5
3
3
3
5
2
4
2
4
3
4
4
4
5
3
3
3
3
4
2
3
4
3
4
3
3
5
3
2
1
2
3
2
3
3
3
5
4
5
3
4
3
4
3
2
3
4
4
4
4
6
3
3
4
3
4
3
3
1
3
3
2
4
4
3
3
3
4
2
3
3
2
3
3
2
3
2
1
4
3
5
4
2
2
1
3
5
1
3
3
2
4
2
5
4
3
4
3
3
3
4
3
3
3
3
3
3
2
4
3
4
4
3
3
1
4
3
2
3
3
4
3
2
3
3
3
4
3
4
3
3
4
3
1
4
3
2
4
3
4
3
3
3
5
4
3
2
2
3
3
3
3
4
4
2
3
2
4
3
5
3
2
4
3
3
3
3
13
6
13
4
5
7
9
3
6
4
13
13
8
8
3
8
16
9
10
15
10
14
5
9
13
9
12
11
6
6
5
15
10
6
12
8
4
6
5
8
10
11
10
10
9
12
9
5
11
5
6
10
6
7
2
13
6
10
3
15
7
3
6
8
6
15
4
8
5
3
2
7
5
10
3
9
7
10
8
3
6
4
5
7
18
9
8
5
5
6
4
6
4
11
8
3
9
6
4
4
6
6
4
8
7
8
10
10
12
6
6
13
12
11
2
5
4
6
8
6
9
0
5
6
2
10
7
10
7
6
4
10
11
11
13
11
4
11
6
8
11
6
9
11
4
6
7
13
6
12
5
7
6
8
8
5
12
12
6
3
10
9
11
10
3
11
7
9
7
9
6
8
7
7
11
5
17
5
4
8
1
9
14
10
15
7
9
6
9
2
5
5
12
6
8
12
8
4
4
7
4
4
5
6
7
10
11
8
5
10
10
2
7
11
4
7
7
4
16
9
8
3
8
6
7
7
9
13
8
7
11
11
7
9
9
9
5
7
3
5
4
9
3
7
9
3
7
5
3
7
10
8
11
8
10
8
10
11
8
7
10
10
7
7
3
11
9
6
2
5
9
5
5
8
1
9
8
3
6
7
1
11
7
11
5
11
5
8
2
6
2
9
71
4
0
0
4
0
0
6
2
4
8
23
2
0
62
4
8
6
2
6
2
4
6
8
0
64
0
2
10
4
2
4
4
6
0
2
8
8
2
4
4
4
0
60
2
4
83
6
4
62
4
6
6
6
4
4
2
8
6
10
6
4
2
10
2
4
0
2
7
6
2
94
2
4
2
2
2
29
9
4
15
0
0
6
4
2
10
4
62
6
2
4
8
8
2
8
4
2
2
2
3
7
6
0
4
11
2
8
8
6
4
6
8
12
4
12
2
4
8
6
4
6
8
58
0
9
6
4
4
10
2
2
2
2
60
4
8
4
4
6
10
4
2
57
9
2
63
8
4
2
7
4
6
4
4
6
6
10
8
2
10
2
2
11
2
8
12
2
4
6
6
4
63
6
29
60
0
4
11
9
12
4
4
6
2
4
50
8
4
12
5
4
4
4
9
8
6
6
10
2
2
2
16
4
2
2
4
4
8
2
6
4
6
8
11
0
2
2
4
2
6
2
52
6
2
8
9
2
10
4
2
0
8
6
4
6
7
6
6
96
6
6
6
8
35
4
6
10
2
6
2
10
94
4
0
10
19
74
0
4
6
4
2
9
2
61
11
0
2
6
2
2
9
2
14
2
0
2
4
4
0
0
0
6
24
24
6
5
6
6
25
7
7
9
24
4
6
24
6
5
27
5
7
29
2
9
27
5
8
7
5
7
22
5
7
23
5
8
27
22
7
9
23
7
4
25
7
6
15
7
6
26
24
5
6
5
7
5
21
5
2
25
2
7
5
7
5
9
17
3
23
7
5
9
19
7
6
18
5
5
17
5
7
21
7
4
6
23
6
4
27
8
4
24
5
5
24
28
6
8
31
5
6
22
16
4
7
23
5
4
21
9
9
7
18
5
20
27
5
22
5
9
18
9
7
23
5
6
4
28
9
9
21
6
7
5
20
11
5
22
5
3
23
8
7
26
23
5
5
18
7
2
25
5
7
29
7
10
7
23
8
7
22
6
6
26
6
11
19
6
5
19
5
6
6
3
8
25
9
5
25
9
9
24
5
5
18
24
7
22
4
6
18
26
7
5
19
6
7
22
13
29
5
5
17
8
12
4
5
8
7
21
6
5
7
5
7
26
9
4
5
19
8
18
5
5
17
4
6
22
5
9
5
24
8
4
19
5
22
4
6
23
8
4
4
6
8
5
24
7
6
20
5
21
7
10
21
10
7
29
7
7
21
9
24
6
7
26
7
6
7
22
7
4
4
7
9
9
8
8
20
7
9
26
7
6
5
26
5
7
9
24
4
86
5
3
7
5
17
13
9
11
2
7
19
11
15
4
13
2
5
9
19
9
15
19
15
19
7
13
4
5
5
9
9
23
4
27
9
4
7
9
5
3
13
31
9
7
9
15
7
2
3
17
9
15
11
7
11
15
7
7
4
11
7
7
17
3
15
9
13
9
5
4
9
4
3
4
4
11
21
2
4
5
5
7
3
5
9
4
5
7
5
2
4
7
7
11
5
15
2
4
5
2
9
5
5
5
5
7
5
7
2
9
5
9
2
4
4
11
5
5
9
3
3
5
5
5
5
7
9
5
5
4
5
4
7
5
4
5
4
9
13
4
4
7
5
2
4
5
7
2
4
27
2
9
5
5
7
19
7
7
13
5
19
17
9
15
13
13
11
21
11
13
17
17
7
15
3
21
9
11
9
11
15
11
15
15
27
27
7
7
9
15
17
13
19
15
9
19
15
21
11
7
9
17
21
13
9
15
21
33
9
13
9
13
27
15
11
7
11
9
19
23
7
7
5
25
19
19
21
27
13
11
11
11
11
15
5
15
11
19
9
11
13
15
5
2
4
13
9
7
5
11
5
5
5
5
7
4
4
5
9
7
5
5
5
9
9
5
5
19
5
13
5
5
5
7
5
2
7
4
7
5
4
3
25
5
5
4
3
1
0
0
0
0
0
0
0
1
1
3
3
1
1
3
2
2
1
1
3
1
1
2
0
2
0
0
2
1
0
0
1
1
1
0
0
1
1
2
2
1
1
1
0
1
1
0
2
2
1
1
1
1
10
6
4
1
0
2
0
0
0
4
3
1
1
1
1
0
1
1
1
5
0
0
1
1
1
1
1
2
1
1
2
1
0
1
3
1
0
0
1
1
0
1
1
1
1
0
4
2
1
2
1
1
2
1
0
5
4
1
1
1
6
0
1
1
1
1
1
0
7
2
3
1
0
0
1
0
1
1
1
5
2
0
2
2
4
2
3
1
1
1
3
1
1
2
0
1
2
4
0
1
1
5
1
5
1
1
2
1
2
2
1
1
1
1
0
1
1
1
2
2
1
0
2
2
1
1
0
1
1
3
1
0
0
0
3
2
1
0
1
0
1
1
3
0
0
1
0
1
1
1
1
3
0
0
2
0
1
1
0
0
1
6
5
2
1
1
1
1
0
3
2
1
1
1
3
1
0
0
0
0
1
1
0
1
1
0
0
1
0
1
0
2
4
2
3
0
1
1
1
1
1
1
0
1
0
2
1
2
1
3
2
2
0
1
1
1
2
2
1
0
1
0
0
3
0
2
0
1
0
1
0
3
1
1
