2
0
2
2
2
27
2
2
4
2
2
2
4
6
2
2
2
6
0
6
4
6
4
4
2
4
2
2
0
4
8
4
0
2
2
4
2
4
6
6
4
0
2
4
4
4
2
0
14
4
4
4
2
2
2
2
6
6
4
2
6
4
4
4
4
4
2
2
2
4
2
4
2
4
6
2
6
6
4
2
4
0
6
6
2
2
2
2
4
2
4
6
2
2
4
4
6
2
4
4
2
2
4
6
2
4
4
4
4
4
4
6
2
4
6
2
4
4
0
6
4
2
4
2
8
4
4
4
4
4
4
2
4
6
6
4
4
2
2
8
25
6
4
2
4
2
2
2
4
18
2
4
0
4
6
6
6
20
8
4
4
4
2
4
8
6
8
4
6
4
4
6
4
4
4
2
6
2
2
4
2
2
6
4
6
4
6
4
2
2
4
6
4
4
6
4
8
8
6
8
4
8
4
4
2
4
0
6
6
6
2
4
4
4
8
4
2
2
4
8
2
2
2
4
0
4
2
2
4
4
6
4
6
2
2
2
4
4
4
2
2
2
4
2
6
4
2
6
2
2
2
6
2
4
4
2
4
0
6
0
0
2
0
6
6
4
4
2
4
6
2
2
4
31
2
0
2
2
6
2
2
2
4
2
4
2
0
4
2
4
2
0
6
0
0
4
0
2
4
2
2
0
0
4
2
2
0
0
2
0
2
0
0
0
2
0
0
2
0
6
0
0
0
4
0
0
2
2
2
2
3
0
2
3
0
0
0
0
2
2
0
0
4
2
2
0
0
0
0
0
4
2
2
18
2
0
2
0
0
0
2
0
4
2
0
17
0
4
4
5
0
0
4
0
0
2
2
2
0
0
2
0
2
0
0
0
4
0
2
0
0
2
2
0
0
0
0
4
0
0
3
0
2
0
2
0
3
0
2
0
2
2
2
5
2
3
0
5
0
0
2
2
0
2
2
4
0
0
2
2
0
2
6
2
0
4
2
0
2
0
2
6
5
0
4
2
0
0
0
4
2
0
0
2
4
0
0
0
2
0
0
5
0
0
2
0
2
0
0
0
0
2
0
4
0
0
0
0
5
2
0
0
4
2
0
2
0
0
2
0
2
2
2
0
0
0
2
2
0
22
2
2
0
0
2
0
2
6
0
5
0
2
2
2
0
2
0
0
0
4
2
2
2
0
3
0
0
2
4
0
0
0
0
0
0
2
0
0
0
2
2
2
0
2
2
2
5
0
0
5
0
2
2
0
2
0
4
4
2
2
0
0
0
2
2
0
0
2
2
2
4
0
4
0
0
2
15
0
0
0
26
0
28
30
22
0
0
0
0
0
0
0
2
2
2
23
34
1
60
0
0
0
0
0
0
0
19
2
29
0
0
0
47
0
3
0
12
3
7
9
24
0
22
30
0
0
0
9
0
0
10
0
18
18
0
0
16
10
19
0
0
0
0
0
32
21
6
0
16
0
20
25
23
2
0
0
15
21
0
0
20
0
0
29
0
19
20
0
4
0
0
14
23
1
21
0
18
2
22
0
16
10
20
0
14
0
24
5
24
11
74
0
0
1
20
10
22
0
15
0
10
0
35
12
17
1
0
17
23
0
21
26
2
2
5
0
0
0
24
0
0
2
34
13
0
12
13
0
11
25
7
0
0
0
1
0
0
2
0
3
24
28
3
0
8
0
35
0
7
3
13
0
0
28
0
29
12
30
14
0
0
0
0
41
0
16
3
0
0
0
0
0
5
20
0
3
10
0
33
0
15
16
16
0
0
27
0
0
0
19
0
2
8
8
0
19
0
0
0
30
16
1
0
0
0
2
0
2
0
1
18
3
0
13
16
14
0
0
11
22
0
0
2
0
0
2
10
2
4
0
0
11
2
0
13
0
0
11
0
11
12
0
13
0
0
0
1
0
0
0
0
0
0
0
7
1
2
0
0
0
3
1
10
10
0
0
1
12
0
0
4
0
0
0
8
5
0
2
5
0
0
8
8
2
0
0
9
0
0
0
5
4
2
10
3
5
0
8
0
6
3
2
3
1
0
0
10
3
5
0
4
4
10
0
5
0
0
0
2
0
0
5
6
4
0
7
3
2
6
4
2
0
2
10
0
0
8
0
0
0
8
6
7
8
0
4
0
0
5
8
0
0
0
4
8
5
7
0
0
0
2
2
3
10
1
0
0
1
0
8
0
4
7
9
0
6
2
8
10
0
4
0
0
6
0
0
2
5
0
6
2
3
0
2
2
6
5
7
0
4
0
0
7
0
2
8
0
5
6
3
5
0
0
0
0
0
0
0
0
0
7
4
5
5
2
0
0
6
5
0
0
0
2
0
2
3
2
2
4
5
2
2
7
2
0
0
0
11
0
0
8
2
0
8
0
0
2
4
4
0
6
1
3
2
2
0
0
4
6
0
5
2
0
2
5
10
0
0
5
2
0
5
4
3
0
2
2
1
5
0
0
5
0
0
2
4
0
0
8
0
8
0
3
6
0
1
8
0
2
2
2
4
2
3
5
4
0
4
5
3
0
0
1
7
0
10
9
4
4
4
1
0
0
0
4
4
4
0
2
4
8
0
3
0
8
1
4
6
2
0
0
1
6
2
5
2
6
4
2
6
4
2
6
4
4
2
2
13
6
2
4
6
6
8
5
2
7
6
6
4
2
2
6
0
8
2
17
10
11
4
6
4
6
5
6
8
13
4
4
2
5
2
0
6
4
6
2
7
4
2
6
0
4
6
4
6
0
6
2
0
4
4
5
3
5
0
8
4
4
7
15
11
6
4
4
5
4
2
5
4
4
2
15
6
2
2
2
15
2
5
3
9
8
13
6
2
4
10
4
2
5
5
6
4
0
8
4
6
4
2
4
7
5
2
4
0
4
2
4
6
4
5
4
5
10
8
7
12
6
2
9
12
10
6
6
4
4
6
2
6
2
13
8
8
14
4
3
5
2
7
6
0
6
11
4
4
4
3
7
5
4
2
8
2
2
8
10
6
4
3
3
6
4
8
6
6
6
9
4
6
4
10
10
2
6
2
8
2
4
6
8
4
6
6
11
5
6
0
7
2
2
6
10
6
4
9
5
6
5
2
6
2
4
2
6
16
15
6
6
4
5
5
6
6
4
6
4
7
4
8
6
4
20
4
4
8
7
4
4
2
2
4
5
4
5
4
6
2
0
6
4
2
8
4
15
2
6
2
0
5
6
2
5
10
6
4
10
2
7
5
4
13
2
2
4
4
6
2
5
4
8
2
4
6
9
9
6
9
9
6
9
9
4
6
9
6
2
13
15
7
13
6
7
4
9
9
9
9
6
9
7
9
13
11
9
11
13
9
17
4
4
7
4
6
11
15
0
17
13
13
9
15
6
15
11
11
17
17
11
11
13
13
19
15
21
13
8
17
8
13
9
9
17
20
7
9
56
8
16
11
22
7
21
6
15
8
18
33
30
8
9
9
14
11
26
15
13
4
4
11
15
22
13
27
28
13
13
30
19
41
13
49
13
26
15
17
30
19
36
25
26
32
34
51
9
53
42
8
21
18
28
13
21
23
34
21
32
41
6
11
11
11
7
13
2
4
6
6
6
2
4
7
4
2
6
6
2
6
9
6
6
4
6
6
9
2
9
2
7
6
7
2
4
8
4
4
2
2
8
4
2
0
2
4
4
4
4
6
6
4
4
6
26
6
2
4
23
4
6
4
6
6
6
8
8
7
6
9
8
4
2
8
6
2
4
6
0
8
4
9
4
6
4
6
4
4
6
4
15
8
4
6
4
2
4
0
2
4
2
2
4
0
6
9
4
8
5
2
4
6
2
4
4
6
2
4
6
6
6
6
4
6
2
4
9
2
6
4
4
4
6
6
0
2
2
6
4
2
4
4
4
4
13
4
6
6
6
8
16
10
10
17
24
23
18
19
17
18
24
17
9
12
9
9
21
16
11
35
21
27
14
24
24
19
18
15
9
4
2
31
23
9
9
11
24
13
13
7
23
7
25
19
34
17
7
24
22
17
17
22
23
19
28
18
7
11
17
13
15
11
6
11
7
9
16
28
13
9
8
23
11
12
7
7
15
9
24
10
25
11
11
18
23
7
4
16
21
6
23
29
9
9
9
29
11
9
6
14
11
14
13
23
7
39
24
11
24
9
9
10
15
20
33
11
19
32
5
9
17
35
19
11
12
16
16
24
11
30
41
19
11
13
16
13
22
16
16
7
44
7
31
21
25
24
27
19
11
8
11
5
25
4
37
15
19
26
33
30
18
26
21
22
39
19
11
31
26
35
13
30
16
28
29
13
17
37
16
18
13
17
16
18
19
35
2
19
11
25
17
21
10
29
22
31
6
17
13
30
27
14
18
25
14
19
35
30
14
30
20
13
25
11
12
11
20
11
15
25
19
18
4
9
27
18
26
61
19
23
22
9
30
22
25
8
11
15
33
11
20
9
16
18
12
19
15
24
11
13
24
29
23
30
9
28
27
18
20
9
20
24
17
4
21
11
16
44
23
16
18
30
32
23
11
13
19
24
15
23
0
17
35
19
13
20
19
41
19
16
4
25
9
12
3
9
16
29
43
19
10
22
21
22
14
25
32
36
6
0
18
7
19
36
13
32
48
42
31
38
24
28
25
49
9
48
36
26
35
32
27
18
27
37
21
38
38
40
29
26
23
28
15
48
2
27
31
19
21
19
27
72
29
20
27
7
28
20
39
23
25
35
8
33
45
15
20
31
22
28
36
23
25
30
19
7
16
18
18
25
30
28
41
50
23
32
41
40
33
26
34
37
21
30
29
13
22
32
25
36
30
34
26
28
31
17
20
34
15
41
39
27
21
18
28
46
14
5
23
13
50
26
30
32
36
18
34
26
29
23
16
31
18
22
22
51
31
23
45
8
36
50
35
31
28
30
52
36
28
28
25
38
36
39
23
32
44
36
42
35
20
24
32
24
22
68
45
11
31
35
23
32
34
35
28
27
13
17
37
19
31
27
45
21
44
34
28
23
26
22
43
31
13
15
26
20
22
40
35
19
16
35
20
14
36
30
24
17
21
32
34
23
37
22
39
39
27
12
16
26
35
17
22
29
18
46
16
51
42
47
17
20
42
44
34
30
32
38
26
28
33
26
32
36
27
35
31
30
39
27
33
39
26
39
26
0
20
18
30
8
41
11
13
44
77
75
30
22
27
14
66
37
9
23
48
23
66
84
82
42
51
42
52
72
82
96
50
63
67
63
88
95
66
30
45
84
71
62
59
79
54
96
91
50
36
64
49
64
53
87
84
94
54
94
87
75
56
59
42
88
66
90
57
61
81
88
66
88
44
33
39
83
86
67
52
83
60
59
98
64
41
39
43
66
62
66
85
74
88
70
92
44
26
63
58
55
78
88
71
71
58
61
84
46
37
56
55
51
92
74
50
62
77
60
49
93
28
33
41
79
61
68
65
81
96
73
65
48
47
27
60
75
62
66
53
46
89
61
63
64
76
32
26
48
75
56
65
85
81
44
58
30
46
68
46
32
76
40
46
51
74
37
80
65
47
35
78
61
53
59
70
65
50
62
57
62
52
41
39
57
52
96
71
59
81
63
76
44
33
42
60
40
78
62
83
61
86
66
37
44
32
39
38
41
35
75
42
59
22
30
26
32
56
41
28
42
58
47
52
69
66
51
69
31
29
31
35
21
71
56
72
51
21
28
52
50
61
53
39
42
70
96
40
81
80
48
70
52
37
29
30
34
47
67
60
50
55
25
34
47
23
23
35
27
21
52
85
75
52
83
59
80
19
36
45
59
89
76
87
84
70
84
67
83
30
29
38
70
84
96
58
52
62
64
83
37
25
30
56
94
84
85
76
79
12
8
14
8
8
6
6
2
6
2
22
14
6
4
6
10
8
4
6
20
6
6
8
8
12
8
10
8
8
4
8
10
8
4
8
8
6
8
10
6
2
10
4
8
6
10
4
8
6
4
6
4
4
10
4
8
8
10
10
6
6
8
10
8
10
12
4
12
18
12
8
6
18
8
4
6
8
2
4
8
8
14
12
12
14
12
14
12
2
6
6
6
8
8
18
18
8
10
6
8
12
39
10
8
8
10
10
10
8
12
6
8
10
2
8
10
14
20
12
6
8
14
14
16
12
8
4
6
12
6
8
2
6
14
12
10
8
8
14
12
6
14
10
12
18
10
8
6
6
8
18
8
8
21
12
10
10
6
4
64
4
18
8
8
8
10
10
10
6
10
6
6
2
4
12
4
8
14
4
12
14
12
8
6
10
6
12
6
4
10
6
15
10
10
8
10
12
12
6
10
10
2
8
12
22
10
16
10
10
4
10
8
6
10
8
10
4
14
8
12
10
18
6
10
6
6
6
14
10
4
6
4
4
10
6
4
6
8
14
6
12
8
12
6
6
4
10
14
6
4
4
4
0
4
10
2
6
10
6
12
8
10
2
8
6
2
12
10
6
4
4
8
4
6
10
6
18
8
4
8
4
2
4
2
6
6
8
2
