6
8
6
8
4
8
4
6
4
6
6
6
6
4
8
6
4
4
4
4
4
6
10
8
4
4
10
4
4
8
6
8
8
6
6
6
6
6
6
6
4
8
6
4
6
8
6
6
8
10
7
6
4
6
6
8
6
8
8
6
6
8
6
6
8
6
4
6
8
6
8
8
4
6
8
6
4
6
6
6
4
6
6
8
6
4
8
4
4
8
8
8
12
8
6
4
8
6
6
4
8
6
4
6
6
8
8
6
6
6
4
6
6
6
8
4
6
10
8
6
8
10
6
6
8
6
8
4
8
8
4
10
6
4
6
6
6
4
6
4
8
8
8
6
5
4
6
8
6
6
6
4
4
8
8
8
8
6
4
6
6
6
8
6
6
8
4
6
6
6
4
4
6
4
8
4
6
6
6
8
6
6
4
6
4
8
8
6
6
8
6
10
6
6
6
8
10
6
4
10
4
6
8
6
6
8
8
6
8
4
8
6
8
6
6
8
6
6
4
4
4
6
4
10
4
6
4
4
4
4
4
6
6
6
6
8
6
4
4
4
6
4
6
6
10
12
6
4
6
6
6
4
4
6
6
4
8
4
6
8
4
6
6
8
6
8
6
6
4
6
8
6
6
6
6
8
6
6
4
8
6
6
4
7
4
6
6
8
2
2
4
2
4
6
2
4
6
2
2
0
0
2
2
4
2
8
4
2
0
8
0
2
0
4
4
4
2
10
0
4
2
4
10
6
2
0
4
0
2
4
4
4
8
4
6
2
6
0
10
0
4
2
2
4
6
2
4
6
8
6
4
0
2
9
4
2
4
4
4
4
0
9
27
6
4
8
10
9
10
2
12
8
8
8
2
4
6
4
6
14
6
14
4
10
8
10
2
8
10
6
12
8
10
8
8
10
15
8
4
12
8
12
10
10
6
4
4
8
12
12
10
6
4
12
4
10
6
14
8
12
6
8
6
7
6
10
6
14
12
8
2
6
4
6
10
6
10
8
8
6
4
8
6
6
8
8
6
6
10
6
14
4
6
12
8
16
10
12
6
8
6
18
6
6
4
4
8
17
12
6
14
8
16
20
4
6
14
6
6
10
5
14
6
8
4
8
8
8
5
8
12
6
4
6
6
13
8
4
8
4
6
6
4
8
6
12
16
10
12
6
8
4
8
4
10
10
12
10
10
4
4
6
4
4
2
11
10
4
4
8
9
6
4
2
4
4
4
33
4
20
6
0
2
4
2
4
6
8
2
2
4
0
4
4
8
2
0
0
6
2
4
0
2
2
0
4
2
2
4
6
2
4
4
2
2
6
21
2
15
68
10
42
4
13
26
10
38
15
2
20
21
17
9
8
53
9
17
40
8
19
2
0
10
8
4
13
24
8
23
13
15
11
4
36
19
13
58
12
17
28
10
11
17
15
39
2
23
9
9
73
19
12
15
9
60
15
3
0
12
11
21
20
49
8
8
27
6
5
0
61
39
21
19
9
21
39
29
12
9
10
36
6
13
7
15
15
44
10
13
11
15
41
2
0
13
15
34
15
19
15
2
28
12
0
0
2
0
0
2
59
53
0
2
26
2
0
2
0
0
2
13
0
0
0
0
2
19
0
6
37
0
0
2
13
2
4
0
0
2
4
0
25
0
2
3
0
0
0
15
22
0
0
35
2
57
67
0
0
0
0
40
0
0
27
0
33
62
0
0
12
0
0
13
0
2
0
2
0
0
14
4
21
4
0
2
0
0
11
0
0
46
19
2
18
0
0
31
0
0
0
0
0
0
48
0
6
0
0
12
2
0
2
0
0
0
55
2
0
0
0
0
55
0
0
32
4
0
5
0
21
0
12
0
0
14
0
55
46
0
0
0
21
0
23
0
0
0
48
2
0
0
0
4
0
0
42
40
0
0
63
0
0
0
54
54
0
0
0
2
0
2
2
2
23
42
53
8
24
0
0
0
37
0
0
0
0
0
0
0
0
0
0
0
2
0
0
2
0
0
12
0
0
0
0
0
0
0
0
0
0
0
0
2
0
0
0
0
0
2
0
2
1
0
0
0
0
0
0
0
0
0
0
0
0
0
0
0
0
8
0
0
4
4
2
0
0
2
2
2
0
6
6
4
6
4
0
4
2
0
0
0
0
2
2
0
0
2
0
0
0
0
2
2
2
0
0
0
12
2
2
0
4
2
1
2
0
0
2
0
0
0
0
0
0
0
0
1
0
0
0
0
4
6
4
3
13
2
2
2
4
2
0
0
9
0
2
2
2
4
2
2
4
2
2
2
2
2
0
0
0
0
4
4
2
9
1
1
4
5
2
4
4
4
4
4
0
2
4
2
4
4
2
4
4
2
6
0
0
0
2
4
4
4
0
2
0
2
0
2
2
4
2
4
0
2
2
4
10
2
4
0
2
6
2
4
0
0
2
4
0
10
2
4
2
2
0
4
4
4
0
4
2
4
6
0
4
4
2
0
4
0
8
0
4
0
4
2
0
2
4
4
12
2
2
0
2
2
4
2
4
4
4
2
2
0
2
2
4
2
10
2
0
2
4
2
2
12
4
0
6
2
4
2
4
2
2
2
4
2
2
0
4
4
0
0
0
2
4
2
2
2
2
8
6
4
9
9
21
7
13
8
21
10
15
8
6
11
15
13
11
6
10
10
8
8
10
11
11
13
6
13
9
15
4
10
2
6
10
8
10
4
15
4
11
4
6
8
13
8
19
4
6
10
8
6
19
6
8
6
6
10
8
15
13
11
8
11
13
6
10
9
6
10
13
11
15
6
10
19
9
11
8
6
10
10
8
19
6
8
11
8
13
13
10
13
6
8
11
13
13
13
11
11
8
8
10
11
8
10
9
8
15
6
10
13
11
11
10
8
17
8
13
9
9
4
11
13
9
17
10
8
8
11
15
18
9
10
13
11
13
9
15
10
4
8
13
11
15
10
10
11
11
11
8
11
11
8
15
15
13
13
13
11
15
23
13
8
6
19
10
13
26
13
17
22
15
8
4
13
15
13
25
23
9
19
17
19
6
8
13
8
15
21
19
11
10
13
11
20
25
15
21
9
17
15
27
8
6
17
11
15
11
15
9
8
10
8
10
13
13
13
13
6
8
11
10
13
19
15
11
11
9
11
11
17
19
11
4
23
19
13
15
13
21
17
17
9
8
21
8
11
42
9
8
15
11
11
13
9
9
9
11
8
17
8
8
6
8
11
13
15
4
10
13
11
9
10
21
6
21
15
25
13
11
13
13
6
17
8
11
4
0
2
0
1
2
1
3
1
1
3
1
2
3
2
5
1
10
2
1
4
2
1
1
4
1
2
4
2
6
1
2
4
4
7
0
0
0
5
0
3
1
0
1
1
0
1
2
2
1
2
2
1
3
8
3
7
1
7
0
0
6
1
1
2
0
1
2
2
2
1
4
2
5
4
2
0
1
3
2
2
4
1
5
0
3
1
2
2
1
3
2
1
4
3
1
2
4
4
3
4
6
8
3
5
4
1
1
4
5
3
0
4
4
1
1
0
1
0
1
3
3
0
5
2
1
2
5
6
3
0
5
1
5
4
4
4
5
4
7
1
1
1
0
1
1
1
1
6
0
5
2
2
2
3
0
1
0
2
2
2
3
6
2
4
2
1
6
2
3
1
0
8
3
0
4
1
2
3
1
4
1
3
1
2
1
2
0
7
4
1
3
2
2
0
1
2
3
1
0
1
2
0
1
0
3
0
0
4
2
0
1
1
0
1
1
0
4
2
4
0
0
1
1
1
4
1
5
0
1
3
0
0
1
1
2
4
0
2
0
3
7
0
1
5
4
0
2
1
0
3
1
1
1
0
1
1
1
3
5
0
3
2
6
5
0
6
7
1
1
0
1
1
0
0
2
2
2
2
2
0
0
3
2
1
2
6
1
6
4
6
4
2
13
8
13
0
4
23
4
2
23
16
4
0
8
14
4
4
4
21
21
2
6
8
0
4
12
2
0
10
10
10
12
2
18
15
6
25
2
4
4
4
6
18
2
4
4
22
4
2
18
29
2
2
2
14
19
4
25
4
2
2
20
23
2
32
2
4
10
35
21
4
2
16
19
8
15
2
4
4
13
4
2
15
16
4
4
17
21
4
2
21
2
2
0
17
14
8
18
2
4
2
16
2
4
6
18
15
2
16
8
4
4
6
2
15
14
4
4
14
15
6
2
13
15
2
2
21
4
4
23
12
2
2
12
25
2
2
8
14
4
2
4
2
2
12
2
0
15
15
2
2
29
19
2
2
21
6
2
4
2
21
6
6
11
2
4
15
4
2
4
6
6
19
6
18
4
4
11
2
4
4
4
21
8
8
2
2
6
27
19
4
4
2
13
2
17
4
4
19
20
2
6
16
4
6
22
23
0
2
2
8
25
17
2
21
8
4
4
4
21
23
2
2
14
4
0
18
16
4
4
12
16
2
4
21
14
2
22
14
2
10
14
4
2
17
10
21
4
2
17
14
2
4
8
21
6
2
14
18
6
2
31
20
2
17
15
2
2
2
4
14
4
2
2
2
16
13
13
2
4
14
6
23
4
6
6
6
0
0
4
2
0
2
0
2
2
6
8
10
10
10
6
6
0
0
6
2
0
4
0
2
0
97
6
6
0
2
6
0
0
0
8
8
14
6
0
2
0
2
6
4
2
6
6
0
4
4
6
2
4
2
2
6
2
8
0
0
4
0
81
6
0
22
2
0
2
0
10
4
8
6
6
6
2
6
6
4
6
0
50
4
12
6
8
10
6
2
4
95
8
4
8
4
2
6
2
4
0
45
2
5
2
4
7
2
0
6
0
2
4
4
0
4
0
4
0
2
4
2
8
10
4
6
6
4
0
2
10
2
8
6
4
0
4
7
0
0
4
10
2
6
4
4
17
6
4
4
2
2
6
0
4
4
4
8
0
2
2
6
6
12
4
6
4
6
8
2
8
0
2
4
0
10
4
4
0
18
0
0
0
0
6
2
2
6
2
2
4
2
0
2
4
14
6
15
2
8
6
4
6
2
4
4
0
4
2
4
2
0
4
0
6
2
0
4
4
0
4
0
2
4
4
2
2
10
2
4
19
4
2
0
2
0
6
4
0
0
4
4
8
2
9
4
0
2
5
6
6
2
0
6
2
6
92
8
2
2
0
4
2
0
8
0
4
0
0
0
0
6
4
4
4
2
0
0
0
6
2
4
0
6
4
3
1
5
5
4
1
3
3
5
3
2
3
1
1
1
0
2
0
3
0
0
1
5
3
3
1
0
9
3
3
1
3
1
5
3
1
3
1
1
0
5
0
0
0
3
3
1
0
0
7
0
0
1
0
3
0
0
1
3
2
1
5
5
3
7
3
1
1
3
1
0
3
0
0
5
1
5
1
1
3
3
3
1
3
3
1
5
0
1
4
0
0
3
3
2
2
1
5
2
1
3
1
3
1
1
5
0
0
3
21
0
3
1
1
1
3
0
0
1
7
3
7
1
4
5
2
1
3
1
1
7
1
3
1
0
7
1
5
0
1
1
3
1
1
3
2
3
0
1
1
1
3
1
5
7
0
5
5
3
0
3
3
5
1
1
2
0
1
5
1
0
1
0
0
1
0
0
3
3
3
1
5
1
3
1
5
1
3
2
4
23
5
1
1
3
0
3
3
3
3
26
0
3
0
0
1
0
1
5
5
3
3
5
7
1
5
1
0
1
0
4
7
1
0
1
3
0
0
0
3
3
1
1
1
1
3
3
5
3
3
1
1
1
3
2
5
7
3
1
1
3
0
3
0
3
5
1
3
3
3
1
5
3
0
3
0
7
5
5
0
1
3
0
2
1
0
5
1
0
5
3
5
3
0
0
1
5
1
3
7
13
3
33
5
5
52
5
5
13
23
3
3
5
13
44
7
21
3
11
68
5
7
5
7
47
2
11
7
5
9
66
2
3
7
56
54
5
70
7
23
37
3
59
5
13
5
13
5
91
3
21
5
5
29
13
23
19
19
13
11
7
7
5
9
17
3
11
5
3
45
7
7
41
13
9
7
13
5
49
7
13
64
50
37
5
5
7
2
9
11
7
7
56
3
7
7
3
7
23
2
11
5
3
13
3
9
9
7
3
7
3
3
21
7
3
9
5
23
7
3
3
11
3
7
7
45
0
2
7
51
21
5
11
13
7
13
5
5
2
5
9
5
9
9
7
5
7
7
3
5
43
3
2
60
5
37
35
27
3
27
3
37
5
72
5
9
49
7
11
34
2
11
13
15
3
5
13
5
11
15
47
7
86
5
11
23
5
9
43
66
9
9
11
52
11
13
3
9
68
11
7
52
9
13
55
9
5
3
9
9
60
9
7
17
9
3
90
50
5
47
3
3
3
7
31
5
42
7
3
3
9
9
11
64
41
19
7
9
9
7
5
9
7
11
41
2
73
37
7
7
7
9
9
7
15
15
17
7
13
13
17
15
19
21
11
7
17
21
15
35
27
25
13
19
15
56
19
11
13
25
5
13
23
9
15
11
