0
2
2
2
0
2
2
4
2
0
2
2
6
0
2
5
2
2
2
4
2
2
2
0
2
0
2
0
0
2
2
2
0
0
0
0
2
0
0
0
2
0
2
2
0
0
2
0
2
2
2
5
0
0
2
2
0
0
0
0
2
0
0
2
2
0
2
2
2
2
1
2
0
2
2
2
2
2
0
0
0
2
2
2
0
0
1
2
0
2
2
2
2
2
2
2
1
2
2
2
0
5
2
2
2
2
2
2
0
0
2
0
2
2
2
0
2
0
0
2
0
2
2
2
2
0
2
2
2
2
2
2
0
2
2
2
6
2
2
0
2
2
2
4
2
2
2
0
0
5
2
2
2
2
5
2
0
2
2
0
2
0
4
2
2
7
2
2
0
2
0
2
2
2
2
0
0
7
0
2
0
2
2
0
7
2
2
2
2
0
0
2
2
2
0
0
0
0
4
2
2
7
0
0
2
0
2
0
2
2
2
2
0
0
2
2
2
0
0
0
6
0
2
0
0
0
2
0
0
0
2
2
0
2
2
0
0
5
0
0
5
0
0
2
2
2
2
2
0
2
2
2
2
3
2
0
2
0
2
0
2
2
2
2
0
5
0
2
0
0
5
0
1
9
0
2
2
0
2
0
1
0
0
0
2
2
2
2
7
8
8
12
6
13
6
8
0
8
2
2
2
4
2
6
6
6
4
6
2
0
2
2
6
8
2
4
8
6
9
11
6
6
0
9
9
2
4
11
10
6
6
4
8
10
2
6
2
11
52
6
8
6
4
8
2
9
8
6
12
12
12
13
6
8
8
12
10
9
7
10
12
12
16
12
10
8
10
8
6
10
10
14
15
13
10
8
12
10
7
17
14
12
6
6
15
19
16
8
10
4
6
15
6
16
21
6
22
14
20
10
8
12
9
6
14
12
31
11
20
4
6
11
15
6
13
12
8
13
15
18
12
14
14
4
15
12
12
12
12
14
19
4
15
17
15
13
19
16
14
8
16
15
6
10
15
11
8
15
17
12
21
16
12
19
19
15
12
8
15
9
10
8
15
13
16
15
12
8
4
6
4
5
6
21
17
19
12
27
6
4
20
13
16
14
23
9
10
13
14
8
17
12
10
10
23
13
17
21
15
17
19
8
10
16
10
15
6
9
10
8
8
15
12
12
6
9
9
6
13
8
12
23
14
6
4
8
11
9
81
11
6
6
6
8
6
8
21
2
14
6
10
6
6
11
10
6
7
6
6
6
6
6
0
8
5
6
7
8
4
0
6
6
4
6
2
2
0
4
0
6
8
4
13
10
6
6
2
2
0
6
0
6
0
0
0
2
4
0
2
2
0
4
2
1
4
2
0
4
0
2
4
2
6
0
0
2
77
2
0
0
0
2
4
2
0
2
4
1
4
2
2
0
2
5
2
4
2
4
0
2
13
2
9
4
2
5
3
4
4
0
4
0
9
2
0
7
11
2
2
4
4
4
2
2
0
2
2
2
2
0
6
4
2
0
4
2
0
9
2
2
2
2
0
2
0
0
0
4
0
4
5
2
2
2
2
0
2
9
6
2
0
4
2
2
4
4
2
0
2
2
8
2
6
7
2
2
4
7
4
4
0
2
2
0
2
0
2
2
2
2
2
2
0
2
8
2
0
0
0
4
0
0
0
5
0
2
2
2
2
2
15
4
0
0
0
2
2
4
2
0
2
4
4
2
2
0
0
2
6
15
0
2
2
4
0
2
4
2
0
2
4
4
2
0
2
2
0
0
0
0
0
4
2
0
0
4
2
4
0
0
2
0
6
0
4
1
5
1
15
2
2
2
2
0
2
2
2
0
2
2
5
0
2
0
0
0
1
2
3
0
4
4
2
0
0
5
2
2
2
2
2
2
19
0
1
0
3
2
2
2
2
2
2
0
2
2
0
3
14
3
3
3
2
2
2
2
2
2
0
2
1
2
12
3
2
7
4
2
8
10
5
9
7
4
6
7
2
3
4
5
8
8
4
2
5
4
12
13
3
11
5
0
2
12
4
7
4
6
11
1
7
2
2
7
4
4
7
4
8
6
5
7
10
10
4
6
4
3
5
3
6
0
8
7
1
10
4
7
11
2
4
2
3
4
4
6
5
0
3
0
8
2
13
4
3
4
5
5
12
7
5
3
7
7
12
8
7
1
2
4
7
8
4
4
14
2
2
5
16
5
8
2
5
6
4
6
0
5
5
6
9
7
4
5
3
4
9
5
5
1
2
4
8
5
1
7
2
6
6
3
3
7
5
4
5
4
5
4
10
9
1
5
4
6
15
7
4
6
6
4
3
4
3
7
7
6
7
7
5
2
4
4
10
4
9
5
7
4
5
7
1
8
2
4
11
6
7
4
4
9
13
5
6
5
2
2
5
6
11
5
4
4
13
5
3
2
6
7
5
8
6
3
8
2
6
6
2
5
6
4
2
13
4
4
2
9
1
4
2
3
11
4
8
7
4
11
5
4
2
7
5
1
10
4
8
7
5
3
4
2
7
11
7
5
4
2
2
2
5
2
10
11
4
1
5
8
6
5
4
8
3
6
5
4
2
8
3
8
3
4
6
4
4
8
6
8
9
4
2
3
5
9
13
5
13
11
7
5
13
19
15
11
19
7
5
3
7
17
9
7
11
5
17
13
3
7
5
5
2
13
11
11
17
19
7
15
7
15
9
21
19
19
21
23
0
15
9
7
15
15
13
7
13
17
9
19
5
13
15
7
15
11
11
17
15
27
5
17
11
13
11
54
15
9
13
21
17
15
13
13
9
17
3
17
15
17
19
5
11
9
19
29
9
11
9
13
17
9
13
7
5
58
23
15
17
25
15
9
7
19
17
9
13
5
11
7
11
13
25
21
13
17
9
17
3
17
25
37
5
11
17
15
23
15
21
9
13
5
5
9
23
15
7
9
21
19
7
13
29
25
13
11
25
15
21
9
27
13
31
31
27
23
19
19
11
19
15
11
15
27
7
15
9
15
5
19
21
19
19
29
13
33
19
17
15
15
25
9
17
13
19
5
21
17
5
9
15
9
11
19
21
17
27
9
21
31
27
31
13
3
5
21
7
17
39
21
27
24
9
33
3
17
11
31
2
17
11
25
29
19
9
31
3
5
19
31
23
3
23
13
15
25
17
11
9
19
23
19
17
17
21
25
7
5
13
7
13
7
13
23
15
17
11
19
7
7
29
15
13
5
17
27
3
29
5
23
13
13
7
17
17
11
11
9
17
15
11
11
19
5
0
0
2
4
2
4
4
4
6
4
15
2
4
2
2
2
97
6
4
0
2
2
0
8
0
8
2
0
4
0
2
6
0
2
2
0
6
2
2
2
4
2
2
2
4
6
2
4
4
2
0
2
0
0
0
0
2
2
2
4
4
2
0
2
2
2
2
4
35
4
0
2
4
2
0
0
2
2
6
4
0
2
2
6
2
0
4
4
0
2
0
2
6
2
2
0
0
2
6
0
0
4
8
0
2
2
4
2
4
4
2
4
4
4
4
4
6
2
2
4
4
2
4
2
2
2
2
2
2
2
2
0
12
0
8
4
2
2
0
2
2
2
2
2
2
0
4
6
4
8
6
4
4
4
2
2
0
2
2
4
2
2
2
6
2
0
0
2
0
4
0
0
2
2
0
0
4
4
4
6
6
6
2
10
4
0
0
4
2
2
1
2
0
2
2
2
0
4
2
2
0
4
4
4
0
4
2
0
2
2
2
0
4
0
0
6
2
0
0
0
0
2
2
4
2
0
4
4
2
0
2
2
2
2
2
2
2
2
0
2
2
2
4
0
2
2
2
2
2
2
2
8
0
2
2
2
2
2
2
0
2
2
0
2
4
4
2
4
2
0
0
0
4
2
0
0
4
2
0
0
0
4
2
2
2
6
4
4
27
27
25
27
38
2
38
9
38
29
8
22
17
12
27
21
19
56
21
32
13
19
11
25
34
17
32
17
37
8
30
45
25
30
31
21
15
19
23
40
12
12
37
19
29
24
27
11
13
79
26
32
17
29
13
34
28
37
13
17
13
19
21
48
17
15
15
32
15
32
25
31
25
37
50
27
33
13
30
24
19
15
9
30
36
19
21
25
8
27
32
33
15
17
10
35
31
29
27
13
39
17
29
17
13
29
10
14
31
27
18
17
34
23
17
20
11
45
37
15
60
23
27
29
26
31
38
30
40
15
40
31
15
56
34
33
46
33
33
15
34
47
38
23
34
14
17
10
44
44
13
24
30
32
10
23
31
38
50
27
27
29
32
19
50
12
38
27
11
40
15
52
19
15
23
25
25
15
23
21
40
36
29
42
19
46
19
39
23
17
27
42
27
36
27
31
44
22
40
38
32
23
15
25
31
36
32
22
23
33
26
37
47
33
25
42
19
19
33
39
20
27
44
34
33
18
27
42
50
46
46
58
13
19
34
19
42
44
26
39
28
17
24
31
36
24
15
54
20
17
25
35
44
27
40
27
29
15
46
17
29
22
37
25
27
39
19
48
23
11
29
15
31
36
26
37
59
21
21
19
15
21
21
28
17
13
19
15
38
0
0
0
0
4
37
23
11
29
55
39
37
0
0
0
0
0
23
32
50
71
45
35
30
24
0
0
0
4
0
41
61
0
0
0
0
0
0
0
0
3
36
30
62
38
56
42
0
0
0
0
0
3
44
0
43
54
0
1
33
2
0
0
0
3
0
0
27
42
0
27
0
0
0
0
0
5
58
76
0
28
0
0
0
0
1
0
0
3
29
32
2
0
25
24
35
30
0
0
0
2
22
22
35
36
46
47
0
41
0
0
0
0
0
0
0
73
53
34
38
0
25
0
0
2
15
39
43
70
22
2
20
5
27
34
0
0
2
58
2
0
63
4
31
0
0
0
0
3
24
24
29
31
46
35
0
35
54
0
0
1
22
0
60
0
44
17
0
0
0
0
0
4
0
34
34
0
23
43
2
0
25
2
0
1
17
22
0
0
24
30
37
30
24
38
0
5
0
0
27
89
37
0
0
0
0
0
0
5
46
36
0
81
38
0
19
27
0
0
0
0
24
15
0
0
7
0
35
42
29
0
0
0
0
35
41
1
46
27
0
2
2
0
0
47
35
29
0
0
61
2
24
0
32
27
0
0
0
32
43
38
46
25
2
13
65
0
30
0
24
23
0
70
38
15
3
52
36
14
0
66
84
55
52
0
0
0
0
0
2
2
0
4
0
0
2
2
2
2
2
0
2
2
4
2
2
0
4
4
2
4
4
0
4
2
2
0
2
2
2
4
2
0
4
2
0
0
2
2
2
2
2
0
0
0
2
0
0
0
2
0
2
4
2
4
2
0
2
2
0
4
2
0
0
4
6
0
0
0
0
0
2
0
4
4
0
2
2
2
4
0
4
2
10
2
0
4
2
2
0
2
4
2
2
2
2
0
6
2
0
0
2
2
4
6
0
4
2
0
2
6
4
2
0
2
0
0
2
4
0
0
4
2
4
2
4
6
6
2
4
2
4
4
0
4
2
4
4
2
2
2
0
0
0
0
4
2
2
2
2
2
0
4
2
4
0
0
2
2
2
2
4
4
2
2
4
2
0
0
8
2
0
0
2
0
2
0
0
6
4
0
2
4
0
4
4
2
0
0
0
6
2
0
4
2
4
6
2
0
4
2
4
2
2
2
2
0
2
4
4
4
2
2
0
4
2
0
4
4
0
0
2
4
4
4
0
2
0
0
0
0
4
0
0
0
2
0
0
0
0
0
0
0
0
4
2
2
2
0
2
0
2
2
2
2
0
0
0
0
2
0
4
0
0
0
2
0
4
2
0
2
4
0
0
4
4
0
0
2
0
0
0
0
2
4
2
3
0
19
1
0
11
6
16
9
0
2
0
3
1
8
0
1
11
0
6
10
2
0
7
0
1
0
0
0
41
13
11
13
0
3
0
0
2
15
17
0
0
16
2
0
24
11
0
2
15
3
20
0
2
3
9
1
19
5
13
16
17
0
16
1
2
15
12
0
16
1
5
1
3
13
10
0
1
4
0
3
14
3
11
0
12
0
12
1
0
11
0
8
30
0
3
9
4
13
1
16
1
0
2
0
2
0
14
5
1
0
20
3
0
8
3
0
0
1
0
17
0
3
0
1
3
0
1
1
16
1
0
0
12
8
12
0
0
1
0
0
0
11
32
0
20
19
1
0
3
0
20
11
0
18
3
17
1
12
1
0
14
3
18
4
13
0
26
2
0
1
1
3
12
11
1
0
13
1
24
3
5
21
0
3
0
15
3
14
2
17
1
15
1
0
1
23
1
0
30
11
3
19
6
0
2
13
0
1
5
12
3
0
16
5
12
16
0
16
1
4
3
2
16
0
0
1
14
2
14
3
22
34
0
0
0
2
11
3
1
0
1
0
3
3
1
0
1
0
4
0
1
0
0
0
1
4
0
0
1
0
4
0
0
3
1
0
0
0
1
1
0
0
0
0
0
0
1
1
0
1
0
0
1
3
24
0
