0
4
0
4
2
0
2
2
0
4
2
2
0
0
4
2
4
2
0
4
2
2
0
0
2
0
2
0
4
2
2
8
4
2
2
4
0
2
2
8
0
2
0
0
2
0
4
0
0
0
2
4
2
4
2
0
4
6
0
0
0
4
82
0
0
0
6
4
0
0
4
0
2
2
4
0
6
0
2
51
0
0
2
2
6
2
4
2
8
0
2
4
4
0
6
8
0
2
2
2
0
4
2
0
2
2
8
2
2
4
4
2
2
0
0
0
0
2
0
2
2
2
4
2
0
2
6
2
6
2
2
4
2
0
4
4
2
0
2
2
0
0
0
0
2
8
0
4
0
4
4
6
2
2
2
2
0
6
0
0
2
4
0
2
2
2
0
0
0
2
0
0
2
0
4
2
0
0
0
4
4
2
4
2
2
4
2
2
2
0
0
0
0
0
2
4
0
0
2
2
4
0
2
6
4
4
0
2
4
2
2
0
4
4
0
0
0
2
2
0
0
2
2
0
4
0
0
2
4
2
2
0
0
2
2
89
4
4
2
6
2
0
2
0
4
2
2
4
0
0
0
2
2
2
0
2
0
6
4
2
0
2
2
4
6
4
4
2
4
0
0
0
0
10
4
2
0
2
2
2
4
6
2
4
2
0
4
4
6
0
8
2
4
6
6
6
6
2
2
4
0
2
2
2
2
4
4
4
0
6
6
2
0
0
2
2
4
2
0
42
2
0
6
0
0
2
6
2
4
4
4
2
2
0
4
2
0
0
6
4
4
6
2
0
0
0
6
6
2
0
44
2
4
2
2
4
2
2
58
4
4
4
2
0
2
2
2
4
2
0
8
2
2
2
2
0
2
4
0
4
0
0
6
0
2
4
6
6
6
4
4
2
6
6
2
4
2
52
2
4
0
2
0
2
0
2
4
0
40
4
2
4
2
2
2
0
57
6
0
2
2
8
2
4
2
0
2
2
0
4
4
2
2
2
2
4
4
0
6
0
8
6
2
4
4
0
0
6
4
2
6
2
2
4
2
4
4
0
2
10
2
2
0
2
2
6
2
0
0
0
2
4
2
2
6
2
48
2
4
4
0
0
2
4
2
4
2
0
8
4
2
0
2
2
0
4
4
2
4
2
6
2
0
0
4
0
46
8
2
44
2
0
4
6
4
4
0
2
8
2
6
4
6
4
6
6
48
0
2
4
4
4
6
0
2
0
8
4
2
0
0
4
2
2
8
4
0
2
8
4
0
0
6
4
10
0
2
4
2
0
4
4
4
4
2
0
99
2
6
2
4
0
2
4
0
10
28
42
35
37
41
40
4
5
34
28
34
2
33
6
36
30
18
42
43
0
21
33
16
2
47
7
2
36
37
31
38
70
0
42
27
52
2
70
40
36
42
0
41
21
34
3
27
27
43
37
2
41
39
49
42
11
58
0
29
35
33
3
44
23
41
0
45
33
43
38
24
46
29
42
35
39
36
43
48
33
4
62
31
35
31
19
42
30
22
69
36
41
35
35
40
39
42
64
2
72
6
41
28
34
4
26
49
38
9
4
36
36
61
36
25
33
12
33
18
40
4
4
48
38
2
2
52
79
2
42
40
54
64
0
26
34
5
63
28
34
39
60
4
41
24
37
39
14
0
16
34
22
4
4
31
42
51
0
37
25
30
2
36
31
47
4
31
30
9
2
25
41
5
27
34
36
2
2
63
7
0
22
27
41
29
35
32
36
53
2
41
47
12
44
44
2
4
47
35
0
40
34
26
4
40
58
5
34
11
43
34
29
0
31
32
52
2
11
39
2
32
2
38
30
32
29
2
55
38
25
0
37
14
54
4
2
20
27
4
69
46
26
2
57
0
29
9
26
33
31
18
4
23
4
29
4
45
40
36
6
22
9
32
58
39
9
47
44
44
4
2
12
61
51
59
8
21
4
44
4
31
4
21
16
47
51
35
39
0
2
2
2
0
4
0
0
2
2
0
2
4
0
2
0
2
2
4
0
2
2
2
0
0
0
4
2
4
0
2
4
0
2
0
2
2
4
0
2
2
0
2
2
2
2
2
2
0
2
0
2
0
2
4
0
2
2
0
0
0
2
2
2
2
0
0
0
0
0
2
2
0
0
2
0
2
0
0
2
2
2
2
2
2
0
0
2
0
4
0
2
0
4
2
2
2
2
0
2
0
0
4
2
0
0
4
0
2
4
2
0
0
0
2
2
2
2
2
0
2
2
0
2
0
2
0
2
0
2
0
2
4
2
0
2
2
2
2
2
2
2
2
0
2
2
2
2
2
0
4
2
0
4
4
4
2
2
2
2
2
4
2
2
0
2
2
2
2
2
2
2
0
2
2
2
2
2
2
2
2
2
2
2
2
2
2
0
2
2
2
2
0
2
2
4
2
0
0
0
2
2
2
2
2
0
4
2
2
2
2
2
0
2
0
2
0
2
2
0
2
0
2
2
2
0
2
2
2
2
0
0
2
2
0
2
2
2
2
2
4
2
0
0
0
2
2
0
0
4
2
2
2
2
0
2
2
0
0
0
2
2
2
4
0
2
2
2
2
2
2
2
0
2
0
0
2
2
2
2
2
2
2
2
0
0
4
2
1
3
0
1
3
5
9
5
1
3
0
0
1
3
1
5
1
1
0
5
1
0
1
1
1
1
3
1
1
3
5
5
3
5
1
1
1
1
1
5
5
1
3
3
0
5
1
7
3
3
5
0
0
1
1
0
0
7
1
3
0
3
1
2
0
3
4
1
7
1
4
3
1
3
5
1
1
1
9
1
3
0
3
0
3
5
3
5
3
4
9
4
5
0
3
3
3
5
2
0
4
1
3
3
3
5
9
2
0
3
0
2
3
4
5
0
2
7
5
3
4
3
4
1
3
6
1
3
3
4
2
0
3
5
5
3
0
1
3
3
3
3
0
3
3
3
0
0
5
1
3
3
3
0
1
2
2
3
1
0
3
1
1
7
1
3
5
3
1
3
1
7
3
1
5
5
1
1
3
3
5
1
3
0
0
1
1
0
3
1
3
5
3
5
3
1
7
1
0
7
1
1
5
3
3
3
1
7
1
3
5
3
1
0
3
0
3
5
0
3
3
1
3
1
1
3
1
0
3
3
7
3
7
3
3
3
3
5
5
3
5
3
1
3
0
0
0
1
5
3
5
3
1
3
0
1
1
3
1
7
3
3
5
3
0
1
5
3
1
3
5
1
3
3
0
5
3
1
0
3
3
1
9
3
3
5
1
3
19
14
33
16
18
35
26
29
36
41
14
9
10
21
15
31
28
46
30
25
27
21
30
23
43
16
16
24
21
33
25
12
26
52
26
25
14
24
44
18
45
27
35
35
46
27
37
21
24
54
19
29
32
44
36
50
34
46
44
53
34
51
40
50
72
56
31
50
50
43
56
46
36
58
46
54
72
54
55
58
55
56
57
41
45
53
50
48
54
50
34
70
47
43
56
30
68
52
43
51
31
54
48
29
65
21
57
61
42
49
56
58
48
20
28
53
60
31
25
63
21
33
52
65
32
53
24
45
35
37
58
66
41
60
48
27
60
52
35
43
28
46
41
53
51
21
28
27
53
48
33
50
73
40
36
40
50
37
42
29
52
33
33
46
54
24
52
56
60
45
33
38
45
53
47
37
48
56
48
52
47
44
42
57
24
46
20
58
36
23
48
35
50
47
25
29
26
41
48
45
46
58
46
49
51
49
43
47
48
51
56
47
44
37
60
50
47
30
51
38
55
41
59
51
38
43
49
37
45
50
40
44
48
47
36
42
47
32
50
42
45
30
30
36
50
50
48
53
43
43
52
40
78
48
33
42
45
60
43
50
35
44
51
52
38
33
39
41
24
20
52
48
52
49
64
33
37
24
22
39
55
53
53
23
56
61
53
37
8
8
14
10
10
6
17
17
6
15
6
8
29
10
13
12
13
12
15
13
15
12
8
8
12
13
14
8
8
15
17
56
15
6
15
12
12
21
4
25
12
10
23
10
8
6
12
8
26
33
21
15
13
15
21
23
12
29
6
17
24
15
8
21
12
15
14
17
13
15
15
13
21
19
10
8
12
21
17
17
10
21
29
10
8
6
15
13
8
21
8
21
21
19
21
10
10
17
23
8
12
15
14
25
14
23
15
8
4
6
8
27
25
19
2
38
19
23
25
4
8
13
43
21
17
19
4
23
12
21
29
21
17
6
23
11
12
15
13
10
17
14
8
47
20
29
11
10
12
15
10
8
29
38
33
21
27
8
25
17
10
8
23
15
8
10
56
4
9
6
17
12
17
17
4
14
15
15
19
44
8
13
15
4
8
6
19
6
17
25
6
8
6
14
6
17
8
10
15
23
17
12
10
6
4
8
17
15
25
15
19
6
29
12
23
14
15
6
14
13
17
10
21
19
21
8
21
11
23
12
33
21
11
15
23
14
12
29
15
13
14
15
12
27
17
21
10
6
29
17
33
6
17
17
14
12
6
10
17
10
14
17
21
6
14
21
10
8
8
13
12
6
13
2
12
8
17
15
8
4
19
12
10
8
17
8
19
6
6
6
0
6
0
6
0
4
6
6
2
6
4
4
0
0
4
8
4
6
6
2
4
0
6
4
4
6
0
0
4
6
2
6
6
8
0
4
6
4
0
0
4
4
4
0
0
10
0
4
0
4
2
0
6
6
4
0
6
4
6
4
0
0
0
2
4
2
4
2
2
4
6
4
4
0
4
0
4
4
0
0
0
6
4
4
4
0
4
0
4
4
8
4
4
0
6
6
0
4
2
0
4
4
6
4
2
6
0
4
0
2
6
4
4
6
2
4
4
4
0
4
4
4
6
2
4
0
6
6
0
0
0
6
2
2
2
0
4
2
0
6
2
0
6
2
4
0
0
4
0
2
6
4
2
4
4
0
0
0
0
0
6
2
4
4
0
2
6
6
0
4
4
4
2
6
0
0
0
6
4
4
6
0
6
4
4
6
4
4
6
4
0
4
4
4
4
4
6
4
6
6
0
4
4
4
0
6
6
0
0
4
6
4
6
2
4
4
0
6
6
6
0
2
2
4
4
6
4
0
0
0
2
2
0
6
6
0
6
2
4
4
0
4
2
6
0
2
2
6
6
6
4
2
8
4
4
0
4
4
2
0
0
4
2
4
0
0
0
2
0
2
6
0
4
4
4
4
4
4
0
4
2
4
0
6
0
4
4
14
76
4
4
6
2
6
2
12
12
16
4
12
4
6
12
4
54
6
12
70
6
10
6
4
6
10
2
48
2
2
67
8
6
4
12
10
8
2
8
55
8
6
56
4
10
12
4
0
8
6
6
12
2
8
8
0
0
61
4
12
2
10
10
4
8
89
4
12
4
4
2
6
8
8
2
10
12
4
2
73
4
2
8
13
4
10
2
12
4
4
4
14
4
6
10
10
10
8
8
21
12
4
10
10
6
12
2
6
8
10
4
67
6
6
10
12
83
2
4
59
12
20
6
4
10
10
6
13
6
0
73
23
10
10
10
6
10
6
9
8
12
14
10
24
11
4
0
2
10
19
8
10
8
76
6
10
2
4
6
10
57
8
4
23
10
6
8
12
13
4
10
56
6
2
4
8
16
4
4
90
8
8
8
2
8
2
4
4
10
8
6
4
4
8
10
14
11
10
12
8
4
6
4
2
4
6
6
4
6
8
13
2
4
6
40
4
8
86
4
4
71
14
4
10
2
8
2
8
6
9
4
4
8
71
4
2
4
2
2
4
7
8
8
32
7
10
10
6
11
0
8
6
31
4
4
3
4
8
2
7
58
2
6
47
4
6
4
8
5
6
6
2
4
4
7
12
6
4
2
14
6
4
6
8
4
0
0
0
0
0
11
16
11
40
25
18
0
0
0
0
0
0
16
24
1
12
0
0
0
0
0
0
0
0
17
22
8
27
0
0
0
0
0
0
0
0
19
27
32
59
73
0
1
0
0
0
0
0
14
14
11
25
21
25
0
0
0
0
0
0
5
39
87
41
70
0
0
0
0
0
0
0
4
14
12
64
32
0
0
0
0
0
0
0
16
2
20
43
22
16
22
0
0
0
0
0
9
7
20
19
31
0
15
0
0
0
0
1
15
17
5
0
35
27
0
0
0
0
0
0
0
11
3
11
28
22
19
0
0
1
0
0
29
13
8
29
8
14
17
0
0
0
0
0
9
14
48
25
31
26
0
0
0
0
0
0
1
26
25
23
23
18
18
29
0
0
0
5
20
0
27
18
63
14
9
0
0
0
0
0
24
26
18
44
26
22
0
0
0
0
0
0
1
10
0
85
27
17
12
0
0
0
0
0
7
11
19
42
41
14
23
0
0
0
0
0
12
14
33
39
64
9
19
0
1
0
0
0
4
16
0
54
1
0
9
19
14
19
0
3
11
16
32
39
0
11
47
33
5
12
13
10
1
5
1
6
18
13
1
0
5
7
17
11
9
12
16
0
9
11
37
7
1
18
0
19
11
14
25
15
21
13
38
13
