4
4
2
4
4
4
4
4
2
4
4
6
2
6
0
0
6
2
2
0
4
4
4
8
0
2
8
8
6
0
4
2
8
4
4
10
0
2
4
2
2
4
0
0
8
2
2
6
2
4
4
2
2
6
4
0
4
2
2
2
2
6
2
0
4
4
0
2
2
8
0
4
12
4
0
2
0
4
8
4
2
2
0
2
4
6
10
2
6
2
4
6
6
4
2
2
10
15
2
4
6
12
2
2
4
4
4
4
0
4
6
2
2
4
2
8
4
6
6
8
4
4
0
6
6
14
0
0
0
6
2
4
4
2
8
4
4
0
6
6
4
2
8
8
2
4
13
4
6
8
2
12
2
4
2
4
8
8
4
4
1
2
6
0
4
2
14
2
2
4
2
8
2
11
6
10
2
4
8
6
0
0
4
10
0
6
0
6
4
6
6
2
2
4
2
2
0
6
0
4
4
4
8
6
12
2
4
2
4
2
6
6
0
2
0
2
10
2
4
4
4
4
4
4
4
4
4
6
11
4
6
2
4
4
4
6
2
4
4
4
8
2
6
4
4
4
4
2
6
10
2
4
12
2
0
4
2
2
0
4
0
0
2
4
2
2
4
4
6
10
0
2
2
2
8
4
4
2
6
4
2
6
4
4
4
8
2
10
6
4
8
8
15
7
8
8
4
2
6
0
2
2
4
2
13
2
4
4
6
8
2
4
12
12
0
2
4
2
10
10
4
10
4
12
10
2
2
2
8
4
17
2
12
6
4
10
10
6
32
10
6
8
4
8
8
8
19
8
10
2
6
8
6
14
6
23
8
14
25
8
35
25
12
10
12
19
8
23
21
8
17
23
23
10
12
8
15
15
10
8
21
10
10
8
12
17
8
6
29
11
14
37
13
21
23
23
14
23
15
10
11
14
10
8
6
19
19
17
8
4
6
8
13
10
25
8
15
19
12
10
23
12
15
8
23
13
4
17
23
23
19
6
14
10
25
23
42
13
4
4
10
25
8
14
8
37
10
23
12
15
21
14
48
14
17
8
39
10
10
34
17
15
25
27
13
21
23
8
27
8
17
15
8
14
17
17
8
6
6
10
4
11
8
23
2
23
12
8
0
4
4
8
10
8
12
11
15
2
6
10
2
8
4
6
31
14
4
6
6
8
2
14
8
4
21
10
8
10
6
6
10
10
12
6
8
12
4
8
4
6
10
4
4
8
15
6
8
2
4
4
4
6
0
2
0
8
14
15
2
2
2
12
6
4
2
4
8
15
4
8
2
2
2
8
4
4
2
11
13
2
6
2
10
4
9
6
7
2
2
17
5
7
5
3
2
2
0
3
3
3
3
3
2
2
2
2
2
2
5
1
3
0
2
2
2
3
2
2
3
2
5
0
0
3
2
5
5
2
3
0
2
3
3
3
0
2
3
0
3
2
7
2
3
2
3
2
3
2
3
2
5
2
2
3
0
2
2
3
0
3
1
2
3
2
3
2
3
2
5
3
3
0
2
2
3
0
17
2
2
3
2
2
0
2
17
5
2
3
3
2
3
2
2
2
3
5
5
13
3
2
2
3
0
3
3
3
2
2
2
2
2
3
2
0
7
0
2
2
2
3
3
2
2
5
3
2
2
2
5
3
3
3
2
2
2
3
2
0
5
5
2
2
2
17
2
3
0
9
3
0
2
0
2
2
3
5
7
3
2
2
3
3
2
3
2
2
5
15
2
0
2
3
0
9
3
3
2
2
2
5
5
2
2
5
5
11
2
2
2
3
3
3
3
3
2
2
3
2
3
3
3
2
3
3
2
0
5
5
2
3
3
2
3
3
3
5
2
2
3
3
2
2
2
2
2
2
5
0
7
5
2
3
3
5
0
5
5
5
2
5
0
0
2
17
2
3
3
2
5
3
3
3
2
3
3
2
3
0
5
7
3
3
0
0
5
5
0
5
2
2
13
2
3
0
6
10
4
10
6
4
8
4
8
6
10
4
8
6
6
8
4
8
8
10
4
11
4
8
3
6
10
8
10
9
11
15
8
6
8
13
15
14
10
8
10
9
8
10
8
10
10
10
9
8
10
12
4
6
8
7
4
7
8
8
8
4
8
7
13
8
4
17
12
6
6
85
8
8
8
8
6
8
6
2
7
10
8
4
6
7
9
10
10
11
17
4
8
5
8
4
6
9
14
10
9
11
9
11
9
10
10
14
11
9
15
17
10
11
14
10
7
6
11
10
8
12
12
15
11
10
15
13
5
7
8
10
12
10
11
6
9
11
5
10
7
13
7
13
10
12
6
6
7
8
11
12
10
8
9
12
7
10
9
81
10
11
8
6
13
9
10
7
6
5
5
7
6
7
8
5
10
6
11
7
7
8
8
6
12
9
8
4
11
9
8
11
5
13
8
11
5
15
9
13
7
11
8
7
6
7
4
11
20
6
11
4
9
9
13
13
6
10
13
6
9
15
18
10
34
24
8
11
11
11
8
11
8
12
13
8
13
8
7
9
8
8
7
7
5
12
9
6
7
11
11
9
6
10
8
8
10
10
6
10
11
15
6
6
8
2
4
5
9
8
7
7
6
11
9
8
15
8
6
6
12
7
7
12
11
11
13
8
23
4
4
2
2
0
2
2
2
2
0
2
2
4
2
2
2
4
2
2
0
2
38
2
2
2
2
2
2
2
0
2
0
4
4
4
4
0
4
4
2
4
4
2
2
6
0
4
6
6
2
4
4
0
2
2
6
0
2
2
0
2
0
0
2
4
0
0
0
2
2
2
4
0
4
6
4
0
2
4
4
4
4
2
2
2
2
0
4
4
4
21
2
4
0
2
4
4
4
2
4
2
4
2
4
0
2
2
2
6
23
4
0
0
4
4
4
0
4
2
4
2
2
2
2
0
6
2
2
2
0
4
2
0
2
0
4
2
0
2
6
0
2
2
6
2
2
21
0
0
4
2
4
4
2
0
4
2
2
6
0
2
2
8
0
4
4
4
2
6
2
2
4
4
4
0
2
2
2
0
4
4
6
2
6
0
0
4
2
4
2
2
0
2
2
4
0
4
2
0
4
0
2
6
4
0
2
0
2
6
2
0
0
4
2
4
4
6
6
0
0
0
4
2
2
0
4
2
2
4
2
15
2
2
0
4
4
2
2
0
4
2
2
4
4
2
4
0
0
0
2
2
2
0
4
2
4
0
0
2
2
8
4
0
6
2
2
4
6
2
2
4
0
4
0
2
6
0
4
2
0
2
2
0
0
4
4
0
0
3
5
3
9
3
1
5
1
8
0
89
0
8
3
7
1
57
1
9
0
1
1
1
1
1
0
3
1
5
9
3
0
18
3
3
1
7
1
5
5
0
5
9
7
0
7
3
1
11
1
3
3
5
7
1
5
10
6
0
5
0
3
5
0
3
13
5
9
0
1
5
1
3
5
12
3
3
3
9
3
1
11
1
3
3
7
1
7
16
3
9
1
1
3
3
3
7
5
3
3
1
3
3
38
3
3
1
7
1
5
3
3
20
1
3
9
1
9
7
3
1
1
3
1
1
3
12
1
11
10
3
8
1
9
5
11
0
1
0
1
7
7
0
3
1
3
1
1
7
7
17
3
7
3
0
1
3
83
3
1
8
1
3
5
11
3
0
9
0
6
1
3
0
92
5
1
9
0
3
38
5
5
5
5
1
0
3
3
1
9
1
1
1
1
4
5
5
0
9
7
0
1
10
3
0
7
1
5
7
0
5
5
1
3
5
7
5
1
5
10
9
3
1
3
5
19
3
60
1
16
3
7
1
3
9
12
1
12
3
3
1
1
7
5
5
1
5
5
7
3
20
5
5
9
10
5
9
1
3
9
5
15
1
3
7
0
12
1
0
3
5
5
5
7
5
3
3
3
9
68
5
1
1
3
1
77
3
0
2
0
0
2
0
0
4
2
2
2
2
4
2
0
2
0
0
2
2
0
2
0
0
0
2
0
2
0
2
2
2
0
0
2
0
2
0
2
2
2
2
0
2
2
0
2
2
0
0
2
2
4
2
2
2
0
2
2
2
2
0
2
0
2
0
4
2
4
2
0
0
2
2
2
0
0
2
2
2
2
2
2
2
4
0
0
2
2
2
0
2
0
0
4
2
2
2
2
0
0
0
2
2
0
2
0
0
2
2
0
2
0
2
2
0
2
2
0
0
0
0
0
0
2
2
0
0
0
2
0
0
2
2
2
2
0
2
2
0
0
0
0
2
2
0
0
0
0
2
2
2
2
2
2
0
2
2
0
2
2
0
0
0
0
2
95
0
0
2
0
2
2
2
4
2
0
2
0
2
2
2
0
2
2
0
0
0
2
2
2
4
95
0
0
2
2
2
4
0
2
0
2
0
2
0
2
0
0
0
0
0
2
0
0
2
2
2
0
2
0
0
2
4
0
2
2
4
4
2
0
2
2
2
0
2
2
2
0
0
2
2
0
0
2
2
2
0
0
2
0
0
0
0
0
2
0
2
2
0
2
2
0
2
0
0
2
0
2
2
2
2
2
2
0
0
0
0
2
2
2
2
2
2
0
4
4
4
78
90
88
87
83
92
90
95
89
86
83
87
85
81
84
75
58
92
87
90
80
85
84
59
95
88
93
85
89
86
84
84
88
74
89
83
80
81
84
87
89
89
87
86
87
78
87
83
81
84
81
84
85
83
70
83
82
83
76
86
62
89
87
83
83
88
82
84
85
79
55
85
76
78
82
83
61
76
83
90
81
94
86
85
87
88
87
88
61
84
91
86
87
77
88
83
87
88
89
50
90
81
81
77
89
84
87
79
89
69
82
78
76
82
83
83
87
75
80
83
90
84
83
72
87
82
82
87
69
74
77
84
81
84
71
69
85
79
59
84
84
75
83
83
49
74
77
81
81
80
71
78
76
82
79
66
80
78
77
55
84
79
79
79
84
72
81
83
86
82
81
86
83
73
81
90
87
76
83
82
84
81
80
80
70
69
84
83
82
85
85
76
79
83
71
59
47
71
66
86
86
76
85
87
82
65
90
82
80
80
88
72
81
86
84
86
84
69
79
79
78
82
85
78
79
87
62
89
63
87
90
88
89
91
92
86
90
88
86
70
86
86
87
87
75
84
81
83
86
83
84
87
79
83
93
84
84
83
61
88
86
90
88
90
73
91
86
85
90
87
85
88
89
74
83
93
89
66
80
92
84
83
83
73
89
50
90
93
0
0
1
0
0
12
31
33
25
21
19
25
0
0
0
1
0
9
0
30
26
33
19
27
0
3
0
0
0
0
44
2
21
25
25
24
0
0
0
0
0
12
33
12
19
27
30
23
0
1
0
0
0
19
0
2
28
25
23
25
0
0
0
0
0
38
47
24
24
24
19
33
0
0
0
0
0
16
3
6
19
32
25
26
0
0
0
0
0
2
25
3
29
30
25
0
0
0
0
0
0
0
32
30
23
0
41
0
0
0
0
0
2
11
48
3
26
36
21
33
0
0
0
0
0
0
28
26
26
25
22
0
0
0
0
0
0
12
31
28
0
6
19
22
13
0
0
0
0
3
19
17
0
2
23
20
1
30
0
0
0
0
22
0
0
20
21
0
3
21
17
0
0
0
33
28
23
22
0
2
23
20
0
1
0
0
32
30
21
1
4
21
51
0
20
5
13
2
14
3
18
2
20
5
18
0
40
2
17
0
5
23
20
20
14
17
44
2
3
0
3
3
3
18
23
32
26
19
16
25
0
0
0
0
22
28
27
25
0
0
23
0
0
0
0
5
15
6
26
0
7
22
0
3
0
13
0
0
19
0
7
25
25
4
1
17
29
0
0
10
0
7
23
18
0
16
9
25
0
16
22
11
0
7
20
24
0
1
27
34
30
42
30
34
28
28
35
30
29
42
43
26
30
40
30
26
24
26
28
43
24
22
30
42
22
22
36
19
28
27
44
29
42
42
22
43
27
42
34
26
28
30
27
42
45
37
43
29
44
40
38
28
43
27
22
40
28
21
25
29
42
32
27
22
22
30
29
27
43
42
28
26
38
29
32
29
20
28
30
44
29
23
28
30
29
44
34
28
17
28
43
23
42
44
39
20
32
43
30
19
38
25
40
15
27
23
21
38
17
25
19
20
25
34
23
22
34
26
35
25
38
24
31
25
37
25
38
26
25
28
30
23
19
19
38
19
36
23
22
23
39
21
24
36
30
20
30
20
26
27
25
31
22
36
25
26
33
20
21
20
25
24
31
23
25
34
27
28
36
26
32
23
25
21
27
18
22
27
26
29
20
36
27
24
20
35
25
21
28
19
24
26
23
25
38
25
27
25
25
30
32
20
25
27
25
25
24
31
26
24
32
21
37
32
26
21
27
28
33
18
27
29
26
22
28
23
37
34
24
27
25
22
19
36
17
33
19
23
23
27
26
27
25
20
26
28
21
30
23
22
18
18
13
14
26
30
26
19
18
29
31
20
16
18
22
26
20
23
28
19
26
30
19
37
39
30
20
23
20
16
38
36
27
27
38
24
