2
7
5
6
4
8
4
4
0
11
12
2
3
4
28
10
70
4
8
13
76
2
2
75
4
2
72
6
0
2
2
4
2
8
2
2
6
2
4
2
2
3
4
2
8
2
6
2
2
0
2
0
4
27
4
2
4
2
9
8
9
4
4
0
18
4
69
15
6
67
6
4
4
6
2
81
2
2
93
4
0
4
6
2
4
2
0
2
9
4
9
10
47
6
2
4
2
5
6
8
23
6
2
4
5
4
4
4
4
4
4
4
4
4
4
7
2
2
2
2
3
8
4
2
80
7
9
2
2
6
8
6
10
3
79
2
2
64
6
6
6
4
3
5
6
3
6
4
4
8
6
4
2
4
6
6
6
5
3
5
10
5
77
11
5
6
15
4
8
7
12
26
6
4
60
20
3
6
9
6
2
8
6
9
81
12
11
16
7
6
8
6
12
6
10
2
2
2
11
9
10
6
2
2
11
7
4
6
8
10
5
2
2
13
4
4
3
9
4
2
2
2
4
4
4
2
2
4
2
8
2
2
6
8
21
10
2
2
8
11
6
8
8
4
13
4
2
0
5
13
4
5
15
2
8
9
2
80
7
4
6
4
2
2
14
4
8
6
2
11
6
2
4
7
6
6
6
4
0
4
72
2
2
71
8
4
4
5
0
0
0
0
2
0
4
4
0
0
0
6
2
0
2
4
2
4
2
2
0
4
2
2
2
2
4
0
0
0
0
0
2
2
0
0
0
4
2
2
0
2
2
4
2
2
4
2
2
2
0
2
0
4
0
2
0
2
2
0
4
4
2
2
6
2
2
2
2
2
0
2
4
4
25
4
4
0
4
10
0
0
6
2
0
0
2
2
4
0
0
8
2
0
2
2
4
0
2
4
4
2
0
2
8
4
0
6
2
0
2
0
2
2
0
0
0
0
8
2
0
6
4
2
0
6
4
4
2
4
2
0
0
0
0
4
4
4
2
2
10
4
6
2
4
2
2
4
0
4
4
2
2
4
0
4
2
0
0
0
0
0
4
4
2
2
0
4
0
4
2
4
4
0
2
2
6
8
2
0
2
0
2
2
0
4
4
0
4
4
2
4
4
4
0
4
4
4
4
8
6
2
4
2
4
0
2
4
2
2
2
6
4
10
4
4
2
0
2
4
2
2
0
0
6
4
4
2
4
4
2
2
6
8
8
6
0
4
2
0
0
4
10
2
4
2
2
0
4
0
0
0
4
0
2
2
0
2
0
0
4
0
0
2
2
6
6
2
4
2
4
4
0
4
6
0
0
2
0
0
0
4
2
2
2
2
4
0
6
2
9
10
0
2
5
4
5
5
2
2
4
2
6
2
3
4
4
0
2
0
5
2
4
6
6
5
6
2
5
0
2
7
3
4
2
6
4
4
2
0
4
4
1
7
2
7
2
0
5
5
0
0
5
0
2
0
2
0
2
4
1
2
11
4
4
2
9
26
26
4
4
2
4
2
0
0
2
2
7
3
5
4
4
0
5
0
2
2
5
0
4
6
2
0
0
2
4
2
2
3
0
6
3
2
0
4
2
5
2
4
5
0
0
0
3
4
3
4
4
3
3
0
6
9
2
4
2
2
4
2
4
2
2
4
3
5
2
3
4
2
2
0
0
5
3
2
4
5
9
4
5
2
13
3
2
2
4
0
0
4
2
2
3
4
2
3
3
5
4
4
5
0
4
3
0
4
4
0
0
2
4
2
4
2
2
2
5
2
4
4
2
2
3
5
0
2
7
3
2
0
3
11
5
5
5
2
4
5
5
3
4
5
2
3
3
0
5
0
4
7
2
4
5
0
0
3
4
0
2
0
2
0
3
7
2
6
3
4
2
2
3
2
2
5
5
4
2
2
2
4
3
0
3
6
2
2
1
0
0
4
3
2
1
2
2
3
1
2
0
5
7
4
3
2
7
0
0
0
0
2
0
2
0
3
3
2
4
34
2
5
1
2
17
1
4
1
26
2
20
5
2
46
1
1
3
11
42
3
1
6
38
2
4
38
0
2
1
32
25
2
6
1
2
4
0
28
5
2
2
4
1
1
0
1
13
4
3
0
20
1
0
11
7
3
10
0
12
3
4
47
2
15
27
28
1
1
35
27
1
3
23
4
31
26
5
1
28
6
2
1
4
2
4
2
35
26
14
4
10
19
9
29
21
12
3
31
0
22
0
3
37
1
4
3
22
2
2
2
29
1
3
5
32
2
36
1
2
2
30
24
2
12
0
2
1
2
27
2
2
4
34
28
1
2
25
1
2
5
2
5
1
26
2
0
5
8
41
43
2
0
2
23
1
49
2
4
1
5
2
5
2
21
1
22
3
3
18
21
2
2
34
31
1
2
11
4
2
1
19
2
6
24
34
25
1
34
31
2
1
1
23
21
3
2
2
18
10
1
1
23
19
7
2
18
25
1
2
25
15
2
1
2
3
0
1
2
2
1
1
1
2
16
11
4
19
2
2
24
1
1
27
2
8
2
26
24
1
0
0
17
36
2
2
6
0
34
1
1
2
29
22
2
21
26
20
4
0
0
2
5
2
21
2
2
26
0
5
11
10
21
21
1
2
20
12
18
6
4
2
0
17
2
1
2
7
0
7
0
7
3
9
5
7
2
5
5
11
7
0
5
3
0
7
0
0
3
5
0
5
7
7
3
5
7
5
5
7
3
0
0
0
0
5
5
0
3
2
5
5
5
0
9
0
7
9
5
0
5
0
0
5
5
0
7
5
0
5
0
3
7
0
0
7
5
0
0
9
5
5
5
0
0
9
0
7
0
7
0
2
0
0
0
0
0
0
5
5
0
0
7
0
0
7
0
0
2
5
5
0
0
5
7
0
5
0
0
0
0
0
7
5
5
0
2
9
5
2
0
0
5
0
0
5
0
0
3
0
3
0
2
0
15
0
3
0
0
11
7
0
9
2
2
82
5
5
5
7
7
5
2
0
2
0
5
5
13
0
5
9
7
0
5
5
0
0
5
9
0
7
7
0
5
5
11
5
9
2
0
0
5
0
7
0
0
9
7
7
0
9
5
9
0
5
7
7
2
0
2
7
7
5
5
0
0
7
7
0
2
2
9
7
5
0
5
0
2
9
0
9
0
2
0
5
0
0
0
7
5
5
7
0
7
0
0
5
9
2
0
2
9
0
0
5
0
9
5
11
1
7
0
5
7
5
9
0
7
5
7
5
0
3
7
0
0
0
80
11
7
5
0
0
0
5
7
7
0
5
0
0
0
4
6
8
4
4
6
2
0
4
2
2
0
4
2
0
4
6
0
2
6
0
6
4
4
2
2
4
0
0
4
2
4
4
2
0
2
0
6
0
6
4
4
6
4
4
2
0
0
0
6
0
2
4
4
4
0
4
4
0
6
2
0
4
4
2
4
2
4
0
4
4
0
6
2
0
2
6
4
0
10
2
4
4
4
0
2
4
0
0
0
4
2
6
4
2
4
6
0
2
4
4
8
6
2
2
6
0
2
2
6
0
0
0
8
4
0
2
2
0
0
2
2
2
2
2
6
4
2
0
6
2
6
2
2
4
0
0
0
4
2
2
2
2
0
2
0
6
0
4
2
0
0
2
4
0
0
0
0
6
2
4
0
10
6
2
2
4
4
0
2
8
8
0
6
4
4
0
6
2
0
4
2
0
8
0
6
6
0
2
4
6
0
2
0
4
2
6
4
0
4
2
6
2
4
6
2
4
4
4
2
8
4
0
4
8
2
2
6
2
0
4
2
6
0
6
0
0
6
2
6
0
2
2
4
4
2
4
2
4
4
4
6
4
0
2
2
4
2
0
2
0
0
2
0
4
0
0
2
0
2
4
2
0
2
4
4
0
2
6
4
6
8
6
0
4
0
2
2
4
2
2
2
2
2
6
2
4
2
4
4
8
0
2
2
2
9
2
0
4
6
2
2
2
4
0
2
2
2
6
0
2
8
0
4
11
0
4
5
6
5
2
2
4
4
7
4
2
2
8
4
1
0
0
4
10
2
2
4
10
0
1
2
4
4
7
2
5
0
6
14
2
5
2
0
0
8
6
4
4
0
10
2
4
7
2
4
4
2
2
0
5
0
7
11
0
11
0
4
4
4
10
6
0
2
0
3
5
4
2
0
7
4
2
0
3
3
2
0
0
4
2
8
4
4
0
3
2
2
4
2
6
2
6
4
12
6
2
6
3
4
4
3
9
4
7
8
2
5
2
3
2
2
2
4
5
2
2
0
3
2
7
4
8
2
0
2
4
4
4
2
10
4
6
2
2
0
5
2
2
0
2
4
2
7
0
4
0
4
0
2
3
2
0
4
0
7
0
2
2
4
3
7
0
2
0
0
2
0
4
4
0
13
5
5
0
8
5
4
9
2
0
5
10
2
0
2
3
6
2
7
0
4
0
5
5
2
0
12
0
2
8
7
2
0
0
0
4
2
6
5
2
5
0
0
0
0
0
0
0
2
4
2
0
5
4
0
3
4
4
7
6
2
4
2
0
0
0
4
4
0
2
6
2
2
21
0
0
2
10
6
7
8
2
4
15
4
3
5
2
3
5
4
0
5
2
2
2
6
2
4
4
2
2
4
0
2
1
3
4
2
2
5
2
6
2
3
9
2
2
3
5
4
3
4
2
4
4
2
4
0
0
5
2
19
2
3
0
2
1
4
9
4
2
3
4
2
4
2
21
3
4
0
2
1
0
2
0
2
2
4
4
2
4
7
4
2
5
2
7
2
5
3
0
5
2
4
5
1
0
3
4
3
4
4
7
2
2
5
2
4
6
0
5
3
5
7
2
2
5
5
2
7
2
2
4
2
2
2
0
2
0
2
3
6
9
2
0
7
0
0
0
4
6
7
2
2
2
0
6
7
5
7
3
7
6
3
7
2
5
2
3
3
4
2
2
7
2
2
1
2
4
4
17
2
6
2
5
2
5
9
7
5
0
25
4
3
4
4
19
5
6
7
0
4
7
5
5
0
1
4
2
2
2
4
5
4
0
7
9
5
2
2
4
2
4
7
3
3
2
4
2
0
2
4
0
4
4
2
4
0
0
3
2
2
6
5
2
2
0
4
7
3
4
4
4
2
4
3
4
2
2
3
3
0
2
4
2
4
2
2
0
2
2
0
6
5
2
2
2
4
2
4
6
2
2
3
5
5
2
21
9
2
2
4
4
4
4
0
2
3
6
2
4
5
3
6
20
12
8
8
6
16
12
14
10
20
14
12
6
14
20
14
8
6
18
6
6
10
10
16
20
20
12
8
14
14
10
10
12
27
6
4
8
2
20
14
8
12
14
14
6
8
16
22
14
16
18
16
18
24
18
18
14
24
18
14
14
10
2
16
14
8
6
18
8
10
16
6
8
22
4
14
6
10
20
14
14
8
16
27
22
22
18
16
12
8
20
18
12
14
20
41
16
29
12
12
33
30
14
37
12
14
29
39
12
20
27
14
14
25
18
12
24
29
37
14
24
14
26
37
24
55
16
22
19
12
29
37
10
45
14
14
18
16
18
22
27
27
18
12
16
24
16
20
18
22
33
14
14
37
10
26
22
24
20
26
8
10
20
6
8
31
25
12
14
18
29
37
29
23
22
37
27
12
12
6
8
33
22
33
25
12
57
12
26
25
24
33
10
8
24
14
39
29
53
39
28
45
35
14
20
49
29
14
31
31
16
20
24
35
35
16
12
29
31
18
10
10
10
31
14
37
37
29
22
47
20
24
12
16
18
20
31
24
12
16
18
20
43
20
26
8
27
24
22
20
14
39
8
16
28
12
25
39
35
25
16
20
14
49
22
26
14
24
12
6
26
28
33
14
12
57
14
8
4
8
20
33
4
2
10
51
10
37
4
0
0
2
4
4
4
4
2
0
2
4
4
0
2
2
0
0
2
0
4
2
2
2
0
2
0
0
2
0
4
2
0
0
2
0
2
0
4
0
2
2
2
2
8
2
2
2
2
0
0
4
2
2
6
0
2
0
2
2
0
4
4
2
0
4
2
2
4
4
0
2
2
2
4
0
6
0
2
2
0
2
2
0
2
8
0
2
6
16
4
2
4
2
4
2
2
4
4
0
2
4
2
4
2
6
4
0
2
4
0
17
0
4
0
0
2
4
6
0
8
6
0
4
4
4
6
2
0
0
0
0
4
0
0
0
0
6
4
2
2
4
2
2
0
6
2
2
0
4
0
0
0
2
2
4
17
0
4
4
2
0
2
2
0
0
2
2
2
4
2
2
2
4
2
2
0
4
0
4
4
0
8
2
0
0
4
0
2
4
2
2
4
0
2
4
4
2
2
4
2
4
2
0
0
2
4
4
2
2
2
6
4
0
6
0
6
2
0
4
0
2
2
4
2
0
4
4
2
0
17
4
6
4
4
0
0
2
2
17
0
0
2
0
2
2
0
2
2
0
2
6
12
0
0
6
0
4
2
0
0
2
4
6
2
6
0
4
0
0
2
0
4
2
2
2
2
0
4
0
2
4
4
2
2
4
2
0
