18
35
54
21
33
17
31
22
23
24
28
29
19
27
42
38
43
28
27
19
25
23
14
23
26
24
21
21
42
22
33
32
20
34
24
40
20
21
23
11
30
15
23
29
11
23
23
0
22
24
17
25
42
44
21
45
35
38
24
45
49
34
53
51
30
30
33
39
38
31
27
37
35
42
37
48
32
29
61
20
42
54
86
56
12
38
33
38
39
40
37
40
23
38
38
48
39
35
37
25
48
50
22
29
35
30
37
40
46
28
61
28
24
29
18
31
18
15
17
28
22
7
16
15
5
36
17
21
19
9
35
34
14
27
21
11
24
24
29
31
12
21
20
37
34
28
23
15
33
20
32
22
29
19
30
41
9
47
29
18
25
58
27
30
37
36
12
31
22
33
30
11
40
14
21
16
24
14
19
15
12
20
16
16
10
17
22
12
16
14
23
49
22
25
11
19
21
17
11
20
19
24
21
13
16
19
20
18
20
14
20
15
17
12
15
7
12
19
22
16
14
14
21
29
19
20
19
14
13
12
14
18
13
14
18
16
18
12
20
18
14
19
9
27
11
26
7
25
5
0
10
33
5
32
12
12
31
14
48
16
7
48
48
36
18
35
24
13
17
12
39
15
32
21
25
13
12
21
15
12
11
13
15
9
30
26
22
28
14
10
10
10
12
12
6
15
10
4
21
8
8
19
8
8
4
12
4
11
27
6
8
2
4
4
31
8
4
0
6
6
6
8
6
2
2
8
8
10
13
4
8
8
15
15
6
10
12
4
6
17
12
6
10
12
4
4
31
8
8
10
10
14
6
14
12
6
31
14
16
16
13
40
14
25
8
10
12
10
23
12
13
17
33
6
12
8
16
26
14
21
19
17
12
15
44
12
13
37
12
11
29
13
17
12
21
17
12
21
12
15
23
11
6
6
10
17
23
14
14
14
12
12
21
23
33
12
14
10
31
23
37
25
16
19
14
19
6
21
14
4
42
39
18
17
16
12
19
10
25
25
31
15
17
10
14
41
35
19
12
19
15
25
14
15
25
27
79
8
36
17
23
27
40
17
17
23
25
12
12
15
13
23
15
41
27
25
34
15
39
19
31
37
35
17
43
29
39
15
25
17
35
8
15
14
10
31
17
14
10
8
33
31
17
14
10
33
6
8
29
12
35
15
17
10
12
12
10
12
25
23
4
16
19
38
29
8
8
12
8
10
8
12
21
10
10
17
37
10
10
12
19
6
12
17
14
6
15
12
12
10
4
8
19
12
6
21
8
16
19
4
15
17
8
4
25
15
6
8
21
10
10
2
6
41
2
8
2
2
0
0
0
2
2
0
0
4
2
0
0
0
0
0
2
0
0
0
2
0
0
0
0
2
2
2
2
2
2
11
0
0
4
2
0
0
0
2
0
2
2
4
4
0
4
4
2
2
2
2
2
4
2
2
2
0
2
0
4
2
0
2
2
2
4
0
0
0
11
2
2
0
0
2
0
4
0
2
0
2
2
2
0
0
2
2
0
2
0
2
4
0
2
2
2
0
0
2
2
0
2
4
0
4
4
0
2
0
4
2
0
4
0
0
0
0
0
2
4
0
2
2
2
0
0
0
0
0
2
2
0
2
2
0
2
2
0
0
0
0
0
0
0
0
4
2
4
4
0
2
2
0
1
0
1
4
2
0
2
0
2
2
0
0
0
0
2
0
2
0
0
0
7
2
0
0
0
4
2
4
0
0
0
0
2
2
6
2
0
2
2
2
2
0
2
0
2
2
2
2
0
4
0
2
0
0
2
0
0
0
0
0
0
2
2
0
0
0
2
2
0
2
2
0
2
0
2
0
2
0
0
0
2
2
0
2
2
2
2
0
0
2
0
2
4
2
2
0
2
2
2
1
0
0
1
2
2
0
0
2
2
0
0
2
4
2
2
0
2
0
1
0
0
0
2
2
2
0
0
0
4
0
0
0
2
0
29
25
28
13
28
15
20
10
22
21
33
30
19
0
15
35
23
19
17
20
27
23
19
16
28
20
26
26
13
18
19
27
27
32
25
20
25
12
21
28
14
29
17
10
26
17
20
20
28
35
27
28
16
25
13
19
21
17
19
13
20
16
30
24
26
9
15
10
18
19
32
29
19
22
25
21
24
27
24
26
29
30
27
38
19
21
19
20
13
26
26
13
19
16
25
30
28
9
25
32
29
15
19
30
13
14
18
18
13
25
18
27
28
22
19
28
39
14
5
33
24
17
24
34
26
29
20
29
32
25
17
38
24
35
22
30
28
19
24
30
28
25
38
33
20
27
32
31
35
29
19
15
16
0
20
26
31
44
33
34
52
48
4
23
19
16
21
9
14
21
23
30
12
12
17
29
20
23
26
32
18
31
22
16
29
16
28
32
2
17
12
10
16
16
26
22
12
15
21
28
15
27
27
28
26
22
24
35
29
14
10
17
29
20
18
14
16
25
33
11
24
16
29
21
27
9
30
23
27
15
22
32
19
30
21
27
28
25
27
24
24
23
16
7
14
20
19
22
22
3
21
10
14
25
19
24
24
9
15
13
15
16
18
23
21
22
4
19
16
15
17
9
23
11
21
10
18
21
14
29
12
33
18
16
22
28
16
21
0
7
2
0
4
0
2
6
0
0
0
4
0
2
0
0
0
2
4
2
2
4
2
2
2
2
2
0
6
2
0
0
0
4
2
2
0
0
0
2
2
4
2
2
2
0
0
2
0
0
2
2
4
2
2
0
2
4
2
2
6
2
2
2
2
11
7
0
6
0
2
2
0
2
2
2
0
0
6
15
4
2
0
2
8
2
4
0
2
2
0
4
0
2
6
0
0
0
0
2
0
4
8
2
2
2
2
0
2
4
17
2
4
2
6
2
2
0
2
0
17
0
0
2
0
5
2
0
2
2
2
7
4
4
4
3
2
12
2
2
4
4
4
0
0
2
0
4
4
2
4
0
4
2
2
2
0
2
0
0
2
4
4
2
2
0
2
2
0
2
4
2
2
2
5
2
6
6
0
4
2
4
2
4
2
4
2
4
2
4
2
2
4
2
2
2
0
9
2
2
0
0
2
2
0
2
4
2
4
2
2
2
2
2
0
4
2
2
4
0
2
2
2
2
0
0
2
4
0
0
2
0
4
2
2
2
2
2
2
4
0
0
2
0
2
2
0
4
2
4
2
2
0
0
4
3
2
4
2
2
2
0
4
2
0
2
2
2
4
4
2
2
2
0
4
2
2
4
0
0
4
2
0
2
0
0
2
0
23
14
23
21
25
17
25
16
23
23
17
21
22
16
23
17
28
19
19
28
24
27
20
22
21
27
18
22
19
14
23
18
23
23
20
18
21
19
14
17
21
26
27
19
27
13
24
19
23
17
17
21
25
25
15
30
23
30
21
20
21
24
20
22
24
24
28
27
25
19
22
23
25
26
28
32
34
33
23
24
25
20
26
33
33
29
30
29
25
34
28
22
21
16
25
21
29
27
17
30
29
22
28
31
25
23
28
16
19
22
24
21
32
24
23
26
23
21
28
30
17
28
20
23
32
22
25
28
28
21
20
21
19
27
24
21
21
22
20
23
28
21
25
23
19
23
17
34
23
24
22
21
21
36
27
30
24
28
23
26
21
28
35
27
25
28
25
37
25
24
28
24
38
23
31
25
38
21
23
22
23
21
21
28
30
24
24
21
32
21
21
21
23
28
25
24
21
19
23
23
22
29
22
23
21
24
20
28
31
25
20
29
16
27
20
17
19
22
19
22
23
19
23
24
20
20
19
32
30
30
22
24
26
27
29
32
24
26
28
21
27
22
25
32
28
24
26
25
23
23
17
22
24
23
23
21
23
20
21
29
25
19
27
23
30
24
25
28
24
33
31
19
21
15
14
24
11
18
27
26
22
23
26
15
20
19
27
18
25
18
28
26
29
27
25
26
26
10
26
27
11
7
21
14
22
14
30
17
11
21
26
27
21
19
23
10
34
24
11
25
20
28
38
34
30
16
37
27
24
26
37
26
36
39
40
27
33
41
35
41
23
30
44
27
35
40
18
28
35
33
22
38
34
21
31
32
40
37
31
37
38
37
38
30
38
39
36
18
19
14
23
35
35
33
26
29
43
17
38
19
42
42
34
31
29
25
39
41
26
22
30
20
19
25
26
23
38
31
23
23
35
36
32
38
37
26
27
25
23
29
40
34
24
31
30
23
31
35
27
29
33
22
28
25
23
27
24
35
27
32
27
35
38
27
32
28
24
38
38
26
29
27
24
29
38
18
28
32
25
27
38
28
35
20
18
23
23
26
30
38
26
19
24
11
35
26
27
29
30
21
28
21
19
24
23
28
23
25
34
30
25
37
22
28
24
21
23
27
26
25
29
24
35
25
23
34
22
17
29
20
28
24
21
40
27
13
39
26
26
24
24
31
29
28
26
25
35
19
30
35
29
23
30
27
24
9
26
27
36
31
25
21
21
27
24
23
27
23
29
40
39
28
38
37
26
22
24
26
35
24
27
37
23
28
29
18
41
24
28
24
30
30
35
26
35
18
28
27
21
24
29
37
22
26
30
27
8
13
10
9
10
10
6
10
11
4
12
11
4
5
8
8
6
11
17
6
8
12
6
8
6
6
4
4
8
6
8
10
10
4
11
13
2
14
12
16
6
6
8
7
8
8
8
8
12
8
14
8
4
8
2
6
8
6
5
6
6
8
8
6
10
6
12
6
14
10
4
14
13
8
4
10
6
8
8
10
6
4
10
8
10
10
8
8
15
12
10
13
8
8
10
4
8
12
10
8
6
13
4
6
10
6
14
4
4
6
10
8
14
4
8
4
6
8
6
11
8
8
4
8
6
8
4
15
12
8
4
8
6
8
10
4
10
19
8
9
10
10
16
8
4
4
8
4
6
4
6
4
4
13
5
9
4
7
8
8
6
11
12
6
4
22
12
4
6
12
8
4
6
4
6
11
12
4
7
6
2
6
6
7
24
10
4
8
6
8
8
11
10
10
4
10
4
6
8
7
4
8
7
8
8
12
6
12
13
8
12
6
12
5
8
10
4
15
8
6
13
7
8
8
6
8
8
6
8
6
4
22
8
10
0
6
6
12
8
8
8
4
9
4
8
2
6
6
13
6
11
8
4
10
6
8
6
4
6
17
13
6
8
10
8
6
16
11
14
2
8
6
10
10
15
4
8
13
4
6
4
15
8
8
8
8
6
6
34
39
42
53
34
73
30
37
37
33
46
48
29
37
54
49
51
35
36
36
36
26
57
37
29
33
56
61
27
57
33
46
18
34
36
47
31
49
50
38
35
43
30
34
37
24
56
24
32
62
43
43
59
50
35
36
29
26
50
32
34
31
45
34
66
45
38
46
30
54
32
41
33
25
56
55
37
30
44
22
31
26
57
38
32
45
78
34
38
51
31
69
34
30
38
52
29
31
82
70
57
38
47
36
34
32
36
33
39
50
41
39
35
50
39
43
23
29
29
36
47
58
50
41
68
38
31
31
25
27
55
28
33
22
32
37
24
28
22
27
28
23
45
41
30
29
35
43
32
41
22
27
22
16
29
29
21
26
41
36
34
62
32
21
24
22
38
24
32
26
54
53
35
24
46
34
23
18
20
39
35
19
61
43
25
45
32
28
22
26
37
39
26
19
26
19
23
26
27
35
20
25
34
34
24
24
44
36
33
32
28
23
24
31
33
49
20
23
20
30
28
32
33
32
33
33
39
32
32
32
37
70
39
25
22
29
20
22
27
25
29
22
37
42
42
25
27
23
24
17
21
27
24
31
25
33
30
35
26
24
23
19
24
30
36
24
36
38
38
27
18
36
25
25
23
65
23
34
46
36
26
31
33
47
18
21
33
33
7
13
34
7
7
11
43
3
3
5
9
1
5
7
3
3
9
1
43
5
9
9
13
3
7
9
3
5
5
13
3
5
7
5
9
3
22
57
5
5
5
5
1
3
30
3
5
3
7
3
5
9
3
13
44
5
3
7
1
7
9
7
3
3
3
5
19
3
7
5
5
5
11
11
7
32
3
13
47
21
1
5
5
26
5
3
1
9
1
5
9
9
7
9
1
9
7
3
3
5
11
7
7
1
34
13
18
3
3
8
5
11
7
3
5
53
7
58
5
5
13
5
5
7
9
3
1
1
41
3
5
18
15
5
7
11
3
5
34
11
7
11
11
3
11
3
11
9
5
5
44
15
3
5
5
5
7
7
7
5
7
1
30
9
3
43
5
5
3
5
7
52
5
9
24
13
5
22
1
7
1
11
3
3
19
3
71
3
9
58
9
5
7
7
24
15
32
3
45
3
24
7
3
3
31
38
3
17
32
47
3
5
5
7
7
7
5
25
5
7
3
5
5
3
9
5
39
5
9
5
5
7
35
46
5
17
9
19
7
3
1
30
5
3
42
3
3
5
5
39
11
5
40
3
5
9
7
3
7
31
7
66
15
5
9
34
45
3
13
15
13
7
7
15
28
22
13
30
30
17
17
9
11
21
15
20
3
19
