0
2
2
2
2
0
0
0
0
0
0
0
0
0
0
8
2
4
0
0
0
2
2
2
0
0
2
2
0
2
0
52
0
2
0
0
0
6
0
2
0
2
2
2
0
0
0
0
0
12
2
0
0
0
0
4
2
2
0
55
2
12
0
2
2
2
4
2
4
0
0
2
10
2
0
0
2
2
0
2
2
0
0
0
0
2
2
2
0
2
2
0
2
2
0
2
2
4
0
4
2
2
2
0
0
0
2
0
0
2
0
0
0
0
0
2
2
2
4
8
2
4
2
0
4
2
10
0
2
4
0
2
6
0
67
0
4
4
0
0
2
0
0
2
4
0
2
2
8
2
4
2
2
0
2
0
4
2
0
2
6
0
4
0
0
0
0
2
0
4
0
0
2
4
2
0
2
4
2
0
2
2
0
0
0
0
2
2
0
6
0
0
4
0
0
4
0
2
2
0
2
2
2
2
2
0
2
0
2
0
2
82
0
0
0
0
2
2
0
2
2
0
2
2
4
0
0
0
4
0
0
0
4
0
4
0
0
0
0
4
0
0
0
0
0
6
0
2
0
0
0
12
0
2
4
0
2
6
6
0
0
0
4
4
4
0
2
0
0
2
2
0
0
2
0
2
4
2
2
0
0
2
2
0
0
0
0
2
10
1
7
10
12
1
7
6
0
1
13
2
13
7
11
0
11
59
7
1
1
1
3
3
13
10
1
0
15
15
9
0
15
19
12
19
10
13
12
1
0
16
5
2
10
7
0
0
6
13
9
1
10
0
5
5
7
13
0
9
11
20
13
12
0
1
2
4
6
0
13
4
13
17
6
12
15
1
10
9
25
46
20
13
11
11
0
11
17
2
14
1
12
0
18
16
9
3
0
0
10
0
17
1
4
9
0
2
13
8
8
13
8
0
7
6
6
0
18
10
11
9
3
8
0
7
0
20
8
11
26
7
11
0
21
21
8
9
0
8
0
8
10
21
11
6
5
8
5
9
0
7
10
0
3
12
10
8
6
10
8
0
7
5
8
1
8
0
7
5
5
0
0
8
7
0
9
0
5
18
5
6
5
11
4
6
5
0
4
7
7
0
10
0
16
0
9
0
5
0
5
4
5
1
0
8
6
8
2
10
0
0
4
0
11
15
17
7
6
0
0
4
4
0
0
8
4
7
11
0
9
4
9
0
6
1
0
10
11
10
10
9
0
7
0
6
0
6
4
23
0
9
19
0
4
10
0
5
5
0
6
0
9
12
12
8
4
10
0
1
1
5
0
7
0
0
7
7
0
0
10
1
15
0
6
1
10
7
25
23
23
17
0
0
10
0
27
14
21
33
20
28
27
0
0
0
14
20
24
31
20
28
17
30
18
0
0
0
14
29
33
2
20
32
89
37
0
0
0
0
15
59
32
26
24
41
0
0
0
0
0
0
10
9
19
27
22
0
4
0
0
0
0
0
15
77
30
22
28
38
87
0
0
0
0
0
2
0
6
11
25
51
40
32
0
0
0
0
18
45
12
41
17
24
60
46
2
0
0
0
13
57
24
19
21
32
49
9
0
0
0
0
0
32
21
0
0
46
94
0
0
0
0
0
2
40
21
49
21
43
0
0
0
0
0
0
2
17
28
70
39
0
0
0
0
0
0
0
13
29
22
29
16
15
8
0
0
24
0
26
8
3
28
15
18
27
0
19
39
0
26
21
0
30
26
3
25
42
43
44
0
0
0
0
2
33
30
37
3
36
30
41
0
0
0
0
29
9
28
3
19
0
78
40
0
0
0
0
0
15
22
19
0
14
27
52
30
0
0
0
15
20
32
21
17
18
2
17
32
0
0
0
0
14
18
16
0
14
15
0
0
21
24
0
9
20
19
17
22
27
9
15
0
8
1
17
20
15
17
18
18
0
28
35
37
25
31
22
0
0
5
17
44
14
15
24
20
28
5
0
19
29
31
14
25
41
8
0
1
0
9
4
3
0
3
7
1
4
4
2
3
2
6
10
6
2
3
4
2
4
1
6
2
0
1
1
0
0
1
1
1
11
1
4
5
1
1
1
7
1
3
1
10
1
1
3
2
3
5
0
1
0
0
1
3
11
1
0
3
10
3
3
0
1
4
3
0
1
0
3
1
0
4
1
1
7
1
1
1
1
3
1
0
1
2
2
5
1
1
3
1
2
0
7
0
1
0
7
3
0
0
1
1
1
2
0
1
2
6
4
3
0
1
8
1
7
4
3
1
2
3
0
6
2
0
0
7
4
5
1
3
0
2
0
3
0
2
3
3
0
12
8
1
1
1
1
1
1
7
3
2
9
4
2
3
1
3
3
1
6
1
7
1
2
2
2
1
0
1
2
3
1
1
1
0
1
3
0
1
5
0
2
6
2
1
2
1
1
1
0
2
2
2
3
3
0
1
1
0
18
0
7
4
3
1
0
1
3
2
2
0
0
0
0
4
4
4
2
2
1
1
1
0
1
4
4
1
1
1
6
1
6
1
3
1
3
3
1
0
0
3
1
3
1
3
5
0
0
1
1
0
1
0
1
1
1
3
1
2
1
1
1
1
9
0
0
0
3
7
3
1
3
3
5
0
4
3
3
6
1
6
3
0
4
55
35
52
51
60
37
26
49
46
71
32
31
31
20
45
63
44
46
49
23
44
53
29
22
27
19
20
31
25
17
23
23
18
29
38
38
42
37
38
62
34
38
20
18
32
61
35
46
34
75
14
36
60
31
34
42
27
43
35
54
46
41
34
39
53
43
38
70
45
31
35
58
33
27
25
26
65
31
32
20
44
42
47
33
49
54
59
49
30
40
58
40
54
36
60
53
57
64
41
56
34
40
70
62
61
50
49
49
57
39
48
33
43
60
53
41
39
58
43
51
75
49
63
74
42
43
67
49
54
59
57
32
40
24
51
56
67
63
69
55
32
47
68
59
63
55
32
53
55
66
62
53
40
70
53
40
68
34
57
50
55
70
58
52
50
32
63
27
37
58
42
22
59
41
34
48
52
58
62
44
60
55
58
59
69
55
71
58
55
3
48
28
60
49
60
60
35
72
46
66
55
65
31
50
64
67
40
41
65
60
54
53
65
63
65
55
42
36
57
18
44
55
25
56
68
38
61
50
71
74
32
27
62
35
51
52
48
48
56
64
51
62
42
55
33
69
48
66
62
41
57
64
42
45
25
38
54
55
45
54
49
58
62
50
56
1
0
3
0
0
1
0
0
1
49
0
0
60
51
56
57
33
34
49
50
52
30
27
6
8
9
9
4
5
6
7
8
7
6
6
6
6
4
7
8
5
8
8
8
3
9
10
5
7
8
7
8
9
9
7
7
8
5
8
8
8
10
8
8
4
9
6
11
7
6
8
9
4
10
9
6
7
8
10
9
10
4
7
6
7
5
10
9
3
10
9
9
7
9
10
8
7
8
7
3
9
7
4
4
10
5
10
8
5
5
6
8
7
7
5
4
15
8
8
6
5
8
2
8
8
6
7
6
4
7
5
5
4
8
7
6
8
6
6
7
10
9
6
8
8
5
6
11
5
6
4
4
4
4
9
6
9
14
6
8
10
5
9
8
6
6
6
9
9
9
7
11
15
9
4
8
8
10
4
6
8
12
5
7
6
8
6
8
5
7
9
8
6
8
9
8
4
7
6
6
6
3
6
6
9
7
9
7
11
21
6
7
10
4
8
7
9
8
9
4
7
6
6
3
4
5
7
8
3
5
17
5
5
4
8
7
5
9
7
8
11
5
8
9
10
6
9
8
8
7
8
3
7
4
7
8
8
10
10
5
8
7
7
2
10
8
23
6
3
6
5
7
7
7
7
12
4
10
6
7
6
4
6
8
5
10
9
10
5
8
9
10
8
6
9
8
6
13
7
6
7
7
8
11
7
6
8
8
6
7
3
8
13
11
21
13
8
10
8
11
12
4
4
17
17
8
12
8
6
8
10
4
11
12
10
13
8
9
13
8
12
15
40
21
8
4
8
11
7
21
12
10
10
8
10
6
8
12
17
17
10
10
17
8
19
14
12
13
14
12
12
12
17
11
9
19
15
18
6
6
14
15
8
15
12
11
8
6
14
10
12
4
4
10
8
26
15
9
12
19
15
19
13
8
7
10
6
15
25
6
8
11
10
10
6
15
6
12
10
12
19
25
13
12
11
8
8
8
12
16
13
17
17
25
15
15
15
21
12
10
8
8
17
7
12
15
10
6
15
11
19
14
12
12
17
10
13
10
6
12
4
8
10
8
25
10
11
6
15
15
16
10
17
14
8
8
11
14
13
12
10
8
8
10
16
6
10
15
10
14
6
14
17
17
8
27
14
6
6
11
15
10
10
12
17
10
17
10
11
8
8
6
12
13
6
10
21
32
15
15
12
14
10
4
12
12
8
13
17
13
10
24
14
13
12
11
14
6
12
15
7
6
19
15
6
12
16
10
10
14
8
13
14
8
9
8
16
13
10
14
12
8
16
17
8
6
10
10
10
6
8
12
9
8
15
12
17
11
15
6
10
10
8
4
10
12
6
6
13
8
15
10
8
6
12
10
10
4
8
8
6
17
8
4
6
4
6
2
13
2
4
2
8
2
13
4
0
4
0
4
8
6
13
4
2
13
6
6
4
4
6
0
4
4
4
0
6
20
6
2
13
8
4
4
2
9
2
6
2
6
2
6
8
2
14
2
4
8
4
4
4
17
4
11
4
0
4
8
2
4
4
0
4
4
3
0
4
4
2
17
2
2
11
13
8
8
0
2
4
6
4
0
4
0
11
6
2
4
10
8
13
10
6
12
2
2
14
4
4
2
7
11
17
4
13
4
4
4
7
6
4
13
4
11
2
8
8
4
4
4
23
0
8
4
0
15
4
8
4
14
2
6
24
8
15
4
9
8
0
4
6
6
6
6
2
4
0
4
6
4
13
17
4
10
4
4
4
6
6
6
4
6
6
6
6
2
4
6
11
4
13
2
0
8
2
0
8
4
0
6
0
2
4
8
6
5
6
4
6
15
2
6
2
6
6
2
4
6
6
4
6
4
4
4
8
2
4
15
6
6
6
4
2
2
4
15
6
10
4
6
2
0
2
4
15
2
4
4
6
4
4
6
6
4
2
11
2
6
2
6
2
6
2
6
2
2
6
6
8
8
13
7
4
4
12
0
6
0
4
4
8
4
5
2
4
6
8
2
8
2
4
10
2
6
6
4
2
4
6
6
6
10
6
7
7
7
5
8
6
15
6
10
6
8
4
8
5
6
9
8
12
13
8
8
4
6
6
8
4
8
19
10
4
9
8
7
10
4
6
21
23
4
19
4
13
9
4
10
6
10
6
10
4
15
13
12
8
6
6
4
8
15
4
14
13
8
6
11
12
9
8
9
2
8
6
14
8
12
8
17
11
10
8
6
6
9
6
10
17
21
17
24
11
17
17
21
15
12
12
15
29
18
19
7
12
17
21
34
27
12
17
20
15
23
38
8
16
18
20
21
20
37
24
25
7
35
11
12
19
9
8
10
11
10
17
6
12
17
15
26
17
8
19
8
27
4
11
8
21
20
23
16
27
19
24
15
12
12
13
12
30
13
9
24
11
23
19
18
5
24
13
28
17
25
35
13
19
10
25
11
9
9
25
11
23
37
0
30
11
25
11
23
19
15
11
17
13
15
15
15
25
56
33
20
23
12
21
37
13
28
27
25
22
13
34
15
19
6
25
21
13
13
20
38
25
40
24
19
7
11
11
11
11
9
21
11
5
7
9
9
11
15
5
6
15
7
5
13
6
7
6
4
4
4
6
6
2
4
9
4
8
4
2
4
2
5
2
2
4
6
2
5
2
5
4
4
4
8
4
9
5
3
5
3
2
38
85
37
43
44
45
26
20
45
52
34
88
28
72
26
54
37
27
36
42
39
75
33
11
25
60
57
45
52
44
33
31
21
30
35
82
41
50
44
38
40
40
16
87
27
79
52
48
46
43
48
72
26
32
28
27
25
33
48
21
43
52
33
30
44
43
31
25
39
54
38
67
47
44
36
35
31
44
23
28
29
48
37
71
43
49
26
32
39
65
32
28
25
40
49
70
74
55
25
50
42
82
36
42
38
70
38
52
24
32
37
30
67
66
25
23
20
79
40
44
81
20
36
34
53
49
33
45
39
74
27
75
17
36
45
36
42
49
28
19
33
56
33
58
40
26
24
69
28
57
33
29
33
59
25
37
39
56
34
39
47
70
27
41
38
77
55
88
45
58
43
56
50
31
39
43
37
45
70
72
41
25
29
52
39
33
50
34
27
43
34
67
44
40
47
46
25
53
49
21
40
34
24
82
20
41
32
31
23
9
27
35
76
69
33
67
41
44
30
84
63
34
36
23
30
57
30
13
53
50
12
41
35
31
49
44
29
42
23
25
36
53
50
77
25
23
27
44
21
16
12
11
10
34
39
24
21
31
54
34
81
24
30
42
22
27
30
18
15
20
10
28
45
37
71
39
77
49
18
24
17
42
77
35
23
43
40
36
