0
1
1
1
0
1
5
5
1
4
1
1
1
1
0
1
7
0
0
4
1
0
6
3
0
5
1
1
8
4
0
1
3
1
5
1
1
1
5
0
1
0
2
0
5
0
7
2
0
0
0
0
0
1
6
0
1
0
1
1
0
0
1
1
1
1
1
1
6
1
0
1
1
3
2
6
3
5
0
2
14
1
2
4
1
1
0
8
0
1
1
0
2
1
0
1
1
1
5
0
1
2
1
4
0
6
0
3
9
4
1
12
5
1
1
0
5
1
1
2
0
0
0
1
7
0
2
0
7
1
1
2
5
0
1
0
5
2
4
1
2
7
1
1
0
1
0
1
0
0
4
4
1
0
0
0
1
2
0
1
6
0
7
1
0
2
1
2
1
1
3
2
1
1
4
1
3
0
7
6
5
4
6
2
0
3
0
1
0
0
4
0
1
2
0
2
1
1
0
1
5
1
1
1
0
0
3
1
1
1
0
0
1
1
1
1
6
7
5
1
1
5
6
1
4
1
1
1
2
1
1
1
1
6
1
1
1
2
1
2
1
2
0
3
4
4
6
0
4
1
1
4
1
0
1
6
5
1
1
0
0
2
2
1
1
2
0
2
1
1
1
7
1
4
1
0
1
1
0
1
4
0
0
4
1
1
6
0
8
5
5
4
5
9
7
4
10
8
5
6
5
7
4
4
4
4
4
7
4
9
4
4
5
8
8
5
13
11
6
4
6
8
7
9
4
6
4
9
7
5
6
5
9
11
6
15
16
13
11
10
5
9
6
7
9
9
13
5
11
7
6
5
52
7
15
7
7
6
7
5
7
7
7
5
9
4
13
7
11
15
10
7
10
4
7
5
8
4
13
11
13
12
9
9
9
17
17
11
11
22
5
16
11
7
16
4
8
13
6
4
4
5
8
8
4
11
5
11
11
13
6
7
11
12
6
7
11
9
5
15
5
9
7
11
11
6
11
10
7
4
5
10
8
10
11
11
14
6
20
13
9
9
6
9
6
11
9
8
8
11
13
13
7
9
19
11
4
13
9
15
7
7
9
17
11
7
9
9
11
10
5
8
7
8
19
9
9
7
15
10
15
13
11
6
9
8
4
6
8
7
7
13
6
11
11
4
4
7
9
15
8
4
6
6
8
9
7
10
11
6
7
9
4
6
6
7
13
6
6
6
4
9
7
11
6
7
7
9
4
6
6
6
9
8
9
4
8
6
10
9
5
4
9
7
11
5
10
13
12
7
7
11
9
10
16
4
7
4
8
6
4
4
8
8
5
7
11
6
10
7
5
5
11
14
4
5
2
0
2
4
2
2
2
2
2
2
2
0
2
2
4
2
2
2
2
4
2
2
2
2
2
2
2
0
2
2
0
2
2
2
0
0
2
2
0
2
2
2
2
0
2
0
2
2
2
0
2
1
2
0
2
1
2
2
0
2
4
2
1
2
0
1
0
2
1
2
2
2
0
0
2
0
0
4
0
2
1
2
0
2
2
0
1
2
2
2
2
2
2
2
1
2
4
2
3
0
2
2
2
2
3
2
4
1
2
1
2
2
2
2
3
2
3
4
2
2
2
2
1
2
2
2
2
1
6
5
4
0
2
2
2
2
1
2
0
2
2
2
1
0
4
2
2
2
2
3
0
3
2
4
4
0
2
2
0
2
2
2
2
2
1
2
0
0
1
1
2
2
2
2
2
2
2
3
0
2
2
2
1
2
2
2
2
2
4
2
3
2
2
4
1
2
0
2
1
3
2
2
2
2
2
2
2
0
3
2
1
0
2
2
2
2
1
2
2
4
2
0
2
0
2
0
4
4
2
1
3
2
1
2
2
1
2
2
2
2
2
2
2
2
3
2
2
2
2
2
2
3
0
2
2
1
2
2
2
2
3
2
2
0
2
2
0
2
2
2
0
2
1
0
4
5
2
1
0
1
1
3
1
2
0
2
2
2
0
2
4
2
1
0
2
3
0
0
2
2
2
2
2
0
2
2
0
0
5
2
2
7
2
0
1
4
5
13
2
4
6
1
4
6
4
13
7
7
5
0
9
4
5
2
11
4
8
13
9
10
2
13
0
5
18
5
8
4
14
9
5
4
8
4
2
5
4
4
2
4
2
5
5
6
5
4
2
2
5
3
4
4
4
1
2
0
5
5
0
2
0
0
6
4
8
4
4
4
6
9
2
5
2
2
3
3
8
4
2
2
6
0
2
4
0
2
4
2
2
12
4
2
6
4
4
1
15
7
2
12
7
8
9
5
7
0
4
12
4
2
5
2
1
16
9
6
3
2
0
4
4
9
1
5
0
1
4
5
9
2
4
5
5
4
1
9
13
14
3
3
3
6
2
1
3
6
7
2
8
4
4
1
1
3
2
6
0
4
5
4
1
7
6
12
9
1
2
3
1
6
3
5
5
3
4
3
1
2
1
1
8
5
5
0
1
8
1
5
1
3
4
1
0
1
7
1
0
0
0
0
5
1
3
0
4
1
4
1
3
0
3
1
1
1
0
2
2
2
0
2
2
2
8
0
3
4
2
6
3
3
2
4
4
0
1
0
0
8
1
0
3
2
1
0
7
3
2
7
8
2
1
4
4
6
2
3
31
19
10
21
14
15
12
17
12
29
8
29
25
24
12
6
10
27
6
10
33
14
19
23
17
25
8
12
8
19
10
27
14
14
17
14
49
21
33
21
25
8
6
25
14
23
12
37
17
29
21
15
10
17
17
23
10
10
16
10
21
56
21
33
35
23
14
16
12
17
12
47
21
30
17
25
81
8
14
35
33
8
19
25
12
8
8
15
19
31
12
8
12
14
25
25
35
19
37
12
66
29
25
35
23
21
60
16
23
54
19
19
21
17
35
31
33
21
19
16
23
37
10
17
35
27
21
39
17
25
16
8
12
29
41
35
27
35
12
37
41
60
45
58
16
50
54
14
39
19
21
17
49
16
14
23
27
45
80
14
33
50
15
25
19
25
25
29
29
25
27
17
16
14
17
10
16
12
12
16
54
16
23
16
14
14
21
16
16
10
18
10
33
21
14
10
8
17
16
14
17
16
12
15
12
31
10
16
31
21
41
14
27
14
6
39
10
27
54
10
8
12
31
16
14
23
31
8
23
31
12
12
37
29
8
10
10
31
12
21
29
9
10
27
17
16
14
16
12
12
29
27
12
29
23
27
14
25
15
12
54
23
23
31
17
41
19
23
49
29
25
25
29
14
27
52
13
33
37
56
14
10
31
23
14
54
58
31
2
15
35
29
41
9
9
2
3
7
7
15
15
11
15
7
3
35
2
7
3
7
0
13
2
11
7
5
2
21
23
19
5
11
0
9
48
3
3
0
17
31
7
17
2
25
27
5
11
2
2
5
0
11
5
5
17
13
15
7
13
3
3
7
0
9
23
3
3
9
33
0
7
2
0
3
7
9
0
3
15
0
9
3
2
5
5
5
7
11
9
3
5
3
5
3
7
2
11
0
9
3
7
5
5
9
11
2
0
5
0
3
3
7
5
19
3
2
7
2
9
5
7
9
11
7
5
2
15
23
3
9
9
3
3
7
3
2
17
9
13
5
3
0
27
3
13
7
7
5
11
15
2
13
5
9
9
7
21
7
7
15
21
7
2
3
5
3
2
2
9
17
5
5
13
2
0
25
11
11
15
29
23
19
7
27
13
21
13
0
3
5
13
11
9
13
5
41
5
5
9
9
5
7
11
9
0
13
7
17
5
15
3
23
0
9
11
21
5
9
2
9
3
11
15
15
43
15
2
13
13
7
15
3
9
3
9
5
5
5
39
9
5
9
5
15
3
15
5
39
2
7
7
11
7
15
2
5
5
45
2
7
7
3
5
11
3
2
5
0
11
5
9
5
7
13
5
7
3
7
7
5
11
7
5
2
17
0
33
18
15
30
27
44
26
26
20
30
27
24
25
11
23
23
9
18
19
26
14
21
29
25
24
21
19
21
23
23
29
21
35
21
26
22
19
32
17
27
0
26
32
32
40
42
23
13
42
19
34
30
45
17
21
31
24
41
33
18
35
22
15
30
24
16
23
28
26
28
19
35
18
24
42
21
33
35
35
18
30
31
32
42
40
34
39
32
42
33
24
47
35
29
45
59
34
32
17
42
82
23
28
24
24
62
19
24
28
19
30
29
33
38
26
48
30
36
24
33
29
14
20
40
31
24
31
16
28
27
39
33
39
26
39
27
13
38
46
17
28
34
28
18
55
34
39
41
53
25
25
33
17
33
37
24
40
53
11
44
22
24
21
38
42
22
35
38
33
25
41
30
28
38
34
35
40
28
36
19
41
25
46
10
24
38
14
25
14
25
61
36
19
48
38
30
38
36
25
35
34
22
39
41
37
40
23
19
24
27
33
35
31
21
33
35
35
51
21
42
28
19
35
30
27
44
19
31
21
37
23
35
42
39
27
24
35
29
37
44
17
22
19
47
26
17
23
30
27
32
34
12
29
13
24
25
15
36
25
31
46
21
14
24
38
42
32
38
19
17
22
9
28
42
20
38
25
15
24
18
15
19
15
37
17
41
54
32
0
0
2
2
0
0
4
4
4
2
0
0
4
2
4
4
2
2
6
4
0
0
6
2
0
2
2
2
0
0
0
0
6
4
0
2
0
0
0
2
2
0
2
0
6
2
8
8
6
4
11
2
9
2
6
4
6
4
0
0
4
2
0
6
2
0
2
8
4
6
2
0
2
2
6
6
4
6
0
4
2
4
2
0
2
2
2
2
2
4
6
2
4
2
0
2
2
0
2
4
4
2
2
4
0
4
2
2
2
2
2
4
4
4
2
0
2
4
2
6
2
8
2
2
2
0
2
6
0
6
6
6
2
4
9
2
6
4
2
2
2
6
4
8
10
4
2
4
6
7
6
4
4
0
4
0
2
2
2
4
2
2
2
10
2
4
8
0
4
6
4
4
2
0
4
6
2
4
0
4
2
4
6
0
4
4
2
6
4
4
6
4
0
2
0
2
0
9
6
2
2
4
0
2
6
4
0
6
2
0
2
0
4
4
2
8
4
2
4
0
0
0
2
2
2
2
2
2
8
0
6
2
0
2
2
2
4
2
2
6
4
0
0
2
4
2
2
2
4
2
2
2
6
0
4
2
0
4
4
2
4
2
0
2
2
2
8
0
2
4
2
0
2
2
4
4
2
8
2
4
0
6
6
2
0
2
6
2
19
8
15
13
21
9
17
8
8
15
6
6
13
13
11
13
15
6
11
8
13
48
17
13
11
15
15
13
11
15
10
13
10
13
15
11
8
17
10
13
13
21
17
25
10
17
11
11
17
6
4
11
10
15
10
10
10
15
8
13
10
13
11
11
6
15
10
23
8
13
15
11
11
19
8
17
15
17
9
11
8
13
11
17
13
15
9
10
19
8
13
10
11
27
10
6
15
15
10
23
15
11
21
17
9
21
23
11
11
19
21
21
13
15
11
15
15
11
17
15
29
15
13
9
21
19
6
68
25
34
10
15
25
15
17
21
19
15
17
22
13
21
15
10
11
11
25
19
15
10
19
27
26
25
19
21
13
28
34
10
23
34
21
32
25
15
27
34
36
15
30
27
36
23
13
13
42
17
19
21
25
27
61
15
10
27
32
23
9
25
10
15
12
10
10
19
23
13
15
17
19
17
13
15
23
11
21
27
6
11
17
13
4
19
15
13
21
8
11
10
13
11
11
10
11
13
13
11
10
21
6
13
13
6
8
10
10
10
11
9
13
13
13
15
21
13
10
11
8
11
11
11
17
10
6
11
9
13
17
10
6
17
13
11
9
11
8
10
4
8
13
15
6
11
8
11
13
25
6
10
4
10
10
6
4
9
15
17
14
18
0
21
0
0
0
0
0
0
0
9
10
0
19
11
7
0
21
11
4
0
0
11
11
7
15
10
0
6
0
0
0
0
0
10
22
24
25
0
10
11
12
11
5
7
7
3
0
0
0
0
0
0
1
0
0
0
0
0
16
15
22
19
8
10
12
7
10
25
6
3
0
14
12
0
0
0
0
0
0
8
0
0
13
4
15
14
13
17
13
12
7
7
6
6
17
0
0
0
0
0
0
0
0
8
0
0
8
10
10
16
10
9
10
13
1
12
2
3
12
7
0
0
0
0
0
0
1
0
0
14
20
0
14
19
11
7
12
12
12
11
9
23
0
0
0
0
0
0
0
0
0
0
0
0
16
17
20
21
11
1
12
10
0
9
2
11
0
0
0
0
0
0
0
0
0
0
0
0
10
1
18
16
10
0
0
11
3
11
10
8
11
11
12
0
0
0
0
0
0
0
0
9
1
21
28
42
17
19
14
3
5
0
12
14
0
0
0
0
0
0
0
0
0
0
0
0
12
19
5
11
12
11
16
0
17
11
0
0
0
10
6
0
0
3
19
12
0
6
8
9
2
0
0
10
0
14
0
13
8
8
0
9
3
4
0
10
0
8
0
15
0
8
6
5
9
9
0
7
27
7
0
0
3
10
14
8
