0
2
2
2
2
0
0
0
0
2
2
2
0
2
3
2
0
0
0
0
2
0
2
3
0
2
2
0
0
2
2
2
2
0
0
2
2
2
0
0
0
3
2
5
2
2
0
2
0
2
2
7
2
2
0
0
3
0
2
2
2
0
2
2
0
2
5
3
9
11
3
2
0
5
0
0
0
2
3
0
0
0
0
4
2
2
1
0
0
2
2
0
0
3
3
0
0
2
2
0
2
0
3
2
0
1
1
0
1
0
2
2
0
2
2
2
3
2
0
2
2
0
0
2
0
2
2
2
2
2
0
0
2
0
3
0
2
2
0
2
0
0
2
2
1
2
2
2
2
2
2
3
3
0
0
0
2
2
0
1
1
2
3
0
2
2
0
1
0
0
1
0
3
0
0
0
0
1
2
2
2
0
1
3
2
2
1
0
1
2
2
2
0
2
2
3
2
2
0
1
1
0
0
0
2
1
2
2
2
0
2
2
2
2
0
0
0
2
3
1
0
0
2
0
2
1
0
0
1
1
3
0
0
0
4
4
2
0
2
2
2
2
2
0
0
0
2
2
2
0
4
2
2
2
2
4
2
3
2
0
0
0
1
1
2
0
1
2
2
2
0
1
2
0
0
14
2
2
0
0
0
2
2
2
3
0
0
2
0
0
2
2
0
8
7
0
0
0
2
0
2
0
0
0
2
2
2
0
4
9
0
2
2
0
8
8
0
6
0
0
0
0
0
0
2
2
4
2
0
0
4
2
0
0
2
0
0
8
0
0
0
0
4
4
2
0
0
2
2
2
0
0
0
0
0
8
0
4
4
0
9
0
0
18
0
2
0
0
0
4
0
4
0
0
0
0
2
3
4
4
7
0
0
2
4
5
4
2
6
6
2
2
0
0
0
0
7
7
8
2
4
0
0
0
0
2
0
0
0
2
0
4
0
0
10
0
0
2
4
0
2
2
0
0
0
4
0
0
15
4
0
4
0
6
7
0
2
0
2
9
0
0
11
2
4
6
11
11
0
25
21
2
4
2
0
5
9
11
9
2
2
0
0
2
10
9
7
2
2
70
1
0
0
2
8
0
0
0
0
24
2
0
9
11
5
4
6
5
2
0
0
9
2
2
12
6
4
19
4
13
2
4
0
5
9
17
5
17
6
4
0
2
5
0
2
17
4
4
6
0
6
10
4
17
20
9
2
7
5
7
7
10
0
2
0
4
0
11
2
2
0
2
9
4
9
0
0
8
0
0
0
2
0
4
2
4
2
0
5
0
9
23
0
0
7
2
0
0
0
0
0
0
2
0
15
2
4
10
0
0
29
6
2
2
2
2
4
4
2
0
4
0
0
6
0
8
0
2
0
6
2
0
2
2
4
2
4
8
4
0
0
4
4
0
2
0
6
0
6
2
4
12
2
2
4
6
0
6
0
0
8
4
4
2
6
2
0
6
4
0
2
2
2
6
4
0
4
4
2
0
0
9
0
8
0
8
2
2
0
2
6
0
0
4
2
8
6
4
8
4
0
2
4
4
2
4
10
0
6
0
6
4
4
6
8
0
6
6
4
10
5
7
2
0
2
0
5
6
24
2
6
2
8
4
2
2
8
0
2
2
2
0
2
0
0
2
0
10
4
4
0
2
0
4
0
0
6
6
6
2
2
2
12
0
4
0
0
4
5
0
4
2
2
2
0
2
0
0
2
2
8
0
6
2
4
6
0
6
0
69
0
10
8
4
0
2
0
4
6
2
2
0
6
4
8
6
8
0
2
31
0
0
2
0
0
4
4
2
6
2
0
0
2
0
6
0
2
2
2
2
4
6
8
0
2
4
7
8
0
2
2
0
4
0
2
0
2
4
2
2
4
2
0
8
4
2
6
0
4
4
4
4
0
6
2
6
4
0
2
2
6
0
2
2
6
2
0
6
0
0
2
2
2
2
0
6
4
2
2
6
99
8
0
8
6
4
4
2
2
6
4
0
4
8
2
2
4
4
0
4
6
4
6
2
6
2
4
2
0
2
0
4
2
8
2
2
6
2
2
4
6
2
2
0
0
8
2
6
0
4
13
0
24
6
4
6
2
17
2
2
4
6
5
0
4
2
2
2
4
6
4
0
6
4
2
2
4
4
0
2
7
4
14
4
2
0
6
0
2
2
2
0
2
6
6
2
0
13
2
6
2
0
5
6
6
2
2
11
2
4
3
4
4
15
0
2
2
2
0
4
2
2
8
4
2
8
4
2
4
2
4
2
4
0
2
4
2
5
4
2
2
4
6
2
2
0
2
0
2
2
2
4
7
2
4
2
2
5
2
2
0
4
4
2
2
2
14
4
6
2
0
0
0
2
4
0
4
2
4
0
2
2
0
6
2
2
0
2
2
7
2
4
0
6
6
6
4
2
2
2
2
6
2
14
2
4
2
13
4
4
0
0
4
2
4
2
8
0
8
15
5
0
4
8
2
2
4
4
0
2
2
20
4
13
4
4
6
4
4
2
4
2
2
2
4
2
2
16
4
2
3
2
4
6
2
6
2
0
2
0
4
6
2
2
2
4
2
6
2
4
8
0
0
2
4
4
2
6
2
5
11
2
4
2
8
2
2
6
17
6
6
4
3
2
0
2
2
1
3
0
0
1
0
0
0
1
1
8
1
1
1
0
2
2
3
2
1
0
0
0
0
1
4
1
2
0
9
3
0
0
0
2
1
1
2
4
1
2
2
6
1
0
0
1
0
0
0
0
2
4
0
1
5
1
0
1
2
0
3
5
7
4
4
2
10
6
0
1
2
0
1
2
0
0
1
0
1
0
0
0
0
2
1
1
1
1
2
0
1
1
1
7
0
2
2
2
1
1
1
1
1
0
1
1
0
1
2
1
0
0
2
1
2
2
6
6
5
0
0
3
6
0
1
0
0
0
0
0
0
1
2
1
0
2
0
1
0
0
1
3
5
0
1
2
4
1
8
0
2
3
0
0
0
0
2
6
0
2
1
1
2
0
0
1
1
1
0
1
2
1
1
1
0
2
4
2
2
0
1
1
0
2
2
0
3
1
6
1
1
0
1
0
1
3
0
5
1
1
0
0
2
0
1
0
9
0
2
2
1
2
1
0
1
5
9
1
5
1
0
1
0
5
7
2
0
3
1
0
0
1
2
0
0
1
0
0
1
1
0
1
0
0
2
1
3
0
1
7
1
0
1
5
3
0
5
2
0
3
1
2
5
0
0
0
0
0
0
0
2
1
0
0
2
2
5
2
1
3
5
1
0
0
24
0
15
12
15
0
0
0
11
0
0
18
0
0
7
4
0
0
0
2
20
15
3
15
0
0
0
8
0
15
0
5
0
0
8
0
17
13
0
0
0
0
2
0
13
11
0
0
13
13
0
15
8
0
10
0
0
0
0
2
0
0
0
0
0
15
10
23
32
0
0
0
19
16
0
13
7
0
0
0
9
0
13
28
2
0
0
27
0
15
24
7
4
0
27
7
0
0
11
17
0
4
8
11
2
4
0
0
15
0
4
0
7
34
0
32
0
0
2
0
7
0
13
0
0
0
2
2
0
4
0
0
0
2
0
0
19
17
0
4
15
0
0
0
2
0
0
17
13
15
0
13
9
0
2
7
0
0
0
9
0
15
11
0
0
18
10
13
0
4
0
0
2
0
13
0
0
0
13
0
0
0
4
7
0
10
4
15
2
4
2
24
0
0
2
11
0
0
2
0
0
14
10
6
0
0
0
11
11
0
0
0
0
0
13
0
0
0
13
5
0
0
11
4
32
4
0
0
4
29
13
0
4
2
0
5
0
0
15
0
0
4
0
0
17
11
2
28
2
13
6
7
4
13
0
14
0
10
17
12
19
13
4
13
0
13
0
17
0
0
0
7
7
13
9
13
0
0
0
0
11
29
2
0
4
10
22
45
25
25
0
39
0
0
0
0
0
24
18
15
0
0
17
24
13
20
0
0
2
16
19
13
0
0
15
9
13
17
0
0
27
19
22
12
17
24
21
0
23
0
0
0
10
15
0
0
0
19
21
18
19
0
0
0
8
17
18
0
19
18
0
22
0
0
0
0
9
22
22
22
0
6
0
23
20
20
23
0
6
23
0
2
0
0
19
20
16
20
27
0
24
22
0
4
0
0
22
2
22
0
0
0
15
17
21
0
11
17
10
11
18
25
0
0
4
21
0
0
3
19
0
10
13
14
0
0
2
15
16
15
0
21
28
31
19
12
0
0
16
18
25
0
16
0
0
18
13
21
0
0
0
17
3
21
14
17
16
0
20
0
0
0
0
18
23
0
0
13
0
24
0
26
0
0
0
28
13
0
0
2
0
21
0
15
0
24
0
13
0
0
2
21
22
3
22
29
0
0
27
19
20
0
0
24
0
16
22
0
0
0
28
23
20
15
0
0
2
19
0
0
0
0
15
21
20
21
20
11
14
35
23
0
0
0
0
28
15
0
5
0
23
0
20
0
0
0
29
26
0
19
0
61
0
0
0
0
0
0
17
0
22
21
15
16
29
0
0
0
0
0
20
25
20
3
27
46
29
0
0
0
0
0
29
14
29
27
16
19
27
14
16
19
16
29
23
10
10
8
14
12
16
16
17
14
18
16
19
10
8
16
15
19
14
12
33
14
12
21
14
8
21
18
21
16
8
29
39
12
23
29
35
25
25
35
17
27
29
19
12
23
20
37
29
16
59
16
21
45
41
26
10
14
19
25
14
14
18
6
27
4
18
8
25
20
16
10
37
12
25
16
14
21
66
10
16
23
16
10
21
8
25
14
16
23
25
16
16
35
27
27
18
23
12
39
6
27
41
59
25
58
19
59
10
14
25
21
27
19
40
33
21
33
12
23
16
14
31
45
23
21
25
23
29
10
41
41
33
25
8
29
39
19
10
33
20
14
21
57
18
16
37
35
21
49
19
29
23
20
31
25
39
12
62
12
23
23
8
31
14
37
50
16
39
18
13
16
50
21
55
14
35
14
45
33
35
43
20
45
23
12
20
31
19
39
8
29
25
31
47
27
6
14
23
12
12
16
8
6
12
14
12
10
6
25
12
14
8
16
12
8
31
16
8
16
23
18
6
10
6
23
10
47
14
36
8
10
19
25
14
12
12
14
14
21
16
12
19
14
10
23
12
35
12
8
8
10
16
8
8
27
14
6
8
14
6
10
18
16
18
20
42
17
25
21
18
10
12
8
20
18
6
18
29
36
34
40
34
25
39
46
44
45
29
25
29
33
43
39
24
45
28
43
45
28
40
32
44
29
31
30
29
44
40
43
43
39
38
31
39
32
45
41
41
34
36
45
40
36
41
42
43
40
32
31
41
31
40
28
46
35
38
40
47
46
45
39
42
29
40
41
47
37
43
46
43
33
31
23
43
42
25
36
45
31
36
31
45
47
43
35
40
29
29
37
29
34
40
33
39
42
43
40
44
31
41
34
40
44
41
42
41
35
43
31
31
30
49
29
46
32
44
43
31
29
33
44
38
43
40
38
40
31
44
39
47
41
47
42
42
43
41
35
42
41
44
44
45
41
41
37
45
28
41
44
42
27
40
46
46
38
35
28
29
31
41
42
31
30
41
43
44
41
42
22
29
26
39
46
44
45
43
31
39
28
42
46
36
41
28
43
31
25
44
44
38
44
43
42
43
41
41
36
43
35
39
31
41
36
30
30
28
28
33
36
47
39
43
34
18
33
36
43
39
43
43
41
43
32
33
39
44
29
29
31
29
27
28
32
40
23
42
30
42
27
29
35
44
26
23
44
44
40
40
39
41
29
23
46
27
19
38
25
46
42
27
41
46
25
30
32
42
31
28
41
29
28
39
30
27
37
42
38
28
28
30
25
27
26
28
45
64
11
33
23
45
48
20
45
30
40
50
38
51
45
32
15
34
11
11
57
43
34
53
8
18
33
32
39
34
32
38
6
51
13
13
9
9
9
31
29
11
35
19
18
9
10
34
65
13
55
34
61
26
24
14
53
7
15
54
27
42
6
36
38
44
32
37
58
47
49
14
58
28
7
22
39
31
33
34
33
25
12
58
62
59
53
38
53
5
51
32
56
21
51
53
50
16
49
24
36
38
37
29
42
32
40
36
58
11
61
37
41
39
29
63
43
36
49
54
47
65
73
34
29
22
59
39
57
24
62
25
52
63
11
30
61
37
26
48
31
53
65
39
34
6
11
54
50
57
46
44
50
51
62
15
23
50
51
53
37
40
30
27
23
23
11
58
9
24
57
23
35
41
51
30
51
20
47
15
19
5
20
49
37
34
55
11
39
13
8
11
18
34
15
53
12
36
12
11
7
43
52
49
12
33
18
26
47
5
22
18
54
55
11
33
25
29
18
38
13
8
36
10
8
23
14
58
38
35
36
38
33
60
51
35
44
41
27
31
22
53
39
13
45
59
50
53
44
35
29
51
55
42
26
41
53
42
38
36
44
32
40
62
38
49
10
14
8
33
50
39
25
38
47
46
43
29
59
31
50
49
53
32
33
28
35
35
45
