4
12
12
8
4
10
6
6
12
0
10
6
2
14
0
6
4
6
4
4
2
8
8
4
6
4
6
4
0
10
2
4
4
4
10
0
6
10
4
8
0
10
14
0
6
8
4
2
8
6
10
8
6
6
8
6
8
4
2
4
8
6
6
6
6
6
10
6
14
6
6
6
6
2
2
4
6
10
12
6
8
8
8
2
6
6
6
2
10
10
6
6
6
4
2
0
8
10
4
6
0
6
6
6
4
6
4
0
10
8
8
4
12
4
2
6
6
6
6
0
6
2
4
6
4
10
4
10
8
4
4
2
4
10
6
0
6
14
12
4
8
10
10
4
10
0
8
6
10
10
12
10
6
6
4
4
8
12
10
6
10
10
10
6
6
10
6
0
10
12
4
8
12
6
12
6
6
12
10
10
8
14
2
6
6
8
14
10
2
10
8
2
8
8
4
12
4
6
6
10
0
14
6
4
8
6
8
8
4
2
10
10
8
12
14
8
14
12
2
16
10
12
12
8
8
10
12
4
8
6
4
6
8
10
10
10
2
8
10
8
16
2
6
8
14
10
10
10
6
12
12
4
8
12
6
10
10
10
12
12
8
12
12
4
6
6
4
10
6
8
0
12
12
8
10
0
10
10
6
12
10
8
10
10
4
6
8
8
8
8
12
65
10
8
12
12
16
8
0
6
10
10
18
6
12
14
8
12
12
8
4
4
4
8
10
6
10
8
4
8
6
4
14
6
6
10
4
10
6
8
8
12
10
8
14
0
6
10
12
8
51
4
12
10
8
12
8
4
8
8
22
12
12
14
8
12
16
14
10
4
10
8
14
8
14
6
6
8
6
12
16
6
2
8
4
12
8
10
6
12
12
8
8
4
10
8
8
14
16
8
10
10
4
8
14
2
8
2
8
10
10
6
14
6
10
6
12
4
10
10
10
6
18
6
10
4
16
8
12
4
10
16
4
14
4
6
8
14
10
10
10
8
6
8
12
12
8
10
12
10
6
4
14
6
8
16
14
47
10
8
10
10
18
12
4
0
12
8
16
6
12
10
2
8
12
6
10
8
12
10
10
8
10
6
10
8
10
10
4
4
2
8
8
8
0
8
8
12
6
4
4
0
8
10
12
10
6
10
10
6
10
16
10
4
14
55
4
14
10
10
6
47
0
2
8
6
4
41
6
12
6
10
8
67
2
8
8
12
10
75
4
14
10
10
8
77
10
8
12
4
8
16
6
0
2
8
8
6
2
6
10
0
16
12
6
6
10
4
4
12
8
14
6
10
4
8
10
6
12
6
14
4
10
8
0
6
23
22
26
25
17
32
36
29
61
23
11
30
25
25
36
38
28
31
19
13
22
35
11
21
23
24
45
36
19
27
17
17
9
6
48
23
21
32
17
29
35
49
57
27
51
33
29
34
19
15
29
27
15
8
15
23
17
8
13
27
17
17
35
18
63
32
12
21
44
26
19
37
21
23
47
29
25
44
65
25
38
17
27
40
17
13
21
28
35
51
38
23
17
25
44
27
52
31
49
30
13
44
21
17
27
38
50
25
24
33
13
37
34
25
32
27
17
27
37
34
12
29
15
40
19
27
38
21
27
15
48
23
36
21
21
38
42
53
19
30
15
25
15
37
15
25
27
23
21
36
13
29
32
19
37
15
25
27
13
88
13
49
27
28
34
19
17
33
35
15
15
15
25
33
46
46
13
15
75
37
50
46
44
33
42
15
15
29
32
10
15
63
30
42
17
29
34
25
33
19
59
50
65
39
30
43
36
42
17
23
35
33
46
17
21
21
32
23
34
32
6
19
13
27
21
29
21
21
21
27
23
31
19
23
34
21
27
19
22
30
15
29
37
13
15
9
21
21
32
17
17
11
19
11
11
13
12
19
6
8
4
13
4
11
10
6
10
6
11
2
4
6
4
10
11
0
6
9
2
2
6
11
2
4
11
8
8
6
4
5
6
6
2
7
5
5
5
4
4
3
4
5
1
2
3
1
6
3
2
5
4
3
3
2
4
2
7
4
2
4
5
2
2
6
5
2
7
3
3
4
4
3
3
1
4
1
6
7
7
2
4
5
4
7
5
3
2
1
5
3
4
2
2
3
4
4
2
4
2
0
5
2
0
3
3
8
3
3
3
4
3
5
7
2
3
2
3
4
2
2
2
2
3
4
2
2
2
2
5
5
4
3
2
4
1
1
2
3
2
3
3
0
4
2
3
1
4
3
5
3
5
4
3
4
2
1
4
4
1
2
4
2
2
1
2
6
4
3
6
2
4
2
2
6
6
1
3
5
5
6
2
3
1
4
6
4
5
6
5
3
5
6
3
2
4
4
5
2
4
0
2
5
5
2
4
3
3
4
5
4
3
2
0
1
1
0
0
5
4
1
1
4
2
3
3
2
1
2
1
1
4
0
3
4
3
3
4
1
2
1
1
3
6
5
6
4
1
4
2
2
2
3
3
2
4
4
1
2
2
0
5
1
6
4
2
3
0
0
4
8
2
0
0
3
0
3
2
4
5
1
2
7
4
2
6
1
5
3
3
1
4
7
4
1
5
2
3
5
1
4
2
4
0
5
2
2
6
2
3
2
2
3
4
0
1
6
14
11
7
24
19
12
13
12
14
13
19
13
12
12
13
17
8
13
11
12
12
12
16
10
12
18
15
16
16
19
22
21
17
15
17
25
23
14
19
19
22
15
8
10
19
15
17
16
18
18
13
17
20
17
17
24
12
14
21
18
19
23
15
20
15
17
13
16
17
12
10
13
14
15
10
11
15
20
15
9
11
21
15
13
11
23
13
15
29
15
14
9
19
24
21
17
22
19
19
17
23
16
13
18
21
23
16
12
13
17
13
24
21
19
13
18
21
19
15
18
20
21
20
21
17
15
15
22
13
15
23
22
17
22
26
26
22
26
22
11
20
11
19
17
18
13
14
15
15
17
13
17
14
12
17
15
18
19
21
15
18
17
16
15
15
19
15
17
17
15
16
17
19
23
23
21
15
23
17
15
14
16
18
23
13
15
14
19
19
13
17
17
14
15
20
15
17
15
16
21
22
16
19
19
15
14
26
22
16
21
22
17
23
12
15
19
15
17
24
15
17
14
15
19
21
13
17
17
15
14
17
18
15
15
17
21
26
19
19
16
14
17
18
15
21
21
14
18
19
17
17
16
16
16
15
13
15
16
20
16
23
15
25
11
21
17
9
17
24
15
15
17
14
17
14
15
19
19
19
21
15
15
11
19
15
17
15
12
3
6
9
5
6
5
5
2
5
9
12
10
8
6
6
6
3
7
7
9
6
7
2
10
9
10
10
9
6
7
3
22
6
8
6
13
8
14
7
8
7
9
9
8
8
10
7
7
7
14
8
7
7
18
9
8
21
10
7
7
7
8
10
11
5
7
6
7
9
5
8
7
3
8
4
10
13
12
16
11
14
6
12
7
4
7
11
4
8
9
9
19
10
13
7
5
18
6
7
8
6
9
11
11
8
7
10
10
9
12
8
8
7
8
5
7
8
6
7
7
20
9
12
11
7
12
9
10
7
5
7
6
5
9
14
9
7
9
11
10
8
9
4
10
10
5
12
11
9
7
10
15
17
13
9
7
6
9
5
9
11
10
12
10
12
10
6
7
10
7
14
7
8
7
9
15
13
8
12
7
10
7
4
4
12
8
5
9
10
7
7
9
10
10
11
8
9
12
12
5
12
9
13
8
11
12
10
7
8
7
6
7
8
14
14
13
13
7
12
12
8
11
12
11
13
9
11
9
7
12
8
8
8
8
5
21
8
7
5
12
8
5
6
11
9
5
15
10
9
11
9
14
8
6
6
6
4
4
14
8
9
6
8
11
10
13
11
6
11
9
6
9
12
11
6
5
10
10
11
7
8
4
7
11
4
12
7
12
37
29
36
36
22
30
31
21
35
31
36
33
37
37
37
34
25
36
38
23
35
32
35
35
37
36
35
33
27
30
30
27
33
32
38
37
34
37
37
32
22
30
37
23
37
36
33
38
38
32
37
32
28
38
35
24
37
37
33
33
33
37
33
37
27
36
37
28
38
37
29
35
34
37
32
38
23
37
38
27
37
37
38
38
31
37
33
37
24
31
37
27
36
38
37
35
36
32
37
38
26
35
38
27
30
30
35
36
38
36
35
32
28
34
32
27
36
36
37
32
38
37
36
38
23
36
32
27
37
37
37
32
37
32
36
32
21
31
37
21
35
34
28
33
35
30
33
33
27
31
29
22
34
29
35
32
34
33
33
30
27
32
36
24
33
37
32
26
37
32
29
36
20
30
26
29
24
25
37
26
35
31
36
31
24
26
34
24
34
30
28
31
36
36
31
32
27
34
33
24
34
31
37
31
37
35
34
32
25
29
31
28
31
34
33
33
32
32
37
38
27
31
31
26
30
36
32
28
32
35
31
37
31
33
31
21
32
30
31
37
36
31
36
34
26
36
33
27
30
33
32
31
34
31
38
36
22
38
32
25
37
36
29
38
33
38
32
37
23
29
31
23
35
37
28
37
36
30
36
32
30
35
32
23
32
31
22
35
6
5
2
6
6
4
6
9
18
6
6
3
4
7
2
14
2
2
4
2
2
2
4
2
7
6
4
7
4
6
4
13
15
3
4
6
8
8
6
6
8
0
0
4
18
4
6
7
2
3
4
4
2
10
4
7
4
2
4
4
11
0
6
14
4
17
6
8
6
7
13
4
0
6
8
4
2
0
6
2
11
7
5
6
6
7
2
7
2
15
4
4
4
4
15
4
6
7
7
6
4
6
4
19
7
10
5
6
5
6
4
9
9
8
8
5
0
6
2
5
7
2
21
3
4
6
2
5
4
4
4
11
5
4
4
5
6
7
3
4
4
2
7
8
4
14
2
8
14
8
4
11
13
6
4
7
7
5
6
4
2
2
2
0
6
15
6
2
9
7
7
0
12
4
6
6
4
6
4
5
8
3
18
4
4
2
6
17
4
6
2
6
2
15
5
7
6
6
6
3
2
2
6
4
4
8
11
4
6
3
10
8
4
4
14
0
4
7
4
6
0
4
0
5
11
7
4
11
7
5
6
4
4
4
5
4
4
8
4
4
2
6
4
5
4
15
0
6
8
4
6
4
5
2
8
6
7
2
4
5
6
18
0
6
13
5
5
4
2
2
15
2
2
4
8
13
10
12
15
14
7
11
8
4
10
4
15
15
18
17
19
16
15
14
17
17
17
18
19
14
15
16
18
14
20
15
14
19
15
19
14
11
16
14
19
16
15
15
19
18
16
18
16
18
19
20
20
19
19
19
18
19
19
19
19
19
19
20
19
19
19
19
20
19
19
20
20
14
18
18
19
19
19
18
19
19
19
19
19
17
18
19
19
19
19
19
19
19
20
19
19
18
16
18
19
18
19
19
17
19
19
19
20
18
19
19
20
19
20
19
19
19
19
19
19
18
18
19
19
18
18
19
19
19
19
18
20
15
18
17
19
18
18
18
18
20
18
18
18
15
18
19
19
19
19
19
18
20
18
19
20
18
18
19
19
19
19
18
20
20
19
19
19
13
18
15
16
19
17
19
19
17
19
13
19
14
18
19
15
19
19
18
20
19
19
17
19
15
18
19
16
19
17
16
19
19
19
19
20
19
16
19
19
19
19
19
19
20
19
19
17
19
19
19
19
19
19
19
20
19
19
19
18
15
19
19
17
19
17
18
19
19
19
19
19
18
19
19
19
19
19
18
19
20
20
19
19
19
19
20
19
19
19
19
19
19
20
19
18
15
19
19
20
19
19
17
19
19
19
19
19
19
18
19
19
18
20
18
19
19
19
19
19
18
16
17
19
17
19
18
19
19
19
19
19
17
16
28
2
0
19
1
18
0
1
18
0
20
21
6
30
20
0
18
0
15
0
19
0
19
26
9
31
0
21
0
18
2
32
20
3
0
21
20
23
2
0
14
0
10
0
20
21
26
2
19
17
0
13
13
25
0
24
22
18
0
4
20
0
0
3
13
18
2
27
24
0
21
4
17
0
15
5
17
0
27
0
0
27
21
17
8
0
28
1
0
15
10
24
1
22
0
19
19
0
21
14
0
0
18
16
19
22
7
12
8
26
20
4
11
13
19
6
10
0
2
19
24
27
15
7
14
9
0
27
13
16
0
8
16
17
5
17
1
29
0
2
19
19
0
19
16
20
20
0
0
22
0
32
18
17
0
15
22
17
0
14
13
20
0
23
22
17
0
17
19
0
28
14
15
0
28
0
26
16
0
18
18
13
2
18
1
15
0
0
18
0
18
18
18
0
26
6
18
0
22
0
20
1
19
17
22
29
0
0
1
13
18
0
20
0
22
21
2
0
22
0
14
2
15
0
14
0
0
10
8
15
0
22
1
17
0
20
2
1
0
3
4
0
1
0
0
0
19
17
0
19
0
23
0
0
5
1
7
0
1
0
3
0
0
31
0
0
5
0
0
0
3
0
0
0
13
19
0
1
3
13
17
14
0
17
0
18
0
