11
8
13
11
9
12
7
9
13
6
9
9
11
13
8
17
5
5
11
7
10
9
10
6
8
8
17
13
8
11
7
8
11
8
21
8
2
9
11
9
13
10
9
8
15
7
18
13
9
8
4
6
7
13
8
10
11
15
7
17
11
11
15
7
16
9
15
23
10
21
15
9
23
6
19
17
11
11
7
15
9
12
9
15
2
11
9
13
7
13
9
7
4
11
13
7
6
7
8
10
8
19
13
9
2
6
8
13
6
11
8
23
11
8
8
11
10
11
4
13
4
14
9
6
9
6
4
11
9
14
11
9
7
15
14
11
9
8
21
9
15
20
9
4
21
11
9
11
9
9
11
8
9
6
6
15
14
11
4
5
8
15
4
11
9
2
11
9
15
8
21
14
6
8
11
9
16
11
11
18
18
20
16
17
14
6
9
13
9
25
6
5
10
11
9
17
11
7
7
29
6
5
24
20
16
15
11
13
11
13
11
11
12
4
11
9
9
13
10
11
6
6
11
15
7
11
7
11
22
9
9
6
13
17
11
6
11
11
11
11
6
9
9
8
9
21
15
8
5
6
13
13
11
5
2
4
7
4
9
4
9
5
11
2
11
4
6
6
9
7
6
12
2
6
7
6
8
3
4
11
5
5
5
4
4
2
5
8
6
2
4
8
0
0
4
2
2
4
2
4
2
0
0
0
2
0
0
2
2
4
0
2
0
0
2
2
2
4
0
2
0
4
4
0
0
2
2
0
4
0
2
0
0
2
0
2
2
0
0
2
2
2
0
0
0
2
2
0
0
6
0
4
2
0
4
0
0
2
0
4
6
0
0
2
0
0
4
2
0
2
4
2
0
0
0
2
0
0
0
0
0
2
0
0
0
2
0
0
0
4
0
0
4
2
2
0
4
0
0
0
0
0
0
0
0
2
4
0
0
0
0
0
2
0
0
0
0
2
0
0
2
0
0
2
6
0
0
0
0
4
0
0
2
4
12
2
2
0
4
4
0
2
0
0
0
2
2
2
2
2
0
2
2
2
0
2
0
0
4
4
2
2
0
0
0
4
2
0
2
2
6
4
0
2
2
0
2
2
0
2
2
0
4
4
2
2
4
4
0
2
0
0
2
4
4
4
4
4
0
0
6
4
0
0
2
0
2
2
0
0
0
0
2
0
2
0
0
2
4
2
0
4
0
0
2
2
2
2
0
2
8
0
4
0
2
0
0
0
2
0
2
0
4
0
2
2
0
2
4
0
2
0
0
2
4
4
0
0
2
4
4
2
2
2
6
2
2
4
2
4
0
0
4
4
0
0
4
4
4
2
0
4
29
6
4
2
2
4
6
2
2
2
4
0
4
4
2
4
4
2
0
4
42
10
12
0
0
4
0
0
0
6
4
0
0
8
4
4
4
4
6
2
4
4
2
4
2
4
2
4
0
2
2
4
4
4
4
2
2
2
10
0
2
4
2
10
2
0
2
0
0
0
4
4
6
4
2
0
4
2
0
0
2
2
4
58
0
0
4
4
0
2
2
2
0
2
4
0
0
0
2
6
12
6
2
2
0
4
0
4
0
0
0
0
2
0
0
2
4
0
0
0
69
0
2
2
2
0
0
2
0
0
4
2
0
0
6
0
4
2
0
0
4
2
4
2
0
4
2
0
2
8
4
0
0
2
0
0
0
4
2
0
2
4
0
2
2
0
4
2
0
0
0
0
0
0
4
4
0
2
0
42
0
2
4
2
2
0
2
2
2
2
2
0
0
2
0
0
2
0
2
4
0
0
2
0
0
0
0
0
4
0
0
2
2
2
0
0
0
2
0
0
4
0
2
2
0
2
0
0
4
0
0
0
0
0
0
2
2
0
0
0
4
2
0
0
0
2
0
0
0
0
0
2
0
2
0
2
2
0
2
0
0
0
2
2
0
4
0
0
0
0
0
2
4
2
4
2
6
2
0
0
2
2
0
0
2
4
2
0
0
2
0
0
4
0
0
0
0
3
0
4
0
0
0
0
2
14
0
7
2
2
6
0
0
0
36
0
0
2
5
2
0
0
0
0
0
0
0
0
0
0
2
3
2
0
5
5
0
6
0
0
0
0
0
1
0
0
2
0
2
0
4
4
4
0
2
0
0
3
2
4
0
0
4
34
2
2
0
0
4
5
17
0
4
1
2
2
4
4
2
1
0
0
2
0
2
0
0
0
3
2
0
9
0
4
2
0
3
0
0
0
2
5
2
0
4
37
6
32
0
6
2
2
0
0
4
0
0
0
26
0
2
0
8
4
2
0
2
5
0
4
4
2
0
4
2
1
0
0
4
0
2
0
0
4
6
0
2
2
0
2
0
1
6
8
2
2
0
2
2
2
2
0
0
0
0
2
0
0
2
0
2
0
0
6
4
5
2
1
4
0
1
0
0
35
0
4
0
4
4
2
6
0
2
2
34
8
6
0
0
2
2
2
7
0
0
0
0
2
2
0
0
2
0
2
0
3
2
0
0
0
0
0
0
2
0
2
6
2
4
2
0
0
0
2
4
6
0
0
0
0
4
5
2
2
2
5
0
2
0
2
0
0
0
2
4
0
2
4
0
0
6
0
0
5
2
2
3
6
0
0
3
1
1
6
0
1
18
4
0
2
1
1
1
1
0
1
1
0
6
1
1
1
0
3
0
0
1
1
0
4
0
2
2
1
0
1
1
1
1
1
1
6
1
0
2
9
1
4
1
1
1
3
0
1
3
0
1
2
3
7
1
10
6
1
4
0
0
1
1
0
0
1
2
0
0
1
2
1
3
0
1
0
0
1
0
2
1
1
0
2
0
2
3
1
5
0
2
1
0
1
0
1
1
3
2
2
0
2
3
1
0
1
2
0
1
3
1
1
1
2
1
0
1
1
0
1
1
4
2
1
3
0
0
0
1
1
1
1
2
1
0
1
2
1
0
1
1
4
1
1
1
1
3
1
11
1
2
0
1
0
3
1
1
0
0
2
3
1
1
3
2
1
1
2
2
0
13
5
0
2
1
1
0
1
1
0
0
0
1
0
9
3
0
1
1
2
2
1
0
6
1
0
1
8
8
3
5
0
0
1
0
1
2
1
1
0
1
0
1
1
3
1
1
0
1
2
1
1
1
0
3
2
1
1
1
5
7
3
1
2
1
0
4
1
1
0
0
0
0
0
1
0
2
0
1
16
1
0
1
0
1
9
5
0
1
2
1
0
4
0
1
1
1
1
0
0
0
0
0
2
0
1
0
4
2
0
1
2
0
2
0
6
2
0
2
0
0
0
0
0
2
0
6
2
0
4
0
0
4
4
0
6
6
0
2
10
0
2
2
0
0
4
0
2
4
4
10
0
0
0
2
0
8
6
0
2
4
4
0
0
0
8
7
2
4
6
4
6
4
4
0
10
8
0
0
2
4
0
6
2
8
8
4
6
6
0
4
2
2
0
6
6
2
4
6
2
6
2
10
2
8
2
0
6
0
4
4
2
10
4
7
8
4
4
6
8
6
4
4
4
4
14
4
4
2
8
7
4
0
6
2
2
0
2
0
2
2
2
2
0
2
4
2
0
2
8
10
4
6
2
10
3
2
0
6
4
6
3
0
2
4
8
2
6
2
10
0
0
2
0
4
4
0
0
2
0
2
6
0
4
6
4
0
0
2
6
8
4
2
6
6
4
6
2
10
4
6
6
4
10
0
4
0
2
2
4
6
4
4
2
9
4
6
0
2
6
2
4
6
2
2
0
8
2
2
6
4
2
4
4
4
6
4
0
2
2
2
0
6
6
2
2
0
2
4
8
0
4
8
0
0
0
6
2
2
2
8
8
6
4
0
4
2
0
0
0
0
2
8
4
8
4
0
2
8
4
0
4
8
0
2
0
2
2
0
2
2
4
6
0
2
0
2
4
2
2
10
0
12
5
0
0
4
3
2
3
0
0
10
0
5
5
3
7
0
3
3
2
2
4
4
2
2
9
5
0
3
4
4
2
4
6
2
2
0
0
4
6
0
2
0
0
0
0
2
0
0
0
0
0
2
1
0
2
2
3
4
1
6
8
2
0
0
0
10
4
0
8
1
2
0
2
6
5
2
2
5
2
2
3
4
5
11
4
4
2
0
0
0
3
7
4
11
5
2
0
2
3
4
4
0
3
6
6
0
0
0
2
2
2
2
4
0
3
2
6
0
4
2
8
4
2
0
2
1
0
6
2
3
3
0
2
0
0
4
5
0
8
12
11
4
10
0
11
4
2
2
4
0
2
2
0
0
5
4
2
9
11
2
2
6
0
2
5
6
1
2
3
5
3
2
4
3
5
5
4
5
4
5
3
0
0
2
0
4
1
16
1
6
5
4
3
2
0
0
9
1
4
5
9
12
0
2
1
3
11
4
0
10
6
7
7
1
7
2
2
4
1
9
0
1
2
2
2
2
2
0
2
2
2
0
1
0
0
3
1
0
3
0
0
0
6
2
2
7
3
4
7
0
7
4
2
21
8
0
4
2
4
1
5
5
2
0
4
1
3
0
2
5
2
7
2
2
2
1
2
4
0
15
6
2
3
12
2
2
4
0
0
0
2
2
2
0
2
2
2
0
2
0
0
0
2
2
0
2
0
2
2
0
2
0
4
0
2
0
4
2
0
0
0
2
2
0
0
4
0
2
2
2
4
3
2
2
2
0
2
2
4
0
0
2
2
2
0
4
4
2
0
2
0
2
2
0
0
0
0
4
2
0
2
0
0
2
2
0
2
0
2
2
0
0
0
2
2
0
0
0
2
0
2
0
0
0
0
0
0
0
0
2
2
0
4
0
2
0
0
2
2
2
3
6
0
2
2
2
2
6
2
2
0
2
0
2
0
0
0
2
0
2
2
0
2
2
2
2
2
0
2
0
2
2
0
2
2
2
4
2
2
4
0
2
2
2
2
2
4
4
2
2
2
2
0
2
2
0
2
2
2
0
0
0
0
2
0
2
1
0
0
2
2
0
2
2
2
0
0
2
4
0
0
2
2
2
0
2
0
0
2
2
2
0
0
0
0
2
0
0
2
2
2
0
0
2
0
0
0
0
0
0
2
2
2
0
0
0
0
2
0
0
2
2
2
0
0
0
2
0
2
0
0
0
0
0
0
0
0
3
2
0
2
2
0
0
0
0
2
2
0
0
0
0
0
2
0
0
2
2
2
0
0
0
0
2
0
0
0
0
0
0
0
0
0
20
22
20
6
24
14
12
12
21
15
26
27
26
28
17
22
20
21
14
27
27
14
13
18
19
17
14
24
23
26
15
18
15
10
11
17
20
12
26
18
13
22
18
21
19
18
20
17
15
24
20
21
18
15
15
14
15
10
14
18
22
24
14
15
16
17
23
16
22
15
23
12
18
13
20
10
12
21
21
12
19
22
14
20
16
15
12
14
19
23
13
25
18
22
19
19
14
16
25
18
20
17
21
19
17
22
20
17
19
18
28
30
21
8
24
22
18
20
16
21
12
20
18
20
19
19
18
20
14
15
18
24
20
14
18
17
17
20
12
16
22
22
15
12
18
17
13
11
17
22
17
18
16
26
18
19
9
19
11
21
12
12
10
27
20
13
19
19
15
12
13
12
15
12
23
22
19
14
15
18
16
20
16
12
9
11
12
10
13
15
14
14
9
10
13
15
12
13
9
12
12
14
17
18
12
12
8
19
15
12
14
12
12
8
11
18
11
11
8
17
15
17
13
12
13
18
14
15
11
13
12
15
13
14
12
16
22
10
15
16
10
10
15
13
12
15
11
13
11
13
15
14
21
10
9
11
13
11
9
12
14
12
13
11
9
11
11
17
17
16
10
14
20
13
9
11
12
18
13
10
11
12
13
12
16
10
8
15
3
6
69
88
42
0
0
0
0
2
0
0
85
0
63
43
0
0
0
0
0
0
0
0
2
67
90
0
73
0
0
0
0
0
0
0
2
21
32
54
80
0
0
0
0
0
0
0
39
92
28
57
0
0
0
0
0
0
0
0
2
24
69
63
54
0
0
0
0
0
0
0
2
39
77
13
93
88
0
0
0
0
0
0
2
54
62
87
64
41
0
0
0
0
0
0
2
30
40
43
90
56
0
0
0
0
0
0
3
71
46
86
39
0
0
0
0
0
0
2
4
69
0
23
85
0
0
0
0
0
0
0
2
2
38
24
61
30
0
0
0
0
0
0
0
0
27
47
45
45
72
0
0
0
0
0
0
36
49
65
0
0
48
29
26
2
0
2
0
0
42
62
49
38
3
0
0
0
0
0
0
0
3
44
0
83
39
37
2
0
0
2
0
0
3
60
49
68
76
22
17
0
0
0
0
26
2
39
27
21
76
53
0
2
0
0
0
0
55
83
57
3
0
0
0
0
0
0
0
0
45
60
61
61
0
0
0
0
0
0
36
30
0
49
0
53
84
36
16
0
34
0
0
33
0
4
31
45
0
47
38
0
2
38
0
20
49
48
69
10
14
13
54
65
3
92
48
0
86
49
33
29
68
60
60
0
77
79
