15
13
17
13
13
11
15
33
11
17
11
11
15
15
21
13
17
15
9
25
13
13
15
11
15
13
15
13
13
13
15
13
13
15
13
15
15
13
21
23
17
21
11
15
19
11
15
13
9
17
19
13
13
15
9
11
9
15
15
15
9
17
17
13
17
15
9
13
13
9
15
13
7
15
13
17
19
13
9
13
15
21
13
17
13
15
19
15
15
13
7
11
15
7
11
17
13
23
11
13
15
17
17
15
17
15
17
15
13
13
9
15
13
13
15
9
17
13
13
17
15
11
13
15
15
15
13
13
15
15
15
15
15
21
13
17
19
15
13
13
15
15
9
11
13
11
13
15
15
13
9
9
9
15
19
13
17
21
17
19
15
11
15
15
11
13
13
13
13
13
15
15
15
15
29
13
9
15
15
9
27
19
9
21
13
9
15
13
13
13
13
15
13
15
9
13
13
17
13
23
15
15
23
13
11
9
13
19
9
23
13
11
15
17
13
15
11
13
17
17
15
15
15
11
17
9
9
15
17
13
13
15
13
17
9
13
19
15
13
17
21
13
15
11
13
13
11
13
15
15
17
11
21
15
17
17
13
13
15
15
13
15
17
15
13
19
15
15
13
15
9
11
29
21
13
11
15
11
17
13
15
17
15
15
13
26
15
17
0
1
0
0
1
1
0
0
1
3
0
1
0
0
1
0
1
0
0
0
1
1
3
1
0
1
1
1
0
0
0
1
1
0
1
0
1
0
0
0
1
0
0
1
1
0
0
0
3
0
1
1
0
0
0
1
1
1
1
1
0
1
1
0
0
1
3
0
3
0
1
5
0
0
1
3
1
0
3
0
0
1
3
0
1
1
0
0
0
0
0
1
0
0
1
0
0
1
1
0
0
1
0
3
0
0
1
1
0
0
0
1
0
1
0
1
0
0
0
1
1
0
0
1
3
1
1
0
0
1
1
0
0
0
0
1
1
0
0
0
1
0
3
1
2
0
0
0
0
0
0
0
0
0
1
1
0
0
1
1
0
1
1
1
1
0
0
0
1
0
1
0
1
1
1
0
0
1
1
0
1
0
1
0
1
1
0
1
0
1
1
10
0
1
1
0
1
1
0
0
0
0
3
0
0
3
0
0
1
1
1
0
1
0
3
0
1
0
0
1
0
1
0
1
1
0
0
0
0
1
1
0
1
1
1
0
0
1
1
0
1
0
1
1
1
1
0
1
1
1
0
0
0
0
1
1
0
0
1
0
0
1
0
1
1
1
0
0
1
1
0
1
1
1
3
1
1
0
1
1
1
0
1
0
3
1
0
3
13
1
9
7
0
7
0
2
13
9
9
1
0
3
9
46
1
1
2
0
7
0
5
2
2
0
5
2
3
3
0
1
11
3
2
89
1
6
7
2
95
3
5
0
7
1
3
4
54
2
11
9
1
0
0
3
5
2
2
0
0
0
7
3
1
5
3
0
5
1
4
1
3
1
0
1
0
1
0
7
5
1
0
9
3
0
3
0
5
2
4
5
1
0
2
0
0
9
2
4
9
54
1
11
5
0
11
3
3
9
3
0
0
0
3
7
1
0
52
5
1
11
2
2
1
0
1
7
0
1
0
1
1
2
0
1
0
0
1
7
2
0
1
11
0
1
11
3
58
1
5
1
1
96
1
4
1
9
0
0
2
52
0
5
4
1
3
0
1
1
9
0
0
1
3
1
1
0
1
0
11
5
50
1
1
3
13
5
1
0
1
0
5
3
0
0
0
7
7
0
7
2
40
2
9
1
0
1
0
1
9
0
13
52
3
0
9
4
0
1
1
0
9
2
58
5
5
3
5
1
1
1
1
3
5
3
5
1
1
1
42
7
0
3
1
3
3
5
0
40
0
5
1
1
1
3
0
5
1
5
1
0
0
5
1
5
1
3
0
5
2
5
3
0
4
7
0
5
0
3
3
1
0
5
2
3
1
5
18
13
13
17
17
11
21
13
20
17
13
11
19
15
24
19
20
15
17
24
21
15
15
19
22
18
21
18
15
13
23
17
19
19
11
22
20
23
21
17
11
15
13
22
21
15
22
22
15
18
13
15
14
17
19
17
25
15
21
15
19
17
13
15
17
17
13
17
15
17
16
23
17
13
17
15
22
19
13
13
21
19
15
19
11
15
15
17
13
21
17
13
12
11
25
17
19
15
11
17
17
17
15
17
23
20
15
19
19
11
19
13
19
13
13
11
20
17
23
20
19
13
19
15
22
15
15
15
24
13
19
18
11
13
21
14
17
21
11
13
19
20
19
15
14
20
11
16
19
15
13
24
19
11
19
13
11
18
22
15
16
20
19
19
19
18
26
13
20
15
19
19
21
15
19
17
21
13
17
15
17
17
15
19
19
7
18
7
17
15
23
19
19
22
15
19
7
13
20
20
20
17
7
26
9
19
21
11
15
19
19
19
20
17
20
11
19
26
15
19
13
19
13
17
11
13
13
16
12
11
23
15
20
13
16
21
21
19
21
19
17
20
21
17
17
19
21
16
15
15
15
19
15
19
13
9
22
19
19
15
13
17
17
16
18
19
9
15
13
23
11
17
16
23
18
24
13
19
14
13
21
23
17
11
20
13
13
21
25
19
19
30
33
26
32
33
29
17
37
46
34
17
9
27
21
26
23
64
22
34
32
20
26
13
22
19
32
39
24
7
15
43
32
17
27
17
26
30
40
27
17
43
19
17
32
15
30
18
29
17
21
49
21
15
13
19
21
18
16
34
19
28
53
30
11
24
19
17
17
29
34
34
28
17
13
35
26
32
45
38
25
11
9
26
54
32
61
20
26
19
25
52
48
25
30
27
17
79
19
28
54
24
50
21
30
11
13
26
23
17
40
30
20
43
42
66
30
24
19
17
32
17
38
24
19
15
24
28
24
21
40
11
61
15
36
32
26
17
15
15
42
37
35
32
26
64
59
26
26
34
38
48
85
58
42
17
32
75
46
65
53
48
45
13
34
32
34
24
24
9
28
42
21
29
23
19
26
47
78
17
23
34
38
16
25
17
19
36
31
21
30
17
32
40
27
17
17
40
34
22
28
11
38
38
34
18
44
15
17
19
26
34
26
25
43
15
15
13
20
27
24
49
26
19
38
19
37
34
23
36
47
28
20
26
19
34
17
30
24
15
13
30
26
17
23
21
23
26
19
43
24
20
30
21
48
27
15
17
34
25
31
24
38
22
23
23
21
41
26
52
36
32
28
71
27
44
32
17
19
32
26
20
15
26
22
28
4
8
19
6
2
6
0
15
0
2
2
2
4
0
2
6
8
0
10
4
6
4
4
2
6
0
6
0
2
0
4
4
4
10
0
4
2
14
0
0
6
10
2
0
0
0
6
0
4
0
8
2
4
2
4
4
16
2
4
4
6
0
2
0
2
4
2
0
2
0
8
65
2
4
4
0
4
4
4
0
2
0
2
6
2
0
4
0
4
0
10
4
2
4
17
2
4
4
0
13
2
2
4
0
4
4
2
19
6
0
10
2
0
2
4
2
2
4
6
4
0
6
6
6
8
2
0
6
4
2
4
8
2
0
4
12
0
10
2
18
2
4
6
6
17
0
2
2
4
6
4
6
4
4
12
4
2
2
0
4
6
4
2
8
6
6
0
6
4
0
2
8
2
8
2
4
0
2
2
0
4
2
4
0
8
2
2
10
2
0
0
4
6
0
7
11
0
6
4
0
88
4
2
6
0
0
8
0
6
8
14
8
2
0
0
0
4
6
8
2
6
4
2
92
0
4
2
2
8
96
2
6
6
4
4
4
4
4
2
0
4
2
2
2
2
2
2
6
8
4
4
5
2
8
4
2
2
4
14
2
4
4
2
0
6
6
4
0
4
2
8
6
4
10
4
0
0
2
2
2
4
0
2
13
0
4
0
0
11
65
4
12
13
12
6
10
10
10
4
8
8
6
99
13
15
67
8
8
11
12
4
8
8
15
2
8
8
4
6
56
10
6
73
4
6
4
14
11
4
4
60
4
8
4
6
4
6
4
10
10
66
10
6
10
10
6
8
6
14
10
8
19
4
14
6
2
4
4
2
15
4
6
55
6
4
52
4
15
45
12
4
10
6
6
81
2
8
10
4
6
12
2
4
43
21
10
4
2
4
4
10
10
9
10
17
2
4
6
6
6
6
8
2
11
4
15
12
8
4
4
4
6
10
4
8
4
8
9
6
8
8
4
6
8
8
15
14
8
6
8
8
4
47
17
10
59
4
2
6
13
2
10
6
9
6
4
6
47
12
4
61
10
6
4
6
8
8
4
6
6
2
10
4
8
4
12
8
10
4
11
10
14
6
54
12
6
4
12
10
4
2
6
12
63
8
6
6
15
50
8
4
57
4
6
4
4
64
23
8
8
4
10
10
4
6
2
6
4
10
14
10
10
10
2
14
10
6
12
12
4
10
8
6
6
12
6
10
4
58
12
8
6
6
4
12
4
6
19
14
59
12
28
20
21
18
12
23
14
22
20
13
17
14
15
12
20
16
20
20
68
13
21
13
12
12
19
20
22
70
16
15
20
12
19
12
12
5
9
5
1
0
1
3
9
1
5
3
5
5
1
3
5
1
5
5
5
3
3
3
7
7
11
5
7
7
5
3
3
0
1
1
13
1
3
11
3
5
1
5
5
3
7
7
5
5
3
9
7
5
7
7
3
11
7
3
9
9
11
0
7
9
11
3
7
5
7
7
9
7
5
3
7
7
5
7
3
11
5
5
3
5
9
1
3
9
7
11
5
5
5
5
1
7
7
1
5
11
5
5
5
5
7
7
5
9
5
11
7
3
9
5
9
1
11
5
1
1
5
7
11
0
1
5
3
1
3
5
9
7
5
7
3
3
4
3
3
5
3
3
11
5
15
3
3
7
1
3
11
9
7
7
3
7
7
11
1
0
9
3
3
1
7
5
7
3
7
3
3
11
7
3
1
5
9
5
3
9
5
7
7
1
3
3
5
7
3
5
5
3
11
7
7
7
5
7
7
9
1
7
5
3
3
7
5
3
3
3
5
3
1
7
13
9
3
1
3
1
7
5
11
5
3
1
7
3
7
3
5
5
5
1
5
1
3
3
1
13
5
9
5
7
5
5
11
11
5
9
1
9
9
3
9
9
3
5
7
7
0
9
13
1
7
3
7
7
7
7
7
5
3
7
9
7
1
5
3
1
7
1
5
5
5
11
7
12
2
10
12
4
12
8
10
8
6
12
2
10
2
4
4
4
16
10
18
6
4
4
20
10
10
4
14
8
4
12
4
10
4
14
10
2
12
18
10
10
6
12
20
10
10
6
38
6
4
4
6
10
22
6
6
8
18
12
14
16
18
10
18
28
30
8
24
10
8
18
16
10
14
16
16
6
12
20
8
6
12
8
12
18
32
10
16
14
8
8
6
24
22
22
16
10
16
8
6
8
6
16
12
12
6
22
6
26
20
16
10
8
8
14
28
14
20
8
6
10
16
20
22
22
14
20
18
20
16
14
8
12
8
14
22
18
10
16
6
10
20
12
14
4
22
20
10
6
22
16
22
22
10
6
12
16
18
20
22
18
18
18
6
16
4
26
20
22
4
18
12
10
14
6
22
28
32
16
10
20
4
10
32
8
8
8
8
10
18
16
8
12
4
18
12
30
12
14
10
29
16
20
12
26
10
12
28
24
20
20
18
24
18
28
28
26
30
6
14
18
18
24
4
22
16
14
16
8
18
6
6
8
12
20
20
8
14
4
14
12
18
18
10
18
12
18
10
18
8
6
18
6
12
8
16
16
8
18
12
6
12
16
10
12
20
12
10
18
16
10
10
18
8
16
14
12
4
6
2
20
6
4
20
6
10
28
4
0
2
19
4
5
5
4
4
5
2
6
5
5
2
2
4
2
2
3
4
5
2
2
0
4
4
4
2
4
0
7
4
6
2
4
0
7
7
4
5
0
2
3
2
3
3
4
2
4
2
2
2
4
4
2
0
3
4
2
7
4
0
6
2
4
4
2
3
2
2
0
2
4
4
1
2
0
2
0
4
2
0
0
4
2
2
5
4
0
2
4
6
6
0
2
4
4
2
0
6
2
4
4
2
0
6
5
4
4
2
3
11
4
5
2
0
2
0
5
4
5
2
2
3
0
2
4
6
9
3
0
2
3
4
2
4
0
6
0
2
6
2
4
0
4
5
4
5
5
2
0
0
0
1
2
4
5
2
4
4
4
4
0
4
7
2
7
4
2
1
4
6
6
3
27
2
21
3
2
0
0
0
5
5
2
2
4
3
3
4
1
3
2
7
1
5
6
6
4
2
2
1
2
2
0
3
2
4
2
1
4
4
4
0
2
0
4
4
4
2
2
6
0
2
6
5
4
0
4
0
6
2
7
2
0
4
4
0
3
4
7
4
4
2
0
0
2
4
7
0
4
7
0
2
2
5
0
4
7
4
2
0
1
4
2
0
6
2
0
2
6
2
4
4
3
4
5
0
4
4
0
4
4
4
0
5
0
4
