14
13
6
9
44
7
10
7
4
6
7
6
0
6
9
18
11
4
6
9
8
5
9
3
7
5
6
3
6
4
11
10
8
8
8
4
6
11
9
4
6
7
6
9
4
14
4
6
6
8
8
24
10
4
5
5
6
62
13
4
10
9
8
9
4
72
7
8
6
11
4
4
62
60
5
9
38
6
14
9
7
6
5
8
8
77
48
7
9
2
7
6
8
11
14
6
5
10
5
6
5
10
5
11
51
6
79
4
4
3
9
9
5
50
7
22
5
5
19
76
3
9
55
4
6
16
12
7
4
52
9
8
4
9
6
9
7
5
9
2
5
4
9
10
4
47
6
9
60
7
8
70
5
21
13
9
7
12
9
10
4
2
3
15
4
2
4
6
10
8
15
8
2
7
7
7
2
11
4
2
25
7
13
17
9
8
7
9
4
4
7
10
13
9
6
0
2
8
41
6
2
0
6
9
77
4
4
20
59
2
7
6
9
2
8
8
6
6
2
7
8
5
4
6
52
13
6
50
4
2
4
4
10
7
2
4
5
40
5
10
8
4
2
8
4
2
17
6
15
7
3
6
6
2
11
13
59
45
3
35
6
8
12
13
7
9
7
5
2
7
21
8
4
9
5
2
62
2
7
6
0
2
5
3
6
6
6
2
24
19
14
33
22
18
36
10
12
13
11
29
21
7
8
11
15
17
6
0
10
16
12
19
6
36
17
21
9
1
17
25
10
24
36
22
12
15
14
10
19
14
34
12
14
11
19
35
28
26
5
18
32
39
13
15
21
10
40
39
21
17
8
17
13
42
25
27
33
35
41
32
24
11
36
37
37
40
22
44
40
28
36
26
42
29
42
40
42
37
24
31
33
39
39
29
47
21
41
30
25
27
37
40
34
35
28
22
40
42
42
16
34
38
21
27
24
42
35
30
23
39
41
32
40
37
39
22
25
36
32
40
39
39
22
46
35
42
32
39
42
34
31
41
29
16
31
41
24
39
36
46
39
22
21
27
16
30
40
42
29
44
34
35
34
42
29
32
41
41
37
37
32
27
37
32
12
38
42
24
35
41
25
27
38
42
30
35
17
23
34
23
42
37
34
42
24
41
42
34
42
27
42
42
29
43
37
43
27
38
29
38
41
40
27
34
40
24
42
20
30
32
42
39
30
40
42
24
31
17
25
28
26
42
26
38
30
38
33
34
42
41
33
27
37
39
36
25
32
19
17
25
28
19
18
34
18
16
27
12
30
37
22
13
21
24
8
33
22
10
11
10
42
13
32
24
31
11
23
15
12
16
8
17
26
38
3
15
0
6
4
10
6
6
4
4
4
8
2
4
4
8
4
6
10
6
10
8
4
6
10
8
12
4
4
4
8
8
12
6
8
6
4
10
8
6
4
8
4
8
6
4
4
12
10
4
4
4
4
4
14
4
0
2
2
4
2
0
0
0
0
0
2
2
0
0
4
2
2
0
4
4
2
2
0
0
4
2
0
2
2
0
0
0
4
4
2
2
0
2
4
0
2
2
2
2
0
4
2
6
2
4
8
0
2
2
0
2
6
2
2
2
8
0
2
0
2
4
2
2
2
2
0
0
6
4
2
0
2
2
2
2
0
2
10
0
0
0
0
0
0
2
2
2
0
6
4
2
2
0
6
2
25
4
4
6
2
2
2
2
2
8
4
8
0
2
0
0
6
4
2
2
2
0
2
0
2
8
4
2
0
2
2
2
2
2
4
0
8
2
2
2
2
2
8
4
2
2
2
4
4
8
4
2
4
4
4
4
2
2
4
0
2
4
2
2
4
2
2
0
4
2
6
4
4
2
6
2
2
2
2
2
2
6
0
2
0
2
4
2
0
0
4
0
6
2
0
2
4
2
0
37
0
2
2
0
4
4
2
2
0
0
0
2
0
0
2
0
0
0
2
2
2
2
2
4
2
2
2
0
2
2
2
4
0
8
0
2
0
0
2
2
1
0
0
0
0
0
0
0
3
2
2
0
1
0
0
0
4
1
0
0
2
0
0
4
2
0
0
1
4
1
0
0
1
0
1
1
0
0
2
2
2
5
0
0
0
0
0
0
0
4
0
2
2
0
0
0
0
0
0
0
0
0
0
1
0
0
0
2
0
2
4
4
2
4
2
4
3
4
0
5
2
1
2
1
2
6
1
1
4
4
4
2
4
0
3
2
2
1
3
1
0
3
3
0
0
0
0
0
0
0
2
0
5
19
22
29
28
26
36
8
4
1
10
4
3
0
0
2
0
0
2
1
0
0
0
0
0
3
0
7
3
9
5
8
7
1
5
1
0
0
2
0
0
0
0
11
17
0
14
11
12
0
6
1
13
4
2
30
16
21
2
2
2
0
2
0
0
0
3
3
4
18
8
13
10
1
9
0
10
4
11
7
2
1
2
7
0
0
9
0
1
2
2
5
2
1
0
2
0
0
0
0
0
0
7
2
0
0
2
0
0
0
3
0
2
1
0
0
0
0
0
0
0
0
0
35
2
0
0
0
0
0
0
0
0
0
0
0
0
1
0
0
0
0
0
0
0
0
1
0
0
0
2
2
0
0
0
0
0
2
0
0
0
2
2
0
1
0
2
1
4
0
2
51
33
18
24
23
10
4
9
24
36
12
41
49
54
4
32
17
27
5
5
5
2
20
25
7
11
36
26
5
6
2
5
7
5
22
18
34
32
26
31
46
4
8
5
2
8
22
24
11
5
18
4
4
2
24
25
5
13
18
19
17
14
32
6
5
9
10
6
5
5
25
19
26
28
34
35
5
4
8
2
7
7
25
14
29
19
42
31
35
7
9
30
5
47
19
45
12
15
33
3
9
10
7
2
27
34
25
28
33
31
17
31
30
42
6
6
53
6
26
33
39
36
15
30
34
8
5
31
29
3
17
33
18
34
5
4
30
25
29
14
36
36
14
22
6
33
19
21
17
29
19
5
42
7
20
7
2
1
26
15
7
6
52
15
28
27
24
44
28
20
41
32
21
14
5
22
43
12
30
28
16
28
14
27
41
25
20
29
36
45
24
33
42
37
41
16
39
53
28
20
20
29
33
4
11
42
31
47
35
23
29
9
27
31
31
46
6
21
49
5
8
27
15
34
31
36
14
24
4
45
31
32
7
9
37
19
20
5
31
15
17
15
46
25
7
6
43
9
2
2
44
34
7
51
28
24
5
28
25
31
60
58
21
28
25
27
22
52
4
30
20
27
46
37
31
4
28
33
34
7
4
28
35
6
26
21
6
7
2
3
2
4
7
2
7
2
9
9
4
7
7
4
4
14
6
6
4
2
7
6
6
15
6
6
9
0
3
6
13
6
8
6
7
9
8
6
5
4
7
4
6
4
9
11
5
5
8
5
8
0
12
7
2
5
10
4
3
4
7
9
3
4
6
4
7
7
4
5
5
8
7
3
6
4
8
13
6
5
6
8
6
5
4
6
14
5
9
10
7
3
6
7
7
6
8
10
6
4
4
2
7
8
7
6
6
2
4
8
7
8
6
4
6
11
10
5
7
4
10
6
10
12
8
6
10
4
6
13
9
2
4
6
11
8
2
4
2
6
4
2
5
5
8
5
7
7
5
3
9
4
12
1
4
8
3
6
7
10
6
5
4
6
4
10
2
4
4
10
7
5
7
3
3
7
3
6
2
8
4
6
5
7
5
5
13
9
9
8
2
5
5
8
4
4
5
5
7
12
3
2
7
2
4
9
5
7
7
12
6
6
4
5
6
9
10
10
6
4
3
6
9
6
9
7
7
4
14
5
4
4
4
4
6
6
12
3
6
4
5
5
5
4
7
4
6
2
5
8
5
6
2
8
4
6
3
14
10
10
2
4
7
6
8
6
11
4
5
5
6
7
5
3
7
4
7
7
7
10
16
7
3
5
4
9
5
0
0
2
2
0
3
0
2
0
3
2
4
0
0
4
10
2
0
2
0
4
0
1
2
2
0
0
4
0
0
2
1
0
2
0
9
2
0
2
4
2
0
0
2
2
2
2
0
0
0
0
0
3
0
1
2
2
2
2
1
3
0
0
4
0
0
0
7
7
12
2
0
0
2
2
0
2
0
4
2
0
3
0
2
1
3
2
0
1
0
0
0
0
7
2
2
2
2
2
5
0
2
4
0
0
0
2
0
0
0
0
2
4
2
0
0
2
3
2
0
1
0
0
0
5
5
2
0
0
0
0
2
2
2
0
2
0
3
2
1
0
4
0
4
1
0
1
5
2
2
0
0
0
2
0
2
3
1
4
5
0
2
2
4
0
0
2
0
1
0
3
0
2
2
0
2
0
0
0
0
2
2
2
2
0
2
4
0
0
3
0
10
0
7
1
3
2
2
0
0
0
2
0
4
2
9
2
1
0
2
0
0
0
2
0
0
2
2
4
2
4
0
2
4
2
0
0
7
5
2
2
2
2
2
1
2
4
2
0
0
0
0
1
0
0
4
1
2
1
0
2
4
2
0
0
2
0
0
2
2
2
0
0
18
0
2
2
0
2
2
0
2
0
5
2
3
0
0
0
2
2
0
2
0
1
0
2
2
4
6
7
8
15
8
2
4
4
4
2
4
8
4
2
6
8
7
4
2
2
8
8
10
4
2
8
8
4
10
6
8
10
2
6
4
6
4
2
4
6
10
10
2
6
8
10
17
6
0
10
6
6
6
14
6
10
6
6
6
8
6
10
6
12
4
8
10
4
4
4
8
6
2
8
12
6
2
10
6
8
2
6
8
10
8
10
12
15
6
8
2
12
8
2
4
2
8
2
2
17
2
8
2
4
6
12
6
11
9
6
6
10
7
2
19
6
4
6
0
4
2
2
2
2
4
8
38
6
4
12
4
5
9
12
6
2
4
4
6
6
12
4
6
4
5
8
4
4
10
9
6
6
4
2
2
0
6
6
2
4
4
4
2
4
6
4
6
7
2
4
4
6
4
11
4
4
2
8
10
4
9
7
6
2
4
4
6
4
2
15
14
4
0
6
32
6
6
4
6
10
6
23
2
6
4
12
2
4
4
4
6
6
4
4
4
6
4
8
2
4
2
4
2
4
6
4
4
4
8
6
4
4
6
2
4
2
2
2
6
2
6
8
5
6
6
6
8
2
2
4
8
4
4
8
6
2
0
2
4
6
2
6
6
2
6
6
2
6
4
2
6
2
4
6
4
4
4
6
4
4
4
4
4
4
6
4
4
15
2
6
13
5
3
13
7
5
4
4
19
14
4
8
2
2
7
10
6
7
2
6
8
9
6
7
9
7
42
21
15
11
6
5
5
8
3
10
27
5
5
11
8
8
6
4
5
20
17
7
19
4
5
26
21
4
13
3
9
4
9
8
12
6
10
7
39
5
8
6
6
6
12
23
5
28
7
2
45
33
6
4
4
6
8
30
8
3
26
2
4
3
29
6
81
8
8
6
6
3
20
7
7
9
5
3
5
14
34
6
7
11
7
0
2
4
11
24
5
12
5
34
9
8
17
4
5
8
3
12
4
6
7
9
14
8
6
7
9
3
4
16
3
10
24
32
4
7
7
10
7
27
5
29
29
40
6
23
8
15
4
6
6
8
11
3
2
4
51
23
13
39
25
5
11
2
11
6
6
4
4
5
30
35
2
4
3
31
2
3
3
6
2
9
5
10
45
4
4
7
10
4
5
6
12
22
11
6
14
15
7
6
8
6
15
7
6
4
3
7
0
11
6
7
8
2
1
8
7
5
33
11
2
2
7
10
5
10
5
7
6
5
14
6
0
4
30
28
2
5
51
7
6
6
4
6
2
30
7
2
5
9
5
7
8
6
5
4
6
4
3
3
2
3
39
2
4
2
3
7
5
31
8
1
3
5
2
4
2
2
0
6
2
2
4
4
2
2
4
2
4
2
6
2
2
2
2
2
2
0
4
4
2
2
2
2
2
2
4
4
2
2
2
2
2
0
6
2
2
2
2
2
6
2
4
2
2
2
2
4
2
2
2
4
4
2
0
2
2
4
2
2
6
2
6
2
2
2
2
2
2
4
2
4
2
4
4
4
2
2
4
2
2
4
4
6
2
2
2
2
0
4
2
2
2
4
2
6
2
0
2
4
2
2
6
4
4
6
4
4
4
2
2
4
0
4
10
2
2
2
4
4
2
2
2
4
4
4
2
4
2
4
4
2
2
4
4
4
2
2
4
2
2
6
4
2
2
2
2
4
2
2
6
2
2
2
2
4
4
2
11
4
4
4
2
2
2
2
2
2
6
2
4
2
2
2
2
2
4
6
2
4
2
0
2
2
4
0
4
4
4
2
2
2
4
2
2
2
2
0
4
4
6
2
2
2
2
4
4
4
4
4
2
2
6
6
4
4
4
2
4
4
2
4
2
2
2
4
4
2
2
2
2
2
4
2
4
4
2
2
2
6
6
4
2
2
2
4
4
4
2
4
2
2
4
2
2
4
4
4
2
2
2
6
2
2
4
2
4
4
2
2
2
2
4
2
4
2
6
4
6
6
2
2
4
