2
4
2
0
0
2
0
2
7
4
2
2
0
0
0
2
0
7
0
2
0
0
0
6
2
0
2
0
0
0
6
6
2
2
6
0
4
6
2
2
2
2
2
2
2
6
2
2
2
4
2
2
6
0
4
4
0
2
0
2
0
2
2
2
4
4
2
2
0
6
4
2
4
8
4
2
0
4
0
0
4
6
7
7
2
2
4
0
4
9
4
4
11
4
2
2
0
0
2
0
0
2
2
4
4
2
8
6
6
6
0
2
2
2
0
4
0
2
4
2
4
6
6
0
6
4
0
4
2
8
7
4
4
4
8
4
0
6
0
4
2
2
4
2
4
0
2
2
2
4
0
0
2
0
5
2
2
2
4
0
0
2
5
0
4
2
0
4
6
8
2
2
2
0
2
2
2
0
2
2
2
0
2
2
0
0
2
4
2
4
6
0
0
0
4
0
0
0
2
0
4
2
4
0
2
0
0
4
2
4
4
4
2
5
2
2
0
4
2
2
2
4
2
4
4
2
2
4
2
4
2
2
0
0
0
2
0
4
2
4
4
0
2
4
2
4
2
0
0
0
2
0
0
4
2
4
2
2
2
6
2
4
2
4
2
4
2
0
2
2
4
0
2
4
0
2
2
2
4
2
4
4
2
2
2
4
0
8
8
6
6
4
8
6
12
8
2
4
2
2
0
4
4
12
2
12
6
6
4
2
2
8
2
8
2
2
6
4
4
6
0
10
6
6
8
0
8
4
8
2
8
2
2
8
0
6
6
4
2
2
0
8
4
4
10
8
16
2
2
4
8
4
4
4
4
4
6
6
4
6
4
8
0
10
4
4
18
8
10
10
8
16
8
32
6
6
6
12
12
12
16
18
6
8
4
6
8
10
10
8
10
12
12
8
12
4
16
8
10
4
6
16
16
8
12
12
27
10
8
12
8
6
10
16
8
10
16
10
12
16
10
14
18
12
21
8
10
6
10
10
12
14
6
6
16
8
14
10
12
12
11
8
8
8
13
16
14
16
12
12
14
4
8
6
6
8
14
27
8
4
10
16
6
12
2
6
8
12
6
10
14
6
4
8
8
18
23
14
10
12
16
10
16
8
6
7
27
16
16
20
8
8
10
4
18
10
16
13
16
18
4
4
13
12
8
12
8
10
26
14
8
10
10
14
14
2
12
6
8
10
8
17
8
10
7
4
10
8
10
8
6
6
10
8
14
10
12
4
4
12
12
2
4
4
2
6
8
8
4
6
8
4
8
10
6
6
4
4
6
2
8
4
10
4
8
10
9
2
4
4
10
2
6
4
10
4
23
26
38
11
28
32
20
57
17
28
55
13
19
11
28
9
49
23
13
28
15
22
33
11
28
9
25
25
13
11
17
25
13
68
11
21
30
19
22
24
37
45
13
27
30
43
20
25
8
17
19
24
14
13
40
21
22
13
13
40
23
26
7
20
28
21
6
36
21
30
15
14
15
36
36
26
51
41
19
16
63
76
32
29
23
20
32
19
18
34
15
20
30
25
49
46
30
21
22
40
28
19
31
32
42
27
28
24
31
29
25
35
20
14
16
49
20
34
11
36
18
21
15
25
25
30
25
23
30
19
13
33
28
31
17
49
16
75
24
24
34
30
23
36
19
21
23
36
15
22
15
17
21
40
47
39
14
36
29
45
21
15
30
24
44
28
17
29
33
28
29
26
43
44
36
62
32
38
62
21
24
59
50
23
23
23
40
38
17
26
40
34
18
53
41
32
33
28
41
28
31
18
42
26
32
31
35
28
14
28
20
22
73
29
28
19
21
14
50
15
34
28
13
23
4
29
13
14
26
12
35
11
11
9
29
28
33
13
26
22
16
7
13
13
26
23
11
13
23
16
21
20
19
16
9
15
20
4
9
5
2
20
9
7
2
0
4
16
6
5
2
4
0
5
9
4
4
0
12
2
11
7
7
2
9
5
7
2
6
8
4
6
4
2
4
6
6
10
4
10
8
8
10
4
10
10
8
8
10
8
4
8
10
6
0
4
9
8
8
6
8
6
10
8
8
8
8
10
2
6
8
8
6
8
10
8
2
10
10
8
8
8
6
19
12
9
10
8
8
8
6
10
14
11
4
10
12
10
8
14
10
14
10
13
13
8
8
13
10
2
23
10
12
4
21
4
6
8
14
6
10
12
12
8
8
6
6
8
16
6
8
10
6
13
8
8
6
4
4
14
6
8
10
14
15
10
10
10
15
11
17
10
19
7
8
23
21
15
6
15
15
15
6
17
12
17
13
14
6
8
12
21
8
11
10
10
12
17
19
19
17
10
8
19
6
8
12
12
12
15
14
12
10
23
8
9
23
25
10
9
4
6
10
8
31
23
14
27
12
33
14
21
8
8
19
14
8
12
8
19
19
8
6
17
10
2
6
8
8
10
4
12
14
6
10
4
25
6
4
10
12
4
10
15
6
14
8
8
10
12
6
6
17
6
6
4
6
4
12
12
6
4
4
8
12
14
21
8
6
4
6
10
4
21
6
6
6
12
33
17
12
8
8
10
10
4
4
10
6
21
8
10
8
12
10
12
4
12
6
12
14
21
12
8
12
12
10
8
12
12
40
8
12
8
8
15
4
2
2
6
2
4
0
2
0
4
2
8
4
0
2
2
4
2
0
0
0
2
0
6
6
0
4
6
4
0
2
2
4
2
0
2
0
0
0
2
2
2
0
2
2
0
2
4
2
4
0
2
0
0
2
0
0
0
0
2
6
2
2
0
2
4
4
2
4
2
6
4
0
2
6
4
4
2
2
2
2
2
2
6
4
11
2
4
6
10
0
4
4
2
2
4
0
6
4
2
4
2
2
4
2
2
4
0
2
2
4
4
2
2
4
2
2
2
6
2
10
4
6
6
2
0
2
6
4
4
6
0
4
2
4
6
4
8
2
8
2
6
2
4
4
2
0
2
6
4
8
10
12
4
6
2
4
0
8
2
0
6
2
2
4
10
6
2
6
4
0
6
0
0
2
2
0
0
2
2
0
6
8
2
4
4
4
4
4
2
2
0
4
2
4
4
4
2
8
2
6
0
2
0
10
2
2
4
4
2
2
2
2
0
6
4
4
2
6
4
4
2
2
0
0
0
10
4
4
4
2
8
4
4
2
2
4
4
2
2
2
0
4
4
4
3
2
2
2
0
9
4
2
0
2
2
0
2
2
0
2
2
4
2
2
0
2
4
2
0
2
2
6
2
8
0
2
4
0
2
2
0
4
0
4
4
2
0
3
1
0
0
0
0
5
1
1
1
0
1
3
1
5
4
3
0
0
0
0
4
4
0
0
0
2
0
2
0
2
4
0
8
0
2
4
1
0
0
4
0
1
1
1
3
6
0
6
0
2
0
0
0
1
3
0
5
1
0
0
1
0
2
2
4
0
0
0
0
0
0
2
0
4
4
6
0
1
7
0
3
0
6
0
3
4
2
0
1
0
3
6
4
0
4
2
0
0
0
1
2
3
0
4
4
0
5
1
4
0
0
2
2
6
0
0
4
0
2
0
0
0
3
0
3
1
2
5
0
0
2
4
0
2
0
0
2
0
0
4
0
4
0
0
6
0
4
0
1
1
2
4
0
0
1
6
4
2
6
6
0
0
2
2
0
5
1
2
1
0
0
2
2
3
3
0
1
0
0
0
0
4
0
0
0
4
0
0
3
6
4
0
2
2
0
0
2
4
0
1
2
2
3
0
6
2
0
2
2
0
0
0
0
1
0
0
4
0
0
0
0
1
0
0
0
6
0
1
0
2
0
4
0
0
3
0
0
0
4
2
4
2
0
0
0
2
0
6
8
2
0
2
1
4
2
2
1
3
6
2
2
4
2
0
0
2
4
2
0
2
0
2
0
4
2
0
3
2
2
1
0
0
0
6
6
1
0
2
4
2
2
4
4
4
4
2
2
2
2
2
2
2
2
2
2
2
0
2
2
2
2
2
2
2
2
0
2
4
2
2
4
4
0
2
0
4
0
0
2
4
0
0
0
2
0
2
2
0
2
0
2
4
2
2
2
0
2
2
0
2
2
2
2
2
4
2
0
2
0
0
4
2
4
2
2
0
2
2
6
0
2
4
2
0
2
4
0
2
2
2
0
0
2
2
2
4
2
4
2
2
2
2
2
2
0
2
2
0
2
4
4
2
6
2
2
0
0
4
2
2
4
4
2
4
2
4
2
2
2
2
2
0
0
0
2
2
2
0
0
2
0
4
2
0
0
0
2
0
2
2
2
2
2
2
2
2
4
0
4
0
4
2
2
4
2
4
0
2
2
2
2
4
2
2
4
0
2
6
2
2
2
2
4
2
2
0
2
2
0
2
4
4
2
2
2
4
4
2
0
0
0
0
2
0
2
2
2
0
2
0
4
2
4
2
2
2
4
4
2
2
0
4
0
2
2
2
2
2
2
6
2
0
2
2
4
2
0
2
2
2
2
2
2
2
2
2
2
2
4
2
2
4
2
2
2
4
2
0
2
2
2
0
2
2
2
4
6
0
2
2
0
2
4
2
0
2
2
2
2
2
4
2
4
0
0
2
0
0
0
2
2
2
2
0
0
2
4
2
2
2
2
4
4
4
0
0
4
0
2
2
2
0
2
2
2
0
4
2
0
2
2
0
0
4
4
2
2
2
2
0
2
6
4
2
4
2
10
0
0
4
0
2
2
2
2
4
2
2
2
0
2
2
0
2
0
0
2
4
2
0
0
4
0
2
2
2
9
4
2
4
2
0
2
4
2
2
0
0
2
2
2
4
2
2
4
2
2
2
2
4
0
2
4
2
0
0
0
5
6
4
0
0
2
0
2
6
2
2
2
3
2
0
4
2
0
2
5
2
2
4
2
6
0
2
2
0
2
2
0
2
2
2
4
2
0
2
2
2
2
0
4
4
4
2
0
0
0
0
0
2
2
3
2
4
0
4
0
0
0
4
2
0
2
4
2
0
0
2
2
2
0
0
0
2
0
2
2
2
2
2
0
2
2
2
0
2
2
2
0
2
2
2
2
2
4
6
0
0
0
0
0
0
0
0
0
2
2
2
0
4
0
0
2
2
4
2
0
2
2
0
2
0
0
2
0
0
0
2
0
4
0
0
2
4
0
2
2
0
2
0
2
2
0
6
2
0
4
0
2
2
2
0
6
0
0
0
0
2
2
0
4
0
4
0
3
6
2
2
2
0
2
0
0
19
19
19
20
19
19
19
19
20
19
19
19
19
19
20
20
19
19
19
19
19
20
19
18
19
19
19
19
20
19
19
19
19
20
19
20
19
19
20
19
19
19
19
19
19
19
20
19
19
20
19
20
20
19
19
20
19
19
20
20
19
19
20
19
19
19
20
19
19
19
20
20
19
19
19
19
19
19
19
19
19
20
19
19
19
19
19
19
20
19
19
19
19
20
19
19
19
19
19
20
19
20
20
20
20
19
20
20
19
20
20
20
19
19
19
20
19
19
19
19
19
19
19
19
19
18
20
19
19
19
20
19
19
19
19
19
20
19
19
20
19
19
19
19
19
17
19
19
20
19
20
19
20
19
19
19
18
19
20
19
20
19
20
20
19
20
20
19
20
19
19
20
20
19
19
20
19
19
19
19
20
20
19
19
20
20
19
20
20
19
19
19
20
19
18
20
19
19
19
19
18
19
19
20
20
20
19
19
19
19
18
19
19
19
20
19
19
20
20
19
20
19
19
19
19
19
20
19
19
19
19
19
19
19
19
19
19
19
19
19
20
19
19
18
19
19
20
20
19
20
19
19
19
20
20
19
20
19
19
20
19
19
20
20
20
19
18
19
19
20
20
19
19
20
20
19
19
19
19
20
17
19
19
17
19
20
20
20
12
2
12
8
6
8
8
2
8
8
8
2
6
4
4
6
4
4
8
6
8
2
8
4
2
4
6
4
2
10
8
2
8
4
6
4
8
6
8
4
6
4
4
8
8
6
2
8
6
6
10
8
4
8
4
0
6
6
6
4
8
12
2
6
4
6
4
8
10
2
10
4
8
6
8
8
6
6
10
0
8
10
4
6
4
6
2
8
4
8
4
0
6
6
8
4
8
8
4
8
8
8
6
6
4
8
4
4
4
6
10
6
8
4
6
2
6
4
8
14
4
6
8
4
6
4
6
4
6
4
6
8
4
0
10
6
6
0
2
0
10
6
10
6
2
4
10
8
4
6
4
2
2
0
6
4
2
8
8
4
8
4
4
6
6
6
4
4
12
2
4
8
4
4
4
4
8
8
6
6
8
4
8
8
8
10
12
6
6
4
8
4
6
8
8
8
6
4
4
2
8
6
8
4
6
2
4
4
8
8
8
4
6
6
6
8
4
6
6
4
10
8
8
4
8
8
8
4
8
6
6
6
10
8
2
4
10
6
6
4
8
10
4
6
10
8
6
6
6
4
6
0
8
6
2
4
2
4
6
4
2
4
6
2
2
2
4
10
6
4
6
10
2
8
4
4
8
4
6
6
14
6
10
6
12
8
6
2
