10
11
9
9
10
9
8
13
12
7
7
10
5
11
8
9
11
10
11
8
9
7
7
7
14
9
7
10
10
8
7
11
9
9
5
9
9
12
7
9
10
8
9
10
7
9
10
7
11
7
11
8
11
9
12
9
9
11
7
8
7
8
11
9
8
14
9
12
11
11
8
8
12
10
11
10
10
11
13
7
11
7
10
8
7
12
5
11
7
8
9
15
8
10
8
12
13
10
10
8
9
12
10
10
10
11
9
8
11
7
9
8
10
9
9
9
11
7
9
12
10
13
11
8
9
12
12
13
12
11
9
9
10
12
11
9
10
8
9
12
14
10
10
12
12
9
7
11
12
6
7
5
9
12
7
9
8
9
7
7
11
9
10
8
9
9
10
8
10
10
13
9
8
10
10
9
8
14
10
9
10
14
9
11
10
9
8
12
10
8
9
10
7
10
11
10
8
12
10
12
11
8
10
11
11
10
10
8
10
8
11
8
9
10
10
9
8
10
9
11
7
10
8
12
12
7
14
12
8
13
12
9
10
10
13
9
13
9
9
10
12
8
12
10
12
12
7
7
7
8
9
9
8
8
9
11
7
8
10
10
10
8
9
13
9
5
9
11
12
6
11
7
9
9
7
9
5
10
8
9
8
8
7
12
9
8
11
10
5
0
0
0
1
5
5
22
1
69
0
7
0
16
19
5
0
53
5
0
1
0
30
1
52
0
0
1
56
1
3
5
3
3
0
7
0
1
5
3
0
0
47
0
0
0
41
5
0
1
51
0
1
64
1
1
0
0
0
6
0
35
7
0
0
42
0
69
0
0
0
29
0
0
80
0
0
3
0
0
3
0
62
58
79
1
1
0
0
0
24
3
0
52
40
25
1
3
31
0
36
35
0
0
3
3
79
0
0
33
0
0
1
0
0
1
0
35
0
15
0
1
34
5
0
19
5
1
52
1
79
67
54
65
0
1
0
0
0
29
0
0
3
0
73
0
0
0
0
47
0
26
5
0
3
1
25
1
1
24
3
0
0
52
3
0
1
0
60
3
0
0
1
3
0
38
0
54
1
15
32
5
56
0
1
7
3
40
41
0
0
3
35
0
0
0
7
36
1
12
1
51
0
0
53
0
5
52
17
3
0
0
0
60
1
1
53
0
79
0
0
3
0
3
1
5
1
59
37
41
0
16
1
0
3
5
67
0
0
37
0
52
1
0
52
0
34
18
25
48
16
59
0
0
0
0
0
30
46
1
1
1
88
0
5
0
0
0
57
44
5
32
0
34
43
3
3
13
52
62
0
14
58
7
0
67
0
5
16
14
26
12
32
26
18
22
16
28
28
16
12
14
18
18
20
20
30
6
22
18
26
18
14
34
10
22
26
12
16
18
11
22
20
20
20
22
34
32
9
24
10
12
12
20
18
16
28
18
14
18
26
22
12
14
26
28
6
26
26
20
26
14
36
26
18
16
16
22
14
18
24
30
24
28
22
26
28
24
24
20
24
24
14
12
14
30
8
16
30
30
18
14
36
16
22
10
28
14
10
14
18
8
20
28
20
16
18
16
22
14
28
30
22
24
12
18
28
18
16
20
16
20
28
22
20
16
20
14
20
32
28
22
34
30
22
26
18
18
24
18
18
20
30
22
12
12
24
16
32
20
10
22
16
20
36
22
14
24
16
20
24
20
16
18
32
16
26
26
20
22
32
32
16
10
30
18
10
20
22
32
18
22
14
28
28
16
18
16
20
20
20
14
12
24
16
20
14
18
28
20
22
8
16
28
22
22
26
28
32
30
18
26
28
8
10
22
18
14
16
24
12
24
26
26
20
24
18
24
14
12
24
20
24
30
12
6
18
24
36
16
14
32
20
30
42
26
18
24
13
18
10
24
22
26
28
22
24
20
16
18
22
22
26
14
22
20
22
26
16
14
16
24
12
6
26
16
38
12
20
18
10
26
24
14
10
14
4
0
4
0
6
4
6
0
6
0
6
0
4
0
8
0
4
0
6
0
8
0
8
0
8
10
8
0
8
6
15
0
4
0
2
0
6
6
4
0
17
0
8
0
4
0
2
0
8
0
6
0
6
0
4
0
8
0
8
0
10
0
8
0
13
0
14
4
4
0
6
0
6
0
4
0
6
6
12
0
4
0
6
0
2
2
12
0
2
10
12
6
0
10
8
0
0
6
6
2
0
10
10
0
0
6
6
0
0
4
17
0
0
8
4
6
0
4
4
0
0
0
0
0
13
0
0
0
10
0
8
0
4
0
4
0
11
0
0
0
0
0
0
0
0
0
0
0
0
0
10
0
0
0
0
0
0
0
10
12
4
14
0
0
0
4
6
0
4
2
6
2
2
0
0
0
0
0
0
0
0
0
10
0
0
0
0
0
8
0
12
0
0
0
4
4
0
0
6
14
0
6
8
8
0
8
0
8
0
6
0
10
0
4
4
25
0
6
12
12
0
14
0
13
0
23
0
15
4
8
0
6
0
17
0
8
6
4
0
6
15
0
8
4
0
6
6
8
0
0
15
13
6
4
0
11
4
0
0
10
14
0
0
8
14
0
0
8
8
0
0
4
6
0
0
13
6
0
8
0
12
0
6
6
8
0
4
8
0
0
0
0
0
0
0
0
0
0
0
0
0
0
0
0
0
0
0
0
0
0
0
0
0
0
0
0
0
0
0
0
0
0
0
0
0
0
0
0
0
0
0
0
0
0
0
0
0
0
0
0
0
0
0
0
0
0
0
0
0
0
0
0
0
0
0
0
0
0
0
0
0
0
0
0
0
0
0
0
0
0
0
0
0
24
23
26
29
42
24
24
24
36
21
20
28
30
29
14
36
24
33
58
28
39
30
26
46
40
21
17
17
10
11
20
74
31
18
23
15
11
34
20
41
21
9
28
36
34
15
14
15
14
28
21
24
25
0
7
27
16
16
37
24
24
70
25
24
19
3
21
26
28
10
15
19
27
1
24
16
18
18
21
57
14
15
23
19
61
40
18
37
32
13
31
36
36
25
22
18
11
35
29
36
0
28
31
40
27
21
0
26
28
39
28
10
13
19
27
33
16
12
21
18
38
29
11
33
39
51
40
78
25
37
52
25
25
25
7
11
12
10
21
27
18
39
24
22
23
14
11
26
10
35
4
23
41
28
39
32
16
28
0
32
34
23
0
25
19
17
16
18
23
17
23
37
25
1
12
16
1
23
36
26
26
16
33
30
36
0
0
20
44
52
21
11
27
22
64
27
17
1
16
23
23
33
16
0
0
2
0
0
0
0
0
0
0
0
0
0
0
0
0
0
0
0
0
0
0
0
0
0
0
0
0
0
2
2
0
2
0
0
4
0
2
2
0
0
2
2
0
2
4
4
2
2
2
0
2
0
2
2
0
2
2
2
6
0
0
4
0
2
2
0
4
0
2
2
0
0
4
0
2
2
2
0
2
4
2
0
2
2
2
2
2
0
4
2
0
2
4
2
2
2
2
4
4
2
2
2
0
4
4
0
4
2
0
2
0
2
0
4
0
0
4
2
2
2
2
2
4
2
2
2
0
2
4
2
2
0
2
0
2
4
4
0
0
4
2
0
4
0
4
4
4
0
2
2
0
2
4
4
4
4
0
2
2
2
0
2
2
0
2
0
0
2
0
2
4
0
0
0
0
0
0
0
0
2
2
0
0
0
2
0
0
2
0
0
0
2
2
4
4
2
2
4
4
2
4
2
0
2
4
0
4
2
0
2
2
2
4
0
2
4
2
4
0
0
2
2
6
0
2
2
2
2
4
0
2
0
4
0
0
2
2
4
2
4
4
4
0
2
4
2
2
2
2
4
4
2
4
2
4
0
2
2
2
4
2
0
4
4
4
4
2
2
0
2
4
4
4
0
0
0
2
0
4
4
0
0
0
2
2
2
4
11
7
8
12
17
7
15
10
32
13
5
9
16
11
11
10
11
13
10
8
8
20
8
11
9
10
3
9
7
11
22
7
8
17
16
12
11
9
9
11
12
6
16
18
13
2
12
10
22
8
4
3
23
5
9
5
31
4
9
5
24
3
14
11
14
20
24
6
8
24
12
15
14
34
24
10
10
6
15
9
6
7
27
7
7
11
9
16
9
17
21
29
16
8
7
8
14
16
23
10
35
31
12
12
8
16
9
13
12
31
10
19
18
29
26
11
9
11
28
9
19
9
13
14
8
11
12
14
10
14
10
22
14
6
6
7
10
11
10
16
11
8
5
5
9
10
6
7
11
9
7
5
19
10
23
8
7
8
6
7
14
13
13
9
10
13
8
11
10
8
11
7
12
10
10
10
6
11
16
13
8
9
7
13
14
8
6
7
4
8
3
10
8
5
16
14
10
5
4
7
7
12
12
10
10
10
13
25
10
11
13
8
5
10
18
12
15
7
8
19
10
9
7
10
8
7
10
6
10
5
8
14
9
5
8
5
11
8
15
8
7
6
4
5
12
5
10
8
12
9
4
6
7
6
6
7
9
8
12
7
11
7
8
10
7
10
7
48
6
7
13
10
8
4
5
10
8
7
12
6
8
14
8
7
3
6
5
9
0
2
0
0
4
2
0
0
2
2
2
2
2
0
2
0
2
0
2
0
2
2
2
0
0
2
2
4
0
0
2
2
2
0
2
4
4
0
4
0
2
2
2
0
2
0
0
0
0
2
2
2
0
0
2
2
0
4
0
2
2
2
2
2
2
2
2
0
0
0
0
2
2
0
4
0
2
2
2
2
2
0
0
2
2
4
2
0
0
2
0
2
2
0
0
0
0
2
0
2
0
2
2
0
2
0
2
0
2
4
2
0
2
2
2
0
0
0
2
2
2
2
2
2
4
0
2
0
2
2
2
2
2
0
2
2
2
0
0
0
2
2
2
0
2
2
2
0
2
0
2
2
0
0
2
0
0
2
2
0
2
2
0
2
0
0
0
2
2
0
2
2
2
2
0
2
2
0
2
4
0
2
2
4
0
2
0
0
0
2
0
2
2
2
2
0
2
0
2
0
0
2
2
4
2
2
4
0
2
0
0
2
2
0
2
0
2
0
0
0
2
2
2
0
0
2
2
0
0
0
0
2
4
0
0
0
2
0
2
2
0
2
2
0
4
2
2
2
0
0
2
0
4
2
0
0
0
0
0
2
0
2
0
0
2
0
2
0
2
0
0
2
0
0
0
2
0
0
2
2
0
0
2
0
2
0
2
0
18
0
4
0
0
0
0
4
4
0
7
0
0
0
2
0
10
5
6
0
0
12
7
6
10
8
0
0
2
8
8
10
6
12
4
0
4
8
0
9
0
0
6
6
0
8
0
0
4
0
0
4
9
9
0
10
0
6
15
2
0
0
4
0
6
0
2
0
6
0
5
5
2
11
10
0
5
10
0
10
9
0
6
4
6
4
0
0
0
13
4
0
2
2
4
10
7
0
4
7
0
0
8
0
2
6
0
0
0
6
2
4
6
8
2
9
2
6
9
8
7
6
6
8
6
6
0
2
6
2
7
7
4
0
0
6
6
5
6
0
8
6
2
4
8
13
6
0
8
0
0
4
7
0
7
0
13
0
4
6
0
0
8
0
2
0
8
2
0
4
4
2
0
4
11
7
0
0
0
6
7
14
5
6
0
2
12
2
9
4
9
7
4
0
0
4
4
2
0
0
0
0
4
5
0
0
0
0
0
6
6
0
0
6
0
4
17
7
2
2
12
4
12
0
9
0
7
7
9
7
5
7
0
5
6
5
7
4
5
7
5
0
2
0
0
0
2
5
9
7
7
0
0
0
5
4
7
6
4
0
0
6
7
2
9
7
5
7
0
2
0
0
0
10
5
5
0
0
0
6
6
7
5
8
5
8
6
3
10
13
9
4
10
4
7
13
6
29
37
27
8
8
8
4
14
8
11
11
36
29
70
21
28
10
6
23
61
8
9
28
10
19
13
10
6
15
33
30
7
6
6
21
8
6
37
10
65
6
7
15
6
6
15
23
6
6
37
7
53
8
8
42
55
40
13
6
6
10
10
6
76
6
58
4
11
13
6
13
13
10
13
6
5
32
17
7
92
8
10
8
7
6
8
13
10
86
6
11
43
37
8
11
13
34
31
11
9
8
6
43
2
8
6
25
85
49
6
7
6
19
2
33
8
32
10
6
6
36
8
7
8
8
9
13
10
46
11
32
9
11
11
7
57
6
11
15
6
9
58
13
59
8
11
4
8
6
62
8
5
4
57
11
64
13
44
46
17
73
6
9
17
9
4
8
64
13
32
6
10
15
78
17
13
7
13
4
9
8
15
10
58
9
9
8
43
11
13
8
42
13
10
65
27
17
9
51
13
21
6
9
7
9
56
8
8
42
11
9
6
8
8
29
94
10
47
13
6
8
6
13
7
6
9
13
47
48
15
13
4
29
22
6
13
7
6
8
16
32
11
6
6
5
4
31
44
8
8
53
37
55
46
45
10
23
9
13
13
9
11
15
9
10
13
51
17
13
24
47
41
15
15
11
50
9
15
13
