12
10
2
12
6
4
10
4
6
10
8
14
14
6
6
14
16
14
14
8
10
10
10
6
20
0
0
0
8
10
6
10
6
12
12
12
6
10
8
8
6
12
10
37
16
8
10
16
6
10
14
4
6
6
8
2
14
35
12
12
2
10
14
12
12
10
20
12
10
8
16
12
12
10
12
8
16
10
22
6
10
14
8
16
10
6
6
16
10
35
4
8
6
10
21
12
8
6
10
12
10
12
12
14
16
12
18
8
12
18
12
12
12
14
6
8
12
22
14
6
10
8
18
8
8
8
12
12
10
8
18
10
16
19
10
10
24
14
12
14
16
10
6
8
14
12
10
12
14
12
14
4
6
4
14
14
14
12
10
22
12
4
10
6
8
8
4
10
14
8
12
18
14
14
18
12
6
14
6
16
6
8
8
6
16
16
8
8
10
10
14
10
8
8
8
18
20
8
10
20
10
8
6
8
8
6
12
10
16
8
10
18
10
22
8
6
10
12
14
10
12
10
8
8
8
6
18
10
8
6
10
6
6
10
6
18
20
8
12
6
6
10
8
6
14
16
8
16
2
2
4
10
10
10
6
4
10
6
12
10
8
8
6
4
6
10
4
12
2
8
10
4
12
10
10
10
10
10
6
10
6
12
6
4
8
4
8
6
23
37
24
37
33
34
31
38
33
38
37
33
33
33
34
38
29
32
37
33
38
39
35
35
38
38
38
33
34
32
38
35
38
39
32
38
30
34
30
38
30
31
37
38
24
32
33
32
33
37
35
30
36
38
20
32
38
33
27
38
33
38
33
32
35
32
38
34
33
37
37
37
38
27
25
33
32
30
28
38
29
32
33
37
38
35
32
37
38
35
39
36
30
39
38
37
29
32
34
33
27
34
32
36
32
39
38
34
35
30
31
38
37
35
37
32
31
35
36
33
38
35
32
31
38
34
36
36
31
34
37
37
33
33
31
35
37
39
14
33
33
37
35
36
34
32
37
32
37
35
34
34
36
38
33
37
26
30
28
33
38
39
34
34
37
38
37
34
33
32
36
35
36
33
31
34
33
34
37
34
20
34
36
38
37
34
35
38
35
38
36
36
31
35
38
32
34
35
27
33
29
38
33
35
34
33
32
38
30
32
35
37
35
35
31
33
32
37
35
34
34
33
22
38
32
37
32
33
34
37
36
31
33
30
31
36
33
33
33
38
33
31
33
36
33
24
33
35
31
33
34
33
38
33
29
19
32
28
29
32
28
34
30
29
37
33
37
34
37
32
27
33
37
34
33
38
31
37
37
26
32
33
33
31
31
32
31
34
7
4
2
4
8
4
4
2
4
3
3
13
6
3
35
71
2
14
9
39
9
2
19
3
2
6
5
5
13
0
4
4
4
4
2
26
4
2
4
4
7
6
79
11
7
6
0
5
6
8
16
6
8
4
43
8
75
0
44
6
2
4
47
9
8
8
5
78
2
6
13
8
0
10
83
4
2
6
4
82
4
7
4
4
12
15
29
21
8
6
31
30
8
8
12
7
5
6
4
3
2
42
18
7
4
7
35
4
7
26
27
43
40
5
9
23
14
4
69
4
40
12
10
6
4
3
5
3
7
23
5
13
40
5
2
2
11
2
28
21
20
41
31
8
55
3
5
37
27
4
43
8
9
4
21
6
2
0
2
13
7
8
21
45
7
2
5
6
5
0
2
6
5
7
29
17
35
85
8
8
7
2
3
11
32
10
34
6
4
4
2
6
6
6
38
12
5
22
2
9
5
13
83
2
26
3
10
5
5
15
7
8
0
6
2
23
4
2
2
3
3
28
6
24
2
8
5
21
27
4
6
6
24
34
6
9
19
23
1
5
0
6
2
68
4
6
2
7
4
7
6
24
1
7
4
32
7
2
5
4
5
9
5
18
4
3
39
2
0
9
6
1
11
4
8
2
19
6
4
27
2
6
4
9
2
2
4
7
4
0
0
0
2
2
4
0
0
2
0
0
2
2
0
0
2
4
0
0
2
15
2
0
2
4
0
4
4
2
6
0
4
2
4
4
0
0
4
11
2
6
2
2
2
2
6
4
0
2
4
2
4
0
17
0
0
2
0
4
2
2
2
0
2
2
0
2
0
4
4
2
0
0
0
2
2
2
0
2
4
4
4
6
0
2
0
2
4
2
0
6
2
2
4
2
0
2
0
2
0
0
0
0
4
2
4
2
4
0
4
6
2
4
6
2
0
0
15
0
4
2
2
2
17
6
2
2
2
0
2
2
2
2
4
2
0
4
0
15
2
0
0
2
4
0
0
0
0
2
0
2
2
0
2
0
0
4
2
6
6
2
6
2
6
2
0
0
4
4
2
0
4
0
0
2
4
0
0
0
0
4
0
0
0
2
2
6
2
4
2
2
2
2
4
4
2
0
0
2
0
4
2
4
0
6
4
0
0
4
0
10
0
15
2
4
15
2
0
4
4
4
13
0
0
4
4
2
2
0
0
6
2
4
0
6
0
16
2
0
4
2
15
6
0
4
2
4
2
2
0
21
2
2
4
0
15
2
2
0
2
8
2
0
0
4
0
6
0
2
0
2
15
2
0
0
6
0
2
4
2
2
0
2
6
0
0
0
0
6
4
2
2
4
0
2
9
6
11
6
10
2
4
3
6
10
2
4
4
5
2
6
8
4
8
6
2
9
5
10
2
4
6
6
2
4
8
4
2
2
4
4
4
4
4
6
6
2
7
4
2
8
2
9
2
6
0
5
2
6
2
6
4
4
13
4
7
6
4
4
5
4
6
8
4
2
2
7
6
6
2
4
2
0
2
0
2
6
2
4
4
8
8
6
4
2
2
11
2
4
3
8
0
8
13
10
2
2
6
6
2
2
7
4
0
2
2
2
4
4
2
8
2
2
2
2
4
2
2
2
2
4
6
4
4
4
2
2
5
2
2
2
4
4
4
2
7
7
2
7
2
4
4
2
7
9
7
4
4
6
8
2
4
2
4
2
6
5
7
4
4
5
5
10
4
7
11
7
7
7
8
11
5
7
11
13
11
10
4
35
7
7
6
6
8
5
7
11
4
7
6
6
9
7
6
7
9
10
7
7
6
10
8
6
4
11
8
7
8
11
9
11
8
9
8
9
8
9
9
10
16
6
7
4
8
4
10
6
8
9
10
8
8
4
9
4
4
9
9
8
9
6
6
6
6
2
6
6
9
7
7
7
7
9
10
5
9
6
6
5
12
8
6
8
20
8
6
13
6
10
6
6
6
4
4
78
3
7
3
5
3
5
0
1
3
3
3
21
3
7
3
1
3
3
3
0
5
5
0
3
13
3
7
3
3
7
1
5
3
5
7
7
5
3
3
5
0
5
1
3
3
5
3
1
1
1
3
9
1
5
1
5
1
1
3
3
3
7
3
3
3
0
3
1
5
3
3
3
5
3
1
0
5
1
5
5
5
3
1
3
3
1
3
5
5
7
7
7
3
1
5
5
0
3
1
13
3
5
1
5
5
5
1
5
3
3
7
5
3
1
3
1
0
3
0
0
5
5
1
3
5
1
1
1
5
3
5
5
1
0
3
1
5
3
5
3
3
3
3
1
1
1
9
7
5
5
5
1
1
9
1
0
3
5
1
3
1
20
0
5
5
5
0
0
1
5
3
5
3
1
1
3
3
3
3
1
1
7
3
5
9
5
3
11
1
3
0
7
3
1
3
2
0
3
1
9
3
5
3
1
3
0
3
3
3
7
3
5
3
1
1
5
1
3
7
7
1
1
3
3
3
1
5
7
0
3
3
1
3
5
17
7
1
0
3
3
21
5
3
1
3
1
5
3
3
3
7
3
1
1
3
1
3
1
1
0
3
3
5
1
3
3
3
3
3
3
10
3
1
5
5
5
3
7
1
5
5
0
3
3
11
11
3
7
21
21
17
21
9
19
9
26
9
9
5
17
13
7
11
19
17
11
19
7
11
5
13
25
15
9
13
13
11
15
19
11
7
15
15
22
13
11
11
13
7
9
15
17
21
19
15
11
21
19
2
7
27
13
21
9
15
11
17
11
15
25
11
29
19
13
13
9
9
13
25
17
7
7
11
15
9
15
23
7
11
19
25
13
7
17
17
26
15
27
25
11
13
5
21
13
9
17
19
23
17
13
7
25
9
21
17
17
15
9
9
21
17
19
9
7
7
11
9
32
15
3
17
44
25
5
13
5
5
13
7
5
11
13
11
15
11
9
13
7
15
9
7
17
3
17
3
7
13
9
7
17
9
11
15
9
9
9
3
11
15
9
11
13
35
3
13
15
7
5
7
7
3
11
3
1
9
11
5
17
3
7
9
13
7
7
9
3
5
17
7
9
17
9
11
11
11
7
3
5
17
7
19
9
13
17
17
17
15
17
19
25
9
19
23
23
21
11
13
9
5
13
23
19
5
21
23
17
11
15
21
5
7
11
11
31
13
11
9
5
5
11
7
9
5
7
11
7
7
13
19
9
7
13
23
15
19
9
23
19
7
15
15
9
7
15
13
11
11
7
13
9
13
15
17
9
11
11
11
13
26
13
9
21
11
21
15
13
2
0
4
0
0
1
4
0
2
4
2
2
1
4
2
3
0
2
0
0
2
4
4
2
4
2
0
0
4
3
4
1
2
0
3
4
1
0
3
0
1
3
4
8
1
0
2
4
2
0
0
0
3
5
2
5
2
0
2
2
1
0
3
3
1
2
1
2
2
4
9
2
4
2
2
5
2
4
4
7
4
4
1
1
6
3
2
6
4
2
2
2
4
2
4
2
4
6
2
4
2
4
2
2
4
0
2
2
1
4
2
1
4
2
4
2
1
5
2
4
0
4
4
2
2
0
2
6
2
3
2
2
2
4
2
2
4
0
4
2
2
3
2
2
4
2
4
2
3
4
2
0
4
5
3
2
6
0
4
8
0
0
3
4
0
2
2
2
2
3
2
3
0
0
4
6
4
2
4
2
2
0
3
0
2
2
2
2
0
1
0
2
2
2
0
0
4
2
2
0
1
4
2
2
0
1
1
2
0
3
0
2
3
0
2
2
2
4
2
2
0
0
0
2
0
2
4
2
2
2
0
4
0
2
5
0
3
2
0
4
2
0
7
0
4
5
2
4
2
2
2
6
6
3
2
2
3
2
0
2
0
5
3
2
2
3
4
2
2
5
2
2
4
2
2
4
2
0
2
2
2
4
1
0
4
2
2
0
4
9
3
2
2
5
1
5
4
2
2
2
2
0
2
6
2
0
4
0
0
2
0
7
4
2
2
3
0
2
2
3
0
2
0
0
2
5
6
0
0
0
6
6
4
0
1
0
4
5
4
0
2
5
6
6
3
4
1
5
8
3
8
7
2
1
1
0
2
4
5
1
2
5
0
1
0
4
0
2
22
4
2
5
2
5
2
2
0
0
19
0
4
2
2
14
2
4
6
10
2
4
0
2
0
0
1
0
6
0
8
0
0
6
6
0
1
2
1
24
1
2
0
5
4
1
15
2
2
2
4
5
4
4
1
1
2
1
1
1
3
2
1
2
1
6
2
2
0
2
4
3
4
3
2
0
0
2
0
0
0
2
2
0
1
0
1
3
2
0
1
2
0
3
1
6
2
2
4
2
2
0
2
7
1
7
67
2
4
0
4
1
0
0
4
0
0
0
4
2
2
1
2
2
3
0
2
3
0
0
0
0
1
2
1
2
1
2
3
4
5
5
4
4
3
2
3
0
1
18
9
2
0
5
2
2
2
2
5
1
2
0
2
1
2
13
3
0
4
15
1
2
0
2
2
1
1
4
4
2
0
4
2
2
4
1
1
13
1
2
2
3
1
2
0
2
0
2
2
2
4
2
0
4
4
4
2
2
41
36
33
22
29
42
24
28
56
17
22
23
27
40
30
37
21
23
23
23
30
18
31
59
45
93
58
25
24
24
30
22
27
23
28
29
23
29
29
30
33
25
22
22
32
18
25
22
35
32
49
34
48
36
30
31
30
23
23
32
44
41
49
24
32
33
25
23
24
15
25
30
36
70
31
27
23
34
23
32
18
25
21
27
37
38
33
65
29
25
22
24
24
32
18
23
33
40
47
48
19
39
22
31
25
16
50
21
56
19
21
24
25
27
22
30
28
21
23
31
32
44
49
34
37
23
18
22
30
18
26
36
56
41
32
23
30
26
18
29
34
19
17
44
47
39
25
23
25
24
30
25
23
20
24
26
45
43
24
29
24
24
14
30
22
25
25
22
44
30
36
28
31
21
32
18
23
22
26
29
50
43
24
23
23
36
23
28
33
22
19
29
39
61
41
25
24
22
31
30
23
21
24
25
42
27
29
33
32
30
18
32
20
30
31
28
31
42
26
38
27
26
25
24
22
38
32
47
44
42
35
19
25
21
22
29
29
17
16
19
19
20
31
21
23
21
19
34
24
19
31
26
22
16
39
20
15
18
21
34
15
14
19
22
16
16
16
21
20
25
31
36
18
16
19
21
18
19
19
21
22
19
18
23
34
28
33
40
