0
2
4
4
2
6
0
2
0
2
2
2
0
2
4
4
4
4
0
6
2
2
0
4
2
4
0
4
4
4
2
14
6
5
2
5
2
8
4
6
6
4
2
11
17
4
0
0
4
2
13
0
6
2
2
2
0
6
4
0
4
4
4
4
0
6
4
6
2
10
6
2
4
2
6
2
4
2
8
0
2
0
4
4
4
2
4
2
6
4
4
2
6
7
4
2
2
4
6
7
4
4
4
8
6
6
8
2
4
4
2
8
4
4
6
4
4
4
4
4
0
2
4
2
4
2
2
0
4
4
2
4
0
4
8
2
2
6
4
4
0
6
4
6
0
2
4
2
4
2
8
2
0
21
0
0
21
2
2
2
4
0
4
4
0
0
8
0
4
2
4
2
2
0
0
0
2
0
0
0
4
0
2
4
8
4
2
2
6
4
4
12
2
4
4
2
2
4
4
4
15
0
0
0
2
2
2
0
4
0
6
2
2
2
4
2
4
2
2
4
0
0
0
0
4
0
2
0
2
2
4
2
2
8
0
2
4
0
2
2
0
2
0
2
0
0
6
2
4
0
4
2
0
2
2
2
0
0
2
2
0
2
4
2
6
4
2
5
2
0
8
0
2
2
4
6
0
0
0
2
2
0
2
2
4
2
2
4
0
0
0
0
0
2
4
0
2
2
0
0
0
0
0
0
2
2
2
0
0
4
2
2
0
0
0
2
2
6
0
0
4
2
0
4
0
2
0
0
2
2
0
2
2
4
0
0
0
2
4
4
0
0
0
2
2
2
0
2
2
4
0
2
2
2
0
0
0
0
2
2
0
0
2
0
5
4
0
0
4
0
2
2
2
0
0
2
0
2
0
2
0
2
2
0
6
4
2
6
2
6
2
2
4
2
2
0
0
2
2
6
4
2
11
2
0
4
4
6
2
2
6
2
4
0
2
0
2
0
0
2
4
0
0
0
2
2
0
2
4
4
6
6
2
2
2
2
0
0
0
0
0
2
2
10
4
2
0
0
4
8
0
6
2
2
4
4
0
4
2
2
2
2
0
2
4
4
2
8
2
2
2
2
0
0
0
2
0
3
2
2
2
2
4
2
6
6
0
0
2
4
4
4
0
4
4
2
0
2
0
0
2
2
4
6
4
6
0
2
2
2
0
0
0
2
0
3
0
2
4
2
2
3
5
4
2
2
2
0
2
2
0
0
3
2
5
2
2
0
0
2
0
0
2
0
0
2
2
0
2
2
4
0
0
4
0
2
4
2
4
0
0
2
0
2
4
2
2
2
0
0
0
2
0
2
2
0
3
3
5
3
0
20
0
5
64
0
3
50
3
3
60
5
3
11
0
0
4
5
1
0
59
0
5
5
27
1
0
1
3
0
0
1
30
3
0
10
0
3
0
15
0
0
0
0
1
3
0
0
0
1
1
15
1
0
0
33
0
0
64
30
1
1
17
22
0
0
34
3
33
20
0
0
3
61
0
0
23
0
5
43
19
0
0
1
32
0
3
19
0
0
3
1
0
3
26
30
62
3
1
0
38
40
3
3
22
0
3
24
3
0
5
0
0
21
1
0
1
22
46
0
18
31
1
0
20
3
0
1
1
0
0
1
1
3
20
5
0
31
25
1
0
28
25
0
4
18
28
3
4
31
3
0
0
25
1
37
3
19
1
40
43
12
5
13
49
3
5
13
23
3
0
3
1
0
49
3
3
31
5
0
29
0
0
3
26
0
1
23
0
1
5
8
5
0
3
13
0
1
41
1
11
43
0
0
3
5
3
0
0
0
1
3
0
19
18
0
19
20
20
1
23
39
21
25
11
4
26
20
29
3
1
20
21
8
22
0
18
21
20
17
1
26
19
26
1
24
30
19
3
20
5
36
21
1
19
10
0
26
18
7
35
7
0
28
3
0
15
18
1
1
21
25
5
29
1
1
1
20
3
24
0
21
8
1
1
2
1
3
5
2
2
4
1
4
2
5
10
3
3
2
9
2
0
8
2
2
2
5
6
1
2
2
2
3
6
2
8
1
2
6
1
17
1
2
1
4
4
3
0
4
5
0
4
5
9
8
4
8
6
21
8
9
7
7
5
9
5
9
6
26
8
3
7
13
4
5
5
3
10
5
7
7
7
7
22
6
12
8
5
7
4
4
8
3
5
7
12
6
5
3
5
3
9
5
3
7
26
11
6
5
3
5
8
7
7
7
11
5
6
5
7
7
3
6
6
7
2
5
12
18
6
3
10
10
7
9
6
5
3
5
3
9
21
9
9
7
5
6
6
10
7
9
8
19
5
7
17
7
4
7
3
3
14
10
7
10
19
14
20
29
10
5
9
7
10
7
7
7
10
6
3
5
3
6
13
5
20
5
17
8
30
26
27
25
21
7
9
4
12
7
15
20
5
7
21
8
3
5
12
5
5
6
5
8
11
9
4
5
5
7
9
2
4
5
13
5
3
5
7
4
6
9
8
7
7
5
4
6
12
3
9
8
2
7
7
2
3
7
20
5
22
9
7
5
18
18
8
8
6
10
11
2
5
10
5
3
3
3
15
5
2
20
3
9
3
7
4
2
2
8
5
5
7
5
5
7
5
5
4
6
5
7
2
8
2
2
6
6
4
10
0
2
4
2
4
4
6
0
6
6
4
6
2
12
4
2
4
6
4
4
7
6
6
6
6
6
6
2
6
0
6
0
4
0
4
6
10
2
4
4
4
6
6
6
4
0
4
0
5
6
4
4
4
0
4
2
0
0
10
3
6
2
0
2
0
6
2
6
6
6
2
0
0
2
2
8
4
0
8
0
2
2
8
6
6
8
0
7
0
6
8
6
6
2
2
6
0
2
5
0
0
6
2
0
6
0
0
6
6
0
2
2
2
4
6
4
6
6
6
6
2
2
7
53
8
4
5
6
8
6
8
6
6
4
6
4
0
4
10
4
8
6
4
8
2
4
6
8
6
2
6
6
4
6
6
6
8
38
8
4
8
12
10
8
4
4
4
8
0
0
4
57
8
5
8
6
6
6
4
6
4
0
8
4
4
5
10
0
6
6
0
4
4
2
4
0
67
2
4
6
2
0
4
2
4
0
0
4
4
9
0
2
6
6
96
4
6
6
6
2
0
4
2
6
4
6
6
8
96
4
6
4
6
6
6
6
6
6
6
4
6
0
4
6
6
6
6
4
6
6
6
4
16
4
6
4
2
8
4
6
2
2
6
8
4
0
4
2
4
0
6
6
8
4
4
6
6
4
10
2
5
2
2
0
2
0
7
4
2
2
0
5
0
1
2
2
2
4
10
2
4
3
0
2
6
4
4
4
2
8
4
5
0
2
0
4
2
6
4
6
2
6
2
2
4
9
7
4
2
2
2
4
2
4
5
2
4
2
8
0
7
5
2
4
4
0
0
3
3
4
2
2
9
2
4
8
0
0
2
4
0
4
2
4
4
2
2
5
5
4
2
2
2
4
1
4
7
2
0
0
0
2
4
5
5
4
4
2
2
6
0
2
5
2
4
2
2
2
8
4
6
2
4
6
4
2
5
2
2
6
7
2
3
5
4
6
5
2
4
2
2
4
2
3
4
2
4
2
2
2
6
2
2
0
1
2
4
2
2
0
8
4
4
6
4
4
2
4
2
4
9
0
4
3
5
0
4
0
7
8
4
4
2
4
4
6
0
6
3
0
2
0
4
4
0
0
2
2
2
2
2
4
2
6
5
3
2
2
0
2
2
2
4
0
4
2
0
2
0
2
4
0
4
0
2
2
2
2
2
0
2
2
2
2
0
2
0
2
4
2
4
0
0
0
4
0
2
2
0
2
2
4
2
4
2
4
5
2
0
2
2
11
0
2
5
4
2
0
2
1
1
2
7
2
0
2
2
0
2
0
3
2
3
4
5
0
2
0
0
0
2
0
4
2
2
0
2
2
2
0
2
2
2
0
0
0
6
0
2
2
0
0
0
2
0
2
2
2
0
0
2
2
0
2
2
0
2
0
0
0
2
4
0
0
2
0
0
2
2
4
4
2
0
2
0
4
2
4
0
0
0
0
2
0
0
2
2
0
6
0
2
2
2
0
2
2
2
2
4
2
4
0
2
0
4
0
2
2
0
0
0
0
0
0
4
0
2
0
2
4
2
2
0
0
2
0
4
0
0
2
2
2
0
2
0
4
10
4
2
4
2
2
6
0
2
6
2
4
4
2
2
0
4
2
2
2
2
2
0
2
2
2
2
4
0
0
4
11
0
2
2
4
6
4
4
0
2
0
2
4
4
0
0
0
4
2
4
0
4
2
2
2
0
0
0
2
0
4
2
0
4
0
2
4
2
0
0
0
0
2
0
0
0
2
0
2
2
2
4
4
2
2
6
0
2
0
0
2
2
0
0
0
0
2
2
0
0
2
0
2
2
0
0
0
0
0
2
0
2
2
2
2
0
0
0
2
0
2
2
0
0
2
2
0
2
4
2
4
4
2
0
0
2
2
2
0
2
0
0
0
0
2
2
0
0
0
0
0
4
0
0
0
2
0
0
0
2
0
0
2
0
0
2
2
2
0
4
3
2
2
3
3
4
1
5
3
1
12
1
1
1
1
3
1
3
1
13
1
3
5
5
1
1
3
3
6
5
3
1
0
14
3
3
16
6
3
3
1
1
3
1
6
1
1
1
0
6
1
3
3
1
4
4
1
3
3
3
5
1
5
3
3
6
5
1
12
3
8
5
11
6
3
6
6
5
7
3
3
5
1
6
7
1
3
7
18
3
4
16
5
7
6
18
1
3
16
18
8
3
16
8
1
1
14
5
12
1
8
3
3
3
8
8
4
3
8
7
3
1
4
3
3
5
5
6
1
5
1
12
1
18
14
3
4
6
3
3
8
1
3
3
8
8
20
5
5
8
12
3
6
5
10
4
6
16
4
1
3
5
3
5
3
6
6
3
6
4
6
1
3
18
15
6
4
8
2
3
3
3
3
4
7
4
14
7
1
4
8
1
6
3
5
1
6
5
1
4
16
4
1
7
20
3
3
6
3
5
4
14
3
4
3
3
8
5
15
15
6
10
5
6
17
9
5
3
16
4
8
1
1
3
5
6
6
8
3
18
1
5
3
13
3
0
6
3
1
7
5
6
8
8
16
13
14
1
16
4
4
8
6
5
4
3
3
14
3
3
3
5
1
5
14
16
6
14
1
5
5
6
6
6
3
3
11
2
2
2
0
1
2
0
2
0
2
2
2
2
3
5
3
0
4
0
0
2
0
0
2
2
1
0
1
0
0
0
0
2
0
3
2
2
0
0
0
3
0
0
0
2
2
2
0
0
0
2
0
0
0
1
0
2
0
0
0
2
0
1
0
9
0
0
0
0
0
0
4
0
4
0
3
1
0
0
0
3
0
0
4
0
2
0
0
0
1
0
9
0
2
3
0
2
2
2
1
3
2
2
0
2
0
2
2
0
2
2
3
0
2
0
0
1
2
1
2
2
2
2
2
0
0
0
0
0
0
0
0
0
0
1
2
2
0
6
1
1
0
3
1
1
1
2
0
0
0
0
0
0
0
0
1
0
3
0
1
1
0
0
2
0
0
1
0
2
1
0
1
0
1
0
0
0
0
0
1
2
1
1
0
10
0
0
0
1
1
0
1
1
3
0
0
3
0
2
2
2
0
2
0
2
2
0
2
2
2
4
18
0
2
0
0
2
2
1
1
1
0
0
2
2
0
2
0
0
1
1
1
0
0
0
3
0
0
0
0
0
2
3
1
0
0
1
3
1
9
2
2
0
0
2
0
4
1
1
2
2
2
2
2
0
1
0
2
2
0
0
1
0
0
1
0
2
0
0
0
0
0
2
0
1
0
0
0
0
0
27
6
4
8
4
2
4
21
2
6
10
2
2
2
0
6
4
2
2
2
10
0
4
0
2
2
4
6
4
0
4
4
6
6
2
4
12
4
2
31
2
0
2
2
6
4
2
0
8
6
4
4
0
4
4
4
2
6
4
2
4
0
2
2
4
10
4
0
4
2
0
6
4
2
6
0
8
4
0
0
0
6
2
0
82
0
0
0
0
0
6
2
6
2
0
2
4
2
2
0
2
2
0
0
2
4
0
2
2
0
0
2
2
8
4
4
2
4
2
2
4
4
2
0
2
4
4
2
4
2
2
2
4
0
2
6
2
4
8
4
10
2
2
4
2
2
2
2
2
4
6
0
2
6
2
2
4
6
0
6
4
0
6
4
2
6
4
0
4
2
0
4
2
0
2
2
4
0
0
2
0
0
2
0
0
2
2
4
2
2
6
2
0
4
2
2
2
2
0
2
2
2
2
4
4
2
4
2
0
2
2
6
21
2
4
2
2
2
8
4
0
6
4
2
0
2
2
2
4
2
0
48
0
2
2
0
6
8
6
10
0
2
2
4
2
2
0
0
4
4
2
2
0
0
0
2
2
4
0
0
0
0
0
36
0
0
0
0
0
0
0
0
0
0
0
0
0
0
0
0
0
0
0
0
0
0
