77
77
77
78
73
73
72
77
72
77
64
72
75
77
71
68
52
61
60
50
60
60
55
66
77
75
77
74
77
73
77
76
76
75
73
78
78
77
75
68
76
71
78
75
77
78
77
67
75
75
75
71
76
76
72
76
75
61
75
73
74
76
74
72
75
74
71
67
75
55
65
70
72
76
73
65
76
69
76
77
77
74
76
76
58
77
78
58
60
68
76
74
75
78
75
77
76
58
55
70
75
65
77
59
72
76
75
73
77
65
74
56
63
69
61
75
71
74
75
76
71
74
68
74
75
73
70
76
71
68
70
76
65
75
57
61
62
66
67
76
61
61
63
56
56
66
61
60
62
67
76
72
68
74
74
78
76
67
76
60
76
76
74
56
61
64
67
67
67
68
75
75
75
77
76
69
76
66
75
68
75
58
67
74
67
77
67
58
63
64
56
51
54
57
52
67
66
63
62
68
63
67
55
57
67
49
65
58
68
55
56
66
59
58
57
67
64
67
67
66
67
66
59
62
67
55
65
53
60
68
62
67
67
68
62
65
63
58
66
68
69
67
68
67
67
68
62
64
60
62
66
66
67
68
66
65
66
61
66
68
67
66
61
64
63
63
66
68
68
60
59
66
67
67
66
61
62
61
66
67
67
66
69
67
68
67
64
62
7
7
12
10
11
7
10
11
7
8
7
8
10
10
10
9
10
11
11
12
8
14
16
6
12
14
14
14
11
10
11
7
9
11
5
12
6
9
9
9
7
16
13
17
5
19
10
20
7
10
8
9
9
12
7
9
9
18
9
12
13
10
8
10
11
6
14
10
10
10
9
16
12
5
9
11
8
9
9
11
11
12
11
12
12
10
7
12
10
10
8
13
6
9
10
14
7
14
11
10
9
13
12
8
10
9
11
9
11
13
10
13
9
8
6
11
9
15
14
15
10
13
10
12
11
13
11
8
10
10
12
9
10
7
8
11
11
9
8
10
10
10
12
12
11
7
8
9
9
7
6
8
7
14
18
7
8
8
15
10
10
9
8
10
10
8
11
8
14
14
12
6
10
8
8
10
8
10
9
11
11
4
9
7
5
10
12
13
8
16
15
10
8
12
7
12
11
9
10
14
8
9
9
11
13
9
10
9
13
14
13
10
19
6
10
9
13
7
11
9
11
12
11
10
8
16
15
14
9
4
11
11
10
9
11
9
10
10
9
6
12
4
12
12
7
9
9
11
10
7
16
7
9
9
10
13
13
11
13
12
7
8
8
11
18
15
10
9
9
8
8
8
9
8
8
13
6
8
7
9
5
12
10
6
10
10
15
11
6
10
18
16
10
10
6
10
17
8
14
17
18
10
16
12
18
24
18
14
14
8
8
16
8
12
14
12
10
4
6
27
4
20
14
6
14
8
6
16
12
10
8
6
10
22
16
8
6
6
6
8
0
2
4
8
4
14
6
12
10
6
6
10
6
8
6
14
4
8
4
10
10
16
16
4
6
20
14
10
8
12
16
10
15
18
4
6
6
10
8
6
16
10
2
8
8
12
10
14
2
8
12
9
12
8
6
15
12
10
10
12
12
6
10
10
10
14
12
12
14
31
4
6
7
14
6
18
10
8
6
20
4
12
8
14
4
6
16
16
6
12
2
10
14
14
8
20
11
8
12
14
19
8
6
18
10
12
10
10
6
2
8
14
8
8
8
14
4
18
12
8
18
14
18
6
2
10
20
4
12
18
12
6
10
20
6
10
14
11
18
20
10
12
10
22
16
16
14
18
18
17
23
16
6
12
20
10
10
6
2
21
12
8
10
18
16
8
10
6
10
8
6
6
8
18
10
4
2
8
4
8
12
10
2
14
12
4
14
12
17
10
2
20
8
6
14
8
8
10
10
6
4
2
6
6
2
2
6
10
2
8
6
2
2
10
4
2
6
4
2
4
2
2
2
2
4
0
2
6
2
2
0
10
6
0
0
0
12
10
8
4
4
10
12
10
6
10
14
6
10
10
10
6
8
14
12
10
4
10
8
16
20
8
8
14
10
4
16
8
8
12
20
18
8
8
14
14
8
12
20
12
35
8
18
14
14
14
18
8
24
16
27
6
10
8
18
22
10
10
18
14
8
10
10
10
12
8
16
12
8
16
18
8
22
16
20
10
18
6
23
14
8
8
10
8
8
14
8
6
26
26
6
8
12
8
8
12
8
10
18
4
10
12
16
16
26
20
14
22
27
10
16
12
18
12
29
35
20
6
55
8
12
33
27
14
31
43
35
33
16
41
22
24
26
14
31
45
35
18
20
8
24
24
8
18
22
43
29
39
31
27
55
14
24
14
33
27
29
16
18
12
10
24
43
18
8
12
8
37
14
14
6
8
10
47
20
39
18
27
29
18
8
10
29
12
12
8
39
31
27
14
37
51
6
6
37
8
8
33
18
51
6
27
12
31
53
29
49
18
29
6
41
27
37
16
22
33
27
31
12
27
43
8
33
12
6
8
12
14
8
20
12
14
6
18
16
57
37
20
22
16
18
39
14
8
4
14
4
16
22
14
10
19
16
12
16
22
18
22
10
12
12
26
26
24
10
10
12
16
18
10
12
16
18
12
16
10
20
10
18
16
4
14
10
22
6
2
4
2
6
0
6
12
0
2
4
10
0
4
4
4
6
6
8
0
4
2
6
4
6
2
2
4
6
4
2
0
12
2
2
0
2
4
4
0
2
0
0
6
6
4
4
4
4
6
8
6
0
8
2
4
4
4
2
8
4
0
4
4
0
6
2
0
6
4
4
8
4
4
2
6
2
0
2
2
2
2
2
4
4
4
4
2
2
2
2
4
0
2
2
4
0
4
0
2
0
2
0
0
2
4
4
0
0
0
2
2
4
2
6
2
4
2
2
6
2
2
2
0
2
0
2
2
2
2
0
0
4
0
6
2
6
4
0
4
6
2
2
6
0
2
2
4
4
4
4
4
6
90
4
6
0
2
4
6
4
0
2
2
2
4
4
4
0
0
4
2
2
4
4
2
2
4
2
2
4
2
4
2
0
2
2
2
6
0
0
0
6
4
6
0
4
0
2
4
2
2
6
2
6
2
2
6
2
4
4
4
2
4
4
2
0
0
2
4
4
0
0
4
2
4
4
2
4
2
2
4
0
2
4
4
6
4
0
0
2
4
6
2
0
6
2
0
8
2
4
4
8
4
2
2
6
2
0
4
0
2
0
6
4
0
2
4
2
4
2
4
2
8
4
8
2
4
4
8
4
6
2
8
4
6
2
4
10
10
17
6
10
6
13
13
19
6
23
6
8
8
8
6
6
12
10
10
12
21
6
12
8
21
4
4
6
4
6
12
12
6
8
17
8
12
6
19
8
8
12
8
8
13
8
13
8
19
8
8
6
17
8
8
17
15
13
13
23
12
17
13
12
25
15
12
27
19
29
15
19
23
17
13
6
25
17
10
8
23
6
35
17
15
17
12
8
15
13
10
23
15
10
35
17
4
21
8
13
8
13
15
12
6
12
17
25
12
8
10
12
21
21
12
17
12
15
23
21
23
12
23
8
12
25
13
6
13
19
19
17
19
10
19
12
6
21
6
17
8
4
15
10
8
4
6
8
4
10
4
15
6
4
8
6
4
10
15
15
2
8
10
6
8
4
8
6
6
4
25
44
4
8
6
2
6
6
12
8
8
6
8
10
4
6
0
4
6
2
12
6
8
4
15
4
13
6
12
6
8
2
12
6
4
4
6
6
6
4
4
15
2
14
17
6
6
6
13
4
6
8
4
4
6
13
6
10
4
2
8
4
2
4
12
10
4
10
6
12
8
19
12
25
8
2
2
6
10
10
8
4
2
8
8
10
6
6
6
10
10
13
8
17
10
13
2
8
8
21
10
14
2
27
8
6
8
4
10
6
11
8
14
14
12
13
17
0
0
0
0
0
0
0
0
0
0
0
0
0
0
0
0
0
0
0
0
0
0
0
0
0
0
0
0
0
0
0
0
0
0
0
0
0
0
0
0
0
0
0
0
0
2
0
0
0
0
0
0
0
0
0
0
0
0
5
16
35
19
26
40
12
40
18
12
24
42
23
15
22
6
19
25
93
23
31
22
27
45
42
28
16
25
38
19
30
31
21
13
24
20
54
30
28
27
34
30
48
48
19
15
20
35
52
33
36
31
15
26
44
26
39
21
26
38
41
39
32
66
39
15
24
33
39
25
51
41
22
41
17
15
29
60
63
27
43
33
38
37
49
29
21
41
30
47
43
53
40
34
21
54
38
39
35
34
50
28
54
41
20
36
40
42
37
38
61
23
31
49
36
57
50
48
35
38
37
36
52
52
43
30
49
24
51
70
11
52
32
37
14
15
25
35
58
53
20
23
30
23
38
49
28
8
28
21
27
45
37
26
29
24
22
39
24
37
17
12
22
26
19
15
13
23
11
34
18
25
23
21
46
32
36
13
19
32
33
34
24
11
27
7
26
31
28
25
13
37
22
30
20
13
12
29
26
23
26
23
19
30
27
13
23
19
11
25
26
27
24
29
17
29
25
26
20
15
6
13
25
13
19
30
59
37
15
22
2
0
2
2
0
0
2
0
0
0
0
0
0
0
0
0
2
0
0
0
0
2
0
2
0
2
2
0
0
0
0
2
2
2
2
0
2
2
0
0
2
0
2
2
0
0
0
0
2
0
0
2
0
0
0
0
0
2
0
0
2
0
0
0
2
2
0
2
0
2
0
0
0
0
2
0
0
2
2
2
2
0
2
0
2
0
2
0
2
0
2
2
2
0
2
2
2
0
0
0
4
2
2
2
0
0
0
2
2
2
2
2
0
2
2
4
0
2
2
2
0
2
0
2
2
2
0
2
2
0
0
2
2
2
0
2
2
0
2
0
2
2
0
2
2
2
0
0
2
0
2
2
2
0
0
2
0
0
0
0
2
2
0
0
2
2
2
2
0
0
0
0
2
0
0
2
0
0
0
2
2
2
2
2
0
0
0
2
0
0
4
0
2
2
2
0
2
4
0
0
0
2
2
2
2
0
0
2
2
0
2
2
0
2
2
0
2
2
0
2
2
2
0
2
0
2
0
0
0
2
2
0
2
2
2
0
4
0
2
2
2
2
0
2
2
2
2
2
2
0
2
0
2
0
0
4
0
2
0
0
0
0
0
0
0
2
2
2
2
0
2
0
0
0
2
0
0
2
2
2
0
2
2
2
2
2
0
0
2
2
2
2
2
4
15
6
15
2
2
2
6
2
7
2
2
2
4
0
0
4
8
2
2
6
4
2
4
0
3
2
4
2
4
4
2
6
2
6
4
2
6
0
4
0
0
6
0
2
0
9
2
4
4
4
4
5
7
4
4
6
5
4
0
0
6
2
0
6
0
2
2
0
0
0
8
8
0
2
2
4
0
0
4
2
2
0
2
2
2
2
2
4
2
2
2
2
2
2
2
0
2
2
4
2
0
17
2
2
0
2
0
6
2
2
0
0
6
0
2
4
6
2
4
6
2
2
6
2
2
4
2
4
2
2
2
3
4
9
2
2
19
2
9
4
4
2
4
0
2
2
2
0
2
2
2
4
2
2
2
0
4
2
0
2
4
0
2
4
0
2
0
4
0
2
2
2
2
4
0
0
6
22
4
4
7
0
8
4
2
0
2
4
11
4
6
2
4
4
2
0
2
2
2
0
4
13
4
2
2
0
4
2
2
4
0
4
2
2
2
2
6
0
0
2
0
2
7
0
4
19
2
2
4
2
4
0
0
4
4
0
2
4
2
13
6
7
4
4
10
3
2
2
2
2
0
0
4
4
9
2
0
2
0
2
0
7
4
2
0
2
0
2
0
0
2
0
4
4
7
11
2
2
2
7
2
0
13
17
22
20
10
17
11
26
9
24
9
12
12
7
20
11
6
15
19
11
14
14
18
11
11
14
13
12
11
12
16
15
13
12
16
13
26
22
23
62
10
10
12
14
7
7
11
6
10
14
31
17
11
17
19
10
23
14
8
9
14
17
24
17
11
10
12
8
8
4
4
24
10
17
14
19
15
27
35
11
14
6
16
7
14
12
13
12
13
16
13
17
19
5
25
6
6
10
9
8
11
13
16
10
19
8
6
22
12
18
26
17
12
8
9
13
12
10
7
7
15
8
11
16
8
12
13
17
13
10
8
15
23
24
15
22
11
8
17
12
9
14
7
25
10
5
13
14
9
5
16
12
15
15
10
6
13
17
20
18
8
18
12
11
24
8
2
14
9
24
10
5
12
26
19
14
20
14
13
8
9
7
20
19
11
50
3
8
9
11
7
10
11
12
14
29
10
11
14
9
56
13
10
7
14
23
21
37
12
19
11
17
6
25
12
15
9
8
13
15
16
10
19
13
16
8
9
14
10
20
18
16
16
10
11
35
16
15
5
29
31
10
13
11
19
15
18
12
12
7
11
9
7
13
25
13
31
15
39
13
6
6
5
10
66
9
0
9
14
8
1
17
20
5
6
5
8
17
46
10
31
22
36
22
21
13
13
11
