0
2
4
0
4
4
4
4
0
0
4
4
6
4
0
0
4
94
4
8
2
2
0
4
2
2
0
2
2
0
2
0
4
4
2
2
2
0
6
2
2
2
2
2
0
0
2
4
0
6
0
2
2
0
2
0
2
2
8
10
4
4
0
4
2
2
2
0
4
2
6
2
4
4
4
0
4
6
2
0
0
0
2
2
0
0
8
2
4
6
0
0
2
0
4
0
0
4
0
2
2
4
0
4
2
0
6
4
2
4
2
2
2
0
0
0
0
4
4
2
0
10
0
0
4
4
2
6
2
0
2
2
2
0
0
0
0
2
0
0
2
2
0
0
2
0
8
4
0
2
0
4
4
2
2
0
0
2
2
2
4
0
2
4
6
4
4
0
2
2
2
0
4
0
2
4
4
0
4
4
0
6
4
0
2
4
0
2
0
2
0
4
0
2
4
2
4
0
2
6
4
0
2
4
2
4
4
2
0
2
0
53
2
0
2
2
6
0
4
0
0
0
4
6
2
2
2
0
0
2
2
2
4
2
2
2
2
0
0
0
0
2
0
2
0
6
2
2
0
2
2
0
0
4
2
0
0
2
2
4
0
2
2
2
2
6
2
6
2
2
0
0
0
0
0
0
0
4
0
0
2
0
0
4
4
2
0
2
12
4
15
0
4
6
0
2
4
8
2
2
2
0
4
2
4
8
2
4
2
4
6
0
4
10
2
0
0
4
4
0
0
8
2
0
2
0
8
6
8
2
8
6
4
4
4
10
8
12
2
2
4
6
6
2
0
6
4
2
4
6
4
4
6
0
4
6
4
8
4
4
6
6
12
8
10
8
8
6
4
12
10
8
4
2
8
10
8
6
7
8
8
6
4
12
10
10
6
11
11
8
11
10
4
12
11
8
2
8
10
6
8
8
6
2
14
2
8
9
14
9
10
6
11
4
12
16
6
8
12
8
10
4
4
4
4
8
13
8
12
8
17
15
15
10
8
8
10
6
13
11
6
12
4
6
10
14
8
14
14
6
8
45
15
12
6
10
15
8
10
10
13
15
10
15
10
19
8
8
10
11
8
6
8
2
6
10
8
8
9
6
4
14
4
23
14
18
14
12
6
6
8
6
10
12
8
6
4
8
6
6
4
6
9
12
10
4
16
13
8
6
6
10
8
12
8
6
2
8
8
15
6
15
8
4
4
2
11
12
10
12
4
6
4
8
15
6
6
10
6
8
2
6
4
14
2
6
6
4
6
4
0
2
2
4
4
8
6
2
6
2
12
2
2
0
6
8
2
0
6
2
4
4
10
0
4
6
0
0
2
0
4
8
0
3
0
4
0
2
0
0
2
0
2
0
6
0
0
2
4
0
2
0
0
2
0
0
2
6
0
2
1
2
2
0
3
2
2
0
6
0
0
2
2
2
0
4
0
4
0
2
6
5
2
0
2
2
2
0
0
2
2
19
6
2
0
0
0
0
0
0
0
0
0
5
2
0
0
0
2
0
4
0
0
2
0
4
0
0
2
0
0
4
0
0
2
2
2
0
9
0
2
0
0
2
2
2
0
2
0
8
6
0
0
2
0
2
4
2
0
0
2
0
2
0
2
0
2
2
2
0
0
0
0
8
2
0
0
4
0
0
2
2
0
2
0
5
0
2
2
2
0
0
0
0
2
4
2
2
14
4
6
0
4
0
4
2
0
0
2
0
0
4
6
0
2
0
2
2
0
0
0
6
4
2
0
0
4
0
2
0
2
0
0
0
4
2
6
2
0
0
0
4
0
0
0
2
5
6
4
4
0
2
0
2
2
0
0
0
0
2
2
0
0
2
0
8
2
23
2
13
2
4
0
6
2
0
0
2
0
0
2
4
0
4
4
0
0
3
0
0
0
0
0
8
0
0
2
2
0
2
2
0
2
2
2
0
2
2
0
2
0
0
2
2
2
2
0
2
4
3
0
4
4
2
6
6
0
0
8
6
0
0
6
6
0
0
4
8
0
0
6
6
0
6
8
0
4
0
8
0
6
0
8
4
0
6
6
6
6
0
4
10
4
6
12
0
6
0
4
6
0
6
6
0
6
6
4
4
6
0
6
0
6
0
8
0
6
0
4
4
8
0
6
0
6
0
4
6
8
0
0
4
6
0
0
6
6
0
0
6
4
0
0
6
6
0
0
6
10
0
0
6
12
0
0
4
8
0
0
8
6
0
0
6
6
0
0
8
12
0
0
6
8
0
0
0
0
0
0
6
0
0
8
10
0
6
2
0
4
0
6
4
4
0
0
0
0
0
0
0
0
0
0
0
8
6
0
0
0
2
6
8
0
6
8
10
17
0
8
6
4
0
0
4
11
6
0
0
0
0
0
0
0
0
0
0
12
0
0
0
0
0
15
0
8
6
0
13
0
13
0
0
10
11
0
4
0
17
0
8
10
10
0
19
6
15
0
0
15
10
0
0
8
12
0
0
11
17
0
0
12
8
0
0
6
12
2
0
25
6
0
0
8
8
0
0
13
8
0
0
15
19
0
0
10
6
0
0
34
8
25
0
15
0
4
0
11
2
4
0
27
0
17
0
13
11
12
0
12
8
10
0
10
12
6
0
38
6
10
0
27
0
2
6
6
4
2
2
2
4
2
2
4
4
6
4
8
6
4
2
7
4
6
2
2
2
2
4
4
2
2
4
2
7
2
6
0
2
6
4
2
2
2
6
4
4
4
4
8
4
2
6
4
0
4
6
2
4
4
0
0
4
6
4
2
10
6
8
4
4
8
6
2
6
4
2
6
4
6
8
2
6
2
8
4
6
4
5
4
8
8
6
2
4
10
2
4
6
4
4
8
2
2
4
6
4
4
3
6
6
4
6
8
6
8
2
8
4
4
6
6
6
8
4
10
6
2
4
2
2
6
2
4
6
4
4
4
10
6
86
4
0
2
2
4
4
6
2
6
0
2
2
2
4
4
8
0
6
4
8
6
6
4
2
8
4
2
2
8
4
2
4
6
2
4
4
4
4
6
4
4
4
8
4
6
2
2
4
2
2
4
6
8
0
4
0
8
2
4
6
2
2
10
2
4
4
4
2
4
7
2
6
2
4
4
5
6
10
2
4
4
6
2
2
6
4
2
2
12
0
4
2
2
8
2
2
4
4
0
6
4
4
4
8
15
6
4
2
2
2
8
6
4
4
4
4
2
8
2
4
6
10
2
6
6
4
2
2
2
2
2
0
2
10
4
0
8
2
2
2
2
4
0
0
6
2
4
2
4
4
19
19
19
18
17
19
17
18
17
18
16
18
18
18
19
17
18
19
19
18
17
18
18
18
18
19
18
17
19
18
18
16
19
19
18
17
19
19
19
18
17
19
18
16
19
19
18
19
18
19
19
19
19
17
19
19
19
18
19
19
19
19
19
17
19
19
17
18
19
18
19
19
19
19
18
17
18
17
15
19
18
16
19
19
19
19
18
17
18
19
18
19
19
18
18
17
19
18
17
19
19
19
19
19
18
18
19
18
17
19
17
19
17
17
16
19
19
18
19
19
18
17
19
19
19
18
18
18
17
19
18
19
17
17
18
18
19
19
19
18
18
18
18
18
19
19
15
16
17
14
19
16
15
18
19
18
19
18
15
17
18
18
18
18
18
18
19
19
18
17
18
18
18
17
18
18
18
15
16
18
18
18
19
19
17
18
17
17
19
19
18
18
19
19
16
18
18
18
19
19
18
19
18
18
19
19
18
19
19
18
19
18
19
19
18
18
18
18
19
18
18
18
19
17
19
19
19
18
19
18
19
19
18
19
19
18
19
19
18
19
20
18
19
18
19
19
18
18
18
18
17
18
17
18
18
17
17
19
17
18
19
18
16
17
18
18
19
19
18
16
18
18
18
18
18
19
18
18
19
18
19
18
17
17
19
19
19
19
2
2
4
8
2
2
2
2
4
2
0
0
6
2
2
6
2
2
4
4
4
4
2
2
2
2
2
2
2
0
2
2
2
0
2
0
6
4
4
2
4
4
2
4
2
2
2
2
2
2
2
4
4
2
4
4
6
2
4
4
2
2
4
4
2
4
4
2
2
4
4
2
2
2
0
0
2
2
2
4
0
0
2
6
2
4
2
4
4
4
0
2
4
2
0
0
2
4
2
2
2
8
2
0
4
4
0
4
2
0
2
2
2
6
2
2
0
0
2
2
6
2
2
2
4
4
2
2
2
4
2
4
4
2
4
2
0
2
4
4
2
2
2
2
2
2
2
4
0
2
2
2
2
4
0
0
6
2
6
2
4
6
2
2
4
2
2
0
4
4
6
2
2
4
0
2
2
2
2
0
4
4
4
2
0
2
2
2
2
0
2
2
4
4
4
2
4
4
4
4
2
2
2
2
2
0
4
4
2
2
4
2
2
4
2
0
2
6
2
4
0
2
2
0
2
2
0
2
2
4
4
2
4
4
2
4
6
4
0
0
2
2
2
4
4
4
2
2
2
4
2
2
2
8
2
2
4
2
2
2
2
4
2
0
2
0
2
4
4
2
2
2
2
4
2
0
2
4
2
0
2
2
0
2
2
4
2
0
23
2
2
0
23
28
0
63
0
0
31
0
2
30
0
2
60
21
7
68
0
23
0
0
33
33
0
22
20
88
2
0
0
2
63
2
0
9
0
0
0
74
8
2
36
0
0
0
75
2
0
4
1
0
0
25
0
0
46
0
0
0
0
0
13
14
17
0
41
5
0
17
0
2
19
2
0
13
40
37
5
0
24
0
3
1
28
0
0
0
22
32
3
31
34
0
12
36
7
66
0
3
7
23
73
2
2
2
28
1
39
2
0
0
21
2
2
79
2
1
81
2
0
21
0
0
2
0
20
0
22
4
0
2
0
0
0
0
26
2
2
13
0
2
23
0
0
3
2
63
26
2
55
4
0
0
0
0
51
0
1
0
56
13
27
0
0
80
0
0
2
9
22
6
34
40
2
1
4
0
2
0
19
25
0
0
0
0
0
0
2
48
2
0
24
0
57
0
0
2
2
0
0
0
25
4
27
12
15
0
7
80
0
0
0
8
29
2
44
2
2
2
3
2
0
15
0
0
2
0
2
0
1
76
5
42
33
14
80
2
3
0
20
0
0
0
0
2
4
3
31
0
0
22
30
14
3
42
21
9
14
3
31
5
29
27
0
31
2
59
37
9
4
37
0
37
7
25
6
3
1
34
36
0
0
0
5
1
3
38
0
1
25
16
20
23
0
5
0
17
0
22
18
31
1
0
0
21
21
3
21
32
0
1
29
33
35
1
43
0
3
19
20
19
1
0
50
0
42
41
50
1
17
24
21
40
1
5
1
7
31
31
30
25
37
9
13
17
31
21
31
30
23
3
1
23
0
1
32
20
25
27
3
27
51
48
26
29
19
21
33
3
38
21
1
3
33
26
20
35
35
17
12
47
0
35
23
49
31
22
23
3
0
15
20
17
0
33
26
33
26
30
24
31
0
11
17
43
0
23
25
0
20
38
29
32
17
9
1
3
0
29
28
1
46
31
18
1
30
12
27
5
1
23
30
29
1
21
51
35
50
43
29
12
31
25
4
19
1
0
1
5
3
34
0
31
0
29
34
17
23
33
27
53
0
24
28
3
29
34
17
3
12
33
21
31
29
25
0
1
28
3
51
32
19
30
3
34
27
0
40
1
5
1
31
24
23
19
32
22
24
31
1
15
31
21
48
32
48
0
34
21
1
20
1
0
23
19
25
22
1
14
1
28
3
29
4
12
1
20
23
3
23
1
27
21
32
1
25
1
52
38
23
11
1
25
0
30
8
0
14
0
27
3
11
17
1
33
3
1
1
19
14
25
37
36
2
11
10
34
23
18
39
29
17
0
27
38
12
4
2
8
6
0
2
10
5
0
2
0
2
1
9
23
19
23
9
2
6
4
12
7
3
11
7
6
6
2
5
9
3
4
25
11
0
0
8
9
4
4
2
3
10
6
9
3
9
3
0
2
4
5
2
2
2
7
1
3
9
0
4
21
5
13
3
9
4
4
5
2
1
5
2
0
22
8
10
1
6
4
23
4
5
1
11
2
3
8
2
2
52
1
1
2
38
7
0
2
18
11
4
18
26
2
9
7
11
36
5
4
11
4
5
6
6
4
21
16
7
15
6
8
2
7
3
7
9
3
31
38
10
6
8
30
6
10
43
69
5
17
13
9
52
0
4
28
19
6
3
4
2
11
14
0
5
5
5
28
44
11
19
10
8
92
2
1
2
40
2
2
7
4
7
5
17
37
19
14
38
5
0
6
37
6
5
18
12
16
14
7
34
3
3
5
3
10
4
5
21
2
4
11
9
3
3
21
3
3
2
13
3
5
36
2
6
3
5
2
5
2
14
4
7
5
3
2
3
2
4
5
21
23
12
5
2
2
1
1
5
5
3
3
20
17
2
12
2
6
0
1
2
5
7
27
4
5
0
2
11
6
2
3
1
6
2
5
0
13
16
14
8
5
2
3
13
6
2
2
4
2
3
2
15
2
