2
3
2
0
0
0
3
0
0
2
4
0
6
2
7
0
28
5
27
28
33
27
2
2
2
6
2
26
25
24
24
3
2
0
0
5
3
3
2
3
3
2
4
2
3
3
3
2
0
1
2
2
3
2
2
3
2
3
0
2
2
6
2
0
2
3
2
0
3
1
21
2
2
4
0
4
0
2
0
20
3
27
2
24
5
2
4
0
0
4
24
0
23
21
2
2
0
2
2
28
28
3
2
4
3
2
2
2
2
2
0
2
2
2
0
2
2
3
3
2
2
2
0
4
3
7
2
2
0
5
26
2
0
2
0
4
2
0
5
2
2
3
5
2
0
3
2
2
4
0
3
2
4
0
3
3
2
3
3
2
0
2
2
2
2
0
2
3
0
2
5
2
17
3
2
2
5
2
3
2
3
3
4
3
2
2
2
2
3
2
0
4
0
2
3
5
3
2
2
3
2
2
2
3
0
3
5
2
3
2
2
4
2
2
2
4
2
0
2
4
5
1
0
5
4
2
2
4
7
2
2
3
2
0
3
2
4
2
2
2
0
3
2
28
0
2
2
25
0
2
2
0
2
0
0
2
3
0
2
2
0
2
2
4
3
2
30
2
3
2
2
2
3
2
2
3
2
0
2
2
3
2
2
5
2
4
6
0
38
29
31
37
38
36
37
33
31
37
38
35
38
32
33
35
38
36
38
32
33
32
38
37
35
30
38
28
38
37
33
33
38
30
38
38
38
37
33
32
32
37
36
37
35
34
36
36
28
38
38
31
39
37
36
33
33
38
31
31
34
32
38
38
36
37
31
37
37
36
38
39
31
33
38
30
37
37
30
30
33
33
38
36
28
37
37
36
37
37
31
37
27
38
37
37
28
30
37
37
37
37
29
31
37
37
37
36
31
36
37
36
36
32
34
37
38
28
33
37
37
37
38
37
32
37
34
36
35
31
32
34
35
32
38
37
36
32
37
37
32
36
31
32
37
36
36
32
34
31
33
32
38
36
37
29
37
31
29
38
35
29
29
38
37
33
37
32
36
36
35
38
36
31
31
35
38
37
36
32
29
33
37
35
37
33
32
30
33
37
37
38
31
37
36
37
38
33
32
36
32
38
32
32
33
37
38
30
37
34
31
38
38
38
37
31
38
32
37
36
31
31
33
37
31
38
32
31
38
34
31
37
32
33
32
35
38
36
32
38
38
33
34
35
29
33
31
36
31
37
32
37
37
37
31
37
32
35
37
33
32
37
32
26
37
35
37
37
28
32
37
35
35
37
32
33
36
36
37
28
32
32
33
33
30
38
31
31
2
0
2
2
6
2
4
0
2
0
0
2
0
6
0
2
4
2
0
4
0
2
0
4
0
2
0
6
2
4
0
2
2
0
2
4
2
0
2
2
6
0
2
2
0
7
0
2
0
2
2
6
2
4
4
2
0
0
0
2
2
2
0
0
0
0
2
0
2
0
2
0
0
0
4
2
0
2
2
4
2
2
0
2
0
0
0
2
0
2
0
2
2
0
0
2
2
0
0
0
2
4
0
0
2
0
2
0
0
2
2
4
2
0
2
0
0
0
2
2
2
0
4
0
0
2
4
2
0
2
0
2
2
0
0
2
0
0
0
4
0
0
0
0
4
2
0
2
2
2
0
4
0
0
2
0
0
0
4
4
4
2
6
0
2
0
6
4
0
2
2
4
0
2
2
2
0
2
4
2
0
0
2
2
0
2
0
6
2
4
0
0
2
0
0
2
0
0
2
0
4
0
2
4
4
0
2
2
0
0
0
0
0
0
0
6
0
4
4
2
2
0
2
2
2
2
4
0
7
31
4
0
2
4
0
0
2
2
3
2
4
2
0
0
0
0
9
6
2
0
6
2
0
0
2
2
0
2
0
4
2
0
4
0
0
2
2
2
0
4
2
0
0
4
0
2
0
0
2
0
2
0
0
2
2
0
2
4
6
4
0
0
6
4
0
0
6
6
6
0
2
0
4
0
4
0
8
0
6
4
0
0
8
0
6
0
4
0
4
0
4
0
8
0
10
0
6
0
4
0
6
0
8
6
12
4
2
0
6
0
4
0
6
0
2
0
4
0
6
0
2
0
6
6
8
0
2
12
4
0
0
4
8
0
0
6
4
0
0
4
6
0
0
4
10
0
0
6
6
0
0
4
4
0
0
4
6
0
0
8
4
0
0
6
6
0
0
6
6
4
0
6
4
0
0
2
6
0
0
0
0
0
0
6
0
0
0
4
4
0
4
0
4
0
0
0
0
0
0
0
0
0
0
0
0
0
0
0
0
0
4
0
0
0
2
4
8
4
10
7
10
4
4
4
4
12
0
6
0
6
0
8
0
0
0
0
0
0
0
0
8
0
0
0
0
0
12
0
6
4
0
15
8
0
8
6
0
13
0
6
0
14
0
6
6
6
0
10
0
4
0
10
10
6
0
6
6
4
0
0
13
6
0
2
6
8
0
0
6
4
0
8
10
10
0
0
13
8
0
0
8
6
0
6
6
10
0
0
2
10
0
0
8
10
0
0
8
15
0
0
8
4
0
0
8
6
0
0
6
4
0
0
4
8
0
0
8
8
0
8
6
4
8
0
8
8
4
2
4
2
11
6
2
0
6
6
0
2
0
0
6
4
20
4
4
0
2
5
2
4
4
0
2
6
4
7
2
16
4
2
2
0
8
0
2
6
4
4
2
4
2
2
6
2
2
2
2
21
4
5
4
0
2
2
2
6
2
2
2
2
4
6
6
0
4
0
4
6
0
0
6
7
4
4
2
0
0
2
4
2
0
2
2
6
4
4
4
4
10
0
2
2
29
2
2
4
4
0
2
0
4
13
14
4
15
0
0
4
0
0
4
0
19
0
4
0
2
2
4
10
2
6
4
4
4
4
2
5
4
0
0
8
6
2
3
4
2
2
2
4
2
0
18
2
0
0
5
6
2
2
0
6
6
2
2
0
4
2
2
6
2
2
0
0
2
4
0
0
2
11
4
2
2
2
2
2
2
2
2
6
4
2
4
2
2
13
2
2
0
2
6
6
4
4
2
0
6
2
2
6
4
6
2
4
0
2
15
2
2
6
2
4
2
0
0
2
0
12
4
6
0
2
6
2
20
4
2
2
0
2
2
4
4
6
2
0
2
4
13
1
2
4
4
0
4
6
0
2
6
2
2
2
4
0
2
2
4
6
2
2
0
0
2
12
0
4
2
9
2
4
2
2
2
2
20
2
7
0
6
4
2
0
2
0
84
83
86
87
47
79
48
43
83
88
46
86
88
47
80
89
47
83
80
48
52
81
78
78
78
48
78
41
50
74
81
75
86
49
79
86
79
37
34
38
66
83
39
37
86
42
48
69
80
41
79
40
79
42
88
79
75
38
80
66
77
51
86
56
75
39
80
73
44
38
62
80
68
38
86
43
84
74
69
77
71
66
85
45
74
80
84
57
47
80
83
39
78
86
32
71
83
83
76
85
78
71
59
65
77
80
26
80
61
74
79
63
77
81
67
85
65
57
73
67
38
80
65
80
69
68
39
77
81
57
85
72
28
42
40
59
66
48
86
83
39
38
83
84
77
90
43
85
82
49
75
77
36
42
91
90
83
43
34
55
80
47
88
83
40
43
70
86
76
32
49
79
84
91
86
42
49
82
91
88
86
42
86
86
88
86
87
83
82
88
46
86
90
48
81
84
88
82
68
90
90
88
77
54
92
84
53
75
86
56
80
44
86
86
48
86
87
44
86
48
60
45
36
84
43
92
81
65
65
82
44
41
82
72
85
51
82
56
86
76
81
63
81
83
84
86
83
36
66
56
80
43
84
54
51
44
47
46
47
87
80
47
82
37
84
43
79
34
73
85
32
36
42
49
45
79
79
42
85
76
85
41
77
40
77
86
80
73
8
8
8
8
6
18
14
18
4
8
4
6
10
30
2
4
10
16
8
6
10
10
10
10
10
10
6
12
14
16
22
2
10
14
22
10
12
12
10
8
4
14
10
8
8
24
6
8
16
10
6
6
10
14
12
10
12
10
16
12
8
20
22
10
12
8
2
10
10
12
14
14
18
12
8
8
6
8
16
10
16
8
14
6
6
4
18
20
12
12
16
18
6
20
16
16
8
6
14
8
24
22
10
16
14
18
22
14
8
18
8
14
16
6
22
12
22
16
18
18
32
18
47
16
10
22
10
14
8
12
8
20
28
12
18
12
28
20
20
16
10
16
10
34
12
12
8
16
4
20
12
18
22
24
6
12
26
24
18
12
24
22
18
24
10
24
14
28
20
10
16
10
6
28
18
26
10
4
14
30
18
18
14
10
26
26
12
18
16
24
8
24
24
16
10
8
36
20
6
20
12
12
18
22
22
6
42
10
20
6
16
6
16
16
30
16
24
14
23
28
22
33
18
8
20
16
22
12
12
16
14
24
22
6
14
55
8
18
8
16
22
14
12
10
10
18
16
10
16
18
8
20
14
14
16
20
20
10
10
6
4
4
16
8
18
8
14
20
20
12
16
14
12
10
12
24
16
12
12
16
18
12
12
10
12
10
14
24
0
2
0
0
6
4
0
0
2
2
0
2
2
2
0
0
4
0
4
0
6
6
2
0
4
2
0
4
2
0
2
0
4
2
2
0
5
0
2
0
2
4
4
0
4
2
0
0
2
0
0
0
2
2
6
4
2
4
2
0
0
2
2
2
2
2
0
2
0
8
0
0
2
2
0
0
5
4
4
6
2
6
4
4
0
4
4
6
6
0
0
4
4
2
2
2
4
0
2
4
2
0
0
4
2
0
2
0
2
2
4
2
0
0
2
0
2
0
13
2
2
2
7
4
5
4
4
4
0
2
4
2
2
2
6
5
2
2
2
2
7
0
0
2
0
5
0
0
0
5
0
0
2
6
6
0
5
2
0
6
6
0
2
4
0
2
4
2
4
6
0
2
2
0
0
0
0
5
2
2
4
0
16
0
2
2
2
4
0
0
2
0
0
2
13
2
2
0
0
2
0
0
0
2
0
0
9
0
11
2
7
0
0
2
4
2
4
4
9
4
5
2
4
2
18
4
4
0
7
4
2
2
0
2
2
7
0
0
0
4
5
4
0
0
0
4
0
53
2
0
4
4
6
0
0
2
2
0
2
0
11
0
0
2
0
2
0
2
0
2
0
2
7
2
4
9
2
8
0
4
4
6
0
2
4
15
0
2
11
15
11
4
15
2
11
13
11
5
15
12
11
9
15
13
17
2
9
9
13
17
11
15
9
9
15
15
15
6
8
13
11
11
15
13
13
11
8
15
9
2
11
15
15
7
15
17
13
9
17
17
13
4
11
13
13
13
15
15
9
8
13
11
17
4
11
13
11
12
13
15
11
9
11
13
15
2
11
15
8
7
15
17
13
10
11
15
15
4
7
15
9
15
15
11
11
7
9
9
13
8
9
9
9
13
17
7
13
8
15
9
11
5
6
9
9
5
19
11
15
9
15
9
9
2
8
12
9
7
13
13
15
11
11
10
13
4
13
12
7
13
9
8
8
6
9
15
11
2
8
10
7
11
9
4
15
9
10
11
13
0
7
11
17
11
11
19
15
5
15
13
13
2
11
15
11
6
10
13
17
13
13
7
10
4
11
8
11
4
11
11
2
5
4
2
11
5
5
9
9
11
19
13
9
5
15
7
8
2
13
12
9
7
15
11
4
4
6
11
13
2
8
15
15
17
13
15
10
13
9
7
13
4
7
15
17
11
12
17
9
4
13
13
11
6
3
15
17
15
8
17
6
17
17
9
11
4
8
11
17
17
13
13
7
15
13
9
7
2
4
19
21
15
17
17
15
8
11
13
11
4
9
15
13
0
7
15
11
0
14
0
0
8
16
0
0
0
0
14
33
0
31
0
0
23
0
21
4
0
11
0
6
0
25
0
21
0
16
0
11
8
15
0
19
37
10
0
13
0
35
1
19
0
0
0
2
7
0
9
28
14
0
22
0
10
13
18
13
0
0
0
0
0
0
11
14
0
0
21
0
31
0
24
0
23
0
22
25
0
20
12
0
0
7
5
17
13
13
0
27
12
0
0
5
21
0
22
0
27
0
14
0
21
25
0
0
13
0
0
0
0
21
0
3
0
5
0
10
10
17
0
1
0
2
25
0
16
28
0
0
27
9
0
19
0
20
0
0
3
0
0
17
0
0
15
0
8
13
15
2
0
20
2
14
51
0
0
0
0
20
0
17
0
0
2
0
0
0
0
19
15
0
38
1
19
0
17
4
25
2
15
6
67
0
0
20
0
29
19
41
0
1
22
0
37
6
0
13
27
0
0
25
0
24
22
11
39
0
0
11
75
23
18
7
26
0
9
27
0
22
0
19
8
36
0
20
0
0
6
0
0
12
0
17
0
17
0
0
0
0
0
11
22
0
12
14
0
19
0
22
0
0
3
2
24
0
0
0
1
0
15
4
0
18
71
0
0
0
16
0
38
24
3
2
0
57
0
0
0
26
0
0
0
23
0
