4
10
8
6
2
2
4
8
2
2
0
8
2
0
4
2
2
0
0
0
0
0
4
13
4
0
0
6
2
4
2
0
2
0
0
0
0
0
14
6
2
0
0
0
2
0
0
2
0
0
2
0
0
0
0
0
2
4
17
0
0
0
0
6
0
2
4
12
10
2
0
0
4
0
0
2
4
6
2
2
4
4
0
10
2
0
0
4
2
0
6
0
4
6
4
0
2
6
4
6
4
0
2
2
0
13
0
6
4
0
14
0
0
2
2
2
10
2
0
4
4
0
4
30
0
2
4
2
4
6
4
0
8
11
2
0
2
2
6
4
10
2
4
8
2
8
6
19
4
2
2
7
6
4
4
4
4
6
4
4
8
6
4
2
11
2
4
12
2
4
14
5
2
4
0
0
0
0
2
2
2
2
6
2
4
2
10
4
6
2
4
4
0
2
7
6
2
0
2
0
2
0
4
0
10
0
4
13
10
2
2
2
0
0
4
2
4
0
2
10
6
0
4
0
2
0
0
8
2
0
25
4
0
5
0
0
0
6
2
10
0
2
2
19
0
2
0
4
4
2
0
4
0
4
6
0
2
0
0
2
4
8
2
6
4
0
14
4
0
0
0
10
2
0
5
2
2
2
2
0
4
2
2
4
8
0
0
0
11
10
6
6
10
6
15
4
4
6
2
6
8
4
6
4
2
8
2
4
2
10
4
4
2
6
6
4
8
4
8
6
8
4
10
2
6
8
6
10
6
6
4
10
8
4
12
12
6
4
12
4
14
10
8
10
0
4
11
6
10
13
8
4
10
6
10
10
12
15
10
12
13
8
6
12
10
6
10
27
6
11
8
10
21
12
10
6
19
8
19
8
6
8
14
17
4
14
15
6
14
13
6
8
6
13
11
10
12
15
10
12
8
8
17
15
11
19
23
15
17
17
15
12
15
17
13
11
13
15
12
13
21
23
12
15
6
19
6
19
17
8
17
6
8
15
17
14
10
10
8
13
8
15
10
23
27
6
10
13
19
17
21
21
10
6
11
23
19
12
12
10
15
10
15
13
17
19
21
29
27
31
21
10
8
27
25
25
23
10
23
23
8
12
21
8
25
15
15
8
17
14
12
15
6
23
10
6
31
10
17
8
19
10
19
6
10
23
13
11
12
13
12
8
17
6
13
13
29
12
8
6
17
13
11
10
8
13
6
15
10
10
8
6
15
12
29
4
6
8
10
6
8
4
6
12
6
12
8
12
6
21
8
8
8
12
8
6
8
12
4
10
10
4
2
8
10
8
6
6
6
10
8
6
12
2
8
6
14
23
19
8
19
5
12
19
20
26
15
23
14
20
43
10
30
33
7
12
26
28
10
14
23
9
15
11
4
12
11
13
14
28
32
14
22
7
15
20
20
9
14
6
28
13
16
22
9
5
22
14
28
4
16
70
7
24
9
11
5
15
8
14
9
13
14
5
17
10
9
13
15
20
10
18
19
10
21
7
29
5
28
25
23
14
14
28
43
10
23
10
23
24
10
16
13
17
14
20
20
33
11
14
22
18
17
34
37
23
14
4
14
15
11
12
20
7
16
15
18
18
21
25
11
12
20
23
31
25
31
18
34
20
19
25
20
20
36
12
16
30
25
20
14
36
27
11
9
23
17
16
12
13
25
17
39
10
12
17
21
18
14
17
22
23
16
21
23
11
14
12
40
18
11
13
26
23
9
22
4
14
27
27
14
12
9
22
14
16
7
20
24
35
14
53
29
5
14
12
13
17
28
24
21
22
20
20
15
12
16
19
9
18
30
10
16
29
24
8
3
5
6
29
14
22
21
16
9
17
16
33
17
24
28
12
15
11
19
4
22
9
3
10
14
20
15
10
30
10
2
5
32
7
13
5
16
10
9
5
10
2
30
6
8
2
5
9
4
10
7
3
3
6
9
10
5
12
10
19
4
4
5
9
10
11
6
6
8
0
6
6
4
4
4
6
6
8
6
2
6
6
2
6
4
2
4
4
6
8
6
4
6
10
4
4
6
6
4
4
6
8
6
6
6
8
8
4
6
4
4
4
6
6
8
6
4
8
4
0
4
8
6
4
4
8
6
6
4
6
8
6
4
4
10
2
2
4
8
8
4
4
2
2
2
4
8
4
4
6
4
4
6
8
4
6
4
4
6
4
4
6
6
4
6
4
2
6
10
6
4
6
4
4
6
6
0
6
6
6
4
6
6
6
6
4
8
4
4
4
4
6
2
4
4
4
8
6
4
6
6
6
6
0
4
4
4
6
4
6
6
4
6
2
6
6
4
2
6
8
4
4
6
2
6
4
2
4
4
4
4
6
4
2
10
2
8
6
6
6
8
4
4
6
4
6
4
6
6
4
4
6
4
8
4
8
6
4
6
4
6
6
4
4
6
8
6
2
10
6
6
6
6
6
6
6
6
4
4
6
6
4
8
4
10
6
2
4
4
4
6
4
8
4
6
4
4
4
6
6
4
8
6
6
6
4
4
4
6
6
2
6
4
2
6
0
4
6
8
2
6
8
4
4
8
8
4
4
8
2
4
6
6
4
4
2
6
10
4
4
8
4
4
4
6
4
6
4
6
6
0
6
2
6
6
4
3
1
3
3
3
3
3
3
3
5
0
5
3
9
9
3
1
3
3
3
3
3
5
5
3
5
5
5
1
3
1
1
3
7
5
1
1
1
7
5
5
3
1
5
7
5
5
3
3
1
3
5
4
5
0
1
5
5
3
3
4
5
1
3
5
1
6
3
2
5
5
3
1
1
4
5
3
0
3
7
1
5
3
6
0
0
0
1
3
2
5
2
5
0
3
1
1
0
0
7
6
5
3
7
5
5
5
5
6
3
4
6
3
2
1
1
0
1
2
3
4
1
2
3
0
4
3
5
5
2
4
7
1
1
5
1
1
5
3
3
1
3
1
5
1
3
1
5
3
3
1
1
7
1
5
4
0
7
3
3
3
3
3
3
3
3
0
5
0
3
1
1
1
7
1
3
3
3
1
3
3
3
1
1
9
0
5
1
3
3
1
1
5
1
5
3
5
0
3
5
3
3
7
1
3
3
3
3
3
3
3
3
3
5
5
5
3
3
1
1
3
5
5
3
7
5
1
1
0
3
1
5
5
3
7
5
3
1
7
7
3
3
7
1
1
3
3
3
3
3
7
1
0
9
1
7
3
7
3
3
1
5
5
7
5
5
3
3
3
5
1
3
1
5
3
7
3
5
5
3
3
3
5
3
3
3
3
3
2
4
0
0
10
0
2
6
0
4
85
6
4
4
0
6
0
0
0
8
4
0
0
0
95
0
0
0
0
0
4
6
4
0
0
4
6
4
0
6
0
2
4
4
6
0
2
0
0
6
4
6
6
6
4
0
2
6
0
8
6
0
0
0
0
0
2
0
0
0
4
2
4
0
8
0
12
8
2
0
0
0
2
0
4
2
0
2
0
0
4
0
0
4
2
2
4
6
0
0
0
2
4
2
0
6
0
0
6
0
0
0
2
2
0
0
0
6
0
0
0
0
0
0
4
4
0
4
2
0
0
4
5
4
0
4
0
6
0
4
0
6
2
4
0
0
2
4
0
4
0
0
0
6
0
4
6
6
0
6
0
0
0
2
4
0
0
6
0
6
4
0
4
6
0
6
2
0
2
0
6
8
0
96
6
4
0
4
2
6
4
4
68
0
9
6
4
6
6
6
0
6
4
4
0
0
0
0
6
6
0
4
0
2
4
2
6
2
4
6
6
2
0
0
0
69
4
0
6
0
4
2
8
0
0
4
2
0
0
0
2
0
0
4
10
0
2
6
0
2
10
8
4
6
2
4
8
0
6
4
2
6
0
0
4
0
2
6
0
72
0
4
4
6
2
4
6
2
0
6
0
6
0
2
4
4
2
8
10
2
8
8
8
6
14
8
6
10
2
8
10
8
10
8
8
10
6
6
12
8
4
6
14
8
8
10
4
2
6
14
16
8
6
10
10
6
12
6
6
10
10
10
12
12
4
6
10
8
10
8
6
10
12
10
8
8
10
4
8
2
8
6
4
8
6
10
8
10
6
8
8
10
6
4
6
12
8
8
10
12
12
8
8
14
6
12
8
10
12
2
14
6
6
10
6
8
12
14
6
6
10
8
8
10
6
8
14
8
8
2
6
10
12
10
10
12
6
2
12
12
10
12
4
6
8
10
4
8
12
10
12
12
8
8
8
8
10
8
6
10
6
6
12
8
4
8
2
10
8
2
6
8
8
12
10
10
4
8
8
6
6
10
10
8
12
10
10
4
10
8
6
4
14
12
6
8
10
8
10
6
10
10
4
6
12
10
10
8
8
6
6
8
10
8
8
6
10
8
12
8
12
6
14
12
10
10
4
4
8
10
6
10
10
4
4
10
10
10
6
10
10
6
8
12
10
6
10
6
12
10
8
10
10
8
12
8
10
14
10
8
10
10
4
12
6
10
6
8
10
8
8
6
4
12
6
10
8
6
8
10
8
10
8
12
2
8
10
0
8
10
12
8
6
12
4
10
12
8
2
10
12
8
10
8
4
8
0
0
2
0
2
2
0
4
2
0
0
2
6
2
4
2
0
4
4
0
0
0
0
2
0
2
2
4
4
6
4
0
2
0
0
2
4
0
6
0
2
2
2
6
2
0
0
2
2
2
2
2
4
0
0
0
4
6
0
0
2
0
0
4
2
0
2
0
2
0
2
0
2
0
2
4
2
0
4
2
4
0
0
0
0
0
4
0
0
4
0
0
4
2
0
6
2
0
0
0
0
6
2
2
2
4
4
0
2
4
2
2
4
0
4
4
2
2
4
0
0
2
4
2
2
0
0
0
0
0
2
6
2
4
2
2
4
2
4
2
2
2
2
4
2
0
2
2
2
0
6
0
4
2
2
2
2
0
6
2
0
0
2
4
2
4
0
0
0
2
4
0
4
2
2
2
4
4
0
0
0
2
0
0
2
0
2
2
2
0
0
0
4
0
0
2
4
2
2
0
2
0
2
2
0
4
4
0
2
4
2
0
0
2
0
4
0
4
4
2
2
0
0
2
0
2
2
2
2
2
0
2
2
2
0
0
2
0
4
0
0
2
2
2
2
2
2
0
4
0
0
4
6
2
2
0
2
0
2
0
0
4
0
0
2
2
2
4
2
4
0
4
2
0
0
2
2
0
2
2
2
0
0
4
4
2
0
0
9
11
16
6
2
9
21
13
34
15
21
11
59
11
46
17
15
8
35
6
19
25
17
25
47
21
13
13
17
28
17
17
15
27
29
19
26
19
22
17
28
16
32
44
33
23
17
8
51
10
25
34
17
37
23
56
13
17
21
21
23
23
15
42
17
21
11
8
11
7
8
48
23
13
6
9
8
15
11
19
32
11
25
21
20
19
15
13
4
6
4
10
23
19
13
9
32
11
6
13
11
19
15
8
13
23
21
13
15
21
10
18
15
17
21
25
15
19
15
24
21
19
24
9
20
41
11
22
11
28
21
34
20
21
24
17
26
9
19
24
19
23
11
21
11
33
30
15
42
41
34
19
22
30
25
9
36
25
38
39
28
43
21
37
15
19
18
49
55
25
51
38
45
21
49
17
34
30
35
36
11
37
33
20
42
25
33
23
27
8
20
13
25
23
27
25
42
24
35
13
38
19
25
32
11
27
29
13
45
13
24
23
32
27
10
15
20
22
8
13
13
53
25
34
42
11
15
32
53
4
5
5
16
11
7
18
8
20
11
21
18
30
11
7
11
17
10
9
9
8
7
10
15
6
7
10
11
12
33
11
11
5
18
15
8
8
20
15
14
11
3
17
17
17
4
27
17
6
5
16
11
7
2
8
4
16
11
11
9
9
5
1
3
6
4
3
6
1
1
1
0
1
5
1
0
1
1
3
9
8
7
1
1
9
1
3
1
8
1
0
1
1
1
0
1
5
7
6
1
1
0
0
0
3
1
1
5
5
1
12
5
1
8
1
3
5
5
3
3
9
4
3
1
5
0
8
1
1
0
1
1
0
1
0
3
1
3
3
5
1
1
3
3
1
2
8
1
7
3
3
1
3
6
3
0
3
1
3
4
1
1
7
1
7
2
1
6
5
5
3
4
3
7
3
1
0
13
3
3
12
1
1
0
8
7
8
0
5
9
1
20
6
0
1
1
4
1
3
3
1
7
3
7
3
6
10
0
3
5
5
0
3
5
5
3
0
3
5
1
1
3
4
4
4
0
6
0
7
3
1
1
1
1
6
3
3
7
0
5
1
1
0
3
5
0
1
3
1
3
3
5
3
5
1
3
0
3
3
0
6
0
1
3
3
1
1
1
1
1
1
3
0
3
0
0
0
1
1
1
0
5
9
1
3
1
0
1
1
0
3
0
1
0
3
0
3
0
6
0
0
1
4
0
1
0
3
4
0
7
1
1
5
1
1
0
1
0
0
3
5
4
0
0
9
6
3
4
9
1
1
0
0
1
6
1
3
1
1
4
1
1
1
3
0
5
1
