33
42
20
38
33
30
31
33
48
23
49
23
23
26
21
27
49
38
35
49
31
22
25
39
34
26
46
53
33
41
39
38
40
50
36
31
14
50
62
58
49
55
31
54
11
55
40
38
54
48
51
33
40
53
51
41
25
46
36
43
34
28
35
33
34
27
38
39
29
41
46
33
27
47
19
38
26
46
30
48
37
35
41
34
28
40
44
27
42
32
40
34
29
62
61
53
48
46
38
31
44
48
29
37
26
42
22
42
37
35
54
51
44
33
32
37
46
46
32
49
35
45
60
52
56
43
49
53
23
56
41
43
21
46
49
38
52
45
42
36
55
42
40
47
37
47
48
31
49
44
48
46
55
54
16
16
38
40
48
54
51
55
53
33
34
49
58
41
57
50
38
39
36
37
35
48
40
41
35
37
47
34
45
18
33
50
32
31
32
38
30
42
42
38
33
38
45
40
32
24
39
38
29
43
32
39
31
29
32
22
45
35
29
17
50
58
34
30
60
20
28
45
28
21
35
23
39
34
12
22
22
21
41
30
22
12
35
31
39
14
41
17
30
21
27
29
30
19
17
32
9
28
31
7
33
14
21
7
42
21
29
13
14
32
11
12
24
14
31
27
11
14
13
37
43
20
28
20
20
15
40
12
17
20
26
10
12
27
7
0
0
8
6
6
0
0
0
6
4
6
6
6
0
6
0
0
2
6
0
12
6
0
0
2
0
8
6
8
0
0
6
6
8
6
0
0
0
6
4
6
2
2
0
8
0
6
10
0
4
8
4
8
0
8
10
0
0
0
0
8
6
6
2
2
4
6
6
4
0
0
0
6
4
0
0
6
8
0
6
6
8
4
2
0
6
2
0
0
2
2
8
0
8
0
0
0
0
2
0
0
0
2
6
8
6
6
2
0
6
0
0
0
0
2
6
2
0
2
0
0
6
8
0
0
0
4
8
6
2
0
0
2
6
2
0
4
6
2
7
10
2
0
0
4
6
4
4
0
0
0
6
6
8
2
2
4
8
95
2
0
2
10
8
0
2
6
0
8
0
6
4
2
6
4
6
2
2
0
0
14
8
0
0
2
0
4
8
4
0
4
4
4
0
2
0
8
0
8
9
0
0
8
6
6
4
6
0
4
6
8
6
4
2
0
0
8
6
6
0
0
2
6
8
6
0
0
0
6
0
6
6
8
0
0
6
0
4
5
0
5
0
0
8
0
0
4
6
0
0
0
4
6
0
0
6
0
0
0
6
6
6
0
6
4
0
0
4
0
4
6
6
0
0
6
10
4
6
0
6
0
6
6
4
0
0
2
11
11
11
27
13
47
13
21
8
22
9
17
11
11
7
15
24
15
18
13
7
15
11
7
27
9
11
6
11
7
2
4
13
28
8
6
15
5
13
24
8
9
8
8
16
11
12
7
29
9
6
13
13
8
9
4
13
17
7
9
2
6
5
7
11
9
6
8
8
13
5
6
11
8
8
12
13
12
11
9
17
9
13
6
15
11
9
11
11
7
6
13
11
7
13
20
11
7
16
6
17
6
21
11
17
7
19
11
13
17
9
22
16
9
13
11
8
12
15
15
15
46
17
19
11
11
19
13
13
20
14
21
17
21
15
9
14
30
15
15
13
19
9
20
9
26
25
10
34
17
12
13
13
13
21
17
17
19
14
17
19
6
13
17
26
11
19
22
17
15
11
17
9
21
22
10
15
15
13
13
6
24
7
17
19
20
15
19
20
13
16
15
11
23
15
11
21
19
11
17
18
15
8
25
11
6
11
13
13
17
13
22
13
17
14
26
7
11
11
15
14
8
9
15
9
13
11
9
22
17
17
13
7
20
16
6
15
64
5
10
17
13
9
18
13
11
13
10
9
11
11
5
13
11
4
11
13
6
9
6
6
13
6
4
6
2
2
4
2
6
0
4
2
4
2
2
6
2
4
2
0
6
9
2
6
4
13
5
1
0
1
8
1
0
2
1
0
0
0
0
0
2
1
1
0
0
0
1
1
0
0
0
2
2
2
0
1
4
2
0
5
4
5
0
0
0
0
1
1
0
1
0
1
1
2
2
0
0
1
0
2
0
3
3
0
2
1
4
0
0
0
4
0
0
0
2
1
1
2
1
0
2
1
3
1
2
2
3
3
4
2
1
1
4
1
0
1
0
0
0
2
2
1
4
2
1
0
1
0
2
2
0
0
0
0
2
4
1
1
0
0
0
0
0
0
1
1
0
1
1
1
5
2
1
1
5
3
0
1
1
0
3
4
1
1
1
4
5
0
3
1
2
6
10
1
2
1
2
0
1
5
2
4
1
0
2
1
0
2
0
0
1
1
2
1
6
6
0
0
0
1
1
2
0
0
0
1
1
1
2
1
0
1
0
0
1
2
1
0
1
5
2
5
1
0
7
0
1
1
1
0
1
1
0
0
1
0
0
1
0
0
2
7
0
0
0
0
6
6
1
0
2
1
4
0
0
1
1
0
0
1
1
0
0
1
1
0
0
1
2
1
4
1
1
0
0
0
0
1
1
1
1
2
1
3
1
3
6
0
3
1
1
1
1
1
1
2
0
0
0
0
0
0
0
0
0
1
0
3
0
0
2
1
0
1
1
0
3
0
2
0
2
0
19
17
0
4
2
3
0
5
0
2
4
3
4
2
2
5
2
2
5
2
5
4
2
4
2
2
2
3
0
2
2
4
2
2
3
2
2
2
2
2
2
0
4
4
0
4
0
0
2
19
0
4
0
4
2
4
0
5
0
2
0
0
4
0
0
2
0
2
2
4
4
2
2
9
0
0
4
7
21
2
3
2
2
2
2
2
4
2
3
2
2
0
3
0
2
11
5
2
0
2
0
4
0
5
0
4
4
2
4
0
2
4
2
2
2
0
0
4
0
2
4
0
0
4
4
0
2
0
2
4
0
2
2
2
4
2
0
3
19
4
2
2
4
4
21
3
3
2
2
4
0
3
4
2
0
2
0
4
2
0
0
0
5
0
2
2
0
7
5
2
2
0
3
4
5
1
2
0
0
2
2
4
0
2
0
4
4
4
2
5
0
21
0
11
2
4
4
2
0
3
4
2
3
5
17
0
3
2
5
2
2
0
4
2
4
2
2
0
5
3
2
3
2
2
2
5
0
0
2
0
3
3
2
0
5
0
2
0
2
2
4
5
0
2
0
2
5
2
4
2
3
4
2
4
4
4
2
4
2
3
21
2
2
2
0
5
4
2
2
2
2
5
0
2
2
2
3
2
2
4
23
4
3
9
0
2
5
7
7
3
1
3
3
3
15
5
7
0
3
13
2
1
3
3
2
5
9
7
5
1
4
6
11
1
2
2
7
3
0
9
3
2
3
9
7
0
7
5
3
2
2
3
4
25
9
11
3
7
1
2
1
2
0
0
0
9
5
6
4
2
6
2
1
0
4
1
3
3
4
13
3
2
3
17
6
1
4
4
11
2
5
0
5
4
9
4
3
4
2
2
5
2
17
5
13
5
19
3
2
3
2
15
1
2
5
2
3
2
4
7
4
2
3
0
6
13
2
0
4
2
2
2
6
4
21
9
9
2
6
1
0
4
5
6
2
2
6
0
4
3
4
3
0
2
2
5
7
13
3
15
4
4
2
7
2
7
1
2
7
7
2
7
4
3
3
4
3
21
4
2
0
2
7
2
9
23
2
1
3
5
2
2
0
6
2
5
2
7
5
5
4
1
5
5
11
2
19
0
7
2
7
5
5
7
2
3
6
3
7
5
3
13
3
6
4
2
13
2
6
2
3
4
13
5
2
9
7
9
2
2
4
11
4
1
4
11
5
11
9
1
4
5
2
5
4
0
2
0
15
5
3
4
4
6
11
4
5
4
0
3
4
4
3
5
5
4
4
7
6
5
4
5
2
13
9
2
3
3
2
14
21
23
23
21
31
23
23
31
25
23
8
16
15
19
2
31
16
12
10
15
15
25
27
12
6
33
6
23
23
21
10
4
15
8
10
6
14
14
10
10
10
12
8
16
19
53
8
10
12
14
12
12
14
10
19
12
12
6
12
8
16
14
8
6
21
14
8
8
14
25
8
6
6
12
6
17
12
8
14
16
14
8
6
8
14
17
12
41
8
10
12
17
6
14
33
23
12
10
6
6
35
14
15
23
25
21
25
8
23
23
8
16
14
56
12
18
12
16
10
10
10
17
6
15
10
18
17
10
6
14
18
16
12
25
8
12
10
8
21
35
39
52
10
29
33
12
17
10
31
25
41
40
41
18
8
44
43
45
31
12
21
19
14
41
8
18
31
10
10
39
16
44
39
45
14
21
23
10
45
19
33
31
29
47
60
31
27
37
32
52
17
25
12
17
14
12
19
12
39
39
23
8
19
8
25
37
13
37
47
27
21
18
37
6
31
12
15
12
6
12
21
18
23
27
18
12
31
16
27
27
19
18
43
25
33
60
39
13
12
21
31
33
45
19
17
10
8
25
10
8
19
29
10
12
23
17
6
8
27
19
21
33
4
8
8
25
12
10
17
31
10
25
8
14
14
17
25
14
19
27
29
21
21
21
17
27
27
8
17
17
15
13
27
19
16
16
19
23
15
10
6
2
4
8
8
10
12
19
8
8
8
17
15
21
10
23
15
8
17
12
17
33
6
8
6
4
19
8
17
12
23
14
25
8
16
15
4
12
27
14
12
23
12
14
19
27
16
15
19
8
15
8
15
12
17
17
25
12
10
4
29
15
29
10
29
33
8
8
8
10
28
14
10
17
10
17
23
21
39
21
15
4
8
21
21
10
14
13
12
41
23
25
12
12
8
11
21
30
27
29
19
19
19
8
10
38
15
15
8
27
30
21
25
17
8
39
23
8
12
25
33
12
10
17
25
29
8
37
8
29
12
6
31
13
10
8
6
6
8
10
10
21
12
13
10
11
10
8
2
8
4
17
15
31
10
19
25
21
15
10
19
10
10
6
31
21
10
6
2
8
8
6
8
10
27
9
8
6
25
10
6
25
10
6
19
12
6
25
8
35
10
10
8
8
6
35
8
17
10
8
8
10
10
11
16
6
14
8
43
33
37
8
13
27
21
35
14
14
8
27
43
4
12
18
37
6
17
22
23
23
21
11
37
10
16
37
15
18
25
19
13
15
15
15
15
12
8
16
20
21
19
17
23
13
10
19
21
12
17
8
17
31
16
43
17
17
8
18
12
10
11
17
6
12
8
17
7
7
11
9
9
11
9
9
23
3
9
7
17
21
5
11
17
7
5
11
13
17
23
15
21
23
17
27
11
11
23
5
11
7
21
7
29
21
17
9
13
13
15
15
19
9
13
7
7
13
29
17
19
13
19
7
9
23
15
19
13
17
17
11
15
9
15
19
13
9
41
19
19
31
21
25
25
15
17
17
13
13
19
39
19
15
13
11
7
27
17
9
9
19
9
21
15
27
5
5
11
15
11
13
27
27
23
27
35
3
15
13
9
21
13
9
11
13
17
5
9
13
11
29
31
13
19
11
23
13
15
25
19
13
25
27
37
25
11
25
11
29
19
9
39
41
23
15
27
21
21
29
23
31
17
9
9
19
17
19
5
25
21
5
17
25
37
9
15
7
17
25
33
49
11
29
29
21
35
25
27
23
11
54
45
59
13
23
35
25
15
23
25
23
7
5
11
35
29
13
17
7
11
31
33
25
21
11
15
23
15
17
17
33
27
9
25
13
17
19
25
23
37
13
23
27
17
9
23
5
23
11
11
13
11
15
7
19
5
49
7
9
7
11
13
17
11
7
31
25
15
21
17
17
9
13
19
41
27
31
37
35
21
13
50
7
9
23
23
23
11
25
9
15
9
27
7
13
17
11
13
9
15
11
15
9
9
28
32
30
6
19
18
21
21
38
43
9
27
20
39
31
24
17
19
20
27
32
25
57
39
27
15
22
4
22
18
20
3
34
38
45
2
21
22
41
9
22
18
24
12
7
20
45
42
46
36
36
18
8
13
17
29
24
18
46
5
47
22
28
5
26
25
38
7
47
18
3
42
12
18
3
30
8
19
25
21
4
37
27
42
25
33
6
49
4
12
15
33
39
25
33
32
34
50
2
41
36
31
3
30
11
19
43
44
32
29
1
44
32
29
11
14
20
33
4
60
21
18
5
38
23
28
18
6
44
20
1
4
32
31
30
8
17
15
2
36
33
35
54
2
37
18
34
22
17
19
17
25
4
32
22
25
40
19
43
52
3
20
20
5
22
20
38
29
32
34
48
5
29
12
24
3
19
29
32
4
45
30
46
30
37
26
60
7
20
43
56
8
43
33
44
4
19
1
30
22
31
36
54
7
38
38
25
18
5
31
21
36
48
29
18
46
18
26
32
12
18
15
21
14
1
32
23
3
44
56
27
8
18
22
19
6
18
44
29
5
28
45
7
17
32
12
13
28
34
24
21
30
17
26
31
28
18
21
22
7
16
33
45
19
23
20
31
62
26
16
31
29
6
51
34
27
24
29
32
33
19
23
29
22
20
19
25
29
