19
13
24
17
30
23
25
19
9
46
21
21
19
29
33
23
40
29
32
17
13
44
9
21
50
23
21
36
28
33
35
5
34
19
13
29
9
21
21
33
50
23
13
33
9
52
42
32
23
21
25
62
17
17
23
17
11
50
25
33
19
15
25
42
32
25
23
29
29
13
32
31
13
27
13
48
44
25
17
36
38
19
32
19
13
36
25
62
48
30
38
17
15
50
54
27
77
9
29
19
40
27
27
11
31
46
15
15
59
11
31
15
15
7
46
27
3
3
9
9
5
11
19
13
13
7
3
7
17
7
17
13
5
7
13
23
21
7
21
11
7
15
15
7
5
9
11
25
19
25
11
17
9
5
11
7
13
9
9
27
5
13
21
11
17
15
11
21
13
11
15
3
9
15
15
9
13
7
11
9
21
7
15
15
5
9
19
7
11
5
7
15
15
11
21
15
13
25
9
13
13
9
19
5
7
25
11
5
15
11
11
15
21
17
11
15
5
5
11
11
11
13
7
15
5
11
5
15
11
15
11
11
5
21
7
15
7
46
17
17
11
13
29
15
13
5
9
11
5
33
11
11
19
13
9
17
21
15
21
22
9
15
7
9
9
7
3
5
7
23
9
31
11
24
33
3
9
21
23
7
11
11
13
5
11
11
11
7
34
8
17
9
13
7
9
13
17
13
2
11
5
7
4
5
9
6
7
2
7
4
25
7
7
5
6
2
2
15
13
4
9
7
6
13
9
9
7
22
4
4
11
7
4
3
4
34
9
16
5
9
9
13
9
13
40
11
16
13
14
4
9
5
6
7
7
13
9
15
14
7
14
9
16
20
22
23
20
13
13
9
44
4
39
22
13
14
17
9
17
35
13
20
13
24
37
30
29
6
5
14
11
22
45
17
9
31
21
13
12
31
25
15
23
17
12
7
51
43
27
31
13
35
4
16
42
27
24
33
34
26
31
32
50
23
15
24
9
19
18
9
30
13
28
14
39
26
12
37
26
22
34
15
9
29
43
56
20
20
22
22
26
33
10
62
31
18
26
30
9
15
32
29
42
13
12
19
15
15
29
26
14
7
13
27
9
39
16
28
25
13
28
15
9
9
11
44
11
13
43
16
24
34
34
20
46
24
20
22
11
28
13
20
15
13
29
18
14
11
36
14
13
12
30
12
15
22
26
26
22
9
18
18
9
19
17
18
32
26
15
13
13
17
17
6
24
9
21
4
18
22
18
9
12
13
4
5
53
15
13
9
19
9
7
4
11
13
4
2
7
7
6
7
4
9
4
9
12
5
18
10
13
18
13
13
0
9
8
38
36
30
13
0
15
0
21
0
39
32
39
0
0
0
7
2
68
23
13
0
0
15
0
17
1
0
7
25
20
9
34
0
28
0
9
0
0
30
0
23
0
9
22
61
0
9
30
16
4
18
0
0
26
0
24
15
5
0
17
9
18
0
21
0
3
20
0
1
20
0
6
0
12
27
0
32
0
45
39
36
0
0
17
0
0
33
0
19
10
20
4
0
33
14
23
1
22
0
21
16
2
0
36
30
20
0
11
0
24
0
24
0
3
0
0
16
0
1
6
0
19
0
17
0
29
25
47
0
0
0
23
0
11
11
0
31
29
0
13
38
24
0
23
0
8
17
4
26
24
0
37
12
11
0
9
0
1
0
0
0
0
0
13
13
0
0
0
7
0
9
2
19
2
0
1
30
0
22
9
0
17
0
0
0
11
0
29
0
2
24
16
0
0
29
38
22
0
0
2
7
33
0
20
0
14
8
3
28
0
19
0
21
6
0
11
2
0
15
0
0
22
17
0
11
21
0
0
15
0
14
0
0
16
7
19
21
0
3
0
0
0
0
21
17
2
0
17
0
12
0
1
0
0
12
6
0
17
8
0
0
11
3
0
0
19
0
0
14
0
0
0
0
0
17
0
0
0
0
0
0
0
0
3
1
8
18
33
21
24
31
37
35
25
28
27
29
15
16
28
33
19
10
31
29
31
28
21
53
21
9
26
7
22
13
28
11
11
23
20
30
25
34
27
12
23
10
17
35
19
12
19
7
39
31
39
23
30
32
28
18
18
25
29
15
25
24
21
22
35
8
47
26
10
20
20
41
20
21
24
51
36
11
18
21
27
22
31
19
11
35
14
21
16
17
19
41
35
27
14
11
12
28
47
13
9
39
11
28
12
26
20
14
19
37
39
34
22
32
57
37
31
33
27
9
33
27
33
32
10
20
24
7
7
26
29
42
40
27
13
24
31
14
35
42
31
31
28
45
23
36
30
32
12
39
15
13
20
23
41
28
31
11
15
12
19
21
24
15
24
49
15
33
15
37
27
21
38
9
21
33
44
20
50
49
41
24
15
30
11
6
23
39
28
19
39
49
22
10
32
34
30
14
15
24
18
20
21
31
11
31
45
13
43
33
24
14
20
35
16
13
19
28
48
36
12
20
7
19
49
26
29
45
13
25
30
24
22
4
60
12
16
10
13
25
9
40
35
34
17
10
30
45
14
15
26
13
23
8
21
16
9
25
18
19
17
9
9
19
13
11
34
24
44
28
9
15
18
30
17
21
17
19
22
15
8
11
16
6
34
11
35
22
23
17
0
0
0
0
0
0
0
0
0
0
0
0
0
0
0
0
0
0
0
0
0
0
0
0
0
0
0
0
0
0
0
0
0
0
0
0
0
0
0
0
0
0
0
0
0
0
0
0
0
0
0
0
0
0
0
0
0
0
0
0
7
12
8
13
15
11
19
6
19
19
15
31
37
13
20
9
23
7
14
17
39
21
2
11
9
7
9
9
22
5
35
9
6
10
8
11
11
19
11
15
9
29
9
18
21
11
16
11
20
15
4
26
9
14
26
23
25
26
17
23
27
28
8
10
25
22
19
13
13
15
28
20
15
19
17
4
7
7
23
11
15
8
10
15
21
17
13
15
13
12
21
13
20
17
12
9
17
25
14
18
18
22
27
26
13
16
24
19
13
24
22
21
81
8
37
19
22
19
13
5
34
19
35
33
20
26
21
17
29
7
37
20
15
21
16
24
28
11
28
6
26
35
16
4
17
21
13
23
9
19
17
19
21
30
24
21
15
15
34
22
22
21
13
19
17
15
21
32
21
27
34
11
15
23
10
23
28
13
13
15
26
11
22
28
17
13
22
20
26
18
46
25
24
19
11
9
11
18
6
19
19
20
23
15
12
34
6
13
27
36
21
13
15
19
21
17
8
11
14
28
14
14
13
15
15
15
9
10
6
2
2
4
2
2
2
4
8
2
8
0
2
0
6
2
2
4
4
4
4
6
2
4
0
6
2
6
8
2
6
0
4
6
4
4
4
8
6
6
8
2
2
2
0
6
8
4
2
2
6
0
4
4
8
2
2
4
8
4
4
6
2
6
4
6
0
6
4
6
4
6
2
0
4
2
2
6
4
6
6
4
0
4
6
2
2
4
6
2
2
0
2
2
2
4
2
0
6
2
4
6
2
0
4
2
8
6
0
4
4
2
4
4
2
6
2
2
0
4
2
2
4
2
8
2
2
4
4
0
4
0
0
6
4
6
4
4
4
4
2
0
4
4
2
6
4
6
2
4
8
2
6
0
4
4
2
6
2
2
4
0
4
2
2
0
6
6
2
4
4
4
4
4
4
6
6
2
2
0
4
4
4
4
6
8
4
2
4
4
4
2
6
8
4
0
4
4
2
4
4
4
2
2
6
2
2
4
2
4
2
0
2
4
6
6
4
2
6
8
2
2
8
4
4
4
4
6
2
2
4
0
2
2
8
0
2
0
4
0
2
4
4
4
4
0
4
4
6
2
4
2
4
2
0
4
10
4
4
6
4
4
4
0
4
2
6
0
2
4
4
2
2
2
6
6
2
4
6
0
6
4
4
6
8
6
2
2
6
0
0
2
2
8
6
15
6
6
4
10
0
46
4
2
6
4
4
4
0
6
0
6
4
2
2
8
6
6
0
0
2
12
2
0
4
6
2
8
2
0
19
6
10
0
57
7
0
2
6
4
4
2
8
10
2
0
2
6
0
2
14
7
4
0
2
4
0
2
30
0
0
4
2
4
2
6
2
4
0
4
10
0
2
4
2
0
6
2
8
0
2
7
2
8
6
0
4
6
6
2
0
6
4
6
4
2
0
4
4
0
4
2
4
0
8
0
6
0
6
4
2
0
4
2
6
0
4
2
2
6
22
2
9
6
0
2
0
4
8
4
15
6
2
2
4
2
9
8
0
2
2
2
2
6
2
4
6
6
4
2
0
2
8
4
2
6
4
4
2
4
4
4
0
6
4
10
8
4
6
12
0
2
2
2
4
6
2
12
6
4
4
2
4
6
0
2
6
8
6
12
2
4
4
2
8
2
6
6
2
22
4
2
4
2
6
4
4
0
2
4
4
4
6
0
2
4
6
2
2
6
2
2
0
0
2
4
4
2
8
4
0
2
4
4
4
2
2
4
6
6
0
0
4
10
4
8
6
4
4
9
4
4
2
2
4
4
4
0
8
6
8
4
4
6
2
4
11
4
4
4
2
2
2
6
2
4
7
5
9
54
2
51
50
0
31
36
41
2
9
4
2
46
30
20
33
24
0
26
25
7
0
23
0
27
81
14
38
40
43
33
13
54
43
43
27
14
11
0
21
39
23
44
49
13
24
27
42
26
40
7
40
57
25
58
31
0
31
56
26
0
31
34
37
24
3
35
46
23
27
54
0
19
42
33
2
56
24
2
44
41
39
0
0
61
62
5
31
46
13
41
26
64
40
51
0
48
35
19
6
23
3
43
60
0
5
66
7
27
28
48
6
16
12
6
61
36
53
0
59
22
52
45
15
22
23
2
27
51
45
25
37
34
32
30
0
33
29
3
37
58
39
40
57
26
23
0
35
49
43
7
25
19
80
27
10
26
43
48
9
36
47
8
18
38
41
9
4
46
57
28
31
49
2
26
47
9
8
71
2
24
67
11
2
27
49
35
4
2
97
4
0
39
29
26
22
29
10
41
34
21
2
0
2
29
18
26
47
34
22
48
43
41
17
39
64
15
70
0
38
37
45
39
3
38
39
88
42
46
39
53
36
29
29
24
0
4
39
40
0
3
53
4
0
39
21
46
14
45
24
27
2
26
18
20
45
21
0
0
66
6
0
5
59
5
47
9
0
0
62
0
6
33
7
0
0
48
0
44
28
32
0
0
9
5
0
0
2
2
4
0
2
4
4
0
2
2
2
2
2
0
2
2
2
0
2
4
4
0
0
0
2
2
4
0
4
2
4
2
2
4
2
2
2
2
2
2
2
0
0
0
2
0
4
4
6
0
0
2
2
6
0
2
8
4
6
0
0
0
0
0
2
0
2
0
2
0
2
2
0
0
2
2
0
8
0
2
0
2
4
0
6
0
0
2
2
0
2
4
4
4
9
2
0
2
0
2
12
4
0
0
2
0
0
2
6
2
0
7
0
2
0
4
0
2
2
0
0
8
6
5
4
2
0
6
2
4
2
4
2
0
2
2
0
9
2
0
6
2
0
0
2
2
0
2
0
0
2
0
2
2
2
4
4
0
0
2
2
2
4
0
0
6
0
2
6
4
2
6
0
2
2
4
0
0
0
2
2
0
0
0
0
2
4
0
2
0
2
2
3
4
2
0
2
0
4
0
6
4
2
4
2
4
2
0
0
2
2
2
0
4
2
2
2
2
2
6
0
2
0
2
4
2
0
2
0
0
0
2
2
2
2
2
4
2
0
4
4
0
2
0
0
2
2
0
2
2
0
0
4
0
2
0
0
2
0
2
2
0
0
0
0
2
2
2
0
2
2
2
0
0
0
0
0
0
2
0
2
2
0
2
0
2
2
2
2
2
0
0
2
2
2
0
0
2
2
2
0
2
2
2
2
2
2
4
2
0
2
2
2
2
0
2
0
0
0
0
2
0
0
0
0
2
2
0
2
0
0
2
2
2
0
0
0
2
2
2
0
2
0
0
0
0
2
4
2
0
2
0
2
0
0
2
0
0
0
4
0
0
2
2
2
0
2
0
2
2
0
0
2
4
2
0
0
2
0
0
2
0
0
0
2
2
0
2
2
0
4
0
2
2
2
2
0
0
0
2
2
0
2
2
2
2
2
2
0
0
2
0
2
2
0
2
0
0
4
2
2
2
2
2
2
2
4
0
4
2
0
2
0
2
0
0
0
14
0
0
0
0
0
2
0
4
2
0
2
0
2
2
0
2
0
0
0
0
0
0
2
0
0
0
0
2
0
2
0
2
2
0
2
2
0
2
0
2
0
0
2
0
2
0
0
2
2
2
2
2
0
0
2
0
2
0
0
2
2
2
0
2
0
2
0
0
4
2
0
2
0
4
0
0
0
2
0
2
2
0
0
0
2
0
2
0
2
0
2
4
0
0
0
0
0
2
0
0
0
2
0
2
0
2
0
0
2
2
0
2
2
2
0
0
2
0
2
2
0
2
0
2
2
2
2
0
0
0
2
4
0
2
2
2
