2
2
2
8
5
2
2
4
2
2
2
4
0
4
2
6
6
2
4
4
6
0
2
2
2
2
2
2
4
2
2
6
4
4
2
8
6
2
4
2
2
2
4
4
4
2
4
2
2
2
4
2
2
2
2
0
8
2
2
2
4
4
2
4
2
4
2
2
4
4
4
4
4
4
6
2
2
2
2
2
4
4
2
2
4
2
5
2
7
6
2
8
2
2
2
2
6
4
4
4
2
4
2
4
4
4
4
6
8
2
2
4
4
4
6
2
4
2
4
4
4
4
6
2
4
4
6
2
4
10
6
2
4
2
2
6
4
6
6
0
4
2
4
6
6
6
8
2
4
4
4
9
2
6
4
2
0
8
2
2
2
10
4
17
4
4
4
2
4
4
2
4
2
4
4
4
6
2
4
4
2
5
2
2
2
2
2
4
4
4
6
6
2
4
6
4
6
4
2
6
6
4
6
2
2
2
4
4
2
4
4
0
6
2
6
4
4
4
8
4
4
4
4
2
0
2
6
2
8
4
2
2
2
4
4
8
2
4
4
4
2
2
4
4
0
4
4
9
4
2
4
6
2
2
2
4
0
2
6
4
4
2
4
5
2
2
4
4
2
4
2
4
4
5
2
4
4
4
2
2
4
2
4
4
2
2
2
4
4
6
4
6
2
2
2
2
4
8
4
4
0
4
2
4
5
6
5
2
4
3
4
4
4
4
6
4
4
6
6
2
4
6
4
4
4
8
4
6
5
4
2
2
4
2
5
4
6
2
6
4
11
2
2
4
6
4
6
4
6
4
4
2
4
2
4
4
4
6
7
6
4
6
5
4
6
8
4
2
4
4
4
6
2
8
6
2
6
5
4
4
6
4
4
4
2
4
4
2
4
11
2
4
6
6
2
9
4
4
2
2
6
3
2
6
5
0
9
6
6
4
2
2
4
5
2
2
4
6
4
5
2
4
6
6
7
2
2
4
4
4
7
7
4
4
8
2
4
6
6
6
4
2
7
4
6
9
4
4
2
4
2
6
11
4
2
8
4
2
4
4
7
4
6
4
13
4
4
4
5
2
4
4
6
2
9
4
4
7
4
2
4
7
6
8
4
4
4
4
4
6
6
2
4
2
2
5
6
4
5
6
2
4
4
4
2
7
6
9
3
6
6
4
6
4
8
6
4
7
4
4
6
4
8
42
4
6
4
4
2
2
4
2
4
4
4
7
2
6
4
4
4
2
4
6
4
2
2
6
6
3
4
4
4
45
4
8
4
4
2
4
4
2
2
6
6
4
2
4
8
2
4
6
4
5
4
2
15
15
23
3
11
21
20
9
4
24
16
29
26
4
12
23
21
12
19
16
23
19
4
11
12
18
15
18
3
16
12
19
17
4
4
13
23
18
3
21
26
17
18
9
15
34
19
9
13
7
13
25
13
14
22
5
20
10
11
5
15
13
8
14
16
14
18
9
16
32
13
22
18
29
33
25
23
16
4
15
7
35
20
22
12
3
22
15
26
18
8
12
16
33
3
23
19
5
8
5
17
17
25
2
17
16
22
18
16
26
17
25
18
6
6
21
14
30
14
14
10
19
14
11
9
21
11
18
13
30
28
3
16
22
29
15
8
1
4
6
22
14
24
20
24
20
24
18
12
17
18
20
26
19
7
16
21
15
4
18
4
24
12
6
11
13
15
9
1
9
22
22
9
6
10
20
20
11
8
16
15
24
13
11
13
23
15
13
11
8
26
20
2
3
23
29
3
16
12
12
12
35
15
19
4
2
15
12
24
21
17
18
19
9
22
23
23
31
20
4
3
16
14
18
7
8
30
13
13
14
14
6
19
9
14
16
14
11
16
17
11
15
3
16
26
17
9
18
10
20
15
5
19
24
20
13
3
17
12
26
13
36
18
20
16
23
12
15
14
27
14
2
28
53
17
1
22
24
24
16
13
20
8
21
6
4
28
4
19
15
16
14
14
14
12
18
15
13
17
13
14
16
5
17
13
13
11
16
17
16
16
15
16
17
7
12
16
14
19
23
12
20
16
15
14
16
11
9
19
14
12
20
16
20
17
19
17
12
14
15
15
14
15
16
16
15
15
18
13
16
9
15
18
9
10
17
13
14
11
16
14
15
18
17
14
12
21
17
19
15
16
18
6
18
6
10
9
18
17
9
9
17
13
17
16
13
6
7
13
11
11
12
16
15
16
11
16
18
5
15
17
10
15
12
16
14
6
14
12
17
16
15
17
10
13
17
17
15
18
16
14
14
17
16
7
13
9
11
17
14
11
13
13
18
19
8
16
11
13
13
11
11
9
16
12
9
10
7
13
9
13
9
16
9
14
11
12
9
12
12
12
11
9
14
16
14
15
19
8
13
10
9
11
9
17
14
12
10
8
6
12
12
10
19
12
10
9
15
18
18
13
12
14
15
14
19
12
10
13
12
17
14
14
15
7
11
9
14
15
9
12
10
14
12
14
18
15
9
15
8
14
8
14
7
11
18
7
12
11
11
11
15
11
12
8
10
12
15
12
11
12
18
14
9
12
9
6
19
11
16
12
16
20
14
9
12
11
15
19
8
12
17
12
14
14
11
9
19
12
16
17
12
17
19
16
16
38
34
33
30
24
29
38
32
21
37
33
33
35
34
33
32
38
24
34
38
30
33
37
33
34
34
38
32
28
24
33
33
38
33
36
34
38
38
33
38
32
27
28
34
33
38
38
32
33
38
24
33
38
28
38
32
34
34
37
33
38
37
22
37
38
28
34
38
30
38
38
38
38
36
23
37
38
21
33
27
32
38
37
38
39
38
28
37
38
28
37
39
33
36
39
31
37
37
27
38
36
24
38
33
37
38
37
38
37
33
28
34
38
29
33
32
37
38
37
38
36
33
23
20
39
29
38
33
33
38
23
33
38
32
38
29
38
23
37
31
37
38
25
38
39
33
38
36
38
29
38
38
39
38
38
37
38
31
33
34
32
23
26
38
38
33
38
38
32
38
38
28
19
18
18
23
24
21
19
24
24
27
27
32
33
17
25
22
32
38
23
24
24
33
37
32
37
20
23
23
37
32
33
18
28
27
35
37
16
23
25
23
22
37
37
31
27
26
28
31
27
29
25
26
28
36
26
38
38
29
24
27
35
24
33
32
38
25
33
36
29
37
38
27
38
27
38
37
34
31
31
33
32
32
32
22
30
24
38
33
37
32
35
37
33
33
33
33
27
29
33
33
37
31
32
38
38
33
33
24
38
24
34
33
32
33
32
30
0
0
9
3
37
37
25
18
0
18
0
15
3
18
0
18
0
20
20
0
28
13
9
15
14
2
20
0
21
0
0
0
0
21
0
17
0
5
1
16
1
0
64
0
0
18
17
0
18
14
0
0
0
0
22
10
23
0
0
22
20
17
0
16
0
0
0
0
18
15
9
0
19
23
0
14
0
29
0
0
0
2
21
12
7
7
0
0
0
15
27
0
0
11
31
0
0
0
0
0
18
0
36
25
14
0
15
14
1
17
2
14
0
0
0
22
18
15
0
15
32
35
0
21
20
31
0
16
19
21
10
0
0
1
14
28
0
6
14
14
57
13
32
0
0
12
0
0
22
39
0
17
0
0
16
9
0
15
15
21
0
0
0
14
0
20
31
0
35
0
26
31
0
0
25
21
0
21
14
23
0
24
17
1
18
0
0
0
63
0
26
27
30
35
0
0
0
0
2
0
0
16
21
16
0
13
20
21
0
17
20
11
20
12
26
5
3
0
32
24
0
3
0
8
8
0
0
30
20
1
12
0
18
0
25
21
1
30
0
0
22
22
19
0
46
0
6
2
16
0
21
19
24
20
0
24
0
20
1
0
0
20
0
0
37
21
15
32
54
0
0
0
1
21
19
0
0
0
28
11
30
28
0
0
0
26
0
30
4
2
3
2
1
1
2
2
1
3
0
1
6
0
2
15
0
0
2
0
2
3
5
0
4
0
2
2
4
1
5
4
4
2
0
1
7
2
2
0
2
0
17
2
0
2
2
2
2
2
2
6
13
2
0
4
4
2
0
2
2
9
0
2
2
4
0
4
2
4
2
0
5
0
0
2
0
2
2
3
2
0
0
0
3
0
4
2
7
3
2
0
4
0
17
4
5
0
2
5
17
0
0
4
3
5
0
1
3
4
4
4
4
0
0
4
1
2
7
13
2
5
0
4
0
5
2
9
2
2
2
4
2
2
0
15
3
4
4
2
2
3
2
4
2
4
3
0
4
1
13
2
0
0
4
2
5
0
2
4
5
5
2
2
5
4
3
2
2
0
4
2
7
2
3
3
4
1
0
4
4
1
5
2
5
6
1
0
0
2
4
0
0
5
2
2
2
2
2
2
0
0
2
0
0
2
0
3
11
4
0
3
4
7
2
0
4
4
0
4
7
6
0
2
3
0
7
2
4
5
0
2
2
3
0
1
4
0
3
4
2
4
2
2
5
2
2
2
5
2
2
0
0
2
1
2
2
2
17
4
17
4
0
0
4
2
0
2
2
2
2
2
0
2
4
2
2
2
6
4
2
0
4
2
0
7
2
7
35
23
13
17
19
14
19
14
21
23
14
25
12
10
14
12
8
31
10
14
21
21
14
27
27
17
12
14
19
21
29
8
27
21
31
27
18
17
12
37
10
35
19
12
39
14
47
14
33
12
27
16
35
12
25
35
31
29
35
23
29
19
31
29
25
19
41
66
33
58
39
19
53
25
25
14
19
16
60
31
17
25
14
8
14
25
12
21
18
54
12
14
18
25
31
10
14
45
10
19
31
31
25
18
37
23
33
19
21
31
27
17
27
29
15
37
21
35
47
47
12
29
19
35
27
12
19
52
14
62
39
21
14
64
33
62
19
27
23
10
35
14
48
14
16
51
16
27
47
53
17
53
39
8
29
17
16
12
18
41
14
8
17
19
14
25
12
14
21
10
31
19
43
10
12
14
14
12
8
12
16
33
2
12
16
12
31
25
12
16
19
14
19
23
10
27
18
16
21
10
14
25
4
8
43
18
10
16
33
16
25
6
12
10
14
21
12
14
10
14
19
12
6
12
8
23
12
8
20
16
14
14
58
12
25
12
35
35
16
8
25
14
12
6
8
18
10
8
6
16
12
6
8
8
14
21
21
6
14
10
12
23
23
21
16
18
16
18
18
18
16
16
16
27
29
27
21
23
12
16
33
31
21
18
16
47
12
21
12
8
12
10
19
10
12
14
10
10
8
10
12
4
6
8
14
12
17
6
29
4
10
25
10
4
4
17
12
15
8
15
23
12
10
10
10
12
8
8
6
17
9
17
32
16
14
8
29
52
15
23
29
19
29
25
25
8
17
19
12
19
14
19
21
15
33
21
12
18
16
21
37
25
8
14
10
12
8
31
12
18
17
35
19
21
15
16
8
21
10
16
18
12
39
27
17
15
25
14
15
31
12
19
19
23
19
31
35
6
20
16
19
16
25
14
11
7
30
44
19
25
15
31
21
21
19
50
8
43
21
9
13
17
37
91
19
34
58
25
24
20
14
8
25
33
13
25
16
10
47
19
21
21
35
25
21
29
25
20
31
10
19
17
32
43
36
43
14
10
43
14
51
33
62
19
40
31
25
8
45
51
64
41
45
56
64
29
16
21
21
31
11
10
19
29
23
32
21
31
32
32
27
27
31
30
17
39
16
23
29
23
23
21
39
25
21
35
37
18
21
18
55
31
10
18
29
15
36
43
25
12
18
12
8
14
21
16
33
54
15
8
17
14
16
31
39
25
17
17
16
21
37
18
17
24
20
19
10
17
29
45
23
12
19
12
31
31
25
21
13
24
18
10
16
21
19
33
8
17
12
23
25
16
8
25
45
18
6
4
6
4
4
14
13
8
15
4
7
6
4
10
6
10
6
7
4
19
12
6
6
9
9
8
8
11
16
8
8
7
8
8
6
10
7
6
6
10
7
4
15
9
9
12
8
3
7
4
6
4
17
7
13
7
8
9
4
7
6
6
14
10
5
11
9
5
5
6
6
3
8
16
5
8
7
7
4
7
10
15
6
6
5
6
8
8
8
10
7
8
3
11
4
6
10
3
6
9
7
16
9
16
9
6
8
13
8
11
7
6
11
11
10
6
4
6
8
5
6
11
16
8
6
1
8
7
11
7
5
8
9
6
5
15
4
8
14
6
6
4
5
10
15
9
10
15
5
7
5
13
6
18
3
8
9
9
7
6
6
10
13
12
4
9
4
8
3
6
12
5
6
6
6
10
9
7
6
9
6
12
8
6
7
6
5
9
10
7
9
6
10
8
6
4
5
4
10
11
6
7
5
6
9
10
8
5
8
9
8
9
5
7
5
4
6
12
3
6
15
7
13
6
8
16
4
16
5
6
9
12
6
4
8
8
10
6
5
3
14
11
6
7
14
9
9
5
7
6
5
7
7
11
6
9
9
11
6
9
6
12
4
11
6
11
7
9
13
7
3
5
5
4
8
4
1
7
5
9
9
9
12
10
8
11
6
15
