23
55
19
48
35
18
17
38
14
39
13
36
32
38
20
20
29
23
37
17
40
18
36
57
15
37
49
31
21
16
30
22
16
11
19
25
38
39
19
51
17
19
17
23
33
43
20
30
43
28
36
13
9
22
55
18
24
17
22
8
16
27
16
17
10
10
12
32
15
20
17
58
14
13
38
40
22
14
17
18
18
19
12
49
36
14
20
18
12
17
14
20
16
27
49
20
45
44
21
24
22
19
18
37
15
21
39
12
17
16
26
47
17
16
24
18
17
17
6
17
23
21
27
16
38
14
34
17
23
14
23
22
14
18
24
34
14
19
16
21
28
18
17
18
24
24
20
14
12
12
20
23
14
48
16
10
17
30
22
17
19
52
40
24
11
29
37
12
38
18
12
23
38
17
16
17
22
23
38
16
16
14
18
55
21
18
14
22
23
34
41
20
30
38
22
14
40
14
20
20
23
15
23
16
10
18
22
22
30
11
40
17
5
13
7
18
45
12
17
56
13
14
18
32
36
15
17
25
15
14
41
27
15
16
23
22
25
25
14
22
14
23
23
31
23
22
37
13
16
21
15
28
15
18
36
71
32
36
14
31
15
13
20
18
22
16
19
20
12
49
15
17
19
15
15
15
17
40
17
14
41
13
26
13
14
14
20
62
18
17
16
17
17
13
40
16
12
37
45
66
55
23
38
53
30
21
20
13
29
36
22
51
32
49
16
52
19
73
15
62
24
51
55
14
25
58
26
18
54
24
40
42
35
19
46
14
42
42
46
4
19
71
23
38
37
54
39
17
14
46
28
36
25
22
25
32
44
30
46
47
19
16
42
27
12
22
16
22
17
13
8
25
19
14
16
26
17
22
16
18
14
24
21
16
22
27
30
46
15
17
17
19
50
34
21
38
18
18
19
23
52
46
12
44
25
51
23
41
31
46
56
16
18
34
5
17
34
22
24
14
44
19
26
30
14
19
32
33
20
16
16
38
22
28
12
34
38
14
18
19
23
22
14
13
22
17
16
20
18
18
24
40
42
15
29
18
16
26
46
46
14
16
19
20
36
23
21
17
21
18
41
30
14
18
40
16
15
23
21
24
36
18
33
16
40
23
18
12
16
21
38
17
17
16
20
17
16
23
18
22
15
15
21
46
56
14
13
43
18
23
54
18
14
25
18
21
38
16
25
36
25
44
13
38
49
20
40
16
63
21
21
11
54
22
15
44
20
16
34
11
12
38
43
35
27
18
17
32
58
21
17
35
46
16
44
48
15
60
29
24
24
8
25
22
27
62
31
41
17
21
61
17
60
38
18
31
22
6
30
37
33
5
21
35
38
5
2
18
32
5
24
25
2
5
2
3
17
29
4
15
22
36
4
24
11
41
2
32
39
18
17
17
2
18
23
16
19
11
4
16
29
15
6
22
2
20
3
37
15
24
18
8
21
62
3
28
36
33
6
30
20
26
22
37
23
8
23
5
5
29
44
13
27
5
19
27
24
33
2
20
27
32
13
20
2
22
2
25
11
37
4
14
6
39
47
19
23
7
29
15
4
17
31
53
6
21
11
21
5
9
29
30
15
4
9
19
9
1
25
17
18
24
4
42
49
38
2
20
4
41
4
6
59
18
1
36
27
33
15
26
38
25
20
36
7
33
2
21
18
30
25
30
31
11
4
14
2
18
8
26
2
14
4
22
25
16
20
6
18
27
3
33
43
50
18
32
27
5
11
37
28
2
9
18
35
17
15
14
27
24
10
2
7
30
49
11
35
32
20
25
13
4
18
4
10
29
43
33
2
4
22
24
11
13
23
24
23
3
22
5
23
17
4
16
20
21
30
11
6
1
22
31
23
47
2
21
2
13
4
2
16
5
14
4
22
25
29
28
4
18
47
4
5
27
17
6
17
55
27
6
31
53
29
29
45
48
52
4
22
2
16
7
12
27
18
27
31
5
34
46
35
5
22
10
13
7
22
27
31
4
28
24
7
30
2
7
30
41
16
6
10
54
2
29
15
9
26
36
10
41
11
38
5
4
7
7
25
3
11
17
11
38
6
6
31
6
6
20
3
14
9
20
5
3
34
5
7
14
19
31
28
30
32
16
26
30
24
20
28
28
11
32
15
6
22
25
19
13
8
4
15
20
5
19
6
19
21
2
28
34
19
30
2
5
15
16
21
2
18
12
4
22
16
29
29
28
23
3
28
25
24
25
32
1
34
23
29
5
22
19
40
26
25
2
31
13
17
19
2
43
19
19
23
2
3
26
31
12
21
29
34
31
5
14
3
22
17
19
28
2
12
13
11
18
34
45
8
8
7
11
40
28
18
19
25
29
9
19
4
14
26
19
16
5
36
27
32
5
4
23
22
34
28
4
29
25
36
10
4
3
38
33
45
4
12
13
20
26
2
14
31
11
20
35
22
33
33
21
4
8
61
21
31
3
28
17
12
26
24
14
23
6
29
5
24
1
7
47
3
14
23
8
34
2
17
24
21
6
24
25
52
3
33
22
28
26
28
26
4
39
36
9
37
25
24
12
14
6
21
8
31
25
35
18
30
5
28
1
29
40
54
28
15
26
37
6
17
31
27
14
20
35
52
18
22
33
10
14
22
42
44
23
25
0
0
0
12
26
19
0
13
20
25
14
0
0
39
21
8
24
17
15
0
0
0
0
0
0
0
0
0
0
0
1
24
23
24
0
2
0
0
10
37
0
0
11
28
18
30
19
23
14
46
12
28
0
0
0
0
4
19
25
0
2
27
0
0
37
0
11
25
10
18
10
30
20
43
26
0
0
0
2
0
30
30
33
0
0
33
0
21
0
0
0
0
29
17
22
31
29
32
18
24
16
38
0
0
0
0
25
28
0
23
4
29
27
0
0
0
0
0
0
25
16
0
20
33
0
0
3
29
13
9
0
23
15
0
16
22
19
7
17
16
0
0
0
2
0
0
0
0
0
0
0
0
0
16
0
21
0
0
8
12
24
27
0
0
0
0
0
32
36
0
19
0
22
24
0
0
12
22
38
24
28
24
17
45
19
0
0
15
25
14
22
0
35
19
21
0
16
0
6
23
0
1
0
4
0
0
9
0
0
17
0
18
19
0
0
0
0
0
0
0
0
0
0
0
23
10
0
26
44
30
24
0
15
0
8
9
0
0
0
0
0
0
0
0
0
0
0
0
21
10
29
35
23
15
0
20
11
15
25
0
0
0
0
0
0
0
0
0
0
0
16
16
34
26
30
0
0
0
21
23
10
0
11
18
31
0
29
2
54
80
27
6
29
9
49
12
18
67
82
63
8
65
26
27
2
31
6
35
9
47
46
4
56
38
1
11
2
59
11
9
45
27
28
48
32
44
7
40
38
32
45
32
2
12
4
46
7
60
19
32
50
18
31
29
22
26
27
6
5
26
46
51
57
31
4
38
0
32
4
53
74
50
26
9
27
44
7
20
4
31
25
31
53
43
12
2
52
64
32
37
3
40
2
37
83
9
6
14
2
41
28
0
21
2
33
73
32
46
2
28
41
26
39
17
42
58
42
12
59
81
2
38
39
39
40
17
8
60
2
29
35
56
23
30
4
45
2
31
5
62
4
44
84
54
19
9
25
7
29
6
40
29
39
6
40
56
22
10
29
40
26
5
31
13
25
26
38
52
12
13
33
47
25
3
39
46
22
4
33
0
24
39
41
38
2
16
2
57
27
2
63
39
31
4
21
4
46
30
25
20
22
45
17
10
33
26
6
14
2
20
29
31
59
44
9
59
28
6
9
2
36
4
20
43
18
27
42
2
34
18
9
26
43
59
15
20
34
45
4
2
19
10
4
5
23
6
10
36
18
3
47
58
32
5
40
7
30
15
33
32
16
60
0
33
35
18
4
17
38
33
32
24
2
55
2
8
26
27
25
27
2
29
26
3
22
0
20
14
1
34
0
0
13
0
7
29
0
23
25
21
0
25
11
20
0
22
0
13
0
0
0
21
10
0
0
7
14
15
0
0
0
5
18
0
13
13
0
0
0
15
0
16
0
24
15
22
0
0
0
12
10
18
38
0
16
2
11
0
16
0
0
14
0
0
0
9
0
0
0
0
13
0
14
8
12
12
0
0
27
35
20
25
2
14
0
43
0
6
12
13
0
5
12
21
24
0
19
0
0
0
0
0
58
0
16
25
10
15
0
18
6
32
21
0
23
15
22
0
25
13
4
0
18
30
25
0
0
25
22
15
20
15
0
0
6
1
24
14
0
20
0
0
7
0
21
17
0
8
23
0
18
26
3
0
0
11
0
0
17
16
0
18
25
18
14
0
2
16
1
14
11
21
30
57
29
24
0
21
0
0
12
0
19
17
0
0
0
16
0
0
20
0
0
49
0
3
17
0
0
22
14
26
66
13
13
9
0
8
25
20
40
16
0
0
0
11
11
0
1
0
15
14
0
0
14
0
6
0
18
14
0
0
40
17
27
11
0
0
19
15
9
0
34
5
35
0
2
20
30
0
30
11
14
0
27
24
32
8
0
25
0
16
0
24
25
17
13
23
0
20
22
0
18
26
31
15
9
0
13
0
16
8
2
36
26
41
2
26
20
42
61
67
42
38
37
43
38
25
2
29
3
36
4
28
2
27
6
35
18
33
38
47
3
22
34
8
8
31
27
57
54
35
2
14
32
32
38
0
36
21
31
27
29
35
0
2
45
19
6
48
48
34
46
55
38
31
56
25
25
31
32
38
5
26
28
20
61
24
23
36
12
37
27
44
25
4
44
37
16
37
0
31
31
14
22
32
42
40
24
41
9
33
41
22
6
42
23
51
43
21
37
26
75
39
6
47
2
25
4
38
31
26
21
18
20
32
2
38
17
16
31
37
26
52
34
32
54
35
15
20
9
7
8
49
28
32
40
4
50
37
32
26
29
53
43
7
50
33
55
42
32
8
34
50
5
44
20
34
41
42
21
30
46
20
25
7
19
22
26
54
47
11
25
6
38
29
44
52
4
8
63
15
34
9
3
34
9
22
39
42
0
9
31
36
56
2
5
29
50
69
30
1
30
26
5
22
28
37
33
39
36
4
85
38
17
0
27
16
0
36
20
0
47
6
4
8
37
4
23
46
36
4
7
45
34
11
28
16
4
61
6
33
36
37
42
22
27
2
31
29
24
2
45
59
37
31
2
50
53
4
40
23
40
40
28
6
19
70
13
44
31
33
6
33
39
32
44
58
6
6
43
2
2
2
2
0
2
2
2
4
2
2
2
0
0
0
6
0
2
0
0
4
0
2
0
2
2
2
2
0
2
0
0
0
0
2
0
2
0
2
0
4
0
2
2
2
0
0
0
0
0
0
2
2
0
0
4
2
2
4
2
2
2
0
0
2
0
0
0
2
2
0
2
0
2
0
0
0
2
2
2
2
0
4
2
0
0
0
0
2
2
0
2
2
2
6
3
0
2
2
4
2
0
0
2
0
2
0
2
0
0
2
0
0
2
2
2
0
0
2
4
2
0
0
2
2
2
0
2
0
4
2
0
2
0
2
2
2
4
2
2
2
2
2
2
0
4
2
2
2
2
0
0
2
2
4
4
2
0
2
0
2
0
0
2
0
0
0
0
0
2
2
2
0
6
2
4
0
2
2
0
0
4
2
0
2
0
2
0
4
0
2
0
6
4
0
3
2
0
4
2
2
2
2
0
2
2
2
4
2
2
0
2
0
0
1
2
0
2
5
2
6
2
2
2
2
2
0
0
2
2
0
0
0
0
0
4
2
2
0
2
2
1
2
2
2
0
0
0
0
0
2
2
0
2
0
4
2
2
0
4
0
2
2
2
0
1
0
2
0
2
0
0
0
2
2
4
1
1
4
0
0
2
2
2
2
0
0
2
17
22
20
3
17
0
0
0
0
0
0
35
0
19
0
14
0
18
34
0
0
0
0
0
31
0
0
24
19
24
22
21
0
0
0
18
0
46
23
0
14
0
40
0
0
7
1
1
26
11
23
16
28
28
23
22
0
0
0
0
1
6
21
25
12
36
0
0
0
0
0
0
21
0
20
13
13
0
18
19
18
0
0
0
1
0
25
22
34
19
0
0
0
0
0
8
23
17
0
21
23
29
28
0
0
0
0
21
0
37
22
0
17
46
18
0
0
0
0
0
26
25
16
0
0
33
25
0
0
0
0
15
15
16
17
0
0
19
20
16
23
0
0
0
16
0
26
23
7
17
26
54
0
0
0
22
0
0
53
39
17
15
23
1
0
0
0
0
0
7
11
0
24
26
50
0
0
0
0
18
0
1
12
8
18
4
0
18
14
18
0
18
19
0
0
14
0
20
0
0
29
0
0
0
24
13
0
26
0
0
39
0
0
0
0
18
0
15
15
14
0
30
16
0
14
12
0
0
6
11
0
0
1
22
0
0
0
0
17
0
46
6
1
0
12
26
41
29
0
0
0
0
0
0
15
0
0
0
14
11
23
0
10
0
18
26
10
60
0
0
0
20
0
22
17
1
18
0
22
1
5
23
18
0
0
0
0
27
