0
2
0
2
0
0
2
0
2
0
4
4
0
2
0
0
4
5
2
2
0
0
0
2
0
2
2
2
2
6
2
2
0
2
4
2
2
5
4
0
3
4
0
0
0
2
2
0
0
2
2
6
2
2
0
4
0
2
2
0
2
2
2
4
0
2
0
2
2
2
0
0
2
3
0
3
11
2
2
0
0
0
2
0
0
2
2
2
2
3
0
2
0
2
0
8
0
2
0
0
5
0
0
0
7
0
6
8
6
0
0
2
0
0
2
2
4
1
2
0
0
4
0
0
4
2
3
2
2
0
0
0
4
2
0
0
0
0
2
3
0
2
4
9
2
2
0
0
2
2
2
7
2
2
2
2
0
0
4
4
0
0
2
3
2
0
0
0
0
5
2
0
0
4
0
0
0
1
2
4
2
4
7
6
0
5
0
2
2
0
2
2
2
0
2
0
0
0
0
0
0
2
2
3
3
4
2
0
0
0
0
2
0
2
2
0
0
0
2
2
0
0
0
0
0
6
3
0
0
3
2
2
0
2
0
2
0
0
0
5
0
0
2
4
4
2
2
0
2
2
2
2
0
0
0
0
0
0
0
2
0
2
3
2
2
0
5
5
2
11
0
0
2
2
0
0
0
2
0
0
2
0
2
2
0
0
0
0
43
77
80
65
75
53
72
89
76
61
66
53
62
76
80
77
65
70
99
74
69
58
94
95
95
42
69
96
93
81
76
85
98
87
88
72
68
91
79
79
86
72
74
89
88
77
40
67
68
55
68
77
80
65
96
65
81
65
74
89
44
68
89
52
77
92
68
87
78
88
94
75
85
94
67
97
62
99
54
62
71
72
65
74
73
96
94
75
94
71
76
89
71
89
85
40
82
40
69
88
80
30
37
66
89
68
70
88
68
48
91
72
92
91
88
99
95
58
72
48
75
77
67
61
73
88
72
68
57
78
74
90
44
79
85
75
65
87
76
71
87
52
30
42
78
68
66
84
47
46
93
33
66
15
89
80
70
69
72
30
87
71
74
72
78
41
77
76
86
81
87
93
89
69
83
78
37
89
73
69
75
73
74
64
72
53
61
74
93
40
89
88
60
98
93
78
89
76
68
41
65
95
65
73
71
89
68
73
55
66
87
56
80
80
83
72
65
90
66
81
91
59
41
66
64
67
77
49
32
35
38
43
67
49
70
61
92
92
67
56
71
60
69
81
77
89
68
67
77
88
76
70
83
68
67
75
57
45
75
88
70
45
79
67
92
65
93
79
71
97
84
72
83
82
49
75
58
53
78
65
46
70
68
54
75
63
26
69
2
1
0
1
2
2
2
0
0
1
0
2
0
2
1
1
0
2
2
1
0
1
0
1
0
0
0
4
0
0
0
0
2
2
2
0
2
2
0
2
2
0
0
2
0
1
1
2
1
1
5
0
0
1
0
2
1
2
0
0
2
2
1
0
0
2
2
0
2
0
0
2
2
2
2
0
2
2
1
2
2
2
2
4
1
1
0
2
2
0
2
1
3
2
0
2
2
0
0
0
5
2
2
0
2
2
2
0
1
2
2
0
2
1
1
2
4
2
2
0
5
1
0
2
2
2
1
0
2
2
2
0
1
2
2
0
2
2
0
1
0
3
2
2
2
2
0
2
2
2
0
0
0
0
2
2
0
0
1
1
0
2
0
0
0
0
2
2
0
1
0
0
2
2
1
0
0
2
2
0
2
1
0
4
2
2
0
0
2
2
2
0
0
4
0
1
2
0
0
1
0
0
2
1
0
0
4
1
2
1
1
2
2
2
0
0
5
2
1
0
2
2
0
1
2
0
0
2
0
1
1
0
2
2
2
0
1
1
2
1
2
2
1
4
1
1
0
0
1
0
4
2
1
1
0
2
2
0
0
0
1
0
2
2
1
1
1
0
0
2
1
2
0
0
4
1
0
1
1
0
1
1
1
0
2
0
0
1
3
1
3
1
3
0
5
4
0
4
3
3
1
1
0
1
1
1
6
4
0
1
0
1
1
0
2
1
6
1
6
1
4
3
1
3
0
1
1
3
1
0
10
3
1
3
1
0
4
1
3
1
1
0
0
3
3
1
1
1
0
1
1
1
0
3
0
0
2
0
0
0
1
0
0
0
1
4
1
0
3
1
1
1
1
0
2
1
5
1
1
3
0
3
0
3
0
2
1
0
1
0
1
3
0
8
4
1
8
0
2
4
1
1
4
1
0
1
1
1
1
1
0
1
1
4
1
0
1
1
0
3
3
1
3
1
3
7
1
7
1
0
0
1
0
0
0
0
0
5
1
2
1
0
3
1
3
1
3
0
1
1
1
1
0
9
10
9
0
1
3
3
1
1
1
0
7
3
1
1
0
3
3
0
1
1
3
1
6
1
3
3
1
7
3
0
1
1
0
1
0
1
1
3
0
0
6
1
3
7
1
1
1
1
1
0
1
1
1
0
1
0
1
3
0
1
1
2
0
1
1
1
1
1
4
6
4
3
1
1
1
3
0
9
10
3
3
0
4
0
1
0
2
1
3
0
0
19
2
1
1
1
12
1
1
1
1
4
3
0
0
2
0
1
1
0
1
1
2
0
1
1
0
2
1
3
1
0
2
6
2
2
18
0
4
4
19
10
2
4
13
4
4
10
6
4
2
2
2
8
19
4
4
2
6
17
2
0
2
2
10
10
6
8
2
4
4
4
6
4
8
6
2
4
2
4
13
6
15
4
4
0
6
10
8
4
2
15
2
2
8
6
10
4
4
6
6
2
8
4
6
6
6
8
6
4
6
6
4
17
4
4
4
2
19
13
8
5
4
6
2
6
2
4
0
10
4
4
4
4
4
2
2
4
8
4
4
8
4
10
6
10
4
4
6
2
2
0
8
17
6
4
10
0
6
21
4
6
8
2
4
6
8
6
4
4
6
2
6
8
2
6
2
4
2
21
8
6
4
4
6
2
8
2
8
4
0
4
4
2
10
0
11
4
2
8
11
2
8
6
2
6
2
2
6
8
21
6
6
4
6
6
6
2
4
6
15
4
14
4
0
2
4
6
8
8
2
4
15
2
4
10
4
4
2
4
4
6
19
4
2
6
6
6
2
0
0
6
6
6
2
6
4
2
2
10
2
2
2
4
0
6
4
5
4
8
19
4
4
4
4
6
2
4
4
19
2
15
4
4
4
2
2
4
8
6
6
4
8
8
6
15
4
2
2
4
6
6
2
6
4
4
2
10
2
6
2
2
8
4
6
0
4
0
6
6
3
5
1
1
0
10
8
3
16
3
10
4
3
4
3
1
13
1
0
5
5
3
5
5
3
6
7
7
1
1
5
5
3
12
1
11
10
3
10
4
5
5
3
3
9
3
3
1
3
6
6
3
15
3
5
5
6
5
7
1
4
3
16
3
10
0
5
5
5
4
6
13
9
3
5
7
5
1
3
5
3
9
10
3
3
7
7
1
3
7
3
3
15
0
1
3
3
7
6
7
3
10
1
3
4
5
1
3
19
3
3
1
7
8
3
3
5
16
1
5
6
5
2
5
0
3
5
5
10
3
5
5
4
0
7
0
3
3
8
3
9
5
3
5
3
5
5
1
3
1
3
6
5
1
1
5
3
13
5
3
5
7
3
0
8
3
14
7
3
1
5
3
6
7
12
3
3
3
5
9
3
1
5
1
5
9
7
5
6
1
19
3
5
1
0
5
7
6
3
3
3
3
18
7
5
7
7
7
1
3
1
1
1
3
5
10
7
3
3
6
10
3
1
1
8
7
5
5
1
3
6
7
1
3
1
7
7
3
1
11
3
5
3
3
15
5
1
5
3
3
5
6
5
5
14
3
3
5
1
1
6
10
3
1
7
9
5
5
3
3
1
4
7
3
5
1
13
3
3
7
3
8
5
8
10
5
5
1
30
1
3
1
1
0
1
1
3
1
0
3
0
9
1
35
3
0
0
24
0
5
27
3
1
1
3
0
0
1
1
0
1
3
0
0
1
20
3
1
1
1
3
3
1
0
0
1
5
3
0
5
3
1
1
0
0
0
3
1
0
3
20
0
1
0
1
1
0
0
3
0
0
3
0
12
3
0
1
0
1
3
13
3
0
0
3
1
1
5
0
1
1
3
0
5
5
0
0
1
5
1
1
5
29
1
3
3
1
3
1
3
0
1
3
0
0
26
1
1
3
0
0
0
5
1
0
24
0
0
3
3
0
6
3
3
0
1
1
1
5
0
3
1
1
3
1
5
10
1
1
1
1
4
3
3
1
3
3
1
3
3
1
1
0
1
3
3
0
3
1
1
0
6
1
18
0
1
3
3
10
1
1
1
3
15
3
0
0
0
1
5
1
1
1
3
0
3
0
3
1
3
1
1
0
0
0
1
3
7
1
1
3
1
1
0
1
5
3
12
1
1
3
0
0
1
3
3
0
1
12
1
1
1
0
1
3
0
1
29
1
1
29
1
1
1
3
1
1
5
5
1
0
1
1
1
26
1
1
1
0
1
1
3
3
0
1
3
1
0
3
3
1
1
3
9
1
3
0
1
3
3
3
0
5
3
1
1
0
0
2
4
4
2
0
2
0
0
0
0
2
0
2
2
0
2
2
4
0
4
2
2
2
4
2
0
2
2
4
2
2
4
4
4
0
0
2
6
0
4
0
4
4
10
0
2
0
0
2
0
2
4
4
2
2
2
2
2
4
4
0
4
6
0
4
0
0
6
2
6
2
2
2
2
4
6
0
4
4
2
0
4
0
2
2
4
8
0
0
4
2
2
4
0
6
0
4
2
0
2
4
0
4
6
2
2
0
4
0
2
2
4
6
2
2
0
8
2
0
4
4
2
0
2
0
2
2
2
0
0
4
0
0
0
10
4
0
0
4
12
2
2
4
4
0
4
2
0
10
2
4
2
4
2
0
0
2
0
2
4
0
2
0
0
2
0
2
2
2
0
6
4
4
2
4
2
0
2
0
2
0
0
2
6
0
2
4
2
0
2
0
0
2
2
2
0
4
0
8
2
0
0
6
2
0
2
2
0
2
0
6
0
2
4
0
6
2
0
8
0
0
2
4
0
4
4
0
0
0
2
4
6
0
0
2
0
2
0
2
4
0
0
6
2
0
2
6
0
4
4
6
4
2
0
2
4
2
0
4
2
4
2
2
2
6
4
2
6
0
0
4
2
2
6
4
0
0
0
2
6
0
0
0
0
2
0
0
0
14
9
13
23
12
13
23
15
16
18
20
15
32
19
36
54
31
23
18
22
8
15
21
32
13
10
19
26
14
39
36
20
30
9
3
76
71
7
32
14
23
36
16
12
11
9
21
18
31
25
5
8
39
25
16
14
25
31
22
46
10
14
12
15
67
59
27
20
65
30
24
27
15
49
19
48
50
15
59
48
51
26
19
9
65
27
13
9
15
62
17
38
27
8
21
16
27
13
23
15
43
10
19
20
51
61
32
11
7
17
29
23
19
53
6
30
27
44
62
5
11
22
45
67
71
34
57
29
63
31
56
18
13
24
60
37
11
22
19
45
16
24
28
32
13
9
12
10
22
15
8
23
52
29
12
14
17
36
36
3
30
32
7
18
31
37
43
61
55
10
19
27
14
10
40
57
33
29
45
67
59
57
80
7
15
18
29
11
21
58
67
29
6
13
15
20
62
30
36
21
37
51
21
16
32
60
38
62
7
20
19
64
21
13
31
18
42
14
45
17
10
13
18
45
61
30
6
10
18
23
30
18
16
37
19
22
23
12
22
19
37
41
16
15
34
25
20
7
16
37
21
15
35
9
9
36
23
27
16
8
36
32
15
3
7
5
11
9
25
18
7
21
11
20
14
6
7
5
14
35
25
14
10
9
5
10
0
4
1
0
1
3
1
3
3
1
0
1
11
0
1
0
1
5
1
7
1
1
0
3
1
2
43
3
3
3
3
1
3
0
1
1
0
0
1
1
3
3
0
1
47
0
0
3
1
0
0
0
5
5
3
0
0
1
7
0
0
0
3
0
7
9
15
1
0
7
3
0
0
0
0
7
1
1
1
1
0
1
1
0
1
3
3
1
0
3
0
1
0
0
1
1
1
3
0
0
5
0
1
0
1
1
1
1
0
1
0
5
0
0
3
0
1
1
1
3
0
0
1
5
1
1
0
0
3
0
2
5
0
2
7
1
0
1
1
0
4
0
0
0
0
3
5
1
3
4
1
1
1
5
3
0
5
3
1
5
1
1
1
1
0
0
0
0
0
3
1
1
0
1
3
1
1
1
1
0
0
3
0
0
1
0
5
1
53
1
0
0
5
3
0
0
3
3
7
0
3
3
9
1
0
1
1
1
1
0
1
0
1
0
0
3
5
0
0
0
3
1
0
0
0
1
2
0
0
1
0
3
3
3
1
0
1
0
3
3
3
0
5
1
1
4
0
1
1
2
0
1
0
1
0
1
0
0
1
3
3
1
0
1
0
1
3
0
1
1
2
1
0
3
1
1
3
3
0
0
1
0
1
2
0
3
0
3
