15
13
8
13
11
8
2
8
9
23
15
10
11
11
23
21
21
10
11
13
29
15
25
10
11
17
30
17
10
17
15
10
6
8
23
10
13
8
8
13
9
4
21
8
8
19
11
10
15
13
10
17
23
10
10
4
11
13
19
19
17
11
11
10
8
10
10
11
11
8
13
21
8
19
11
10
11
15
6
9
4
11
27
10
13
8
13
10
8
11
6
21
10
15
17
6
19
8
19
8
8
8
6
8
8
17
13
6
8
15
19
6
10
9
9
8
15
8
17
19
21
9
13
17
9
11
11
10
8
19
27
19
8
19
19
15
17
11
8
11
17
13
8
6
21
15
19
19
13
8
9
9
9
23
8
9
13
19
19
11
13
30
8
6
25
11
6
48
4
11
4
9
8
19
4
6
6
4
11
11
6
6
6
6
4
44
2
7
11
8
6
17
8
8
9
4
6
11
8
6
8
6
25
17
6
4
15
4
19
13
4
6
10
9
8
2
4
10
19
8
6
8
6
8
6
8
11
4
4
10
4
2
4
4
6
10
10
8
15
4
9
6
11
6
11
9
19
6
4
8
4
10
6
2
15
8
4
2
10
13
27
4
4
10
11
6
9
13
23
8
17
4
2
32
8
2
0
2
6
15
2
13
4
11
2
6
4
10
2
2
0
5
0
4
0
0
2
4
42
0
2
4
2
4
67
2
4
4
2
2
62
2
0
0
0
0
12
3
8
2
0
11
0
2
0
0
4
2
2
0
4
0
0
2
6
2
0
11
0
2
2
4
2
0
0
2
2
2
2
74
6
2
2
0
2
2
0
2
2
2
2
2
0
2
64
2
4
13
4
6
6
2
0
0
0
13
13
0
0
0
6
2
50
0
2
0
0
6
7
4
7
0
4
13
2
0
0
0
0
0
4
5
7
2
2
2
2
0
0
4
68
2
0
2
0
2
2
2
6
0
77
2
0
0
2
0
5
2
2
2
0
0
4
4
13
2
0
2
2
2
0
0
0
13
73
2
2
2
0
4
0
0
0
0
0
2
0
0
0
9
2
2
4
0
0
77
0
2
0
4
0
4
4
2
4
4
2
0
2
2
0
38
2
4
6
4
0
4
2
0
17
0
2
45
0
6
2
2
2
9
0
2
4
2
13
4
0
4
0
0
77
0
2
2
2
2
2
4
4
0
0
0
0
0
2
52
0
0
2
2
0
2
4
0
0
0
2
4
2
0
0
0
2
9
4
50
0
2
2
2
0
0
7
2
0
0
0
70
6
2
8
2
0
61
18
2
2
4
7
4
6
2
2
2
2
7
16
22
19
12
13
28
32
19
22
12
17
8
22
41
6
0
0
7
26
30
31
24
5
41
37
6
8
12
20
35
32
4
8
21
29
9
0
16
31
31
36
12
24
14
18
14
19
24
25
6
15
14
8
16
9
17
23
14
27
9
27
15
6
12
17
26
14
18
22
25
27
11
14
10
16
13
16
28
31
5
11
0
16
35
10
8
10
33
30
14
6
33
2
21
43
8
0
43
27
46
0
3
35
4
32
2
6
27
19
0
0
15
4
16
0
16
47
0
27
0
1
47
0
20
11
18
55
0
37
26
2
1
0
39
0
0
7
45
41
41
36
42
39
0
0
0
51
45
47
0
0
0
2
0
39
0
0
0
0
0
0
51
35
22
45
0
0
24
0
0
0
0
47
34
49
44
49
0
25
30
41
34
30
0
10
0
45
35
38
0
0
0
0
2
3
5
35
0
25
0
7
39
39
0
0
9
5
39
19
34
49
6
0
45
17
45
59
0
0
22
7
40
0
16
8
0
9
0
0
7
30
15
0
15
0
0
5
31
23
30
28
26
14
0
37
6
0
4
0
30
12
0
2
41
0
43
9
0
29
0
38
22
34
38
23
39
0
0
24
39
0
0
43
0
0
0
35
34
11
32
27
5
30
34
15
34
8
35
2
4
0
0
2
0
0
4
0
2
4
4
4
2
2
0
13
4
0
2
0
0
2
6
2
2
0
0
4
2
0
0
4
2
0
0
4
0
2
0
0
4
3
4
0
0
0
0
0
4
2
2
8
0
0
2
4
0
0
2
0
0
4
2
2
0
2
0
0
2
0
4
2
2
0
2
0
8
0
2
0
2
0
0
4
4
0
0
0
0
0
0
0
2
2
2
2
4
14
2
8
2
2
3
0
2
4
0
0
0
0
0
0
0
2
2
0
0
4
4
6
4
2
2
2
4
0
2
2
2
11
0
88
2
2
0
0
2
0
4
0
2
4
9
3
4
0
0
3
4
2
2
2
5
7
3
2
4
13
4
17
0
0
3
2
2
0
4
0
2
4
2
22
2
5
2
2
0
0
2
0
2
0
0
2
2
0
2
2
2
13
2
2
2
5
5
0
2
15
4
0
2
4
4
4
4
2
4
6
2
5
4
8
2
7
6
0
4
2
4
6
2
2
7
9
11
2
6
2
0
2
0
8
4
2
2
14
5
2
2
6
0
9
2
6
2
0
2
2
0
2
2
2
0
0
2
6
6
0
4
10
2
0
0
2
0
0
0
0
0
4
4
4
0
2
0
0
0
2
0
0
0
2
15
2
0
2
2
2
4
2
4
4
0
4
4
4
4
4
2
4
6
6
2
4
4
2
2
2
2
0
4
6
4
2
4
2
0
4
2
4
6
0
4
2
4
0
0
2
4
4
2
0
6
2
4
2
10
10
2
6
4
2
0
0
4
5
2
4
0
0
0
4
8
2
8
4
8
4
6
4
4
4
2
6
0
4
6
4
0
6
4
4
6
0
8
4
4
4
0
0
4
4
8
6
2
4
4
2
2
6
0
4
0
10
0
0
2
4
0
6
4
6
6
6
8
0
4
6
0
5
4
3
4
4
4
6
4
2
4
2
6
4
4
2
6
6
4
0
4
0
7
4
0
2
7
0
6
4
2
2
6
8
0
2
0
4
5
5
4
6
4
0
4
0
8
8
4
4
8
0
2
0
0
0
6
5
4
0
4
4
2
4
0
0
5
2
0
6
0
0
3
2
2
2
2
0
4
4
0
0
4
0
7
4
2
7
6
6
6
4
4
2
4
6
2
2
4
4
7
4
0
6
4
0
4
2
0
4
4
0
2
4
4
4
3
4
0
3
0
0
0
0
2
4
0
0
2
4
3
3
4
0
4
7
2
0
6
6
0
0
10
2
5
0
4
4
0
4
4
2
6
4
4
2
6
5
0
6
2
7
7
0
0
0
2
7
27
9
58
6
12
10
6
13
15
6
8
16
8
19
11
11
22
17
13
11
17
9
15
13
9
18
7
11
17
5
15
11
9
15
26
11
3
21
8
11
11
10
11
11
22
18
15
16
20
11
17
17
13
16
15
19
21
26
27
15
11
90
13
24
15
24
20
15
25
33
17
11
6
22
7
15
9
18
25
35
17
8
20
15
48
17
14
15
19
19
34
16
26
15
9
11
20
20
19
13
28
35
6
28
23
11
36
34
19
21
8
26
15
13
34
18
26
23
30
13
17
22
24
13
24
30
20
11
19
22
11
9
17
8
33
9
18
26
30
15
24
11
19
29
22
32
9
24
26
17
9
29
7
14
18
19
11
25
28
7
31
9
15
25
7
24
8
9
13
19
13
23
7
36
37
15
18
19
26
22
15
9
19
9
16
20
11
13
15
9
13
52
21
22
17
23
11
18
15
9
21
17
21
14
15
55
15
24
15
15
17
9
11
23
17
15
11
24
17
9
32
24
21
33
19
7
18
11
12
19
11
18
11
15
19
11
9
11
20
7
5
11
13
15
22
22
13
7
11
11
9
11
11
13
11
15
15
13
25
26
28
9
9
9
0
79
28
9
18
10
15
13
15
6
9
15
18
16
21
15
24
30
21
31
28
11
29
2
6
4
2
4
6
2
4
4
6
2
2
4
6
6
4
4
10
2
2
4
6
4
4
2
8
8
4
4
8
6
4
6
4
6
4
2
2
6
2
4
6
2
4
2
6
6
6
4
4
8
4
2
2
2
2
2
6
4
4
4
4
2
2
4
4
4
4
2
6
4
6
4
4
4
2
6
4
6
4
6
4
4
4
6
4
4
4
4
4
4
2
4
4
4
6
4
2
4
2
6
6
4
2
6
4
4
2
4
4
4
4
4
6
4
4
2
4
6
4
6
4
8
6
4
6
6
4
4
4
2
2
4
4
4
2
4
6
4
4
4
4
6
4
4
4
4
6
2
4
2
4
2
6
4
2
4
4
6
2
6
2
6
4
4
4
2
4
6
2
2
4
2
4
4
4
6
4
4
2
4
4
2
2
2
4
4
6
4
2
4
2
2
4
4
8
4
2
4
4
6
4
4
8
4
4
4
2
2
2
2
2
4
2
2
6
4
2
4
4
6
2
2
4
6
4
6
4
6
4
2
2
4
4
4
4
4
6
2
2
4
4
4
4
6
4
6
6
4
4
4
4
4
4
6
6
6
2
4
6
2
2
4
6
4
4
6
2
2
4
4
4
2
4
6
4
2
2
4
6
6
2
2
8
2
4
4
4
17
12
10
6
2
4
4
9
9
15
13
17
17
4
11
19
13
24
11
6
6
17
7
19
15
24
11
28
28
25
11
15
7
16
19
23
26
15
21
84
17
15
11
17
30
22
13
17
19
19
15
19
26
7
22
29
11
21
30
24
19
17
20
9
15
17
17
21
17
7
11
11
32
21
19
19
15
27
24
31
18
26
23
29
49
20
30
11
20
9
19
11
35
23
17
34
24
19
28
28
24
26
28
17
20
21
15
28
23
14
22
27
23
45
26
24
19
23
16
30
28
30
32
23
34
30
32
26
21
16
22
39
23
26
34
28
16
26
16
24
19
21
44
26
19
31
45
21
34
24
34
35
15
37
39
22
24
24
30
26
38
62
15
27
16
29
32
43
24
15
30
25
39
30
9
30
26
43
48
30
12
15
18
15
17
52
28
27
40
29
11
29
23
20
33
15
39
18
47
30
39
30
21
59
35
22
58
52
22
50
43
26
26
25
30
28
7
18
51
34
16
49
28
31
15
28
28
12
22
56
66
18
25
21
26
28
26
25
19
19
12
22
9
23
20
28
30
20
34
9
24
11
16
20
25
26
30
20
27
11
21
9
22
14
26
18
13
28
32
38
13
14
17
11
25
29
27
17
17
13
24
23
17
11
32
15
13
14
13
15
15
15
17
13
13
15
17
13
19
15
19
15
11
15
15
15
4
9
14
8
7
13
15
15
13
13
13
13
11
15
15
11
11
15
13
15
17
15
13
15
11
15
15
9
15
11
15
15
17
15
13
15
7
15
13
9
15
17
15
15
15
11
8
11
9
13
17
4
17
17
16
10
16
17
8
15
11
17
13
7
10
13
17
15
15
13
9
15
6
17
15
11
13
15
15
13
13
13
4
12
6
17
9
9
15
15
17
13
13
11
13
11
13
15
17
15
15
19
13
15
17
13
13
13
11
15
11
6
15
17
13
8
17
15
17
15
8
11
15
4
7
11
19
9
13
15
15
10
7
6
11
6
8
8
15
11
17
11
15
15
10
13
15
4
8
15
8
15
13
15
9
10
7
15
15
9
14
17
13
8
15
15
9
15
15
11
15
6
13
15
7
2
9
11
11
17
6
13
17
9
13
11
13
11
17
11
11
13
11
15
9
11
13
13
13
15
15
13
15
13
9
19
15
13
17
9
6
6
5
2
6
6
6
4
9
6
2
7
9
9
9
13
5
11
7
11
6
9
4
7
13
11
13
9
7
11
9
13
4
9
9
6
6
9
15
7
13
15
6
13
7
4
11
11
8
6
13
11
13
2
6
13
7
5
4
13
2
5
0
2
4
2
6
2
0
2
6
2
2
0
2
2
2
2
2
0
2
2
2
0
2
4
0
2
2
2
0
2
0
2
2
2
2
2
0
2
0
2
2
0
0
0
0
2
2
0
2
0
0
4
2
0
2
0
4
2
0
2
0
0
2
2
0
2
2
4
2
2
4
0
2
2
2
4
2
0
0
4
2
0
2
2
2
2
0
0
2
4
0
2
0
0
0
0
0
0
2
2
0
2
2
0
2
2
0
2
0
2
0
2
2
2
0
0
2
2
4
2
2
0
2
2
0
0
2
2
0
0
0
2
4
2
2
2
2
2
2
0
0
0
0
2
0
0
2
2
0
2
0
2
0
0
0
0
0
0
2
0
4
0
2
2
0
2
2
0
2
3
4
0
0
2
4
0
0
2
0
2
0
2
2
2
0
4
0
4
2
0
0
2
4
2
0
2
2
0
0
0
0
0
0
0
0
0
2
4
4
2
0
0
4
2
0
2
0
4
4
2
0
2
4
2
2
2
2
2
0
0
4
0
6
0
0
2
2
0
0
0
2
0
2
0
2
2
2
0
0
0
0
0
4
4
0
0
2
2
2
4
2
2
0
2
2
2
2
2
2
2
2
4
4
2
2
0
0
0
2
0
2
2
2
4
2
2
