64
0
0
62
97
0
66
64
66
0
52
60
64
62
0
68
0
0
58
2
0
0
0
0
58
56
0
0
4
2
2
2
0
0
0
0
0
2
2
0
0
2
2
60
0
0
0
64
0
2
4
2
2
62
2
2
70
0
0
58
0
58
0
2
0
55
64
0
0
0
0
57
0
55
0
0
0
55
2
0
2
4
10
64
0
6
2
2
0
72
2
0
62
2
0
56
2
2
2
2
2
60
2
2
0
0
0
68
2
0
0
0
2
4
2
2
2
0
2
0
56
0
0
0
59
2
4
0
0
4
0
56
0
70
0
0
66
2
0
56
2
0
56
0
2
55
4
0
64
2
2
2
0
0
64
2
0
68
2
0
62
2
2
64
0
0
60
2
29
70
0
0
60
0
2
0
2
72
68
0
2
2
0
0
68
70
2
0
8
2
72
0
0
66
51
8
72
2
4
0
58
0
2
2
66
0
0
0
52
62
2
0
0
0
62
68
0
4
0
0
64
0
0
2
0
2
64
2
56
0
0
0
66
2
2
59
0
2
62
0
0
58
2
0
66
74
0
0
0
0
0
4
0
0
0
2
2
74
8
2
0
92
12
0
0
0
0
62
64
52
62
2
8
64
0
0
0
0
0
64
58
0
0
2
2
62
60
2
35
40
36
35
36
31
37
40
35
37
42
32
35
39
39
39
34
39
33
33
34
35
35
28
76
70
74
73
52
73
64
73
44
65
75
76
78
79
74
74
32
70
63
70
67
68
70
70
68
62
72
74
34
74
73
76
72
68
70
68
73
73
68
71
63
30
61
64
55
25
73
60
74
70
72
72
72
71
41
40
68
35
31
33
35
26
27
33
35
29
29
33
37
31
32
27
37
30
33
37
39
35
35
35
27
19
33
35
33
33
33
23
31
32
25
29
24
36
2
33
31
23
33
32
23
36
35
29
25
31
35
31
35
31
0
39
9
27
39
40
33
37
31
2
29
31
35
39
40
28
35
34
29
2
25
17
31
41
41
35
35
29
37
33
35
39
10
39
33
35
42
35
41
36
33
39
37
19
24
41
33
39
37
39
42
39
33
41
30
35
27
33
35
35
35
44
32
35
29
33
35
40
37
40
30
29
39
41
22
41
35
27
37
36
39
37
35
33
37
33
37
33
2
41
39
30
38
31
41
31
25
35
38
38
33
41
31
30
37
31
33
36
33
37
23
43
23
33
33
6
41
35
31
35
34
20
2
33
2
4
29
33
31
33
29
35
31
29
31
28
36
36
32
37
37
37
29
35
33
31
37
37
33
28
25
37
41
37
33
39
40
35
39
34
35
34
37
37
35
39
35
33
34
40
39
32
31
39
40
39
34
29
39
34
39
39
39
32
27
39
40
39
38
35
40
41
29
35
39
36
40
39
39
39
40
38
29
40
39
38
38
35
36
38
38
40
36
38
30
39
38
36
36
37
37
34
35
39
40
34
39
37
40
40
39
31
38
40
39
39
37
31
37
39
38
38
36
35
27
40
39
38
38
34
30
40
39
30
39
38
30
40
40
40
39
35
39
40
37
38
40
34
40
39
40
37
38
40
40
38
39
39
38
35
39
39
34
40
35
30
35
35
39
34
33
34
31
40
38
40
36
39
40
37
36
37
34
39
39
36
35
35
34
36
31
29
37
39
31
39
35
40
39
31
32
33
39
40
35
39
34
38
38
32
33
40
39
30
37
34
35
35
35
38
36
39
40
33
35
35
33
38
30
38
34
38
30
29
29
37
37
39
39
38
35
34
33
39
38
39
40
33
39
39
40
39
32
29
33
34
38
39
27
32
34
40
40
38
38
38
37
39
34
40
36
39
40
37
39
36
33
34
37
39
40
34
39
37
37
32
38
38
39
39
33
37
33
38
30
35
27
30
36
32
26
35
26
12
34
35
32
38
30
27
29
38
36
33
36
28
29
38
34
34
35
38
0
2
0
0
6
0
6
0
2
0
6
95
4
0
0
2
4
0
4
2
4
0
2
0
0
0
2
0
4
2
0
2
2
2
4
4
2
0
0
0
4
6
0
2
2
2
10
0
2
2
0
0
0
0
2
2
0
2
4
0
0
2
0
0
6
2
2
2
0
4
6
4
6
0
0
4
0
4
0
4
0
2
2
0
2
0
0
0
0
0
2
0
2
4
0
4
2
2
4
0
0
6
0
4
2
0
0
0
2
0
0
0
0
2
0
2
4
0
0
6
2
0
0
2
2
2
0
0
0
0
2
85
2
0
0
6
0
0
2
0
0
2
4
0
2
2
0
4
4
4
2
4
0
4
6
0
2
2
0
4
2
2
2
0
2
8
0
0
8
2
0
4
6
4
0
2
4
2
2
2
2
2
2
0
4
2
0
0
0
2
2
2
2
0
0
2
0
2
2
0
0
6
0
2
0
0
0
8
0
2
2
4
4
2
0
2
8
4
4
0
4
4
6
4
0
4
2
4
0
2
0
2
0
2
0
0
0
0
0
2
2
0
2
0
6
0
2
4
6
0
6
0
2
2
2
10
0
4
4
6
72
6
6
4
6
0
2
6
6
4
8
4
0
2
4
2
4
10
2
2
4
4
2
10
4
4
2
6
11
9
9
13
3
9
9
5
23
7
7
17
7
11
7
3
11
23
7
7
5
17
9
17
5
15
5
3
5
11
7
5
3
15
35
15
13
15
9
11
5
5
5
13
7
9
5
15
15
11
11
7
5
7
23
7
3
7
15
13
7
9
9
3
13
3
7
13
5
7
9
11
13
5
3
5
9
9
11
9
15
13
9
15
11
17
11
7
13
11
9
7
7
11
15
13
9
11
21
7
5
17
11
23
7
5
7
9
15
15
9
3
7
9
17
13
31
5
5
5
11
3
19
19
5
17
11
15
5
9
3
15
2
7
7
5
17
5
2
11
3
9
3
33
5
13
9
3
3
7
2
2
5
13
2
7
9
2
5
3
7
5
2
2
9
9
5
2
5
5
7
5
9
7
9
3
5
7
15
13
7
5
11
13
10
3
7
7
5
7
5
3
2
9
3
11
9
5
5
5
5
11
5
5
9
7
11
2
5
0
3
5
7
13
11
9
5
3
11
3
7
5
13
3
3
2
7
7
7
11
33
5
11
5
19
19
7
3
9
9
9
7
11
13
5
15
9
11
5
11
3
7
13
5
3
11
7
19
2
7
3
17
3
23
2
17
3
13
3
13
17
7
5
5
5
23
7
5
5
9
11
9
13
3
5
2
5
9
2
2
4
2
2
6
4
4
6
6
2
0
0
4
2
2
2
2
2
2
2
2
0
2
2
2
2
4
6
6
4
0
2
2
2
0
2
6
8
4
4
2
2
6
0
2
6
0
0
4
4
2
4
4
2
4
0
0
6
2
0
6
6
2
2
4
6
6
4
6
5
2
2
8
0
6
4
6
8
10
2
2
2
4
0
0
2
6
4
0
4
4
4
7
0
2
0
4
4
6
4
6
2
4
4
0
6
2
8
2
6
4
4
10
2
8
0
4
2
4
6
12
2
4
2
4
6
6
4
8
8
10
2
10
6
2
4
6
2
4
2
6
2
8
8
4
4
8
6
4
6
0
2
2
2
0
4
4
0
2
4
2
0
2
0
6
2
4
0
4
0
4
4
5
2
4
8
2
6
0
2
2
2
8
4
4
2
4
2
6
4
0
2
2
0
4
2
2
2
2
0
2
2
4
6
6
6
8
12
4
4
6
2
0
2
2
2
4
0
4
0
2
4
2
2
4
0
12
2
8
2
4
4
4
2
6
2
0
2
6
0
4
2
2
0
2
4
2
4
2
2
2
2
4
2
2
2
4
13
4
6
2
4
4
0
2
2
2
2
6
6
2
15
4
2
2
2
6
4
2
4
4
2
8
4
2
4
6
10
8
10
8
13
6
6
12
8
13
16
10
19
10
15
0
10
12
2
12
10
8
14
8
6
17
10
4
17
10
10
17
17
10
17
10
8
21
12
6
14
4
6
4
16
10
12
17
19
14
8
12
17
8
10
15
21
16
16
17
27
54
17
12
21
10
12
14
23
17
23
27
10
21
10
6
25
9
12
29
10
19
31
27
21
16
4
48
27
12
20
16
8
21
31
39
25
17
27
8
23
14
22
29
16
17
58
14
14
4
12
2
14
4
8
14
9
16
23
8
14
8
14
8
6
8
8
10
8
10
16
8
16
8
12
6
21
6
4
12
8
6
16
8
8
12
4
8
10
2
14
10
16
17
8
12
6
19
15
2
8
2
6
8
10
6
4
12
8
10
8
6
10
8
17
10
16
6
17
16
8
12
4
0
8
8
6
10
14
12
12
8
12
8
20
10
14
17
14
14
6
10
23
25
10
10
19
8
10
12
20
6
12
14
12
12
8
14
14
11
10
4
6
23
10
27
14
6
19
16
14
6
8
4
6
37
25
10
12
10
29
6
6
12
16
4
8
14
14
14
16
8
10
17
23
4
21
10
2
15
12
6
14
17
14
17
10
2
12
4
4
10
19
8
8
12
14
15
4
14
16
8
8
12
14
19
13
15
6
8
10
10
17
14
6
12
8
15
13
8
8
6
10
8
12
6
8
8
6
8
8
12
13
12
10
8
6
6
10
11
10
15
8
0
17
12
8
15
10
19
14
6
6
12
10
12
25
12
17
17
10
10
13
19
17
17
23
12
13
12
23
14
14
14
8
19
4
27
17
17
19
14
40
21
21
13
15
19
19
23
31
31
21
6
6
10
4
12
6
12
14
17
17
2
4
14
31
8
29
19
11
10
13
23
25
8
10
10
29
17
19
0
8
10
17
25
25
6
12
27
21
8
4
17
23
23
0
8
10
12
17
6
27
12
8
14
14
8
23
10
17
8
21
6
10
10
10
17
12
14
8
6
12
2
12
10
12
8
8
8
6
8
14
11
8
12
2
12
14
0
8
12
6
6
6
6
10
12
12
12
8
8
12
6
10
10
10
4
10
14
4
10
19
10
8
2
37
10
8
8
15
11
12
10
6
10
12
12
8
6
13
2
4
6
25
12
17
12
39
21
21
2
17
11
60
15
13
21
11
50
29
10
6
15
12
13
12
21
2
23
6
12
13
10
10
12
12
4
25
8
10
8
12
8
23
14
17
12
23
17
15
19
6
8
12
8
10
8
12
6
14
8
6
17
12
23
8
8
6
6
8
12
8
8
8
6
4
6
13
13
7
9
10
4
2
12
6
4
10
8
6
8
4
4
2
8
8
4
2
8
6
4
6
6
4
7
8
2
13
2
4
6
9
2
4
6
13
6
12
2
4
6
2
8
4
10
2
7
7
5
6
6
4
2
4
4
8
6
6
8
4
4
6
4
0
6
8
2
4
10
2
6
15
8
6
2
6
22
4
4
4
5
10
5
18
4
6
4
2
13
10
2
4
6
4
8
15
8
11
8
0
8
4
6
4
4
4
6
16
4
4
8
4
6
2
6
18
4
6
14
8
3
8
2
8
2
15
2
2
4
4
8
15
9
2
4
10
6
6
6
4
4
15
0
6
6
2
2
4
4
4
2
6
9
4
4
4
2
15
2
8
4
8
2
2
2
6
6
4
6
4
8
6
4
4
6
4
4
4
6
8
8
6
8
4
2
4
10
2
4
4
8
4
13
7
4
4
27
2
4
8
6
8
9
9
6
8
8
14
10
8
8
8
10
6
2
9
4
6
10
6
2
8
8
8
7
4
6
4
8
2
6
0
4
2
6
6
7
5
10
4
8
17
6
10
7
6
6
0
15
6
8
4
4
8
2
14
8
4
4
5
10
4
15
19
2
8
4
8
2
15
4
4
6
6
17
11
6
11
6
4
8
8
16
19
50
39
11
14
12
13
15
14
13
79
15
9
14
6
13
46
22
11
9
9
13
18
25
24
7
17
13
47
11
7
7
26
14
17
14
21
37
13
19
24
26
12
7
19
13
21
8
9
8
18
11
7
19
5
27
38
35
43
19
23
9
10
38
14
7
11
29
8
13
13
16
27
33
9
17
14
4
6
12
9
13
9
13
48
32
11
15
11
33
21
29
22
17
13
39
47
35
15
15
31
4
2
6
4
11
4
14
7
7
13
9
6
10
36
20
7
19
9
11
22
15
11
20
6
6
6
8
4
5
9
11
16
17
17
14
20
17
40
13
9
9
24
27
23
18
31
19
21
7
17
4
19
2
13
16
39
47
9
5
25
8
19
24
42
24
29
36
32
50
24
20
25
38
41
27
12
41
52
70
36
28
24
19
45
24
18
20
18
21
18
53
25
41
19
13
4
15
12
7
11
9
22
10
13
14
13
13
16
16
19
14
19
8
8
15
21
7
9
6
8
29
6
38
20
15
8
11
18
38
5
9
10
15
9
11
2
17
39
22
7
11
14
8
4
12
20
9
5
18
7
9
20
24
13
5
16
30
23
11
14
18
15
7
38
14
34
17
15
31
14
17
26
13
10
18
15
29
17
17
51
21
20
22
8
36
26
47
