27
56
21
67
55
33
38
40
38
34
48
45
43
58
29
20
27
51
25
46
47
60
44
46
27
77
40
53
14
35
35
37
45
34
88
29
58
32
40
25
48
11
41
27
92
24
50
29
56
37
0
92
77
45
44
0
59
65
41
56
36
34
49
55
65
52
22
49
58
63
57
73
40
43
42
44
27
54
36
39
74
43
23
55
63
60
40
0
45
48
50
88
2
43
41
48
29
57
32
27
54
0
35
56
66
73
31
52
31
25
87
60
7
48
49
86
27
32
47
50
33
34
35
47
45
63
60
69
39
33
47
21
0
60
31
41
39
59
55
47
2
31
27
57
27
63
38
56
35
0
40
15
20
34
25
77
0
46
32
41
45
27
30
53
0
18
42
13
38
43
61
55
41
57
67
38
25
59
41
36
0
57
54
24
58
71
56
41
54
62
9
43
14
55
34
39
62
16
54
31
12
49
44
23
67
58
30
37
36
2
42
45
68
33
57
59
25
63
39
46
54
60
35
54
45
23
35
12
0
39
52
34
14
33
0
25
20
42
25
42
41
49
2
52
56
30
40
33
36
9
19
50
25
37
50
42
58
33
69
41
61
66
40
72
60
18
43
43
39
35
39
60
13
45
36
47
49
53
33
29
35
18
25
58
40
57
69
41
7
2
9
2
2
0
2
2
0
2
5
3
13
0
3
3
2
3
2
0
2
5
0
3
0
0
2
3
2
2
13
2
0
5
2
2
7
5
2
5
3
0
7
2
5
1
3
7
5
2
2
5
5
5
7
5
3
2
9
11
17
2
7
7
3
5
13
11
3
9
9
11
2
9
3
5
13
11
7
7
3
13
5
7
11
9
11
7
9
7
13
13
13
7
9
13
9
51
11
5
11
9
56
13
7
23
11
13
3
11
5
7
3
11
9
11
13
7
7
7
9
7
7
7
9
13
11
11
7
9
23
15
11
7
17
15
11
11
5
7
11
9
17
5
11
13
15
13
13
9
13
15
9
7
9
7
21
19
21
5
13
13
17
7
3
11
13
3
15
15
11
11
15
5
7
5
7
11
11
11
7
9
11
9
15
43
9
11
13
15
15
11
9
9
11
11
13
17
11
17
0
9
3
3
5
3
5
7
3
7
5
7
7
15
13
2
5
5
3
0
7
5
5
7
3
5
7
5
5
7
0
2
3
7
5
3
13
7
5
5
11
11
3
2
0
3
9
5
5
7
2
3
9
5
3
5
5
0
5
3
5
3
2
2
3
7
0
0
3
0
3
0
2
3
0
2
3
3
5
0
7
3
0
3
5
5
5
3
30
32
34
34
31
34
35
36
34
29
31
36
34
35
21
31
29
35
36
35
36
27
36
34
34
31
34
27
33
29
32
35
31
32
37
36
34
29
36
31
32
34
34
27
25
32
37
33
30
32
37
28
37
36
32
33
28
22
32
37
36
35
32
35
33
35
34
37
32
35
35
35
35
26
31
31
33
29
34
30
29
34
34
36
36
33
37
37
36
35
35
34
33
27
33
38
31
30
34
38
28
33
36
33
34
36
35
36
35
26
35
33
37
36
35
30
34
33
35
35
36
31
31
35
35
35
36
34
30
35
30
34
36
32
30
35
35
35
29
26
37
34
35
32
25
29
36
27
35
33
27
34
36
34
31
35
30
35
35
36
35
33
29
35
28
35
32
34
30
29
35
35
33
33
30
34
34
28
36
32
29
31
37
36
32
29
32
29
35
33
34
28
30
31
28
35
24
30
35
29
21
25
26
20
30
30
33
35
36
33
36
33
31
26
35
32
31
34
34
25
24
27
27
24
22
16
11
20
21
20
19
18
19
26
13
21
19
13
14
19
21
18
20
13
19
18
22
18
21
13
12
20
20
19
15
21
11
19
20
21
21
21
15
19
24
26
13
19
13
14
15
20
21
16
14
20
20
21
21
18
16
20
18
23
18
17
18
22
0
2
2
2
4
0
4
2
0
2
2
0
2
2
0
0
4
2
2
0
2
2
2
2
2
0
2
2
0
2
0
2
0
0
2
2
4
0
2
4
2
2
0
0
0
2
0
2
2
0
2
2
0
4
2
2
2
0
2
0
2
2
2
2
0
0
0
2
2
2
2
2
2
0
0
0
0
2
2
2
2
0
0
2
0
0
2
0
2
0
0
0
2
2
2
2
2
2
2
2
0
0
2
0
2
2
2
2
0
2
0
2
0
0
2
2
0
2
2
2
2
2
2
0
0
0
0
2
0
0
2
2
2
0
0
2
2
0
4
0
2
2
2
0
2
2
2
0
0
2
2
2
2
2
0
0
0
0
0
0
0
0
2
0
2
2
0
2
0
0
2
2
0
2
2
0
4
0
2
0
2
4
0
2
0
0
2
2
0
2
4
2
2
2
0
2
0
2
2
2
2
0
0
2
0
2
2
2
4
4
0
2
0
2
2
2
0
2
0
2
0
0
4
2
2
2
2
2
2
2
2
2
2
0
0
4
2
0
0
2
2
2
0
0
0
2
0
2
0
0
2
2
0
0
2
4
2
0
2
0
2
0
0
2
0
2
0
2
4
2
2
2
2
2
2
2
0
2
2
2
0
2
4
0
0
2
0
2
9
9
9
7
20
15
11
11
9
7
11
7
7
9
11
5
9
5
13
15
9
11
7
7
7
9
7
7
7
7
13
7
9
7
5
7
5
17
9
11
7
5
7
9
7
7
9
5
3
11
7
3
7
7
13
3
7
15
7
7
7
7
7
31
11
9
9
13
9
9
17
9
7
11
7
7
7
13
7
11
11
13
7
17
7
5
5
7
7
9
9
9
9
7
7
7
9
9
3
9
5
7
7
9
9
5
9
11
11
9
7
7
9
13
3
13
13
9
11
5
7
13
9
7
11
9
5
7
11
9
9
13
7
13
7
5
11
7
17
17
8
7
11
7
11
32
13
7
9
7
11
13
11
5
13
9
11
11
5
5
11
9
7
9
5
29
9
5
7
7
9
5
11
7
5
9
5
5
9
9
20
13
7
9
15
7
7
7
9
7
3
7
5
5
5
7
9
7
5
3
0
3
5
7
5
5
9
9
9
11
5
3
5
5
9
15
7
7
5
5
15
9
7
5
3
5
7
9
7
5
3
9
5
5
7
7
3
7
7
7
9
13
7
5
9
7
7
9
5
3
7
5
9
5
13
13
7
3
9
5
11
7
7
9
9
11
13
5
7
11
3
7
9
15
9
3
7
5
7
5
5
5
7
11
9
9
7
3
6
8
4
4
4
6
6
4
4
6
6
10
6
6
2
6
6
2
6
4
10
4
6
4
6
6
6
4
8
6
6
6
4
4
6
6
4
6
8
4
6
4
4
2
4
8
0
2
4
6
6
6
2
6
4
4
2
6
4
6
2
6
6
6
2
4
2
4
4
2
4
8
4
6
4
6
6
2
2
8
6
4
4
4
4
4
2
0
6
10
6
2
6
2
4
8
4
6
6
8
2
6
4
4
2
4
2
2
2
6
2
6
10
4
4
6
6
0
6
4
4
4
2
4
2
4
2
4
6
4
8
4
4
6
4
4
2
2
6
2
4
4
4
6
4
8
6
4
4
6
4
4
6
2
6
2
6
4
4
8
4
8
6
8
6
6
6
4
4
2
6
6
6
0
8
4
4
5
0
4
2
6
4
6
2
4
4
6
8
4
6
8
8
6
2
6
4
8
6
4
0
4
4
4
2
6
6
4
2
6
2
4
2
4
4
4
6
8
6
4
4
4
2
4
8
2
2
6
4
4
6
2
4
2
4
6
8
8
2
6
4
8
4
4
4
4
4
2
6
2
6
4
0
4
2
4
6
2
8
4
8
6
4
8
2
2
4
6
8
6
8
6
2
6
6
2
8
4
8
6
4
6
2
6
4
4
6
4
2
3
2
1
0
1
1
5
2
1
0
4
5
4
0
0
1
2
2
0
4
4
0
0
0
0
2
0
2
2
1
2
2
2
2
2
3
0
2
2
0
4
2
2
0
7
0
4
2
0
0
2
2
2
0
1
2
0
2
4
0
0
0
1
5
4
0
3
3
4
2
1
2
2
2
0
3
2
5
0
0
0
4
2
0
0
2
2
4
0
1
0
2
2
3
1
4
4
2
2
9
2
4
2
2
0
2
0
4
0
2
3
1
4
4
3
2
2
4
4
2
2
0
4
4
3
0
2
2
4
0
33
3
0
1
1
6
4
0
0
2
0
1
3
0
2
5
2
1
4
0
4
0
2
6
6
1
4
0
2
2
3
3
7
0
3
0
2
2
1
2
7
3
2
3
5
4
3
0
0
2
1
1
0
2
4
4
0
6
5
2
1
2
2
2
3
1
3
0
0
2
3
0
1
1
4
4
7
2
3
2
2
4
0
2
2
0
2
1
2
3
6
4
0
2
2
2
0
6
4
2
5
2
4
0
1
5
0
0
2
0
2
4
0
7
4
2
6
7
6
4
0
2
0
4
0
1
0
2
0
2
3
6
2
2
4
4
2
3
2
23
4
0
1
2
1
0
0
2
2
3
2
1
4
0
0
5
5
1
1
6
1
0
2
1
7
1
1
5
1
0
3
1
3
0
1
3
3
0
3
5
5
3
4
1
1
1
5
3
5
1
3
5
3
1
0
5
3
3
3
0
0
0
1
0
3
1
2
1
2
1
3
3
3
5
7
0
0
1
2
1
0
5
1
0
1
0
1
5
5
0
1
3
1
1
1
0
1
3
5
1
3
0
0
0
3
1
1
3
1
7
1
5
3
3
0
0
3
1
3
1
3
3
5
3
3
1
0
0
2
1
4
0
1
5
0
1
13
5
1
1
3
3
5
1
1
5
0
1
7
3
1
1
9
3
1
15
5
0
3
0
3
1
0
0
1
1
3
1
0
3
3
1
1
1
3
0
1
0
5
1
0
0
5
0
3
5
7
7
1
1
3
0
5
5
3
0
0
0
11
0
5
1
1
0
1
1
3
0
5
1
3
0
2
1
0
0
5
0
3
1
1
2
1
0
0
1
2
3
3
1
3
1
1
5
1
3
2
1
1
1
0
1
1
1
1
5
3
5
0
0
3
1
5
3
1
1
0
1
0
0
3
1
1
3
5
3
5
0
15
13
20
1
3
5
1
0
1
3
0
0
5
3
1
2
0
4
3
1
1
1
0
1
1
0
0
0
1
5
3
1
3
0
1
0
0
5
8
6
2
1
2
0
9
8
8
2
0
1
0
0
0
0
6
7
7
2
2
0
0
0
0
9
7
4
1
10
8
2
0
2
0
0
0
11
11
10
12
0
0
0
0
0
0
0
3
3
0
0
0
8
5
4
0
7
4
5
1
0
1
0
0
0
8
7
7
1
1
0
0
0
7
7
7
4
0
0
5
9
9
0
0
0
6
6
0
0
0
6
8
3
0
3
0
6
8
6
5
0
5
9
11
6
0
0
0
6
7
5
5
5
5
5
0
0
0
0
2
2
0
0
4
6
6
2
1
0
0
0
6
6
6
2
0
0
0
9
8
1
3
0
0
5
8
4
3
1
0
0
0
3
8
0
1
0
0
0
0
7
7
1
3
3
1
0
8
9
0
1
0
0
0
0
6
5
4
4
5
7
9
7
0
7
8
7
10
8
0
0
0
0
0
0
0
0
0
0
0
0
0
0
0
2
7
0
0
3
3
6
0
0
0
0
7
5
0
0
1
3
4
0
0
0
2
2
4
0
0
8
6
1
0
0
0
2
3
0
0
7
2
1
0
0
0
0
0
2
2
0
0
5
3
6
2
0
4
3
6
2
1
1
0
0
7
8
7
1
2
0
0
0
0
5
6
3
5
2
2
1
0
3
4
7
3
4
0
0
0
2
0
0
4
0
2
2
4
2
4
4
2
4
0
2
4
4
2
0
2
2
4
0
0
0
0
2
0
2
2
4
4
0
2
4
2
0
2
2
2
0
0
2
2
2
0
2
2
4
2
0
4
2
4
2
2
2
0
2
0
2
0
2
2
2
2
2
0
2
0
0
0
2
0
2
2
2
2
2
0
2
2
0
6
2
0
4
2
2
0
4
2
6
2
4
0
0
2
2
2
6
4
2
2
0
2
2
4
2
2
0
0
2
2
2
0
2
8
0
4
0
2
2
0
2
0
2
0
0
2
0
0
6
2
2
4
2
0
4
2
0
0
0
0
2
2
2
0
2
0
2
4
6
6
0
0
2
2
0
0
4
4
6
2
2
2
2
2
2
2
0
2
2
2
74
0
4
4
4
2
0
0
0
4
0
2
2
6
0
0
6
10
2
2
4
4
4
4
4
8
2
0
0
2
2
0
2
2
4
4
4
2
0
2
10
0
2
2
4
4
0
2
0
0
2
0
2
2
2
0
4
2
2
0
2
4
2
4
4
2
4
0
4
2
0
2
0
4
0
2
0
0
6
2
0
2
0
0
0
0
2
2
4
0
2
0
0
0
0
0
0
4
2
4
6
0
2
0
0
2
2
4
0
0
