2
5
2
4
4
0
2
2
4
2
2
2
7
0
2
0
0
2
0
2
4
2
2
5
5
2
1
0
4
0
2
0
0
2
2
6
3
2
2
4
0
7
2
3
2
2
2
7
3
2
0
4
0
2
3
7
4
2
2
2
2
5
4
3
20
0
2
1
2
0
8
3
3
2
1
2
4
3
2
2
2
0
3
3
2
2
0
2
2
0
7
6
6
7
4
3
3
4
0
2
0
0
7
4
8
2
3
6
2
9
0
4
4
0
4
0
2
4
2
0
4
0
2
4
3
4
2
1
0
3
7
2
0
5
4
7
13
4
5
5
2
3
4
2
0
2
0
2
2
4
4
2
4
1
7
0
7
3
4
3
3
2
0
2
0
0
2
0
26
2
0
9
4
4
2
5
2
6
6
2
4
7
0
2
4
3
0
6
2
4
3
2
0
4
2
5
6
2
0
2
4
2
6
5
2
2
5
0
2
2
2
2
4
0
2
0
4
4
0
1
5
2
0
2
2
0
2
2
0
2
4
4
0
3
2
1
9
8
3
2
7
8
10
6
4
4
4
5
2
4
2
0
1
0
2
2
3
2
0
4
3
7
13
2
3
3
20
4
4
0
4
1
10
5
4
18
0
2
0
2
4
2
2
7
0
7
2
0
24
17
28
10
12
17
12
7
9
5
12
12
15
9
26
10
10
10
19
12
6
5
33
12
3
10
12
12
10
24
12
15
9
18
7
10
7
12
14
16
9
17
12
17
11
7
13
34
10
15
26
35
26
42
17
31
16
11
16
17
9
19
19
50
27
31
13
11
28
32
23
38
27
49
26
26
27
27
40
14
36
7
22
29
61
24
35
40
10
41
22
28
23
22
54
10
28
31
37
47
51
5
40
30
14
41
25
29
20
34
37
24
14
17
24
56
16
25
39
26
24
45
15
19
20
51
17
33
14
46
21
26
51
28
36
45
25
17
22
32
16
25
64
27
53
26
44
37
23
11
41
34
45
24
48
47
44
50
32
41
41
33
39
60
34
26
52
42
37
28
51
8
35
28
20
45
23
30
19
17
24
36
36
31
36
45
51
62
37
37
36
42
39
39
31
31
52
20
15
62
26
25
42
36
30
50
66
15
30
44
35
34
40
15
14
18
35
27
35
32
31
40
35
14
28
29
45
21
37
20
27
36
33
32
15
19
21
21
32
29
24
25
16
26
14
17
46
17
27
13
12
21
11
47
19
18
11
10
14
16
12
41
10
12
8
14
8
12
14
12
21
10
26
12
8
15
21
17
19
12
17
8
9
17
14
15
14
17
9
0
3
14
0
11
4
12
3
3
3
10
8
0
4
2
6
0
7
11
8
3
9
2
14
2
0
3
0
0
4
11
2
0
8
8
10
0
10
4
13
4
4
0
10
8
11
0
8
4
10
4
8
0
9
5
11
11
6
5
0
4
2
3
14
0
7
6
5
2
11
12
31
4
0
12
8
0
8
2
0
11
11
4
7
2
14
9
8
0
7
3
0
8
2
6
6
9
3
1
7
3
0
6
8
0
7
0
4
10
3
0
8
3
9
6
2
16
7
18
11
0
9
2
4
0
5
5
1
3
0
4
2
8
3
9
6
0
12
7
0
4
10
12
1
5
8
6
0
4
2
0
0
12
15
0
4
4
9
8
12
10
2
2
0
2
13
4
6
11
8
3
11
0
0
10
16
0
2
0
6
8
11
1
2
10
9
5
13
2
2
6
9
3
2
3
0
11
7
12
9
4
0
5
7
12
13
0
11
11
10
11
8
3
0
12
4
12
7
8
2
0
8
12
3
1
8
6
6
5
0
4
9
13
2
4
0
3
10
0
3
4
0
14
9
0
5
9
2
4
6
2
7
0
12
2
5
2
10
0
0
0
0
4
6
3
0
2
3
3
2
11
12
6
0
0
4
0
4
2
6
6
10
8
8
2
5
2
0
2
0
0
2
2
2
2
0
2
2
4
0
0
2
0
4
0
2
2
31
0
0
4
4
0
6
2
2
2
4
2
0
0
2
0
2
0
0
0
2
2
0
2
0
2
0
0
2
2
2
4
2
0
8
2
0
0
2
4
2
4
2
0
0
0
2
2
0
0
2
2
0
4
4
2
0
2
0
0
0
0
2
4
0
4
0
2
0
0
4
2
0
0
4
2
0
4
0
2
0
0
2
2
4
0
0
2
0
0
0
0
0
2
0
2
2
2
0
0
2
4
0
2
0
2
0
0
0
4
2
0
0
0
4
2
2
0
2
0
2
2
0
0
0
2
6
0
4
2
2
6
0
2
0
4
0
2
39
37
6
4
2
0
0
0
0
2
2
2
39
0
2
2
0
2
0
2
6
0
2
6
2
4
2
2
2
0
0
0
2
0
35
4
0
4
0
4
0
2
2
4
6
2
4
0
0
4
0
4
2
0
2
16
0
0
4
0
2
0
0
0
33
0
2
8
4
4
2
0
0
0
2
2
0
2
0
0
0
2
2
2
2
2
0
0
0
0
2
4
0
0
0
0
2
4
0
2
6
4
12
2
2
2
4
0
2
2
2
4
14
0
4
6
0
2
2
2
2
2
0
4
0
0
2
2
2
0
5
3
3
2
0
0
2
3
2
1
0
4
0
0
0
2
2
0
0
0
4
0
2
2
0
0
2
0
0
0
2
2
7
2
2
4
7
2
0
0
0
0
3
0
2
7
2
2
2
2
1
5
2
1
2
2
0
0
1
2
4
7
0
3
1
0
2
2
0
2
0
0
0
0
5
5
7
2
0
0
0
2
0
2
0
0
2
0
0
0
2
0
2
0
0
0
2
2
0
2
0
0
4
3
0
0
2
0
2
0
5
4
0
2
3
0
2
0
2
2
2
0
2
2
0
0
0
0
2
0
0
1
3
0
3
0
4
2
0
2
3
0
0
2
0
0
0
2
2
2
2
0
2
2
2
0
0
0
0
0
0
0
0
0
0
0
0
0
2
3
2
2
1
2
1
2
2
0
2
0
2
2
0
4
0
2
0
0
0
2
0
0
0
4
0
0
2
0
0
0
0
2
0
0
0
0
0
0
5
2
0
0
0
0
0
2
2
2
2
0
3
0
0
2
0
2
0
0
4
0
7
0
2
4
3
0
27
0
0
0
0
2
2
0
2
3
2
0
45
0
0
0
0
2
3
1
0
2
2
0
0
0
0
2
0
0
0
2
2
2
2
2
0
0
0
2
2
2
2
2
0
3
2
0
2
0
0
0
0
0
4
0
2
0
0
4
4
2
4
4
2
2
0
0
2
2
0
2
0
6
2
0
0
4
2
4
6
2
2
0
0
0
0
4
0
4
0
2
4
6
6
2
2
0
2
2
4
0
99
0
4
12
0
0
0
0
0
0
2
0
2
2
0
2
2
0
0
6
0
0
2
6
4
2
2
2
2
0
0
0
2
2
2
6
0
6
2
0
0
2
0
0
4
8
0
0
6
4
4
2
2
0
2
0
4
4
6
50
6
0
4
2
0
2
2
0
8
2
0
4
0
0
4
2
4
2
0
2
4
0
4
2
2
2
2
0
2
0
2
4
0
4
4
0
0
6
2
0
2
4
2
8
0
0
4
2
0
2
2
4
2
2
4
0
0
0
4
0
6
6
0
2
2
6
4
0
4
2
10
4
2
4
0
0
6
0
2
2
6
0
0
2
2
8
2
2
6
2
2
4
0
2
2
0
2
4
0
2
2
2
2
2
2
0
0
4
0
2
10
2
2
0
4
4
0
0
2
2
0
4
6
2
2
2
0
4
6
0
0
4
6
4
0
0
0
4
0
4
2
2
0
2
0
2
4
0
0
4
4
4
0
0
0
0
4
0
0
0
0
4
0
4
0
0
2
2
4
2
6
4
2
4
2
4
24
0
10
6
8
2
6
8
8
8
4
6
8
6
6
10
4
6
8
8
8
8
4
6
8
6
12
10
8
6
14
10
6
15
8
8
8
6
15
10
8
8
6
6
14
4
2
10
6
10
13
10
4
6
4
2
6
2
4
8
10
10
10
11
8
8
8
6
8
10
6
4
8
12
6
8
6
6
6
18
12
6
8
9
10
10
6
2
12
10
14
4
8
4
4
13
14
6
10
2
8
12
9
2
4
4
8
6
37
10
6
2
8
8
6
10
8
9
8
8
6
8
6
17
13
6
8
12
6
10
4
12
10
4
2
12
8
8
10
4
10
4
10
14
12
8
8
8
6
10
17
8
12
13
10
13
17
15
19
17
13
17
12
4
8
15
10
13
10
12
6
15
20
8
12
15
10
8
6
6
2
4
6
8
12
11
6
6
11
2
4
8
8
12
4
6
8
13
6
6
14
6
4
8
6
12
4
4
6
10
13
14
6
11
6
10
15
12
8
8
11
6
4
10
8
8
8
9
6
4
10
6
11
12
14
17
8
11
10
9
15
17
10
8
6
8
4
10
8
4
10
8
6
12
10
4
10
10
6
10
6
4
8
10
4
4
6
2
8
8
8
8
8
6
8
14
8
6
4
6
10
8
6
4
6
9
12
6
6
6
2
5
4
4
4
8
4
2
2
6
4
16
0
0
0
6
2
2
2
4
2
2
2
4
0
0
6
6
6
4
4
2
2
4
0
8
0
4
2
4
6
6
4
6
2
4
4
0
6
2
0
8
6
6
4
4
0
0
6
0
6
2
19
2
2
6
17
2
2
2
4
4
15
0
4
0
4
6
2
2
4
0
2
8
8
13
2
0
2
4
0
6
2
2
17
4
4
2
2
6
11
4
2
4
2
2
0
4
0
0
2
0
4
0
2
0
4
11
8
6
4
2
0
6
2
0
4
4
4
2
4
8
13
2
2
0
0
2
6
4
2
4
4
0
0
4
4
0
4
24
4
4
0
4
6
4
2
2
6
4
2
4
2
6
6
2
8
0
2
8
2
2
2
2
2
6
19
2
4
4
4
2
4
2
2
2
4
0
2
2
2
4
4
4
0
0
4
6
2
2
0
4
4
19
2
6
2
4
8
4
2
2
2
2
6
13
2
4
2
6
2
0
4
4
13
2
2
4
4
4
8
4
5
2
4
6
2
4
4
2
4
6
4
2
2
6
4
6
15
0
2
6
2
2
2
4
4
0
2
6
2
0
0
2
0
2
17
2
6
6
0
2
6
2
2
4
2
6
2
13
6
4
2
4
2
0
0
2
4
2
8
4
4
2
4
4
2
2
2
2
6
8
6
6
2
2
4
4
4
2
4
0
4
2
4
4
2
2
6
2
2
4
2
2
2
4
4
2
2
2
0
2
0
2
2
0
0
2
4
4
4
6
2
6
2
10
2
2
4
8
4
6
2
2
2
2
2
2
0
0
2
2
2
6
2
4
4
2
4
2
2
0
4
2
2
4
4
4
0
2
2
2
0
2
2
2
5
4
8
0
4
7
4
8
6
4
7
4
10
2
2
2
0
4
4
2
6
2
2
6
4
4
4
6
2
7
2
4
4
0
4
2
2
4
6
0
2
4
8
2
6
6
6
4
6
8
2
6
4
4
0
2
2
2
2
0
2
0
2
2
4
4
4
2
2
6
6
10
6
15
5
4
4
5
7
4
0
2
0
2
4
2
2
2
2
6
6
2
5
3
6
6
6
4
0
2
8
4
6
4
2
2
0
0
0
0
2
0
4
4
4
0
2
4
2
6
2
0
4
2
2
6
4
4
2
0
2
2
4
2
4
0
2
7
8
6
4
4
2
4
0
4
0
2
2
4
2
2
6
0
2
0
0
2
2
2
6
4
6
2
2
5
4
4
2
4
2
4
6
4
4
2
3
2
5
2
4
4
4
6
3
2
6
4
4
2
2
2
2
4
0
2
2
2
2
2
2
0
0
2
0
0
2
2
2
0
2
0
2
2
2
2
2
2
2
0
4
2
0
0
2
0
2
2
2
2
2
0
0
0
2
0
0
2
2
2
0
2
2
0
2
0
0
0
2
0
2
4
2
0
2
0
0
4
0
0
2
0
2
4
0
2
2
2
0
2
2
0
2
2
0
2
0
2
2
2
2
0
2
0
0
0
2
4
0
2
2
2
4
0
2
0
0
2
2
0
0
2
2
0
0
0
2
0
0
0
0
2
2
0
0
0
0
2
2
0
4
2
0
0
2
2
2
2
2
2
2
0
2
2
2
2
2
0
0
0
0
2
2
2
0
2
0
2
0
2
4
2
4
2
0
0
2
0
2
2
2
2
0
0
0
0
2
0
2
2
0
2
2
2
2
2
2
2
2
0
2
4
2
2
2
0
2
4
2
2
2
0
2
4
2
2
2
2
2
4
2
2
2
0
2
2
0
2
2
4
4
2
0
2
2
0
0
2
2
2
2
2
0
0
2
2
2
0
0
0
2
2
4
2
2
2
2
0
0
0
2
0
0
0
2
0
2
2
2
0
0
0
2
0
0
0
2
0
2
2
0
0
4
0
2
2
2
0
2
2
0
2
2
2
2
4
0
0
