6
4
4
2
0
2
0
2
0
2
4
4
0
0
2
0
0
2
2
0
2
0
8
2
0
4
2
0
0
4
4
0
2
0
0
4
0
0
0
0
4
87
2
2
0
0
0
2
0
2
0
0
2
0
0
4
2
0
0
2
4
2
4
2
2
2
2
0
2
0
0
0
0
4
4
0
2
0
0
0
2
2
0
2
2
2
4
0
0
0
0
4
2
0
0
0
2
2
4
0
0
0
4
2
2
0
4
0
4
0
0
0
2
0
2
0
0
2
2
2
0
4
2
0
4
0
2
2
0
2
69
0
4
2
0
2
4
0
4
0
0
0
0
0
45
2
0
2
0
2
2
0
2
0
2
4
2
4
2
2
0
0
0
2
4
0
4
4
0
2
0
2
4
0
0
4
4
2
6
0
2
0
2
0
0
4
4
4
0
2
0
4
2
4
0
0
2
0
4
4
6
2
0
0
2
2
0
6
0
6
0
77
0
2
6
5
76
2
0
6
4
6
4
4
6
0
0
2
0
4
0
6
4
0
2
0
2
0
0
6
0
2
0
4
0
4
0
0
4
0
19
4
2
0
0
0
0
10
2
0
0
2
0
0
0
6
2
4
4
0
0
0
4
2
0
0
2
2
0
0
2
4
0
5
0
4
4
4
16
11
8
0
2
4
0
4
0
6
2
2
2
4
2
2
2
6
2
2
4
2
2
4
10
99
4
4
2
10
6
0
2
4
6
2
10
0
2
6
2
6
8
4
2
4
4
8
2
2
2
4
6
4
8
8
4
4
2
10
2
4
6
4
2
2
8
2
8
6
10
4
8
8
4
2
6
4
8
6
6
4
13
4
4
10
6
6
4
6
6
8
4
8
17
14
2
4
8
13
7
10
2
6
5
4
14
10
2
4
6
4
2
4
4
6
4
4
6
10
4
10
10
0
4
4
4
4
8
6
4
6
6
4
4
6
4
8
6
6
6
8
2
6
2
4
6
8
19
8
11
8
2
8
6
6
4
7
4
6
2
4
4
6
2
4
8
8
2
8
17
10
6
8
6
2
4
10
4
8
8
6
16
17
10
10
15
10
23
8
2
2
6
11
10
8
6
14
14
4
15
6
7
8
10
2
8
8
15
6
8
12
6
8
10
6
6
4
12
17
4
2
10
8
2
8
6
10
85
4
10
8
6
6
8
4
4
6
8
4
6
8
10
8
4
10
11
4
4
4
6
6
2
12
7
2
6
2
4
10
8
4
10
4
6
4
4
11
6
8
6
6
2
2
4
6
4
6
2
4
4
6
6
8
8
2
4
6
3
9
6
1
8
3
14
8
6
3
4
3
4
10
7
8
4
16
1
7
9
7
6
11
3
5
3
1
7
6
8
4
5
5
3
4
1
8
4
3
3
33
15
8
19
8
8
14
8
13
1
11
16
13
19
10
9
6
15
3
5
4
5
7
8
9
6
16
14
5
5
18
15
22
3
12
12
36
18
10
15
4
5
13
12
12
25
12
15
8
15
23
12
10
9
12
5
10
9
7
12
3
13
3
8
5
18
3
6
8
1
1
3
6
3
1
5
23
3
3
3
10
4
5
4
3
4
5
3
8
3
4
1
3
3
6
6
7
3
5
5
3
1
5
3
3
1
6
1
6
5
16
5
23
1
8
8
5
1
5
0
4
1
7
3
5
1
6
3
8
7
3
3
5
4
4
6
8
3
4
4
5
2
5
8
6
9
8
8
6
8
3
1
1
1
5
5
10
6
6
3
4
4
7
1
3
6
8
9
6
3
7
3
8
6
9
6
8
5
10
5
12
5
10
13
8
10
5
8
7
12
6
5
9
5
3
6
1
3
25
12
4
1
11
1
11
6
14
6
8
12
3
11
5
0
1
6
7
4
5
8
14
8
6
5
10
3
5
6
5
6
5
10
8
8
6
8
4
1
5
8
17
5
6
8
4
1
4
1
4
1
1
4
1
1
0
1
0
0
1
1
0
1
2
1
1
0
1
1
3
1
1
1
1
1
1
0
1
0
0
1
0
0
3
0
1
4
1
1
1
1
1
0
3
4
3
6
1
4
1
0
1
1
1
3
0
1
3
1
1
1
3
0
2
1
1
1
0
0
3
1
1
0
1
0
5
3
0
1
0
4
0
3
1
1
1
3
3
0
0
1
1
0
1
3
1
0
0
3
0
1
3
3
1
1
1
2
0
1
2
0
1
2
0
1
3
1
1
1
1
1
3
1
1
1
0
0
1
0
4
5
0
5
1
1
0
0
0
2
3
0
0
0
6
3
1
2
1
0
0
1
1
0
3
6
2
1
1
0
1
0
3
1
4
1
1
0
4
1
1
4
1
1
0
0
3
4
0
1
3
3
3
1
1
1
1
0
1
1
13
0
5
0
5
1
3
0
3
4
8
0
0
1
0
3
1
0
14
1
1
0
0
2
3
0
3
0
1
0
1
1
0
4
3
1
0
1
1
1
1
0
4
1
1
0
0
0
1
1
1
1
0
0
1
0
1
0
0
1
2
1
0
1
0
1
1
1
0
1
0
8
1
1
1
1
0
1
0
1
0
1
1
0
0
0
1
0
1
1
1
3
3
1
1
1
0
13
5
10
14
19
22
15
8
11
8
11
11
12
9
6
29
8
10
13
8
15
8
13
13
13
9
10
8
12
15
15
15
11
6
14
10
10
14
15
13
8
11
10
11
8
18
26
18
12
15
11
8
8
10
8
26
14
8
22
11
4
10
8
15
5
8
8
23
6
8
9
10
9
10
12
10
21
6
9
15
8
35
14
11
8
8
0
6
11
8
13
8
6
14
20
1
13
7
12
12
11
12
11
14
11
9
7
14
20
7
14
15
5
16
6
4
11
10
9
13
13
6
15
11
11
9
10
6
5
25
16
6
11
6
11
7
8
13
14
8
11
15
12
13
8
15
9
10
29
12
23
11
7
17
25
12
12
8
15
13
8
16
33
8
11
15
5
8
9
13
12
6
12
8
13
8
6
9
8
7
9
11
10
10
12
11
13
9
11
6
8
9
13
8
10
17
6
8
8
12
7
11
24
9
14
20
28
4
13
10
8
6
7
8
8
12
8
13
12
11
11
19
12
8
5
15
24
10
10
9
8
15
9
7
21
25
10
21
20
6
12
15
11
10
10
6
11
8
14
19
9
10
11
12
19
7
13
26
17
26
16
7
8
12
12
6
11
12
10
11
11
6
24
12
19
10
9
14
7
17
26
14
9
9
30
18
22
11
0
2
4
4
0
2
6
2
4
2
4
2
0
2
0
2
2
0
0
0
4
2
9
0
2
6
4
0
6
2
0
0
0
0
0
0
6
6
26
4
0
2
2
0
4
4
2
4
11
6
0
2
0
0
0
0
0
0
4
2
18
9
2
4
2
2
4
2
0
2
5
4
0
0
0
4
2
0
2
2
2
2
4
0
6
6
2
4
6
6
4
0
0
2
2
2
6
2
0
0
2
2
0
2
2
2
0
11
2
0
2
2
0
0
4
0
0
2
4
0
2
4
2
20
7
11
0
2
2
2
2
0
6
2
11
4
2
9
2
0
2
29
0
2
0
2
4
0
2
6
2
2
2
2
2
2
4
39
4
2
2
0
2
0
0
2
4
0
0
0
0
0
4
0
2
8
2
2
4
2
4
2
0
0
0
2
5
2
2
2
2
0
2
2
2
0
2
0
2
5
0
0
2
4
2
2
2
2
4
2
2
4
0
0
0
2
25
2
2
2
2
4
4
4
0
0
4
0
6
0
4
7
0
0
2
8
0
2
2
2
4
0
2
2
6
4
47
4
2
5
2
0
2
0
2
2
5
0
0
0
6
2
2
4
0
0
2
4
6
2
4
2
2
0
0
6
2
0
0
0
4
0
6
2
0
2
13
0
2
4
2
2
2
2
0
4
4
0
2
4
0
8
2
4
2
2
4
0
4
4
4
4
4
0
6
2
2
2
2
4
2
4
2
0
2
0
0
4
4
2
2
0
4
0
4
6
4
6
4
6
0
4
2
2
2
6
2
2
4
2
2
0
4
2
2
4
6
0
2
2
4
2
2
4
0
4
2
2
4
4
2
4
4
8
8
6
4
2
4
2
4
4
6
4
2
4
0
2
4
2
4
2
2
2
2
2
0
4
4
2
4
4
2
2
0
2
2
0
4
6
4
2
2
2
2
4
2
0
2
2
2
6
2
2
4
6
4
2
4
4
2
4
2
0
2
2
2
2
0
0
4
2
2
0
4
4
2
4
8
2
8
0
6
4
4
4
2
2
0
4
6
6
6
2
2
2
6
6
4
6
6
0
4
2
40
6
2
2
8
0
0
2
0
2
2
0
2
8
2
4
0
2
2
2
4
2
2
4
2
4
0
2
4
4
0
6
4
2
0
8
4
2
4
2
2
2
2
6
2
4
6
4
4
2
4
0
4
8
4
0
4
4
4
4
6
6
4
4
8
2
2
2
0
4
4
4
4
2
2
4
6
4
2
6
6
6
2
0
0
2
2
4
0
2
4
4
4
4
4
2
6
2
2
6
2
2
11
5
4
4
4
5
5
7
2
2
4
6
4
4
4
2
4
6
6
8
6
4
5
2
4
7
2
9
5
2
5
7
11
7
19
9
9
4
2
9
13
6
7
7
6
6
28
6
6
5
6
7
11
6
4
4
4
6
13
11
6
6
11
11
6
7
9
13
4
4
4
6
4
6
4
11
4
4
7
11
4
5
9
6
6
2
13
6
5
7
4
7
4
11
4
7
4
9
7
9
7
2
4
7
6
11
7
6
9
6
7
9
4
11
9
6
13
7
5
9
11
9
6
4
2
9
4
6
13
7
11
9
6
4
7
5
4
13
11
4
9
13
9
7
9
7
13
9
28
7
9
7
7
8
7
6
11
11
7
13
13
7
8
11
9
4
6
9
15
24
9
13
9
21
6
6
17
11
7
11
13
13
15
0
0
7
11
9
5
38
13
5
7
13
14
9
9
4
13
9
7
2
9
7
9
7
7
13
9
9
4
5
9
4
7
11
6
9
4
7
7
13
11
13
4
7
13
7
10
4
11
7
7
5
11
9
4
11
13
11
7
14
8
11
9
2
9
11
7
7
9
7
6
5
7
5
7
8
9
4
9
6
6
9
7
7
2
5
5
7
2
4
7
4
7
7
11
2
6
7
6
6
4
9
8
7
4
4
11
3
13
11
9
25
15
13
13
7
17
13
23
9
21
15
21
11
19
7
5
11
25
33
19
13
5
7
17
17
7
2
5
3
5
13
5
3
13
2
5
2
3
9
11
5
7
5
9
5
5
7
5
9
3
9
2
2
3
7
11
13
11
5
7
3
5
7
2
2
7
13
11
9
7
3
7
2
3
3
13
15
9
11
7
7
13
2
7
3
5
5
5
3
13
9
2
7
5
2
3
5
3
7
3
7
5
9
2
9
9
9
3
7
5
3
9
5
5
11
9
7
5
7
9
9
9
15
15
33
25
23
33
19
15
27
23
23
23
15
9
31
31
19
21
16
13
9
11
11
15
11
5
15
11
13
23
23
15
19
31
21
11
7
13
29
13
27
11
29
13
13
35
19
15
23
58
23
3
27
9
7
23
15
5
37
31
15
21
19
11
17
9
33
35
35
35
25
11
25
31
35
22
30
39
27
27
21
13
7
45
15
31
27
37
15
43
11
19
37
15
11
5
35
35
21
13
17
23
35
19
21
17
9
17
19
13
31
23
13
11
5
19
5
23
31
21
19
27
26
13
21
19
3
27
15
17
27
25
17
13
17
15
11
7
15
19
31
21
23
17
29
19
25
9
27
3
11
9
5
3
9
9
2
2
7
1
5
2
18
11
62
21
7
11
22
19
17
13
7
9
8
7
21
24
22
46
11
15
17
29
26
51
36
11
10
71
40
9
11
17
29
9
28
13
51
30
27
13
8
39
69
56
10
71
17
22
85
19
17
7
9
0
22
9
11
9
74
10
7
15
10
30
14
14
77
45
43
19
14
54
20
58
33
33
22
11
48
50
9
10
15
13
67
39
55
51
48
26
66
74
90
10
13
20
6
39
12
60
12
7
12
15
76
13
66
9
15
63
19
17
18
19
41
60
63
14
26
21
9
43
49
59
13
13
26
12
19
13
43
10
21
11
9
70
6
0
68
62
65
16
13
39
15
56
23
9
52
7
15
50
37
13
13
49
13
26
42
54
12
11
77
15
44
67
91
31
39
34
63
65
50
17
13
97
18
18
12
0
49
9
6
50
2
39
61
38
17
11
37
84
51
73
64
17
20
17
60
7
0
0
0
0
0
0
0
0
0
0
0
0
0
0
0
0
0
0
0
0
0
0
0
0
0
0
0
0
0
0
0
0
0
0
0
0
0
0
0
0
0
0
0
0
0
0
0
0
0
0
0
0
0
0
0
0
0
0
0
0
0
0
0
0
0
0
0
0
0
0
0
0
0
0
0
0
0
0
0
0
0
0
0
0
0
0
0
