2
6
2
4
0
4
2
0
12
4
2
4
9
2
6
0
4
0
0
0
4
2
0
2
2
2
9
4
2
2
8
12
4
2
4
4
2
4
2
0
2
4
0
8
0
4
2
0
2
10
2
2
4
2
8
10
4
2
2
2
2
4
4
90
2
2
6
6
4
2
6
2
4
4
2
6
4
2
8
2
0
6
4
8
4
2
12
4
4
2
6
4
2
0
4
4
10
2
4
4
2
4
6
4
2
2
4
2
4
2
8
2
2
4
6
2
4
0
0
2
4
6
6
4
4
2
8
6
6
6
2
6
4
4
0
2
2
6
2
2
2
6
0
4
75
2
6
4
4
4
8
4
2
2
2
0
6
2
4
10
4
6
4
4
4
4
4
4
2
2
0
2
0
2
0
4
0
6
0
4
0
0
0
4
2
2
0
4
2
2
2
6
4
0
0
0
4
2
6
2
4
0
2
0
2
0
0
0
0
8
2
0
8
0
8
4
6
0
2
2
2
4
6
2
0
89
4
2
2
2
8
6
0
4
2
0
0
4
2
4
2
0
2
8
6
2
6
2
2
2
2
11
2
0
2
8
6
6
4
2
0
2
0
2
6
2
2
6
6
12
2
0
2
6
6
4
0
0
0
0
2
2
4
0
0
2
4
4
2
0
0
2
4
2
4
0
2
0
0
0
2
0
0
2
0
0
0
0
4
2
0
2
0
2
2
0
2
0
0
0
2
0
2
2
0
0
2
4
0
2
2
2
0
2
0
0
0
0
4
2
76
0
0
2
0
2
0
0
0
6
0
2
0
2
2
4
2
0
6
2
2
0
0
0
0
0
4
0
0
2
2
0
0
2
0
2
0
0
4
4
0
0
4
6
8
0
0
0
2
2
8
8
4
2
0
4
2
0
0
2
0
0
0
0
0
0
2
0
2
2
0
2
2
2
2
2
2
4
0
0
8
4
0
2
2
4
0
0
0
2
6
2
0
4
0
0
2
2
8
2
0
2
0
0
0
4
4
0
4
0
0
2
2
2
0
4
0
2
2
0
6
4
0
0
2
0
4
2
0
2
0
0
0
0
0
0
0
2
2
0
0
2
2
0
0
2
2
0
4
0
0
2
2
2
2
0
0
2
0
0
0
4
0
2
0
0
0
0
0
0
0
0
0
2
0
0
0
4
6
2
0
2
0
2
2
4
2
0
0
0
2
4
2
0
2
2
2
4
2
2
2
0
2
4
2
0
2
2
0
0
2
0
0
2
0
2
0
0
2
4
2
0
2
2
0
0
0
0
0
0
0
2
2
2
0
2
4
8
4
6
4
5
4
2
2
3
4
2
4
4
8
10
6
6
8
5
2
4
19
3
4
8
4
2
4
5
3
6
7
6
4
2
5
4
4
2
0
6
4
5
4
2
4
11
10
31
15
21
2
2
2
2
0
2
4
0
2
2
0
11
0
2
0
0
2
0
0
0
0
2
0
8
2
0
2
0
0
0
0
4
0
29
0
2
0
4
2
2
0
0
0
19
2
2
2
19
2
2
6
2
15
0
4
2
0
0
2
0
0
0
0
2
0
16
0
35
0
0
17
0
9
0
0
0
2
16
23
0
0
0
0
4
0
0
2
0
2
0
0
0
0
0
0
2
0
0
0
2
0
7
2
29
0
13
0
0
2
19
15
0
2
0
19
2
0
2
0
0
38
0
11
0
2
29
2
2
37
0
0
0
4
0
0
29
2
0
2
2
39
4
0
2
23
18
2
21
2
0
2
10
2
0
31
17
0
12
2
0
21
2
0
4
0
12
0
2
0
0
2
19
0
0
0
0
2
15
0
15
21
4
2
0
2
0
0
25
0
36
0
0
0
2
2
2
0
0
0
20
0
23
0
0
0
0
2
4
0
0
0
0
14
2
19
2
38
19
0
0
2
0
6
2
0
2
2
0
0
2
2
0
0
18
4
0
8
11
7
6
7
7
9
9
13
8
7
11
9
6
6
4
8
6
6
9
11
4
6
10
13
8
11
8
11
7
4
8
6
9
10
8
4
6
6
11
6
11
8
6
9
9
10
7
11
8
11
4
9
9
11
11
13
15
15
8
6
13
13
9
9
4
8
4
9
10
17
10
11
13
11
8
15
13
4
15
13
8
8
8
6
9
8
6
8
8
8
9
4
11
4
11
4
4
8
6
4
11
6
10
13
9
4
11
9
6
13
11
8
11
13
11
6
8
6
9
8
7
10
13
11
8
8
8
17
6
8
8
9
10
11
13
13
6
19
8
17
17
13
17
15
6
6
6
8
4
15
6
17
9
7
6
17
6
28
15
19
6
27
15
27
19
2
10
11
8
13
21
6
15
13
6
17
19
17
15
25
22
11
15
15
10
17
11
19
13
17
8
23
6
19
19
19
13
13
10
17
15
17
15
15
27
19
9
23
13
21
11
17
31
11
9
13
8
15
11
19
17
8
10
8
17
13
11
15
21
23
9
17
11
6
6
6
10
6
15
7
11
10
6
8
11
15
13
8
13
10
10
11
13
8
8
10
11
10
11
11
10
8
4
11
13
9
11
10
13
8
8
13
13
19
11
11
6
15
6
11
8
11
11
10
19
9
13
0
4
2
2
4
4
2
0
4
4
2
4
4
2
4
0
2
4
4
2
4
2
2
6
2
4
6
2
4
2
4
2
2
6
4
4
4
2
2
4
0
4
4
6
2
4
4
2
2
6
0
2
2
2
2
4
0
6
4
2
4
6
4
4
2
4
4
4
0
2
4
4
2
6
0
4
2
4
4
2
4
4
0
4
6
2
2
2
4
0
4
2
2
4
6
6
6
6
4
2
6
4
4
6
4
4
2
6
4
6
4
8
4
2
6
2
4
4
4
2
4
4
0
4
4
2
2
2
4
2
4
6
6
2
4
6
2
4
0
2
4
4
2
2
4
2
2
6
6
6
4
4
4
2
4
4
6
4
4
0
2
2
2
4
4
0
4
4
2
4
4
2
2
6
4
4
4
4
2
4
4
4
2
2
4
2
2
2
6
6
4
8
2
4
4
2
8
6
2
4
4
0
0
6
4
2
2
4
6
4
2
4
4
4
4
4
6
6
0
2
4
2
2
6
4
6
4
2
4
2
4
2
2
4
4
2
2
4
4
0
4
4
4
6
6
6
4
2
8
4
4
8
2
2
4
2
6
2
0
2
4
2
6
2
4
4
8
2
2
2
6
2
6
6
4
4
6
4
2
6
4
4
2
4
4
4
2
0
0
0
0
0
0
0
0
0
0
0
0
0
0
0
0
0
0
0
0
0
0
0
0
0
0
0
0
0
0
1
0
1
0
2
2
3
3
2
2
2
3
6
2
2
4
3
3
3
2
3
2
2
2
4
3
3
3
4
3
2
4
1
2
2
2
2
3
1
3
5
3
3
2
3
2
2
3
2
2
2
2
3
3
2
2
2
2
2
1
4
2
2
2
1
2
3
2
1
3
2
3
2
3
2
1
1
1
2
2
1
2
1
3
3
2
2
1
2
4
3
3
1
2
3
2
2
2
3
7
2
2
2
5
2
1
3
1
4
2
2
3
1
3
2
2
2
2
2
0
3
2
2
3
2
2
2
3
3
2
2
3
2
2
2
2
2
2
0
0
0
0
0
0
0
1
1
1
0
0
0
0
1
1
0
5
3
3
3
2
2
2
3
2
3
1
2
2
1
3
3
2
2
4
4
3
2
3
1
2
2
2
2
3
2
1
3
2
2
2
2
5
2
3
3
3
2
2
2
2
3
6
2
2
2
3
3
3
4
3
2
2
2
3
3
3
3
2
2
2
2
2
2
3
2
1
2
2
4
4
2
2
2
3
1
3
3
3
2
2
4
2
3
3
2
0
0
1
2
1
2
2
5
4
3
3
3
3
3
18
8
2
10
2
44
58
4
0
4
2
6
2
2
0
4
4
2
4
0
16
4
4
8
0
0
6
8
4
0
2
6
4
2
4
2
4
2
0
6
0
6
0
6
8
4
2
4
4
6
4
2
79
14
2
4
0
4
2
2
9
0
6
6
0
19
17
0
4
4
0
10
6
6
6
2
10
6
14
2
6
0
2
4
2
4
4
6
4
0
10
0
2
0
2
4
2
2
0
0
0
2
4
2
6
0
4
6
4
2
4
2
2
4
6
2
6
62
8
2
8
2
2
4
6
2
4
2
2
10
2
4
6
2
0
6
6
10
2
6
2
4
4
4
4
4
0
4
4
2
19
0
6
10
4
6
0
8
0
0
2
2
2
6
6
2
10
6
2
10
6
6
4
0
8
0
4
4
4
0
10
4
6
4
0
2
4
4
6
81
8
4
6
4
2
4
2
6
4
2
4
10
2
2
0
4
4
2
0
8
6
0
0
2
2
2
0
6
2
4
2
4
0
2
6
2
8
0
8
4
4
0
6
6
4
0
0
0
2
2
10
6
0
2
2
10
6
4
6
2
2
0
2
2
2
0
14
2
0
0
0
2
0
6
6
4
6
10
2
4
2
4
8
2
2
2
0
8
0
6
4
2
4
8
16
8
0
8
4
10
8
4
0
6
4
6
8
8
4
6
4
10
10
4
4
10
6
4
4
6
10
6
8
4
10
4
8
6
8
8
6
6
12
6
8
2
2
6
0
8
4
8
2
8
2
4
4
8
6
6
6
6
10
2
4
2
2
6
6
2
2
4
0
2
2
2
6
6
4
6
4
6
6
6
6
4
4
6
8
4
6
4
4
4
4
4
6
4
4
6
6
2
8
2
8
4
6
4
4
6
4
2
4
6
4
2
6
3
10
6
4
4
2
6
6
4
10
6
6
2
4
2
2
2
6
2
4
4
4
4
4
10
2
6
6
10
4
6
8
6
4
6
6
6
12
10
4
6
6
2
6
68
2
6
4
4
4
4
2
4
8
8
4
6
6
4
4
2
4
4
2
2
4
4
2
2
2
0
2
4
4
4
2
6
2
4
4
8
4
8
8
8
6
6
4
4
4
2
6
4
6
4
2
4
2
2
4
6
4
4
4
2
2
2
4
4
4
0
0
4
4
4
2
2
2
2
2
2
0
4
4
2
2
4
4
2
2
2
4
2
2
4
2
2
4
5
2
6
2
3
2
4
2
4
2
2
4
2
2
4
2
4
2
4
4
4
4
4
6
4
4
2
4
2
4
6
2
4
2
6
8
4
21
2
6
4
80
79
87
49
47
52
48
79
79
77
58
85
79
77
40
87
60
78
91
80
89
85
59
37
69
83
89
80
42
85
85
86
88
88
42
82
46
88
83
88
46
87
82
34
90
87
52
87
81
90
89
87
52
71
84
88
86
81
37
45
90
40
45
44
44
38
63
82
82
46
73
76
82
81
46
77
38
42
86
73
39
77
66
43
43
88
42
91
42
43
39
83
65
83
70
41
77
38
74
77
50
66
40
71
89
38
38
56
86
78
32
40
31
69
85
38
40
51
42
77
86
38
81
45
30
39
69
71
44
32
74
69
78
44
84
79
37
71
65
87
71
43
80
84
83
66
84
87
83
83
79
84
44
54
42
42
87
80
57
88
89
82
89
82
48
58
87
79
41
77
51
44
81
75
82
87
42
85
87
83
87
83
49
55
46
82
84
83
39
47
88
46
82
87
45
86
77
79
78
81
67
52
85
88
82
78
46
86
82
81
81
87
61
49
89
61
89
87
58
90
87
90
86
45
52
89
78
81
84
77
76
67
84
44
89
69
46
52
74
78
84
81
42
55
80
78
42
69
48
85
72
48
63
83
40
84
70
40
44
43
42
84
71
71
77
88
48
83
72
67
40
86
84
91
81
87
71
79
39
69
75
35
85
83
61
78
69
83
4
5
5
2
3
13
4
17
3
17
3
3
7
17
2
13
7
2
13
4
13
2
17
2
4
4
5
15
2
4
4
13
6
11
6
7
19
0
17
3
13
6
25
2
0
11
2
11
4
19
3
0
0
3
15
1
15
2
11
4
4
29
2
9
2
0
3
13
2
11
2
9
6
2
4
3
3
5
5
5
21
4
17
5
1
15
2
2
4
6
4
11
4
2
5
4
17
3
7
2
15
2
6
4
4
13
3
17
4
9
0
13
4
2
7
3
11
5
13
1
9
4
19
6
8
17
4
5
4
15
4
5
13
5
4
4
21
0
4
6
11
4
5
13
4
15
3
6
2
2
19
4
13
4
21
2
15
2
11
3
2
5
4
4
3
21
6
9
2
17
2
15
0
5
4
2
7
6
11
4
11
4
2
19
2
13
2
0
6
6
7
2
17
5
11
3
7
4
4
21
6
0
2
9
3
11
2
9
0
4
21
7
21
7
13
6
15
4
21
4
4
3
2
4
4
23
4
13
5
13
4
4
19
6
6
4
4
4
2
19
6
15
8
17
0
4
6
7
13
5
21
4
11
6
2
3
6
4
9
15
4
3
19
6
7
6
9
6
15
13
13
5
13
4
4
3
3
15
2
19
4
9
4
5
19
4
7
5
