4
2
2
0
7
2
0
2
8
4
6
4
4
8
6
6
15
2
8
6
11
19
2
2
4
4
2
4
6
4
4
6
4
0
4
6
4
4
2
4
8
6
4
0
2
2
6
2
2
4
4
2
2
6
9
4
4
2
2
10
2
6
2
4
8
6
6
9
2
2
6
2
5
7
4
6
4
4
2
3
2
87
6
6
4
9
3
4
8
4
4
2
8
6
2
6
7
6
6
6
2
11
6
6
2
4
4
2
2
6
4
10
4
2
6
11
2
6
2
6
11
6
2
4
6
4
6
2
3
8
7
4
8
8
4
4
4
4
8
4
2
4
6
8
4
2
8
6
2
9
4
4
4
8
4
13
4
2
14
9
4
4
2
7
6
4
6
6
6
2
4
6
8
2
4
6
4
3
4
4
8
2
8
6
6
5
7
4
3
6
4
9
4
4
8
7
10
10
6
11
5
7
8
6
4
10
8
7
6
9
4
2
4
2
8
8
6
6
15
6
4
6
4
2
4
8
2
4
6
73
8
2
2
2
6
2
6
2
0
4
4
0
3
6
4
4
2
4
2
10
6
7
6
4
11
8
4
6
8
8
4
4
2
4
6
5
6
3
6
4
4
4
4
5
4
4
6
4
2
2
7
4
2
2
0
5
4
9
30
37
27
32
37
29
32
38
38
37
37
33
34
33
38
37
37
32
25
35
38
34
36
34
37
37
39
37
31
34
21
36
38
38
32
33
39
37
36
38
34
37
33
37
27
33
32
34
37
37
33
32
32
30
37
38
37
37
30
29
37
33
37
29
33
36
32
34
36
33
37
37
38
37
38
32
35
35
31
36
37
26
31
34
37
36
36
32
36
38
36
34
28
33
28
29
28
23
35
24
25
28
31
27
27
27
34
37
32
36
29
35
36
32
36
29
33
36
33
36
36
20
32
32
31
27
35
35
32
27
30
32
34
26
31
32
33
35
34
36
31
32
36
32
36
32
29
32
31
36
32
33
37
37
36
35
27
32
38
37
36
35
31
34
33
36
36
25
31
35
34
34
36
35
38
33
37
34
36
36
37
30
32
36
35
34
34
32
30
31
34
35
29
29
36
32
37
35
32
32
34
38
25
34
32
30
31
39
24
33
31
31
36
30
39
36
33
33
36
36
33
38
32
37
36
37
30
36
31
32
29
35
36
33
31
34
36
34
37
24
31
32
36
34
37
29
33
36
36
34
35
31
36
37
32
23
36
31
36
29
32
31
28
34
32
30
31
35
32
32
32
37
36
38
29
34
26
37
36
36
30
32
34
38
36
37
29
33
29
32
14
17
19
17
20
36
25
23
13
40
24
24
22
19
26
26
20
40
33
21
15
20
25
17
35
26
36
28
14
35
26
22
26
39
37
27
6
24
14
21
15
12
35
23
43
17
14
12
31
16
9
41
31
23
35
31
11
7
24
17
3
33
12
22
18
28
27
40
17
21
43
17
16
24
37
24
31
10
39
5
34
16
11
22
32
42
25
18
25
27
38
37
19
27
27
20
29
24
19
7
30
14
20
5
34
18
23
40
31
23
22
33
11
28
35
21
26
35
37
20
26
26
21
19
28
42
25
36
20
6
26
16
22
30
24
38
40
24
19
33
37
19
32
26
18
18
35
28
36
40
23
33
14
22
39
44
21
23
25
18
25
24
17
41
35
22
22
35
23
23
22
17
17
24
33
35
13
25
38
20
31
7
29
36
42
28
33
24
18
29
43
41
38
22
31
26
13
33
26
23
21
37
31
32
15
4
36
28
21
19
30
18
44
36
19
22
23
17
40
23
18
15
25
25
16
12
29
17
13
18
25
25
13
17
24
15
12
30
18
17
17
9
26
12
15
17
30
16
35
17
40
7
21
14
16
5
11
4
15
1
1
6
3
3
1
5
6
3
5
15
5
4
9
8
8
1
1
10
13
7
1
2
11
13
14
4
2
0
0
0
0
0
2
3
1
0
1
1
0
2
1
4
3
1
1
1
0
1
1
3
0
1
0
0
0
1
1
0
0
1
3
2
2
1
0
2
1
0
0
1
1
1
0
1
3
1
21
1
1
10
4
4
0
1
0
2
1
0
1
0
3
0
1
1
1
2
3
2
0
1
2
3
0
1
1
2
1
0
3
1
2
1
1
1
1
1
2
1
2
1
2
3
0
2
2
2
0
0
0
0
2
0
0
0
1
0
0
3
0
0
2
5
0
3
4
2
0
1
1
0
1
0
1
1
1
1
3
2
1
0
0
0
1
0
1
0
1
1
1
2
5
2
1
1
1
2
2
4
3
1
2
1
2
1
3
3
0
1
1
1
1
1
2
1
1
1
2
0
0
1
1
0
1
5
2
0
0
1
1
1
1
2
2
0
1
1
0
0
0
2
3
0
1
2
0
2
2
1
0
1
0
0
1
0
2
1
3
0
0
0
0
0
0
0
1
1
2
2
1
0
0
0
0
0
0
1
0
0
2
2
1
1
2
2
0
0
1
1
2
1
1
1
1
2
0
0
0
1
0
0
4
0
0
2
0
4
2
1
2
1
1
1
0
1
3
3
2
1
2
1
0
2
1
2
0
0
0
3
2
1
0
1
1
2
3
6
4
0
0
11
3
3
9
3
2
6
1
3
3
1
4
1
11
6
3
5
7
3
3
2
3
4
5
1
8
1
3
6
3
4
9
1
4
3
3
4
6
1
12
4
9
4
12
9
14
1
0
1
6
1
2
8
3
1
8
5
4
3
4
4
1
3
4
3
13
1
6
8
1
6
1
1
11
8
1
3
1
1
0
1
3
5
1
8
3
6
7
6
3
8
1
3
1
9
4
1
3
14
3
6
4
8
4
0
0
3
4
4
4
4
1
1
0
2
3
3
11
3
3
11
2
3
1
1
3
4
5
1
6
3
3
1
0
0
1
1
1
1
6
0
0
4
9
13
6
1
3
8
1
3
6
3
1
6
4
10
7
7
1
7
8
5
3
1
4
3
11
6
6
3
6
6
3
24
16
1
3
15
3
4
6
1
4
3
7
6
1
11
3
1
3
9
3
3
3
1
1
4
8
0
3
2
0
1
3
4
3
8
4
1
1
3
0
1
1
11
3
5
15
0
0
5
6
1
5
6
6
3
3
3
3
1
7
3
4
3
1
4
1
6
6
4
8
3
1
3
6
4
2
1
2
2
1
0
5
3
1
2
4
5
5
3
4
6
3
8
3
6
8
4
0
3
3
4
6
5
3
3
6
3
3
5
89
76
89
77
89
91
93
76
89
90
88
94
94
93
88
93
92
88
90
90
95
95
77
87
84
75
90
86
92
54
90
90
89
98
89
90
77
90
93
93
86
76
86
87
91
92
91
91
90
90
76
60
91
90
69
93
92
85
54
92
86
91
91
90
92
89
90
67
58
77
90
89
86
63
91
88
89
92
88
96
75
88
84
84
75
86
86
90
57
84
76
88
90
95
64
89
68
68
86
86
89
81
94
92
86
91
89
76
86
66
57
83
81
87
79
75
85
87
79
75
79
78
85
89
84
88
89
88
86
85
81
81
84
84
79
98
86
93
52
94
90
86
88
81
60
83
88
93
56
94
89
88
89
89
85
83
85
87
80
93
86
80
94
88
86
73
84
94
91
88
91
88
90
87
85
93
88
45
74
80
77
79
76
75
85
91
89
89
90
71
79
54
93
75
79
68
86
83
93
88
87
92
89
90
88
84
88
76
89
89
93
86
91
68
89
85
93
87
65
85
87
89
82
91
71
84
86
82
87
51
80
90
91
83
88
69
89
79
86
85
92
87
91
87
91
79
89
79
90
87
83
90
83
88
81
94
91
84
90
89
90
91
85
92
93
74
87
75
88
87
85
89
86
91
92
90
91
88
89
75
85
91
94
69
79
78
80
84
4
2
4
0
4
4
2
4
2
4
4
6
4
4
2
2
0
2
6
6
4
4
4
2
4
2
6
4
6
4
2
4
0
4
6
6
6
2
4
0
6
2
4
4
2
4
4
4
2
2
4
4
4
6
4
4
2
2
6
6
4
2
2
6
4
6
4
6
4
2
0
4
6
6
4
2
6
2
2
4
4
4
0
2
6
2
4
6
4
2
2
0
4
4
6
4
6
2
4
4
4
4
4
0
2
6
4
2
4
2
2
2
6
2
6
6
4
2
4
0
4
4
4
2
4
2
0
0
4
2
4
2
0
0
2
4
2
2
0
2
0
4
4
2
2
2
0
6
4
4
6
4
2
2
6
4
6
4
4
2
6
6
4
2
4
4
4
4
4
4
2
6
2
4
2
4
0
6
4
0
4
4
4
6
4
2
4
2
4
0
2
0
6
2
4
4
8
6
6
0
2
2
0
0
2
4
2
6
0
4
4
4
2
6
2
4
4
4
4
2
2
6
4
4
2
4
0
4
0
0
4
4
2
0
8
2
4
2
0
2
6
0
4
4
4
4
0
4
4
6
2
4
4
4
4
4
4
6
4
2
2
4
2
2
6
4
4
4
6
0
2
6
6
4
4
6
4
4
2
2
4
4
6
2
0
4
6
4
0
2
4
4
0
5
3
2
1
2
2
1
21
2
0
2
2
2
1
0
2
0
0
0
5
2
1
2
0
4
0
2
0
0
0
1
2
0
2
2
0
0
3
4
2
4
4
0
2
2
0
2
4
2
0
0
5
4
4
0
0
4
0
2
4
0
2
0
1
0
4
4
2
2
0
2
2
0
0
4
0
21
0
0
3
4
0
3
3
2
5
0
4
3
4
17
0
0
3
5
4
1
5
4
3
0
0
2
1
2
0
2
2
2
0
2
1
5
0
2
3
2
2
2
0
2
0
2
2
0
2
2
0
3
5
1
2
2
2
0
0
4
3
4
3
4
0
0
2
2
2
2
0
4
2
3
4
3
0
3
0
2
0
0
5
1
1
4
2
0
2
1
1
3
5
4
0
3
2
4
3
0
2
0
1
0
3
5
2
1
1
25
5
4
0
1
5
0
0
1
2
2
2
0
3
2
21
4
3
0
3
3
4
4
0
2
5
0
2
0
5
2
3
4
2
21
3
1
4
2
2
0
2
2
2
3
0
2
0
0
2
2
0
2
0
0
0
6
2
4
0
2
0
2
2
5
0
2
0
0
2
0
19
7
2
2
5
2
1
2
2
4
1
5
4
5
2
6
0
2
5
0
0
2
4
2
2
0
12
12
10
17
14
10
8
8
8
10
17
11
17
15
27
14
19
15
27
2
23
12
10
14
14
14
8
19
15
15
21
19
21
31
25
12
15
16
12
12
10
19
27
6
10
10
6
4
10
2
4
8
6
4
4
6
4
14
4
2
4
4
4
2
2
4
4
6
6
6
8
4
6
6
23
17
16
6
6
10
12
2
2
4
6
4
6
8
4
4
2
2
2
2
4
8
2
6
8
2
10
8
6
2
6
8
2
6
4
2
6
8
4
8
10
10
6
2
8
2
4
8
6
8
8
10
21
12
6
2
6
6
10
10
4
4
8
10
8
14
4
6
6
4
2
6
6
6
2
8
8
97
4
2
8
4
6
6
8
4
4
6
0
16
14
6
16
10
6
2
6
4
2
14
14
4
10
6
8
10
4
8
2
8
12
10
10
6
6
8
4
8
12
8
6
4
8
2
8
12
8
6
4
21
4
6
6
8
2
12
8
4
8
2
6
6
8
8
4
4
8
12
8
4
2
2
6
4
4
4
6
4
19
6
4
8
6
12
6
6
2
2
4
6
2
4
13
6
6
2
6
8
2
8
4
4
8
4
6
13
5
6
6
6
4
10
6
6
4
6
6
6
2
4
10
4
2
6
8
6
6
6
10
4
6
6
2
8
6
29
9
4
25
11
4
10
6
2
28
6
4
6
17
6
6
4
8
6
6
4
8
6
15
6
11
6
8
38
4
2
4
25
6
2
6
42
44
36
13
17
6
32
4
4
2
4
4
4
44
4
6
4
63
4
2
2
2
4
4
9
9
38
19
6
4
2
9
2
27
4
4
9
4
2
9
4
0
23
38
4
2
4
4
8
32
4
6
4
4
6
6
40
2
6
8
4
2
4
4
4
23
4
4
11
7
2
4
11
13
2
6
4
29
8
4
15
2
8
4
6
9
4
55
7
4
19
7
4
4
13
4
8
0
2
4
2
8
20
33
16
8
2
2
4
4
4
8
2
6
2
7
4
2
10
11
4
6
2
2
7
2
7
4
15
2
6
8
6
21
6
8
21
4
2
6
4
4
4
26
6
4
55
2
4
6
8
6
8
4
6
8
4
2
6
6
6
11
6
4
23
8
2
13
25
6
4
6
4
4
4
4
4
11
8
2
4
11
9
44
6
13
6
6
2
9
6
6
8
2
6
4
4
7
9
40
15
34
2
8
2
15
8
4
4
19
7
4
4
22
2
2
26
2
4
4
6
7
46
25
2
61
13
4
9
6
5
32
4
54
24
9
6
6
10
32
4
6
4
17
32
11
17
27
11
9
2
