2
2
2
0
0
6
0
2
0
0
0
2
0
0
0
2
6
0
2
0
0
0
2
4
0
2
0
0
0
2
0
0
4
4
4
2
0
2
2
0
2
2
0
0
2
4
4
4
4
2
0
0
4
6
0
0
12
4
0
4
6
4
4
0
1
81
2
0
2
2
2
4
2
2
0
2
2
2
0
0
2
4
2
6
2
0
0
0
2
4
0
0
2
3
2
2
2
0
2
0
0
2
0
0
6
4
2
2
2
0
2
0
0
2
2
0
0
4
0
2
0
2
2
0
2
0
2
0
2
2
2
2
0
2
4
0
2
2
2
0
8
6
0
2
2
6
2
0
4
6
6
2
0
0
0
0
4
2
2
0
0
0
2
2
2
2
4
2
4
2
0
0
0
2
0
0
10
3
4
0
2
0
0
0
0
2
0
0
4
2
2
2
0
4
0
0
2
2
4
0
0
0
0
4
5
2
4
0
2
2
0
2
0
2
4
2
0
0
2
0
0
2
2
0
8
0
0
0
0
0
4
0
2
0
0
2
0
0
2
2
4
0
4
0
2
0
4
4
0
0
2
0
2
0
2
2
2
0
0
7
3
2
2
2
2
2
2
2
2
4
0
5
0
2
4
2
2
0
0
0
0
4
0
6
0
2
0
2
11
12
5
8
3
5
10
5
2
4
0
4
5
7
0
2
4
9
1
3
2
0
0
5
5
5
3
2
3
8
7
5
5
0
8
0
11
2
7
5
9
5
13
3
10
9
7
16
12
11
2
7
12
16
10
2
12
3
3
9
7
12
5
4
13
7
7
3
10
14
15
16
13
24
12
7
12
13
14
14
30
19
12
15
9
4
12
14
14
11
25
16
14
13
18
7
12
35
25
19
11
14
9
9
14
12
11
7
8
29
12
8
12
4
14
12
10
2
7
12
21
7
15
16
21
24
13
12
18
39
10
8
8
14
11
18
17
7
8
5
5
11
11
21
14
10
6
36
7
13
9
22
10
14
8
7
16
7
22
8
7
16
19
9
9
16
25
16
23
18
5
12
17
11
14
9
23
7
11
7
5
6
21
15
8
22
15
6
15
14
15
9
9
5
7
4
14
11
14
7
14
4
5
5
13
2
15
7
5
5
12
2
9
5
8
8
11
2
9
4
2
10
9
14
12
7
15
10
3
5
7
4
5
5
8
9
10
3
4
5
3
14
7
2
2
5
11
18
0
4
7
7
9
5
3
5
7
5
7
4
7
2
3
2
5
7
3
7
0
7
7
3
14
7
4
9
2
29
4
2
7
5
4
12
3
7
11
5
29
38
29
34
34
30
32
37
33
33
38
37
37
38
33
38
29
36
35
37
35
39
39
38
38
34
34
33
39
28
37
35
34
27
29
28
37
35
38
38
38
33
38
33
36
34
39
37
32
34
37
37
37
38
38
25
40
37
35
36
39
27
37
37
38
37
36
33
39
37
37
37
32
28
36
37
31
33
32
38
36
31
31
38
33
36
37
38
38
32
32
31
35
38
37
31
37
35
39
37
38
28
31
25
37
37
25
35
31
39
38
37
37
35
38
37
37
36
38
32
36
28
38
37
35
34
37
38
38
39
37
34
36
37
37
31
35
23
33
33
37
37
34
37
38
34
26
33
32
34
34
34
37
38
34
37
38
38
33
25
32
27
35
35
37
37
35
31
37
37
39
33
34
38
38
27
37
38
37
34
31
35
34
32
38
28
29
39
37
30
37
38
34
36
39
35
36
37
37
28
24
34
30
38
38
37
38
34
38
25
28
38
32
26
37
37
38
39
35
34
33
38
33
32
31
25
34
34
32
38
27
30
38
33
32
37
32
28
38
38
37
37
30
33
39
38
33
34
32
16
36
33
36
10
34
35
37
31
36
34
33
33
32
30
29
34
38
32
33
14
23
34
30
24
37
38
26
34
22
37
33
34
33
32
36
25
36
30
7
7
7
0
0
13
5
0
0
7
5
0
0
7
7
0
0
3
5
0
0
5
5
0
0
5
5
0
0
5
5
0
7
0
5
0
4
0
7
0
5
0
7
0
7
5
11
5
5
7
0
3
5
7
0
5
5
4
0
9
3
0
5
7
5
4
5
5
7
0
7
13
0
3
0
5
0
5
4
5
0
7
3
0
0
4
3
0
0
4
5
7
7
5
7
7
5
7
5
5
0
9
9
0
0
3
9
7
0
5
7
7
4
5
5
3
0
7
7
0
0
0
0
0
7
0
5
0
5
9
0
0
13
3
11
0
0
4
9
0
0
0
0
0
0
0
0
0
0
0
7
0
0
0
5
0
13
3
5
7
11
9
9
4
5
0
0
4
0
4
3
0
7
9
0
9
0
0
0
0
0
0
7
0
0
0
0
0
0
0
5
5
0
11
5
9
5
5
5
7
7
7
0
9
7
5
0
7
7
5
3
9
5
7
11
0
7
0
4
0
7
0
5
5
0
0
2
4
0
0
9
5
0
0
5
9
0
0
5
4
0
0
9
7
4
0
9
5
5
0
5
7
7
0
4
5
7
0
9
13
5
0
3
7
7
0
7
11
11
5
5
7
0
5
7
3
5
0
0
11
2
0
0
5
7
0
0
9
5
4
0
0
6
4
2
4
7
0
2
6
0
8
0
6
5
0
8
0
4
8
6
6
8
0
2
0
4
2
0
5
2
6
6
0
0
4
2
4
4
4
6
2
2
4
6
2
2
0
6
11
0
0
0
2
2
5
5
0
4
0
4
2
6
0
0
0
4
0
6
0
0
2
6
4
4
2
2
0
6
0
0
2
6
0
4
0
4
0
0
2
6
2
2
2
4
2
8
0
0
6
0
4
0
4
4
3
0
4
0
2
0
6
6
2
2
0
2
2
6
6
6
4
6
2
4
8
6
8
2
2
2
4
0
21
4
6
6
0
0
0
4
4
0
4
0
0
2
36
0
0
0
2
6
7
6
5
4
20
2
5
0
0
95
18
4
2
4
4
6
20
3
7
6
7
6
46
8
8
49
6
4
0
3
4
4
4
8
48
4
6
64
6
0
21
0
2
0
2
12
7
0
0
2
0
0
29
4
2
2
2
4
78
4
6
57
0
6
4
2
7
8
10
4
0
7
0
6
2
5
0
0
8
6
2
0
2
6
0
5
4
4
0
18
0
0
52
2
8
4
4
6
5
6
0
6
5
0
56
8
0
4
6
6
2
6
4
0
0
7
28
4
0
6
7
6
2
6
0
32
0
6
39
78
6
71
4
62
76
26
34
71
67
30
40
50
39
61
46
41
34
59
37
28
62
56
38
47
51
38
21
46
31
36
54
23
23
61
57
60
53
56
21
60
20
32
63
36
54
39
43
54
56
38
51
25
16
32
54
71
40
27
42
18
37
26
28
60
34
17
55
60
25
47
25
45
43
59
32
26
64
25
21
33
33
30
44
58
50
58
32
61
44
33
26
58
49
54
27
51
64
30
26
27
35
47
44
55
25
25
42
50
20
55
24
24
31
21
44
40
21
27
50
46
42
28
22
52
61
25
20
28
52
32
28
57
20
31
22
22
22
19
17
46
28
23
28
31
28
51
57
28
37
30
23
45
27
65
42
40
16
53
29
68
29
56
20
32
30
52
28
28
65
47
15
29
30
45
21
25
14
63
28
30
48
19
34
26
39
34
26
28
16
40
42
28
43
27
22
34
39
52
20
24
20
77
29
26
67
25
32
53
32
26
22
15
48
41
28
54
50
24
45
27
15
54
22
26
21
59
15
22
23
18
29
59
43
28
26
19
57
52
25
29
29
72
70
19
20
31
38
50
42
29
31
44
27
30
20
31
26
27
22
53
35
48
30
28
31
28
18
44
31
46
28
35
63
41
34
35
27
22
74
26
54
27
31
45
27
61
25
51
28
53
26
79
0
83
2
2
29
2
71
2
74
2
2
2
49
7
0
2
0
0
60
2
0
0
0
21
2
0
0
1
2
0
3
2
0
0
0
18
0
2
0
7
4
0
30
3
2
1
4
0
0
5
0
0
2
14
4
3
36
2
0
0
1
52
2
0
0
33
13
0
5
2
2
3
5
2
0
0
2
0
0
2
24
2
5
1
54
2
78
2
2
50
0
2
0
0
4
4
2
87
0
2
39
2
4
4
0
5
78
0
9
0
5
2
21
2
17
2
2
14
0
36
2
0
2
39
0
15
4
38
0
2
26
2
0
0
0
0
0
3
21
3
43
0
2
0
25
0
2
2
2
36
2
0
25
0
0
27
4
0
0
21
2
37
43
2
17
2
18
4
0
2
80
0
10
22
30
0
10
0
2
1
0
2
0
5
2
8
0
2
0
4
20
2
61
0
0
25
0
0
19
4
0
2
2
50
0
3
0
2
0
17
0
2
5
25
2
0
1
9
2
0
16
0
2
3
8
0
1
2
0
19
0
2
21
28
27
2
0
3
2
3
0
3
4
38
4
2
27
0
5
0
64
0
5
17
0
0
27
4
2
45
22
0
0
2
1
16
1
0
0
0
0
2
0
17
71
2
16
43
23
1
35
5
0
0
2
2
0
6
4
6
0
4
2
4
0
7
4
2
2
0
2
2
4
0
2
6
14
0
4
4
2
14
0
0
2
2
10
71
4
4
4
0
2
0
0
0
2
0
2
4
4
4
4
2
2
2
2
0
4
6
0
0
4
0
0
60
2
2
0
0
0
2
2
21
2
22
2
21
2
0
2
2
4
23
4
8
2
0
8
2
0
2
4
2
4
4
8
4
0
0
6
6
6
0
8
2
4
4
6
4
0
0
38
4
0
49
4
4
6
2
4
11
2
8
2
2
2
0
0
0
0
2
4
4
0
6
6
2
2
2
2
4
0
2
4
32
0
34
6
0
2
2
8
2
0
4
0
2
0
2
6
41
2
2
2
0
4
0
0
0
6
2
0
4
0
4
4
4
23
2
0
2
2
6
4
2
2
23
0
4
6
0
10
2
8
6
0
2
2
21
4
6
2
0
0
4
4
2
0
0
2
2
2
4
2
0
2
4
2
4
0
2
2
4
4
2
4
4
0
0
2
6
0
2
4
2
8
2
0
6
0
10
4
4
2
2
4
2
6
2
0
8
2
0
8
8
6
2
6
0
4
6
0
11
0
0
17
2
0
0
43
4
0
2
2
0
4
2
6
2
0
4
0
8
6
2
6
6
6
4
2
4
0
2
4
13
11
11
13
13
13
13
13
11
13
13
11
13
13
13
13
13
13
13
13
11
11
13
15
11
11
13
11
13
11
11
13
13
11
13
13
11
13
13
11
13
13
11
13
13
11
11
11
13
13
13
13
13
13
13
11
13
13
13
13
13
11
11
13
11
11
13
13
13
13
11
11
11
11
13
13
13
11
13
13
13
11
11
13
11
11
11
11
13
13
11
11
11
11
11
13
11
11
11
13
13
11
11
13
13
13
13
11
11
13
11
13
13
13
11
13
11
13
11
13
11
13
13
11
13
11
11
13
11
13
13
11
11
13
13
13
13
11
11
11
13
13
13
13
13
11
11
13
11
11
13
13
11
13
13
13
13
13
11
13
13
11
11
11
11
13
13
11
11
11
11
11
13
13
13
13
11
11
13
11
11
13
13
13
13
13
13
13
11
13
11
13
13
11
13
13
11
13
13
13
13
13
13
13
13
11
13
11
13
11
13
11
13
13
13
13
13
11
13
13
11
11
11
13
11
15
13
13
15
13
13
13
11
11
11
15
13
13
11
13
11
11
13
13
13
11
13
11
13
13
13
11
13
13
13
13
11
11
13
13
13
13
13
13
13
13
11
13
11
13
13
11
11
13
11
13
11
11
13
13
11
11
11
11
11
13
13
11
6
13
17
10
17
12
12
15
10
15
10
25
8
8
11
10
4
8
10
16
13
10
8
8
8
14
6
10
14
10
10
8
15
8
12
10
8
15
14
8
10
19
12
14
8
8
4
10
10
10
6
9
8
8
8
21
8
10
15
6
7
6
8
13
6
4
8
10
12
15
10
4
10
6
6
0
8
6
9
10
13
6
12
4
14
10
8
14
10
8
18
13
6
13
10
6
10
11
6
8
12
9
8
6
6
13
15
12
8
17
10
10
8
10
14
8
6
13
6
10
8
10
8
4
10
6
4
8
14
14
8
18
8
10
10
17
4
8
6
6
6
8
8
4
12
6
20
10
10
10
18
8
11
6
4
8
8
10
6
13
10
9
8
12
11
12
12
6
10
8
6
10
6
8
8
12
8
7
6
8
8
5
4
6
7
10
10
6
6
19
4
10
9
17
10
6
8
6
3
10
8
9
15
17
6
10
12
10
8
15
9
10
14
12
6
14
6
13
12
6
4
10
6
8
6
4
10
14
9
6
8
15
8
12
13
4
4
10
17
9
8
6
21
15
13
9
17
10
10
15
15
8
7
15
16
15
6
6
4
10
23
14
8
12
20
10
12
10
17
6
6
7
8
6
19
8
6
12
8
6
13
11
12
10
10
10
6
9
