2
2
0
2
2
0
2
2
0
2
2
5
0
2
0
2
2
0
6
4
0
2
2
0
0
2
2
2
0
4
5
0
3
2
4
2
0
0
4
0
2
0
0
2
0
0
0
2
2
2
0
0
0
0
18
2
0
2
2
2
0
3
2
0
0
2
0
2
0
2
2
0
2
0
0
0
0
2
0
2
2
0
0
4
2
2
2
2
0
2
2
2
0
2
0
2
0
4
0
4
2
0
2
2
4
0
4
2
4
0
2
2
2
2
2
2
0
0
2
4
5
7
0
0
2
0
2
2
0
2
2
2
4
0
4
2
2
0
2
2
0
2
4
3
0
2
0
2
0
0
0
4
4
2
3
2
2
2
2
0
6
0
0
0
4
0
5
2
0
0
2
0
2
2
0
2
2
2
0
2
0
0
2
3
2
2
0
0
2
2
0
2
0
0
0
0
0
0
0
2
2
2
0
0
2
0
3
2
4
0
0
2
2
2
0
2
2
4
0
2
5
0
0
2
2
0
0
0
4
0
2
2
2
0
2
0
0
0
4
0
0
2
0
0
2
0
2
2
6
0
4
4
2
0
0
0
0
0
2
2
2
2
2
0
0
2
2
0
0
2
0
2
0
5
2
2
3
2
2
0
0
0
3
2
2
2
2
2
2
4
4
4
33
0
4
2
8
4
2
2
2
4
2
4
56
2
2
0
4
0
2
0
52
39
0
6
0
6
30
0
44
4
25
6
39
6
4
4
0
24
2
4
6
6
4
2
52
2
6
2
2
39
4
6
4
70
6
4
12
4
54
6
4
6
4
38
4
2
2
4
2
4
2
2
2
2
55
0
10
2
6
4
0
41
4
4
4
2
0
2
0
4
4
4
36
2
4
2
6
40
4
4
2
4
4
4
4
2
2
4
0
2
0
0
2
42
2
2
4
8
0
4
4
0
2
4
0
2
4
2
4
2
2
8
2
4
0
38
2
4
0
0
0
2
6
2
4
2
6
2
4
2
4
0
4
2
4
0
2
4
2
2
2
2
8
0
0
2
12
2
4
11
2
2
2
6
2
4
0
4
4
6
2
6
0
2
32
21
4
0
2
0
2
45
4
8
2
0
4
2
2
2
0
4
4
6
6
31
4
4
4
8
25
38
4
0
2
4
2
2
6
2
2
2
4
4
4
40
4
8
19
0
2
6
6
0
4
0
4
2
2
27
2
0
12
0
4
4
0
4
4
2
2
4
2
2
4
2
2
2
6
4
0
2
0
0
4
35
2
2
2
8
0
46
2
4
0
2
2
4
6
2
2
4
2
0
6
10
10
4
10
14
4
10
10
14
6
14
8
10
16
6
6
16
6
14
4
14
12
14
10
15
12
12
6
16
8
10
21
4
10
4
14
6
12
14
12
18
14
16
14
12
6
10
6
4
8
8
4
6
2
6
2
8
4
8
6
6
0
8
14
43
8
4
6
8
6
10
14
12
18
4
31
8
4
14
6
10
12
16
10
6
4
20
16
4
14
8
9
10
6
12
12
7
19
14
10
8
8
12
12
8
10
4
14
8
4
25
12
14
14
4
19
14
12
8
14
8
2
2
16
14
12
16
6
10
8
20
14
13
10
12
12
8
6
6
10
12
10
12
25
6
10
10
12
41
6
8
16
12
17
16
14
12
17
4
29
21
15
25
11
10
10
8
12
17
8
10
18
23
21
8
14
12
14
17
6
12
17
23
14
8
12
12
18
12
10
13
19
19
8
16
15
14
15
16
11
23
6
12
17
9
17
12
6
12
16
16
21
8
12
14
6
19
19
8
10
10
6
10
11
12
10
6
4
13
8
8
6
15
23
31
13
6
4
12
8
12
8
6
10
12
16
6
10
4
23
12
4
14
0
4
2
19
6
6
4
2
6
6
12
2
4
0
0
2
2
6
2
0
4
2
0
6
4
13
2
0
8
2
4
2
0
8
6
18
13
10
8
8
8
10
12
6
8
10
20
16
16
14
8
10
10
12
18
8
14
8
14
16
10
6
14
10
6
10
10
10
18
6
14
12
6
4
6
10
6
6
20
8
8
12
8
10
14
12
14
8
10
12
19
8
14
14
10
14
10
12
12
6
37
8
18
14
10
10
10
16
8
8
6
10
12
8
12
4
8
2
8
8
6
10
8
10
14
6
8
8
6
8
4
8
10
12
4
8
12
10
20
10
12
10
14
20
14
14
6
8
16
8
14
12
12
25
16
8
20
18
16
4
22
12
12
22
10
8
25
17
16
27
33
29
22
10
35
27
22
23
23
20
23
16
31
22
6
16
18
10
16
18
21
23
25
23
31
29
14
16
33
21
20
20
41
33
23
6
10
29
8
6
14
12
25
6
6
6
8
14
21
8
27
22
6
16
14
10
14
20
14
19
14
10
18
25
22
12
20
21
10
23
6
27
6
8
33
16
16
14
12
14
16
23
23
12
23
12
16
18
14
18
18
14
8
10
17
6
14
10
20
16
22
14
14
35
23
22
20
20
12
8
14
14
29
8
23
12
12
8
12
10
16
6
14
10
23
12
16
10
16
16
8
14
6
8
14
14
20
20
8
8
14
18
8
12
14
18
8
23
8
27
14
8
2
14
6
18
21
8
4
12
4
8
2
10
10
4
2
14
12
8
6
26
16
14
6
31
16
12
8
8
8
10
22
8
12
10
14
16
16
10
12
10
12
10
6
10
10
8
6
16
16
27
18
8
10
12
14
26
14
25
20
27
10
22
24
57
41
25
33
10
14
27
26
10
10
8
10
16
39
14
24
12
8
27
20
18
16
18
8
6
16
20
18
6
27
20
16
16
18
14
22
22
27
16
29
25
43
20
16
22
41
39
24
18
27
18
25
18
10
33
12
10
20
61
43
43
8
8
31
27
31
25
10
22
37
12
55
8
37
21
8
18
22
37
57
22
22
31
39
24
22
16
35
26
79
20
24
37
22
69
24
24
14
45
23
25
39
23
22
6
10
8
8
18
45
47
25
33
10
45
31
25
27
27
53
12
43
6
63
25
10
20
47
10
41
21
12
29
29
33
25
14
10
22
27
14
10
12
22
27
20
43
25
25
57
8
8
8
16
8
16
4
33
20
24
8
10
31
10
18
8
18
16
4
8
12
16
4
20
2
4
10
18
18
6
12
10
8
8
20
10
12
14
12
6
14
8
12
12
20
6
8
14
6
25
6
16
14
14
10
8
8
10
14
8
8
8
12
12
20
12
14
10
22
6
12
4
2
6
6
4
3
4
4
4
0
5
5
3
0
4
3
3
4
3
5
4
3
3
4
4
4
0
4
4
0
4
5
4
4
4
5
4
5
4
5
3
5
4
4
4
4
4
5
4
4
4
3
3
3
4
4
3
5
3
4
3
5
4
4
5
4
5
4
3
4
4
5
4
4
4
4
4
5
4
4
4
3
4
3
4
4
4
3
3
4
4
3
4
3
5
4
4
4
3
10
4
5
5
5
4
3
4
3
4
4
4
0
4
4
4
4
4
4
6
4
4
5
4
5
3
4
3
3
4
4
5
3
4
4
4
4
4
3
4
4
4
4
4
4
4
3
4
4
4
4
5
5
4
4
4
3
5
4
5
4
5
5
4
4
4
4
4
4
4
3
4
4
3
4
4
5
4
0
3
5
5
4
4
4
4
4
4
4
4
4
4
5
4
4
4
4
3
5
4
4
4
4
4
4
4
4
4
4
4
4
4
4
4
5
4
5
4
4
4
4
5
4
4
4
2
3
5
4
3
4
0
4
4
4
7
3
13
4
4
3
0
4
4
4
4
3
5
3
4
4
4
4
4
4
4
5
4
4
4
4
5
4
5
4
4
4
12
4
5
4
3
4
13
4
4
5
4
4
5
4
4
4
4
4
4
4
4
4
4
1
4
4
3
0
1
28
1
1
5
5
1
5
0
1
1
5
3
1
3
0
1
1
1
5
3
3
5
3
1
0
42
3
1
3
3
1
1
1
3
3
1
3
48
1
3
7
3
1
5
1
3
1
0
1
0
3
1
5
1
5
5
2
3
1
3
46
3
3
1
5
5
3
0
1
3
3
5
5
3
3
3
0
3
1
5
5
3
1
1
1
3
3
3
1
40
3
7
3
5
3
7
1
5
3
5
3
1
11
5
1
7
3
3
3
1
3
3
1
7
1
3
3
48
7
3
5
1
0
3
1
0
5
1
1
0
0
3
42
3
1
0
0
7
1
7
9
7
3
3
3
1
1
0
1
5
3
3
3
5
1
3
1
3
48
5
7
1
3
3
1
5
1
1
1
3
1
3
5
5
3
1
5
1
7
5
3
1
3
7
3
28
3
1
3
3
3
5
3
1
5
3
3
5
5
1
1
1
3
3
3
1
5
5
3
0
5
51
1
5
3
1
3
5
5
3
3
1
3
0
0
3
1
7
5
3
3
3
1
0
5
3
0
5
5
3
1
3
7
1
1
3
3
2
3
5
3
7
0
1
1
1
5
3
3
5
3
3
7
3
3
3
5
3
44
1
3
3
3
3
3
5
5
3
3
0
3
3
3
5
3
4
7
5
5
7
4
4
23
22
4
7
5
4
5
6
5
4
11
6
7
4
4
6
4
5
6
4
9
4
4
4
6
4
4
9
6
3
7
7
7
4
7
2
6
8
14
5
7
4
4
5
5
5
6
6
16
15
4
5
3
6
5
4
4
3
4
5
10
2
5
2
6
5
5
6
7
5
3
4
4
4
5
5
2
6
4
9
5
5
5
5
5
3
5
4
7
7
4
5
7
4
4
7
4
6
7
3
5
14
4
2
4
3
5
7
5
7
5
3
3
5
7
3
4
7
5
7
7
7
3
5
11
5
5
5
5
6
16
4
4
3
5
5
4
4
6
11
5
6
4
9
6
2
2
3
5
10
2
6
4
6
5
23
2
4
9
5
7
5
7
8
4
2
9
4
5
5
2
4
4
3
3
4
2
3
4
5
4
5
6
5
4
4
5
5
1
6
2
4
5
2
4
3
4
4
4
15
36
20
4
2
5
7
3
5
1
2
4
4
7
6
4
5
6
6
5
44
12
4
4
4
4
2
1
6
5
4
2
5
4
2
4
5
6
7
4
2
5
1
4
6
2
4
8
6
6
2
4
7
2
4
4
4
4
2
6
4
4
4
4
5
5
5
4
8
2
5
19
2
3
6
6
8
2
5
2
2
4
0
2
2
2
0
4
2
0
2
0
0
2
4
6
2
4
2
2
2
2
2
4
0
2
0
2
0
0
2
0
2
2
4
2
0
4
4
0
2
0
0
2
4
4
0
4
0
0
2
2
0
4
0
4
2
0
0
4
0
2
4
4
0
6
0
0
2
2
4
0
2
2
0
0
4
4
4
0
0
4
4
4
0
2
2
0
6
0
6
0
6
2
2
2
2
2
0
0
4
0
0
0
0
2
4
4
2
2
2
4
4
0
0
2
0
0
0
0
0
2
2
0
4
4
6
4
0
4
0
2
4
0
2
4
2
2
0
0
2
4
2
2
0
2
4
0
0
0
0
4
0
0
0
2
0
0
4
0
0
2
4
6
0
4
2
4
2
2
0
0
4
4
2
2
4
0
0
2
0
2
0
2
2
0
0
4
0
2
2
2
0
0
2
0
4
0
0
4
2
2
2
2
0
2
2
0
0
4
4
0
2
6
0
0
2
6
0
2
4
4
4
0
2
2
2
0
6
2
2
2
0
0
0
0
0
0
0
0
2
0
4
0
0
0
2
0
2
4
2
0
0
4
0
2
0
4
4
4
4
2
0
2
0
0
0
4
0
2
0
4
2
2
0
0
0
4
4
0
0
0
0
4
2
0
0
4
0
0
36
32
33
35
38
32
34
27
22
38
37
28
37
38
33
38
32
37
38
26
14
34
29
37
38
29
36
33
37
38
29
26
21
29
32
39
36
37
35
31
33
30
30
27
14
38
37
38
37
36
35
32
32
38
34
28
19
37
38
37
38
34
38
38
36
37
38
28
24
37
38
37
37
34
38
37
33
39
37
27
22
38
37
37
29
30
30
36
37
26
30
28
18
38
38
31
37
31
37
37
38
37
38
23
22
31
38
32
34
29
31
32
36
35
35
34
18
38
29
32
38
27
35
37
38
33
38
28
13
38
37
38
37
33
38
35
37
37
37
20
17
38
37
36
38
32
32
33
30
33
29
33
24
31
28
38
38
31
30
38
36
34
37
29
19
36
37
36
37
35
38
32
37
38
36
32
21
37
38
37
38
38
30
38
38
31
35
26
20
31
30
35
33
25
38
38
34
34
38
27
22
29
32
31
37
37
38
34
37
34
34
28
11
38
38
33
31
38
37
38
37
30
36
29
16
32
39
38
38
35
38
31
28
37
34
27
24
35
28
37
33
31
33
35
30
35
29
26
15
21
25
26
11
17
28
17
26
26
31
26
22
20
34
15
15
18
13
31
36
18
29
22
26
37
36
36
31
18
36
36
36
38
28
38
36
37
25
37
