57
62
39
63
72
45
64
66
50
53
13
65
46
78
46
60
59
59
51
63
62
52
14
47
70
51
65
64
54
83
75
41
54
54
16
50
64
68
49
40
52
38
71
39
70
45
25
57
42
65
55
43
40
42
49
62
35
38
16
50
57
44
71
39
68
79
52
37
73
59
34
42
43
48
69
43
44
35
58
50
40
64
21
37
0
51
27
49
65
60
48
44
42
33
14
66
66
41
33
69
42
73
32
30
32
37
11
53
31
54
52
67
53
64
50
56
47
69
12
50
46
35
55
60
57
31
46
42
41
43
30
58
72
48
60
48
47
66
68
42
40
69
12
26
75
72
51
62
45
58
49
64
41
31
16
50
46
67
36
57
55
57
49
37
51
61
10
51
39
35
40
40
61
39
54
50
58
27
16
37
72
70
53
56
64
45
64
26
44
44
68
42
53
55
53
40
52
48
41
44
33
45
16
52
67
43
33
56
42
68
34
43
37
37
18
38
61
57
44
59
64
29
71
44
44
50
14
76
36
53
22
36
40
28
40
53
44
34
13
48
13
54
40
34
55
43
37
32
38
50
57
51
33
73
22
53
45
22
43
18
56
44
15
60
42
45
28
32
20
53
12
30
15
42
17
15
75
40
38
59
38
15
35
18
50
58
53
45
9
7
11
17
3
13
18
13
5
2
3
2
5
13
7
2
11
7
2
3
2
7
3
1
5
3
3
5
5
7
5
2
5
5
0
7
5
7
9
15
17
2
1
11
9
7
9
7
9
11
11
15
17
7
11
7
5
13
7
9
25
15
5
17
13
21
9
33
17
13
7
21
11
19
15
21
13
9
29
11
15
17
13
23
15
23
23
13
21
27
21
13
19
25
15
19
25
19
33
15
17
15
27
19
11
17
36
21
21
21
31
29
19
17
19
23
13
23
21
19
23
27
19
27
11
21
17
22
21
26
23
33
23
13
22
27
33
15
17
35
24
25
15
43
31
23
29
23
25
21
17
31
27
11
27
56
37
17
13
15
29
19
9
29
70
5
44
17
23
15
21
24
36
29
31
15
15
7
13
31
19
17
25
35
27
34
11
33
27
9
11
15
19
35
11
21
32
26
15
29
21
19
54
25
17
27
13
23
36
33
13
21
21
25
19
15
70
19
19
21
23
13
11
25
27
23
9
15
31
17
17
17
30
11
15
21
25
15
13
17
29
17
25
15
13
27
17
25
25
11
21
7
15
11
9
13
5
9
35
11
9
64
13
9
9
15
7
5
15
11
9
5
23
2
3
5
7
3
7
3
17
11
9
15
5
5
13
9
15
9
21
23
23
15
15
11
21
40
15
7
21
25
60
11
21
15
29
9
27
21
38
23
25
29
7
5
17
13
21
15
11
5
31
21
15
23
23
11
11
12
50
21
35
27
25
7
11
15
17
17
30
3
17
15
23
13
9
31
11
17
5
5
15
17
19
11
23
19
15
24
36
9
15
35
19
26
19
13
50
23
46
23
25
25
25
53
17
21
11
11
17
33
17
27
17
19
35
19
25
19
19
19
62
17
48
21
23
33
15
35
29
23
11
17
78
9
9
25
9
9
28
19
15
13
23
19
23
21
15
9
11
21
31
15
33
27
13
37
29
22
23
25
65
25
11
36
17
9
21
25
7
44
31
30
26
25
7
36
37
44
33
35
25
21
33
35
32
23
21
24
23
35
27
38
17
9
27
13
35
49
33
11
23
23
33
27
41
29
9
33
30
15
21
17
52
11
48
13
23
25
9
44
19
5
15
30
34
38
19
31
17
19
21
46
33
17
13
3
23
9
9
19
33
13
29
23
9
15
11
11
15
17
19
19
25
21
17
15
11
23
11
33
7
15
25
7
21
9
19
7
19
19
11
2
9
15
2
1
7
9
5
5
3
1
3
5
0
5
0
3
1
2
5
5
9
3
7
0
1
5
5
2
15
0
9
3
22
12
0
24
12
9
7
3
18
25
0
21
15
11
0
16
16
19
14
0
0
14
24
0
0
9
12
0
0
10
20
0
3
14
12
0
10
10
22
0
9
0
21
0
9
0
20
14
21
0
14
0
13
12
0
16
20
14
13
14
22
3
25
16
29
17
0
31
22
0
15
19
18
16
0
17
10
8
20
14
15
10
0
20
11
0
69
17
14
0
16
14
5
16
11
15
13
0
18
22
0
13
16
20
13
20
16
17
3
16
17
11
14
17
14
21
0
16
22
10
0
0
0
0
20
5
10
0
13
0
0
16
20
21
9
0
9
9
0
12
0
0
0
0
0
0
0
0
0
15
0
11
20
0
24
37
0
14
26
0
23
0
0
72
23
0
14
0
13
20
0
13
0
18
0
0
0
0
0
0
0
0
22
0
0
16
0
0
0
0
0
20
0
43
18
21
22
15
18
16
23
13
0
13
0
25
6
15
12
24
0
17
18
11
14
21
18
49
14
17
20
32
0
21
18
26
0
12
0
25
0
9
0
10
0
12
33
36
0
6
30
0
4
15
22
0
6
0
15
0
14
11
17
0
13
11
51
0
11
19
10
0
22
25
10
0
18
8
0
0
11
13
0
0
13
11
8
9
47
13
12
0
12
18
24
0
22
29
3
0
1
1
1
0
3
5
5
21
5
3
0
3
1
3
0
3
0
1
0
7
0
1
1
5
1
5
0
0
3
1
11
9
0
3
3
5
5
0
1
3
1
17
3
1
5
5
1
1
5
3
15
7
1
1
3
0
0
3
1
5
1
3
0
3
3
1
1
1
20
1
3
13
0
3
7
3
9
3
0
3
7
1
1
1
3
0
3
5
3
7
5
1
1
0
1
1
3
0
5
3
0
1
3
1
1
21
3
3
1
5
0
3
1
5
5
1
3
3
0
5
1
1
5
1
0
0
3
0
29
1
3
1
7
1
1
1
1
1
0
1
5
7
3
1
1
5
3
1
1
3
0
1
7
3
1
3
7
3
5
7
1
5
13
3
1
1
1
1
7
3
5
5
1
1
3
1
7
1
1
1
0
0
13
1
0
1
3
9
1
1
1
5
3
3
3
5
0
0
5
0
11
3
3
3
0
1
11
3
11
1
1
0
3
1
0
3
1
3
1
5
1
11
0
1
1
3
0
0
1
3
18
1
3
3
1
5
3
3
5
0
3
3
1
1
3
1
1
5
0
14
1
1
5
5
1
0
1
1
0
3
5
0
3
0
3
3
1
5
5
1
5
3
5
3
3
1
0
3
1
3
5
1
3
3
1
3
8
10
8
4
10
8
10
18
12
8
6
6
10
12
6
8
10
12
6
6
6
12
10
8
12
14
6
8
12
6
8
10
14
6
12
6
14
8
10
12
6
8
10
12
6
4
6
10
12
10
2
10
10
8
14
12
12
6
12
14
6
14
14
8
12
12
6
12
8
6
6
8
8
4
10
8
8
10
6
10
14
12
12
12
12
10
8
6
4
10
6
6
10
4
12
8
4
6
6
10
4
10
8
10
6
10
6
8
10
10
12
10
12
6
12
12
6
14
10
12
6
8
4
6
12
14
6
8
4
8
8
8
6
12
4
8
8
12
6
12
12
6
6
6
4
4
6
6
12
8
6
12
10
4
8
10
6
2
4
8
10
10
2
6
4
12
12
4
6
6
6
6
10
8
8
10
8
8
6
4
14
2
6
8
6
10
4
8
8
10
6
12
10
16
10
6
8
6
10
10
4
8
6
4
4
6
10
10
4
6
6
4
6
6
4
12
12
12
10
10
6
6
8
12
4
8
10
4
10
8
6
6
10
16
4
2
12
12
4
4
8
0
6
6
12
6
8
12
6
6
4
10
4
10
6
6
4
6
8
6
10
10
10
6
8
4
10
6
8
10
8
10
8
8
6
8
10
8
4
0
8
6
6
8
6
6
8
6
7
13
29
26
11
15
12
19
15
7
33
8
10
13
9
16
13
15
9
16
8
9
21
12
14
16
14
19
15
7
12
13
12
13
24
9
10
11
15
19
9
12
13
23
4
15
12
11
15
6
11
31
21
13
12
11
15
15
16
14
15
27
13
17
13
12
5
15
12
26
16
9
5
18
12
25
6
15
15
28
35
12
30
13
15
14
34
27
15
20
11
39
38
34
28
35
9
6
15
9
34
19
9
26
13
31
20
17
5
5
13
41
15
10
45
10
11
23
11
16
19
22
17
8
5
15
21
22
11
13
9
11
12
15
22
17
12
16
10
13
17
8
12
13
22
29
17
11
15
12
13
10
16
7
27
19
12
22
35
13
15
17
13
23
12
10
18
9
16
13
27
27
16
10
17
11
21
23
15
26
10
12
18
18
26
13
13
15
11
12
20
35
31
16
31
34
26
11
12
35
19
30
32
15
22
12
17
10
18
19
18
26
13
13
11
14
7
18
16
9
13
16
10
16
9
16
30
17
24
23
25
19
19
34
32
10
13
9
14
21
15
12
9
17
15
16
8
34
12
16
13
6
11
11
9
6
31
12
12
17
15
4
11
6
10
20
20
17
14
6
18
9
17
21
15
14
11
18
15
7
6
14
9
20
11
34
9
10
24
47
40
31
45
37
37
27
35
21
40
38
32
27
42
40
37
34
37
32
25
32
34
29
28
30
25
29
26
25
42
43
28
33
37
43
37
40
33
42
39
34
42
44
43
31
44
30
28
37
43
42
42
45
41
27
25
38
42
42
38
20
45
27
43
25
32
30
33
27
39
38
24
39
39
37
44
44
38
39
38
34
36
21
41
32
27
22
28
42
30
31
26
17
7
34
35
36
31
34
33
32
37
32
28
36
28
27
33
38
35
32
28
22
25
30
31
38
27
32
22
39
29
34
37
36
29
18
26
29
40
35
30
35
27
33
31
35
34
28
20
31
29
24
30
24
35
26
19
30
37
40
33
37
37
25
32
24
19
39
32
36
26
37
2
44
36
33
30
30
38
26
43
28
37
26
37
32
26
41
31
25
39
22
36
30
26
19
26
27
20
29
40
34
40
30
36
32
37
26
30
30
31
35
39
34
36
36
30
26
30
30
46
40
23
0
19
27
25
36
36
37
32
35
32
28
26
12
26
12
42
36
38
41
37
23
32
31
19
38
41
15
31
33
25
39
39
38
40
39
43
29
40
33
20
38
35
36
40
33
37
35
30
36
31
29
22
23
24
42
41
46
26
47
36
25
39
28
30
27
25
31
31
43
35
27
32
23
4
4
6
7
2
2
5
2
6
2
7
6
4
9
7
4
4
2
11
6
2
9
5
7
3
2
4
6
2
4
7
2
5
5
2
2
4
4
7
4
4
4
4
2
7
5
10
4
4
2
5
4
2
9
5
4
9
5
5
4
3
5
4
13
11
5
6
2
7
3
5
5
4
5
2
5
4
4
4
5
4
4
7
6
4
7
4
6
5
9
2
4
3
6
23
41
2
5
5
4
4
9
7
3
3
33
5
3
11
4
5
8
9
4
5
3
4
9
3
11
5
4
4
5
2
7
4
7
2
7
8
11
3
13
7
4
7
7
6
9
9
3
3
7
8
7
9
3
4
7
9
7
7
5
5
2
29
2
10
9
4
11
5
7
5
10
9
20
3
9
7
10
8
7
7
9
13
9
11
3
9
13
9
6
5
11
8
9
5
13
3
5
4
7
5
7
5
7
8
5
11
7
11
5
13
6
11
9
3
5
9
5
7
7
11
7
6
10
4
4
5
5
4
4
5
5
5
3
7
4
5
9
2
5
7
3
7
2
10
3
4
5
2
3
3
4
4
3
3
3
3
6
3
3
10
4
2
11
3
3
4
2
5
3
7
4
5
4
5
2
4
2
4
11
5
9
8
3
5
5
7
2
4
11
7
7
4
6
2
0
0
0
0
0
0
0
0
0
0
21
25
2
38
42
23
35
0
33
28
35
17
0
0
0
0
0
0
0
0
0
0
0
0
5
21
0
65
0
24
2
4
45
24
0
29
0
0
0
0
0
0
0
0
0
0
0
5
20
36
4
28
0
28
0
28
0
0
26
2
25
30
28
0
30
20
19
0
0
3
29
16
0
0
0
0
0
0
0
0
0
0
0
0
0
25
34
32
2
44
2
30
32
0
0
0
51
0
0
11
2
3
0
24
31
0
0
4
21
3
27
53
3
37
0
28
0
0
0
4
34
0
43
2
2
46
0
14
2
2
0
0
0
74
0
0
3
0
19
0
23
28
0
0
37
2
40
10
22
22
0
31
0
0
0
16
0
28
12
2
8
40
33
0
0
0
0
2
25
22
0
45
2
19
23
3
14
5
34
0
0
0
0
0
6
0
0
0
0
0
0
0
24
26
18
29
34
20
2
0
38
3
0
0
5
0
16
2
0
2
19
44
54
0
0
3
4
21
18
26
26
0
24
6
11
20
0
0
3
26
22
28
0
26
31
40
23
0
0
0
0
11
25
18
0
36
21
32
34
0
15
27
0
26
3
20
3
20
0
14
35
21
16
62
29
29
35
14
26
1
0
0
12
25
0
30
0
