24
43
34
35
59
31
38
33
40
55
25
26
21
41
34
41
41
18
34
37
34
31
19
19
32
22
36
34
55
27
25
27
14
17
41
19
9
40
48
54
39
41
20
47
14
23
28
37
31
52
19
30
23
25
41
33
48
60
47
23
65
61
24
23
42
45
41
49
39
47
44
53
28
29
31
47
45
51
46
51
67
54
72
62
52
29
40
55
41
51
66
60
49
63
47
41
36
36
57
43
55
49
34
76
26
47
47
58
36
30
44
40
23
39
19
56
36
32
40
31
29
42
58
31
48
32
23
32
32
47
38
60
24
42
24
47
52
60
56
36
42
50
32
56
44
40
34
45
27
22
35
44
52
61
22
33
44
29
49
39
27
52
57
45
33
36
37
39
43
29
45
64
42
56
42
33
39
26
21
59
46
46
43
54
42
57
27
57
45
58
25
29
52
41
47
46
40
47
41
37
44
43
54
30
43
46
39
30
34
44
47
29
37
54
52
33
41
37
31
43
31
39
52
25
26
22
42
31
16
31
42
23
22
32
28
38
20
50
34
74
27
40
48
11
28
14
25
15
28
51
21
27
28
21
21
25
38
18
58
13
21
12
27
54
35
31
15
24
27
34
21
22
35
13
28
16
16
28
10
42
23
7
17
52
27
29
31
20
15
17
15
13
13
13
14
13
13
13
17
17
14
15
17
15
17
11
13
15
13
15
17
11
13
13
13
11
13
19
15
17
18
17
13
18
17
11
15
17
14
14
15
17
19
15
15
13
19
19
10
16
14
19
15
15
17
12
14
15
11
13
14
15
11
13
17
15
13
13
13
13
16
18
15
14
17
16
17
17
11
15
12
15
20
18
17
16
16
19
13
15
20
13
15
17
15
17
15
15
16
19
16
11
14
11
17
13
19
15
19
13
17
11
21
15
19
18
16
20
13
15
15
22
15
15
17
19
14
20
15
19
17
16
12
15
11
11
15
15
14
13
14
14
15
17
16
18
13
16
17
20
15
13
18
16
21
14
18
9
17
17
16
20
15
19
21
13
17
11
17
20
18
19
19
15
25
15
13
15
15
18
19
15
18
17
18
18
15
19
20
12
17
20
20
21
19
17
23
13
16
15
17
15
17
14
15
19
19
16
15
16
18
16
11
16
9
23
22
18
16
14
21
16
17
13
14
17
17
17
19
16
17
18
16
17
17
18
15
16
13
19
17
16
18
21
13
15
22
17
13
15
17
21
17
11
19
15
17
13
16
19
13
19
15
17
15
11
13
19
15
11
13
17
17
13
15
18
13
15
11
15
21
13
15
21
11
15
71
78
77
70
78
64
69
76
77
76
75
69
77
75
66
76
63
70
75
77
78
79
77
77
78
76
75
65
76
77
78
77
74
76
77
74
78
75
74
76
78
75
72
62
75
75
69
77
66
77
76
69
65
75
77
78
76
65
66
77
75
77
75
77
71
76
75
68
73
76
27
76
72
73
75
76
68
77
74
76
76
77
77
76
75
71
74
76
76
76
70
75
77
71
75
71
78
77
76
64
75
77
75
75
75
66
76
77
69
77
75
68
72
76
77
76
71
68
73
76
65
76
76
77
75
71
74
68
78
77
70
76
75
75
77
67
75
76
78
75
73
77
70
75
76
75
66
75
78
75
67
76
61
76
78
65
77
75
71
71
75
75
75
75
71
77
76
76
78
74
74
74
76
75
74
76
77
77
75
74
74
69
77
75
76
76
74
65
71
75
76
74
70
70
75
77
74
69
76
70
76
76
64
67
77
76
76
73
76
68
64
65
75
77
65
77
76
75
76
65
57
64
63
50
68
58
57
58
57
57
52
57
57
56
56
56
55
56
57
55
53
56
55
56
58
58
45
55
42
55
58
59
42
57
56
58
59
55
52
55
59
46
60
58
58
54
59
53
46
51
57
57
56
57
55
59
55
58
58
46
55
52
50
59
56
55
55
54
12
6
0
0
6
39
0
0
2
39
0
8
14
14
0
0
7
49
4
14
15
8
0
9
7
14
0
0
8
6
0
11
7
18
10
0
11
5
9
0
6
0
9
0
9
0
7
5
11
0
8
0
17
0
8
0
15
9
0
17
32
10
8
4
8
2
0
7
11
10
0
5
12
0
3
6
15
0
7
0
0
24
13
0
0
4
15
0
9
2
4
15
9
8
0
0
0
6
17
5
0
7
5
0
0
10
13
4
0
5
21
6
0
6
11
2
0
10
14
7
8
0
0
0
14
5
12
5
4
3
0
0
9
0
24
0
5
0
0
0
0
0
0
0
0
0
0
0
0
13
0
0
0
0
8
0
7
21
3
9
8
8
6
0
0
0
12
0
1
14
6
0
16
0
0
0
0
0
0
0
0
0
0
0
0
3
0
0
19
0
19
0
0
3
6
0
4
11
11
0
12
8
0
6
0
8
0
8
0
5
0
15
0
8
0
0
0
11
0
3
0
11
0
11
0
11
0
11
0
9
5
12
0
7
2
11
0
0
25
13
17
0
6
4
0
0
8
12
0
0
18
7
0
0
9
16
8
0
7
3
0
0
14
9
5
0
17
2
16
0
3
0
16
0
10
0
7
0
7
6
28
0
18
9
25
0
12
0
0
2
2
15
6
0
0
2
0
0
0
0
2
0
2
2
0
11
0
2
0
0
0
2
0
2
2
4
2
2
0
2
2
2
2
0
0
4
0
0
0
0
0
0
0
0
2
4
2
4
0
0
0
4
2
0
0
0
0
0
6
0
2
4
0
0
2
11
0
4
8
4
2
0
2
0
0
0
2
2
0
4
2
0
0
2
0
0
0
2
2
0
0
0
0
0
0
0
2
0
2
0
2
0
0
0
0
2
0
0
0
0
0
0
0
0
2
2
2
0
0
0
0
0
0
2
4
0
0
0
0
2
2
0
0
0
0
13
2
13
2
2
0
2
2
2
0
0
0
0
2
2
0
4
2
4
0
4
4
4
6
7
8
5
2
2
5
3
6
4
0
0
0
2
2
2
2
7
2
8
15
2
4
0
6
2
0
0
3
2
6
16
0
6
2
2
4
4
4
2
0
0
4
2
0
4
2
2
1
4
0
2
13
0
4
0
7
2
4
0
2
2
4
2
0
4
2
2
2
0
4
0
11
2
0
0
2
2
0
7
0
2
2
2
2
2
4
2
2
6
4
16
2
6
0
4
2
5
0
2
0
0
0
0
0
2
15
0
10
0
0
4
2
0
2
2
6
4
2
2
4
2
4
4
0
4
0
4
0
3
6
5
7
2
5
5
4
7
0
3
5
0
0
2
6
7
7
4
4
7
2
0
6
6
2
6
0
4
0
0
4
8
5
4
5
4
5
2
2
6
2
0
0
0
4
8
0
4
4
2
0
4
2
7
0
6
4
2
6
6
6
0
6
2
4
4
9
0
4
8
0
4
0
4
4
3
0
4
7
0
4
4
6
5
7
4
5
0
6
4
4
4
6
0
5
4
2
4
4
4
3
6
2
0
2
4
4
3
6
4
6
2
0
4
0
8
4
6
4
0
2
6
0
2
4
2
0
6
5
2
6
4
4
4
3
6
0
2
0
0
0
2
8
4
6
6
0
3
6
2
4
6
2
0
8
4
6
0
0
4
4
4
5
2
2
0
2
2
0
2
0
2
0
6
4
4
2
0
6
4
2
2
8
8
0
4
6
6
6
4
6
4
4
4
6
2
4
6
0
0
4
4
0
6
4
6
8
0
8
3
4
4
0
4
0
6
4
7
3
4
6
4
4
4
4
2
0
4
4
2
5
2
4
6
4
4
3
0
4
4
2
4
2
4
0
6
6
4
2
0
0
5
4
2
4
4
5
4
2
2
6
0
5
4
0
5
4
2
9
3
2
4
0
3
4
4
2
6
0
4
2
6
6
5
5
5
3
2
0
1
0
1
5
2
0
3
9
0
3
3
0
5
2
12
6
2
3
1
2
4
0
4
3
2
0
2
0
1
10
3
2
12
5
3
7
2
8
4
3
2
5
2
1
0
0
0
1
9
1
0
3
2
7
1
2
0
1
0
1
1
1
6
1
0
2
14
0
0
1
6
0
0
1
4
3
3
3
7
2
3
0
0
3
8
2
6
4
0
1
0
3
0
8
8
2
7
3
2
0
2
6
3
3
1
1
0
15
1
3
2
0
2
3
0
0
2
3
3
0
2
0
1
3
2
1
3
3
1
6
0
3
0
3
1
5
0
2
1
0
3
3
2
7
9
0
1
3
0
6
1
3
3
3
4
1
1
4
0
1
6
5
0
4
1
4
2
7
2
3
3
2
2
1
0
1
3
9
2
2
5
1
1
1
0
0
3
2
2
4
4
6
1
0
2
3
0
2
1
6
2
5
10
2
2
1
1
1
1
1
2
0
0
3
5
1
2
4
5
7
4
0
0
0
1
3
0
0
2
0
0
1
7
3
4
1
2
3
0
2
0
0
5
0
1
0
3
3
3
0
3
3
0
2
2
3
0
3
2
2
7
2
3
4
3
0
2
2
0
3
2
3
3
0
11
0
1
1
5
0
1
0
0
2
0
0
4
2
2
4
2
5
0
4
4
2
6
2
2
0
4
0
0
3
0
4
2
2
2
4
2
2
4
4
2
2
2
0
0
2
0
2
0
0
2
0
2
0
2
4
4
4
2
2
2
2
4
2
0
4
2
4
0
0
2
0
2
6
2
2
6
0
2
4
4
2
2
2
0
4
0
2
0
2
4
0
2
2
2
2
2
0
0
2
5
2
0
2
4
0
2
2
2
2
3
0
0
0
0
6
4
2
2
2
2
2
5
0
0
4
0
4
2
4
2
4
0
2
0
4
4
2
4
0
2
7
4
2
0
4
4
0
0
2
4
0
5
4
0
2
2
2
2
4
4
2
4
4
4
0
0
2
0
4
0
2
2
0
4
2
5
2
2
0
2
0
0
3
0
0
4
2
0
2
0
0
2
2
4
2
2
2
0
3
4
3
0
0
4
0
0
2
0
2
5
6
4
0
0
3
0
0
4
0
0
4
4
0
2
1
3
0
2
2
0
2
0
2
2
2
0
2
2
2
0
0
0
2
0
0
2
0
2
2
2
2
4
4
0
4
2
2
2
4
2
4
2
0
2
0
2
2
0
2
6
4
0
2
4
2
4
2
2
2
3
0
2
4
9
0
4
4
0
2
6
0
0
6
4
0
2
4
2
4
6
6
4
8
11
18
8
8
6
4
12
16
8
4
2
2
18
2
4
8
8
14
8
2
8
10
8
10
2
6
6
8
2
4
12
14
0
8
2
6
2
6
6
4
6
11
6
4
14
8
10
12
8
12
6
6
16
6
14
6
4
2
6
2
4
2
10
8
8
8
2
12
8
14
6
6
6
2
16
21
4
8
16
10
12
4
6
14
10
6
8
10
16
8
6
10
8
10
12
2
10
8
12
6
2
8
10
16
8
6
10
6
4
4
8
8
11
12
6
2
12
4
8
4
10
8
17
12
18
8
12
14
10
6
6
2
6
0
8
8
12
8
8
6
4
14
4
4
11
8
4
6
8
16
12
6
13
6
6
0
10
8
4
14
4
14
10
14
2
2
6
6
4
19
6
6
6
8
12
6
4
6
6
17
14
6
4
2
8
21
6
4
10
12
6
8
10
6
8
14
4
6
12
6
16
2
6
8
4
2
6
0
2
4
4
8
10
16
4
2
8
8
8
4
12
20
10
18
6
8
4
6
4
6
6
6
6
2
6
2
6
2
6
10
6
10
8
4
6
8
6
10
6
4
12
16
8
12
8
4
4
8
2
2
8
4
18
2
2
4
12
10
6
6
2
8
12
10
8
4
10
6
2
6
4
39
4
1
0
0
1
1
0
0
1
1
1
2
0
2
1
1
0
1
2
1
0
0
0
2
0
1
0
0
2
2
2
2
0
1
2
0
1
1
2
0
1
0
1
1
0
1
0
1
0
1
1
0
2
1
2
1
1
2
0
2
0
2
0
1
0
0
0
1
2
0
0
1
2
0
0
0
1
1
0
1
1
0
0
0
0
1
2
0
0
0
0
0
0
2
1
0
2
0
0
0
1
2
0
0
0
0
2
2
0
0
2
0
0
0
1
1
2
1
0
0
1
0
2
0
0
0
0
1
0
2
0
2
0
0
1
0
0
0
0
0
0
1
1
0
1
2
0
0
2
2
0
0
0
2
0
0
2
1
2
1
1
1
0
0
1
1
2
1
1
0
0
0
2
0
0
2
0
2
0
1
0
2
0
0
1
1
2
2
2
2
2
0
0
0
1
2
0
0
0
0
1
0
0
0
1
1
1
0
2
0
0
2
2
2
2
2
2
0
2
2
0
2
2
2
1
0
0
0
1
2
0
0
2
2
1
0
1
1
0
0
1
0
0
0
0
0
0
1
2
1
1
0
0
1
2
2
2
0
0
0
0
1
0
1
0
0
2
0
1
0
2
0
0
1
0
0
1
1
0
2
2
1
1
1
2
2
0
1
0
