14
4
10
8
12
14
6
6
12
14
12
12
14
14
6
6
10
10
8
8
14
10
12
6
4
10
10
8
8
4
6
8
10
6
6
17
10
4
4
6
4
15
2
8
10
12
12
6
6
12
8
15
13
6
8
14
6
14
12
12
10
13
6
10
8
8
8
8
8
8
19
8
12
12
19
14
10
17
10
15
8
12
14
8
15
12
6
14
8
10
12
8
10
17
15
15
14
10
15
10
10
12
10
10
8
13
12
10
10
6
15
8
12
12
8
10
14
12
10
14
2
10
6
12
6
11
12
10
8
12
8
4
6
6
8
6
8
6
12
4
6
14
6
10
15
10
10
10
13
8
10
13
15
8
6
8
10
14
12
6
2
8
10
8
6
12
12
10
12
6
10
8
8
8
8
6
10
4
10
4
10
6
8
6
23
4
6
4
12
6
10
4
8
6
12
10
8
10
4
8
29
15
8
17
14
8
12
15
15
14
14
12
8
12
10
15
14
6
10
8
8
12
15
8
17
10
8
10
8
4
14
8
12
6
12
12
14
6
15
6
6
12
44
10
14
10
14
6
4
12
8
2
12
8
4
10
8
6
14
10
6
10
4
8
8
6
10
12
6
6
2
4
12
10
6
8
10
21
21
8
8
8
4
12
10
4
6
6
4
2
6
8
2
4
4
4
4
12
2
4
4
0
2
0
8
6
4
2
2
6
4
8
4
2
0
2
0
0
6
4
2
2
0
4
6
2
2
0
4
2
6
0
4
2
8
2
2
0
8
6
4
2
4
4
2
8
2
4
1
6
0
2
2
4
2
0
4
6
2
10
2
6
6
4
0
0
8
4
4
6
6
2
2
2
6
0
2
0
0
2
2
4
8
4
6
4
0
2
2
2
4
4
4
6
8
4
6
0
2
2
0
8
8
8
2
2
6
2
6
0
4
0
4
4
14
2
6
2
0
4
8
8
0
4
8
6
0
2
4
0
0
8
6
4
2
8
8
10
2
0
6
8
4
2
8
8
16
6
4
6
2
2
2
4
8
6
2
0
0
6
0
2
6
0
4
6
4
6
2
6
6
2
4
4
2
2
12
8
4
2
4
6
16
6
2
0
10
8
2
8
0
4
2
1
0
2
4
6
0
2
2
16
6
2
2
2
8
4
6
2
2
0
0
12
6
12
0
4
4
4
0
4
4
6
6
2
10
6
10
1
1
6
8
6
4
4
8
2
8
6
4
8
6
1
4
2
4
12
6
2
2
2
2
4
4
4
4
4
2
8
4
3
2
0
8
2
6
0
6
5
2
1
2
3
6
0
6
0
2
4
0
0
12
0
2
0
0
0
6
9
10
2
0
2
6
2
14
2
2
4
2
0
0
9
4
8
0
6
2
8
0
0
0
2
0
0
4
2
2
4
0
4
2
0
4
8
2
2
2
0
10
0
6
0
2
0
8
0
0
2
2
2
8
0
4
0
10
0
8
4
8
2
6
0
8
0
2
0
4
2
8
0
0
0
4
0
6
0
2
2
0
2
4
6
2
2
2
2
4
0
2
4
2
0
9
4
0
0
2
6
0
2
2
2
4
2
2
8
2
0
4
8
2
0
0
6
18
8
2
0
0
8
2
0
0
0
97
8
0
6
0
2
8
2
4
0
2
0
0
6
4
2
0
8
0
0
6
0
4
2
2
4
0
9
6
2
6
2
6
0
4
4
4
8
10
0
4
0
4
2
4
0
10
6
0
2
4
0
8
4
0
6
2
4
0
0
0
16
0
0
8
6
2
6
0
2
2
10
0
2
0
0
0
0
0
8
0
0
6
0
4
6
6
8
2
2
0
0
2
0
2
2
2
10
0
2
2
2
4
0
4
6
0
2
4
0
0
0
0
8
9
8
4
14
0
2
2
2
0
2
0
0
2
8
2
0
0
0
0
4
2
2
0
10
97
7
2
0
6
4
6
2
4
6
6
6
6
4
6
11
8
9
6
9
6
8
7
6
6
4
4
2
11
8
6
4
15
4
8
4
4
2
8
12
5
7
4
5
6
8
6
2
8
6
6
5
4
6
8
9
6
6
7
2
9
6
5
7
9
10
6
7
7
4
9
2
7
9
7
9
6
8
4
7
4
4
12
6
2
6
6
7
5
6
11
6
4
4
4
5
5
10
6
8
8
5
13
11
6
2
7
6
6
6
6
10
8
8
6
4
6
6
6
5
6
17
7
8
6
4
6
11
9
9
12
8
9
13
6
7
9
6
6
6
6
20
4
7
8
7
7
4
7
10
9
4
6
12
7
6
9
5
7
9
9
6
5
10
6
5
13
10
6
10
8
6
7
4
8
13
6
6
8
8
8
10
6
8
6
6
6
10
2
4
8
5
10
8
11
13
6
4
7
8
9
6
11
6
8
6
8
10
8
8
11
6
8
6
10
4
11
52
6
4
6
10
10
6
6
12
6
6
9
9
6
9
6
15
6
4
83
6
6
13
10
8
10
6
9
11
6
6
2
8
6
8
6
4
6
8
6
4
4
8
10
12
6
6
13
10
11
6
6
4
10
10
8
4
6
10
4
6
2
4
2
6
4
6
4
6
4
6
4
8
8
6
8
6
2
8
6
6
0
0
0
4
0
0
2
2
0
0
2
2
2
2
4
0
2
0
2
4
4
2
2
0
1
0
2
2
2
2
0
0
2
2
0
2
0
0
0
8
2
2
2
0
0
0
2
2
1
0
0
0
2
55
0
0
77
2
2
2
0
0
0
0
2
2
2
2
0
0
2
0
0
2
4
6
2
0
0
2
4
0
2
0
4
2
2
2
0
2
4
7
2
0
2
0
2
4
0
1
0
0
0
0
0
2
0
0
2
2
2
2
0
0
0
2
2
2
2
0
0
2
2
2
1
3
0
3
0
0
2
0
3
2
4
0
0
2
0
0
0
0
0
0
4
4
2
0
4
3
0
0
0
4
0
2
2
0
4
2
0
6
2
2
0
2
0
2
0
2
0
0
0
0
2
2
2
2
0
0
0
0
2
0
0
2
3
0
0
2
0
0
2
2
0
4
3
2
3
4
2
0
0
2
0
4
0
0
0
0
0
2
2
0
2
4
0
0
2
0
2
0
0
0
0
2
2
2
0
0
0
2
3
0
2
2
0
0
2
4
0
0
4
2
2
2
4
2
6
0
0
2
0
2
0
0
0
4
0
0
2
2
2
0
2
2
2
2
0
2
0
0
2
1
2
2
0
2
0
0
2
4
4
2
0
2
0
0
0
4
5
0
0
2
2
0
1
3
2
0
1
0
3
2
0
0
0
1
0
0
0
0
0
0
2
0
6
0
0
0
2
0
4
0
2
0
4
0
2
4
5
2
0
0
0
2
4
0
0
0
0
4
0
2
2
2
0
2
0
2
1
0
4
2
5
2
2
2
2
2
4
3
0
2
0
2
0
0
2
0
0
3
0
0
0
0
2
1
2
2
0
3
2
1
2
4
2
1
4
4
2
2
0
0
3
4
8
4
42
0
2
4
3
0
5
2
2
2
2
7
2
2
0
2
3
3
3
3
2
3
4
5
2
1
2
2
7
2
2
1
3
0
3
2
0
0
2
0
2
2
3
5
3
1
0
26
0
3
0
2
0
2
3
2
2
2
2
1
0
3
0
2
2
2
3
2
3
0
3
0
2
0
2
2
2
3
2
0
3
2
2
0
2
3
2
0
0
2
3
0
0
0
3
0
2
0
2
2
2
0
2
0
2
0
2
3
2
2
2
0
2
0
0
3
0
2
3
3
4
2
2
0
2
2
2
0
2
4
4
0
0
2
2
2
3
6
4
1
6
9
3
3
2
2
2
0
2
2
2
0
2
3
0
3
2
2
0
2
0
2
2
2
1
2
2
2
0
0
4
2
0
3
0
2
2
0
2
2
0
0
0
2
2
0
4
4
2
2
2
0
0
2
2
0
2
2
0
2
2
0
0
2
0
0
0
2
0
4
2
2
0
2
0
1
0
0
2
2
4
4
0
0
2
2
0
0
0
0
2
2
2
2
2
0
2
0
2
2
6
0
2
2
2
0
0
0
0
2
2
2
2
2
2
2
2
0
2
2
2
0
1
2
0
2
2
0
5
4
2
0
2
0
0
2
2
2
2
4
2
2
2
4
2
2
2
0
2
4
4
2
2
0
0
2
0
2
0
2
2
0
4
4
0
2
0
2
0
2
5
2
4
4
0
0
2
2
2
2
0
0
2
4
2
2
2
2
2
2
2
4
5
0
9
2
0
2
2
0
0
0
0
2
2
4
3
2
2
0
2
2
2
4
2
0
2
0
2
0
0
0
1
2
0
0
0
0
0
0
4
0
4
0
2
4
7
2
0
2
2
0
0
2
0
0
2
2
2
2
2
0
0
0
0
0
2
2
2
0
2
0
2
0
0
2
2
0
4
2
2
2
0
2
2
0
2
2
2
2
0
4
8
0
0
2
2
2
2
0
0
0
0
4
0
2
2
0
2
0
4
2
2
2
0
0
5
0
0
2
0
0
0
2
0
0
2
2
0
0
2
0
4
0
2
0
9
27
13
27
26
5
50
33
59
52
14
48
10
29
12
5
44
22
61
61
29
13
16
2
21
19
28
40
44
38
33
49
38
28
20
34
17
9
42
32
26
2
60
43
22
34
53
41
20
32
38
34
31
26
35
16
58
42
46
32
23
34
50
5
4
56
32
33
29
46
47
38
10
52
39
32
14
4
56
49
22
45
21
25
58
44
21
21
34
2
51
30
18
34
26
22
36
32
5
20
30
2
39
36
29
24
30
60
23
27
60
36
26
11
4
11
34
1
18
18
27
31
18
6
40
12
35
2
10
43
23
59
23
39
35
40
47
25
3
43
20
44
16
33
26
19
40
12
10
5
30
54
49
43
34
22
29
40
31
41
5
26
47
18
7
36
12
59
40
22
11
36
4
22
35
36
12
29
34
31
6
28
2
22
24
70
59
53
34
38
59
29
25
30
39
27
36
23
6
51
4
51
20
20
35
47
23
40
2
19
43
52
2
36
1
17
30
28
23
53
32
29
74
62
48
14
16
0
21
24
32
13
18
32
60
54
35
43
36
15
52
24
29
14
28
29
23
22
21
2
21
49
27
47
45
33
36
42
72
32
23
59
23
16
6
5
26
16
33
26
2
26
7
41
27
35
10
28
56
24
47
23
31
46
58
2
35
27
4
2
4
7
0
3
2
2
5
7
2
14
12
4
3
2
5
3
10
0
5
7
3
5
1
7
4
9
4
2
4
2
2
5
0
10
6
5
3
4
3
2
4
0
4
9
7
5
5
5
1
0
3
11
5
9
8
5
2
2
3
3
2
4
3
20
3
5
0
5
14
18
14
9
3
4
13
0
3
5
4
5
3
0
11
9
2
7
4
12
2
8
9
2
4
7
15
1
2
2
7
4
2
3
6
6
16
14
5
16
0
4
4
5
4
4
2
8
8
10
7
4
6
1
2
3
4
16
5
6
4
5
5
7
9
4
6
4
5
5
3
3
2
4
4
5
11
2
13
4
0
4
6
15
6
8
0
10
0
0
0
3
0
7
3
4
4
11
5
0
2
0
5
2
8
5
7
14
21
1
2
18
4
2
6
0
1
0
2
0
5
0
2
0
5
3
0
0
0
3
2
0
3
12
0
4
2
4
8
8
5
0
4
0
4
7
10
5
6
4
2
4
3
2
4
6
3
8
4
3
3
2
6
1
3
3
0
3
2
3
3
2
2
0
6
3
7
1
0
7
1
7
3
2
1
0
0
0
3
1
3
2
2
2
1
5
3
2
2
0
3
0
6
7
5
2
8
4
4
3
4
2
1
0
1
2
0
4
1
0
5
1
1
3
0
1
0
7
4
1
0
1
3
2
0
2
3
4
4
3
4
2
2
0
4
2
4
1
2
3
2
5
0
3
1
5
0
2
5
4
5
5
4
0
4
0
0
2
2
2
5
2
1
5
0
2
2
7
0
0
2
6
4
1
17
4
1
3
3
7
3
4
33
1
2
2
2
0
6
5
2
2
0
0
1
2
0
3
1
2
4
4
3
4
3
4
1
5
3
1
0
2
0
4
0
2
2
7
1
1
4
19
2
2
0
2
1
3
4
1
3
4
4
1
0
0
0
1
0
4
0
0
3
1
0
2
2
0
2
1
3
1
5
2
2
7
19
3
2
4
3
4
0
4
2
5
0
1
2
3
31
1
2
3
3
3
2
0
1
0
4
1
1
0
3
5
1
1
2
3
1
3
3
7
3
1
1
0
1
1
0
1
0
3
1
0
5
4
3
2
23
1
5
1
4
2
1
9
0
5
5
1
0
2
5
1
1
3
5
0
3
0
0
0
1
1
1
0
1
1
0
2
1
3
34
2
2
1
5
5
1
3
5
2
7
3
3
0
1
17
0
0
5
5
2
2
2
0
2
3
0
1
4
1
3
0
4
5
6
9
0
4
0
7
3
5
7
3
4
4
0
1
4
1
0
5
