10
10
18
20
6
10
6
6
6
12
4
12
4
24
6
20
2
6
4
8
10
10
8
4
12
38
14
10
10
10
12
16
16
12
8
8
6
4
4
10
6
10
10
16
10
12
6
8
20
8
4
14
6
6
2
8
6
14
8
14
38
8
10
8
2
10
12
8
14
12
4
8
18
12
12
10
16
12
14
18
14
10
28
14
18
2
8
8
10
10
12
18
14
12
24
6
8
10
12
16
14
8
12
4
14
18
10
6
8
14
8
10
14
18
10
14
8
10
16
12
8
18
4
8
12
6
18
10
8
8
12
8
10
10
12
20
14
16
10
12
10
12
20
14
4
4
8
4
12
14
8
6
8
6
8
6
6
4
4
6
4
8
14
6
4
2
6
8
0
0
14
14
10
0
2
2
10
4
10
12
14
4
14
2
6
0
10
6
10
8
10
0
6
12
6
6
4
8
16
8
10
10
10
2
10
4
12
6
10
8
10
10
8
6
8
4
4
4
12
10
6
14
6
6
8
12
6
8
8
12
6
10
2
12
8
8
10
8
14
2
6
6
2
10
6
4
2
20
6
14
6
8
4
2
16
4
4
8
8
2
4
6
2
6
12
8
8
8
14
4
8
6
6
10
6
8
10
4
12
14
8
2
6
16
2
2
4
2
6
6
4
12
8
10
8
14
2
2
2
10
10
16
2
10
8
8
6
8
10
6
12
8
12
10
4
0
4
6
6
8
8
8
6
6
8
6
2
6
4
10
10
10
10
2
20
6
4
4
6
4
6
6
10
4
8
2
6
6
4
2
10
6
4
12
6
6
2
14
4
6
10
6
14
8
8
2
8
2
6
10
2
6
8
10
2
2
8
10
6
8
6
4
4
10
14
4
12
0
4
0
4
10
6
6
10
0
8
6
8
4
10
4
6
0
0
2
10
4
6
8
2
12
0
6
2
10
2
6
2
2
10
4
12
8
2
12
12
8
10
2
4
4
10
4
8
4
4
6
8
2
2
2
6
4
6
12
6
8
8
6
4
2
6
4
8
2
4
6
2
18
0
4
6
0
0
12
10
4
6
10
6
2
4
2
4
4
6
2
14
4
10
12
2
8
8
6
10
4
6
2
0
10
6
8
12
8
4
4
10
6
4
8
4
8
2
12
2
8
4
2
6
16
8
8
6
10
10
4
10
4
12
10
8
2
8
4
6
4
6
10
10
8
6
8
2
6
8
0
2
12
12
12
8
4
4
6
4
0
12
2
2
8
6
6
8
2
2
6
8
8
6
8
12
8
8
12
2
12
2
2
18
8
4
8
6
10
7
40
4
4
8
6
49
4
8
4
2
4
2
2
8
2
4
4
4
8
4
41
2
0
6
8
4
4
4
4
4
6
4
45
2
4
37
2
2
4
13
2
58
2
4
4
2
8
13
8
4
8
2
2
4
7
6
2
2
2
5
34
2
6
49
2
2
62
0
2
41
2
2
51
6
4
50
6
2
4
4
6
42
2
4
54
11
39
6
4
8
44
4
4
2
8
8
4
8
8
6
5
24
2
2
53
6
4
4
6
4
45
12
6
8
8
4
2
4
4
45
5
4
6
8
4
10
4
2
2
10
4
5
2
6
39
6
4
43
8
6
6
23
2
43
4
26
9
4
8
4
2
4
2
2
80
4
6
2
4
4
3
43
4
6
33
6
4
8
6
4
51
5
6
39
6
0
53
2
9
35
2
0
2
2
6
2
2
4
2
6
8
2
0
4
56
6
2
2
8
4
5
2
2
4
4
4
6
2
4
0
51
8
2
2
4
8
8
6
23
43
2
4
4
25
0
4
29
2
17
21
28
24
17
24
4
6
37
4
0
21
36
25
25
27
21
12
21
6
2
4
5
16
6
6
17
9
2
17
8
21
5
2
6
6
28
23
14
26
19
25
23
24
23
2
22
19
28
29
36
15
14
10
61
4
34
3
13
7
12
8
13
10
7
8
5
11
0
8
4
7
3
10
5
5
13
11
11
17
6
5
7
20
12
7
5
20
8
8
7
8
15
16
9
19
6
8
6
12
23
8
5
9
11
10
7
12
8
8
5
6
16
11
8
21
11
8
9
13
11
22
22
13
2
1
0
12
16
15
12
16
13
8
3
14
12
15
18
15
21
8
8
6
9
9
7
5
14
13
7
8
7
11
6
10
14
11
24
11
8
6
21
14
10
19
11
16
6
5
17
12
1
18
16
22
12
13
17
25
27
9
13
24
19
20
7
10
23
5
23
16
17
14
13
18
16
10
9
33
18
11
26
13
5
12
17
13
15
17
13
16
8
17
17
17
12
11
10
11
7
4
24
9
29
13
10
12
23
16
18
15
24
14
19
15
14
17
18
11
19
16
17
18
22
14
14
14
15
15
23
7
18
16
15
17
12
20
23
17
19
16
21
28
25
32
9
28
29
20
22
22
12
11
17
17
9
13
22
18
13
9
17
18
10
10
10
7
25
12
12
22
13
16
7
16
13
17
14
13
14
13
14
12
19
9
11
10
10
11
7
13
13
6
13
7
9
24
21
13
9
9
8
6
8
13
8
13
13
14
14
14
11
17
27
13
23
21
12
12
23
7
11
12
9
14
15
4
5
8
4
10
2
11
16
0
6
2
2
13
19
5
7
2
4
4
3
5
0
3
2
12
8
5
4
6
2
4
8
8
4
3
4
7
6
6
9
11
2
1
4
2
4
7
2
5
2
4
5
8
5
4
6
11
6
1
6
5
14
4
14
1
15
4
2
7
3
13
5
5
4
9
4
8
6
15
13
7
7
14
6
4
6
12
6
5
8
12
4
7
3
6
7
5
2
6
5
4
2
5
3
5
3
12
1
2
12
7
5
2
5
6
2
7
3
6
5
10
5
5
7
8
3
7
3
6
4
4
5
7
11
6
5
11
0
2
2
0
5
3
7
2
0
7
1
5
14
4
1
4
4
5
4
7
2
3
2
3
5
4
3
5
5
2
5
6
4
2
8
2
6
7
7
4
3
4
4
13
7
3
5
2
6
2
4
6
7
5
5
8
5
5
5
5
2
2
10
10
7
3
3
6
2
3
7
4
1
2
2
7
4
14
6
7
4
2
1
4
7
4
12
0
7
2
6
5
2
5
4
17
4
7
4
0
6
7
8
5
5
7
4
2
1
6
4
5
2
5
6
4
7
3
4
6
0
8
3
5
6
2
5
2
3
4
6
13
4
6
5
5
9
2
4
4
4
0
9
6
8
0
2
0
10
3
6
12
12
6
4
6
8
13
25
8
8
15
4
15
9
2
6
6
13
8
33
13
8
4
25
4
6
8
10
10
12
4
8
4
12
4
4
6
6
13
8
4
6
13
12
6
8
15
2
6
10
4
6
8
6
6
6
6
6
4
10
2
15
8
4
8
6
6
10
4
6
8
10
8
8
6
11
2
10
12
8
8
8
6
4
4
4
11
6
6
13
4
4
8
8
4
4
2
6
6
8
8
15
10
10
10
6
8
8
13
2
6
6
8
6
4
10
6
2
10
10
10
6
4
10
10
10
11
4
15
6
4
8
4
13
13
6
4
6
8
4
8
6
12
4
6
6
2
8
6
13
4
10
8
12
4
2
6
14
4
10
4
12
8
4
8
8
6
13
6
8
17
10
13
13
14
19
10
6
15
13
25
15
12
4
4
6
4
8
8
8
10
8
10
8
4
4
4
6
10
6
8
4
2
8
8
6
6
12
15
8
6
17
6
8
6
10
4
12
6
8
8
13
10
6
4
4
13
6
8
6
6
6
8
8
6
10
12
13
8
4
12
8
8
12
4
4
4
8
15
19
6
8
4
4
10
8
8
11
12
4
6
12
6
4
6
8
6
12
8
4
6
10
15
4
2
6
6
8
4
4
4
4
4
12
6
4
8
4
32
27
7
13
21
13
25
15
15
17
7
7
3
5
5
17
17
17
9
7
21
17
17
27
21
27
29
19
27
13
23
33
21
9
7
17
7
5
15
5
9
7
13
15
9
13
19
17
31
21
15
7
3
15
17
7
15
31
19
11
33
35
13
23
17
13
25
9
27
5
19
15
3
29
11
19
13
17
25
23
17
21
19
15
11
27
13
9
36
17
17
17
11
25
15
9
64
15
75
9
13
7
19
9
15
17
13
9
19
13
29
17
21
23
15
15
29
5
19
17
23
9
7
15
5
5
15
9
5
15
9
9
5
7
25
29
31
37
29
15
11
11
13
13
11
25
5
9
7
17
5
17
5
37
9
21
3
40
11
13
11
15
11
29
29
11
9
5
9
25
13
7
9
3
7
25
19
21
17
19
15
23
11
9
23
15
7
5
11
9
3
5
9
17
15
5
23
17
11
11
9
15
17
13
17
9
19
21
23
9
7
11
31
25
15
7
17
5
15
23
11
7
19
11
21
25
9
19
7
25
25
5
17
19
13
15
21
40
25
13
29
19
13
29
21
21
13
35
13
13
27
17
39
17
23
17
19
15
21
29
29
15
13
21
15
13
19
7
15
13
17
11
11
13
17
7
21
31
7
7
19
11
5
13
27
19
9
15
20
20
39
33
22
4
11
2
30
13
19
11
5
30
6
26
13
9
9
13
7
17
15
11
9
18
18
15
17
17
27
14
16
22
24
13
27
11
8
25
9
13
7
11
7
7
13
11
26
24
4
18
2
4
11
24
9
13
6
11
13
2
6
5
15
28
15
11
29
4
9
29
7
9
4
16
8
6
5
11
9
9
39
7
20
6
15
11
42
11
6
13
5
16
8
22
34
15
13
4
17
28
8
6
42
7
28
6
15
6
9
14
11
17
15
9
4
6
9
9
13
12
13
15
26
4
7
9
11
15
15
13
15
8
43
7
6
9
11
36
9
19
6
17
8
13
45
13
18
6
6
9
45
6
7
8
11
13
15
13
13
8
11
12
40
39
35
34
33
40
49
29
43
34
47
26
17
22
40
48
30
26
23
24
24
22
22
27
20
24
24
18
41
41
47
35
38
34
25
33
31
17
44
18
15
27
43
31
44
11
30
21
35
26
15
15
26
11
36
27
24
8
26
29
7
11
24
13
13
13
9
20
33
32
22
34
15
23
11
27
23
13
16
19
22
27
41
25
26
35
28
23
52
15
30
26
26
15
30
16
27
27
36
42
21
34
11
9
27
24
6
13
15
25
15
17
24
7
11
5
21
13
13
4
11
9
19
11
3
3
1
1
1
0
1
0
1
1
3
0
3
0
1
0
0
1
1
0
0
1
3
1
0
0
3
3
3
1
0
0
0
1
3
3
3
0
3
1
0
0
1
3
3
0
1
0
3
3
0
1
3
0
0
0
0
1
0
3
1
0
0
1
1
0
0
1
5
0
1
4
1
1
0
1
1
0
3
3
3
0
1
0
1
3
3
3
1
1
1
3
0
0
3
0
0
0
0
3
0
0
3
1
3
5
1
0
3
5
1
1
0
0
5
1
4
5
0
0
0
5
0
1
3
1
1
0
1
1
3
1
1
1
1
3
3
3
1
3
1
0
3
3
0
8
3
3
3
1
1
5
1
0
1
3
1
3
5
0
1
7
0
1
5
0
5
3
0
0
1
1
0
1
1
1
1
3
1
0
3
3
0
5
1
1
1
5
0
0
0
3
5
3
3
5
0
0
1
3
1
0
0
1
0
0
0
5
0
1
3
4
3
1
1
1
1
0
3
0
0
0
0
1
0
0
0
1
0
0
1
0
0
1
0
4
1
0
1
0
1
3
1
0
0
3
6
6
1
1
0
1
0
3
1
1
0
0
1
3
0
1
1
1
1
1
0
1
3
1
1
1
0
0
1
1
3
1
1
0
3
0
0
3
0
0
0
0
4
0
1
3
1
2
2
2
1
2
0
2
2
0
0
0
0
2
2
0
2
4
3
0
0
0
0
0
0
2
0
0
2
1
2
2
0
2
0
3
0
2
0
0
2
0
0
1
0
2
1
0
2
2
0
0
2
0
0
0
0
4
2
0
0
0
3
0
2
1
0
7
2
3
3
0
4
0
0
0
0
2
2
3
2
1
2
0
0
0
0
0
2
0
0
0
2
2
0
2
0
0
2
0
0
2
0
1
2
12
1
0
0
0
0
0
0
2
0
0
2
3
0
0
0
0
2
2
8
0
2
0
0
2
0
3
1
0
2
0
0
2
0
0
0
2
0
0
0
0
0
3
0
1
0
0
0
0
1
0
1
0
3
2
1
2
2
3
0
1
0
2
1
2
0
2
0
2
0
0
0
0
0
2
0
2
0
3
1
0
0
2
2
0
3
1
0
0
0
3
2
2
0
2
0
1
0
0
2
1
2
0
0
4
2
2
3
2
2
3
2
0
0
0
3
2
0
4
0
0
2
2
1
3
0
0
2
0
2
1
2
0
2
0
0
0
0
3
1
3
1
0
2
1
0
2
2
0
0
0
0
0
0
2
10
2
2
0
2
2
0
0
0
0
0
0
2
2
2
2
10
0
2
2
2
2
0
0
