2
6
2
0
2
4
12
4
2
6
6
0
0
2
2
4
0
4
2
2
2
0
0
46
0
2
44
2
2
4
0
2
0
0
0
4
0
0
45
0
2
4
2
2
4
4
0
2
0
0
0
6
0
14
4
0
2
2
4
2
0
0
0
0
93
2
2
4
96
0
4
8
4
0
2
4
0
2
0
6
0
0
0
49
6
0
44
0
0
2
2
2
0
0
48
2
2
2
0
2
46
0
2
0
0
95
0
0
2
2
0
0
6
2
2
2
0
0
6
6
0
41
0
8
2
0
2
0
4
2
2
0
4
43
2
0
4
0
0
2
0
50
4
2
0
4
4
2
2
2
4
0
0
2
4
6
0
0
0
2
2
0
0
2
0
0
4
50
0
0
2
2
6
0
0
4
0
4
36
0
0
2
2
0
0
6
2
4
0
0
6
0
4
0
0
0
6
2
8
46
2
4
4
0
10
2
0
8
2
2
0
0
2
6
0
2
2
0
52
6
2
6
0
2
2
6
0
37
0
2
41
6
2
0
6
0
2
2
42
0
4
0
2
2
2
0
0
0
44
4
2
6
4
0
8
6
2
6
2
0
2
2
0
0
0
2
0
4
4
0
8
6
0
4
0
0
4
2
0
2
6
0
2
2
4
6
2
2
27
13
2
23
19
17
23
8
25
1
18
27
9
2
18
18
2
24
31
29
18
10
25
23
29
11
17
21
16
2
20
14
14
25
13
11
4
20
33
18
2
8
25
23
2
18
19
20
15
4
18
23
27
25
2
7
24
11
21
22
19
23
0
21
30
14
25
15
17
5
8
15
12
2
9
2
18
27
32
21
33
14
15
4
16
16
16
36
10
21
14
21
16
20
1
21
20
17
24
15
15
25
38
26
8
1
24
35
14
7
24
26
18
16
24
18
17
22
11
3
19
29
2
15
23
24
1
17
23
21
20
24
16
20
27
30
2
28
30
19
2
20
25
25
1
19
26
21
5
20
24
18
30
14
25
28
18
7
26
30
21
1
10
25
22
28
16
3
5
21
10
23
22
23
20
22
3
19
18
27
17
5
11
7
21
15
17
18
5
4
2
25
19
22
10
24
18
14
20
3
21
11
25
13
5
24
27
14
3
5
3
20
2
2
23
22
31
19
18
26
16
14
13
12
10
2
11
26
12
13
15
29
11
21
21
21
11
6
2
12
22
2
13
12
15
12
23
17
22
3
2
17
8
29
2
15
3
13
14
7
6
14
22
27
11
9
17
5
2
11
13
15
19
8
22
7
17
31
9
22
19
18
18
22
20
15
18
20
27
22
42
36
39
35
31
29
25
21
0
44
34
35
20
17
46
20
27
15
23
25
32
27
33
33
37
20
27
35
10
39
27
35
20
32
31
28
41
32
35
35
20
23
29
27
46
24
12
73
24
23
6
18
28
19
16
25
7
24
16
13
9
17
28
29
13
32
13
14
21
14
11
14
28
25
28
48
39
30
21
34
52
47
34
11
23
28
35
20
24
29
37
29
49
32
42
61
45
35
27
40
39
19
33
60
31
33
29
33
45
41
27
14
25
31
26
34
40
7
50
34
48
25
38
28
26
28
28
24
22
45
40
20
36
65
53
30
40
40
42
27
42
23
53
37
46
37
25
31
29
23
21
30
26
27
22
42
29
29
21
18
17
25
25
38
29
54
53
27
14
32
27
31
18
33
30
26
29
36
37
46
27
44
36
27
19
56
23
36
34
59
37
36
29
34
25
38
24
20
33
29
7
51
35
43
28
37
49
19
32
20
24
37
29
23
28
23
29
21
19
16
20
19
16
8
19
20
15
27
22
19
26
25
19
15
23
20
25
20
21
22
22
26
21
19
15
17
39
5
20
12
31
8
30
22
10
6
5
3
11
1
3
0
9
3
5
5
0
0
4
2
3
7
7
0
1
0
6
1
4
7
16
11
4
2
7
8
6
8
2
4
4
6
8
9
2
6
0
8
0
8
2
6
8
6
7
2
2
10
2
4
2
4
4
0
11
8
4
6
2
2
6
2
6
13
6
10
4
2
4
4
4
11
11
2
4
14
2
4
4
2
6
2
6
4
6
2
0
4
4
6
6
4
2
4
2
2
6
6
8
12
2
6
10
0
2
2
4
3
10
6
4
2
4
0
10
4
2
4
2
2
8
5
2
4
9
12
2
2
4
4
0
4
6
2
4
2
2
4
2
6
8
6
10
7
2
4
4
6
2
6
8
0
2
4
4
10
11
2
2
2
6
2
6
2
6
4
0
8
4
6
5
4
4
2
6
4
6
2
2
4
8
7
6
4
2
4
4
8
4
13
13
2
10
6
4
2
6
4
4
2
6
8
4
4
4
10
6
2
8
4
8
4
6
0
6
6
0
6
6
14
8
7
2
6
6
6
2
12
17
4
6
4
6
2
2
10
2
4
6
4
8
11
10
2
8
4
6
2
9
6
4
4
4
6
6
4
2
4
8
8
8
10
2
6
2
4
13
4
2
2
8
2
4
6
6
2
2
6
4
4
4
2
2
2
13
4
2
6
6
11
4
4
6
6
4
4
8
6
2
4
8
2
4
4
6
6
6
4
0
4
6
4
15
4
4
8
0
4
2
2
0
0
4
2
0
2
2
2
4
0
2
6
2
6
4
0
6
4
2
4
2
2
0
0
2
0
8
4
2
0
8
2
0
2
4
0
0
2
0
2
4
4
2
2
4
0
2
4
10
2
4
2
8
4
8
0
0
2
2
2
4
4
2
8
0
8
4
2
2
0
4
2
4
2
2
6
6
2
4
0
2
2
2
2
0
2
2
4
4
2
0
2
2
13
2
8
2
4
2
2
0
4
2
2
2
4
0
0
2
2
0
2
2
0
2
2
2
0
4
4
6
4
6
4
2
2
4
0
0
2
0
6
2
0
4
4
0
2
2
6
0
2
2
2
2
2
4
4
2
2
2
4
2
2
2
2
2
2
0
2
2
4
2
6
4
0
6
0
10
2
8
0
2
4
8
4
4
0
10
4
0
2
0
2
4
8
2
4
4
2
0
2
4
4
4
4
2
4
6
2
0
6
2
0
0
2
0
8
4
0
8
8
0
4
6
4
0
0
4
0
0
2
6
2
2
2
0
2
4
2
4
2
4
6
2
2
0
0
2
0
0
2
2
0
2
2
4
0
2
2
2
0
2
2
0
2
2
4
0
2
4
12
4
4
4
2
4
2
4
0
4
2
4
2
4
2
2
2
0
2
4
4
6
2
4
3
6
13
6
8
6
6
1
1
2
21
5
4
4
3
10
6
4
3
7
12
0
10
36
13
15
15
11
40
15
24
13
20
15
20
11
4
17
14
11
7
13
8
12
13
13
15
15
23
12
25
14
53
20
18
23
18
10
33
11
19
7
14
37
14
12
14
9
17
17
8
31
15
15
6
13
17
17
13
12
15
16
14
14
10
15
33
5
7
21
5
14
24
22
19
18
48
32
12
7
19
13
14
24
21
24
18
8
16
13
18
28
13
15
14
18
17
27
10
20
9
10
29
11
14
8
25
12
31
8
23
15
18
25
21
22
9
22
32
24
19
13
24
11
12
24
9
12
17
15
12
20
21
11
13
20
31
12
28
15
14
18
21
35
11
18
18
10
16
11
14
11
16
6
27
10
13
10
15
26
36
14
8
11
19
21
8
14
14
17
10
14
13
14
23
12
8
7
12
12
18
9
31
14
18
21
9
6
12
10
25
10
11
15
20
11
8
17
10
13
39
10
8
36
6
6
17
20
15
11
32
19
11
16
14
18
10
18
11
32
10
13
14
16
8
11
18
9
18
32
18
20
36
18
20
17
30
12
10
15
32
12
5
7
13
32
19
9
7
13
12
18
15
9
8
11
22
17
14
10
11
7
29
7
12
19
19
19
19
19
19
19
20
19
19
19
19
19
19
18
19
19
18
19
19
20
19
19
19
19
19
19
19
19
19
19
19
19
19
19
20
19
19
20
19
18
19
19
19
19
19
19
19
19
19
19
19
19
20
19
19
20
19
17
19
19
19
19
19
19
19
19
19
19
20
19
19
19
20
19
19
19
19
20
19
19
19
17
20
19
19
19
19
19
20
20
20
19
19
19
20
19
19
19
19
19
19
19
19
19
17
19
19
19
19
19
19
19
20
19
19
20
19
20
19
19
20
19
19
19
18
18
19
20
19
19
19
19
19
19
19
18
19
19
19
19
19
19
19
19
19
20
19
19
19
19
19
19
19
19
19
20
19
19
19
19
20
19
19
19
19
19
19
19
19
19
20
19
20
19
19
19
19
19
19
19
19
19
18
19
19
19
20
19
19
19
19
19
19
19
19
17
19
19
18
19
19
19
19
19
19
20
19
19
20
19
19
18
19
19
19
20
19
19
19
19
19
19
18
19
19
19
19
19
19
19
19
18
19
19
19
19
19
20
19
19
19
18
20
20
18
19
19
19
19
19
19
19
19
19
19
19
19
19
19
19
19
19
19
19
19
19
19
19
19
19
19
19
19
19
19
19
19
19
20
19
20
19
19
18
18
19
19
2
0
2
2
2
2
0
2
2
0
2
0
0
0
2
2
0
2
4
2
2
2
0
2
2
0
2
0
2
2
0
2
2
2
0
2
0
0
0
2
2
0
2
2
0
2
2
4
2
0
0
2
2
0
2
2
0
4
4
2
2
0
2
2
2
2
2
2
2
2
0
2
2
0
0
2
2
4
4
0
2
4
2
2
0
0
6
2
2
2
2
0
2
0
2
2
2
0
2
2
0
2
2
2
2
2
2
2
2
0
2
2
2
4
2
2
2
0
2
2
2
0
0
0
2
0
2
2
2
2
2
2
2
0
0
2
2
2
2
0
2
2
2
2
2
0
2
4
2
2
2
2
2
0
2
4
0
0
0
2
4
2
2
2
2
2
2
2
0
0
2
2
0
4
4
2
2
2
2
2
0
0
2
0
0
2
2
2
2
2
2
2
0
0
2
2
2
2
0
2
2
0
0
0
2
0
2
2
2
0
0
2
0
2
0
2
0
0
2
2
0
0
0
2
2
2
2
2
0
0
2
2
2
2
2
2
2
0
2
0
0
2
2
4
2
2
2
4
2
4
2
2
0
0
0
0
2
2
2
2
0
0
2
2
0
0
0
2
2
2
2
2
2
2
0
0
0
2
2
2
0
0
0
2
0
2
2
0
4
2
6
2
4
2
6
4
2
4
2
4
4
4
6
13
2
6
6
2
5
4
4
4
4
6
6
4
2
8
6
4
4
4
4
4
4
4
4
2
4
4
2
2
4
4
6
4
5
6
4
4
10
6
11
4
4
8
5
4
10
5
2
5
2
4
7
4
6
8
4
6
2
2
2
4
6
4
4
4
4
3
8
4
4
4
2
6
4
65
5
6
5
10
6
4
2
2
8
2
6
4
6
8
9
4
8
10
6
4
6
7
7
4
4
8
6
6
13
6
6
6
6
13
6
4
6
4
6
8
6
4
13
6
2
4
4
8
11
9
13
15
9
6
4
7
8
9
6
9
6
6
11
7
6
4
6
4
4
4
4
2
4
5
9
6
12
9
6
5
6
6
6
8
11
9
7
11
4
6
4
7
10
7
9
15
9
7
4
9
8
9
6
6
8
4
11
8
7
10
7
4
2
8
6
11
8
6
6
5
6
8
12
8
5
6
5
11
4
8
6
6
4
8
4
6
5
6
6
2
6
4
8
2
7
7
48
4
3
4
8
5
7
11
8
4
6
4
8
9
10
5
2
4
5
6
2
11
6
5
4
6
4
9
3
11
4
2
2
8
4
4
6
4
6
6
5
4
4
6
5
2
4
7
4
5
6
5
2
12
0
20
4
24
4
16
14
4
23
4
18
4
16
0
8
0
8
2
9
2
14
0
14
2
16
8
16
6
16
0
4
14
4
16
0
12
2
16
2
14
2
2
16
0
16
0
20
0
12
0
8
2
2
18
0
10
2
10
0
24
0
20
2
2
2
2
14
2
26
4
2
4
2
10
4
2
12
2
10
4
8
2
24
2
4
2
0
16
2
16
4
2
4
18
2
4
6
2
0
0
4
14
2
15
6
16
0
14
2
14
6
12
6
14
10
0
0
0
2
0
2
2
12
4
14
0
14
10
4
10
4
18
4
14
0
2
0
2
20
0
10
4
18
4
14
2
12
2
12
0
12
4
12
2
12
22
6
14
0
12
4
4
0
10
2
16
2
12
0
18
6
18
4
2
2
22
0
16
4
18
4
20
4
14
2
0
16
2
16
4
12
0
16
0
14
2
0
2
4
14
4
14
4
18
6
12
2
14
2
2
4
2
4
0
8
2
0
2
20
2
16
6
14
4
2
0
2
12
2
14
2
26
2
18
4
4
2
2
12
6
12
0
10
6
10
2
2
22
4
12
4
2
6
0
12
2
16
16
2
16
0
2
10
2
4
16
6
14
0
0
0
4
2
6
16
0
21
0
20
4
24
2
12
2
10
16
