6
6
17
6
8
4
10
9
17
8
4
8
12
10
14
8
8
12
4
8
10
6
8
2
8
12
10
14
10
15
12
4
6
14
12
8
6
40
10
8
6
10
6
6
6
10
4
8
8
11
10
8
10
6
6
6
12
10
8
6
10
10
4
10
6
14
6
12
10
6
12
4
8
4
14
6
8
19
16
8
6
12
8
10
6
19
14
10
8
16
17
12
6
4
12
8
14
4
11
4
6
8
4
11
6
4
6
10
8
12
8
6
6
8
10
8
6
4
8
8
4
4
8
4
8
12
4
4
4
10
8
6
13
14
6
10
6
6
4
6
4
8
4
4
12
6
8
6
6
8
10
8
4
8
10
10
12
4
8
8
2
12
10
8
6
4
8
10
4
6
6
4
10
8
12
2
8
8
4
2
2
8
4
4
4
6
12
8
14
10
8
6
15
13
6
8
4
12
8
13
39
15
13
4
12
6
10
10
12
14
13
10
8
6
12
15
8
10
14
12
6
10
12
8
12
14
10
6
6
4
14
6
4
8
4
8
6
10
6
8
10
16
8
16
17
12
8
6
8
19
4
8
12
6
6
8
6
2
6
2
4
4
6
2
8
7
8
4
4
10
10
6
2
8
9
6
4
4
6
2
6
4
4
4
2
8
4
6
19
13
22
3
15
18
5
26
13
11
9
23
16
14
19
14
7
23
14
14
2
9
9
9
14
7
12
8
2
11
27
9
12
11
20
10
7
16
31
13
9
21
10
5
15
36
25
23
14
33
12
20
10
33
8
37
5
24
26
14
27
15
12
16
18
19
14
46
17
25
24
36
22
18
21
26
40
19
26
27
39
31
38
35
28
31
41
35
55
40
26
46
43
53
35
42
42
38
45
32
28
42
37
47
30
43
48
54
37
47
23
44
39
64
13
27
45
66
47
30
53
43
41
48
66
50
45
52
66
41
38
57
37
17
55
49
13
56
43
49
68
48
75
21
52
51
64
51
51
26
48
46
63
43
33
48
50
25
36
61
43
41
44
36
36
34
33
60
45
55
44
59
47
33
30
36
43
44
52
46
50
41
33
37
42
51
43
34
42
58
41
48
52
53
43
24
73
73
51
72
52
38
15
33
48
35
18
51
56
42
44
27
42
40
48
49
15
35
21
43
26
32
47
19
28
47
79
23
38
26
65
48
15
39
40
74
31
40
32
44
25
43
40
16
29
25
59
25
18
28
24
30
20
23
18
31
18
10
41
12
11
9
16
17
17
30
26
13
23
11
13
3
19
18
19
12
10
28
30
19
37
18
6
18
33
24
14
20
20
14
9
2
19
7
4
4
18
2
5
2
7
12
4
3
4
9
29
7
9
15
16
0
16
26
2
5
5
2
5
2
11
14
9
33
4
2
5
9
8
2
4
3
4
8
11
2
2
10
4
12
6
21
46
5
0
20
18
2
3
12
17
9
6
16
15
4
6
2
9
9
7
0
9
18
2
22
3
3
15
2
16
7
10
17
9
7
2
11
7
9
9
7
4
15
10
12
13
10
7
5
9
18
14
9
26
5
6
12
22
17
5
5
8
2
3
2
4
2
8
5
16
13
9
0
12
9
4
0
11
14
5
13
24
26
11
11
0
9
13
14
3
15
24
15
26
3
13
8
13
5
15
8
19
0
28
13
14
5
8
12
7
8
2
17
10
13
16
6
14
17
5
14
9
2
5
5
12
9
4
11
7
12
9
2
7
8
9
7
9
11
12
7
8
11
12
18
0
2
6
28
9
13
22
0
6
10
22
13
3
11
12
28
7
42
13
13
1
6
12
31
4
5
13
4
5
4
21
12
2
5
12
24
4
20
8
14
5
12
12
6
13
14
26
3
8
7
24
12
5
0
2
1
9
13
2
0
18
2
12
22
9
3
18
18
7
2
7
12
9
8
9
2
6
0
4
11
6
14
0
4
9
14
3
10
5
5
41
26
2
38
0
26
63
38
16
18
15
13
15
18
12
33
28
4
25
2
10
34
12
2
29
0
16
4
26
12
26
7
19
14
20
18
26
6
17
26
24
4
20
37
23
2
20
18
0
35
23
2
15
2
27
53
46
2
17
19
27
27
24
2
22
4
23
25
26
18
18
14
18
32
17
46
2
7
10
24
2
19
2
10
16
4
21
43
24
5
21
0
26
24
16
4
33
24
28
32
2
6
2
26
0
18
30
19
2
30
32
19
59
51
39
25
13
11
25
17
4
34
0
26
28
28
26
29
15
21
0
27
30
37
2
22
4
16
20
27
28
17
24
14
2
45
22
2
90
2
25
4
29
24
16
20
24
33
5
51
7
2
32
43
10
28
16
0
14
33
24
17
23
2
29
4
21
4
12
16
40
11
22
2
59
8
2
27
45
4
36
10
43
4
43
2
57
25
4
30
9
19
25
14
41
31
28
12
26
31
4
27
0
26
7
28
35
31
14
11
33
4
59
26
4
23
46
8
2
30
33
36
2
6
59
4
34
2
15
6
4
21
26
12
25
4
2
0
40
22
34
24
35
18
49
2
6
25
43
2
14
25
20
11
25
27
28
44
8
0
28
42
2
19
36
23
23
28
25
5
0
42
0
50
61
5
17
9
3
4
17
8
8
4
13
5
2
4
3
7
4
5
4
6
7
4
8
9
6
4
6
7
10
7
3
10
5
5
10
5
4
7
9
4
4
9
6
8
6
9
43
8
19
4
4
4
8
2
3
8
7
5
5
9
7
6
7
7
8
5
4
9
7
4
8
4
4
4
10
5
9
5
4
9
9
5
5
3
15
9
7
7
7
14
6
8
10
8
3
11
13
12
5
9
23
5
15
9
5
9
9
7
9
10
10
8
9
11
9
9
7
9
7
19
9
12
13
11
13
12
5
6
25
4
8
35
9
10
6
10
23
9
7
18
7
7
5
7
3
4
8
7
8
6
9
10
5
9
6
10
7
8
9
9
6
9
9
5
2
17
20
22
13
9
11
31
13
14
10
7
13
4
7
9
9
15
45
11
11
8
24
22
8
4
36
12
13
11
11
11
11
5
5
42
4
5
4
6
3
4
6
11
4
9
7
5
5
7
5
5
5
12
6
12
7
8
5
5
3
5
7
7
10
10
7
7
7
2
7
6
5
7
5
5
5
7
12
14
2
5
8
6
5
7
5
7
5
15
7
19
14
5
5
3
5
12
5
6
8
3
7
7
6
4
3
8
4
6
8
41
3
7
8
8
4
12
7
3
5
2
2
13
8
10
8
5
2
2
0
4
4
0
0
4
2
0
6
0
0
2
2
0
4
4
6
0
0
2
0
4
0
2
4
2
4
0
0
0
0
0
0
2
2
4
0
0
4
2
0
4
6
0
6
2
0
0
2
8
2
0
2
2
4
2
2
0
2
2
2
2
6
2
0
2
4
2
2
4
2
0
4
4
2
0
0
0
4
0
6
4
2
6
4
0
0
0
2
2
0
2
2
4
2
4
4
0
2
2
2
4
2
0
4
2
0
2
0
0
0
2
6
2
16
4
2
2
6
0
2
2
8
6
2
0
8
4
6
4
0
6
2
6
4
17
2
0
4
0
2
0
4
0
4
6
4
2
6
0
6
4
2
2
0
0
4
0
2
2
4
0
6
4
0
2
6
0
6
2
0
2
0
2
2
4
0
2
6
4
4
2
4
0
6
2
2
2
2
0
2
2
0
4
0
2
0
4
0
2
2
2
4
2
0
4
2
2
2
2
4
4
0
4
10
2
4
2
0
4
6
15
0
2
0
2
2
18
2
4
2
0
2
2
2
4
6
2
2
0
0
0
0
2
0
4
2
0
14
2
4
2
2
0
0
0
6
4
4
2
4
2
2
2
2
2
0
2
4
2
0
6
4
0
0
0
0
2
0
4
0
0
2
2
4
0
34
36
47
31
34
25
54
40
34
46
44
43
25
62
38
42
33
24
44
36
58
55
43
34
56
58
39
39
51
55
57
56
61
49
43
45
59
66
60
48
43
62
58
50
55
58
48
46
69
50
27
56
60
63
50
64
49
55
66
55
31
56
32
51
43
52
61
57
56
58
30
24
35
59
58
55
44
50
22
47
50
45
45
58
56
60
58
57
52
36
67
46
52
64
53
58
53
28
61
50
33
57
47
55
53
44
46
58
56
58
48
51
56
42
60
50
57
0
56
51
60
50
50
63
52
47
57
33
60
36
60
50
56
61
31
52
36
64
44
50
54
51
44
62
50
53
40
47
60
51
62
33
50
40
56
44
38
56
59
60
33
52
49
54
59
35
35
58
47
57
50
58
55
48
62
39
42
46
54
55
59
47
62
45
50
54
56
25
42
33
39
43
52
58
47
31
59
57
60
36
34
46
50
56
51
39
49
60
54
41
58
48
30
48
39
41
52
52
30
61
55
49
39
46
53
57
52
58
50
58
62
55
39
64
39
58
32
58
53
41
33
53
49
63
56
49
42
53
63
49
60
42
55
53
61
56
52
31
0
28
13
41
48
31
47
30
5
63
0
50
1
0
0
50
61
0
0
13
10
17
23
18
41
41
48
29
34
54
4
0
2
0
2
0
0
2
4
2
4
2
2
0
0
4
0
0
0
6
2
2
2
4
0
0
21
19
0
2
0
4
6
4
4
8
4
6
4
4
2
2
2
6
4
4
0
2
2
2
0
2
2
2
10
4
4
4
2
0
6
2
4
4
2
2
0
0
2
4
4
2
4
4
0
4
0
8
0
0
2
2
4
8
2
4
4
4
2
2
8
0
2
4
0
4
0
4
4
2
2
4
2
2
8
4
4
0
4
4
4
2
2
0
0
4
4
4
2
2
0
2
4
4
2
4
0
2
0
4
2
0
0
4
4
2
4
2
4
4
2
2
0
2
2
6
2
4
4
0
4
0
4
2
2
4
4
2
0
2
0
0
4
0
4
4
4
0
4
2
2
4
2
0
0
2
2
2
0
2
0
2
4
4
4
2
2
2
2
2
2
0
4
0
4
2
0
18
2
2
0
0
0
0
0
0
2
0
0
2
4
2
0
0
2
6
2
2
2
4
0
2
0
0
2
2
2
0
0
2
0
4
2
0
0
2
0
2
0
0
0
0
0
0
0
4
4
2
2
2
0
0
0
0
0
0
2
0
0
2
2
2
0
0
4
4
4
0
2
2
2
0
0
0
0
2
0
2
0
0
2
2
2
2
2
4
0
0
4
2
2
0
4
0
0
4
4
0
2
0
0
2
2
2
2
0
0
2
2
4
0
2
2
4
4
4
2
21
2
0
4
2
2
4
2
2
2
0
0
0
6
0
2
2
2
2
2
2
2
0
0
4
0
0
0
0
2
0
2
2
0
0
2
2
2
2
0
2
2
0
2
0
6
4
2
0
0
4
0
0
2
0
0
0
0
0
0
2
2
2
2
0
2
0
0
0
2
0
0
0
4
0
0
0
0
2
2
2
4
0
2
0
0
0
0
2
0
0
2
0
0
0
0
0
0
2
2
2
0
0
0
0
0
2
2
2
0
0
4
2
0
4
0
2
0
0
0
2
2
0
0
0
2
0
2
2
0
2
2
0
2
4
0
2
2
2
4
2
4
0
2
0
0
2
0
2
4
2
0
0
2
2
2
2
2
0
0
2
4
0
0
2
4
2
0
0
2
0
0
2
0
0
0
2
2
4
0
0
0
2
0
0
0
2
4
8
2
2
0
0
0
0
4
2
4
2
0
0
2
0
0
2
0
6
0
2
0
0
2
2
0
2
4
2
4
2
2
0
0
2
22
2
0
0
0
2
0
2
0
2
4
2
2
2
0
0
0
0
2
2
0
0
0
0
0
2
4
6
0
0
4
0
2
2
4
0
2
2
4
2
2
2
2
2
2
0
2
0
2
0
2
2
0
2
0
0
0
0
4
2
2
0
4
0
2
2
0
0
2
4
0
0
4
2
2
0
2
2
2
6
2
4
0
2
4
0
2
2
0
2
2
2
2
2
0
0
4
2
0
0
0
0
4
2
2
0
0
2
2
2
2
0
2
0
2
2
2
0
0
4
0
0
0
0
2
4
2
0
4
0
0
2
4
2
2
0
2
0
2
4
2
2
0
0
0
0
2
4
2
2
2
0
2
0
0
4
0
2
0
2
0
2
4
0
2
0
0
2
0
0
2
4
0
4
2
0
2
0
0
0
0
2
0
2
2
2
0
4
0
0
2
4
6
2
4
2
0
4
0
0
0
4
0
0
0
0
2
0
2
2
0
0
2
2
0
2
4
2
4
2
2
2
2
0
2
2
0
2
2
4
0
2
0
2
2
2
2
0
0
2
2
2
2
2
2
2
2
2
2
4
0
0
0
2
2
0
2
4
2
2
2
2
0
2
4
2
2
2
2
2
2
2
2
2
0
0
0
0
4
2
4
2
2
2
0
2
0
2
0
0
0
0
0
0
2
0
0
0
0
0
0
0
0
0
0
0
0
2
2
0
6
2
2
2
0
2
0
2
0
0
2
0
2
2
