15
15
23
12
46
25
19
17
11
9
8
8
11
15
27
15
8
8
23
12
21
14
11
7
17
11
17
10
11
13
14
15
8
17
13
15
6
9
13
8
17
4
8
9
13
12
19
13
17
13
8
15
24
6
19
7
24
15
9
17
13
6
11
15
12
15
15
11
11
13
11
6
17
12
8
8
11
28
9
13
11
8
11
21
8
6
9
19
17
15
11
17
10
15
15
17
10
15
11
19
15
17
8
52
19
10
32
8
6
10
8
19
17
23
19
13
17
22
21
17
17
21
7
13
8
21
8
19
10
13
19
19
7
6
7
6
13
11
11
13
15
22
9
17
30
10
11
13
4
13
9
8
19
15
17
17
12
19
13
11
15
17
11
19
23
4
17
11
15
9
23
12
4
13
11
21
11
4
15
6
10
7
4
12
15
19
11
13
19
11
19
17
17
6
19
6
15
25
25
13
6
8
22
17
15
8
13
7
23
13
20
17
11
15
11
15
13
15
7
11
11
6
4
13
6
4
2
13
8
9
15
10
6
6
11
10
6
11
8
9
8
4
4
11
12
12
9
17
2
17
6
15
15
17
8
2
12
11
6
6
11
6
8
6
15
13
8
10
6
4
12
8
25
6
4
7
6
6
6
11
4
7
9
4
13
9
2
15
0
2
4
2
30
2
2
2
38
4
0
2
2
2
4
0
2
8
2
2
2
0
0
23
2
2
2
9
2
14
2
9
2
2
2
2
0
2
2
6
0
19
30
38
0
13
4
2
0
34
2
2
26
5
0
2
3
2
2
14
2
2
4
42
4
2
39
2
2
2
2
2
18
4
0
0
2
0
2
2
2
2
2
23
9
4
0
2
0
2
22
21
2
4
2
2
0
2
3
5
2
2
0
9
2
2
2
30
2
0
4
9
4
31
0
4
11
2
2
15
0
2
2
19
2
15
2
2
2
2
9
2
2
2
2
9
13
2
30
2
4
4
5
0
2
31
2
2
2
15
2
2
2
4
19
2
2
2
5
2
7
2
2
4
11
0
2
4
2
2
4
2
2
2
18
0
0
4
42
27
2
2
2
2
9
2
21
4
0
13
3
12
2
2
2
2
0
0
3
34
2
11
38
11
19
17
4
2
4
4
4
2
11
0
22
0
2
2
2
6
27
20
2
2
2
2
2
2
11
42
2
7
0
13
2
26
2
2
2
4
17
11
9
2
0
0
4
2
2
2
2
2
2
0
2
2
2
4
2
31
0
2
0
20
2
30
0
6
2
0
2
2
2
2
18
0
2
20
2
2
2
2
20
2
0
0
2
2
2
0
3
7
2
0
5
5
2
5
0
0
3
9
0
5
0
0
5
3
0
0
0
0
5
0
2
2
0
0
4
5
0
0
3
2
4
0
5
2
0
0
4
3
0
0
0
4
2
5
0
2
0
0
5
2
3
0
0
0
5
0
0
0
2
0
5
5
0
0
0
0
5
2
0
2
0
0
3
0
2
5
5
2
2
0
2
61
0
2
4
2
0
5
0
0
0
3
0
0
0
0
3
2
0
0
2
0
0
0
0
0
7
2
2
0
0
0
0
3
4
2
0
2
0
0
3
3
0
2
3
3
4
0
0
0
3
3
5
0
0
2
0
7
0
2
0
2
0
5
4
0
0
3
0
4
0
5
2
2
0
5
5
3
5
0
2
5
7
2
2
0
0
3
0
0
3
0
0
9
2
0
0
0
2
5
2
0
0
0
0
3
0
0
0
3
4
3
0
0
2
0
0
4
9
0
0
2
0
5
7
0
0
2
0
5
2
2
0
2
2
5
5
0
5
0
0
5
5
3
0
0
0
4
92
0
0
0
2
2
5
0
0
0
2
0
4
3
0
0
0
5
3
0
0
2
7
2
0
5
0
0
5
3
0
5
2
3
3
0
0
0
0
2
5
3
2
0
3
7
3
2
7
0
0
0
3
7
3
2
2
4
2
1
2
2
4
0
0
2
0
0
4
0
1
2
0
2
2
0
0
2
4
2
2
0
4
0
2
0
2
0
0
0
0
0
2
0
6
0
0
6
0
4
0
6
2
0
2
0
4
4
1
8
0
0
0
0
0
0
2
4
0
0
0
0
0
0
2
2
0
0
2
0
0
0
0
0
0
0
0
2
6
0
0
2
0
0
4
0
4
2
0
0
4
0
2
4
4
0
0
0
1
0
2
8
0
6
4
2
1
4
2
0
0
0
7
2
4
0
2
0
4
1
0
2
2
1
0
6
0
2
0
0
2
0
0
2
0
0
0
0
2
2
2
0
0
0
0
4
0
4
4
0
2
0
0
0
1
2
0
0
2
0
1
0
0
4
2
2
2
2
4
2
4
0
0
1
0
2
2
0
0
2
2
2
0
1
2
1
2
0
6
6
2
4
1
2
0
2
2
0
0
0
2
4
0
2
0
6
6
0
0
1
2
6
0
0
0
0
2
1
2
6
0
2
0
0
0
2
0
1
0
0
2
2
0
0
2
2
1
2
0
0
4
1
0
2
2
0
1
0
0
0
0
0
2
0
2
0
0
2
2
4
2
2
6
0
2
2
0
0
0
4
2
2
0
2
2
0
0
0
0
4
1
0
1
2
1
0
0
1
1
0
0
0
3
2
0
2
1
2
0
1
2
2
1
1
5
1
0
0
0
3
0
1
1
0
0
1
1
2
2
5
1
4
2
0
4
1
1
1
0
2
2
0
1
0
1
2
0
4
7
0
2
2
14
5
4
1
1
1
2
3
0
2
2
4
0
0
6
0
4
6
0
2
1
8
0
2
1
0
2
1
3
1
1
3
5
0
1
5
3
0
1
0
3
1
0
2
3
1
3
1
3
2
1
1
2
4
5
3
1
1
2
2
0
9
15
7
1
1
4
0
2
3
7
1
4
1
3
2
5
0
1
0
1
0
9
1
4
0
0
0
0
4
1
0
0
7
12
2
4
3
1
4
1
0
1
1
1
2
0
2
3
24
0
3
2
3
1
1
0
1
2
1
7
1
1
0
0
1
4
3
3
1
0
0
1
4
3
12
1
0
6
4
4
0
1
5
8
3
10
1
13
2
1
1
1
1
4
1
0
0
0
1
0
9
11
1
2
3
2
0
2
3
6
2
0
3
12
4
4
2
2
4
0
1
1
3
1
12
6
2
16
0
6
2
27
4
1
2
0
2
5
3
3
4
0
3
2
1
3
4
2
1
3
2
0
3
14
0
1
3
2
1
1
6
4
3
2
5
0
3
4
8
6
4
2
2
6
2
2
8
2
2
8
4
4
4
4
2
6
4
4
2
4
4
6
4
2
6
4
2
4
6
2
4
7
8
2
6
8
6
6
8
8
4
2
8
4
6
4
8
4
4
2
4
6
4
4
4
6
2
2
6
2
8
2
6
6
6
6
6
8
8
6
6
8
6
6
6
6
4
4
4
6
8
10
21
17
15
35
33
27
11
10
10
22
42
21
36
10
25
2
28
12
23
33
29
28
15
26
35
38
14
25
16
10
25
21
47
10
15
33
23
10
14
38
40
26
31
25
19
26
14
15
23
18
21
34
11
21
28
50
13
13
19
19
10
37
52
19
8
19
21
42
9
8
11
13
36
0
0
6
24
25
13
45
15
16
31
21
14
17
13
12
25
18
29
27
43
25
8
19
10
6
41
34
28
10
11
8
15
33
10
52
37
27
44
8
25
31
13
29
33
37
24
19
38
50
30
10
29
22
35
21
44
30
29
21
17
17
35
23
26
8
40
37
22
8
15
50
45
17
6
17
10
21
24
20
19
29
12
24
10
17
15
28
11
15
21
6
15
7
19
13
19
6
8
14
19
10
28
15
30
27
33
12
25
19
8
17
19
15
19
10
15
11
6
28
8
14
11
23
13
30
21
8
8
13
19
10
1
16
18
8
11
15
4
6
12
12
9
18
9
9
12
8
0
11
9
12
6
15
8
13
14
9
8
31
4
13
10
12
9
8
10
17
5
14
17
25
11
16
16
49
13
0
9
10
15
12
24
25
16
8
28
13
16
15
17
39
17
12
27
17
12
11
9
8
13
9
7
34
12
22
14
22
44
8
12
24
6
12
11
4
11
8
15
14
42
6
9
11
24
16
9
22
8
34
7
11
6
6
22
15
18
12
28
15
15
25
20
10
4
21
11
9
14
12
24
13
14
8
26
5
26
6
18
12
7
24
9
21
8
16
12
9
10
8
14
7
17
9
15
15
9
19
14
0
5
16
19
11
10
10
21
19
17
13
39
6
17
6
12
8
28
14
8
12
10
6
11
30
11
16
10
12
19
6
30
10
1
13
12
10
9
6
8
42
12
17
30
10
11
9
8
15
7
11
22
22
18
19
14
7
35
11
9
21
3
8
12
5
27
16
12
7
13
13
10
31
6
8
10
10
7
7
23
11
12
33
13
0
0
0
0
0
0
0
0
0
0
0
0
0
0
0
0
0
0
0
0
0
0
0
0
0
0
0
0
0
0
0
0
0
0
0
0
0
0
0
0
0
0
0
0
0
0
0
0
0
0
0
0
0
0
0
0
10
10
10
17
17
16
7
3
12
10
12
6
12
10
7
18
10
16
10
16
14
16
14
7
9
26
26
34
17
27
12
27
12
6
27
21
26
12
12
16
23
18
16
16
28
12
21
17
14
26
44
20
26
14
21
21
26
16
21
19
34
23
27
19
34
25
19
17
41
32
12
15
9
16
41
20
15
15
21
33
20
11
20
14
55
31
30
22
17
27
29
29
13
15
25
13
30
40
34
29
38
20
27
32
33
49
50
40
30
19
15
26
30
12
25
17
34
46
53
33
39
26
41
53
30
24
10
14
23
23
27
11
30
18
28
52
29
14
33
28
30
40
28
46
26
32
41
40
25
43
58
56
54
43
26
15
25
23
23
57
39
10
43
27
39
28
40
37
33
32
25
29
49
17
21
46
10
21
28
39
10
28
42
20
38
32
26
22
33
16
13
18
21
20
29
22
8
17
25
23
33
39
41
31
30
31
44
22
12
38
35
38
28
21
18
19
24
29
19
21
10
21
17
25
10
59
27
25
17
30
10
16
21
15
9
13
7
17
12
31
7
7
18
22
28
27
16
14
19
17
12
16
19
23
34
38
14
16
12
10
16
10
10
17
14
13
13
7
19
20
8
15
8
18
10
16
20
39
8
28
10
19
9
19
16
25
9
10
0
2
2
2
0
2
4
2
2
0
0
2
0
2
2
0
0
2
4
2
0
2
0
0
0
2
0
2
2
2
2
0
2
0
2
2
0
2
2
2
2
0
0
0
2
0
0
2
2
2
0
0
4
2
0
2
4
2
0
0
2
4
2
2
0
0
2
2
0
2
2
0
0
0
2
2
0
2
2
0
2
2
0
2
2
2
0
0
0
0
0
0
0
2
0
0
2
2
2
0
0
2
2
2
0
0
2
2
2
2
2
2
2
2
0
2
0
2
0
2
2
2
2
4
0
0
4
0
0
2
0
0
0
2
0
0
0
0
0
2
0
0
4
0
4
0
4
0
0
2
0
0
2
2
0
2
2
0
2
0
2
2
2
2
2
2
0
2
2
4
2
2
2
0
2
2
0
4
2
0
4
2
0
2
2
0
2
0
2
2
2
2
0
2
2
0
2
0
0
2
0
0
2
2
2
0
2
0
2
4
4
2
2
2
0
0
0
2
0
2
2
0
0
0
2
0
0
2
0
2
0
0
2
2
0
2
2
2
0
0
2
0
0
0
0
4
0
2
2
2
2
2
2
0
0
2
0
0
0
0
0
4
0
0
2
0
0
0
2
0
0
2
0
2
0
2
0
2
0
0
0
0
2
0
4
0
0
2
4
10
4
8
0
6
8
0
4
0
2
6
6
6
8
6
8
2
2
4
6
8
4
6
2
4
4
2
4
0
2
4
6
0
8
4
0
2
8
2
4
4
6
8
2
4
4
2
10
0
2
12
2
6
8
6
6
4
4
4
2
4
2
4
2
4
2
4
47
4
0
4
2
0
4
0
4
8
2
8
2
4
4
0
99
6
2
4
6
8
8
2
2
8
0
4
4
6
6
6
2
4
4
4
0
2
0
10
6
4
0
4
2
2
0
4
6
8
8
4
2
6
2
12
2
1
4
2
2
6
4
2
4
0
8
0
8
2
0
2
8
10
6
6
0
6
4
0
2
2
2
4
6
4
6
0
4
4
2
2
2
6
0
4
6
4
4
0
4
4
8
10
4
0
4
4
2
4
4
2
2
0
4
2
2
6
14
6
6
2
6
4
0
2
2
2
2
2
8
6
4
6
6
10
4
4
6
4
4
8
4
2
2
2
4
0
4
8
6
4
4
2
10
0
8
0
10
2
2
0
2
2
6
2
2
0
6
4
2
0
0
4
0
6
1
4
5
2
6
2
1
8
1
5
6
3
0
8
6
2
1
5
3
1
3
2
1
4
6
2
0
1
5
2
4
4
1
4
4
1
4
2
2
0
2
2
10
8
