2
4
0
2
4
2
2
2
2
0
0
0
2
0
8
4
0
2
2
6
0
6
2
2
4
0
4
2
0
0
0
2
4
0
8
0
2
0
2
2
2
4
0
0
2
0
0
2
6
6
2
6
0
4
2
0
0
2
0
0
4
8
0
6
4
2
2
2
0
6
2
4
0
2
8
4
6
4
6
0
2
4
4
4
2
2
2
0
2
0
13
0
0
0
6
2
8
0
2
4
0
0
2
2
2
10
2
2
2
2
4
4
4
2
2
4
2
0
6
0
2
0
4
6
2
6
2
0
4
6
4
2
2
2
2
2
2
0
2
2
2
0
4
2
2
2
2
0
2
2
0
2
0
4
0
0
0
0
0
2
0
4
0
2
2
2
0
0
2
4
2
0
2
2
2
2
2
0
4
2
2
2
0
2
0
0
0
0
4
2
4
0
2
2
0
0
4
0
2
0
0
0
0
0
2
2
0
2
2
0
2
4
2
0
0
2
0
0
0
4
2
0
2
2
2
2
0
4
0
4
4
2
0
4
2
0
2
0
2
2
2
0
0
2
2
4
2
4
0
4
2
2
2
2
2
2
2
2
0
2
0
2
0
2
2
2
2
0
2
2
2
0
0
2
2
0
0
2
0
2
6
2
2
2
4
4
2
0
13
14
12
15
19
15
13
15
17
17
19
12
11
14
17
16
15
18
11
17
12
15
16
15
15
14
14
15
15
17
14
15
13
13
11
13
18
16
20
15
14
12
17
21
12
15
12
15
13
14
13
13
13
16
18
19
15
12
20
15
18
14
11
16
15
17
17
14
16
15
17
11
15
13
20
13
21
15
19
15
15
15
15
15
14
12
18
20
15
18
17
19
16
15
19
15
19
11
15
12
13
15
15
13
16
15
20
13
13
11
20
13
13
15
17
17
19
13
17
15
14
14
13
15
17
15
13
14
9
13
14
15
15
13
15
17
13
16
19
16
13
15
21
18
17
16
17
20
15
16
17
16
16
13
13
18
15
15
15
13
11
17
19
13
13
15
14
10
16
13
13
15
14
16
20
15
12
12
17
20
17
19
23
15
19
14
13
13
14
13
15
19
14
13
14
12
15
17
17
15
13
17
18
14
15
12
17
17
17
13
13
16
12
13
16
16
16
17
14
16
13
11
16
14
18
12
13
13
14
15
16
20
13
17
17
22
13
16
17
17
14
18
12
13
13
16
18
17
19
13
19
15
13
15
17
16
13
14
15
14
12
13
15
14
13
12
15
13
12
13
14
17
15
15
15
13
15
13
19
16
13
17
13
13
16
20
15
13
17
13
21
13
34
28
45
32
32
17
42
30
25
49
45
11
15
13
32
11
27
27
36
38
9
30
11
21
17
9
15
9
13
19
30
26
19
40
21
42
23
23
15
26
15
23
15
9
23
13
15
15
6
15
15
21
13
23
11
28
17
11
13
9
26
8
49
9
6
19
6
17
17
9
26
19
13
11
13
25
15
21
34
51
28
21
19
11
13
8
23
19
15
36
17
23
8
32
32
25
9
21
34
23
28
30
32
36
13
32
23
23
19
17
13
34
28
19
13
25
15
11
30
26
13
26
32
30
28
32
23
6
17
23
47
45
25
38
15
30
13
34
38
26
49
21
9
25
70
28
11
36
13
30
28
19
26
36
19
13
32
38
51
34
21
15
15
26
17
28
28
51
25
64
47
51
21
36
36
45
17
13
9
38
24
11
15
49
39
30
15
23
25
32
15
30
19
30
11
45
11
9
51
13
56
26
23
11
11
17
36
21
38
19
24
57
51
38
34
34
21
11
6
9
30
24
19
13
23
13
34
21
11
25
28
11
11
17
25
24
21
19
9
8
19
19
11
32
13
21
30
6
15
11
6
21
17
2
8
6
8
4
8
2
4
2
4
13
4
21
9
6
4
4
4
4
15
4
9
9
2
19
15
6
7
4
4
4
35
16
32
20
25
29
25
46
24
36
26
39
19
19
14
12
29
28
18
25
29
26
22
3
15
28
24
24
34
24
20
31
41
36
19
39
15
27
30
35
28
25
26
26
34
31
22
40
28
20
36
30
28
29
22
11
29
27
20
20
23
31
22
25
29
22
31
24
20
30
32
23
19
27
15
21
27
37
24
32
19
20
33
24
26
38
24
30
22
26
21
20
24
16
21
35
28
18
29
24
38
16
20
32
19
28
28
16
22
28
24
16
20
18
22
23
19
15
25
16
20
31
26
30
28
22
27
63
15
29
28
44
29
32
21
26
25
32
33
42
24
43
38
31
20
24
13
27
21
21
25
24
18
22
27
19
27
23
46
40
23
37
13
11
25
22
27
18
31
24
15
19
14
29
12
16
23
23
10
22
23
24
13
25
18
15
25
27
23
19
17
27
25
18
15
18
27
11
26
11
22
14
13
10
14
14
27
24
23
21
29
11
10
14
11
27
21
13
20
11
23
32
22
19
6
17
18
24
13
20
15
28
22
23
23
34
15
21
22
20
14
15
18
16
17
26
16
18
21
14
14
19
21
17
28
14
18
18
22
17
17
27
23
17
17
17
30
25
19
35
10
21
31
18
17
21
15
27
23
7
18
26
17
23
20
20
15
27
5
13
13
17
15
7
13
5
7
5
5
3
3
17
5
13
11
5
5
13
9
3
9
9
5
17
11
7
7
9
7
7
9
13
9
13
13
15
13
7
7
11
9
3
11
5
13
11
3
5
17
17
15
11
9
11
5
17
5
11
9
7
19
21
9
9
7
7
3
11
9
11
15
15
21
5
7
9
7
5
9
3
13
3
7
9
7
11
15
23
15
5
5
15
17
19
25
9
21
13
9
7
13
11
19
5
9
21
9
5
5
15
9
7
7
11
15
11
13
11
15
7
11
32
17
13
15
15
5
7
7
7
7
13
23
17
23
5
15
7
7
5
27
21
11
19
9
3
3
7
13
17
13
19
11
7
9
9
13
9
7
7
5
17
9
11
7
9
23
7
3
15
7
11
31
19
5
7
17
21
21
9
5
23
5
13
25
7
9
11
7
13
5
19
11
48
25
15
13
17
2
9
7
3
5
17
17
7
19
13
13
27
19
19
11
7
9
13
11
15
17
13
11
7
7
17
23
5
15
17
5
7
25
5
7
25
13
7
7
17
19
5
27
23
9
7
11
11
7
27
11
9
3
7
11
11
9
5
5
5
11
14
13
21
13
9
15
7
19
15
9
7
19
5
9
9
11
7
7
5
7
7
5
7
9
23
9
11
6
0
8
4
2
0
0
5
0
0
0
0
4
0
8
0
0
0
0
2
4
0
0
6
0
0
2
0
0
2
0
0
0
2
0
13
2
2
0
2
0
0
8
10
6
4
2
2
0
0
0
2
10
9
0
8
2
0
2
4
0
2
8
0
2
0
2
5
6
2
4
0
4
2
0
2
2
8
4
0
2
6
2
2
0
0
2
13
0
0
2
4
2
10
4
4
4
0
2
0
4
6
2
2
6
8
4
4
8
2
4
4
0
4
4
4
0
10
2
0
2
4
4
0
4
2
7
9
4
4
2
0
6
2
8
4
4
2
4
2
4
6
7
2
2
6
0
2
4
2
0
0
4
4
2
2
2
6
4
2
2
4
2
4
12
2
4
0
0
8
4
2
90
0
2
6
8
0
2
2
6
7
2
6
6
2
2
4
4
0
0
2
2
0
4
6
2
0
76
6
2
0
0
8
6
0
8
0
0
4
12
4
2
2
2
2
8
8
6
6
4
10
6
4
6
0
2
4
8
4
4
2
4
2
4
0
2
4
2
2
0
2
6
2
0
2
7
8
0
4
6
9
8
0
8
2
4
4
6
2
4
4
2
4
0
0
4
8
0
4
10
6
7
4
8
8
8
2
0
0
2
4
0
0
0
2
0
0
0
3
5
5
0
7
5
5
5
1
0
5
1
3
0
0
7
5
5
3
1
9
1
7
5
3
5
3
5
9
9
5
9
3
11
7
3
3
5
0
3
3
3
5
0
0
1
7
3
7
5
0
7
3
3
3
1
1
3
3
1
1
3
3
3
3
1
5
1
1
3
9
1
3
5
1
7
3
1
5
1
11
0
1
3
1
1
3
3
5
1
3
3
0
5
3
3
7
3
7
1
1
5
2
3
7
3
3
1
1
1
5
3
3
3
3
0
3
5
7
3
1
5
7
7
3
1
1
1
1
3
5
5
1
7
5
5
1
3
0
3
3
3
0
1
0
5
3
3
3
7
3
7
1
3
7
5
3
3
0
3
1
7
11
1
3
5
11
7
3
5
3
3
3
5
7
3
3
7
3
3
1
3
3
5
5
5
5
1
1
0
3
5
5
1
5
3
3
3
5
9
3
3
7
5
0
0
5
7
1
1
5
0
5
1
0
3
5
5
5
3
3
5
1
1
3
5
7
1
3
1
5
1
5
7
5
5
3
0
1
0
5
0
5
1
5
1
3
5
3
5
3
3
1
1
0
5
3
11
3
9
3
0
7
5
1
1
7
0
3
3
3
3
1
3
3
1
5
5
9
7
0
3
3
1
1
3
5
2
4
4
2
2
6
6
6
8
2
2
2
4
6
6
0
6
10
4
6
8
8
8
4
2
2
0
13
0
10
12
2
6
4
11
2
2
2
2
4
13
2
0
6
2
6
2
0
2
0
4
10
10
6
0
0
4
4
7
6
4
2
8
8
12
4
6
2
4
12
8
10
10
4
4
2
2
2
2
8
0
0
10
6
6
6
4
2
0
4
2
6
4
0
10
10
4
2
6
2
2
8
4
6
2
6
4
9
6
10
2
6
4
2
4
2
0
4
0
6
6
6
4
4
10
0
6
4
0
2
4
8
8
6
2
8
6
8
4
6
2
4
4
8
2
4
8
0
6
2
2
10
4
0
8
4
8
10
6
4
0
6
6
6
0
8
6
6
2
8
2
0
4
10
2
4
2
6
4
2
2
4
8
8
13
6
10
4
2
2
2
2
6
2
13
4
4
2
0
0
6
6
12
4
2
0
4
6
10
6
6
6
2
2
2
13
0
6
4
2
2
11
8
8
6
2
6
8
6
6
2
4
0
6
0
2
4
2
2
0
10
2
2
6
8
2
6
2
2
8
4
4
0
2
4
0
8
11
12
8
2
2
6
6
4
0
12
4
2
2
0
4
8
6
10
11
2
2
2
4
4
0
2
4
4
2
4
4
3
0
4
9
0
13
0
1
0
7
9
7
3
6
3
3
37
0
0
0
0
35
16
11
39
0
0
0
0
0
0
0
0
30
4
12
24
23
21
0
0
0
0
0
0
24
18
1
22
0
19
8
5
13
0
12
0
11
0
1
0
6
0
10
16
12
13
1
17
15
1
6
9
1
11
11
14
17
8
16
17
11
1
0
6
0
6
0
0
8
0
4
14
8
16
0
0
8
0
4
0
11
9
0
1
9
0
7
6
0
0
9
9
11
8
2
18
0
6
0
7
2
7
7
8
0
5
10
4
4
0
0
0
8
0
8
8
7
11
0
12
11
0
1
5
4
0
9
2
7
0
12
9
0
0
9
0
0
2
7
7
8
8
6
0
7
5
14
5
0
9
5
1
0
15
0
0
8
0
8
5
5
5
0
16
0
8
8
3
9
3
1
7
0
2
0
0
1
0
8
0
1
1
7
0
8
0
9
0
1
8
0
10
10
2
12
20
7
0
7
0
10
5
5
2
0
6
7
3
0
4
6
0
10
6
0
9
1
5
0
6
0
4
5
0
0
7
0
6
14
0
11
10
8
0
5
7
4
0
6
6
5
0
6
4
0
4
3
0
7
8
11
0
18
0
8
0
7
0
0
7
4
6
0
2
0
8
22
24
65
34
39
34
42
25
38
42
33
42
33
34
34
34
36
28
42
25
39
42
26
43
32
52
42
42
44
28
35
33
13
43
43
36
31
22
33
37
37
53
26
29
13
36
36
26
29
30
25
36
30
29
24
28
33
35
31
28
26
32
35
28
30
24
26
32
28
37
25
37
46
33
35
29
39
33
26
29
33
23
25
37
23
29
13
39
31
39
44
31
18
33
30
29
34
34
43
27
31
24
24
37
35
34
25
40
22
38
30
36
31
39
22
35
34
22
31
38
22
27
26
44
29
42
49
32
29
23
44
36
32
32
39
39
36
33
42
36
22
44
31
39
40
29
33
43
40
47
34
34
33
38
38
40
37
47
24
5
31
37
33
33
45
14
29
31
45
30
42
45
28
59
58
36
40
29
39
40
40
37
40
26
29
41
39
26
32
35
31
22
17
31
16
50
32
41
48
45
45
29
43
40
40
37
33
36
41
38
42
28
35
28
39
45
31
42
4
38
15
24
33
38
33
24
49
31
40
24
25
31
19
17
20
22
20
23
20
27
18
27
41
26
24
22
30
19
19
27
24
23
24
21
20
26
26
30
27
15
25
28
28
26
21
21
6
22
26
51
29
23
22
24
30
25
29
27
20
21
23
25
30
24
29
23
18
29
13
