21
0
63
0
7
2
4
41
0
21
4
24
0
0
4
46
0
17
27
4
0
23
0
0
0
0
45
20
2
0
18
2
21
17
0
0
9
0
3
0
16
0
21
20
0
9
0
0
0
0
7
23
1
0
26
0
0
0
0
0
0
0
0
0
0
7
55
0
0
7
9
0
0
0
15
11
2
0
23
0
0
2
0
2
2
0
2
0
26
5
11
0
0
15
0
11
0
0
63
0
36
23
3
31
0
0
15
0
93
22
0
0
0
0
29
0
6
0
7
0
0
23
0
22
0
0
15
0
0
74
11
0
0
7
39
0
0
0
0
11
22
0
0
41
25
63
0
12
30
1
2
0
4
0
27
0
7
0
3
0
15
2
0
0
4
0
40
0
2
44
0
0
0
0
0
2
0
0
4
23
0
91
0
0
0
2
3
0
0
0
14
0
28
0
71
0
7
0
9
7
0
5
71
0
30
44
3
0
3
0
0
5
18
0
0
0
0
0
2
6
0
8
0
0
22
0
19
6
28
32
7
0
0
3
7
21
9
0
7
0
2
0
60
0
2
5
17
2
21
0
0
0
25
7
0
5
7
0
14
7
18
0
24
46
0
0
0
0
0
0
0
0
31
7
21
8
32
36
0
0
0
7
0
0
0
18
0
24
6
12
4
10
6
0
0
4
2
6
12
6
0
4
4
8
8
12
4
6
2
4
0
2
6
2
2
2
4
4
6
4
4
0
8
6
4
0
8
6
4
2
10
6
8
4
2
14
0
4
6
4
2
2
6
2
8
16
10
2
2
6
4
4
8
2
2
4
4
2
2
4
4
10
10
8
8
4
4
10
6
10
6
6
18
8
6
16
8
12
8
10
6
12
10
10
16
10
6
12
26
10
8
10
34
12
8
10
16
8
20
12
4
12
18
10
16
12
4
10
22
16
10
8
12
8
12
20
24
14
6
16
8
6
26
12
14
8
16
20
12
4
22
30
10
10
8
8
22
4
14
10
21
14
18
10
20
10
12
10
10
6
6
6
14
20
12
12
10
20
8
10
14
12
8
10
4
4
16
4
10
6
12
12
12
18
22
6
12
8
18
6
8
8
18
10
18
6
12
8
8
16
4
14
16
10
16
10
8
8
22
12
4
14
12
10
10
18
6
6
8
6
8
8
6
20
18
6
24
16
8
14
14
12
6
12
16
8
14
12
10
4
8
8
6
8
14
2
8
6
0
2
2
0
6
8
0
2
12
2
2
16
2
8
2
8
2
4
8
8
12
10
6
8
4
8
14
4
4
4
20
8
2
8
2
8
10
8
18
63
46
42
54
37
29
34
63
62
20
43
13
32
59
36
28
5
16
43
61
44
26
9
7
0
13
9
24
24
33
25
79
18
40
45
47
45
69
50
44
52
56
25
62
27
58
32
59
0
36
32
66
67
29
43
64
63
44
65
36
25
27
66
25
16
62
45
35
17
39
32
44
36
55
12
49
36
38
56
51
65
26
46
18
13
17
29
43
37
66
69
9
34
36
42
45
24
46
59
50
9
50
54
32
8
31
52
75
62
63
13
24
52
56
43
17
29
66
34
8
22
32
0
38
16
40
22
60
18
45
20
44
20
63
50
29
14
67
0
46
46
39
82
48
46
89
64
36
34
31
75
54
42
42
36
2
7
13
41
28
35
27
9
26
32
55
64
74
18
45
44
50
21
31
56
50
40
26
0
61
28
22
18
25
8
36
38
25
22
47
35
63
35
61
52
51
55
8
33
28
27
16
26
42
38
32
42
27
47
16
46
57
27
4
43
27
84
46
45
24
45
15
9
24
8
8
31
18
36
17
31
29
29
34
43
77
52
46
18
18
20
14
64
38
8
28
70
55
18
23
40
48
54
33
0
78
15
78
47
59
54
56
69
59
85
92
61
38
70
49
8
9
42
55
76
18
31
0
17
18
83
18
47
77
11
56
46
44
56
75
24
61
40
34
72
25
54
16
36
60
56
58
61
36
48
51
36
72
37
50
44
65
68
54
76
50
28
17
67
62
16
62
74
36
34
54
70
36
23
71
54
32
54
30
56
46
86
54
74
62
46
64
34
46
62
64
60
63
32
44
47
28
52
56
36
66
48
52
40
65
41
17
34
13
58
56
48
54
51
67
54
26
46
34
64
32
44
56
29
51
26
72
44
76
38
28
79
78
46
76
48
35
76
56
44
82
44
60
52
59
28
45
21
69
68
40
39
70
56
52
46
26
54
58
41
69
68
44
30
67
38
54
15
34
22
44
42
41
16
48
71
54
32
70
40
34
64
65
40
55
48
38
44
60
0
0
0
0
0
0
0
21
11
7
16
22
21
0
0
0
0
0
0
0
0
0
0
0
0
0
0
0
0
0
0
0
0
0
0
0
0
0
0
0
0
0
0
0
0
0
0
0
0
0
0
0
0
0
0
0
0
0
0
0
0
0
0
0
0
0
0
0
0
0
0
0
0
0
0
0
0
0
0
0
0
0
0
0
0
0
0
0
0
0
0
0
0
0
0
0
0
0
0
0
0
0
0
0
0
0
0
0
0
0
0
0
0
0
0
0
0
0
0
0
0
0
0
0
0
0
0
0
0
0
0
2
4
6
6
0
0
2
0
4
4
0
2
6
2
0
0
0
0
4
0
2
2
0
0
27
2
0
27
2
4
4
0
6
2
2
2
0
6
0
2
2
0
2
4
0
0
4
2
4
2
6
2
6
2
0
6
2
0
2
2
4
2
2
4
2
2
2
0
4
0
0
2
2
0
2
2
4
0
4
4
0
2
6
0
4
0
6
2
2
0
2
0
0
0
0
2
6
2
2
0
2
6
0
4
2
2
0
2
0
0
0
2
0
0
0
2
0
2
0
4
17
0
2
4
0
0
2
2
0
2
2
2
2
2
0
2
4
2
2
0
2
2
2
0
4
2
0
6
4
4
2
2
4
2
4
4
0
2
2
0
0
4
0
4
2
2
0
2
0
2
0
4
0
0
0
0
0
4
2
2
4
2
35
4
0
4
0
4
4
2
2
2
0
6
6
2
2
0
4
0
2
0
2
4
0
2
2
4
4
2
0
2
0
8
0
4
2
4
0
29
2
0
0
2
4
0
4
2
0
6
4
6
4
0
4
2
2
0
0
2
0
4
0
4
0
2
4
4
0
2
0
0
0
2
4
2
0
0
4
2
2
23
2
2
0
2
0
2
0
0
2
4
2
4
2
0
2
0
2
2
4
0
0
2
2
0
0
0
4
0
4
2
0
2
4
4
2
4
2
4
6
6
0
4
4
2
0
4
2
4
2
4
6
2
4
2
6
4
2
0
0
4
2
6
2
6
2
4
8
0
2
4
2
8
4
2
4
6
0
8
4
6
2
4
6
6
2
4
4
6
6
6
4
4
4
2
4
2
6
4
2
4
4
4
4
2
6
0
2
8
8
8
2
2
6
4
2
4
0
2
8
2
2
4
2
4
6
4
2
4
4
6
6
6
2
4
4
0
4
4
2
4
2
4
4
0
2
2
2
6
4
2
8
6
2
6
0
2
2
2
6
8
4
2
2
2
0
2
6
8
4
6
2
6
4
0
4
2
2
2
4
6
4
2
2
6
2
6
2
4
4
4
4
8
0
4
4
6
2
4
4
4
6
2
8
6
2
2
4
4
2
4
6
2
4
2
2
8
2
4
2
2
6
2
2
8
2
0
6
4
2
6
6
6
6
4
8
2
6
2
6
4
6
0
6
6
2
2
2
6
0
6
4
0
4
2
2
6
2
2
8
6
2
4
4
4
4
6
8
4
4
4
4
0
4
8
6
4
2
4
6
4
4
4
2
2
4
6
2
4
6
2
4
6
4
6
6
4
0
2
4
6
2
6
2
2
2
4
4
6
2
6
2
6
2
6
8
11
23
45
24
47
19
34
11
19
16
14
16
21
38
13
12
41
15
9
22
19
22
8
14
9
18
24
15
22
18
19
11
18
18
22
14
9
34
15
16
21
13
15
16
21
27
16
7
20
27
21
23
39
19
12
24
19
18
19
23
13
13
37
30
15
11
20
20
24
11
21
24
19
18
19
39
18
16
23
25
19
19
22
12
15
15
27
36
13
19
26
18
16
20
11
23
10
27
35
25
18
22
24
16
30
16
8
22
15
16
34
16
9
21
23
22
15
14
19
16
16
22
23
13
16
16
14
18
26
20
19
24
15
7
20
39
22
19
14
22
19
15
15
27
13
19
16
40
32
24
7
21
14
20
20
16
18
22
25
17
23
22
19
20
14
12
30
19
19
24
36
14
24
14
11
25
15
19
14
19
19
24
13
22
21
19
27
12
21
13
24
24
13
27
24
39
28
10
22
2
18
18
16
16
21
54
40
15
25
12
15
15
18
11
13
25
16
28
22
23
22
19
22
15
34
9
12
14
17
10
34
37
37
15
15
22
16
16
8
10
9
19
6
13
13
15
22
19
19
7
16
19
18
54
41
13
35
15
19
24
4
16
22
20
24
8
16
57
12
12
15
11
12
16
22
22
9
18
18
21
12
19
18
4
12
12
26
13
13
13
6
12
10
13
10
8
13
19
25
20
10
12
10
6
6
19
8
9
14
13
17
13
13
15
17
25
8
13
27
15
15
6
11
12
12
11
8
17
14
8
14
10
27
8
11
12
15
29
8
20
4
23
14
21
16
10
32
25
15
19
10
12
12
17
8
23
12
8
8
10
12
12
8
12
10
12
8
17
19
10
12
21
12
12
12
12
14
27
13
10
25
16
13
19
19
6
16
8
21
22
15
8
12
8
17
17
12
27
27
10
17
8
12
8
19
13
16
8
8
12
19
23
19
21
11
8
31
16
16
19
19
15
14
27
20
6
25
25
15
10
12
10
6
6
23
10
13
10
16
6
6
6
10
12
11
6
23
8
8
17
10
13
10
25
10
10
12
8
6
19
6
10
14
19
4
15
12
14
15
10
27
11
14
17
8
17
6
15
13
15
12
14
15
8
12
46
15
21
2
4
15
10
10
4
8
8
8
10
13
15
10
10
8
15
17
6
6
11
6
12
19
6
10
52
6
11
10
21
29
19
4
11
27
11
15
33
12
12
10
21
25
8
36
10
17
14
21
12
13
10
17
10
29
12
8
12
15
15
10
28
19
6
12
23
29
17
23
21
23
15
10
60
13
27
25
15
17
6
4
8
12
12
6
15
15
4
2
4
0
0
6
0
2
0
0
0
0
13
4
2
2
0
2
0
2
4
2
4
2
0
2
2
4
2
0
2
2
4
4
4
4
2
0
2
2
2
0
0
4
2
8
6
2
13
0
6
2
0
2
0
0
2
4
0
0
2
2
2
4
0
0
0
6
0
4
2
0
2
2
2
12
2
2
4
2
8
0
0
4
0
4
2
4
2
2
2
2
4
2
0
0
4
51
8
15
4
4
8
0
0
2
2
0
4
0
0
4
0
0
4
4
4
2
10
4
4
0
2
4
2
0
2
0
4
2
6
0
6
0
6
10
6
2
2
4
0
0
0
4
2
4
9
4
10
4
7
2
0
2
4
4
4
8
2
2
2
2
0
0
7
4
2
2
4
4
2
2
4
4
2
4
2
4
2
4
2
2
6
4
0
11
4
4
13
0
0
2
12
11
4
2
2
2
2
4
4
0
4
6
4
0
6
4
0
2
0
4
9
2
6
4
2
5
5
0
4
0
4
2
0
9
0
2
2
0
2
4
2
4
3
2
2
2
2
2
4
2
6
0
2
5
4
2
4
0
3
2
0
0
2
0
4
0
2
0
5
3
0
15
0
4
2
0
2
2
0
4
2
10
0
2
2
0
0
4
2
0
0
2
0
0
2
2
0
2
2
0
73
4
6
4
2
84
2
8
75
0
0
0
0
0
0
0
0
0
4
0
4
32
4
7
7
0
4
86
9
2
97
0
0
2
90
97
2
4
0
6
4
6
72
0
93
0
0
0
0
0
0
0
0
0
0
0
4
7
4
48
11
72
7
2
82
0
0
0
2
68
0
70
0
3
2
10
0
4
2
28
3
56
5
92
87
5
0
0
0
0
0
0
0
2
2
0
0
38
6
0
2
43
0
55
1
0
0
3
3
72
5
7
70
2
0
0
0
1
0
0
0
0
60
4
2
2
48
2
26
5
26
2
0
2
4
4
44
70
2
0
0
0
85
0
0
0
0
0
0
0
0
0
2
3
0
0
4
0
78
2
2
0
5
91
2
4
45
52
97
4
86
0
0
0
0
0
0
4
7
40
92
5
6
6
4
0
3
75
5
1
82
3
76
0
0
0
0
0
0
0
4
0
5
43
2
2
2
4
35
5
2
0
0
2
0
0
0
0
5
47
2
4
3
88
0
0
0
0
2
0
4
0
0
0
0
5
0
2
2
25
0
0
86
0
2
0
2
0
0
0
0
0
0
0
0
0
2
0
0
0
0
2
0
0
2
7
0
1
0
2
88
0
0
3
0
0
0
2
0
0
2
0
0
79
