39
37
39
32
34
37
37
35
33
37
37
39
37
38
38
32
36
38
37
29
38
35
37
37
35
37
34
32
38
27
38
37
34
36
37
35
37
35
37
37
38
36
34
37
35
38
33
38
35
35
33
32
30
36
35
29
29
35
37
36
34
28
30
37
36
38
26
39
34
35
34
33
35
36
36
37
34
36
38
35
36
37
37
37
37
29
32
38
32
34
35
23
22
27
36
35
36
33
37
34
36
35
33
24
27
28
37
33
38
32
37
34
36
33
37
28
31
31
18
33
33
33
37
34
36
37
28
31
34
33
26
24
35
34
33
38
33
35
37
35
35
30
35
37
33
36
38
36
37
38
34
35
37
33
35
37
30
31
36
38
39
36
30
28
37
39
37
36
26
33
38
27
37
36
33
37
34
34
35
37
38
38
36
39
32
33
32
33
37
39
33
38
34
32
36
16
39
39
34
38
35
38
37
28
34
38
34
38
34
34
36
38
36
36
25
33
31
37
39
36
39
34
36
37
34
37
34
31
36
38
39
39
36
31
34
33
34
37
36
32
37
39
34
38
39
33
38
38
37
31
38
39
38
39
39
39
39
40
37
34
37
36
37
33
32
31
37
37
38
33
34
35
37
35
39
30
34
38
38
38
37
39
37
38
36
33
31
32
22
14
17
7
25
11
17
6
2
4
7
11
11
5
5
3
9
9
2
2
6
8
6
7
6
7
2
9
11
7
13
13
2
0
7
0
14
4
9
24
13
13
7
4
19
33
11
21
22
22
22
14
20
13
15
14
7
13
20
30
7
22
15
30
31
11
0
8
40
17
20
38
18
45
39
24
47
25
24
45
26
21
23
31
38
38
37
32
46
28
36
63
41
2
32
26
27
16
22
0
14
18
2
16
46
20
39
65
17
76
33
28
41
32
16
18
21
28
46
34
17
44
13
38
29
40
22
17
19
54
37
43
18
58
43
66
39
42
35
28
42
51
61
24
33
26
41
42
42
55
28
46
52
28
43
72
39
50
0
47
29
43
36
31
18
34
24
69
47
18
34
52
0
33
13
67
46
41
31
36
25
31
36
15
35
26
46
26
39
29
36
30
56
46
17
79
11
40
35
28
1
26
0
50
0
53
53
49
57
29
40
46
39
26
21
18
35
40
49
41
2
27
41
29
24
38
41
18
11
0
0
27
27
11
23
15
15
22
37
13
20
24
9
35
0
20
29
31
8
19
22
11
20
18
13
13
9
7
24
11
13
6
6
28
17
11
13
21
11
11
13
17
21
19
7
18
9
23
27
13
26
5
14
25
24
13
11
13
42
32
37
27
54
36
49
30
32
43
29
50
36
57
44
31
28
50
26
20
58
41
40
23
51
35
41
42
43
36
37
33
39
44
29
43
37
31
22
50
45
39
27
36
39
40
32
49
38
35
29
42
38
48
35
27
40
34
55
38
38
36
47
21
42
56
28
46
31
33
33
38
47
33
33
52
32
47
40
38
46
41
35
30
44
20
56
54
45
28
36
62
51
37
46
43
44
23
36
34
30
59
28
46
36
33
42
52
19
34
29
59
35
43
25
32
45
40
43
25
20
40
31
32
65
45
47
44
44
26
36
36
43
41
27
48
16
36
29
55
41
24
47
31
31
31
57
49
27
24
56
40
30
35
39
41
26
47
50
26
44
23
28
28
40
39
44
55
33
60
30
27
47
34
21
34
38
49
29
30
48
59
24
36
47
34
35
67
55
46
48
27
33
35
43
66
38
25
55
48
64
39
35
29
24
23
30
38
20
25
24
26
46
27
23
28
26
28
27
14
23
31
37
22
23
24
36
29
24
25
25
14
25
19
29
28
26
22
21
26
16
27
28
24
25
23
28
24
23
21
23
21
28
20
33
19
12
35
37
23
25
49
15
30
37
20
30
29
26
29
25
32
30
29
32
20
22
32
27
31
28
34
35
23
32
28
22
31
1
3
4
0
5
3
4
3
1
11
16
1
1
0
0
0
5
3
1
1
1
7
3
1
16
3
1
1
3
1
3
1
3
12
0
36
5
1
7
5
3
1
0
5
6
3
0
1
39
1
0
1
3
1
1
3
5
44
61
5
1
6
1
1
5
1
3
3
3
1
1
12
1
1
3
3
3
6
7
3
1
3
3
63
11
3
1
3
21
12
1
1
1
11
1
3
5
3
5
7
1
50
3
1
1
9
3
3
1
5
5
1
3
3
1
0
3
3
3
3
64
3
5
3
32
4
5
5
1
1
3
5
3
3
1
1
3
8
1
5
3
3
3
5
3
0
46
3
1
1
3
1
3
1
1
39
4
1
1
63
1
3
44
19
1
14
5
5
3
3
1
5
5
3
1
1
3
3
1
0
3
3
3
1
1
3
1
1
7
5
51
5
1
1
1
5
3
3
3
3
12
6
5
7
3
3
1
3
5
13
5
1
6
1
1
0
3
5
4
41
3
5
54
8
3
45
3
5
3
3
3
3
3
3
19
19
3
6
1
53
1
3
3
1
1
3
5
1
59
3
3
5
5
3
61
3
1
7
6
3
1
1
0
4
5
0
0
5
3
1
3
1
0
3
1
1
1
1
3
1
1
1
1
26
5
6
1
5
9
13
26
23
14
20
22
25
14
29
18
27
18
26
20
30
20
28
18
34
28
20
26
27
24
11
9
16
16
37
0
35
43
18
37
26
24
15
30
25
20
26
18
28
30
20
28
18
26
19
52
27
27
37
29
27
18
25
28
26
18
20
27
24
27
33
28
17
39
17
28
20
32
18
41
34
68
18
36
35
39
27
38
20
33
31
25
35
35
31
26
18
40
28
28
33
18
40
29
37
45
30
44
44
46
35
30
35
23
27
0
35
34
27
35
49
27
25
27
49
41
70
53
42
29
84
64
32
28
22
9
26
27
44
16
0
27
35
44
37
39
28
21
36
27
16
27
26
20
37
37
27
33
34
18
24
18
44
50
26
33
26
34
26
34
27
35
40
29
18
36
28
35
44
35
39
18
30
48
61
24
46
42
42
29
18
28
25
74
15
24
28
28
40
31
41
46
18
23
27
28
26
18
18
27
33
29
39
39
29
27
18
27
38
35
17
20
42
33
22
26
37
18
26
9
28
27
25
42
28
18
26
37
28
24
28
26
41
30
46
43
36
31
15
22
44
72
32
9
18
31
39
42
28
40
24
38
51
20
27
34
9
15
35
47
42
28
18
36
22
23
29
21
38
37
9
29
20
41
24
44
49
33
40
49
11
18
34
5
5
9
2
4
13
14
7
4
2
4
4
4
14
4
3
6
8
2
5
2
5
4
8
4
4
4
8
4
4
2
4
4
4
7
4
6
4
0
6
4
3
9
5
3
3
5
3
5
2
7
7
9
4
3
3
2
16
4
5
0
4
7
4
7
7
4
2
3
5
7
2
6
4
8
7
7
7
5
1
5
4
5
4
5
14
7
5
7
1
5
15
3
9
4
1
10
2
5
5
1
13
7
2
5
5
4
5
2
7
5
12
10
4
4
2
4
5
6
20
7
5
3
2
2
1
1
4
5
4
4
5
5
7
7
2
2
4
0
5
5
9
3
5
3
4
7
5
5
4
3
9
7
10
5
4
2
5
7
6
5
3
1
5
8
15
6
4
2
1
8
2
2
2
5
5
1
6
6
4
1
5
5
13
11
4
6
3
14
7
4
4
4
6
5
6
3
1
4
7
4
5
2
5
7
4
8
3
5
5
5
5
2
5
3
3
1
6
5
2
2
4
7
0
7
2
5
2
5
2
3
2
3
3
6
8
12
3
5
3
4
2
17
2
9
3
5
4
10
1
2
9
4
5
0
4
3
19
9
1
4
7
3
12
5
0
1
11
5
2
4
5
4
3
3
5
5
4
1
2
6
4
6
2
4
3
2
5
2
4
0
2
4
4
2
0
6
2
0
4
2
4
0
0
0
6
8
4
0
8
0
4
0
0
0
2
0
4
6
0
6
8
0
10
0
0
0
0
6
4
0
2
0
6
0
4
0
0
0
2
0
0
0
2
0
2
8
2
2
2
6
0
0
0
0
0
0
2
6
6
2
2
0
0
0
4
0
0
0
2
4
0
0
2
0
2
0
4
0
4
0
0
2
0
0
2
0
4
0
0
2
2
4
6
0
0
0
0
0
0
2
6
0
0
6
0
0
12
2
4
0
0
4
4
8
8
2
4
0
4
2
4
91
2
2
2
0
4
0
2
4
2
0
6
2
2
6
0
2
2
0
6
2
10
2
4
6
0
0
0
2
8
0
2
4
0
0
4
6
6
8
0
2
0
6
6
0
0
0
2
8
2
0
0
8
6
6
8
4
0
0
0
0
2
0
0
0
4
6
6
0
0
4
4
0
0
0
6
0
2
95
2
0
0
2
0
0
0
0
6
4
0
4
0
4
0
4
10
6
0
4
0
6
0
2
4
0
0
8
2
0
2
4
0
6
0
0
4
0
0
2
0
2
0
0
0
6
6
2
0
0
4
6
2
0
2
2
6
8
2
8
4
2
0
0
2
4
2
8
0
4
6
2
4
0
2
5
6
7
36
1
3
5
5
6
7
45
1
7
3
3
1
7
8
7
7
7
40
3
1
47
3
3
28
3
5
3
33
11
6
3
7
3
3
7
1
3
56
3
6
48
7
3
60
3
3
3
3
3
4
61
3
5
7
1
41
1
5
43
5
6
3
46
5
5
3
3
5
8
12
5
3
5
6
5
7
3
38
5
8
3
1
5
6
47
3
5
42
4
6
5
5
7
8
5
6
1
43
3
10
16
37
33
7
8
12
7
6
3
3
11
3
6
5
3
1
4
4
1
5
4
1
3
16
9
34
3
3
5
5
1
3
1
5
3
7
3
3
1
6
3
1
5
5
56
37
3
5
5
3
5
5
1
5
8
6
8
10
3
3
47
3
35
5
3
7
5
5
5
10
5
1
6
3
1
3
3
10
5
34
3
5
3
3
7
6
5
3
3
17
1
5
8
1
7
3
1
3
8
70
5
5
6
1
5
3
38
3
5
60
5
3
5
1
3
6
1
1
1
7
17
7
3
7
0
9
6
1
3
4
3
3
0
3
3
3
3
3
26
9
43
1
5
1
14
6
6
5
1
5
5
5
1
5
38
1
1
5
3
3
3
3
3
0
68
0
1
1
1
3
3
3
7
9
3
1
7
5
1
3
7
11
5
3
45
47
33
39
55
32
58
58
62
50
32
44
51
56
55
42
30
48
35
39
57
52
39
37
48
49
26
33
42
50
55
49
29
64
55
38
38
43
58
60
49
43
52
54
58
30
55
35
58
55
57
53
58
51
56
42
56
42
40
37
34
52
39
51
53
37
68
55
51
32
51
48
67
60
67
54
56
63
59
60
51
46
54
36
34
51
53
50
55
46
49
57
58
59
35
57
46
32
50
63
56
64
34
50
54
48
61
49
62
61
55
41
54
60
53
56
58
37
51
64
67
55
58
55
56
51
54
48
36
43
54
42
61
59
51
63
46
58
53
64
56
59
35
36
23
29
47
33
51
56
36
32
39
39
31
50
35
32
29
54
37
37
36
29
43
37
33
51
55
28
51
38
52
42
50
54
31
53
38
27
31
47
45
55
47
56
48
54
40
58
35
32
53
29
43
33
32
36
23
43
36
62
46
42
53
36
39
52
37
28
50
62
46
54
39
55
35
33
50
49
38
32
39
28
35
38
60
37
37
22
26
38
37
25
53
43
52
15
23
30
35
24
25
21
23
26
33
40
32
33
37
27
26
32
29
23
36
25
31
36
19
26
28
26
25
26
28
37
26
31
30
30
34
26
36
33
22
25
24
12
37
37
28
29
18
30
36
22
1
18
0
2
0
1
0
1
2
1
0
0
2
1
0
1
0
0
0
2
1
0
2
1
0
0
1
0
0
0
0
0
2
0
1
0
2
0
0
0
0
0
1
16
0
0
4
0
0
0
2
0
0
0
1
1
2
0
2
0
0
1
0
2
0
0
0
2
0
0
2
2
2
0
0
2
2
0
0
2
1
1
2
2
0
1
0
2
0
0
2
0
2
2
0
0
1
0
2
0
0
0
0
0
0
0
1
0
2
1
0
2
2
2
2
2
2
2
1
2
1
2
2
2
0
0
0
2
0
2
0
1
1
0
2
4
0
2
0
0
2
1
2
2
0
0
0
2
2
2
1
0
0
1
1
0
2
0
0
0
0
0
0
0
0
0
1
1
1
0
0
1
2
2
1
0
2
1
1
2
0
0
0
2
0
2
1
1
0
2
0
0
0
0
0
2
0
1
2
0
0
0
1
1
0
0
2
0
1
0
0
0
0
0
0
1
0
1
0
0
29
2
14
0
0
1
1
2
2
1
0
0
2
1
0
1
0
2
0
0
1
4
0
2
0
2
2
0
2
2
2
0
2
0
0
0
0
0
0
1
2
2
0
2
1
2
2
1
0
0
1
2
2
1
2
2
2
2
2
0
0
1
2
1
0
2
0
0
