8
2
8
4
6
8
8
8
6
8
8
10
4
11
8
15
13
8
10
8
10
6
10
5
8
10
4
8
5
8
9
15
15
10
6
13
4
5
10
10
10
8
10
13
4
6
7
10
6
4
6
6
6
8
5
10
5
8
12
8
8
4
8
4
6
4
2
4
6
12
4
7
10
6
2
4
6
8
5
18
8
8
6
13
4
10
8
2
8
2
11
26
10
6
3
8
4
10
8
8
6
11
11
6
4
8
8
6
13
8
6
11
15
5
6
13
11
8
9
7
13
8
25
11
13
7
12
8
10
12
8
7
11
10
15
6
10
13
8
15
4
8
6
4
8
10
2
6
2
11
10
13
21
7
9
11
17
15
8
13
4
13
11
9
12
11
6
7
10
6
9
12
8
5
6
8
8
8
8
10
4
4
6
4
4
2
9
10
8
6
11
5
9
13
14
5
4
8
4
10
5
8
7
9
6
5
10
8
8
6
13
6
10
9
10
6
10
9
6
8
6
10
6
6
10
8
5
0
6
8
6
9
9
4
6
8
4
8
4
6
2
7
2
5
24
4
5
4
6
4
2
6
8
8
2
4
2
6
10
6
6
2
4
8
6
8
2
8
6
12
2
6
8
8
4
8
8
4
2
0
6
0
3
3
5
6
0
4
4
2
2
2
4
6
4
2
4
4
6
4
4
2
6
2
4
2
6
2
4
6
2
2
2
6
4
40
4
6
2
2
6
0
4
6
10
6
2
4
4
2
4
4
4
4
4
6
6
2
4
14
2
0
6
0
2
8
2
4
2
2
17
6
4
4
2
4
2
10
25
2
40
4
44
36
6
4
0
4
4
2
4
4
4
2
6
0
2
4
4
2
4
4
2
2
2
8
6
10
0
2
2
2
4
0
0
2
2
2
2
4
4
0
2
2
42
0
4
4
2
2
6
4
4
6
0
4
8
0
4
4
8
2
6
4
4
8
2
4
4
0
8
2
2
2
6
4
4
0
8
43
2
4
0
4
4
4
2
2
2
4
2
0
2
10
6
0
4
4
6
4
2
2
2
0
4
4
2
0
2
2
2
2
2
0
6
7
6
6
4
6
0
4
2
42
4
4
2
2
8
4
8
6
4
6
4
2
4
0
44
2
0
10
0
0
6
2
0
2
2
0
4
2
0
2
6
4
0
2
37
2
4
2
6
37
4
6
4
4
6
4
0
2
8
0
2
6
2
0
4
4
0
0
4
4
4
2
4
6
4
2
0
2
0
2
4
0
6
2
6
2
4
6
2
4
6
2
0
4
4
38
4
4
6
4
2
0
11
19
12
14
17
16
19
17
15
14
15
15
18
10
15
16
20
10
17
19
16
12
13
19
13
18
26
22
14
14
20
14
18
18
19
21
20
6
10
12
17
20
18
17
20
20
16
18
15
17
22
15
20
17
16
19
19
20
21
22
16
18
12
18
25
16
15
12
13
18
20
13
19
21
17
18
19
19
18
16
15
17
13
15
17
19
9
22
17
17
15
20
19
8
16
21
20
18
12
21
27
20
15
11
30
19
20
17
4
6
9
8
3
9
4
8
5
4
4
11
4
6
6
8
6
6
1
3
12
6
8
8
6
6
6
5
7
6
5
8
5
4
7
8
4
4
6
3
6
4
11
3
1
4
0
11
1
6
11
11
13
6
8
7
3
10
1
8
6
3
7
6
5
3
6
8
9
10
3
8
6
3
9
1
5
11
7
7
5
8
10
9
6
8
15
10
20
1
11
8
8
16
6
6
9
8
15
5
6
8
4
8
10
3
5
9
6
7
5
5
1
5
5
10
3
6
10
5
6
4
7
4
6
6
6
6
5
6
10
6
9
7
3
1
4
8
8
1
7
13
10
13
1
11
4
6
8
8
3
3
6
3
6
10
3
10
1
4
9
6
23
11
22
14
24
12
12
17
10
10
1
4
4
6
8
7
6
8
6
5
8
8
6
8
11
7
4
10
0
4
6
9
7
2
5
10
9
2
9
6
6
10
3
7
11
9
3
8
7
8
14
4
1
3
6
4
8
5
4
7
6
8
8
10
8
9
1
10
11
10
2
23
6
7
9
15
7
8
8
4
3
13
14
8
9
14
11
3
8
19
8
16
14
19
17
9
13
9
9
13
9
6
14
11
10
8
10
6
6
5
9
8
12
13
6
12
16
16
6
10
11
8
9
17
11
13
10
8
8
8
7
9
6
8
7
9
6
12
18
17
19
9
10
10
13
6
9
12
9
7
8
11
5
13
16
13
18
14
9
15
16
9
6
11
9
12
13
13
13
21
11
15
12
11
14
14
11
11
11
16
14
11
8
10
11
6
10
12
15
6
11
9
15
13
12
8
11
10
9
15
14
7
13
14
13
9
6
9
11
7
12
10
11
10
8
8
11
11
14
7
6
10
14
11
11
11
11
8
10
11
21
10
9
10
8
8
13
8
10
10
14
11
9
10
14
11
13
11
12
11
9
13
12
10
11
11
8
11
8
11
10
11
13
9
12
13
5
10
13
10
5
8
25
9
16
12
3
10
15
13
6
8
9
5
6
16
8
18
13
6
10
19
3
10
8
9
11
12
13
32
12
6
9
13
18
6
17
10
11
17
26
15
15
17
17
15
10
6
17
34
12
25
14
53
10
15
11
12
18
14
11
17
15
12
12
19
15
10
4
10
8
13
15
15
14
8
10
14
6
4
2
19
13
10
15
15
6
12
14
8
10
8
12
8
8
6
13
15
12
6
6
10
10
17
8
17
15
13
10
8
8
8
13
12
10
8
10
13
8
12
33
10
13
14
11
10
8
10
8
13
12
15
17
15
13
14
15
9
19
17
15
10
25
21
8
10
18
13
19
11
13
12
11
19
10
19
19
17
13
9
23
14
17
13
14
21
13
19
4
15
15
10
18
17
27
15
6
17
10
19
14
15
13
13
17
10
10
15
10
37
11
17
21
13
4
10
13
12
15
13
15
15
10
15
15
21
19
2
15
23
27
15
10
21
25
29
13
10
17
25
10
19
14
19
12
10
15
27
10
35
15
29
12
10
27
29
17
23
25
10
25
10
19
21
21
27
15
17
8
34
15
11
33
12
19
12
17
19
27
19
19
10
12
33
10
10
12
25
17
6
19
23
19
18
8
13
4
10
23
21
8
8
23
15
15
12
17
19
4
14
17
17
7
9
8
15
0
15
23
17
17
8
13
6
10
8
15
6
12
8
12
21
10
21
9
17
12
13
19
17
13
21
19
4
4
6
2
4
4
10
4
2
4
2
4
0
8
13
4
4
2
6
18
4
2
4
4
2
0
4
15
0
10
4
2
2
2
13
6
6
0
4
2
6
6
4
6
2
6
4
13
4
6
15
6
15
8
4
4
6
4
2
4
4
11
15
6
10
9
14
2
4
4
8
0
4
2
6
6
6
7
6
4
6
6
6
6
0
2
0
17
6
2
6
4
4
8
2
4
4
2
4
8
20
2
4
8
0
6
4
6
6
4
2
4
4
8
6
8
6
6
2
4
2
2
8
4
4
4
4
2
2
13
4
4
10
2
8
2
12
2
4
2
2
9
4
10
6
6
6
8
7
0
2
4
4
6
2
4
6
4
7
4
4
2
0
2
6
4
4
4
4
4
11
13
2
0
6
0
4
4
2
2
6
17
10
4
2
8
4
4
4
4
0
12
6
6
2
5
12
8
6
4
4
2
4
2
4
6
2
2
12
6
6
6
4
6
2
8
6
2
4
8
4
6
4
6
6
6
0
4
21
10
7
8
11
0
4
2
2
2
2
16
4
8
4
4
8
4
15
5
2
4
6
8
2
6
2
15
2
6
2
6
4
4
4
10
8
7
4
2
0
8
4
6
8
2
8
12
4
10
2
4
6
4
8
15
2
0
2
4
2
32
21
46
33
63
34
45
46
38
21
31
50
32
30
34
29
34
34
48
33
47
24
40
43
46
33
46
30
42
47
43
45
34
31
32
45
48
33
47
46
47
35
45
32
46
33
32
37
45
31
32
27
42
35
44
34
46
33
29
32
32
33
33
29
43
39
44
33
43
28
35
35
46
42
41
31
30
45
42
50
45
33
25
46
48
23
44
31
32
44
46
46
33
33
46
43
47
23
47
35
31
34
46
45
41
42
34
42
46
31
44
33
33
46
32
43
47
44
48
46
46
32
47
33
33
34
37
45
48
40
46
48
32
27
43
33
31
46
41
41
48
30
43
41
46
36
61
25
33
73
46
50
43
29
45
46
46
42
46
29
32
33
41
33
42
23
41
61
48
33
57
24
31
44
38
45
43
34
74
44
41
29
31
30
33
36
43
43
41
29
32
45
30
34
48
36
33
31
41
32
32
24
45
43
44
46
46
33
42
29
45
46
45
35
43
41
32
44
44
27
35
39
65
32
31
45
31
46
44
22
37
34
35
42
44
56
28
30
46
48
83
29
31
44
33
46
33
46
56
24
36
46
48
31
45
31
33
45
31
46
30
29
46
60
48
34
48
45
45
34
45
43
34
59
40
40
47
42
46
31
40
23
48
34
42
38
24
47
44
30
46
36
48
45
46
41
46
46
31
34
34
32
44
32
37
45
45
47
49
35
33
57
35
68
32
25
42
48
32
43
44
33
37
31
32
36
48
31
39
44
45
46
47
35
20
37
30
29
32
39
28
39
87
46
48
39
19
43
45
29
45
34
24
35
41
31
45
33
32
43
32
31
44
30
31
33
44
45
38
45
31
47
48
33
41
30
32
46
43
43
48
30
33
31
34
31
46
29
32
34
31
44
49
39
38
37
46
31
37
25
26
47
43
45
42
46
33
33
42
33
43
29
35
32
33
34
43
47
37
82
30
31
48
33
44
49
31
50
31
45
20
29
32
33
34
30
32
47
24
44
44
41
24
46
38
37
45
38
77
46
81
31
35
83
77
31
39
29
31
29
31
45
46
45
25
34
33
38
26
33
30
43
32
33
42
43
29
32
33
31
45
29
35
33
31
46
41
58
46
34
29
39
81
31
34
29
30
43
32
48
39
45
30
42
41
32
47
34
32
50
33
26
44
32
31
44
44
31
45
31
62
35
44
43
47
43
53
31
26
23
30
33
32
42
44
39
31
46
46
49
29
27
46
25
31
47
43
43
43
45
47
46
45
29
45
29
46
33
47
38
45
45
43
39
43
30
81
33
22
44
47
34
34
37
25
26
2
9
1
4
0
5
29
0
2
4
2
2
4
4
3
4
5
4
6
0
2
0
2
2
3
2
4
2
5
2
2
0
4
7
0
5
0
4
2
2
4
0
2
4
2
2
2
6
2
6
2
2
0
2
4
4
2
0
0
3
5
2
1
2
2
2
5
0
3
4
0
0
2
0
2
2
6
6
2
5
0
2
2
5
5
2
2
6
4
4
2
0
2
4
2
2
2
2
2
2
4
2
0
2
0
3
4
2
0
2
3
6
0
0
5
2
2
0
0
3
6
4
0
2
1
2
4
2
1
2
4
0
2
6
3
4
0
4
2
6
7
2
2
2
2
5
2
4
0
2
3
2
4
0
2
1
0
1
4
5
6
27
5
4
4
3
2
2
4
2
0
1
1
2
0
2
1
5
2
43
7
0
4
0
2
48
2
4
2
2
3
5
0
4
2
5
7
2
2
4
0
4
3
5
4
2
4
2
5
2
61
35
0
0
5
4
2
6
2
7
2
0
2
2
4
2
2
0
2
2
4
3
7
0
5
2
0
2
4
6
2
3
2
3
0
2
2
2
4
0
4
5
5
0
2
4
2
5
2
0
7
2
2
4
0
0
2
4
2
3
1
1
0
3
3
3
2
0
2
0
2
2
0
0
4
2
5
6
4
3
3
2
21
7
3
25
5
3
9
5
7
3
5
5
37
9
3
4
9
51
7
5
7
4
25
5
7
7
4
5
53
2
4
3
11
5
25
13
5
5
4
7
9
4
5
15
5
21
4
3
5
4
4
5
7
9
5
3
3
5
2
3
15
33
4
4
5
5
11
61
2
5
4
5
5
2
7
2
2
3
2
0
5
2
2
5
4
4
4
5
4
3
11
4
2
9
3
3
5
0
2
2
2
3
7
9
23
3
3
5
4
7
0
11
2
7
4
2
5
2
2
3
4
0
5
2
2
2
4
4
5
0
17
11
7
4
7
9
2
0
3
7
13
2
5
0
4
2
7
7
7
5
11
2
9
7
5
5
0
0
2
2
11
4
7
2
3
5
7
2
1
2
5
3
5
2
0
2
5
5
2
2
15
5
11
5
5
3
7
3
7
5
41
39
3
23
4
9
9
3
7
9
7
7
2
5
4
7
5
39
4
9
4
7
35
9
2
2
13
13
23
13
25
5
5
37
5
55
3
41
51
0
13
19
17
53
11
2
7
11
13
13
5
7
13
9
13
17
17
7
9
19
13
7
11
7
7
15
11
3
23
13
23
2
11
3
9
25
19
11
17
27
5
9
21
17
13
7
17
15
9
7
17
7
15
31
