2
6
4
4
4
2
4
4
6
2
6
2
0
2
4
4
2
4
2
2
0
2
0
2
0
13
2
2
2
0
2
2
8
4
2
0
6
4
2
0
8
0
4
4
4
2
4
2
4
4
2
2
4
2
6
0
2
2
0
90
4
2
0
4
6
8
2
4
0
4
0
2
2
4
4
6
0
4
4
0
20
4
2
0
2
4
2
0
2
4
0
2
2
2
0
4
4
12
2
2
2
2
4
2
0
0
0
2
0
4
4
2
2
2
0
2
4
2
2
2
4
0
2
0
0
2
0
0
2
2
4
6
10
2
8
0
6
92
0
0
2
0
6
8
8
4
4
0
2
0
6
2
2
2
8
4
4
0
0
0
4
2
0
0
0
0
2
6
4
0
0
2
4
4
4
2
2
2
4
2
2
2
4
2
2
2
2
2
2
4
2
6
2
0
2
4
2
2
2
4
4
2
4
0
2
0
2
2
2
4
0
2
4
4
2
2
0
0
2
0
0
4
4
2
6
0
2
2
2
0
2
6
0
2
4
4
4
2
4
2
0
4
2
2
4
2
2
6
0
0
0
2
0
2
4
4
2
10
4
4
0
0
4
4
0
4
4
0
2
6
2
6
4
6
2
2
2
2
0
2
0
0
4
2
4
0
2
0
13
2
2
6
8
11
0
4
6
10
2
15
4
4
11
13
15
4
2
11
6
10
0
27
2
4
6
10
11
4
2
4
4
8
4
2
4
4
9
15
0
12
9
4
4
23
8
8
8
6
10
4
11
15
10
2
8
17
9
15
12
8
14
8
10
8
17
8
4
10
6
8
11
19
13
12
8
13
9
13
21
12
13
10
15
15
13
10
12
15
12
23
11
12
17
17
4
13
19
17
15
13
13
21
4
29
11
6
13
23
13
10
4
8
10
21
17
10
13
13
6
10
27
17
13
11
19
8
10
8
21
19
11
15
15
19
10
15
13
11
17
13
19
17
6
12
17
15
25
17
12
23
27
6
11
15
6
15
21
8
29
17
37
25
15
29
32
21
34
15
12
17
13
19
10
13
29
10
4
8
2
10
8
6
6
8
4
13
4
4
9
8
8
6
8
10
12
4
0
8
6
10
10
10
6
2
10
8
4
6
11
8
6
11
0
11
0
6
2
6
4
8
4
4
8
12
15
2
2
6
12
2
10
8
8
10
6
13
12
6
10
8
8
12
4
13
6
10
15
4
8
8
6
8
4
0
2
12
25
6
13
8
8
2
11
12
4
17
6
13
2
6
8
6
6
4
6
0
21
6
6
8
10
8
6
19
19
6
33
37
36
38
21
32
37
36
36
37
37
33
34
36
38
35
33
33
26
38
37
37
37
32
30
38
36
27
36
30
30
37
37
33
37
35
25
37
37
34
38
32
35
35
37
36
34
37
23
36
36
37
34
33
37
36
37
37
32
36
30
37
36
37
32
31
33
31
37
33
30
36
37
37
38
30
32
38
36
37
31
37
33
30
37
37
36
37
36
38
34
37
22
37
37
26
36
37
36
34
32
33
38
33
30
38
34
37
33
33
34
34
34
37
29
33
33
28
32
33
38
34
37
25
36
35
36
37
37
30
32
34
30
37
29
24
37
37
31
38
37
31
36
35
36
36
36
28
37
36
37
38
37
32
37
34
36
36
37
33
38
36
34
35
36
36
30
37
37
36
34
37
36
29
33
36
31
34
37
37
36
36
32
31
32
36
32
37
30
38
33
32
36
38
32
34
36
35
27
28
27
28
37
37
36
33
35
36
37
35
34
35
28
28
30
36
36
37
31
37
33
36
33
25
27
34
35
38
36
35
38
38
37
38
35
31
28
25
37
37
32
32
35
23
37
37
28
33
30
34
32
32
34
11
26
27
33
39
38
34
29
36
39
39
39
35
39
38
36
15
29
35
28
34
39
37
35
35
38
34
38
38
33
35
30
37
38
38
50
23
57
22
32
32
10
40
30
64
51
13
42
13
19
24
29
49
31
35
42
36
20
19
32
13
16
17
59
49
16
38
32
31
68
32
42
35
44
33
32
29
49
43
55
50
54
26
31
44
41
15
36
28
51
38
29
34
56
51
62
65
42
47
44
56
50
31
23
27
36
31
25
64
18
32
30
60
60
42
55
23
69
32
33
40
53
14
14
52
43
39
14
33
52
25
33
46
47
24
40
38
23
16
55
34
54
41
41
49
49
58
37
26
20
22
42
18
17
50
43
45
57
48
37
29
28
49
55
45
63
25
38
63
62
42
61
57
61
48
56
28
66
41
58
37
55
51
44
40
61
29
58
63
67
53
45
32
55
38
52
47
61
73
43
38
66
49
69
66
71
48
36
37
57
69
68
40
60
71
54
79
98
63
44
69
26
58
34
60
86
22
64
50
68
82
50
59
49
69
64
89
15
63
96
89
56
91
47
14
70
60
44
57
80
30
20
49
64
29
34
73
72
17
62
58
50
60
26
63
40
61
34
48
52
52
11
29
34
56
54
47
52
63
73
44
55
15
88
54
24
32
13
61
17
28
70
32
38
14
76
26
22
43
40
24
22
26
20
41
27
26
30
22
17
57
20
32
21
16
15
16
23
43
13
22
13
53
40
20
16
24
12
26
54
21
16
24
18
18
24
16
14
16
15
17
14
19
14
10
26
38
28
14
17
15
16
18
15
12
17
24
18
26
26
29
20
16
17
20
19
15
20
29
18
26
43
23
33
13
16
22
16
13
14
16
18
25
19
22
17
24
22
19
17
15
10
12
25
34
27
28
25
18
19
23
15
19
20
35
18
37
17
33
14
18
18
19
19
17
19
19
16
38
28
25
15
19
20
15
13
12
15
8
14
32
26
22
15
14
22
19
14
13
15
18
13
27
25
16
27
19
11
43
13
19
10
38
32
31
16
27
21
17
19
20
59
22
10
14
19
25
19
14
15
19
26
15
13
19
18
20
22
36
26
26
26
18
17
17
15
15
22
10
18
16
31
13
41
20
23
14
26
19
13
15
21
36
26
20
29
15
19
29
35
27
14
19
17
28
11
9
37
21
14
16
26
25
29
13
23
15
21
27
20
37
9
27
22
22
19
15
24
27
10
12
10
42
21
20
20
33
22
18
12
37
16
18
15
17
18
11
8
58
27
22
11
13
29
21
37
22
17
35
14
44
13
17
8
60
21
31
17
39
19
34
14
20
25
18
22
16
18
21
34
12
16
13
18
29
17
9
22
26
15
32
17
57
19
21
14
42
14
11
15
30
0
2
4
4
2
4
6
6
2
2
0
2
2
7
2
8
2
4
0
2
2
0
4
2
0
4
6
4
10
2
0
4
4
6
6
6
2
2
2
0
6
0
7
4
0
6
4
6
2
4
6
0
8
0
2
4
0
6
8
4
0
0
2
2
4
2
0
2
4
2
4
2
4
8
2
2
2
6
0
6
6
6
12
2
4
8
2
2
8
4
4
4
2
0
2
6
6
0
0
4
6
6
4
4
6
4
2
4
8
4
11
6
6
2
0
4
0
2
4
4
2
4
4
6
6
6
0
2
2
2
6
6
2
4
0
10
4
0
0
0
6
4
0
12
4
6
0
2
2
0
0
0
4
0
0
0
0
6
2
4
4
2
6
4
12
6
4
2
2
10
15
0
4
0
2
6
0
4
10
4
8
6
2
8
10
2
6
6
2
4
2
2
2
2
6
2
4
6
2
2
0
10
0
0
0
4
8
17
6
2
6
2
8
6
0
6
0
0
6
4
2
4
4
2
0
6
0
0
0
2
6
2
13
2
0
2
10
2
4
2
0
0
4
2
4
6
2
0
2
2
8
6
4
2
2
0
6
0
4
0
2
0
0
0
0
0
6
4
2
8
0
2
9
2
0
2
4
2
4
2
2
4
4
0
2
0
0
0
2
2
30
0
42
3
18
31
3
5
2
35
31
41
2
5
65
2
23
18
9
2
9
0
7
5
24
23
35
27
23
8
9
41
3
78
18
6
0
7
25
34
19
6
3
3
6
4
4
4
5
6
0
33
17
3
35
6
26
34
5
2
39
28
2
2
30
2
89
6
2
5
2
3
21
5
3
0
17
24
4
3
2
3
8
4
6
78
49
34
36
0
7
0
0
22
48
38
2
6
0
7
3
29
27
2
29
25
0
11
0
13
0
0
36
58
33
9
6
0
3
9
38
31
43
3
28
79
7
4
60
40
0
24
4
0
24
3
2
5
0
38
0
3
42
29
25
0
35
30
29
17
7
91
5
32
68
92
0
0
3
2
21
22
6
0
3
43
10
4
3
22
4
22
29
11
16
0
4
26
5
4
21
0
4
2
41
8
3
0
2
2
2
62
57
22
21
5
38
31
2
12
24
2
88
27
2
38
28
0
6
23
7
5
2
2
32
5
41
31
25
3
18
7
49
12
2
29
30
2
8
3
35
0
25
57
11
2
5
0
18
0
3
5
55
3
31
25
3
23
8
20
8
3
5
2
65
76
0
5
5
0
0
2
5
2
14
0
34
27
21
29
9
0
2
7
5
0
4
41
23
2
1
24
0
0
7
2
2
2
4
2
2
4
8
2
6
4
4
4
4
4
15
2
4
2
6
4
6
2
2
2
0
2
15
2
4
4
5
4
0
2
2
6
3
2
2
2
2
4
20
2
4
2
0
2
2
8
4
14
2
6
4
4
6
2
9
6
6
6
4
4
2
0
4
4
4
4
5
2
0
4
8
4
0
2
4
4
2
4
8
2
2
4
4
0
2
2
4
2
6
4
4
2
2
5
16
4
4
6
0
4
6
2
0
6
6
3
2
4
4
0
4
4
4
2
8
4
0
4
4
8
4
4
2
4
0
4
2
4
4
0
0
2
8
2
7
2
2
2
4
3
2
2
0
2
2
0
0
4
4
2
5
0
8
8
2
2
0
12
0
0
2
2
2
2
18
15
4
4
4
2
2
0
2
0
11
2
2
0
9
4
2
2
2
0
6
0
4
2
2
4
4
4
2
4
2
0
0
0
2
2
2
5
0
2
2
0
2
6
2
2
2
3
0
2
1
2
4
2
8
2
2
6
2
2
6
2
4
4
4
2
4
2
0
2
2
2
2
4
0
2
6
2
0
2
0
0
17
2
3
2
8
4
15
2
2
2
0
4
2
0
2
2
2
2
2
2
0
0
2
0
0
2
2
2
4
6
2
2
4
2
2
0
0
2
4
6
4
10
4
4
2
2
2
0
2
2
0
6
2
0
4
2
2
2
2
6
2
4
0
4
6
6
2
2
0
2
0
0
6
0
0
2
2
0
0
2
0
2
0
2
4
2
2
2
2
2
2
6
2
0
0
2
2
2
2
2
4
2
0
0
2
2
2
4
2
2
2
2
2
0
2
0
2
0
2
4
0
4
2
2
4
6
2
84
2
2
0
2
2
2
2
0
2
4
2
0
0
0
4
0
2
0
2
2
0
2
0
2
2
2
2
2
2
2
2
0
2
2
0
0
92
4
6
4
4
4
6
4
2
4
6
4
0
2
0
0
2
4
2
2
2
2
2
2
4
2
4
2
2
0
2
2
2
4
0
0
2
2
2
0
2
4
2
0
0
6
4
2
2
6
0
4
2
2
2
0
2
0
8
0
4
4
4
2
2
2
4
0
2
0
2
4
2
4
4
2
2
0
0
2
2
0
0
0
2
2
0
0
2
4
2
0
0
4
4
0
2
4
2
2
0
2
4
2
2
4
2
2
2
2
2
2
4
2
6
4
2
2
4
2
4
2
6
4
4
2
4
4
4
2
4
4
8
4
4
2
2
0
2
0
2
0
0
0
2
2
2
0
2
2
2
2
4
6
6
6
10
4
2
6
4
4
2
2
2
2
4
2
6
2
2
4
2
4
0
6
4
6
4
4
4
2
4
6
2
6
4
8
4
4
6
2
4
2
6
0
2
2
2
2
2
2
0
2
6
2
0
4
2
4
2
4
2
6
4
2
2
2
2
0
0
2
4
0
2
2
2
0
4
2
4
4
6
4
2
2
2
4
4
2
8
4
2
2
0
0
2
2
0
4
2
0
6
2
2
9
4
4
2
4
6
2
4
6
0
6
6
2
0
2
2
2
2
2
0
0
12
4
5
6
4
4
4
4
10
14
6
6
2
2
2
2
2
2
2
2
2
2
2
0
2
11
6
12
7
6
2
0
0
0
0
4
2
2
0
2
6
2
4
4
2
6
6
4
3
2
2
6
2
4
2
2
0
0
2
2
4
6
2
2
2
6
2
2
6
4
2
6
0
2
4
2
2
2
0
2
4
2
2
0
2
4
4
4
4
6
4
2
2
6
4
12
2
4
6
2
4
2
4
2
2
4
22
2
4
4
0
2
4
2
13
6
4
4
4
4
2
2
2
0
4
2
0
2
0
2
0
0
2
2
2
2
2
8
4
4
6
4
4
4
2
8
0
2
4
4
2
2
4
0
2
2
6
2
2
0
2
0
8
4
4
4
4
4
2
4
4
6
2
4
