3
3
5
3
1
1
1
1
7
1
5
1
7
1
1
3
1
1
1
3
1
1
3
1
5
5
1
1
22
9
1
3
1
1
1
1
3
1
1
1
0
0
0
1
0
0
1
0
0
1
1
0
0
0
0
0
1
1
5
0
0
0
1
1
0
1
1
3
0
0
0
1
0
1
1
0
3
0
0
3
0
3
1
1
0
5
3
0
1
0
0
1
1
0
0
1
1
0
0
0
0
0
0
5
1
3
0
0
0
0
0
1
0
1
3
1
0
1
1
0
1
1
1
1
1
0
0
1
1
1
0
3
0
0
1
0
1
0
0
5
3
1
3
0
0
1
1
1
5
1
0
1
5
0
1
0
0
0
1
0
0
1
1
0
1
1
0
0
1
0
0
1
0
1
1
1
1
1
0
1
0
0
3
1
0
1
0
0
0
3
1
1
0
0
0
0
0
1
1
5
0
0
0
1
3
1
1
0
0
3
0
0
0
1
1
1
0
3
0
0
9
1
0
0
0
0
1
0
1
1
0
3
0
0
0
0
3
1
1
0
0
1
0
5
1
0
1
1
0
1
1
0
0
0
0
0
0
0
1
0
1
0
0
7
1
1
1
1
0
0
0
0
1
3
0
1
1
0
0
1
0
0
3
0
1
0
1
0
1
3
1
2
1
0
2
0
0
1
0
16
11
4
0
0
2
0
1
1
1
1
0
1
1
5
2
5
0
0
1
1
1
1
1
1
6
4
6
1
3
2
5
1
1
2
1
4
1
1
6
1
3
3
3
5
5
5
3
7
7
2
1
6
6
2
2
4
2
5
1
6
4
1
5
4
4
0
3
5
4
3
1
1
3
6
1
7
4
1
4
5
4
2
4
4
8
3
1
2
5
2
7
4
2
1
3
4
2
1
6
4
5
8
6
4
5
3
4
5
7
5
3
7
7
1
1
3
4
2
5
2
2
2
4
1
4
2
6
3
2
4
7
3
2
2
2
2
4
2
1
2
4
3
3
1
1
4
3
3
7
1
3
3
2
2
5
3
4
5
6
5
6
2
4
4
3
5
1
3
1
2
1
5
6
2
5
2
2
5
3
4
7
3
3
5
9
7
4
15
4
5
5
9
4
5
2
1
3
1
1
4
4
5
6
7
3
3
4
4
6
4
2
2
1
5
2
2
1
4
3
4
4
5
3
5
2
5
5
10
1
2
1
6
5
2
3
2
2
4
1
1
4
2
3
1
5
1
4
3
4
3
2
1
7
1
1
4
4
2
3
4
2
8
3
0
4
3
1
5
4
2
2
3
3
1
3
2
8
8
8
8
12
44
14
12
8
6
8
10
12
12
8
12
15
12
10
2
4
6
10
12
12
14
12
8
8
6
8
6
6
4
16
21
8
10
12
8
17
12
0
4
10
12
8
8
4
8
12
8
6
8
14
6
8
6
6
10
8
10
10
6
12
8
12
6
19
6
6
10
6
4
6
6
8
10
12
8
8
14
10
17
8
8
8
6
10
4
12
12
10
12
10
6
8
6
10
12
4
8
4
12
12
8
14
6
10
12
8
8
12
8
12
6
12
8
6
10
4
12
12
4
8
14
10
14
10
8
8
8
17
14
8
15
19
8
19
16
12
6
6
15
10
8
6
6
21
6
10
15
8
10
10
70
6
6
8
19
6
10
6
6
10
10
6
12
19
4
15
12
10
12
6
4
10
8
12
10
6
21
14
6
12
4
10
10
6
6
10
12
10
12
6
4
14
8
19
12
14
6
17
19
12
8
8
12
4
10
14
6
12
8
8
10
10
12
6
6
4
2
6
4
4
19
10
10
6
8
8
4
12
12
6
12
10
4
8
6
6
2
6
35
10
6
4
4
6
2
12
6
6
7
2
4
8
14
4
2
6
6
6
2
0
0
4
2
2
0
2
2
4
6
2
10
6
6
6
0
0
2
4
4
0
2
4
2
29
47
13
15
23
17
18
18
23
41
18
22
23
16
11
22
14
25
28
26
14
40
32
26
20
24
23
18
22
3
9
16
23
37
28
13
24
13
61
50
29
36
13
32
22
22
61
28
11
26
24
20
20
28
38
36
67
32
33
33
27
26
42
37
25
32
26
34
56
33
47
43
18
20
52
11
22
11
37
17
31
16
23
18
15
9
16
13
4
21
20
13
37
9
22
34
11
24
36
23
11
7
35
25
20
26
72
13
22
22
41
24
47
13
30
18
44
18
27
27
13
43
27
13
35
37
22
39
28
16
50
20
26
33
41
49
59
25
18
44
61
13
21
22
38
28
79
16
32
27
21
41
35
18
28
21
22
30
20
22
39
30
30
21
54
17
17
73
43
32
43
15
32
28
42
47
47
32
32
39
26
35
11
13
15
20
64
39
26
31
36
18
79
32
24
24
28
56
26
30
29
23
18
11
21
30
17
38
60
28
13
13
9
14
13
24
15
15
37
12
37
42
9
33
23
34
20
26
7
11
15
15
13
45
13
11
9
24
7
21
16
13
28
28
15
73
23
29
39
20
56
21
20
23
26
38
26
28
25
22
27
22
15
26
30
46
6
24
67
50
38
35
42
20
28
15
42
9
17
11
22
19
29
28
23
11
17
50
5
5
1
3
1
3
0
3
3
1
7
7
1
7
5
0
7
7
1
3
5
7
1
3
7
0
5
5
3
5
0
3
7
3
1
1
3
1
3
3
1
1
3
1
3
5
7
0
1
2
3
1
1
1
0
5
1
3
3
2
1
3
3
3
3
5
3
3
5
0
3
48
1
1
0
44
1
1
0
3
7
1
3
5
3
1
3
3
0
1
1
3
7
5
1
1
0
5
1
3
3
3
1
5
3
46
1
1
5
5
3
3
47
5
3
3
4
5
5
3
7
3
5
7
3
7
5
36
46
3
5
1
1
44
3
5
3
3
5
5
3
1
3
1
3
5
3
1
3
5
1
5
3
1
5
3
0
1
3
5
1
5
7
7
3
3
1
5
5
1
7
5
5
1
1
1
1
7
5
3
5
3
7
3
5
1
1
1
3
5
3
3
3
3
5
3
1
1
3
5
3
5
3
5
1
5
3
1
1
3
3
1
0
1
3
7
3
5
1
3
3
5
3
0
5
3
3
1
3
5
9
1
9
3
48
3
3
1
3
3
1
3
5
3
7
3
3
3
5
3
1
1
3
9
5
3
3
1
9
5
1
42
5
0
0
7
3
1
1
1
5
7
1
3
1
3
3
0
1
1
3
44
7
3
3
0
1
44
83
68
51
38
58
58
23
34
32
32
49
67
49
50
63
49
46
84
46
28
36
56
41
38
44
59
68
62
71
37
38
40
42
67
51
50
67
54
50
72
66
64
46
36
34
60
38
49
79
60
34
63
48
64
44
44
33
58
50
45
69
65
39
50
44
50
42
34
46
58
42
46
66
69
38
52
66
52
48
30
48
65
53
60
56
22
52
47
67
56
46
34
34
58
45
44
64
52
62
66
23
67
54
28
46
64
34
34
41
47
44
66
58
60
44
30
46
63
48
42
58
30
68
53
69
65
37
26
44
80
37
34
54
64
56
68
91
61
50
36
34
45
64
40
56
38
54
66
48
92
44
34
46
51
38
49
64
34
66
64
52
84
20
38
22
59
38
32
22
42
40
48
50
55
26
28
40
50
28
34
26
44
44
52
50
52
52
31
26
36
32
28
46
68
52
51
60
68
75
26
24
36
53
52
48
50
66
48
52
54
50
30
30
38
40
44
51
56
54
49
40
40
57
24
27
18
66
34
46
56
32
47
42
27
42
24
24
36
52
55
24
54
63
59
58
67
38
32
26
26
60
45
59
46
48
45
38
49
42
30
36
30
60
60
66
51
54
37
58
48
58
24
25
26
51
63
47
54
56
57
47
43
69
20
28
47
36
58
2
2
2
8
0
2
6
2
2
6
4
12
4
4
4
0
6
4
4
15
0
4
16
0
4
8
8
2
6
2
2
4
2
2
2
2
0
4
2
15
4
2
4
0
4
2
2
5
4
2
2
4
0
4
6
2
4
4
2
4
6
2
8
2
2
6
2
4
0
2
4
4
0
2
2
4
4
8
2
2
2
0
4
4
4
8
13
4
4
0
16
0
6
2
6
4
6
4
4
4
2
4
4
17
2
0
6
2
2
8
2
4
0
0
2
2
2
2
4
0
2
4
0
0
4
2
4
2
2
2
8
4
6
8
5
6
4
0
6
6
6
4
0
4
2
4
4
4
8
2
0
6
10
4
6
4
4
4
2
4
2
2
6
2
4
0
8
4
0
0
2
2
0
6
4
0
4
4
2
2
2
2
6
0
2
2
2
6
2
4
0
2
2
6
0
4
2
8
2
2
4
2
2
2
4
4
4
4
4
4
4
8
0
2
4
0
0
0
0
6
0
8
2
4
7
4
4
8
13
2
2
4
4
2
4
0
2
4
2
4
0
2
10
4
8
4
6
4
4
4
4
2
0
0
6
0
2
4
0
6
4
4
15
2
4
0
4
15
2
2
18
6
4
0
2
6
5
2
4
0
6
8
0
2
2
0
2
2
7
13
13
13
9
17
11
7
7
9
19
9
15
15
46
9
9
17
13
5
7
17
11
9
19
25
17
3
13
15
15
23
15
31
17
13
31
5
15
13
13
35
17
9
9
3
7
2
5
5
3
13
5
9
25
21
7
11
27
25
25
9
13
15
7
5
35
15
11
21
31
9
7
9
19
29
13
11
9
9
7
25
19
3
25
35
21
25
17
5
7
11
25
19
21
19
3
35
9
21
5
7
21
21
9
7
11
0
9
7
31
9
29
9
17
1
5
13
5
9
5
3
3
1
7
19
2
13
1
23
13
9
3
37
3
3
15
39
7
11
29
13
9
13
25
5
13
11
21
5
13
7
11
13
13
41
29
9
13
9
19
17
5
15
34
19
7
9
50
17
23
0
9
9
21
21
5
17
3
5
5
2
3
31
0
5
9
27
3
7
1
2
13
0
7
13
1
3
13
9
9
9
17
7
23
7
25
17
13
29
15
9
7
13
3
3
5
3
13
9
21
7
2
3
3
3
5
5
7
3
2
13
15
33
7
60
1
13
1
13
5
2
5
29
52
5
3
19
19
17
17
9
23
15
7
21
19
21
7
19
5
9
11
19
27
21
7
5
15
17
15
13
7
2
21
29
13
5
11
17
15
7
9
13
3
5
9
5
0
8
2
2
2
2
0
2
0
2
6
0
0
2
2
6
6
4
2
2
10
2
2
10
14
0
0
0
2
2
0
2
0
2
4
0
4
8
12
4
2
0
2
2
4
0
2
4
6
8
4
2
4
2
0
0
2
8
2
6
2
0
6
0
4
4
2
4
8
6
0
2
2
0
4
6
6
4
2
4
2
4
2
6
12
2
4
2
0
2
0
0
2
6
2
0
4
4
6
2
4
6
4
0
4
4
2
2
2
6
2
2
0
0
0
0
2
10
0
0
2
0
2
4
2
10
0
2
16
2
2
4
0
0
0
4
2
4
2
0
4
2
4
2
0
0
0
0
4
4
4
2
2
2
6
8
6
2
0
4
2
0
2
0
0
2
2
2
2
0
2
6
8
4
6
2
2
0
2
0
4
6
4
2
0
21
0
2
2
4
4
4
5
2
4
0
4
0
4
2
2
8
2
2
4
0
2
4
0
8
0
2
4
2
2
0
0
0
0
0
8
0
0
4
0
6
2
0
0
2
0
4
4
0
2
2
0
4
0
0
2
0
4
0
2
4
2
2
4
2
2
0
2
4
0
0
2
0
2
4
0
4
6
2
2
2
7
0
2
0
0
4
2
6
0
0
8
0
2
0
2
2
2
0
0
0
0
4
2
4
4
0
8
8
4
59
2
2
2
2
4
4
2
4
6
4
55
2
6
2
4
4
3
2
4
5
4
4
10
2
4
4
2
6
4
4
3
8
2
4
2
5
2
4
4
7
2
6
5
2
44
2
6
52
4
4
4
9
4
4
25
4
4
2
4
4
6
4
2
2
6
3
2
2
42
0
2
2
8
8
6
2
26
0
2
4
2
10
4
4
2
2
6
6
2
4
2
17
4
4
4
4
44
4
2
4
6
4
6
2
2
4
2
2
0
2
2
2
4
2
2
52
2
2
4
2
2
4
2
2
2
4
4
6
4
2
4
4
2
2
4
6
2
2
15
6
2
2
2
2
4
2
2
63
6
2
4
6
8
8
4
4
4
2
2
8
4
2
2
2
2
2
4
2
4
4
2
4
27
2
6
4
4
4
2
36
4
2
6
2
19
4
6
2
8
4
6
6
2
2
4
4
65
2
2
2
46
6
73
4
2
8
2
4
2
8
4
2
2
2
2
4
0
4
48
4
0
2
2
9
4
2
15
6
95
51
46
2
4
4
36
6
6
2
2
4
4
4
6
2
3
6
18
2
4
2
6
2
4
2
58
2
2
2
63
4
63
2
2
4
4
2
2
2
2
19
2
4
2
2
2
4
6
4
2
10
