8
2
6
4
4
8
8
12
6
6
4
4
4
10
6
4
6
4
6
2
8
6
4
6
4
10
4
7
6
8
33
8
8
4
2
6
4
10
0
6
12
10
12
12
13
10
8
13
8
17
15
9
8
15
15
10
17
17
21
10
12
17
12
10
8
10
10
8
21
17
17
19
19
8
19
17
17
21
23
15
15
23
15
15
19
13
21
17
23
6
13
15
12
12
33
19
63
19
21
10
27
23
10
8
17
15
30
12
17
13
15
19
25
13
11
13
13
15
10
15
17
10
33
19
19
15
17
13
17
21
13
17
15
8
23
13
40
29
15
25
8
21
27
31
17
21
23
21
13
39
13
19
26
13
25
35
8
25
23
12
8
19
42
36
8
13
23
11
46
23
10
23
29
11
42
23
15
15
19
13
21
25
4
8
2
6
2
4
4
2
2
4
4
4
4
2
2
2
0
4
0
8
8
6
4
8
6
4
6
4
6
8
8
15
10
6
17
12
8
6
2
8
4
4
8
4
4
4
8
2
4
11
4
6
4
12
4
10
2
4
4
6
8
4
8
15
8
2
6
0
2
4
13
6
4
6
6
6
8
4
6
4
4
8
8
8
0
8
4
8
6
4
2
10
2
0
6
8
4
9
36
8
15
4
4
8
4
6
10
10
10
41
6
29
15
6
0
6
2
19
6
0
6
8
14
8
2
6
4
6
2
8
6
6
2
8
2
2
12
0
14
8
4
4
0
4
6
19
4
6
2
12
6
12
0
6
12
0
8
10
14
4
8
10
12
10
12
16
4
11
8
10
10
20
10
16
15
6
8
8
10
17
29
40
16
19
52
16
21
12
10
23
26
41
21
27
12
26
17
31
21
10
16
16
23
23
50
29
16
12
33
14
34
33
21
25
37
27
29
19
21
8
16
31
16
27
17
12
31
21
18
23
25
14
16
20
19
27
35
23
27
19
55
25
21
39
29
17
31
10
47
54
17
23
27
49
12
15
71
21
64
10
23
10
76
39
45
19
27
27
10
15
34
63
12
29
43
58
31
19
16
27
23
33
35
10
10
8
21
38
21
28
31
60
31
19
28
19
10
19
66
15
19
41
23
20
37
25
21
29
25
23
8
35
19
25
39
32
70
19
34
27
37
25
43
19
66
23
12
27
33
18
21
20
16
36
23
35
21
14
27
19
31
18
27
18
31
21
17
29
27
17
23
31
39
10
6
29
23
19
14
8
8
14
2
13
10
8
12
12
23
6
6
23
10
12
12
14
14
13
10
6
18
12
6
2
23
12
6
10
18
10
21
8
4
6
7
6
9
8
9
11
9
11
7
15
13
15
8
11
7
6
4
9
5
3
11
13
4
5
7
7
6
10
6
6
9
6
6
2
8
6
10
8
11
9
11
7
4
4
13
6
9
11
4
4
6
6
8
4
6
4
9
8
6
6
2
6
6
6
5
7
4
7
6
8
8
8
4
2
7
6
4
8
7
13
6
4
6
4
8
8
6
4
11
6
6
9
7
9
6
8
7
6
11
6
9
24
8
5
8
6
9
6
6
2
8
15
7
8
23
9
5
9
19
13
45
6
9
5
0
15
9
11
11
6
4
13
8
6
37
15
13
5
15
5
9
15
11
6
9
4
6
33
4
11
19
4
11
6
6
7
7
9
15
8
8
11
8
9
11
8
4
21
9
17
11
11
7
30
9
22
22
11
9
11
13
15
15
19
13
9
8
11
9
25
13
19
14
26
15
7
17
4
8
19
6
11
17
30
13
11
19
8
15
13
8
11
25
6
10
7
8
4
13
10
11
6
4
7
13
19
15
11
10
4
8
11
6
11
19
6
8
6
9
7
16
13
16
6
4
6
6
6
6
8
8
4
6
4
2
4
4
4
4
3
2
2
2
0
2
0
0
0
2
2
6
2
0
0
0
3
2
0
0
2
6
0
2
2
4
0
0
4
0
2
0
2
2
4
2
0
25
2
2
2
2
0
2
2
0
0
2
4
0
0
0
5
2
2
2
2
4
4
2
0
2
0
0
6
6
2
2
4
0
0
6
2
43
0
0
4
0
4
2
0
2
5
0
2
0
2
0
7
0
0
0
0
0
2
0
0
0
4
2
98
0
0
30
2
0
2
0
0
0
0
0
79
0
2
0
0
0
2
0
0
0
0
30
82
2
0
4
33
2
4
2
0
2
0
9
97
0
0
0
2
6
0
0
2
0
0
4
2
0
0
0
0
2
59
0
4
0
0
2
2
2
0
2
0
2
0
2
37
0
2
2
0
2
0
4
0
4
2
0
2
2
6
4
3
2
2
33
4
0
4
0
0
2
7
0
2
0
4
0
5
2
0
30
2
0
6
2
2
2
0
0
6
4
4
0
0
2
6
6
0
8
0
5
7
6
0
0
4
2
2
6
0
0
0
4
4
0
4
2
36
4
2
4
4
19
2
2
5
2
4
2
0
2
4
2
0
0
2
4
0
0
60
0
6
29
2
2
2
0
6
0
0
47
2
4
4
4
0
2
0
2
4
2
2
2
2
0
33
2
2
4
0
2
4
2
0
2
0
0
2
6
2
6
2
0
2
4
2
2
4
6
8
2
2
2
2
0
0
3
3
26
19
16
23
17
15
5
17
13
13
23
17
19
16
18
17
24
17
9
11
5
5
19
15
21
24
9
17
22
11
27
15
13
11
35
21
18
11
21
17
16
17
25
9
23
13
44
11
13
15
15
32
17
36
44
17
17
30
7
19
29
27
9
18
5
21
13
36
17
17
62
15
13
28
21
21
15
28
13
15
17
17
15
34
23
29
28
11
28
19
44
13
23
17
33
18
26
18
19
19
17
27
38
42
0
17
9
17
17
17
11
24
13
13
16
18
21
11
23
11
24
11
9
34
25
15
15
19
21
25
17
19
11
17
7
13
38
24
35
27
9
15
17
25
15
15
30
11
36
40
17
9
15
32
48
22
25
34
17
32
38
26
19
22
23
19
25
34
13
48
19
17
25
14
17
9
25
39
38
40
37
28
48
50
15
18
22
24
34
11
41
24
36
15
27
22
23
42
46
55
11
30
19
23
9
36
33
25
13
30
42
79
40
38
15
15
36
28
36
38
15
17
9
22
27
38
15
27
32
16
7
51
34
13
37
24
24
36
25
34
19
35
30
23
36
48
21
26
50
24
23
34
28
63
23
17
19
30
46
26
19
17
26
11
42
31
15
11
24
11
14
15
0
1
30
1
0
0
3
0
0
1
0
0
0
3
0
2
0
0
2
0
2
2
0
0
0
0
0
0
0
0
2
0
0
0
0
0
0
5
0
2
0
0
2
2
0
2
2
2
0
0
0
3
0
2
0
0
0
0
0
2
0
2
2
0
0
0
2
0
0
0
0
0
0
2
0
0
0
2
0
2
0
0
2
2
4
3
2
2
0
0
0
2
2
2
0
2
0
0
0
0
0
2
0
2
0
0
4
2
0
2
2
3
2
0
0
0
0
0
2
0
0
0
2
0
3
2
3
0
0
0
2
2
0
0
0
2
2
5
0
0
0
2
3
2
2
2
4
0
0
5
2
4
0
0
0
0
0
2
2
0
4
0
2
2
2
4
0
3
5
2
3
2
0
2
0
2
2
4
0
0
7
0
2
5
0
4
4
0
0
0
0
0
2
0
2
2
2
0
4
4
2
2
4
1
2
4
1
0
0
7
0
2
4
2
2
0
2
0
0
2
0
0
2
4
0
4
2
0
2
0
0
2
2
5
2
2
2
0
0
0
0
2
2
0
2
4
0
2
0
4
2
0
2
2
2
0
0
0
5
7
2
2
0
3
4
0
7
2
2
2
2
4
2
0
4
2
0
2
0
0
0
0
0
2
0
2
2
0
0
4
2
2
0
0
0
2
0
7
3
0
0
0
2
0
2
4
2
0
0
0
0
0
2
0
0
2
2
2
0
0
0
0
0
0
12
0
2
0
0
0
0
0
0
2
0
2
2
0
2
2
0
0
6
2
0
0
0
0
0
0
2
0
0
2
0
0
0
0
0
0
0
0
0
0
2
2
2
0
0
2
0
2
0
0
0
2
2
2
2
0
0
0
2
2
0
0
0
0
0
2
0
2
2
2
2
0
0
0
2
0
0
2
4
2
2
2
2
2
2
0
2
0
0
0
0
2
0
0
2
2
2
2
2
4
2
2
2
0
0
2
2
3
4
0
4
0
2
0
2
2
2
0
2
2
0
2
2
2
2
2
0
2
2
2
2
0
2
4
0
0
2
2
2
0
0
2
2
0
0
0
4
0
0
2
2
0
2
0
2
0
2
2
2
2
0
0
0
2
0
0
0
2
2
2
2
2
0
2
0
4
0
2
2
2
2
2
0
0
2
0
0
0
0
0
2
4
2
2
2
4
4
0
0
0
0
0
2
0
2
2
0
4
0
2
2
0
2
4
0
0
0
0
2
2
2
0
0
0
2
2
0
2
0
2
2
0
0
0
2
0
0
2
2
4
4
0
0
0
2
2
0
2
4
2
0
2
0
0
2
0
2
2
2
2
2
2
0
0
28
4
9
0
0
0
0
2
6
2
0
32
4
12
2
0
0
4
2
2
0
0
2
6
0
0
0
0
4
2
2
2
2
2
2
0
0
60
2
0
73
0
0
0
0
2
2
3
3
0
4
2
2
0
70
0
2
0
2
0
11
0
2
2
4
0
2
0
0
0
0
4
2
0
4
4
0
35
0
0
0
2
0
2
6
66
0
4
0
0
2
2
0
2
4
0
2
2
4
2
0
2
0
0
4
2
0
0
0
0
2
0
0
4
0
0
4
2
2
6
2
2
2
4
4
27
0
2
2
2
63
0
2
0
4
2
2
15
4
0
2
30
2
15
28
0
0
0
4
0
2
2
4
2
0
21
2
0
23
46
4
8
0
8
2
0
2
4
4
31
0
0
50
2
0
67
8
2
8
0
2
4
2
13
0
0
8
4
4
35
0
2
59
0
2
4
6
2
2
2
0
32
6
2
0
0
51
0
0
4
2
2
2
17
2
0
0
2
4
0
61
0
2
46
0
2
2
4
51
0
0
8
0
4
30
0
0
6
0
4
2
2
2
0
30
10
6
2
0
0
6
0
4
0
2
4
0
2
4
6
2
4
6
0
2
2
2
36
2
6
0
0
0
32
0
13
0
2
2
0
2
11
2
0
0
29
2
0
12
8
8
2
10
4
10
16
12
16
12
6
13
4
12
8
8
4
12
6
6
10
14
8
8
10
4
8
10
10
12
8
8
4
8
8
14
10
18
14
12
23
21
31
18
8
8
12
18
18
6
8
18
14
12
4
8
18
8
12
10
12
16
14
4
8
10
8
8
8
12
18
8
12
6
10
6
16
10
16
8
14
10
8
25
18
8
6
8
27
8
29
16
14
12
16
21
10
10
16
21
8
14
14
16
14
21
16
18
8
20
17
16
10
12
12
21
8
14
8
6
12
21
10
25
14
16
14
18
8
14
12
14
18
16
14
21
12
8
10
16
16
25
4
14
12
18
20
21
6
23
12
25
10
6
18
18
14
12
20
25
16
12
6
16
16
10
18
6
21
14
16
6
4
21
10
6
8
21
10
8
8
14
18
23
18
4
12
16
8
18
6
8
16
18
16
14
8
10
10
4
12
16
18
12
14
16
25
18
18
8
6
18
8
12
4
10
23
6
8
21
25
21
18
14
8
8
8
14
16
12
12
12
6
8
6
16
21
16
20
18
20
21
19
8
8
10
10
14
10
14
8
4
16
14
15
8
6
6
8
16
10
14
10
6
12
6
16
10
8
8
18
6
6
8
8
10
10
12
6
6
14
16
18
8
4
6
18
0
2
6
2
2
2
2
4
2
4
2
2
0
0
2
6
2
0
2
0
2
2
0
2
0
0
6
2
2
0
2
2
2
2
0
0
0
4
2
2
0
2
0
0
2
2
4
2
0
0
2
0
2
2
2
2
2
6
2
0
0
0
2
2
0
0
2
2
2
4
0
0
0
0
4
2
0
2
2
2
0
4
2
0
0
2
0
4
0
2
2
2
0
2
0
0
0
0
2
2
0
4
2
2
2
2
2
2
0
0
2
0
2
2
2
0
0
2
0
0
0
2
0
0
2
0
0
0
0
2
0
2
0
2
0
0
0
2
2
4
4
0
2
0
0
0
2
0
4
2
2
0
2
0
0
0
0
2
2
2
0
0
2
2
2
2
0
2
0
0
2
0
0
2
0
0
2
2
0
2
0
0
2
2
2
0
0
0
2
2
2
0
0
0
4
2
0
0
4
0
2
2
0
2
0
0
0
0
0
0
2
2
0
2
4
0
0
2
0
2
2
0
4
2
0
2
4
2
0
2
2
2
0
2
0
0
0
0
0
0
0
2
0
4
2
2
2
2
0
0
0
0
0
0
0
0
0
0
2
0
0
0
0
0
0
0
0
0
0
0
2
2
2
2
0
4
2
0
4
0
0
2
2
2
0
0
4
0
