23
33
32
17
17
19
25
23
43
21
19
20
16
23
17
18
27
15
32
27
23
27
30
28
24
21
25
19
33
28
29
27
23
27
29
32
25
17
17
23
41
44
11
27
14
19
22
38
24
16
26
23
25
32
31
18
20
25
24
19
32
39
28
38
26
18
31
31
34
26
28
62
54
35
30
30
21
34
28
22
28
14
32
13
28
30
28
31
27
27
33
38
43
34
34
18
35
35
31
40
45
46
30
30
20
42
59
31
58
26
36
27
16
18
30
24
24
34
51
25
34
29
33
22
27
30
27
38
19
62
51
30
9
25
20
45
40
29
25
27
22
31
33
23
27
35
27
26
24
17
25
17
21
25
24
30
16
22
39
28
14
23
27
24
25
35
31
24
13
29
27
15
29
20
27
37
31
24
27
29
34
23
21
21
31
23
27
23
19
30
24
23
31
35
28
26
25
43
27
38
31
28
30
28
23
17
33
32
28
38
33
28
30
35
38
19
30
33
26
31
35
31
30
22
28
38
30
29
24
44
43
14
29
19
18
20
26
33
25
22
18
31
18
20
24
21
17
15
19
23
24
23
21
21
23
23
19
16
30
20
20
33
24
14
27
31
59
13
48
45
67
27
25
23
22
29
23
26
22
26
20
14
16
15
16
19
13
18
4
5
4
2
4
2
5
4
6
4
6
5
4
7
5
6
6
4
4
4
4
4
6
4
2
4
4
4
6
5
5
2
5
6
4
4
5
4
6
6
5
4
2
2
4
7
5
4
6
2
4
5
5
5
6
4
6
2
5
7
6
6
4
7
7
6
5
5
4
5
5
4
7
5
2
7
6
5
6
5
4
6
2
6
7
5
4
5
4
7
7
4
5
6
5
7
7
5
5
3
5
5
3
5
6
5
7
4
2
5
6
5
6
6
9
7
9
6
8
11
5
7
3
5
7
6
5
8
4
7
7
7
7
7
5
7
5
2
5
7
7
4
4
7
5
4
5
7
5
7
6
7
4
5
7
7
7
7
7
5
5
5
7
5
6
4
7
6
7
6
5
7
6
8
7
6
7
4
4
7
7
5
7
6
7
7
7
7
7
4
7
5
7
7
5
7
7
5
5
6
7
6
6
5
7
7
5
5
5
7
6
5
7
7
7
7
4
7
5
9
5
9
6
7
6
7
7
5
7
5
6
6
5
5
5
4
4
7
6
5
5
5
3
7
7
4
6
6
5
4
4
5
6
7
6
7
4
7
3
4
7
7
6
7
4
5
4
6
7
4
4
4
4
6
4
6
4
5
4
5
6
4
2
6
8
2
5
5
0
0
0
0
0
0
0
0
0
0
0
0
0
0
0
0
0
0
0
0
0
0
0
0
0
0
0
0
0
0
0
0
0
0
0
0
0
0
0
0
0
0
0
0
0
0
0
0
0
0
0
0
0
0
0
0
85
7
5
5
19
18
2
5
14
12
18
26
21
15
31
16
19
8
15
19
14
22
22
24
18
13
7
7
28
31
11
19
16
23
16
21
26
19
9
21
27
33
9
21
10
17
13
14
11
17
54
18
23
15
16
14
21
15
13
18
34
18
9
15
31
18
28
29
23
34
30
43
22
20
22
24
18
22
9
30
22
13
16
13
16
12
17
39
17
18
22
17
14
17
16
21
14
18
36
19
22
38
19
27
14
27
34
33
20
35
8
13
22
46
22
21
22
27
29
29
17
22
24
17
44
21
39
39
13
17
12
37
21
20
26
30
13
18
18
37
23
20
19
33
24
25
24
35
26
16
21
11
20
41
19
34
30
20
20
18
11
25
10
22
22
20
11
10
11
25
15
7
11
12
22
19
39
16
14
25
17
17
22
25
19
13
7
14
14
16
19
16
29
13
12
23
14
12
5
14
15
5
3
2
10
5
7
2
3
1
3
3
3
8
5
2
7
7
3
6
2
9
17
5
9
6
5
5
10
0
7
2
4
4
0
2
3
1
39
5
15
4
2
25
4
7
1
2
2
11
27
37
4
1
1
25
0
2
2
33
2
3
34
4
1
14
2
2
2
26
2
45
3
4
2
28
7
2
51
4
4
2
35
2
9
5
5
5
33
1
2
2
2
0
6
1
4
0
30
1
2
29
44
29
5
0
0
3
4
3
31
31
2
6
27
0
0
2
6
29
16
36
32
0
0
4
29
6
28
4
1
1
5
23
26
26
6
22
19
26
10
4
2
27
2
27
24
25
43
2
17
35
28
2
2
22
2
9
32
43
2
1
29
38
6
4
33
2
0
5
2
3
2
10
2
33
25
4
4
0
24
26
1
24
33
6
5
29
0
11
31
2
7
0
5
1
2
3
19
1
36
1
2
0
3
12
2
0
0
1
0
2
0
2
1
2
2
5
3
2
8
1
20
28
3
34
0
20
2
2
4
2
2
6
24
38
3
2
7
23
7
28
2
2
1
3
25
37
2
0
29
22
2
20
0
20
0
33
0
35
2
41
5
25
2
29
12
7
7
4
2
0
2
49
0
4
5
6
4
1
12
27
2
2
4
0
3
3
2
4
2
24
4
0
2
3
8
0
0
1
2
0
4
0
0
6
6
81
1
27
9
3
2
5
2
1
3
45
4
0
0
2
4
4
9
0
2
3
3
0
3
2
4
2
7
2
1
5
3
5
0
2
5
7
4
7
0
5
3
3
10
3
2
4
1
0
0
3
2
5
2
3
5
2
2
3
2
0
5
0
2
2
2
5
2
0
3
3
2
0
8
2
2
0
2
0
5
10
5
0
3
0
9
0
0
5
18
2
1
0
5
2
2
2
0
2
2
2
1
0
5
2
0
1
5
3
7
6
2
0
2
5
3
1
4
0
4
5
8
3
8
0
4
3
7
5
5
3
3
3
5
5
3
5
0
5
8
1
0
11
10
1
0
3
3
2
5
3
2
0
2
2
5
0
5
2
2
0
0
0
1
2
4
0
7
2
9
6
0
5
5
1
2
0
0
4
2
4
3
0
3
0
4
0
2
4
2
7
3
1
4
2
4
4
3
1
0
1
2
10
4
1
3
3
5
3
1
0
1
5
10
8
2
0
6
2
0
0
3
7
1
3
3
6
5
3
7
7
0
7
6
3
0
4
2
3
0
0
3
1
0
5
4
0
1
3
3
4
1
0
2
8
2
4
6
1
0
0
4
0
5
5
0
0
0
2
6
3
3
2
0
6
5
5
3
0
8
5
3
1
0
0
5
0
4
5
10
2
0
0
2
1
0
0
0
2
2
0
0
0
0
0
0
0
0
0
0
0
0
0
0
0
0
0
0
0
0
0
0
0
0
0
0
0
0
0
0
6
2
2
6
2
2
6
4
9
2
2
9
10
6
2
5
2
4
4
6
6
8
2
5
6
4
8
7
4
2
9
8
4
8
4
6
8
4
4
2
8
6
4
2
4
4
4
6
4
2
6
4
6
0
4
4
8
6
8
6
2
4
8
4
4
8
2
7
8
4
4
4
4
3
6
2
5
2
4
6
4
6
2
4
5
6
6
2
6
6
4
4
6
6
4
4
6
6
4
5
6
6
4
6
7
4
2
7
8
4
6
5
7
4
3
2
4
11
4
4
5
4
4
4
4
4
6
4
6
2
4
11
4
6
7
4
9
6
0
0
0
0
0
0
0
2
4
2
0
0
0
4
4
4
4
6
2
5
9
8
4
6
6
4
6
4
4
6
6
6
4
5
4
4
2
2
4
6
6
6
6
4
5
6
9
7
8
4
6
8
7
7
11
6
8
8
6
4
5
2
4
8
6
4
8
6
6
6
4
4
4
2
4
8
2
4
6
6
10
10
8
5
0
2
2
6
4
2
8
5
4
5
5
6
2
5
8
4
2
4
4
4
7
6
4
0
6
6
6
4
2
5
6
8
6
10
6
8
4
18
12
19
19
18
24
25
26
23
19
39
45
31
20
22
29
21
31
19
34
19
20
51
24
19
18
26
38
21
33
20
22
30
13
19
30
14
33
10
32
49
37
28
30
26
44
19
14
22
18
23
20
28
43
34
19
26
16
21
15
20
19
14
23
20
31
30
25
32
17
30
23
23
18
18
29
22
22
25
46
17
25
53
23
35
14
20
28
13
22
17
27
18
48
23
33
22
21
21
20
27
62
28
52
23
30
15
26
22
18
21
30
17
26
40
28
20
17
22
14
58
25
25
21
16
15
42
16
19
31
22
22
19
19
16
25
20
15
30
17
39
18
24
33
18
23
32
26
19
16
24
24
64
25
20
17
21
30
33
24
46
17
30
17
38
41
16
20
24
37
24
36
21
20
23
28
39
38
20
18
26
23
23
45
18
17
14
47
36
17
18
51
23
27
28
33
34
21
16
67
47
25
12
17
23
64
21
46
16
21
25
21
25
34
25
27
41
24
41
30
21
35
30
18
26
38
28
13
26
19
33
44
30
39
25
27
18
31
27
22
17
21
40
18
16
45
15
18
38
39
21
15
68
30
19
18
25
30
32
25
30
41
28
19
52
35
36
28
35
17
17
30
48
24
17
23
21
13
34
26
28
31
17
17
25
34
34
17
4
4
2
2
0
2
2
4
0
6
0
4
7
11
12
2
0
4
2
2
0
0
6
2
0
2
2
6
2
3
6
2
2
38
6
2
0
2
3
2
4
2
0
4
0
7
4
0
6
0
2
7
4
4
0
2
0
8
5
2
0
2
2
2
2
4
0
0
4
0
2
0
2
2
2
0
4
5
2
2
3
4
4
2
2
9
2
4
0
7
0
81
2
4
68
2
2
4
2
68
2
2
68
18
2
0
0
6
0
4
2
2
4
27
2
2
4
5
2
0
4
4
16
18
0
4
6
2
6
4
0
2
4
2
0
4
6
2
0
4
4
0
2
19
0
4
0
0
2
0
2
0
15
2
0
7
0
2
2
6
4
2
4
2
0
4
0
0
4
2
92
3
2
5
42
2
0
0
0
3
8
2
2
2
9
0
3
0
16
4
4
88
2
2
2
5
2
3
2
0
0
0
0
45
7
74
4
0
0
96
2
2
2
0
9
2
2
4
4
2
0
2
0
4
4
9
6
4
7
0
82
2
0
0
0
2
7
2
0
7
6
2
6
74
0
0
13
2
4
0
0
2
2
2
93
4
2
4
0
2
6
0
0
0
7
2
2
6
2
4
5
2
2
2
75
0
6
0
2
4
2
2
4
4
2
0
0
2
7
21
7
9
15
13
9
9
9
7
15
19
24
11
9
15
15
13
15
11
7
5
5
17
5
11
15
3
3
5
23
15
7
7
25
13
7
5
13
16
7
11
19
13
11
34
13
15
19
11
15
9
30
9
7
13
38
12
11
0
7
7
9
9
5
9
11
11
5
15
15
11
13
19
7
7
9
11
15
11
13
9
7
21
17
7
19
3
7
13
13
7
7
13
3
9
13
16
20
13
7
20
21
7
9
19
11
5
28
15
5
27
11
7
15
17
34
38
30
9
21
17
5
24
26
24
9
9
11
18
17
9
7
9
9
14
24
7
7
15
5
7
15
11
11
17
21
19
11
9
13
18
19
17
5
15
80
14
15
22
7
13
9
17
7
21
47
9
7
5
19
11
17
11
5
34
23
15
21
11
9
11
13
7
9
29
9
15
7
7
11
15
9
9
7
9
18
11
11
13
13
11
15
15
45
13
20
16
21
15
17
20
15
11
11
15
12
15
13
18
7
11
5
11
18
11
19
15
3
5
5
5
13
9
3
7
11
7
5
1
9
7
11
5
5
10
7
7
11
17
15
21
18
5
5
19
15
15
15
13
10
19
13
9
9
11
13
22
9
3
14
11
11
20
16
21
7
17
12
18
18
7
15
25
26
7
5
9
11
13
11
18
14
12
14
6
16
24
5
15
22
5
14
17
9
27
17
6
6
7
7
7
16
26
12
13
9
12
7
9
7
8
22
20
6
20
5
7
16
3
4
13
18
22
5
12
7
6
10
7
7
11
11
3
22
13
10
11
14
7
20
5
5
20
21
7
23
24
22
7
18
15
13
16
13
5
20
18
22
19
5
26
12
19
10
6
6
7
18
7
22
15
7
15
7
7
4
8
18
9
18
10
16
12
7
24
22
5
12
21
13
13
4
15
21
23
17
5
19
16
18
19
8
7
15
5
7
18
4
17
28
5
10
11
5
10
8
14
16
13
7
15
17
21
8
8
8
17
6
6
18
5
15
13
5
26
12
8
11
6
20
4
12
19
5
7
14
16
3
9
6
10
6
10
7
6
15
6
20
14
6
6
12
18
18
5
9
15
28
21
7
13
10
17
8
16
8
5
6
5
8
7
15
13
7
7
3
18
31
11
5
11
8
24
15
9
9
7
7
23
7
13
19
14
18
18
7
14
21
17
6
6
15
7
5
8
10
4
7
7
18
11
5
8
6
14
3
13
13
4
17
16
7
21
10
10
13
6
18
15
6
19
9
19
23
9
7
7
5
6
7
5
17
3
15
18
5
18
4
8
8
16
16
7
13
20
