4
2
2
4
4
2
0
2
10
4
8
6
2
4
6
6
4
0
0
0
2
2
2
0
2
4
6
2
0
4
6
2
6
2
4
2
2
10
6
2
4
6
2
2
6
2
2
2
6
2
2
8
2
2
29
4
4
10
0
4
8
0
6
2
6
2
4
4
2
6
4
6
2
2
2
4
4
6
2
0
2
2
2
2
2
4
4
8
4
2
2
8
0
2
2
2
0
10
2
8
14
4
8
8
4
6
4
8
4
8
2
81
8
4
10
6
8
4
6
6
12
8
31
12
10
4
6
2
2
95
6
4
95
2
6
8
2
2
0
6
6
2
6
6
8
4
8
4
4
8
10
6
8
4
2
2
0
2
2
4
6
4
6
4
4
0
2
2
2
0
2
2
2
0
2
4
4
10
2
0
4
6
4
10
6
6
2
8
8
6
2
6
4
6
8
4
4
2
8
0
2
2
4
2
4
2
6
2
6
4
4
2
2
0
4
0
0
4
6
2
6
4
6
4
0
4
0
6
2
2
4
10
2
6
4
4
0
2
8
2
0
0
4
4
6
0
8
2
2
56
6
0
2
4
4
2
0
6
4
0
4
8
4
0
4
2
6
2
4
2
4
2
0
2
0
4
6
4
2
2
2
4
0
4
2
0
2
6
2
1
2
3
1
6
11
1
10
2
4
5
1
3
3
2
1
1
8
3
3
2
3
2
1
2
1
4
2
3
3
13
3
0
17
0
4
5
2
2
1
3
10
0
4
2
3
3
4
0
3
4
4
1
3
5
14
1
6
3
5
0
2
2
3
13
3
4
3
3
2
1
3
2
2
1
1
8
3
2
2
5
3
11
7
0
1
3
3
3
3
1
3
4
3
2
8
1
2
8
1
4
1
3
3
1
0
1
5
5
0
5
4
3
10
2
5
3
5
2
6
6
2
14
2
6
4
2
4
1
2
2
2
4
3
10
3
1
1
3
1
13
2
1
2
1
3
2
3
4
4
8
3
3
1
2
2
2
2
1
1
6
5
2
2
4
3
3
3
3
3
8
2
2
4
3
4
2
4
6
2
35
3
1
1
6
4
7
2
2
3
2
1
11
7
2
0
1
0
3
9
15
3
1
2
8
4
0
1
0
2
2
1
19
2
4
16
3
3
6
2
4
2
2
11
0
1
2
1
3
1
2
2
3
2
1
2
0
2
19
8
31
4
4
1
2
1
6
1
1
2
1
5
6
2
2
14
0
2
1
3
10
0
5
3
1
2
6
4
1
5
5
4
7
1
2
1
2
1
17
3
3
1
3
6
8
1
2
11
18
13
13
9
13
11
18
9
21
11
98
17
9
13
15
15
9
11
11
9
7
13
15
13
17
7
7
11
4
11
9
11
15
20
9
23
9
13
7
6
11
7
15
24
18
17
15
15
21
12
6
2
0
2
4
4
8
2
6
4
5
6
4
0
7
2
2
0
4
8
4
4
37
2
9
2
2
6
10
5
2
8
20
5
19
9
13
23
2
18
10
14
12
9
6
11
11
13
4
9
35
17
4
12
12
11
20
9
4
2
11
22
10
19
11
4
8
25
9
13
6
10
11
13
13
11
35
6
11
35
6
15
9
17
33
17
15
7
6
9
23
7
11
8
4
67
8
24
9
10
12
11
15
11
11
8
9
8
7
25
8
7
24
8
13
71
75
7
13
17
11
13
9
15
7
15
11
19
28
11
17
9
66
19
13
6
19
7
10
15
27
9
9
11
14
9
11
23
21
13
6
17
18
11
20
19
41
26
16
28
9
19
28
11
13
7
17
11
25
11
13
9
13
17
11
9
13
9
38
12
37
8
13
11
21
4
7
7
29
4
8
5
9
18
9
6
4
5
35
7
5
7
6
3
5
6
7
6
11
5
5
0
7
5
30
5
6
6
6
4
6
6
4
2
5
28
7
14
5
2
7
5
7
7
7
9
4
28
5
25
13
7
0
9
12
23
0
17
21
49
11
6
9
13
7
9
34
7
21
34
24
7
13
9
13
17
19
24
7
9
8
24
17
17
13
7
13
18
32
14
5
34
9
28
9
9
32
31
9
9
15
6
21
23
15
18
13
47
2
14
37
28
36
30
11
27
26
21
0
17
6
22
21
26
33
11
7
37
28
33
0
4
20
0
32
8
41
15
22
17
12
27
44
24
30
15
33
18
16
18
13
35
24
60
19
11
2
19
22
16
9
7
0
21
17
34
37
11
14
11
12
13
16
17
33
26
13
13
11
17
7
17
0
11
22
0
10
35
45
17
29
13
13
15
39
16
27
26
39
14
18
28
14
18
22
11
37
2
37
15
0
29
39
15
7
25
2
0
15
33
2
30
6
35
42
11
16
18
9
0
14
2
4
27
2
11
9
21
66
50
4
0
2
22
30
24
20
18
17
11
13
54
20
0
15
26
39
9
13
11
17
23
0
21
17
9
0
15
2
4
11
46
17
13
25
0
35
0
0
13
0
0
6
25
27
42
26
22
29
0
10
28
41
22
21
11
29
30
34
11
19
6
17
21
18
15
13
10
19
15
11
20
22
2
15
4
13
15
9
17
11
20
34
0
17
20
13
30
13
13
12
11
7
15
11
0
0
2
0
2
2
2
2
0
4
2
2
0
4
0
0
4
0
0
0
0
4
2
2
2
2
4
2
0
0
0
4
0
0
2
2
4
0
0
2
7
2
4
2
4
4
0
2
2
2
2
0
4
0
6
4
2
2
0
0
4
6
0
0
0
0
4
0
0
2
0
0
4
2
4
0
2
0
2
2
0
4
0
6
0
0
2
4
6
7
0
2
0
2
2
4
2
2
0
0
2
0
4
4
0
2
2
0
6
0
0
4
4
4
4
4
2
0
0
0
6
4
0
2
8
2
0
2
4
2
0
2
2
2
4
0
0
2
4
2
0
2
4
0
0
2
2
2
0
6
0
13
4
8
4
2
8
4
0
2
0
0
2
4
4
4
14
0
0
2
8
2
2
4
0
2
0
0
6
2
2
8
0
0
4
8
4
2
2
6
4
0
2
2
2
0
6
4
2
4
8
2
0
2
0
2
4
0
4
2
2
6
4
0
2
4
2
2
0
4
2
0
2
4
2
4
2
4
0
0
0
0
0
0
0
2
0
2
4
0
2
0
0
0
0
2
2
2
2
2
8
2
2
0
0
0
2
2
2
4
0
2
8
2
4
2
0
4
4
0
0
2
6
0
0
0
2
4
2
4
2
0
0
2
2
6
0
2
0
24
0
20
0
12
11
0
0
23
0
2
0
7
22
0
21
2
0
17
0
0
24
23
3
11
0
16
0
18
3
0
21
9
11
1
0
0
0
25
0
10
0
20
0
15
41
5
20
2
21
7
2
16
0
48
16
0
27
0
33
3
16
57
0
17
0
1
0
32
0
21
0
29
0
2
0
35
0
7
0
2
0
0
35
19
3
0
16
2
19
0
28
0
0
14
0
2
19
2
15
2
0
2
19
0
0
2
1
0
0
0
9
0
30
0
0
32
26
2
4
30
0
9
2
25
5
29
0
0
0
1
41
29
26
26
0
30
0
2
19
0
0
4
57
3
6
0
45
22
0
20
44
3
0
0
0
0
0
24
13
0
0
0
35
0
8
0
20
43
42
0
0
0
0
0
32
22
0
39
32
62
0
4
0
0
0
2
0
27
11
0
23
29
24
0
2
26
0
0
23
0
31
0
0
4
30
15
0
22
0
7
10
10
35
0
32
40
0
13
0
2
42
36
1
0
26
1
30
66
29
0
22
0
32
39
71
95
0
64
33
0
36
36
35
3
10
0
23
46
70
53
52
36
0
2
62
10
41
44
0
0
90
73
0
0
0
2
46
34
33
42
97
0
9
70
0
0
0
0
2
15
2
15
32
57
75
71
0
4
2
4
0
2
0
6
0
0
4
18
2
2
0
0
0
2
0
0
2
4
0
2
4
4
0
2
0
2
0
4
0
2
2
4
2
2
2
0
2
2
0
6
4
0
0
0
0
0
0
0
0
2
0
2
2
4
2
2
6
4
4
0
6
2
2
2
2
6
4
0
0
0
18
6
4
0
18
2
2
4
4
0
2
0
0
0
0
2
0
4
4
0
0
2
4
0
4
0
0
2
6
2
2
19
2
0
0
4
2
2
2
2
0
4
0
4
6
0
2
2
4
0
0
2
4
2
2
0
0
4
4
2
2
2
0
2
4
2
4
2
0
2
2
6
2
2
0
2
0
0
2
4
2
4
2
0
6
0
2
2
6
8
0
0
2
0
2
6
4
2
2
4
0
0
0
0
2
2
2
6
4
4
2
2
0
2
0
0
4
4
16
0
0
6
2
0
2
2
6
4
0
0
4
2
6
0
4
2
6
0
2
2
2
2
4
4
2
6
2
22
2
0
4
4
0
0
2
2
0
2
2
0
0
2
2
2
2
0
2
2
2
2
2
29
37
2
4
0
0
2
0
4
4
0
2
0
2
2
4
2
2
2
0
4
2
2
0
0
2
2
4
2
2
2
0
0
2
4
4
0
2
0
0
0
4
4
2
2
0
2
0
1
2
1
0
2
6
0
0
0
0
2
0
0
2
2
2
0
0
0
0
2
0
0
0
1
4
0
0
4
2
2
2
0
0
2
2
2
0
4
0
4
2
0
0
0
4
0
4
2
1
0
2
2
2
0
2
0
2
0
4
3
1
2
0
0
2
2
0
0
2
0
0
2
0
0
0
2
10
2
0
2
0
2
4
2
1
2
0
2
2
2
0
0
2
0
2
2
2
2
0
2
2
0
2
0
2
2
2
2
0
4
0
2
2
0
2
0
4
2
0
0
0
2
0
0
2
2
2
2
0
2
2
0
1
5
0
2
2
0
0
0
2
2
3
0
2
0
2
0
2
0
0
2
0
0
0
2
3
0
3
4
2
0
2
2
2
0
2
0
2
0
2
1
0
0
4
2
2
2
2
2
2
2
2
0
2
2
2
0
4
0
2
0
0
0
2
2
0
2
2
0
0
2
2
2
2
0
0
0
2
2
0
0
0
2
5
0
2
2
2
2
4
0
2
0
2
0
0
0
0
0
2
2
4
0
0
0
1
2
0
0
0
0
0
2
4
0
0
5
0
2
0
2
0
2
0
2
2
5
0
0
0
2
2
2
2
4
2
2
4
4
0
2
2
0
2
2
0
0
2
0
2
3
4
0
6
0
6
6
2
6
4
2
2
4
0
8
8
8
4
0
4
6
0
4
8
4
0
0
0
0
8
0
6
0
6
2
2
2
6
0
0
2
6
6
6
0
0
2
0
8
0
2
4
2
2
4
0
8
2
2
0
5
0
4
0
6
0
4
2
0
0
4
0
4
4
2
4
2
8
4
0
6
0
2
4
0
4
2
0
2
6
4
8
0
0
0
4
6
6
6
2
0
4
0
4
2
0
78
2
8
0
0
2
6
4
0
0
6
2
6
0
0
2
4
4
6
2
0
0
0
0
2
2
0
0
6
2
2
6
4
0
2
0
4
4
0
0
6
0
4
0
2
2
6
6
6
2
0
0
4
4
4
0
0
4
0
2
8
0
0
0
0
0
4
0
0
2
4
6
6
4
2
0
4
0
0
0
0
0
2
2
6
0
4
0
2
0
0
6
0
0
0
0
4
0
6
8
0
0
0
0
0
0
0
6
4
0
6
0
0
6
2
0
0
0
6
2
6
0
2
0
4
4
0
0
4
0
0
4
6
0
0
4
2
2
6
6
6
0
0
6
8
6
4
0
16
4
6
0
8
2
0
4
2
2
0
0
0
4
0
0
4
0
0
4
2
0
0
2
0
4
0
0
0
0
4
6
4
0
0
0
7
35
14
35
9
27
1
18
0
0
0
0
3
2
5
8
35
18
24
27
0
2
0
0
15
44
8
3
2
29
0
7
0
0
0
0
2
32
0
2
4
81
12
3
33
0
0
0
2
19
34
40
35
91
0
18
0
0
0
3
7
4
80
6
4
51
0
0
0
0
0
0
3
76
2
43
42
0
0
0
0
0
0
0
2
86
6
0
2
71
11
0
22
0
0
0
0
3
5
91
0
0
1
84
38
0
0
0
2
20
89
0
4
0
27
20
48
0
0
0
1
7
2
3
55
36
2
18
16
0
0
0
2
5
24
53
52
21
4
14
36
0
0
0
0
3
39
3
2
4
0
40
24
0
0
0
0
26
2
5
26
27
28
6
27
29
0
2
6
5
13
46
49
2
0
6
31
0
0
0
0
4
40
4
4
0
44
15
28
0
0
0
3
9
2
2
2
5
3
27
19
0
0
0
5
0
2
0
73
2
22
0
44
0
0
0
0
69
0
5
4
4
0
2
19
0
0
0
7
39
40
5
3
0
0
5
40
9
4
0
2
84
0
0
79
2
30
3
27
27
18
9
4
2
0
96
3
4
6
3
0
2
5
0
2
2
0
0
4
0
1
4
2
2
0
0
2
2
2
0
0
5
20
20
2
9
35
