2
0
0
0
4
0
0
2
2
0
2
2
0
13
0
0
0
2
0
0
2
2
2
2
0
10
0
4
2
0
2
0
2
0
0
2
2
2
4
2
4
2
2
4
0
2
2
0
2
0
0
0
2
2
4
2
3
0
0
0
0
0
2
9
0
0
3
3
2
2
0
2
2
2
2
2
3
4
4
2
0
4
7
4
5
2
4
5
6
0
2
2
2
2
2
4
0
0
0
6
2
0
5
0
2
0
4
1
5
0
4
2
4
4
0
5
2
4
0
2
0
2
0
2
4
0
0
4
2
2
4
0
2
5
2
2
2
2
5
0
0
4
4
4
4
4
10
3
0
0
2
3
4
4
11
0
6
2
2
2
2
2
0
0
3
2
2
0
0
0
2
0
0
0
0
2
2
4
4
4
2
4
6
3
0
3
7
3
0
0
4
2
2
0
4
12
2
3
2
6
2
0
0
7
2
0
4
3
2
5
2
6
4
4
0
0
2
0
0
0
0
0
2
1
0
0
4
2
0
4
0
0
10
2
0
0
0
4
4
0
0
1
0
6
0
0
2
0
2
0
2
0
0
0
2
0
0
11
5
6
6
5
11
3
4
5
5
6
5
2
5
2
0
2
0
2
0
2
7
3
3
0
5
3
0
3
2
2
20
12
14
19
2
11
26
17
5
10
3
7
7
11
4
0
13
24
3
5
7
8
5
12
2
6
12
8
7
9
12
9
5
9
10
5
19
7
9
12
7
10
11
34
25
15
9
14
11
12
7
5
17
12
12
7
14
51
19
14
7
14
12
13
13
16
28
18
13
35
17
17
16
14
18
19
36
22
11
34
22
28
14
17
27
53
22
22
20
15
17
36
65
21
41
36
33
41
35
10
23
59
29
22
21
37
30
44
28
32
21
17
28
25
47
39
20
35
46
15
24
34
30
25
35
53
32
14
31
21
18
18
37
54
39
32
18
30
36
31
24
29
30
30
43
37
29
18
38
35
18
44
23
25
26
36
37
42
43
33
42
20
42
27
26
46
38
37
31
37
19
22
40
17
14
26
10
28
39
50
44
34
33
23
21
45
26
38
37
41
22
10
32
36
21
29
36
28
25
43
32
22
32
48
26
29
29
42
33
29
50
18
51
17
40
31
33
12
9
32
23
15
31
26
14
36
12
27
12
19
26
17
21
14
10
26
17
17
36
33
31
17
23
19
18
12
26
15
19
17
15
17
25
12
10
12
13
9
10
3
15
20
18
7
19
33
10
12
14
12
14
14
26
7
10
17
13
4
14
13
38
14
7
26
21
10
8
13
8
8
4
9
6
8
8
8
2
19
12
14
15
4
14
16
13
4
20
28
10
10
19
29
16
8
15
13
12
18
17
33
28
8
8
7
6
4
6
6
10
6
8
6
4
6
8
4
9
4
97
25
6
9
12
7
11
13
16
7
9
6
8
6
12
0
16
4
6
9
10
4
6
9
9
4
8
12
9
5
8
2
15
14
9
23
4
17
4
7
10
9
12
2
4
6
6
5
18
16
17
6
11
20
9
6
2
2
14
10
16
8
13
4
4
14
4
26
9
13
10
10
14
8
9
11
10
16
6
14
6
10
13
16
6
6
14
4
12
14
8
4
12
8
12
13
7
10
10
7
9
9
7
3
4
10
8
2
22
14
6
11
14
13
12
16
14
14
8
12
25
10
12
18
12
4
4
16
11
10
5
8
10
6
6
11
12
6
8
4
15
8
8
0
0
32
2
0
94
2
2
88
0
2
0
0
24
0
0
91
45
0
89
0
0
0
6
10
0
0
0
0
0
79
0
77
7
56
14
13
6
14
13
11
6
12
5
5
6
6
8
8
13
12
18
22
10
6
10
12
12
5
9
8
4
4
14
18
8
9
5
13
12
11
9
13
21
12
9
5
5
20
4
6
9
5
13
7
11
8
8
6
4
8
10
7
12
10
14
8
4
12
6
4
12
8
8
12
8
10
10
8
8
6
0
10
10
8
8
12
12
14
6
6
10
12
8
6
8
12
12
10
10
8
8
8
12
4
6
8
10
6
12
12
14
8
12
10
14
6
4
10
6
8
10
8
10
12
8
8
8
10
4
8
8
10
12
12
8
12
6
10
6
8
6
10
4
6
12
14
14
8
8
16
10
4
8
6
8
12
14
8
10
12
6
8
10
10
4
8
8
14
10
12
10
8
8
8
12
12
2
6
8
6
10
10
6
12
4
8
10
12
4
10
12
4
10
6
10
10
8
6
10
12
2
12
6
8
6
6
8
6
14
8
8
10
2
8
10
12
10
6
8
12
6
14
6
4
2
6
8
10
8
6
12
6
8
6
10
6
6
4
8
10
8
10
4
10
10
10
6
10
8
10
10
10
10
12
16
6
12
8
8
8
4
4
14
10
8
8
10
8
10
10
8
4
2
6
8
8
12
4
8
10
10
8
12
4
6
10
14
10
10
12
4
8
10
10
12
4
4
4
6
6
8
8
8
12
8
12
12
10
6
10
10
12
4
8
8
10
16
8
14
10
8
10
8
6
10
10
10
10
4
6
10
6
8
10
6
10
10
8
12
4
10
12
12
8
4
4
2
8
8
10
12
10
54
54
54
54
50
49
58
36
54
52
52
46
52
55
44
56
58
54
56
54
52
52
56
56
56
56
47
56
58
43
48
58
56
56
54
54
48
43
58
56
56
56
51
56
56
54
32
58
23
52
54
52
50
54
52
56
52
54
58
54
58
54
56
56
54
46
44
54
52
52
47
52
34
54
40
57
55
52
52
54
50
53
58
58
48
51
53
56
54
58
35
50
54
51
50
51
54
43
50
44
54
55
56
41
54
56
50
52
54
44
52
27
53
58
56
58
54
55
48
44
32
56
52
55
52
56
51
43
52
60
34
38
52
44
55
58
58
55
54
37
56
56
54
52
60
52
28
50
54
52
56
50
50
38
56
52
43
52
46
56
52
48
54
51
45
56
51
52
56
58
52
54
56
56
49
52
48
46
55
47
53
52
40
54
52
50
48
37
54
60
50
52
56
32
56
47
49
55
51
54
52
48
54
54
49
46
50
48
43
52
51
52
52
50
50
53
50
48
54
50
54
50
50
46
41
56
56
58
26
49
50
50
52
47
52
52
51
49
50
56
53
39
54
41
54
52
55
54
46
50
50
41
50
52
52
54
47
52
56
56
48
55
55
56
54
54
56
58
54
53
54
56
54
54
54
53
58
55
49
56
60
54
55
58
57
58
55
56
2
6
92
0
3
0
0
0
0
51
4
2
2
0
86
0
0
0
0
0
0
3
2
21
6
2
0
29
72
0
0
0
2
63
20
2
5
3
5
34
0
0
0
0
0
50
38
25
24
23
26
61
0
0
0
0
0
7
2
4
31
3
3
20
0
0
0
0
0
5
30
23
32
30
0
0
0
0
0
0
0
61
4
29
51
5
2
23
0
0
0
0
0
35
2
24
31
24
20
24
0
0
0
0
0
5
6
23
2
0
0
40
0
0
0
0
0
41
41
28
0
23
29
4
33
0
0
0
0
64
0
39
5
23
31
0
0
0
0
2
0
20
0
0
23
24
27
0
0
0
0
0
0
60
4
41
58
36
29
22
0
0
0
0
1
63
4
17
4
2
2
32
0
0
0
2
0
22
28
25
1
2
15
0
0
0
0
0
0
2
0
2
3
0
30
24
0
0
4
3
0
2
5
0
36
2
0
29
0
0
0
0
0
40
31
20
19
34
34
0
0
2
0
0
0
0
9
7
2
41
74
0
0
0
0
0
0
62
5
0
2
2
10
42
0
0
0
0
0
7
7
0
8
0
2
26
2
0
0
0
0
85
0
2
3
2
25
0
0
0
0
0
0
8
0
4
23
44
45
3
29
2
0
0
0
5
0
0
2
2
0
4
2
4
2
2
4
4
2
0
2
0
0
0
2
4
2
2
4
2
0
0
0
0
2
0
4
2
2
2
4
0
2
0
4
2
2
2
2
0
2
0
0
2
0
2
0
2
4
2
2
4
0
2
2
2
0
0
2
0
0
0
4
2
0
0
0
4
2
2
2
0
2
0
0
0
2
0
4
2
2
0
2
0
2
0
0
4
2
2
8
2
0
0
2
0
2
2
2
2
4
4
2
2
0
6
2
2
2
0
2
2
2
2
0
0
2
2
2
4
2
4
0
2
0
6
4
2
2
0
0
4
4
6
2
2
4
4
2
4
2
2
4
0
2
2
2
4
0
0
0
2
2
2
2
2
2
0
4
2
2
0
2
2
6
0
2
2
4
4
2
2
2
4
2
4
0
0
2
2
4
0
4
2
0
0
0
4
0
0
2
2
4
2
2
0
0
2
2
0
2
2
4
2
4
0
2
4
2
4
2
0
0
2
2
0
2
4
0
2
4
2
0
0
2
0
4
4
0
4
4
2
0
4
0
2
4
2
4
4
4
2
4
0
4
2
0
4
2
0
0
2
4
0
4
0
0
2
4
2
2
0
4
4
0
0
0
2
2
2
2
0
0
0
0
2
0
0
2
4
0
2
6
0
0
4
0
4
0
0
7
6
0
4
3
2
13
84
81
6
2
30
0
2
2
38
4
0
2
0
2
2
0
6
0
0
0
4
8
3
0
0
2
0
5
45
0
2
0
2
89
0
4
11
0
0
2
0
0
0
0
0
4
0
0
4
0
4
0
34
0
6
0
0
3
24
0
5
0
25
2
2
0
1
2
0
0
3
2
1
2
4
0
7
0
2
3
0
0
17
1
4
0
31
3
1
0
0
2
0
0
17
0
9
0
3
2
0
2
2
0
9
0
26
4
0
0
0
5
0
0
0
7
3
36
0
2
36
2
39
0
3
31
0
0
2
0
19
43
4
4
0
17
3
0
0
0
2
1
5
4
0
0
3
0
0
0
2
0
9
38
3
77
0
0
17
0
0
3
0
2
2
0
88
4
0
0
0
0
0
2
2
2
0
1
0
6
7
2
0
0
4
0
0
26
0
0
0
21
2
4
10
0
0
0
4
2
0
9
4
0
40
17
0
0
0
0
0
0
7
3
0
26
2
0
0
2
3
0
0
0
7
0
4
2
2
0
0
0
7
2
2
3
11
0
0
6
6
2
11
5
2
2
3
24
3
0
2
12
5
0
9
5
1
0
0
0
0
0
2
2
43
4
0
0
0
2
0
5
54
0
23
30
0
2
2
4
4
4
2
0
4
2
10
4
6
8
2
6
2
4
6
8
0
4
4
4
0
2
2
0
4
0
0
4
6
2
8
2
4
4
2
0
2
2
0
4
2
4
0
0
2
0
0
4
2
0
2
4
6
4
4
4
2
4
8
6
2
0
0
6
8
2
4
0
2
6
14
2
10
10
0
4
4
0
0
0
2
2
0
2
0
0
2
2
0
4
0
0
4
4
0
4
8
2
8
2
0
2
2
2
0
4
0
2
4
4
0
2
2
2
2
0
2
0
4
0
2
6
8
6
2
8
8
4
2
2
2
2
8
0
0
4
4
2
2
0
2
2
0
2
0
2
2
8
4
2
4
6
0
2
0
2
12
4
8
4
6
8
0
4
4
0
8
0
8
2
0
2
2
2
4
0
2
2
8
2
0
2
0
2
4
0
0
2
4
0
4
0
2
2
4
4
2
2
6
6
4
0
4
0
2
4
2
0
0
0
4
0
4
0
8
2
2
0
4
4
8
0
4
0
8
0
2
0
2
2
2
2
2
2
2
6
0
4
14
2
4
0
4
2
4
2
0
0
2
0
4
4
2
4
2
4
0
4
4
2
0
2
2
2
0
2
0
6
4
2
2
6
0
0
10
2
0
0
2
2
4
4
2
2
8
14
8
8
0
4
2
4
17
12
4
15
2
6
2
4
8
4
2
2
4
14
12
2
6
4
37
14
6
12
2
4
8
6
17
8
6
4
14
6
12
4
6
4
8
8
6
14
58
6
4
45
6
12
8
10
66
4
8
21
4
4
6
17
4
6
6
6
6
4
2
4
2
4
17
6
12
21
6
2
8
8
4
4
6
58
6
6
8
27
4
2
8
2
6
8
10
6
10
10
4
4
15
4
2
2
25
15
10
4
35
54
52
10
4
4
2
50
6
4
6
10
39
6
4
10
41
4
6
4
4
8
64
2
4
25
54
4
4
6
4
6
2
31
2
12
25
4
4
46
4
4
37
6
35
6
6
8
6
4
4
10
10
4
8
6
8
6
10
8
4
8
27
4
6
8
10
6
4
6
4
4
4
6
6
8
4
8
8
76
48
8
10
12
6
8
16
6
39
25
10
13
6
4
4
10
14
6
10
2
4
2
37
8
4
6
10
37
43
8
8
6
4
4
8
6
12
4
12
2
8
8
8
4
60
4
6
4
6
8
2
6
8
10
6
8
6
8
10
4
10
48
4
11
2
10
10
6
58
15
12
11
8
4
11
13
8
23
6
14
14
12
19
6
10
17
6
12
17
15
14
14
15
17
21
15
15
19
14
