48
21
41
53
19
21
42
59
46
61
28
29
57
34
55
49
64
29
20
29
46
38
32
21
65
58
59
81
51
32
57
32
29
84
70
39
32
51
33
41
42
49
0
46
15
11
40
69
68
46
30
82
78
0
34
45
78
50
74
23
32
61
48
81
32
64
0
70
29
19
46
21
38
15
10
39
70
31
54
32
52
45
40
95
40
42
68
70
46
64
84
61
51
25
92
42
93
36
97
63
53
74
67
52
61
41
67
76
64
65
82
60
75
48
36
37
56
30
65
50
43
25
50
36
48
54
0
6
46
48
65
73
17
24
72
36
23
59
53
42
59
53
29
70
82
13
27
23
40
47
69
27
50
70
28
65
59
32
55
51
35
19
37
67
10
71
47
28
42
56
59
28
37
48
55
15
19
48
49
32
44
66
46
69
29
38
13
59
95
42
74
36
77
55
78
34
26
56
63
51
32
85
46
15
53
33
59
24
40
58
51
19
46
46
76
42
57
56
80
24
27
43
26
9
23
50
40
19
57
42
21
19
32
25
36
19
46
71
27
29
21
17
47
19
38
26
71
50
57
39
23
17
55
24
25
23
27
17
29
11
43
21
17
50
27
34
40
49
15
30
14
11
57
42
47
13
32
17
30
28
32
21
9
30
19
42
34
40
26
30
20
17
7
22
19
26
7
7
18
27
10
14
15
13
16
27
31
12
4
8
22
5
34
16
13
19
7
13
15
35
12
13
11
3
24
9
31
14
19
26
13
21
17
26
36
25
16
41
18
15
32
13
27
40
38
19
39
44
58
19
24
19
16
50
25
46
38
53
48
30
42
56
38
27
38
27
30
50
36
46
43
18
39
29
39
55
52
32
48
59
41
38
58
36
39
30
63
61
32
32
42
58
13
31
32
64
45
67
28
69
54
30
62
52
40
34
49
38
40
45
45
15
45
69
39
47
37
28
56
72
73
40
48
39
48
26
49
57
42
35
53
40
45
55
41
9
65
52
43
48
65
56
47
59
66
38
46
38
41
46
76
24
44
35
55
53
42
41
45
15
61
46
39
53
44
36
61
21
41
71
44
43
71
76
34
34
35
34
58
78
44
70
37
43
34
51
49
78
31
30
47
63
36
27
41
11
54
69
60
41
26
31
39
39
27
66
38
13
32
51
44
28
23
54
46
36
34
40
41
13
33
31
23
43
32
53
35
50
28
32
59
26
58
21
37
32
35
16
38
28
25
27
16
26
17
19
17
23
14
15
30
15
18
32
3
34
17
25
38
23
23
13
14
14
22
33
24
17
62
19
15
49
34
14
36
18
23
15
11
11
11
9
11
9
13
25
15
7
13
17
11
11
5
7
15
7
5
15
13
9
17
5
11
2
5
5
3
7
7
3
9
19
13
3
15
9
11
15
11
7
11
13
11
15
5
9
11
11
13
3
11
7
13
7
9
7
17
5
21
7
3
13
2
9
5
5
9
11
17
9
30
9
9
5
19
11
9
7
9
13
5
7
13
13
7
9
9
9
13
7
9
17
15
11
11
11
7
9
9
21
11
9
11
9
15
9
15
11
17
7
7
5
9
15
9
13
15
15
13
9
13
11
9
57
11
11
5
17
9
13
13
23
5
5
9
17
15
13
17
9
25
23
23
21
19
9
9
17
13
13
29
19
9
17
19
9
19
9
15
13
15
15
15
9
17
9
9
15
7
19
9
13
15
19
11
15
11
9
11
9
17
15
15
5
15
25
17
15
11
9
13
9
23
11
23
15
11
5
13
7
13
7
13
13
25
15
9
5
13
3
17
21
3
9
15
7
7
5
3
15
5
25
7
11
5
3
13
9
11
15
3
5
17
11
25
11
2
7
13
9
9
7
7
5
5
5
7
7
9
3
7
9
0
13
3
11
0
2
7
5
0
7
17
5
0
2
5
3
0
7
7
0
3
0
0
0
0
0
2
3
11
2
5
2
6
9
0
10
7
11
0
8
8
6
4
0
8
8
0
0
10
11
0
8
6
8
0
9
7
9
8
0
10
6
0
9
6
13
9
0
9
10
8
8
10
9
0
11
11
8
0
8
11
8
9
8
8
0
13
0
8
9
12
0
6
0
11
0
8
4
8
9
6
6
6
0
11
6
8
0
0
6
8
0
4
6
9
0
0
9
6
0
0
9
13
0
0
11
4
0
0
11
10
0
2
8
9
8
0
10
6
0
0
9
9
7
8
9
12
6
4
0
7
7
0
0
0
0
9
0
8
0
0
7
0
0
0
8
0
0
6
8
7
0
0
0
0
0
0
0
0
0
0
0
0
10
8
0
7
10
4
4
6
0
9
7
6
4
0
9
13
9
11
11
11
4
7
0
0
0
0
0
0
0
0
0
0
0
0
0
0
0
6
0
8
0
0
7
13
0
9
15
2
9
9
6
0
11
0
18
8
14
12
19
0
7
14
17
5
14
4
8
0
17
0
6
15
13
0
5
0
15
0
9
0
9
6
0
4
0
14
0
4
0
8
0
9
0
22
0
7
0
7
0
15
7
11
0
9
5
0
0
4
8
0
0
14
7
0
0
6
5
2
7
7
11
0
0
22
4
4
8
7
8
2
0
9
10
6
9
11
10
6
2
4
8
8
4
4
6
4
10
6
8
12
8
6
4
6
10
4
8
4
4
8
6
2
8
4
4
8
4
8
4
6
6
4
8
6
8
2
8
0
4
6
6
4
8
4
4
6
6
8
8
10
6
6
6
12
6
6
4
6
2
2
8
10
8
4
6
2
8
2
0
8
6
6
2
8
10
4
4
6
8
2
8
6
6
2
6
10
6
4
2
4
6
4
2
6
8
6
8
6
6
6
4
6
10
4
4
6
8
8
12
2
8
10
6
4
8
6
6
10
8
2
8
4
6
0
8
6
0
4
2
4
2
4
6
6
6
6
8
6
6
2
6
4
6
2
6
6
4
8
8
6
6
4
8
6
12
6
6
6
6
6
4
4
4
6
4
4
6
6
8
6
4
6
4
8
6
8
4
8
8
8
8
4
10
8
8
2
4
4
6
4
6
4
8
0
8
8
6
6
8
8
6
4
2
8
4
6
6
0
8
6
4
14
6
8
8
4
6
2
4
4
8
8
8
8
0
6
4
10
8
6
8
2
6
6
2
6
4
6
4
2
4
6
6
10
10
8
8
4
2
10
8
6
6
12
8
2
4
8
6
6
6
4
6
4
6
6
4
8
6
4
4
0
4
8
8
4
2
4
2
2
8
4
6
4
2
3
5
5
10
9
5
6
5
1
4
5
3
7
5
3
7
9
3
3
3
5
1
1
9
7
3
3
5
5
8
5
5
3
8
12
6
5
7
5
1
7
1
13
3
11
10
19
8
20
20
18
24
26
20
16
20
21
17
20
28
6
12
12
5
1
3
5
7
10
7
7
5
3
6
6
10
7
3
9
8
19
10
13
7
10
6
7
3
6
8
10
12
8
10
11
11
6
9
5
7
14
4
7
6
5
9
12
6
1
7
5
9
10
5
12
7
7
10
8
7
1
7
17
12
5
5
7
10
8
8
6
10
3
3
7
8
3
7
1
5
7
7
7
9
22
10
8
10
10
7
9
7
9
13
9
7
3
8
7
9
8
3
3
5
3
8
5
10
1
11
7
12
3
5
9
7
19
3
11
1
8
22
9
16
13
12
16
6
3
12
6
7
8
10
3
5
7
5
13
12
10
10
5
5
7
6
7
3
5
12
13
9
7
5
5
7
3
22
7
7
3
5
7
19
12
7
15
5
11
7
9
3
6
5
12
3
17
14
11
5
9
5
3
10
6
6
11
7
3
7
3
3
7
5
6
5
5
7
7
3
9
5
7
3
7
11
5
9
3
7
6
3
11
7
7
13
3
9
10
8
5
5
11
12
11
8
6
7
47
35
39
27
19
11
24
0
2
0
0
4
35
46
30
11
29
22
11
20
0
0
0
0
30
46
26
2
23
30
19
0
0
0
0
0
50
79
39
29
24
30
21
22
0
0
0
0
43
45
27
29
24
56
25
42
0
0
0
0
0
44
15
0
6
22
16
28
26
0
0
0
42
2
43
0
0
24
26
22
0
2
0
0
31
76
0
9
0
24
0
28
0
0
0
0
25
48
30
32
16
22
28
29
23
3
0
0
29
46
32
2
4
0
20
0
23
0
0
0
0
61
49
23
21
25
26
11
0
2
2
0
0
50
14
20
0
23
20
29
0
0
0
0
42
59
35
0
34
0
18
2
0
2
0
0
45
48
43
30
24
13
19
24
0
0
0
0
0
40
38
0
28
29
20
9
23
0
0
0
31
35
49
27
26
26
21
25
2
0
0
0
29
54
26
33
27
28
16
25
25
0
0
0
31
0
16
3
22
23
27
21
24
0
2
0
0
71
0
28
29
21
0
25
0
2
0
0
43
0
35
16
26
16
10
0
0
0
0
0
0
37
0
23
25
32
29
0
0
0
0
0
3
81
8
29
0
25
17
0
0
0
0
0
30
69
42
42
38
12
20
31
0
0
0
0
41
42
0
25
24
33
24
0
0
0
0
0
6
4
8
4
2
2
4
2
2
4
2
6
2
2
2
2
2
6
6
8
4
2
4
2
4
2
2
6
4
2
6
2
4
2
8
4
7
0
0
2
2
0
2
0
0
2
2
2
2
4
6
6
2
2
9
6
4
4
2
2
0
4
0
2
4
2
4
2
4
8
7
4
2
4
2
4
4
6
6
2
0
4
4
2
2
8
8
2
6
2
4
2
2
4
4
4
2
0
4
2
2
0
2
0
0
2
2
6
0
8
0
2
2
2
4
8
4
2
5
11
4
4
6
2
8
2
4
2
4
8
6
7
6
2
2
4
8
4
12
6
5
2
2
7
7
9
5
4
7
6
3
4
8
6
4
6
4
7
4
4
4
8
4
4
4
13
6
11
2
0
2
0
0
0
0
2
2
6
6
8
4
7
4
4
6
5
6
2
4
4
4
4
4
2
2
4
4
6
5
4
0
2
2
2
4
6
4
2
4
6
4
10
6
6
6
4
4
8
4
8
4
4
6
0
2
4
4
4
7
4
2
6
4
6
2
2
4
2
4
2
2
4
4
8
0
2
0
4
4
4
0
4
7
4
2
4
6
2
2
2
4
2
4
4
5
4
6
4
4
2
4
8
2
6
6
4
4
4
4
4
4
6
4
4
4
8
4
2
35
6
20
0
0
0
31
32
28
27
15
25
31
1
26
0
0
0
0
9
0
33
19
29
0
3
23
29
0
0
21
3
30
12
25
24
29
3
26
23
0
0
5
35
16
26
29
23
29
21
17
0
0
0
35
2
17
0
25
25
28
17
25
17
0
0
14
4
15
28
19
33
16
28
31
39
31
0
17
3
0
32
25
26
6
7
23
13
0
0
3
3
28
32
25
10
4
6
23
25
0
0
33
28
3
19
0
11
0
6
20
27
33
0
7
2
12
11
23
28
40
26
0
0
0
0
28
23
24
26
22
37
0
2
3
17
0
0
2
32
22
3
27
23
12
5
20
18
0
25
1
15
0
0
0
8
23
2
23
0
28
28
22
37
0
18
24
0
28
6
17
0
4
28
0
0
26
19
28
3
30
20
25
17
9
23
32
29
21
19
0
21
35
0
17
3
16
3
15
2
19
5
21
40
18
12
0
3
17
33
8
23
22
22
14
20
0
2
0
1
4
2
20
0
26
32
28
19
18
24
23
0
25
25
20
5
26
24
0
27
23
30
0
0
27
22
20
24
6
29
26
23
28
10
2
14
2
23
20
0
21
23
25
0
23
22
0
0
6
1
0
18
19
0
0
9
4
25
21
0
1
0
0
25
22
25
0
17
30
13
30
29
32
20
29
29
25
33
40
29
29
34
30
28
28
23
25
28
28
31
35
32
31
33
28
3
23
10
31
30
31
27
30
30
21
27
29
29
26
27
28
28
27
30
32
27
32
28
28
25
33
28
30
27
24
32
31
21
28
31
30
29
26
22
24
32
29
29
29
30
29
26
29
29
30
25
20
30
25
29
39
23
30
30
31
30
36
26
29
29
34
37
31
30
24
0
22
3
27
15
23
25
24
18
29
33
21
28
25
21
24
22
27
23
27
27
30
35
25
27
30
28
26
20
24
23
25
26
28
24
25
24
22
25
23
18
29
25
24
20
9
21
22
26
24
19
30
18
21
27
26
23
28
26
22
26
23
19
21
17
22
26
20
23
27
26
27
24
26
26
27
24
27
24
28
18
25
25
26
34
25
33
38
27
20
23
28
30
23
16
27
23
23
25
25
21
27
44
27
26
25
18
28
32
19
22
27
20
29
27
26
17
22
23
27
22
29
32
27
24
29
27
28
26
26
28
29
29
27
25
28
20
21
31
17
26
27
25
23
26
29
29
28
22
23
31
26
23
23
22
20
24
18
17
26
21
25
25
27
24
31
19
17
13
22
24
21
25
22
18
17
33
17
23
24
13
19
22
27
19
24
24
27
24
25
17
