2
0
0
0
2
0
2
2
2
2
0
0
0
6
2
2
0
4
2
0
2
0
2
2
0
10
0
6
6
0
5
0
0
4
0
0
4
9
4
4
4
0
2
5
6
6
4
2
2
0
6
0
2
4
4
2
6
4
2
0
2
4
0
4
2
2
5
2
2
2
4
2
4
2
2
4
0
6
4
0
2
2
2
0
9
7
4
2
4
4
4
2
2
0
0
0
2
2
2
0
2
2
2
0
2
2
2
2
4
0
2
4
0
6
2
2
2
2
4
4
2
0
6
0
4
4
0
4
3
2
4
0
2
4
4
2
2
2
9
0
0
6
2
2
2
2
2
2
0
4
0
4
2
2
2
8
2
2
0
0
4
6
2
4
2
0
8
4
6
0
0
4
0
2
4
5
4
2
2
4
0
2
2
2
7
4
0
0
4
2
2
2
0
0
2
4
4
4
4
2
0
4
2
2
0
2
0
0
4
9
0
4
2
0
6
0
0
0
2
2
4
4
0
0
2
4
0
0
4
4
0
2
2
4
2
0
2
2
4
0
6
2
4
2
0
4
3
4
4
7
0
0
0
0
2
0
4
2
0
2
4
0
0
4
0
2
6
6
4
4
4
2
2
4
4
2
0
6
4
2
2
0
2
2
0
4
4
4
34
34
34
38
38
27
39
35
35
39
39
37
34
32
35
38
38
35
33
34
32
33
39
34
39
36
39
40
33
38
39
34
35
33
36
39
39
35
32
33
33
39
38
37
39
34
35
37
39
40
37
35
40
34
39
33
38
38
38
38
39
35
38
36
38
40
39
38
38
36
39
33
39
35
33
39
39
39
36
34
38
39
37
28
38
28
38
38
39
38
39
38
32
38
39
39
39
33
36
37
35
36
37
34
38
38
38
38
38
38
39
38
39
37
38
35
36
38
36
37
34
36
38
36
39
38
36
37
37
39
38
27
36
26
38
38
37
39
36
36
35
35
38
38
35
33
33
39
38
39
35
34
35
38
38
38
29
35
39
37
39
38
33
39
38
36
39
39
34
32
37
34
37
34
34
37
34
35
38
36
35
35
32
34
38
39
35
33
33
38
37
38
33
34
35
38
35
36
32
33
36
38
39
37
33
39
37
35
34
27
34
35
39
33
37
38
32
36
39
40
37
38
34
38
38
38
38
39
34
36
31
38
37
38
35
39
28
35
39
38
34
32
38
39
38
36
34
33
38
39
39
38
33
34
39
38
39
38
35
39
34
39
36
35
34
34
39
36
37
28
35
36
34
39
39
38
33
38
35
39
38
38
35
32
40
39
39
34
15
7
8
2
9
7
2
5
7
7
2
2
9
13
2
2
4
2
2
2
6
6
18
2
2
8
4
4
0
7
2
11
4
6
19
0
7
7
9
0
0
2
5
0
4
4
6
0
10
0
0
9
4
6
0
0
7
4
9
2
23
0
5
7
5
12
6
13
17
6
28
5
2
4
4
0
13
14
17
7
4
5
7
4
9
9
11
17
12
7
8
6
2
25
4
5
2
6
17
6
6
9
0
17
23
15
2
19
0
24
19
13
2
4
2
7
11
11
2
4
7
2
2
0
2
17
11
6
2
4
2
0
7
7
0
4
5
2
5
20
11
9
0
2
0
9
0
8
10
13
2
0
6
2
6
6
9
13
0
9
11
6
6
0
8
0
4
2
4
0
13
2
5
9
21
5
2
23
4
2
10
6
9
12
2
2
6
0
2
0
0
4
2
6
4
15
13
4
15
9
13
5
13
7
21
14
9
8
7
2
17
24
5
11
7
9
13
24
7
9
2
4
7
9
0
2
2
4
20
3
2
9
2
4
2
15
4
4
50
13
12
19
13
2
4
12
4
18
0
7
3
4
4
3
20
4
4
5
13
2
0
11
4
3
0
12
0
5
2
7
34
7
11
4
11
7
2
4
0
2
0
0
9
2
4
7
7
3
4
10
2
2
4
6
0
9
4
6
0
4
4
8
2
4
10
6
0
6
2
6
2
4
8
8
6
0
4
2
0
8
6
2
8
0
6
4
2
0
4
0
10
0
8
0
8
8
4
0
6
6
6
0
6
0
4
2
4
0
8
0
6
2
4
0
2
0
2
4
2
0
4
0
2
0
0
4
8
0
6
9
8
0
2
0
6
4
4
6
2
0
0
12
4
0
0
2
8
0
0
6
6
0
0
8
6
2
6
2
6
0
0
12
6
0
0
8
8
0
0
0
0
0
2
4
4
0
0
8
2
8
8
6
0
0
4
0
10
0
0
0
0
0
0
0
0
0
0
0
4
0
8
0
0
8
6
6
0
6
0
2
4
0
4
2
0
0
4
0
8
0
0
2
0
4
2
0
0
0
0
0
8
0
4
2
0
0
0
0
0
10
0
6
0
8
0
4
0
10
0
4
4
6
6
2
4
6
0
11
0
6
0
6
0
14
6
4
0
8
8
12
0
8
6
8
4
10
0
2
0
8
4
2
0
0
12
0
6
6
0
0
6
6
0
0
10
6
0
0
10
6
0
0
6
12
6
0
8
4
6
8
19
8
0
0
15
6
0
4
14
8
0
6
10
10
8
0
8
10
0
0
6
6
4
4
0
2
2
6
2
4
6
6
13
4
2
2
15
6
13
4
2
4
6
2
6
2
6
4
6
21
6
6
2
4
15
18
4
2
2
0
4
4
4
8
6
2
9
4
12
4
0
0
4
6
0
4
2
8
6
6
2
8
0
6
4
4
4
4
8
6
6
2
6
2
6
4
6
6
2
4
4
8
25
14
4
2
4
4
2
15
2
6
4
6
6
4
4
4
0
4
2
6
13
4
2
12
10
2
2
8
8
4
8
10
2
4
4
6
4
6
22
6
6
2
4
15
8
4
15
4
4
6
2
6
6
6
8
6
6
10
8
13
4
6
8
2
4
2
2
6
6
4
4
2
4
6
11
0
6
13
4
15
4
2
4
4
4
8
4
2
8
10
6
4
2
4
6
6
4
0
4
10
2
4
4
14
6
4
4
2
4
2
6
2
4
2
2
6
4
4
6
2
2
17
4
4
2
2
13
4
6
6
4
4
6
8
4
11
10
6
4
0
8
4
2
4
8
19
6
6
2
4
2
6
2
4
6
4
6
2
0
4
15
13
4
4
2
4
2
6
0
4
4
6
10
8
0
2
0
4
6
4
2
8
4
6
4
6
4
8
6
2
2
4
4
4
4
8
6
6
0
4
13
11
4
11
6
6
2
6
2
6
2
13
0
1
2
0
0
0
0
2
7
2
3
0
2
0
2
2
0
6
16
8
20
2
2
0
2
2
15
16
15
4
31
15
0
2
5
2
5
3
3
0
2
2
5
8
7
4
2
4
0
5
0
2
0
2
2
2
0
2
0
3
2
3
2
0
0
0
9
5
16
10
0
2
2
0
0
3
3
2
2
1
0
0
0
0
2
1
0
2
0
30
16
13
14
17
0
2
2
0
0
0
0
6
18
3
12
10
0
3
2
2
0
2
3
2
4
11
11
2
7
3
2
3
3
0
0
2
0
1
0
2
2
2
0
4
2
0
2
2
9
10
9
3
0
0
2
3
3
0
0
5
15
9
7
0
0
2
2
4
2
2
0
8
18
14
9
2
2
4
2
5
0
3
0
3
26
10
7
13
11
5
0
0
2
2
0
2
2
14
9
0
19
2
0
4
0
2
2
4
4
2
0
2
2
0
0
2
2
2
0
2
13
8
22
2
4
2
0
2
0
0
2
0
30
6
14
16
18
7
6
5
1
54
12
0
4
1
4
0
0
3
0
0
3
2
2
2
5
3
18
0
2
2
2
0
0
0
0
7
5
12
8
4
0
2
5
0
4
0
2
0
4
0
0
2
2
0
0
2
0
2
5
4
7
9
2
2
4
0
23
19
12
17
19
17
19
15
17
21
15
21
18
19
16
18
18
18
15
21
17
15
20
20
20
20
14
17
21
19
20
18
18
14
18
18
18
21
19
14
17
20
18
16
16
18
21
21
16
19
18
13
20
18
17
19
18
21
20
18
15
19
15
16
18
18
23
19
19
19
16
18
16
18
14
18
18
21
20
19
20
19
17
16
21
19
16
14
19
21
18
21
18
20
19
20
21
20
14
12
21
16
14
16
19
18
18
16
19
18
14
18
17
16
12
18
16
20
18
12
18
19
15
14
18
19
15
18
21
21
20
18
23
20
15
16
20
18
20
19
16
18
19
12
18
18
12
16
18
16
21
21
18
17
18
16
15
20
12
14
16
16
18
20
18
19
16
20
18
16
14
19
16
20
18
21
18
18
16
21
20
21
13
11
21
21
16
16
21
18
15
21
21
13
18
18
16
20
18
19
19
16
15
16
17
21
19
13
16
21
21
19
20
20
16
20
16
18
15
16
20
18
16
18
16
18
19
23
16
16
20
16
18
21
20
16
20
21
16
21
18
16
18
15
18
20
19
16
21
14
18
19
21
18
21
16
18
16
21
18
18
21
20
16
21
16
16
18
18
19
18
16
20
18
16
18
14
19
14
16
20
17
18
19
17
17
16
23
42
20
19
34
25
43
30
19
33
34
32
33
24
15
44
31
29
36
38
17
19
17
46
38
27
32
23
46
59
70
45
33
23
39
56
15
37
37
23
41
26
31
17
25
48
16
13
42
21
30
49
84
65
34
34
19
38
61
53
49
31
22
55
39
71
46
22
17
57
48
43
48
13
17
69
40
32
35
23
21
41
40
63
42
30
25
37
23
30
51
30
27
27
15
49
60
59
58
23
52
58
59
38
40
33
38
58
46
51
29
64
42
52
25
67
42
68
48
67
44
63
38
34
29
44
46
40
50
29
52
37
27
32
19
68
34
24
56
36
33
36
73
58
53
58
55
62
35
46
18
43
62
52
48
38
39
54
29
39
60
86
63
40
43
40
28
40
39
82
25
55
45
59
46
12
40
29
39
91
35
54
81
44
58
50
83
69
75
23
71
45
32
65
69
73
39
48
33
85
73
52
30
39
42
58
31
41
53
29
55
56
41
50
53
43
64
28
46
47
37
51
46
62
46
60
37
40
44
46
40
52
63
26
49
68
55
61
16
19
30
42
44
58
46
44
37
31
17
31
27
39
79
70
70
55
58
38
50
56
62
46
29
35
44
10
84
70
21
42
71
61
88
19
57
42
15
74
8
52
23
13
67
15
14
19
31
13
26
3
2
7
2
7
3
2
5
1
3
9
5
3
11
11
3
3
3
3
5
9
5
3
2
11
11
3
7
3
9
13
9
1
5
5
5
5
5
5
5
7
7
11
5
5
3
3
5
2
5
13
7
3
5
5
7
9
5
11
5
5
7
9
3
5
5
5
3
5
3
7
2
3
2
3
3
5
11
11
9
3
2
3
5
9
9
5
7
7
13
5
3
3
2
11
3
7
0
5
5
3
5
5
2
7
3
5
11
9
7
3
19
5
2
3
1
7
9
2
5
13
3
33
5
5
9
5
3
7
9
9
7
3
11
5
3
2
15
2
15
7
5
2
2
7
5
0
19
13
21
5
9
15
19
5
13
17
11
25
27
17
13
11
27
29
23
21
15
31
21
23
5
21
27
9
9
9
15
11
15
30
19
31
23
9
9
31
5
17
9
21
19
31
31
13
11
13
11
21
7
13
25
29
25
23
25
15
29
5
23
3
15
11
7
13
9
9
9
7
17
23
35
21
41
29
27
17
19
10
31
9
9
21
11
23
28
7
15
11
5
11
17
9
27
28
15
3
13
9
35
9
13
7
21
13
11
9
23
15
7
15
7
11
13
17
7
7
7
21
13
9
11
13
13
3
9
21
11
15
27
13
13
15
13
13
7
27
13
13
16
49
5
12
3
11
5
36
6
79
21
7
10
51
25
15
11
4
71
13
5
6
9
66
14
6
23
16
4
6
11
31
13
19
14
76
15
10
35
7
7
16
82
5
9
19
78
11
10
14
57
43
13
2
15
15
9
61
18
12
12
11
46
9
54
46
65
11
9
16
48
6
50
9
7
55
57
56
11
15
11
4
11
13
40
7
9
69
86
23
38
6
11
6
43
58
37
11
22
12
15
22
22
64
56
17
81
64
52
9
18
36
56
77
13
60
41
48
22
13
37
54
16
79
29
17
6
12
7
47
13
73
30
54
60
38
8
72
79
57
52
11
12
83
8
7
11
63
11
64
59
55
80
27
13
20
40
48
17
18
10
9
38
8
82
34
35
20
11
38
11
71
7
66
7
65
64
41
78
13
34
59
53
38
79
81
50
72
84
56
7
5
61
53
40
59
6
16
45
20
56
34
34
58
30
30
75
20
28
18
20
37
48
51
49
28
21
24
37
41
44
66
43
43
33
31
43
40
33
35
50
29
48
40
59
27
48
47
29
39
50
54
19
44
23
52
20
40
52
46
23
38
44
22
19
31
16
21
36
38
31
26
33
50
20
29
11
17
39
11
20
29
26
22
39
11
25
28
45
23
14
9
13
33
12
27
24
