29
22
33
21
34
18
23
54
16
19
48
27
40
49
24
23
16
33
22
54
23
19
30
26
0
17
20
29
27
27
30
26
31
41
30
16
16
38
29
25
25
19
15
25
26
22
26
42
52
24
16
5
27
21
26
20
36
44
38
37
31
18
38
28
59
17
23
21
11
25
23
27
43
26
37
28
23
27
31
39
23
31
31
41
24
32
42
24
23
37
46
55
36
31
50
49
67
31
52
48
43
44
53
48
56
28
51
23
29
30
23
44
49
10
30
26
42
35
34
40
39
67
49
21
66
34
39
20
30
43
34
30
33
33
22
20
28
25
40
38
44
27
31
22
40
39
31
49
34
13
48
44
49
36
65
31
39
33
29
27
39
25
26
38
47
58
47
42
40
38
45
26
25
17
31
31
56
18
27
38
53
56
40
29
28
40
32
19
30
49
25
29
27
26
49
46
55
38
26
20
16
12
22
27
36
35
39
24
39
14
41
42
21
36
54
40
24
18
46
45
33
26
33
41
34
31
53
27
71
24
33
47
36
35
29
20
33
31
21
29
32
24
48
44
31
53
23
31
22
23
40
33
70
34
20
7
16
21
29
23
19
14
22
28
24
23
29
17
32
29
28
5
17
26
11
22
29
39
21
23
29
14
12
30
26
10
18
15
10
0
6
6
2
4
2
2
2
0
0
4
76
0
4
4
2
0
4
2
4
4
0
2
0
2
4
6
2
8
0
2
4
4
4
0
0
75
2
2
2
2
0
2
2
4
2
6
6
2
2
4
2
4
4
2
4
0
0
6
4
0
0
10
2
6
4
2
2
2
10
2
6
6
2
4
0
0
4
2
2
6
67
2
0
4
4
8
2
10
0
2
0
0
2
4
0
6
65
0
6
4
4
2
2
0
0
6
0
4
0
4
6
4
2
4
0
0
6
4
2
4
2
4
6
0
0
0
4
8
2
4
2
2
6
2
2
2
0
0
4
4
0
0
4
0
0
8
73
0
2
6
0
2
2
6
0
4
0
8
6
0
2
0
2
2
2
0
6
2
0
59
2
4
8
0
10
2
2
8
4
2
2
2
2
0
0
0
6
4
2
4
2
0
4
8
4
2
4
2
2
2
4
0
2
4
2
2
6
0
0
4
2
6
4
2
4
2
2
2
4
6
2
4
4
6
0
6
2
2
6
6
0
2
2
4
2
0
4
4
0
6
6
0
6
6
4
4
4
2
0
2
0
0
4
0
2
6
10
2
4
2
4
0
4
8
2
2
2
0
6
4
6
4
2
6
2
6
6
4
0
0
2
4
0
4
6
4
2
2
15
5
39
41
2
0
3
0
4
57
3
58
78
4
15
3
6
21
0
3
3
2
2
9
4
2
4
4
4
41
1
3
2
5
0
7
3
5
2
7
5
2
1
3
2
2
2
5
21
3
0
33
5
3
0
2
3
1
2
3
44
5
41
5
2
2
2
2
5
45
4
1
2
9
3
17
2
2
4
5
2
4
3
2
1
17
4
2
3
5
0
9
3
5
5
1
8
5
0
9
4
0
0
54
3
2
4
0
3
3
1
5
3
9
4
3
5
0
5
2
15
4
3
5
3
0
4
9
3
3
5
13
6
2
6
0
2
4
3
1
3
5
21
7
0
3
3
4
2
4
0
5
17
2
2
5
9
83
3
0
2
5
1
3
3
0
7
2
2
2
2
3
7
3
4
2
2
3
3
7
27
2
3
3
5
5
2
11
0
7
6
3
9
2
7
0
21
5
0
2
3
3
0
3
7
3
1
1
6
4
5
0
4
3
3
4
2
3
2
7
7
3
37
3
9
5
0
21
0
3
5
5
3
3
3
3
1
3
9
3
0
5
5
1
3
5
7
7
6
1
5
5
7
81
3
1
5
55
3
5
1
1
2
0
0
0
0
0
2
0
0
0
0
0
0
0
0
0
0
0
0
0
0
0
0
0
0
3
1
0
0
0
0
1
0
1
2
0
0
1
0
0
0
0
0
1
0
2
3
0
0
0
0
0
0
0
1
0
1
0
0
0
3
1
1
0
0
0
0
0
0
1
0
1
1
0
1
3
0
0
44
0
1
0
0
3
1
3
0
0
1
3
1
1
1
0
0
0
5
0
1
0
5
0
1
1
0
0
0
3
1
0
0
1
0
1
0
1
1
0
0
1
1
0
1
1
0
0
1
0
1
1
2
1
3
3
3
1
0
3
3
0
1
1
0
0
0
0
0
0
0
3
2
0
1
1
61
3
0
1
1
3
0
0
1
1
0
1
0
5
1
1
1
3
3
0
1
2
1
1
2
3
3
1
3
2
5
0
0
0
1
0
1
1
0
3
2
1
3
3
1
0
1
0
3
1
3
1
1
0
1
3
3
1
1
2
3
2
0
1
1
0
3
11
3
3
1
3
2
1
1
0
1
1
1
4
23
1
0
0
3
1
3
0
1
0
0
0
1
1
1
1
3
1
2
1
0
1
0
3
5
0
1
0
3
0
5
0
59
1
3
0
1
40
0
0
1
1
0
3
0
0
1
1
0
0
0
0
55
0
1
0
2
5
1
0
3
1
0
3
3
1
0
1
0
3
1
1
1
0
1
3
0
1
4
4
0
2
0
4
0
57
19
4
2
0
0
0
4
2
19
4
4
6
0
2
2
0
2
2
0
2
0
86
0
0
2
2
0
4
0
0
6
2
88
6
2
2
75
2
2
2
2
2
0
2
0
4
2
0
0
0
4
30
4
4
2
4
4
6
2
0
2
0
2
2
0
0
0
2
48
2
4
2
4
6
6
2
4
4
0
0
4
2
2
2
0
2
0
0
4
0
0
0
10
0
4
2
8
2
0
2
2
4
2
2
0
0
2
0
0
0
0
4
2
0
2
4
0
0
0
2
92
4
2
2
2
6
0
0
0
33
0
2
2
0
2
0
0
0
2
4
0
0
2
2
0
4
0
0
2
0
0
0
0
0
2
2
2
2
0
0
0
0
4
2
0
6
0
10
0
5
2
4
0
0
2
2
0
2
0
0
0
2
0
0
2
0
2
2
6
2
0
0
0
0
0
4
0
0
0
0
2
2
2
2
0
48
0
0
4
4
0
0
0
4
0
0
0
0
0
0
0
2
0
0
0
0
2
0
2
0
0
2
0
2
4
4
0
0
0
2
0
0
2
2
2
2
0
4
6
2
0
0
2
0
0
2
0
2
2
4
0
2
2
2
4
0
4
2
6
4
2
0
2
2
13
0
0
0
4
10
47
31
9
22
36
31
0
19
17
17
20
28
41
13
20
39
31
8
21
10
2
19
17
12
4
0
18
2
3
8
18
46
4
25
23
22
0
21
47
1
9
44
21
15
22
25
13
9
25
1
3
28
31
27
3
11
36
4
13
26
29
4
18
25
53
30
21
35
2
21
12
2
9
14
21
54
3
35
36
2
13
36
5
16
18
26
4
19
1
0
11
4
2
25
35
34
2
24
11
12
46
23
23
30
21
14
20
35
2
12
30
4
23
26
22
7
4
14
25
24
2
16
11
2
51
35
10
23
2
13
9
23
16
12
25
4
15
40
4
23
32
5
15
22
32
0
10
12
46
19
41
32
4
8
33
39
25
24
23
2
35
25
19
24
1
14
9
60
18
15
23
35
6
16
40
0
20
18
13
20
17
25
58
10
0
24
6
23
34
30
11
17
21
20
17
0
39
12
7
26
1
26
31
27
14
34
29
0
13
2
4
9
2
0
19
18
35
0
4
29
40
4
26
29
39
2
16
5
27
6
20
23
8
28
17
28
4
10
23
39
0
19
20
4
12
31
38
23
14
15
18
56
0
22
22
20
24
35
2
3
23
30
39
2
25
24
58
2
17
29
12
20
30
4
8
30
44
31
0
13
40
5
16
11
47
4
21
2
0
0
8
1
1
2
0
0
0
0
1
1
1
0
1
0
2
0
2
1
2
0
0
0
1
0
8
5
0
1
1
0
0
0
1
1
2
0
1
1
0
1
1
0
0
1
1
0
2
1
0
1
1
0
1
1
1
1
1
1
1
0
0
0
0
1
1
2
1
0
0
0
1
1
1
3
3
1
1
1
1
1
1
1
1
3
1
1
1
0
1
1
0
3
2
1
1
0
8
1
0
1
0
1
1
0
0
2
1
1
1
0
1
0
1
0
1
1
1
1
1
0
1
3
1
1
1
0
1
0
1
1
0
1
1
1
2
0
0
1
1
0
1
0
2
1
0
2
1
0
0
2
1
0
0
1
1
0
0
7
4
1
1
1
1
0
1
1
1
2
5
1
0
1
1
1
1
1
0
0
0
0
1
1
0
0
0
0
1
1
1
0
1
1
1
1
0
0
3
1
0
0
1
1
0
0
1
0
0
1
0
1
1
0
0
1
0
1
0
1
1
0
0
0
0
1
1
1
2
0
1
1
1
1
1
0
1
1
0
1
1
0
0
1
1
1
0
1
0
1
0
1
1
0
0
0
1
1
0
0
1
0
1
2
0
1
0
1
1
1
0
0
1
1
0
1
1
0
1
1
0
1
0
0
0
0
2
1
0
0
0
0
0
0
0
0
1
0
0
0
0
0
0
0
1
2
2
1
2
4
0
0
0
2
2
1
0
2
2
0
2
0
2
2
4
0
6
2
2
2
0
0
2
2
2
0
0
0
0
2
0
0
0
0
0
0
2
2
0
2
4
0
2
2
0
2
0
2
1
0
0
0
0
2
0
6
2
0
2
0
0
2
0
0
0
2
0
4
0
0
2
0
0
0
0
2
2
2
0
2
0
0
0
6
2
2
4
2
0
3
2
2
0
2
2
0
0
2
0
4
4
0
2
2
2
2
2
2
0
4
0
0
2
0
2
0
11
2
0
6
2
2
2
2
0
0
2
2
2
2
0
2
0
2
4
4
0
0
0
2
4
2
2
0
0
2
0
0
0
0
6
2
0
2
2
2
0
2
2
0
0
2
4
0
0
4
0
2
2
6
0
2
0
0
0
0
0
2
0
0
2
0
0
2
2
0
0
2
0
0
0
2
0
2
0
0
0
0
2
0
2
0
2
2
2
0
0
0
0
2
0
0
0
0
0
2
0
0
2
0
0
2
2
2
4
2
2
0
2
0
2
4
0
0
0
4
2
0
2
0
4
0
0
2
0
0
0
0
4
6
10
2
4
7
0
4
2
0
0
2
2
4
4
2
4
0
18
6
10
6
16
2
8
4
6
4
8
8
8
10
4
6
10
10
4
4
0
10
10
6
4
6
2
4
6
4
6
2
2
2
8
10
6
6
8
2
6
0
6
2
8
6
2
8
2
6
4
4
10
4
12
8
10
6
4
12
4
8
14
10
6
2
4
6
10
0
2
6
6
8
12
2
4
16
4
4
8
8
8
8
6
6
6
8
0
0
8
0
8
14
6
4
8
8
4
4
2
6
4
6
8
2
0
6
6
6
8
10
6
10
12
2
2
6
4
2
6
6
6
18
4
8
10
6
8
4
4
2
4
6
6
6
6
10
10
2
4
2
6
0
8
8
8
4
10
4
8
4
18
6
8
8
6
2
12
6
8
4
4
8
6
2
6
12
2
2
16
6
4
2
12
6
6
8
4
8
14
14
6
2
8
10
6
2
8
2
2
4
2
10
2
4
6
6
10
4
4
8
8
4
0
8
4
4
4
6
12
8
6
4
4
6
6
2
8
6
8
8
6
10
4
4
4
10
6
2
2
2
4
12
2
4
10
8
4
6
8
12
14
4
4
2
8
2
6
6
6
4
4
6
4
6
4
2
10
2
6
10
2
2
6
4
2
2
4
8
6
8
0
2
8
0
6
12
2
8
6
4
8
2
4
0
2
14
2
2
2
1
1
0
0
0
0
0
1
0
2
0
0
1
3
1
1
1
4
3
2
2
0
3
0
1
1
3
2
1
0
2
0
3
3
3
0
0
0
0
0
5
2
2
0
0
1
0
2
5
1
5
2
1
0
1
6
0
0
0
2
0
1
6
2
1
0
0
3
3
3
0
0
1
3
3
1
3
2
7
4
3
1
3
1
0
1
3
3
2
0
1
5
0
0
1
3
1
0
2
0
1
0
4
2
1
0
1
0
6
1
0
1
0
1
1
7
0
0
0
1
3
0
2
0
0
0
7
0
5
2
0
2
0
2
3
0
0
3
1
0
2
3
1
0
0
2
2
0
3
4
1
0
1
1
0
0
2
0
2
0
0
0
5
1
1
0
1
15
7
5
4
0
0
0
0
3
4
5
3
5
0
4
8
2
4
0
0
1
1
6
1
4
1
0
3
0
0
3
2
1
1
1
2
2
0
0
4
1
2
5
5
0
0
8
0
4
0
5
3
1
8
1
1
0
3
3
0
0
3
2
2
9
0
1
0
0
1
1
1
0
0
1
1
2
0
0
0
1
1
3
0
0
2
1
3
0
4
0
0
12
8
6
0
3
2
0
0
4
0
1
1
1
1
2
1
0
0
3
3
2
8
2
0
0
3
