15
4
4
6
23
8
8
10
5
5
15
8
4
6
7
6
4
11
15
15
5
7
4
15
11
4
9
7
7
3
11
8
2
11
16
13
9
7
15
11
15
9
11
7
13
11
15
6
21
9
4
36
16
9
7
7
6
5
25
7
15
10
11
13
7
16
11
9
4
6
7
9
9
9
18
7
5
15
7
11
13
11
5
9
9
13
5
7
11
13
4
6
16
8
7
17
11
16
17
9
15
6
28
7
6
7
11
7
4
8
23
4
7
10
5
11
26
15
9
7
25
13
8
14
15
17
6
15
12
22
20
9
11
11
6
13
8
9
9
5
11
13
6
4
13
20
9
4
9
12
7
6
8
11
9
13
13
6
8
7
5
8
45
13
7
11
13
8
8
9
7
4
9
3
7
4
6
9
4
11
7
4
4
6
11
4
9
9
9
11
9
8
9
14
11
2
4
6
5
15
6
9
7
2
4
6
4
7
13
11
8
4
7
3
6
4
7
15
5
2
4
4
6
4
6
2
9
4
2
4
8
4
6
8
10
6
13
9
7
7
8
4
8
6
6
4
11
6
11
5
4
9
6
2
2
6
4
11
4
9
11
5
4
8
9
5
6
9
6
4
9
4
9
4
4
11
6
4
8
4
5
7
17
4
6
4
6
4
0
3
0
2
4
4
2
6
0
2
0
3
0
6
0
4
0
2
2
0
2
2
0
0
2
0
0
4
0
0
0
2
0
8
0
0
4
4
2
2
0
4
0
4
2
2
0
2
2
2
0
0
2
2
4
4
7
6
4
2
2
0
4
0
0
0
8
2
6
0
0
0
2
4
2
2
0
0
2
2
2
4
0
2
4
6
0
0
0
5
8
4
8
2
0
4
10
5
0
4
0
4
2
4
0
4
2
2
6
0
2
2
2
9
2
2
4
4
0
2
2
21
6
2
4
3
4
15
2
4
2
2
4
0
4
0
4
0
2
2
4
8
2
0
0
4
4
2
0
2
5
0
0
0
2
0
2
0
2
0
2
0
0
4
2
2
2
2
0
6
8
0
2
2
10
2
0
0
0
6
3
2
2
2
0
0
0
0
4
4
0
2
2
5
4
2
6
4
6
0
4
0
2
2
0
8
0
0
2
4
4
2
0
4
0
4
0
9
2
0
0
0
4
4
0
2
4
2
4
0
0
0
2
2
4
2
2
3
4
2
0
2
2
2
0
2
2
0
2
2
0
0
0
2
2
0
0
0
0
2
2
0
0
4
2
2
0
2
0
0
0
2
2
0
2
0
2
2
2
2
0
4
0
2
2
0
0
0
2
0
0
2
0
2
2
0
0
0
0
0
0
2
0
2
3
2
0
0
6
0
0
0
3
2
0
0
0
2
2
0
0
0
2
0
0
0
2
2
0
0
2
0
2
2
4
3
0
2
2
2
2
2
2
2
4
0
4
0
2
2
0
0
2
0
0
0
8
0
0
2
4
3
0
3
2
0
2
4
0
2
0
4
0
2
0
0
2
0
2
0
2
2
0
0
2
2
0
0
6
0
4
2
2
0
2
2
3
4
0
3
2
2
4
4
2
0
4
0
6
2
2
4
0
2
2
2
2
0
0
0
2
0
0
2
0
2
2
2
2
2
4
2
2
2
2
12
2
0
2
4
4
0
2
0
0
2
4
2
0
2
2
0
1
0
2
0
0
2
0
0
4
0
2
2
0
2
2
0
2
2
0
2
0
0
1
2
2
0
2
2
0
0
2
0
16
2
0
0
2
0
2
0
2
0
4
0
0
0
2
5
0
0
0
0
0
0
0
0
4
2
2
0
0
0
1
0
4
0
2
0
2
2
0
0
0
0
0
2
0
1
0
0
2
2
0
2
0
0
2
2
2
4
1
0
4
1
0
0
0
2
0
2
4
0
0
4
0
0
2
2
2
0
2
1
4
2
3
4
1
2
0
2
0
2
2
2
49
45
51
50
47
49
49
45
47
47
49
43
49
43
41
49
49
49
49
48
46
45
51
39
49
49
49
49
47
91
49
47
47
46
51
47
39
49
43
49
47
47
49
47
41
49
49
47
49
49
49
51
49
90
50
96
86
50
48
51
89
49
47
90
91
94
49
49
47
49
51
47
47
49
45
47
49
51
47
49
49
47
45
32
49
31
39
49
45
49
47
49
21
47
49
49
51
31
49
49
48
49
45
49
49
49
49
47
39
45
47
43
45
51
49
48
37
49
35
49
49
49
49
31
37
29
36
37
29
19
47
27
29
29
37
33
33
31
31
29
29
45
35
29
29
28
35
29
29
38
35
28
29
35
35
29
29
39
35
27
29
27
29
37
37
31
27
31
29
29
45
34
29
35
41
29
35
37
37
40
29
29
28
21
33
41
29
29
27
18
33
37
31
37
29
35
37
31
35
27
45
35
32
29
37
35
29
29
31
29
39
28
29
29
36
35
33
29
29
29
31
47
29
34
29
23
29
29
27
29
29
31
37
35
31
46
29
33
29
31
34
39
31
31
31
29
29
19
29
29
29
33
29
29
31
37
31
31
29
29
26
34
31
29
31
31
31
33
35
35
38
31
28
37
29
27
29
29
27
28
29
37
29
26
28
28
38
39
2
4
4
6
4
8
2
4
4
4
5
8
6
2
4
4
2
6
4
2
6
2
6
4
8
6
2
6
6
5
2
4
2
2
2
2
6
2
2
0
2
8
15
4
2
2
4
2
4
6
4
2
2
2
6
4
4
2
2
4
4
4
8
4
2
4
4
4
2
2
6
6
2
4
2
4
4
4
2
2
4
14
4
6
4
8
4
2
4
8
6
4
4
4
2
6
6
2
4
2
4
2
6
4
2
6
2
4
4
6
4
4
4
4
4
6
4
2
4
4
10
4
10
8
6
6
4
6
4
10
4
4
8
4
4
10
4
10
8
6
8
4
4
8
12
4
6
4
8
10
6
8
10
6
4
8
4
0
4
4
6
7
4
2
6
8
6
6
6
4
6
8
8
6
4
2
2
2
4
4
2
12
2
4
4
6
4
4
8
6
2
2
4
29
6
4
6
2
4
2
4
6
4
6
8
4
4
6
6
4
6
2
6
6
6
4
4
2
6
8
4
2
6
4
6
4
6
13
4
6
4
6
2
4
4
2
4
2
4
13
2
2
8
4
0
8
0
4
2
3
26
2
4
4
2
2
4
2
2
2
4
11
2
4
2
2
6
2
4
8
2
4
11
2
8
2
19
4
6
6
6
4
2
4
2
6
4
6
17
68
7
13
15
9
21
3
9
3
19
25
15
7
19
7
5
9
3
9
3
15
13
5
5
5
9
9
5
7
7
7
17
5
7
5
15
3
35
3
9
15
9
11
25
17
11
7
21
2
11
7
40
19
3
31
21
7
21
17
7
7
5
9
19
11
29
21
7
21
9
7
3
9
11
15
9
3
9
13
35
3
7
23
5
0
27
5
2
5
5
3
9
4
27
15
19
29
1
11
13
3
36
13
11
9
5
19
23
13
31
7
13
25
17
21
15
11
13
7
9
31
23
17
17
13
7
42
21
15
23
9
3
11
15
29
25
19
27
25
39
19
31
5
17
25
27
9
23
25
3
2
5
15
9
27
21
15
35
43
19
5
21
9
17
15
17
25
5
33
9
9
21
25
23
19
44
7
32
17
33
9
3
13
38
7
5
11
23
48
3
21
9
19
5
15
27
11
17
11
19
9
27
21
13
3
13
11
11
15
29
3
23
19
9
15
17
23
19
46
13
19
13
29
25
27
15
17
29
29
25
13
19
13
44
11
11
21
5
17
11
3
5
19
5
9
13
7
23
7
17
5
25
23
19
17
7
23
23
7
5
23
9
33
29
7
17
25
13
13
13
7
9
7
7
19
19
17
13
25
21
9
11
21
3
19
40
9
27
14
10
8
12
37
4
12
10
10
37
12
33
16
6
14
25
12
14
16
13
21
10
16
14
12
23
19
10
35
53
12
21
19
33
10
27
27
25
19
29
20
23
21
14
23
16
23
20
12
37
24
25
31
27
31
31
35
27
21
21
54
34
10
35
39
12
43
8
16
35
33
39
29
18
25
29
19
29
14
39
27
39
27
18
33
18
31
43
35
19
45
12
8
8
10
33
33
14
21
39
10
39
25
14
4
18
43
43
20
19
39
39
12
27
27
16
37
45
37
57
12
29
14
25
35
35
18
27
31
55
19
8
39
21
52
29
43
12
10
39
51
18
8
12
12
12
8
49
47
16
8
10
16
49
51
50
16
16
35
47
39
16
21
43
41
14
10
10
10
31
12
37
27
16
10
10
35
12
16
33
14
26
13
10
10
10
25
18
8
10
10
8
23
10
10
16
14
29
16
12
10
25
10
21
29
8
10
16
19
29
19
10
18
19
12
27
8
13
8
10
27
12
10
8
14
10
10
10
10
18
12
6
16
8
23
16
10
18
16
12
14
37
12
12
6
12
6
16
31
37
12
16
21
14
31
27
10
12
43
14
8
21
21
8
12
2
8
33
10
8
14
14
12
8
8
12
15
21
12
25
12
20
19
17
33
20
16
6
6
10
2
10
7
9
2
2
4
42
7
2
10
4
4
6
4
8
6
2
4
4
6
4
6
5
12
74
2
6
6
6
4
50
4
2
2
13
2
6
2
8
4
2
6
4
4
60
10
10
6
4
6
4
2
4
5
4
2
10
12
2
2
0
8
7
0
2
52
2
13
5
4
0
2
4
6
8
8
10
12
2
6
5
6
6
15
27
4
10
4
4
4
6
3
8
2
6
4
6
11
8
2
4
4
3
4
4
2
6
10
0
4
8
2
72
11
4
2
6
2
2
6
30
13
4
4
4
0
2
7
4
5
0
4
5
4
0
2
6
2
4
34
3
2
6
0
10
6
8
2
2
4
7
4
4
6
2
0
7
5
0
6
2
2
4
5
4
2
8
8
8
4
4
4
10
3
4
4
6
0
8
2
2
52
6
4
4
4
2
2
3
14
0
0
2
2
7
8
0
2
4
2
2
83
0
2
2
4
4
0
4
7
0
4
2
2
4
0
6
4
2
2
2
4
2
2
2
4
0
2
4
2
6
2
10
5
2
42
2
2
8
33
0
4
0
6
8
4
2
42
2
10
0
8
2
6
0
2
0
8
0
6
6
8
6
7
4
4
8
2
2
2
10
0
6
9
6
7
10
2
4
6
4
2
2
8
15
8
11
13
8
15
4
8
12
10
17
11
12
15
10
6
8
8
10
13
6
2
19
10
19
8
2
6
14
14
6
6
12
6
15
10
8
13
8
14
8
8
36
10
22
23
10
21
10
8
6
14
16
12
21
8
8
17
8
8
41
15
18
19
15
19
12
19
15
12
10
20
25
33
12
14
12
15
17
10
44
10
13
6
19
17
18
10
12
6
10
16
25
16
16
11
36
12
16
18
12
24
13
8
8
33
6
12
29
12
6
23
23
14
18
24
12
14
21
10
12
25
23
19
15
40
14
48
34
35
16
25
19
31
27
12
25
40
18
16
18
23
48
12
12
48
42
27
8
10
16
15
21
31
23
33
8
27
16
25
25
21
14
20
12
15
10
10
12
10
23
14
4
19
8
10
10
13
8
10
4
10
19
17
10
6
13
6
21
15
12
13
12
6
14
10
29
12
10
8
8
25
12
16
14
14
17
8
10
14
34
10
17
12
10
10
15
10
10
12
4
15
23
19
4
15
12
10
15
18
10
42
25
14
27
36
15
23
33
12
29
10
16
28
31
12
16
25
36
12
23
54
14
14
4
48
23
29
18
8
15
19
10
14
19
10
42
38
12
10
14
14
29
8
6
25
17
4
29
6
19
12
8
13
11
14
14
10
6
6
4
2
4
2
12
2
4
0
0
2
2
0
0
4
0
4
4
6
4
0
0
4
2
2
0
2
8
2
2
2
0
4
2
0
4
4
0
2
0
2
2
4
4
6
2
10
4
4
10
4
4
2
4
4
4
6
4
4
2
2
2
4
2
2
4
2
4
2
0
6
4
10
4
8
2
6
4
2
4
4
6
6
2
6
2
4
8
2
0
2
6
0
4
4
2
6
6
2
4
8
4
4
2
4
2
2
4
8
2
0
2
2
2
6
2
2
2
2
10
4
6
4
4
4
2
4
14
4
2
0
4
2
2
4
0
10
4
2
2
2
8
2
4
6
2
0
2
2
4
6
0
2
4
4
2
2
4
4
0
6
8
2
2
4
4
4
0
8
0
4
2
16
4
8
2
8
4
8
10
2
2
4
6
2
0
4
2
6
2
2
4
4
4
4
6
4
8
6
2
2
6
4
2
0
2
8
2
0
6
6
2
0
2
4
6
6
6
2
2
2
2
4
6
0
4
4
4
8
2
4
2
6
4
2
4
2
6
0
0
4
4
2
2
0
2
8
4
2
0
0
2
0
10
7
2
2
4
5
4
4
4
4
4
0
4
2
2
2
0
0
10
6
0
4
0
2
2
4
2
6
4
4
6
2
4
0
