4
0
0
0
0
3
6
2
7
0
2
4
0
0
0
0
0
2
0
0
0
0
7
10
2
5
2
0
2
0
3
2
3
2
0
3
2
5
0
7
2
0
2
0
0
0
0
0
3
3
0
0
2
2
0
0
0
2
2
4
0
3
0
2
4
3
9
0
0
5
2
3
0
2
4
0
4
0
2
2
2
0
0
2
0
0
1
2
2
0
0
2
0
2
2
0
5
4
0
0
1
3
4
2
0
2
2
3
4
0
0
2
2
0
2
2
2
0
4
3
2
2
0
0
0
2
2
2
0
3
0
0
0
0
0
0
2
2
3
0
0
3
2
5
7
3
2
0
0
0
2
0
0
0
2
2
2
2
2
0
0
0
2
2
2
2
2
0
2
2
1
1
2
0
2
2
0
3
4
0
0
0
0
0
3
3
1
2
2
23
0
2
0
0
14
4
7
0
0
0
2
2
3
2
0
0
0
0
0
0
0
0
0
2
1
2
0
0
2
2
2
0
1
0
2
0
2
3
0
2
2
4
0
4
2
4
0
2
0
2
0
2
3
0
0
2
2
0
0
2
0
2
0
0
2
3
2
0
2
0
3
0
0
2
3
0
2
3
4
2
2
0
0
0
0
2
2
7
2
2
2
2
0
2
2
0
2
0
75
77
78
79
78
77
78
73
76
78
79
78
78
76
78
78
75
78
77
72
77
76
75
77
77
75
78
78
78
78
78
75
78
78
79
78
78
73
78
78
78
78
78
78
78
78
77
78
78
68
75
77
76
78
78
76
78
78
77
77
75
78
75
78
73
77
78
77
78
77
79
78
72
77
72
79
74
78
77
77
78
78
66
77
77
76
77
78
76
77
77
76
76
76
78
77
76
77
78
75
76
77
78
77
78
78
78
78
77
78
77
78
77
76
77
78
77
77
77
77
76
78
77
77
77
77
76
77
78
75
77
74
78
78
77
73
74
78
77
78
77
77
77
78
75
68
78
78
77
77
77
77
76
77
74
77
76
78
77
78
78
77
78
78
76
77
75
75
78
77
77
73
76
77
77
78
77
78
77
77
75
75
77
76
76
77
77
77
76
77
76
77
75
75
78
75
77
77
78
75
78
77
77
78
77
75
77
77
77
77
78
78
78
76
76
74
78
76
78
78
77
73
75
74
78
78
77
75
78
73
77
78
77
77
77
77
78
77
76
77
75
70
77
77
77
77
77
77
78
76
77
76
77
78
77
79
76
78
67
79
77
78
77
78
78
74
78
78
78
78
77
78
78
78
77
77
78
78
78
78
77
77
77
78
77
77
76
76
2
2
0
0
6
2
4
56
2
2
6
2
0
4
4
6
2
37
2
0
2
4
4
2
2
2
4
0
4
0
4
0
2
2
4
0
6
0
4
0
4
6
0
2
0
0
0
0
4
2
0
2
6
0
0
0
2
2
0
0
0
6
2
0
0
0
0
0
2
0
2
2
0
4
0
2
0
4
4
6
4
2
6
0
0
2
2
2
0
4
2
0
0
0
2
4
4
6
2
0
2
6
0
2
0
4
0
0
4
0
0
2
0
0
2
2
2
2
0
0
2
2
3
0
0
2
2
0
2
0
2
2
0
2
2
0
4
4
2
0
2
0
2
55
2
4
2
2
4
0
2
2
6
0
0
8
6
4
4
2
4
2
2
2
2
2
4
0
4
0
6
0
0
2
0
0
0
53
0
2
8
4
2
0
4
0
8
0
2
2
2
0
2
0
0
0
2
2
2
4
2
6
4
4
0
2
2
0
2
0
0
0
4
0
2
2
4
0
2
8
2
0
0
2
2
6
2
0
8
2
0
2
2
2
0
4
2
4
2
2
12
2
4
0
2
0
2
2
2
6
2
2
4
2
2
6
0
0
0
8
2
0
2
2
2
0
2
2
4
2
2
0
6
4
2
4
2
0
4
61
4
2
2
0
0
6
6
2
10
2
8
13
11
7
2
0
11
13
0
8
9
9
4
8
10
4
2
8
8
6
6
6
8
4
0
9
8
6
0
4
9
6
0
8
4
8
8
8
6
4
6
11
8
0
6
0
11
9
0
6
11
11
0
6
9
4
9
6
19
6
15
6
13
0
6
6
8
0
13
0
6
10
8
0
0
6
6
0
8
15
10
0
6
9
11
0
0
6
8
0
0
15
6
0
0
8
23
0
0
9
4
4
4
0
4
8
0
6
0
8
0
6
0
11
0
4
0
8
0
0
0
0
8
0
4
0
0
4
6
0
8
7
13
0
0
4
0
0
0
0
0
0
0
0
0
0
0
0
2
8
0
0
15
0
0
13
2
0
21
6
0
4
9
8
13
0
0
4
0
6
0
0
0
11
0
0
0
0
0
0
11
0
0
0
0
0
0
0
0
4
0
8
0
19
0
6
0
19
0
9
0
4
0
6
4
4
11
8
2
8
6
2
0
9
0
4
6
11
13
9
0
8
13
8
0
4
8
6
0
8
8
13
0
6
6
6
0
10
6
11
13
11
11
0
6
13
0
0
11
10
4
7
8
15
11
0
9
6
0
4
6
15
2
25
9
9
0
4
6
10
0
0
19
9
0
10
6
6
2
0
8
11
0
0
13
2
0
0
1
2
3
1
1
0
1
3
1
0
1
0
0
1
0
4
1
0
0
0
1
1
0
2
0
1
0
0
1
1
1
4
0
4
1
1
1
1
0
0
1
0
0
1
1
2
0
0
1
0
0
0
0
0
1
1
0
2
1
0
1
1
1
0
1
1
0
2
3
2
0
1
3
1
0
0
0
1
0
0
0
4
0
0
0
1
1
1
0
0
3
1
1
2
3
1
3
1
0
0
1
1
2
3
2
1
0
3
1
1
3
0
1
0
0
0
1
1
0
0
2
0
2
1
3
0
1
0
0
0
2
1
1
0
0
1
1
2
1
1
0
2
1
2
2
0
0
1
0
0
1
1
4
0
1
0
0
0
2
1
1
0
1
0
2
0
1
1
1
3
1
2
1
1
1
1
1
4
0
0
0
2
1
0
1
0
0
0
1
0
0
1
0
1
1
1
2
2
1
2
1
0
1
3
0
2
0
1
0
0
0
1
2
0
0
4
1
0
0
1
1
1
0
2
0
2
1
1
0
0
2
3
1
1
0
1
0
1
1
1
1
2
1
3
1
4
0
1
2
0
1
0
0
1
1
0
1
0
0
1
0
1
2
1
2
1
4
1
2
0
0
0
4
0
0
0
5
0
0
0
0
0
1
0
0
0
2
0
2
0
0
4
2
2
0
2
0
4
0
2
0
0
4
0
0
2
2
2
2
0
0
0
0
0
2
0
0
0
0
2
4
2
0
0
0
2
2
2
0
0
0
10
0
0
2
0
0
0
4
0
2
0
10
2
0
0
0
0
0
0
2
0
0
0
2
0
0
2
2
0
0
2
0
0
2
4
0
0
2
0
2
0
4
0
2
2
2
0
0
2
0
2
2
0
0
4
0
0
2
0
4
2
0
0
4
2
0
0
2
0
2
0
6
0
0
2
0
2
16
4
6
2
6
4
4
2
0
2
4
2
0
2
2
0
6
0
0
2
2
0
6
0
2
2
0
2
4
4
4
0
4
8
4
0
2
0
0
2
2
0
2
0
0
4
0
0
2
2
2
0
2
0
2
0
0
2
0
0
4
0
0
0
0
0
2
2
0
8
2
0
0
2
2
0
0
2
0
2
2
2
2
0
4
4
2
2
0
2
2
0
0
2
0
2
2
0
0
0
0
2
2
0
0
6
2
6
2
2
0
2
0
0
2
0
0
0
0
0
4
0
2
10
0
4
0
2
4
0
4
0
0
0
2
0
0
2
2
0
2
4
4
0
0
2
0
0
2
0
0
0
0
10
8
2
4
2
2
0
0
0
2
4
4
0
7
3
5
7
5
11
3
2
5
9
3
3
7
0
5
0
9
3
0
5
2
2
3
2
11
7
9
5
5
3
5
3
2
7
7
2
3
17
2
5
7
2
3
5
13
5
5
3
5
7
0
3
5
2
3
5
5
0
5
13
3
3
5
2
5
3
3
13
3
5
5
3
7
5
2
7
5
3
9
9
9
13
33
3
7
2
3
3
9
3
17
13
3
2
5
5
2
7
5
5
7
9
3
2
7
3
5
3
33
3
3
7
7
3
13
3
2
7
5
7
5
3
5
9
15
9
17
25
7
17
17
11
9
31
19
7
17
15
13
7
5
5
5
5
15
3
11
15
7
7
15
13
9
7
9
7
19
7
5
19
5
7
7
13
25
9
5
17
17
11
7
19
11
11
5
9
11
9
15
15
21
5
7
13
5
19
7
5
17
17
19
11
21
29
21
7
5
7
9
7
19
5
13
21
7
7
11
9
3
17
7
15
9
11
21
13
9
9
17
7
9
3
3
11
3
13
19
7
5
7
9
21
9
3
7
11
9
15
9
7
7
9
11
5
9
17
21
17
7
3
5
15
13
5
9
19
9
7
9
31
7
13
5
2
2
11
9
15
15
13
5
2
5
9
9
11
13
9
7
5
13
7
9
5
5
9
5
7
23
21
23
14
17
20
24
22
27
23
25
34
23
26
33
24
22
21
15
18
18
20
15
23
22
20
22
18
18
17
16
17
22
14
24
25
20
19
20
26
27
22
24
26
21
21
24
18
20
22
18
25
22
21
19
19
25
23
17
22
38
30
20
17
20
25
25
20
19
17
24
19
19
19
29
26
24
20
19
23
38
26
22
22
25
21
20
18
19
22
22
30
28
30
29
22
18
21
24
18
25
19
21
34
23
23
23
20
22
24
26
31
22
19
24
21
27
19
27
17
21
27
13
25
30
23
34
21
25
33
27
26
17
26
17
22
17
22
20
23
28
22
21
28
30
21
22
18
24
27
22
26
27
26
29
25
25
27
27
30
32
27
18
25
29
27
24
29
29
29
26
25
25
29
30
30
30
25
23
28
28
27
24
26
28
30
22
23
29
28
23
26
29
23
25
27
25
26
26
20
23
27
27
25
24
36
32
26
22
31
19
26
28
32
25
20
29
31
27
32
29
31
27
22
22
19
28
25
26
26
24
24
18
22
29
26
22
30
24
24
25
33
25
27
24
24
18
29
20
25
20
26
25
27
24
22
25
18
33
36
23
23
27
23
25
26
20
24
23
22
27
18
20
25
24
30
27
30
29
23
28
22
26
27
36
21
18
17
10
17
23
17
10
4
38
15
23
8
45
21
6
6
39
19
38
17
15
58
17
10
27
33
16
21
10
19
27
68
10
21
17
19
27
29
23
23
12
21
27
27
39
23
21
31
21
37
19
19
8
23
33
33
31
48
25
21
45
57
19
25
44
12
59
52
41
29
43
10
37
41
98
50
15
14
23
39
29
35
54
21
39
17
23
29
41
19
15
23
23
19
50
17
29
62
40
35
25
54
50
89
41
42
41
21
70
81
35
19
33
54
75
79
43
35
85
85
95
46
37
85
16
42
79
64
27
33
15
21
33
35
17
54
43
15
14
31
31
50
16
42
60
27
39
39
31
25
31
43
62
15
12
66
35
19
48
37
33
35
21
17
23
14
17
17
10
17
14
17
19
8
35
35
16
31
10
14
0
43
37
31
60
41
29
31
15
43
25
12
33
29
23
8
17
25
19
8
17
35
14
12
25
35
17
29
17
17
10
23
29
15
31
25
37
13
21
12
14
16
58
46
62
31
23
62
23
31
60
33
35
8
46
19
13
48
10
48
29
27
25
2
15
13
29
40
50
43
46
27
14
50
27
29
21
25
27
17
48
15
14
15
15
64
17
14
54
72
27
62
25
17
33
23
8
82
44
17
21
15
46
33
65
21
17
12
19
23
6
4
10
12
12
10
8
4
8
0
4
2
4
2
4
4
6
4
6
2
0
2
13
2
4
14
4
2
4
4
4
4
4
8
2
2
2
6
4
2
8
6
2
6
2
2
6
0
2
4
4
2
2
4
4
8
2
2
10
6
0
4
2
44
4
4
4
2
4
12
6
17
4
2
4
2
25
4
4
4
4
2
2
4
4
14
4
2
2
8
0
6
2
8
4
4
8
4
4
8
8
14
6
2
8
4
6
0
0
2
4
4
2
4
10
4
10
4
2
4
8
6
2
4
4
6
8
4
10
6
4
2
8
4
2
2
4
6
4
10
2
0
6
12
12
6
2
4
6
8
0
2
4
6
25
0
2
10
2
8
43
0
2
6
2
4
2
2
4
2
2
4
2
2
4
4
0
2
4
4
4
4
4
2
4
8
2
6
2
4
2
14
6
4
2
6
17
2
4
13
8
4
4
4
2
4
6
4
6
4
0
2
8
10
8
10
14
6
6
2
10
15
10
6
6
6
4
13
6
6
2
37
8
10
15
10
4
4
4
4
2
4
12
4
4
8
2
4
2
4
2
2
2
6
13
2
2
6
2
4
4
4
6
4
2
4
2
6
4
4
2
4
4
6
2
0
2
13
8
4
2
2
2
8
4
6
9
4
