0
0
0
0
0
0
0
0
0
0
0
0
0
0
0
0
0
0
0
0
0
0
0
0
0
0
0
0
0
0
0
0
0
0
0
0
0
0
0
0
0
0
0
0
0
0
0
0
0
0
0
0
0
0
0
0
0
0
0
0
0
0
0
0
0
0
0
0
0
0
0
0
0
23
35
48
49
30
61
36
27
52
28
60
48
32
29
44
9
51
65
35
57
38
63
48
51
48
36
46
56
35
44
75
50
14
54
55
56
43
44
62
46
45
66
56
44
55
37
24
26
50
46
18
40
43
45
46
55
50
52
61
56
44
42
51
39
45
49
55
38
40
38
60
47
56
43
39
51
53
44
58
56
41
56
54
28
40
52
48
64
45
24
52
52
39
45
29
41
54
64
53
54
61
54
32
46
28
34
45
6
43
55
56
40
39
47
53
67
34
34
44
65
51
55
48
59
62
56
53
33
38
67
56
43
45
55
39
51
46
44
52
54
52
44
27
32
53
38
25
44
63
43
51
38
53
55
34
22
33
35
16
48
34
23
16
23
32
53
33
43
11
30
11
25
57
31
50
21
34
43
32
25
39
18
19
36
28
52
35
70
38
34
55
46
61
54
48
26
24
18
65
50
39
53
51
23
34
50
14
26
25
22
19
14
22
53
16
2
2
2
2
2
2
0
0
6
0
4
9
0
9
6
4
4
2
6
0
6
9
4
4
2
4
6
0
4
6
4
8
4
6
8
4
19
11
6
2
2
6
2
4
4
4
7
4
0
3
2
6
1
9
4
5
5
4
2
4
2
4
2
2
6
2
4
2
6
2
2
6
2
8
0
2
2
0
2
3
8
2
3
0
4
4
3
4
8
2
6
4
8
6
4
10
6
6
2
5
5
2
6
4
10
2
2
5
4
4
25
0
6
4
2
5
4
4
6
8
4
7
4
2
6
4
4
8
6
7
0
6
15
4
8
2
0
12
4
2
12
2
13
4
11
6
10
5
5
6
2
9
6
2
2
6
4
4
6
8
6
2
4
5
2
8
6
4
2
2
4
1
2
4
6
4
10
4
6
6
8
2
10
2
8
2
2
19
0
6
2
6
5
2
4
8
2
0
5
2
9
4
0
7
2
5
0
2
2
4
2
4
4
7
5
6
8
6
5
8
4
0
2
2
0
6
4
0
2
4
0
6
0
4
0
2
2
8
2
6
4
4
2
4
0
0
4
2
4
0
2
0
2
4
0
4
0
2
2
7
2
0
2
0
4
2
0
2
2
2
11
2
0
2
2
0
2
4
4
0
0
11
4
4
4
0
4
2
2
0
2
0
0
1
0
0
0
4
0
0
0
2
0
4
0
0
0
2
2
0
2
4
2
0
3
0
2
0
4
2
0
0
2
3
5
2
2
0
2
4
7
4
2
5
2
2
0
0
2
2
0
12
0
0
4
3
4
3
4
0
2
2
0
2
4
2
0
0
4
2
4
2
0
0
0
2
2
4
2
0
0
2
2
2
2
2
0
2
4
0
0
0
0
3
2
0
0
2
0
0
0
2
4
0
2
0
8
6
0
1
0
2
2
0
0
2
0
2
0
2
2
0
0
2
3
0
0
4
0
0
0
0
4
0
2
0
2
2
2
2
2
4
0
5
0
0
0
0
0
2
0
0
2
4
0
5
6
4
0
1
2
2
5
2
7
4
2
2
0
4
0
0
2
2
2
0
8
2
2
4
0
2
0
0
0
2
2
4
0
2
2
0
0
0
2
2
0
2
4
4
0
4
2
0
0
0
3
2
0
2
2
0
2
2
0
4
9
1
9
2
0
7
2
2
0
0
2
0
2
0
2
2
0
0
3
2
2
0
0
2
3
0
0
4
0
0
0
2
0
0
0
0
0
2
0
0
0
4
0
2
3
2
4
0
0
2
2
2
0
4
2
0
0
0
0
4
0
0
2
0
0
2
4
0
9
1
5
3
7
2
6
2
2
3
17
5
14
4
3
8
3
4
3
5
12
3
4
2
7
2
7
17
4
4
7
4
7
6
6
4
7
5
6
2
4
9
10
2
6
4
9
7
7
15
11
13
15
8
11
15
11
6
14
12
11
3
19
3
4
4
4
10
12
6
10
3
3
6
10
11
13
11
13
6
11
12
16
11
9
12
12
11
15
8
12
4
14
5
8
4
6
12
8
7
12
4
6
10
13
10
11
11
14
1
16
9
14
2
5
0
2
5
2
4
2
0
0
5
3
2
9
3
10
9
13
5
14
12
9
11
11
8
3
4
6
3
1
6
1
0
12
2
4
2
10
4
6
6
4
4
6
5
4
9
6
3
7
3
10
14
14
15
4
6
6
5
8
10
8
3
7
9
15
6
7
6
13
5
9
4
5
2
4
3
8
6
5
5
6
4
11
11
4
6
10
3
10
2
4
2
6
6
3
3
2
3
7
2
11
5
6
4
7
2
7
4
2
2
2
2
13
7
5
17
5
12
8
3
5
13
7
5
6
7
3
4
10
4
7
6
6
17
4
3
5
12
6
7
16
3
3
3
13
2
4
11
11
8
10
5
14
18
20
16
20
12
11
11
17
15
17
12
17
10
15
12
18
16
13
8
17
19
20
20
0
0
2
0
0
0
2
2
0
2
2
2
0
2
4
0
0
2
2
2
0
2
0
2
0
2
2
0
0
0
0
4
2
0
0
0
0
0
0
0
2
2
2
0
2
0
0
2
2
2
2
2
2
2
0
0
0
0
2
2
0
0
2
0
2
2
0
2
0
0
0
2
2
2
0
0
0
0
2
2
0
2
2
2
0
0
0
0
0
2
2
0
0
2
2
0
2
2
2
0
4
0
2
0
0
2
0
0
2
0
0
2
0
2
0
0
2
2
2
2
2
0
2
0
2
2
0
0
2
0
2
2
2
2
2
0
4
0
2
2
2
0
0
2
0
2
2
2
2
0
0
2
2
0
2
2
2
0
0
2
0
0
0
0
2
0
0
2
2
2
0
2
2
0
0
2
0
0
2
0
0
2
2
2
2
0
0
0
2
0
0
0
2
0
2
2
2
2
2
2
2
2
0
0
4
0
2
2
0
2
0
0
2
2
2
2
0
2
0
0
2
0
2
0
0
2
2
0
2
0
0
2
2
2
2
2
0
0
2
2
4
0
2
0
0
2
4
0
0
2
2
2
0
2
2
2
0
0
0
2
2
2
0
2
2
0
0
2
2
2
0
2
2
0
0
2
0
0
0
2
2
2
0
2
0
2
0
0
3
7
9
9
5
9
7
11
11
15
7
5
9
9
7
9
9
11
17
11
13
7
9
13
5
9
27
7
13
13
9
3
9
17
9
11
13
7
11
7
7
48
7
9
11
15
7
7
15
7
3
1
23
19
5
3
11
13
15
1
15
7
5
11
15
7
9
26
7
9
7
5
9
9
21
13
15
3
5
7
3
15
15
17
13
15
9
7
9
7
7
9
11
19
9
7
11
11
3
3
22
7
7
7
11
15
15
13
30
23
17
17
15
28
27
38
17
19
11
27
15
23
9
30
15
36
19
19
13
21
25
17
19
24
40
15
13
27
13
27
25
69
23
25
17
17
15
38
11
11
19
15
19
15
15
26
30
26
13
15
21
17
23
28
11
7
28
11
11
21
13
27
17
25
11
32
21
9
15
19
11
27
30
9
25
13
21
17
19
9
40
9
9
15
15
25
9
25
5
9
25
59
7
21
17
13
25
17
30
26
23
9
13
19
19
13
9
5
13
25
21
11
15
11
11
13
21
20
11
11
13
19
9
9
15
21
15
23
13
11
11
23
19
11
17
23
25
7
11
19
11
23
19
40
5
15
11
9
23
11
13
9
7
17
27
11
17
5
9
7
7
5
11
7
3
7
3
11
11
9
27
7
7
17
7
9
7
9
24
16
6
23
27
10
8
10
18
35
24
10
12
6
10
6
8
16
4
6
6
14
20
12
14
12
8
24
27
2
8
18
8
16
10
8
4
14
8
10
8
33
6
22
6
16
27
8
20
10
10
14
8
24
8
10
12
25
29
16
35
10
14
18
22
26
8
35
14
16
10
10
8
24
29
25
12
31
25
20
29
16
14
25
14
8
6
31
6
25
31
14
24
35
18
24
33
22
29
39
10
18
14
21
35
29
20
25
35
39
8
12
41
14
12
25
18
23
37
8
16
27
20
29
10
23
16
25
12
35
12
10
31
31
12
29
25
33
37
31
16
22
14
31
16
16
8
20
25
29
10
8
12
23
25
33
33
16
20
29
35
14
45
35
43
29
31
10
29
10
22
27
22
27
25
12
27
14
31
10
10
18
23
20
25
41
25
16
20
25
14
10
22
18
14
10
35
26
12
14
20
41
57
22
39
16
12
18
29
76
14
27
12
18
14
24
23
24
45
8
33
4
35
6
18
14
8
24
8
10
29
6
20
6
8
8
23
8
6
6
14
8
31
12
10
10
10
6
6
41
16
8
12
29
12
8
6
14
20
8
6
22
18
4
37
8
20
8
14
6
18
6
18
14
8
12
10
8
14
4
8
6
8
8
16
6
10
18
31
16
22
29
14
40
0
0
0
0
33
11
16
25
13
28
21
40
0
0
0
0
29
28
27
17
23
2
50
0
0
0
0
0
26
20
13
8
19
0
23
22
31
0
0
0
14
18
23
21
24
30
26
20
0
0
0
0
43
20
17
16
38
0
21
35
0
0
0
0
22
29
20
7
20
28
26
17
30
0
0
0
30
20
20
19
16
0
29
38
23
0
0
0
27
15
5
25
23
3
33
22
0
0
0
0
21
16
14
21
13
17
24
41
31
0
0
0
22
27
17
15
0
22
15
14
0
0
0
0
34
26
16
19
23
23
20
36
0
0
0
0
25
46
18
17
18
14
0
2
30
0
0
0
42
10
25
17
19
27
0
12
0
0
0
0
17
17
20
19
17
18
2
0
0
0
0
0
36
28
21
19
39
20
44
29
0
0
0
0
20
25
29
14
16
35
22
29
24
0
0
0
31
0
17
21
17
21
28
25
0
0
0
0
0
14
0
14
18
29
35
29
0
0
0
0
20
32
11
23
5
15
0
39
19
21
0
0
29
0
14
0
0
2
0
0
0
0
0
0
0
0
0
0
0
18
0
0
0
0
0
0
0
0
0
0
0
0
0
0
0
0
0
0
0
0
0
0
0
0
0
0
52
0
0
0
0
0
2
2
6
6
2
4
0
6
4
6
6
2
4
2
4
6
4
6
10
2
2
2
8
8
2
6
2
4
4
6
0
2
4
6
6
4
8
2
4
4
4
2
2
6
6
6
10
4
4
4
8
0
4
4
8
2
2
0
4
4
2
6
4
2
2
10
4
6
2
10
4
10
6
6
6
6
6
2
2
2
2
2
4
4
4
4
6
12
10
4
4
2
6
6
4
2
4
4
2
8
0
0
4
4
0
2
4
0
4
6
4
6
4
2
2
8
6
6
8
0
2
4
10
8
6
0
8
4
4
10
4
6
8
4
8
4
4
8
6
6
8
6
4
4
0
2
2
6
4
4
6
2
6
6
6
6
6
2
2
4
2
6
2
6
6
6
6
4
8
4
6
2
4
2
4
4
2
6
4
4
2
4
8
4
8
4
2
4
4
4
4
2
4
2
4
6
2
4
4
2
6
6
6
12
4
8
6
6
4
2
8
4
2
2
6
4
6
4
6
4
2
6
4
6
6
4
6
2
10
0
6
8
4
6
2
0
4
4
4
2
2
6
2
4
6
10
4
6
0
4
0
6
2
6
6
8
4
6
4
4
4
4
4
4
4
8
2
4
4
2
8
4
6
2
2
2
4
2
2
2
0
2
4
4
0
2
2
2
19
19
19
17
18
20
19
19
19
19
19
19
17
19
19
19
19
19
19
20
20
20
19
20
19
20
19
19
19
20
20
19
18
20
19
19
20
20
19
19
19
19
20
19
20
20
17
20
19
19
19
20
19
20
19
19
19
19
18
19
19
20
20
20
19
20
20
19
19
20
18
20
19
19
20
20
19
20
20
18
19
19
19
19
19
19
19
19
19
20
19
18
19
20
19
19
20
19
19
20
19
19
19
20
19
19
19
20
19
20
20
20
19
19
18
20
20
19
19
20
19
19
19
19
19
18
19
20
20
19
19
19
19
19
19
20
19
19
20
19
18
19
20
19
19
19
20
19
19
19
17
19
12
20
19
19
19
19
20
19
19
19
19
19
19
19
20
20
18
19
20
19
20
20
20
19
19
18
20
19
20
19
20
18
19
20
19
20
19
17
19
19
19
19
19
19
19
20
19
20
20
19
20
20
19
20
19
20
19
20
19
19
19
18
20
19
20
19
20
19
19
20
20
20
19
19
19
20
19
20
19
19
19
20
19
19
19
20
18
19
19
19
20
19
19
19
20
19
19
19
19
19
18
19
19
19
20
19
19
19
19
19
19
19
20
19
18
20
19
20
19
20
19
19
19
19
19
18
20
19
20
20
20
19
19
19
20
20
