0
2
2
0
0
4
0
2
0
2
2
2
0
0
0
2
2
2
2
2
0
0
6
0
2
2
2
2
2
0
0
2
0
2
0
2
2
2
2
75
2
0
0
2
0
4
6
0
2
5
0
0
2
2
4
2
2
2
2
2
2
8
0
6
2
0
2
0
2
0
2
6
6
0
0
0
2
9
4
0
2
0
2
0
2
4
2
2
2
9
0
2
44
4
4
0
2
0
2
0
4
43
2
2
0
2
0
4
0
2
10
5
2
4
0
8
2
2
0
0
10
0
0
0
2
0
0
0
4
2
0
76
4
2
0
4
0
0
0
75
2
8
8
4
2
2
2
2
7
0
4
2
0
2
4
6
0
4
2
2
4
2
4
6
66
0
2
2
2
2
2
0
2
0
8
67
0
0
2
2
2
2
4
0
0
2
6
2
6
0
2
0
2
0
2
4
2
0
4
0
2
2
0
0
0
0
4
4
2
2
0
0
0
0
2
4
0
2
0
4
0
0
2
2
0
12
0
4
0
2
0
4
2
0
0
0
2
2
2
0
0
0
4
2
4
6
4
0
0
4
0
2
4
2
78
4
2
0
0
0
6
0
2
2
2
4
4
6
2
2
0
0
4
4
0
0
0
7
2
0
2
0
0
4
11
4
4
0
4
2
2
0
4
0
2
4
2
0
2
6
4
2
6
0
2
4
2
2
2
0
4
2
6
4
2
4
2
4
2
2
6
4
2
2
2
0
4
2
2
0
2
0
2
2
0
0
2
0
0
2
4
4
2
4
2
2
2
8
2
2
0
0
2
2
4
2
0
2
2
4
2
2
2
4
0
2
4
4
4
4
6
0
2
4
6
4
2
0
2
0
4
2
2
6
2
2
0
2
4
2
0
2
2
2
0
0
2
4
2
2
4
4
0
4
2
4
4
2
2
0
4
0
0
2
2
0
2
2
0
2
4
0
6
2
2
2
4
4
4
2
2
6
2
4
4
4
2
2
2
6
2
2
4
2
0
4
2
4
0
2
2
4
0
2
2
4
2
2
4
4
2
0
0
6
4
4
0
2
2
4
2
4
0
0
2
2
0
2
4
2
6
4
2
2
8
0
2
4
4
2
2
2
2
0
2
4
2
0
2
2
4
2
2
4
4
2
4
4
2
0
0
2
2
4
2
2
2
4
4
2
2
4
0
2
2
2
2
4
4
6
4
4
2
2
6
2
2
2
0
2
2
4
2
6
2
2
2
6
2
2
2
2
0
4
2
8
4
2
4
4
0
2
2
0
2
2
0
2
2
2
4
10
2
0
4
6
4
2
2
2
2
4
2
2
2
4
2
2
0
2
2
0
6
4
0
2
4
0
0
4
2
83
6
2
2
0
2
2
2
4
2
2
2
4
0
6
6
0
2
2
39
4
0
2
2
2
38
4
0
2
2
0
4
4
4
2
4
0
2
6
2
4
2
2
30
6
0
73
0
0
40
6
0
0
2
0
0
4
0
4
2
2
0
2
6
0
0
77
0
2
6
4
4
68
0
2
48
2
6
2
4
6
0
2
4
2
6
2
34
0
2
39
6
0
2
0
2
8
2
0
0
4
2
0
2
2
2
0
6
6
2
0
0
2
6
44
4
0
2
2
2
0
4
6
4
4
2
2
4
0
0
2
0
0
4
4
0
0
0
0
2
6
0
0
0
2
2
0
2
2
2
2
4
2
2
34
2
2
2
4
36
2
2
2
0
0
0
2
0
8
2
2
2
2
0
4
0
0
49
2
2
8
2
2
2
2
2
2
2
2
34
0
2
41
2
4
2
8
2
39
4
4
2
0
6
0
0
0
0
2
2
4
0
0
0
2
4
2
0
4
0
2
2
2
0
8
2
0
8
0
0
0
2
0
8
4
2
2
4
2
4
0
0
39
2
0
6
4
0
0
0
0
38
2
0
4
2
4
0
0
4
60
0
0
9
3
0
2
3
2
0
0
7
5
3
0
7
5
3
0
11
11
5
0
5
0
5
0
9
3
2
0
3
3
5
0
3
2
5
0
3
5
3
5
5
3
3
0
2
0
5
0
3
0
7
0
13
0
3
5
3
2
3
3
5
3
7
0
5
5
3
0
5
0
7
0
3
0
3
0
0
3
5
0
0
2
3
0
5
2
5
5
2
0
5
5
5
5
2
5
0
0
5
0
0
3
5
0
0
3
0
0
0
7
5
0
0
3
5
0
0
3
5
0
0
0
0
0
5
0
5
0
3
17
5
0
3
5
0
0
3
0
9
0
0
0
0
0
0
0
0
0
0
0
5
0
0
0
3
0
0
1
0
3
3
3
5
0
7
11
2
0
5
7
7
0
9
0
0
0
0
0
0
0
0
0
5
0
0
0
0
0
0
0
0
5
0
7
0
3
0
5
0
7
0
5
0
11
0
3
0
3
0
5
0
5
5
7
5
0
5
7
0
5
0
11
0
7
0
7
0
11
5
3
0
5
5
5
0
9
0
0
7
5
0
0
5
2
0
0
3
7
5
0
3
11
0
0
7
2
0
0
7
3
5
7
3
5
0
0
7
3
0
0
5
7
0
0
3
3
0
5
5
7
3
5
5
7
7
0
5
5
1
3
3
0
0
1
1
33
1
1
5
1
1
7
0
0
1
3
0
0
1
1
3
5
3
1
5
32
1
0
5
1
3
1
1
5
9
1
0
68
0
5
3
1
5
0
0
0
3
32
1
3
5
3
5
1
3
0
1
3
32
1
5
7
3
3
0
1
3
3
5
1
5
1
1
0
1
7
7
0
3
3
0
7
5
0
3
3
0
5
1
5
1
1
1
5
1
1
1
3
5
3
1
3
3
3
28
1
3
3
3
1
3
1
1
1
3
3
1
31
3
1
7
5
3
1
0
3
1
1
1
0
1
3
3
3
5
5
1
0
1
1
3
5
5
3
1
3
1
7
0
3
3
9
1
1
1
1
3
5
5
1
1
0
1
5
5
5
0
0
7
3
1
0
3
3
3
5
1
5
0
5
5
24
5
5
3
3
5
1
1
20
3
3
5
1
0
3
1
7
5
1
3
7
0
21
1
7
5
3
1
42
5
1
1
3
1
1
1
1
1
3
1
11
3
3
3
0
3
1
26
5
1
1
5
7
0
3
3
0
1
5
71
1
1
5
3
5
0
0
0
0
3
1
0
3
5
1
1
5
0
9
0
0
3
1
1
3
1
0
13
7
1
0
7
1
3
3
7
7
3
1
7
5
5
7
9
3
4
4
8
4
4
6
6
13
13
4
8
2
4
4
4
4
4
9
8
4
2
10
11
10
4
6
11
6
6
6
7
4
8
7
10
10
14
10
10
11
4
8
9
9
6
8
7
10
8
8
4
8
6
11
2
11
14
8
4
13
13
14
13
6
9
8
11
12
7
13
8
9
17
9
12
15
8
6
15
14
7
8
9
6
13
12
8
13
6
19
4
2
25
19
13
19
8
9
15
8
14
13
8
17
13
9
4
15
24
14
12
8
17
16
17
23
25
8
19
11
14
24
10
5
16
11
16
8
4
8
19
11
4
6
4
15
19
8
14
26
17
23
9
21
19
11
17
6
6
9
18
10
4
8
8
4
13
12
17
15
8
13
23
2
11
14
10
16
6
8
8
9
10
8
12
9
15
6
8
8
16
13
8
6
6
10
9
4
13
4
4
6
12
8
14
8
14
15
8
9
10
13
17
8
13
6
9
4
6
6
13
10
4
10
8
4
7
14
10
19
6
15
11
6
8
2
13
8
11
6
14
2
8
8
10
14
8
4
12
8
4
6
10
19
4
10
8
4
8
4
4
12
9
14
8
8
10
8
7
10
13
16
11
13
13
10
6
9
11
4
10
8
8
6
15
6
8
15
11
6
6
21
8
14
14
8
4
13
16
4
29
0
19
4
16
0
29
2
16
2
14
4
14
2
2
16
6
12
2
18
2
12
0
0
6
18
6
12
6
18
4
18
2
12
4
16
6
4
2
6
0
20
6
4
14
4
18
2
16
2
18
2
18
4
18
4
25
0
25
4
14
2
18
2
18
4
23
4
16
2
4
4
14
2
0
2
2
4
18
0
0
14
2
6
2
2
2
16
4
18
2
18
2
19
0
14
0
14
0
16
2
16
2
17
0
27
2
18
2
16
2
14
4
18
4
18
2
22
2
20
2
16
4
18
2
6
4
4
6
6
20
2
4
4
16
2
14
4
18
0
16
2
18
0
14
4
16
6
21
2
14
2
18
4
0
4
16
2
2
2
16
17
4
22
2
18
4
2
4
20
2
16
2
16
0
16
6
26
2
20
2
18
2
16
2
20
4
2
6
4
0
6
2
2
20
0
2
2
12
0
26
6
22
2
20
6
20
4
16
0
21
2
16
2
18
2
12
4
2
16
2
2
6
20
2
14
2
16
0
16
2
12
4
16
4
14
2
16
0
17
2
22
4
2
16
0
18
2
16
0
14
6
24
0
20
6
18
4
21
6
14
2
12
4
16
4
2
26
4
2
2
18
0
24
2
20
2
16
0
18
0
18
2
4
0
2
7
5
11
4
2
2
2
5
9
5
7
2
9
5
2
7
2
2
9
2
0
0
0
2
2
7
7
0
2
3
2
70
3
19
0
4
0
2
0
0
0
7
0
9
56
0
2
2
2
9
7
0
2
2
1
3
35
2
3
0
5
5
2
0
2
5
0
5
2
3
7
1
4
2
3
9
0
50
7
0
5
7
0
3
9
0
0
3
0
5
9
2
1
2
0
7
7
2
0
4
5
2
5
0
7
0
2
2
3
57
7
5
1
0
5
2
9
4
0
0
0
0
4
5
2
7
7
49
2
3
0
9
0
0
2
0
2
5
2
2
9
0
0
2
3
0
0
2
7
0
7
0
0
0
7
5
2
5
6
2
9
1
2
17
2
2
0
2
0
5
7
4
7
7
5
0
2
2
11
5
5
0
0
2
9
0
3
2
2
11
9
2
2
7
2
2
52
2
7
5
3
4
9
2
9
0
0
0
9
0
7
0
2
2
5
0
7
7
0
0
7
7
2
9
5
5
36
7
2
2
2
0
5
2
2
5
0
55
3
5
2
2
2
0
3
9
0
47
9
0
2
7
0
9
2
9
5
0
3
2
5
9
0
5
0
0
53
9
0
7
7
2
0
7
7
2
9
2
0
7
0
2
2
0
5
2
0
7
4
4
5
7
2
11
9
7
6
4
5
9
13
2
6
4
9
8
4
6
7
2
11
6
9
4
4
6
9
17
8
15
11
8
13
15
4
7
17
13
11
9
9
19
21
21
17
15
11
11
19
6
20
9
11
7
6
20
28
13
18
13
4
11
17
8
16
19
9
6
15
13
9
17
13
17
11
20
23
11
15
9
17
13
19
15
9
24
9
19
9
15
18
17
13
13
15
13
7
11
11
11
24
11
41
18
7
15
9
19
13
22
23
6
20
11
13
17
17
22
17
24
27
22
15
26
11
13
15
23
28
7
6
6
11
13
15
24
16
9
19
13
11
21
26
6
31
19
6
32
17
9
20
9
11
11
21
11
20
18
17
22
30
30
19
37
17
26
7
15
7
17
48
11
9
9
41
26
54
20
28
49
31
41
7
39
38
19
19
15
9
33
69
52
39
9
4
4
4
21
4
7
20
4
6
13
7
6
4
6
6
4
2
7
7
5
6
4
6
6
11
8
9
7
8
4
4
8
6
6
4
2
2
9
7
6
4
6
6
7
6
2
2
8
11
6
13
9
7
7
6
13
4
4
2
6
9
6
7
7
11
11
4
9
6
8
6
4
7
6
13
9
6
2
9
17
7
2
6
4
6
7
7
6
7
6
9
19
0
0
0
2
2
0
4
0
2
0
0
2
0
2
2
2
2
6
2
4
0
0
4
2
0
2
0
2
0
0
0
2
4
4
2
0
0
2
0
0
2
2
0
2
0
2
4
2
2
0
2
2
2
0
2
0
0
0
0
0
2
0
0
0
2
0
0
2
0
2
0
0
4
0
2
2
0
2
2
0
0
2
2
2
2
2
0
0
0
0
0
2
0
0
0
2
2
2
2
0
0
2
0
0
4
2
2
4
4
0
0
0
0
4
2
0
2
2
2
4
2
2
2
0
2
2
2
4
0
0
0
2
0
2
2
2
0
0
2
2
0
2
2
0
2
2
4
0
0
2
2
2
0
2
0
2
0
2
2
2
2
0
0
0
0
2
0
2
0
2
2
2
0
2
0
0
2
2
2
0
0
2
2
0
2
0
0
2
0
0
2
0
0
0
2
2
2
0
2
0
0
2
4
2
2
0
2
0
2
2
2
0
0
2
2
2
0
0
2
0
2
0
2
0
0
2
2
0
2
0
0
2
2
2
4
2
0
2
0
2
0
0
2
0
2
0
0
2
2
0
2
4
2
0
0
2
4
2
2
2
2
4
2
0
2
2
2
2
2
4
2
0
2
0
2
2
4
0
2
2
2
6
4
2
0
2
2
0
