38
30
19
39
27
48
27
32
24
13
30
27
20
28
26
38
13
21
31
24
48
24
40
15
18
25
29
23
21
17
36
32
15
26
30
19
28
29
50
20
24
15
18
10
15
24
36
20
50
30
16
21
34
27
12
25
33
30
53
28
27
30
53
39
34
44
29
31
33
52
41
30
22
25
41
42
38
20
37
23
51
32
36
34
15
38
40
37
30
53
48
36
46
36
55
22
43
35
57
32
26
58
17
48
31
24
44
58
22
30
47
15
45
52
48
34
22
36
28
21
29
29
39
68
35
30
59
40
35
55
48
30
28
26
46
32
29
50
34
36
67
40
27
36
26
13
35
36
42
37
26
35
11
3
36
34
18
27
9
23
38
19
16
13
16
36
32
15
22
30
19
19
15
34
35
18
11
19
27
34
5
23
18
42
34
28
17
15
30
21
22
28
26
40
32
19
36
25
33
35
30
33
35
36
15
25
33
7
18
15
25
9
7
22
37
25
15
22
27
54
32
26
5
17
9
33
21
36
20
39
23
38
28
43
34
21
17
58
14
34
25
16
7
18
13
61
15
13
23
45
33
21
22
17
30
14
22
15
22
24
23
27
21
26
16
24
11
22
24
13
17
13
21
14
17
19
27
16
25
36
12
17
25
14
13
9
27
14
8
4
4
8
6
2
6
4
0
8
2
2
2
4
6
2
2
4
6
10
6
4
0
4
4
2
2
0
4
0
12
6
2
6
4
2
2
6
8
4
14
8
6
4
8
10
8
10
16
2
0
6
4
6
8
2
8
6
12
2
4
8
4
2
2
2
4
6
6
6
2
8
4
12
2
10
6
4
10
4
10
12
2
8
6
12
8
2
10
6
10
10
6
10
16
8
10
4
14
10
10
8
8
14
10
10
10
10
8
10
4
6
10
10
12
4
8
14
16
8
10
8
12
12
8
6
22
6
10
14
14
6
12
20
6
20
14
10
6
10
10
10
6
22
8
14
16
8
10
12
2
14
14
4
12
16
10
4
6
10
6
20
12
16
10
6
6
6
14
6
10
4
10
8
12
6
10
18
12
4
6
8
18
16
8
14
10
4
20
12
14
18
14
12
6
20
14
6
4
8
12
6
4
16
10
4
20
2
10
18
10
14
6
8
14
12
14
18
12
16
12
6
8
8
18
12
4
6
4
14
4
8
6
16
6
4
10
10
10
6
6
12
8
12
8
6
6
8
6
2
6
12
4
8
8
4
0
4
8
10
6
2
8
10
2
8
4
10
6
6
18
2
8
2
4
0
6
2
2
6
8
4
4
8
10
8
4
6
31
31
29
32
36
37
33
31
35
37
33
35
31
30
31
37
37
33
34
31
27
35
36
37
36
32
27
37
30
34
38
30
36
36
35
34
36
33
36
35
27
36
36
22
29
35
31
30
19
32
36
37
34
38
37
33
38
38
35
26
37
37
37
37
31
34
34
32
36
22
36
36
31
36
36
37
33
37
24
36
37
28
37
37
32
33
38
33
36
35
33
30
36
36
36
28
31
28
36
37
29
34
30
29
33
37
31
32
11
32
34
37
37
25
27
36
34
35
37
23
25
36
35
37
36
33
30
26
36
35
36
30
28
36
27
32
36
27
27
37
30
32
36
33
27
25
38
28
30
36
32
36
33
32
34
35
28
27
37
37
38
37
34
37
29
37
36
34
31
31
35
37
32
33
13
36
34
36
31
37
32
32
36
27
34
31
23
37
37
35
34
26
37
34
36
36
25
31
35
27
27
19
37
29
38
35
31
33
30
26
30
36
36
25
31
31
37
36
35
26
21
21
28
27
22
21
22
18
17
14
17
20
21
15
16
17
20
16
17
18
16
16
20
18
19
24
22
21
23
14
19
20
11
15
18
23
19
26
18
23
18
18
18
24
20
21
18
21
18
12
14
20
18
24
17
18
23
19
21
18
15
20
17
18
18
16
19
19
35
45
26
0
0
0
0
0
33
32
24
43
48
33
0
0
0
0
0
0
37
20
44
31
0
0
20
0
0
0
0
0
64
10
25
90
46
0
0
0
0
0
0
0
23
33
41
41
4
29
32
22
0
0
0
0
86
47
43
0
43
32
40
2
0
0
0
0
46
39
63
3
0
21
16
24
0
0
0
0
35
41
0
23
31
28
20
0
0
0
0
0
63
23
33
26
36
35
0
45
0
0
0
0
32
34
19
90
41
26
29
0
0
0
0
0
49
40
37
34
95
29
35
0
0
0
0
0
46
3
31
43
67
46
0
0
0
0
0
0
34
36
29
0
0
11
25
19
34
0
0
0
0
37
53
40
47
1
30
40
33
0
0
0
22
19
26
33
0
0
24
3
19
16
0
0
1
0
20
18
21
12
0
11
0
0
0
27
0
0
29
16
21
3
22
20
1
0
30
0
18
26
19
26
14
1
16
19
0
0
24
0
1
22
0
25
22
27
0
21
20
0
45
0
24
0
29
20
20
19
0
16
18
0
14
0
21
19
8
17
0
23
0
21
15
30
0
0
29
0
14
20
23
19
20
20
0
42
28
0
8
0
10
20
36
30
17
11
15
0
19
0
21
20
3
17
23
0
25
17
17
0
42
0
15
25
17
18
2
6
8
0
4
2
4
2
0
2
4
3
4
2
0
2
0
2
2
0
4
6
0
0
2
4
2
0
2
4
4
4
0
6
0
2
4
0
4
2
8
0
0
0
2
2
2
4
2
0
15
2
0
0
2
0
4
2
2
0
0
0
4
2
4
21
0
0
0
15
0
2
4
2
6
2
0
0
4
2
2
6
2
4
4
2
4
4
13
2
5
4
4
2
4
2
11
15
4
4
2
2
0
7
0
0
2
4
4
2
23
5
2
4
2
4
2
4
2
16
4
2
2
2
2
2
0
0
2
4
4
6
2
6
0
2
0
6
4
6
2
2
4
0
0
4
4
2
2
14
2
7
0
2
2
2
0
6
6
0
2
4
0
2
2
4
0
6
2
2
23
2
0
0
2
2
2
2
4
2
6
4
2
2
2
4
4
4
6
0
2
19
4
6
4
4
4
2
6
4
2
0
2
4
0
4
0
6
2
4
4
2
2
20
4
4
2
2
2
2
2
2
4
0
2
0
2
2
12
2
2
2
0
2
2
2
2
0
4
0
2
4
4
13
4
0
4
2
2
2
0
2
26
0
0
20
0
0
2
0
4
2
6
2
2
0
2
4
0
0
4
2
4
0
4
4
4
0
2
4
6
4
0
2
0
6
0
2
14
23
18
17
27
34
25
18
18
16
23
12
10
15
22
19
23
35
6
15
24
22
18
18
17
18
19
39
20
2
16
10
22
29
12
13
24
20
15
22
9
32
24
16
17
26
10
20
18
20
23
23
33
24
13
23
16
14
18
19
18
3
10
22
41
20
11
15
9
16
22
22
14
26
7
29
28
34
25
12
15
24
14
19
11
10
32
26
14
41
22
20
11
14
21
14
20
26
26
25
19
20
23
25
13
18
23
15
14
22
16
28
17
33
21
20
28
17
13
17
27
20
35
15
31
36
33
11
9
19
19
22
24
15
15
24
21
35
25
13
11
17
9
19
15
19
16
39
24
21
12
19
24
19
14
27
11
11
17
19
22
25
11
15
21
13
17
18
15
18
25
3
10
23
22
16
20
22
22
13
16
20
20
24
21
33
26
12
7
12
19
14
13
22
33
20
12
18
18
6
11
10
16
10
22
26
21
38
16
8
26
36
16
28
14
16
15
14
25
25
24
15
27
16
12
11
17
24
13
10
21
22
23
40
15
15
15
26
23
24
13
15
0
25
21
26
19
13
16
16
28
20
13
12
24
37
22
18
13
18
17
16
15
16
15
15
28
16
25
34
7
13
16
13
23
23
26
37
41
21
24
23
15
11
25
26
20
14
6
5
4
5
6
2
2
2
2
2
4
2
4
2
2
6
4
6
2
4
4
6
4
4
2
4
2
4
2
3
2
2
0
4
6
4
4
4
6
4
6
0
4
2
6
2
4
4
2
2
0
4
19
4
32
4
4
32
6
2
2
2
2
4
2
4
4
2
7
6
2
4
2
6
4
6
4
4
2
4
4
6
6
6
4
8
7
6
5
7
4
4
8
2
2
9
6
2
10
4
11
8
7
4
8
2
4
6
6
6
8
8
8
2
4
4
6
8
6
7
2
7
4
34
9
7
6
9
6
7
2
8
6
4
7
6
2
13
4
10
8
5
2
2
4
2
2
4
4
40
9
4
4
6
2
6
7
2
4
4
2
6
6
6
2
4
6
4
4
4
6
4
7
8
4
4
4
4
4
6
4
4
8
4
2
2
4
2
4
6
4
2
2
4
6
4
17
2
4
2
2
2
2
2
0
2
6
4
4
2
5
4
4
2
8
2
2
4
4
4
2
2
2
2
6
2
2
4
2
4
8
2
5
0
4
4
6
2
2
2
2
2
2
4
0
3
2
2
2
2
0
2
2
0
2
0
2
2
0
4
2
2
0
0
0
0
0
0
4
2
0
0
2
2
0
2
6
0
2
0
2
7
2
0
0
0
2
2
20
37
9
16
1
14
20
16
21
3
43
15
2
8
3
14
26
3
0
0
0
1
1
56
28
9
3
14
13
0
19
16
0
0
49
24
18
27
18
16
15
3
1
19
1
32
46
28
16
17
28
15
23
25
13
0
15
42
17
12
22
15
32
0
20
0
23
17
12
1
3
1
17
21
16
11
17
25
12
24
0
0
17
16
13
37
1
20
8
0
13
16
21
23
4
15
16
3
15
25
22
2
13
23
0
2
19
13
17
18
0
56
22
3
8
17
19
36
11
1
14
14
19
13
1
1
7
22
25
0
0
1
21
23
3
18
14
9
12
29
13
23
9
17
5
10
20
0
15
16
17
1
2
27
19
22
1
9
28
17
13
9
6
7
30
17
16
46
12
21
5
19
12
22
19
22
12
24
5
15
24
13
24
21
0
27
2
15
22
14
19
13
24
13
1
14
1
8
19
16
19
19
24
0
20
1
21
22
3
9
1
19
16
30
17
26
19
0
27
29
22
12
24
6
0
18
12
5
13
24
23
1
21
11
5
16
16
0
20
0
23
0
1
16
19
8
1
1
17
22
16
1
30
13
0
28
1
16
16
29
26
11
17
24
0
19
11
22
11
9
7
3
4
16
1
1
31
0
1
17
0
20
1
1
19
3
8
3
50
82
78
81
61
72
40
42
42
86
84
85
64
73
50
83
51
48
29
49
34
85
83
72
72
85
83
88
84
71
51
49
62
75
93
85
71
96
89
92
87
87
77
63
40
89
90
86
66
90
85
83
92
88
90
41
41
59
69
70
72
79
66
87
85
53
46
73
44
61
88
72
85
78
93
94
79
38
40
49
38
84
91
76
92
72
83
66
91
79
61
56
49
85
74
71
46
67
92
86
91
90
93
49
43
89
86
85
86
86
83
84
88
81
85
72
39
88
31
84
89
43
86
89
50
56
60
41
35
76
72
47
73
50
46
84
34
43
54
43
40
95
77
89
84
70
93
89
39
45
79
31
40
52
68
70
44
50
89
83
46
61
59
66
42
44
71
85
91
85
90
68
75
44
42
41
43
84
68
72
78
90
81
89
40
37
77
72
48
44
52
89
23
74
32
92
65
87
44
47
36
44
77
74
86
79
84
66
82
71
85
29
38
66
72
58
33
24
64
68
89
82
46
81
42
78
86
89
57
77
37
35
55
35
66
33
31
33
41
54
37
40
53
42
49
31
29
32
33
31
67
55
29
73
66
45
65
56
57
29
38
43
50
40
43
44
68
60
67
40
63
31
35
47
47
54
45
67
53
62
44
39
47
52
32
41
57
44
30
49
68
40
37
66
45
43
40
45
31
35
39
41
75
38
47
48
47
47
44
72
34
19
35
47
43
40
32
49
53
58
46
45
58
31
33
45
60
36
44
47
38
47
42
37
33
30
36
48
46
36
40
44
44
46
45
46
41
42
32
42
41
35
41
49
64
39
27
42
33
19
44
50
63
30
43
34
46
47
46
53
42
34
32
56
39
42
38
46
75
49
37
57
41
27
28
38
33
37
50
50
47
53
33
42
41
24
24
47
38
50
37
45
41
39
43
52
54
64
41
46
83
45
40
69
45
50
26
47
42
34
49
44
32
34
49
47
81
57
42
47
29
42
28
46
43
43
36
36
85
33
47
46
41
30
42
39
55
46
53
53
49
54
47
46
44
30
45
56
49
41
45
49
47
45
42
37
40
23
45
34
44
40
36
80
47
51
45
48
30
27
63
42
50
43
50
47
60
42
45
46
43
31
42
39
83
31
46
46
47
49
57
49
40
22
22
42
44
47
43
72
37
48
52
59
25
23
32
78
54
44
43
47
43
75
53
79
25
21
25
26
30
45
49
47
43
43
40
44
30
24
16
22
29
19
25
23
32
28
25
25
22
31
27
19
27
25
27
24
26
23
46
83
45
31
49
60
51
38
23
29
42
49
83
49
43
42
