27
21
16
22
33
14
29
51
14
8
14
18
21
14
20
27
23
25
33
18
20
16
12
29
10
21
21
21
49
35
18
31
23
31
23
41
16
33
19
16
37
14
12
8
27
20
21
12
27
21
27
29
14
14
17
8
23
14
20
14
27
14
12
8
20
23
42
10
10
37
29
15
53
31
18
10
8
19
23
21
37
18
10
14
17
18
18
31
12
23
29
41
25
6
21
53
10
19
25
37
16
20
37
8
25
18
16
20
25
21
23
25
25
27
27
29
50
8
19
47
31
10
14
16
8
37
8
23
47
12
29
41
14
31
17
20
18
33
25
17
10
21
29
25
16
16
39
35
31
17
15
10
47
12
10
23
14
39
14
14
10
33
39
37
27
14
31
10
41
27
39
43
44
18
14
37
52
23
6
23
21
45
41
39
49
16
23
21
27
16
35
15
35
37
12
31
41
12
29
10
32
16
29
14
16
45
25
21
17
16
18
23
21
31
45
25
15
18
37
10
14
10
17
14
29
15
33
16
23
10
14
25
27
10
35
14
27
35
14
10
10
25
27
18
23
18
19
39
12
12
23
14
16
21
6
6
33
8
27
14
12
12
16
10
18
23
23
12
8
19
8
6
35
23
8
10
25
14
19
17
12
8
14
10
12
12
14
16
2
2
2
2
4
4
2
3
4
2
2
0
2
2
4
4
2
0
4
2
2
0
0
0
5
3
2
2
4
0
0
2
0
11
2
0
0
4
2
2
0
0
2
2
3
3
0
0
0
2
4
2
4
2
5
0
0
0
2
5
3
7
2
7
0
0
7
2
2
0
2
2
0
14
2
12
2
2
4
0
0
4
0
2
0
3
7
5
2
2
0
2
2
2
2
2
2
3
2
2
2
2
3
3
3
4
2
4
0
0
2
0
4
2
2
2
2
2
2
2
2
0
4
2
2
0
2
0
0
5
0
0
2
0
2
0
2
4
0
0
2
0
3
2
7
3
3
5
2
0
2
2
5
0
0
0
0
7
2
13
2
4
5
2
3
5
0
6
2
4
3
2
0
0
5
2
0
2
4
3
11
7
0
2
4
3
0
0
4
2
5
5
3
4
0
0
0
0
2
2
0
0
0
5
2
4
2
0
0
0
0
2
4
3
0
4
2
2
0
0
2
2
2
2
2
2
0
2
2
4
0
0
0
11
2
5
2
2
0
4
0
2
0
2
2
4
1
0
3
0
2
2
2
0
2
2
4
4
7
0
0
3
0
12
0
2
2
2
4
4
4
7
0
3
2
0
0
0
2
2
0
3
0
0
0
4
0
2
2
5
2
0
3
4
3
3
3
0
2
1
3
3
3
3
2
2
3
3
2
10
55
4
5
3
3
2
1
3
3
2
4
13
78
2
3
18
3
7
3
3
4
5
3
5
52
3
5
10
3
3
2
2
5
2
3
4
3
3
0
7
2
2
10
2
3
4
2
3
87
4
4
9
7
1
6
12
11
2
2
2
85
2
11
5
6
2
5
5
4
6
2
4
91
3
5
2
3
5
6
7
6
16
5
5
54
3
3
3
3
2
2
9
3
2
5
3
46
3
5
3
2
5
2
3
2
1
0
5
96
2
4
3
13
1
2
2
6
2
1
3
80
3
2
2
4
5
3
3
19
2
3
2
95
5
2
5
3
5
4
2
6
6
3
1
3
1
5
4
4
1
3
2
3
3
2
2
99
4
1
3
2
4
4
1
2
2
3
5
81
4
16
7
11
2
3
2
2
2
4
5
45
7
3
2
4
3
2
3
5
1
4
5
3
9
2
2
3
3
2
0
1
5
3
1
14
3
1
1
4
2
0
3
1
2
2
3
77
2
1
1
3
1
1
5
1
4
3
5
97
4
3
2
2
2
5
7
4
2
4
4
78
3
3
2
3
13
3
4
4
2
3
2
2
4
1
4
7
4
2
5
3
1
4
0
66
3
21
40
15
30
21
11
13
27
13
7
7
13
26
23
15
9
13
27
65
22
21
7
13
38
13
22
13
23
9
13
15
13
21
13
32
15
27
17
5
11
13
21
25
23
50
11
19
27
23
9
17
21
9
23
27
58
27
11
7
46
29
23
13
54
19
30
17
11
17
13
17
11
15
36
11
63
31
19
29
15
15
11
17
53
9
19
25
23
9
13
29
25
17
19
9
24
17
17
11
28
16
13
28
29
28
19
61
21
27
15
9
23
13
21
17
19
40
11
27
9
13
17
27
36
25
13
31
35
38
17
50
23
13
15
58
27
15
38
19
60
54
30
21
40
25
19
24
42
40
17
34
48
43
15
40
48
32
11
23
21
23
13
36
51
36
25
27
25
43
11
29
52
42
31
36
32
42
15
42
28
39
36
37
26
21
40
32
13
49
11
39
29
47
30
53
28
23
24
31
23
32
10
14
13
30
46
38
13
46
39
22
48
30
20
40
7
17
22
16
13
32
21
46
30
5
20
37
27
11
28
28
15
15
15
15
13
9
25
21
29
34
29
44
27
39
25
23
26
26
30
11
51
11
15
20
15
33
23
32
15
29
9
30
13
17
11
15
23
11
15
13
34
33
28
30
44
11
28
23
17
23
29
45
28
23
23
25
22
56
14
24
32
17
29
13
4
30
9
17
12
26
28
10
21
23
15
27
22
19
17
9
15
6
11
15
26
13
15
24
6
48
7
10
23
17
19
15
16
11
28
6
6
18
13
19
13
24
19
9
8
17
8
11
19
21
6
17
15
26
28
17
26
11
13
19
19
11
8
21
0
11
30
36
9
34
39
9
34
10
30
23
43
41
19
26
47
17
24
24
9
6
7
21
9
43
19
15
13
11
6
14
34
29
9
13
22
11
15
26
39
17
28
11
13
21
17
17
15
32
17
29
41
26
39
23
22
8
11
19
29
25
13
30
22
17
8
15
51
11
9
15
22
25
15
50
50
34
30
30
30
2
14
28
58
32
56
36
30
30
61
24
28
21
15
27
60
15
13
35
20
13
54
4
21
20
27
26
21
52
22
47
23
21
67
31
22
15
30
53
19
13
19
47
50
57
32
36
27
11
0
19
43
15
17
21
17
15
39
26
32
8
11
13
27
17
31
45
9
17
6
28
26
11
11
20
19
38
10
30
9
7
31
11
4
4
21
19
10
4
22
24
36
21
8
15
19
88
15
13
21
8
4
6
13
6
13
2
4
13
15
26
7
15
11
13
11
18
9
15
8
6
9
17
17
15
17
9
13
15
21
5
6
13
11
11
11
0
1
1
1
1
1
2
1
2
1
0
0
1
0
0
1
0
1
0
2
1
1
1
1
1
1
1
1
1
1
1
1
0
0
1
1
1
1
1
1
2
1
1
0
1
1
1
1
0
0
0
0
0
0
0
0
0
0
1
1
1
1
1
1
1
1
1
1
1
1
0
1
1
0
1
1
1
1
1
1
0
1
1
0
1
0
2
1
1
1
1
1
1
1
1
1
1
0
0
1
1
1
1
1
1
2
1
1
1
1
1
1
1
1
1
1
1
0
1
2
1
1
0
1
0
0
2
1
1
1
1
1
1
1
1
1
1
0
0
1
1
1
1
1
0
1
1
1
1
1
1
1
0
2
1
1
2
1
1
1
0
1
1
1
1
1
0
1
1
1
2
0
1
1
1
1
1
1
1
1
1
1
0
1
2
1
1
1
1
1
1
1
0
1
1
1
1
1
0
1
1
1
1
0
1
1
1
1
3
1
2
1
1
1
1
1
1
1
2
2
0
1
1
1
1
1
1
0
0
1
2
1
1
1
1
1
1
1
1
1
1
1
1
1
0
0
1
1
0
0
0
2
2
1
1
0
0
0
1
1
2
1
1
1
1
1
1
2
2
1
1
0
0
1
1
0
1
1
1
1
1
1
1
1
0
1
1
0
0
17
0
6
12
15
0
0
0
0
2
14
13
0
22
2
0
0
0
16
6
18
17
0
0
0
13
18
5
15
0
1
0
19
16
17
17
0
2
0
0
18
12
15
14
0
0
0
0
0
18
2
12
0
10
0
2
0
17
2
0
0
3
0
14
1
2
0
2
0
19
16
11
1
2
1
2
0
18
11
0
2
0
1
0
0
3
14
2
15
0
15
15
0
0
2
20
17
14
15
3
0
0
0
5
0
24
21
12
12
6
0
2
1
0
1
19
13
0
18
13
6
0
0
0
0
0
22
17
14
13
0
0
2
2
12
3
18
14
2
0
0
0
0
9
12
19
14
0
0
2
10
17
12
0
0
0
0
0
16
10
0
9
0
0
0
15
9
2
11
2
0
0
17
10
19
1
13
0
2
0
12
17
0
6
0
2
0
15
15
7
20
0
0
2
0
16
14
14
11
0
2
16
17
11
14
0
2
0
14
18
17
2
2
0
19
19
18
19
0
0
2
8
21
12
13
0
2
0
5
16
0
0
0
0
17
18
15
2
0
0
14
15
17
3
0
0
0
0
7
16
2
2
0
0
8
10
16
0
0
0
18
17
0
20
9
2
2
0
18
17
12
0
0
2
21
7
0
0
0
14
13
15
0
2
0
12
14
0
0
2
2
4
0
2
4
0
4
2
0
2
0
2
4
2
6
2
2
2
98
2
0
2
2
0
6
2
0
2
2
0
2
0
0
2
0
27
0
4
2
2
2
2
4
4
10
2
4
2
2
2
2
0
0
0
0
4
0
0
2
0
0
2
2
0
0
0
2
4
0
0
10
2
4
0
2
0
0
8
0
0
0
0
0
0
2
2
4
2
0
0
4
0
4
0
2
93
2
0
2
8
0
0
2
6
0
0
41
6
4
6
0
0
0
2
4
0
0
66
0
0
4
0
0
2
4
2
8
96
2
2
2
0
2
0
0
2
0
0
2
6
0
0
0
0
2
0
0
2
0
0
2
6
2
0
0
0
4
2
2
0
0
2
4
0
0
0
0
0
2
0
0
0
0
4
4
6
4
2
2
2
2
4
2
2
0
4
2
2
0
0
0
0
0
0
0
0
2
0
0
0
0
0
0
0
0
0
0
0
0
0
0
0
0
2
8
0
0
2
2
0
0
0
2
6
0
4
0
4
0
4
46
0
0
0
0
0
2
0
0
0
0
0
4
0
2
2
2
2
2
2
2
6
0
4
0
4
0
4
2
0
0
0
4
4
4
0
4
2
0
0
0
2
0
2
6
0
0
0
0
0
4
0
0
0
2
17
26
17
29
25
32
22
27
28
11
20
8
19
13
22
28
3
35
5
40
35
29
9
15
25
23
3
21
17
27
5
19
21
24
23
26
18
15
25
21
4
20
24
33
6
5
13
23
2
15
17
13
14
6
24
23
23
35
23
3
2
9
25
16
28
2
5
15
27
30
3
22
8
14
17
25
20
21
2
23
19
27
25
16
21
26
28
7
2
27
28
2
19
29
2
11
20
19
19
39
8
10
3
22
19
14
5
25
20
5
16
30
28
23
2
30
21
10
2
18
23
29
18
13
18
12
22
1
24
21
12
29
13
19
13
11
12
17
5
33
24
22
15
3
20
27
19
8
3
2
12
12
30
23
5
14
23
29
13
11
6
13
24
17
2
24
23
20
14
2
25
20
21
12
5
23
15
16
14
4
17
13
9
24
14
8
18
27
29
17
1
28
26
26
4
11
23
20
18
16
20
19
17
1
4
17
28
14
1
19
21
27
17
21
1
22
15
20
19
9
13
14
22
20
28
2
23
28
19
13
19
31
13
2
34
22
15
8
22
20
21
33
26
15
1
2
10
9
14
19
23
10
2
13
16
23
19
9
12
12
1
23
23
0
9
24
18
12
13
1
10
16
20
8
19
15
9
23
16
9
19
17
19
18
3
13
16
14
3
7
24
25
32
31
3
7
3
5
5
3
1
7
5
7
5
36
28
26
30
5
7
3
1
5
3
7
1
9
7
9
3
3
32
26
30
9
5
3
3
3
7
5
5
3
3
7
5
7
9
21
36
34
5
3
7
3
7
9
1
3
7
3
3
3
3
3
3
26
24
5
27
11
3
1
7
3
5
9
5
3
1
3
5
3
28
24
5
3
7
5
3
5
3
7
5
25
22
5
31
15
7
7
3
3
7
9
3
1
3
5
9
1
35
26
22
26
31
9
9
5
5
3
3
5
7
1
1
3
3
3
23
30
27
3
8
3
3
3
5
1
3
7
5
5
26
22
3
28
24
27
5
5
5
7
7
7
3
3
32
26
32
23
1
5
7
3
5
3
3
3
32
47
28
23
21
3
9
5
7
5
5
1
1
3
7
5
26
30
7
11
3
1
3
5
11
3
3
1
5
35
15
3
7
7
3
5
3
11
5
5
37
20
26
23
27
5
6
3
3
5
1
3
5
31
33
3
3
5
1
5
3
1
1
31
5
26
31
28
3
3
5
3
7
3
7
3
34
31
27
6
5
5
33
3
5
5
1
7
5
7
7
3
3
24
26
37
3
9
7
12
5
5
5
5
7
5
9
36
32
37
26
39
1
5
3
7
