1
1
2
1
1
1
0
1
0
1
0
0
1
3
0
1
2
2
0
1
2
2
1
3
1
0
0
0
0
1
1
0
1
1
1
1
1
1
1
3
1
0
2
1
1
1
1
1
1
1
1
1
1
2
0
0
0
1
0
0
0
21
0
1
24
0
1
1
2
1
4
2
2
2
2
1
2
1
3
2
2
0
1
0
2
1
0
0
1
1
2
2
1
0
0
2
1
0
2
1
1
0
0
0
1
0
0
3
1
2
0
2
2
1
1
1
3
0
1
5
0
1
1
0
0
3
4
1
3
1
1
1
3
0
0
1
1
20
3
0
19
1
2
0
1
3
2
1
1
1
1
1
0
1
0
3
1
2
1
1
0
1
1
3
0
1
1
0
2
1
0
0
3
3
1
1
1
1
1
0
1
1
1
1
0
1
0
1
1
2
3
1
1
0
1
1
1
1
2
37
3
2
1
1
2
1
1
0
1
1
0
1
3
2
1
0
2
1
0
1
0
1
1
1
1
0
0
1
1
1
0
0
0
1
0
0
1
1
1
0
0
1
1
1
1
2
0
0
0
0
1
3
0
1
0
0
1
1
1
0
0
1
1
9
0
2
0
0
0
0
1
1
3
1
1
2
1
1
0
0
3
0
1
1
1
20
3
1
4
2
2
4
2
0
2
0
2
0
2
2
6
2
2
2
2
0
2
6
0
0
8
17
4
2
0
0
2
0
0
0
2
2
6
0
0
2
2
12
4
2
2
2
2
0
2
2
2
2
4
2
0
2
4
0
0
0
10
2
6
8
2
2
2
4
4
2
4
2
8
2
12
2
2
0
2
2
13
0
4
4
4
2
4
8
2
2
4
27
2
6
6
25
6
8
2
2
2
4
2
0
2
2
4
6
4
4
2
2
6
2
0
2
2
2
10
6
8
4
2
4
4
0
2
2
21
2
4
46
4
6
19
2
4
2
8
4
12
2
2
8
2
0
2
6
6
2
2
0
4
2
6
2
6
4
4
6
2
4
4
4
4
6
4
8
6
6
4
4
4
2
2
4
2
4
4
4
6
4
2
2
2
2
6
8
4
4
4
6
4
4
2
8
4
4
8
2
4
2
2
2
4
2
6
6
4
8
4
6
12
2
8
0
12
4
4
4
0
2
2
2
2
4
4
6
0
2
2
56
6
8
2
4
4
2
4
0
2
4
2
2
2
2
2
8
4
6
2
4
4
0
6
4
4
2
2
8
2
2
3
6
4
6
4
2
0
2
2
2
2
2
2
0
6
6
2
0
0
6
4
2
2
2
10
4
4
2
1
1
2
1
6
1
0
1
1
0
7
1
3
1
2
4
1
1
0
1
0
1
1
1
2
0
3
0
0
1
3
1
0
1
6
1
0
1
1
1
2
1
0
1
0
1
0
1
1
1
2
0
3
1
4
1
2
1
2
1
1
3
1
6
1
0
1
1
1
1
1
1
1
1
1
1
1
3
1
1
1
5
2
1
1
1
3
1
2
1
3
2
2
3
0
3
6
1
1
2
1
2
1
1
1
1
0
1
3
2
0
1
1
1
4
2
2
1
0
2
2
2
8
1
11
0
1
3
1
2
0
1
1
5
1
1
1
0
2
0
2
0
4
1
0
1
3
2
0
2
1
6
1
1
1
1
3
1
0
0
0
5
3
0
1
1
1
2
2
1
5
1
1
3
4
0
0
1
1
0
1
1
2
1
4
3
1
0
2
1
0
1
1
1
1
8
1
1
10
2
0
0
1
1
2
2
3
0
0
1
6
1
2
0
4
1
2
1
1
0
1
1
3
0
0
0
1
2
1
0
1
1
1
1
1
1
1
1
3
0
2
1
1
1
1
0
5
1
1
2
1
1
1
0
0
2
0
1
0
1
0
0
9
1
4
1
1
0
0
1
0
1
0
2
1
1
1
0
3
1
0
1
2
2
3
0
4
1
0
0
2
2
0
0
4
6
4
2
4
0
0
2
0
0
4
6
0
0
0
2
2
2
0
2
0
0
0
2
2
2
0
2
4
0
4
0
2
4
2
2
2
2
2
4
0
0
4
2
2
2
2
4
0
4
2
2
0
0
0
0
4
0
2
0
4
0
4
4
2
2
4
2
6
2
4
2
6
4
0
4
0
2
4
2
0
0
0
2
0
34
0
6
4
0
0
2
2
2
2
2
0
0
0
0
4
0
2
2
2
4
0
0
8
2
0
2
2
4
2
2
0
6
6
0
14
2
2
6
0
0
0
2
0
2
0
2
0
0
0
4
0
2
0
0
0
2
2
2
0
0
2
0
4
2
2
0
2
0
0
4
0
5
6
0
2
0
0
0
2
2
78
2
0
0
0
0
6
0
0
0
2
0
6
4
0
2
0
10
2
2
0
8
0
0
4
2
0
2
0
8
0
0
2
4
0
12
2
1
2
10
4
8
2
0
12
8
0
2
10
8
8
2
8
9
8
6
7
10
6
2
2
0
2
0
8
6
2
2
0
4
0
2
4
0
10
5
4
0
10
4
0
0
6
10
4
6
6
2
0
8
0
8
0
0
6
2
10
8
4
6
5
4
12
0
8
10
2
0
6
4
0
12
6
6
4
4
4
2
2
6
0
0
6
0
4
4
0
4
2
6
2
4
4
2
2
4
2
2
4
10
2
6
6
6
4
2
4
2
2
2
2
4
6
4
2
4
2
2
2
2
2
4
2
2
4
4
2
10
4
8
2
2
6
0
2
2
4
0
0
6
4
2
8
2
6
8
10
2
8
2
2
8
6
6
6
8
6
6
0
2
4
6
0
10
6
6
6
4
6
2
2
4
6
2
2
6
4
4
4
0
6
2
6
4
2
4
8
2
8
86
8
6
4
6
4
8
0
8
6
2
4
4
2
6
4
2
6
6
2
2
4
2
2
4
2
4
18
2
6
2
6
2
2
6
4
4
4
2
6
4
0
2
6
0
0
2
2
2
2
2
10
2
6
6
2
8
4
4
8
8
4
0
2
2
2
4
0
6
0
6
4
4
4
4
4
6
4
4
4
0
2
2
4
2
4
0
2
2
2
4
0
4
4
8
2
2
2
2
4
2
0
2
0
2
0
0
0
4
4
2
8
6
4
4
0
4
2
4
2
0
2
0
2
6
2
4
4
6
2
0
4
4
2
2
2
4
4
0
6
2
6
6
6
2
6
0
0
2
2
2
4
6
4
4
6
0
4
6
2
6
0
2
0
2
2
4
10
0
6
2
2
6
2
2
29
41
36
48
60
41
30
54
45
51
7
9
13
52
54
41
22
41
55
48
50
39
44
37
43
39
51
45
54
37
60
30
34
36
34
41
45
37
67
40
61
40
33
28
51
42
53
32
40
57
45
48
37
42
36
39
52
39
42
32
41
44
54
45
43
55
43
36
51
37
50
50
31
41
59
46
53
27
46
51
55
47
28
48
33
29
32
25
32
44
61
43
45
41
58
45
45
47
39
39
29
41
48
58
55
32
43
44
31
50
37
38
44
31
33
39
52
35
69
32
48
52
43
36
56
39
66
48
28
45
43
29
54
55
52
43
54
48
32
56
46
46
29
39
30
32
55
29
49
49
45
60
34
42
26
46
44
58
44
62
47
37
44
29
39
29
55
52
31
42
48
50
48
41
31
51
33
44
49
55
49
30
39
32
41
50
47
36
49
56
58
48
32
42
54
25
52
49
37
52
43
47
28
49
46
54
39
51
54
54
37
47
40
16
48
49
60
44
25
35
52
49
48
49
63
39
34
42
38
17
32
29
53
34
47
52
26
41
54
36
42
43
44
46
63
52
47
51
51
47
42
53
47
52
47
42
43
46
48
41
35
35
41
46
48
40
44
35
43
47
28
46
36
52
36
48
35
36
31
27
50
44
52
38
45
38
59
49
0
4
0
2
2
4
0
2
2
2
0
0
0
2
4
2
0
4
2
2
0
4
0
4
0
0
0
4
2
2
2
2
0
0
0
0
4
2
0
4
0
2
0
2
4
4
0
2
2
2
2
4
2
0
4
0
2
2
0
2
2
2
0
0
0
2
2
0
2
4
2
2
4
0
2
2
0
4
0
2
0
2
2
0
2
2
4
2
2
4
2
2
2
2
2
2
4
2
0
2
2
2
4
2
0
2
0
4
2
2
2
4
0
2
2
0
0
4
4
2
0
0
0
0
0
0
2
0
0
4
2
2
2
4
2
2
2
2
2
4
2
0
2
2
2
4
0
4
4
0
4
0
2
0
0
0
2
4
4
0
4
4
2
2
0
2
0
2
2
0
2
0
2
2
2
2
2
4
0
4
0
2
2
0
2
2
2
2
0
2
2
0
2
2
0
0
0
2
4
2
2
0
2
0
0
2
0
2
2
2
0
4
2
2
0
4
2
2
4
0
0
4
2
2
0
2
2
0
2
2
4
0
0
2
2
6
2
2
2
2
4
2
0
2
0
4
0
0
0
2
0
4
4
2
2
0
4
0
4
2
2
2
0
0
2
2
0
4
0
0
2
2
0
4
4
2
2
2
0
4
2
2
2
4
2
2
2
2
2
2
4
4
2
6
4
4
2
2
4
12
2
4
2
4
2
4
2
2
6
4
0
4
0
0
4
6
0
6
4
6
4
2
2
4
4
0
6
2
0
4
2
4
10
2
2
2
10
0
2
2
2
2
4
6
0
2
4
6
2
2
2
2
4
2
4
4
2
4
4
4
2
4
0
0
0
4
2
2
0
0
2
0
2
2
0
6
2
0
2
2
2
6
4
0
6
2
2
0
2
0
0
0
2
2
4
4
6
12
0
4
2
2
2
2
0
4
4
0
4
2
4
0
6
2
4
2
4
6
2
2
4
2
2
4
6
2
6
4
4
2
0
2
0
2
2
0
4
2
6
2
4
6
2
0
4
2
2
12
0
4
2
4
4
4
4
2
2
0
2
2
0
2
2
2
4
0
4
2
4
2
4
2
0
4
4
2
2
8
4
0
2
4
4
2
6
4
2
4
2
2
0
4
0
2
2
4
0
0
0
6
4
4
2
2
0
0
4
2
2
4
6
4
14
0
2
2
4
0
2
2
2
0
0
8
4
4
4
0
2
6
2
2
2
0
6
0
4
4
2
0
4
4
2
2
4
0
2
6
2
12
0
2
2
4
2
2
6
2
0
4
4
2
2
2
4
4
2
8
2
4
2
2
0
2
2
6
15
2
13
6
17
17
59
28
11
23
23
13
10
17
13
13
11
13
13
11
14
17
21
13
7
10
11
11
9
21
9
17
11
9
17
13
9
13
23
19
7
25
13
25
13
26
23
25
11
11
21
21
15
11
15
23
25
17
16
35
19
25
17
22
15
23
15
38
13
13
24
19
13
11
17
17
15
17
21
19
18
17
15
21
25
17
19
15
17
12
15
15
15
13
25
25
16
26
36
15
21
13
17
23
24
9
25
29
40
10
23
22
29
27
27
13
17
22
9
48
31
19
44
23
38
30
28
25
33
40
48
42
26
21
13
13
25
26
9
36
9
49
13
36
17
9
25
47
13
27
11
15
24
36
21
26
21
25
38
11
47
15
24
10
38
0
27
23
34
25
13
50
27
25
34
19
25
19
42
22
36
27
17
11
19
35
23
23
15
28
23
34
23
37
19
4
21
38
29
25
11
36
18
17
36
2
15
7
21
15
15
17
32
32
18
26
25
16
22
11
32
32
13
21
17
27
16
10
22
30
9
2
8
13
31
13
26
20
13
9
13
34
27
13
9
13
13
5
21
5
6
7
40
4
9
13
28
16
17
24
13
18
16
26
17
5
4
4
5
6
6
9
7
23
8
6
3
4
6
17
5
26
5
5
4
11
8
5
4
6
2
2
0
4
2
8
2
4
6
2
12
2
6
14
0
6
4
2
4
4
4
6
8
0
6
0
2
4
8
4
4
10
6
6
8
2
4
8
2
2
10
2
0
13
4
2
6
6
6
14
0
8
2
2
6
2
4
8
4
0
8
10
2
6
4
14
10
2
2
10
0
4
4
4
4
2
2
8
4
0
0
2
6
2
4
4
2
4
10
2
8
2
6
2
6
8
0
10
8
2
0
2
6
0
8
0
4
8
0
11
2
4
12
6
0
2
4
0
12
14
2
8
0
2
6
4
4
2
6
8
8
8
10
2
4
4
2
2
6
2
4
6
6
2
6
2
0
2
6
4
4
2
2
2
2
2
6
4
4
2
4
2
2
0
6
0
0
0
2
6
0
2
0
2
0
2
2
4
2
4
2
2
3
0
6
10
2
2
4
2
14
8
0
4
10
14
2
8
0
0
8
4
0
0
8
4
2
12
16
2
2
0
6
6
0
2
6
10
0
4
10
0
2
4
0
16
2
2
6
4
0
8
2
13
2
0
2
2
4
2
2
4
2
2
4
2
2
2
0
0
3
2
0
2
2
0
2
0
4
4
0
2
2
2
0
2
4
2
2
10
0
2
6
2
6
2
2
6
0
0
2
2
14
2
2
4
