2
6
0
2
4
2
0
2
2
86
2
0
2
2
0
0
2
0
0
0
2
2
6
0
0
4
0
2
4
2
2
0
0
4
2
0
0
8
0
2
4
2
2
2
2
2
2
0
0
4
0
2
4
4
0
2
4
2
2
2
2
0
4
6
2
0
2
0
2
2
2
0
0
4
6
2
4
2
2
0
2
2
4
2
10
6
2
4
0
0
4
6
8
4
6
11
6
2
4
2
2
2
0
0
4
2
2
6
2
2
4
0
4
0
4
4
4
2
4
4
6
2
8
2
4
0
4
2
10
4
2
4
4
0
0
0
4
2
2
2
8
2
2
0
4
9
6
2
6
2
2
2
4
7
2
4
0
4
6
4
6
4
4
6
2
0
4
2
2
4
2
12
0
6
4
6
2
56
0
4
0
2
2
9
2
4
2
4
4
0
2
2
4
0
0
0
6
2
0
2
4
2
0
2
6
2
0
4
0
0
4
4
4
4
2
2
2
0
0
69
0
0
71
2
0
2
0
0
2
0
0
4
2
2
69
2
2
0
2
4
0
6
2
4
2
2
0
0
0
0
0
4
2
4
0
0
0
6
0
0
4
2
0
2
4
4
2
4
6
4
4
0
2
2
0
4
6
2
2
0
6
0
0
2
2
0
4
4
8
6
6
6
4
8
10
6
8
4
8
8
0
2
4
4
11
11
4
4
6
7
2
5
4
6
2
8
13
4
4
2
8
6
4
8
7
11
2
8
6
6
9
4
2
4
0
9
11
6
6
4
13
4
4
4
9
8
6
15
0
6
4
2
4
4
4
12
13
6
6
6
6
8
6
4
33
8
8
10
2
10
10
9
9
8
6
11
13
7
13
23
14
15
8
6
30
9
12
45
11
6
21
15
16
17
25
24
8
19
8
25
13
28
23
12
21
10
11
17
15
22
13
15
23
12
21
13
22
25
13
13
6
11
6
17
10
14
29
9
20
24
22
14
15
10
23
36
13
9
23
17
27
8
17
27
4
23
10
24
13
10
29
25
14
7
11
21
14
17
13
17
22
6
29
8
8
25
12
15
7
13
15
15
23
17
6
11
13
31
20
30
22
19
15
8
19
23
11
25
21
11
13
17
23
7
19
8
11
18
6
23
25
10
19
4
10
26
4
9
15
21
15
15
22
11
19
11
8
24
9
13
7
39
10
17
7
11
7
4
6
8
10
2
2
2
20
7
4
11
10
6
3
4
8
2
8
4
2
6
8
4
8
4
6
4
8
6
10
4
6
2
4
4
8
4
8
0
2
0
17
12
2
15
10
4
6
6
2
4
0
0
2
2
2
4
0
0
2
0
0
2
2
2
0
0
0
2
4
0
0
2
0
0
0
4
2
1
2
2
2
0
2
0
2
2
2
2
0
0
3
0
2
0
0
2
0
2
0
0
0
4
0
2
4
1
0
2
2
2
0
5
2
2
4
2
2
4
0
0
0
0
2
2
2
4
0
0
4
4
5
4
2
0
0
0
2
0
2
2
2
0
2
5
2
2
2
2
4
0
0
2
0
0
4
0
0
0
0
2
0
4
0
4
2
2
4
0
2
4
0
9
2
4
0
2
0
2
2
0
2
0
0
0
0
2
6
4
0
2
0
0
0
0
2
3
0
0
0
2
0
2
0
4
2
0
0
0
4
2
2
0
0
4
0
2
0
0
0
0
0
0
0
2
2
0
0
2
4
2
2
0
2
2
0
2
2
0
4
2
0
7
0
2
0
0
6
4
0
0
0
2
0
2
0
0
2
0
2
0
0
0
2
3
0
2
2
2
1
5
0
4
2
4
3
0
2
2
0
2
0
0
2
2
2
0
2
0
0
0
0
0
0
2
2
0
2
4
3
2
0
0
2
0
7
0
2
2
2
0
0
0
2
2
2
2
2
0
0
4
0
0
2
2
0
2
0
2
0
0
0
4
1
2
0
0
8
17
13
6
4
4
4
14
10
8
2
6
8
11
8
2
6
4
4
4
6
4
4
6
8
2
12
6
8
8
7
6
4
6
4
6
8
8
8
2
17
6
17
6
8
2
4
8
4
10
8
11
12
6
18
10
2
10
8
10
8
4
8
13
12
8
17
17
8
12
6
4
15
15
0
28
6
4
2
8
6
6
6
2
4
12
12
2
4
12
8
8
6
8
4
6
6
4
4
4
6
4
8
2
4
12
6
4
8
6
2
6
4
8
11
4
2
6
6
15
6
4
4
11
2
8
10
4
8
2
15
13
6
6
13
14
13
4
12
4
15
2
8
4
6
2
0
4
2
10
6
0
4
14
2
2
2
8
10
6
6
2
6
8
2
6
4
8
4
6
0
6
0
4
4
4
2
8
6
9
8
0
6
9
6
6
4
6
4
8
0
13
6
6
2
11
4
13
8
0
6
8
8
6
4
8
8
8
8
2
6
6
8
15
6
14
4
8
4
6
6
4
6
4
4
16
2
8
6
0
4
6
22
6
2
6
4
6
8
4
2
2
6
0
8
6
6
2
6
10
2
4
4
2
2
4
4
2
8
10
6
4
4
4
4
2
2
0
6
2
4
8
8
13
2
4
12
6
4
9
13
16
6
8
0
8
6
4
1
5
1
3
3
0
4
2
1
1
1
1
14
0
3
2
3
1
2
4
5
4
2
4
4
3
1
1
1
2
1
1
3
1
2
2
3
3
4
1
3
1
4
1
4
0
8
3
4
4
3
1
0
1
4
1
0
3
1
4
3
3
4
1
2
1
4
1
1
1
0
0
1
7
1
10
1
13
4
0
1
2
0
2
4
1
4
0
14
4
9
4
12
3
7
0
14
2
3
1
10
3
4
1
1
2
3
2
1
6
3
4
1
2
4
1
2
2
0
1
0
1
3
1
2
1
3
1
3
2
4
2
4
1
2
5
5
4
1
2
2
1
5
2
3
4
4
12
3
0
9
2
3
3
4
3
3
1
1
0
1
1
3
3
2
12
1
4
1
1
0
1
5
1
6
0
0
3
5
2
2
3
2
1
3
0
3
0
3
1
1
4
3
1
3
4
2
2
2
13
0
4
4
0
2
0
4
1
3
3
2
6
6
0
1
4
1
9
3
8
2
5
4
4
5
4
1
3
1
6
1
1
2
1
2
2
4
2
2
2
4
9
0
4
2
4
0
1
2
4
4
1
2
3
7
2
4
5
1
3
1
15
2
4
3
1
1
2
4
1
1
1
4
3
2
1
12
5
7
1
7
3
2
0
2
0
0
2
8
48
14
17
15
19
12
13
6
10
15
6
14
8
6
12
18
10
14
8
16
8
12
14
14
12
17
14
27
16
14
16
23
19
19
12
25
18
19
19
27
23
10
14
16
15
17
18
25
12
17
17
21
17
21
31
41
23
31
29
45
16
19
21
27
15
31
29
45
41
19
25
49
16
27
25
40
33
31
33
43
14
17
12
88
62
47
27
31
14
43
8
41
21
35
14
25
53
55
16
15
50
70
47
33
14
43
10
25
29
46
23
17
18
58
25
54
41
17
27
31
29
12
45
23
44
29
19
12
35
26
16
17
45
8
31
25
25
21
49
39
14
23
19
15
41
37
29
18
10
37
43
39
8
35
56
37
12
6
35
86
23
58
27
12
56
23
10
39
21
31
21
64
10
25
60
19
29
33
27
25
44
45
31
41
12
33
21
21
16
14
8
16
14
12
18
14
12
21
19
16
6
19
21
18
4
16
14
29
33
14
14
16
6
16
16
29
35
16
39
13
14
16
12
6
14
14
20
15
14
25
15
8
41
16
10
16
21
10
21
27
18
19
17
10
12
10
21
16
16
29
14
21
35
14
27
10
12
4
16
12
27
12
29
10
10
13
12
2
18
6
12
10
10
16
23
16
0
21
14
29
23
12
10
35
8
43
27
7
3
20
25
30
28
0
0
0
0
0
24
17
15
11
26
2
0
0
0
0
0
0
24
23
17
18
29
9
0
0
0
0
0
0
26
18
6
20
22
16
32
0
0
0
0
0
1
15
20
14
27
35
34
0
0
0
0
0
19
0
14
19
21
23
0
0
0
0
0
0
20
19
6
12
26
20
0
0
0
0
0
0
24
0
7
0
22
35
0
0
0
0
0
0
22
7
19
15
25
31
19
0
0
0
0
0
12
20
17
20
25
18
25
0
0
0
0
0
19
29
16
0
31
25
0
0
2
0
0
0
24
20
16
17
50
0
13
0
0
0
0
0
0
25
13
15
26
2
22
0
0
0
0
0
19
41
0
0
26
15
0
0
0
2
0
0
18
3
11
18
19
24
20
0
0
0
0
0
17
13
9
22
25
27
18
16
0
0
0
0
14
17
18
26
25
0
18
0
0
0
0
0
21
16
0
19
8
20
0
0
0
0
0
0
22
20
16
16
36
9
20
20
0
0
2
0
0
33
0
15
0
28
18
0
0
0
0
0
4
0
20
28
14
6
21
0
0
0
0
0
16
16
19
13
0
25
22
0
0
0
0
0
27
23
13
11
18
16
0
0
0
0
0
0
15
0
18
13
23
27
0
0
0
0
0
0
17
0
0
0
0
0
0
0
15
0
0
0
0
0
0
0
0
0
1
0
2
0
0
0
0
0
0
1
0
0
0
0
16
0
0
0
0
0
0
0
0
0
0
0
6
0
0
0
0
0
0
0
0
0
0
0
1
1
0
0
0
0
0
0
0
0
0
0
0
0
4
0
7
0
7
0
9
0
6
2
0
4
4
0
8
0
9
0
7
4
7
11
12
10
0
0
3
6
0
4
6
0
0
8
0
8
0
0
0
0
6
2
0
5
8
0
7
3
4
0
0
4
4
3
0
0
0
0
3
1
3
4
0
5
5
7
3
5
4
5
0
5
0
0
5
1
1
2
2
5
0
5
4
0
2
5
0
3
0
0
4
2
1
0
7
6
0
8
0
5
0
0
6
4
3
4
6
3
2
2
7
4
0
3
1
0
4
2
6
2
5
2
0
3
1
4
0
0
1
4
2
0
1
3
8
2
4
4
0
3
0
0
0
4
24
5
10
0
4
7
2
0
4
9
5
4
5
7
1
1
2
8
3
4
5
6
1
0
5
2
1
2
3
1
0
4
3
0
3
1
4
0
0
3
6
5
0
6
4
3
2
8
6
2
0
4
4
5
5
0
0
0
13
0
0
0
0
0
0
0
0
0
0
0
2
0
0
0
0
3
0
3
3
11
5
1
4
5
1
5
3
1
5
5
1
3
5
3
3
3
1
5
3
5
0
5
3
1
15
3
2
5
3
3
0
11
3
5
1
7
3
0
5
2
1
0
5
3
0
3
3
5
7
3
3
0
3
5
1
9
5
5
7
3
7
1
7
5
3
6
3
3
5
7
4
5
3
5
3
3
5
1
1
7
0
3
5
0
1
7
3
3
5
1
3
5
1
1
9
3
2
19
1
5
3
1
1
2
5
7
2
5
1
3
3
3
5
3
5
3
3
5
5
11
32
5
1
3
1
5
11
3
1
7
9
3
3
7
3
0
1
1
3
5
5
1
1
11
3
3
3
1
3
5
5
1
1
3
7
5
7
5
0
4
3
1
3
5
1
3
1
3
1
3
1
9
3
3
5
1
7
1
5
3
1
7
1
3
3
3
1
5
5
5
1
0
5
3
5
9
3
3
3
1
3
3
3
1
5
3
3
1
1
1
0
2
21
3
3
2
5
3
0
3
3
5
1
7
3
3
7
5
3
5
5
5
3
7
7
1
3
3
7
7
3
3
3
0
7
3
5
3
3
3
1
3
9
1
5
5
3
3
3
5
3
7
3
5
7
1
3
0
1
1
7
3
7
3
9
1
1
3
11
5
3
3
5
61
2
11
29
2
15
4
0
64
17
34
3
5
44
38
79
41
19
14
23
30
19
0
0
64
32
46
11
3
27
31
27
22
25
39
50
5
42
0
56
2
36
9
25
8
2
25
28
41
45
0
78
0
4
2
6
27
91
3
45
0
0
0
11
2
24
16
37
31
45
26
37
32
0
0
17
3
28
30
24
92
6
0
70
5
55
0
32
43
0
20
13
6
24
14
29
47
41
38
29
1
8
30
30
49
53
32
0
5
4
8
0
78
24
26
23
32
2
46
7
2
68
6
73
0
19
19
28
9
45
6
2
23
17
56
42
0
3
9
2
29
3
15
80
6
37
0
32
2
6
23
23
3
0
40
65
4
40
0
34
17
18
5
39
29
31
41
28
23
49
0
7
4
19
29
0
26
31
7
2
5
34
0
14
58
0
17
19
6
5
28
19
63
11
24
9
2
22
19
0
4
22
75
4
47
34
49
24
0
2
13
23
2
26
7
38
0
30
58
29
2
34
18
21
14
4
0
2
4
16
2
22
31
4
17
12
26
22
0
21
5
34
26
0
22
0
18
0
7
26
21
20
29
16
4
4
3
0
12
11
3
2
2
2
0
7
2
2
0
0
2
0
20
2
4
2
6
8
26
5
2
29
27
43
20
1
26
22
