4
6
12
5
4
8
5
6
4
6
10
8
10
8
10
12
5
6
2
9
9
7
2
7
4
4
8
7
6
6
6
10
4
2
6
4
2
2
4
2
7
10
6
4
5
4
8
8
12
8
4
6
6
9
7
10
30
12
4
6
6
10
9
0
6
8
8
11
6
10
8
6
10
6
10
7
8
8
10
10
9
12
10
10
6
10
8
10
6
11
7
8
6
11
4
6
13
9
10
7
12
6
5
12
14
10
8
6
8
8
4
4
6
14
13
9
14
4
4
7
2
2
6
12
8
12
4
12
2
6
4
4
13
4
4
8
4
6
6
15
8
9
6
10
6
3
4
6
8
2
2
6
12
7
4
8
4
10
6
9
8
4
6
4
4
6
8
5
6
6
9
6
9
4
10
5
8
4
2
5
4
4
2
4
10
4
7
5
10
13
6
7
8
4
5
6
5
6
6
10
6
4
2
8
2
10
8
4
9
4
8
7
8
6
13
12
8
11
7
4
10
13
6
4
6
11
6
4
8
9
0
5
4
8
6
7
6
2
5
8
0
8
8
6
7
12
7
8
3
6
12
6
10
8
4
4
13
6
5
9
6
8
3
8
10
4
10
4
10
2
6
2
6
7
6
4
8
2
2
0
4
2
2
0
2
2
4
6
2
2
2
4
2
2
2
2
0
0
4
2
4
2
2
2
2
2
6
2
0
4
4
0
2
4
2
0
2
0
2
0
4
2
2
0
4
0
2
0
2
0
2
2
4
0
0
2
4
2
0
2
0
4
4
2
0
0
2
2
0
6
4
4
4
2
4
4
2
0
4
2
0
2
0
2
4
2
2
2
0
2
2
2
4
0
0
2
0
2
4
4
0
6
2
2
0
2
6
0
0
4
2
4
0
2
0
0
4
2
0
2
8
0
0
0
0
2
2
4
0
2
2
0
2
2
4
4
0
4
0
0
2
0
2
2
0
4
0
0
2
4
0
4
2
0
8
4
6
6
4
0
2
0
0
0
0
0
4
2
0
2
2
0
0
4
4
2
0
0
2
0
2
2
4
0
0
2
2
0
2
2
4
2
0
0
2
0
0
2
2
2
2
0
2
2
2
0
2
0
0
0
2
2
2
0
2
0
0
2
4
0
0
0
2
0
4
0
2
2
2
4
2
2
0
0
0
0
4
4
2
0
2
0
0
2
0
2
0
0
0
2
0
0
0
4
0
0
0
0
0
0
0
2
0
0
0
2
2
0
0
4
2
0
2
0
2
2
2
6
2
0
2
0
2
2
2
0
0
2
2
2
8
4
0
6
0
2
10
13
4
4
4
6
11
4
6
8
4
4
9
4
3
7
4
10
6
8
5
2
6
13
6
2
22
11
4
6
6
5
2
4
4
2
13
13
9
9
8
4
9
6
6
7
2
16
11
12
14
4
6
9
9
7
7
6
12
9
9
11
11
8
6
10
14
12
25
11
15
9
7
7
6
11
6
18
6
10
6
5
11
5
6
10
8
7
4
6
7
11
9
4
11
13
10
15
16
11
6
6
9
14
6
11
6
13
33
7
15
14
11
7
7
15
5
14
11
3
17
7
8
6
6
6
15
6
23
8
9
2
6
9
11
10
14
8
9
11
13
15
4
9
7
8
8
9
6
15
8
13
9
7
2
13
9
11
14
9
11
7
13
19
8
13
9
11
19
11
6
7
5
6
7
15
10
9
7
9
13
9
4
6
8
19
10
12
13
11
5
5
13
6
9
4
6
4
14
6
13
15
24
9
3
8
13
9
10
8
5
13
7
9
8
7
5
4
13
11
6
5
10
13
9
9
6
9
4
9
6
4
10
6
7
6
8
8
10
9
15
6
9
8
6
7
6
11
10
11
7
9
26
12
29
10
5
12
14
9
4
21
13
13
2
9
17
10
2
23
9
8
2
7
9
4
14
2
4
5
6
6
33
8
6
11
7
8
28
38
32
30
29
22
25
24
2
25
33
9
29
18
31
15
35
36
16
47
27
17
30
2
30
34
22
7
29
22
37
4
11
34
32
32
28
1
45
20
33
2
27
23
20
27
34
17
2
35
30
36
22
16
29
22
17
11
13
25
23
3
43
43
28
22
21
33
65
27
16
28
43
31
35
4
18
27
33
6
13
1
40
33
20
31
48
18
24
23
33
29
1
15
14
2
44
39
35
20
31
9
40
26
20
19
40
21
30
23
31
40
59
0
27
25
9
12
22
24
31
2
43
27
50
0
32
30
62
3
25
13
2
24
31
43
31
1
18
25
39
2
23
17
30
29
22
30
40
52
1
29
24
17
7
22
25
16
32
0
11
6
27
29
5
12
28
23
9
33
37
24
14
25
17
22
34
18
27
30
6
15
41
19
26
38
34
22
1
8
26
29
3
29
36
16
30
2
37
9
18
4
36
23
27
27
31
41
30
40
2
26
35
16
21
21
34
34
1
37
37
36
40
20
0
8
58
2
52
13
3
5
74
17
23
39
25
26
37
4
57
33
27
48
42
29
17
28
32
31
56
29
3
36
4
41
9
23
3
45
41
22
0
17
23
35
34
33
37
41
2
29
37
30
2
30
16
50
26
48
29
37
4
31
35
12
0
39
6
0
2
0
2
6
4
4
0
0
6
6
0
2
4
6
2
12
6
4
2
8
10
2
2
4
0
2
0
6
0
5
8
2
0
2
2
0
2
2
0
2
2
4
0
0
2
4
0
0
4
0
6
4
2
2
2
0
2
4
2
0
0
4
8
4
4
4
4
0
2
2
2
0
2
8
2
2
6
6
6
0
8
4
4
8
0
0
2
4
0
0
2
6
2
2
2
0
0
6
0
2
0
2
0
4
4
0
2
2
2
0
2
0
2
0
4
2
0
2
2
4
0
4
4
2
2
6
2
4
2
0
2
2
6
2
2
2
4
2
2
2
0
0
2
4
4
8
4
4
4
0
2
4
8
0
0
4
2
6
6
4
4
2
4
2
6
4
2
6
2
4
4
8
4
2
4
4
6
6
4
4
4
2
2
4
4
4
2
4
6
4
2
6
6
6
8
2
10
4
4
4
0
2
6
8
0
6
0
4
4
4
2
4
0
4
2
0
0
2
0
4
2
0
2
4
6
4
0
4
4
2
4
2
2
2
2
8
6
2
7
6
8
0
2
4
0
2
0
4
6
4
2
6
2
2
6
6
4
2
2
4
2
4
2
4
6
2
2
2
10
4
2
2
2
2
0
0
0
2
0
2
4
6
4
0
2
4
15
13
9
38
5
0
8
0
10
16
15
2
18
6
10
10
9
8
2
1
13
14
17
10
21
8
1
4
8
0
12
10
15
12
11
9
13
9
3
0
7
8
9
17
11
13
13
24
11
11
9
5
5
5
8
14
11
0
10
12
13
11
11
9
7
0
16
15
16
0
15
7
8
21
15
18
9
0
13
11
15
6
9
13
13
0
15
0
15
8
13
19
12
14
12
0
7
15
9
3
17
0
15
15
11
11
17
12
17
11
24
11
9
5
10
12
1
11
0
16
9
11
10
8
6
0
10
9
9
0
0
15
1
11
12
9
6
0
12
18
14
13
15
14
9
12
11
13
0
7
0
1
13
13
18
9
13
9
14
27
8
9
5
9
17
8
13
0
8
7
14
10
9
4
10
5
15
12
12
20
14
13
12
19
7
3
0
8
16
13
11
8
15
13
15
16
8
8
5
12
20
15
18
9
13
12
0
1
11
0
0
7
16
8
11
19
0
11
0
1
3
1
13
15
15
0
7
19
13
6
11
0
11
0
1
11
13
22
9
14
14
15
9
29
1
4
0
10
13
18
41
16
15
7
9
14
0
6
0
13
11
16
12
8
12
9
17
14
6
8
13
11
17
15
19
16
11
13
19
12
5
7
15
13
4
14
13
10
3
3
57
0
3
1
5
2
3
0
1
5
5
3
1
2
1
2
3
3
0
3
0
1
3
0
3
1
5
5
3
0
0
2
0
0
2
3
0
2
1
0
5
3
0
0
2
0
0
2
4
5
5
3
0
0
0
0
0
0
2
0
1
0
0
0
0
92
1
0
0
2
0
0
2
0
0
0
1
2
5
0
2
0
2
0
2
3
5
0
2
0
0
3
0
0
0
0
0
3
0
7
0
3
5
3
3
3
0
0
0
4
1
5
0
0
0
9
0
5
0
0
0
2
5
3
3
0
2
4
0
3
0
0
1
3
20
2
7
3
3
0
2
5
2
3
0
5
2
3
1
3
2
3
2
2
0
0
0
4
3
2
0
1
2
5
3
0
2
2
0
0
5
5
3
5
0
1
3
0
3
5
3
4
3
2
3
0
0
2
5
3
1
0
3
3
3
2
0
1
0
1
3
2
0
5
5
0
0
3
0
0
3
0
3
0
2
3
0
2
2
0
0
0
5
9
1
5
2
4
2
3
0
0
2
0
0
3
5
2
2
7
3
5
0
0
4
0
3
3
0
0
0
4
2
5
2
4
3
0
1
7
0
0
0
0
5
4
0
7
3
5
0
5
0
0
0
3
2
3
3
1
3
0
2
3
3
2
4
4
0
2
2
0
2
2
0
0
2
0
4
2
4
2
2
2
2
0
2
0
2
2
2
0
0
4
0
0
2
2
0
0
0
4
2
2
0
0
0
0
0
0
0
0
0
2
0
2
0
2
2
0
2
4
4
2
2
0
2
0
4
2
2
0
2
2
0
2
0
0
0
0
0
2
0
0
2
4
0
4
2
0
0
0
0
0
0
2
2
2
0
2
4
2
0
4
2
2
0
2
0
2
4
0
2
0
0
0
2
4
2
0
2
0
0
2
0
2
0
0
0
0
2
0
6
4
2
2
0
0
0
2
2
0
2
0
2
6
0
0
0
4
0
0
0
0
4
6
2
6
0
2
4
0
2
4
0
4
2
8
0
6
4
0
6
10
2
0
4
4
4
6
6
2
0
4
4
2
2
0
4
6
6
4
4
4
4
4
8
4
2
2
2
2
2
4
0
2
2
6
6
4
4
2
2
10
6
2
2
2
0
6
2
0
2
2
0
2
2
2
2
10
6
6
0
0
2
2
2
2
6
2
6
2
0
4
2
4
2
2
2
2
2
2
8
4
0
2
2
6
4
4
2
4
2
2
2
2
4
2
4
2
2
6
2
6
2
2
4
6
2
2
6
4
2
2
2
6
2
4
4
2
4
2
2
2
2
1
0
2
7
0
3
0
0
1
3
0
0
0
5
1
0
5
0
0
1
0
3
1
0
0
1
1
0
0
1
0
1
1
2
3
1
1
1
1
0
1
0
7
32
5
1
0
3
0
0
3
1
0
1
0
0
1
0
1
5
0
1
0
1
0
1
2
1
0
0
0
1
1
0
0
3
1
1
25
1
0
1
1
0
7
0
1
1
1
0
1
5
0
3
3
58
5
0
0
3
1
1
1
1
0
1
0
0
0
5
1
0
0
0
1
0
0
0
1
1
3
0
1
3
1
59
1
0
1
1
0
0
1
0
1
0
1
3
1
3
3
1
0
0
3
0
1
0
3
1
0
3
1
0
1
1
5
1
0
0
1
3
1
1
1
3
9
1
0
3
0
0
1
0
0
0
0
3
0
1
5
5
3
0
0
1
1
0
0
3
0
3
3
1
1
0
0
7
5
0
4
0
0
0
0
0
1
0
0
3
3
1
5
0
1
1
1
0
0
1
0
1
0
0
1
0
3
1
0
0
56
1
3
5
1
0
0
1
0
3
7
1
1
0
1
0
0
1
1
1
0
1
1
1
5
0
0
2
1
1
0
1
0
0
0
0
1
0
1
0
1
3
0
0
0
1
0
3
1
1
7
0
1
1
1
2
0
8
4
19
18
6
5
16
17
16
22
22
11
18
16
12
8
14
22
9
9
8
10
6
7
14
0
0
0
0
0
0
0
0
0
0
0
0
0
0
0
0
0
0
0
0
0
0
0
0
0
0
0
0
0
0
0
0
0
0
0
0
0
0
0
0
0
13
27
8
5
4
6
16
8
99
4
4
15
17
14
19
9
9
9
8
0
0
0
0
0
0
0
0
0
0
0
0
0
0
0
0
0
0
0
0
0
0
0
0
0
0
0
0
0
0
0
0
0
0
0
0
0
0
0
0
0
0
0
0
0
0
0
0
0
0
0
0
0
8
6
22
19
15
5
14
5
10
7
8
18
5
8
12
5
30
12
4
6
5
12
11
30
14
10
8
23
11
24
31
6
10
6
5
8
10
6
9
6
8
5
8
12
7
10
11
33
20
9
8
10
8
7
6
10
7
8
16
13
15
17
7
16
22
11
24
9
10
12
10
7
14
9
24
17
12
8
9
17
21
16
12
14
11
15
8
8
50
9
8
7
4
11
9
9
6
8
8
17
14
6
15
4
6
9
11
8
19
11
8
9
6
4
12
4
8
13
10
8
6
10
10
18
20
23
22
8
21
6
9
6
14
11
15
14
14
18
13
12
7
10
13
20
11
6
10
10
6
8
