0
4
2
0
1
0
2
2
2
0
0
0
2
0
10
7
0
0
2
0
2
2
0
0
18
2
6
0
2
0
0
0
0
3
0
5
2
0
2
0
6
2
0
2
5
3
4
2
4
0
2
2
2
2
2
0
2
0
1
2
2
0
0
2
0
0
1
0
0
2
2
2
0
0
0
0
0
2
0
2
0
0
2
0
4
2
0
2
0
2
2
0
5
0
4
0
0
0
0
0
0
0
2
0
0
2
2
0
0
2
0
2
2
2
2
2
0
4
0
0
0
0
2
2
2
2
2
0
2
0
0
0
0
1
0
2
2
0
4
2
1
0
2
0
0
0
2
0
2
0
2
2
3
0
5
5
0
0
0
0
0
0
2
0
2
2
0
4
2
3
2
2
4
2
4
0
2
0
2
3
0
0
5
0
2
4
7
2
0
2
0
0
0
2
4
3
6
0
0
0
0
2
2
0
0
0
0
0
0
0
0
2
2
0
2
4
2
2
2
0
0
4
2
2
0
2
3
0
0
4
0
0
0
0
4
2
2
0
2
2
2
0
0
4
0
0
0
0
4
7
2
4
2
0
0
1
2
2
0
0
4
0
4
2
3
1
0
3
2
5
2
0
0
2
4
4
0
0
1
4
0
4
4
4
1
2
7
0
71
72
74
75
72
75
66
72
72
75
78
77
68
73
78
72
76
76
73
72
72
69
75
78
77
69
70
66
78
73
73
73
78
77
77
70
78
70
72
73
78
77
69
79
77
65
77
74
70
78
65
71
73
74
71
72
77
76
74
72
74
79
78
77
75
73
70
76
78
77
75
71
68
70
77
74
77
66
71
70
70
77
69
65
75
75
68
77
76
67
78
77
75
76
67
77
64
52
78
66
66
74
76
60
56
65
66
60
62
61
77
77
76
71
77
75
78
76
69
77
68
78
77
78
71
78
76
76
69
74
71
71
68
77
75
78
68
71
77
77
69
73
56
78
77
75
75
76
65
67
75
77
72
75
69
76
75
69
77
75
76
70
75
77
62
77
70
70
74
77
77
70
77
69
76
75
75
77
71
77
75
63
74
69
77
73
75
76
76
76
71
78
52
76
78
70
71
59
77
78
78
71
75
72
72
77
76
65
71
73
78
77
72
70
77
78
77
68
63
73
68
75
77
74
73
72
72
71
77
77
73
73
72
69
77
79
78
71
71
78
73
78
77
72
71
71
76
65
73
70
72
78
78
77
78
77
77
68
77
75
73
72
78
77
76
74
72
78
70
75
72
78
72
71
77
76
69
76
71
71
71
71
76
78
70
73
74
78
0
2
0
0
0
0
2
2
4
2
2
2
2
0
0
0
2
2
0
2
6
4
2
0
0
2
0
2
0
2
0
0
2
2
2
0
4
4
2
0
8
4
4
0
0
4
6
0
2
0
4
2
4
4
4
0
0
4
2
0
4
6
2
0
4
14
2
2
2
4
2
2
4
2
4
2
2
4
2
2
4
2
4
0
6
2
2
2
4
2
4
4
2
0
2
2
2
8
2
0
4
2
2
0
2
0
4
0
0
0
0
0
0
2
2
0
0
4
2
4
2
2
2
4
2
2
6
0
2
2
2
2
0
4
2
2
6
0
0
6
2
0
4
0
2
2
4
6
0
2
2
2
2
0
2
2
2
2
2
2
0
0
4
2
2
2
2
2
2
4
2
0
2
0
2
2
2
2
4
2
2
4
2
0
2
4
2
0
2
0
0
0
0
2
4
0
6
0
4
0
2
4
2
2
2
0
2
2
2
0
2
4
2
0
4
4
4
0
2
2
2
0
0
0
6
4
0
0
0
6
2
2
2
0
2
4
0
4
2
0
0
6
2
4
2
2
0
0
2
0
2
2
0
4
0
0
2
4
2
2
2
4
0
0
0
0
0
0
0
0
2
2
0
4
0
0
0
2
2
0
0
4
0
2
45
2
4
2
4
0
2
2
0
2
2
0
0
0
2
0
2
0
0
0
0
0
0
2
2
2
2
4
0
0
2
0
0
2
2
4
2
0
2
6
2
4
0
0
0
0
4
2
0
4
2
0
4
4
0
0
4
0
0
2
0
0
0
2
2
0
2
2
2
4
2
0
2
2
2
0
0
0
0
2
2
2
0
0
2
4
2
2
0
2
4
0
0
2
2
2
0
4
2
4
4
2
2
2
6
4
0
0
4
2
0
2
2
2
2
2
2
0
0
4
2
0
0
0
2
2
0
2
0
0
0
2
2
2
0
2
0
6
2
0
0
2
2
2
4
6
4
2
2
2
6
4
2
6
0
4
2
2
2
0
0
0
4
2
2
2
4
0
4
2
2
2
5
2
0
2
2
4
2
2
2
2
6
0
9
2
2
2
0
2
2
0
4
2
0
0
2
0
2
4
2
4
2
2
2
2
2
4
0
0
0
2
2
4
4
0
8
2
4
6
0
0
2
2
0
0
3
0
2
2
2
2
2
0
0
2
2
2
2
6
2
4
0
4
10
0
0
2
2
2
4
0
4
2
2
4
6
2
0
0
4
2
2
4
0
8
2
4
8
0
4
4
4
0
0
0
0
2
0
0
0
0
2
0
2
0
0
0
2
2
0
0
8
10
2
8
2
8
0
2
6
6
6
4
6
8
2
6
4
4
4
0
0
6
4
0
2
0
8
2
4
4
2
0
6
8
8
8
2
6
6
10
6
2
0
2
10
8
6
6
6
8
6
4
6
10
0
0
8
2
12
0
4
6
2
2
6
4
8
8
6
6
2
0
0
6
4
6
6
0
2
2
4
8
4
0
4
4
4
10
6
0
2
4
6
8
4
4
8
0
4
4
2
2
6
0
2
8
2
8
4
6
6
6
8
2
2
6
0
4
6
2
6
4
2
6
2
4
6
6
4
0
0
2
0
4
8
4
0
0
8
0
8
8
6
6
6
2
4
2
2
8
2
0
2
0
12
6
0
2
6
0
2
2
6
2
4
0
8
0
6
4
6
8
6
4
6
6
12
1
8
2
6
10
6
6
8
2
0
0
0
8
0
0
4
6
6
6
2
6
6
0
0
6
6
6
6
4
0
4
0
8
2
4
0
4
4
2
8
8
2
6
6
4
0
8
0
4
4
4
6
6
0
6
8
8
8
0
0
6
0
8
6
0
0
0
0
8
4
0
0
6
4
0
4
6
0
8
2
6
0
4
10
2
6
6
8
6
6
4
8
4
2
2
6
8
8
4
0
2
0
2
6
4
2
2
4
0
2
2
6
0
4
2
6
0
0
4
0
4
2
2
0
4
0
0
0
0
6
4
2
0
0
0
0
0
0
2
0
2
4
4
2
2
0
58
6
0
0
2
0
0
4
6
4
0
4
2
0
6
0
2
6
6
0
2
2
0
4
0
0
2
0
4
0
2
2
2
4
2
2
0
0
4
0
0
0
0
6
0
2
0
0
0
0
2
4
2
6
6
4
4
6
4
4
2
0
2
4
0
2
4
8
0
94
0
4
80
6
6
0
0
0
93
0
0
0
2
0
0
2
2
4
2
64
4
8
4
0
0
0
6
2
0
2
0
4
2
4
2
2
2
2
0
0
0
4
2
0
0
0
2
0
2
0
2
0
11
4
4
2
6
0
4
4
2
2
0
88
2
2
2
2
4
2
6
2
2
0
4
2
6
4
4
6
2
0
8
2
0
0
0
2
0
2
6
6
85
0
0
0
2
0
12
2
4
2
2
2
10
0
4
2
2
2
4
8
2
0
4
2
6
6
4
0
0
4
2
8
0
6
2
2
0
0
4
6
0
8
4
6
0
2
4
8
0
6
6
0
4
6
4
0
4
4
2
6
6
8
0
6
2
0
64
0
6
4
2
0
0
4
6
6
4
6
10
0
0
8
4
4
6
0
0
6
0
2
6
2
0
0
2
2
2
2
2
2
0
2
0
0
4
0
2
4
0
0
0
4
0
2
0
4
2
2
2
2
0
2
0
4
4
4
0
2
2
2
2
2
2
0
2
0
0
4
0
2
2
4
0
0
2
4
0
2
0
4
0
0
2
0
2
4
0
0
2
2
2
2
0
2
0
2
0
0
2
0
0
0
2
4
0
2
0
2
0
4
0
2
2
2
2
4
2
4
2
0
2
2
0
2
2
0
4
6
0
0
4
0
4
0
2
4
0
4
2
0
0
0
2
0
2
4
0
2
2
2
2
2
0
0
0
2
0
2
0
2
0
0
4
2
0
4
2
0
4
0
0
2
0
4
4
0
0
2
0
0
0
0
0
0
2
2
0
0
4
0
6
0
0
2
0
0
4
2
0
2
2
2
2
6
2
0
4
2
4
0
2
2
2
4
2
2
0
2
0
2
2
0
0
4
2
2
2
4
0
2
0
2
2
0
2
0
0
0
2
0
0
0
0
0
0
0
2
0
2
2
0
0
0
0
0
2
0
0
0
2
0
0
0
0
2
2
0
0
4
0
0
0
4
2
0
2
4
0
2
2
0
0
2
0
0
4
0
0
2
0
0
0
2
0
2
0
2
4
0
0
0
0
0
2
0
2
0
2
2
0
2
4
2
2
0
11
2
25
2
2
0
4
2
2
4
57
0
58
2
2
2
2
3
2
0
0
0
4
2
59
4
2
0
0
2
8
0
97
0
4
2
6
0
4
58
2
0
2
2
4
0
2
4
0
4
2
2
3
20
2
0
0
0
58
2
6
2
2
0
0
6
2
4
0
2
2
2
25
2
0
0
0
2
83
2
0
2
2
2
0
2
2
2
0
0
6
2
0
0
2
2
0
0
2
2
0
7
4
2
0
2
6
2
0
0
4
0
2
2
0
2
0
2
71
2
2
4
0
2
4
2
2
2
20
4
0
27
0
2
0
4
4
4
2
2
0
2
0
0
2
0
0
15
0
0
2
2
7
4
0
0
11
0
2
0
4
2
2
6
0
2
4
0
0
2
4
4
0
17
11
2
2
4
20
4
0
2
26
9
0
2
8
6
13
4
2
8
26
2
6
0
2
0
4
2
0
2
0
2
12
4
2
11
0
4
0
2
0
0
4
2
0
0
0
0
0
8
0
0
0
4
2
0
0
0
2
2
2
2
0
0
0
4
4
6
0
2
0
2
0
0
0
4
0
2
0
0
62
2
0
0
59
2
0
2
2
22
2
2
2
2
2
0
2
6
2
4
2
0
2
0
2
2
0
74
2
11
9
53
3
1
42
8
9
7
6
0
5
4
0
3
3
38
2
0
2
5
0
98
0
5
68
0
2
64
0
0
0
7
4
35
7
2
63
0
0
34
31
0
3
7
2
0
0
0
75
0
0
0
4
4
0
0
3
57
2
85
2
6
43
11
2
2
0
0
9
55
0
0
0
4
3
41
3
4
77
2
0
85
0
0
5
4
0
3
0
5
7
6
0
67
13
0
2
3
2
27
50
43
2
45
3
58
0
98
9
0
2
29
2
48
67
2
10
68
7
7
87
2
9
55
3
2
42
2
0
3
0
2
0
2
22
36
14
13
19
40
0
22
82
2
0
56
12
18
36
2
22
46
2
23
33
30
0
3
25
36
37
30
37
42
35
22
32
55
13
5
3
2
0
29
55
0
63
30
2
70
0
2
33
0
6
19
22
37
42
20
0
0
0
19
41
20
3
30
43
28
14
28
60
36
62
2
2
22
36
3
0
66
3
9
61
0
2
24
32
36
37
41
35
43
7
21
46
71
0
2
6
2
19
0
47
16
18
2
46
32
50
32
26
17
33
19
1
11
2
60
55
23
1
19
19
18
33
0
24
46
52
27
29
66
0
23
18
0
18
3
28
17
2
36
26
27
2
27
26
2
34
0
14
6
19
43
7
24
0
0
4
4
2
0
2
0
0
0
0
2
0
4
0
8
6
6
6
0
0
4
0
0
0
0
0
6
4
6
4
4
0
0
0
0
0
0
2
8
0
6
2
0
0
0
6
2
2
0
8
2
0
6
4
2
0
0
4
4
2
2
2
0
4
6
2
2
0
0
0
2
2
4
2
6
2
4
2
0
0
2
0
0
0
4
2
2
0
10
4
0
0
4
0
2
0
0
0
4
4
0
6
4
0
4
0
2
4
6
0
2
4
2
6
2
0
0
8
4
10
0
0
2
2
0
4
0
0
4
0
0
0
4
4
0
0
2
2
0
0
6
4
0
2
0
2
4
4
0
2
2
4
0
2
0
2
2
0
10
2
4
2
0
0
0
4
4
6
4
2
2
0
4
0
4
0
0
4
0
8
0
0
0
0
0
6
0
0
2
2
4
4
2
0
4
4
4
4
0
0
0
0
2
6
0
0
8
0
0
2
0
0
2
2
0
4
2
0
4
0
4
0
0
0
0
2
6
0
0
2
0
2
8
0
0
0
6
0
2
2
4
4
0
0
0
2
0
0
0
0
0
0
2
0
0
0
0
0
0
0
0
0
0
0
0
0
0
0
2
2
0
6
4
6
6
4
0
4
2
0
6
2
4
4
2
0
6
