40
31
30
17
33
42
31
38
32
34
21
39
24
39
31
23
41
36
33
0
23
38
38
32
32
33
33
33
40
36
34
34
32
19
34
37
31
32
39
23
20
18
26
24
33
33
25
38
42
40
36
18
18
11
12
14
11
22
33
21
24
28
29
36
35
26
27
25
18
23
33
37
25
26
35
25
25
29
38
21
4
24
25
32
31
27
31
38
37
34
24
21
38
16
28
26
19
15
34
43
27
19
20
22
28
21
30
30
28
36
13
37
28
31
21
20
34
3
15
33
27
16
12
26
26
23
37
1
30
15
9
38
40
19
28
24
38
23
28
27
34
21
36
12
19
39
38
38
26
13
18
25
22
25
24
43
17
27
43
30
35
36
23
29
25
16
23
24
29
26
26
41
28
17
36
31
31
29
22
37
40
29
31
34
34
21
30
38
35
15
31
0
36
41
36
25
30
29
40
37
33
35
31
29
13
32
23
30
41
0
5
1
34
38
36
35
39
40
35
22
31
19
39
35
30
40
33
41
18
31
38
31
38
31
29
43
40
33
24
38
38
34
32
22
38
36
31
31
12
28
33
18
35
22
18
32
31
12
23
32
34
19
16
39
37
35
21
38
35
36
10
26
41
40
35
1
29
12
27
11
21
15
17
20
18
17
31
10
6
12
10
4
8
8
6
14
6
12
2
4
10
10
10
6
14
10
8
16
10
6
6
2
6
4
6
10
14
10
4
2
4
4
12
6
8
12
0
10
6
10
6
14
6
6
12
0
6
18
8
6
6
6
8
12
12
10
8
2
14
10
12
8
12
16
10
12
12
14
10
4
12
10
12
6
12
6
8
6
2
12
8
8
0
10
4
10
10
12
6
10
6
12
12
2
10
4
4
10
12
10
8
12
4
8
12
2
8
0
8
10
10
8
14
6
6
6
6
2
10
14
8
8
10
8
8
6
14
8
10
4
12
12
0
8
4
6
8
10
8
10
8
2
8
6
8
14
10
10
8
10
4
4
14
6
10
16
10
10
8
8
10
10
12
10
2
0
10
6
6
6
12
10
0
6
10
6
14
4
10
10
8
10
12
6
10
6
10
4
2
6
0
6
8
6
0
8
12
12
6
6
4
0
6
8
10
8
10
14
12
4
8
14
10
0
14
4
4
12
8
14
6
2
2
2
14
4
4
6
4
8
6
2
8
8
4
6
8
2
14
8
4
12
12
6
8
2
6
4
14
4
6
6
2
4
0
10
6
6
4
6
10
0
10
10
2
8
10
4
4
10
2
12
12
4
2
6
12
8
12
8
10
6
10
10
0
6
11
4
4
6
2
6
4
6
2
2
4
10
4
4
4
3
2
4
6
4
4
4
4
4
2
8
2
2
2
11
2
8
0
2
4
2
10
2
0
4
4
4
4
2
6
8
2
4
4
4
2
12
4
2
4
2
4
0
4
4
6
2
4
4
4
4
2
4
4
4
2
4
2
10
2
2
4
2
2
4
2
0
0
6
2
6
6
4
2
4
4
2
2
4
4
6
4
0
2
4
4
2
8
2
6
4
4
2
0
2
0
2
2
2
0
4
4
4
4
2
2
13
0
6
4
2
6
2
4
0
2
4
4
6
2
4
6
4
4
2
2
4
2
4
2
2
4
2
2
15
0
4
4
2
6
2
2
2
4
6
2
0
4
2
2
0
4
14
0
0
2
2
2
4
4
2
2
2
4
2
2
4
4
2
4
2
4
4
2
2
2
4
4
12
4
4
4
4
4
4
8
2
6
2
2
6
13
0
2
2
4
2
6
4
2
4
0
2
2
4
4
4
2
2
0
2
8
4
2
18
2
0
6
2
6
2
2
2
2
10
2
2
4
4
8
4
4
4
4
2
2
4
0
2
4
13
0
2
2
4
2
4
0
2
4
4
4
0
4
2
4
0
4
2
2
4
0
2
4
6
2
4
6
4
4
6
2
2
8
9
8
7
7
6
7
7
7
9
7
9
9
6
8
7
4
6
9
7
7
6
7
9
5
7
7
5
7
7
4
4
7
8
5
5
8
5
6
7
4
6
6
7
8
5
5
7
6
8
5
6
6
7
4
8
5
6
6
3
6
6
6
6
8
6
6
6
8
10
5
11
6
12
5
5
7
9
6
8
7
7
6
9
7
8
6
8
7
5
9
8
7
6
7
5
5
4
7
5
3
6
5
8
5
7
3
8
7
5
3
7
5
7
6
6
5
6
4
2
6
9
7
6
5
5
7
2
4
4
11
9
7
4
7
7
7
5
4
6
7
3
5
9
7
6
6
6
8
5
9
5
5
4
9
4
5
5
5
8
6
7
7
6
8
4
6
6
4
6
5
6
6
7
6
7
8
7
6
6
6
6
4
8
7
5
4
7
4
5
8
7
3
7
5
6
6
8
5
5
6
5
5
5
6
7
7
7
6
6
8
5
6
2
9
6
6
7
4
6
4
6
7
5
7
6
6
7
7
5
6
7
7
8
6
7
7
4
8
5
7
6
5
8
6
4
7
6
3
5
5
4
5
7
7
6
5
7
4
6
5
7
5
6
6
4
7
7
4
4
3
6
6
3
5
7
6
4
6
10
6
6
6
9
6
6
6
6
2
6
2
4
0
0
4
4
2
0
6
6
2
4
6
2
2
2
8
0
4
2
8
4
2
2
2
2
2
4
4
4
8
6
0
0
0
4
8
2
2
2
0
4
2
4
2
2
10
4
0
2
0
4
4
2
2
4
0
2
4
0
4
2
6
4
2
0
2
2
4
6
4
4
2
0
0
2
4
2
8
0
2
2
6
6
8
2
0
4
2
2
0
0
2
4
0
4
0
2
0
8
2
2
0
0
6
0
0
4
4
2
2
2
8
2
0
2
6
12
0
4
0
8
8
2
2
6
4
0
6
4
4
2
0
8
4
2
4
14
6
4
4
6
6
4
4
6
6
4
6
0
4
4
4
4
14
6
6
6
6
8
7
6
4
4
4
4
4
6
4
8
6
6
6
4
2
8
2
6
2
0
4
6
6
2
4
2
6
0
8
4
4
6
8
8
6
8
0
4
4
4
6
4
8
0
6
6
8
0
4
2
4
4
4
0
0
0
6
6
4
4
85
0
8
2
2
6
2
6
2
4
2
4
4
4
4
6
2
4
4
2
4
4
2
2
4
0
4
8
4
2
2
0
4
12
4
4
10
4
0
4
6
4
2
4
6
6
4
2
4
4
6
2
2
4
4
2
4
2
6
2
4
8
6
12
4
2
13
15
11
13
1
3
11
13
8
19
1
17
6
16
4
7
4
3
1
1
3
1
1
7
5
11
13
6
2
4
0
6
1
3
1
5
3
5
9
0
0
5
9
5
8
6
12
7
7
4
3
6
13
3
3
8
6
6
8
1
6
8
6
2
5
6
4
11
18
11
11
5
8
13
2
10
10
4
8
9
4
2
7
6
3
5
5
8
4
0
3
7
3
3
5
3
3
3
6
6
6
6
4
2
10
8
4
7
11
8
8
5
7
5
7
5
13
10
5
8
0
6
8
11
11
12
9
7
8
12
10
8
5
10
6
6
1
14
11
8
8
9
13
9
12
8
8
5
3
5
8
6
11
8
3
9
14
4
11
4
8
12
6
6
2
8
8
7
10
8
4
7
1
5
9
5
2
7
8
11
3
9
9
8
3
1
6
31
3
21
2
7
1
3
0
5
1
0
14
8
3
6
5
6
3
6
20
7
1
3
3
17
4
7
6
13
6
11
3
3
4
4
5
10
10
15
1
1
2
1
4
0
1
3
8
8
1
4
5
4
11
17
6
6
1
7
5
3
6
7
4
12
5
1
3
3
2
3
3
5
13
6
8
4
16
9
8
3
11
7
30
14
9
9
9
7
3
4
10
11
1
11
25
4
4
5
8
11
31
27
39
10
15
50
33
17
10
35
8
10
17
8
16
16
18
16
16
14
12
10
14
19
14
21
33
21
23
27
23
27
21
23
29
29
19
45
33
21
16
29
31
23
39
47
41
29
10
49
12
16
39
10
31
25
47
27
37
16
50
18
16
33
31
19
12
31
21
8
8
33
43
14
47
14
41
16
27
21
31
14
14
33
49
35
31
39
21
62
27
29
25
25
25
60
23
33
33
54
18
12
19
43
27
87
47
37
16
37
12
39
16
17
14
16
21
10
6
15
10
8
14
27
12
27
46
18
17
14
6
35
14
4
16
14
14
16
16
10
8
10
10
8
8
8
19
49
17
49
10
10
12
21
8
10
10
31
16
21
49
10
8
16
49
23
10
14
12
17
16
33
8
18
10
16
8
10
14
10
4
12
12
12
18
8
10
6
29
51
16
8
23
23
19
99
14
6
10
4
23
19
12
14
12
25
8
18
33
17
14
33
10
21
8
14
18
17
27
12
12
10
10
8
10
23
16
12
53
16
16
8
14
31
17
12
10
21
49
25
10
12
21
8
12
16
12
10
8
39
8
12
12
15
8
6
8
4
23
23
12
25
33
10
8
39
31
8
23
39
27
37
43
27
54
12
16
27
16
23
14
12
23
19
31
31
33
10
21
15
13
10
12
15
32
11
17
25
11
8
15
8
9
21
6
17
8
17
19
21
25
17
10
22
15
12
8
19
15
11
17
13
12
14
13
9
6
10
10
19
13
24
11
14
10
8
8
15
19
7
7
9
13
15
19
19
29
15
17
10
13
13
8
10
15
15
15
8
21
13
10
7
19
13
17
21
10
11
17
13
13
8
11
8
9
19
13
15
12
19
6
14
17
40
6
17
21
17
11
15
15
10
13
9
31
8
28
15
23
15
25
15
10
25
18
17
23
15
15
17
10
13
21
25
23
23
8
21
17
14
27
28
13
25
28
4
4
22
8
6
21
10
11
39
10
10
10
11
4
8
12
10
4
13
8
11
10
17
12
10
8
8
8
9
13
10
10
16
11
11
9
15
10
15
13
11
4
6
7
13
9
15
15
17
15
8
11
10
12
12
12
9
32
6
17
15
13
10
11
12
11
7
17
15
12
11
10
17
10
19
19
29
34
13
38
30
11
10
12
23
37
24
34
24
39
13
24
26
8
4
27
19
25
9
10
8
10
35
30
29
15
25
21
31
21
19
11
19
15
8
19
21
8
14
13
15
11
8
9
12
10
9
13
10
8
8
17
4
11
17
4
15
23
8
25
13
21
8
10
10
0
11
11
6
8
6
11
5
5
11
7
9
13
9
7
13
15
3
15
7
5
9
17
23
9
19
7
3
9
11
11
5
5
13
13
9
11
9
21
7
5
11
9
7
15
7
7
7
13
15
7
5
15
17
19
5
25
11
27
17
13
11
17
19
7
7
9
27
7
11
5
7
7
5
9
9
9
23
17
11
9
9
9
13
7
13
15
9
19
11
17
9
7
9
17
13
17
7
17
13
17
13
19
19
13
13
23
25
13
21
17
21
13
19
35
19
42
19
7
23
9
9
9
15
25
13
35
19
9
21
13
11
23
21
19
11
25
17
17
13
7
7
3
7
17
17
9
13
15
11
5
11
9
11
13
3
3
19
3
21
17
7
11
21
5
15
7
15
13
21
9
9
19
7
5
7
9
5
7
11
3
3
0
9
19
5
3
3
13
17
17
9
23
13
13
5
5
9
29
7
23
15
5
11
15
19
13
13
31
21
29
29
29
21
35
7
48
29
19
11
35
48
13
39
13
27
29
25
15
23
54
19
13
23
34
22
17
19
21
11
17
17
9
11
20
7
19
5
15
7
17
11
19
9
11
29
9
17
19
17
7
11
11
13
15
13
11
30
15
25
19
19
21
17
17
19
11
32
24
11
7
15
15
19
21
21
11
9
7
27
36
11
45
7
9
25
13
14
13
17
20
13
14
6
10
50
14
5
12
8
33
12
22
8
6
3
9
15
23
7
17
34
20
11
8
13
8
10
18
14
13
21
12
10
11
20
9
8
6
12
16
15
11
22
40
5
11
36
9
10
5
29
14
1
13
16
14
11
9
25
12
9
8
12
16
8
14
33
16
12
20
14
7
9
7
14
11
9
19
8
10
12
7
11
8
15
9
5
8
13
12
11
15
11
13
16
7
22
13
11
22
10
15
16
17
13
14
25
7
5
9
12
9
30
13
15
7
34
7
14
26
7
15
7
14
19
19
37
10
12
12
13
11
13
12
15
15
13
10
18
9
10
18
9
33
10
14
17
23
13
18
14
28
13
17
30
13
5
5
9
15
18
7
10
26
9
10
14
28
5
14
35
24
15
13
28
14
14
13
22
13
7
11
8
13
12
14
8
25
14
8
11
8
5
12
10
10
7
9
9
18
18
11
29
10
9
11
59
12
12
9
51
24
17
10
36
14
5
9
10
13
15
10
26
18
19
13
17
7
22
7
5
10
19
17
57
23
12
13
9
6
18
10
7
14
13
7
1
31
9
9
20
9
26
22
11
11
11
15
13
15
20
22
22
18
23
12
12
15
19
28
8
6
6
8
20
10
16
11
19
10
16
