0
2
2
2
2
2
2
0
0
0
2
2
0
0
2
4
4
0
6
0
2
0
2
2
0
4
0
0
0
2
2
0
0
2
2
0
0
2
2
2
0
2
2
4
0
0
0
0
4
0
0
0
0
0
2
0
0
2
2
4
0
4
0
6
4
2
0
0
0
2
0
2
4
2
0
0
2
0
0
2
2
2
0
2
0
2
0
0
0
0
0
0
2
2
0
2
0
2
4
0
2
4
4
0
2
2
0
0
0
2
4
0
2
0
2
0
4
2
2
0
4
4
0
0
2
0
2
0
4
2
2
0
2
0
0
0
0
4
0
4
5
2
2
0
4
2
0
0
2
0
0
2
4
2
6
0
0
0
2
2
2
2
2
2
0
2
0
0
2
2
4
0
4
2
0
4
2
2
2
0
0
0
4
2
0
2
8
2
4
2
4
2
0
2
0
4
13
2
0
2
2
2
0
0
0
0
2
0
0
0
0
0
0
0
0
0
4
0
0
4
2
2
2
0
4
2
2
0
4
0
2
2
2
0
2
0
0
0
2
6
0
0
2
0
2
2
0
2
6
0
0
4
2
2
0
2
2
2
2
0
2
2
4
0
0
2
2
0
2
4
2
0
2
0
2
2
0
2
0
0
0
2
2
0
2
0
0
0
39
34
35
39
38
38
36
33
34
30
35
37
40
35
34
40
39
39
39
36
39
35
39
39
39
31
35
39
35
34
33
32
37
38
39
39
35
39
37
34
34
39
35
39
38
39
39
35
34
37
34
38
39
39
34
34
33
39
39
36
33
37
38
34
39
34
33
38
37
38
35
35
36
39
37
31
39
39
33
34
34
29
34
38
32
38
38
33
38
38
38
39
29
31
34
38
37
37
36
34
34
38
38
33
37
33
38
38
38
38
36
36
33
35
35
25
36
38
38
38
40
31
36
33
33
39
35
38
39
26
37
37
39
38
32
34
30
34
37
34
33
35
31
34
38
34
37
30
37
33
38
37
28
33
39
33
38
33
38
35
39
38
38
38
38
33
40
37
39
35
34
34
39
32
36
38
32
33
36
33
39
34
30
32
37
34
39
37
33
32
32
38
29
39
34
34
33
32
32
35
34
36
24
39
35
36
30
33
34
36
38
36
34
29
34
39
37
33
34
38
39
34
39
33
35
39
39
40
38
35
32
39
37
37
34
34
33
34
34
37
33
34
35
35
38
38
38
35
38
37
38
37
39
33
35
37
39
34
29
33
34
33
37
38
33
35
29
38
37
34
38
29
35
34
33
38
29
33
38
36
38
37
34
33
34
26
38
34
13
7
11
5
11
11
13
11
9
5
15
11
9
11
17
9
31
9
5
9
13
11
7
0
5
5
7
5
13
7
33
3
3
3
5
5
13
7
3
3
9
3
5
5
15
11
5
7
3
3
5
2
7
9
7
9
13
9
9
9
7
9
19
9
11
3
7
5
23
9
13
7
5
5
3
11
7
17
15
7
11
5
15
21
7
7
7
11
13
5
7
13
17
7
9
21
15
17
5
9
9
7
9
9
11
17
9
11
19
9
9
13
9
13
11
7
23
11
17
11
11
9
11
11
9
7
15
11
7
15
9
5
9
9
9
11
7
9
11
9
13
13
13
7
9
9
9
7
19
7
11
43
11
19
15
13
13
15
9
13
11
13
7
13
11
13
15
13
11
11
15
17
21
21
15
13
11
21
15
15
23
9
9
11
15
23
9
27
5
15
19
23
17
7
5
7
25
13
7
25
9
9
9
7
17
13
9
9
5
9
15
7
7
9
9
7
7
7
7
7
9
13
5
9
7
17
9
11
9
9
9
9
5
17
13
15
13
5
3
9
15
9
7
7
5
7
9
3
5
7
15
7
9
7
1
11
5
3
2
2
3
11
0
2
0
3
3
2
2
0
0
3
3
7
2
5
2
5
5
5
1
0
3
1
2
3
39
3
10
8
14
17
12
6
8
6
14
9
6
6
10
12
11
12
6
2
8
11
8
6
15
12
17
6
15
12
10
4
15
15
8
8
21
6
6
8
4
7
6
10
4
12
10
12
6
8
19
10
11
21
17
8
8
23
29
10
19
17
6
19
9
25
13
25
10
4
17
12
8
12
8
16
8
21
12
15
10
8
6
10
11
8
29
10
17
8
10
15
19
6
6
21
6
10
6
8
6
2
6
8
7
8
8
8
15
12
8
15
17
4
4
14
6
19
24
4
19
15
8
10
13
19
12
19
14
15
4
15
9
8
17
8
13
15
25
23
6
17
13
13
10
10
23
12
4
10
8
19
18
8
15
4
21
17
17
19
16
17
21
14
15
25
17
23
27
10
31
21
8
21
19
10
19
21
4
17
2
6
35
8
12
19
8
12
21
14
10
8
19
19
10
14
21
12
27
17
8
31
19
6
6
14
19
41
21
16
8
14
18
17
6
10
14
8
17
31
27
19
10
12
25
19
23
6
12
8
19
14
16
12
10
12
15
21
10
8
23
14
12
8
17
8
17
2
21
12
8
10
15
6
16
16
8
12
10
4
16
12
4
8
14
4
10
8
12
19
8
29
18
17
33
19
4
14
4
8
14
8
14
12
10
10
10
19
12
19
7
0
0
2
9
4
0
0
0
0
3
0
2
2
2
2
0
2
0
0
0
0
2
4
2
2
0
4
2
0
2
5
0
2
2
0
19
6
4
6
0
0
6
10
4
2
4
6
0
0
4
6
4
4
8
2
0
2
0
2
4
2
4
0
2
2
2
4
4
6
0
2
9
0
2
2
4
0
0
0
2
2
0
0
8
2
2
0
0
0
0
2
0
2
2
0
2
2
4
10
2
2
6
0
2
0
0
2
4
2
2
2
4
8
4
2
2
0
2
4
2
2
0
8
4
2
0
4
11
0
4
2
4
2
8
4
8
2
4
0
2
5
4
2
0
2
2
2
2
2
6
0
10
4
4
2
8
2
0
0
2
0
4
4
4
2
2
16
5
2
2
4
0
9
0
2
2
2
2
9
7
10
2
2
0
2
2
9
4
0
4
2
2
6
2
2
0
9
2
0
4
0
0
2
0
0
0
4
2
0
2
2
6
2
0
6
0
0
4
0
2
0
2
0
4
0
8
2
2
8
2
3
4
6
0
4
6
2
2
0
2
2
2
0
6
4
0
0
2
2
2
2
6
36
0
11
2
2
8
4
4
0
0
0
2
0
4
2
4
6
2
0
0
4
0
4
2
2
0
2
4
4
0
13
4
4
2
0
2
4
4
0
0
4
2
4
0
2
4
4
6
0
4
2
4
4
0
0
2
0
0
0
0
2
2
0
4
4
2
4
2
0
4
2
2
4
0
2
2
0
0
0
4
0
2
2
4
2
4
6
2
4
0
4
0
2
4
4
0
2
0
4
2
0
4
2
4
6
2
4
4
0
2
4
0
2
2
0
0
4
0
4
2
0
4
6
2
4
4
0
2
2
0
0
2
0
4
2
0
4
0
0
0
4
4
4
0
2
2
4
2
4
6
2
4
4
6
0
0
2
2
0
6
4
0
2
4
2
0
2
6
2
2
0
0
4
4
0
0
0
2
2
0
4
2
2
2
0
2
0
4
2
4
0
2
0
6
0
2
2
4
0
2
0
2
4
2
2
2
4
0
6
0
4
2
0
0
2
6
2
4
4
4
4
2
0
0
0
2
2
2
2
0
2
4
0
4
4
4
4
2
2
0
0
0
2
4
2
4
2
0
2
2
4
0
2
2
2
4
4
0
0
0
2
4
0
4
2
2
4
4
2
0
4
0
0
0
2
2
4
0
4
0
4
4
2
2
2
0
2
2
0
4
4
4
0
0
2
0
2
2
0
2
2
6
4
4
4
2
4
0
2
6
4
2
2
2
2
0
2
2
0
2
4
2
4
2
11
3
4
1
2
0
3
2
0
2
7
0
0
0
2
0
8
0
7
4
2
5
7
2
2
2
2
10
0
3
4
1
2
0
0
2
2
2
7
0
4
4
4
2
10
0
5
0
4
5
6
0
0
11
0
2
0
0
5
2
4
0
0
0
2
5
8
7
2
7
0
2
0
10
4
7
7
11
5
1
4
2
0
0
2
2
4
3
2
7
5
0
2
4
1
0
3
2
2
4
2
0
4
2
0
4
7
0
2
2
0
1
4
2
2
4
2
5
5
3
4
4
8
0
3
2
2
3
4
0
2
2
4
0
0
3
2
2
0
7
3
7
4
6
2
11
5
2
2
5
5
4
2
0
1
4
3
0
7
0
8
8
4
6
4
2
0
2
2
3
3
0
3
2
4
0
2
0
3
4
1
0
4
2
0
4
2
0
3
4
3
4
0
3
2
2
2
0
2
2
5
3
3
0
1
0
0
0
5
0
2
2
2
2
0
4
2
2
1
2
8
3
2
6
2
1
2
1
2
5
4
4
0
2
4
2
4
2
3
4
9
4
4
4
2
3
5
3
0
0
0
2
0
0
0
0
2
2
10
6
9
0
5
6
2
2
3
1
2
0
4
3
2
2
0
1
0
2
6
1
4
2
4
0
3
0
3
18
23
35
17
29
22
18
43
2
26
23
1
19
22
35
22
24
26
22
30
1
23
27
23
48
19
20
31
44
23
27
30
21
22
2
52
25
14
26
32
28
26
2
20
26
28
1
22
26
21
25
41
2
28
22
2
0
20
28
1
25
24
49
23
29
33
26
21
19
29
27
32
48
17
22
28
36
19
45
25
28
45
30
23
22
60
1
32
23
1
1
24
26
4
62
27
20
23
3
20
20
54
24
46
0
22
20
48
1
29
23
0
0
26
21
4
45
32
34
14
54
0
25
21
3
22
22
44
57
1
22
29
24
28
28
29
19
67
0
27
29
12
29
20
21
2
3
27
45
23
17
1
41
21
22
0
27
21
14
6
24
25
41
0
33
50
46
3
27
25
22
0
42
40
26
26
1
58
23
24
22
1
28
22
24
58
12
20
26
35
51
2
23
31
1
30
19
21
21
27
18
54
55
3
42
24
57
0
35
28
2
60
36
22
50
3
24
22
20
21
2
36
2
32
24
23
2
21
26
23
44
1
36
24
21
28
27
27
28
20
18
0
25
26
1
1
38
38
31
29
29
69
54
1
31
36
34
29
18
41
25
31
33
23
52
1
25
20
57
3
56
44
25
28
29
27
48
30
24
20
19
39
32
23
35
36
25
21
0
0
0
2
2
0
2
0
0
4
4
2
0
0
0
2
0
6
0
4
2
0
4
2
2
2
0
6
0
0
4
0
0
2
0
2
0
4
4
0
4
0
0
0
2
0
0
6
2
0
2
2
2
0
2
44
6
4
0
2
0
0
0
0
2
2
2
0
2
2
0
0
0
0
4
0
0
0
0
2
2
0
0
0
2
2
4
0
2
0
4
0
6
0
0
0
2
2
2
2
0
4
0
0
2
4
0
6
0
6
2
4
2
0
4
2
0
0
2
0
2
4
0
0
0
0
0
0
2
2
0
0
2
0
2
2
0
6
0
0
2
0
0
2
2
2
0
0
21
2
0
2
0
2
0
4
0
0
2
2
2
2
2
0
4
4
2
2
0
2
2
2
0
0
0
0
0
2
2
2
0
0
0
4
0
0
0
2
2
2
2
2
0
0
2
4
2
6
2
2
2
0
2
0
2
2
0
0
4
0
2
0
2
0
4
0
2
2
0
2
0
2
2
2
4
0
2
2
2
0
2
2
4
2
2
2
0
0
0
0
2
2
2
0
2
0
0
52
2
0
0
2
0
2
2
4
0
0
0
0
2
2
0
2
2
0
0
0
2
4
2
4
6
2
0
0
0
2
0
0
0
0
0
2
0
2
0
4
11
8
0
8
0
0
0
0
4
9
2
0
7
4
6
16
0
9
10
10
13
12
0
1
0
0
0
0
0
1
0
0
6
0
1
6
0
1
4
0
0
0
0
0
0
3
0
0
8
14
0
12
4
0
7
1
0
11
6
0
0
1
0
0
0
0
0
3
13
0
0
2
0
10
5
0
11
0
9
4
0
6
0
1
0
8
6
0
9
1
2
7
0
13
9
1
0
0
0
0
0
3
0
0
1
8
8
18
0
5
0
15
0
1
0
1
7
4
13
1
0
19
0
8
12
0
0
0
1
14
0
10
0
0
24
0
6
0
10
0
6
1
0
46
0
10
0
0
0
0
6
1
0
0
0
5
0
10
15
8
4
1
12
0
1
12
7
1
0
0
0
1
6
0
0
15
0
7
0
0
0
0
0
0
0
0
0
4
13
0
0
0
9
3
0
1
1
7
0
0
20
0
7
0
7
9
1
14
34
0
3
0
11
8
21
0
14
0
0
20
8
0
1
6
1
8
0
13
7
13
0
0
0
0
0
0
10
3
11
0
0
12
10
3
8
5
0
29
0
12
5
6
3
12
3
13
0
0
30
6
0
4
11
8
0
28
4
25
0
0
4
5
6
7
0
0
10
0
4
0
0
14
7
14
0
8
7
2
