2
2
6
2
0
2
1
2
0
0
2
0
2
0
0
2
0
2
2
0
0
2
0
4
4
2
3
2
0
2
2
0
4
0
2
2
4
3
6
2
0
2
0
2
0
2
2
0
2
0
4
0
0
2
0
2
0
0
0
2
2
2
2
2
2
2
2
0
2
0
0
2
0
0
2
2
2
0
4
59
2
0
2
0
3
0
0
0
4
2
4
2
6
2
2
0
0
0
2
2
0
2
2
7
0
0
0
4
0
2
4
0
6
2
6
5
2
4
8
0
0
0
0
2
2
0
4
4
0
2
2
4
2
3
2
0
5
2
2
2
2
5
2
2
0
0
2
0
2
2
0
0
0
3
2
4
2
3
0
2
0
2
3
2
0
5
0
2
2
4
10
0
2
0
0
0
0
0
2
0
0
2
0
2
4
2
2
0
0
0
0
0
0
0
0
0
0
0
0
0
0
4
0
0
0
0
0
0
0
0
0
0
0
0
0
0
0
0
0
0
2
0
0
2
0
0
0
0
0
0
0
65
2
0
0
2
0
2
0
0
2
4
0
0
4
2
3
0
2
4
2
2
2
6
4
4
6
2
2
2
6
6
6
2
2
8
3
5
6
8
3
6
2
5
8
2
4
4
2
2
8
2
4
4
2
2
6
3
74
68
78
71
90
80
15
76
94
79
90
84
91
81
87
95
73
65
91
63
81
92
68
73
65
76
76
80
70
67
85
97
70
88
80
91
78
84
82
77
84
78
20
77
84
82
91
75
74
74
90
79
99
90
20
65
78
95
76
86
74
73
81
76
72
71
24
70
91
71
68
92
79
52
53
58
51
76
19
80
59
83
46
62
42
35
52
57
35
42
44
89
71
90
60
79
73
72
69
55
81
92
90
72
48
40
93
50
90
70
49
37
71
72
63
75
75
56
72
90
62
94
78
47
73
51
71
83
68
56
65
51
73
41
54
51
85
73
52
87
76
62
66
67
80
48
39
84
89
88
19
70
42
45
78
67
82
56
42
71
63
75
95
83
79
79
91
71
81
42
81
76
63
92
70
91
66
78
96
75
42
70
92
58
61
81
12
73
71
71
69
60
88
90
75
59
71
51
17
90
55
89
74
40
72
90
78
57
65
60
85
80
73
62
92
76
87
64
39
59
65
67
91
65
86
67
79
83
78
74
48
42
77
78
22
95
88
89
65
82
85
91
69
95
76
81
71
75
79
94
71
94
93
41
86
61
96
61
82
87
81
79
87
68
87
74
78
90
77
81
92
77
74
60
97
79
76
57
68
85
69
83
49
92
62
65
78
79
33
37
33
34
40
37
38
34
38
38
39
38
38
33
38
38
39
39
38
33
38
38
33
36
37
40
39
38
38
39
36
32
35
39
37
33
36
35
39
40
37
38
37
39
28
27
29
29
27
24
28
27
25
27
23
26
28
29
28
26
25
28
29
27
28
28
27
27
28
28
22
29
25
28
29
29
28
28
35
38
35
37
38
38
35
39
39
38
38
39
35
38
38
35
38
37
32
34
27
28
28
31
25
28
27
27
28
29
27
27
37
33
39
37
38
29
26
29
29
28
24
27
26
27
28
27
26
28
28
28
29
24
28
27
27
27
27
35
39
38
39
34
38
32
38
38
38
29
29
24
27
27
28
25
27
28
27
26
28
24
28
23
27
29
27
28
27
28
29
25
26
26
27
25
27
27
28
24
27
25
28
29
27
29
28
24
29
28
26
29
25
26
28
26
27
27
20
27
24
25
26
18
18
29
38
38
38
27
25
28
27
29
29
29
20
26
26
28
28
38
37
38
39
38
36
37
31
37
39
30
39
39
35
38
33
34
20
35
27
35
39
39
35
35
29
29
29
17
28
24
23
23
24
11
30
26
30
26
35
39
32
36
35
39
39
40
39
33
33
30
29
38
40
34
36
35
39
39
39
36
33
39
38
39
33
36
34
35
10
16
10
6
6
8
12
8
12
12
10
18
6
6
27
12
14
14
14
8
10
10
10
14
8
6
8
8
10
6
10
8
8
4
6
10
16
8
6
4
10
12
14
12
8
2
8
8
6
8
8
10
12
12
6
8
8
14
8
10
14
10
10
4
10
8
12
8
18
6
12
6
6
12
6
6
10
12
14
6
6
6
6
4
10
14
10
14
8
6
8
18
6
24
8
6
6
6
8
12
2
4
10
10
10
10
10
10
14
24
10
22
10
16
8
16
8
10
6
10
10
18
16
10
4
16
8
6
6
10
6
14
8
6
4
6
4
10
27
6
6
12
8
10
10
10
6
16
41
14
8
10
4
4
6
12
8
8
2
16
6
4
12
6
8
10
8
10
6
12
4
6
10
6
8
6
10
16
12
14
6
6
12
8
6
6
6
10
6
8
10
10
8
2
12
4
8
14
6
24
8
18
20
4
6
16
16
8
14
20
22
8
14
8
20
23
24
14
12
6
22
14
21
16
8
8
14
8
6
8
8
14
10
6
4
12
4
6
6
8
8
10
18
4
8
8
10
8
8
16
37
4
10
6
8
13
8
8
6
4
8
4
14
10
10
10
10
6
12
4
8
12
37
8
12
10
10
12
10
6
10
6
10
10
14
6
10
12
0
2
2
4
2
6
6
4
0
2
4
2
0
6
2
0
10
4
2
2
8
6
0
4
0
4
4
0
0
4
4
4
4
2
2
6
0
2
4
0
2
2
6
6
4
0
8
2
0
0
0
0
2
2
2
2
4
4
4
4
0
2
4
2
8
2
8
2
2
2
2
6
0
0
0
2
2
2
6
0
0
4
6
2
0
0
6
2
4
4
6
4
0
6
6
6
0
4
4
4
2
0
6
4
4
0
4
4
0
2
0
8
4
0
6
8
4
2
2
2
0
4
0
2
0
0
0
4
2
0
0
4
0
4
2
8
4
6
0
0
0
2
0
0
0
4
2
2
2
2
0
2
4
2
0
4
0
2
0
6
4
4
0
4
2
4
2
0
0
0
2
2
0
0
0
2
0
6
6
6
0
4
2
6
0
0
2
2
0
0
2
0
0
0
4
2
2
0
4
0
4
4
6
2
0
2
2
2
6
6
4
2
6
2
6
2
0
0
4
2
2
4
0
2
0
4
0
0
0
0
2
2
2
6
4
2
4
0
4
2
0
0
0
2
0
2
0
2
4
2
0
4
0
2
2
2
4
2
8
0
10
2
2
2
0
0
6
2
0
0
2
0
0
4
6
2
0
2
0
2
0
0
2
0
2
2
0
2
2
0
0
6
0
4
0
4
0
0
2
2
0
6
2
4
0
2
0
6
4
2
0
4
2
4
6
2
2
2
0
2
0
4
0
4
4
0
2
4
4
2
2
6
6
2
2
0
4
4
4
4
0
2
2
2
4
0
2
2
4
0
0
2
2
0
2
2
4
6
0
2
0
4
2
4
0
4
4
6
2
2
4
0
2
2
4
2
4
0
4
2
2
2
4
0
2
2
2
0
0
4
4
0
0
2
2
0
2
2
4
4
4
4
2
2
4
6
2
4
4
0
4
4
2
2
2
0
4
2
2
2
2
4
0
2
2
4
0
4
2
2
2
2
4
2
4
2
0
4
0
2
2
0
2
2
2
4
4
0
6
2
4
2
2
0
6
0
4
2
4
4
0
0
2
2
2
0
4
2
2
2
2
6
0
2
4
4
2
6
2
2
8
0
2
0
2
4
2
6
4
6
4
2
4
0
2
4
2
2
4
4
2
8
0
2
4
2
4
6
4
4
4
2
2
0
8
2
2
2
2
2
0
0
0
2
4
4
4
4
6
2
2
6
2
4
0
2
4
6
4
2
0
2
4
4
4
2
4
0
2
2
0
2
6
6
2
2
2
4
2
2
4
0
4
4
6
6
0
2
2
2
4
4
2
4
0
0
6
6
6
4
4
4
4
6
0
6
5
7
6
10
6
8
5
8
6
4
6
9
8
8
8
4
10
6
7
12
10
4
11
7
6
4
4
13
11
6
6
10
6
9
4
5
4
6
6
67
4
9
12
6
6
13
9
9
6
7
6
4
4
8
11
4
11
4
17
7
7
9
4
0
11
10
10
6
8
9
6
12
0
8
7
78
5
10
8
9
13
0
6
5
6
10
8
8
6
13
7
11
9
7
9
7
8
6
8
8
6
8
9
9
8
8
6
14
12
28
7
7
8
9
9
12
8
16
8
15
9
11
8
9
8
8
11
16
10
8
13
13
7
10
8
11
10
10
4
7
6
14
11
7
8
10
8
6
9
9
9
49
12
15
59
7
8
15
10
7
5
12
10
10
6
15
16
15
11
13
13
15
15
8
8
6
4
6
9
63
7
9
15
6
4
6
15
6
6
8
0
6
6
7
6
11
12
8
11
50
8
7
9
10
8
8
4
13
8
13
15
11
15
13
15
0
16
6
11
9
6
15
7
11
13
9
9
8
13
10
9
11
11
6
8
7
8
7
13
12
5
8
6
8
8
4
11
4
8
11
9
9
9
4
8
4
12
8
6
10
7
11
9
9
9
10
12
8
11
8
12
8
8
7
6
7
9
8
8
6
6
4
4
6
6
0
8
4
8
4
8
4
0
85
0
0
0
6
0
56
2
8
6
4
4
62
0
2
2
4
0
4
0
6
0
0
0
63
6
6
2
0
2
0
0
8
0
6
8
0
67
6
0
0
2
0
6
0
6
6
0
99
6
4
2
0
4
2
4
19
0
0
2
0
2
8
0
2
6
6
4
6
4
0
0
0
6
6
4
6
0
6
0
4
6
0
0
2
6
0
0
0
0
0
8
6
8
2
8
8
4
4
8
0
4
4
6
0
0
2
0
6
0
0
10
6
0
8
4
4
4
0
0
8
2
4
4
2
8
0
6
0
0
2
2
73
6
0
4
4
0
6
8
0
2
6
2
10
0
2
0
2
0
8
0
0
2
2
8
8
0
6
2
0
8
6
0
12
8
4
62
4
6
6
0
0
2
4
67
6
0
8
0
6
4
2
4
10
2
0
2
8
8
6
0
0
0
0
2
2
0
6
2
0
0
6
0
0
6
0
0
0
0
6
2
4
4
99
4
0
6
4
0
6
0
4
8
4
0
6
0
4
4
10
6
6
2
6
0
0
0
10
4
6
4
0
0
0
6
0
0
44
0
8
8
6
0
4
8
6
6
0
6
94
6
4
81
6
0
0
0
6
61
0
6
47
3
1
23
15
15
24
11
0
3
0
3
3
0
0
3
12
15
19
4
0
21
19
21
17
1
3
3
16
14
0
21
0
25
15
21
1
1
22
18
16
18
16
14
14
33
21
0
17
3
25
18
14
0
3
26
25
3
28
12
22
1
21
16
12
3
1
22
14
0
0
14
22
12
1
14
24
0
16
14
15
12
0
14
20
25
3
16
14
15
22
15
39
3
23
13
16
0
1
19
30
9
12
36
11
28
11
5
1
28
0
3
39
26
10
23
20
3
3
22
1
1
4
3
38
11
9
15
1
16
4
0
0
11
1
11
23
0
17
0
19
0
22
0
31
22
11
11
16
3
9
1
17
34
15
0
16
23
0
3
0
18
12
0
30
20
21
6
24
31
14
1
4
40
17
0
29
18
9
24
4
15
1
15
13
13
17
9
17
3
16
12
24
24
3
13
22
14
0
11
18
27
31
3
15
15
20
30
17
15
15
18
1
15
33
22
7
14
27
1
25
13
0
22
28
0
14
37
33
1
23
14
18
25
18
14
1
3
12
28
13
2
9
19
22
1
14
13
16
8
1
12
15
9
4
14
17
19
0
12
20
17
17
0
10
23
13
0
16
11
12
10
12
26
20
1
17
15
20
0
14
31
0
2
9
16
15
2
16
1
0
1
0
0
3
3
3
0
3
5
5
0
3
1
1
1
1
1
0
1
1
3
3
3
3
0
3
0
0
3
1
3
5
0
1
1
5
5
7
5
3
0
1
1
3
5
3
5
0
3
1
1
5
0
1
3
5
1
0
1
3
1
3
1
1
1
3
1
3
1
3
1
3
1
0
1
13
3
3
1
5
0
3
3
1
0
3
0
1
3
0
0
1
1
0
3
0
3
3
3
3
1
0
5
0
5
1
3
26
3
1
0
3
1
1
0
3
1
23
0
0
0
1
5
3
1
3
3
0
3
3
1
1
1
3
13
0
3
1
0
7
3
1
1
0
1
7
1
3
14
7
1
0
0
3
1
1
5
1
5
3
9
5
1
1
1
0
5
0
1
3
3
3
3
1
3
3
1
1
1
3
3
1
3
1
0
1
1
0
0
3
1
1
1
0
1
1
0
1
0
3
1
0
3
3
1
1
0
1
1
1
5
1
1
0
1
1
5
0
0
0
1
1
3
1
1
3
1
0
0
3
5
0
3
5
1
1
3
0
0
3
3
0
0
1
5
1
0
1
5
1
1
5
3
1
3
1
3
1
3
0
5
1
1
1
1
23
1
0
3
3
1
0
0
1
3
3
1
0
5
3
25
5
5
1
3
0
