14
14
13
13
11
10
13
13
11
20
12
11
17
19
27
16
20
15
21
15
13
17
16
9
19
19
15
11
13
11
76
48
13
12
9
12
13
19
19
19
7
17
21
15
15
19
15
19
13
18
13
25
19
14
15
31
17
19
47
38
25
14
26
5
15
49
56
11
7
14
15
18
11
23
26
12
19
14
17
21
18
11
17
23
22
16
37
23
20
14
17
16
12
33
31
19
28
13
17
30
7
13
37
13
11
20
14
16
14
19
54
14
2
6
4
7
6
2
7
9
11
9
34
2
0
8
5
9
11
4
12
4
6
4
3
10
9
5
9
8
13
10
5
4
5
7
10
11
10
6
8
8
9
6
7
7
8
4
9
7
9
4
8
2
2
5
13
13
4
27
25
11
7
8
4
4
21
8
5
5
6
13
15
13
9
58
11
11
20
16
19
12
13
8
13
7
10
11
13
13
9
12
23
7
8
9
15
17
5
9
11
10
9
9
8
13
15
8
13
15
13
13
14
9
8
15
6
17
7
19
15
8
7
9
7
11
6
20
15
13
11
18
15
6
11
7
15
11
10
11
4
8
11
11
5
9
12
5
5
11
11
17
9
13
6
5
7
9
8
2
5
3
6
4
7
5
9
10
15
9
17
4
7
15
19
17
9
4
4
4
0
2
2
0
4
2
4
2
2
0
0
0
2
2
2
99
2
2
2
2
0
2
4
0
0
0
0
96
8
2
2
2
2
2
4
0
0
0
0
0
2
2
2
2
0
2
0
4
2
2
6
2
4
2
2
2
2
2
2
0
0
2
4
2
0
4
0
0
0
0
0
2
0
0
4
4
4
4
2
0
0
0
0
0
0
2
4
2
4
0
2
2
0
0
0
4
2
2
2
2
2
0
4
0
4
6
6
2
4
0
0
0
4
4
2
0
0
0
2
0
2
0
4
2
0
2
2
2
2
4
2
0
0
2
0
0
0
2
0
0
0
2
0
0
0
2
0
2
0
53
0
0
2
0
0
2
0
2
2
2
2
0
0
2
2
0
0
2
0
2
2
4
2
0
2
4
4
2
2
0
6
0
4
2
4
2
2
4
2
4
0
0
0
0
2
2
0
0
0
2
2
4
0
2
0
2
2
2
2
4
2
0
2
0
0
0
2
0
0
4
4
0
0
0
0
4
4
0
2
0
2
0
2
2
4
2
6
0
4
2
0
0
0
2
2
2
2
0
2
0
2
4
0
0
0
0
2
2
0
4
0
2
0
0
0
0
2
2
4
0
2
4
0
2
0
0
0
2
4
2
2
4
2
2
4
0
0
2
26
38
16
22
30
53
42
44
5
32
49
4
7
61
4
38
44
6
39
27
2
21
27
30
26
40
26
40
44
26
2
21
4
33
26
29
37
0
45
39
4
4
0
19
54
36
37
28
13
35
2
57
19
36
8
10
23
29
0
28
50
0
0
2
0
25
2
0
60
18
30
74
47
53
48
33
26
54
17
84
14
32
2
4
76
58
2
51
30
41
24
42
45
32
33
4
37
2
47
36
38
44
0
36
23
4
13
61
63
9
30
44
47
39
0
2
42
72
38
42
2
0
2
77
59
40
54
0
0
42
10
4
6
2
61
36
4
28
32
29
7
66
24
4
35
5
39
2
0
46
0
62
70
43
25
20
44
23
25
28
38
23
44
2
0
2
0
31
48
43
35
25
71
35
32
24
17
34
23
2
50
31
22
4
14
2
53
44
21
27
19
18
45
17
2
27
47
19
44
2
60
51
43
57
45
3
0
31
25
27
43
33
34
72
75
79
68
3
18
25
44
25
4
57
64
35
25
15
2
28
35
44
0
27
21
2
26
36
4
2
39
2
47
15
41
43
2
31
74
52
0
7
23
5
33
41
0
4
47
35
48
21
4
59
2
29
56
19
60
34
35
38
18
65
2
4
59
2
73
45
46
42
24
4
2
24
5
4
5
5
4
9
5
6
6
6
7
5
6
9
4
9
6
4
7
4
5
9
9
8
5
8
7
6
6
8
7
7
6
8
10
11
9
11
7
5
6
9
6
7
6
4
6
6
6
6
5
5
6
3
4
4
3
7
6
6
6
8
6
5
10
7
6
4
5
6
7
6
5
5
4
6
4
5
5
6
5
8
7
4
6
6
4
6
4
6
5
6
5
5
5
7
8
8
6
8
7
7
6
6
8
8
10
16
10
13
7
7
5
6
6
8
9
5
9
9
9
11
8
9
11
9
6
7
5
6
6
6
6
7
7
6
9
7
6
5
8
7
14
8
9
6
10
10
6
9
15
10
6
10
8
6
10
7
9
9
8
8
7
6
4
5
7
7
5
7
5
5
6
6
4
4
3
6
8
6
5
7
7
7
7
11
7
7
8
5
6
6
7
10
6
6
6
9
6
8
5
5
6
6
7
6
8
7
9
8
7
6
5
8
8
8
9
8
9
6
8
10
7
8
5
7
7
5
7
8
6
8
11
6
6
9
5
6
8
7
6
6
5
6
7
5
7
6
8
8
6
7
5
6
6
8
5
8
8
6
5
4
6
6
5
4
3
3
3
3
4
5
4
5
3
4
5
5
4
4
3
4
4
5
5
4
4
4
2
0
0
2
4
0
2
2
2
0
2
0
0
6
2
2
2
4
0
0
2
2
2
0
2
2
2
0
4
2
2
0
2
0
2
0
0
0
2
0
0
0
0
0
2
0
2
2
2
2
0
2
2
2
0
2
4
2
0
2
2
0
2
2
0
2
0
2
4
4
4
2
0
2
0
4
0
2
2
2
0
4
0
2
0
2
2
2
2
2
2
2
0
2
0
4
0
0
2
0
4
0
0
0
0
2
2
0
0
0
0
2
2
0
2
0
0
4
2
0
2
2
2
2
0
2
0
2
0
2
2
2
2
2
2
0
2
0
0
0
8
2
0
0
2
0
2
2
2
0
0
4
0
2
2
0
0
2
4
2
2
2
0
2
0
0
0
2
2
2
2
0
0
2
0
2
2
2
4
0
0
2
0
2
0
0
2
2
0
2
4
2
2
2
2
2
2
0
0
2
0
0
0
4
4
4
0
0
0
0
0
0
4
2
2
2
2
4
2
2
0
0
2
2
2
2
0
2
0
0
0
2
0
0
2
4
0
0
2
0
2
0
4
2
0
2
2
9
0
2
0
2
0
2
0
2
0
0
0
0
0
0
6
2
4
0
2
2
0
2
2
0
0
2
2
0
2
0
2
4
2
0
0
0
0
2
2
2
47
7
5
3
5
5
3
3
3
7
3
1
0
1
1
3
3
5
7
5
1
0
5
5
3
3
3
1
3
1
1
3
3
1
7
1
1
3
5
1
7
1
1
0
7
3
5
5
1
1
7
3
5
7
5
1
1
3
5
1
13
1
5
1
3
3
7
3
1
3
0
1
5
5
3
3
5
7
3
3
5
3
7
1
3
1
5
5
5
0
7
5
9
1
3
5
5
7
1
1
1
3
3
1
3
1
1
5
32
2
1
3
28
3
5
45
5
5
5
0
1
1
5
5
0
3
1
5
5
9
1
5
5
3
1
3
3
5
5
7
1
5
3
1
3
3
1
3
5
5
1
5
5
3
3
3
5
5
1
47
3
3
1
3
1
1
1
5
1
5
7
7
3
47
5
1
3
3
7
7
1
5
0
5
3
5
0
1
4
6
7
5
0
3
3
5
5
3
9
1
3
5
7
3
1
1
3
1
3
1
1
3
1
24
6
3
7
3
1
1
3
5
3
1
3
1
3
7
3
3
3
1
3
1
3
9
5
1
1
5
5
30
7
3
5
7
1
1
1
45
3
1
3
3
7
3
51
7
3
0
5
3
1
3
3
5
3
1
3
3
3
3
3
5
38
3
3
3
5
0
3
3
7
1
0
2
7
3
81
35
48
35
22
22
32
31
35
19
75
32
32
35
41
40
46
22
20
22
47
26
47
27
30
41
28
35
25
32
28
27
15
34
40
33
43
48
40
23
19
37
24
34
50
39
52
45
45
45
44
32
29
32
24
31
26
40
28
25
35
39
29
36
26
19
36
32
26
60
40
33
32
39
45
31
29
23
26
43
34
40
40
26
31
27
44
34
36
28
27
26
20
69
43
29
38
55
39
26
29
35
32
32
37
30
40
41
81
38
32
36
37
21
29
34
32
26
50
45
31
45
38
29
22
24
21
23
65
47
45
34
78
41
32
20
57
31
46
29
30
43
43
45
44
41
29
81
36
25
34
20
44
48
30
29
0
52
51
40
25
27
24
39
43
45
36
22
16
64
31
20
28
29
24
17
29
44
63
21
33
42
40
28
28
31
35
34
32
35
36
27
29
50
29
31
42
30
25
28
28
43
32
27
33
42
38
37
27
22
27
33
35
42
36
46
39
51
80
29
44
23
28
33
36
30
39
27
43
46
45
34
33
64
22
41
39
54
58
26
57
39
34
33
19
28
29
51
21
41
35
40
55
28
26
32
32
21
26
25
40
38
49
20
46
28
40
34
33
12
26
35
25
28
38
37
37
40
22
25
32
28
24
36
29
35
41
40
1
4
1
3
11
5
1
3
3
5
7
1
6
4
4
3
7
5
0
6
4
0
6
6
0
2
5
11
2
6
5
5
6
6
2
7
5
15
11
3
9
7
4
4
5
2
0
25
13
9
7
9
5
4
6
11
6
3
0
4
3
3
11
1
4
4
4
7
2
4
7
2
11
2
3
3
2
13
4
2
7
2
4
11
2
15
0
7
13
3
1
2
0
4
5
11
6
3
7
11
5
3
11
3
0
2
15
5
6
1
6
11
3
7
2
1
1
4
0
2
3
15
5
7
31
4
1
1
3
4
9
7
5
7
6
7
4
3
2
2
15
7
3
2
2
13
5
2
6
7
1
11
7
4
7
4
7
4
1
7
2
5
7
6
2
4
0
7
4
4
5
3
6
11
4
6
3
0
7
2
2
6
2
5
5
5
2
9
4
5
5
5
5
4
1
13
4
0
4
7
15
6
2
5
6
4
2
0
3
4
4
11
3
4
2
0
11
11
7
1
15
2
5
3
7
13
11
2
5
3
3
2
1
4
2
3
6
9
3
7
3
5
2
15
6
7
7
19
5
11
7
2
4
11
2
1
9
9
3
2
5
3
4
7
5
3
13
2
7
3
3
4
5
7
7
2
7
3
2
3
6
2
4
3
0
7
4
21
6
10
10
8
10
12
10
14
10
10
6
6
6
12
8
6
12
4
10
10
6
19
8
14
21
4
2
4
10
8
4
6
8
10
8
12
6
8
12
11
2
6
14
6
17
8
8
10
10
8
6
10
16
14
12
10
16
12
10
14
12
14
8
4
8
8
10
10
8
16
16
19
8
10
8
4
12
10
16
15
21
8
12
21
10
8
10
6
8
6
10
6
8
21
16
16
15
8
12
10
14
27
12
19
19
14
21
31
4
12
19
13
8
23
6
10
14
10
14
35
19
23
14
33
16
14
8
14
21
14
12
21
8
4
19
21
37
12
23
17
25
14
6
27
17
6
14
23
15
58
23
17
17
12
19
10
19
48
58
28
27
37
14
23
31
48
21
31
37
10
8
15
17
8
17
23
8
16
10
4
10
8
50
17
21
12
10
6
19
15
19
27
26
17
27
13
16
10
31
12
8
14
33
23
19
12
10
8
23
10
21
16
14
15
29
31
27
31
23
33
12
19
14
2
17
25
28
17
23
19
19
14
17
19
19
12
10
12
8
8
14
27
12
19
19
23
27
27
6
12
23
21
12
14
6
15
19
21
10
12
12
14
21
19
21
10
17
4
8
10
15
27
19
37
23
19
19
6
15
12
12
19
16
43
16
25
23
21
5
0
0
0
5
1
1
0
0
7
7
9
3
2
4
0
5
2
2
9
0
0
5
0
4
0
3
5
9
1
1
0
7
0
9
0
0
0
2
2
5
0
2
3
0
2
7
3
0
0
2
2
2
0
0
0
0
2
1
0
0
2
0
5
7
0
0
2
0
9
0
5
1
0
7
7
7
7
0
0
1
5
5
0
0
5
0
3
0
2
0
2
3
5
9
2
1
2
0
0
0
1
0
1
5
7
2
5
7
5
0
0
0
0
0
0
2
7
0
0
0
0
0
7
0
5
0
0
7
5
1
5
0
5
0
5
0
5
0
0
0
7
0
2
5
7
7
5
5
0
1
0
91
0
3
7
83
0
7
0
5
7
5
3
7
0
1
1
0
0
5
5
5
0
1
0
5
2
0
0
0
0
5
0
0
2
5
2
7
0
0
0
9
5
7
2
5
0
0
0
7
5
1
7
0
9
5
0
0
0
7
3
5
0
2
0
0
0
2
0
0
9
0
0
9
9
2
0
0
7
5
5
0
0
0
9
7
2
5
0
7
5
0
0
0
5
0
5
1
0
2
0
2
3
3
0
0
0
11
7
2
0
0
0
0
5
0
3
1
1
7
9
2
0
31
0
7
5
0
5
0
5
2
5
0
5
0
95
