6
10
6
4
4
4
6
8
6
6
2
6
2
2
8
8
4
2
4
4
6
4
2
6
2
4
10
2
12
6
4
6
6
2
4
4
4
12
10
2
4
4
15
4
4
6
4
8
2
4
6
4
10
4
6
6
8
2
6
4
4
4
6
6
6
8
10
4
4
2
10
8
10
6
2
10
4
10
14
4
8
10
8
6
8
6
8
6
6
6
6
10
8
8
6
6
4
2
4
2
12
6
10
4
8
6
10
6
12
2
6
6
2
8
10
10
10
4
4
4
4
8
4
8
8
4
8
4
4
2
2
6
10
4
6
4
6
6
8
10
4
4
4
10
6
4
6
4
8
8
4
10
12
10
6
8
8
8
4
10
4
4
4
10
10
4
6
9
14
2
8
4
8
6
6
14
10
4
6
4
8
10
12
8
4
10
12
2
4
6
14
2
2
4
6
8
12
6
12
6
8
8
8
4
8
10
11
4
6
10
8
6
4
6
6
8
4
2
6
6
8
6
2
6
4
10
4
2
8
4
8
4
2
4
6
8
6
2
10
8
2
4
0
6
4
4
6
10
4
4
8
4
10
2
4
4
6
2
4
4
4
2
4
2
6
2
0
0
4
8
0
2
4
8
4
2
4
8
4
0
4
6
4
2
8
2
2
4
4
4
2
4
0
4
4
4
0
2
4
0
2
0
0
6
4
2
2
0
0
8
0
8
0
0
4
0
0
0
6
0
0
2
0
2
0
12
0
0
0
0
0
6
0
4
2
0
2
0
4
0
6
2
10
0
8
10
0
0
0
2
4
0
9
0
0
2
4
8
2
2
0
0
8
6
2
0
4
0
6
2
2
2
4
4
2
7
6
2
9
2
0
11
4
4
2
6
6
2
0
0
0
7
2
2
0
2
11
2
2
4
0
0
2
0
0
2
0
2
4
6
0
6
0
0
4
11
0
2
2
4
0
4
2
0
10
4
15
0
0
11
0
0
2
0
2
0
10
4
4
8
0
2
6
0
2
0
2
0
0
2
0
4
0
2
4
2
5
2
4
6
0
2
8
2
8
0
4
4
17
2
2
2
6
2
8
0
6
2
9
2
2
0
2
0
0
6
13
4
8
4
0
2
2
0
4
2
2
0
2
6
0
4
8
4
6
4
0
0
10
4
9
0
6
4
4
0
4
2
4
0
6
8
0
0
6
0
2
6
0
0
4
2
0
2
0
0
0
0
6
0
0
2
2
2
2
0
0
0
0
2
0
0
2
0
2
0
0
0
13
0
2
6
0
2
0
0
0
8
0
0
25
2
6
0
0
0
41
20
49
15
20
24
22
17
33
47
17
58
44
26
60
13
57
9
39
16
45
22
45
3
3
19
75
38
30
34
19
44
60
89
16
18
33
81
24
25
58
33
24
24
23
35
40
35
18
17
21
26
17
5
9
7
20
7
20
13
23
53
5
9
11
11
9
21
63
15
15
22
32
19
15
16
26
42
33
40
20
24
34
14
30
32
21
26
26
11
18
16
28
18
30
26
26
20
17
15
21
21
28
21
18
22
11
46
28
55
36
28
34
36
15
19
22
30
33
53
34
24
15
11
45
24
43
11
19
11
27
39
32
21
34
15
24
45
38
64
42
73
46
47
70
30
32
22
24
64
33
22
33
34
5
53
50
65
44
38
9
58
46
28
39
22
13
38
37
41
22
67
22
16
63
20
30
51
15
24
23
15
34
30
26
14
18
20
13
26
65
48
24
18
30
13
41
27
68
53
93
24
22
26
39
12
26
23
26
26
11
24
17
18
51
30
22
21
39
30
10
29
8
26
7
41
22
26
29
28
13
49
32
20
20
40
64
20
39
28
30
14
30
25
18
30
33
15
20
39
20
42
24
61
0
56
0
0
48
0
7
0
57
0
48
1
10
9
7
12
0
3
7
6
3
8
8
16
1
7
7
19
12
7
5
5
12
3
7
4
2
12
2
10
2
2
2
4
2
4
5
2
0
3
2
4
4
2
2
0
4
2
0
4
4
4
8
4
6
0
6
4
7
0
0
0
2
2
13
0
4
0
0
0
0
0
2
2
2
2
4
6
4
0
0
6
2
2
5
2
2
0
9
4
2
0
11
2
0
0
7
9
4
2
2
4
2
0
5
0
0
4
0
2
2
4
0
8
0
0
0
0
0
0
2
3
2
4
8
6
0
2
0
0
0
6
2
8
0
2
2
0
4
2
2
2
0
2
0
9
4
2
4
6
0
4
4
0
4
2
2
8
2
2
2
2
0
8
2
6
2
3
2
0
2
2
3
2
2
0
4
5
3
0
5
6
4
0
2
2
4
2
0
2
0
2
5
4
5
2
0
0
8
2
0
0
0
1
2
6
2
10
3
7
4
3
2
2
2
0
1
2
0
5
4
2
0
1
0
2
0
0
4
2
1
4
0
5
0
9
0
6
8
2
0
4
0
2
2
5
4
0
2
0
3
4
0
2
2
2
4
0
6
2
2
1
0
9
2
3
7
0
4
0
4
1
0
2
0
4
0
2
4
4
2
0
6
2
6
2
2
0
4
5
4
8
5
0
12
0
0
0
0
2
3
0
2
4
1
6
6
0
0
2
5
6
15
17
49
26
21
21
11
15
15
13
15
4
23
21
8
15
9
11
10
17
13
9
15
4
19
13
11
13
15
17
15
7
8
10
9
15
8
13
13
23
10
15
7
6
11
17
9
8
24
11
6
10
13
15
11
28
8
13
9
19
8
23
9
15
11
9
11
8
13
10
19
17
15
13
18
6
15
10
8
11
15
8
19
17
21
13
11
11
25
25
6
4
27
18
24
6
15
11
30
9
19
15
30
19
21
22
28
17
25
23
13
15
9
28
13
11
11
18
11
26
22
16
22
29
19
35
19
17
9
17
11
37
11
17
17
23
19
27
13
13
11
23
17
43
13
11
11
17
13
38
21
23
13
15
23
27
22
28
23
24
19
28
26
13
28
26
17
17
26
7
28
30
5
25
34
19
15
24
11
18
30
18
26
21
14
17
25
13
13
29
11
18
26
26
19
11
9
11
15
24
13
34
15
11
17
21
15
21
15
23
15
13
25
13
32
15
27
20
29
21
6
19
11
17
11
14
31
13
19
11
15
15
13
26
9
9
23
13
15
15
13
15
4
8
15
23
22
11
19
8
17
10
13
9
20
21
11
34
17
17
13
17
18
15
15
21
23
10
21
11
25
10
19
9
19
13
23
6
19
9
9
11
11
15
8
19
9
34
33
30
13
26
18
28
32
27
22
26
10
43
35
29
36
26
24
28
44
24
34
41
30
18
29
7
26
34
27
22
22
34
35
28
35
28
18
29
30
21
17
20
26
28
29
24
29
0
22
27
31
26
31
35
33
22
30
29
10
37
4
24
28
23
25
31
29
35
35
39
31
30
33
29
40
32
35
46
34
30
28
39
25
13
31
28
34
32
45
3
29
20
43
62
33
41
58
41
26
33
50
32
46
47
37
42
41
31
40
27
43
23
55
36
28
67
40
55
55
50
29
34
33
26
21
23
8
7
12
4
11
15
11
11
13
11
27
11
9
9
13
12
9
15
54
16
21
19
17
17
13
5
13
15
18
9
11
8
4
15
13
11
19
9
9
15
15
11
33
15
22
10
36
11
19
17
18
13
26
18
15
20
20
23
25
15
13
7
15
11
52
40
13
15
11
11
11
17
14
13
11
13
13
15
15
24
20
17
11
11
15
13
15
23
9
11
13
24
17
26
13
14
9
17
15
13
19
17
22
21
9
25
17
6
15
20
15
19
22
17
15
38
5
11
17
9
13
14
13
9
11
22
7
15
14
9
23
13
12
13
15
21
10
7
0
11
11
13
12
11
9
48
13
12
17
17
17
17
0
21
15
8
13
15
19
7
13
15
2
2
0
4
0
4
2
2
0
0
0
0
2
0
0
0
2
2
2
0
0
0
2
0
0
0
0
6
2
0
2
0
0
2
0
2
0
2
0
0
2
4
8
0
2
2
0
2
0
0
2
0
2
4
4
6
2
0
0
2
0
0
0
0
6
4
2
0
2
2
2
0
0
0
0
0
2
2
6
0
2
0
2
2
2
2
2
2
2
0
4
0
2
2
0
0
2
2
2
0
0
0
0
4
0
2
0
2
2
2
0
0
2
0
2
0
0
4
2
0
2
0
4
4
2
2
2
2
4
0
2
2
2
0
2
4
0
0
2
2
0
0
2
4
0
0
6
0
2
0
2
2
4
0
0
2
0
2
2
0
2
0
2
2
0
2
0
0
0
0
0
4
0
0
2
0
2
4
0
2
0
2
2
2
0
2
2
0
2
0
2
2
0
4
2
0
2
0
0
4
2
0
0
2
0
0
0
2
0
0
0
2
2
0
0
2
0
2
0
0
0
0
2
2
0
0
0
0
2
0
0
2
2
2
0
2
0
2
0
2
2
0
2
2
0
0
2
2
0
2
2
0
0
0
0
0
2
2
2
2
2
2
2
0
2
0
0
0
6
4
2
0
0
0
2
2
2
0
0
0
0
0
0
2
4
2
0
0
0
1
0
2
1
2
1
0
7
0
9
1
4
2
4
0
10
0
2
2
0
10
2
2
4
7
2
0
0
2
0
2
2
2
0
2
2
7
2
0
2
2
2
2
4
4
0
3
2
2
2
5
2
0
1
4
2
3
11
2
2
4
0
4
0
2
0
2
7
4
2
2
4
0
2
0
2
2
2
0
5
0
4
0
0
9
2
3
9
2
2
2
4
4
8
1
0
5
3
2
3
2
4
3
2
4
10
4
2
2
0
3
2
0
0
2
7
2
8
4
5
2
13
0
0
3
0
2
3
0
0
7
5
4
19
5
0
5
0
2
2
9
4
4
0
1
2
2
2
6
2
0
1
3
4
2
0
7
7
2
5
2
7
2
10
2
6
8
2
4
6
2
2
2
0
1
0
0
4
8
2
2
3
0
2
0
4
2
2
6
2
0
10
0
9
6
2
5
5
4
4
3
4
0
2
0
2
0
1
2
2
2
7
6
1
5
5
8
7
3
0
4
0
0
2
9
2
6
0
5
2
2
6
0
0
3
0
2
5
2
4
9
0
8
2
0
6
7
8
5
5
6
6
3
2
0
4
5
3
2
3
4
2
6
7
5
0
0
1
7
1
5
4
6
2
5
0
8
3
0
1
5
3
2
4
3
0
3
31
37
32
30
26
31
31
38
37
33
32
32
29
33
33
36
25
36
31
32
36
36
26
33
32
37
37
37
27
33
32
37
32
36
35
36
30
31
38
30
19
30
32
37
33
27
36
31
30
34
37
35
29
34
32
36
35
38
36
35
33
33
33
31
25
31
35
36
36
32
37
37
32
37
37
37
25
37
27
38
38
37
34
37
29
33
37
29
24
32
30
35
37
36
36
34
33
25
38
33
25
36
37
37
36
23
36
33
39
37
36
33
34
37
39
30
38
35
35
35
32
31
32
37
22
33
33
37
37
33
36
33
29
27
38
37
26
31
30
34
34
30
35
37
21
32
37
31
18
34
36
16
26
37
27
30
29
32
26
36
24
29
30
37
36
33
32
32
24
34
30
36
27
33
36
37
32
28
34
29
25
33
37
34
22
26
35
34
29
31
31
32
24
27
37
36
26
33
33
35
31
36
35
32
28
37
37
35
22
31
36
36
31
35
36
33
37
33
37
36
27
32
30
37
36
37
36
30
26
28
21
13
12
18
22
17
18
20
27
22
27
14
24
27
12
23
27
18
15
10
27
25
27
27
28
25
18
22
27
28
17
22
25
28
25
25
27
25
16
24
27
27
19
18
28
23
17
28
28
27
16
27
26
27
17
25
22
28
0
2
0
4
2
4
4
6
5
2
4
2
4
4
2
6
6
4
0
4
2
2
0
2
0
0
0
2
2
6
6
4
2
2
2
2
9
4
2
2
2
4
4
2
2
2
4
2
2
2
2
4
4
2
0
6
2
0
4
2
6
6
2
2
0
6
2
9
2
2
7
6
2
6
6
10
2
6
7
4
2
4
0
0
2
0
2
2
2
2
2
4
0
6
0
4
2
2
6
9
4
4
0
6
4
5
4
5
12
0
0
4
2
2
0
4
2
2
8
5
6
4
4
7
4
4
4
6
5
4
9
4
6
6
7
4
6
6
2
4
8
2
5
2
4
2
6
2
4
4
4
7
3
6
9
6
5
6
4
10
9
4
4
6
4
6
6
6
4
4
9
5
4
7
4
2
4
4
7
2
8
6
5
4
6
2
4
6
4
7
4
5
3
2
4
6
9
6
2
7
7
4
6
4
2
4
5
4
4
10
4
5
4
2
2
2
2
4
4
6
2
11
4
6
6
3
6
2
4
2
2
2
2
0
2
6
5
2
7
2
6
6
0
2
4
2
2
4
4
4
2
2
5
6
4
5
4
0
2
6
2
0
2
8
4
2
6
6
6
4
6
2
6
2
3
2
2
4
4
0
4
21
2
0
2
2
2
4
