13
7
5
9
22
13
7
7
7
5
7
5
5
9
7
14
5
9
5
11
12
16
11
9
11
13
7
10
6
5
9
16
7
7
5
9
5
4
11
11
6
10
3
10
10
7
3
10
7
6
7
11
16
9
11
9
6
17
9
7
9
7
4
7
5
13
13
12
9
11
4
9
4
5
9
11
7
9
16
5
11
5
7
7
7
7
69
5
7
7
5
7
11
14
9
9
5
7
14
14
15
10
8
11
11
11
10
14
12
10
10
11
7
9
9
9
11
21
7
15
5
7
11
13
10
9
7
13
14
9
13
7
12
9
7
12
10
12
9
7
9
4
9
8
15
4
7
7
14
7
15
11
7
13
13
7
7
13
9
5
7
5
5
4
5
19
11
5
9
11
7
5
9
5
11
5
8
5
7
9
5
5
7
16
5
16
15
10
11
9
9
7
18
6
7
12
5
7
7
2
7
18
13
9
11
9
5
11
9
11
4
7
7
6
10
10
7
9
9
5
7
11
4
4
9
10
14
5
7
10
4
5
5
9
7
9
9
2
11
4
9
5
9
17
6
9
5
9
9
9
7
5
9
5
8
4
15
9
7
8
5
3
7
7
9
7
15
7
2
4
11
5
11
6
10
7
5
11
5
13
5
7
5
7
7
5
5
11
8
4
6
6
8
2
2
2
2
2
0
2
0
0
2
4
0
4
4
2
4
2
6
6
4
6
2
2
2
2
8
2
2
4
2
0
29
4
4
4
0
2
2
4
2
2
4
2
4
4
2
4
6
4
4
6
4
4
2
2
4
0
2
2
4
8
2
4
6
6
2
2
2
4
8
6
6
6
6
4
8
4
2
6
6
4
8
6
4
17
2
10
29
4
8
8
6
8
6
4
8
8
8
8
4
2
4
8
4
6
6
8
8
6
8
12
8
10
6
8
6
4
8
8
4
6
4
10
6
10
6
8
10
2
8
8
6
6
6
12
6
11
8
4
6
2
8
6
12
6
8
10
6
10
6
10
8
12
6
8
10
4
11
6
11
8
6
10
4
4
4
6
19
6
6
6
10
4
10
6
8
6
10
13
15
8
4
32
6
8
8
10
8
6
8
10
10
4
4
6
8
13
4
6
6
4
13
8
40
4
13
8
2
6
10
4
6
6
2
6
35
6
6
4
6
8
4
8
4
6
6
6
10
10
8
6
8
6
10
4
4
33
6
4
8
4
2
4
4
4
2
2
2
2
6
8
6
8
10
4
4
2
6
2
2
4
4
6
2
2
2
4
2
2
2
6
2
0
2
2
8
2
0
2
4
2
4
2
4
4
2
4
2
6
2
2
2
4
8
6
6
4
4
8
2
4
4
4
2
4
4
5
4
2
2
6
2
8
4
11
4
2
10
2
2
2
2
6
4
6
4
2
2
6
4
2
2
5
2
2
2
2
8
2
6
0
0
2
6
0
0
0
0
0
0
0
0
0
0
0
0
0
0
0
0
0
0
0
0
0
0
0
0
0
0
0
0
0
0
0
0
0
0
0
0
0
0
0
0
0
0
0
0
0
0
0
0
0
0
0
4
2
4
2
6
6
4
4
4
2
2
4
4
4
4
4
2
4
6
8
6
10
6
2
4
6
3
4
8
8
8
8
6
7
6
8
4
3
6
6
4
6
4
2
4
2
6
4
4
2
4
6
2
7
10
8
6
6
4
7
8
10
4
6
6
4
6
6
6
5
8
10
4
6
8
6
8
10
6
5
9
8
8
11
7
8
6
13
6
6
4
4
5
2
6
8
4
8
6
4
8
8
8
6
6
6
5
8
6
2
4
2
6
6
4
4
0
6
4
2
4
5
2
2
8
2
6
4
6
6
4
2
2
0
4
1
4
6
4
2
6
7
2
4
0
0
4
2
2
0
0
0
0
0
0
0
2
0
0
2
0
2
0
2
0
4
0
2
0
0
0
0
0
0
2
0
4
6
0
0
4
4
0
0
4
4
4
4
6
4
6
0
4
8
0
0
6
4
0
4
6
4
0
8
6
6
0
0
6
4
0
6
6
4
0
4
4
8
0
2
8
6
0
4
6
0
6
6
4
0
4
0
6
0
8
0
4
2
14
6
4
4
0
4
6
4
4
4
6
0
4
4
4
0
6
0
4
8
6
0
0
8
4
0
0
6
4
0
0
6
8
0
0
4
6
4
0
6
4
4
0
6
4
0
0
4
8
0
0
10
4
6
0
6
2
0
0
0
0
0
6
0
2
0
4
10
0
0
4
2
4
0
0
0
0
0
0
0
0
0
0
0
0
0
0
4
6
2
0
0
8
0
0
0
6
0
4
0
6
0
4
4
0
2
6
2
0
2
0
4
0
0
0
0
0
0
0
0
0
0
0
2
0
0
4
0
6
0
0
6
6
0
6
4
4
2
0
4
0
4
0
6
8
2
6
6
0
6
0
10
0
14
0
2
0
4
0
4
0
4
0
4
0
2
0
4
0
4
6
8
0
4
6
4
6
10
0
6
0
6
4
0
6
6
0
0
4
2
6
6
4
12
9
0
4
12
10
0
0
20
4
0
6
8
4
0
4
0
4
0
6
2
6
0
4
0
2
0
12
4
4
0
6
0
9
5
9
3
19
13
11
13
11
11
15
19
15
19
11
9
17
7
15
13
11
19
15
7
5
2
7
3
23
19
11
9
19
13
17
13
5
7
9
11
7
2
13
7
9
13
5
35
15
2
7
9
21
5
27
35
7
39
13
38
19
11
5
9
5
29
7
9
7
2
7
9
13
3
5
9
3
5
7
3
7
15
5
1
3
15
5
13
15
25
25
9
13
7
13
5
7
17
5
7
5
3
13
7
11
7
25
23
5
13
7
17
17
5
19
9
7
25
7
9
15
13
27
15
15
7
9
5
11
9
9
5
25
9
9
5
15
7
7
5
2
25
19
19
13
19
17
19
13
9
41
19
17
23
15
7
9
27
17
15
11
9
13
19
13
11
7
7
15
25
7
21
21
17
19
13
23
13
17
23
15
13
39
11
27
21
23
11
7
25
17
21
15
29
11
11
17
11
27
21
35
11
13
9
23
7
19
37
27
7
11
23
11
5
37
19
21
15
11
29
60
9
17
21
7
23
11
13
17
17
5
5
13
46
5
17
5
11
5
11
41
13
11
13
31
25
7
5
7
9
23
11
11
5
13
13
13
21
23
7
7
15
3
23
25
25
33
9
5
7
7
35
23
5
11
21
9
9
17
11
15
19
58
7
13
7
11
19
55
5
2
3
16
54
0
2
2
6
5
4
0
0
0
0
2
0
0
2
4
2
0
4
9
2
2
0
2
0
0
32
2
0
0
0
17
2
4
0
2
2
0
0
0
0
0
4
2
2
2
0
4
0
2
59
0
0
2
2
0
0
60
2
2
0
2
0
2
0
0
0
2
0
2
0
89
0
82
68
0
2
0
4
2
0
0
49
0
4
0
0
2
2
0
0
0
2
2
0
4
6
2
0
0
2
0
2
2
82
0
4
0
0
0
6
0
2
4
6
0
2
0
2
0
4
2
2
4
2
2
2
2
1
0
15
2
8
0
2
88
0
0
2
0
2
2
0
0
4
81
2
0
0
4
2
4
2
6
2
0
2
2
0
2
0
2
0
8
6
2
2
6
3
2
2
0
4
4
4
0
2
2
2
2
0
0
0
0
2
2
0
0
57
70
2
0
46
2
4
2
0
52
82
0
0
2
66
0
4
2
2
4
2
0
0
4
4
2
0
0
0
33
0
18
2
0
47
0
2
7
2
4
0
2
2
0
0
2
0
8
2
4
0
4
2
0
2
6
0
0
2
0
2
2
2
0
89
0
2
2
2
4
0
4
6
0
0
38
0
0
2
2
2
0
11
2
0
6
6
3
19
2
2
8
0
4
41
0
0
8
18
2
2
11
7
23
5
61
45
24
0
35
54
10
2
0
0
16
16
72
0
13
16
40
0
0
0
0
0
2
0
0
0
0
0
87
0
0
57
0
0
70
0
12
29
0
0
7
76
20
55
17
2
51
0
63
2
26
3
60
0
0
0
0
0
0
0
0
0
0
0
5
9
3
85
30
10
2
38
2
0
2
0
32
45
0
0
0
0
0
0
0
0
0
0
2
21
24
5
13
16
15
4
9
0
2
0
14
48
6
27
0
0
0
0
0
0
0
0
27
31
0
14
36
10
64
2
2
51
5
0
2
20
4
50
0
0
0
0
0
0
0
0
8
22
0
46
0
2
15
5
29
0
23
4
20
0
38
34
0
0
0
0
0
0
0
0
3
0
76
0
14
2
41
0
25
0
0
0
36
0
21
0
0
0
4
6
0
0
0
0
3
55
2
5
7
16
16
16
6
0
37
22
0
52
25
19
3
34
31
68
27
0
0
0
7
11
4
3
8
0
33
28
4
72
27
0
64
5
9
39
50
34
64
0
44
0
0
0
5
73
17
12
0
85
0
0
0
0
0
0
8
68
2
10
2
56
0
0
5
0
0
0
0
14
1
0
2
11
61
0
0
0
0
0
51
83
0
12
11
3
29
0
0
0
2
2
2
0
2
4
0
4
6
2
4
2
2
4
2
4
2
2
4
0
6
0
4
6
6
4
4
2
0
4
2
0
2
4
2
0
0
6
2
2
2
2
0
0
2
4
2
6
2
4
0
0
2
4
4
4
4
68
4
2
6
2
2
0
4
4
4
4
6
2
0
2
4
2
2
0
4
6
6
2
4
2
0
4
4
0
0
4
8
4
2
6
0
0
4
0
2
2
4
2
0
4
6
0
5
2
0
2
0
0
2
0
2
2
2
4
0
2
2
8
0
4
6
6
2
4
6
4
4
0
4
8
0
0
4
2
10
2
4
4
2
0
6
2
0
6
2
6
2
2
4
2
8
4
4
0
4
0
0
0
4
6
0
2
4
10
13
4
0
2
4
0
4
4
2
4
0
0
0
0
0
4
6
2
4
4
0
84
6
2
2
0
0
2
0
0
6
0
0
2
2
2
0
2
2
4
2
4
0
2
4
0
2
0
2
0
2
2
0
0
4
0
2
0
2
2
0
2
2
4
2
0
6
4
2
2
2
4
0
2
2
0
4
0
0
2
2
2
0
2
2
2
2
4
4
4
2
0
2
0
2
0
0
2
0
0
2
4
4
4
2
2
4
4
2
8
0
10
0
0
4
4
0
2
2
5
2
6
0
3
1
2
3
0
1
0
0
1
0
0
0
0
3
0
1
1
0
1
1
1
0
0
0
1
3
0
0
3
1
1
3
2
1
1
1
0
0
1
0
1
0
4
1
1
0
0
0
2
0
0
0
0
0
0
3
0
0
3
3
0
0
0
0
0
0
1
3
1
1
0
1
0
2
0
0
1
3
0
0
1
2
1
2
6
1
1
2
0
0
3
0
1
1
0
8
1
1
0
1
0
0
1
1
0
0
1
0
0
0
5
1
0
4
0
0
1
0
1
0
7
0
1
0
0
1
0
1
0
1
1
1
0
3
0
0
2
0
1
3
0
0
6
3
2
1
0
0
0
1
0
0
0
1
0
2
1
1
0
1
3
0
3
1
1
1
0
0
0
1
4
0
3
0
2
0
0
0
1
0
1
1
0
0
0
0
1
1
1
0
0
0
0
0
2
2
1
3
2
1
0
0
1
2
1
2
1
0
0
2
0
6
14
0
0
0
0
0
0
0
0
0
1
0
0
0
1
1
1
1
0
3
2
1
0
2
1
0
0
0
7
0
0
3
1
0
2
0
2
0
4
0
1
1
4
0
1
1
1
2
1
2
1
1
1
0
0
0
1
1
1
0
2
2
12
2
1
1
0
1
0
0
1
1
0
10
0
13
4
6
9
9
4
6
22
9
7
7
17
23
33
22
20
15
18
13
19
16
16
33
20
29
17
13
21
24
17
19
20
21
15
25
18
22
20
26
22
20
8
15
7
5
10
11
11
10
5
6
13
11
11
8
11
6
13
13
8
8
8
24
9
12
9
19
11
17
6
6
11
14
7
11
19
13
43
6
4
20
17
21
11
11
7
8
6
6
7
12
5
16
9
7
11
14
9
7
9
4
10
19
5
8
20
13
16
11
6
6
9
4
7
7
9
2
11
13
7
11
5
17
18
16
13
17
9
6
5
9
7
31
15
9
2
17
14
15
8
14
11
12
13
15
9
11
13
9
15
13
7
11
11
13
12
7
13
13
8
11
4
9
13
7
6
11
28
13
10
13
4
7
18
7
9
4
7
15
11
9
9
9
15
8
8
10
12
4
15
7
9
6
11
13
6
15
10
11
11
6
15
11
7
15
9
7
6
0
17
5
6
13
7
4
11
11
15
6
7
8
12
6
8
15
20
12
5
15
11
6
15
17
9
6
12
6
8
7
7
6
9
4
8
11
7
7
4
15
9
12
7
5
15
8
2
9
9
4
5
6
12
9
4
5
15
8
9
5
9
9
7
5
5
11
17
4
8
5
5
9
8
7
6
13
20
13
13
