10
8
8
6
8
4
8
8
12
4
10
11
10
8
8
6
2
6
4
8
6
7
6
8
2
8
8
11
4
6
8
7
8
8
8
11
4
8
4
8
10
4
4
8
2
6
9
8
8
2
5
7
9
11
10
8
6
11
10
11
11
8
7
6
5
4
6
6
11
10
3
6
11
11
7
10
8
8
16
6
6
7
2
8
2
4
4
14
14
4
11
11
8
8
8
9
8
8
13
8
8
13
10
8
11
6
6
8
11
6
4
9
17
9
8
4
20
8
8
13
8
8
5
15
7
10
8
7
10
10
12
8
8
8
15
12
7
7
4
11
9
9
8
19
8
7
0
4
9
0
9
6
11
10
9
5
10
6
10
11
13
8
8
0
3
12
8
4
4
2
8
8
4
8
8
10
13
4
10
8
11
15
4
8
13
10
6
6
9
8
13
10
11
44
13
15
9
13
5
8
8
13
17
4
8
8
10
8
6
11
9
8
6
11
8
11
10
11
9
10
14
11
13
10
10
10
6
4
11
7
7
8
4
6
9
0
6
9
10
11
13
10
8
6
6
11
16
0
4
3
4
9
6
6
4
4
8
2
13
2
15
4
10
6
6
2
6
4
4
6
3
2
6
8
3
2
2
6
4
4
6
4
6
2
7
6
6
2
10
17
13
15
5
10
17
14
7
8
27
9
11
9
4
8
11
12
19
16
18
8
9
17
20
11
13
9
15
15
12
9
16
7
12
9
18
20
13
6
15
15
27
9
18
12
5
28
10
18
28
7
4
14
13
20
18
21
27
7
11
15
9
13
18
14
21
14
10
14
20
9
14
9
16
17
10
21
12
13
20
19
18
20
28
17
19
9
11
27
7
11
13
13
15
28
14
12
5
23
18
13
14
16
11
22
19
25
12
46
13
21
25
13
17
13
12
9
11
11
13
14
11
13
17
27
7
15
13
18
12
16
13
22
18
11
15
25
9
22
18
71
16
20
18
24
9
12
11
9
11
20
12
10
24
13
16
11
11
13
9
11
10
17
15
5
9
18
9
9
29
14
18
23
11
21
17
18
23
11
18
24
21
16
9
22
11
15
13
20
18
15
16
13
27
13
16
30
12
16
18
9
14
9
5
11
14
10
20
25
16
9
27
14
14
21
14
11
11
19
13
12
14
17
24
22
12
30
14
19
15
14
8
3
17
15
20
9
27
21
10
22
9
10
13
14
16
14
11
14
11
13
23
14
16
22
15
24
13
14
20
21
21
23
18
15
15
13
9
5
14
11
20
13
16
11
12
21
19
7
24
5
18
12
14
17
12
14
0
0
5
4
0
2
2
5
5
2
4
9
2
2
2
2
0
2
2
1
8
0
2
2
0
4
7
4
2
3
0
3
4
3
3
3
5
5
2
13
26
4
14
9
0
3
4
0
3
2
5
2
3
4
3
0
1
10
2
6
2
6
4
20
2
2
2
2
17
2
0
1
11
2
7
6
2
13
1
3
14
2
4
4
4
1
2
4
9
4
2
3
8
7
2
3
2
3
15
7
0
5
4
5
2
2
14
3
4
0
4
5
0
0
4
4
13
14
11
2
2
2
2
2
4
3
4
0
2
3
8
5
3
2
9
4
4
3
4
2
2
5
2
7
6
5
5
7
3
3
9
20
5
4
0
3
3
1
2
2
13
3
2
5
0
4
2
2
4
1
0
5
3
0
3
2
6
4
3
1
5
3
10
1
2
3
0
3
3
12
5
7
0
2
2
4
6
1
3
3
11
1
2
0
8
2
1
2
2
1
3
0
5
2
2
7
0
2
4
2
7
2
2
0
2
0
0
5
0
0
0
0
4
2
2
0
1
1
0
0
1
0
2
4
5
0
1
2
1
2
3
3
0
2
0
2
2
1
2
0
2
16
4
0
0
2
1
7
3
4
1
2
0
1
1
1
2
0
0
2
1
1
0
3
2
4
3
2
4
2
0
1
3
5
2
3
1
4
3
4
7
3
4
3
2
2
1
4
0
3
10
5
4
3
2
0
4
1
3
4
3
3
4
1
1
1
10
3
4
3
4
5
13
5
4
5
3
0
1
3
10
14
4
11
1
0
4
1
5
1
1
14
0
1
3
1
2
1
12
1
3
4
4
4
3
1
1
3
4
0
3
3
1
1
3
1
3
1
4
3
1
3
3
4
6
4
4
3
8
8
3
3
7
10
4
2
4
6
4
5
3
4
2
13
1
3
4
4
4
4
1
5
6
0
1
3
4
3
5
1
7
1
13
1
4
3
9
16
3
6
5
1
6
4
11
4
8
5
7
1
0
3
11
5
4
3
13
1
1
6
2
4
1
4
6
12
1
1
6
3
4
4
1
3
6
3
6
0
1
1
5
4
3
5
3
1
6
1
0
1
2
4
1
4
3
4
3
3
1
3
14
3
14
4
4
3
3
4
7
1
4
2
3
4
0
4
3
7
3
4
4
3
11
18
1
3
4
12
4
1
6
1
3
6
6
9
5
3
1
6
6
2
3
3
12
0
4
4
14
5
1
1
4
3
3
3
4
10
3
3
4
1
6
3
3
4
3
1
3
2
6
5
1
10
6
1
1
3
4
4
4
2
1
4
4
3
10
23
9
15
0
14
12
14
14
22
22
15
27
24
17
24
1
19
14
15
22
15
0
22
4
35
3
20
1
14
1
26
42
42
16
14
13
18
22
18
5
14
18
12
29
16
18
9
27
16
5
34
23
14
12
14
30
11
25
9
7
9
43
37
32
32
18
33
21
0
15
34
9
18
25
4
11
79
0
0
18
13
16
11
37
35
35
20
7
20
25
22
16
49
30
26
12
0
18
33
21
21
7
1
18
13
28
17
28
6
21
7
10
31
9
13
20
22
1
9
16
26
20
1
17
19
11
22
18
16
14
29
1
26
16
18
33
23
15
11
22
13
23
29
13
37
41
27
17
26
14
16
11
8
19
33
13
19
24
25
0
20
42
1
24
17
24
31
22
17
30
60
10
5
15
15
22
9
18
35
32
35
26
22
22
21
32
15
27
15
17
14
29
17
1
35
18
15
30
18
14
38
10
24
12
15
25
8
26
18
5
13
3
29
17
12
14
13
20
14
22
22
35
24
28
0
9
11
36
32
23
26
17
28
11
19
16
28
10
9
12
45
0
12
31
25
10
1
11
19
13
23
59
40
24
19
22
19
18
24
5
18
36
43
41
17
13
28
37
25
18
35
20
16
24
21
30
18
20
24
7
1
23
36
43
4
14
34
15
8
17
6
13
9
13
9
19
13
15
6
13
8
0
10
15
11
13
13
17
10
15
6
27
19
17
15
21
12
13
15
13
33
6
13
11
11
21
15
15
15
17
10
10
11
8
21
10
13
13
15
12
17
12
17
21
13
27
21
31
17
32
15
23
23
30
35
29
44
19
11
17
21
23
15
33
54
10
40
17
10
34
23
23
17
31
15
23
23
54
23
46
34
17
38
34
65
57
67
52
42
72
40
79
15
50
50
40
52
54
27
52
39
42
80
25
27
36
13
31
73
52
48
27
25
35
30
23
52
52
36
17
31
32
15
48
60
26
52
34
57
50
11
19
15
48
59
21
38
21
8
10
17
10
6
12
10
15
13
4
6
10
15
12
6
13
10
8
2
6
8
10
12
6
6
10
6
6
8
4
4
10
10
8
8
10
10
4
10
2
19
6
8
6
10
15
23
8
6
13
6
10
19
6
21
6
12
4
4
13
10
4
10
13
12
8
8
12
10
4
12
8
13
6
6
6
10
12
10
6
10
19
10
10
8
12
6
6
11
4
12
8
10
8
10
6
4
8
13
8
10
5
15
8
4
8
2
6
6
4
4
13
6
12
4
11
4
4
8
4
8
4
10
6
4
12
6
12
10
4
2
12
6
4
12
4
8
5
5
4
6
1
5
6
4
4
7
3
3
3
1
14
4
4
5
5
6
3
5
6
3
7
1
6
7
7
6
5
1
3
5
3
5
3
5
30
1
5
1
5
8
7
1
7
5
3
3
5
3
5
5
3
20
5
5
5
1
10
3
4
3
3
3
4
3
7
5
1
5
1
5
7
9
5
1
1
5
5
4
11
5
7
3
8
6
3
6
0
1
5
5
3
10
5
8
1
3
5
4
5
5
9
5
5
3
3
5
6
5
8
3
3
7
3
3
6
8
1
3
3
6
1
6
1
4
5
3
6
14
3
6
5
4
3
6
3
7
5
3
8
3
7
3
6
3
3
24
17
3
3
3
4
13
7
1
6
5
5
5
3
5
6
9
6
1
6
5
8
6
3
12
0
5
14
13
8
4
8
6
3
6
4
6
4
3
3
3
7
5
5
3
15
5
8
3
1
1
3
5
4
12
5
5
1
6
5
4
3
5
13
5
4
8
5
3
7
5
3
5
4
3
5
1
4
8
3
7
16
1
3
13
5
3
3
5
8
6
3
6
3
3
3
5
5
6
3
6
6
5
5
5
7
5
12
5
0
5
3
3
6
7
3
1
5
6
5
5
5
6
6
5
5
6
3
6
5
6
6
8
5
3
10
8
6
3
4
6
4
6
4
8
4
4
8
4
2
6
10
10
6
4
8
2
7
2
2
2
2
0
4
4
4
14
6
4
8
2
6
11
4
2
4
4
7
6
6
6
10
6
4
4
4
6
2
6
11
6
6
15
10
0
2
8
4
4
6
8
6
4
12
9
8
10
4
6
6
98
8
4
0
10
8
8
8
8
2
2
6
8
9
6
6
6
0
2
6
2
10
8
6
4
8
8
4
4
6
8
8
10
7
1
10
10
26
9
9
10
4
8
4
10
8
7
6
6
16
6
12
6
4
11
4
12
4
10
6
8
4
11
11
13
11
4
9
4
6
8
28
29
57
5
10
4
6
88
10
8
11
10
7
4
9
6
14
6
7
2
7
10
8
12
10
12
6
9
14
15
4
6
10
6
6
10
4
4
10
10
6
6
7
8
4
4
12
4
0
8
5
5
4
8
6
8
4
6
12
2
5
6
4
6
6
5
7
8
7
2
5
4
13
4
5
1
8
9
40
20
28
36
29
6
12
8
7
5
4
9
5
7
10
4
5
6
3
4
5
7
4
5
4
6
3
6
6
4
4
5
8
5
10
8
10
6
12
4
4
4
4
7
7
6
2
8
5
8
5
6
2
2
6
10
9
6
6
4
4
7
4
4
6
8
12
8
3
3
1
1
1
3
1
1
3
3
1
2
4
1
3
1
1
3
3
3
5
3
2
3
1
3
1
1
3
1
1
3
5
1
1
4
3
1
3
5
1
4
6
1
1
7
4
4
1
1
1
4
4
5
3
3
2
3
4
3
3
6
2
4
3
1
1
5
3
5
1
8
4
4
3
1
1
3
6
6
5
3
1
8
1
4
1
1
3
4
1
1
2
3
1
3
5
1
3
3
1
3
3
4
1
3
3
5
1
4
4
7
6
5
1
1
5
6
4
0
3
7
7
6
1
1
1
3
3
3
3
5
4
0
5
3
6
8
2
4
3
4
4
5
6
3
2
5
1
6
3
4
3
8
7
1
1
2
1
5
3
3
1
6
2
3
5
9
6
5
5
3
4
3
6
2
6
4
3
5
9
3
1
3
7
3
3
7
3
2
4
1
1
4
4
4
6
9
3
8
1
1
5
5
1
3
3
3
1
1
2
6
3
5
6
4
8
8
7
7
3
3
5
1
5
5
5
4
7
4
6
3
3
1
2
3
3
6
3
2
4
3
1
4
3
5
8
5
6
3
3
5
1
5
3
3
2
3
3
6
1
2
5
3
3
3
2
1
0
3
5
3
2
1
4
3
3
6
3
3
7
1
5
6
7
5
3
4
6
2
4
2
2
4
2
2
6
5
29
6
4
7
6
2
31
2
4
4
8
4
6
7
6
2
7
6
9
5
2
6
6
4
5
13
1
2
4
6
0
2
3
4
4
24
13
5
0
3
5
6
8
2
4
2
5
2
4
5
4
5
4
4
20
5
4
27
4
5
3
6
4
2
4
0
4
4
3
7
23
5
5
5
4
6
12
3
3
5
2
4
6
4
6
4
7
6
4
2
4
5
5
5
5
25
2
9
4
33
4
6
5
8
5
8
7
7
6
5
5
3
4
10
4
29
3
7
7
6
6
7
5
2
7
5
4
2
5
5
5
22
5
5
4
2
29
6
4
4
6
7
6
4
5
5
8
1
35
8
2
2
8
4
5
2
3
18
6
12
6
6
4
5
5
4
7
6
5
7
2
6
8
4
30
4
4
6
7
13
7
6
5
4
4
4
3
13
5
6
6
2
3
29
4
7
2
6
4
4
2
16
7
5
5
55
6
7
7
5
6
6
6
3
2
3
4
2
4
4
7
8
10
14
4
4
4
3
20
6
30
3
4
2
5
2
4
2
4
1
2
6
4
3
6
4
2
23
2
5
4
16
3
1
3
17
2
5
2
2
2
5
6
4
3
23
6
10
3
1
4
24
5
4
4
6
5
7
