4
4
2
6
20
4
10
4
8
4
6
2
4
6
4
4
2
4
51
4
22
10
8
6
6
4
4
8
10
10
9
8
23
6
6
6
8
10
4
6
2
4
6
6
6
6
12
14
4
10
10
4
4
8
6
4
4
10
14
8
10
8
6
14
8
6
8
2
10
4
19
12
8
6
4
10
25
8
2
4
2
8
4
4
8
4
8
8
12
4
6
10
7
58
8
6
10
13
8
8
10
10
12
11
4
11
6
12
6
6
2
6
6
4
6
4
14
12
8
4
4
6
6
8
6
6
8
2
6
11
13
8
12
8
14
10
8
4
8
8
8
8
8
14
4
6
6
6
12
6
2
10
6
8
4
2
2
6
4
10
6
8
8
5
2
4
6
15
14
2
4
17
12
4
6
8
8
6
12
6
4
6
4
4
4
6
6
4
4
8
4
8
4
6
8
4
12
4
8
8
14
8
4
43
23
4
11
10
8
5
6
4
4
8
15
2
10
2
10
4
12
36
5
6
6
4
11
6
6
10
10
2
6
11
17
36
8
7
6
4
12
4
8
8
2
4
8
37
4
8
6
6
4
10
4
8
6
8
6
4
6
4
10
14
8
10
11
6
4
12
8
8
4
4
8
6
10
8
12
4
6
6
6
6
6
21
4
4
4
4
4
4
6
4
4
4
4
6
4
4
4
4
4
4
4
4
4
4
4
6
4
4
4
4
4
4
4
4
4
4
4
4
4
4
4
4
4
4
4
4
4
4
4
4
4
4
4
2
6
4
4
4
4
4
4
4
4
6
4
4
4
4
4
4
4
4
6
4
4
4
4
4
4
4
4
4
4
4
4
4
4
4
4
4
4
4
6
4
4
4
4
4
4
4
4
4
4
4
4
4
4
4
4
6
4
4
4
4
4
4
4
4
4
4
4
4
4
4
4
4
4
4
4
4
8
4
4
4
4
4
4
4
4
4
4
4
4
6
4
6
4
4
4
4
4
4
4
4
6
4
4
4
4
4
4
6
4
4
4
4
4
4
4
4
6
4
4
4
4
4
4
4
4
4
4
4
4
4
4
4
4
4
4
4
6
4
4
4
4
4
4
6
4
2
4
4
4
6
2
4
4
6
4
4
6
4
4
4
4
4
4
4
4
4
4
4
4
4
4
4
4
4
4
4
4
3
4
4
4
4
4
4
6
4
4
6
4
4
4
4
4
4
4
4
6
4
4
6
4
4
4
4
4
4
4
6
4
4
3
4
4
4
4
4
4
2
4
4
4
4
4
4
4
4
4
4
4
4
6
6
4
4
4
4
4
4
2
32
30
32
25
3
33
20
5
15
3
39
42
27
23
15
31
25
5
35
21
1
56
25
34
1
30
30
27
36
32
16
16
24
14
35
46
3
33
29
28
36
39
28
0
16
66
0
3
29
6
0
14
24
41
29
30
12
17
55
5
21
1
34
25
22
35
24
0
18
31
24
30
6
20
42
32
28
27
26
21
6
37
2
26
27
30
39
14
34
29
23
2
16
58
3
21
25
25
33
1
24
12
39
26
15
12
66
15
17
1
23
36
17
27
22
26
22
17
22
21
1
27
37
2
33
13
6
40
26
18
26
15
28
36
5
35
32
43
41
31
25
46
23
48
25
26
18
15
24
12
17
1
11
43
22
12
16
22
2
23
16
14
17
23
23
24
19
33
13
20
23
28
19
20
25
27
14
20
24
25
23
4
16
29
38
24
46
18
8
19
33
29
4
18
0
2
42
24
30
49
1
31
36
22
19
31
10
15
0
19
22
19
1
20
10
30
22
3
3
8
2
1
25
21
15
1
14
7
7
21
4
14
17
13
10
17
25
19
12
21
7
23
8
21
13
5
22
11
16
17
22
2
14
15
14
17
3
23
23
21
15
1
12
29
24
15
26
16
23
17
1
26
21
17
2
23
12
12
16
1
19
9
20
23
23
16
9
12
8
0
8
5
6
0
8
8
10
14
6
6
7
6
0
0
4
6
0
0
6
4
0
3
2
8
0
6
4
6
0
4
6
6
0
6
0
8
0
6
0
10
0
8
0
13
0
8
0
8
8
8
0
10
9
5
8
12
0
4
0
12
0
6
0
8
4
10
8
8
0
6
8
8
0
4
0
12
0
0
10
6
0
6
6
6
10
0
12
10
0
0
8
6
7
0
6
8
4
0
12
6
4
0
8
6
0
0
6
4
0
0
6
8
0
0
8
6
0
0
0
0
0
8
6
7
0
10
8
0
0
12
4
8
0
0
6
6
0
0
0
0
0
0
0
0
0
0
0
2
10
0
0
8
0
0
8
0
5
2
6
0
0
8
0
8
0
10
9
4
14
8
4
0
0
0
0
0
0
0
0
6
0
0
6
0
0
5
0
10
8
0
13
8
10
10
6
0
6
0
17
6
8
0
9
0
6
0
3
0
14
0
4
0
12
0
8
2
8
0
12
6
10
8
8
0
10
4
14
0
8
0
6
0
8
12
12
0
8
6
0
4
0
6
0
7
5
2
0
6
14
4
0
4
4
4
6
8
14
8
0
3
10
10
0
14
8
8
0
9
14
7
0
14
0
0
0
8
8
0
7
10
5
6
0
16
10
8
6
27
8
6
23
10
8
2
23
10
17
10
10
12
10
17
21
10
10
8
19
10
15
8
2
6
8
14
8
8
15
4
12
12
15
11
8
12
8
6
15
4
4
14
25
2
8
8
8
23
4
14
6
4
17
12
13
12
13
2
15
6
13
8
6
15
10
2
6
6
17
4
17
21
4
12
15
8
8
8
15
8
10
8
8
12
21
10
19
41
19
15
12
10
15
29
13
15
13
12
8
10
6
17
21
21
8
15
10
8
12
19
23
15
8
10
4
23
13
10
15
4
19
21
10
8
14
8
17
10
19
13
14
6
23
15
14
10
17
14
8
23
14
23
17
21
15
14
14
8
23
10
11
8
10
33
6
8
8
15
17
21
6
8
17
6
6
6
6
17
15
23
6
4
10
14
2
0
19
10
8
19
17
4
6
12
27
29
14
8
15
10
10
6
12
8
12
19
10
6
37
15
35
23
17
25
6
13
23
15
21
35
15
10
6
2
19
9
13
12
6
14
10
10
21
15
10
10
12
17
8
15
21
14
11
10
12
15
27
6
14
12
40
15
19
12
25
14
23
15
6
29
15
13
10
25
23
21
25
27
8
10
10
17
6
4
17
25
12
13
6
19
10
6
27
10
8
10
95
15
25
10
19
8
10
8
10
0
32
3
4
0
2
0
18
13
24
5
1
0
42
20
1
21
4
21
26
22
7
15
14
9
21
3
0
3
30
25
0
33
5
25
0
0
32
6
0
79
7
37
40
2
7
23
19
4
80
0
35
4
74
66
0
35
14
9
20
6
45
4
13
0
0
0
3
5
0
2
6
6
34
0
0
0
14
75
79
70
0
0
0
2
0
0
0
2
2
5
21
0
15
19
1
25
16
2
0
4
18
2
0
35
2
35
5
25
8
17
0
18
26
0
5
0
51
0
8
9
17
6
0
20
7
31
0
0
23
16
0
7
0
33
6
21
4
0
7
0
18
0
15
12
0
5
0
3
13
30
0
8
0
3
0
24
5
35
10
17
0
0
23
0
32
3
0
35
3
14
0
0
0
0
11
0
8
0
5
11
22
3
28
2
21
23
6
0
0
3
0
0
49
0
28
0
31
8
6
0
36
16
2
13
22
8
58
0
7
22
2
0
0
16
0
0
2
0
0
25
0
24
11
14
7
0
12
28
23
0
89
20
4
0
30
5
18
2
0
2
28
0
21
7
0
3
4
24
2
0
30
14
3
29
32
7
4
10
16
24
38
11
30
71
0
25
21
9
3
34
7
0
25
2
23
2
0
28
4
14
3
32
0
40
23
55
0
0
5
3
6
4
2
4
4
2
7
5
6
4
6
4
4
5
4
2
15
3
19
2
0
2
2
0
7
4
2
15
2
2
13
2
9
2
4
2
5
4
5
0
5
29
2
0
4
6
5
3
6
2
2
2
5
4
4
2
2
4
2
2
0
3
5
2
2
2
6
6
2
4
3
2
11
4
2
4
2
13
4
7
2
2
7
5
0
3
4
7
4
3
2
13
2
2
5
4
0
15
2
2
2
4
2
2
4
6
4
6
0
2
2
2
5
17
5
2
0
4
4
4
4
5
0
6
4
2
0
2
4
5
3
4
0
6
5
2
0
2
7
4
4
2
3
6
5
4
4
6
4
6
6
2
2
5
7
3
9
0
2
4
3
4
4
4
0
4
2
5
7
2
2
2
4
2
2
4
4
4
5
7
4
5
2
4
3
4
2
6
3
2
6
4
4
4
4
13
2
0
4
5
2
0
2
2
2
4
4
2
2
6
4
2
4
6
9
0
6
4
2
7
2
7
2
2
2
4
2
0
2
3
0
3
4
4
5
4
0
2
5
2
2
9
6
0
6
2
0
2
4
4
7
0
2
5
2
7
2
2
4
6
5
7
4
2
2
6
11
4
5
9
4
6
5
2
0
4
5
3
2
9
6
4
0
4
2
72
0
66
2
0
0
0
4
0
0
54
29
83
32
28
82
0
0
0
0
0
0
7
0
44
30
0
40
0
0
0
0
0
0
51
24
5
0
0
18
56
0
0
0
0
0
4
2
88
13
31
35
0
0
0
0
0
0
90
0
36
53
62
36
0
0
0
0
2
0
87
33
6
55
48
26
30
2
0
2
0
4
50
37
49
29
4
34
0
11
2
0
0
0
24
29
31
3
25
73
54
0
0
0
0
0
85
6
2
66
3
26
44
0
0
0
0
0
87
69
70
20
30
30
0
0
0
0
0
0
9
40
7
24
46
29
45
0
0
2
0
0
4
13
37
29
32
22
29
0
0
0
0
0
0
0
28
33
0
30
0
0
0
0
0
0
15
39
44
5
41
59
0
0
0
0
0
0
5
28
28
0
5
28
0
0
0
0
0
0
0
26
32
0
18
36
0
0
0
0
0
0
93
4
64
55
2
36
0
0
0
0
0
0
92
33
36
36
0
31
0
0
0
0
0
0
87
66
2
25
34
82
0
0
0
0
0
0
19
20
14
41
30
4
47
5
43
26
38
58
48
85
0
0
0
0
0
0
0
0
0
0
11
41
31
38
60
43
0
0
0
0
0
0
81
81
88
0
0
0
0
0
0
0
0
0
92
72
0
4
4
6
2
12
0
8
2
0
0
2
0
0
8
4
0
0
6
2
0
0
2
4
7
0
0
0
4
0
0
0
4
0
0
6
8
0
2
0
6
0
0
0
0
0
4
0
0
0
4
0
65
0
0
2
0
4
4
0
0
8
0
2
6
6
0
0
2
6
0
2
0
2
2
4
0
2
2
0
2
0
2
0
0
0
0
6
0
4
8
2
2
4
0
0
4
5
0
6
2
0
0
0
0
4
4
2
2
2
0
4
4
0
2
2
0
0
6
2
2
4
0
4
6
4
0
2
6
4
0
2
0
0
2
4
2
4
0
0
8
2
4
2
0
40
2
2
0
0
0
73
2
10
6
4
2
4
6
0
2
0
2
4
4
0
6
0
12
0
6
0
0
6
0
2
2
6
4
4
0
4
0
0
2
0
8
2
0
4
0
4
2
0
4
3
0
2
6
4
4
4
2
0
0
4
4
0
2
0
2
9
5
2
2
0
2
6
4
2
5
0
2
0
4
0
0
0
6
0
7
4
2
4
6
6
0
5
5
2
6
0
2
4
12
0
4
2
0
0
0
0
2
0
2
0
2
0
0
4
0
6
2
2
4
0
2
0
0
2
0
6
0
0
0
6
0
0
2
0
0
0
0
2
67
0
2
2
6
4
6
8
4
4
2
4
4
4
4
8
8
6
4
9
6
9
8
4
4
6
7
7
6
14
4
6
7
14
10
8
8
8
9
7
6
9
6
6
6
4
2
6
4
4
4
2
2
4
2
2
8
4
2
2
4
6
7
2
2
10
8
2
4
2
2
4
10
4
2
4
2
6
9
4
7
2
2
9
2
6
8
8
9
11
2
4
4
2
2
4
6
2
5
8
4
6
4
4
4
2
2
2
8
4
7
2
4
4
6
4
4
2
2
6
6
6
4
4
4
6
8
4
8
7
2
6
4
9
7
2
6
2
6
5
4
6
8
8
5
2
9
9
9
11
4
5
2
4
2
4
7
2
4
2
6
4
4
4
4
11
7
0
6
4
2
8
2
9
4
6
2
6
2
6
4
4
2
7
4
4
4
2
7
2
6
4
2
8
6
11
4
2
6
6
2
6
2
8
4
2
2
17
6
6
2
9
4
4
6
4
2
4
4
7
6
2
4
4
4
2
2
8
6
2
4
2
4
6
6
6
6
2
4
4
6
6
9
6
7
44
8
8
4
4
8
4
2
8
4
4
4
4
4
7
4
5
18
2
7
7
7
8
2
3
4
7
9
7
5
4
6
4
5
2
4
4
4
8
0
2
4
4
6
4
4
4
