17
20
19
15
17
16
14
16
14
16
11
19
17
14
16
14
16
15
15
14
14
18
12
15
19
13
15
17
18
19
16
16
14
12
13
17
19
15
11
17
16
18
18
14
18
18
16
21
16
19
24
17
17
13
14
14
19
18
12
18
16
17
17
20
15
15
15
15
19
14
13
18
11
19
15
15
17
17
15
14
17
17
14
19
14
16
17
12
14
14
15
14
14
18
11
16
15
15
15
16
18
16
14
14
14
15
10
14
20
21
15
16
16
16
17
19
16
19
11
16
19
17
15
15
19
16
15
24
17
16
14
17
20
20
21
16
16
18
15
16
18
21
8
17
19
14
20
16
17
16
14
18
14
13
13
16
14
14
15
14
18
17
18
16
15
11
12
17
16
16
17
14
18
14
27
14
14
14
15
13
14
14
16
19
15
14
19
12
17
15
16
16
13
17
17
16
16
17
17
15
14
13
14
14
16
19
20
18
18
17
13
19
20
16
12
17
13
17
14
13
17
17
14
14
14
16
13
17
16
15
15
17
16
15
17
19
14
17
13
15
17
16
15
17
18
16
16
18
17
13
14
14
17
14
17
19
15
20
16
15
17
15
11
18
17
15
16
18
12
15
12
14
16
16
14
15
18
15
18
17
16
20
11
14
14
17
15
13
3
13
7
3
9
11
3
3
7
5
5
11
7
5
5
5
5
7
0
0
7
3
5
3
7
7
1
13
5
5
5
9
7
2
11
7
9
3
7
11
9
0
2
7
7
7
23
3
5
5
1
21
11
1
7
5
3
7
23
5
3
5
13
5
17
19
11
9
11
17
9
7
9
15
19
17
14
5
9
15
15
13
7
9
25
5
60
15
9
13
11
9
15
9
15
19
19
13
44
9
5
7
19
19
15
13
9
15
13
17
11
9
15
17
5
11
15
21
7
15
9
11
15
13
13
11
11
9
13
13
13
15
13
17
21
15
17
9
9
13
19
15
21
9
13
9
19
11
21
15
29
9
25
19
31
21
25
7
11
19
19
15
13
27
11
17
7
9
19
15
17
19
11
13
17
7
9
15
13
17
13
27
29
21
23
17
27
17
19
15
17
7
24
15
11
15
19
17
18
23
21
19
9
21
9
19
21
9
30
9
21
13
13
5
15
11
15
13
13
19
11
15
21
21
15
13
15
11
17
11
13
11
11
13
9
9
3
13
15
25
13
5
9
9
21
3
21
5
5
9
5
9
7
1
7
11
2
5
13
3
7
7
5
19
7
5
9
5
7
3
13
5
15
9
1
1
7
5
5
3
5
1
5
7
11
15
3
7
13
19
25
13
25
15
9
21
19
23
27
16
13
11
9
7
5
17
21
13
9
2
25
13
11
25
17
23
15
17
15
5
20
33
21
9
23
9
11
15
21
15
9
9
29
13
17
15
9
7
50
9
7
9
5
15
16
13
11
21
13
9
15
9
15
17
9
23
13
19
9
11
9
17
11
17
25
56
19
31
13
9
21
19
23
15
19
15
15
21
17
11
19
15
27
23
23
27
11
15
9
9
36
13
17
17
19
23
25
35
21
23
5
13
13
7
17
15
19
11
13
18
20
5
27
13
17
17
23
9
13
9
21
15
23
25
5
13
21
11
19
21
21
17
19
21
19
22
21
25
21
15
27
11
25
58
15
31
21
13
23
21
33
19
11
9
9
17
25
15
13
15
21
15
23
15
21
23
19
31
17
23
21
31
31
19
29
27
17
15
26
11
22
11
21
35
30
23
21
21
13
11
13
13
15
17
15
15
1
7
9
9
15
13
17
9
13
9
13
9
9
25
7
9
7
13
25
7
11
13
13
21
15
13
3
17
11
15
13
21
13
11
13
11
13
11
25
7
17
9
3
2
5
13
5
19
9
3
7
3
3
9
3
5
5
1
5
3
1
3
0
5
3
3
2
2
1
3
9
11
0
5
1
7
7
7
7
0
3
3
0
82
5
1
3
1
3
3
3
5
3
1
1
3
1
6
3
1
3
1
3
1
3
1
4
7
13
3
3
1
10
1
3
7
1
7
8
5
1
1
3
1
1
0
10
4
1
5
3
10
1
7
1
3
6
3
1
3
8
7
7
1
2
3
5
3
4
7
13
1
3
1
1
5
1
1
1
1
3
3
3
3
32
0
3
3
5
0
3
1
1
3
0
3
1
7
3
3
5
3
5
3
3
48
12
1
12
3
8
37
3
5
6
10
9
5
3
1
5
11
0
1
5
1
3
1
3
1
1
9
1
22
1
1
5
1
0
4
1
1
5
3
1
3
0
3
3
5
3
3
3
3
1
8
5
43
1
80
16
3
60
1
5
60
1
1
7
3
1
4
1
1
1
5
3
5
5
0
3
1
11
3
82
3
5
7
1
0
3
3
3
5
3
7
1
7
5
5
9
0
1
75
1
3
3
3
3
7
34
1
6
5
5
25
10
3
1
6
5
1
1
4
3
3
3
43
3
4
13
1
1
0
1
5
1
3
1
3
5
4
4
3
1
0
3
5
1
1
3
17
4
1
5
80
1
3
5
36
1
1
7
1
3
3
1
10
1
5
9
0
7
0
3
1
5
1
3
3
5
0
1
5
5
0
3
5
69
64
29
19
46
41
32
24
47
42
50
28
40
42
25
55
48
50
41
54
35
37
39
34
42
35
48
37
26
51
42
37
42
35
24
73
50
54
59
73
53
41
41
33
32
52
36
54
41
40
68
27
42
33
55
31
41
38
40
45
34
72
37
26
48
43
41
30
46
62
40
56
41
34
49
58
45
33
48
33
39
41
37
40
45
40
52
34
38
33
44
40
52
46
36
29
41
52
37
62
44
40
51
56
42
35
31
41
38
43
34
39
43
67
30
38
80
64
53
39
49
44
38
45
50
45
55
22
89
58
27
24
33
31
32
30
27
29
31
33
25
21
22
38
32
20
22
23
31
34
40
27
33
43
39
31
53
45
53
40
81
54
73
32
38
52
37
48
37
47
37
37
47
65
35
45
42
26
44
35
44
44
49
51
55
60
35
37
30
47
45
56
33
52
52
38
66
58
37
55
46
53
22
40
68
55
48
46
50
28
36
32
32
48
16
68
52
55
27
50
39
52
48
34
26
47
43
40
58
50
45
32
33
47
43
50
45
54
45
45
35
41
45
43
33
55
38
82
44
54
90
31
26
33
31
41
45
48
54
55
45
55
56
50
34
33
25
37
63
42
45
47
65
51
49
50
30
37
28
36
42
66
53
50
52
43
39
24
2
0
3
1
0
2
2
0
0
1
0
2
0
0
3
2
2
3
0
4
0
3
0
4
2
0
0
1
1
5
0
2
2
2
0
0
0
2
2
2
0
2
2
2
5
2
3
3
0
0
2
3
2
1
0
0
2
0
0
0
2
0
2
0
0
0
2
3
0
2
0
0
0
1
2
0
0
3
2
2
2
0
2
2
0
0
2
0
0
1
0
2
0
0
0
0
0
0
1
2
2
0
2
0
0
0
2
0
0
0
2
0
3
3
3
2
1
0
0
0
2
2
1
0
0
0
6
0
2
2
0
0
2
0
0
2
3
0
3
3
0
0
2
4
0
4
3
2
2
0
0
0
2
5
0
2
0
1
2
1
2
0
2
0
2
2
2
2
2
2
3
0
0
1
0
0
0
0
1
2
0
0
0
2
5
0
2
2
0
0
2
2
2
4
5
1
0
0
0
2
0
2
0
0
0
0
0
2
2
0
0
0
0
3
0
2
0
2
0
0
3
0
1
0
0
2
0
2
2
2
2
1
0
2
1
2
3
1
2
0
0
2
2
2
2
0
0
0
1
2
2
1
2
8
0
0
0
3
0
0
2
0
0
2
2
0
2
0
2
0
0
0
2
2
0
2
2
2
8
0
2
0
2
3
2
0
4
0
31
9
29
13
29
50
29
17
12
19
19
15
19
13
21
23
21
21
21
17
33
19
17
15
17
38
13
21
25
17
27
25
31
23
21
21
23
25
19
50
31
18
41
37
13
25
29
39
37
19
29
27
23
11
17
54
31
64
17
19
31
19
21
17
43
21
31
27
43
29
31
56
41
27
64
19
33
25
50
21
54
46
52
70
60
25
31
9
31
41
27
54
13
39
27
41
35
25
39
31
54
23
30
15
13
53
33
62
44
55
43
48
31
46
19
17
9
25
62
31
47
62
23
3
5
13
17
11
11
19
13
37
29
17
23
29
31
11
11
15
9
21
15
19
25
11
11
5
9
17
29
15
15
36
15
11
13
25
7
9
15
21
15
15
23
7
13
13
9
13
27
9
13
15
19
5
13
15
7
15
15
13
7
15
17
21
23
23
23
23
13
11
3
5
15
25
7
13
9
5
15
9
17
15
23
11
5
23
9
15
11
5
25
13
5
13
5
7
23
7
15
29
11
13
23
19
19
23
50
41
25
25
48
9
23
41
25
13
39
23
43
29
45
37
13
23
33
27
21
23
33
23
25
21
23
15
21
40
21
45
23
19
19
13
9
38
21
19
19
11
31
25
15
27
21
13
19
13
27
13
27
9
23
13
13
29
11
7
12
6
0
9
0
0
0
16
15
13
20
0
0
13
16
0
17
19
18
0
10
1
2
17
16
13
18
16
0
0
0
0
17
15
17
0
0
0
16
6
7
0
5
0
0
0
2
22
14
11
14
0
0
0
17
6
0
20
0
2
0
2
0
0
16
14
15
16
0
2
0
0
14
3
16
0
0
0
0
19
20
16
18
12
0
2
0
13
6
0
20
13
14
0
0
0
2
16
17
19
11
0
0
2
0
8
20
11
2
0
0
18
15
16
14
0
2
0
14
2
3
3
14
0
2
0
15
10
18
21
0
0
0
11
14
11
19
0
0
2
0
15
17
0
14
0
0
0
16
16
15
2
3
2
2
19
0
6
11
17
0
0
2
0
0
0
19
3
0
0
0
25
16
20
13
5
0
2
18
0
16
18
8
0
0
0
25
16
15
12
12
2
0
0
0
19
11
0
0
0
0
15
16
18
0
0
0
0
16
13
18
0
0
2
0
0
15
9
6
0
0
0
8
16
16
0
0
0
20
0
0
15
0
0
0
13
19
15
17
0
0
0
0
18
0
17
2
2
0
0
0
17
7
17
7
0
0
0
0
16
8
23
2
2
0
2
0
11
13
17
2
0
2
0
17
14
15
0
0
2
0
16
16
17
17
0
0
0
8
17
14
14
4
4
10
14
4
16
8
2
14
16
2
16
10
4
0
22
29
8
6
12
2
2
12
10
4
10
4
2
12
34
16
6
28
22
4
14
20
31
4
0
0
6
0
6
13
2
2
2
4
0
2
8
2
6
2
2
4
6
12
4
0
8
6
14
12
10
4
6
8
8
8
2
2
8
8
8
18
16
18
10
6
12
4
4
10
2
8
14
16
13
2
8
4
2
8
8
0
4
12
10
16
4
2
18
6
2
4
8
4
6
33
14
4
29
27
10
10
27
33
4
10
2
14
0
14
4
16
2
20
0
8
18
24
10
16
16
14
10
16
6
2
8
10
4
4
2
2
8
6
2
2
0
6
6
14
12
12
16
12
12
4
16
2
4
22
0
24
2
12
2
10
4
24
4
16
4
16
4
14
4
16
35
8
20
2
0
8
4
4
2
18
21
31
2
2
6
10
8
23
14
29
2
6
4
12
12
16
18
14
12
19
4
6
12
33
8
6
4
6
4
16
8
4
6
16
14
8
16
4
4
2
0
6
4
8
6
4
8
4
0
4
2
16
20
14
12
22
8
2
4
4
10
0
2
4
12
14
4
10
10
8
4
8
12
12
10
10
2
2
6
6
4
2
4
8
4
6
0
4
4
6
4
18
18
2
2
2
4
6
4
2
2
4
2
0
0
10
2
6
4
4
2
2
4
4
2
2
0
2
2
2
2
4
4
4
2
4
2
4
6
4
2
8
2
10
4
4
2
0
2
2
4
0
0
2
4
2
2
4
4
0
4
4
4
6
2
4
2
4
4
2
4
0
2
4
4
4
4
4
4
0
2
4
10
2
4
4
4
0
4
2
2
0
0
2
0
2
0
0
4
2
0
4
2
2
2
0
13
0
2
0
0
4
2
4
2
2
2
0
6
2
0
2
6
2
6
4
2
2
0
4
2
4
0
2
6
2
2
2
2
4
2
4
2
6
4
2
2
2
4
0
0
2
6
2
8
2
4
0
2
2
4
4
2
4
0
2
0
6
2
4
4
4
2
0
8
4
4
4
4
0
4
2
2
4
2
2
2
0
0
4
2
2
0
4
0
4
4
2
4
4
2
4
4
2
2
8
2
0
2
2
2
2
4
6
2
6
2
2
0
0
4
2
0
4
6
4
4
0
0
2
2
6
6
4
4
2
2
2
2
2
4
0
4
4
4
2
2
4
4
0
0
2
0
2
2
2
0
2
4
2
0
2
2
4
2
2
8
0
0
4
0
4
4
2
10
4
2
6
0
2
4
2
0
4
0
2
0
2
8
2
4
