0
4
0
6
4
2
0
6
4
0
7
13
2
9
11
17
7
8
6
2
15
4
6
2
6
2
18
2
4
0
39
2
5
2
2
4
0
6
4
0
0
2
7
4
2
4
2
11
4
4
2
10
4
4
11
27
4
4
2
6
3
1
4
2
6
4
7
4
68
3
20
6
2
4
4
4
0
4
4
6
2
2
3
2
6
4
29
11
0
7
6
0
7
12
3
7
6
4
2
4
4
9
2
2
6
4
7
6
2
6
6
0
6
54
2
2
11
17
5
2
7
5
21
3
6
6
49
4
9
6
4
4
2
4
5
1
4
6
2
3
2
3
2
2
0
2
59
4
11
9
4
4
44
4
4
6
5
5
48
8
2
2
5
4
0
2
2
4
2
7
4
13
62
6
2
0
0
4
4
2
10
2
0
3
4
8
2
6
9
4
4
3
4
6
4
10
6
0
41
10
19
2
4
6
4
4
3
13
4
4
2
9
16
2
4
5
5
2
6
4
6
2
0
7
5
6
4
2
4
3
4
2
4
6
2
4
2
2
4
7
0
0
2
4
4
4
2
2
4
4
0
2
6
2
5
6
2
2
4
0
4
0
4
2
6
6
4
8
4
6
4
6
4
6
2
2
5
2
4
4
4
0
4
8
2
24
6
20
20
11
5
0
5
6
15
6
9
2
4
11
0
8
6
2
7
4
4
8
4
4
9
6
4
9
2
0
10
2
6
4
6
2
6
6
4
2
4
6
4
6
4
11
4
8
4
4
13
2
6
4
11
4
6
7
4
2
7
2
11
6
6
6
6
8
0
6
4
0
7
6
11
5
13
7
6
17
8
17
17
15
11
15
9
17
11
8
17
10
8
11
14
11
7
14
8
14
7
8
18
17
7
15
13
9
9
15
17
23
13
11
7
19
15
11
7
14
15
9
4
10
12
54
21
11
11
15
6
9
8
9
15
19
19
15
17
13
11
9
13
12
9
17
10
8
12
9
9
13
17
11
8
9
8
17
15
17
9
9
15
51
19
17
6
8
9
6
11
10
8
30
15
9
15
10
12
15
15
6
15
17
25
27
17
9
8
9
11
21
13
15
8
17
8
13
8
19
9
27
9
9
12
6
21
19
12
29
15
21
11
8
13
7
16
8
13
9
17
17
8
13
4
15
9
17
13
10
11
15
13
9
6
15
4
17
8
17
12
17
15
10
4
15
7
5
10
11
11
4
15
12
7
15
6
11
13
6
5
6
8
6
19
6
0
10
6
8
4
5
10
8
8
4
4
8
2
9
4
9
10
6
7
11
13
8
4
6
96
96
96
91
98
99
97
98
94
95
95
96
91
98
94
90
92
89
91
89
86
88
97
93
96
96
96
96
95
94
96
94
95
92
89
96
96
92
94
98
92
94
91
88
86
92
97
96
88
97
93
95
96
95
98
96
94
97
94
94
98
99
96
94
97
97
82
91
92
95
96
88
92
99
96
96
97
95
90
96
96
83
96
90
94
96
97
96
88
85
90
99
96
94
96
94
97
90
94
96
98
95
96
97
97
95
96
90
96
94
82
98
93
92
87
98
96
96
95
95
95
93
90
95
96
89
95
76
91
94
87
94
97
97
97
97
94
90
96
97
93
95
96
98
91
97
94
93
91
90
97
95
96
90
85
96
91
96
91
85
83
95
98
95
96
96
92
97
95
92
93
95
95
93
93
79
96
96
92
94
89
90
95
92
94
96
96
93
94
95
94
94
96
96
96
98
96
96
94
93
96
95
94
96
88
94
94
95
94
94
89
98
96
93
90
95
81
94
95
95
81
88
95
96
84
95
90
91
82
95
82
92
92
90
97
90
90
94
93
80
91
84
89
97
60
91
72
94
86
82
70
95
93
95
97
89
90
97
95
95
99
87
83
95
95
94
98
96
94
94
92
94
90
86
93
86
97
91
94
74
90
88
95
79
86
81
64
95
9
19
20
11
14
9
24
14
10
8
12
27
24
2
6
11
3
0
7
11
7
9
9
8
8
7
19
2
7
9
7
9
3
18
35
16
18
6
10
17
8
5
6
7
9
7
15
7
11
9
5
17
13
9
16
20
19
7
27
17
18
14
7
18
29
13
15
35
30
28
3
6
12
5
46
7
7
9
11
18
7
5
14
5
3
3
20
9
14
14
4
5
4
3
5
10
15
11
5
14
6
9
6
7
9
9
5
11
12
7
5
5
20
5
5
9
14
10
9
7
7
7
8
13
10
8
5
10
13
5
7
9
7
7
8
2
38
7
5
9
7
3
2
10
2
9
5
16
9
12
7
15
9
14
5
5
7
8
12
3
5
5
12
19
14
9
9
10
12
5
5
7
5
4
5
7
3
2
7
2
5
19
5
11
14
7
5
12
3
8
11
5
10
6
9
6
10
20
20
24
30
8
24
14
44
8
23
23
9
7
9
5
9
8
13
22
10
10
14
25
6
14
19
18
19
12
22
18
23
8
10
10
12
15
10
40
14
19
11
16
25
25
8
21
21
12
20
18
24
17
9
5
11
6
17
14
35
12
25
11
10
5
10
19
30
6
13
15
22
20
26
12
12
11
8
11
12
22
21
6
15
21
13
3
27
11
8
19
0
0
0
0
0
0
0
4
0
0
0
0
0
0
0
0
0
0
0
0
0
0
0
0
0
0
0
0
0
0
1
5
0
0
0
0
0
0
0
0
1
0
0
1
0
0
0
0
0
0
0
0
0
0
1
11
0
0
0
0
0
0
0
0
0
0
0
0
4
2
6
0
13
2
3
6
4
5
0
1
7
10
8
1
6
9
6
1
4
4
0
0
7
7
5
0
9
7
6
4
0
7
0
1
6
5
0
7
8
5
4
0
6
7
0
5
7
5
5
0
6
0
3
1
3
4
0
5
1
5
0
4
6
6
0
6
1
7
6
4
0
0
0
0
0
5
7
4
6
7
8
0
7
6
0
5
8
3
1
5
4
0
0
5
1
3
0
0
6
4
0
5
1
4
1
0
0
3
6
5
6
0
0
4
9
6
0
11
1
8
3
9
0
6
5
0
6
4
1
0
4
5
4
0
0
0
9
2
2
4
4
7
0
0
7
5
4
0
0
7
2
5
8
0
0
6
6
9
0
0
0
6
5
5
3
0
0
10
2
1
8
8
6
5
3
0
5
0
0
2
6
4
0
0
2
4
2
1
7
7
0
0
1
5
1
1
0
4
4
4
5
0
4
1
1
1
9
5
0
1
5
4
5
0
0
0
2
4
12
8
4
6
6
9
12
5
7
9
9
10
5
8
4
9
7
9
9
5
6
11
10
6
9
5
11
8
5
8
11
7
9
8
3
8
5
6
5
11
9
11
5
13
8
7
6
10
2
5
7
9
8
5
6
11
6
8
5
8
9
8
10
5
6
10
10
6
5
11
9
13
13
7
5
10
8
7
10
7
11
10
4
7
8
6
7
6
9
7
7
7
7
6
7
10
8
8
2
11
3
5
12
11
8
10
7
8
7
8
8
2
4
4
11
6
9
6
6
12
10
5
9
3
9
9
11
5
9
8
12
8
8
9
7
13
13
12
12
12
9
8
10
11
7
11
10
11
14
5
13
7
9
9
6
8
15
11
8
13
8
8
9
11
13
6
11
9
6
9
10
6
11
10
7
7
7
6
11
9
13
10
7
7
8
13
11
13
9
5
10
13
6
8
10
9
14
6
11
7
5
8
9
6
10
9
8
2
8
8
10
10
10
6
9
9
9
10
4
5
5
6
7
8
7
10
7
7
7
8
7
2
8
8
7
7
14
12
5
8
11
9
9
9
9
10
4
7
10
8
9
10
7
11
13
13
8
10
10
8
11
12
5
9
6
11
7
10
7
5
8
14
8
10
8
11
15
6
7
10
6
10
10
6
10
4
5
12
0
1
1
1
1
7
1
0
1
1
0
0
0
1
0
3
0
3
0
3
0
3
0
5
0
0
1
1
1
0
0
0
5
1
0
1
3
1
1
1
1
1
1
0
7
0
96
0
0
1
11
3
0
0
0
1
1
0
0
0
3
0
5
1
1
1
1
3
3
0
1
0
1
0
3
0
1
1
1
1
3
0
0
1
1
3
0
0
1
0
3
0
1
0
1
1
0
1
0
0
0
0
3
9
0
7
0
0
0
3
0
0
0
0
3
5
0
1
3
0
1
5
1
3
5
1
5
5
0
1
1
5
0
0
1
1
1
0
1
7
0
0
1
5
0
3
5
0
0
1
1
1
0
7
0
1
1
1
0
3
13
5
0
1
1
3
3
1
1
5
5
1
0
3
3
0
5
3
1
5
5
5
1
3
3
0
1
0
1
3
5
1
3
0
1
7
1
0
5
1
3
3
1
0
1
5
0
1
3
7
1
0
1
1
1
3
5
0
1
3
3
5
5
1
7
0
1
0
3
3
3
1
1
17
0
0
1
5
0
21
1
5
46
0
1
5
5
13
0
1
2
3
0
1
0
1
1
5
0
0
1
0
0
1
0
0
0
0
1
3
7
1
0
0
0
7
0
0
3
0
9
0
3
1
3
3
0
0
4
13
31
5
12
15
28
36
16
23
32
20
4
34
34
29
17
17
30
32
13
37
29
4
15
46
2
22
11
11
25
15
22
15
31
7
15
30
38
22
5
17
22
32
23
21
22
16
6
4
24
16
34
33
11
3
32
5
17
14
29
8
10
21
21
22
13
0
12
26
20
11
0
19
6
31
17
18
29
41
6
2
27
23
20
35
6
24
7
15
3
24
7
41
30
24
8
41
25
5
12
5
31
17
0
29
6
18
4
12
23
22
9
43
12
28
23
40
17
15
2
12
37
24
4
33
26
5
42
23
10
7
4
2
36
32
13
28
34
13
7
9
21
5
37
4
30
31
2
20
26
18
19
36
19
21
10
7
21
22
23
15
18
12
17
28
12
10
13
37
6
21
15
21
17
27
4
15
34
22
12
33
20
16
22
8
2
22
5
23
2
20
6
4
4
13
25
14
35
6
32
20
25
24
18
32
30
8
23
18
43
36
2
41
37
20
8
33
16
35
17
11
20
47
18
9
4
12
9
12
7
12
1
22
2
42
2
19
18
15
0
67
13
17
34
5
2
20
9
38
17
9
2
24
3
26
33
6
47
31
7
39
22
7
15
20
5
14
42
7
28
6
27
4
35
28
4
15
29
2
6
30
39
8
12
6
19
2
21
21
9
9
6
15
27
17
12
17
13
15
54
15
10
15
10
15
23
25
27
10
10
21
6
15
12
13
23
19
13
13
15
8
12
19
12
6
29
23
6
15
27
17
13
25
23
15
10
10
21
27
13
15
23
15
40
17
19
25
17
40
15
23
27
25
17
23
17
13
12
21
42
35
46
36
17
21
29
21
35
21
29
42
15
11
33
23
31
25
10
17
19
17
36
13
13
10
29
19
60
8
57
42
33
27
19
11
13
19
42
19
38
49
12
8
36
42
40
36
31
36
33
19
17
32
17
31
50
27
19
23
31
29
48
23
27
6
13
6
6
4
8
8
4
19
6
8
2
4
10
8
10
10
6
6
10
8
10
10
4
10
8
10
4
8
11
10
8
2
6
8
10
8
13
4
8
6
8
2
4
10
10
8
8
4
4
4
6
10
4
8
10
2
6
15
10
42
6
6
4
12
12
8
10
8
8
8
10
6
2
6
4
8
4
8
4
13
6
6
4
10
6
10
4
6
8
19
19
29
15
38
11
12
19
10
17
10
10
8
11
19
19
8
21
10
15
12
15
19
10
12
13
17
12
8
17
25
15
13
29
17
17
23
19
19
36
11
17
11
19
27
15
17
19
23
31
8
19
13
21
4
23
10
17
15
8
21
0
4
2
0
2
8
6
2
4
2
2
4
2
0
6
0
2
0
4
2
6
4
6
4
2
6
2
4
4
2
4
4
2
4
2
2
4
2
2
8
4
2
6
4
4
2
4
4
0
2
0
0
4
4
2
2
4
2
2
0
0
2
4
2
0
2
4
6
4
2
2
2
2
8
0
0
2
0
4
4
8
2
2
6
2
4
4
4
4
8
6
0
4
4
2
2
2
6
4
2
0
4
4
2
0
4
4
0
2
0
0
2
2
2
4
4
4
6
4
8
2
4
0
2
2
4
2
2
8
2
4
4
0
4
2
0
2
0
4
6
6
2
0
2
2
6
0
0
4
4
2
4
4
6
4
4
0
0
4
0
4
4
4
0
4
2
8
4
2
6
2
6
2
0
0
2
2
4
2
2
4
6
2
0
4
0
2
2
0
2
6
2
4
4
4
4
6
4
4
2
6
2
0
4
4
4
2
2
0
6
4
0
2
0
4
6
2
2
0
2
2
2
0
2
2
0
2
2
4
2
2
2
0
0
0
6
2
2
2
2
6
2
6
2
4
6
0
2
2
0
4
4
0
6
2
6
2
4
8
0
4
4
0
0
2
4
10
0
0
2
4
0
2
2
4
2
4
4
4
4
4
4
6
4
2
2
4
4
