10
12
6
10
4
12
12
8
6
2
12
2
6
8
10
4
2
4
10
6
20
6
4
10
12
6
14
2
14
6
6
18
6
8
10
14
25
10
10
8
16
6
6
12
8
10
2
10
10
2
16
12
4
2
8
14
6
10
21
8
8
6
13
2
20
21
16
12
20
18
21
14
8
14
10
16
18
16
10
10
4
21
23
14
10
27
8
10
22
16
8
10
14
16
10
16
14
12
21
18
14
14
14
12
19
4
16
25
23
10
6
12
14
14
10
6
6
18
18
21
6
18
12
14
16
8
10
31
6
18
10
10
12
10
12
16
20
33
6
10
10
6
18
19
10
12
10
6
18
14
27
25
23
8
16
4
16
12
14
20
17
20
16
20
2
19
16
6
10
2
16
4
16
27
8
10
10
2
10
18
12
14
16
18
16
18
6
16
10
8
18
10
8
14
10
22
21
8
12
12
18
14
12
10
20
10
19
14
8
6
4
10
10
16
23
12
12
22
20
12
12
18
14
8
8
6
12
16
12
12
19
8
10
12
10
4
8
6
8
6
4
6
4
4
6
4
2
14
4
10
2
12
12
8
12
12
12
8
10
4
8
4
10
16
8
2
2
12
10
4
8
10
10
8
4
2
12
21
6
2
6
4
6
8
10
8
8
6
0
10
0
0
0
0
1
16
7
0
11
14
13
8
11
0
10
17
19
0
11
8
16
1
0
14
7
11
5
11
15
1
8
12
11
8
0
4
9
9
6
11
15
11
18
5
11
2
0
14
11
18
8
7
15
12
33
3
10
8
33
14
0
0
0
15
19
13
16
11
17
9
0
4
13
11
11
8
12
19
11
14
12
9
0
0
11
13
11
9
10
26
2
10
13
7
0
0
16
13
7
11
13
1
0
1
13
0
4
10
12
0
6
2
0
22
5
4
11
19
15
12
0
8
9
10
1
22
15
9
13
16
18
11
0
21
8
15
0
25
0
34
20
14
0
4
10
17
8
10
19
3
10
13
8
12
11
8
8
0
3
8
18
13
0
0
10
16
11
13
0
0
1
17
17
0
10
9
32
11
11
9
0
0
8
12
13
0
11
16
10
12
7
0
11
0
4
0
0
6
12
9
16
9
10
2
15
9
5
11
7
12
0
12
13
8
7
10
11
0
6
0
7
7
2
7
0
10
8
0
10
8
6
12
10
11
15
0
19
16
0
11
21
11
0
5
13
0
13
1
14
13
17
15
13
14
11
8
24
14
0
16
8
0
13
11
12
15
10
6
0
15
1
0
10
14
11
1
0
14
1
12
15
0
16
17
8
18
14
14
25
12
23
12
8
12
19
21
19
10
10
8
29
19
10
10
14
8
16
15
16
16
20
10
25
14
8
4
10
6
6
4
10
18
23
8
12
14
16
25
8
18
6
17
8
14
14
2
8
8
2
4
6
6
6
12
8
6
8
8
2
8
18
2
29
33
8
12
4
10
21
8
12
2
10
23
10
19
13
8
14
18
8
14
10
10
6
21
18
10
8
21
16
16
14
12
12
4
14
14
14
8
14
16
10
8
16
12
14
8
23
8
12
12
16
14
10
12
10
8
16
10
16
16
14
14
16
12
18
14
14
10
14
16
19
12
14
18
18
10
10
8
21
14
23
14
10
15
14
4
17
12
10
8
21
19
15
16
16
17
14
16
18
25
16
17
15
16
25
12
14
6
23
14
19
14
21
10
8
41
4
23
16
18
14
6
16
33
14
23
6
21
15
21
19
23
12
19
4
8
23
43
31
18
15
39
27
23
10
16
17
18
10
17
25
18
19
14
18
4
16
19
17
10
8
12
14
6
6
10
6
12
8
16
14
14
16
8
10
4
2
6
8
6
10
8
16
6
10
15
10
6
6
6
2
14
2
6
0
8
4
4
0
2
4
4
6
17
0
4
4
0
10
2
4
4
2
12
2
0
4
2
0
4
0
6
22
18
19
22
16
12
7
16
15
12
13
12
22
42
28
19
9
13
4
14
22
19
24
14
12
9
45
28
21
9
7
15
11
16
21
8
5
37
25
19
16
5
24
19
22
16
24
12
15
21
17
22
29
12
18
15
28
22
3
13
25
29
16
12
39
9
19
22
16
12
29
3
15
37
6
66
35
7
25
21
35
14
22
18
19
19
15
24
14
11
20
18
15
14
19
11
15
14
29
32
4
11
16
11
18
9
19
9
17
32
11
15
12
19
14
16
17
17
7
19
18
20
24
34
34
9
23
14
19
15
21
12
15
28
9
15
25
12
22
13
8
25
16
12
13
15
26
23
16
17
19
5
7
25
35
11
3
14
18
13
16
10
7
16
15
18
16
15
18
10
20
19
15
12
11
32
16
19
15
9
15
6
12
37
7
7
4
7
13
6
11
7
11
11
6
26
11
8
10
24
9
17
3
5
5
6
6
11
4
9
13
9
15
16
10
7
5
5
15
14
9
11
9
6
18
9
19
3
9
7
15
19
7
23
7
13
15
12
11
13
8
14
13
16
22
15
8
14
6
15
8
32
9
11
18
18
10
11
3
9
15
10
16
8
17
9
18
22
9
9
9
11
3
13
15
9
17
19
17
12
15
7
11
12
19
14
19
9
2
11
7
5
7
7
31
15
9
11
4
4
5
7
2
5
9
4
7
13
2
3
5
2
7
11
5
5
5
11
2
7
2
5
5
4
25
2
5
7
9
9
9
13
9
5
13
17
5
7
2
9
7
5
7
5
4
13
2
9
3
4
5
5
5
5
21
7
9
9
5
7
9
13
7
7
5
11
5
11
9
9
5
5
4
7
4
11
5
2
13
4
0
17
7
5
5
4
2
9
9
5
7
7
11
13
4
11
17
3
0
5
13
7
11
19
11
11
83
9
17
5
5
5
7
17
5
7
11
7
4
4
5
7
15
9
9
13
7
17
17
5
9
3
7
15
35
5
9
3
11
7
13
15
5
21
13
5
7
7
11
13
5
11
13
11
17
7
2
19
2
7
9
4
13
13
13
7
19
17
21
4
7
15
7
4
11
5
11
15
15
15
5
9
4
4
11
5
5
23
9
13
7
11
11
7
9
5
7
7
9
19
17
17
7
7
11
15
15
4
4
15
9
4
7
23
11
23
4
5
4
11
7
5
7
4
13
4
7
5
4
9
7
9
13
11
2
17
5
9
11
5
13
13
13
4
5
15
7
15
5
2
5
7
9
13
19
4
21
13
11
5
7
13
7
4
15
15
5
13
13
11
7
9
7
5
5
9
6
9
13
9
13
6
11
3
11
4
13
19
11
13
9
9
11
26
11
13
11
8
17
6
6
11
11
12
19
9
2
23
15
15
8
23
15
8
2
17
4
9
10
9
8
11
7
13
17
17
17
15
24
17
17
42
15
15
15
8
18
27
17
24
29
26
15
11
19
31
34
19
13
38
26
15
23
21
17
28
8
9
33
36
29
13
25
34
32
33
34
19
9
13
44
37
19
15
15
34
12
17
23
10
41
35
27
11
20
65
26
21
19
19
25
11
35
19
11
40
22
32
52
35
36
33
37
40
37
19
51
79
32
34
47
39
21
42
64
61
25
35
26
19
43
30
46
38
35
37
30
25
13
17
10
25
38
13
32
35
32
17
13
31
30
15
31
43
22
28
29
36
17
25
10
38
23
20
17
11
11
10
12
27
15
23
51
17
15
0
38
8
8
19
2
13
9
11
13
11
6
6
8
6
17
8
9
11
12
8
8
7
7
7
13
10
8
6
4
10
8
6
2
7
4
9
4
11
12
9
2
13
6
8
11
15
9
4
13
17
6
4
11
6
6
9
7
8
6
6
13
6
8
4
8
9
8
4
4
4
6
11
10
9
6
4
6
2
2
11
9
6
2
2
13
4
8
2
12
7
9
9
15
10
4
6
9
9
2
4
2
2
4
2
2
0
2
2
2
0
2
2
2
2
0
2
2
0
2
2
2
2
2
0
2
0
2
4
2
2
4
0
0
0
6
2
4
0
4
2
2
0
2
4
0
4
2
4
2
2
2
2
0
2
2
2
2
0
4
0
2
2
4
2
4
0
0
2
0
0
0
0
2
0
2
2
4
0
0
0
2
2
0
2
0
2
2
2
2
2
2
0
2
0
4
2
0
4
2
0
2
0
0
2
2
0
4
0
2
4
0
4
2
2
0
2
0
0
2
2
2
2
2
2
2
2
2
4
2
0
2
0
2
0
0
0
2
0
0
2
2
0
2
0
2
0
2
2
0
0
0
2
4
0
0
0
2
2
2
2
2
0
2
2
2
0
2
4
2
2
4
4
2
0
2
0
6
0
0
2
2
2
2
6
2
2
2
0
0
2
2
2
2
2
2
2
0
0
2
2
2
2
0
4
2
4
2
0
2
0
2
0
2
0
0
0
0
0
2
2
0
2
0
2
0
0
2
4
0
2
0
2
2
2
0
2
2
0
6
4
2
2
2
2
2
2
2
0
2
2
2
6
2
0
2
2
2
2
6
2
4
0
2
2
2
2
8
2
2
0
2
0
2
2
2
2
2
0
2
4
2
2
4
2
2
0
33
31
28
48
37
36
19
37
31
31
27
29
36
36
33
29
34
29
22
23
46
31
23
44
35
31
34
40
32
29
16
32
27
31
22
31
40
14
26
32
35
29
32
30
44
34
38
23
35
31
32
32
27
33
35
38
32
41
19
27
24
24
33
19
35
33
28
33
36
33
28
22
42
33
28
39
35
32
34
35
27
26
34
36
36
21
30
38
27
38
33
33
28
28
30
38
43
35
31
35
34
36
34
32
28
33
33
33
33
28
26
26
23
26
42
31
36
24
38
27
30
36
37
31
35
33
29
28
39
37
34
29
25
38
31
34
30
34
23
33
31
34
23
26
32
44
40
18
25
29
24
32
34
28
30
33
30
32
31
30
36
30
24
27
40
30
31
32
33
27
28
27
30
33
34
30
29
28
25
33
30
32
31
29
34
38
38
19
31
30
40
27
32
34
34
30
30
28
31
26
32
35
32
32
31
36
34
35
24
36
24
33
30
36
32
24
33
37
27
25
32
26
26
20
32
24
35
29
26
28
34
31
21
37
39
32
24
34
21
35
42
30
33
38
31
33
26
31
22
34
22
29
33
31
32
29
25
36
33
38
30
35
40
35
34
39
25
33
31
26
39
21
22
34
31
30
30
28
33
32
39
34
35
29
29
38
32
33
2
0
4
2
2
2
2
2
2
0
2
2
2
0
0
2
0
0
0
0
27
2
2
4
0
0
2
2
0
0
0
2
2
2
2
2
4
2
2
2
0
0
2
2
0
2
2
2
4
4
2
0
2
2
2
2
2
2
2
2
0
2
2
0
0
2
2
2
2
0
2
2
2
0
2
0
2
2
2
0
0
0
0
0
2
0
2
34
0
2
4
4
2
2
2
30
0
4
2
2
4
0
2
2
2
2
4
2
2
0
2
0
0
2
2
25
2
2
0
4
4
4
0
2
4
0
2
2
2
2
48
0
0
0
4
0
0
4
2
2
2
4
2
2
0
0
0
0
0
0
2
4
2
4
0
2
2
2
0
2
0
0
2
4
0
0
2
2
0
2
4
2
0
0
2
2
2
2
4
0
2
2
0
2
0
2
2
0
2
4
0
0
2
0
2
3
2
2
0
2
24
2
2
0
0
0
0
2
2
2
0
2
2
2
2
0
0
2
0
2
0
2
2
0
2
0
2
4
2
3
2
0
0
0
4
2
2
2
3
0
2
2
4
0
0
0
2
3
0
0
0
2
2
0
0
0
16
0
0
0
0
0
0
2
2
20
2
2
3
0
2
0
0
0
2
0
2
2
2
2
0
2
2
0
0
0
2
2
2
1
2
2
0
8
2
0
2
4
9
2
4
2
0
2
11
8
2
4
4
0
0
0
4
2
0
2
4
4
0
0
0
0
2
0
0
2
2
0
0
2
4
4
4
4
0
4
5
0
2
6
2
6
0
4
2
3
2
2
2
0
2
2
2
0
7
0
6
3
4
0
3
0
2
6
2
2
2
0
0
0
4
3
2
2
2
4
2
0
11
0
2
0
1
2
2
2
2
2
0
3
2
0
7
0
2
0
2
4
2
4
3
4
2
2
2
2
4
2
4
6
0
2
2
2
2
4
2
0
4
2
4
4
2
0
4
0
2
2
2
4
5
4
2
0
2
2
2
2
4
2
0
0
2
2
0
5
0
0
4
0
2
2
0
2
0
2
6
4
4
2
2
2
7
4
6
2
2
0
7
2
2
2
2
2
2
2
0
2
4
4
2
2
2
0
2
2
0
2
0
0
0
0
0
0
2
2
4
2
2
2
2
2
0
0
0
6
4
7
2
2
2
2
5
0
2
4
0
2
4
2
2
2
0
2
2
2
5
2
2
0
2
2
4
0
0
2
6
1
2
2
2
1
2
0
4
0
0
0
3
1
8
2
2
2
2
2
6
0
2
4
0
0
2
2
4
0
2
0
2
2
2
2
2
2
2
2
