6
4
2
4
6
2
2
4
6
4
6
2
0
4
8
10
4
6
4
4
2
4
4
6
4
4
2
6
2
4
2
8
4
2
2
4
4
2
4
8
4
2
4
6
4
4
4
6
4
4
4
6
4
4
2
6
4
6
2
4
4
4
4
4
6
2
4
4
2
6
2
4
2
6
6
2
8
4
2
4
2
4
4
6
4
2
6
4
6
2
2
4
4
4
6
6
8
4
2
6
4
4
4
6
4
4
6
4
4
6
2
2
2
4
6
2
4
6
4
6
4
4
6
2
2
4
2
4
4
8
2
4
2
4
4
10
2
4
21
6
4
4
4
4
2
4
4
2
6
8
4
2
6
21
4
6
2
4
2
6
8
2
6
6
2
6
4
2
6
8
2
4
4
4
6
6
6
4
6
4
8
2
6
6
4
6
6
2
2
2
6
2
6
2
6
6
4
4
2
4
4
4
6
6
2
4
2
4
6
2
4
6
4
6
4
6
4
2
6
4
6
6
8
2
2
4
6
8
6
2
2
4
4
4
2
2
4
4
4
2
6
4
6
6
2
4
2
4
4
2
2
2
6
6
2
4
2
4
4
4
4
6
4
6
4
6
4
6
4
2
4
4
4
6
6
4
2
6
4
2
4
2
4
4
4
2
4
2
6
2
2
2
6
6
6
4
6
14
8
24
16
10
8
8
6
6
6
6
8
4
4
2
2
6
10
4
10
14
4
4
8
8
4
4
4
6
6
6
6
4
8
6
4
2
22
2
4
4
8
4
8
4
8
2
4
2
2
2
4
2
4
4
2
2
2
6
2
2
2
4
2
4
4
2
2
2
4
4
2
2
2
2
4
4
19
2
6
4
6
2
4
2
2
6
4
8
6
2
4
2
2
4
2
2
20
2
4
6
4
4
8
2
4
2
4
2
4
6
4
2
2
4
4
2
2
4
4
6
10
2
2
4
6
4
2
4
2
4
2
4
2
6
2
6
2
0
0
0
72
2
4
4
6
2
4
2
2
2
4
4
6
4
4
4
2
4
4
2
2
2
4
2
6
2
2
4
2
4
2
2
4
4
2
2
2
2
2
2
8
2
2
4
6
4
2
2
4
2
4
2
2
2
2
2
4
2
2
2
0
2
2
2
2
4
2
2
2
8
4
2
2
2
4
4
2
4
2
4
2
20
6
2
2
4
2
2
2
0
0
2
6
6
2
6
2
2
2
4
2
2
10
2
2
2
4
2
2
4
2
2
2
2
4
2
2
4
4
4
8
2
4
2
0
2
4
4
4
2
4
4
4
4
4
2
2
2
2
6
2
4
0
0
0
2
0
0
2
0
2
0
0
2
4
47
0
0
4
0
0
2
0
0
6
2
0
2
0
2
2
2
2
4
14
0
10
4
6
0
0
0
2
6
4
8
0
2
4
4
64
2
2
2
2
4
0
0
2
0
4
2
0
4
0
0
4
4
0
0
0
0
4
4
0
0
2
0
2
2
2
0
4
4
4
4
0
2
2
0
0
0
0
6
2
2
2
0
4
47
2
0
2
4
10
4
6
0
0
2
6
2
4
0
2
2
2
0
0
2
4
4
0
0
0
2
4
0
4
0
4
0
4
4
0
8
6
4
2
4
2
8
2
4
0
0
2
2
2
0
2
2
0
4
4
0
41
2
2
4
4
0
2
0
2
6
0
4
0
4
0
2
12
2
6
6
6
2
0
2
2
0
0
2
2
0
2
8
0
0
0
2
0
2
0
0
4
0
4
6
4
4
2
2
4
0
0
0
0
2
0
6
2
2
2
0
2
2
2
0
4
2
0
0
8
0
2
0
6
4
0
2
4
4
2
6
2
4
2
6
2
2
4
2
2
4
0
0
6
4
4
0
0
2
4
0
2
6
0
2
0
18
2
8
0
2
0
0
2
2
0
2
4
2
2
0
0
2
2
2
0
6
0
0
2
0
0
4
6
0
0
6
4
0
4
2
2
0
9
0
8
0
4
0
8
0
8
6
0
7
8
4
2
6
9
8
6
0
0
6
6
0
0
10
4
0
4
11
4
0
10
0
11
0
6
4
0
4
8
2
8
8
6
2
8
8
2
0
6
6
4
0
4
0
6
0
6
0
8
0
6
6
8
0
8
4
4
0
8
0
6
0
6
6
4
6
6
0
0
9
6
0
0
6
6
0
0
9
8
0
0
4
4
6
0
9
6
8
0
9
4
0
0
4
6
0
0
0
0
0
6
0
4
0
0
0
6
0
9
4
6
0
0
8
8
0
0
0
0
0
0
0
0
0
0
8
4
8
0
0
0
0
6
4
0
0
8
10
0
4
13
0
4
0
4
8
6
0
4
11
0
0
0
0
0
0
0
0
0
0
0
0
0
0
0
0
2
0
0
23
13
0
6
9
10
17
12
6
0
9
6
8
6
9
8
8
4
15
10
4
8
0
9
7
15
13
8
0
4
17
0
0
8
13
0
0
6
6
0
8
4
17
2
2
4
7
11
6
9
15
6
6
0
11
11
15
8
4
0
0
4
6
4
0
0
6
11
0
6
11
8
0
6
10
4
0
11
6
6
6
10
6
0
0
19
6
6
0
19
6
2
0
0
4
49
51
36
32
32
40
49
46
47
46
36
31
42
42
45
26
29
63
47
46
42
38
40
47
45
46
59
32
38
47
59
65
33
72
47
45
91
47
40
44
57
43
47
41
49
50
46
45
85
78
47
46
56
46
47
42
51
47
68
46
40
92
45
42
43
47
84
43
24
67
73
40
47
42
49
47
48
92
89
39
37
48
61
48
51
89
41
34
46
47
93
47
32
51
85
46
88
49
49
46
47
45
44
47
42
47
31
37
49
61
51
46
45
47
70
44
36
71
64
44
44
44
47
46
42
39
33
36
46
49
34
26
33
37
83
48
46
67
43
46
46
65
33
36
48
44
49
29
48
33
63
32
38
70
51
42
78
88
45
39
40
61
46
46
31
64
48
45
62
48
51
42
47
88
81
44
32
39
75
37
48
45
56
39
46
77
53
46
41
49
91
42
41
49
35
43
27
43
48
46
42
49
48
37
48
48
73
45
32
34
81
40
25
48
53
42
49
47
49
43
42
43
47
46
44
51
51
44
38
47
77
35
35
33
49
45
52
43
51
44
42
46
51
47
43
46
49
64
46
44
45
38
45
47
37
46
43
67
39
31
45
62
85
46
39
55
49
40
43
75
47
41
65
47
46
40
39
48
33
45
29
49
47
31
31
48
43
33
9
5
3
11
9
5
13
5
9
5
5
7
9
9
9
11
5
11
21
3
13
11
19
11
17
11
11
11
7
15
17
11
11
9
9
19
11
11
60
11
13
5
17
3
11
21
27
7
27
17
17
11
11
13
31
23
25
27
13
27
17
31
17
25
31
17
15
21
19
17
13
17
25
11
25
15
19
9
21
19
15
27
21
21
13
21
19
15
23
27
15
15
25
15
7
13
17
29
17
15
13
5
39
25
7
21
21
15
19
31
27
25
19
19
27
37
37
21
43
17
19
13
23
45
21
31
25
19
27
41
11
19
7
7
15
9
23
30
21
9
17
27
17
9
25
25
15
41
7
29
13
31
35
21
17
13
23
45
13
33
13
23
13
25
21
19
13
13
13
17
37
29
33
35
35
45
9
31
15
13
7
13
45
17
7
19
23
29
31
19
15
9
35
15
29
37
43
74
11
39
45
27
23
13
39
15
19
41
9
51
25
37
25
21
13
29
17
50
37
13
19
21
11
17
11
21
13
15
17
19
27
9
23
21
25
21
19
15
9
7
19
17
19
9
17
7
11
15
25
17
13
21
15
9
7
13
9
17
15
19
11
7
27
5
11
21
15
7
31
21
15
27
17
19
29
9
21
9
21
9
9
5
7
13
25
21
15
15
4
4
4
6
2
8
8
8
4
6
12
11
12
11
12
15
8
6
2
6
12
13
11
4
4
4
2
13
4
8
9
15
8
13
2
2
2
4
17
17
4
2
8
2
0
4
8
2
14
13
8
13
11
10
2
6
10
2
17
8
6
0
2
27
4
6
6
6
4
4
6
2
14
11
14
15
2
8
4
6
25
17
25
10
4
0
2
6
11
4
4
2
4
2
4
8
0
2
15
29
20
8
6
4
10
4
2
12
4
8
18
8
4
6
2
4
4
13
27
6
19
2
2
2
4
12
10
13
9
2
4
0
19
0
10
14
4
4
0
6
2
4
4
25
13
12
8
2
4
6
4
9
17
6
8
19
4
4
4
2
4
4
4
21
4
4
11
4
8
2
0
0
6
4
4
4
4
4
21
2
6
4
17
17
15
4
4
8
2
4
0
6
17
2
11
2
8
2
6
6
12
2
2
2
13
25
28
2
2
8
4
6
4
2
13
16
11
2
2
4
6
6
2
6
10
4
13
6
2
17
6
21
6
2
6
12
13
2
8
6
2
4
4
13
2
6
4
2
12
13
15
9
6
19
2
6
6
6
19
6
6
17
2
4
2
2
2
21
4
4
4
4
6
13
8
10
4
2
2
4
2
13
4
2
2
10
11
13
8
8
8
6
6
10
4
10
2
2
12
4
2
8
10
14
4
8
6
8
4
6
8
8
35
6
2
8
16
6
12
16
10
12
10
10
8
4
8
8
12
10
23
8
4
10
6
2
4
4
4
14
4
6
8
14
14
10
10
10
22
8
14
6
8
10
16
8
8
20
47
12
6
4
2
10
8
8
8
14
4
14
10
16
10
4
8
8
45
8
8
6
6
8
10
4
14
18
8
6
12
14
12
14
10
10
6
8
14
14
10
10
16
4
16
16
16
10
16
6
14
10
16
12
18
14
6
8
16
16
14
20
10
21
12
10
14
8
14
20
16
18
6
18
8
16
14
12
12
14
23
16
12
20
20
14
18
12
14
20
8
31
18
8
22
21
18
12
10
18
14
14
14
23
12
16
23
18
21
18
17
27
10
18
16
59
0
0
2
18
16
12
8
14
31
16
16
21
6
12
20
16
10
12
20
10
12
18
18
8
6
25
6
21
8
8
14
20
14
12
10
21
8
8
10
14
12
12
8
14
31
10
10
23
20
10
10
18
21
16
12
18
29
10
18
8
8
8
8
12
23
18
23
16
18
18
29
14
12
12
2
12
12
10
12
10
8
4
14
12
14
12
16
6
10
4
18
6
8
14
12
10
16
10
6
6
12
8
11
10
10
2
2
2
8
2
10
4
4
2
4
2
10
2
8
10
6
2
4
6
2
6
6
6
6
8
0
8
2
2
6
2
2
2
8
2
4
6
14
6
8
10
6
4
8
10
6
4
2
4
12
4
4
10
8
14
15
17
8
8
4
15
4
12
12
6
8
6
4
8
6
6
4
2
2
2
6
6
6
12
4
4
2
2
2
2
4
8
6
6
10
4
4
2
4
10
6
2
4
2
12
2
6
6
8
10
2
2
15
15
25
10
8
19
4
4
6
4
2
4
0
10
8
4
6
12
12
4
6
10
6
7
4
4
4
14
6
14
8
8
2
14
8
4
4
6
6
4
4
4
10
4
2
12
12
6
6
10
6
4
8
4
4
12
8
6
4
4
4
2
4
12
10
4
4
4
8
4
6
4
4
6
12
8
6
8
10
6
6
4
5
8
6
2
6
15
10
6
6
8
8
10
4
6
4
6
4
2
4
4
8
6
6
12
15
4
16
6
4
8
6
12
4
6
4
4
4
4
14
6
4
4
6
6
6
4
4
4
9
6
2
13
8
6
6
10
8
6
4
4
10
4
8
8
12
6
6
6
6
8
2
8
8
6
12
6
10
6
14
4
6
4
10
10
14
8
2
4
10
10
4
10
2
6
2
4
3
0
0
1
3
3
1
0
3
0
3
3
5
1
3
0
1
3
1
1
1
3
3
1
1
1
3
1
0
3
3
5
3
3
3
0
1
1
1
1
0
0
3
0
3
1
3
3
0
0
3
3
3
3
0
0
3
1
1
1
3
3
3
1
1
1
1
3
1
3
3
3
1
3
1
1
1
1
1
3
1
1
3
3
1
1
3
1
1
3
1
0
1
0
1
1
3
3
1
3
0
0
3
3
0
3
1
1
1
1
3
5
0
1
0
1
0
1
0
0
3
3
1
1
1
1
1
1
3
3
1
3
3
3
1
1
1
1
0
1
1
3
3
0
1
1
0
3
1
0
1
3
0
1
1
1
1
3
1
0
3
1
1
0
1
3
1
0
3
0
0
1
0
1
1
1
1
3
1
3
1
5
5
3
3
0
1
1
1
0
0
5
1
0
0
3
1
5
1
3
1
0
3
0
1
3
1
1
1
3
3
3
3
3
3
0
1
1
0
3
3
5
0
1
1
0
1
1
1
1
3
1
0
1
0
0
1
3
1
3
1
3
1
1
3
1
1
0
0
1
1
3
3
0
0
0
0
0
1
1
0
3
3
1
1
0
3
1
1
3
0
1
1
1
0
1
1
1
1
0
1
1
0
5
3
1
0
1
