33
25
49
58
32
39
32
50
45
40
49
29
31
29
38
51
32
49
28
38
47
35
27
50
66
35
53
68
56
36
58
40
41
45
32
38
12
33
34
26
43
30
37
44
20
29
29
56
81
31
34
54
54
36
51
52
42
32
19
48
55
16
46
35
31
39
33
19
41
63
44
37
73
40
26
34
27
42
25
58
30
53
54
61
15
17
42
48
63
43
37
40
15
43
50
44
44
49
46
36
56
43
49
76
42
26
22
44
21
43
47
45
51
56
34
44
32
29
47
61
46
36
67
40
50
35
36
61
48
51
41
53
18
47
53
68
43
31
51
64
33
53
17
52
60
62
26
31
48
39
51
60
41
51
54
59
53
50
49
32
62
41
60
28
43
20
51
46
35
55
49
66
43
49
34
26
60
65
57
47
47
46
69
40
75
41
36
57
45
49
36
53
39
60
56
55
49
28
57
64
52
46
55
83
38
41
54
43
30
55
50
39
45
32
40
59
28
54
62
63
41
60
39
67
35
37
45
51
28
42
48
17
23
41
26
33
68
80
23
33
14
31
27
24
52
57
39
35
18
17
36
18
34
25
14
26
39
12
41
38
23
14
28
21
29
34
21
26
19
20
43
18
12
62
34
37
26
18
39
27
30
18
32
32
11
27
49
22
5
0
0
2
0
6
2
2
6
4
0
0
2
2
2
2
0
2
9
9
4
13
0
8
0
2
6
0
4
4
2
2
2
6
2
2
4
0
4
2
2
4
2
0
2
2
2
2
0
5
2
0
4
3
0
11
4
56
2
2
2
59
0
4
0
2
6
2
4
0
2
6
4
2
2
9
4
0
4
2
57
2
4
0
2
4
62
17
2
4
4
0
11
0
0
2
6
2
4
4
4
0
5
4
4
0
9
4
6
2
2
2
9
4
4
0
6
4
4
2
0
64
2
2
0
8
80
2
6
4
6
0
2
4
5
2
13
0
0
0
2
2
4
6
2
9
4
4
7
2
0
10
2
5
2
0
4
4
0
7
0
9
2
2
4
4
6
0
6
63
4
2
58
2
2
0
0
0
11
2
6
4
10
6
0
4
8
2
0
4
2
6
8
0
0
10
4
6
4
4
5
2
4
2
4
1
2
2
2
4
0
4
0
2
4
2
0
63
2
6
57
5
0
6
0
4
7
0
0
2
2
2
0
2
0
1
0
4
9
2
67
4
7
7
0
0
2
4
2
2
16
0
15
2
4
2
2
4
13
0
4
4
2
0
2
6
0
0
2
0
4
2
0
15
2
4
2
11
2
2
2
2
9
4
50
0
2
2
2
3
0
0
2
8
1
2
5
0
0
2
0
0
5
3
2
0
0
0
2
7
6
3
2
2
3
2
0
0
0
0
2
2
14
2
4
0
2
2
2
2
0
2
2
3
2
0
2
0
0
2
2
0
0
2
0
0
0
4
13
0
0
3
2
3
3
0
5
0
3
0
0
0
0
3
2
2
8
8
5
0
2
2
5
2
2
3
0
0
3
3
0
0
0
0
0
10
11
2
0
2
1
3
4
0
2
0
3
0
10
2
0
0
0
1
12
2
3
7
2
0
2
0
3
5
1
0
0
2
0
10
0
0
2
0
2
2
3
0
0
0
0
2
0
2
6
3
1
0
1
0
6
0
0
0
0
0
2
0
11
2
2
1
0
3
15
0
2
0
5
0
2
2
1
3
0
2
0
2
3
2
5
0
7
10
1
3
0
5
3
2
5
8
2
2
2
0
1
0
0
0
0
2
0
0
3
0
0
0
3
2
0
2
2
3
3
8
0
2
3
0
5
4
2
0
0
0
2
3
0
0
2
0
0
0
5
4
0
3
3
0
1
0
0
3
0
3
7
0
3
0
1
3
0
1
1
0
0
0
1
5
0
1
1
0
1
0
0
0
8
3
1
0
3
4
0
1
0
1
3
18
1
0
1
0
0
5
15
5
0
11
20
15
0
0
11
13
0
13
17
13
0
13
11
9
0
11
19
11
0
17
11
21
0
15
9
13
0
9
11
13
0
11
13
11
0
11
5
15
0
13
13
15
0
15
3
15
0
13
7
17
0
15
9
0
21
19
19
1
0
19
24
0
13
15
5
0
11
0
13
0
17
7
11
7
19
0
7
0
19
11
5
7
7
3
1
0
13
17
0
5
17
5
0
5
24
5
0
17
11
11
0
7
9
13
0
15
11
17
0
13
9
13
9
21
21
7
0
0
0
0
0
15
15
0
3
17
7
0
0
0
9
0
15
9
0
17
0
0
0
0
0
0
0
0
0
9
0
13
0
0
5
11
5
11
0
15
9
19
5
0
3
15
20
0
17
7
0
13
9
0
0
0
0
0
0
0
0
0
15
11
11
15
0
0
0
0
0
7
0
9
0
11
0
5
0
7
13
24
0
17
19
11
0
13
3
5
0
9
0
9
0
23
0
7
0
7
0
30
0
16
5
7
0
9
0
5
0
13
18
22
0
17
23
21
0
21
7
0
5
0
19
0
15
5
9
0
21
3
0
0
26
13
0
0
17
11
9
2
5
11
15
7
15
19
11
0
15
13
11
0
17
15
7
0
7
15
7
5
11
22
5
13
7
5
1
0
0
0
0
0
0
1
0
0
0
1
1
0
0
1
0
0
0
0
0
0
0
1
1
0
1
0
0
0
0
0
3
0
0
0
0
1
0
1
1
84
0
3
0
0
0
0
1
1
0
0
1
0
0
0
0
3
7
1
1
0
3
1
3
1
1
0
0
1
3
0
0
1
5
0
1
1
3
1
1
0
3
0
3
0
1
0
0
1
0
0
5
3
1
1
0
0
5
0
0
5
0
3
1
0
0
1
85
1
15
1
3
3
1
0
0
0
0
1
0
1
0
5
1
3
1
0
1
7
1
5
0
0
0
3
0
3
7
1
0
1
0
1
3
0
0
1
3
1
1
1
3
0
0
1
1
5
0
1
1
0
0
0
1
1
1
0
3
3
3
1
7
1
7
0
1
1
3
7
9
0
1
3
3
3
1
3
0
0
1
1
3
0
0
3
1
0
1
1
5
0
3
0
9
3
0
1
1
0
3
3
3
0
0
1
1
7
0
5
1
3
1
1
1
3
0
1
1
0
3
0
0
3
0
1
1
0
0
0
0
0
0
0
1
0
0
3
0
0
0
1
0
0
0
87
1
1
1
0
0
0
0
1
0
0
0
1
0
0
0
0
0
1
1
3
1
3
0
0
0
0
1
3
0
1
0
0
26
26
23
22
26
24
25
24
26
26
26
24
24
24
24
24
25
22
25
21
26
25
26
25
26
23
25
22
23
26
21
25
26
26
26
25
25
26
22
16
25
25
22
26
24
25
23
24
26
24
23
25
23
23
26
25
24
25
24
26
25
23
24
24
25
25
25
26
25
23
25
23
25
24
26
25
24
25
25
24
24
26
25
25
24
22
24
24
24
21
24
21
24
25
25
24
25
23
24
25
23
27
25
24
26
26
25
25
23
25
23
25
26
24
21
25
25
26
24
24
15
21
22
25
25
25
21
24
25
24
25
25
22
25
24
25
25
24
25
26
25
21
23
20
20
25
25
26
23
22
26
21
25
23
24
22
24
23
24
24
25
19
24
26
22
24
25
23
25
24
24
25
26
23
26
24
24
26
25
27
27
23
25
22
23
25
21
25
26
25
24
24
26
21
25
26
23
24
26
24
25
26
24
25
20
25
25
25
24
26
22
23
26
25
25
26
24
23
25
23
24
24
24
26
24
27
26
25
22
22
25
26
24
26
26
24
24
25
24
26
26
24
26
24
24
22
24
23
26
26
26
24
26
24
24
24
26
23
25
25
23
24
25
25
23
24
26
24
25
26
25
24
24
23
24
26
26
25
26
23
24
24
26
26
22
26
26
25
3
3
6
6
3
5
3
5
3
1
5
59
7
5
62
1
7
1
7
5
5
5
5
5
3
42
3
40
5
3
5
5
1
5
7
3
3
5
3
3
5
3
5
5
5
1
5
50
1
5
42
7
3
3
3
9
5
5
49
6
1
62
5
8
3
41
52
5
34
3
54
5
5
5
5
3
1
3
5
3
1
5
4
6
5
1
5
3
1
3
3
3
3
5
5
5
3
9
1
48
6
3
49
4
3
8
1
6
9
10
7
6
3
8
4
43
7
9
6
7
20
18
9
3
3
5
8
12
67
5
3
5
8
3
45
16
3
5
3
5
3
5
59
5
3
3
1
5
59
5
5
6
65
5
3
20
3
3
46
5
3
5
5
5
5
8
5
1
5
5
5
6
3
3
1
4
1
7
6
3
3
12
3
39
1
5
1
1
5
6
55
3
48
7
4
4
3
3
10
3
7
1
6
1
5
3
3
40
5
4
52
7
3
4
3
3
1
8
3
1
7
3
0
1
3
3
3
4
7
39
3
3
50
3
45
1
64
3
5
1
1
3
5
1
5
3
3
6
5
48
5
7
3
1
5
3
21
1
3
51
3
7
3
3
3
3
1
0
3
5
5
5
0
9
3
59
7
7
5
7
3
1
5
3
5
3
63
5
50
33
22
29
29
42
24
29
36
36
54
50
34
17
25
29
35
58
22
28
28
41
24
27
30
50
37
29
67
45
45
45
63
42
61
29
61
29
27
49
31
58
58
35
29
27
57
67
60
53
62
61
49
55
55
62
28
61
53
63
33
62
47
49
52
46
58
63
35
49
51
46
51
44
53
52
41
42
41
60
36
50
36
52
44
55
56
34
58
46
47
39
61
45
38
51
47
52
59
49
40
33
40
57
47
57
49
51
45
58
46
38
48
57
53
54
50
37
34
57
55
50
53
55
44
23
55
66
45
52
60
36
60
36
59
60
64
59
57
56
48
53
57
62
49
69
44
34
29
60
54
26
54
50
45
42
53
54
59
57
61
35
60
52
61
50
60
60
34
59
49
49
55
53
63
60
66
60
52
63
51
63
49
64
54
26
43
65
59
53
52
50
53
41
46
59
52
39
51
45
52
57
44
50
36
58
48
46
56
55
48
50
52
32
50
51
54
48
59
45
54
50
63
47
45
42
39
56
50
54
31
54
38
37
64
37
59
47
36
48
40
35
50
55
46
36
41
43
30
29
28
43
39
54
58
35
26
19
56
37
40
48
53
44
43
0
0
0
36
30
0
1
42
0
35
0
43
38
43
29
49
23
43
53
56
55
47
26
4
0
2
4
0
13
2
4
2
4
11
3
0
0
4
4
2
4
2
5
8
4
4
4
2
6
2
11
50
2
53
2
9
3
59
4
6
53
2
4
4
4
6
4
14
4
2
4
0
8
6
2
4
0
4
26
0
2
58
2
5
2
0
4
4
2
4
8
2
6
2
4
5
4
2
2
5
4
3
0
2
3
2
6
5
0
4
6
4
6
43
4
2
6
2
0
6
4
2
4
4
4
0
4
0
7
4
4
2
2
13
2
2
2
4
2
4
2
4
4
6
5
5
15
15
23
4
2
5
16
3
2
2
5
2
8
53
0
9
4
5
5
2
4
6
40
2
2
4
4
2
2
6
10
4
4
4
2
2
4
6
29
3
2
32
5
0
4
7
4
6
2
4
4
2
4
2
5
3
17
2
2
2
4
2
5
4
0
2
4
46
2
4
2
4
2
4
0
18
4
2
0
53
2
2
7
4
14
0
4
2
2
2
4
3
8
4
4
4
2
2
0
4
4
8
2
2
5
4
2
2
2
4
2
7
38
2
5
3
6
5
0
12
5
4
8
5
31
39
7
4
2
0
2
5
4
3
4
2
7
50
4
2
2
6
6
4
7
0
2
25
6
2
0
40
6
9
4
2
5
6
4
0
2
2
0
4
5
0
2
6
2
2
2
4
2
2
0
8
2
4
6
2
4
2
2
4
4
0
6
4
6
2
2
2
4
2
2
4
0
6
2
0
6
0
0
2
2
2
2
2
4
2
0
4
4
6
6
4
4
2
2
2
4
0
2
2
0
6
2
6
6
6
2
6
0
2
4
6
0
6
4
0
4
6
2
6
4
0
4
2
6
6
6
2
6
2
2
4
2
4
4
4
2
2
2
2
6
4
2
2
2
8
4
4
6
6
6
4
0
4
0
4
2
4
2
2
2
4
4
4
2
4
4
6
2
4
4
2
4
6
6
4
4
4
4
2
4
6
6
4
2
8
4
6
4
0
6
2
0
2
6
4
2
8
2
2
2
2
2
6
6
4
4
4
2
6
2
4
4
2
4
4
4
2
2
6
4
6
4
2
4
4
0
4
4
2
2
2
4
4
4
0
2
2
4
4
8
4
2
4
6
6
6
2
2
2
6
6
2
0
6
2
6
2
0
2
6
4
2
4
6
4
2
4
2
4
2
2
4
4
4
4
2
4
8
0
4
4
2
4
4
2
6
4
6
2
2
6
4
2
4
6
2
6
4
6
2
6
4
4
4
2
2
6
2
4
4
8
2
6
2
4
4
2
6
4
4
8
8
0
4
2
2
6
2
