2
13
0
3
2
2
5
2
3
3
3
2
3
2
2
3
5
3
2
0
3
2
0
3
3
3
3
3
2
3
2
5
2
1
5
3
2
2
3
3
3
5
11
2
3
3
2
2
2
5
7
3
3
0
3
3
0
5
2
2
5
2
0
2
0
2
3
3
2
2
0
2
5
3
3
2
17
0
2
3
11
2
7
3
7
3
2
2
3
17
2
0
7
3
2
2
0
2
2
2
3
2
2
5
7
2
5
2
2
2
3
3
2
5
2
3
3
2
3
2
5
2
2
3
0
2
2
3
3
3
3
2
2
2
7
5
5
2
2
5
2
3
2
5
0
3
2
0
2
17
2
3
3
2
0
2
3
5
5
0
2
3
5
0
3
3
3
0
5
5
0
3
3
2
0
0
21
2
3
3
2
13
3
2
3
5
3
2
15
2
2
3
2
2
3
2
1
13
5
3
2
2
2
3
2
2
3
3
2
0
2
2
3
0
13
2
2
2
3
0
1
2
2
3
0
9
2
5
5
2
3
3
3
1
3
2
2
5
3
2
3
0
3
0
5
2
2
2
2
2
2
0
2
5
2
3
3
3
3
5
5
15
3
0
2
11
3
3
7
3
2
7
2
3
17
3
17
2
3
3
2
2
1
0
2
3
15
2
10
11
9
2
5
10
7
4
15
7
5
6
7
2
0
2
7
4
7
4
6
4
5
2
0
2
10
5
7
5
7
2
2
2
0
4
8
10
8
13
4
7
6
5
7
11
6
5
11
2
6
11
3
9
4
18
4
16
5
5
2
9
11
5
4
11
4
13
7
11
7
9
9
13
9
45
17
7
15
11
11
15
11
13
8
28
24
9
11
23
11
10
20
13
22
13
16
17
7
20
9
17
7
16
16
25
25
22
9
20
13
11
15
13
6
13
19
19
5
11
7
13
11
16
32
13
13
11
13
9
16
13
16
9
11
24
17
7
17
13
7
13
9
10
11
10
15
9
8
13
26
17
21
16
19
22
6
7
17
26
8
19
13
20
11
5
8
17
13
29
7
12
15
15
9
18
20
13
6
17
24
23
24
10
19
19
8
24
11
15
11
17
11
20
9
9
9
13
15
31
29
19
9
13
17
11
6
17
21
24
16
17
19
30
18
17
15
13
15
9
7
8
7
11
13
19
8
28
29
13
19
11
11
7
11
9
9
15
9
9
6
23
11
9
5
6
13
17
21
13
11
3
5
8
5
18
2
5
10
13
4
5
7
5
6
6
5
7
9
9
6
6
8
8
2
12
7
9
9
9
4
11
5
22
9
2
6
15
0
2
2
0
0
2
2
2
2
0
0
0
0
2
2
2
2
4
2
2
2
0
2
0
2
2
2
0
2
2
0
3
0
0
2
0
2
4
2
0
2
0
2
0
0
2
0
0
2
0
0
1
2
2
2
1
2
2
2
0
2
2
1
2
2
1
2
2
0
2
3
0
2
2
2
0
2
2
2
0
1
0
2
2
2
2
1
2
2
0
2
0
2
2
0
2
2
3
2
2
2
0
2
2
2
0
2
3
2
1
0
2
2
2
3
2
2
3
3
0
2
2
1
2
2
0
0
1
0
2
2
1
2
0
2
2
1
2
2
2
0
2
1
0
2
0
2
3
2
0
2
0
2
1
3
2
3
2
2
3
0
0
2
2
1
3
1
2
1
0
2
2
1
2
0
2
2
2
2
2
0
2
1
2
2
2
2
3
1
2
3
0
2
0
1
2
2
2
1
2
2
0
3
2
2
2
2
3
0
2
0
2
2
2
3
2
1
0
0
2
2
1
2
2
0
1
2
0
3
1
1
2
1
2
0
1
2
0
0
0
0
0
0
0
1
0
2
0
0
0
2
2
2
2
0
0
2
0
2
2
2
0
0
0
0
0
2
2
0
0
0
2
3
2
2
2
2
3
2
1
1
0
1
0
0
0
2
2
2
1
3
0
1
2
2
2
4
2
2
0
0
2
2
0
2
4
2
1
3
2
3
1
2
1
1
2
0
2
2
2
0
1
2
2
0
1
2
0
2
2
1
2
0
2
2
2
2
3
1
1
2
2
1
2
2
2
2
2
2
1
3
2
0
0
0
2
1
2
2
2
1
2
1
2
2
3
2
0
2
0
2
1
3
1
3
2
2
2
2
2
2
2
0
2
2
2
1
2
1
2
2
2
1
2
2
0
0
2
0
0
2
2
2
3
3
0
2
2
1
2
0
2
1
0
2
1
2
2
2
2
1
1
0
1
1
2
2
0
1
2
2
1
1
2
1
3
0
2
3
1
0
3
1
2
3
3
2
1
1
1
1
0
2
1
1
1
2
2
2
0
1
1
2
1
2
1
1
1
3
1
1
2
1
1
2
1
2
3
0
2
1
0
1
1
1
1
0
0
1
2
2
3
3
2
1
1
1
0
1
3
3
2
2
1
3
2
0
1
2
1
1
1
1
3
0
1
1
2
1
1
1
0
1
1
0
0
0
1
2
1
1
1
3
1
1
1
1
2
0
2
2
2
3
3
0
1
1
2
1
2
2
1
2
0
1
1
2
2
3
1
1
0
1
1
2
0
2
1
1
1
3
3
1
1
1
2
2
6
0
4
4
2
6
8
6
2
0
4
0
4
4
2
6
4
6
6
6
2
4
6
4
4
2
4
0
6
4
4
6
4
2
4
4
6
0
4
4
0
2
4
6
4
4
4
2
4
2
6
4
2
2
0
2
8
2
2
8
2
2
2
2
4
4
4
2
2
2
6
4
4
2
8
6
2
2
4
0
8
4
2
4
6
10
6
4
4
6
4
0
6
4
6
2
6
4
6
4
6
4
2
2
2
0
2
0
0
2
6
4
4
2
2
4
2
2
0
2
4
2
0
0
8
2
4
4
2
4
2
2
2
2
4
0
0
0
6
2
4
0
2
4
0
4
2
2
4
0
2
4
0
6
6
4
4
4
2
4
0
2
4
6
0
6
4
0
6
2
2
8
4
4
4
2
2
2
2
2
4
4
0
0
0
2
4
4
2
2
0
4
2
4
4
2
4
4
2
2
0
4
4
4
4
2
0
8
4
2
4
2
6
2
4
2
0
6
4
4
2
2
0
0
2
4
2
4
2
2
2
2
4
2
8
2
2
8
2
8
6
4
6
6
2
6
2
4
0
4
2
6
2
4
0
2
4
2
4
0
6
6
6
8
4
4
4
2
2
4
0
2
8
6
0
2
2
2
6
4
6
4
6
4
2
4
2
0
2
0
27
24
15
49
0
24
43
4
4
2
4
8
6
21
2
35
18
9
14
45
31
9
5
42
0
17
40
34
22
41
23
15
54
2
2
8
11
36
4
4
40
64
2
2
1
28
6
2
4
5
34
2
2
23
25
0
0
4
6
2
31
25
12
0
4
15
27
77
2
4
2
2
2
26
35
49
34
35
40
35
32
6
4
8
0
20
23
13
2
4
11
0
5
4
36
2
4
20
8
2
16
20
2
2
5
6
2
8
4
19
9
4
61
38
3
2
2
4
0
12
4
28
29
58
8
2
12
2
2
4
0
4
4
17
87
0
0
2
6
2
4
37
6
0
47
26
29
0
53
2
4
0
2
2
2
0
32
0
24
6
2
17
0
2
4
20
0
4
0
32
28
3
4
9
0
9
57
0
6
45
0
5
39
27
2
24
56
4
2
72
4
4
28
13
2
0
51
27
0
0
57
5
8
3
13
31
30
29
6
25
8
5
2
27
5
0
8
13
54
2
20
26
24
42
6
0
0
51
2
32
30
2
2
3
2
2
66
2
0
2
30
21
29
44
23
30
27
4
4
2
46
6
4
10
39
48
2
25
4
0
53
0
4
62
2
17
50
35
2
4
2
7
2
7
0
4
2
35
31
6
2
2
0
0
2
2
4
0
2
8
0
0
6
0
0
0
0
0
2
2
4
0
0
2
0
2
2
2
4
2
2
0
0
0
2
0
0
2
2
2
0
0
0
2
2
8
4
2
2
2
5
0
2
2
2
2
2
2
2
0
2
0
2
4
2
4
2
2
2
2
2
2
4
2
4
2
2
0
2
2
0
4
4
4
4
6
2
4
2
4
0
6
0
2
2
2
0
6
2
2
0
2
8
0
0
4
4
2
2
2
2
2
4
4
2
0
0
2
2
2
2
2
2
2
4
0
4
0
4
4
6
2
0
2
3
4
4
0
2
4
2
0
0
4
0
2
0
2
1
4
0
0
7
2
6
2
2
2
2
0
2
2
2
0
0
2
2
2
2
2
6
4
0
2
2
2
4
3
3
2
2
4
4
2
0
4
2
2
2
4
2
2
2
2
3
2
2
0
4
2
2
4
0
3
0
2
3
0
2
0
2
2
2
0
2
2
2
2
0
2
4
4
0
0
0
0
0
2
2
2
0
4
0
0
0
2
0
0
0
2
0
1
0
2
0
3
0
0
0
0
0
2
0
0
2
2
2
2
0
2
4
2
0
0
0
0
2
2
6
2
0
0
0
2
2
0
2
0
2
2
0
0
0
0
0
0
2
2
2
4
2
0
2
13
16
8
9
8
11
8
11
8
7
19
10
8
7
7
7
13
11
10
8
6
8
11
6
15
19
9
13
20
11
15
15
19
11
15
13
10
15
13
13
15
11
19
11
15
9
17
20
9
13
15
24
13
13
15
25
19
15
17
23
9
11
21
15
33
15
22
11
28
11
15
24
25
13
16
12
33
13
12
28
10
9
33
22
10
13
11
17
11
27
15
13
19
9
6
8
32
19
17
9
14
18
6
17
6
10
8
4
8
6
5
6
6
11
10
11
7
8
19
6
11
6
7
4
6
11
8
8
13
8
6
6
13
10
11
4
6
6
6
4
7
10
13
4
6
10
8
4
2
2
6
4
6
10
7
6
4
6
2
13
7
9
8
4
8
2
6
2
10
8
6
6
2
6
9
11
12
8
8
19
11
11
11
2
8
5
14
8
7
8
68
10
25
6
13
13
11
20
20
29
15
17
15
15
13
19
18
12
20
24
25
13
25
14
30
13
15
13
15
10
13
9
19
21
15
17
19
13
17
25
19
17
14
17
29
18
10
31
15
13
20
15
24
15
16
19
13
28
10
23
11
19
11
8
15
13
24
21
13
13
8
13
15
10
15
13
12
9
9
7
15
13
11
4
9
21
19
22
19
7
11
8
15
17
10
12
23
10
18
5
15
41
37
15
18
15
34
26
11
8
21
16
0
0
18
15
18
32
32
23
5
12
11
45
8
18
36
60
39
15
1
24
21
7
16
30
24
30
15
12
27
39
11
22
16
1
26
14
20
23
40
25
13
24
39
26
7
13
20
7
30
5
24
25
37
47
41
12
28
26
26
8
10
15
26
43
22
0
21
13
24
39
19
18
20
20
18
26
20
22
28
43
23
14
26
16
15
15
18
47
22
57
12
17
11
34
10
27
21
52
38
27
9
7
12
24
14
12
9
28
31
25
38
0
32
43
21
23
0
51
7
19
3
14
21
12
17
14
35
1
0
42
19
37
0
31
36
1
31
60
47
22
37
12
21
7
13
57
41
27
18
32
24
52
24
12
3
8
6
35
9
22
30
33
31
25
8
44
17
0
47
41
17
75
31
32
37
32
14
58
9
16
40
21
32
24
18
35
54
0
0
0
18
25
75
24
57
36
52
0
61
25
30
38
9
14
10
17
18
61
28
30
20
30
19
32
32
15
21
24
15
27
28
8
16
24
25
15
9
12
29
18
19
0
13
35
24
20
18
37
20
8
20
33
0
29
15
15
12
37
33
39
9
10
5
29
37
31
10
13
9
25
10
25
16
12
8
4
6
13
10
15
6
1
5
0
14
20
16
20
9
18
0
4
8
4
8
9
12
0
19
12
9
8
18
12
17
12
0
9
0
10
0
8
11
12
18
14
14
12
13
10
22
20
25
14
12
11
13
15
5
6
11
6
10
21
0
17
11
15
20
12
3
1
8
13
14
12
26
19
8
11
12
4
2
12
8
0
11
0
12
17
13
15
9
11
12
10
16
6
14
13
13
15
1
14
12
14
0
7
0
5
0
9
10
11
9
11
9
0
14
8
1
0
11
16
16
16
10
6
10
0
11
10
9
1
11
0
13
17
11
0
6
15
9
11
9
14
9
0
17
1
11
7
1
15
0
5
9
0
8
7
13
11
12
9
0
14
13
12
10
0
12
17
21
18
0
5
12
1
0
9
1
0
0
0
10
7
12
0
9
11
16
14
4
6
12
0
17
19
11
0
0
11
12
11
9
7
8
9
1
1
10
10
16
12
0
10
5
12
12
12
26
0
17
21
12
17
4
23
0
12
0
7
11
15
6
8
0
13
16
10
14
10
10
17
17
19
9
10
14
0
14
11
5
0
0
0
0
8
0
0
21
12
0
7
10
8
0
0
0
0
0
11
0
13
2
0
42
0
0
0
0
12
0
7
0
15
0
0
6
3
9
15
0
10
29
13
0
20
19
10
13
9
