17
21
13
15
5
17
11
12
11
15
13
7
11
3
7
11
11
25
9
24
23
22
52
16
17
19
23
22
19
21
13
9
22
23
24
27
34
14
14
38
32
23
16
20
24
13
15
18
30
17
19
25
28
32
18
15
34
13
22
21
9
19
21
32
19
20
15
19
17
14
16
18
14
20
12
13
15
17
15
9
21
17
17
10
12
7
12
22
18
19
21
34
31
9
26
13
45
14
22
27
22
11
33
25
25
22
23
36
38
13
13
17
9
12
13
13
10
11
20
7
11
16
10
12
11
17
30
20
19
15
16
19
5
28
17
7
3
19
21
15
7
8
11
12
15
27
7
17
9
9
17
22
3
9
9
11
14
9
9
16
12
11
24
19
83
19
38
32
15
21
12
23
26
22
7
5
9
5
12
5
11
20
16
12
20
13
7
13
26
15
9
23
13
17
7
19
12
9
22
25
5
12
11
15
13
14
13
13
17
15
15
13
17
11
12
16
11
7
12
15
17
9
5
11
11
15
17
9
14
12
56
18
13
21
26
19
24
13
11
21
14
11
13
15
11
5
11
9
11
9
5
13
13
15
11
13
18
16
9
18
18
18
17
30
16
31
20
28
29
23
9
9
9
20
5
17
9
10
7
16
8
9
9
9
3
18
17
30
0
1
1
2
6
0
0
0
3
0
1
0
0
0
0
0
5
0
1
0
0
0
1
0
0
1
3
0
0
0
17
0
1
3
0
2
0
0
0
0
0
0
0
0
0
0
0
0
0
1
2
1
0
0
0
1
1
0
3
6
3
3
0
1
0
0
0
1
0
2
0
0
1
6
1
1
7
2
0
1
0
1
2
1
3
1
11
0
4
2
4
8
9
0
3
0
0
1
4
0
4
1
4
5
0
0
1
1
3
5
4
1
6
5
0
0
0
8
1
1
1
0
1
8
0
2
4
5
3
0
9
3
0
6
3
3
0
4
1
4
3
3
4
1
0
0
0
12
5
2
0
3
5
13
8
10
2
0
9
7
0
7
3
2
0
7
3
3
0
3
7
0
0
0
1
0
3
5
3
0
0
1
7
3
0
4
7
4
4
1
0
0
3
4
0
1
5
0
1
2
4
0
3
9
1
1
6
0
1
2
2
11
3
0
0
1
2
7
1
5
10
3
3
3
9
7
13
7
1
4
11
0
6
13
0
8
1
4
3
6
0
2
4
1
3
12
4
10
2
0
1
2
6
1
1
5
1
2
0
1
1
4
4
1
8
4
0
1
4
3
0
0
3
0
1
14
1
4
0
2
5
2
0
0
1
0
1
6
28
2
9
0
0
0
0
0
0
9
25
14
9
15
10
11
8
4
9
0
0
0
9
8
0
0
8
18
14
0
0
14
18
7
10
18
0
18
0
27
7
44
26
0
0
11
43
6
0
0
0
9
3
27
0
0
0
27
8
9
12
9
0
9
27
30
0
0
0
2
16
0
9
14
2
9
0
0
4
0
0
18
27
9
17
0
23
9
0
23
3
0
0
12
18
4
13
0
7
18
0
0
0
0
0
0
19
2
14
9
6
18
0
5
0
0
0
9
8
7
0
5
0
20
0
18
0
0
0
0
14
2
27
9
26
0
9
16
0
0
2
21
0
9
0
2
28
9
0
18
27
0
0
33
4
8
0
2
0
0
4
0
0
9
0
0
0
9
4
5
10
26
10
29
14
30
0
0
2
5
14
0
10
17
10
0
16
16
9
16
17
0
0
9
0
9
9
0
0
0
0
9
0
0
16
8
9
0
9
0
8
0
5
0
0
0
11
2
39
4
4
15
7
7
0
2
0
2
2
2
8
0
8
0
0
7
9
9
10
9
9
9
2
0
12
2
4
0
2
0
9
0
0
0
8
0
0
2
15
0
9
0
0
0
0
14
0
0
0
2
0
0
1
16
4
0
2
17
0
0
0
0
0
0
13
0
0
0
8
0
8
0
6
0
10
0
8
0
12
0
8
0
6
0
8
0
8
0
4
0
6
0
11
0
6
0
6
0
6
0
6
0
8
0
8
0
12
0
4
0
15
0
2
0
10
0
8
0
4
0
6
0
4
0
6
0
12
4
6
0
4
13
10
6
10
0
0
10
8
0
0
6
8
0
0
4
15
0
0
2
6
0
0
6
6
0
0
8
8
0
0
10
6
0
0
8
10
0
0
8
12
0
0
8
4
0
0
8
4
0
0
4
13
0
0
10
6
0
0
0
0
0
0
17
6
0
4
9
0
0
10
10
2
0
0
2
0
0
0
0
0
0
0
0
0
0
0
0
2
0
4
0
13
6
6
4
10
0
4
6
6
0
0
6
2
0
12
0
0
15
0
2
0
4
0
0
0
0
0
0
4
0
0
0
0
0
0
0
0
6
0
4
10
10
0
6
9
4
0
0
4
10
0
2
4
15
0
8
0
9
0
4
0
15
0
4
0
8
0
6
8
10
0
4
9
10
0
0
14
15
0
2
23
17
0
0
8
6
0
0
8
6
0
0
10
6
0
0
6
10
8
0
2
6
0
0
13
10
10
0
10
10
8
0
12
6
0
0
6
9
8
6
8
4
6
0
8
4
11
0
4
4
15
0
8
4
0
0
2
4
0
2
4
2
0
4
0
2
0
0
0
4
2
0
0
2
2
0
0
0
0
2
2
0
0
4
0
0
2
0
0
0
0
2
2
4
0
0
2
2
2
2
2
4
0
2
2
2
2
4
4
0
0
4
0
4
0
0
2
4
25
4
0
2
0
2
0
0
4
0
0
2
2
4
4
2
2
2
0
0
0
0
2
0
2
0
0
0
0
2
0
0
0
2
2
4
0
0
0
2
2
6
0
0
4
0
0
4
2
0
6
0
6
2
2
4
0
2
0
2
0
0
2
2
4
2
4
4
0
2
2
2
2
2
4
2
0
2
2
4
2
0
0
2
0
2
2
2
0
0
0
0
4
2
0
0
0
2
4
0
0
2
0
0
2
0
0
4
0
4
4
4
2
4
4
0
2
2
2
2
8
4
2
2
2
4
0
2
4
6
2
0
2
2
2
2
0
2
2
2
0
0
2
0
0
4
2
0
2
4
0
2
4
2
0
2
6
2
36
0
2
2
2
4
0
0
2
2
0
2
4
0
2
2
6
4
0
4
0
0
2
0
6
0
2
2
4
2
2
4
0
0
0
4
0
0
0
2
6
0
0
0
2
0
2
2
0
6
0
2
0
2
4
2
2
2
2
2
2
0
4
39
2
0
9
22
54
16
41
34
27
16
17
13
21
16
12
15
49
17
22
49
13
7
25
22
23
18
20
16
22
41
57
5
18
12
22
27
10
12
20
25
18
22
12
36
16
12
18
29
11
22
16
12
51
22
39
24
13
22
15
13
15
29
16
4
12
25
36
20
12
27
11
18
20
28
15
27
6
44
22
32
24
11
16
28
17
23
12
11
45
27
14
39
20
16
13
9
16
15
16
24
33
54
12
19
23
22
11
17
24
14
14
25
15
24
16
34
15
18
25
16
15
17
25
26
39
18
26
40
30
12
15
18
20
20
24
18
14
21
22
35
25
14
15
17
10
15
15
16
12
36
21
27
12
19
23
12
18
20
8
12
15
18
20
20
15
16
20
16
16
15
16
15
20
6
13
25
20
18
20
20
24
13
18
18
17
47
16
37
22
9
11
15
16
14
16
25
37
22
15
16
15
8
16
12
12
18
24
22
25
30
15
8
22
39
15
25
15
12
14
19
46
24
22
20
19
21
8
16
17
22
12
9
19
25
28
40
20
14
12
28
22
18
15
16
47
17
20
29
16
12
10
15
22
16
15
15
19
38
20
21
13
17
16
10
17
13
12
16
30
16
25
39
14
12
10
18
22
19
25
40
37
24
22
28
14
15
20
27
21
16
14
4
10
4
6
2
8
8
10
10
6
8
10
6
10
8
8
10
8
4
6
14
4
8
10
6
12
10
12
10
10
10
8
8
18
8
6
14
12
10
6
8
10
4
16
12
6
10
18
10
12
14
10
6
20
12
14
10
12
6
10
4
12
8
8
10
8
12
10
10
8
6
10
14
10
12
6
14
16
14
16
22
8
8
18
8
8
8
20
18
12
8
8
14
12
8
10
4
16
12
12
8
36
6
12
8
16
8
12
14
10
10
12
6
10
10
12
18
14
14
20
8
22
16
18
10
6
12
4
6
18
8
8
6
14
12
8
12
14
14
20
10
8
8
8
22
4
6
10
6
10
8
10
10
22
10
16
4
14
12
6
16
14
18
22
6
14
6
32
14
8
8
10
12
8
4
12
8
20
4
16
12
12
12
10
6
4
10
8
26
8
16
16
18
16
14
12
22
20
6
20
14
18
24
8
32
20
8
14
8
10
28
10
14
12
20
10
12
12
12
6
12
8
16
8
12
16
18
12
10
6
6
24
14
8
10
16
16
12
8
12
16
8
10
37
12
20
10
18
24
12
16
8
14
8
4
8
12
16
6
8
16
37
14
6
12
4
8
12
12
4
6
10
12
8
12
10
14
12
14
6
12
8
10
10
10
14
8
21
0
11
13
14
0
41
13
10
0
5
12
13
6
0
15
9
14
23
0
19
5
0
1
14
18
19
14
6
0
13
16
32
0
0
24
14
13
18
16
11
6
14
6
0
0
4
14
22
20
6
0
1
10
15
0
0
1
17
17
10
14
0
13
4
22
18
1
20
13
25
27
20
10
17
12
0
12
17
15
24
17
10
20
15
0
10
26
10
0
12
16
17
17
18
18
16
0
1
7
0
8
0
10
3
12
7
0
11
12
18
8
7
10
7
0
10
0
10
12
17
9
15
12
8
1
14
12
1
21
13
0
5
11
0
8
6
0
8
1
11
19
9
0
7
12
11
0
1
1
6
0
9
0
8
12
20
2
10
8
0
6
0
11
0
9
12
2
11
12
33
9
10
1
6
20
2
13
10
7
0
10
11
0
0
0
10
0
0
20
2
13
0
9
0
6
0
11
1
2
0
11
14
13
0
15
13
13
0
8
0
4
10
0
10
0
13
0
1
0
0
11
10
0
0
10
7
0
8
0
5
0
2
0
14
7
11
20
9
14
0
12
0
8
7
12
21
31
3
9
15
23
16
16
1
0
14
0
1
24
15
30
17
1
45
3
12
5
8
7
14
0
22
15
1
23
17
0
20
14
14
1
46
23
21
0
0
0
55
86
64
87
50
68
35
40
42
88
87
87
79
68
51
83
81
46
31
66
53
83
85
66
85
89
81
86
86
78
38
87
44
81
89
76
79
92
91
90
93
89
77
59
44
89
68
89
81
92
85
82
84
90
88
41
45
61
75
91
66
73
89
89
91
49
65
47
44
53
86
76
87
55
88
88
75
51
40
47
40
73
91
68
86
83
89
69
96
71
54
80
66
87
71
71
48
72
92
90
90
88
87
47
45
89
86
89
82
88
79
73
90
77
87
85
42
90
31
75
87
43
88
87
46
67
73
41
29
79
78
56
67
63
46
64
46
54
54
45
44
97
69
72
82
68
89
85
48
43
68
33
31
75
75
68
46
48
87
83
46
42
59
81
38
41
86
91
91
81
88
76
71
40
42
42
41
53
85
64
86
88
87
81
42
41
67
44
31
37
41
86
29
75
37
87
52
89
68
77
36
35
73
76
90
68
84
78
82
80
85
31
38
79
64
60
33
26
76
60
85
86
80
70
39
63
90
87
81
54
35
54
54
51
58
36
39
35
43
54
34
35
39
40
46
38
31
34
31
31
74
44
29
53
69
38
69
67
46
29
33
44
50
55
43
46
71
50
69
51
46
31
26
38
45
43
43
75
50
75
42
65
49
31
25
41
57
40
1
1
3
1
0
0
5
1
0
1
1
3
5
1
7
5
1
1
1
0
6
3
1
0
3
0
1
0
1
0
10
1
3
3
5
1
1
1
1
1
0
3
0
1
3
0
11
1
1
3
1
0
3
0
0
0
0
0
3
5
3
0
1
0
9
3
9
13
1
0
3
3
3
5
1
3
3
1
5
3
7
1
1
0
0
3
1
0
3
3
3
5
14
3
0
3
1
1
1
3
3
0
0
45
10
0
1
0
1
1
3
1
1
5
1
7
3
1
3
0
15
1
3
1
5
1
0
3
3
1
3
3
1
3
3
7
0
1
7
0
1
3
3
1
1
3
6
3
3
7
51
1
25
3
10
3
7
15
1
0
0
0
1
7
47
1
7
3
1
7
5
3
5
1
1
5
1
1
5
3
29
3
0
1
3
5
5
0
8
0
3
3
21
0
1
7
3
1
34
3
12
7
6
1
1
1
3
1
3
36
7
43
1
1
0
22
5
1
1
1
0
1
0
3
10
1
3
1
5
20
1
52
7
3
5
0
14
0
3
4
0
3
1
3
1
1
5
0
5
0
0
1
7
5
1
0
3
1
1
8
5
3
1
5
3
5
1
0
7
3
3
9
3
1
3
3
3
3
0
3
1
1
3
38
10
3
3
7
