4
8
6
8
8
8
6
6
2
6
4
4
2
4
4
4
4
4
6
6
2
4
6
8
8
5
6
4
4
10
6
4
4
10
8
8
4
6
4
4
8
4
8
5
6
2
8
6
6
4
6
4
4
4
2
4
6
6
2
4
6
6
4
4
6
6
2
4
8
4
4
6
6
6
4
4
8
2
6
4
10
4
4
4
4
4
8
2
2
4
6
8
4
8
6
6
2
6
4
4
6
4
6
4
4
4
2
6
6
6
6
2
4
2
6
4
2
6
2
2
4
2
2
2
4
4
4
2
2
4
2
4
4
4
2
2
4
2
2
2
6
2
2
4
4
2
4
6
2
2
2
2
2
2
2
2
4
6
4
5
8
2
4
4
4
2
2
2
4
2
4
4
4
4
4
2
4
4
4
2
2
8
2
2
2
2
2
4
4
2
2
4
6
4
2
4
4
4
6
9
6
10
2
2
2
4
2
8
4
2
2
2
2
4
10
6
2
2
2
2
4
2
2
2
2
4
4
2
2
83
2
2
2
2
0
2
4
2
4
2
4
2
4
2
4
2
4
6
2
2
2
2
2
2
2
2
2
4
4
2
5
4
2
2
2
4
2
4
2
2
2
2
2
4
4
0
2
2
2
4
2
6
4
2
0
6
2
2
6
2
2
4
12
2
0
0
4
2
2
4
12
2
4
2
2
0
3
6
0
4
0
2
2
4
4
2
2
2
2
0
2
0
2
5
2
0
4
2
2
4
4
4
2
2
2
2
4
4
0
4
4
0
4
4
4
6
3
4
2
4
4
2
2
6
6
3
6
6
25
4
4
8
6
4
6
6
8
2
6
4
4
10
10
6
6
6
4
6
11
12
11
12
8
10
6
6
15
6
10
10
10
8
6
8
6
8
5
4
4
8
2
10
8
8
6
2
4
2
8
8
4
5
11
9
4
4
8
4
8
8
6
10
6
15
2
10
8
2
2
6
2
6
2
4
4
6
12
15
6
12
8
5
4
4
8
8
4
5
4
4
2
2
8
10
4
6
8
4
10
8
13
2
7
8
4
8
4
8
6
4
4
2
8
4
10
6
4
6
4
4
6
6
4
8
6
4
6
5
6
6
9
4
4
8
6
4
8
4
2
6
4
4
4
4
12
6
4
8
2
4
4
4
2
4
6
5
4
6
6
4
4
6
2
4
6
12
8
7
4
4
4
4
8
6
4
2
3
10
2
10
2
2
2
2
0
6
4
0
4
2
2
2
4
2
2
2
10
2
4
2
2
4
2
2
4
4
2
4
2
0
0
2
8
2
2
4
0
0
22
78
0
0
1
0
0
0
0
0
0
0
27
5
2
45
0
0
0
0
0
0
0
0
2
77
2
2
33
2
0
22
31
0
0
0
0
33
60
0
0
79
0
0
0
0
0
0
56
0
2
0
12
2
3
0
0
0
2
0
2
0
3
14
71
0
0
0
2
36
0
2
0
0
0
0
0
1
0
16
17
7
41
0
2
0
2
2
18
22
0
0
18
22
32
0
0
2
2
0
3
0
2
3
1
31
5
19
23
10
0
5
23
6
0
0
26
0
2
0
2
0
14
61
0
0
0
13
10
2
2
30
2
25
0
2
3
0
1
7
23
0
0
5
36
0
16
0
17
0
2
0
15
10
0
4
0
0
2
2
0
13
2
2
24
0
0
0
10
0
14
2
4
27
17
0
0
2
0
2
43
0
2
4
32
0
0
0
0
0
0
0
0
26
0
14
2
0
30
0
0
0
13
39
0
0
2
32
2
0
0
2
0
2
1
0
42
0
26
0
0
35
0
2
2
16
19
15
0
0
20
19
3
0
13
2
0
7
0
0
10
0
0
0
27
0
20
21
0
1
1
0
0
3
0
9
0
0
2
1
0
2
13
0
0
0
2
0
0
0
2
0
0
2
2
1
0
0
2
0
2
8
1
0
2
0
18
18
17
18
18
18
19
18
18
17
19
18
18
18
18
18
18
18
17
17
18
18
18
17
18
18
17
18
18
17
18
18
18
18
18
18
18
18
18
15
18
17
18
18
14
16
17
18
18
18
17
17
18
18
18
19
18
17
17
19
16
16
18
18
18
18
18
18
19
18
18
18
16
19
18
18
18
18
18
18
18
18
19
18
18
18
18
17
14
18
18
18
18
18
18
18
18
16
18
18
18
18
18
17
15
18
17
18
18
18
18
18
18
18
18
18
18
17
18
16
18
18
16
17
18
18
16
18
16
15
13
18
16
17
16
16
17
17
18
18
15
17
17
17
13
15
17
13
16
18
16
16
15
17
14
15
16
19
20
20
18
19
17
19
19
19
19
20
19
19
19
19
19
19
19
19
19
16
19
20
16
20
20
19
19
20
19
19
19
19
20
19
19
19
19
19
20
20
19
20
19
19
19
19
19
17
19
20
19
19
19
20
18
18
19
19
20
19
19
19
19
20
20
20
20
19
19
19
19
19
19
19
19
20
19
19
19
19
20
19
19
19
19
19
19
20
19
19
18
19
19
19
19
17
19
19
19
19
19
19
19
19
19
20
20
19
19
18
18
19
19
20
20
19
20
18
19
20
19
20
20
19
19
20
19
20
19
19
5
19
7
4
8
16
4
9
8
13
10
2
7
10
6
4
6
4
4
6
4
12
7
6
4
6
4
4
6
0
15
4
7
9
7
8
6
7
0
4
4
10
6
8
6
4
4
7
14
24
8
8
4
6
5
5
4
5
6
7
6
4
6
0
6
7
4
19
4
6
13
24
8
7
14
8
9
9
11
8
11
12
9
6
8
17
5
6
6
8
7
4
12
8
6
10
8
8
9
7
9
4
0
15
11
6
6
10
7
12
9
14
10
4
9
13
9
7
4
15
13
8
21
9
10
15
10
9
6
7
16
18
5
7
11
15
4
10
13
4
10
31
13
4
13
49
13
28
15
4
15
0
4
4
7
12
9
10
11
7
9
8
10
9
13
10
14
6
6
11
11
13
15
0
14
17
8
5
0
9
34
21
32
20
5
18
26
36
11
19
13
18
17
12
9
11
21
13
5
6
11
18
13
9
16
6
19
26
13
20
9
15
6
7
19
17
6
13
15
13
14
2
17
20
23
26
6
10
9
21
26
5
9
6
7
26
2
11
13
13
13
4
4
11
6
4
7
8
9
6
11
11
8
15
9
13
7
22
6
6
10
6
12
4
9
7
6
6
13
13
4
2
11
8
13
15
4
9
4
9
6
6
4
11
9
5
9
6
12
15
9
10
10
15
12
15
10
17
10
6
16
12
23
19
11
16
4
6
16
6
14
11
16
12
6
23
17
10
6
10
14
4
10
8
16
4
14
10
17
8
19
12
6
9
8
6
10
6
8
14
17
16
12
16
8
19
21
14
21
18
16
17
18
14
27
32
27
36
16
12
17
23
10
6
21
12
7
13
14
14
31
21
19
10
12
19
19
12
21
18
41
39
25
21
19
25
21
18
17
19
31
18
21
19
9
6
41
29
8
23
29
21
29
25
10
35
19
29
39
21
16
37
18
21
39
39
33
18
17
12
19
45
29
56
29
37
19
8
29
25
8
12
24
25
21
25
39
10
21
18
19
35
33
29
25
20
12
14
15
19
17
14
17
21
17
25
21
15
19
8
29
27
17
31
17
31
14
14
21
16
16
25
31
21
39
16
33
29
19
29
25
21
43
29
31
41
23
19
14
10
12
45
21
16
19
25
17
14
23
14
37
16
29
10
17
19
21
37
33
4
11
9
6
33
14
19
31
29
17
14
21
21
22
36
29
4
11
18
25
14
15
33
9
31
27
23
32
43
21
19
10
29
13
19
20
12
31
8
19
31
29
54
18
29
9
14
15
14
15
21
9
29
14
16
21
15
7
12
16
4
25
31
16
13
16
12
3
5
1
0
5
5
3
1
7
3
6
5
2
0
1
0
3
3
3
0
0
4
0
1
3
3
1
3
3
1
5
3
3
3
5
1
5
0
2
2
3
3
2
3
1
1
3
3
1
1
4
2
5
7
5
4
5
5
1
5
3
0
5
1
4
3
1
1
1
5
3
3
1
3
1
0
1
3
0
1
3
1
7
7
0
2
7
1
1
3
2
0
5
3
1
1
3
5
0
3
3
2
3
3
3
3
3
5
1
1
0
1
0
2
9
3
2
2
5
3
4
5
1
1
1
5
0
1
2
0
3
0
4
1
7
3
3
1
1
1
3
0
1
1
5
0
0
0
0
0
3
3
3
3
1
3
5
3
3
1
5
3
3
3
7
3
1
0
3
7
1
1
5
0
5
3
3
7
3
3
0
1
3
0
1
3
0
1
1
5
1
1
3
1
7
3
3
5
3
5
1
1
5
3
1
1
5
1
3
0
3
5
3
3
1
3
0
1
4
5
3
1
1
4
1
1
1
1
1
1
3
3
3
0
1
2
5
5
5
1
3
5
3
3
0
3
3
3
1
3
7
1
5
1
1
3
1
1
1
3
3
1
1
0
1
1
3
3
0
3
3
2
3
5
0
3
5
3
1
1
3
2
1
3
3
3
4
1
0
0
2
0
0
39
2
1
2
2
2
2
0
0
0
52
0
3
1
0
0
2
4
2
0
0
0
0
41
2
2
9
14
0
0
0
0
4
5
73
1
0
4
2
47
8
0
0
61
2
0
2
1
0
0
16
12
2
0
7
11
4
2
30
44
2
3
0
0
0
4
4
31
2
0
0
2
0
0
2
7
0
3
30
2
77
2
24
0
0
63
5
0
2
4
2
76
0
2
4
0
0
0
4
0
4
2
7
68
5
0
0
42
0
5
0
3
5
0
4
7
0
0
0
49
17
5
33
31
12
33
5
10
0
0
0
0
0
2
0
2
83
3
0
0
18
3
2
0
38
4
0
2
0
43
0
2
0
0
5
91
0
0
0
4
0
0
6
0
1
0
3
2
4
2
7
27
5
8
68
86
43
0
1
4
2
0
2
4
5
5
16
5
4
1
2
2
5
0
1
38
0
68
6
4
67
0
2
0
0
44
2
2
0
4
1
2
2
0
2
0
0
38
0
2
0
39
2
2
5
0
0
0
2
0
44
0
0
0
0
7
0
3
0
0
0
40
72
2
5
9
7
3
9
3
4
3
74
2
4
7
15
2
2
2
2
54
0
4
55
70
5
5
0
21
0
9
65
0
0
0
0
1
2
11
15
5
2
46
31
65
23
44
27
26
16
78
39
39
39
50
32
26
42
36
42
39
22
66
35
57
59
26
26
27
20
48
47
28
59
18
36
22
16
29
22
37
28
39
16
29
20
38
18
26
32
18
29
27
33
37
30
37
46
25
20
26
44
22
16
35
20
0
22
11
35
29
44
25
21
18
34
20
33
51
26
34
38
22
28
27
35
37
25
5
36
28
50
28
29
35
17
31
18
21
36
22
15
48
71
9
59
27
36
40
17
27
17
35
39
50
37
38
10
28
36
24
32
14
22
17
34
18
21
44
23
45
30
18
6
31
18
18
32
30
19
3
12
25
25
27
27
30
20
33
25
21
24
34
17
19
28
32
22
15
28
20
22
38
42
17
18
12
24
44
20
13
37
29
20
21
50
25
18
25
19
21
18
33
38
37
22
26
26
0
15
18
26
17
26
32
17
36
20
33
19
15
27
23
8
40
11
25
28
26
35
35
17
47
30
13
41
15
26
39
29
35
36
48
38
28
25
32
14
22
18
17
14
16
39
38
35
15
19
37
31
66
40
40
55
18
11
35
44
24
19
37
33
24
20
35
37
42
27
35
36
65
31
5
38
36
28
41
15
26
37
39
37
20
31
28
63
36
41
36
37
39
33
33
37
32
36
43
15
13
50
6
36
4
0
0
4
6
4
6
68
4
6
4
0
4
57
6
6
43
6
0
45
10
4
6
6
0
86
4
2
10
6
4
0
4
4
0
0
0
0
6
5
12
0
68
4
4
6
0
0
4
0
0
6
0
24
0
6
4
0
0
73
0
2
53
2
0
11
0
6
4
0
0
70
0
0
4
0
0
24
0
6
66
2
2
8
0
6
0
0
45
0
0
2
4
0
5
4
0
6
0
7
0
2
0
4
0
0
5
6
0
6
66
7
2
4
0
4
2
6
4
0
6
8
4
4
2
10
4
0
6
4
2
6
6
0
6
0
6
0
6
6
2
0
6
8
8
6
6
50
12
3
8
6
7
2
5
6
4
8
4
2
0
2
0
0
0
4
0
6
5
6
62
4
0
2
0
8
0
2
0
2
6
0
0
66
4
2
0
8
0
47
5
4
87
6
4
35
5
6
4
2
13
62
2
98
6
0
58
6
4
43
0
8
6
6
5
0
0
6
6
4
4
31
0
6
50
7
62
2
0
6
4
5
5
2
0
0
2
37
24
0
0
3
2
0
46
0
0
0
4
5
0
28
16
3
11
0
0
25
2
2
28
24
22
14
12
4
50
0
0
2
0
2
2
0
2
6
28
0
2
51
2
2
6
4
2
5
