24
34
29
26
26
21
18
25
25
20
12
40
15
38
25
32
19
24
42
29
34
24
24
37
37
31
39
27
19
29
20
22
33
13
22
37
34
22
33
45
20
33
21
29
44
30
33
40
27
36
45
21
17
17
20
20
20
27
24
13
15
22
16
18
19
18
20
25
36
29
21
24
31
20
35
32
40
21
23
23
21
31
19
23
26
21
24
17
16
28
25
43
23
43
39
23
39
36
30
34
32
23
26
21
19
33
50
27
15
20
27
26
18
21
31
29
22
25
17
24
24
28
22
17
27
20
29
28
33
23
48
23
21
19
23
24
18
21
19
30
30
35
22
23
52
32
38
17
14
18
18
32
23
26
17
10
25
24
28
24
14
37
24
38
12
27
31
14
21
21
23
24
36
24
30
21
25
27
34
20
21
25
41
31
26
22
19
36
24
24
29
27
23
35
32
18
30
24
24
33
28
22
30
26
18
31
43
42
22
18
32
19
10
16
11
28
30
27
22
40
19
17
15
38
21
33
34
39
16
20
39
35
19
19
28
31
29
29
23
22
33
24
35
19
30
26
30
31
23
36
19
25
23
28
31
34
26
23
19
22
21
17
29
33
28
23
25
26
14
22
19
22
24
17
19
21
25
34
23
16
23
14
24
20
24
22
20
51
22
25
24
21
24
17
14
23
22
53
23
44
23
29
20
37
19
26
21
15
27
32
30
31
30
21
18
28
56
47
24
49
27
21
54
23
21
53
22
24
37
35
41
40
30
25
21
23
46
45
41
8
27
49
29
29
33
37
26
29
19
52
21
18
16
30
19
25
38
26
33
30
22
19
29
28
15
19
19
15
27
14
19
32
26
28
25
20
19
31
17
19
27
19
25
27
21
29
39
33
16
22
23
22
51
23
32
27
26
20
36
27
25
37
32
30
20
29
35
26
18
28
39
24
18
20
8
17
42
56
28
17
26
41
26
41
21
25
22
32
26
39
22
23
21
19
21
29
28
39
34
36
33
27
22
24
39
43
19
33
28
30
29
25
41
19
24
25
21
20
32
36
22
27
26
28
27
42
34
22
29
32
23
28
23
20
32
17
20
26
41
33
36
31
50
18
39
27
28
17
23
24
38
23
28
22
26
24
38
28
35
33
18
18
37
40
37
16
24
29
29
35
27
25
15
22
23
29
22
28
15
29
21
24
24
33
41
23
34
26
37
27
33
31
49
26
18
35
29
24
29
28
17
27
24
28
15
25
27
29
28
34
28
27
32
22
25
36
17
23
28
25
24
12
28
31
34
28
18
35
19
25
31
17
36
35
23
29
21
19
23
28
16
28
16
19
21
24
36
23
17
26
23
22
45
22
19
15
20
15
42
18
36
33
30
25
18
19
32
32
28
24
11
23
11
29
25
14
16
20
11
13
17
32
31
22
35
41
13
22
14
27
18
25
32
31
29
18
20
24
24
25
33
20
32
22
26
21
22
22
38
30
21
33
34
22
27
22
19
24
33
51
27
23
32
34
48
23
29
22
22
38
50
33
32
22
16
20
16
20
17
30
31
26
23
17
26
21
23
21
37
14
20
17
16
51
17
34
40
14
19
31
22
31
28
25
16
28
22
29
20
28
34
25
21
19
38
31
30
28
19
25
30
33
33
25
9
21
9
18
28
14
24
29
17
42
37
36
21
33
38
25
28
21
65
22
30
15
31
36
33
21
26
26
33
20
42
28
17
26
36
34
19
32
21
23
21
16
16
16
20
20
32
26
17
19
21
21
22
25
21
26
16
25
25
23
24
19
21
27
40
47
29
24
30
24
26
21
17
18
27
21
20
13
21
22
19
15
27
25
18
21
17
20
19
27
51
23
22
20
16
16
20
18
17
22
22
23
33
20
19
6
19
17
22
26
13
38
17
25
14
27
19
19
15
20
16
15
16
39
25
41
17
17
15
24
20
19
25
33
24
21
17
41
15
31
15
0
5
0
0
0
0
13
19
0
0
0
14
21
0
16
16
11
14
0
17
0
15
0
23
19
0
0
11
0
0
9
19
0
23
26
13
41
0
17
21
0
21
16
0
0
0
0
26
0
0
0
13
9
0
10
21
0
0
0
13
0
8
11
0
16
0
0
13
28
0
0
0
38
0
0
3
17
19
0
0
18
0
38
0
0
13
15
0
19
18
18
0
21
0
14
0
19
0
19
26
7
5
0
18
20
18
7
0
6
19
13
16
32
5
0
11
0
19
0
0
19
19
14
0
0
18
12
15
9
0
0
24
0
11
19
0
0
11
0
1
0
14
18
0
28
0
0
12
23
0
0
0
10
0
0
1
30
32
0
0
0
15
0
0
13
20
9
0
44
26
18
19
21
0
0
13
0
22
0
0
0
14
1
0
12
0
11
7
0
22
11
20
0
0
28
40
20
22
0
18
20
0
0
23
24
26
0
0
0
0
0
0
14
6
0
1
16
0
0
21
24
20
0
13
18
14
0
0
0
0
0
0
0
0
0
2
20
0
15
20
40
13
2
0
0
18
13
0
0
0
0
0
0
0
0
0
0
0
0
0
38
0
27
0
0
27
0
14
18
0
0
0
35
43
15
13
0
0
18
12
23
13
39
0
0
0
0
51
36
0
9
6
27
0
30
24
38
27
11
0
30
34
52
15
31
18
18
2
0
0
35
7
0
20
0
18
0
0
0
23
26
22
0
17
2
0
8
0
0
40
0
0
0
0
0
0
0
0
0
24
14
18
14
21
6
25
25
34
0
33
0
0
0
27
36
25
3
0
12
12
15
0
0
27
21
0
0
0
30
30
32
41
32
33
2
0
17
24
37
32
24
20
26
18
18
23
0
24
14
15
10
23
0
0
15
19
30
22
0
30
34
0
21
21
0
0
1
32
19
0
21
0
16
19
16
0
16
9
0
22
15
0
29
13
22
13
5
0
19
20
14
15
4
28
19
0
23
0
0
0
26
46
0
16
31
7
0
12
14
27
33
33
0
0
31
24
0
29
0
0
23
0
0
25
25
0
0
24
27
24
16
0
20
25
17
0
8
14
22
34
38
18
19
0
16
14
11
7
22
10
18
24
28
0
0
27
0
26
42
4
21
54
30
26
0
0
47
0
2
26
19
16
33
13
0
23
0
26
0
22
0
31
9
0
0
0
57
0
13
0
15
1
20
0
22
41
0
41
25
2
21
16
0
0
5
15
14
22
35
54
0
22
27
0
18
15
0
19
11
35
47
0
0
29
20
0
25
30
8
0
20
17
0
50
29
0
0
0
22
41
28
35
23
38
38
52
0
0
0
0
12
30
70
30
54
0
0
42
34
74
0
0
24
31
49
51
24
9
1
37
0
0
0
0
27
31
27
31
36
43
34
27
70
13
66
0
34
1
36
26
28
37
22
53
35
0
0
0
3
36
23
44
52
2
46
54
48
0
0
0
14
24
45
56
0
39
39
43
26
21
0
0
70
86
23
0
27
35
83
0
0
0
0
0
50
29
52
34
3
73
35
0
27
0
0
0
0
29
41
3
25
0
38
35
31
0
0
0
31
2
27
34
64
41
19
34
43
0
0
0
32
74
32
50
76
48
0
0
0
0
0
0
27
7
23
34
27
0
27
27
31
0
0
6
22
35
17
29
29
0
14
31
49
0
0
0
27
29
0
36
25
36
28
33
29
68
0
0
22
4
34
4
53
45
84
0
0
0
0
0
29
79
22
17
36
32
59
37
12
35
0
0
62
33
44
44
53
21
29
41
0
0
0
0
31
0
26
30
42
33
0
23
27
0
0
0
38
36
0
24
26
0
42
0
35
0
0
0
33
61
19
39
53
0
26
0
12
0
0
0
29
0
78
19
44
26
32
31
31
0
0
0
27
71
40
0
47
38
33
15
0
0
0
0
55
0
27
28
40
78
34
37
0
0
0
17
0
0
0
14
13
4
20
0
25
26
12
20
0
0
11
6
0
26
0
16
0
0
27
18
0
0
2
0
16
16
0
0
0
4
0
0
16
13
0
0
0
17
0
12
0
4
15
0
19
0
0
10
9
0
0
0
19
19
11
0
17
1
4
11
0
0
33
0
0
0
3
0
13
0
8
0
15
18
0
21
24
0
0
0
0
15
0
14
0
3
15
0
0
23
12
13
24
0
19
0
25
35
0
0
0
36
14
25
41
13
0
3
22
0
0
0
0
15
28
28
27
14
0
0
16
0
0
0
0
22
20
20
20
13
0
19
36
0
0
0
23
20
1
0
3
0
19
0
24
0
0
0
0
26
21
24
0
11
0
17
4
13
16
0
0
24
14
17
31
15
13
0
21
0
0
0
5
0
0
21
0
17
11
0
19
22
13
19
0
23
0
0
0
15
22
0
0
48
19
0
0
23
16
26
35
13
13
12
52
0
0
0
0
20
2
0
0
11
6
0
12
0
11
13
0
0
22
0
11
0
20
2
0
32
0
0
0
11
21
0
17
20
0
0
0
36
0
0
0
21
32
0
30
9
19
0
0
0
0
0
0
27
16
1
0
16
0
12
15
21
0
0
0
49
23
24
29
15
13
27
0
0
0
0
0
11
11
0
51
1
0
0
0
2
13
0
0
21
15
19
0
17
0
10
0
0
0
22
2
18
14
1
20
49
0
19
25
2
0
27
0
23
18
0
0
10
12
14
0
0
23
20
23
15
14
0
31
13
0
0
0
28
0
32
0
0
24
0
0
12
0
17
16
21
0
24
5
17
55
0
32
0
0
16
12
0
0
0
26
23
27
0
38
0
5
13
0
0
0
29
33
14
0
0
43
0
0
21
0
0
0
11
41
22
0
0
75
0
0
0
0
0
14
22
0
2
17
14
0
0
0
14
21
0
0
18
0
0
19
16
0
15
0
0
18
0
0
19
11
0
19
17
18
21
0
0
5
0
5
33
53
25
36
23
0
0
21
16
27
0
18
33
20
17
22
24
0
28
16
15
30
0
37
13
32
0
83
2
0
0
21
29
0
20
27
23
8
28
18
15
17
21
0
37
0
23
42
40
33
29
23
0
10
11
16
0
20
18
0
3
22
12
40
0
0
14
9
23
0
45
2
0
30
59
15
0
0
0
0
0
16
0
20
0
79
17
0
13
0
14
0
0
0
22
21
2
24
19
0
0
28
18
12
0
0
0
29
29
27
24
1
25
21
16
12
0
23
0
32
0
0
28
45
0
24
0
16
39
0
0
0
0
0
0
0
2
2
0
3
0
0
4
2
0
0
0
0
2
0
0
0
0
0
0
0
2
2
0
0
0
2
2
0
0
2
4
0
2
2
4
0
3
2
4
2
0
0
0
2
2
4
2
0
0
0
0
2
0
0
4
0
11
4
0
0
2
2
0
2
0
2
0
0
2
2
2
2
0
2
2
0
2
2
2
1
0
0
2
0
0
0
2
0
3
0
2
2
0
2
0
2
0
2
0
2
0
9
0
2
2
0
2
2
0
0
2
2
2
0
0
2
0
0
0
2
3
0
0
4
3
2
4
5
2
4
2
2
0
0
2
2
4
4
0
0
0
2
4
0
3
0
0
0
0
0
2
0
0
2
2
2
0
2
0
2
2
0
0
2
0
8
0
0
0
0
0
2
2
2
0
4
0
3
0
0
4
0
2
2
2
3
3
0
2
2
2
0
2
0
2
0
0
2
2
0
2
0
3
0
0
9
0
0
2
0
0
2
0
2
0
2
2
0
0
0
0
0
0
2
2
2
0
0
2
2
11
2
8
0
0
1
0
0
2
0
3
0
3
0
0
0
2
2
0
0
0
3
2
2
0
2
3
13
2
2
2
0
0
0
2
0
2
0
1
2
3
2
0
2
2
3
2
0
2
2
2
3
0
0
1
2
18
0
0
17
0
0
0
23
26
26
0
0
0
14
17
18
20
34
20
14
19
0
0
47
0
0
0
0
0
0
0
0
2
0
2
0
0
0
16
15
14
0
43
25
19
15
9
27
0
0
0
0
0
0
0
0
0
0
0
0
1
8
21
0
14
39
27
0
24
18
13
35
18
38
0
0
0
0
0
2
0
0
0
0
8
0
23
22
25
19
0
21
14
12
0
3
0
15
0
21
0
0
11
0
0
0
0
0
47
0
20
11
21
0
0
19
14
3
23
28
28
23
17
8
2
0
0
0
0
0
0
6
17
7
17
0
25
22
20
13
0
21
0
4
18
53
0
0
0
0
0
0
0
0
0
0
57
11
2
36
17
14
0
8
17
0
7
0
0
23
0
0
0
0
0
0
0
0
0
12
22
6
16
0
8
18
0
15
15
0
22
0
18
11
0
14
0
19
0
0
0
0
0
0
25
11
0
19
0
16
0
0
8
20
24
21
0
22
35
1
0
0
0
0
0
0
0
0
19
11
0
0
1
19
0
55
15
0
17
0
0
0
0
0
0
26
47
10
0
13
11
0
41
19
11
31
0
7
10
17
30
0
13
0
0
21
10
0
0
0
7
20
0
23
12
6
0
14
16
0
13
0
1
0
0
19
0
12
