9
17
17
17
28
27
21
11
25
11
21
17
15
15
15
9
25
21
9
21
12
10
11
11
13
21
23
15
23
8
32
27
15
9
11
25
19
17
13
13
19
17
17
17
19
15
10
15
19
8
13
21
6
6
17
17
15
17
12
11
17
21
17
13
6
8
10
11
13
19
19
28
9
17
11
17
8
15
27
13
21
38
19
32
10
23
11
42
9
30
34
25
23
27
81
13
23
21
25
29
19
34
19
15
23
19
13
13
15
19
23
25
17
28
34
19
17
44
25
27
17
21
13
17
28
14
25
38
30
27
25
53
13
21
34
29
17
13
34
40
36
36
19
13
21
40
42
32
40
17
38
29
34
2
13
40
29
11
29
17
15
29
19
30
11
9
23
13
28
15
30
10
36
42
11
17
38
10
30
25
6
11
10
17
0
27
10
15
15
8
11
13
6
8
17
2
8
4
6
11
10
15
13
4
8
10
6
10
8
9
8
6
10
13
8
11
10
10
6
11
11
17
17
10
6
10
11
10
13
10
8
10
11
12
10
19
4
13
11
13
8
13
6
10
8
8
6
10
4
13
11
11
8
6
8
8
17
6
9
8
11
8
6
6
6
8
6
8
21
6
6
10
23
11
4
8
8
6
8
6
9
9
9
2
13
6
10
10
15
55
65
46
71
16
62
21
54
69
56
72
82
59
32
21
40
71
36
67
41
41
75
18
23
55
36
38
18
79
81
28
27
13
35
24
44
14
19
27
71
39
23
40
26
21
33
24
40
72
26
7
19
31
25
32
70
64
26
15
18
16
16
63
79
75
32
43
42
19
19
32
36
21
42
73
57
45
25
34
40
40
18
58
57
45
38
13
39
23
60
36
16
21
44
47
59
14
33
26
45
33
7
50
18
41
18
39
34
65
35
44
45
20
45
26
25
45
35
6
33
21
51
19
27
58
36
26
18
25
27
20
15
19
24
37
17
46
40
14
60
18
7
65
30
25
20
42
41
29
18
40
34
22
44
26
72
25
58
26
18
24
29
41
11
55
17
20
21
40
40
4
24
25
38
19
21
39
34
24
46
50
16
21
25
23
22
42
44
26
30
62
52
27
16
25
18
48
37
37
26
41
17
46
28
25
17
29
25
23
42
20
17
26
52
40
17
24
18
35
35
53
22
42
17
47
25
23
19
10
22
26
16
64
26
19
40
37
22
22
19
21
23
62
43
26
27
53
44
32
20
15
45
32
24
34
40
43
39
54
11
12
27
27
56
24
80
4
15
52
33
12
23
23
46
28
40
29
20
27
15
33
38
73
19
36
52
24
0
0
8
8
4
0
2
6
8
2
2
2
0
0
4
2
0
2
0
0
8
0
2
0
0
0
6
6
0
4
0
0
4
0
6
0
6
0
4
2
8
0
4
0
0
0
4
2
41
0
0
2
2
2
6
0
0
2
0
0
8
0
0
0
0
98
2
2
0
0
0
4
0
8
0
0
0
0
0
0
4
0
2
0
2
0
0
6
6
0
4
4
6
0
0
10
0
6
6
0
0
2
0
6
4
6
95
0
8
4
0
0
2
0
0
4
6
0
0
0
0
8
99
0
0
0
0
6
6
0
0
0
0
6
8
0
0
0
0
4
6
0
2
0
0
4
0
2
2
0
2
2
4
6
0
2
0
2
2
4
6
2
0
6
4
8
0
0
0
4
2
0
0
0
0
6
0
8
0
0
6
6
6
0
0
6
2
4
0
2
6
0
0
0
4
0
0
2
0
2
6
89
2
0
4
0
2
0
0
0
8
0
0
2
0
2
4
0
8
4
0
0
4
8
0
2
0
0
6
90
0
0
0
2
8
4
2
0
0
0
6
4
6
0
0
2
6
6
6
2
0
0
2
4
0
12
0
6
0
6
4
2
2
4
0
4
7
0
0
0
0
0
0
6
2
4
24
0
0
8
4
4
0
0
2
2
4
2
2
4
2
2
4
10
0
2
6
4
7
2
0
4
8
4
6
2
2
2
4
6
6
2
2
4
4
2
2
2
4
6
2
2
2
4
2
0
4
2
4
2
4
2
2
6
4
0
6
10
10
4
4
6
2
6
6
2
2
4
6
2
2
5
2
0
2
8
2
0
0
2
2
6
4
0
2
2
2
8
0
4
0
4
4
10
4
6
4
4
2
0
4
0
0
2
2
0
4
0
4
0
6
4
4
2
2
4
2
0
2
4
4
0
2
6
2
0
6
2
0
2
2
4
2
2
4
0
2
4
4
13
0
0
4
4
11
4
2
4
2
2
6
2
0
2
0
4
6
4
2
6
2
2
2
2
4
8
2
0
2
2
2
4
8
2
4
2
2
0
4
2
4
6
8
2
2
2
2
2
4
6
2
2
4
4
4
2
4
2
6
0
4
6
2
6
6
2
2
4
2
4
2
19
0
4
0
2
2
2
4
4
0
4
2
2
4
2
2
2
2
10
0
2
2
4
4
6
4
2
0
2
2
2
2
6
4
2
4
2
0
2
10
0
6
0
2
4
0
4
2
2
2
0
4
6
2
0
2
2
2
2
4
0
0
2
6
4
0
4
6
6
4
0
2
4
4
6
4
0
4
0
6
2
4
0
2
2
1
0
1
10
1
4
1
0
2
4
4
0
2
2
0
0
2
0
0
6
0
0
2
0
2
2
4
2
0
0
2
2
0
0
0
1
0
0
2
2
4
2
2
2
0
4
0
1
2
1
0
6
2
0
0
2
5
0
0
1
2
2
0
0
2
0
4
0
2
10
0
6
9
2
2
2
4
0
0
0
2
0
2
1
4
0
2
0
0
0
2
2
0
1
0
0
0
4
2
4
0
4
0
0
4
0
4
0
0
2
2
2
0
0
2
0
1
0
2
2
4
0
0
0
4
2
6
0
2
2
2
2
4
0
0
0
0
0
0
0
2
0
0
0
0
2
1
0
2
2
2
2
2
0
2
4
2
2
2
0
7
1
1
0
3
2
0
1
2
0
4
0
4
0
0
6
1
6
6
0
0
2
2
0
2
2
0
2
4
2
12
2
0
6
0
0
1
2
4
0
2
2
2
2
0
6
0
0
0
5
4
0
2
0
5
2
2
2
0
0
0
1
2
0
0
2
1
6
2
4
4
2
2
0
0
1
0
2
0
2
4
3
0
2
2
2
0
1
4
0
0
0
0
6
0
2
6
1
27
1
0
1
0
0
2
2
0
0
2
0
0
4
4
4
1
1
1
0
0
4
2
0
0
6
0
0
4
1
2
2
6
4
1
0
2
5
4
5
0
0
1
4
2
2
0
2
0
4
2
2
17
5
21
2
9
2
7
0
2
17
4
4
2
13
4
0
0
2
2
0
5
3
2
2
15
2
0
4
2
0
3
1
13
2
2
2
7
0
7
0
0
3
5
0
2
4
0
2
2
2
0
2
0
0
0
2
2
0
0
0
4
13
0
2
5
0
2
0
0
2
33
4
5
3
2
4
2
2
2
2
0
0
1
2
2
4
2
4
7
2
4
2
4
5
0
2
5
2
4
1
0
1
4
5
4
7
2
0
5
2
0
0
4
17
2
0
6
2
2
5
4
2
2
2
2
4
0
0
2
0
11
5
2
0
2
2
6
4
2
2
2
6
4
3
0
4
0
2
0
0
4
7
2
15
4
2
2
1
4
4
0
2
19
2
0
4
4
2
2
4
0
4
2
6
4
2
0
5
0
5
4
0
0
2
5
2
6
6
2
3
15
4
2
4
0
4
0
1
3
4
2
6
2
2
0
4
6
2
0
2
3
4
0
2
0
6
2
2
2
5
5
4
11
0
2
5
2
2
2
4
2
37
2
4
0
2
3
0
4
0
2
2
4
7
2
13
2
4
0
2
2
4
4
4
5
2
21
2
5
0
0
4
4
2
4
2
37
52
29
23
51
37
50
55
29
48
57
28
51
33
28
30
42
55
54
44
47
45
57
34
36
29
50
29
35
26
49
61
51
44
51
61
37
31
37
32
45
31
54
52
49
56
56
41
51
58
44
25
37
55
27
38
52
54
35
51
37
34
37
40
37
53
62
61
61
44
39
35
22
53
36
39
44
22
48
54
50
51
34
33
32
53
34
34
36
29
35
67
60
24
49
35
35
42
49
31
23
33
59
59
46
41
32
43
38
34
50
32
35
58
27
37
62
55
41
29
56
35
33
51
36
55
57
47
62
26
36
47
50
31
44
36
36
43
35
54
61
49
49
32
47
45
33
34
57
53
34
50
54
26
48
25
30
38
50
52
36
47
58
61
34
54
45
59
51
42
24
36
39
54
48
53
49
46
52
43
15
49
47
27
48
50
45
60
52
31
35
44
42
29
34
31
52
29
31
32
43
36
49
40
57
37
33
37
61
32
45
60
59
50
43
39
45
33
37
36
50
44
58
33
37
52
23
51
28
24
54
54
34
33
38
34
35
40
38
36
58
23
36
28
40
51
46
54
49
45
32
38
29
33
46
35
48
57
34
57
58
48
57
34
43
46
30
36
53
57
44
31
31
53
55
46
42
36
51
32
61
55
30
35
52
51
35
38
4
2
2
6
2
0
0
4
6
2
2
2
2
0
6
4
4
0
0
0
2
4
2
2
2
0
0
6
2
6
0
2
0
2
6
2
0
0
4
2
0
4
0
0
2
2
2
2
2
0
0
4
0
2
2
0
4
6
0
4
2
2
0
2
4
2
2
2
2
2
8
4
2
2
0
4
2
0
2
4
2
2
4
0
2
2
2
6
0
2
4
0
2
0
0
0
0
2
0
4
2
4
2
2
2
0
2
0
0
2
2
4
0
2
0
0
2
4
2
4
4
0
2
0
4
4
2
2
4
2
2
2
0
0
2
4
4
0
4
2
2
0
0
2
4
4
6
0
4
2
0
4
0
2
0
2
2
4
0
6
0
2
4
4
4
2
2
2
2
2
4
0
0
4
0
4
2
0
0
2
2
6
0
6
2
0
2
0
2
2
0
0
0
2
0
2
4
0
2
0
2
4
6
2
6
2
2
0
2
0
2
0
2
4
2
4
4
0
2
4
8
0
2
0
4
2
2
2
2
0
2
0
2
0
0
4
4
4
2
0
2
0
2
2
0
4
0
2
0
0
0
2
0
6
4
4
4
2
2
0
0
0
0
0
2
2
2
2
4
2
0
2
0
2
0
4
2
2
2
0
2
2
0
0
2
0
4
2
39
46
2
5
29
0
5
0
1
23
0
3
27
6
39
2
19
80
73
2
13
0
0
0
2
26
40
43
22
49
0
0
17
2
26
0
30
2
0
3
28
52
0
6
2
7
28
21
5
0
15
0
36
0
2
65
0
0
39
38
0
31
9
17
0
2
20
21
0
36
41
2
4
2
0
2
0
7
0
0
41
0
97
1
7
42
38
0
43
2
0
0
0
3
28
2
2
3
8
0
2
0
6
1
0
1
0
0
1
41
9
8
13
18
2
2
25
2
2
29
11
2
21
3
5
37
2
2
31
0
63
2
0
0
68
16
0
5
6
4
9
44
0
29
2
19
33
0
7
13
0
4
0
0
0
0
31
0
2
0
0
0
38
2
0
0
0
0
0
72
2
84
20
2
0
0
0
15
0
0
0
2
0
2
0
2
2
0
0
26
2
3
0
2
0
2
0
0
0
0
0
2
0
0
0
0
2
0
0
2
2
0
72
0
0
2
2
44
2
0
0
0
0
0
0
0
0
3
0
26
0
0
20
13
0
0
28
0
0
19
2
29
2
0
0
11
0
0
0
0
0
3
11
0
20
0
2
0
16
18
0
0
24
18
0
1
21
0
0
2
0
23
0
0
44
0
0
9
0
14
10
0
2
0
16
2
0
2
61
23
16
36
17
22
1
68
1
50
43
38
19
11
25
13
64
14
28
22
45
38
18
9
1
78
90
27
22
50
51
63
17
13
7
11
9
42
38
47
28
14
14
44
12
31
13
16
46
5
85
9
16
82
9
77
15
50
46
11
19
64
75
22
38
12
9
19
61
7
7
81
12
11
7
28
56
15
27
47
3
77
13
5
45
41
31
9
69
18
72
34
14
11
37
85
11
22
27
39
9
7
11
9
53
55
79
19
5
19
35
5
82
76
11
43
7
13
76
30
14
82
7
86
34
27
7
7
11
9
28
52
53
86
13
15
13
47
11
10
69
37
7
7
52
15
54
47
19
13
9
47
31
21
50
5
43
12
85
15
36
5
50
78
90
68
11
52
9
13
78
55
42
59
82
13
9
11
23
17
9
7
29
15
66
15
21
5
39
9
5
11
48
13
31
18
21
81
15
58
69
27
74
30
9
25
5
9
55
5
80
6
82
79
9
3
35
13
9
5
48
13
7
10
3
19
7
7
51
68
7
45
19
19
13
9
13
19
16
11
36
13
54
7
15
68
16
70
43
39
10
23
38
39
15
86
11
21
83
12
28
9
47
13
11
32
19
56
14
22
22
27
45
46
29
31
30
46
43
18
25
41
29
27
39
24
27
20
