2
2
0
0
0
2
2
0
2
0
0
2
2
2
0
2
2
2
2
4
0
2
0
4
4
4
4
2
0
4
4
2
4
0
2
2
6
0
2
2
2
2
2
0
4
2
2
0
0
4
4
0
0
0
0
0
2
2
4
4
0
2
0
4
4
0
4
4
0
2
2
0
2
2
2
2
2
4
2
0
4
0
2
2
2
2
2
0
2
2
0
2
2
4
0
2
0
4
2
2
2
2
2
2
0
2
0
0
0
2
0
0
2
2
2
2
2
0
6
2
4
2
4
2
2
2
0
2
2
0
2
6
2
2
2
0
0
2
2
0
0
0
0
2
0
0
4
0
10
2
0
4
2
0
2
6
0
6
0
2
2
2
6
2
2
0
4
0
2
4
2
2
4
2
0
2
4
2
6
6
0
2
0
2
2
0
2
4
8
4
2
0
0
4
2
6
0
2
0
0
2
0
2
0
0
2
2
2
0
2
2
0
2
4
2
2
2
0
2
4
2
2
4
4
2
2
2
2
0
0
0
2
0
2
2
2
4
4
0
2
2
0
2
2
2
0
2
2
4
0
0
2
0
2
4
2
0
8
2
4
0
0
2
2
4
0
2
0
4
2
6
6
2
0
0
2
2
4
6
0
4
4
2
2
2
2
6
2
54
54
58
57
58
56
55
53
58
58
52
59
60
57
59
53
57
58
60
57
57
56
55
59
54
61
57
59
51
54
60
56
58
59
58
57
58
55
56
56
56
58
56
58
56
56
57
58
58
57
56
52
59
54
56
56
58
39
57
55
55
58
60
42
51
59
53
57
57
53
53
57
53
51
55
51
58
53
52
52
57
50
53
54
52
57
51
50
55
56
50
53
49
59
53
53
59
52
48
52
54
53
52
57
47
54
57
47
53
55
44
54
58
56
57
57
51
52
56
50
58
52
51
51
52
56
56
51
53
51
54
50
52
40
51
58
59
51
53
51
51
55
55
57
55
54
58
47
57
46
44
52
55
51
58
54
59
55
58
57
56
39
54
58
56
53
57
58
44
47
57
53
48
57
50
55
54
57
58
54
42
55
50
52
53
56
48
51
53
53
54
59
43
48
47
58
53
48
51
46
56
58
57
46
48
52
56
58
57
50
55
53
56
50
55
45
59
58
58
54
55
52
47
56
51
58
53
42
52
54
52
59
51
50
50
59
57
59
49
50
53
51
57
50
48
51
52
54
53
52
48
42
57
57
58
56
49
55
58
43
58
57
47
57
54
50
48
56
58
48
50
52
57
50
51
45
46
57
52
49
51
46
50
56
54
47
56
52
7
2
9
2
2
2
2
2
4
6
0
2
0
0
0
6
2
4
4
0
2
2
0
2
6
2
0
4
0
0
6
6
6
0
0
0
2
2
2
2
0
2
0
0
2
0
4
0
0
2
0
0
0
0
0
0
0
2
4
0
2
4
2
0
2
4
0
0
2
0
0
2
0
2
2
2
4
2
0
0
0
0
7
2
0
4
2
2
6
4
0
0
4
2
2
2
0
4
2
0
4
2
2
0
0
0
0
0
4
4
0
2
0
2
6
2
4
0
2
0
0
4
4
2
2
2
0
0
2
4
2
2
0
0
5
4
4
2
0
7
4
4
0
2
2
0
2
4
6
2
4
0
2
2
5
0
2
0
0
0
0
4
0
2
0
4
5
2
0
6
4
4
0
5
2
4
0
2
0
2
0
0
0
7
2
5
0
0
2
4
2
0
2
0
2
2
3
2
0
0
0
2
4
2
4
2
0
0
6
84
6
4
0
2
0
2
2
2
7
2
6
70
2
0
0
0
4
2
4
0
11
6
0
0
5
4
2
4
2
0
5
8
4
2
2
2
2
2
2
2
2
0
4
2
2
2
4
4
2
2
0
0
4
2
0
0
2
4
0
0
0
4
4
2
2
0
0
0
0
0
4
2
0
0
2
0
0
4
4
2
2
4
4
4
2
4
0
4
2
0
0
2
4
2
0
2
8
6
2
6
2
4
2
0
2
4
2
0
4
4
0
4
0
2
2
4
0
2
8
4
4
2
6
2
4
0
0
0
2
4
4
4
2
2
2
0
2
10
2
4
2
4
0
0
2
4
8
0
2
0
0
6
0
2
12
0
2
44
0
6
2
0
10
4
2
4
2
0
2
8
2
70
4
6
2
4
0
0
0
2
0
0
4
4
0
4
2
2
4
4
4
2
0
2
0
6
2
0
0
4
2
0
2
0
0
2
2
4
0
0
0
0
0
2
4
0
2
4
2
2
2
0
6
0
4
0
0
0
0
2
4
0
0
0
0
2
0
4
2
0
0
4
6
0
0
0
0
0
2
2
2
0
0
0
4
0
0
4
0
4
4
0
2
6
0
2
4
2
0
0
4
0
6
0
4
0
0
0
4
0
2
4
2
0
2
0
0
2
0
2
4
2
2
2
2
0
4
0
0
2
2
6
0
2
0
4
6
0
0
2
2
2
0
0
4
4
0
0
0
0
0
0
2
6
0
0
4
0
4
2
0
0
0
4
2
2
0
0
0
6
0
0
0
4
0
2
2
2
2
0
2
4
4
2
0
4
0
4
0
0
2
2
0
4
0
2
6
10
4
8
0
2
4
0
6
8
8
8
10
0
4
4
6
6
2
4
2
6
10
15
10
4
6
10
2
4
4
4
6
2
2
7
6
2
4
10
0
6
2
13
4
4
6
10
4
6
15
10
4
2
4
14
6
2
6
9
13
0
6
2
2
10
8
2
4
3
0
6
6
6
6
4
8
4
11
4
6
9
13
2
6
0
2
9
10
2
7
4
0
8
6
4
2
0
4
2
4
10
2
8
2
8
2
10
17
4
2
4
4
15
6
4
2
6
4
2
4
6
6
0
11
4
2
10
8
0
2
6
4
4
0
0
8
4
4
6
4
6
8
6
6
6
2
2
9
6
4
4
4
11
8
14
4
8
2
4
10
6
4
10
4
2
4
2
4
4
4
4
2
8
4
2
6
2
10
4
11
4
8
7
2
4
11
10
6
4
6
5
2
4
0
7
2
8
4
4
2
10
4
2
8
4
13
2
6
6
4
9
6
6
6
4
8
9
2
4
4
4
4
6
2
6
2
4
6
2
2
13
4
4
10
8
5
2
6
4
0
2
4
2
8
4
2
0
8
11
8
4
12
4
2
4
6
8
8
6
2
0
8
6
2
0
4
10
0
4
8
0
6
2
8
2
2
8
6
4
6
2
2
0
8
2
8
2
2
2
2
2
0
2
2
0
2
0
2
2
2
0
0
0
2
0
2
2
2
2
2
2
0
0
2
2
2
0
2
0
0
0
2
2
2
0
4
0
2
0
0
0
2
0
2
2
2
0
2
0
2
2
0
2
2
0
0
0
2
0
2
2
0
0
2
0
0
2
0
0
2
0
2
2
0
2
0
2
2
0
2
2
2
0
2
2
2
2
2
2
4
2
2
2
2
0
2
4
2
2
2
0
4
0
0
2
2
0
0
0
2
0
2
2
0
2
2
2
2
2
0
2
2
0
2
4
2
2
2
0
2
0
2
2
2
2
2
2
2
2
2
2
2
0
0
2
0
2
2
2
0
2
4
2
2
0
0
6
2
0
0
0
2
2
0
0
0
2
2
2
2
2
0
2
0
2
2
0
2
0
2
0
0
0
2
2
2
2
4
2
2
2
2
4
6
2
2
2
0
2
4
0
0
0
2
2
2
2
2
2
0
0
4
0
2
0
2
2
4
2
0
2
0
2
2
2
2
0
2
0
0
2
2
2
0
2
2
2
0
0
2
2
2
2
2
2
2
6
2
2
2
0
2
4
2
0
2
2
4
0
0
0
0
0
2
0
2
0
2
2
0
0
4
2
2
0
0
0
4
0
2
4
0
2
2
2
6
8
0
0
4
8
0
0
4
0
2
4
2
6
2
0
0
0
2
6
4
6
0
0
8
2
0
8
0
0
4
0
4
2
0
4
0
0
0
4
0
8
0
4
2
0
0
8
0
0
2
8
0
6
8
8
2
10
6
10
8
4
10
2
4
8
4
2
2
8
0
6
0
6
4
0
6
0
4
0
4
2
4
2
2
8
8
6
0
8
4
2
4
2
12
2
2
0
8
2
6
2
10
10
4
6
10
4
2
4
2
2
6
0
2
6
2
6
12
0
0
4
2
4
10
4
6
2
0
2
4
0
6
4
2
8
10
10
0
8
2
2
0
0
2
4
8
0
2
6
0
4
2
10
2
4
0
2
2
4
0
6
2
8
0
2
4
2
6
0
6
2
0
0
0
0
6
6
0
10
0
10
6
12
6
0
8
0
0
6
6
6
2
4
0
6
0
8
2
0
6
6
2
0
0
0
4
0
0
0
4
0
0
6
4
6
6
0
0
10
0
6
0
2
8
4
6
4
2
6
0
4
0
2
2
2
0
2
0
0
2
6
4
0
0
2
12
2
8
4
2
2
2
0
14
0
4
4
6
0
4
6
0
6
2
4
6
2
0
6
4
2
6
0
4
0
0
0
6
0
2
2
2
6
6
6
0
4
12
2
12
17
23
18
2
17
26
13
24
15
3
17
9
23
19
3
11
16
7
7
16
1
12
22
20
5
15
1
19
14
8
4
1
3
23
12
18
13
16
6
9
19
8
11
17
7
21
17
12
2
14
30
15
4
3
19
7
27
12
2
5
24
17
4
13
15
20
3
15
16
10
10
2
4
18
20
15
3
19
17
16
2
20
10
30
14
1
6
21
20
22
1
22
20
24
17
2
13
20
15
5
32
29
22
13
3
12
15
26
12
3
18
19
19
12
16
10
14
21
15
2
13
21
32
6
11
18
29
18
3
14
30
15
22
3
20
22
17
14
4
13
32
17
6
11
19
20
18
13
4
21
8
22
2
9
21
19
13
4
18
16
19
13
19
11
17
19
1
20
17
16
14
3
12
20
24
2
19
28
16
14
12
18
16
15
32
2
22
17
19
14
16
19
21
24
18
23
20
15
25
23
3
31
11
27
3
24
29
29
22
2
20
12
28
2
2
17
9
11
2
8
17
32
20
27
6
4
17
27
11
27
14
14
14
10
13
21
23
13
16
3
18
21
4
23
25
30
20
4
21
32
22
14
3
7
17
31
7
18
22
26
2
10
25
18
22
27
24
24
21
24
30
2
14
12
14
3
23
27
20
34
26
20
23
11
23
2
2
15
9
0
7
2
0
3
13
0
2
3
9
7
7
0
4
13
2
5
9
0
7
0
3
5
0
2
0
3
2
3
3
5
60
7
7
47
5
7
13
0
5
0
4
2
5
2
2
11
9
2
2
0
5
13
7
0
2
2
7
7
7
64
9
2
2
3
5
2
2
0
3
4
2
0
2
0
7
3
0
2
2
2
2
3
2
2
3
9
7
2
0
0
9
5
5
53
2
0
55
0
0
4
2
2
4
4
4
19
23
9
7
0
3
2
2
13
2
5
5
0
11
7
0
0
2
5
7
0
0
2
0
4
7
4
2
0
2
3
25
11
2
0
2
7
2
2
3
6
2
7
9
5
94
0
0
2
2
3
2
0
9
0
3
58
2
7
5
29
2
7
5
9
2
49
2
7
11
7
2
7
2
2
0
7
2
0
2
0
11
9
4
0
4
9
13
7
4
2
7
3
7
2
39
3
4
3
9
5
3
0
2
9
9
5
5
7
5
47
2
0
5
2
2
0
0
3
0
4
7
2
4
0
0
2
9
3
0
2
0
4
6
2
2
9
2
15
0
0
9
2
2
2
2
5
2
5
11
3
2
0
3
5
2
11
2
6
2
11
2
0
2
3
9
9
0
13
5
9
5
6
4
2
4
9
94
39
46
44
29
32
46
46
44
45
46
24
44
46
41
42
21
28
76
45
42
43
41
31
45
47
30
32
24
25
81
45
47
43
38
32
46
44
47
34
22
30
34
31
41
47
32
29
49
45
45
32
22
24
43
39
43
45
32
24
45
32
41
37
26
32
32
43
41
41
47
22
34
43
45
29
25
43
32
46
34
39
45
30
35
43
24
33
30
32
39
43
49
39
48
43
43
33
41
32
32
34
49
75
45
32
39
30
32
32
37
30
31
31
46
38
37
32
31
31
43
34
43
31
24
31
38
45
43
35
43
31
79
44
41
23
22
33
34
82
26
36
37
28
43
45
37
23
24
32
32
29
35
32
51
24
28
60
35
32
25
30
43
26
37
37
43
32
57
41
45
28
19
33
33
47
43
43
43
32
34
35
47
33
29
32
41
32
43
45
53
31
45
44
46
33
26
33
47
29
84
41
44
43
45
41
32
31
29
34
47
43
30
43
46
39
47
35
22
32
28
26
42
46
33
39
44
29
43
46
28
47
27
32
47
43
30
37
45
25
29
26
35
47
33
32
41
46
32
33
33
27
33
20
31
36
30
26
33
33
29
50
31
28
31
22
23
25
23
29
29
29
27
32
47
47
45
46
47
32
30
35
29
49
43
31
45
25
31
