2
0
2
0
2
8
2
0
0
10
0
1
0
0
2
1
4
9
4
2
6
2
0
2
6
2
2
1
8
6
0
0
0
0
4
2
0
3
4
4
1
0
2
2
2
2
3
11
4
2
0
2
11
0
6
0
0
8
4
6
5
8
0
0
2
2
2
2
0
0
6
0
2
4
2
0
4
0
3
0
2
2
2
16
2
0
8
5
3
1
6
2
5
3
3
2
0
2
4
13
0
2
5
2
4
2
1
2
5
7
2
2
0
11
2
4
4
2
4
11
4
0
9
1
3
0
1
0
2
2
0
0
2
0
4
2
2
2
0
2
1
2
4
2
3
0
2
0
4
1
4
2
2
2
7
0
5
4
4
7
1
2
2
0
4
2
5
2
2
0
0
0
0
0
2
4
2
0
6
6
0
0
2
0
5
19
5
2
0
0
2
4
0
0
5
4
0
2
0
6
0
18
2
0
8
6
0
0
2
2
0
2
4
2
0
4
0
6
2
1
2
0
0
4
2
0
1
2
1
0
0
0
2
3
0
6
0
0
2
0
2
4
2
2
2
2
0
4
0
2
0
0
4
0
2
0
0
2
4
0
1
3
5
0
4
2
2
0
2
0
0
0
2
0
4
2
2
2
2
0
2
0
2
6
0
0
2
4
4
2
4
4
3
5
0
2
3
6
4
2
95
2
2
4
6
4
2
4
4
5
10
4
4
4
5
4
4
5
7
5
6
4
2
4
6
0
4
6
2
3
4
4
2
0
1
4
2
7
2
7
6
4
2
4
4
5
6
3
4
4
2
4
4
2
8
2
6
4
4
5
4
5
4
2
2
4
4
4
4
2
2
5
2
2
4
2
2
3
4
4
4
5
4
4
6
2
4
4
0
5
3
4
5
4
5
4
3
2
4
4
4
7
4
2
4
6
5
2
2
4
11
2
5
2
2
4
4
6
4
2
4
4
2
4
2
4
2
3
0
4
7
2
7
2
4
4
3
4
4
4
4
4
3
2
4
4
2
4
2
2
2
2
4
7
2
2
7
4
4
2
4
2
3
0
2
4
2
56
4
6
5
6
4
2
0
7
6
5
6
2
2
4
3
2
2
5
0
5
4
4
4
4
5
2
0
5
4
6
3
4
4
4
4
5
4
4
4
6
2
2
2
6
2
2
4
4
2
9
2
3
5
6
4
2
2
5
4
2
4
4
4
6
2
5
2
0
2
3
4
4
3
4
3
0
44
4
4
4
3
2
5
2
2
5
2
89
2
2
2
4
2
4
5
4
2
4
5
2
7
2
4
2
4
6
2
4
33
36
33
34
37
38
39
38
30
38
38
35
37
32
34
37
39
35
37
35
34
35
36
40
36
32
34
37
29
32
35
34
37
34
38
37
34
39
29
20
34
38
30
32
35
31
32
39
35
31
39
36
34
37
32
35
37
35
38
38
26
38
37
35
34
39
33
39
33
36
39
35
32
39
38
39
35
33
39
31
38
32
38
29
39
29
35
36
38
32
34
37
38
28
37
38
38
37
37
38
32
34
39
37
37
37
33
36
35
37
37
34
33
37
38
38
36
37
38
38
34
38
30
37
31
35
35
36
32
38
38
36
33
38
37
37
36
35
37
33
39
25
29
36
37
35
36
38
31
34
38
37
33
30
37
31
30
37
37
34
37
39
33
38
37
31
37
32
38
37
37
37
34
33
37
35
33
37
33
32
34
34
39
38
33
34
37
39
39
37
36
34
38
38
39
32
26
31
37
35
31
28
34
26
38
36
28
35
32
35
39
36
37
31
29
38
34
35
35
36
30
37
34
36
37
25
29
39
34
34
20
38
38
39
33
38
39
39
30
38
38
39
35
38
38
39
36
34
37
36
28
26
39
15
34
30
31
39
39
37
35
38
36
39
35
34
29
39
38
12
27
34
34
37
34
27
38
32
37
36
34
28
38
39
33
36
28
32
18
3
0
35
0
2
2
0
1
4
23
4
5
4
2
2
27
6
4
31
2
4
2
2
2
2
6
2
0
2
1
0
2
39
9
0
0
0
6
10
36
3
2
0
2
0
0
0
2
0
7
0
2
43
8
2
0
0
2
2
0
10
2
2
1
2
4
37
2
2
2
2
2
5
29
2
3
4
0
2
11
6
2
4
2
3
2
0
0
2
6
8
2
2
2
2
0
4
5
0
2
39
0
2
42
2
3
0
2
2
4
2
0
5
2
2
0
4
36
2
2
4
2
2
2
4
2
4
2
0
2
30
2
2
0
1
1
1
4
4
2
7
0
0
4
3
2
4
9
5
0
52
2
6
4
4
2
0
0
7
3
4
2
2
4
6
3
35
3
3
28
2
13
2
0
3
7
6
17
0
4
3
0
2
2
4
0
4
5
9
2
0
2
2
2
2
2
9
2
4
44
4
5
5
2
4
5
4
4
2
37
9
4
19
0
0
5
1
13
2
4
5
6
4
0
4
0
2
2
0
1
4
2
4
0
0
3
11
5
4
0
0
4
0
0
0
3
2
2
2
31
0
5
31
4
0
4
4
2
2
2
2
4
5
3
2
2
2
2
2
48
6
2
4
2
2
2
0
5
6
2
0
0
5
2
2
0
0
97
96
95
96
98
93
97
97
95
92
97
97
97
97
97
99
97
97
99
97
95
97
97
98
96
97
99
93
78
99
97
99
99
91
97
98
97
97
97
95
97
95
99
97
97
78
97
98
80
97
82
99
97
99
99
98
97
99
98
97
99
97
97
93
95
97
97
98
99
92
77
97
86
96
98
99
97
99
95
85
99
97
99
99
82
97
91
97
99
91
85
99
99
97
93
97
97
95
97
89
98
93
95
97
99
96
95
98
99
68
99
81
97
98
96
97
97
97
85
97
97
99
95
97
96
97
97
46
97
91
97
97
94
97
97
92
97
93
95
93
92
93
96
97
97
97
77
94
95
97
97
96
89
96
91
93
96
97
97
98
95
91
97
97
65
94
97
98
97
97
99
97
95
98
99
97
95
97
99
95
99
97
78
99
97
97
97
97
93
95
94
93
98
97
91
95
97
95
97
85
98
98
95
97
96
71
95
96
94
96
99
94
96
91
97
86
97
96
97
85
96
97
89
97
97
97
93
98
98
98
96
94
97
97
98
97
95
97
99
87
93
94
97
68
97
97
97
89
97
90
97
95
98
97
97
97
97
97
95
97
97
91
97
99
97
97
99
99
99
88
92
98
97
94
97
97
98
97
97
97
95
99
97
93
97
95
99
97
17
8
10
8
9
23
25
14
33
10
4
8
17
8
14
15
8
15
12
8
17
8
19
17
14
16
13
23
23
11
19
19
21
54
23
10
15
10
23
17
12
12
25
8
14
35
14
29
28
29
12
25
19
58
64
52
45
21
14
23
43
10
8
25
29
14
19
35
33
6
12
14
25
12
10
14
14
12
27
21
17
14
12
31
10
16
14
52
8
15
17
11
10
43
10
23
27
15
41
18
14
10
15
60
25
29
48
37
23
13
27
36
8
31
38
21
14
12
8
35
12
17
8
45
17
16
31
8
8
12
14
14
29
12
13
39
29
21
8
39
15
43
6
19
51
37
45
39
19
6
37
8
8
43
23
6
8
29
23
44
38
25
31
43
47
43
73
46
14
14
31
27
21
16
23
45
17
29
10
8
12
14
43
10
8
41
51
16
46
43
10
39
29
37
35
43
21
12
27
39
49
51
27
37
13
42
70
17
13
12
33
29
33
25
49
17
60
64
27
56
45
12
39
39
27
27
31
8
21
14
12
23
29
27
39
12
8
8
10
10
31
23
15
31
25
36
42
52
17
17
17
31
43
33
54
23
18
29
33
25
45
43
41
10
19
19
37
14
37
10
10
31
19
37
12
29
21
27
16
8
6
17
21
21
31
21
19
6
12
4
1
0
1
1
0
5
17
1
1
20
28
0
1
3
1
0
6
21
1
1
0
11
1
8
1
3
1
3
1
3
2
1
0
0
22
0
3
3
1
1
17
3
1
0
1
1
4
1
0
1
1
1
0
24
3
4
3
1
0
0
1
0
0
22
18
3
1
3
14
1
0
0
10
1
3
3
3
1
3
20
11
0
22
1
3
3
0
18
1
0
3
1
0
0
0
0
0
1
6
1
1
0
3
0
1
1
0
6
0
1
1
1
0
0
0
6
1
1
20
3
3
1
1
17
1
0
4
0
3
3
0
1
3
3
3
1
3
21
0
0
0
16
1
6
0
35
5
0
1
18
1
12
0
21
1
0
0
1
1
5
1
9
0
0
1
0
0
1
1
0
1
3
3
2
0
4
3
3
0
1
1
4
3
26
0
0
23
9
3
0
0
0
3
1
1
0
3
0
2
1
3
1
20
1
0
3
0
3
1
1
1
0
1
19
0
2
1
3
3
3
1
1
1
1
10
6
1
1
16
1
0
3
0
1
0
1
19
2
1
1
29
3
1
10
19
3
1
0
16
1
1
3
0
0
3
1
1
4
0
2
20
1
1
3
12
0
0
5
2
2
2
4
16
1
4
15
1
1
3
1
1
3
0
0
16
0
0
3
4
4
2
2
0
4
2
4
2
19
4
2
0
4
5
0
2
5
2
2
2
0
4
4
2
5
7
4
3
2
4
3
4
5
0
3
2
5
3
2
2
0
2
2
0
2
2
4
0
4
2
3
0
3
0
5
2
0
2
2
0
2
0
4
5
4
0
2
2
0
0
2
5
4
2
2
0
2
4
2
2
5
15
2
13
0
5
3
2
3
2
0
2
0
2
2
4
2
2
2
0
0
4
2
2
2
4
2
2
4
3
2
0
2
2
2
0
2
11
2
4
3
0
0
2
2
3
2
2
0
4
2
2
2
2
2
4
3
0
0
4
2
4
4
4
2
2
0
2
9
4
2
2
0
0
5
2
2
4
5
4
0
0
2
2
1
3
4
4
4
2
5
2
0
0
2
2
2
4
4
4
2
0
2
2
2
2
0
2
2
0
0
0
4
4
0
7
3
3
2
3
0
2
2
0
2
4
4
0
4
5
5
2
4
2
2
2
2
0
0
2
0
2
2
4
0
2
2
2
0
2
2
25
4
4
21
2
2
2
2
2
5
4
2
0
0
2
2
3
4
2
2
0
2
2
5
2
2
2
0
4
2
4
0
4
2
0
3
2
2
2
2
2
2
0
2
2
4
4
0
2
2
2
2
2
2
9
6
9
11
11
9
15
11
9
11
13
11
8
15
21
11
13
44
11
21
11
12
4
19
8
13
11
4
13
11
20
6
6
4
11
8
13
13
19
15
31
13
15
16
10
11
29
27
17
8
10
13
17
57
17
10
13
26
13
21
13
19
13
11
19
29
13
15
15
13
25
15
10
25
10
13
13
23
20
9
21
11
17
20
25
15
15
13
13
11
20
19
21
25
12
27
15
18
19
15
10
10
11
11
2
8
6
8
27
23
9
13
13
8
17
50
23
23
25
8
10
15
14
8
11
9
11
6
24
13
43
20
29
21
9
17
8
51
29
23
23
13
8
11
38
13
15
24
8
25
38
13
13
21
11
29
9
30
34
15
30
37
29
63
26
13
42
15
38
13
6
27
34
23
27
10
9
43
38
8
11
17
13
38
22
25
37
15
13
45
22
22
0
21
23
27
33
38
47
49
32
9
36
17
42
23
42
9
45
17
45
51
52
11
19
32
33
27
27
15
49
48
39
8
19
11
17
11
20
22
36
4
26
36
30
28
17
29
14
15
7
15
13
43
21
34
0
19
8
11
17
17
9
4
27
23
18
11
31
19
0
27
17
24
27
26
13
31
8
6
6
9
38
4
23
8
9
2
2
4
15
8
6
2
53
4
6
4
2
4
2
6
73
5
0
11
0
89
0
0
0
0
0
0
0
0
0
0
0
75
6
80
4
0
0
4
0
0
2
0
0
2
0
5
2
5
5
7
0
7
0
4
4
6
2
89
0
0
0
0
0
0
0
0
0
20
0
2
9
8
4
36
39
91
0
0
0
7
2
7
4
3
7
0
3
3
2
0
0
4
4
27
3
86
0
0
0
0
0
0
0
4
6
4
0
0
2
3
0
37
4
0
0
0
0
59
3
34
0
3
0
0
81
0
0
0
4
2
5
79
0
3
5
0
84
2
3
2
84
0
79
3
26
0
4
4
0
4
36
0
2
0
0
5
0
0
31
61
7
4
6
2
2
49
3
2
0
0
5
73
0
0
0
7
91
4
85
2
39
0
2
2
0
5
72
2
0
78
0
0
0
0
0
0
0
0
0
0
0
2
0
46
0
84
1
2
0
4
7
0
0
0
67
0
2
42
0
0
0
0
0
2
2
0
3
0
0
2
0
2
4
4
4
2
0
2
2
0
0
11
2
50
9
87
0
5
2
3
0
2
3
0
0
3
0
2
2
0
3
3
2
0
0
0
0
0
0
0
0
0
0
3
2
0
0
0
0
0
63
0
0
0
0
0
0
0
2
0
0
2
0
2
0
2
76
10
