30
26
30
21
25
29
28
24
23
38
28
22
22
24
18
24
29
19
22
25
34
28
28
16
40
39
28
27
33
27
21
19
22
27
31
19
23
36
28
28
30
25
21
23
31
27
35
27
28
33
26
34
20
31
23
20
23
27
17
25
26
25
31
23
27
27
19
24
21
25
31
34
26
22
31
28
21
27
24
26
25
18
23
24
26
27
27
20
27
27
25
23
35
29
25
28
29
25
23
26
29
21
26
32
21
25
21
26
25
33
25
33
29
31
29
38
25
33
33
30
24
24
16
26
29
21
23
27
22
26
25
30
28
27
21
29
25
22
30
22
20
28
28
25
31
20
23
24
30
25
31
33
29
10
33
25
27
25
28
26
18
30
26
16
21
27
30
30
21
22
29
25
26
24
29
18
26
30
33
26
24
28
26
24
33
38
29
23
30
31
32
24
23
23
26
26
29
28
18
24
21
25
33
24
21
23
18
24
35
27
23
30
25
24
27
25
21
28
25
23
22
24
24
34
26
22
22
35
31
21
19
45
24
27
26
20
21
28
26
19
28
30
32
42
33
23
24
25
33
40
15
29
27
14
21
21
25
24
30
25
24
32
33
23
31
22
24
15
24
22
23
23
20
18
23
22
29
33
30
29
25
32
25
31
30
28
26
38
6
2
4
2
6
6
2
0
4
2
2
6
4
8
4
0
4
6
0
6
6
2
0
0
6
0
0
4
19
6
6
2
0
2
12
2
0
0
4
2
10
4
12
6
8
6
8
2
0
2
2
2
4
0
2
4
8
8
6
6
4
4
6
2
2
4
2
6
6
4
8
8
6
4
8
4
4
2
12
4
9
6
6
8
11
4
6
10
11
8
2
12
8
10
12
6
10
8
6
6
8
12
4
10
6
4
4
6
2
2
10
8
8
10
25
4
13
12
14
2
4
6
10
8
6
10
4
10
12
2
29
6
10
0
12
6
20
10
10
10
12
4
8
10
4
12
8
11
6
6
8
2
20
20
13
4
8
14
2
6
10
12
4
6
6
13
4
10
12
4
8
8
9
10
12
10
4
6
18
4
8
12
12
8
11
18
12
8
10
29
18
4
4
4
14
6
6
14
8
6
12
10
6
10
15
2
8
6
6
10
4
12
17
10
12
8
6
13
14
4
13
6
10
14
10
12
8
8
6
9
6
4
6
6
10
10
8
10
15
8
14
2
8
4
9
6
6
8
6
8
6
8
8
2
4
4
2
4
2
2
10
2
2
2
8
4
10
10
6
2
6
2
10
12
2
2
8
2
4
4
10
6
2
2
0
2
10
6
0
0
0
0
4
0
2
0
0
0
0
0
8
0
0
0
0
2
4
0
0
2
4
0
0
0
0
0
0
0
0
4
8
0
2
0
0
2
4
0
2
13
12
2
0
0
13
2
4
2
2
4
0
0
4
16
6
0
17
8
3
0
0
2
4
4
2
0
0
0
0
0
6
8
0
0
0
31
4
2
2
4
0
0
2
0
0
0
4
4
0
2
8
4
2
0
0
0
2
0
0
2
2
4
4
0
0
10
2
0
0
2
2
4
4
2
9
4
0
4
2
0
0
2
2
0
8
0
2
4
2
6
0
2
0
0
0
2
2
2
0
0
12
2
2
8
0
0
2
0
8
0
4
0
0
0
0
0
4
2
0
2
0
2
0
0
0
10
0
2
0
0
4
2
0
0
4
2
0
0
2
2
4
2
0
6
4
12
6
8
7
0
0
2
0
2
0
2
0
6
2
2
2
2
6
2
4
2
0
10
2
2
0
6
2
4
6
2
0
0
4
31
0
0
0
6
2
0
6
0
0
0
6
4
8
0
2
4
2
2
0
0
8
0
0
0
9
0
4
2
0
2
6
2
0
2
0
13
0
0
0
0
0
13
0
0
4
2
0
0
0
2
2
14
0
7
5
0
0
2
0
0
6
6
2
2
0
0
2
0
0
3
2
3
2
0
2
0
4
3
2
0
4
2
2
0
2
2
2
3
2
2
2
2
2
2
2
14
2
0
4
2
0
0
2
2
2
0
0
2
2
2
2
0
0
2
2
4
4
2
5
2
2
0
0
2
2
7
2
2
0
4
0
0
4
4
6
2
2
0
16
0
4
9
2
8
0
0
3
2
6
2
0
3
13
2
0
2
2
0
3
2
2
3
5
5
9
2
0
2
0
2
4
2
4
15
2
4
0
3
3
2
4
0
2
2
2
4
2
4
2
0
0
0
0
2
1
0
0
2
2
0
4
2
0
2
0
0
2
2
2
0
0
0
0
5
0
2
2
2
0
0
2
0
0
2
0
2
0
2
4
2
2
0
0
0
0
12
8
2
0
0
0
0
3
0
2
2
4
0
2
0
2
0
4
4
2
4
0
5
0
5
4
2
2
4
7
2
2
14
0
2
2
3
0
0
0
0
2
0
2
2
0
3
2
13
2
0
3
2
0
0
2
0
2
15
0
2
1
0
2
4
4
0
2
2
0
3
2
2
0
4
4
0
14
0
2
2
0
0
0
2
1
2
2
1
0
2
4
0
2
2
15
2
2
0
0
0
5
0
2
0
2
2
0
0
2
2
0
0
0
2
2
0
4
2
8
6
4
2
9
13
4
6
2
6
6
8
8
7
2
4
9
4
4
6
11
6
8
6
2
4
6
4
4
6
6
6
2
4
6
6
10
6
4
4
4
9
4
4
8
8
4
6
2
4
6
4
2
5
4
8
4
6
10
10
2
8
4
4
8
9
6
4
5
4
11
6
4
2
8
2
4
5
4
6
6
6
4
10
8
10
6
8
8
7
6
6
7
7
6
8
6
10
10
8
8
8
4
9
10
8
8
10
4
6
2
2
6
7
9
10
6
4
4
8
4
4
4
4
27
6
6
10
8
8
8
8
10
11
12
10
4
6
7
6
6
8
11
11
8
9
0
6
4
4
6
9
9
6
10
4
17
8
10
13
8
11
15
4
8
11
8
45
12
6
13
8
11
9
9
12
13
11
8
10
8
9
11
17
6
15
7
15
4
15
11
14
15
11
9
11
13
9
13
11
9
8
13
6
11
8
6
4
15
13
9
13
11
12
6
10
2
11
11
9
6
11
15
8
6
9
8
15
10
11
12
8
17
13
11
4
6
15
12
4
11
4
8
15
15
16
8
4
8
8
8
10
15
10
6
8
10
14
9
6
10
4
4
13
17
13
8
10
4
11
15
8
4
4
17
12
10
9
13
8
10
7
9
9
6
13
11
8
9
2
2
7
9
7
5
13
15
7
11
13
5
5
5
7
7
5
5
3
5
5
9
13
13
11
7
13
5
7
11
17
5
9
9
11
7
15
19
9
9
7
7
13
13
21
19
9
9
13
5
7
3
21
9
11
17
13
23
21
7
7
17
11
7
21
7
23
9
9
11
17
7
3
5
13
9
7
13
9
11
7
21
9
13
23
11
17
25
25
7
19
31
23
21
29
21
11
37
29
35
33
19
23
11
13
35
17
45
5
17
9
7
11
9
9
11
23
17
11
23
29
9
21
39
15
5
15
19
19
7
21
21
9
7
48
11
28
15
27
11
41
50
5
29
9
19
15
19
11
11
11
15
13
7
11
7
9
23
17
15
11
11
5
13
7
21
37
23
7
13
11
21
11
15
13
33
29
9
3
7
17
17
3
29
13
23
11
17
9
17
13
13
9
11
7
21
9
13
15
5
25
19
9
17
11
13
9
23
11
15
5
23
35
21
15
21
15
11
23
19
33
13
36
25
17
33
19
7
25
11
13
19
23
9
5
11
19
3
19
7
17
7
9
11
13
17
15
9
21
25
11
9
48
11
11
7
11
29
11
19
19
23
9
17
11
25
19
5
13
19
7
5
27
19
9
13
15
19
7
19
27
21
19
19
13
31
13
10
4
6
6
2
6
4
6
4
2
4
6
2
2
4
6
6
2
4
2
6
8
2
4
2
4
6
2
6
4
6
2
4
6
8
4
8
6
6
8
6
4
4
8
4
6
8
6
6
12
8
2
35
10
8
4
4
6
6
4
2
6
6
6
6
6
2
8
8
8
8
10
12
6
6
4
10
10
8
4
10
2
12
10
8
8
4
2
4
8
4
6
8
4
8
8
10
8
12
6
6
8
10
6
6
8
4
8
8
8
6
8
6
6
4
8
10
8
32
8
6
12
12
8
4
6
2
4
6
10
2
4
4
10
6
10
6
4
4
6
6
8
6
6
6
12
4
8
6
8
6
8
6
8
2
2
2
6
4
2
8
8
8
0
4
4
8
6
8
6
8
6
4
6
6
4
10
10
6
6
30
8
4
10
8
10
6
6
4
16
4
6
6
6
6
10
10
14
6
12
4
8
4
6
8
4
6
6
2
4
6
8
12
4
4
4
10
8
4
6
6
4
2
2
8
10
4
8
8
6
6
4
4
6
8
6
10
2
10
8
6
4
4
2
10
6
10
8
6
4
8
4
10
6
6
2
6
4
6
4
8
4
2
4
6
4
6
6
4
4
4
8
8
8
4
8
6
4
4
6
8
8
8
6
8
6
6
2
39
36
21
51
23
20
5
62
19
19
8
26
20
10
13
23
33
23
54
15
15
9
24
24
17
28
15
52
26
36
24
21
64
56
28
30
43
38
46
27
21
47
4
19
21
33
25
34
52
21
38
56
45
46
35
45
22
37
41
38
39
37
43
40
32
73
18
10
29
11
23
31
52
45
34
45
40
30
20
21
32
27
42
26
38
37
36
19
18
20
18
27
22
32
32
38
44
29
29
30
26
43
38
40
66
71
57
58
54
46
36
31
21
34
44
73
43
62
21
44
31
36
74
42
33
38
24
24
51
32
10
34
27
41
31
39
30
47
18
40
67
28
33
25
31
30
34
26
36
40
25
49
51
15
44
17
47
61
32
34
30
30
31
8
38
35
19
27
15
33
17
40
23
30
15
11
15
44
21
11
27
21
22
34
26
34
25
48
13
68
24
24
25
32
39
39
37
25
44
39
26
52
33
23
45
37
30
37
37
40
13
31
26
34
12
19
31
30
35
38
37
59
47
46
47
30
51
35
17
42
27
41
22
32
28
41
39
22
82
45
21
16
26
26
19
17
31
31
22
36
35
47
88
51
37
70
35
50
34
19
17
25
40
51
31
11
11
33
37
23
15
9
52
17
28
49
55
17
28
13
28
41
19
25
34
30
37
31
8
0
8
8
0
8
4
0
0
0
2
6
2
0
6
6
6
0
0
8
0
2
8
6
0
4
4
0
4
0
8
63
6
2
0
0
4
4
0
2
8
8
6
6
0
0
0
6
0
0
6
0
0
8
0
2
63
2
2
6
2
4
0
8
78
4
0
0
4
4
0
6
0
2
0
4
4
6
2
0
8
0
4
0
2
0
0
2
0
6
8
0
0
0
0
6
6
49
0
2
2
12
6
0
0
8
8
0
6
8
2
8
4
4
4
6
2
2
7
4
2
6
6
2
6
0
6
0
2
4
5
2
0
4
2
0
6
0
0
0
4
6
0
2
2
6
2
2
6
59
0
0
6
0
6
4
4
60
0
4
2
0
0
0
2
6
2
2
0
0
4
4
0
6
0
0
2
8
0
0
0
0
0
8
4
0
4
0
57
6
2
2
0
2
6
4
0
2
2
2
16
6
2
2
0
2
27
4
0
0
2
31
4
2
0
2
6
0
0
0
2
0
2
6
0
0
0
0
2
2
2
4
2
2
2
4
0
0
2
4
0
5
6
19
6
0
2
2
0
4
8
6
0
4
2
9
2
2
2
2
0
6
2
2
2
2
4
7
0
0
4
2
21
0
0
2
4
0
6
0
2
4
2
6
4
0
0
0
2
2
2
2
45
3
2
5
2
0
2
42
1
3
6
2
2
4
4
2
20
4
1
45
1
5
2
4
6
1
2
3
7
4
2
4
6
56
2
2
36
2
4
2
7
2
2
2
2
4
0
33
5
2
2
0
4
27
31
0
2
39
4
6
36
5
3
9
6
6
33
4
2
2
7
6
9
10
2
2
0
5
5
12
2
35
2
4
10
0
0
2
50
0
5
2
2
2
39
0
2
2
6
6
12
3
5
4
1
5
30
44
0
25
7
6
3
2
2
3
2
4
2
4
21
2
2
30
4
4
3
0
7
6
7
4
2
2
5
2
2
6
20
2
6
4
5
8
5
2
5
4
6
3
2
4
5
2
2
5
0
0
34
22
6
0
24
2
2
6
4
14
5
21
2
25
29
2
2
4
3
2
2
5
1
2
0
47
4
2
4
36
2
4
50
2
6
4
3
2
5
32
5
13
6
4
4
4
26
5
8
2
2
4
2
4
2
4
6
2
5
31
34
4
2
45
4
2
40
2
0
26
2
4
27
32
2
3
2
4
1
1
16
20
2
2
0
2
4
4
0
0
2
2
10
2
2
5
4
0
2
3
4
0
0
21
3
2
1
5
0
7
0
2
3
0
0
4
2
2
1
0
2
4
4
3
2
7
