26
28
30
34
47
55
62
9
69
19
39
15
26
32
25
32
36
23
21
49
43
24
35
16
43
44
20
65
34
30
43
71
32
42
37
32
32
27
49
30
33
32
31
21
37
19
49
32
36
37
30
28
21
23
34
41
45
53
32
36
69
21
36
26
34
51
28
37
43
11
34
27
37
38
24
57
93
53
43
50
28
36
48
45
27
49
41
48
91
35
27
31
19
46
36
62
38
36
57
51
36
22
46
28
32
21
40
42
58
25
39
31
56
52
28
66
66
55
29
39
34
23
15
47
47
28
34
49
34
23
30
39
45
24
31
25
38
92
35
61
36
43
75
41
48
64
46
34
66
29
35
50
71
71
62
56
66
38
59
68
54
73
77
47
57
88
43
64
49
67
66
64
40
9
76
86
32
47
43
56
30
70
30
17
52
87
55
21
42
85
32
38
89
75
83
46
69
70
51
82
13
24
51
28
28
17
56
63
35
38
45
46
19
39
71
40
33
30
56
23
23
38
50
20
23
45
47
49
28
21
32
45
26
53
4
19
9
45
17
37
40
19
24
26
47
22
31
21
9
21
32
17
28
21
11
17
23
23
68
23
34
21
13
59
39
31
28
19
22
18
40
45
32
23
29
20
17
30
27
30
32
15
38
28
26
30
21
30
7
3
6
1
8
52
15
56
12
23
5
3
5
7
5
0
23
46
71
42
7
2
29
7
2
2
2
3
0
59
74
42
3
4
9
7
5
4
10
7
7
45
51
50
70
11
7
5
11
11
9
0
13
47
50
59
7
5
4
3
4
3
4
2
16
5
44
28
50
3
13
7
3
5
2
5
13
40
24
32
32
11
5
4
7
2
9
3
37
66
42
31
15
7
4
7
9
9
9
2
9
38
55
59
6
5
10
10
7
14
4
5
7
11
3
12
3
13
14
11
5
5
13
7
18
2
7
8
32
13
5
7
9
4
11
10
5
9
7
8
7
70
66
3
9
2
2
2
2
4
4
0
2
3
2
2
2
5
2
0
2
5
0
2
3
2
2
0
2
3
5
0
3
2
2
4
31
0
0
0
2
0
0
33
3
12
12
13
0
14
1
3
8
5
7
5
2
5
2
3
14
3
2
30
3
4
7
14
33
30
2
0
5
0
5
3
2
2
5
0
0
4
3
3
2
4
10
7
7
8
3
2
5
0
5
2
2
2
0
5
5
2
3
7
0
3
0
2
3
0
0
1
4
2
2
4
2
0
21
3
21
8
0
2
0
2
2
9
7
3
3
2
3
5
3
5
2
2
5
5
2
3
19
60
57
9
31
14
21
14
33
21
37
19
15
10
12
12
29
25
23
21
23
15
17
14
17
10
15
15
6
19
10
6
21
13
4
12
8
12
8
12
15
19
6
12
17
15
14
41
12
12
21
15
15
17
15
14
15
15
6
15
13
14
21
8
10
10
15
23
21
13
17
10
10
23
8
8
9
21
25
29
10
6
10
15
19
43
15
12
25
44
8
15
17
19
19
11
10
23
31
8
12
19
17
21
14
11
8
15
17
17
13
36
23
33
21
12
19
29
23
19
46
29
27
25
19
15
23
27
29
35
17
13
25
13
23
19
6
12
21
21
21
25
50
21
23
29
25
8
21
33
56
54
10
31
12
38
40
33
29
35
21
19
33
10
54
25
12
19
17
23
19
17
27
6
15
17
33
21
21
27
25
21
35
27
44
21
13
21
31
15
33
23
21
25
10
25
10
29
11
23
40
37
15
19
10
39
4
21
27
38
27
58
19
10
21
38
15
25
23
15
23
17
23
12
34
15
10
6
13
13
10
19
15
12
17
19
8
14
15
10
11
6
19
8
19
15
17
15
15
14
8
13
13
8
17
10
8
15
23
9
4
6
10
6
4
2
6
13
0
4
2
4
4
2
2
5
4
4
4
4
6
2
4
6
4
2
4
6
6
4
4
4
4
0
3
6
7
7
8
7
5
7
8
6
5
5
5
7
5
6
8
6
5
5
5
2
7
10
3
6
8
3
10
7
6
8
8
6
8
3
4
3
3
3
3
7
7
5
14
7
3
10
5
8
6
5
10
7
7
5
5
11
10
6
8
4
3
6
12
3
10
9
8
5
5
5
6
6
5
5
9
3
7
8
3
6
3
7
7
5
6
5
3
7
5
11
7
3
8
12
7
6
3
3
3
5
5
8
3
5
5
5
12
3
5
5
3
7
3
4
5
3
8
5
5
3
9
5
8
9
5
8
6
5
7
8
3
4
3
5
9
7
8
3
3
3
6
6
3
8
6
6
5
3
5
5
5
3
5
3
19
8
6
8
3
8
8
8
6
3
5
3
5
4
10
5
5
8
8
3
3
5
5
5
10
7
8
3
5
6
7
11
8
3
4
18
7
13
5
4
8
4
69
4
3
6
7
9
8
5
9
16
5
12
8
11
8
5
7
7
5
6
8
6
7
5
6
7
9
5
7
5
6
12
7
5
3
10
6
6
8
8
10
15
8
5
8
7
11
6
7
10
3
8
7
6
5
6
5
5
6
7
8
5
5
6
5
7
7
8
3
3
10
2
5
7
5
3
8
5
5
5
10
5
10
10
5
7
10
5
5
6
14
25
6
12
10
12
30
24
6
11
8
8
6
6
7
16
19
22
5
12
15
22
13
40
15
16
10
21
14
13
8
7
16
10
7
12
13
16
5
8
7
12
11
13
7
16
9
12
8
13
7
12
14
15
10
36
9
10
9
6
13
8
17
8
6
7
12
11
15
5
59
8
13
15
7
13
18
13
16
12
7
12
12
4
9
8
7
9
17
8
13
10
11
13
8
18
11
16
12
14
10
10
5
12
7
11
6
8
9
6
5
7
17
9
12
8
14
20
7
8
11
19
13
21
10
12
12
23
11
19
13
17
14
21
7
7
10
10
20
15
9
11
12
16
21
10
21
16
16
6
5
22
15
4
11
11
8
7
17
10
21
7
7
22
25
13
11
9
15
11
11
17
19
10
4
19
12
8
15
27
10
16
21
18
18
22
18
17
14
17
7
13
15
17
13
10
11
17
10
13
10
21
14
16
1
12
7
8
11
22
8
9
15
12
13
21
9
25
14
10
27
14
14
8
17
8
11
16
19
9
15
14
9
10
12
15
16
8
8
7
6
13
13
15
14
17
12
7
13
16
10
22
5
78
8
15
19
17
7
0
7
15
9
23
14
10
8
6
17
21
14
24
7
19
12
13
8
12
0
8
16
12
14
18
17
21
10
12
2
0
2
0
0
0
2
2
0
2
2
0
0
2
2
0
0
4
2
4
2
0
4
2
0
2
0
0
2
2
2
0
4
0
0
0
0
2
0
0
2
0
0
0
0
0
0
0
0
2
0
0
0
0
0
2
2
0
0
2
51
2
0
2
2
4
0
2
0
2
0
2
0
0
0
4
2
2
4
0
2
0
2
2
2
2
2
0
0
0
2
2
2
0
2
0
0
0
2
0
2
0
2
4
4
0
0
2
2
2
0
2
0
0
0
0
2
2
3
2
2
2
0
0
4
0
2
0
0
0
0
2
2
2
2
2
0
2
2
2
2
2
0
0
2
0
0
4
2
3
2
0
0
2
0
0
2
2
4
0
0
2
0
0
0
0
2
2
0
2
0
0
2
0
2
0
4
2
0
0
0
0
0
2
2
0
2
2
0
0
2
2
2
0
0
0
2
2
2
2
2
2
0
0
2
0
0
2
2
4
2
0
2
0
0
0
0
0
2
2
4
0
2
2
2
2
0
0
2
2
0
0
0
2
0
0
0
0
2
0
2
2
2
0
0
0
2
4
2
2
0
0
2
2
2
2
0
0
2
2
0
2
2
0
2
0
2
0
0
2
2
2
2
2
0
0
2
0
0
2
2
2
2
0
2
0
0
0
50
0
24
4
0
0
3
15
70
3
67
0
61
2
2
0
0
2
0
0
8
2
4
67
2
7
67
4
2
4
0
4
76
2
0
2
0
0
0
2
5
2
0
72
0
0
2
0
0
2
2
0
0
0
1
75
2
2
0
40
0
34
2
4
0
58
0
0
1
63
4
2
0
4
0
3
0
27
0
0
43
4
0
2
0
2
0
0
2
0
0
6
3
32
2
0
0
11
2
0
2
0
63
28
0
2
0
3
0
0
5
5
3
0
67
0
1
0
5
67
4
0
0
2
0
0
2
2
3
2
26
0
2
0
0
0
0
2
9
0
13
0
5
0
4
26
2
1
43
0
4
43
0
2
0
5
0
0
3
4
20
2
4
0
32
0
0
0
5
56
2
0
0
56
0
4
47
3
0
0
4
33
3
0
0
2
2
0
4
0
2
0
37
3
5
52
0
2
0
43
3
4
0
7
25
0
2
42
0
17
2
7
0
4
73
7
48
4
34
2
2
31
2
7
3
66
5
5
2
0
0
0
0
0
0
1
0
0
47
0
52
0
2
0
2
2
2
6
0
10
11
9
82
5
63
4
71
4
0
5
7
89
1
2
34
2
0
0
44
3
86
15
5
51
0
2
0
2
40
7
29
0
13
5
2
0
43
7
2
4
2
5
4
3
2
6
2
6
4
2
11
2
10
4
0
8
4
2
2
2
2
2
4
2
4
4
4
4
2
2
2
2
6
4
0
2
4
4
2
7
2
0
0
4
4
2
2
4
2
4
4
4
2
6
2
2
0
11
4
4
4
2
2
2
2
4
6
8
0
4
7
4
0
4
6
0
4
4
2
4
2
6
0
2
4
0
4
4
2
4
0
6
2
6
8
6
0
0
4
4
4
4
3
4
6
4
0
2
6
0
4
4
4
2
2
2
8
0
2
4
2
4
4
3
8
6
0
0
0
0
0
4
8
4
7
8
2
0
0
4
0
4
4
8
2
6
2
8
4
6
4
2
6
11
2
4
6
13
4
6
4
2
4
2
2
2
0
2
2
4
0
2
8
4
4
6
4
2
4
1
2
0
4
6
2
2
4
4
4
2
2
4
4
13
4
4
4
9
2
2
4
11
2
6
6
2
6
4
4
4
2
2
4
4
4
2
2
6
4
6
2
4
2
2
4
4
2
4
2
6
2
2
2
2
2
4
6
4
2
4
8
0
6
2
2
6
2
4
2
2
14
2
4
0
8
2
4
4
0
2
2
2
0
2
0
6
4
17
4
4
2
13
4
4
6
2
0
0
0
15
2
4
4
0
6
6
13
17
15
5
21
7
14
16
11
15
9
15
13
10
14
12
8
14
12
12
14
10
12
9
6
12
11
8
12
13
9
11
15
12
14
15
18
9
18
12
10
13
10
18
20
14
19
14
16
12
15
12
14
13
13
13
11
8
12
8
7
15
13
8
17
15
21
15
14
16
21
7
17
13
13
12
15
19
14
11
12
14
11
17
13
11
11
13
14
12
13
16
19
17
11
15
16
14
22
18
20
18
14
13
14
17
18
16
8
18
7
16
21
6
12
19
13
11
17
17
14
13
19
10
11
16
10
16
19
11
20
15
14
15
9
13
10
18
10
15
13
18
16
11
10
14
15
11
14
22
18
15
16
7
15
18
6
21
9
14
13
15
7
11
17
12
17
20
17
11
7
12
15
10
11
20
16
19
16
8
14
20
15
12
6
13
13
12
11
14
14
14
7
9
13
15
12
16
7
13
9
13
19
17
14
12
8
15
14
11
12
11
12
9
7
16
13
11
10
18
10
15
12
11
13
13
14
13
12
12
14
10
12
15
15
15
22
12
17
15
9
13
14
12
12
17
14
13
13
16
12
10
16
10
8
14
17
9
8
14
16
12
13
12
11
12
9
14
6
11
7
8
11
10
8
7
11
11
9
12
11
9
14
7
13
9
8
18
16
9
6
7
11
9
5
14
6
2
2
5
6
5
11
10
14
6
7
6
6
11
5
4
10
5
7
7
11
5
4
7
10
4
19
11
7
9
7
7
11
9
7
7
7
6
9
8
10
9
9
4
5
11
28
9
5
5
7
11
6
7
13
19
9
11
12
4
13
7
13
9
10
10
9
7
7
11
16
5
7
5
9
11
4
13
11
3
5
14
13
7
14
11
13
5
15
11
5
7
8
7
4
4
12
9
5
16
8
9
13
4
3
7
5
5
7
4
8
12
7
11
8
11
10
15
10
10
7
11
3
13
6
9
5
8
16
20
15
7
11
12
15
5
8
7
7
24
10
16
7
16
13
5
10
5
4
20
7
8
10
11
7
31
6
20
20
8
8
13
10
8
18
19
10
18
13
12
36
11
13
19
12
18
13
10
12
15
10
11
11
21
16
9
13
15
14
21
14
12
13
16
4
14
13
9
10
21
11
8
7
10
6
19
10
5
12
8
14
19
15
9
10
12
16
9
14
11
5
18
7
13
12
4
19
10
14
7
10
10
9
10
14
10
12
3
9
17
10
9
10
7
9
13
11
8
19
21
15
13
5
8
12
10
19
18
10
23
24
19
12
6
19
5
5
14
9
14
19
17
7
11
15
6
23
9
11
7
