0
0
2
6
0
0
4
6
6
0
2
0
0
4
2
2
2
2
0
0
8
2
2
0
2
4
2
4
2
0
0
0
0
4
0
2
8
2
0
2
0
2
2
0
6
0
6
4
6
4
0
2
4
7
2
0
6
4
2
8
4
2
4
4
0
9
0
2
4
0
0
2
0
2
2
0
0
4
2
4
0
4
0
0
0
0
4
0
0
0
6
2
0
0
2
4
0
0
0
2
2
2
5
0
2
2
2
2
4
4
4
2
14
7
6
2
0
2
2
0
0
2
2
4
4
2
4
2
2
0
0
0
2
4
0
6
4
4
4
2
4
2
0
2
0
5
6
0
0
2
0
2
0
4
2
4
0
6
4
0
0
6
6
0
2
2
2
2
0
4
2
2
7
4
6
4
2
0
0
4
4
19
2
0
2
0
2
0
6
4
4
6
2
6
4
0
0
2
6
2
0
6
2
0
11
2
8
4
2
2
2
4
2
0
0
0
4
0
0
6
2
0
0
4
4
2
2
4
0
2
4
2
0
2
0
2
0
2
10
2
2
6
0
4
0
2
4
2
2
2
10
0
4
2
2
6
2
2
0
0
6
4
2
0
0
2
0
2
0
2
4
2
0
4
4
2
0
6
2
4
4
0
2
2
0
4
2
2
4
2
2
4
2
0
4
0
2
2
0
2
2
4
0
0
2
2
2
2
4
2
2
2
2
2
2
2
0
2
0
0
2
8
2
2
0
2
2
0
2
6
2
2
4
2
8
4
0
2
4
4
2
2
4
2
2
2
2
2
0
2
4
0
9
2
2
6
0
2
0
6
6
4
0
2
2
0
2
2
9
2
4
4
6
0
2
0
0
0
0
2
0
0
0
0
2
4
2
2
4
2
0
0
0
4
2
4
2
0
0
0
2
2
2
8
2
0
2
0
0
0
2
0
2
0
0
0
4
0
2
2
0
2
2
2
2
2
2
2
0
0
2
0
0
6
0
2
4
4
0
4
0
2
2
0
0
0
2
2
0
0
0
0
2
4
0
2
2
0
0
4
0
0
2
2
2
0
2
0
0
2
2
2
0
0
0
8
2
2
0
0
4
0
6
0
2
0
2
0
4
2
2
2
6
0
0
0
2
2
0
2
0
4
0
0
0
0
6
0
0
2
0
2
2
0
2
0
0
0
2
0
2
4
2
2
2
0
0
0
6
0
0
2
0
0
8
0
4
4
2
2
2
4
2
0
0
6
2
2
2
0
0
2
2
2
2
0
6
2
4
0
2
2
2
0
2
6
2
2
0
0
2
2
2
2
2
2
12
18
7
8
8
18
10
10
8
10
16
10
19
12
12
15
12
23
16
12
19
17
14
8
19
29
10
18
12
10
12
35
8
2
4
2
6
8
4
16
10
10
12
12
10
12
6
16
8
6
12
14
4
6
23
6
10
8
4
12
10
8
2
16
4
10
4
4
14
21
8
16
10
16
8
8
10
12
6
18
10
18
16
4
14
10
8
8
14
4
6
6
21
2
14
8
6
19
16
10
10
6
16
8
23
12
10
14
8
8
4
26
11
16
10
4
8
11
9
10
12
14
21
10
6
8
27
12
16
12
7
10
23
16
14
10
10
2
14
10
19
8
8
16
6
10
25
21
10
10
14
14
6
8
12
16
6
10
18
18
12
15
29
19
10
10
18
12
10
18
6
14
27
23
17
25
4
6
14
18
10
16
23
8
18
12
21
10
14
17
10
16
29
10
21
21
29
17
10
6
8
10
18
20
19
12
18
10
6
4
10
10
16
12
4
6
12
14
12
4
12
6
14
6
6
6
10
10
10
10
8
10
6
10
12
12
6
10
8
14
6
6
10
6
10
8
0
4
6
10
12
0
10
4
8
4
4
10
2
4
6
2
2
4
2
0
6
4
0
4
0
2
4
4
2
0
2
2
6
6
6
2
6
8
4
6
4
4
0
3
4
1
1
3
1
2
0
3
4
5
0
5
2
1
0
13
2
2
3
4
1
0
1
3
5
2
0
11
2
0
1
2
0
11
2
2
1
13
5
3
0
15
0
0
0
3
3
4
15
4
0
4
2
1
1
0
0
0
4
4
1
4
2
2
1
13
3
4
2
1
5
0
0
1
2
0
4
6
0
0
5
3
1
2
0
1
3
5
0
4
0
7
3
11
0
4
0
5
0
2
1
1
4
0
1
4
2
0
2
2
1
4
2
4
0
0
2
5
0
1
1
0
4
2
3
2
4
4
0
30
0
17
4
0
2
2
2
2
0
2
2
1
2
3
1
15
7
0
4
0
1
1
4
0
0
0
1
15
2
0
1
0
2
0
1
3
0
2
2
0
4
5
0
3
2
1
2
1
3
0
4
2
5
1
2
4
4
17
1
3
1
1
0
0
2
0
1
1
2
3
4
3
11
1
0
3
2
0
2
1
2
3
2
0
1
3
0
2
0
1
1
1
0
0
5
2
1
0
1
0
1
5
0
2
3
3
1
4
1
1
0
3
0
0
0
1
2
3
4
0
4
11
0
3
2
4
2
3
7
2
2
0
3
0
0
9
4
0
4
15
2
1
2
0
0
1
2
4
0
2
5
2
2
9
2
0
1
3
55
1
1
3
1
4
6
5
4
1
7
3
2
4
1
3
4
2
7
6
2
7
5
3
3
5
3
7
2
7
5
14
1
4
4
4
7
5
1
1
2
6
4
4
7
3
2
5
2
7
3
7
2
4
5
0
2
2
4
2
2
18
3
5
2
5
2
5
2
9
5
1
8
5
2
2
3
4
3
10
1
2
2
2
5
6
3
5
1
2
2
1
4
2
4
3
3
1
2
20
2
5
5
5
7
2
2
4
9
6
2
1
1
8
3
4
8
6
4
4
0
2
5
3
5
6
7
6
2
6
14
2
2
2
3
3
0
4
1
5
13
1
2
2
4
4
14
4
4
43
3
2
3
6
4
4
3
2
0
5
14
15
0
1
2
2
2
2
2
4
4
25
1
3
44
1
3
2
1
3
5
2
3
3
2
28
2
39
28
1
2
36
1
8
26
4
2
31
4
0
2
5
2
23
2
2
1
4
34
0
18
4
6
6
3
6
4
2
6
2
3
14
1
2
2
9
4
2
3
21
1
7
3
4
7
10
12
2
15
5
50
5
4
9
13
6
4
6
70
7
5
72
8
4
7
12
3
4
4
2
2
5
21
1
6
5
4
3
3
57
3
5
3
4
1
2
4
5
65
5
4
6
7
7
9
6
0
5
6
6
7
7
3
9
5
11
4
3
1
4
5
0
7
3
2
7
3
4
3
2
0
4
0
7
2
7
7
2
4
3
5
7
2
7
6
9
5
5
9
4
13
7
5
6
11
3
3
4
7
7
3
4
2
4
3
2
7
4
11
7
7
0
2
5
7
4
2
4
4
4
2
5
2
5
7
2
6
6
2
5
0
2
11
2
5
11
6
4
6
7
7
3
4
0
0
9
5
0
6
4
4
7
3
2
4
7
4
4
2
1
9
2
2
5
6
2
4
0
4
11
4
2
5
4
0
9
11
5
0
4
0
3
0
9
2
2
3
3
0
7
4
4
5
6
5
7
5
4
4
6
7
5
3
2
5
4
5
5
6
4
6
3
5
11
5
5
3
5
5
2
15
5
5
3
4
9
1
5
7
2
7
2
15
2
4
5
5
7
2
2
5
5
4
4
9
11
3
5
4
2
11
7
6
2
5
2
7
0
5
2
0
4
4
2
4
0
9
4
0
5
5
2
6
4
5
7
7
7
7
9
2
9
2
3
2
3
4
5
7
5
4
4
2
11
7
15
5
4
5
9
3
2
4
7
5
2
4
5
11
7
6
4
5
4
4
6
2
1
2
9
4
0
13
4
2
7
4
7
3
5
2
7
5
0
3
3
7
2
1
3
0
1
4
1
7
3
5
2
15
1
1
1
5
3
2
5
3
1
3
3
3
5
3
1
0
1
3
0
1
3
0
1
1
1
5
0
1
4
3
0
0
1
0
3
1
2
1
0
1
1
3
0
3
1
5
0
1
3
1
1
3
0
1
1
0
1
3
1
1
1
3
1
1
1
1
21
1
3
5
7
1
3
2
5
5
0
3
0
7
4
1
5
5
0
5
3
1
0
7
5
0
1
0
3
3
1
3
5
7
0
1
1
5
0
3
3
5
0
2
3
3
1
0
0
1
2
1
3
5
5
0
3
0
2
9
3
2
3
9
1
3
1
1
3
5
0
3
3
3
1
0
1
1
2
3
2
0
3
0
0
23
2
3
5
3
0
0
4
7
1
3
5
0
5
1
4
0
23
3
5
5
3
1
3
1
5
5
7
1
1
5
5
0
1
3
1
3
1
3
1
5
1
4
1
5
5
3
1
3
4
0
2
1
1
3
3
5
0
6
1
3
3
1
3
1
17
3
7
3
0
0
4
1
1
0
0
5
1
5
3
0
0
3
1
5
2
0
1
3
1
3
2
0
1
3
5
1
1
5
3
3
3
1
6
1
0
0
1
3
22
1
1
1
0
1
0
0
0
5
5
3
3
41
9
37
13
32
11
17
7
26
13
24
24
11
15
24
15
19
21
21
28
13
17
17
13
38
21
36
17
13
23
32
8
19
23
9
24
19
11
8
26
34
13
23
32
19
23
58
15
11
11
32
13
26
13
19
41
23
30
34
25
36
17
15
45
32
23
17
21
13
32
41
23
21
15
21
19
26
30
17
28
47
28
17
24
21
13
56
36
26
23
11
30
24
53
32
13
17
38
15
21
19
26
23
13
34
41
26
21
45
19
15
24
36
30
32
40
26
36
19
28
28
34
17
21
26
45
15
15
19
41
45
32
34
24
45
41
56
24
30
53
39
55
36
24
40
24
32
23
13
21
24
58
38
32
34
49
43
49
30
19
39
53
13
32
30
53
49
24
15
34
13
24
26
53
49
21
24
43
45
15
60
55
13
51
30
32
40
38
30
24
47
24
23
24
47
23
43
32
56
51
49
13
13
8
13
45
23
34
43
30
30
21
32
21
36
21
30
17
22
17
19
20
41
34
23
28
24
24
17
37
47
32
34
13
20
49
28
51
23
15
26
15
36
11
43
24
13
21
15
21
49
51
39
41
41
15
21
11
30
19
11
13
13
49
36
23
26
9
15
11
19
34
32
28
13
28
19
15
26
23
23
21
11
19
30
36
8
21
2
3
5
3
15
15
7
1
9
3
9
7
3
21
9
5
17
3
3
13
9
3
15
27
41
13
3
5
5
5
15
13
7
3
5
17
9
21
21
0
7
2
2
9
3
9
13
3
15
21
2
7
7
5
9
9
9
11
3
3
7
11
2
9
0
7
11
5
13
2
3
3
17
21
9
5
3
11
21
2
17
7
3
2
9
5
13
13
19
5
2
5
5
7
3
0
2
3
15
3
3
7
19
15
11
2
9
2
5
3
2
2
11
9
15
13
9
49
9
17
11
11
9
13
13
7
17
5
15
5
5
2
5
3
11
2
0
2
11
25
2
3
19
5
9
11
2
11
17
5
13
15
0
9
13
2
13
5
11
7
7
5
3
45
11
17
11
19
15
5
7
11
9
5
11
43
19
13
11
9
5
15
17
3
11
19
15
23
25
72
31
9
19
3
39
13
41
19
15
29
25
31
7
5
33
9
7
9
7
27
5
9
9
23
21
15
15
11
27
23
11
9
23
19
3
5
9
7
27
3
7
2
13
13
13
7
3
5
5
21
7
7
13
15
15
21
5
11
5
7
13
27
5
17
11
7
25
3
15
5
9
5
11
23
7
23
7
9
5
19
9
7
11
5
21
5
5
9
15
7
23
15
15
5
7
9
15
5
6
5
6
7
4
9
9
6
8
11
8
7
9
17
34
9
24
4
6
6
8
6
8
2
6
48
6
6
11
6
4
4
8
6
4
10
53
19
10
13
4
7
8
17
6
28
9
6
4
6
5
4
36
5
19
2
24
10
9
4
6
35
11
4
22
11
6
16
2
8
13
11
9
4
4
11
13
19
36
6
6
6
4
7
7
40
25
4
5
6
4
10
4
4
8
6
6
7
4
6
15
26
4
15
6
4
11
7
7
8
8
0
15
9
4
48
8
44
7
21
8
50
5
2
62
6
2
2
5
58
4
11
4
4
2
4
6
4
49
13
11
8
21
6
4
4
9
8
4
6
4
9
30
2
8
6
54
8
6
6
6
9
6
6
8
7
7
9
39
13
7
57
11
25
22
6
33
34
21
6
43
7
57
4
17
63
6
8
9
9
13
61
9
6
4
6
6
6
6
23
8
8
4
43
9
8
9
8
33
8
9
6
13
8
22
8
9
38
4
4
4
8
4
11
16
13
20
17
16
18
26
30
15
17
9
17
24
18
17
16
23
21
15
27
13
16
16
20
21
21
18
10
27
9
19
13
17
9
11
22
13
15
29
15
15
17
39
15
5
26
8
39
18
26
17
15
6
25
13
19
12
17
15
13
15
13
17
15
