6
6
6
12
9
10
6
14
6
17
6
16
10
8
8
14
16
11
10
10
6
12
8
6
8
13
14
15
10
2
13
20
10
10
6
19
15
25
23
12
14
4
18
8
12
19
10
18
12
6
14
17
17
6
6
8
13
14
21
8
13
12
19
16
17
17
39
10
8
12
21
16
15
6
8
8
11
19
13
10
2
17
4
11
8
8
8
13
15
12
6
17
16
10
31
15
13
19
12
8
16
12
8
10
12
14
8
10
8
23
16
17
22
8
7
19
12
21
19
12
21
10
10
29
12
11
10
23
8
17
12
8
13
11
15
17
35
15
25
16
9
16
10
14
19
17
15
21
14
21
15
19
44
14
11
10
21
25
11
17
10
12
10
9
17
21
12
14
6
19
10
23
11
25
21
21
14
13
8
17
12
4
21
15
27
11
12
14
12
27
12
10
9
10
8
16
12
15
21
17
21
4
12
12
17
8
11
17
8
21
21
12
10
25
8
14
13
15
21
12
21
14
39
19
10
23
17
23
15
15
19
16
6
23
4
25
14
15
21
19
6
13
2
12
17
52
9
13
8
12
6
8
12
15
8
12
14
2
14
25
14
12
15
33
12
6
14
10
15
7
17
6
7
6
19
8
11
6
15
8
11
12
2
15
12
12
23
5
6
6
2
4
37
8
6
12
2
4
0
6
4
6
2
6
2
6
0
10
0
6
10
4
4
0
6
4
5
0
10
10
4
6
4
6
8
0
5
10
2
6
15
8
11
6
8
12
6
6
4
8
19
12
15
2
8
6
12
4
10
8
6
10
2
8
16
6
10
8
6
4
12
10
10
10
8
2
8
17
11
6
11
12
10
8
6
16
12
14
10
8
6
12
10
21
21
25
10
9
19
11
17
6
6
15
10
13
11
16
6
15
8
11
8
6
8
6
12
9
6
19
17
14
8
17
17
21
8
14
10
16
19
8
14
14
8
17
12
12
11
10
37
8
10
12
10
8
6
6
25
14
8
23
6
14
8
10
11
9
12
14
10
12
12
12
15
4
12
14
11
8
14
10
6
6
15
17
17
12
16
4
19
14
12
23
2
23
29
4
16
14
10
10
10
10
14
13
6
6
17
14
21
18
17
8
12
10
17
8
19
10
12
12
12
6
6
17
8
8
14
12
8
15
12
7
15
4
33
13
15
16
6
6
4
10
17
6
9
6
12
8
8
2
4
8
25
2
15
6
5
8
27
6
7
10
13
4
10
6
12
13
2
6
4
6
6
2
6
4
4
4
10
2
5
10
4
6
6
2
6
6
6
2
12
10
8
8
2
2
4
2
0
0
0
0
0
2
0
0
0
0
0
2
2
0
2
2
0
0
0
0
2
2
0
2
0
2
2
2
2
0
0
2
0
2
2
0
0
0
0
2
0
2
2
2
2
2
0
2
2
0
2
2
0
2
2
4
2
0
2
0
2
2
2
0
0
2
2
2
0
0
0
2
2
2
2
2
2
4
2
2
0
0
2
0
2
2
2
4
0
2
0
2
2
2
0
2
2
2
2
2
2
0
0
2
0
0
0
2
2
0
2
0
0
2
0
2
2
2
0
0
0
2
2
0
0
0
0
4
2
0
2
2
2
2
2
2
0
2
0
0
2
2
2
2
2
0
0
0
0
0
2
2
2
2
2
2
0
0
2
2
2
2
2
0
2
2
0
2
2
0
0
0
0
2
2
0
0
0
0
0
0
0
4
2
2
2
2
2
2
2
0
4
0
0
0
2
4
0
2
2
2
2
2
2
2
2
2
2
2
2
0
2
2
2
2
0
2
2
2
2
0
2
0
0
2
0
2
0
0
2
0
0
2
2
0
2
0
2
0
2
2
0
0
4
0
2
2
2
2
4
2
2
0
2
0
0
2
2
2
2
2
0
2
4
2
0
2
0
2
0
2
2
0
2
2
0
2
2
2
0
4
0
2
4
0
0
2
8
6
2
2
2
4
4
4
2
8
4
4
4
0
4
0
2
0
6
8
10
2
4
4
2
4
4
2
4
2
6
0
4
6
4
6
2
2
0
2
0
2
4
8
6
6
2
4
4
0
2
6
2
0
2
0
0
2
0
6
4
4
6
2
0
2
6
2
0
0
4
0
4
2
0
2
2
2
2
0
2
0
4
0
0
2
0
6
4
8
4
4
4
2
2
6
2
2
0
0
4
4
8
0
2
2
2
2
4
0
4
2
4
2
4
0
4
0
0
2
6
4
8
0
2
0
4
2
4
6
2
0
6
2
2
4
0
2
2
4
6
2
6
4
4
2
2
2
4
4
2
6
2
4
2
4
0
0
6
6
0
2
2
4
4
2
2
0
4
2
0
4
6
4
4
2
2
2
2
4
6
0
4
6
4
6
4
4
4
4
6
0
2
2
4
4
4
0
4
4
4
2
6
0
2
0
8
10
6
4
4
2
6
4
2
4
8
2
4
6
6
4
4
8
4
2
6
4
8
0
2
4
2
2
4
2
0
0
4
2
2
0
4
6
4
6
4
4
8
0
2
4
4
8
0
2
4
6
4
2
8
4
4
4
2
0
2
2
4
4
4
2
4
6
2
2
6
8
2
2
4
0
4
0
4
9
9
9
25
5
9
11
11
11
11
13
13
7
9
11
9
19
11
13
13
11
13
13
15
2
13
5
13
29
13
17
13
13
9
7
9
11
13
11
15
11
11
19
21
9
13
17
15
17
9
15
13
15
27
15
13
25
33
13
11
11
19
11
13
13
9
13
13
13
15
11
7
13
7
13
2
9
11
13
17
13
17
13
9
11
11
9
15
13
19
7
13
13
11
17
21
11
5
9
11
7
13
9
17
9
11
9
13
11
13
9
11
13
7
5
3
0
5
3
2
0
5
2
2
3
0
2
0
3
2
2
3
2
7
2
13
13
11
13
15
11
9
19
11
15
13
19
13
13
15
5
13
15
15
15
15
13
23
13
13
15
19
15
13
11
11
25
15
11
13
11
13
15
11
11
9
7
13
11
9
11
11
11
11
10
7
7
11
11
9
7
11
15
15
11
13
11
11
13
9
9
33
9
0
7
9
7
9
15
17
11
11
11
9
11
9
11
7
9
11
7
9
11
15
13
15
11
11
11
11
27
11
15
13
5
11
11
15
9
11
2
19
11
11
2
9
13
13
25
3
13
13
11
13
23
11
13
15
9
17
9
9
13
13
13
13
11
15
21
15
7
5
13
11
2
5
23
25
11
15
9
9
3
7
5
9
2
5
5
4
2
9
3
7
3
2
5
5
9
0
2
7
2
7
3
5
2
6
4
2
9
7
4
6
0
5
2
4
3
5
2
6
2
5
2
0
5
2
5
3
2
3
4
2
5
5
4
11
7
6
3
6
2
4
2
7
5
5
6
2
90
23
7
12
10
4
13
7
5
2
8
6
6
4
7
5
4
5
4
5
5
4
5
7
18
13
21
14
17
18
20
16
21
11
11
15
20
20
22
19
24
19
23
17
23
29
36
18
15
13
21
15
19
18
18
18
13
21
25
23
11
25
23
20
17
24
20
21
26
26
16
18
23
16
25
10
24
25
15
28
30
9
17
37
22
31
26
17
25
18
26
16
27
11
14
21
26
23
23
16
30
16
13
39
9
33
23
25
40
20
21
17
26
28
11
15
25
24
18
29
21
25
18
22
23
19
15
18
11
7
20
11
20
12
19
15
23
21
15
22
23
24
21
13
13
15
19
13
28
15
13
24
9
16
23
17
11
20
20
11
21
19
13
18
24
20
23
19
9
19
24
18
16
16
16
7
22
20
16
16
19
11
12
16
18
19
19
13
11
7
6
5
7
7
7
2
11
5
5
11
7
7
9
5
15
3
12
7
5
2
10
9
4
6
6
46
7
6
4
4
8
6
6
2
4
6
0
8
6
2
2
0
2
4
4
4
10
6
4
2
2
2
6
16
4
2
2
6
27
0
0
0
6
2
4
0
0
4
2
8
4
2
8
8
2
0
6
0
2
6
2
0
4
2
4
4
2
0
0
0
2
6
4
4
2
4
4
2
2
4
4
0
4
6
2
2
2
2
4
0
2
0
6
6
8
2
6
2
0
6
8
4
2
10
10
0
2
12
2
0
2
4
4
2
4
2
2
2
6
0
2
2
6
2
2
0
0
2
0
2
2
0
8
0
2
6
2
8
2
0
0
4
6
8
0
0
2
6
4
0
0
0
0
4
6
8
4
2
8
6
0
4
4
0
0
10
2
0
0
6
0
0
4
4
4
6
2
2
0
6
6
4
8
2
2
0
8
6
6
8
2
0
0
4
0
0
0
0
4
2
0
0
0
91
2
4
8
4
4
2
12
2
12
2
0
2
2
2
8
2
0
6
2
0
0
4
2
8
2
2
6
0
6
2
4
8
2
4
0
4
10
8
6
0
4
8
2
4
2
4
0
4
6
4
8
4
2
6
0
2
4
27
6
8
4
2
6
2
0
2
2
0
6
2
0
4
0
4
4
6
2
2
10
0
0
2
20
0
4
6
2
0
0
2
12
4
2
4
2
8
6
2
6
6
42
13
7
5
32
28
17
6
8
10
19
2
4
4
38
12
54
62
5
15
50
98
36
39
6
59
6
15
4
31
30
19
37
6
19
33
16
20
13
68
29
6
6
40
29
26
8
25
4
6
12
21
60
8
14
2
35
8
98
3
6
2
0
2
4
10
2
4
55
4
10
39
16
6
20
16
30
6
46
42
33
6
46
28
14
47
6
6
78
17
26
30
53
16
9
2
28
20
21
55
36
3
40
30
46
4
71
15
6
36
23
6
43
6
20
39
50
6
6
35
20
4
18
6
7
15
42
52
10
4
20
5
4
4
17
5
4
4
34
52
4
9
22
14
46
10
4
57
6
4
41
48
9
0
73
2
21
10
2
5
28
2
8
8
48
8
2
23
12
7
54
6
12
7
11
6
6
25
4
10
71
8
59
17
52
19
2
15
4
11
10
22
6
19
5
53
8
10
32
45
4
34
55
48
4
8
36
7
35
6
4
2
2
4
30
4
9
69
22
4
4
10
4
4
6
50
8
6
15
28
21
32
65
3
18
96
50
4
6
58
8
0
4
31
6
9
10
41
4
25
48
4
0
10
9
10
6
18
6
30
67
6
2
61
4
4
90
6
11
0
58
2
11
62
44
6
6
4
0
23
6
4
43
8
8
8
14
6
0
0
0
0
2
0
6
0
2
2
4
2
0
0
2
0
2
0
2
2
0
0
0
2
4
4
0
0
0
0
2
0
0
2
2
2
0
0
0
0
2
2
2
2
8
4
2
0
0
0
0
0
0
2
0
2
0
0
0
2
2
0
0
0
2
0
0
2
0
2
0
6
0
4
0
2
2
0
2
2
0
2
0
0
4
0
2
5
4
2
4
5
6
2
2
2
0
2
8
2
4
2
0
0
0
0
0
2
2
4
2
2
5
2
3
2
4
0
2
2
0
2
4
0
2
5
2
2
2
0
4
10
0
0
2
6
0
0
4
2
4
4
2
0
4
2
0
0
0
4
0
2
0
0
0
4
0
2
2
0
2
6
4
2
0
0
0
0
6
2
4
2
0
0
0
2
2
0
0
2
2
13
6
0
2
4
2
2
2
2
0
0
1
2
0
4
0
2
0
0
2
0
0
0
0
0
2
2
0
0
0
2
2
0
0
2
0
2
0
0
2
0
0
0
0
2
4
0
0
4
2
0
2
0
0
0
0
0
0
2
0
2
1
2
2
0
2
3
2
2
0
0
2
0
2
0
0
0
0
0
0
2
2
2
5
2
0
0
2
2
0
2
0
0
0
0
4
2
2
2
0
2
0
0
0
0
2
0
13
17
12
6
5
7
8
7
5
2
14
2
10
9
8
2
10
10
8
15
13
8
12
10
6
9
10
15
27
12
6
0
18
8
14
7
18
17
15
20
7
10
12
8
14
10
8
6
10
7
10
12
6
5
9
15
15
11
11
11
11
8
6
18
14
11
13
8
10
6
12
11
6
20
8
4
2
6
2
2
6
6
8
15
18
21
10
15
11
11
13
15
21
13
19
21
24
21
8
6
4
2
4
4
4
7
4
16
11
15
6
9
8
10
17
26
11
19
8
4
6
4
6
8
0
4
4
4
6
4
6
26
18
12
11
15
10
11
33
15
9
11
18
16
13
6
5
6
7
4
7
4
4
2
4
13
14
16
5
13
6
8
14
23
13
18
12
20
15
12
18
13
21
13
8
13
16
4
15
12
5
11
15
9
11
13
25
8
9
11
10
13
8
12
11
6
4
13
8
6
6
2
12
8
5
11
11
7
6
2
7
8
3
6
2
6
7
6
4
2
3
2
6
6
8
9
4
3
6
2
4
4
5
6
4
4
6
4
12
9
5
46
4
4
0
8
6
9
5
4
9
6
12
10
4
7
2
11
3
6
14
11
4
2
10
2
7
4
8
12
0
8
7
2
2
8
4
10
11
8
5
11
9
8
8
7
8
10
