4
6
49
8
6
6
9
4
5
4
6
8
8
6
2
7
7
6
7
8
7
4
4
6
8
66
4
6
7
0
0
2
2
0
4
6
2
2
0
2
45
4
2
0
2
2
0
2
0
2
4
0
0
2
0
4
22
2
0
4
0
4
2
0
0
2
4
0
0
2
0
2
7
2
0
2
6
2
2
4
0
11
4
0
2
2
0
4
6
0
0
0
4
3
4
2
0
2
4
2
4
1
0
4
0
0
4
5
0
0
2
11
3
4
4
0
0
2
4
2
2
2
0
0
2
4
4
2
46
0
4
0
3
3
0
0
2
2
5
2
0
5
2
0
2
2
2
0
3
2
0
4
2
4
2
2
11
2
2
2
5
4
0
4
2
2
0
2
2
3
0
2
3
0
3
0
2
4
2
2
0
3
0
4
0
3
2
2
2
4
4
0
4
0
0
2
2
0
2
4
4
4
2
4
0
2
2
2
4
5
0
0
0
2
4
4
2
2
2
8
0
4
0
0
0
0
0
4
0
10
0
2
0
0
6
2
0
2
6
0
0
0
4
2
4
0
2
2
4
4
0
0
0
2
2
2
3
0
2
3
2
0
0
0
2
0
3
4
0
2
4
0
2
2
2
0
4
0
2
2
3
2
0
0
4
2
2
4
4
3
1
3
1
3
3
3
3
3
3
1
1
3
1
3
3
1
1
3
0
3
1
3
3
3
1
3
1
5
3
1
3
3
3
1
3
3
3
3
1
1
1
1
1
1
1
1
1
1
3
1
3
1
3
3
1
1
1
1
3
1
4
3
1
3
11
1
3
3
1
3
3
10
1
3
1
5
3
1
8
1
1
1
3
3
1
1
1
1
3
3
1
1
3
1
3
10
3
3
3
1
3
1
4
3
3
1
3
5
1
3
0
2
3
1
3
1
1
3
3
3
1
1
3
3
3
3
3
3
1
9
1
1
3
3
3
1
1
1
4
1
3
3
3
3
3
1
3
3
1
1
3
3
1
1
1
1
1
3
3
3
1
1
1
3
3
3
3
3
3
1
3
1
1
5
14
1
1
3
3
3
1
1
3
5
3
0
3
3
3
1
1
3
1
3
3
3
1
1
1
2
1
1
3
1
1
3
0
3
2
3
1
3
1
3
1
1
4
1
3
1
1
1
3
3
3
3
1
3
5
1
3
1
3
3
3
1
5
3
3
1
3
3
4
3
1
11
1
3
11
1
1
3
3
3
0
3
1
3
1
0
1
3
3
1
3
1
3
3
1
1
3
1
1
1
1
0
1
2
3
1
1
3
6
1
1
1
25
0
4
2
2
2
4
4
6
2
0
2
2
19
2
11
2
2
0
0
2
3
2
2
4
9
38
2
17
48
6
4
4
2
6
4
8
6
10
8
6
34
27
2
2
4
8
28
11
45
9
4
36
0
2
2
0
2
4
2
0
0
0
15
46
8
0
2
9
20
29
0
0
2
17
4
4
2
2
2
2
31
2
2
0
0
2
29
9
2
0
35
4
2
0
8
0
4
2
6
36
4
2
0
9
0
0
2
6
4
2
2
2
6
2
2
2
2
6
4
4
2
2
0
2
2
15
8
0
0
2
2
2
2
29
6
2
4
4
2
17
2
32
0
0
0
4
6
2
2
4
30
2
4
0
0
19
2
2
0
0
13
0
99
9
0
0
2
0
2
2
0
2
9
2
2
0
15
30
2
17
19
16
0
0
20
0
4
0
2
96
16
2
19
2
2
2
4
0
25
2
0
0
19
2
4
2
4
2
0
0
27
97
5
6
55
0
15
17
23
0
12
2
0
36
6
88
0
2
11
0
0
4
2
0
34
0
0
0
2
0
0
0
6
2
0
4
2
2
2
0
2
79
0
4
0
0
0
2
2
0
0
2
2
2
0
0
9
4
6
19
2
2
2
0
2
2
17
0
9
4
0
2
2
0
2
0
0
2
38
8
6
14
6
6
6
10
8
6
6
8
10
6
6
4
14
2
10
8
8
4
16
4
6
7
6
6
6
9
6
8
6
10
6
2
8
6
11
6
8
10
8
6
6
18
6
2
12
14
8
17
8
16
6
22
12
6
6
6
11
10
10
8
10
4
8
10
8
8
2
13
12
10
4
10
6
8
6
2
10
6
8
6
8
10
2
12
4
4
8
18
16
4
8
12
13
14
10
8
6
17
10
6
11
12
6
12
20
15
8
14
4
25
19
6
8
16
23
6
6
6
8
8
12
6
19
19
10
6
8
6
17
6
32
12
6
14
10
14
15
8
21
6
13
16
14
12
14
16
4
17
10
6
8
12
6
21
6
12
29
18
24
12
20
12
45
10
25
18
8
10
18
15
16
20
10
6
8
22
6
25
25
6
14
10
8
6
4
6
6
4
6
23
8
20
12
8
16
8
12
12
6
14
4
14
4
14
22
8
12
7
12
4
6
21
10
33
15
18
18
6
16
10
18
6
6
27
6
16
16
8
14
10
8
4
6
6
10
10
8
20
2
8
4
10
16
8
14
8
14
6
10
8
4
8
10
8
10
10
10
8
14
29
6
13
14
18
8
10
10
10
6
2
14
16
18
6
8
12
12
6
12
10
10
8
8
0
4
4
1
0
2
2
15
1
2
0
1
4
0
5
0
2
2
2
7
0
4
0
5
2
2
0
1
2
2
2
5
2
2
3
25
3
1
3
6
0
6
2
0
5
0
0
4
3
2
0
26
2
0
1
2
0
3
4
23
4
3
5
0
1
0
3
0
25
0
19
4
2
3
5
6
1
2
1
2
0
1
4
3
3
2
23
2
2
3
0
0
0
3
2
0
5
1
0
3
0
2
2
7
9
2
0
3
5
0
0
3
2
1
1
1
4
5
1
2
25
0
2
0
1
2
0
5
27
4
0
0
0
0
0
5
0
29
2
4
5
3
4
27
3
2
0
5
4
2
3
2
5
0
1
2
4
0
26
2
4
27
3
7
2
1
0
2
17
7
2
4
4
5
4
2
2
3
3
4
5
4
3
0
0
4
4
3
0
2
2
5
2
5
3
0
1
5
2
0
0
1
33
7
2
3
2
0
3
2
0
0
0
3
0
4
2
0
2
2
5
0
4
7
36
0
0
2
0
3
2
4
2
2
4
2
3
5
1
0
2
3
5
2
2
2
2
2
0
0
2
2
3
1
4
0
23
2
2
0
1
2
0
2
0
2
3
0
0
1
3
4
2
2
5
3
4
2
1
0
2
2
3
3
2
1
0
0
0
2
0
3
2
4
18
5
0
2
3
0
2
2
0
2
2
0
9
4
2
11
4
2
0
2
2
2
8
0
2
2
0
0
2
4
0
2
2
4
5
5
63
0
2
4
4
3
0
2
2
3
0
2
2
0
2
4
6
2
0
2
0
0
2
0
0
0
4
2
2
4
4
4
2
4
2
0
9
9
6
0
2
0
0
0
6
6
0
2
28
6
2
6
7
0
4
0
2
6
4
0
25
2
2
0
4
0
0
2
0
0
2
0
41
0
2
4
2
2
2
4
6
9
4
6
46
0
2
2
2
2
4
4
0
19
2
6
2
6
0
0
4
4
2
4
6
0
4
2
13
6
0
2
2
0
2
2
6
4
1
4
0
4
0
0
2
2
2
4
3
0
4
0
2
0
2
8
6
2
0
4
0
4
0
4
4
2
0
0
5
2
0
4
2
0
0
2
0
2
6
0
0
6
0
0
6
2
4
0
8
0
2
38
0
2
2
2
0
3
0
0
4
2
2
2
2
0
0
2
2
0
0
0
23
6
7
6
2
4
0
5
2
0
0
2
15
9
0
2
2
2
2
2
4
2
0
4
35
4
2
0
0
2
2
0
4
4
4
4
0
6
0
4
2
4
4
0
0
0
3
4
13
0
0
4
0
4
2
9
1
0
0
0
2
7
2
2
1
2
3
10
7
2
1
4
6
7
1
2
3
2
3
5
0
2
4
2
2
8
11
5
0
4
7
2
6
0
0
5
0
2
7
4
2
3
4
7
7
9
9
5
2
2
7
15
4
4
3
3
7
2
8
15
0
13
5
4
3
5
1
6
0
4
4
4
3
4
0
5
2
2
3
10
6
14
10
6
8
4
9
11
2
4
16
8
3
4
4
8
4
2
7
9
2
5
2
5
2
15
2
11
5
9
9
5
0
8
7
18
6
4
4
7
6
0
1
9
2
7
4
4
6
7
0
6
4
5
10
11
6
4
5
20
0
5
0
7
1
10
3
7
13
4
5
4
7
8
5
5
7
2
2
8
4
2
5
4
15
3
2
2
0
0
2
0
9
5
0
2
2
3
5
5
2
5
0
0
9
0
7
5
4
6
0
5
9
4
2
3
4
2
0
3
2
2
0
5
3
5
0
3
2
0
3
2
4
7
0
5
2
6
2
4
0
3
0
5
0
6
0
2
2
6
3
0
2
0
2
5
2
1
0
2
2
0
4
2
3
2
4
2
0
2
0
3
0
2
0
2
4
2
2
0
8
4
1
0
4
2
0
2
4
2
13
0
6
0
4
2
7
0
4
2
3
7
27
8
12
10
31
23
15
10
15
19
14
5
17
11
4
14
12
11
15
12
8
8
8
6
12
15
6
37
25
15
25
9
19
4
12
14
15
16
14
15
20
23
22
8
23
19
23
8
16
12
19
16
17
14
25
17
12
8
34
8
12
21
15
8
20
8
23
68
19
21
13
25
9
10
23
21
16
21
19
27
16
14
17
12
10
25
17
27
10
25
27
19
17
10
19
15
36
16
27
17
25
21
13
19
14
27
23
12
12
19
11
25
16
29
29
27
23
27
21
15
12
17
31
13
21
58
17
37
21
17
35
9
15
15
43
10
29
22
29
15
17
4
34
29
19
21
50
17
25
6
10
15
27
29
23
17
15
21
27
6
10
10
17
16
60
37
18
19
19
46
35
41
15
41
23
39
21
37
7
10
42
15
33
60
12
29
25
12
8
27
16
16
44
25
37
5
4
30
21
23
15
19
21
19
31
17
14
10
19
8
10
15
15
13
10
23
12
19
6
8
19
8
17
15
10
8
10
10
11
8
6
15
31
8
8
19
8
14
2
4
8
13
8
4
4
14
10
10
15
15
23
14
11
10
11
8
8
14
8
11
8
12
6
0
16
10
12
16
15
10
62
12
12
8
12
10
14
17
8
15
8
12
8
21
16
14
10
8
24
22
22
7
25
17
13
15
21
16
28
26
29
25
21
22
21
30
14
23
27
16
17
24
21
19
20
22
23
27
19
22
18
12
14
18
21
11
26
18
13
22
19
22
19
22
24
18
20
27
20
22
21
16
18
16
18
11
16
20
24
26
18
13
13
19
17
18
23
17
20
11
20
16
19
12
17
19
19
15
18
24
13
24
18
15
15
11
20
23
13
28
20
22
16
19
14
17
22
19
21
20
21
23
19
22
23
21
19
22
27
27
23
9
27
24
21
24
18
27
17
17
22
22
21
21
23
22
21
13
19
22
21
16
19
22
20
20
14
22
22
19
16
13
19
16
15
14
19
21
18
20
17
25
20
18
10
22
12
23
15
15
11
29
24
17
18
24
20
15
12
12
18
11
25
22
19
17
19
21
18
23
16
15
9
15
15
10
14
14
16
18
13
12
12
15
14
16
8
12
17
16
20
17
15
16
9
16
16
14
18
12
16
9
12
26
13
13
11
13
15
21
14
15
18
19
15
18
16
14
14
15
17
17
17
19
23
14
18
16
10
12
17
13
13
21
15
17
14
15
16
19
20
12
11
18
19
14
11
15
16
13
17
13
13
15
12
17
18
18
16
17
21
14
8
14
16
18
17
12
13
17
16
14
20
12
11
15
6
10
4
9
2
8
6
6
27
11
8
8
4
12
8
13
9
9
0
4
10
7
26
6
14
8
9
6
8
4
8
6
8
2
4
27
4
6
30
8
71
10
6
33
17
4
20
4
2
25
4
4
56
4
4
4
6
43
8
8
0
4
29
10
0
6
4
43
4
2
4
8
8
4
0
36
8
2
6
8
4
50
6
2
41
9
4
54
6
6
12
8
4
6
4
34
4
4
6
4
8
8
8
9
8
8
2
25
7
2
12
9
14
7
9
13
10
8
6
6
8
6
6
6
44
8
4
6
8
6
6
8
6
4
4
12
14
6
44
4
6
11
4
2
4
6
12
8
9
76
12
91
65
85
8
36
82
4
9
10
11
6
10
8
8
10
47
6
8
8
2
4
6
9
8
6
2
9
2
2
8
6
8
10
8
6
2
2
4
9
2
24
8
2
8
8
10
8
8
4
10
2
9
4
8
6
6
4
10
8
10
11
10
16
2
52
19
33
2
6
0
6
6
10
4
15
4
2
11
2
6
8
2
6
13
2
4
8
4
4
12
2
2
0
10
5
7
8
2
2
28
9
2
10
8
2
21
6
2
43
0
4
2
8
6
2
0
5
15
4
4
5
7
6
6
2
5
42
10
32
0
12
10
12
6
10
8
11
