47
4
38
26
31
29
15
37
34
3
26
27
24
5
32
26
11
33
23
2
18
29
44
5
24
29
31
34
10
23
25
2
23
2
30
4
18
29
34
2
40
30
18
12
2
30
22
42
5
19
37
17
13
25
2
30
20
23
1
14
8
10
35
25
32
29
26
4
14
9
13
1
33
28
38
27
1
31
8
23
22
25
22
9
18
17
8
26
18
28
33
16
17
21
2
26
3
14
38
25
2
15
25
40
44
30
17
19
18
3
13
2
36
1
7
4
1
14
17
6
14
29
37
19
26
17
12
5
29
17
7
24
26
16
26
31
18
12
20
2
1
24
40
29
2
5
32
34
2
33
25
5
5
1
33
30
9
36
48
48
16
4
13
2
21
1
32
16
14
41
31
2
14
25
12
5
29
24
12
34
34
31
17
2
18
5
10
1
40
4
16
12
55
37
25
18
38
29
6
3
30
21
31
5
11
34
10
14
29
17
30
26
17
24
13
0
34
35
40
2
17
27
29
2
21
14
16
2
13
4
30
27
7
24
34
23
24
5
42
15
30
21
30
21
14
17
35
32
23
12
37
32
20
15
16
2
21
0
36
4
4
22
5
17
23
12
13
29
26
7
15
25
34
12
25
23
26
9
7
6
2
30
35
20
27
24
17
5
48
47
34
46
1
24
23
23
26
31
12
9
25
53
2
28
14
8
5
22
2
27
43
12
37
7
36
27
39
4
21
25
31
29
32
13
19
7
60
44
10
14
14
31
30
32
5
33
2
10
7
12
20
4
15
32
26
6
4
37
14
38
9
30
31
17
8
10
26
25
2
23
28
36
27
18
8
22
2
2
17
12
21
0
22
1
32
2
11
32
34
26
7
7
5
22
20
14
30
4
13
28
37
32
4
9
43
28
14
10
1
27
14
7
44
34
32
19
41
33
14
14
13
34
40
2
1
27
36
1
11
44
14
3
30
32
24
5
16
3
32
14
12
21
43
66
32
29
22
20
41
7
21
4
29
27
20
37
18
35
13
30
26
27
5
29
8
27
22
0
30
4
27
27
1
31
55
12
20
28
2
29
11
6
5
47
38
37
25
8
9
15
24
10
1
24
8
11
27
26
48
26
27
19
24
32
25
29
29
23
25
11
25
24
4
23
4
3
25
9
27
6
2
26
4
24
2
38
0
17
11
8
3
23
9
22
4
25
14
46
4
21
4
31
4
24
20
5
19
19
30
18
10
26
16
9
58
31
23
40
20
36
4
34
47
56
4
35
6
4
36
47
39
5
43
30
23
9
56
53
20
20
4
18
5
32
18
2
17
16
17
16
22
19
18
18
19
15
17
16
17
16
19
15
16
15
16
12
20
18
17
15
21
16
18
15
19
16
15
15
13
17
12
17
12
11
15
12
13
11
8
15
17
16
15
12
16
13
11
17
17
10
18
16
20
9
16
18
18
17
19
19
20
20
20
18
16
14
16
17
17
18
15
21
20
19
19
19
20
15
14
15
15
17
16
16
17
20
14
17
16
14
16
16
16
14
15
16
18
19
18
16
15
15
14
16
8
4
16
18
17
14
18
14
15
8
2
2
1
14
11
10
20
20
12
20
1
19
1
4
2
2
0
18
15
12
20
2
6
20
15
15
5
1
1
3
3
0
1
15
2
14
23
20
7
2
2
6
2
17
16
19
25
2
2
16
23
17
2
7
2
18
20
22
3
4
1
24
14
12
21
3
1
2
14
18
15
16
16
11
15
11
24
21
16
21
19
20
1
1
17
17
14
15
1
3
19
14
18
18
1
2
2
5
8
18
26
14
1
16
24
14
1
2
3
18
16
12
0
21
11
18
14
15
16
3
4
17
23
14
14
14
14
14
14
22
19
19
14
2
13
8
5
5
4
3
11
6
15
0
14
15
2
1
11
14
18
20
12
10
5
8
11
12
11
8
4
13
5
7
23
6
4
4
4
3
9
11
2
6
3
4
8
2
6
10
13
5
12
5
5
9
7
1
10
9
4
5
6
6
3
2
16
1
7
4
5
3
5
2
4
6
9
8
16
16
13
14
2
9
2
12
5
0
8
1
5
4
9
10
12
11
6
16
23
9
20
24
5
17
24
17
6
16
6
11
14
17
16
5
19
7
5
16
11
14
6
13
14
20
6
11
16
9
20
17
20
18
15
23
14
12
9
9
13
8
24
15
18
11
9
9
11
17
44
13
8
11
13
14
15
17
10
17
6
19
9
22
18
13
12
7
15
7
16
6
26
5
21
6
29
18
5
9
10
16
14
5
10
7
7
13
7
16
13
24
12
23
23
9
11
11
1
23
17
23
9
5
11
11
24
16
13
13
28
19
24
10
12
26
4
8
13
12
8
5
2
18
16
5
6
16
5
9
5
10
8
11
8
9
17
13
7
9
5
10
14
7
7
22
20
10
7
16
8
7
7
3
2
11
14
8
7
15
9
5
11
3
8
6
5
13
5
11
5
8
18
12
5
20
10
14
12
16
25
13
5
20
3
18
4
4
9
14
12
6
8
7
2
9
11
3
5
8
12
5
18
7
22
26
13
4
17
14
4
15
9
7
6
15
9
11
5
6
9
14
7
2
12
28
21
32
26
8
7
35
5
50
19
9
31
1
37
14
44
5
52
23
17
5
31
38
22
23
47
40
42
31
13
37
42
32
17
27
6
32
52
27
15
42
44
34
18
33
21
39
39
40
38
25
20
7
50
33
41
21
28
11
30
20
27
41
16
21
29
27
4
22
7
18
34
37
26
27
29
28
25
30
36
35
9
45
33
4
40
36
33
14
20
32
16
40
5
8
33
6
12
21
33
6
12
21
28
21
19
4
34
30
9
30
48
24
8
18
36
42
1
22
35
28
29
20
58
35
36
5
43
25
20
7
27
29
37
17
2
24
20
18
29
3
21
23
27
25
20
46
24
22
28
46
18
34
4
11
33
29
2
32
7
31
28
24
67
30
25
6
5
16
28
34
39
9
45
21
38
3
35
3
26
5
15
6
27
34
17
29
13
24
42
39
39
25
50
38
20
4
38
2
23
24
36
24
26
30
27
24
9
5
32
34
14
4
39
31
23
15
11
33
5
16
26
4
6
4
33
50
42
37
23
35
30
5
29
52
22
4
11
18
13
32
20
0
26
39
8
42
47
29
9
27
47
32
14
38
11
0
2
25
34
54
2
27
29
11
34
49
24
29
16
15
29
20
32
20
35
25
37
19
16
13
15
10
36
34
32
28
58
28
10
11
31
1
27
9
7
17
32
23
25
22
18
14
5
30
5
36
24
11
5
15
7
7
15
11
11
14
7
22
28
4
5
12
5
3
5
7
3
21
5
5
30
26
5
7
13
12
7
18
11
8
11
19
4
22
16
21
21
9
5
20
36
7
7
28
38
3
3
4
9
32
31
8
5
35
33
4
5
17
26
30
10
10
5
10
6
24
20
7
13
36
5
11
9
28
31
5
7
32
3
7
26
34
6
17
9
8
11
20
19
9
4
7
40
12
11
9
18
16
28
25
34
15
4
9
33
21
33
28
5
7
35
11
7
5
28
5
7
28
27
3
9
10
36
7
7
27
7
5
32
5
7
18
22
4
32
22
22
19
17
26
25
16
3
7
11
5
17
17
10
7
22
24
4
29
24
34
13
7
19
24
19
8
7
37
4
4
5
5
5
7
33
5
6
31
7
5
28
7
7
20
19
27
8
5
5
15
5
9
47
9
7
9
36
36
3
7
29
38
5
28
32
5
8
25
40
5
6
13
11
5
25
35
6
5
26
26
39
7
6
29
25
9
34
45
6
18
23
13
19
10
5
5
22
15
5
27
5
6
8
3
5
14
28
5
28
26
4
7
26
21
12
26
33
5
5
5
4
39
4
8
10
16
5
7
9
19
11
6
5
10
0
6
16
0
0
0
20
13
26
20
0
0
0
24
24
0
0
11
0
0
0
30
17
38
0
16
18
11
15
0
0
0
14
0
0
0
0
0
0
29
17
13
23
0
21
28
13
0
0
15
22
9
0
0
5
10
0
0
0
20
24
17
1
33
3
0
0
14
29
0
0
0
0
0
0
0
0
14
0
13
15
0
21
25
32
24
0
2
19
17
0
0
3
15
16
0
50
9
21
0
0
0
45
31
0
0
0
0
22
14
23
0
0
37
19
24
8
18
0
23
15
19
20
25
5
3
0
20
0
0
26
0
27
16
20
0
0
0
13
0
1
29
0
0
1
11
2
33
0
13
14
0
0
0
0
18
0
21
23
0
11
0
0
15
11
16
0
16
22
14
26
0
16
11
0
9
22
24
0
0
0
2
21
0
0
12
0
0
20
3
15
0
16
36
0
0
14
21
0
0
0
19
0
0
23
26
1
0
13
0
12
0
26
0
22
0
2
0
5
0
0
0
0
0
38
2
4
36
41
20
0
0
27
20
16
0
0
0
17
0
9
21
0
25
15
2
0
0
36
0
0
0
20
0
0
0
12
19
23
0
17
0
30
0
0
0
16
0
16
0
12
13
18
38
0
31
0
16
0
0
15
10
0
8
0
16
1
0
7
4
26
5
6
16
14
15
10
8
42
15
20
6
17
6
6
6
6
12
9
8
8
16
6
8
8
10
8
7
17
12
16
8
5
27
20
21
25
4
5
9
8
10
10
7
13
12
14
13
19
4
10
16
20
17
27
5
8
7
14
7
5
5
9
7
19
11
12
10
6
6
7
8
11
9
14
8
4
9
13
19
5
25
6
11
33
17
8
5
3
13
12
11
19
9
7
4
17
15
10
11
5
15
7
5
8
13
5
20
5
10
9
11
12
10
4
3
7
6
12
8
7
5
10
6
7
14
17
28
21
6
23
18
20
6
4
7
16
29
5
19
10
7
17
10
5
6
9
15
14
5
5
21
28
9
8
3
12
8
8
13
12
5
23
17
20
18
13
7
8
8
5
11
5
8
22
4
22
13
4
12
7
9
7
9
13
6
16
10
5
7
8
7
7
14
6
10
9
28
15
7
13
14
15
19
5
4
3
7
10
9
5
8
17
5
4
20
9
4
16
12
16
7
19
3
30
13
29
19
23
7
16
8
7
9
11
10
8
6
8
4
5
4
13
11
8
8
5
10
5
4
10
10
7
4
8
8
9
24
3
7
8
8
17
3
9
5
7
8
6
6
15
17
13
2
8
15
8
11
7
15
22
7
5
8
37
4
27
11
19
15
0
19
13
11
15
13
39
17
22
11
13
27
22
25
16
15
8
17
17
30
26
19
8
11
83
22
24
26
7
7
33
18
6
15
7
32
17
13
9
45
19
11
41
30
11
14
32
25
24
23
13
32
22
18
14
13
27
30
22
23
17
20
9
15
30
11
19
11
20
23
16
15
18
26
15
19
39
26
26
34
17
45
56
21
30
33
28
30
18
36
20
12
33
33
14
13
28
30
28
28
29
35
31
40
40
47
39
58
33
28
26
38
25
30
41
34
34
30
35
32
44
32
37
34
21
58
22
15
43
18
39
43
40
17
23
49
40
17
13
17
35
36
27
46
36
25
48
39
30
66
37
24
28
29
38
50
19
22
36
19
41
21
29
15
35
44
40
14
43
19
42
49
30
21
68
7
53
47
26
42
23
41
56
54
43
43
43
66
28
68
25
15
11
47
27
22
45
55
27
77
34
33
34
44
24
25
40
19
34
67
37
27
29
28
29
75
20
26
18
48
43
34
26
26
29
40
22
2
24
22
22
28
22
52
30
32
20
21
32
16
42
29
16
27
31
27
43
26
19
10
30
32
47
27
18
73
33
42
30
37
11
26
26
23
18
19
22
28
18
12
35
32
20
26
33
40
17
13
31
31
30
16
22
30
15
16
21
22
3
0
0
19
22
28
0
0
0
15
16
23
19
0
1
10
17
15
0
0
28
0
0
0
19
22
22
0
0
0
25
0
42
0
0
17
14
2
0
0
0
17
15
16
24
23
26
20
0
28
27
0
0
0
33
0
63
29
0
25
11
0
27
17
0
14
17
21
20
1
2
15
10
0
21
19
22
26
13
33
1
0
25
22
0
12
0
21
0
10
0
8
23
17
0
19
15
29
0
0
0
0
0
21
0
0
0
0
15
0
0
19
16
17
25
0
1
17
17
0
22
16
22
0
0
14
0
14
0
11
0
2
21
23
20
17
24
0
18
1
0
0
0
15
5
17
28
26
31
26
1
0
3
0
13
0
13
14
0
17
0
12
17
0
46
14
0
30
28
0
0
0
0
35
0
22
0
10
11
0
18
11
4
0
13
0
22
17
18
0
43
0
24
22
0
0
0
30
35
0
18
11
17
19
0
4
5
0
15
3
22
19
0
11
20
14
0
30
14
0
0
10
19
2
17
8
0
0
0
0
0
0
0
0
0
0
1
0
3
0
2
0
0
0
24
15
0
0
0
3
11
0
0
2
1
0
27
0
11
0
0
0
11
0
0
0
0
0
0
0
11
2
17
0
16
6
17
0
12
0
0
20
0
12
