39
34
40
30
42
27
34
43
41
46
36
29
44
45
43
45
41
40
45
33
39
38
45
29
39
46
40
32
41
46
32
41
43
31
40
26
33
34
28
27
29
35
30
28
32
38
29
30
37
23
27
24
31
27
39
41
44
42
24
33
33
45
39
36
30
37
29
32
32
39
36
41
41
26
37
33
33
46
44
45
35
40
45
29
27
34
28
32
29
28
40
30
37
30
42
35
32
34
27
27
35
35
38
22
36
29
23
23
29
23
28
36
28
33
35
28
47
42
43
43
46
43
31
31
41
42
40
34
46
42
40
28
25
32
37
38
40
46
44
35
38
39
43
46
32
37
44
27
38
41
43
41
40
44
38
29
29
39
39
39
38
41
42
29
39
39
36
38
40
37
40
17
39
45
30
40
42
42
39
28
46
40
35
35
27
45
37
39
38
42
29
32
37
37
29
36
42
42
38
28
28
35
28
28
44
31
31
28
35
26
35
31
25
29
39
39
44
36
41
30
35
39
42
45
38
27
25
20
32
44
38
36
42
42
43
25
33
45
42
40
43
36
44
36
47
41
39
27
37
33
28
29
32
28
29
31
30
31
29
43
30
30
44
41
42
41
31
28
38
42
40
43
44
30
25
39
30
40
33
40
46
45
42
27
45
31
44
35
3
4
5
1
2
2
6
0
2
0
0
10
5
2
2
0
2
2
0
4
24
3
15
2
0
2
0
9
0
4
2
2
0
0
4
5
5
4
5
4
3
8
2
0
0
2
2
0
5
2
0
4
2
4
0
0
2
29
0
10
2
2
4
0
2
8
2
4
2
0
0
4
9
4
2
2
2
0
2
6
4
0
0
2
2
2
2
2
5
2
2
5
3
5
6
3
0
2
11
2
4
0
2
2
2
3
2
5
0
4
0
5
6
2
2
15
2
0
5
4
8
2
0
11
2
6
4
10
7
9
6
4
0
0
2
4
2
4
2
10
5
3
2
2
4
5
13
4
2
0
2
2
0
2
0
0
0
5
2
2
0
2
2
2
6
6
4
4
0
2
0
0
4
4
4
5
7
2
2
6
7
4
6
5
2
3
5
1
2
6
4
4
2
0
12
2
5
0
0
2
2
5
4
8
3
11
4
0
2
6
2
6
2
2
7
4
4
2
0
2
2
6
0
0
0
0
2
0
4
2
0
2
2
2
0
4
2
2
2
2
0
4
0
0
2
8
2
2
0
0
0
1
0
2
0
0
0
0
2
2
0
4
0
2
0
0
0
0
2
2
0
2
2
0
3
2
3
0
2
0
2
0
9
2
4
0
0
0
15
21
17
9
7
9
15
15
11
7
19
6
17
32
19
15
29
20
9
6
0
6
6
3
2
13
15
23
15
16
8
9
13
10
18
8
4
4
8
15
9
15
6
11
8
15
17
8
7
9
9
9
17
6
8
10
9
9
7
6
9
9
4
8
13
4
17
6
19
19
10
8
13
10
12
9
10
13
15
12
13
8
8
19
17
10
11
13
11
4
11
13
12
13
11
13
13
29
14
6
12
7
47
8
15
6
7
13
9
4
14
9
4
13
10
26
17
19
11
9
13
15
24
13
13
15
9
13
21
13
11
64
7
11
11
8
13
42
24
11
17
13
15
25
13
10
9
25
9
31
10
10
25
13
9
15
13
17
19
13
17
18
15
13
9
16
17
38
19
17
6
25
4
24
21
34
17
13
77
11
15
13
21
8
24
11
11
19
15
19
19
13
15
13
9
14
12
11
21
13
11
20
24
11
22
16
12
19
13
24
17
25
17
7
11
15
13
15
19
19
13
8
8
10
9
6
15
13
8
19
9
11
11
9
13
17
11
16
17
13
13
15
13
5
24
14
13
9
16
9
7
9
13
11
9
7
6
4
2
15
2
6
2
13
6
8
4
2
4
7
0
4
2
4
4
9
4
4
4
4
5
6
13
4
4
7
5
8
0
3
7
3
3
1
9
0
5
1
7
1
1
0
3
5
3
0
3
0
5
3
11
3
0
3
5
9
1
1
3
7
9
3
3
0
0
3
5
1
3
9
5
7
0
1
1
0
3
1
1
7
1
1
7
5
7
5
1
0
1
1
1
1
0
0
3
3
5
5
1
11
5
11
0
0
3
13
9
1
7
3
3
1
3
1
3
1
9
1
3
1
0
1
3
3
17
3
3
3
6
1
7
5
1
13
1
5
5
5
3
7
0
1
1
1
5
1
1
1
1
7
3
5
1
3
0
3
7
3
7
3
3
7
3
1
0
11
11
7
1
5
1
5
7
1
9
1
3
1
5
1
5
3
3
4
5
1
0
0
7
1
9
5
3
7
1
1
0
3
3
3
1
1
3
1
1
11
3
3
0
3
7
3
0
0
0
5
1
1
0
1
7
3
3
5
3
9
1
1
5
1
3
5
5
0
3
1
1
1
7
3
7
1
5
5
1
1
7
1
5
9
0
3
1
11
5
7
1
7
0
5
1
3
0
7
0
5
1
0
15
3
0
3
1
5
7
0
5
3
5
5
0
7
3
15
5
11
1
3
1
7
0
7
1
1
7
5
9
3
3
5
11
5
3
7
9
0
3
7
3
1
0
1
0
3
5
3
0
1
0
2
0
1
0
0
1
1
0
1
0
1
3
1
2
0
2
1
3
2
1
0
0
2
1
0
1
1
1
0
1
1
2
2
1
0
2
3
2
1
0
3
0
1
0
0
2
0
1
0
2
2
0
6
0
2
1
0
0
0
1
1
1
1
0
1
1
1
0
0
2
2
6
1
1
4
2
1
0
0
0
0
1
2
2
0
0
0
3
1
1
1
1
0
2
1
1
1
0
2
1
0
2
0
0
1
0
1
2
0
0
0
1
5
1
1
4
4
1
1
1
0
0
1
0
0
1
0
0
1
3
0
0
0
0
2
0
1
3
0
0
0
0
0
2
0
2
1
1
1
2
0
1
0
1
0
0
0
0
2
3
2
9
0
3
0
0
0
1
1
1
1
0
1
0
1
1
0
0
0
0
0
0
2
2
0
7
0
2
1
4
0
0
0
1
3
1
0
0
0
2
1
0
2
2
1
3
3
2
0
1
1
1
1
1
0
0
0
0
0
2
2
2
3
1
1
0
0
1
0
3
2
4
0
0
3
3
1
2
3
0
0
1
1
2
3
0
1
2
0
1
2
3
0
2
0
1
0
0
0
0
0
0
2
2
0
1
1
2
0
0
1
1
0
0
1
2
1
0
2
6
0
0
0
7
1
3
3
7
3
5
17
3
0
3
11
3
7
5
5
36
7
11
7
7
7
5
2
5
7
1
5
13
3
11
7
3
3
0
2
7
9
15
5
5
5
9
5
9
7
2
5
3
3
5
0
11
3
9
7
9
3
0
3
5
3
15
7
0
2
5
3
2
5
5
9
5
3
3
7
15
9
9
5
3
15
5
9
2
5
3
9
9
2
7
7
7
3
11
9
7
2
3
2
9
2
3
7
29
3
9
7
15
13
17
11
11
13
19
27
31
21
7
9
21
15
21
25
13
29
17
11
9
15
25
13
21
17
17
17
25
29
15
15
23
17
17
15
19
27
29
10
11
11
25
25
40
29
23
11
19
23
19
11
39
15
17
15
19
21
25
17
9
19
25
19
19
15
21
23
23
15
15
21
31
17
27
28
13
23
17
17
15
9
19
13
17
5
29
22
23
25
23
13
11
19
17
11
17
20
19
17
23
19
27
11
23
9
11
13
30
17
13
9
13
11
15
25
19
23
3
15
21
13
23
7
13
9
9
3
2
5
3
11
7
5
9
3
7
3
2
7
5
13
13
5
2
7
5
5
5
5
3
7
3
7
3
5
7
11
5
5
11
1
3
5
2
2
2
3
7
5
9
5
9
9
5
11
7
3
3
7
2
3
0
33
2
0
19
7
1
0
0
59
34
8
2
19
40
1
0
12
19
1
2
5
0
1
0
0
0
3
0
0
0
2
0
2
6
0
2
2
2
29
2
0
0
3
2
8
0
0
2
25
2
0
24
65
0
0
2
0
6
0
2
2
13
2
47
0
0
0
0
0
2
89
0
0
0
2
49
2
2
0
0
2
33
2
2
0
23
2
2
22
2
2
4
46
0
2
0
0
0
0
0
0
0
0
0
2
2
2
0
2
58
0
0
32
2
3
0
43
11
2
13
19
2
0
44
1
1
2
0
17
16
0
2
0
0
0
0
0
0
0
2
0
0
2
2
2
0
0
2
0
0
2
5
27
2
3
7
28
4
15
16
0
0
0
0
0
3
0
0
25
11
5
0
0
23
0
0
24
0
0
24
0
2
5
72
1
2
0
0
0
0
15
25
20
0
0
0
0
0
0
2
3
7
0
0
4
11
38
0
7
17
0
5
0
3
2
0
0
45
2
20
19
0
0
0
0
2
13
0
37
0
0
14
2
54
5
0
3
30
0
41
35
3
2
40
0
0
0
1
82
0
0
5
0
0
0
0
0
2
0
0
2
0
3
7
40
0
20
0
0
0
37
0
0
29
2
0
0
5
2
2
0
75
2
0
52
4
14
2
6
4
2
8
8
4
4
8
4
0
10
6
2
19
13
6
4
2
11
2
6
9
15
15
2
2
2
0
8
2
4
4
0
2
8
6
8
6
4
0
4
6
4
2
2
4
4
2
4
2
2
2
6
8
6
0
6
23
11
2
4
8
11
6
6
13
4
2
13
9
8
6
17
10
6
6
6
17
4
6
4
4
6
2
2
9
6
4
2
2
0
8
0
6
4
13
4
2
4
0
2
8
2
4
6
2
8
15
2
8
4
4
0
6
8
2
11
8
2
11
6
2
13
10
13
0
2
4
4
10
8
4
8
2
9
11
13
11
4
2
4
2
6
13
4
11
8
15
11
6
11
4
2
9
2
2
2
0
0
17
15
2
4
4
4
11
21
11
4
31
6
4
0
0
6
2
4
0
4
2
13
4
4
13
6
4
2
4
4
6
0
8
4
8
4
27
9
0
15
4
6
2
15
6
2
6
4
0
4
15
0
0
21
4
6
4
8
6
2
0
2
19
2
4
2
13
10
0
0
4
0
2
13
2
2
2
0
4
2
2
0
0
0
6
0
2
6
2
4
6
6
12
11
10
0
4
8
0
4
2
0
2
2
4
13
0
0
0
4
2
4
2
0
4
4
0
2
4
0
2
0
11
0
4
4
0
2
0
2
2
2
4
2
2
4
6
6
4
5
4
0
4
4
4
7
4
2
0
2
4
6
6
4
6
4
4
6
4
6
4
6
2
6
4
4
2
6
2
2
4
0
4
4
8
2
4
4
2
9
6
4
4
2
6
3
13
2
2
11
4
2
10
2
6
2
4
4
6
4
4
4
6
4
4
6
4
2
2
4
2
2
2
2
6
2
2
2
0
2
2
2
4
2
4
2
2
5
2
4
4
2
2
2
6
9
4
6
4
4
4
2
4
6
2
6
7
4
4
14
2
6
4
4
4
6
4
2
4
3
3
2
2
4
4
12
4
2
2
9
4
2
6
2
6
4
4
2
2
4
2
2
4
5
0
6
2
4
6
2
4
2
2
2
0
4
2
11
2
2
2
4
2
2
2
4
2
2
2
9
6
6
4
2
0
2
2
2
4
2
4
0
4
16
2
2
2
2
4
0
0
0
2
4
2
0
2
0
2
6
2
0
2
4
0
2
3
4
6
2
2
4
0
2
2
4
2
4
7
7
5
5
2
0
0
9
7
9
3
4
9
4
7
0
2
2
2
2
0
4
2
2
2
2
2
0
0
4
5
2
0
2
0
4
0
0
2
2
2
2
4
0
0
4
3
6
4
2
2
4
2
5
2
2
6
2
55
15
79
78
13
17
24
44
13
13
14
82
11
51
53
7
21
17
78
25
21
11
54
38
11
21
25
78
64
9
69
7
48
9
13
12
21
81
29
11
57
26
15
6
9
76
20
8
19
69
71
13
13
18
56
77
17
30
74
72
70
15
71
8
68
11
77
17
6
6
71
67
82
24
7
54
65
55
15
50
13
73
83
30
76
72
59
76
9
78
21
80
15
74
11
72
15
63
9
74
48
61
22
79
11
50
70
74
86
18
19
53
17
52
13
52
5
34
9
46
43
18
78
11
9
55
41
17
20
71
78
54
18
87
57
11
6
52
16
80
9
73
76
13
11
11
7
54
9
15
12
9
15
79
29
43
16
39
20
11
70
21
74
53
18
62
16
65
59
25
74
14
15
14
10
16
58
70
18
11
87
6
11
14
17
76
78
34
71
11
43
44
47
12
76
46
80
11
17
37
7
7
15
45
46
47
63
51
41
21
41
36
43
52
43
41
44
28
31
32
59
30
52
22
41
15
28
28
45
56
20
47
21
40
51
35
43
50
59
58
24
41
70
44
54
20
54
44
35
74
15
45
40
34
37
27
26
44
63
38
57
42
32
43
31
34
39
15
39
27
35
48
57
19
28
33
53
28
55
44
54
62
51
51
52
22
53
54
