0
3
2
0
0
0
2
2
3
1
2
1
1
2
2
3
2
3
2
3
2
0
0
0
0
0
3
0
1
3
3
0
0
2
0
0
0
0
2
2
2
0
2
2
2
0
0
1
0
1
0
3
0
5
3
3
1
2
0
0
1
2
2
0
0
0
3
0
2
11
2
2
3
15
2
2
3
2
2
0
11
0
0
3
3
3
2
2
2
0
0
3
3
2
3
2
2
2
1
1
2
3
2
9
0
3
2
3
2
0
0
0
2
0
0
1
0
3
2
2
1
0
3
3
0
2
3
2
3
2
2
3
9
2
2
0
0
2
0
5
3
3
2
2
3
3
1
0
0
2
2
2
3
3
0
3
3
1
3
3
3
2
13
2
2
2
0
0
0
2
2
3
2
1
1
2
2
0
11
3
9
2
13
2
3
1
0
3
0
3
9
2
2
0
3
2
0
3
0
0
3
11
0
3
2
1
2
2
2
3
0
1
2
2
0
2
0
1
2
2
2
2
2
2
0
2
1
0
2
2
3
2
2
2
7
2
3
0
2
2
3
3
0
0
2
3
2
2
0
2
0
0
2
3
0
1
0
3
3
2
5
2
1
2
3
9
0
0
2
2
9
0
1
0
2
2
2
1
3
3
0
2
0
5
0
0
0
3
2
0
2
0
0
4
2
2
6
0
2
2
4
4
2
4
6
2
9
0
0
2
0
0
0
2
2
2
68
0
4
0
0
2
2
0
4
0
2
2
2
0
44
13
2
2
4
6
2
4
4
2
45
6
4
0
2
3
2
2
0
4
2
2
0
2
2
6
2
0
2
0
2
13
0
74
6
2
2
0
2
46
0
0
2
0
0
2
0
0
0
2
10
8
4
4
0
4
0
8
2
0
2
4
4
8
43
2
2
0
4
6
4
4
4
0
4
4
0
0
72
2
2
4
2
2
2
9
2
42
0
0
80
2
8
0
8
0
0
4
2
0
4
7
0
4
0
2
2
0
0
7
2
4
6
2
2
6
10
0
0
2
0
10
2
2
0
4
2
2
0
2
2
0
0
2
2
2
0
0
0
6
0
0
0
0
4
3
0
2
0
2
2
2
0
0
7
2
0
2
0
0
0
4
4
0
4
2
6
2
2
2
0
7
2
0
8
2
0
0
2
2
2
4
2
2
2
0
2
9
67
2
5
2
2
0
4
2
4
4
2
4
2
77
2
2
0
4
2
0
0
2
2
61
0
2
0
0
2
2
4
2
2
2
4
0
4
2
0
4
6
0
0
0
4
2
6
0
2
43
0
20
2
11
3
30
0
0
5
7
3
3
5
5
7
5
5
3
5
7
7
9
3
7
9
5
7
2
0
7
9
3
0
9
7
7
9
9
5
9
5
3
5
7
5
11
5
3
7
9
7
9
0
3
5
3
7
5
3
9
7
2
7
7
5
5
2
11
19
7
5
7
7
5
7
7
5
5
7
7
9
3
7
7
5
7
9
5
11
5
5
7
7
7
7
7
5
5
5
7
7
9
7
5
7
5
5
5
7
7
9
3
5
7
5
7
4
9
4
7
0
0
0
9
0
0
0
7
1
9
0
7
0
7
0
7
0
9
0
5
5
7
0
2
0
2
0
2
5
7
17
4
13
0
5
0
9
2
4
2
0
0
0
7
2
5
2
7
0
11
2
9
0
2
2
7
0
11
13
9
0
7
0
0
9
0
13
0
11
7
9
0
9
2
11
2
13
0
13
2
11
2
5
1
17
0
11
0
9
0
2
4
0
2
9
0
9
0
2
0
2
7
2
9
0
7
2
11
1
13
0
0
11
2
0
3
0
0
7
0
2
5
1
3
13
0
5
1
3
0
0
0
3
5
1
7
0
0
5
0
2
3
5
6
5
2
0
7
0
0
7
2
11
3
2
9
3
0
7
2
2
5
0
4
6
1
2
3
0
13
5
0
15
9
0
15
19
19
16
19
19
19
19
19
19
19
18
19
20
19
19
19
18
17
18
19
19
19
19
19
19
19
19
19
19
19
18
19
19
18
19
19
17
18
17
19
18
19
18
17
19
19
19
18
19
19
19
19
19
20
17
16
19
19
19
18
17
19
19
19
17
19
19
20
16
17
20
17
18
19
18
19
16
19
19
20
19
17
18
19
16
20
14
16
16
20
19
18
19
18
20
18
19
19
19
14
19
18
19
18
19
19
20
19
19
19
19
18
18
19
18
19
18
19
18
19
20
18
18
15
19
19
19
19
20
19
19
20
19
19
19
19
18
19
18
19
19
19
19
18
16
19
20
19
18
18
18
18
18
18
18
17
18
19
19
19
19
18
18
19
18
17
19
15
18
16
18
18
17
16
16
17
15
18
17
18
19
16
17
18
19
16
19
14
19
15
16
18
19
18
19
17
17
18
16
15
16
18
19
18
18
18
19
16
17
12
19
18
18
13
19
19
19
19
17
14
18
19
19
16
15
17
15
17
18
14
18
17
19
17
18
17
18
15
14
19
18
19
18
17
19
19
19
19
18
18
16
19
19
19
19
17
17
16
16
18
15
14
18
16
19
17
19
16
19
19
17
17
19
19
15
18
18
18
19
17
16
18
18
17
19
18
18
17
2
5
3
2
0
2
4
8
18
4
0
2
0
4
2
2
6
6
4
2
5
15
4
2
0
2
6
6
0
4
4
2
5
4
6
4
8
2
6
6
4
4
16
4
8
2
2
6
8
6
2
4
4
5
0
2
15
2
4
2
6
4
17
4
4
2
6
8
4
8
15
6
2
0
6
8
2
6
4
4
2
4
2
8
8
0
6
4
4
6
6
0
4
2
7
12
4
5
0
15
6
8
15
5
4
5
4
7
9
6
4
0
6
14
6
4
6
4
2
5
4
2
6
6
4
15
6
6
2
1
2
4
6
13
2
2
8
2
4
19
2
4
2
4
6
4
4
6
4
2
6
4
4
4
4
2
8
8
6
0
4
4
6
4
8
4
3
4
2
4
6
2
4
2
4
3
8
4
2
4
6
6
2
10
4
4
8
6
4
6
7
5
4
2
7
4
6
8
8
4
6
6
2
6
6
2
6
8
2
4
0
2
4
4
7
23
4
8
2
10
4
4
2
2
8
6
18
9
5
4
2
6
4
0
17
4
6
2
6
5
6
6
8
15
6
2
4
4
4
4
0
4
6
2
2
11
19
5
2
10
4
4
6
15
4
2
6
4
17
2
4
6
6
2
11
4
2
4
2
5
2
6
4
4
6
4
8
2
27
22
22
17
16
20
21
24
25
21
38
21
19
12
20
21
20
22
20
23
14
18
10
14
21
20
16
25
20
28
24
26
21
26
22
28
31
27
25
34
25
23
26
21
17
22
28
21
18
28
24
10
26
26
16
31
23
20
22
23
18
32
25
21
24
29
26
28
26
31
22
20
21
20
17
19
26
31
27
19
21
26
26
26
24
23
23
24
21
28
23
25
16
26
25
25
18
23
26
24
22
27
20
20
23
19
28
28
25
28
27
20
32
22
20
20
26
22
30
26
21
25
16
29
32
30
26
12
18
21
26
22
26
25
22
26
18
22
21
32
25
20
27
31
22
14
24
23
21
31
20
17
25
19
19
25
18
20
25
24
12
25
20
19
22
22
19
24
16
23
19
23
24
14
18
33
22
23
17
23
23
27
23
29
18
30
22
25
24
18
26
23
22
27
26
21
25
25
12
12
19
22
25
22
25
31
24
14
18
21
25
18
23
25
15
20
12
29
16
21
20
16
25
22
16
16
20
26
15
22
20
19
23
16
24
25
20
24
16
17
12
22
20
25
20
16
21
24
23
23
22
23
12
12
23
22
18
18
14
23
17
23
18
20
19
24
18
24
20
32
18
27
25
18
23
23
24
18
19
22
25
21
20
22
25
24
14
21
2
2
4
0
0
0
0
2
0
10
0
2
2
2
4
0
14
2
0
6
0
0
0
2
4
4
4
2
2
17
6
19
2
0
0
6
8
0
0
2
2
38
2
0
0
0
0
0
4
19
2
0
0
8
2
4
2
4
6
0
0
2
2
8
2
0
0
4
2
0
0
0
6
2
6
0
2
0
0
2
0
4
2
0
0
0
0
0
0
4
2
2
8
6
4
0
2
4
4
2
4
4
12
2
2
0
0
0
0
0
0
0
0
0
2
0
0
2
0
0
2
0
0
2
4
0
2
0
2
6
4
4
6
0
0
2
6
0
0
15
4
2
4
0
0
6
0
0
0
0
0
0
0
2
2
6
0
0
0
2
2
4
14
2
0
0
2
2
6
4
2
2
2
2
4
2
2
0
2
0
4
4
14
12
2
0
2
4
2
0
2
0
0
4
2
4
0
0
0
2
2
2
2
0
0
0
0
0
8
2
2
0
0
4
2
4
4
0
2
8
2
0
0
0
8
0
6
2
47
0
8
2
2
2
4
0
2
2
2
0
10
4
6
58
0
0
0
0
0
0
4
2
0
25
0
0
0
2
8
0
0
2
6
0
0
0
0
8
4
52
0
0
0
0
2
4
0
0
2
6
4
0
2
2
0
0
0
4
12
12
6
23
14
4
8
14
14
14
8
8
8
21
10
17
12
10
8
25
8
14
82
8
12
19
17
10
12
8
10
12
14
12
19
6
8
21
6
16
10
6
14
53
10
8
6
10
12
10
8
10
14
8
19
17
10
14
16
6
8
10
16
19
15
12
10
21
10
8
10
10
8
10
15
17
12
19
8
10
17
14
8
17
6
6
25
14
14
10
17
15
8
21
14
8
8
35
8
10
33
23
14
14
12
10
21
12
10
14
12
12
21
8
10
12
19
14
17
6
12
10
12
10
12
12
8
17
16
10
10
10
8
6
8
10
14
8
8
10
10
14
12
17
19
12
12
17
21
8
8
14
14
14
14
6
8
37
10
17
8
16
10
12
6
8
8
10
10
10
12
8
8
14
17
12
8
6
25
14
10
8
10
17
16
14
12
8
10
14
12
15
8
14
19
6
14
16
8
6
6
10
8
10
8
10
14
10
8
10
10
8
12
16
14
12
12
10
14
8
6
19
17
17
6
17
23
8
6
12
8
17
41
14
16
21
6
10
39
8
17
14
14
14
16
12
12
12
12
10
14
6
8
19
6
12
10
10
6
37
4
10
8
16
12
10
8
10
14
16
8
60
4
6
10
6
14
6
12
12
10
10
0
21
4
21
10
8
9
6
4
8
7
1
7
9
5
6
6
5
6
2
10
3
7
9
4
4
1
5
4
5
5
7
10
7
8
2
2
12
4
8
4
4
2
10
7
4
6
9
10
2
5
2
9
6
9
8
5
17
15
9
10
10
7
5
5
10
2
8
11
9
12
5
7
7
10
6
3
20
4
9
2
7
15
3
4
14
3
7
4
6
6
5
9
10
6
11
4
17
2
6
2
5
7
7
4
12
7
10
19
6
4
4
7
5
5
5
16
5
20
12
9
10
9
9
15
9
5
10
4
10
9
11
17
13
6
7
9
7
8
7
8
6
10
5
9
20
5
12
12
10
14
9
17
9
11
7
1
8
9
9
9
5
8
2
5
7
22
3
6
15
7
11
6
3
8
13
7
10
6
10
20
5
3
6
3
5
9
9
6
5
9
5
12
0
7
12
2
2
4
4
2
9
32
5
47
4
9
3
14
43
17
10
4
7
9
17
10
15
12
7
6
5
15
11
12
8
21
16
9
2
10
7
2
5
5
1
5
5
9
3
5
4
6
5
5
16
9
19
21
5
7
5
9
3
18
12
6
8
3
7
12
13
15
5
14
2
8
4
3
4
5
3
10
7
7
15
5
20
5
4
10
1
7
7
7
4
8
1
2
7
14
11
16
11
4
2
2
2
4
2
2
0
4
2
0
2
0
0
2
2
0
2
2
0
0
2
0
0
2
0
0
0
0
2
0
2
0
2
2
2
0
2
0
2
0
0
0
0
0
0
2
2
2
0
2
0
0
2
2
0
2
0
2
2
2
2
0
0
2
2
0
2
2
2
2
4
2
2
2
2
0
2
4
0
0
2
2
0
2
2
2
2
2
0
2
2
0
2
0
2
0
0
0
0
0
2
2
2
2
0
2
2
0
2
0
0
0
2
2
0
0
2
2
2
2
2
0
0
0
0
0
0
0
0
0
0
2
0
0
0
2
2
2
2
0
0
4
0
0
2
2
4
0
0
0
0
0
2
0
0
2
0
2
2
2
0
2
0
0
2
0
0
0
0
0
0
2
0
2
0
4
0
0
4
0
2
0
0
2
2
0
0
0
2
0
0
0
2
0
0
0
2
2
2
0
0
0
0
0
0
0
0
2
4
4
4
0
0
0
2
2
2
2
2
0
4
0
4
2
4
0
0
2
2
0
0
0
0
2
0
0
0
2
0
0
0
2
2
2
0
2
2
2
0
0
3
0
0
2
0
0
2
2
2
2
2
2
2
2
2
2
2
2
2
6
2
2
2
2
4
4
0
0
2
2
2
4
2
2
4
2
2
