2
4
2
7
0
9
2
2
4
7
7
4
0
4
2
0
0
2
2
0
2
2
8
2
4
4
2
4
4
0
2
6
2
0
6
4
4
0
2
4
3
0
0
2
0
4
2
2
0
2
2
0
2
6
2
0
11
12
2
6
8
2
2
2
6
4
6
4
6
2
2
2
0
8
2
4
4
0
55
9
7
10
6
2
10
6
9
2
4
6
2
3
2
4
2
15
1
4
7
0
4
6
11
2
32
4
4
4
6
4
2
2
2
2
8
2
2
4
6
0
4
2
5
0
9
5
2
8
6
4
2
2
3
4
2
4
4
4
2
2
2
2
3
4
2
6
4
0
6
2
6
6
6
0
2
5
2
2
6
0
4
4
4
2
4
34
4
2
0
2
4
43
0
8
2
4
2
2
6
2
4
11
0
6
4
6
2
2
4
10
4
6
2
4
6
2
7
4
4
2
2
4
4
2
0
4
5
4
6
2
2
2
6
2
8
2
2
2
2
2
0
4
2
2
2
2
9
5
5
6
3
2
2
4
43
0
13
8
6
2
15
6
2
2
2
2
2
12
0
0
0
4
0
2
2
0
5
4
4
2
0
4
6
2
4
6
5
38
4
8
2
2
6
7
2
0
2
2
4
2
15
4
4
2
2
2
4
0
27
29
0
0
8
25
48
23
0
2
4
0
23
33
0
0
14
35
2
37
0
12
2
29
8
0
0
16
40
6
0
0
2
35
27
0
2
60
54
19
46
2
4
46
4
51
17
14
31
0
2
37
27
23
2
0
0
35
31
0
13
2
2
4
0
2
0
62
21
2
36
53
0
34
2
2
23
0
15
0
33
38
39
13
8
0
2
2
21
4
2
14
2
0
23
2
0
10
15
46
27
2
2
12
4
6
0
37
2
2
38
0
34
0
0
0
36
2
0
4
2
35
19
0
51
42
13
0
0
0
0
0
27
0
8
33
4
2
21
52
19
4
0
68
21
0
0
38
31
23
2
12
33
30
17
31
4
19
0
39
62
14
12
40
36
0
17
21
37
27
2
46
8
29
0
2
2
43
2
0
36
12
41
25
0
4
25
21
4
11
42
25
40
2
19
42
15
34
2
29
12
2
33
23
44
31
0
35
29
12
0
31
17
17
0
2
20
0
2
19
2
38
32
0
37
2
2
16
31
42
6
48
43
31
36
52
2
2
38
46
32
29
23
41
8
0
19
42
31
11
6
0
44
0
0
0
8
39
33
2
25
56
2
0
2
37
31
31
12
0
16
27
13
6
23
2
59
13
4
4
17
11
17
16
2
14
2
27
64
75
3
0
84
33
47
0
2
21
46
60
41
10
21
3
0
33
23
28
0
47
6
17
0
40
3
11
2
40
38
2
0
3
77
28
0
70
76
32
14
2
0
0
0
26
82
71
4
6
23
2
2
73
27
0
0
27
0
0
51
2
39
0
80
45
0
2
0
2
0
20
2
68
0
69
0
0
0
1
0
0
0
16
3
0
2
66
7
44
0
16
0
0
2
39
54
0
66
32
0
5
0
2
0
0
13
63
0
18
2
20
0
43
0
41
0
23
0
52
16
79
55
11
0
7
70
0
0
19
14
20
2
40
2
25
0
5
18
2
1
1
21
0
3
5
0
3
1
0
17
0
29
2
12
0
4
2
4
12
0
2
4
9
2
0
4
4
0
0
0
0
15
0
1
0
17
1
2
0
30
0
41
4
26
14
37
1
0
0
0
13
0
2
1
2
0
14
2
0
21
2
6
0
17
40
0
2
2
30
2
0
0
0
0
17
19
2
0
15
20
19
0
0
0
0
8
8
15
0
12
8
17
6
47
3
10
15
1
0
0
0
13
1
0
0
18
0
19
2
0
8
13
18
28
3
2
2
0
0
2
3
0
16
0
1
4
5
2
0
0
21
0
2
0
0
2
0
0
0
0
2
0
0
9
0
0
2
0
5
7
0
3
0
7
0
11
0
5
0
7
5
0
0
5
5
0
7
9
5
9
0
7
9
2
0
7
5
9
0
5
7
0
7
7
0
5
0
7
3
0
5
9
5
0
5
9
3
0
9
0
9
5
3
0
5
5
0
0
5
5
0
0
5
7
9
0
5
5
0
0
5
7
0
0
5
5
5
0
5
0
2
0
5
0
7
0
7
0
5
0
9
3
5
0
7
5
9
0
7
5
0
0
7
7
0
0
7
9
0
0
5
5
0
0
5
5
0
0
0
0
0
0
0
7
0
0
5
0
0
5
5
0
0
3
0
9
0
0
0
0
0
0
0
0
0
0
0
2
0
2
0
9
0
0
3
0
7
7
3
13
0
0
0
5
7
0
0
5
0
0
9
0
0
0
0
0
0
0
0
5
0
0
7
0
0
0
0
0
0
0
2
7
7
0
0
7
5
0
2
2
11
0
5
0
7
7
7
7
7
11
5
7
11
7
7
5
3
11
7
3
7
5
9
0
11
0
3
0
9
11
7
0
7
15
5
0
7
3
9
0
7
9
0
5
0
7
0
3
3
9
0
7
5
0
0
7
7
0
0
5
7
3
3
7
5
3
5
5
5
0
0
9
5
11
7
3
5
7
0
0
7
9
0
0
3
8
5
2
9
8
4
5
2
8
2
2
4
7
6
11
4
6
6
4
4
4
7
5
2
4
6
6
2
8
4
10
6
9
6
2
4
4
7
6
2
6
4
2
4
6
8
4
2
7
3
2
2
4
9
9
5
9
2
7
7
10
6
8
6
8
11
9
4
4
8
2
7
8
7
4
6
8
9
4
8
9
4
6
13
4
7
7
8
6
10
17
7
13
19
15
8
4
8
6
9
2
10
14
4
4
2
6
7
4
6
7
2
12
8
11
8
8
13
5
13
6
12
8
9
0
8
6
83
4
7
7
3
5
6
8
9
7
4
7
13
6
9
6
8
6
4
6
8
2
6
6
6
4
6
6
5
4
8
14
9
9
4
12
11
4
5
13
19
4
11
11
8
7
13
5
6
2
9
5
7
7
4
7
6
9
7
8
2
4
2
8
4
11
3
7
7
8
11
7
8
7
7
10
7
9
4
2
4
4
9
5
3
2
9
4
10
10
4
9
4
7
8
13
3
22
21
4
2
2
4
7
13
6
8
5
2
6
8
6
10
10
4
11
6
9
4
13
6
4
4
10
8
6
4
8
2
4
6
6
8
0
8
2
2
4
4
6
4
4
4
2
6
6
2
8
8
6
8
8
11
4
6
7
4
4
4
11
10
6
4
21
2
2
4
10
2
2
2
2
4
2
6
2
4
2
6
4
8
10
4
4
8
2
4
0
4
2
4
2
2
2
2
0
6
4
2
2
0
2
6
2
2
2
8
2
12
4
4
12
6
10
4
4
2
2
4
12
6
8
2
4
4
2
0
8
4
4
4
4
6
2
6
4
0
2
4
2
2
6
0
2
8
6
4
0
4
6
2
2
4
2
4
0
6
2
2
2
0
2
4
8
2
4
2
7
2
4
2
4
0
2
0
4
2
2
10
4
6
4
2
4
4
12
2
8
6
2
2
4
4
8
12
14
6
8
2
4
6
0
2
10
4
8
0
4
4
2
4
2
16
2
6
14
10
6
4
2
10
4
4
6
14
2
10
14
4
6
2
6
10
14
4
0
7
4
2
18
2
12
10
4
0
2
2
6
4
2
2
0
4
0
2
10
6
6
6
4
4
4
2
8
8
2
0
2
6
2
8
4
2
4
6
10
2
10
4
2
4
2
4
2
4
6
8
2
2
2
2
12
2
4
2
4
2
0
2
2
4
6
8
2
8
6
10
10
4
10
4
4
4
6
2
11
6
4
2
6
4
6
2
6
4
4
2
4
2
6
6
6
2
2
2
0
2
4
16
2
2
8
0
4
2
2
8
0
2
40
39
40
40
40
28
39
40
39
38
39
38
38
38
40
39
28
40
38
38
39
38
40
40
38
38
38
29
40
38
38
40
40
38
38
40
38
38
40
40
38
40
38
40
38
40
40
38
39
40
40
40
38
38
39
38
37
40
39
40
40
39
38
40
40
40
38
40
38
29
39
40
38
40
38
40
40
40
40
40
37
40
40
40
41
40
40
37
38
40
38
36
40
38
38
40
38
40
38
38
38
38
40
39
40
38
38
38
40
38
38
28
38
37
40
37
39
38
38
38
40
40
40
38
40
40
40
40
40
39
38
40
38
29
37
38
38
38
40
38
40
38
38
38
38
40
38
38
40
38
38
38
38
38
40
38
40
40
38
38
38
38
39
40
40
40
28
38
38
38
40
39
40
40
40
39
40
38
38
38
40
38
39
38
38
40
38
38
40
38
40
38
38
38
40
40
40
39
38
38
40
38
40
38
40
38
40
40
38
38
38
37
40
40
40
38
40
38
38
40
38
38
38
38
38
38
40
39
38
38
38
40
36
39
40
39
40
38
37
38
40
38
38
37
38
38
40
40
38
40
40
37
39
39
38
38
39
38
33
38
40
37
39
28
37
39
40
40
39
39
39
37
41
39
37
39
39
39
39
41
39
41
39
37
37
37
40
39
0
12
2
0
2
2
0
2
2
0
2
5
2
4
0
7
5
0
2
2
1
0
4
2
0
0
0
2
0
0
1
2
4
2
9
5
9
0
2
3
0
0
0
0
5
0
22
3
0
0
0
4
15
0
4
4
0
2
0
0
2
6
4
0
4
0
0
4
2
0
8
0
4
0
0
0
2
0
0
0
2
0
2
2
0
2
0
0
2
2
0
7
2
0
2
5
5
2
2
0
3
2
0
2
2
0
3
4
3
2
2
3
4
1
2
2
3
4
2
2
3
2
2
0
2
2
2
3
2
2
0
3
4
8
0
0
2
8
0
10
2
0
2
5
4
2
3
2
0
0
5
2
1
0
8
0
5
2
2
0
0
4
2
0
3
2
0
0
2
3
2
0
0
1
0
5
0
0
1
2
0
8
0
0
0
1
0
0
4
2
0
0
0
2
2
0
2
7
0
2
0
2
0
0
7
0
4
5
0
2
0
7
3
3
2
0
2
0
0
4
7
6
0
3
2
2
4
0
2
2
0
0
2
4
0
4
2
4
0
0
2
0
1
0
3
6
0
1
4
4
0
2
4
0
4
0
0
2
2
2
2
2
4
0
4
0
5
2
3
2
0
2
4
2
2
3
2
2
3
13
1
2
2
3
7
2
2
2
16
16
17
38
18
8
17
31
12
49
38
23
26
28
27
38
22
30
3
21
17
24
22
16
13
0
0
0
0
0
0
0
0
0
0
0
0
0
0
0
0
0
0
0
0
0
0
0
0
0
0
0
0
0
0
0
0
0
0
0
0
25
29
16
28
19
42
31
31
25
24
27
32
41
69
24
20
58
20
31
52
21
12
24
14
25
22
21
44
17
27
31
26
20
19
31
11
26
20
26
33
35
31
26
20
28
19
24
26
24
38
30
36
26
33
37
30
30
21
37
27
22
39
34
28
17
19
18
23
26
44
16
17
22
16
18
31
38
12
22
24
19
25
31
16
34
16
9
14
25
48
54
16
20
0
20
25
18
37
29
0
22
15
19
22
24
18
18
11
23
31
19
12
8
9
8
29
38
20
32
21
12
14
24
18
24
17
41
13
19
19
21
12
28
18
13
18
23
23
11
15
26
14
22
15
18
13
18
15
20
11
15
20
12
0
13
40
48
30
8
17
29
36
38
57
12
20
19
14
20
22
18
16
27
28
24
14
22
20
21
16
27
15
21
16
18
16
21
8
7
17
20
38
15
19
24
17
20
16
17
13
14
27
15
29
18
16
26
22
19
13
20
21
18
29
22
14
14
19
9
20
13
16
25
34
14
17
10
62
1
47
29
19
20
9
11
35
41
13
28
0
11
43
24
10
9
13
16
20
7
15
22
0
25
21
21
25
11
23
29
22
27
33
22
58
25
27
21
13
11
21
7
34
39
12
7
71
13
12
15
14
24
38
13
20
23
34
39
41
21
41
15
23
5
12
11
30
31
33
48
60
19
70
9
29
13
27
22
29
11
14
31
24
31
11
10
4
9
71
26
20
43
21
28
40
20
20
10
10
12
50
18
55
16
29
61
16
25
20
20
11
18
14
16
14
26
20
54
37
39
23
26
11
69
17
25
16
25
19
42
29
25
9
15
8
19
24
65
21
17
18
41
10
15
33
11
14
11
13
26
16
19
33
19
10
10
12
22
17
27
17
9
10
39
0
19
35
20
40
15
1
23
19
15
22
39
10
3
11
14
20
11
11
25
12
7
28
23
10
49
11
16
16
16
18
51
22
6
19
24
31
25
34
17
41
43
9
32
31
42
68
28
56
67
11
12
28
50
7
36
22
30
19
49
20
9
84
25
35
18
23
26
16
37
6
26
14
15
39
27
8
8
26
16
13
21
16
20
9
26
18
30
9
29
9
18
3
44
11
24
38
68
24
16
15
36
27
28
25
36
28
0
6
28
20
20
31
11
25
18
37
13
8
36
35
54
