4
2
4
0
2
2
2
0
4
2
2
2
2
2
2
2
2
0
4
0
2
2
2
2
0
2
2
2
4
0
0
2
2
0
0
0
0
2
2
0
0
2
2
0
0
2
0
2
2
2
2
2
0
0
2
0
0
2
0
2
4
2
0
0
0
2
2
2
0
2
0
2
2
2
2
2
0
0
2
2
2
2
2
2
0
2
2
2
2
0
2
0
0
0
0
0
2
2
0
0
2
2
2
0
2
2
2
0
2
2
2
4
2
2
2
2
2
2
2
0
0
2
2
2
2
2
2
2
2
0
2
2
0
0
2
4
0
0
0
0
2
4
2
2
2
2
0
0
2
2
2
2
2
2
4
0
0
2
0
0
0
2
0
2
2
0
2
2
0
2
2
2
0
2
0
0
0
4
0
2
2
2
2
2
0
2
0
4
2
2
0
2
2
0
0
2
2
2
0
2
2
2
2
2
2
2
0
2
2
2
2
0
2
4
2
0
0
4
0
0
0
0
0
2
0
2
2
2
0
2
0
0
0
0
0
2
0
0
0
2
4
2
2
2
0
0
2
2
2
0
2
0
0
2
2
2
2
2
2
0
2
0
2
0
2
4
0
2
2
2
2
2
4
0
2
2
2
0
0
2
2
0
2
2
0
4
2
2
2
0
2
0
4
2
0
4
0
6
0
2
6
2
0
2
2
2
0
0
0
4
0
0
0
2
0
2
4
2
2
2
2
2
0
0
0
0
0
2
0
2
0
0
2
2
2
4
10
0
0
0
2
2
2
0
0
0
0
2
0
0
4
0
2
2
0
2
2
0
0
2
2
2
0
2
2
2
0
2
0
4
2
2
2
2
2
0
2
0
2
2
2
0
0
0
2
2
2
2
2
0
2
2
2
2
2
4
0
0
2
0
0
0
0
2
0
2
0
2
0
2
2
2
0
0
0
0
0
2
2
2
4
2
6
2
4
0
0
0
0
2
2
0
0
0
2
2
0
2
0
0
0
2
0
4
0
0
2
0
4
2
4
0
2
2
0
2
0
2
2
2
0
0
0
2
0
2
2
0
4
0
2
2
4
2
0
0
2
2
2
0
0
0
2
2
0
2
2
0
0
2
2
2
4
0
2
0
0
2
2
0
4
0
4
0
2
0
0
4
0
0
0
2
0
0
0
0
2
4
0
0
2
2
0
2
2
0
2
2
0
0
0
4
0
0
0
2
0
0
2
0
2
2
0
0
2
0
0
0
2
2
0
0
2
8
0
0
2
2
2
0
0
0
0
0
0
0
2
2
2
2
2
0
2
0
0
0
0
2
2
2
2
2
0
4
2
0
2
0
4
4
0
2
2
0
4
0
0
2
4
0
4
0
0
4
0
0
2
0
2
2
8
4
0
2
2
2
0
0
0
0
0
2
2
0
0
2
0
0
0
4
0
2
2
2
0
6
4
2
2
4
0
0
2
2
6
0
0
6
4
0
0
0
2
2
0
0
0
0
2
0
0
2
2
2
0
4
4
2
0
0
0
2
2
4
2
2
2
2
0
0
2
0
2
0
0
2
2
0
2
2
2
2
2
2
4
2
2
4
4
2
2
8
2
2
4
2
0
6
4
0
2
0
2
2
2
4
2
2
0
2
4
2
0
0
4
8
0
4
0
4
0
6
0
0
2
0
2
8
0
2
2
0
2
2
2
0
4
0
0
2
4
4
0
0
6
2
0
2
0
2
2
2
0
0
2
0
0
6
0
2
0
2
0
6
0
4
4
0
8
2
6
0
2
2
2
0
2
0
4
0
2
2
0
0
0
0
2
0
0
0
2
2
0
2
2
6
0
0
2
4
2
0
0
2
0
0
0
2
2
0
2
0
0
2
2
2
0
4
0
0
4
2
4
8
0
4
0
2
0
2
0
0
2
6
2
2
0
2
2
0
4
0
0
6
2
2
0
2
0
0
0
0
0
2
41
37
70
38
29
30
26
35
93
25
17
51
64
62
55
40
34
69
22
49
55
51
74
54
86
75
60
47
32
29
33
31
51
31
47
57
49
82
34
51
29
32
29
43
36
56
64
42
66
29
45
36
33
47
38
37
44
38
65
77
80
49
79
37
22
46
36
37
35
52
28
46
53
75
80
53
26
32
64
17
75
57
50
76
74
38
29
70
57
26
19
29
41
64
61
58
66
72
42
42
35
33
18
25
60
62
82
66
49
35
59
33
47
29
24
28
26
73
71
74
21
46
48
39
58
35
21
34
49
58
50
45
70
53
57
57
32
29
27
36
22
67
73
65
78
47
38
49
39
41
15
26
47
56
44
19
36
63
77
44
34
20
33
34
22
32
64
53
30
16
48
51
49
24
39
22
21
42
49
33
47
58
45
40
40
38
36
84
24
19
16
21
35
38
65
44
29
27
21
28
14
17
53
55
39
49
79
35
35
31
32
31
22
16
45
92
37
39
49
21
45
29
30
31
21
36
46
45
36
63
62
67
30
34
18
18
14
25
72
68
42
49
26
81
31
30
35
22
20
36
66
68
36
58
24
78
29
35
32
33
38
53
42
40
50
54
34
55
35
42
74
32
36
57
66
78
57
49
24
27
33
19
12
16
25
37
75
48
6
10
4
2
6
2
4
8
2
0
6
0
6
6
8
6
4
6
2
8
6
2
8
4
8
4
10
6
4
4
8
6
4
6
6
2
2
0
0
0
6
0
2
4
0
6
6
8
2
6
0
6
2
0
8
8
4
6
2
8
2
0
2
2
2
2
2
0
0
0
4
2
2
0
0
4
0
2
10
2
0
8
0
0
2
4
2
6
2
4
2
8
2
6
2
10
4
0
2
8
2
2
4
2
0
4
2
0
0
2
2
6
4
2
8
0
4
2
2
6
2
10
2
6
4
2
8
2
4
0
4
2
2
8
2
2
4
4
2
44
2
2
63
8
0
6
8
2
6
2
2
2
8
48
6
4
0
4
50
8
4
4
2
10
57
12
2
2
2
4
6
6
2
10
4
8
10
12
4
2
2
2
6
2
2
6
6
44
10
4
2
4
4
8
2
8
8
2
4
4
10
4
6
4
8
2
2
6
4
0
8
4
56
2
0
6
4
4
6
4
8
33
4
4
8
8
10
2
2
2
2
2
65
2
6
4
6
49
2
0
4
9
0
2
2
4
2
10
4
6
6
10
6
10
6
6
0
6
6
6
6
4
2
6
2
8
8
4
4
0
2
10
0
6
6
0
8
6
4
6
4
2
6
6
6
10
4
10
6
2
3
1
4
10
6
3
5
6
6
4
6
8
5
1
5
3
6
2
1
4
0
9
9
4
0
3
4
3
2
1
4
5
5
4
6
2
1
2
3
6
2
3
5
6
6
1
3
4
6
3
6
11
6
6
2
2
3
3
1
1
1
0
2
1
0
6
3
4
6
5
6
1
4
8
9
6
4
1
2
3
1
2
0
0
0
4
3
2
5
6
3
3
2
3
5
6
5
2
4
7
3
2
3
7
6
5
5
6
6
4
10
2
5
2
7
5
7
7
7
2
5
6
8
7
5
4
2
8
7
8
5
0
3
4
7
6
6
3
7
9
5
6
7
3
6
5
6
2
8
5
2
5
5
10
8
2
5
6
7
4
9
5
4
5
2
2
3
1
1
4
4
5
1
2
6
5
3
2
5
3
2
4
2
4
2
2
5
5
1
2
4
12
6
6
4
2
5
5
2
3
2
3
1
2
2
3
3
1
2
0
6
3
4
1
2
3
4
5
2
1
2
5
1
3
2
2
2
5
3
2
2
13
4
5
2
2
4
2
3
3
7
2
2
6
1
1
9
1
4
6
4
2
3
5
4
1
2
3
6
4
4
7
3
5
2
1
7
4
3
2
3
3
2
4
5
3
3
3
0
5
2
4
1
5
3
4
0
4
0
4
4
2
4
0
0
4
0
0
0
0
2
0
0
4
4
2
2
2
0
2
0
0
0
2
6
0
4
4
4
2
4
6
2
6
2
0
6
6
6
4
2
2
2
2
0
0
2
0
2
0
4
4
2
2
0
4
4
2
8
2
4
6
0
0
6
2
0
0
4
2
0
0
0
2
0
6
2
4
2
2
2
2
0
2
0
2
0
2
2
0
2
0
4
0
0
0
2
2
2
10
0
2
6
2
4
2
4
2
2
8
4
4
8
2
4
14
0
2
4
4
2
0
0
2
16
2
6
2
2
4
6
6
4
2
0
0
0
2
0
2
2
4
2
6
4
2
0
6
2
0
2
6
2
8
2
4
4
2
0
4
0
6
2
2
4
2
0
0
6
2
4
0
0
4
2
0
10
4
0
2
4
4
2
4
4
4
4
4
0
4
0
4
4
6
4
6
2
4
2
0
8
4
2
4
0
4
6
2
2
4
4
2
6
2
6
2
2
2
2
4
4
2
2
2
6
2
2
6
4
2
4
42
4
4
4
2
2
2
6
8
2
6
2
2
4
4
2
6
8
4
2
4
8
0
2
6
8
0
2
2
0
6
4
0
4
2
0
2
2
6
2
0
2
2
4
4
2
6
0
2
2
2
2
2
32
32
11
21
21
23
13
26
17
21
17
13
9
13
15
25
15
32
11
25
29
23
42
34
27
27
23
19
11
21
17
30
25
19
15
34
21
30
19
48
23
19
25
6
40
21
30
17
14
17
15
25
21
25
23
46
25
34
22
19
25
17
44
29
27
13
40
15
25
2
21
27
23
19
27
23
17
10
38
13
19
21
30
47
23
17
42
34
34
32
29
32
23
23
28
25
38
40
17
17
13
26
21
25
30
21
17
19
19
27
33
25
28
36
30
32
19
53
26
36
27
53
15
30
42
50
19
46
15
46
40
35
55
21
30
25
13
15
8
17
11
11
34
11
15
13
25
15
25
23
15
11
11
23
17
23
8
21
11
17
17
8
13
25
9
8
12
9
13
11
10
8
11
13
6
11
15
13
15
11
10
8
17
8
19
11
11
15
8
13
17
10
11
6
13
6
9
10
12
6
13
21
17
11
9
15
13
11
23
13
15
13
23
12
11
19
17
17
13
11
6
19
17
15
19
10
9
17
9
11
13
23
13
19
9
21
19
13
13
17
6
8
21
19
19
13
13
13
15
13
13
17
17
11
15
10
10
11
8
19
21
12
15
29
49
23
15
21
34
27
13
19
23
11
31
25
15
15
11
8
23
8
17
35
25
25
36
19
11
6
6
11
9
4
6
8
8
7
11
13
9
10
9
4
8
9
6
4
11
10
10
9
76
12
4
7
10
11
11
10
7
8
9
9
4
8
9
6
6
9
10
13
9
11
6
9
15
13
10
11
10
11
11
9
13
6
6
15
13
15
11
13
21
4
11
10
11
9
17
13
26
23
15
13
8
9
15
9
11
17
11
14
10
6
8
4
10
6
9
8
9
6
10
15
24
15
8
8
11
5
13
9
10
15
7
9
19
10
15
16
11
15
13
13
10
17
11
13
17
11
19
7
21
17
13
32
17
28
9
11
42
13
17
19
13
15
13
13
28
8
22
18
13
21
13
11
9
11
8
9
6
11
13
14
25
9
11
13
11
11
11
21
11
10
31
18
17
10
9
4
9
11
9
18
24
32
9
32
13
13
28
21
13
11
12
9
17
6
13
14
17
8
16
22
19
18
17
19
9
8
7
9
11
11
11
22
13
9
6
15
11
15
6
14
7
17
14
11
8
6
11
11
12
6
11
11
8
13
13
13
9
12
9
9
11
11
19
13
11
68
11
15
12
12
9
9
13
13
4
15
11
15
10
8
7
6
11
13
11
11
8
7
15
6
13
9
11
6
13
13
9
9
11
7
7
6
7
15
13
11
11
11
15
6
18
14
3
0
1
0
5
5
3
7
3
1
3
5
3
1
1
0
5
5
0
0
5
1
3
0
1
3
0
1
1
3
5
3
1
1
3
1
1
1
0
1
0
5
0
5
3
1
3
3
1
1
1
0
3
3
1
1
5
0
0
3
3
0
7
1
1
3
3
1
1
3
1
1
0
3
3
0
5
1
0
3
3
3
0
3
5
3
3
1
1
0
3
7
0
1
1
3
3
7
0
1
3
3
1
1
5
1
0
1
0
0
0
1
3
1
1
1
1
3
3
0
3
5
1
0
1
1
1
3
5
3
3
1
1
5
5
3
1
3
0
5
3
1
1
1
0
1
3
3
1
3
3
5
0
1
3
1
1
1
0
3
1
3
1
0
3
1
3
5
1
0
0
1
3
1
0
3
0
1
3
5
3
5
1
1
3
3
1
3
0
3
1
3
0
1
1
1
1
1
0
5
3
1
0
1
1
1
0
3
3
1
1
1
3
5
1
1
1
1
7
5
0
0
3
3
1
0
5
3
1
3
3
3
3
1
1
1
5
1
5
3
3
5
0
5
5
3
1
1
3
3
1
5
3
5
1
3
1
1
0
3
3
1
5
1
5
3
5
3
1
1
1
3
7
5
1
7
5
3
0
1
1
3
3
5
5
5
1
5
