8
8
8
13
9
6
9
5
8
3
23
7
14
4
65
10
5
9
12
4
22
15
14
4
12
9
4
4
6
4
7
9
6
5
8
4
4
8
4
2
5
8
5
5
9
4
3
12
6
7
4
6
4
11
7
9
7
7
4
16
4
9
6
3
10
13
9
5
18
4
5
4
14
6
17
7
6
78
9
5
11
7
18
4
73
6
45
6
9
12
8
4
82
9
9
5
15
5
9
8
6
5
20
5
13
7
6
7
78
6
18
14
10
2
8
11
4
11
74
21
9
74
11
15
2
11
16
17
9
11
6
25
9
8
39
2
6
12
7
7
13
12
14
7
4
26
9
6
13
5
13
7
4
9
4
11
2
7
8
6
13
18
87
11
4
4
4
2
6
8
6
6
11
15
8
14
4
8
10
12
5
5
12
2
7
4
6
9
60
11
11
12
4
11
11
5
6
2
9
6
8
11
4
4
2
10
9
9
8
8
4
10
15
12
7
7
43
7
4
15
6
21
8
12
3
5
52
3
12
13
9
11
4
11
12
4
24
8
11
11
13
4
6
6
53
9
13
9
30
15
11
10
6
5
12
11
11
15
39
11
9
11
4
9
14
9
5
47
11
8
8
15
31
4
3
3
6
7
10
5
6
8
6
12
7
9
7
45
2
0
0
0
2
2
2
0
8
0
2
0
4
0
2
0
2
0
4
0
4
0
2
0
2
4
0
0
0
0
2
0
0
0
0
2
0
0
2
0
2
4
2
6
0
2
0
0
2
2
2
2
0
0
0
0
2
6
2
0
0
2
0
2
0
0
0
4
4
0
0
4
0
2
4
8
0
2
2
2
0
4
0
0
2
4
0
0
2
0
0
2
0
4
2
0
2
0
2
4
0
0
2
0
0
0
2
4
0
0
2
2
0
2
2
0
0
2
0
6
4
0
2
0
0
2
0
2
0
2
2
0
2
2
2
2
2
3
2
2
0
2
0
0
4
2
2
0
4
0
2
8
2
0
0
0
0
2
2
0
0
2
0
0
2
0
6
2
0
0
0
2
4
0
0
2
0
6
0
2
2
6
2
0
2
2
2
2
0
4
2
2
0
4
0
0
0
2
0
2
2
0
2
0
4
2
0
0
2
0
2
0
0
0
0
6
2
2
0
4
2
2
2
2
0
0
0
2
2
0
4
6
0
2
2
4
2
4
6
0
0
0
0
2
4
4
0
0
0
4
0
2
2
0
0
0
2
2
0
0
2
2
2
2
0
4
0
0
0
2
0
4
0
0
6
0
2
0
0
0
6
0
0
2
0
2
0
0
11
30
25
8
10
11
21
11
40
17
8
15
17
17
21
10
11
13
8
20
21
28
21
14
10
15
8
10
15
24
9
10
13
5
17
16
13
13
7
15
11
15
7
13
30
14
9
8
2
33
8
9
15
8
23
8
0
4
13
14
23
4
4
9
17
10
9
15
6
18
15
8
19
21
15
17
10
21
15
28
11
15
25
10
12
14
6
7
19
6
13
14
24
31
9
17
15
15
25
15
13
11
19
11
23
15
25
21
38
15
13
8
22
7
21
29
5
16
13
21
15
19
15
14
7
10
12
13
11
7
13
0
0
0
0
0
0
0
0
0
0
0
0
0
0
0
0
0
0
0
0
0
0
0
0
0
0
0
0
0
0
0
0
0
0
0
0
0
0
0
0
0
0
0
0
0
0
0
0
0
0
0
0
0
0
0
0
0
0
0
0
0
0
0
0
0
0
0
0
0
0
0
0
0
0
0
0
0
0
0
0
0
0
0
0
0
0
0
0
0
0
0
0
0
0
0
0
0
0
0
0
0
0
0
0
0
0
0
0
0
0
0
0
0
0
0
0
0
0
0
0
0
0
0
0
0
0
0
0
0
0
0
0
0
0
2
5
9
4
4
5
0
8
6
6
7
7
7
7
7
0
4
2
4
6
6
7
6
7
9
7
7
13
4
7
2
7
7
13
9
5
9
4
6
2
6
5
14
5
4
5
5
5
9
2
6
9
7
5
9
4
6
11
4
6
7
4
5
5
6
7
11
2
6
21
7
15
5
6
7
9
7
13
13
4
6
5
8
9
5
7
9
4
5
4
9
6
11
18
6
7
9
9
13
16
6
6
13
4
9
11
5
9
5
9
7
7
5
11
83
7
4
4
9
5
6
5
7
2
7
11
6
7
7
4
3
7
4
4
9
9
7
9
6
5
11
5
7
9
13
7
11
7
5
9
7
9
7
7
9
9
14
9
7
9
7
9
7
7
16
14
11
9
6
13
7
7
13
11
7
15
4
16
5
6
13
19
18
11
5
13
15
17
9
14
15
8
14
7
27
12
22
10
6
13
21
15
20
27
9
20
30
22
16
15
13
4
14
29
7
14
22
18
22
24
13
15
16
13
7
11
7
11
16
12
9
6
20
13
7
14
17
16
9
16
18
21
24
9
9
5
12
6
14
19
9
13
18
9
11
7
11
4
7
5
8
7
5
14
9
9
11
14
4
4
7
7
13
9
7
9
13
4
11
7
4
7
3
7
7
9
5
14
7
5
13
9
7
4
18
13
9
11
7
13
9
38
9
6
9
9
9
11
6
13
7
4
0
3
13
5
3
1
5
13
2
5
0
4
4
2
13
5
2
2
0
6
6
1
1
4
2
0
3
0
5
0
4
2
4
4
2
2
2
2
4
5
4
0
1
2
1
5
0
4
5
2
4
2
0
0
4
2
2
4
0
5
2
4
2
2
0
7
3
0
5
2
2
2
2
5
3
2
0
2
2
0
7
2
2
0
1
0
1
4
7
4
2
2
0
3
5
2
2
2
4
2
1
1
5
2
0
2
0
2
2
2
0
4
0
2
13
0
5
4
2
2
4
0
2
1
6
5
4
4
7
2
2
7
2
0
4
0
4
7
2
4
5
7
4
4
2
7
4
0
2
0
0
2
0
2
2
2
4
5
2
4
2
0
2
0
0
1
2
0
4
2
2
15
0
2
0
6
4
2
2
2
4
3
4
11
4
4
0
4
0
5
11
6
0
5
5
4
0
4
2
2
3
2
4
4
15
2
11
4
2
4
9
5
0
2
1
4
5
2
2
2
13
4
2
6
2
2
4
2
25
13
2
2
5
7
3
6
6
0
0
5
5
0
0
4
5
4
6
0
2
0
13
2
0
2
7
2
0
6
4
1
2
11
0
5
2
3
4
7
0
2
2
4
2
7
7
4
4
7
2
27
2
4
2
2
4
2
2
34
24
31
56
50
23
47
33
46
45
60
54
38
29
17
31
41
43
50
23
47
47
42
44
48
37
46
23
53
38
46
31
49
47
49
45
41
44
48
17
48
42
36
39
40
40
26
31
35
48
39
44
61
32
42
35
41
22
37
44
34
46
44
35
27
39
48
43
35
41
43
40
37
36
41
34
31
36
38
25
29
42
44
46
24
36
41
26
37
31
58
38
31
40
25
34
35
42
22
46
34
36
38
42
45
39
43
39
46
47
40
45
34
33
29
39
39
43
24
25
35
28
45
37
35
37
34
41
38
44
41
38
26
29
41
42
43
37
34
39
44
39
41
36
44
41
48
33
36
39
38
36
49
34
34
38
41
43
31
36
35
33
26
37
49
29
43
41
53
42
34
39
41
32
29
38
49
48
41
37
22
44
41
36
33
35
38
41
39
40
26
22
33
26
27
62
27
20
40
46
48
44
40
41
44
41
35
49
26
33
28
38
44
46
46
34
36
50
32
32
44
37
28
46
28
42
42
42
45
40
40
39
44
40
40
49
47
38
31
40
38
39
40
28
34
42
37
41
33
40
47
47
39
41
39
39
38
42
42
35
35
20
42
42
32
38
48
41
44
36
32
45
38
36
45
24
44
25
44
45
41
48
46
42
22
41
45
48
22
7
7
6
7
17
12
13
15
13
27
16
15
11
17
15
11
13
23
19
11
17
2
26
12
25
20
9
23
13
17
13
9
8
11
7
0
17
13
17
11
13
15
17
23
16
13
8
24
34
28
12
18
28
29
38
24
30
19
27
35
23
37
21
49
25
24
20
38
36
42
53
57
41
38
33
49
30
40
66
48
46
61
35
54
47
57
79
34
36
57
49
26
54
41
47
59
55
49
31
44
59
43
28
55
25
55
63
38
66
46
37
30
72
44
75
48
49
46
44
26
43
60
41
42
41
58
66
60
64
51
39
49
60
52
70
47
58
55
30
22
57
58
39
47
64
49
64
36
72
67
69
55
63
69
69
49
28
58
68
62
55
34
43
35
77
60
77
59
53
37
80
31
64
67
87
64
65
49
64
40
57
66
65
63
32
23
59
58
64
62
70
32
78
53
60
72
16
34
63
66
40
72
35
28
30
50
49
59
42
21
37
30
32
41
23
53
24
47
30
30
40
21
56
27
19
55
32
39
35
43
55
45
32
46
53
18
59
34
26
58
26
38
26
25
25
14
37
17
17
7
21
27
13
18
22
18
9
19
17
19
16
28
11
17
23
15
13
24
17
12
25
6
17
21
17
26
28
28
15
20
11
19
26
21
17
15
12
39
0
1
44
0
0
0
0
0
0
6
39
35
0
44
0
51
0
0
0
0
0
4
34
28
25
45
0
0
0
0
0
0
0
57
48
48
40
0
0
0
0
0
0
0
0
5
37
24
66
54
0
0
0
0
0
0
0
1
1
33
56
38
75
0
0
0
0
0
0
4
28
68
0
2
69
0
0
0
0
0
0
3
4
75
43
1
73
0
0
0
0
0
0
3
29
35
31
32
37
47
0
0
0
0
0
3
0
2
36
26
2
0
0
32
60
67
0
37
12
39
0
25
2
42
0
0
0
0
0
3
2
19
67
25
0
1
30
0
0
0
0
3
41
20
0
28
24
2
28
4
20
0
0
3
35
0
0
50
0
5
17
19
67
0
0
44
19
44
61
56
0
0
0
0
0
0
0
3
43
66
0
16
0
0
24
1
22
0
0
0
33
38
30
2
2
0
23
46
0
0
0
61
39
19
33
0
0
0
0
0
0
0
0
63
0
18
24
28
2
0
18
0
0
0
0
3
0
30
40
33
0
0
54
2
34
66
0
5
30
65
2
0
0
0
0
29
0
32
0
3
2
19
26
31
35
0
0
0
0
0
0
5
25
41
0
51
0
1
2
28
13
25
0
38
15
2
68
74
0
0
0
0
0
0
0
34
35
2
2
4
0
8
8
4
4
4
6
4
6
2
2
2
0
2
6
6
0
2
4
4
4
2
0
2
0
8
4
4
2
6
8
6
0
4
4
4
0
4
2
2
4
2
2
4
0
2
4
0
2
6
2
2
6
4
6
2
0
0
4
4
4
10
4
2
4
10
2
4
0
0
4
0
2
2
2
2
2
4
6
6
0
4
0
4
2
2
4
0
2
2
0
4
2
2
2
2
0
0
4
6
2
4
4
6
4
2
2
6
0
4
10
4
2
2
2
2
0
6
4
2
0
0
2
4
2
4
0
4
0
0
4
2
2
0
4
2
6
4
4
2
0
0
0
4
0
6
2
6
6
2
4
0
2
2
4
4
0
2
2
2
6
6
6
6
0
4
4
2
0
4
8
0
6
2
4
2
2
2
4
4
6
2
4
2
6
4
2
2
0
0
2
0
2
0
10
0
8
6
4
6
0
4
4
6
0
2
2
6
4
0
4
2
4
0
4
4
6
4
0
2
4
4
4
2
0
2
2
0
4
0
0
0
0
0
0
2
0
0
0
2
0
0
0
8
8
6
0
0
2
2
0
2
2
2
6
0
0
0
2
0
0
6
0
0
0
2
4
2
8
0
2
4
0
0
4
0
0
0
0
0
0
2
0
2
0
3
11
10
0
1
3
0
16
1
10
10
4
2
3
1
8
0
3
11
5
0
11
3
0
6
18
6
0
3
26
0
8
0
13
0
40
5
23
16
0
17
1
0
5
1
4
3
2
0
7
15
16
0
18
8
3
9
2
19
3
12
3
17
3
9
0
2
17
13
0
16
3
13
0
1
10
13
0
1
9
0
6
14
4
9
0
13
0
14
1
35
10
5
8
3
18
3
10
4
13
0
1
0
9
17
0
4
25
14
10
3
0
18
6
1
9
12
0
23
1
40
0
11
1
20
2
23
0
8
0
16
5
9
3
2
0
12
8
0
9
0
22
25
12
3
21
2
19
1
3
0
1
0
11
0
16
6
17
1
12
8
0
14
1
16
4
16
11
0
1
1
8
17
3
0
5
17
0
12
1
23
3
13
1
1
1
1
15
1
4
22
0
3
16
3
0
1
26
1
0
0
11
4
5
0
2
9
13
1
48
4
12
22
11
13
17
3
17
5
14
4
0
0
18
1
12
6
0
8
10
0
0
2
0
22
1
3
0
6
1
1
12
1
3
9
0
3
4
0
0
5
2
2
1
11
6
0
4
1
3
3
0
4
3
0
0
0
0
4
6
5
1
3
4
5
0
0
5
0
2
0
0
4
0
1
9
0
5
