6
8
6
10
6
6
10
7
6
8
8
6
6
6
8
8
6
8
7
6
8
9
6
4
6
6
6
8
6
8
6
6
6
6
4
6
6
6
6
9
8
9
6
6
6
6
7
6
8
9
5
8
7
6
8
8
10
8
8
7
10
6
6
6
6
8
6
6
6
6
4
5
10
10
8
6
9
5
10
8
8
6
7
10
6
8
6
4
6
6
7
8
5
9
12
6
8
10
8
4
8
7
6
10
8
6
8
10
6
6
8
8
8
6
8
6
7
5
6
8
8
6
6
8
7
6
6
6
5
8
6
8
6
6
6
6
9
8
5
7
6
5
6
8
8
8
6
6
7
8
5
6
4
6
6
6
10
6
8
8
6
4
6
6
8
6
9
8
8
10
4
8
8
6
8
6
8
6
6
10
6
8
6
9
12
6
6
10
8
6
6
10
6
6
6
8
6
6
6
6
10
6
6
6
4
7
4
8
8
5
6
6
6
8
6
6
6
10
6
8
6
6
8
8
6
10
6
6
10
6
10
7
6
10
6
10
6
6
5
7
10
8
6
6
8
8
8
4
8
6
6
6
8
10
6
8
6
6
8
8
6
8
4
8
5
8
8
8
5
8
10
6
5
8
7
8
10
7
7
4
10
10
6
8
11
9
7
6
2
12
12
8
6
10
4
6
2
8
10
18
6
2
6
2
10
14
6
6
6
0
8
2
8
4
2
4
4
4
4
14
8
2
17
6
4
14
4
4
6
4
4
14
0
6
6
6
8
12
6
6
2
8
8
2
8
4
6
4
4
8
8
8
6
8
4
4
8
6
8
8
8
4
12
12
10
19
19
12
12
12
12
14
20
10
14
21
10
17
14
21
6
18
25
29
4
10
8
8
19
45
19
16
8
14
21
14
8
10
10
10
8
16
10
12
12
14
8
14
18
6
10
6
6
10
15
19
18
14
16
12
12
12
16
23
14
8
14
8
19
14
14
20
14
14
10
14
21
16
21
14
16
16
23
18
29
15
20
19
14
14
23
15
23
19
23
16
21
23
33
25
14
19
12
8
35
14
18
23
31
12
35
16
6
35
4
27
37
16
20
27
8
19
10
29
10
4
21
10
8
25
12
10
27
8
16
10
12
6
10
21
19
12
10
8
18
23
6
18
12
22
19
12
14
16
31
16
23
8
10
16
18
14
6
10
6
14
14
8
10
14
10
16
18
4
17
6
16
8
14
12
14
6
4
19
0
2
12
4
19
14
6
10
6
8
4
12
6
4
2
10
14
4
10
6
2
4
6
8
14
6
2
8
10
8
8
4
13
6
11
10
11
13
8
10
4
4
6
6
8
9
10
15
11
9
4
11
9
4
6
6
8
6
8
4
11
6
6
4
6
4
4
4
6
8
4
6
8
6
6
6
6
7
6
4
8
2
6
6
4
4
7
2
4
4
8
2
8
6
6
4
13
11
6
8
6
6
4
6
9
2
4
6
13
8
9
8
4
6
10
19
4
4
6
8
8
6
6
4
6
19
4
10
2
7
4
21
4
8
8
2
11
13
8
2
11
6
8
9
11
6
2
13
15
11
6
6
6
6
9
6
2
11
11
4
8
6
8
4
10
6
6
15
13
11
6
8
19
11
8
11
11
4
13
4
6
17
4
8
13
8
6
4
13
8
15
13
6
8
6
9
6
6
8
8
19
6
7
6
6
6
9
6
9
8
4
6
4
13
6
7
7
10
9
6
8
8
4
4
15
11
15
24
15
13
19
11
9
11
8
6
10
8
11
15
6
11
15
4
13
6
7
9
13
7
6
13
11
4
13
9
2
6
7
4
2
9
4
4
6
8
8
6
8
4
6
4
6
4
6
6
4
6
15
0
4
7
4
4
9
0
4
4
4
4
2
4
13
0
0
10
2
6
2
2
4
2
0
4
4
4
0
2
4
2
2
0
0
0
4
2
4
2
0
2
13
13
19
7
11
15
17
5
9
5
7
13
5
3
5
13
13
13
5
9
11
7
7
17
13
15
7
9
5
9
9
9
7
7
7
9
3
19
5
9
5
9
5
5
3
13
9
5
11
19
11
11
13
9
13
15
9
13
7
9
5
13
11
11
17
9
7
5
13
9
7
7
21
17
15
5
9
9
13
5
17
5
13
9
7
15
17
3
7
17
11
5
19
3
5
7
11
11
15
15
7
11
11
19
13
9
13
15
11
13
11
17
15
9
27
9
21
11
13
7
17
31
17
13
17
19
17
23
19
13
17
23
13
21
11
15
19
17
9
13
19
25
13
23
33
11
23
29
17
27
11
15
13
13
9
11
17
19
11
27
27
13
17
7
13
11
23
25
17
29
11
9
19
25
13
21
15
17
23
36
35
9
13
31
9
56
13
17
13
9
9
21
9
25
7
13
15
15
9
5
5
17
7
52
23
15
13
21
19
23
13
31
3
31
11
13
5
5
11
5
13
3
11
9
11
23
5
3
5
7
13
15
15
9
9
19
5
13
7
9
17
19
5
13
11
25
13
7
11
9
13
11
9
3
11
3
17
15
17
5
13
9
25
9
19
9
17
11
15
3
19
13
29
11
13
11
5
15
11
11
11
23
7
23
11
7
7
21
7
15
15
1
5
13
20
18
7
11
7
7
9
5
3
7
3
5
9
3
7
1
5
7
9
5
7
7
9
13
11
11
9
9
11
9
7
5
7
5
13
7
3
5
14
13
9
11
3
7
9
10
9
5
5
5
7
13
11
15
11
24
7
9
11
17
16
5
5
7
15
7
11
9
13
7
3
13
5
5
7
17
5
13
13
9
20
9
7
9
17
9
15
9
11
13
11
22
5
11
23
9
11
12
15
7
19
11
9
15
9
9
5
19
13
26
13
11
7
13
13
15
11
7
12
1
13
13
11
18
13
15
28
11
9
20
15
11
16
3
19
11
22
19
15
9
7
13
7
11
20
12
7
19
20
19
11
11
16
13
13
15
15
15
16
9
28
3
13
11
15
7
11
1
15
11
7
16
7
16
15
11
9
18
17
5
17
5
20
13
8
24
16
17
15
9
13
11
7
23
9
15
7
17
9
26
11
11
15
18
18
5
9
5
7
13
19
11
9
7
5
18
7
9
11
7
13
5
67
9
15
14
15
18
7
21
7
19
13
17
9
13
15
19
5
19
13
22
7
23
13
25
22
23
15
5
7
22
21
5
21
11
15
9
9
5
7
11
3
3
11
5
13
19
17
13
19
12
3
24
18
5
9
19
8
11
25
11
47
43
49
46
79
50
43
48
50
60
48
53
49
48
86
46
91
92
48
47
55
77
41
75
49
44
47
44
60
46
44
50
47
88
47
47
87
84
85
44
51
49
32
54
45
49
44
56
64
48
90
46
55
66
44
49
49
59
86
95
45
44
49
45
46
92
42
88
48
49
85
48
48
45
50
46
88
55
43
54
49
49
49
44
54
45
46
48
49
47
35
49
90
49
47
92
53
34
53
52
68
88
37
50
47
76
93
51
45
46
70
47
91
50
53
35
41
87
46
54
49
44
49
35
51
51
55
45
49
49
70
51
72
45
49
45
49
47
46
49
47
46
47
49
45
48
48
43
51
46
34
46
51
47
46
47
47
44
47
45
65
61
53
45
46
50
44
65
46
45
46
44
81
49
87
46
48
43
49
48
32
33
50
41
46
45
47
80
83
35
57
63
70
40
75
45
47
45
49
55
81
41
47
47
53
46
49
39
59
37
77
46
49
45
45
33
71
40
65
59
45
60
49
89
34
33
46
59
47
46
47
42
49
82
49
46
48
46
49
49
62
46
71
35
47
76
49
46
49
37
47
47
61
47
65
31
45
68
54
48
67
39
52
49
89
33
93
46
91
49
64
44
69
39
49
47
91
45
94
47
65
80
86
97
48
45
47
51
58
17
10
8
23
23
8
6
29
10
8
27
6
10
8
4
25
14
6
19
33
10
10
25
12
10
23
12
25
6
6
41
10
10
6
12
29
31
29
10
31
8
4
10
16
41
18
18
10
27
12
14
29
14
33
15
10
20
33
14
43
16
14
25
18
21
10
33
23
35
35
8
8
37
35
41
23
10
31
18
12
8
14
14
8
17
10
21
14
27
43
29
47
43
37
29
33
29
12
25
29
18
27
16
14
29
41
21
39
27
18
23
33
25
53
53
18
37
33
33
33
33
31
51
43
64
33
58
29
41
33
12
23
14
23
39
20
33
16
35
18
6
19
10
27
23
8
10
12
25
40
35
25
8
21
23
16
37
27
27
33
19
10
19
49
14
10
16
20
8
8
16
35
35
55
14
37
58
39
47
23
14
10
18
74
20
21
10
20
43
37
6
23
12
8
8
18
10
16
12
21
33
20
31
37
14
72
16
27
12
39
20
16
10
12
27
31
20
43
14
25
16
10
14
4
12
14
8
18
14
29
16
10
14
31
22
25
16
31
16
8
8
10
10
4
12
29
8
14
8
4
4
8
6
21
12
10
10
12
8
12
8
4
14
6
19
18
8
20
10
8
23
6
4
8
8
10
6
16
27
16
4
4
14
6
10
2
6
17
17
17
19
19
17
19
17
16
15
19
19
17
17
17
17
19
17
17
17
17
19
19
19
17
17
15
19
19
17
19
15
17
17
19
19
19
19
17
19
19
17
19
17
17
17
19
17
17
17
17
17
19
17
17
15
17
17
17
19
17
17
19
17
19
15
17
15
19
19
17
19
19
19
17
17
19
17
17
19
15
15
17
17
15
19
19
19
19
17
17
19
19
19
17
17
17
17
19
19
17
17
17
17
15
19
19
19
15
17
17
15
16
17
17
17
17
17
19
19
17
17
17
15
19
17
15
17
17
17
17
17
19
9
17
19
19
19
19
19
17
17
19
19
17
17
19
19
17
17
15
17
19
17
17
15
19
19
19
19
15
19
17
17
17
17
19
17
19
15
17
17
17
15
15
17
19
19
17
17
17
17
17
19
17
17
17
19
17
17
15
17
19
17
17
17
14
19
17
17
19
17
15
17
15
19
19
17
15
17
17
17
17
19
17
19
17
15
17
17
17
17
17
17
17
17
19
11
17
17
17
17
15
17
17
19
19
17
19
17
19
17
17
17
17
17
17
15
15
19
19
15
17
19
19
15
17
19
19
19
17
17
19
15
17
19
17
17
17
16
15
17
17
15
15
19
15
19
19
17
19
17
19
19
15
17
17
19
0
0
2
2
2
0
6
4
2
0
0
0
2
4
2
0
4
2
4
2
2
2
4
0
4
2
0
0
2
2
2
0
2
0
4
2
4
2
2
4
0
0
0
0
0
2
2
4
4
2
0
2
2
2
4
0
8
0
6
0
0
0
0
0
2
0
4
4
2
6
2
0
0
0
2
0
0
0
0
6
0
2
0
2
2
0
0
0
6
4
2
2
0
0
0
0
2
16
4
2
2
2
2
8
14
2
4
4
6
6
4
6
2
0
0
2
0
2
4
4
2
4
2
4
4
0
4
2
0
2
4
2
2
0
2
0
0
0
0
2
6
2
0
12
0
2
2
2
6
2
2
0
2
2
0
8
2
2
0
2
6
2
0
4
4
4
4
2
0
0
0
2
2
21
4
14
0
2
2
0
2
2
0
2
0
0
2
2
4
0
2
0
34
21
0
0
0
4
4
2
2
4
4
6
0
2
6
6
0
0
0
2
2
4
2
2
2
2
2
2
4
2
4
0
0
0
0
0
4
4
4
4
2
0
0
4
4
2
2
2
4
0
0
0
2
0
4
0
2
2
2
2
4
2
4
2
6
4
2
2
0
0
4
4
2
2
0
4
2
0
0
0
2
2
4
2
0
4
0
4
0
0
4
4
4
2
4
2
9
7
6
17
9
9
6
11
20
9
7
13
7
7
9
9
9
7
17
7
9
6
9
7
8
15
11
7
13
19
11
11
9
13
8
13
6
11
11
6
6
9
8
11
9
17
11
4
17
6
4
4
6
9
21
13
11
9
13
13
6
11
6
15
19
11
11
30
22
6
28
15
17
9
15
4
8
9
11
13
8
21
15
15
8
13
15
8
6
23
30
15
7
19
8
17
6
28
11
15
28
28
8
9
6
7
4
8
7
8
8
4
9
7
6
30
11
8
9
22
17
11
9
17
11
6
9
6
38
7
4
8
9
6
11
4
17
17
6
9
15
6
6
6
6
4
4
9
6
9
2
6
8
6
13
8
6
30
26
41
17
6
4
9
19
6
15
8
17
4
11
49
6
9
8
9
8
7
34
8
15
4
8
36
4
6
6
8
9
13
6
6
26
2
9
9
9
7
8
8
9
9
7
6
11
7
7
6
28
7
8
9
9
7
9
8
7
13
13
15
4
15
4
6
9
7
11
9
23
6
6
19
17
9
7
9
4
13
28
7
17
6
15
7
9
9
11
11
6
6
4
4
6
7
19
9
19
4
6
13
21
17
47
13
15
7
9
17
13
13
7
7
11
8
6
7
6
7
24
7
6
7
7
11
4
9
15
9
