0
0
4
0
0
0
4
1
3
1
12
0
0
0
1
3
1
0
1
1
8
1
0
0
0
1
1
0
1
1
0
0
0
1
0
0
1
0
0
1
3
1
1
0
1
0
0
0
0
0
0
1
1
5
2
3
0
0
0
1
9
0
1
1
3
1
1
0
1
8
1
3
3
0
3
1
1
3
0
0
3
6
1
1
3
4
1
0
1
0
1
3
0
0
0
0
0
9
0
1
0
6
1
0
0
0
2
3
3
0
14
1
1
0
0
8
4
3
1
0
0
10
9
0
0
0
3
0
1
0
0
0
0
1
1
3
0
1
1
0
3
0
1
1
10
1
0
1
1
3
7
1
3
0
0
0
0
3
3
0
0
3
5
0
0
0
1
0
1
1
2
0
3
1
0
0
1
3
0
0
0
0
0
1
0
0
0
1
1
1
0
0
0
0
3
1
0
6
0
3
0
0
1
0
0
1
0
1
1
0
1
0
0
0
0
5
0
1
3
0
0
8
1
1
5
1
1
0
1
1
1
0
1
3
0
1
3
1
8
1
0
0
0
0
3
0
1
1
3
3
1
1
0
1
3
0
0
3
0
1
0
1
3
1
1
0
1
1
0
0
7
1
0
1
0
1
8
15
3
0
3
1
1
1
1
1
3
1
0
0
0
0
5
2
9
1
1
0
4
0
4
0
1
0
0
20
0
8
0
0
1
1
1
0
1
0
0
3
3
4
0
0
5
0
0
6
6
0
0
2
0
1
5
2
1
3
0
0
0
0
2
4
0
2
0
0
0
1
3
0
0
0
2
1
2
0
0
1
0
0
1
0
0
1
1
1
0
1
0
0
0
0
2
0
11
11
1
9
12
3
0
6
0
0
4
0
1
1
0
2
2
0
9
1
0
6
3
0
3
2
3
0
1
6
12
5
3
1
0
0
0
0
1
0
0
0
0
0
0
0
3
0
1
1
1
2
0
0
5
12
10
1
1
1
4
3
0
2
5
1
0
2
5
6
1
0
13
3
4
11
5
1
11
1
4
7
3
18
3
2
1
2
7
0
3
4
1
0
3
0
4
4
1
0
1
3
1
9
1
3
5
1
1
4
1
7
5
1
9
18
0
16
4
3
3
2
4
2
0
0
1
11
3
6
2
0
4
1
5
4
1
0
0
1
5
1
4
1
0
2
11
0
2
1
0
0
1
1
0
4
0
0
4
1
1
1
1
1
1
0
1
0
0
7
0
2
13
0
3
0
0
0
0
0
3
1
0
1
2
4
0
3
1
1
2
2
2
4
5
2
16
3
1
3
0
0
15
12
17
19
9
15
17
14
13
13
13
19
15
15
12
17
29
13
17
15
35
17
6
12
17
8
15
15
13
15
17
2
11
44
4
4
19
21
19
10
21
23
8
10
11
10
17
13
4
6
15
21
8
4
17
4
4
17
6
6
6
2
4
12
23
13
8
8
6
12
13
6
12
29
19
13
10
10
12
29
8
13
13
14
14
17
13
17
12
65
21
4
9
12
14
27
12
10
13
10
14
14
12
14
9
19
19
21
25
6
15
13
19
10
15
10
35
19
7
17
25
15
14
12
15
29
11
19
10
17
17
12
10
25
27
15
27
12
21
15
15
14
10
19
19
17
12
14
12
50
10
10
30
17
23
16
10
19
12
10
27
10
29
17
18
15
19
27
15
25
17
21
19
12
19
27
21
15
25
19
19
27
23
10
11
10
19
11
23
13
21
12
17
10
12
15
25
13
17
8
27
12
19
17
8
21
8
14
10
10
11
15
22
17
12
12
15
19
21
10
7
4
13
8
8
12
8
8
8
17
21
12
4
19
9
9
24
10
13
6
17
10
2
4
4
8
9
13
10
15
8
0
8
17
7
9
8
2
0
8
0
4
4
0
4
10
2
4
8
2
2
2
0
2
0
4
4
0
2
2
0
8
8
2
4
2
4
4
6
17
6
8
17
10
12
14
6
6
4
12
8
4
4
2
4
6
6
8
2
10
4
4
24
12
6
10
29
10
6
10
8
25
18
17
18
29
8
14
20
12
10
12
18
12
14
14
8
18
14
31
16
12
39
59
18
22
16
17
53
16
14
39
31
43
8
12
16
10
12
8
18
14
18
16
12
10
18
16
12
10
14
12
6
12
24
4
8
18
12
14
22
10
8
16
14
6
22
12
14
8
18
6
33
12
8
8
18
10
24
12
18
8
29
14
18
12
18
14
16
20
29
23
16
23
29
25
18
18
18
27
22
4
14
22
29
22
37
29
8
16
16
27
14
14
27
35
35
31
35
31
8
39
27
45
10
14
8
14
16
53
39
12
29
29
8
22
47
41
22
12
25
27
35
10
49
4
10
14
25
16
20
14
57
24
27
24
10
45
16
25
20
55
37
35
33
31
6
16
6
39
61
57
71
18
41
14
59
59
71
49
21
22
12
22
12
39
39
12
35
37
20
33
37
27
18
29
18
45
33
16
10
31
18
25
8
10
10
25
16
18
4
16
16
20
6
6
22
25
4
8
12
10
12
10
10
10
12
2
8
6
12
22
14
10
14
14
20
12
12
10
20
16
20
8
12
20
12
14
24
27
8
24
26
14
8
16
17
28
14
9
17
11
10
41
11
32
26
24
21
12
22
14
21
26
11
19
16
18
26
31
19
0
16
3
18
12
30
26
22
19
36
15
16
28
33
29
22
18
13
6
19
56
20
10
6
23
23
14
26
13
14
21
12
25
26
21
22
6
11
31
7
17
8
12
11
5
17
16
16
18
24
21
22
54
36
23
19
7
13
28
21
25
25
17
72
25
0
17
18
47
29
36
25
12
23
18
20
28
21
28
11
24
16
17
23
44
22
20
26
42
10
13
10
13
16
20
10
12
9
13
61
9
13
25
13
26
14
25
9
27
29
24
17
16
24
19
32
18
9
18
14
18
20
35
40
12
17
18
36
17
23
19
20
31
30
2
17
26
20
22
12
25
31
17
16
35
21
15
12
8
29
19
15
15
18
5
20
11
15
45
11
56
16
21
23
21
15
28
15
0
32
31
22
45
35
26
18
12
20
31
13
13
11
21
22
17
23
10
11
8
17
7
8
12
6
25
7
11
5
20
9
15
13
17
11
22
63
6
14
9
20
9
9
10
49
13
40
14
20
14
6
10
44
21
20
11
20
16
8
8
10
7
6
16
17
16
11
15
12
19
17
8
9
25
31
25
18
14
19
25
13
29
3
9
23
33
19
22
27
20
17
13
15
2
2
4
2
2
0
2
4
6
2
2
4
6
2
0
2
2
2
4
0
2
0
2
4
2
10
8
6
2
4
4
0
6
0
4
4
6
2
6
0
2
6
72
4
4
4
4
6
56
2
6
4
2
2
4
8
0
4
10
2
8
4
4
0
2
2
2
4
0
4
4
0
4
2
4
4
4
6
6
2
4
4
2
6
8
2
8
4
6
4
6
4
2
4
2
4
6
2
0
2
0
4
2
4
4
2
2
30
10
6
4
2
2
6
4
6
4
2
4
64
2
4
4
2
2
6
2
17
6
2
6
4
2
4
8
4
6
8
2
4
6
6
2
4
6
4
6
6
2
6
6
4
4
4
2
4
2
4
38
4
4
36
4
6
4
4
8
4
4
4
2
6
33
4
4
4
6
4
2
4
4
2
2
2
0
6
0
2
2
2
4
2
4
2
4
4
58
2
6
4
2
6
2
8
2
2
2
0
4
4
2
2
6
4
4
4
4
8
67
0
2
4
4
2
2
2
6
2
2
6
0
8
6
4
6
10
2
4
2
4
4
4
4
4
0
4
2
2
2
4
6
2
6
4
2
6
12
4
6
4
23
2
2
4
2
4
54
2
4
6
4
2
2
2
2
4
4
6
0
2
55
2
4
2
2
4
6
2
2
2
8
6
4
0
8
6
6
4
8
4
8
6
4
4
8
6
10
10
6
10
6
12
6
4
6
8
6
8
8
4
8
4
6
6
10
2
6
4
8
6
10
4
4
8
6
8
10
6
4
2
2
6
10
4
6
4
4
6
8
6
8
12
8
6
8
2
6
6
10
2
6
4
8
4
6
10
6
6
2
10
6
8
10
8
6
2
8
6
8
0
8
4
8
4
8
4
4
8
6
8
10
4
10
6
6
8
4
4
6
8
4
6
6
8
6
10
6
4
8
6
10
4
4
4
2
8
6
4
10
8
4
6
2
8
4
6
4
6
0
8
4
8
6
8
6
2
4
8
8
4
14
6
6
6
8
10
0
12
6
10
10
8
6
8
10
8
8
8
6
8
4
2
8
2
4
8
4
8
8
12
6
6
4
12
4
10
8
4
8
6
8
6
6
6
8
6
8
6
2
4
6
6
2
8
8
10
8
8
8
6
4
6
4
6
10
8
8
4
8
6
2
6
6
6
10
6
4
4
6
12
4
10
10
6
2
10
4
4
2
6
6
6
6
8
4
4
6
2
4
6
6
8
2
10
8
10
6
8
6
4
10
8
8
8
4
2
8
2
6
4
4
6
10
4
8
6
4
10
10
4
6
4
0
6
8
6
8
47
25
32
58
36
38
48
53
35
36
22
31
47
35
31
48
32
53
54
45
32
38
30
37
30
27
33
34
43
52
47
37
51
51
37
25
45
50
30
46
34
29
60
44
50
49
55
41
47
23
44
45
49
40
47
56
51
56
47
39
29
23
36
38
48
58
58
26
54
34
54
50
38
37
35
27
41
52
55
43
41
29
36
52
33
27
38
49
47
48
48
56
54
53
39
34
32
59
50
54
51
25
32
58
58
57
34
31
50
40
59
26
36
46
62
59
62
27
33
38
54
20
37
35
51
59
29
47
46
30
26
35
28
33
49
28
53
48
34
61
47
21
56
52
51
53
31
26
53
48
58
54
54
55
47
38
39
50
20
34
34
54
54
60
31
48
34
58
49
28
36
47
33
46
31
38
50
46
31
29
25
43
45
34
21
59
37
50
57
44
40
28
36
37
34
50
63
49
58
30
61
31
37
35
51
46
40
24
39
38
51
34
52
49
38
33
38
37
51
39
50
27
58
32
52
30
51
39
35
33
35
51
32
35
59
33
64
55
59
28
39
32
31
35
39
53
48
36
33
49
36
33
40
49
55
46
62
46
66
62
48
46
57
48
53
52
48
51
63
38
39
53
49
58
35
54
61
52
50
31
59
57
48
33
43
38
45
36
5
1
3
3
1
3
3
3
5
4
7
1
5
7
3
5
5
0
5
4
5
0
4
2
5
2
4
3
5
6
2
9
1
0
7
4
7
1
5
3
1
2
1
1
4
7
3
6
5
2
2
1
7
5
2
5
1
1
7
4
2
3
7
0
7
5
6
6
5
5
0
6
0
4
0
4
5
2
5
3
5
3
3
3
11
5
4
3
4
5
5
2
3
4
2
5
2
5
6
1
7
4
5
6
2
1
4
5
2
3
9
7
5
3
0
3
5
7
7
2
4
5
5
3
4
5
5
6
5
1
7
5
3
1
1
5
7
3
7
4
4
5
2
5
5
5
5
3
4
6
2
1
2
3
2
6
3
3
4
4
1
3
4
5
3
7
1
3
5
7
3
3
3
1
1
5
2
7
5
1
3
3
1
5
3
5
4
0
5
3
5
4
1
1
3
5
3
5
1
3
3
0
7
0
3
1
7
1
1
0
5
7
3
7
3
3
5
0
5
5
5
3
5
5
5
3
1
5
3
5
3
5
5
7
3
3
5
3
1
5
3
1
5
1
1
1
3
7
0
7
3
3
5
5
7
3
1
1
5
5
5
3
7
3
0
1
5
1
3
5
3
1
7
3
1
7
1
5
3
3
3
5
5
0
3
3
7
3
11
1
9
14
0
22
0
13
0
0
14
0
16
6
7
11
31
14
0
8
9
16
8
15
19
16
15
0
15
0
1
1
7
1
18
14
13
21
15
22
10
16
9
7
6
10
16
15
11
19
12
8
10
0
12
9
6
0
10
0
13
1
16
15
9
11
12
7
11
13
0
8
14
18
14
16
0
12
1
1
0
8
0
1
1
10
13
9
0
11
0
0
8
8
13
11
17
11
12
14
13
13
8
0
13
13
1
15
0
14
17
11
14
0
10
4
8
15
0
24
13
12
0
0
10
9
0
10
10
12
0
0
14
5
10
13
13
11
4
0
10
15
12
13
13
1
3
13
1
9
8
8
0
14
20
16
8
11
0
13
7
6
13
3
6
9
0
14
8
0
0
9
8
0
9
6
0
0
0
13
12
0
4
11
11
37
9
5
6
0
10
14
16
0
0
15
5
11
1
1
0
12
0
0
20
9
0
18
11
3
6
9
10
0
11
0
11
1
0
15
11
1
15
0
9
0
17
0
11
0
0
17
10
18
1
12
7
7
10
0
7
0
21
0
1
1
0
5
2
0
0
11
7
0
0
5
11
0
1
0
14
0
0
0
17
1
12
0
0
0
0
8
0
1
0
2
0
10
5
9
7
6
10
0
0
0
7
24
