6
18
8
2
13
6
12
4
6
13
6
18
7
12
10
8
14
8
4
10
10
12
10
9
6
4
14
25
27
10
4
22
6
6
4
6
4
10
8
10
12
8
10
8
4
10
10
6
8
20
6
6
6
2
20
12
6
16
8
10
6
8
6
4
10
8
19
18
12
17
17
10
14
10
8
5
14
10
12
12
14
10
14
12
10
8
14
10
16
12
8
20
9
9
25
27
8
22
10
6
14
8
8
10
4
10
8
8
8
12
8
10
6
10
13
10
6
14
14
6
10
18
6
12
20
6
33
10
6
10
10
10
8
14
22
8
8
6
14
20
35
18
31
8
10
16
12
16
14
12
8
12
78
12
14
8
4
4
12
14
10
8
10
31
23
8
23
10
14
6
16
10
14
12
10
14
12
16
16
8
10
10
12
10
11
8
21
16
20
18
22
16
27
6
10
29
16
14
8
8
8
12
16
10
10
8
12
13
6
6
7
7
17
11
6
12
4
10
10
22
14
20
16
10
10
20
10
9
10
13
6
12
14
18
6
14
7
12
15
4
12
6
8
20
10
8
6
12
0
14
8
6
16
16
16
8
12
4
10
20
4
8
24
6
14
12
4
2
10
20
4
20
8
6
15
4
10
6
8
14
21
10
5
10
6
6
10
9
6
8
10
2
2
4
0
4
2
4
2
2
6
0
2
6
2
2
0
4
8
0
2
2
8
2
2
4
6
0
2
4
4
2
2
2
6
2
6
4
6
8
10
8
8
6
6
8
8
18
8
16
16
2
8
10
4
4
8
8
8
4
8
4
6
8
4
6
6
6
8
6
6
8
12
4
10
4
6
8
6
10
10
18
12
8
10
16
12
10
22
6
4
12
12
8
10
4
8
4
14
6
6
10
12
6
12
8
18
10
14
16
10
6
6
8
10
4
8
4
8
6
8
10
8
6
16
12
14
6
8
8
8
4
22
6
8
6
12
18
8
8
10
14
10
10
12
10
14
12
6
10
4
12
8
10
16
4
12
10
10
10
14
14
6
10
20
12
20
4
12
6
8
10
14
10
8
16
8
6
8
10
16
2
4
12
12
6
12
20
6
10
10
6
20
24
18
14
10
14
8
6
22
4
18
6
14
8
14
8
16
4
16
14
10
12
10
8
7
14
6
6
10
4
6
10
10
10
4
10
8
4
6
4
8
10
4
12
10
8
10
8
8
8
8
8
10
2
4
4
10
10
4
2
6
8
4
4
6
2
4
4
6
10
2
8
8
4
2
6
6
0
4
4
0
4
6
2
8
6
8
6
10
10
10
8
4
8
18
18
18
19
19
19
17
17
17
19
19
19
18
19
18
18
18
16
18
18
18
16
10
18
18
18
19
18
18
18
19
19
18
17
18
19
19
19
18
18
19
19
18
18
16
18
18
19
19
19
18
12
19
18
17
18
17
20
19
18
18
19
16
17
19
19
18
17
19
19
18
19
17
18
19
19
17
19
18
18
18
18
17
19
19
19
19
19
16
19
19
18
19
18
18
18
18
19
18
18
19
18
19
19
19
20
19
19
18
17
18
18
18
18
18
20
18
19
18
17
18
19
19
18
17
18
18
18
18
18
19
18
19
17
19
17
19
18
18
18
19
19
17
19
18
17
18
18
17
19
16
18
18
18
17
17
18
19
16
17
19
19
18
15
18
19
10
17
17
17
18
17
18
18
18
18
18
18
19
19
17
17
17
19
19
17
18
18
17
18
18
16
18
18
18
17
17
17
17
18
18
18
18
18
19
18
19
18
19
18
19
17
16
20
17
18
18
18
18
18
19
19
16
17
18
17
18
18
18
20
18
11
18
19
19
19
18
19
18
19
19
18
18
18
16
18
18
18
18
19
19
18
19
18
17
19
18
19
19
19
19
19
19
18
18
19
19
19
17
19
19
19
19
19
19
17
18
19
19
19
19
19
18
18
19
17
19
18
6
6
6
6
4
2
8
2
8
6
8
6
8
6
4
0
0
16
12
4
6
8
16
6
8
6
10
4
2
12
8
10
12
9
6
6
8
6
2
12
8
6
12
6
4
4
6
6
12
10
6
10
8
8
14
16
17
8
8
12
31
4
17
12
6
8
4
8
12
8
6
22
10
14
6
8
10
6
6
10
8
12
6
6
6
14
8
6
8
8
8
6
6
6
6
6
8
4
8
8
6
10
6
10
10
6
6
4
10
12
2
6
10
8
8
12
9
8
12
8
12
8
15
6
10
12
10
16
10
8
8
16
6
16
4
10
20
8
12
14
10
6
21
6
12
4
8
19
14
18
10
10
18
6
16
14
10
25
18
19
19
27
27
15
15
13
40
33
13
27
19
19
44
36
27
40
19
19
23
15
29
33
59
15
17
33
17
56
25
21
23
23
15
36
13
15
14
19
27
21
6
38
19
15
23
32
27
21
8
38
23
29
29
36
29
27
25
23
29
21
17
8
19
25
19
10
13
8
27
17
13
15
10
12
25
15
6
19
19
19
23
15
21
11
19
13
12
10
13
21
10
10
13
21
8
19
25
8
25
10
33
10
21
15
8
4
4
4
21
12
17
21
17
15
33
10
23
15
19
27
10
21
25
27
10
13
25
21
7
6
4
4
0
4
0
4
4
4
6
9
8
6
7
2
8
2
4
4
2
6
6
4
12
8
4
8
8
8
0
6
7
8
2
2
6
4
6
4
4
0
0
12
2
8
4
0
6
6
6
8
2
8
2
4
6
10
6
2
8
2
6
2
2
4
8
4
6
6
6
6
8
4
8
8
6
6
8
4
6
7
9
8
6
11
2
2
8
6
4
2
2
2
4
6
4
6
6
4
4
6
4
2
0
2
2
4
2
2
4
6
6
2
4
6
2
8
4
4
0
0
10
4
0
6
10
2
0
4
2
4
8
8
2
8
4
2
2
4
4
6
10
2
8
4
10
8
6
2
10
4
4
70
4
4
6
8
6
7
8
2
8
0
2
2
6
4
8
0
2
6
4
4
6
2
6
33
0
2
8
2
6
7
8
2
0
2
4
0
4
2
4
6
6
4
0
2
4
2
4
2
0
4
8
4
8
7
4
4
4
2
2
8
2
2
88
4
2
6
6
2
6
6
6
4
0
2
10
6
2
2
2
6
6
8
6
7
2
6
4
6
10
10
4
6
4
4
0
10
6
0
11
0
4
6
4
6
10
2
2
2
6
2
4
2
2
10
4
0
2
2
2
8
8
10
6
6
6
8
6
6
4
6
6
6
4
8
4
0
4
2
4
6
4
4
2
8
4
6
4
4
4
2
4
6
6
6
8
6
6
6
6
0
4
10
4
2
8
2
8
4
6
0
6
4
8
6
4
2
6
4
2
6
6
4
4
2
6
4
2
4
4
0
8
6
2
6
2
10
8
4
6
2
6
6
2
6
12
8
6
6
2
6
6
6
4
2
4
4
2
6
4
4
4
4
8
8
4
2
4
0
6
6
6
4
6
2
4
2
4
2
2
8
6
6
2
0
4
2
6
6
8
4
2
2
4
6
4
6
6
6
4
8
8
4
6
2
2
2
6
2
6
10
6
4
6
4
6
4
2
8
4
8
6
4
2
8
4
2
8
8
10
6
4
8
2
4
2
6
4
4
6
2
4
6
2
6
6
8
6
4
6
4
10
2
2
0
8
10
4
4
6
6
8
8
4
4
6
6
4
6
8
6
8
6
6
4
4
4
4
8
4
4
4
6
10
6
4
4
4
6
6
6
4
4
10
2
4
4
4
0
4
6
4
2
6
8
0
4
8
6
4
12
6
4
4
2
8
2
6
4
6
6
6
8
4
2
4
10
4
2
4
6
8
4
4
4
6
2
4
8
4
4
2
4
2
4
8
4
6
0
6
2
2
4
4
2
2
4
4
6
4
6
4
6
2
0
4
4
0
0
2
2
0
2
0
0
2
4
4
2
0
2
0
4
4
2
2
2
4
0
2
2
0
2
0
2
4
2
0
0
4
2
2
0
2
0
2
0
4
2
2
0
2
2
4
4
4
2
0
4
0
4
2
2
2
4
2
2
2
2
4
2
2
2
0
2
2
4
2
2
4
2
4
0
0
4
2
0
6
2
4
0
0
0
2
6
4
2
2
0
2
2
2
2
0
4
2
2
4
2
0
2
2
2
2
0
0
4
0
0
2
0
4
2
2
2
2
0
2
2
0
2
4
0
2
0
4
2
2
0
2
2
2
4
4
0
2
2
2
2
0
2
2
2
2
2
2
2
4
0
2
2
0
0
4
2
0
2
0
0
2
0
2
4
2
2
0
0
2
2
2
0
2
0
2
2
4
0
0
0
0
4
2
2
4
2
4
2
2
0
0
2
2
0
0
4
4
2
2
0
2
4
4
0
0
0
2
0
4
0
0
2
2
2
2
2
2
2
0
2
2
2
0
4
2
0
4
4
2
0
0
4
0
2
0
2
0
0
4
2
0
2
2
2
4
0
2
2
0
0
2
2
6
2
2
0
0
0
2
4
0
4
2
2
0
2
0
2
6
2
2
2
4
0
0
0
0
0
4
0
2
0
23
2
0
0
8
30
0
2
0
0
4
0
2
0
6
0
46
2
0
2
2
52
0
0
3
2
2
24
14
1
2
2
0
5
0
2
5
21
0
7
30
13
36
2
1
2
0
0
33
0
2
4
8
0
0
2
0
0
7
0
2
0
4
0
15
0
2
4
34
6
2
17
0
2
19
2
2
12
28
3
2
0
29
2
2
4
19
89
2
0
10
32
9
34
35
10
51
11
28
3
0
41
0
25
9
2
2
0
1
33
11
76
0
0
20
2
0
2
71
15
0
80
0
6
0
71
2
0
0
0
14
2
0
0
0
0
2
0
27
0
2
19
0
2
21
40
2
0
2
2
29
2
20
2
0
3
8
0
0
5
19
0
2
43
28
5
15
2
0
12
0
32
15
3
31
32
2
11
0
0
0
2
17
0
0
0
2
24
33
2
19
1
4
0
1
0
0
2
0
0
2
0
29
2
38
2
12
25
18
5
75
10
2
2
46
8
48
4
23
2
0
2
0
2
0
15
9
71
0
1
2
2
25
0
2
67
2
33
0
3
23
0
5
11
0
0
0
0
12
0
0
0
2
2
22
0
37
39
27
9
70
59
5
53
29
27
2
29
83
2
35
50
26
30
9
0
5
27
2
0
35
39
38
0
0
15
0
0
14
16
16
10
20
11
21
16
15
27
11
19
20
17
26
11
44
23
26
34
28
20
18
38
7
11
10
15
42
14
13
24
16
16
20
18
26
43
27
16
19
33
25
18
24
12
18
21
24
23
25
13
34
36
20
33
44
18
9
11
36
28
41
40
29
52
26
11
15
23
39
24
31
43
15
36
28
27
26
17
27
20
17
21
15
24
50
18
43
34
28
33
35
13
14
4
18
43
28
27
36
26
31
39
50
15
10
26
10
36
28
38
40
42
38
12
33
13
4
23
10
34
29
13
20
38
42
45
25
14
11
21
40
32
38
60
25
31
28
70
38
19
11
7
44
27
36
37
75
32
27
18
5
33
39
19
35
59
37
13
8
11
41
73
53
35
58
38
31
34
19
22
32
40
20
25
46
31
33
30
40
15
24
33
17
38
29
36
36
11
8
13
36
37
25
44
25
43
46
18
17
18
26
55
41
45
10
14
18
27
40
19
21
39
51
23
41
21
25
44
25
35
15
17
23
22
19
44
17
30
16
14
24
29
21
27
43
15
15
12
15
23
34
27
23
25
30
30
16
54
25
48
0
18
21
20
38
4
18
31
32
64
24
42
16
36
20
24
51
23
35
46
14
24
14
30
23
26
17
10
21
21
24
20
16
24
19
22
9
1
2
1
2
4
5
4
8
2
0
0
2
0
2
1
2
1
12
4
2
2
2
6
2
4
4
11
13
4
9
9
2
0
1
10
6
2
4
2
2
1
4
1
1
3
4
4
18
5
0
0
14
0
2
5
2
2
3
4
3
4
5
3
1
2
0
0
2
6
0
2
6
16
3
0
4
0
0
24
2
1
0
2
4
5
5
1
2
5
11
8
4
5
2
0
3
5
0
7
1
6
10
11
2
2
10
0
7
3
9
2
2
7
0
6
2
1
1
9
6
11
2
0
3
4
2
0
2
0
2
2
2
0
7
5
1
19
4
5
1
1
2
3
5
4
0
4
21
0
5
2
4
1
9
6
13
79
7
4
0
11
10
4
7
6
2
7
2
10
13
6
2
2
0
3
4
6
2
1
16
3
13
4
4
0
2
3
4
3
4
0
2
2
9
3
2
5
4
14
4
4
5
18
4
2
5
3
3
3
1
0
2
2
1
9
2
0
2
1
4
5
8
2
0
2
2
0
2
2
5
2
1
2
4
1
4
2
5
1
3
1
2
2
4
5
16
4
0
1
1
3
2
2
5
2
2
4
0
3
2
3
4
6
3
0
1
2
2
3
0
1
1
3
0
1
3
2
1
3
3
1
2
2
3
0
21
2
