0
0
1
0
0
3
0
0
1
3
0
3
3
0
3
7
0
3
5
3
0
0
1
0
1
39
0
1
1
0
0
5
0
92
3
0
1
1
7
0
0
0
5
1
0
0
0
1
3
0
1
3
0
1
1
1
20
0
3
3
3
1
0
1
0
9
1
3
0
3
1
0
7
3
0
0
0
5
1
1
3
1
3
3
1
0
1
1
7
1
1
1
1
1
7
0
0
0
1
5
1
1
3
1
1
7
0
1
94
0
1
0
1
1
0
1
1
3
9
1
0
0
5
1
1
3
3
0
1
0
0
1
3
1
1
0
0
0
3
1
0
3
1
3
1
0
0
1
1
1
1
0
1
5
1
1
0
37
5
7
1
1
0
1
0
3
0
5
1
56
0
1
0
0
1
1
1
1
1
1
3
0
1
3
3
0
0
1
3
0
0
1
5
1
1
1
0
0
1
3
11
0
0
1
5
1
0
0
0
1
1
3
1
0
1
1
0
0
0
0
1
5
0
0
1
0
3
9
1
3
0
0
0
0
0
0
83
0
0
1
1
1
7
0
1
1
0
0
1
9
0
1
63
0
1
0
1
0
1
0
92
0
0
5
1
1
3
1
1
3
0
7
0
1
3
0
1
1
3
1
0
1
0
5
1
1
1
1
2
1
2
1
0
0
2
2
2
2
5
0
0
2
2
2
0
4
2
4
4
5
2
2
1
2
2
0
4
2
2
0
2
0
4
2
0
1
0
0
2
0
3
0
0
2
2
2
2
0
7
3
2
2
0
0
0
0
15
0
0
5
0
0
2
0
8
0
5
2
2
4
2
4
2
2
2
0
0
5
2
2
2
0
2
0
0
2
0
0
0
0
0
0
2
0
0
2
2
2
0
0
0
0
4
2
9
0
0
0
0
2
2
3
4
2
0
0
4
2
0
1
2
2
0
2
0
4
0
4
6
2
0
0
0
0
2
2
6
0
0
0
2
0
2
2
0
0
2
0
0
0
2
4
2
4
0
2
4
0
0
0
2
0
0
0
0
0
2
2
4
0
4
0
4
0
2
0
2
0
0
10
2
4
0
2
2
0
0
2
2
2
2
0
2
7
2
3
2
0
0
3
2
2
0
2
6
1
0
2
0
0
2
2
2
0
0
2
2
1
2
4
0
3
2
2
0
0
2
0
2
0
2
0
2
0
0
0
2
0
2
0
0
0
0
2
1
2
0
2
2
0
0
0
2
3
0
5
1
0
0
4
2
0
0
2
0
0
0
2
0
0
3
0
1
0
0
2
2
0
0
2
2
0
0
2
0
0
74
78
76
79
76
70
76
68
70
77
71
71
77
68
77
72
70
73
76
75
77
76
76
68
77
78
71
77
77
70
78
77
76
76
70
78
75
71
77
73
69
66
76
74
76
76
70
77
68
76
76
76
71
77
76
76
78
68
66
78
77
78
73
76
66
76
77
73
76
67
71
77
73
75
75
76
76
78
74
75
72
61
75
76
77
77
71
68
75
66
63
75
76
76
76
63
64
70
76
76
75
68
66
77
70
71
73
63
74
77
75
71
74
72
73
63
75
70
75
77
76
74
76
71
74
76
76
70
77
66
72
76
77
75
74
68
77
76
75
78
75
69
77
74
77
75
72
70
75
75
77
73
76
72
75
74
76
73
75
70
76
77
77
75
74
75
68
73
74
76
75
76
76
75
76
77
73
71
76
74
77
76
69
74
69
73
76
74
67
78
77
75
78
67
65
79
79
78
68
77
70
77
77
77
77
60
68
67
68
70
68
72
73
73
73
79
76
74
77
41
59
67
66
67
64
59
58
60
60
55
58
57
50
55
54
56
52
60
57
54
56
56
52
50
58
59
60
54
47
55
55
60
59
48
53
51
58
56
60
55
58
58
57
51
59
55
59
50
49
33
51
55
60
60
60
60
46
60
56
51
59
51
50
57
47
59
60
47
6
19
10
2
11
8
11
13
8
4
8
23
10
6
6
6
8
7
13
13
4
9
4
13
9
2
11
9
4
15
11
13
11
10
40
15
13
10
8
9
13
19
7
11
9
11
17
8
9
9
11
8
6
11
17
20
11
9
13
17
10
11
30
4
13
4
9
11
15
10
8
18
4
13
23
13
17
8
6
8
7
10
13
11
13
14
4
2
11
6
17
10
6
7
8
15
19
18
10
13
11
21
13
17
11
13
9
11
15
11
29
13
9
11
27
11
18
13
21
14
23
30
23
19
11
10
21
15
10
31
32
13
13
25
8
23
13
13
5
17
26
45
13
26
11
34
18
21
20
13
13
13
8
10
22
13
20
19
20
16
25
30
11
23
29
13
34
9
21
42
20
9
11
7
20
40
10
10
7
20
16
21
11
13
16
25
21
17
13
11
13
13
27
28
17
26
18
15
23
15
26
17
8
11
6
38
26
28
21
22
25
20
21
7
25
11
17
8
30
28
18
13
15
8
7
30
25
22
16
15
11
15
12
19
11
11
17
15
11
13
24
17
13
15
29
11
11
13
17
13
17
8
13
12
17
9
13
8
19
8
7
11
10
13
12
21
10
14
21
7
6
16
17
9
15
9
10
17
24
23
21
5
9
17
9
7
20
11
16
18
14
27
23
16
8
31
33
20
14
10
22
20
10
16
14
12
14
10
18
18
12
16
47
33
8
12
4
20
12
20
33
12
22
57
22
16
18
14
16
22
10
4
43
10
20
16
14
27
20
12
8
14
8
25
8
33
25
14
20
23
14
16
22
14
23
10
14
16
16
14
8
16
22
12
12
27
12
23
18
12
12
21
22
22
14
16
14
16
18
12
29
31
18
12
37
27
31
21
31
12
33
14
61
65
29
14
23
16
51
20
12
16
33
31
29
12
14
10
20
23
12
22
51
12
29
18
16
49
10
14
12
14
12
31
18
21
12
18
22
10
23
10
31
20
14
16
29
14
23
12
22
25
31
23
33
14
29
14
8
45
55
6
16
27
45
63
12
6
10
61
18
18
33
23
22
55
16
8
18
10
14
16
37
21
10
10
6
8
16
14
8
21
6
20
29
14
10
25
6
27
12
31
8
4
16
12
8
8
23
10
4
10
16
20
10
16
12
20
10
10
25
27
6
23
21
10
25
16
10
16
8
18
6
12
25
6
4
10
12
8
6
16
16
14
20
23
18
31
20
12
20
21
47
12
29
8
12
6
29
12
23
8
18
20
16
37
20
10
8
21
59
19
37
20
23
43
27
27
37
8
20
18
25
23
12
20
12
0
1
5
0
5
1
5
3
3
5
1
1
1
1
1
55
3
15
5
3
1
17
3
3
6
7
1
1
3
5
1
3
3
3
3
1
18
47
3
14
5
1
6
5
5
3
4
5
7
3
3
43
6
2
3
5
1
3
3
3
1
3
5
1
1
3
0
3
3
65
3
5
3
12
3
5
1
1
3
3
3
3
3
7
1
45
3
1
1
24
1
5
5
1
5
3
3
1
5
5
3
1
1
5
59
1
1
3
45
1
0
1
0
28
1
0
3
5
1
5
3
51
5
0
1
5
1
1
3
1
5
44
1
1
4
0
1
3
1
3
5
1
3
46
0
0
3
1
0
1
9
5
1
1
1
1
8
3
1
52
0
47
29
1
8
1
0
3
1
1
0
0
36
1
1
3
5
3
3
1
1
0
1
3
3
14
62
0
3
0
1
5
0
1
5
1
1
5
54
0
1
0
3
0
0
1
1
6
3
1
3
1
0
7
0
1
3
5
1
3
3
0
5
1
1
3
3
3
3
1
5
3
3
1
3
5
1
62
0
3
1
1
3
3
0
1
1
1
3
0
3
0
1
3
3
64
0
3
1
19
10
3
1
1
5
3
0
0
1
3
1
30
7
0
3
0
1
1
3
1
53
3
5
1
3
5
3
2
0
0
38
27
14
29
0
38
11
0
0
0
0
0
24
27
25
17
29
43
26
0
0
0
0
0
30
0
30
19
24
38
38
38
0
0
0
0
0
22
32
23
3
43
29
30
0
0
0
0
20
24
0
21
29
23
38
0
0
0
0
0
29
17
18
18
34
34
0
42
2
0
0
0
30
5
18
0
24
31
45
37
0
0
0
0
17
36
27
22
26
30
0
30
0
0
0
0
20
29
32
28
0
32
4
40
0
0
0
0
28
0
0
29
31
24
18
0
0
0
0
0
2
27
22
20
15
0
41
0
0
0
0
0
16
0
26
20
0
35
43
47
0
0
0
0
0
31
28
18
29
40
29
28
0
0
0
0
2
0
19
24
24
0
47
45
0
0
0
0
14
0
22
21
0
23
32
0
0
0
0
0
27
26
28
21
33
23
42
36
0
0
0
0
28
27
28
13
25
22
50
40
27
0
0
0
3
32
25
24
21
22
35
33
0
0
0
0
31
27
20
23
19
36
27
34
0
0
0
0
29
16
0
27
36
40
0
0
0
0
0
0
3
19
30
24
30
29
39
0
2
0
0
0
24
32
28
22
2
36
41
0
0
0
0
0
30
0
1
23
40
25
0
0
0
0
0
19
23
32
31
23
0
27
0
0
0
28
18
15
26
24
20
20
9
13
18
20
26
22
11
21
22
15
13
23
23
15
15
13
14
29
17
19
18
17
19
18
16
23
16
26
23
22
21
28
23
22
19
12
30
23
20
17
39
18
24
21
26
19
37
26
24
22
28
18
21
15
21
21
27
25
24
24
23
13
22
23
20
32
17
26
24
21
18
87
23
29
21
21
20
13
15
17
13
17
17
15
23
20
30
17
20
15
21
19
21
25
30
21
26
20
23
26
31
21
24
31
31
28
25
24
24
17
28
25
27
28
30
15
20
26
19
31
22
35
27
29
30
31
32
64
23
28
20
23
30
19
18
36
21
17
78
24
21
24
33
26
25
25
29
26
28
22
23
31
34
25
26
21
20
25
30
27
23
28
22
21
23
22
21
23
19
30
31
20
13
32
29
23
18
19
16
20
20
24
28
9
29
29
22
25
74
11
20
22
18
26
27
26
27
26
25
21
18
28
25
19
18
22
24
20
24
16
17
28
37
24
18
27
22
18
22
19
19
13
23
17
19
15
11
27
7
13
19
18
19
15
17
13
19
22
22
25
22
13
22
28
18
23
27
21
20
35
15
24
15
19
18
21
21
17
15
23
21
11
22
26
11
17
19
21
9
17
21
12
21
17
11
15
9
14
62
15
17
11
11
15
17
15
11
3
8
8
9
10
13
11
11
14
16
22
11
14
24
11
13
9
15
16
8
6
13
19
5
22
11
14
6
11
6
10
5
8
10
16
8
17
13
10
11
6
7
8
14
6
5
12
7
13
6
18
12
18
16
9
7
9
12
16
15
12
14
15
21
11
9
11
13
10
8
13
16
19
11
11
11
15
13
10
9
13
8
13
10
10
21
11
3
16
15
20
12
6
11
14
11
14
15
13
8
10
11
9
10
13
11
20
11
3
18
7
5
7
10
5
15
10
11
7
11
13
10
13
8
10
17
15
15
8
9
17
20
20
9
16
11
19
8
7
17
9
7
8
10
7
11
10
12
4
19
6
14
10
10
12
4
9
11
7
12
9
13
12
10
15
12
7
10
9
15
10
12
7
11
7
17
7
10
8
4
13
11
16
12
10
15
12
16
10
10
7
13
11
10
9
6
4
10
8
9
8
25
11
8
13
9
8
12
8
9
8
7
16
7
16
15
12
12
17
14
16
8
10
6
17
18
6
16
17
10
12
5
8
12
12
16
16
15
3
9
13
14
8
10
4
10
17
11
11
7
7
11
14
14
14
12
16
15
14
12
10
13
11
8
19
11
14
9
19
10
19
11
10
15
10
15
12
12
11
13
14
7
0
0
2
2
2
0
0
2
2
2
0
3
7
0
2
0
0
2
2
0
3
0
0
0
0
0
0
2
2
0
0
0
2
0
0
2
0
0
0
0
0
3
0
0
2
0
4
5
3
2
0
2
0
2
0
0
3
2
0
4
0
2
3
0
2
3
2
0
2
0
2
0
2
0
2
3
2
0
2
2
5
3
0
0
0
4
0
2
2
0
1
2
2
2
0
0
2
5
3
2
3
7
0
0
0
1
0
0
0
2
0
0
0
3
2
0
3
2
0
0
3
2
0
4
0
0
5
0
2
0
3
2
2
4
1
0
0
0
4
0
0
0
2
0
2
2
2
2
0
0
2
0
2
0
0
2
0
2
2
2
0
0
3
3
2
0
0
0
0
0
0
0
7
0
0
0
0
2
0
2
0
0
0
0
2
3
0
0
0
0
0
0
17
0
0
3
2
0
2
0
0
2
0
3
2
0
2
2
2
5
2
0
0
2
0
0
3
0
5
0
2
0
3
2
4
2
3
16
0
0
0
0
2
2
2
0
0
2
2
2
2
2
3
2
3
2
4
2
2
0
0
1
5
0
3
0
0
2
2
3
3
0
0
1
1
2
5
2
0
2
2
1
3
2
1
2
2
0
0
3
0
0
0
2
2
2
2
0
