2
2
0
2
4
0
0
2
0
0
0
2
0
0
2
0
2
0
2
2
0
4
0
0
2
2
0
2
0
0
0
0
0
2
0
0
0
2
0
0
2
2
2
2
0
0
2
0
2
0
0
0
0
2
2
2
0
2
2
2
0
2
2
2
0
2
2
2
0
2
2
0
0
19
2
2
0
2
2
0
2
2
2
0
0
2
0
2
2
2
2
2
2
0
2
2
2
2
2
2
2
2
0
1
2
0
2
1
2
0
0
2
0
0
2
2
0
2
2
0
0
2
0
0
2
2
2
2
2
0
0
0
0
2
0
2
2
0
0
0
2
2
2
0
2
0
2
1
2
2
2
2
2
0
0
2
2
0
0
2
2
0
0
0
2
2
0
0
0
2
2
0
2
2
2
0
0
2
0
0
2
0
2
2
2
0
0
10
0
0
0
2
2
2
15
2
0
2
2
2
0
2
2
1
2
0
2
0
0
2
2
2
2
2
1
0
2
2
2
2
0
1
2
1
0
2
2
2
0
0
1
2
2
0
2
0
2
0
2
2
0
0
0
2
2
2
2
11
0
2
0
0
0
4
0
0
0
2
2
0
0
2
1
0
0
0
2
2
2
2
0
2
2
2
0
0
0
2
0
1
2
2
0
28
2
2
0
4
0
10
2
0
2
0
0
7
2
0
2
0
3
2
4
2
2
2
0
5
0
0
2
12
3
5
2
2
0
0
0
2
0
2
0
2
0
0
13
0
0
0
0
0
2
2
0
0
2
0
0
2
0
0
9
2
2
2
0
2
2
2
0
2
0
3
0
11
2
0
0
3
2
2
0
2
2
2
2
0
2
3
3
3
0
0
0
0
0
0
0
2
2
0
10
2
2
0
0
2
2
2
0
2
0
2
0
0
0
0
1
3
2
5
2
2
5
2
0
2
2
2
2
2
2
0
2
0
2
2
2
0
2
5
0
0
0
0
0
2
0
2
0
0
2
0
0
2
2
3
2
2
0
1
2
4
2
0
4
2
0
0
0
3
0
2
2
0
2
11
0
0
0
0
0
0
9
0
2
0
2
2
0
4
2
2
2
0
2
2
2
2
4
0
2
2
2
2
2
0
2
2
2
2
2
2
2
2
0
0
0
2
2
2
0
0
3
0
0
10
0
0
0
2
2
3
2
3
2
4
0
3
0
2
2
2
12
3
0
0
4
2
2
0
2
3
0
0
0
0
2
2
0
0
1
0
2
4
0
2
2
0
4
0
0
2
2
4
0
2
4
2
2
0
0
0
2
2
0
1
0
2
4
0
3
5
2
0
5
4
2
5
2
0
5
2
10
7
5
5
7
5
7
5
8
9
2
5
4
3
2
9
5
8
4
8
5
7
6
0
24
5
7
2
7
4
5
19
3
2
14
5
5
7
2
4
4
2
0
5
5
5
10
16
10
4
7
5
3
0
5
4
5
0
5
4
2
5
7
7
7
7
0
3
11
0
2
5
5
2
2
4
5
2
6
6
10
0
0
5
2
2
2
2
3
7
5
2
2
7
20
2
4
7
2
3
2
7
5
7
5
4
3
2
13
5
8
2
7
3
6
5
5
9
7
4
7
5
3
7
2
5
11
2
5
4
5
5
2
0
5
2
12
2
7
6
3
9
5
5
7
7
0
5
8
9
5
4
14
4
4
7
5
7
31
5
8
2
4
5
3
5
5
4
4
7
6
2
2
0
10
0
5
12
5
2
7
11
4
2
5
0
2
5
4
4
2
2
0
5
4
4
3
2
0
5
7
3
3
3
5
4
7
7
7
3
4
3
5
7
3
6
5
11
1
5
5
6
2
3
3
3
5
5
5
0
8
9
2
5
5
10
5
2
12
5
3
5
2
7
3
3
2
7
5
1
4
2
8
3
9
4
7
2
7
7
5
3
3
6
4
11
4
7
8
5
4
5
14
4
3
3
6
0
5
7
2
6
2
6
4
8
8
6
6
6
8
4
12
8
2
2
12
4
6
4
6
8
2
2
8
10
8
6
6
8
10
2
8
10
8
10
6
4
12
4
10
6
10
2
4
8
6
6
10
10
6
8
17
6
8
8
4
10
10
12
10
10
6
12
14
31
10
10
23
10
6
21
10
12
12
6
8
12
6
8
6
6
8
14
17
8
8
8
8
6
14
14
8
4
8
4
15
12
2
4
6
10
12
6
6
8
16
16
10
6
16
8
8
6
6
10
10
6
8
4
8
4
10
6
10
8
14
12
12
10
4
6
10
12
4
27
0
14
8
10
10
17
12
10
14
12
8
10
10
10
12
4
10
6
18
17
12
10
14
8
6
12
8
12
14
20
12
14
10
18
8
10
12
10
12
6
6
10
18
14
10
18
12
14
4
6
10
16
12
6
18
16
12
14
10
12
13
10
10
12
14
8
6
10
12
6
2
8
17
10
8
14
10
10
8
14
16
8
6
10
12
12
10
10
14
6
10
10
2
4
10
12
8
8
4
8
12
14
12
8
10
10
8
14
6
12
12
14
12
8
18
20
4
10
8
14
13
12
21
2
8
6
4
8
6
8
8
10
6
10
12
10
4
14
12
6
12
6
8
8
4
6
8
6
6
6
12
20
9
15
5
4
14
12
7
32
15
19
11
5
18
18
11
5
6
9
4
5
11
19
7
9
10
9
7
8
5
18
21
6
9
11
5
19
14
38
2
9
5
10
5
13
5
11
6
7
7
11
11
9
14
7
9
10
25
5
4
19
5
19
8
9
9
27
9
13
7
9
9
20
5
4
18
9
8
11
13
13
16
20
8
4
18
9
11
13
5
4
10
12
9
12
16
16
11
8
16
11
11
11
8
14
14
15
10
16
13
11
9
13
12
9
9
4
9
9
4
7
14
13
7
14
7
11
19
10
11
9
17
18
9
41
15
9
13
16
14
27
5
16
15
22
12
19
26
13
13
5
11
12
18
17
9
15
22
14
29
15
13
32
7
20
16
8
25
21
9
12
27
13
13
11
12
20
30
27
11
27
22
13
20
11
27
30
16
14
11
10
14
24
11
18
10
16
23
11
24
9
15
25
4
7
15
19
14
9
41
18
15
14
13
21
23
11
10
24
11
11
7
12
15
9
22
9
5
15
11
14
18
19
14
14
12
13
21
25
11
17
16
14
15
16
9
9
11
13
12
20
17
30
12
14
9
7
21
9
8
12
19
15
8
13
9
13
7
11
14
11
7
9
11
11
11
20
11
14
4
11
10
7
7
6
9
9
9
6
5
6
7
72
34
0
3
5
56
0
4
0
60
37
5
9
6
7
23
52
0
27
3
23
7
99
38
29
2
15
0
2
2
3
23
0
0
0
0
20
0
0
0
0
10
0
0
5
0
25
29
40
2
32
2
13
87
0
2
2
35
56
25
3
69
22
24
11
27
0
0
9
29
27
0
63
5
27
28
0
0
0
2
18
4
0
2
30
2
26
23
31
36
0
36
23
23
33
23
24
29
31
26
51
0
0
4
21
2
0
2
24
2
57
0
9
4
40
5
37
2
3
35
33
35
47
0
32
29
0
0
2
0
3
31
9
40
37
25
0
0
0
0
4
24
22
21
32
39
21
3
51
71
0
6
8
3
2
3
19
3
2
0
2
22
0
4
3
2
0
75
41
2
2
23
28
2
22
16
4
10
2
15
37
0
0
25
0
33
0
2
2
3
2
29
26
52
0
19
38
48
0
2
3
5
5
2
26
43
35
26
50
40
0
29
20
20
17
0
12
0
5
29
2
0
0
4
2
3
42
4
0
60
23
24
0
0
0
2
0
17
34
52
0
3
25
36
35
24
0
8
0
3
2
2
3
2
2
37
52
73
4
0
0
0
2
25
24
0
2
26
28
28
0
2
8
83
44
48
0
37
2
0
9
2
0
0
2
2
0
2
0
4
0
0
0
0
0
0
0
0
0
0
0
0
0
0
0
0
0
0
0
0
0
0
0
0
0
0
0
0
2
0
0
2
0
0
2
0
0
0
0
2
0
0
0
4
2
2
0
0
0
0
2
2
0
0
0
0
0
0
0
0
0
0
0
0
0
0
0
0
0
0
0
0
0
0
0
2
0
0
0
0
4
0
4
0
4
0
0
0
0
0
0
4
0
0
0
0
2
0
0
0
4
2
2
2
2
4
6
2
2
4
2
6
4
0
0
0
4
2
2
6
2
4
2
0
2
2
0
0
2
0
4
2
4
2
0
2
0
4
0
0
2
0
2
2
2
2
2
2
2
4
0
2
2
2
4
10
0
4
4
0
2
0
2
4
2
2
2
4
0
2
0
2
2
4
4
2
2
6
0
2
4
4
2
6
8
6
0
2
0
2
2
4
6
0
0
2
2
2
2
0
2
2
0
0
4
0
2
4
2
0
2
2
0
0
0
4
2
6
2
0
4
2
8
6
0
2
2
2
4
6
2
2
4
2
0
4
2
2
2
2
4
4
4
0
0
2
2
2
2
0
4
0
2
2
2
0
6
0
0
0
6
2
2
0
0
0
0
2
0
4
2
4
2
2
0
4
4
2
0
0
4
4
4
2
4
6
2
0
10
6
2
5
4
7
8
11
6
6
14
2
14
6
5
4
35
2
0
6
2
0
28
4
2
4
13
3
0
11
0
4
9
9
7
2
8
2
10
2
0
6
12
7
2
9
2
4
0
21
4
0
4
11
10
0
2
0
3
3
8
2
0
7
9
0
5
12
7
8
2
8
1
8
2
0
10
2
5
2
13
0
21
4
2
0
0
0
2
12
4
2
10
12
3
6
0
2
10
14
1
4
4
5
11
6
4
7
4
0
9
4
14
7
14
2
9
12
12
0
2
7
9
12
2
6
5
7
8
10
0
10
1
6
6
0
6
11
9
13
0
10
6
3
0
5
6
9
6
2
5
5
7
5
14
4
2
15
10
8
16
7
4
3
9
6
2
6
11
2
0
6
0
13
4
4
0
3
3
0
7
6
12
6
2
8
10
3
2
7
9
10
2
14
7
2
14
14
0
6
4
2
3
2
0
7
6
9
11
2
8
5
4
2
26
4
4
11
5
6
10
12
8
10
4
5
12
6
9
5
13
8
4
4
6
0
13
6
12
6
3
11
9
0
16
4
5
4
10
0
16
2
0
4
10
0
2
2
15
8
0
11
14
2
7
7
0
2
0
5
15
5
9
3
4
9
8
10
11
5
5
7
2
8
14
8
6
6
14
4
8
75
12
6
10
6
22
12
8
10
12
10
6
12
6
4
8
12
16
4
10
8
6
18
8
12
12
8
8
10
16
8
10
14
13
33
10
6
8
8
8
8
12
12
8
25
12
18
16
10
12
12
18
12
14
16
10
21
21
10
16
16
14
18
16
18
8
20
10
6
6
12
19
16
8
14
12
16
8
10
17
6
14
16
10
14
27
31
10
10
0
87
14
4
16
21
16
12
27
10
16
8
8
14
10
10
16
6
4
18
14
8
14
10
22
16
16
16
10
10
8
6
16
12
10
21
16
8
12
18
8
12
21
12
10
18
19
17
12
8
18
8
16
14
18
12
29
17
4
16
12
10
12
14
6
21
16
10
2
27
10
6
13
16
16
14
16
21
18
8
21
25
6
20
8
14
25
12
10
14
8
21
17
45
23
16
15
6
16
19
19
12
29
21
19
10
12
10
19
16
16
16
23
15
14
14
18
15
17
12
6
12
19
21
10
12
8
12
18
20
14
10
8
6
12
10
12
4
11
14
12
13
4
19
6
6
17
4
10
12
8
9
10
12
8
15
14
12
10
8
10
14
6
4
10
15
12
18
16
14
12
8
6
12
10
8
6
16
6
10
4
8
6
12
14
12
17
10
8
10
18
6
2
6
0
0
6
2
2
0
0
2
0
0
0
0
0
2
2
0
4
4
2
6
2
4
2
2
10
0
0
2
0
0
0
2
6
8
8
2
0
0
2
2
2
2
2
2
2
2
6
2
0
2
2
6
4
2
6
2
2
2
6
0
0
2
4
4
4
0
0
4
0
2
0
2
0
0
10
2
0
6
4
2
10
2
0
2
0
4
2
0
0
0
2
2
2
0
2
6
0
2
0
0
4
2
6
0
0
6
6
0
0
4
2
0
0
2
0
0
0
0
2
2
2
2
2
4
8
2
2
4
6
4
2
2
6
4
0
0
0
0
0
2
0
0
2
4
12
4
4
2
0
2
0
2
0
2
0
2
4
12
2
4
2
8
16
2
8
6
8
6
2
0
4
6
0
4
4
2
0
2
0
2
2
0
4
4
2
4
0
0
4
0
4
4
2
0
2
2
4
0
4
0
0
0
2
4
2
0
2
0
4
0
2
0
6
6
4
2
0
0
2
2
0
0
4
0
0
2
0
2
0
4
0
0
0
0
4
2
0
4
14
0
4
0
2
0
2
0
0
2
0
4
4
4
2
4
2
0
2
2
4
0
2
4
0
0
0
0
0
4
6
0
0
0
2
0
2
0
4
0
0
4
0
0
0
0
0
