3
2
3
2
12
17
15
20
31
24
7
3
10
0
5
8
15
0
41
33
19
0
0
2
24
30
36
23
0
13
37
27
28
3
2
3
1
0
1
2
7
22
21
26
34
10
4
1
0
11
0
0
7
33
13
34
26
9
2
1
2
1
6
0
11
10
8
16
31
13
43
1
5
0
1
0
11
18
38
36
30
37
20
0
0
7
2
6
0
19
23
37
20
0
1
1
2
0
2
1
8
31
3
31
29
35
2
3
0
0
2
10
9
12
21
19
31
40
39
14
12
6
0
0
11
26
21
12
16
28
19
5
3
0
2
3
10
16
22
32
33
19
9
8
0
3
8
2
6
19
28
30
15
0
0
2
2
2
0
2
4
3
28
20
14
3
2
1
0
0
2
1
13
30
12
34
16
6
13
3
0
2
0
3
11
16
35
21
27
10
1
3
1
1
0
2
3
13
19
44
43
26
10
1
2
5
0
3
13
17
24
28
34
7
2
1
8
0
0
12
2
32
37
38
33
0
0
1
2
3
0
2
9
16
41
30
8
0
9
6
1
2
10
0
13
21
25
25
16
5
2
0
0
3
2
0
4
9
10
24
25
13
2
0
6
19
5
0
8
36
29
34
12
0
0
1
3
0
2
3
6
17
33
8
28
0
0
0
2
0
2
0
0
0
0
0
4
0
0
0
0
6
2
0
2
0
0
0
2
4
2
2
0
0
4
0
2
0
2
0
94
2
80
6
4
0
6
2
2
0
2
0
0
2
0
2
2
0
4
4
2
0
4
0
0
4
0
0
0
4
2
0
0
2
4
4
6
4
2
0
0
2
0
4
0
0
4
6
2
4
2
0
0
2
0
2
0
0
0
2
2
2
0
0
0
2
0
0
2
0
2
2
6
0
0
0
4
0
0
0
2
0
2
4
4
0
0
0
4
4
2
2
0
2
2
2
2
6
4
0
6
2
4
0
0
6
2
0
2
2
0
2
0
4
4
2
0
0
0
2
4
0
2
0
0
2
8
0
0
6
0
2
0
0
0
0
0
2
2
4
4
2
0
4
0
0
2
0
0
2
4
0
0
0
0
4
2
2
0
0
0
2
2
0
0
2
0
2
2
2
0
2
0
0
2
0
4
2
0
4
2
45
2
0
2
4
2
2
0
2
0
0
4
0
0
0
0
2
2
2
0
0
0
2
2
0
73
0
0
2
0
0
2
0
2
2
2
0
0
0
2
6
0
0
2
2
0
0
2
2
6
2
0
2
96
2
0
0
4
6
2
2
0
4
2
2
2
0
2
2
4
4
0
2
2
0
6
2
2
2
4
7
8
4
0
0
4
2
6
4
4
2
2
5
10
2
4
0
2
8
4
4
2
11
6
7
4
4
0
7
4
8
4
2
8
3
0
11
0
2
2
2
6
2
6
2
2
4
5
4
4
0
4
4
4
4
0
9
2
4
2
2
2
2
4
7
4
5
4
9
7
9
4
2
8
2
6
6
4
9
6
4
6
6
4
4
2
4
4
6
4
4
2
4
4
4
0
2
2
7
2
11
4
2
4
4
5
13
2
4
4
2
0
3
8
4
2
2
4
9
11
8
2
2
5
2
6
4
10
5
6
2
0
6
4
8
13
0
0
0
2
2
6
3
2
15
8
5
2
0
3
4
0
2
5
8
2
4
6
12
4
2
0
5
2
8
6
2
0
4
4
6
6
4
2
2
7
2
6
2
2
7
2
0
4
2
6
0
5
1
5
2
0
6
0
8
4
5
2
2
4
2
4
8
2
2
4
0
4
2
2
2
2
6
0
2
0
6
10
2
7
4
0
0
0
2
4
2
4
2
4
2
5
0
0
0
2
0
2
0
0
0
0
0
5
4
2
5
2
0
2
0
0
4
6
2
7
3
0
2
2
0
4
4
0
4
2
0
4
2
4
0
2
5
4
0
2
2
4
2
4
4
5
4
15
9
15
7
7
11
1
60
3
5
11
13
5
2
9
7
1
11
7
5
1
15
5
9
21
15
11
7
19
23
21
9
5
9
7
17
9
18
7
19
7
9
13
9
17
9
25
9
9
11
23
11
19
11
23
19
9
13
15
23
13
23
9
7
7
23
13
11
23
15
9
17
17
17
64
15
21
9
9
9
11
13
11
19
19
9
13
19
9
17
13
9
13
13
9
7
13
13
11
7
7
11
15
7
23
19
11
15
15
13
9
9
5
23
11
7
19
17
13
11
17
9
11
29
27
11
21
7
19
13
19
23
7
21
17
27
7
35
19
11
21
11
23
13
13
13
9
21
7
25
25
17
25
9
13
23
11
9
23
23
15
35
27
21
23
21
29
19
23
27
11
25
31
9
17
19
27
15
9
19
23
15
17
17
21
31
31
31
17
29
23
11
13
35
25
11
29
37
17
27
0
3
11
11
11
2
11
9
5
5
9
7
3
13
5
17
3
13
15
7
11
13
2
11
7
17
9
9
3
9
11
3
19
5
3
3
3
5
7
13
5
13
13
9
5
9
7
5
5
3
29
5
7
13
13
9
21
5
7
11
7
5
3
7
5
3
9
9
5
3
11
0
11
13
3
9
11
9
15
7
11
5
3
5
5
13
3
13
9
16
14
24
13
14
10
12
18
0
14
10
13
0
9
13
18
16
12
18
8
16
15
15
9
1
14
7
15
11
8
18
17
14
14
11
19
18
27
14
18
0
16
16
13
16
14
16
6
25
23
13
14
0
17
13
0
18
13
15
20
24
12
18
12
0
14
15
8
14
18
13
24
15
24
15
18
0
1
18
11
10
16
11
18
17
0
19
9
18
16
15
11
16
15
9
17
1
22
23
14
10
11
17
12
14
13
13
5
20
18
25
11
10
5
15
17
12
10
15
19
26
24
6
12
0
0
14
14
14
11
10
2
7
14
0
10
9
10
15
13
15
8
3
0
2
11
12
7
13
8
10
0
11
11
11
7
10
2
12
12
0
8
19
12
0
4
10
14
0
18
0
1
12
0
0
13
13
6
0
7
1
7
0
10
14
9
16
14
17
11
0
17
10
25
13
7
11
5
10
17
15
17
13
12
17
6
16
18
13
13
0
9
13
14
10
8
1
27
10
13
15
6
16
1
12
14
17
12
23
18
16
10
8
12
10
0
6
16
6
10
7
14
12
8
5
7
13
0
10
14
11
8
10
20
2
1
9
9
15
4
15
13
16
8
23
4
3
11
13
12
4
0
6
5
13
12
15
12
2
2
10
14
9
12
10
8
8
20
31
5
10
25
14
5
22
21
4
45
13
21
10
0
27
5
5
2
6
25
22
26
27
5
38
11
25
13
23
16
26
0
34
22
2
4
19
4
20
19
32
19
41
26
8
38
26
17
24
26
12
36
27
10
24
15
28
7
11
10
39
23
10
2
18
2
6
29
41
18
43
20
8
25
38
21
2
69
2
26
0
24
11
25
9
22
26
29
26
38
2
9
4
40
47
4
35
2
18
2
32
69
2
32
78
19
5
5
4
39
46
13
0
57
53
0
4
2
29
2
22
4
26
0
39
5
2
4
40
29
45
20
11
52
44
5
32
50
2
41
38
16
7
26
5
19
4
18
6
6
56
30
2
45
11
27
29
22
5
43
7
2
4
35
2
19
32
30
38
1
27
4
50
51
4
40
32
2
32
38
30
25
25
10
0
4
38
19
5
5
0
24
31
32
13
38
4
41
64
45
0
48
4
28
8
20
26
9
15
0
6
18
27
14
22
27
34
19
19
27
2
17
2
14
2
34
25
26
9
2
16
0
41
15
10
36
30
8
13
5
19
9
0
24
24
19
49
22
6
30
2
17
14
20
4
0
27
30
28
14
23
10
9
22
28
19
3
2
5
13
2
41
16
16
2
28
11
20
25
22
4
24
39
20
4
12
12
22
15
5
4
7
16
24
9
19
7
9
12
4
9
13
11
13
11
9
20
13
5
9
15
11
13
8
7
19
13
13
28
11
11
23
9
11
20
19
16
9
16
16
6
18
9
20
11
8
30
8
11
13
17
20
22
11
15
15
20
37
26
14
35
32
16
16
15
21
7
9
26
24
23
22
13
15
22
9
9
11
25
13
9
27
24
26
16
15
7
14
25
15
71
29
15
19
15
13
13
32
13
23
25
18
5
24
11
15
12
16
26
35
28
23
44
29
29
24
12
17
41
37
19
23
8
13
11
4
11
11
25
27
34
13
13
14
13
28
8
14
28
26
28
36
14
16
20
29
20
23
18
17
16
28
11
25
27
13
9
20
14
24
30
30
30
22
27
19
16
13
26
20
19
15
30
8
35
21
20
35
15
37
18
38
20
36
24
41
41
44
26
28
26
21
34
20
25
31
38
40
35
11
9
33
39
30
11
18
24
6
11
17
13
17
7
18
5
23
15
11
13
17
14
18
20
20
23
15
9
29
28
16
31
20
11
11
23
19
7
20
12
22
26
15
29
18
9
15
9
19
19
28
7
23
11
17
18
18
22
26
28
28
17
9
7
28
28
15
11
24
18
18
28
11
13
11
24
17
14
14
11
22
24
17
22
35
12
2
0
0
0
0
2
2
0
0
0
2
2
0
0
0
4
4
2
0
6
0
2
4
2
0
2
2
6
0
0
4
12
4
4
2
0
0
2
0
2
0
0
0
2
7
2
6
0
0
0
0
2
0
0
0
4
2
6
2
4
8
4
8
4
4
4
2
2
2
0
2
2
0
0
0
0
2
2
12
0
0
4
0
8
0
0
2
0
0
0
6
12
2
10
4
0
0
0
0
4
0
2
25
2
2
2
2
4
4
2
2
2
0
2
2
2
0
0
2
0
0
0
2
4
4
4
6
2
2
2
0
0
0
2
4
0
6
0
0
2
0
0
0
0
0
0
6
4
4
2
6
2
0
0
0
2
2
4
4
0
2
2
0
4
0
4
2
2
2
0
0
0
0
0
2
0
2
2
0
2
2
2
0
4
2
0
0
2
0
2
2
0
2
0
2
2
4
4
2
0
4
2
4
2
0
0
2
0
2
2
2
0
4
2
2
4
0
2
2
0
2
2
4
0
0
4
4
0
0
10
0
2
2
2
2
2
0
2
0
2
0
2
2
4
0
0
2
2
2
2
2
0
2
0
0
0
0
0
2
2
0
0
4
0
0
0
2
2
0
2
0
2
0
6
0
4
0
2
2
0
2
4
4
0
4
0
4
4
2
2
4
2
0
2
0
0
4
2
0
0
2
0
4
4
2
2
6
2
4
0
0
2
2
2
4
6
2
4
6
2
0
2
2
2
2
2
0
0
2
2
0
2
4
0
4
0
0
2
4
0
2
2
0
4
2
2
0
4
0
2
2
2
0
0
2
0
4
2
2
0
4
4
6
4
2
2
2
0
0
0
2
0
4
0
9
2
0
2
4
3
2
2
2
2
2
3
2
4
2
0
2
0
2
4
4
0
4
4
0
0
4
0
2
2
4
4
0
2
0
4
4
36
0
0
0
4
2
2
2
0
2
3
0
0
2
2
4
0
2
2
0
2
0
2
0
2
2
0
0
2
0
0
0
2
2
2
0
5
0
0
2
0
0
0
2
0
2
2
0
2
2
0
0
0
2
0
0
0
0
0
2
4
0
2
2
2
7
4
2
2
0
0
4
0
1
0
2
0
6
2
0
4
0
2
0
0
2
0
4
0
0
2
0
0
2
0
0
0
0
2
2
0
0
0
2
0
2
0
2
0
0
4
0
0
0
2
0
2
2
0
0
2
3
0
2
0
6
0
0
3
3
0
0
3
3
2
0
4
0
0
0
2
0
0
4
3
2
0
0
2
0
0
2
0
0
2
0
0
2
3
0
0
5
2
0
2
11
22
9
3
67
16
31
14
34
11
19
38
6
9
15
3
40
7
11
12
36
24
26
11
8
25
3
3
38
11
19
0
56
8
30
18
7
23
17
31
39
73
18
16
38
7
28
5
11
16
21
26
66
15
8
17
7
26
58
5
11
16
12
0
4
10
14
1
43
5
15
12
5
7
3
7
66
6
8
3
16
13
6
12
9
13
7
3
52
7
15
11
32
0
5
6
27
9
3
10
10
23
8
3
3
7
1
27
10
33
16
11
9
7
25
27
25
7
9
7
10
3
7
26
68
12
8
39
3
46
7
10
13
61
72
54
16
8
8
24
4
37
7
7
11
1
7
3
7
18
6
4
3
3
60
7
11
35
9
5
7
82
17
9
32
20
26
1
8
16
39
7
16
66
20
12
16
28
22
12
9
5
7
18
0
0
0
0
0
0
0
0
0
0
0
0
0
0
0
0
0
0
0
0
0
0
0
0
0
0
0
0
0
0
0
0
0
0
0
0
0
0
0
0
0
0
0
0
0
0
0
0
0
0
0
0
0
0
0
0
0
0
0
0
0
0
0
0
0
0
0
0
0
0
0
0
0
0
0
0
0
0
0
0
0
0
0
0
0
0
0
0
0
0
0
0
0
0
0
0
0
0
0
0
0
0
0
0
