21
0
2
0
7
7
0
0
4
20
2
16
8
30
7
0
0
22
27
9
0
23
31
0
0
0
0
16
0
0
17
0
29
0
25
7
65
0
5
2
17
0
0
20
37
0
0
0
0
0
0
23
6
0
5
0
0
7
4
0
0
9
0
0
0
2
0
46
0
4
36
45
0
0
16
11
0
0
21
0
2
0
0
2
40
9
5
0
3
12
8
5
0
17
10
18
0
0
0
9
0
29
0
5
0
0
19
0
0
17
9
0
2
0
2
0
5
0
26
2
2
22
0
1
7
0
3
0
0
7
7
43
0
0
9
31
0
0
9
9
21
0
0
0
27
8
0
2
0
17
0
0
26
2
25
0
3
0
0
0
18
2
0
42
5
6
37
0
0
20
7
22
4
0
0
0
46
0
0
23
0
0
16
0
0
7
0
0
0
0
13
4
14
4
2
7
25
0
0
7
0
0
26
0
0
44
32
0
4
0
18
7
0
7
0
2
33
13
0
12
16
0
20
0
22
0
19
6
25
18
5
0
0
3
17
0
0
0
5
0
7
0
19
3
18
0
19
2
20
0
0
0
24
2
0
0
0
2
15
2
19
52
0
0
3
0
0
0
29
2
0
0
28
0
22
0
0
7
0
11
0
2
0
46
4
16
0
34
0
0
1
0
1
7
1
1
1
0
3
1
0
1
0
1
1
1
0
1
1
0
1
0
0
0
0
0
1
0
1
0
0
0
0
0
0
0
0
0
0
0
0
0
1
1
0
1
0
1
0
3
0
1
1
0
0
1
0
1
0
1
1
0
1
1
0
3
1
0
0
0
1
0
1
0
0
0
1
0
1
0
3
3
0
3
0
0
0
1
3
1
1
0
5
0
3
0
1
0
1
0
3
0
0
0
6
1
1
1
1
0
0
1
0
1
16
0
1
3
3
0
4
1
1
6
0
11
6
5
1
3
0
1
7
6
3
7
1
14
1
0
1
1
0
6
0
1
1
0
0
1
0
1
3
1
3
0
1
1
1
1
1
0
1
3
1
1
1
0
0
0
3
0
1
0
1
1
3
1
1
1
1
0
5
3
13
1
1
0
1
1
4
0
1
1
1
14
3
0
0
3
3
1
0
3
0
1
0
3
3
1
0
0
2
1
0
0
4
9
1
3
11
1
0
10
1
1
1
3
0
0
1
18
17
24
0
1
1
0
1
0
0
1
16
20
3
3
0
5
0
0
0
0
3
0
0
4
0
3
0
14
2
5
1
0
0
14
3
12
3
16
21
1
1
0
0
4
1
5
3
18
21
3
3
3
1
4
55
18
34
18
41
61
52
67
44
44
58
67
7
11
41
0
41
76
75
68
27
40
83
22
28
0
27
38
33
53
37
68
24
20
28
13
61
40
26
32
26
16
14
14
12
18
45
36
27
7
20
50
52
31
29
10
27
14
22
15
11
27
29
16
29
14
8
49
74
12
41
31
44
25
31
7
43
31
47
62
52
18
14
53
30
19
7
19
38
12
20
27
11
43
27
62
15
18
48
36
57
18
48
35
28
36
43
40
33
43
44
16
28
38
29
70
35
26
31
49
8
36
55
27
34
46
32
38
45
36
43
36
42
25
29
54
11
10
27
0
49
44
9
38
51
62
9
31
56
18
45
35
38
23
22
44
30
8
30
0
35
37
29
34
28
43
51
31
45
54
58
62
47
41
44
18
44
67
37
0
2
40
42
0
56
37
65
20
13
33
34
28
22
74
20
42
51
25
33
24
37
16
46
26
22
44
20
45
59
41
36
35
9
31
39
39
44
13
42
18
6
0
42
9
28
31
23
27
25
12
25
7
28
37
2
8
20
27
46
36
27
23
38
18
21
26
25
9
78
18
32
15
30
12
9
71
7
4
5
9
2
22
20
4
6
9
6
4
5
2
18
2
0
9
4
0
2
1
18
5
13
7
2
9
2
2
19
7
6
3
2
1
5
7
5
5
0
3
2
2
5
4
3
2
3
5
13
3
3
4
4
2
2
6
4
4
4
5
2
5
4
2
4
15
4
14
2
6
4
2
4
5
3
4
4
2
14
2
0
2
5
4
6
5
5
4
2
3
4
4
4
4
1
3
5
4
2
4
4
0
5
3
3
2
12
2
4
11
4
2
2
4
2
5
2
2
6
4
4
2
4
5
2
3
4
6
3
3
4
4
6
2
5
4
6
15
4
8
10
2
0
2
3
1
2
2
2
6
4
2
5
6
13
2
2
2
4
2
3
2
2
0
6
0
6
2
6
6
0
5
4
2
6
4
0
4
5
5
2
4
4
2
5
4
3
0
2
3
2
6
2
3
6
4
0
4
4
5
14
3
2
4
2
2
2
8
5
2
4
4
6
5
0
14
4
8
5
2
4
10
4
6
2
4
2
5
4
6
2
6
4
4
5
4
6
5
2
4
4
4
4
2
2
5
5
4
2
2
2
5
6
6
4
6
3
2
5
1
15
8
4
4
2
4
3
0
2
6
3
2
2
4
2
2
3
7
5
4
3
2
4
2
3
5
14
4
4
4
4
4
2
4
5
4
5
8
6
4
4
16
2
4
6
5
4
4
6
13
3
4
2
2
6
5
2
4
6
8
6
8
29
14
6
12
12
10
2
6
10
2
2
6
16
10
6
8
4
14
2
10
27
8
6
10
6
12
12
10
4
8
18
10
6
6
6
8
10
6
4
12
8
16
6
8
35
10
6
10
6
12
6
6
8
4
2
6
10
8
8
21
8
8
6
6
8
8
12
10
6
10
10
10
8
6
12
10
8
10
8
8
8
14
8
8
12
16
12
6
4
10
10
6
8
2
10
14
14
14
14
16
12
10
8
10
12
16
10
10
8
12
8
20
10
14
8
18
18
4
12
14
10
6
6
27
14
10
12
20
12
10
4
10
10
16
10
6
18
21
20
10
16
16
8
16
10
8
6
10
10
10
12
12
16
4
6
10
6
21
14
4
8
20
6
8
12
8
22
12
16
6
20
10
20
6
8
6
21
18
23
20
14
20
6
4
19
10
20
20
21
6
10
10
10
12
14
12
16
12
6
20
16
14
12
18
14
12
8
14
16
6
21
16
10
12
20
8
23
6
12
6
20
10
16
10
8
14
14
16
20
4
10
14
8
14
14
12
12
10
20
8
10
20
2
10
41
19
4
16
4
12
8
12
10
16
4
12
16
8
10
6
8
16
8
8
8
10
10
8
8
8
14
10
8
8
4
14
8
6
10
10
6
8
6
8
4
4
2
2
2
4
0
4
6
2
2
6
0
2
2
4
12
4
0
0
4
2
2
2
2
2
2
0
6
4
2
0
0
2
0
6
2
2
2
2
4
2
6
6
0
2
2
0
4
0
2
4
6
4
2
6
0
4
2
4
8
4
4
2
4
2
0
2
2
6
4
2
4
2
2
4
2
8
0
6
6
4
4
2
4
0
4
6
4
6
4
0
2
8
2
2
4
4
4
4
4
4
8
4
6
0
6
2
0
4
4
2
4
2
0
2
4
2
2
4
2
4
4
4
2
6
4
0
6
4
4
4
2
8
4
4
2
4
2
2
4
6
6
0
4
4
2
2
2
6
4
8
2
2
2
0
0
2
4
2
2
0
2
4
4
2
4
2
4
6
4
4
6
2
2
0
0
2
2
0
2
2
2
4
2
8
4
6
2
6
0
2
2
0
4
4
0
0
2
0
4
2
4
4
2
4
4
4
2
2
6
2
2
2
4
2
6
6
2
0
4
2
4
6
0
4
2
2
2
10
4
2
4
2
2
2
2
0
2
2
4
4
0
2
4
2
4
6
2
4
4
6
0
4
2
2
2
2
2
2
2
4
2
4
2
6
2
2
4
2
6
8
4
6
4
2
0
6
2
4
0
4
4
2
6
2
2
6
9
18
0
0
0
0
23
12
11
18
10
18
15
21
0
0
0
0
0
0
0
18
21
4
13
12
0
0
0
0
11
23
7
7
21
23
17
12
0
0
0
0
14
4
18
21
23
13
2
23
0
0
0
0
23
0
26
20
16
8
22
17
14
0
0
0
15
1
25
24
5
21
26
19
16
0
0
0
15
22
27
19
14
24
14
15
16
0
0
0
24
25
13
18
23
1
28
15
0
0
0
0
26
22
15
1
13
3
25
16
0
0
0
0
23
23
23
15
7
8
20
16
0
0
0
0
4
17
1
22
19
20
25
19
6
0
0
0
3
13
0
12
17
13
25
9
0
0
0
1
20
9
9
4
22
20
18
0
25
0
0
0
7
4
1
3
15
26
1
8
0
0
0
1
20
13
3
18
19
17
1
16
1
0
0
0
18
22
15
0
6
16
27
14
0
0
0
0
11
0
4
10
19
9
17
15
0
0
0
0
10
15
15
18
10
14
23
8
0
1
0
0
16
23
15
15
3
12
14
11
12
0
0
0
12
8
1
15
18
5
16
8
0
0
0
0
13
25
0
17
10
16
20
18
0
0
0
0
16
17
22
8
18
28
24
22
11
0
0
0
0
16
6
13
14
24
24
7
16
0
0
0
19
17
6
15
6
0
0
4
11
0
0
2
4
0
2
0
0
4
6
4
0
0
0
0
0
0
9
2
0
0
4
0
8
2
4
2
4
0
2
2
0
6
2
0
0
2
4
2
4
0
10
0
8
4
0
2
0
0
6
8
0
4
0
0
0
0
6
2
0
10
0
0
6
0
4
0
0
6
2
0
0
0
0
0
2
10
0
0
0
2
2
4
2
0
0
2
0
0
0
0
4
10
0
8
14
0
0
0
0
6
2
0
0
8
6
0
17
0
0
4
0
2
4
2
2
0
0
2
0
2
2
4
4
11
0
2
6
2
0
0
8
0
0
2
2
0
0
2
2
2
0
0
0
6
2
17
4
0
0
0
0
0
0
2
0
4
2
0
0
15
13
2
0
6
2
2
0
6
13
4
0
0
6
2
8
0
0
2
0
2
2
0
4
0
0
0
17
4
0
4
0
0
0
12
0
8
0
0
2
2
6
0
2
0
4
2
2
2
0
0
0
0
0
0
2
0
2
0
2
2
0
2
0
19
2
12
2
2
2
2
2
2
2
0
2
2
0
8
0
0
2
0
2
2
0
0
0
0
2
8
2
13
0
10
2
4
0
0
4
0
2
0
4
2
0
17
2
10
4
4
0
0
8
6
0
0
2
4
8
8
0
0
0
4
12
2
9
4
9
4
0
4
0
6
13
12
95
12
6
69
8
8
56
0
8
8
6
8
0
10
4
13
6
0
4
0
63
4
82
0
6
8
8
8
0
6
4
6
4
12
8
10
8
4
2
6
2
8
4
2
10
10
4
2
8
8
2
8
2
6
2
2
2
8
2
2
4
4
15
2
4
6
11
12
77
4
2
0
4
8
6
14
13
0
4
2
14
4
4
4
10
6
8
2
61
4
10
12
2
6
2
0
61
2
11
8
6
4
2
2
2
8
8
4
2
10
8
2
2
55
0
8
8
6
6
2
2
0
14
0
2
8
4
4
5
8
2
0
4
6
2
4
4
4
11
10
4
8
12
4
0
10
2
8
8
4
2
8
6
10
12
2
2
8
4
2
2
70
2
0
10
8
6
0
4
64
8
10
17
7
69
4
2
4
8
11
6
4
4
2
10
9
8
2
8
12
2
7
10
4
4
8
12
63
8
4
7
10
2
11
5
5
13
2
4
8
10
0
4
9
6
10
10
8
9
6
4
2
7
6
4
10
31
6
4
14
8
6
37
10
5
7
2
4
6
2
8
2
4
8
8
6
23
2
11
29
8
6
58
4
2
6
4
2
0
6
4
0
2
2
6
9
2
12
4
6
4
89
0
10
10
2
0
2
2
4
6
0
4
0
0
4
0
4
6
0
4
8
4
2
0
0
11
0
2
0
0
2
2
2
4
4
36
0
4
0
2
31
0
2
6
4
4
0
2
0
2
0
0
2
2
0
2
0
0
2
0
0
6
0
0
2
0
0
5
2
4
67
2
0
4
0
4
0
4
28
0
0
2
0
0
6
2
0
0
4
0
24
4
2
0
0
2
5
2
0
0
2
0
2
9
2
0
2
0
4
4
0
0
2
2
2
6
0
2
0
8
53
0
0
9
0
22
2
2
2
0
34
2
4
2
0
4
4
2
4
2
0
2
0
4
2
4
0
0
0
6
5
22
8
4
6
2
59
4
4
5
4
2
2
0
4
7
2
2
0
2
0
23
2
4
0
2
8
4
4
0
2
5
0
2
7
2
0
4
2
2
0
29
2
2
0
4
8
0
0
4
0
45
4
2
6
2
36
2
2
2
0
0
2
5
4
40
0
0
0
4
58
2
2
0
0
4
0
0
2
2
32
6
0
0
0
51
2
4
2
2
4
2
4
0
5
0
4
0
2
15
4
0
0
0
23
4
2
0
2
40
2
19
2
2
47
2
2
2
0
5
0
2
2
0
2
0
2
3
4
2
2
0
0
6
2
2
0
3
11
8
0
4
2
