28
37
33
33
33
38
33
37
34
36
37
32
38
34
36
32
37
35
35
29
30
37
33
38
36
34
29
38
37
39
32
34
37
37
39
38
29
38
19
36
30
37
31
38
31
29
37
31
27
37
37
37
20
33
37
37
37
33
37
37
34
29
38
37
35
34
32
36
32
33
37
30
37
37
39
38
34
34
36
36
38
38
36
30
29
38
37
37
34
31
39
37
29
38
38
26
33
37
39
38
37
30
37
38
30
36
27
37
38
37
36
33
34
32
34
28
36
30
23
25
25
37
38
36
24
37
38
35
33
30
32
37
32
38
37
35
32
38
21
37
37
36
38
37
37
37
38
31
35
35
38
32
33
34
32
34
21
29
38
23
33
34
36
32
38
30
38
35
37
33
36
34
32
33
37
37
33
35
32
38
32
37
38
38
35
30
38
38
38
36
33
36
37
33
35
24
20
37
32
32
34
36
34
33
32
36
27
19
18
34
35
36
33
39
37
38
36
26
35
36
19
39
35
31
32
37
33
37
31
38
34
37
36
38
38
35
30
37
37
39
38
32
36
37
25
38
38
27
33
32
37
38
34
34
34
32
37
38
38
33
37
39
35
37
37
34
32
37
36
37
32
33
37
37
34
37
28
32
39
37
33
40
33
16
33
37
36
33
6
8
2
6
6
6
4
5
2
6
6
14
4
15
13
21
3
4
6
42
11
27
8
6
21
4
6
20
4
4
2
8
9
4
19
8
8
4
10
7
6
6
4
3
2
6
9
7
14
13
7
6
11
5
21
34
9
4
8
10
10
4
6
5
6
4
4
2
12
6
8
14
4
8
10
11
5
2
16
2
88
10
9
8
6
34
23
6
4
4
4
9
21
8
4
13
17
13
80
4
9
6
2
62
6
6
45
6
21
17
4
11
4
4
6
28
2
4
4
2
6
5
19
19
8
30
11
2
6
13
4
9
4
8
40
4
24
6
6
0
10
6
8
8
4
4
10
11
32
4
4
9
39
28
4
11
42
8
4
2
6
5
6
19
4
5
27
5
4
18
4
20
7
4
11
6
0
6
11
8
6
9
6
9
4
26
6
27
4
7
4
6
2
8
8
19
13
6
6
7
6
9
11
48
8
8
6
9
6
38
26
15
19
9
25
21
8
10
10
17
4
11
21
4
8
21
25
6
8
6
4
7
6
5
6
34
6
6
35
4
6
4
8
8
6
49
32
6
9
7
7
25
11
19
23
10
10
2
6
6
4
9
4
6
12
4
6
6
6
6
12
22
13
2
5
6
4
6
5
4
6
6
3
8
9
8
8
19
4
4
6
0
4
6
2
6
2
39
4
2
0
4
0
4
4
0
2
0
2
2
4
94
0
2
6
4
4
0
6
2
6
6
6
2
2
0
2
4
6
3
0
7
4
6
2
2
78
4
8
4
8
0
2
2
8
2
2
0
38
6
4
6
6
0
6
2
4
6
2
2
2
4
0
2
2
0
2
10
6
2
0
0
4
0
2
4
0
0
2
2
8
4
0
6
4
83
2
6
8
0
8
4
6
0
4
4
4
2
0
2
0
4
8
0
6
4
2
5
4
2
2
0
2
6
2
2
2
0
99
6
8
4
0
6
0
4
2
6
0
4
8
4
2
2
0
2
4
2
2
2
6
8
4
2
4
6
2
6
8
0
0
2
2
6
4
0
2
6
8
6
4
2
4
4
4
8
4
4
0
4
65
4
8
6
8
2
2
4
2
6
4
2
4
4
2
0
0
2
4
2
8
4
4
8
4
4
0
4
10
6
6
4
2
4
2
6
4
2
7
4
6
2
2
0
2
6
14
8
2
10
51
8
8
6
9
2
4
4
6
8
6
10
4
6
6
4
2
4
0
8
54
0
6
6
6
8
4
4
2
2
10
6
6
8
4
2
6
4
0
4
8
8
6
4
2
4
2
4
2
6
5
4
4
8
11
4
14
20
18
17
25
9
6
16
14
11
18
22
20
25
27
14
15
30
28
4
13
15
8
24
12
19
10
41
18
19
17
29
13
14
19
26
12
36
17
6
26
23
8
2
14
16
11
18
40
21
17
21
21
14
12
11
12
11
17
24
9
31
16
15
12
24
20
8
12
9
13
18
31
14
20
23
10
7
21
24
27
13
13
14
26
19
10
22
17
20
17
23
14
12
31
19
23
19
10
10
24
20
19
10
18
13
17
15
12
27
16
9
19
26
14
16
14
20
12
30
16
28
17
15
21
29
29
12
15
11
11
6
31
29
10
10
18
16
17
9
13
7
13
21
13
32
24
14
12
23
13
8
15
13
19
15
14
19
48
7
37
24
19
19
12
12
12
9
19
15
17
13
11
14
17
5
20
14
12
12
19
12
5
11
27
24
12
21
0
0
2
0
0
0
0
0
0
0
17
0
1
0
1
0
1
0
0
0
0
0
0
0
0
0
1
0
0
1
0
0
0
0
1
0
1
0
0
0
2
0
0
0
2
0
0
0
0
1
1
0
0
0
0
0
0
3
1
0
0
0
1
0
0
7
0
0
0
0
0
0
1
0
1
0
1
1
0
0
0
0
0
0
0
0
0
0
0
1
0
1
2
0
2
0
0
0
0
0
10
12
13
7
17
24
15
21
8
15
12
13
21
10
23
10
16
21
9
13
28
17
17
11
21
12
12
9
6
23
10
10
13
12
29
19
6
17
11
12
9
13
14
12
22
19
14
25
7
9
11
13
12
17
13
13
17
23
21
19
15
6
7
8
10
14
14
12
10
12
6
13
4
17
15
10
13
16
10
12
11
14
17
14
12
25
12
10
19
11
12
6
9
10
8
12
6
33
25
11
12
8
15
23
9
18
15
21
10
13
10
25
15
25
13
4
10
15
13
19
10
17
10
14
10
18
15
19
6
8
10
34
4
19
17
14
29
17
26
26
4
19
15
19
15
22
15
17
23
23
24
15
8
21
17
14
15
9
8
23
15
29
13
17
21
14
10
12
19
11
19
17
17
17
28
13
10
11
9
25
21
21
15
23
11
23
9
13
15
9
17
23
27
48
15
32
19
15
11
27
29
17
13
17
13
32
12
15
41
23
15
18
25
20
22
29
15
24
8
6
15
8
13
12
6
8
14
8
10
19
8
13
8
13
12
8
9
8
12
8
12
8
17
10
17
7
26
21
15
17
10
6
17
8
6
11
13
9
6
15
12
5
13
11
17
11
9
6
12
33
10
15
10
10
10
8
10
4
6
8
17
8
6
12
13
11
12
6
17
14
11
0
5
8
8
0
7
16
11
8
18
3
12
10
0
8
12
9
15
16
15
10
21
8
3
16
8
1
12
10
13
15
10
9
13
9
12
17
5
0
9
19
12
13
13
19
9
11
9
16
0
0
8
16
11
10
13
13
13
11
14
9
0
0
13
13
17
0
1
8
11
21
13
18
0
4
13
0
15
6
14
13
13
13
16
18
0
0
11
19
0
14
10
0
16
13
12
9
0
1
13
15
11
11
17
12
17
10
22
2
2
3
0
0
12
13
10
15
9
12
11
9
6
7
1
11
7
0
8
13
20
0
12
11
5
0
15
21
15
13
15
13
6
12
11
11
0
7
2
0
16
12
20
6
13
4
15
0
9
10
5
8
17
7
12
0
10
7
14
10
0
6
9
5
13
13
13
20
11
10
5
0
6
0
9
10
0
15
11
9
15
13
15
14
9
0
10
10
0
13
18
9
13
12
0
11
6
9
0
5
9
9
13
19
20
11
0
0
4
10
0
15
15
17
7
17
11
6
12
18
11
11
1
9
13
22
9
13
12
15
9
30
1
5
11
12
14
1
0
16
17
7
9
10
10
1
8
11
11
11
12
10
12
9
17
12
6
10
11
10
0
12
8
16
11
13
17
15
0
5
14
13
11
1
13
11
7
3
5
5
7
5
13
9
5
3
9
2
3
3
11
5
5
3
3
3
7
7
9
7
9
5
5
5
3
9
7
9
3
3
5
3
9
7
3
7
9
5
3
5
2
5
3
3
3
9
7
3
9
5
5
3
5
7
3
5
3
5
5
5
5
7
9
11
5
9
11
5
3
7
11
5
9
3
9
7
3
3
3
7
5
3
7
7
13
9
9
2
7
2
5
7
7
2
7
5
3
9
5
9
5
3
5
9
7
7
9
15
9
21
11
7
9
15
7
13
19
9
11
29
11
9
17
13
7
11
21
5
7
7
15
7
11
15
27
17
7
25
5
37
23
7
5
11
15
23
7
7
15
13
7
5
21
17
7
3
11
11
23
13
27
11
7
15
31
21
11
11
13
11
23
11
13
11
19
11
66
9
17
13
19
19
19
21
15
15
15
17
9
29
21
11
17
27
9
19
9
19
15
7
15
13
17
17
17
19
27
9
21
15
5
9
15
13
5
11
13
17
5
19
15
15
21
15
21
21
17
25
25
23
13
31
13
9
9
25
17
9
11
9
26
17
13
21
7
21
29
9
13
11
15
9
13
9
13
13
9
15
11
23
28
13
9
17
13
11
11
21
15
17
13
5
9
9
9
5
0
21
5
9
7
9
2
3
4
2
4
2
6
2
2
2
4
0
2
0
8
4
0
2
0
4
0
2
0
2
2
2
2
2
0
0
2
2
2
4
0
2
0
0
0
4
2
6
0
0
4
4
0
2
2
0
0
0
2
0
0
4
0
2
0
2
0
0
0
2
2
0
0
2
0
0
2
0
4
0
2
4
2
2
0
0
2
4
0
0
2
0
2
6
2
8
2
0
2
0
0
0
0
2
2
0
2
0
0
0
0
2
0
0
0
0
0
0
2
0
0
0
0
0
0
2
2
10
2
0
2
4
0
0
0
0
0
0
0
2
4
2
4
0
0
0
2
2
0
0
2
0
0
6
0
2
0
2
6
8
4
2
0
0
4
0
0
4
2
0
2
0
6
0
4
4
0
2
2
2
2
0
0
0
0
2
0
0
0
12
0
0
2
2
2
8
6
2
2
0
0
2
0
4
0
0
0
12
2
4
2
4
2
8
2
2
2
0
2
8
2
2
2
0
0
0
0
0
2
0
4
0
2
0
0
0
2
0
0
0
0
4
4
0
2
0
0
2
4
2
2
0
10
2
0
2
0
0
2
0
0
0
2
0
0
4
0
2
0
2
0
0
2
0
2
0
0
0
0
4
0
2
2
0
2
0
2
2
2
0
0
0
2
0
0
2
11
11
9
11
9
9
11
7
11
13
11
7
9
9
7
5
11
7
11
11
9
9
11
11
11
11
9
9
9
13
7
9
11
11
11
13
9
11
7
11
13
13
11
9
9
9
13
11
11
11
11
11
7
11
7
11
11
13
13
9
11
11
9
11
7
13
9
11
11
13
13
13
13
11
13
13
9
11
11
11
13
13
13
13
11
11
13
11
11
9
11
13
11
13
11
11
11
9
13
13
13
11
13
12
7
11
13
9
13
13
11
11
9
13
13
13
13
13
11
9
13
11
13
9
11
13
11
13
13
9
11
13
11
13
13
10
13
11
9
11
11
11
13
13
13
11
13
11
13
13
10
13
13
9
13
13
13
9
11
11
13
11
9
11
11
9
12
11
13
13
11
12
11
11
13
13
13
13
13
11
13
13
9
10
13
12
13
9
13
12
11
13
13
11
9
11
11
13
9
9
13
0
12
11
13
12
11
13
13
11
9
13
11
11
13
13
13
11
13
13
13
13
11
13
11
11
11
10
9
13
11
7
11
11
7
9
9
9
9
7
11
11
9
7
7
8
11
9
9
9
9
11
9
11
7
11
11
11
5
7
7
11
7
5
5
5
9
9
7
11
5
7
11
9
9
6
6
9
7
7
9
7
5
9
9
5
11
7
3
0
0
0
2
5
6
2
3
5
5
0
2
0
4
2
1
6
0
0
1
3
9
2
11
4
6
4
0
15
2
7
9
3
4
0
4
4
0
3
1
4
2
2
2
1
5
5
7
2
2
0
13
4
0
2
0
13
2
2
2
7
0
2
0
0
1
13
2
2
2
2
0
2
0
9
1
2
7
2
3
3
0
1
3
4
5
4
3
2
2
19
0
0
13
0
1
2
2
0
11
2
1
2
5
0
2
4
4
2
5
0
4
5
0
3
3
4
3
15
2
2
0
5
3
5
2
3
5
2
0
4
2
2
2
0
2
5
2
5
3
2
2
6
5
13
9
5
4
7
2
2
11
3
2
2
19
5
7
3
2
3
4
4
3
9
2
4
0
7
1
4
2
5
2
15
5
5
2
1
4
2
2
4
2
0
4
4
3
0
9
2
2
2
5
5
2
2
4
0
0
2
2
9
3
5
2
2
0
0
4
3
2
3
4
6
4
2
0
9
0
0
2
1
2
1
4
0
17
4
0
0
2
2
2
4
0
4
9
7
4
5
0
7
2
0
4
4
2
4
3
4
5
4
7
1
0
2
0
3
1
11
2
3
2
0
4
5
0
0
1
11
4
5
2
3
3
0
9
5
2
7
0
7
4
13
4
5
