2
2
0
0
4
4
1
0
0
0
2
2
0
0
2
2
0
0
0
0
0
2
6
0
2
2
4
0
0
0
2
2
4
0
2
8
4
2
0
0
2
0
0
0
0
2
6
0
0
4
2
0
0
0
0
2
4
2
2
2
4
0
2
0
0
2
0
4
4
0
2
12
2
2
2
2
0
0
0
2
0
2
2
2
6
2
1
4
7
13
0
0
2
2
4
2
0
0
0
0
4
2
2
4
4
2
2
2
2
0
0
6
2
4
0
4
4
2
0
0
6
0
0
2
0
11
11
0
4
0
2
0
0
4
0
2
0
2
2
1
2
2
0
2
2
2
4
2
4
0
4
0
2
2
2
4
0
0
2
0
0
2
0
6
2
0
2
0
4
95
0
1
2
2
2
2
2
0
2
2
0
0
4
0
4
65
2
4
0
0
2
4
0
2
2
2
0
6
0
2
0
2
4
0
2
2
2
0
2
2
0
0
87
0
2
6
0
0
0
2
0
0
1
0
0
2
0
1
0
0
0
6
2
2
4
6
0
0
0
2
0
2
0
4
0
4
0
4
2
0
4
4
68
0
0
0
0
2
0
0
0
0
0
2
1
2
4
0
94
2
0
2
92
2
2
0
2
4
2
2
81
0
2
92
0
4
74
0
11
15
15
9
13
15
13
15
11
17
21
11
13
9
13
23
13
3
13
17
7
9
9
11
13
11
11
19
9
11
15
13
11
11
15
17
13
7
13
13
13
13
11
15
13
11
3
2
19
5
13
35
13
15
11
7
13
11
9
11
9
9
15
13
13
13
15
17
11
15
11
11
11
13
13
15
13
13
9
11
11
15
15
7
15
13
15
11
11
15
15
11
13
7
13
13
13
13
13
9
11
13
7
15
13
17
2
3
0
2
5
17
27
13
15
9
11
11
13
13
15
9
13
11
11
9
11
27
13
25
5
29
11
15
11
13
13
15
13
13
17
11
13
13
13
15
11
9
15
5
13
13
9
9
9
9
9
11
9
9
15
9
11
13
13
15
13
13
11
13
13
7
15
11
7
13
19
9
15
13
25
13
15
3
13
15
17
9
13
5
11
13
5
9
9
11
11
13
9
13
23
15
15
9
11
9
13
13
9
17
11
15
13
15
13
13
13
13
13
7
15
11
25
21
17
15
9
11
9
17
13
11
17
9
13
13
11
13
13
15
7
15
11
15
11
9
11
13
19
13
7
25
11
11
11
9
15
11
17
37
13
19
13
11
15
7
9
9
2
11
9
13
17
13
15
15
15
13
13
11
9
11
11
13
13
21
17
13
2
2
14
74
63
15
4
29
6
6
4
6
2
0
2
10
58
7
2
10
4
2
2
42
4
4
36
2
6
41
4
9
10
30
4
0
36
4
0
2
60
2
6
48
3
6
22
2
0
43
23
0
4
8
58
2
4
61
10
6
8
6
4
7
4
2
2
4
0
10
2
0
4
8
6
12
2
4
0
2
7
4
4
4
8
2
6
6
4
4
2
8
6
4
5
0
12
6
0
9
2
7
8
8
4
0
59
15
6
34
4
6
6
4
48
2
2
2
6
8
49
4
2
49
10
11
10
34
6
4
12
4
4
38
6
2
35
6
8
40
2
5
55
4
15
8
56
4
8
42
4
0
40
2
6
30
6
4
6
4
11
7
4
4
42
2
4
34
2
8
8
4
2
29
2
3
11
6
8
4
2
6
4
2
4
0
4
2
56
6
2
4
6
4
4
0
0
48
30
4
6
49
2
2
58
4
0
20
37
8
33
32
6
8
23
20
60
21
53
4
11
2
2
10
23
11
28
8
0
39
12
0
6
15
4
2
4
29
2
2
65
12
4
2
4
4
2
28
2
4
45
4
12
4
26
14
6
22
19
24
23
19
20
17
6
16
40
21
2
18
21
7
21
24
4
49
28
2
9
4
7
30
30
41
19
31
15
35
2
2
0
0
7
4
0
2
2
0
0
0
0
2
4
0
4
0
2
2
0
0
2
0
2
6
0
2
2
2
2
0
6
6
2
0
4
0
0
2
2
0
0
0
4
2
2
2
2
2
0
2
0
0
2
2
2
2
0
2
4
0
2
2
2
2
0
2
2
2
4
0
2
0
2
0
2
0
6
2
0
2
2
2
0
4
4
2
2
0
0
0
0
4
0
0
0
0
0
0
2
0
2
2
0
2
0
4
0
2
2
2
2
4
0
0
2
0
4
2
0
2
2
0
0
2
6
2
0
2
4
2
0
2
0
0
2
4
2
0
0
0
0
8
0
2
6
0
0
0
0
0
2
0
4
0
0
0
0
2
2
2
0
0
2
2
2
2
0
0
2
2
0
2
2
0
0
2
2
0
0
0
0
0
0
0
2
2
0
2
0
0
2
6
0
2
4
2
2
0
2
0
2
4
4
2
0
0
0
0
0
6
2
0
2
0
0
2
0
6
0
2
4
0
2
0
6
0
0
2
2
0
2
4
2
2
0
4
0
2
0
0
0
0
0
0
4
0
2
4
2
0
0
4
0
4
2
0
0
2
2
0
0
0
0
0
0
4
0
0
4
2
0
0
2
0
0
0
8
0
0
2
0
0
2
2
2
4
3
2
3
3
29
0
45
4
17
6
32
0
0
0
0
0
0
0
0
6
52
2
30
5
1
4
43
4
26
4
4
2
3
2
3
4
47
4
2
3
58
0
0
1
42
7
41
1
3
2
3
2
5
3
1
1
2
2
38
4
36
1
59
3
7
41
0
5
56
3
4
3
2
3
3
2
3
0
3
3
3
1
3
1
31
4
63
3
53
0
0
3
54
1
2
4
4
0
4
3
3
1
3
5
3
1
0
1
18
4
52
3
0
21
0
1
68
5
1
3
3
4
4
3
2
3
4
0
3
43
2
59
0
0
0
0
0
0
0
2
31
2
72
2
3
50
67
27
34
2
15
32
0
0
0
0
0
1
0
0
1
9
33
2
33
48
59
39
38
48
55
4
4
3
0
1
3
1
42
30
0
41
36
36
40
14
41
3
3
1
33
41
55
1
36
3
38
55
49
4
34
2
0
2
3
3
34
3
2
2
2
3
5
4
2
1
46
11
29
0
3
41
3
35
2
2
3
2
63
4
32
3
4
1
38
23
5
46
0
0
0
2
2
0
4
1
29
38
40
1
25
54
39
2
38
47
2
2
42
57
35
38
37
50
0
30
57
43
4
1
33
5
40
0
0
0
0
2
36
29
0
43
39
2
27
0
3
0
2
0
0
2
0
0
6
2
0
2
0
2
0
2
0
0
2
0
0
2
2
2
2
0
0
0
0
2
0
0
0
2
0
0
2
2
4
0
0
0
2
2
0
2
2
0
2
2
6
2
2
0
0
2
0
0
0
0
0
0
2
0
0
0
2
0
2
0
2
4
2
2
2
2
2
0
2
0
0
4
2
0
0
2
2
2
0
0
2
2
2
4
0
0
2
0
0
8
2
0
0
2
0
0
0
2
0
2
0
0
0
0
0
0
0
0
2
0
2
2
2
0
2
0
0
2
2
2
2
4
0
0
0
0
0
0
2
2
2
4
0
2
2
2
0
2
0
0
2
2
2
4
0
2
0
0
0
0
0
2
0
2
0
2
2
0
0
2
2
2
0
0
2
0
0
2
2
0
2
0
0
2
0
2
0
2
2
0
0
2
2
2
2
0
0
2
2
0
4
0
0
0
0
2
0
0
0
2
2
2
0
4
0
0
4
2
2
0
0
2
0
2
0
2
0
0
0
2
4
0
0
2
2
0
0
0
4
0
0
2
2
2
0
2
2
0
2
2
2
2
2
0
2
0
2
0
0
0
0
0
2
0
2
0
2
0
2
2
0
2
4
2
0
2
0
0
0
2
0
2
2
0
4
2
2
4
2
4
2
0
2
0
0
2
4
5
3
2
2
4
3
0
0
4
4
2
2
0
0
2
2
4
4
4
4
4
17
2
2
0
0
4
0
0
4
4
4
2
2
4
2
2
21
2
0
4
2
0
0
2
5
0
0
4
2
4
2
5
2
2
4
3
2
2
11
0
4
5
0
0
0
0
4
0
0
0
2
3
4
2
4
2
0
2
2
2
2
4
2
2
4
2
2
3
4
2
7
4
0
3
5
2
5
2
2
4
2
2
2
4
2
2
2
2
0
0
2
2
4
4
0
4
2
5
7
4
0
2
2
2
2
5
2
2
4
0
0
0
2
2
2
2
2
4
2
5
2
2
2
2
2
0
4
4
2
0
4
17
0
3
2
3
0
5
2
2
2
4
2
2
0
0
0
7
2
2
4
2
4
4
2
0
3
4
2
2
4
2
4
0
4
4
5
4
0
0
0
5
4
2
2
21
0
3
4
3
4
0
0
2
4
11
3
2
0
0
2
4
4
2
3
2
5
2
2
4
2
4
2
0
4
0
3
0
4
5
2
0
7
2
19
2
2
2
2
2
5
0
0
2
2
7
4
4
5
0
3
2
4
0
0
0
3
2
2
2
0
0
2
2
2
0
0
2
0
2
2
4
0
2
2
2
2
0
2
4
5
1
4
3
5
1
12
13
1
6
3
5
6
5
12
6
3
3
6
1
3
1
11
13
3
1
5
5
3
29
3
5
3
8
7
1
5
5
3
3
1
6
3
11
1
3
3
1
1
1
5
3
3
0
6
3
3
7
6
12
6
17
15
3
5
3
11
6
6
7
5
9
3
6
6
7
0
4
6
6
3
13
1
5
5
6
9
1
7
4
6
6
5
6
5
5
3
3
3
6
0
4
8
7
14
6
6
8
1
4
3
6
4
1
3
3
3
10
5
4
3
5
1
3
5
1
0
5
6
1
8
1
3
6
3
3
6
1
6
15
15
4
5
3
3
7
5
9
15
5
3
0
1
5
8
3
5
12
3
3
3
1
4
5
5
1
3
4
8
3
7
1
5
7
5
10
3
3
8
13
10
3
1
7
5
3
3
5
12
10
5
5
8
3
8
6
3
6
17
6
3
6
6
5
8
3
1
1
3
0
6
5
7
7
5
3
3
1
12
8
4
5
6
1
3
3
3
6
5
13
3
5
1
5
5
0
8
3
13
3
3
11
3
3
7
5
6
0
5
0
3
0
5
5
14
1
1
5
10
3
9
5
7
6
5
7
1
5
3
9
3
3
3
8
11
5
6
3
5
3
0
12
1
6
14
3
1
5
10
21
11
13
13
8
13
23
10
15
15
59
13
6
8
12
12
6
12
10
12
23
12
25
19
11
10
10
17
17
17
8
13
29
13
15
27
27
10
68
10
19
25
23
17
29
27
23
19
14
4
10
17
17
27
12
6
37
2
17
25
8
8
21
10
6
10
62
13
17
33
21
14
23
6
14
31
0
17
25
10
23
21
15
10
13
10
10
17
23
27
10
52
29
27
19
33
46
10
14
17
23
23
12
12
28
42
35
46
35
93
44
40
23
29
17
41
17
25
25
19
34
23
27
67
31
15
36
15
27
15
35
48
33
52
19
6
29
35
42
46
17
31
33
27
38
17
13
14
10
17
15
21
17
21
21
10
54
15
40
37
25
13
56
15
33
48
33
6
33
42
21
19
25
13
73
81
65
25
15
31
58
15
27
35
17
33
29
44
58
2
15
9
13
29
29
8
6
21
19
13
27
10
21
39
15
8
8
6
35
44
12
38
13
15
15
15
8
2
10
23
25
19
27
10
11
14
8
8
17
0
21
42
19
23
21
19
19
12
28
8
33
17
9
15
37
31
29
8
46
27
8
21
8
38
27
38
42
17
27
19
8
30
58
27
33
27
27
19
21
29
34
50
17
15
13
6
10
2
12
42
12
21
19
19
19
10
8
2
4
0
0
4
2
4
0
2
0
2
2
0
0
0
0
2
0
2
0
0
2
2
6
0
2
2
2
0
2
2
2
2
0
2
0
2
2
2
2
2
2
2
0
2
0
4
2
2
2
0
2
4
2
4
0
0
4
2
0
4
4
2
2
2
0
2
2
0
2
0
2
0
2
4
4
0
4
4
2
0
2
0
0
2
2
2
2
2
2
0
0
2
2
2
0
0
0
2
0
0
2
0
2
0
4
0
0
2
0
2
0
0
4
2
0
0
2
0
2
2
0
2
0
0
0
0
2
0
4
2
0
4
2
2
2
4
4
2
0
0
4
0
4
2
0
2
2
2
4
2
0
2
2
0
0
0
2
2
4
2
4
4
0
0
0
0
2
2
0
0
0
4
2
0
0
2
0
0
0
2
2
2
2
4
2
2
2
0
0
4
0
0
2
2
2
0
0
0
2
2
2
2
2
0
4
2
4
0
0
2
2
0
0
2
0
0
4
0
0
0
4
4
0
2
0
0
0
2
2
2
0
0
2
0
0
2
2
0
2
4
4
2
2
0
0
0
0
4
0
2
0
0
2
0
2
2
2
2
2
4
4
4
0
0
0
0
4
0
2
2
2
0
2
0
2
0
0
0
2
2
2
2
2
2
0
2
2
