6
6
4
0
0
40
8
6
85
10
4
6
6
6
4
8
0
4
7
0
0
2
11
4
3
6
0
10
6
4
0
0
6
4
6
6
8
0
0
6
4
0
4
4
10
73
6
4
4
0
4
6
4
2
0
4
89
61
6
4
4
6
90
8
4
59
5
3
6
0
4
2
16
6
4
4
4
0
8
13
0
8
6
4
30
8
6
4
0
2
73
6
0
4
0
5
12
6
33
4
6
6
6
6
4
6
4
4
38
4
7
4
3
0
55
6
6
4
2
4
7
4
22
4
93
8
0
58
12
10
7
6
6
0
6
6
5
2
0
6
70
6
0
80
2
4
71
6
0
64
4
8
6
2
0
0
9
4
7
4
6
2
5
60
6
6
4
4
4
54
6
0
72
8
10
7
8
5
6
4
6
0
0
5
4
4
62
2
10
63
2
10
69
0
4
57
4
2
8
4
87
4
6
4
49
6
6
2
6
6
8
38
2
13
4
4
0
4
68
0
4
65
2
4
51
4
4
0
2
6
65
2
10
65
4
6
67
6
6
8
6
8
84
0
10
4
4
4
0
10
4
6
7
4
6
0
0
7
6
6
48
8
2
54
6
4
2
6
10
0
6
49
10
4
6
6
6
13
8
6
6
6
6
58
4
18
6
7
3
5
3
3
3
7
5
3
5
5
7
2
2
3
1
5
3
12
3
5
3
5
3
5
3
3
3
7
6
3
3
3
3
3
5
4
7
3
3
2
3
3
3
2
3
3
1
3
3
3
5
7
5
3
23
14
5
5
3
5
2
5
3
5
3
2
3
4
3
2
4
3
5
18
3
3
2
2
3
11
3
3
3
3
5
3
7
5
2
7
5
3
3
7
3
5
3
7
5
3
6
5
7
2
3
3
1
3
7
5
3
3
5
3
5
3
5
2
9
3
5
5
3
2
1
5
5
3
3
3
3
3
5
3
3
2
5
5
2
5
3
2
5
7
5
3
5
7
5
3
3
8
9
5
13
1
3
3
2
3
2
2
2
3
5
3
3
3
2
3
11
1
3
4
2
3
2
3
5
5
3
9
3
3
2
6
3
3
5
3
3
3
6
6
6
5
5
3
1
3
8
7
3
3
7
3
2
4
3
3
2
5
5
3
2
3
5
9
3
2
7
4
3
7
3
10
2
2
44
17
4
5
3
6
5
2
7
3
3
7
7
8
3
2
9
5
5
3
3
7
2
3
3
5
5
5
4
5
3
3
5
2
5
3
3
4
7
3
7
3
2
5
5
2
3
5
10
5
3
3
7
5
3
9
3
2
3
7
10
0
2
2
0
5
2
0
0
0
0
4
2
2
50
2
4
6
2
2
2
6
7
4
8
0
4
0
6
2
2
2
0
0
2
29
8
2
6
2
4
67
2
2
2
6
0
2
18
3
8
4
2
2
2
2
0
2
2
77
0
0
6
2
8
4
2
2
4
48
2
0
2
2
2
87
0
2
2
4
4
8
0
2
4
2
4
53
2
2
87
2
0
48
2
2
55
8
2
6
0
8
4
2
0
2
0
0
2
0
2
28
0
0
2
2
2
33
0
4
0
2
4
10
2
5
4
2
2
59
2
2
8
34
2
6
0
4
2
0
0
69
2
6
61
2
0
0
4
2
2
0
4
22
4
21
24
5
14
22
16
0
2
2
0
6
6
0
0
44
0
1
0
2
4
18
12
4
6
0
8
44
4
5
46
0
0
58
6
4
2
4
4
0
34
2
8
6
4
2
39
0
2
7
2
7
25
0
6
48
0
6
66
0
4
52
2
4
4
2
2
2
0
2
4
0
0
0
6
2
2
0
2
6
4
4
0
2
0
6
84
0
6
41
2
4
5
4
0
2
50
15
20
32
11
14
17
1
20
11
26
28
4
20
19
2
15
24
18
0
18
23
0
2
20
0
11
17
18
18
2
9
2
2
4
4
2
2
1
0
0
2
0
2
0
1
0
0
2
0
4
13
2
2
2
2
0
0
2
2
2
0
0
2
0
0
2
0
2
4
0
3
2
5
1
2
0
2
2
1
2
2
0
4
0
1
0
2
0
2
0
0
1
2
0
2
2
0
0
0
7
0
0
0
2
2
0
2
1
2
2
0
2
0
2
1
2
0
2
0
2
2
2
0
0
2
2
0
0
2
0
0
0
0
2
3
0
1
2
0
2
0
1
0
2
0
4
0
0
2
0
1
1
2
0
2
0
0
3
4
0
0
0
0
1
0
0
3
1
2
0
1
0
0
1
2
0
0
4
3
3
3
1
0
1
0
2
0
0
0
0
2
0
0
5
2
1
0
2
3
0
2
2
1
7
0
2
0
0
2
0
2
1
6
0
2
3
0
0
3
0
1
0
2
0
1
1
2
2
2
1
0
0
0
0
1
2
1
1
3
2
2
1
2
0
0
0
5
1
0
0
3
2
0
2
0
1
2
2
2
0
14
0
0
2
1
2
0
2
4
1
2
2
2
0
1
1
0
1
2
12
6
0
0
1
0
4
1
2
4
2
2
0
0
0
2
2
0
0
1
0
0
0
2
2
0
1
1
2
0
0
0
0
0
2
0
1
2
3
3
2
0
5
2
0
5
13
6
8
2
10
14
9
10
10
14
16
10
10
7
7
6
10
15
10
9
11
8
9
16
12
9
19
10
8
8
11
14
10
15
5
11
10
11
14
10
19
13
7
6
10
13
6
10
13
7
10
11
15
15
9
8
11
9
7
7
6
13
9
15
2
11
10
12
13
13
7
13
8
11
15
13
11
10
12
9
9
9
7
8
10
12
8
11
11
9
12
10
9
10
12
11
11
2
9
10
10
13
8
11
12
9
12
12
12
13
7
12
10
11
8
9
11
8
12
12
13
6
10
10
11
7
9
8
10
12
9
13
16
11
13
17
6
15
8
8
12
14
9
8
7
8
17
15
10
10
13
7
12
11
13
11
8
8
10
5
10
10
10
10
8
12
9
8
8
11
10
7
10
14
7
13
8
7
10
6
11
12
8
8
10
7
13
8
10
8
12
7
11
16
10
16
8
10
5
10
14
6
12
6
10
11
6
12
12
8
9
12
11
7
10
9
19
7
6
7
9
10
15
5
15
14
10
10
8
15
10
11
12
13
8
15
10
7
15
14
10
4
10
6
14
14
12
6
8
6
16
12
11
7
8
13
12
10
10
12
12
8
6
10
10
8
10
10
8
12
8
7
14
8
9
13
13
6
7
11
12
9
11
6
8
10
11
15
0
0
2
0
2
0
2
0
2
0
0
2
0
0
0
2
0
0
2
0
2
2
4
0
0
2
2
0
4
2
2
2
0
0
4
2
0
0
0
0
0
2
0
0
0
2
0
6
4
2
6
2
2
0
18
17
9
2
4
2
2
2
4
2
4
9
9
4
11
2
4
2
4
0
2
6
6
2
4
2
2
26
18
7
4
2
2
2
0
11
2
4
0
0
4
2
2
0
0
4
2
2
0
2
2
0
2
2
4
6
2
4
2
0
0
0
2
0
2
0
4
4
2
0
2
2
2
2
0
4
4
2
2
6
2
2
2
0
4
0
0
0
4
2
0
2
2
0
0
0
0
2
0
4
2
4
2
2
2
4
4
0
7
0
0
2
2
0
4
2
0
4
0
0
0
0
0
2
0
0
2
4
7
4
2
2
2
0
2
2
2
4
2
2
2
0
0
0
0
0
0
0
0
0
0
0
0
0
0
2
0
0
0
2
2
0
0
4
0
0
0
0
2
0
76
0
0
0
2
9
2
2
4
0
95
0
0
0
0
0
0
0
0
0
0
0
0
2
0
0
4
2
4
6
4
4
18
2
2
4
2
4
2
0
0
0
0
2
4
2
0
2
0
0
0
0
4
0
0
2
4
4
4
0
2
2
0
4
2
1
0
4
2
2
2
2
4
2
6
2
4
4
0
4
2
2
0
4
2
0
4
1
17
2
2
13
2
0
7
4
1
5
4
3
0
4
0
0
5
4
0
0
3
4
2
0
2
6
0
2
7
0
2
2
4
3
3
2
0
2
4
2
2
17
4
2
2
2
1
2
0
0
0
5
4
5
1
0
2
2
0
2
0
2
2
0
0
0
3
2
2
9
2
0
15
2
5
9
0
5
2
3
2
1
4
1
5
2
2
0
2
2
5
2
0
4
2
5
1
4
0
2
4
4
4
2
1
5
5
1
4
2
5
3
0
4
4
2
17
0
0
0
2
3
2
4
4
4
2
2
2
2
2
4
2
4
0
4
0
0
2
2
4
7
4
2
0
4
13
13
2
2
4
2
2
3
0
0
5
5
2
1
2
3
5
6
2
3
19
4
4
5
2
2
1
5
23
3
0
5
0
7
4
0
2
2
6
3
5
2
4
0
2
0
2
3
2
4
0
1
5
2
2
2
2
0
0
5
6
2
2
3
0
4
2
4
2
4
2
5
0
1
0
3
2
0
4
5
4
13
0
0
2
7
4
2
3
2
2
15
2
4
2
4
0
2
4
6
4
4
0
4
0
2
5
13
15
2
0
4
4
2
2
3
21
2
8
6
18
8
10
11
9
8
12
8
8
9
15
11
8
2
14
8
13
12
10
14
10
10
6
4
6
11
4
8
6
10
10
8
14
10
8
20
10
12
8
15
4
4
6
6
10
17
14
7
12
10
14
10
8
8
18
11
15
19
15
11
10
6
11
17
8
8
14
6
8
15
6
11
9
8
8
12
15
10
17
9
11
4
14
15
11
8
8
8
8
10
8
14
12
16
8
11
12
8
13
16
16
12
10
13
16
8
8
13
15
13
15
12
14
6
15
6
8
6
17
13
14
19
6
10
10
8
6
10
10
14
14
23
15
6
4
6
6
4
27
15
8
8
4
15
8
10
8
12
10
6
8
12
8
10
8
6
12
14
4
6
11
12
6
15
11
10
11
12
10
8
10
8
8
10
8
6
12
13
6
12
8
4
8
8
12
17
2
4
12
14
6
7
6
10
6
10
4
8
6
4
6
4
8
14
15
8
6
12
6
12
12
4
10
12
10
8
20
6
10
6
10
15
7
8
10
8
6
7
8
12
7
10
8
12
15
10
4
8
13
10
6
14
4
12
10
12
8
8
13
12
9
11
12
12
19
10
8
4
4
12
10
12
12
8
8
10
4
8
6
6
8
4
10
8
11
8
8
14
6
6
8
12
12
6
4
10
73
93
75
38
40
29
42
44
28
45
93
39
92
85
45
40
48
24
29
35
48
42
96
29
90
94
91
40
76
29
39
32
28
44
50
44
64
81
30
48
23
31
69
49
29
71
93
43
66
98
52
26
47
32
38
26
48
84
94
88
42
70
60
26
32
27
40
43
29
39
81
42
82
95
37
42
36
24
29
42
24
45
79
45
94
54
48
31
47
28
23
40
41
44
93
41
41
81
88
35
25
14
32
47
60
72
81
24
94
93
85
36
52
31
30
28
40
41
48
43
90
64
70
41
34
43
42
45
27
39
55
38
31
27
36
23
32
21
19
60
35
24
29
24
30
36
37
24
24
19
36
34
36
46
39
32
75
36
45
40
28
27
21
17
32
29
81
20
26
75
41
35
58
21
35
28
47
47
39
29
67
46
29
29
41
29
30
44
44
28
36
33
23
15
22
19
50
30
35
25
26
22
62
27
29
40
27
18
41
22
28
71
33
41
72
42
23
17
25
33
26
37
41
63
89
84
93
47
45
43
33
23
36
22
22
24
18
16
28
16
26
22
20
20
19
22
19
21
14
22
21
19
18
25
20
15
27
20
22
17
26
23
19
17
19
24
29
21
24
21
21
24
22
13
17
17
17
27
18
28
23
19
21
19
12
24
20
20
13
11
15
7
10
14
8
11
6
22
24
7
11
17
8
10
10
9
15
10
12
13
10
10
10
9
14
11
7
13
11
15
12
9
7
11
10
8
7
7
5
6
11
6
10
7
10
10
5
9
8
8
8
11
5
6
5
10
5
5
10
7
7
15
16
5
7
7
5
9
6
11
8
7
7
9
8
5
16
16
12
8
4
7
6
4
9
7
5
4
7
3
9
7
14
8
2
5
3
2
3
6
5
5
8
7
7
13
9
5
7
8
4
7
3
4
10
9
10
3
7
7
7
7
9
12
6
4
7
10
10
7
9
6
9
7
11
9
5
12
6
10
4
7
5
7
9
4
6
4
14
4
11
5
9
10
5
19
5
8
13
6
5
11
6
11
11
4
7
17
33
10
7
6
4
5
11
7
13
5
8
7
15
11
8
8
10
12
16
10
7
8
9
11
14
11
8
11
13
12
7
9
9
10
9
11
11
10
11
6
14
12
12
6
16
8
12
11
8
11
11
16
10
13
9
11
6
7
20
9
8
3
9
14
10
19
7
7
15
7
8
18
34
13
10
10
14
11
7
10
13
8
4
5
16
10
13
11
9
12
12
9
13
20
12
5
10
11
13
8
13
13
8
5
12
13
9
11
7
8
6
8
11
13
15
7
13
10
