2
6
2
0
2
2
0
2
4
6
2
0
0
0
4
0
2
2
2
2
1
0
4
0
4
2
2
0
2
2
0
2
0
0
6
2
0
4
2
2
0
4
0
0
0
2
2
2
0
2
2
2
2
0
1
0
4
0
4
0
0
4
6
2
2
2
4
0
4
0
0
2
4
2
0
0
4
0
2
0
0
0
0
2
4
0
4
2
2
0
0
4
2
0
0
2
0
2
2
0
2
0
0
0
1
37
0
6
0
0
0
2
2
4
6
2
0
0
0
2
2
2
0
0
8
8
4
0
2
0
0
0
0
2
2
2
2
0
0
2
52
0
2
6
4
1
0
4
0
0
2
0
0
0
2
0
2
2
0
0
2
2
0
0
2
4
0
2
0
0
0
4
2
4
6
0
2
1
0
4
2
0
2
0
4
2
2
0
2
0
2
6
4
4
6
2
0
4
4
2
4
4
0
0
4
2
0
10
0
2
4
0
0
1
6
4
0
2
0
4
2
2
0
0
6
2
4
2
0
0
4
0
2
4
2
0
4
0
2
6
4
4
0
2
4
2
0
2
6
0
0
0
0
4
2
0
0
4
2
2
0
4
0
6
2
2
0
0
4
4
6
4
2
2
2
2
2
6
2
2
0
4
2
4
6
0
0
0
14
7
18
19
12
18
24
14
10
17
16
29
27
4
9
8
5
6
4
5
9
2
4
4
7
39
7
2
4
4
5
7
5
4
6
6
8
4
8
8
6
8
6
2
12
7
42
6
3
11
5
6
9
9
6
4
7
7
11
4
4
5
2
6
7
3
4
4
10
5
2
11
9
6
9
5
7
6
7
6
8
7
9
8
13
2
5
4
6
4
4
9
10
9
5
8
13
5
3
7
7
5
7
4
4
9
5
8
7
9
8
7
7
7
6
4
7
6
4
4
9
3
7
11
7
6
7
5
5
5
7
4
2
8
6
2
3
4
4
5
11
6
3
31
9
6
8
7
13
69
6
26
13
7
6
10
14
9
7
37
6
8
5
7
7
7
10
6
8
8
9
6
5
7
4
7
27
2
5
6
5
8
4
7
6
31
7
4
2
46
5
10
4
4
5
8
3
8
9
45
5
2
8
5
6
4
7
4
7
6
6
8
7
9
5
11
5
8
6
4
4
16
9
8
11
7
4
7
17
2
9
20
6
19
7
5
6
4
8
11
4
8
7
5
7
8
6
9
8
7
6
4
11
5
11
4
9
38
2
6
4
20
11
9
4
7
5
2
10
4
5
8
10
8
9
6
29
57
10
12
2
4
5
7
7
5
23
6
4
7
5
45
5
14
13
7
5
37
8
40
10
3
4
4
8
9
4
1
8
2
5
47
7
59
10
5
2
7
5
9
2
3
5
37
9
5
4
63
12
6
60
40
7
33
6
6
7
33
7
29
7
12
29
37
6
7
4
4
34
4
7
8
15
5
4
2
8
12
5
48
7
7
11
5
2
9
41
5
11
18
7
7
2
2
4
7
8
6
9
2
5
7
6
34
8
54
4
49
5
45
9
10
4
7
10
5
47
4
31
9
7
30
7
7
30
11
30
7
4
5
4
58
7
7
6
70
7
4
58
5
7
7
4
5
76
8
50
9
51
10
4
2
7
38
40
5
37
15
36
9
7
7
3
9
4
10
4
5
8
5
12
14
46
3
12
6
7
6
7
5
2
8
8
5
30
4
48
5
49
23
14
20
5
9
7
8
69
10
7
7
5
7
9
54
14
6
5
4
17
4
41
43
31
4
28
40
9
5
30
58
5
2
3
33
4
7
33
3
6
4
4
3
6
6
2
2
5
2
6
4
6
7
2
6
31
2
10
39
3
5
27
5
10
4
28
9
5
9
23
7
7
28
22
8
10
2
8
27
3
6
4
38
2
4
49
31
29
8
36
6
4
4
29
5
7
6
21
5
29
17
3
34
6
9
3
30
29
26
33
65
26
53
24
38
22
40
35
28
22
4
20
40
24
21
19
18
26
20
18
18
28
18
24
39
16
17
20
36
41
34
28
21
44
14
19
30
16
31
16
69
24
53
20
58
27
39
30
40
16
30
14
19
27
31
20
49
43
20
28
52
26
61
46
70
18
14
28
31
22
21
27
23
28
29
26
30
30
28
27
38
58
22
21
47
57
27
28
38
53
18
28
34
32
7
22
32
29
18
22
28
16
17
20
21
13
25
18
29
30
24
18
26
33
32
5
32
24
22
27
36
30
23
21
32
32
25
54
38
28
35
23
45
32
24
23
30
30
25
39
35
20
25
34
32
36
29
21
18
16
62
24
26
25
0
0
0
0
0
0
0
28
20
23
14
41
52
25
35
18
14
24
30
25
30
28
34
21
37
42
22
33
17
33
35
6
21
16
23
23
22
27
23
20
20
27
32
17
30
34
30
34
25
29
31
34
18
21
20
33
24
23
17
39
30
38
15
27
21
31
28
30
10
28
25
26
17
25
31
22
32
26
32
30
30
31
31
27
28
31
12
19
22
49
25
26
9
29
61
16
39
20
27
24
15
19
21
47
24
21
20
26
26
7
22
24
43
23
10
28
40
23
14
36
30
14
30
18
37
24
17
25
27
23
25
0
0
2
0
2
2
2
2
0
2
2
2
0
2
0
4
2
4
2
2
4
2
0
0
2
2
2
2
2
2
2
0
2
0
2
2
2
0
0
2
2
2
2
2
2
0
4
0
2
2
0
0
2
2
4
2
0
0
2
0
2
2
2
2
4
2
0
2
2
0
2
2
0
2
2
2
2
2
0
2
2
0
0
2
2
0
0
2
4
2
0
0
2
0
0
0
0
2
2
2
0
2
2
4
2
0
2
2
4
2
2
0
4
4
2
2
2
2
0
2
0
0
2
0
2
2
2
2
2
2
2
2
2
8
2
0
2
2
2
0
0
0
2
2
0
2
0
0
2
0
0
2
4
0
0
2
2
2
2
0
4
2
2
2
0
0
0
0
0
2
6
2
2
2
0
4
0
0
0
2
2
2
2
2
2
2
2
0
2
0
2
0
2
0
0
2
2
2
2
2
4
2
2
2
0
2
0
2
0
2
2
2
2
0
2
2
2
2
2
2
2
2
2
2
2
2
0
0
0
2
0
0
2
2
2
2
2
2
2
2
4
0
2
2
2
2
0
2
2
0
0
0
2
2
0
2
2
0
2
2
0
2
2
0
2
2
2
0
2
0
2
4
0
0
0
2
4
2
0
0
0
4
0
2
0
2
0
2
49
62
60
50
51
59
40
25
56
42
47
51
48
49
59
49
53
50
56
52
43
47
60
49
61
37
50
61
57
40
35
51
55
56
50
56
47
58
54
47
44
60
44
51
54
58
42
53
53
49
55
59
49
52
43
55
33
48
46
53
53
58
49
46
42
58
52
40
59
44
37
35
57
49
57
60
36
40
46
48
60
54
51
60
60
36
51
57
57
34
57
59
51
59
59
48
60
48
50
35
61
54
37
58
30
47
56
60
31
60
49
41
35
60
52
40
44
35
35
50
62
50
36
58
61
57
49
35
32
60
61
38
51
53
47
53
61
52
60
53
36
55
58
60
47
56
44
32
59
54
36
27
55
32
51
33
46
33
46
46
29
52
35
46
37
58
35
35
50
42
51
51
31
51
34
53
33
60
53
32
51
32
34
51
52
29
55
47
35
50
30
46
46
59
53
53
50
51
54
60
53
54
56
52
48
57
43
63
59
55
62
52
53
41
35
33
49
54
52
49
53
35
54
56
37
38
31
39
48
34
52
61
30
51
38
34
54
61
59
54
36
33
34
51
49
48
53
51
43
28
47
38
54
54
58
49
48
56
51
58
30
49
34
54
59
46
59
54
59
51
54
52
49
51
50
39
47
61
59
37
33
49
62
50
34
30
55
52
27
21
28
26
45
52
28
24
31
68
27
27
73
67
23
28
27
68
47
17
75
33
26
28
63
57
24
67
48
27
44
47
36
28
44
48
28
16
37
26
24
28
37
28
36
42
38
27
28
44
40
40
26
26
39
32
37
40
20
28
37
35
17
36
38
51
29
34
40
40
29
44
38
39
40
33
38
44
41
61
59
17
26
45
37
44
24
29
44
39
40
19
39
39
39
40
27
39
41
39
24
24
35
22
17
21
28
25
43
27
24
22
39
37
32
42
39
26
24
28
27
30
40
36
21
29
28
23
46
41
27
24
38
29
27
22
36
27
24
38
25
30
29
35
37
26
27
33
19
38
38
24
29
25
26
29
40
18
28
30
23
27
40
27
37
23
20
25
25
26
35
36
28
20
24
11
39
27
25
25
28
24
28
24
22
25
22
51
32
29
50
30
27
37
22
27
28
24
23
26
23
54
22
22
44
26
26
41
22
17
49
29
28
58
22
40
27
16
43
39
26
31
22
37
27
33
24
25
47
22
32
48
47
24
31
28
21
75
25
27
39
31
27
30
54
27
27
25
25
24
29
40
41
29
40
40
24
25
24
28
39
27
27
41
23
29
27
18
42
60
31
25
34
29
47
28
38
18
52
24
25
26
24
41
22
26
26
27
0
0
0
0
0
0
0
0
0
0
0
0
0
0
0
0
0
0
0
0
0
0
0
0
0
0
0
0
0
0
0
0
0
0
0
0
0
0
0
0
0
0
0
0
0
0
0
0
0
0
0
0
0
0
0
0
0
0
0
0
0
0
0
0
0
0
0
0
0
0
0
0
0
0
0
0
0
0
0
0
0
0
0
0
0
0
0
0
0
0
0
0
0
0
0
0
0
43
24
53
39
33
46
52
46
34
60
53
6
30
32
27
13
60
44
72
60
41
80
52
22
42
39
45
13
58
62
59
67
80
71
57
50
73
62
9
49
28
44
66
68
58
68
31
71
32
55
46
55
56
36
65
59
68
59
26
38
68
72
78
71
92
30
88
20
0
29
67
51
41
46
63
50
5
63
48
87
53
41
81
65
15
71
55
72
78
60
95
72
54
60
83
26
32
43
56
80
54
27
44
45
33
66
27
48
43
86
45
56
64
32
46
42
53
86
38
39
23
35
40
48
39
24
65
54
74
4
37
28
27
22
26
44
51
55
41
20
26
29
32
23
24
51
61
39
33
17
45
34
39
46
37
31
24
33
39
29
25
35
31
19
26
33
34
50
44
26
51
31
30
19
44
46
46
25
20
58
53
29
21
44
21
33
23
17
46
32
24
0
1
20
15
1
0
3
10
22
25
1
9
3
42
31
16
0
5
26
39
28
20
26
0
18
3
27
52
12
1
17
3
20
1
20
9
0
0
3
0
1
3
16
0
20
18
21
30
3
36
33
21
18
21
12
17
5
40
3
1
25
3
18
27
1
3
3
0
38
0
1
29
26
30
9
1
1
3
21
4
6
1
6
3
6
21
1
40
29
45
18
1
16
1
1
8
36
1
24
23
1
5
3
24
36
38
1
0
30
1
24
10
24
33
9
1
14
3
30
9
0
21
1
46
10
1
1
31
1
40
1
3
3
20
0
38
1
3
12
20
29
1
0
1
28
34
13
19
25
24
1
27
43
23
1
19
26
16
28
5
27
42
25
1
19
1
1
0
6
5
3
3
3
4
26
18
13
1
1
25
10
0
1
0
1
17
10
25
26
36
1
3
1
26
17
4
1
23
0
28
31
19
1
1
9
35
27
1
31
3
21
17
39
0
24
14
26
57
3
65
1
11
16
43
16
1
0
21
14
25
0
9
3
15
16
1
22
1
3
16
1
16
1
3
1
11
0
3
1
21
19
1
17
22
1
22
19
0
7
10
13
1
1
0
14
22
12
0
22
12
8
1
19
0
19
23
8
0
15
13
17
0
0
3
11
12
0
1
38
15
41
24
34
13
24
25
8
16
31
27
17
10
33
32
24
35
22
20
32
18
26
31
35
14
29
30
30
29
29
20
30
19
25
14
22
26
34
25
30
27
21
23
27
15
20
30
38
37
21
32
16
43
28
32
27
22
20
29
48
54
44
27
18
33
24
22
56
31
27
23
25
23
24
22
21
35
37
29
18
21
20
29
14
38
40
8
31
29
22
21
27
32
18
22
28
37
33
39
32
34
23
24
25
16
17
23
34
18
24
20
27
30
23
22
20
24
36
25
45
41
44
32
36
23
19
28
30
22
31
2
20
40
30
24
27
26
17
29
36
19
34
34
37
27
26
22
31
22
26
49
21
26
23
39
37
23
22
20
25
31
12
29
28
17
24
24
35
25
40
25
26
24
27
20
21
29
30
24
21
37
23
74
20
26
21
22
40
29
16
29
32
33
38
51
22
20
33
35
21
21
23
28
31
27
32
29
31
30
21
23
19
26
27
28
31
32
25
36
27
21
23
22
47
34
31
45
34
40
30
18
25
20
21
32
27
20
13
21
26
18
28
24
21
15
19
29
21
17
28
25
22
20
33
22
17
15
18
20
17
12
13
17
14
16
16
16
15
21
9
35
20
18
15
16
17
18
20
21
20
24
18
26
19
11
36
38
