0
6
4
6
5
2
4
2
3
6
4
3
1
0
4
3
4
2
4
4
7
2
3
5
3
0
6
4
5
4
2
0
8
5
2
5
4
0
2
6
3
4
4
8
9
2
3
2
3
3
11
5
5
3
4
3
3
5
5
6
3
2
5
7
5
4
2
1
5
2
4
3
2
2
9
4
8
4
5
1
8
4
1
2
0
5
5
9
6
3
6
8
7
4
4
8
8
3
4
8
8
3
4
5
2
13
3
15
6
3
5
11
4
7
6
4
4
2
5
5
4
10
10
1
5
4
8
8
11
12
6
8
2
2
5
9
4
12
1
1
8
2
3
1
3
3
2
3
10
4
2
2
4
2
4
7
1
1
7
5
5
1
5
6
1
3
1
4
1
0
0
3
4
2
0
3
1
1
8
2
0
7
2
5
1
0
2
4
2
8
6
3
2
2
2
2
9
4
3
3
3
2
8
14
4
4
0
4
3
2
0
3
5
5
3
2
0
5
5
1
1
1
1
1
0
2
5
5
1
11
3
3
9
0
3
3
2
2
2
3
8
3
6
3
2
5
5
3
6
6
8
1
2
2
8
3
3
2
0
5
2
2
2
1
1
3
3
2
8
4
1
1
4
7
1
6
2
3
4
3
4
7
2
11
1
4
3
3
7
2
5
4
0
6
2
0
0
0
6
4
4
11
2
0
15
9
6
2
6
4
11
15
0
6
7
4
15
2
2
0
4
13
6
4
0
0
2
6
2
8
15
0
2
7
7
2
2
23
4
21
4
0
6
2
2
4
6
11
2
0
4
2
2
17
2
0
4
0
6
0
9
2
0
2
4
2
5
4
4
9
2
7
0
0
0
3
0
0
0
2
0
2
0
4
0
2
2
2
11
4
4
6
2
21
4
8
4
4
2
2
3
4
0
0
6
6
2
4
4
0
6
4
2
3
7
4
0
6
0
15
0
0
0
22
2
0
0
2
15
2
6
6
0
0
4
0
6
2
9
0
2
4
0
4
2
0
11
0
16
5
4
4
6
2
2
6
6
22
4
2
17
0
0
11
0
0
0
0
2
2
0
2
4
2
15
6
2
2
5
0
0
2
9
0
4
0
2
2
0
0
2
2
0
0
0
0
2
0
0
2
9
20
0
6
0
9
0
2
4
24
2
4
4
4
4
0
0
32
4
2
9
9
7
4
2
3
6
0
2
7
0
0
9
6
5
2
2
2
7
10
4
8
0
10
2
0
0
6
9
4
4
2
2
5
4
2
0
6
2
4
2
0
2
4
4
6
9
2
0
4
0
0
0
2
20
0
3
0
2
15
0
5
2
0
0
0
2
0
2
0
0
0
2
4
2
0
0
4
0
3
0
0
0
4
2
2
0
0
3
0
0
0
2
0
2
0
4
4
2
0
3
3
2
3
2
3
5
4
2
0
0
0
0
4
2
3
2
2
0
0
2
2
2
3
0
2
3
2
2
1
0
3
2
0
2
0
0
6
3
4
2
0
0
3
0
0
5
2
2
2
2
5
0
0
4
0
0
2
2
4
3
4
4
4
0
7
2
5
2
2
2
3
0
4
0
0
0
2
0
0
0
2
3
2
2
2
5
0
2
2
5
0
0
0
4
0
2
2
2
2
0
2
2
0
0
2
4
2
2
2
0
3
3
0
0
0
0
2
3
0
3
7
2
0
2
2
2
2
4
0
0
2
0
2
0
0
7
2
0
0
2
0
1
0
0
0
2
0
0
2
2
2
3
0
0
2
0
2
4
2
2
0
0
5
2
3
0
0
3
4
0
5
2
0
0
2
2
0
2
4
0
2
1
2
2
0
2
4
0
2
5
0
2
2
2
0
3
3
0
0
0
2
2
2
2
6
0
2
2
5
1
2
0
1
0
0
0
4
0
2
2
4
1
2
1
4
0
5
0
2
2
3
2
0
2
0
1
16
2
2
5
2
3
0
7
4
2
4
0
6
2
6
4
2
4
2
3
2
6
5
2
3
2
4
2
2
4
4
4
10
2
33
27
2
5
2
6
2
77
2
2
4
2
2
2
38
2
3
29
4
4
4
4
4
2
0
4
4
2
4
33
2
2
47
4
2
2
7
2
9
3
6
2
4
6
2
6
2
3
2
4
6
2
4
6
6
0
2
6
4
2
5
4
15
4
4
3
6
20
6
8
4
7
6
4
8
4
34
6
6
2
4
42
22
6
11
39
8
18
6
2
4
4
0
4
10
2
3
2
0
3
3
4
2
2
2
2
3
5
0
1
27
29
5
2
4
2
15
4
6
2
4
18
7
0
2
8
67
11
2
6
10
8
35
3
5
37
4
3
6
4
8
2
5
4
30
34
5
28
5
6
4
2
6
5
56
6
3
7
4
4
5
2
11
4
4
2
3
3
13
4
5
4
2
11
4
4
4
4
4
2
3
3
14
4
2
2
4
92
6
2
4
0
2
35
0
4
2
6
12
5
4
6
2
4
14
2
2
2
0
0
0
4
4
2
51
2
4
39
2
8
2
2
3
2
2
70
2
8
40
0
2
91
0
6
0
7
2
4
2
6
75
4
2
0
8
65
2
2
8
4
5
99
5
12
4
8
4
4
7
4
6
12
15
6
13
8
4
6
11
17
10
10
8
8
8
11
8
12
13
10
8
8
15
9
10
5
6
9
8
15
10
21
13
14
10
13
8
9
11
10
8
6
7
9
10
8
13
17
6
8
10
13
10
8
12
9
8
11
12
9
4
6
10
4
14
8
16
12
10
6
11
10
11
12
8
13
13
6
11
13
10
12
4
12
8
6
10
10
13
4
12
6
11
6
8
13
4
2
4
4
6
14
12
13
10
5
10
8
4
11
8
12
8
10
12
4
14
8
10
12
11
4
13
12
6
6
4
9
8
13
6
7
9
7
6
14
21
13
10
6
8
8
11
8
2
16
8
9
14
8
10
13
10
14
13
10
8
8
8
14
4
14
10
10
8
9
15
13
12
15
6
13
15
6
8
18
15
17
11
10
14
10
17
6
8
12
8
12
11
6
15
11
10
8
10
10
4
8
6
11
10
10
6
10
10
6
6
6
12
6
9
12
8
17
9
15
13
13
13
6
8
8
6
6
8
6
10
13
10
4
15
14
9
9
8
10
8
15
8
15
6
11
6
8
12
14
8
8
9
12
10
12
2
6
8
4
4
9
8
6
11
10
8
6
6
8
6
8
4
8
6
11
8
8
8
8
12
11
10
6
8
10
8
8
4
4
6
6
9
13
10
11
11
10
8
9
8
13
8
11
8
2
7
9
10
9
13
8
4
12
10
6
11
10
9
7
16
10
9
7
10
11
12
10
6
10
8
6
13
10
13
8
14
8
12
6
8
8
13
10
12
10
10
7
11
6
11
11
13
7
11
13
15
10
11
9
8
6
12
2
4
8
6
10
9
12
8
8
8
9
12
11
10
9
12
10
10
4
13
8
8
11
7
14
10
8
13
11
10
15
12
7
11
9
11
17
9
9
14
8
11
6
10
17
11
6
7
5
10
14
9
9
7
10
11
12
9
14
10
6
9
9
8
9
6
6
21
15
8
8
5
11
8
12
6
11
10
15
11
10
6
16
10
13
8
8
8
10
11
9
13
11
13
10
8
10
12
11
8
9
13
8
12
10
12
13
11
10
17
6
6
9
6
7
10
12
10
12
12
13
8
9
13
10
11
7
11
9
7
10
10
10
13
10
12
15
7
6
7
12
9
8
10
4
7
10
12
14
8
11
14
9
14
6
8
7
8
10
11
6
8
10
11
10
16
13
10
9
13
6
12
13
14
7
11
8
7
8
7
7
5
11
8
10
10
12
6
7
11
9
8
6
8
16
8
9
6
4
8
4
11
15
13
14
13
4
8
12
8
8
6
8
9
8
6
8
7
9
6
7
4
15
13
14
12
11
9
17
4
6
20
8
4
4
7
6
11
2
9
2
13
7
7
6
7
6
11
12
17
8
11
17
9
7
11
8
7
7
12
13
4
6
4
9
6
7
11
11
11
11
2
4
11
7
4
7
6
11
11
7
2
9
9
9
6
24
4
4
9
11
2
4
4
4
4
4
6
7
11
9
9
7
6
7
6
13
5
4
2
9
2
51
7
7
6
6
7
4
4
4
4
6
2
2
15
2
2
2
15
6
0
4
6
6
6
2
6
8
2
6
4
7
3
4
6
9
6
7
6
6
6
16
4
6
9
6
11
4
8
9
9
4
13
4
6
52
7
4
13
12
2
9
9
11
11
18
11
6
12
13
8
7
7
9
4
4
11
11
7
2
4
4
5
8
12
10
6
8
11
17
2
6
13
12
4
14
7
0
4
24
11
4
17
11
8
4
12
5
13
6
6
15
3
4
6
7
5
8
4
7
5
4
7
9
9
7
13
4
12
7
7
7
4
11
9
9
2
9
4
4
4
16
17
24
19
2
9
7
11
13
5
7
18
11
11
4
5
4
6
4
13
7
14
9
7
4
9
6
0
9
11
9
11
28
10
39
30
14
2
16
9
9
6
21
6
8
4
12
9
9
11
7
5
6
34
16
14
21
18
14
16
12
21
12
12
18
4
8
12
8
16
19
16
10
10
12
23
16
18
10
18
12
33
19
25
10
12
16
21
14
14
18
12
14
14
57
18
18
22
29
25
20
25
18
14
21
16
6
16
53
20
18
18
8
21
16
12
23
23
39
29
21
14
39
8
8
6
27
12
27
29
21
31
33
10
25
25
8
8
10
14
29
14
27
16
6
14
12
8
8
10
16
31
6
18
10
16
33
8
6
16
10
21
14
12
19
20
21
14
16
27
21
12
8
4
14
8
14
4
8
16
10
12
12
6
10
27
10
29
14
10
6
10
23
14
10
14
6
31
10
16
8
12
21
21
18
12
6
8
16
10
10
16
12
23
35
27
4
18
6
12
12
20
10
55
18
16
25
14
18
27
22
45
23
18
21
12
43
16
16
37
29
22
10
12
18
33
25
27
29
18
20
14
27
29
14
18
25
23
39
18
14
18
27
33
31
8
35
45
25
25
12
31
20
10
27
39
33
31
12
18
14
22
25
18
10
10
14
31
23
20
14
29
27
16
14
25
16
18
23
21
16
16
16
29
25
39
25
16
29
25
18
23
31
18
20
29
18
27
23
10
22
22
21
31
16
23
25
16
72
31
54
35
14
8
12
16
10
8
12
16
18
18
5
0
3
2
3
7
2
7
3
5
3
9
5
9
3
0
5
0
7
7
5
2
7
9
11
3
7
5
5
0
5
3
3
5
2
7
5
2
5
2
0
5
0
2
2
0
2
2
5
7
7
2
5
2
0
7
3
2
5
7
7
9
3
2
3
3
2
0
5
11
7
2
5
5
7
3
5
5
3
2
3
2
5
3
3
3
2
7
2
3
2
2
2
7
7
5
2
2
7
9
3
5
0
3
3
2
3
2
5
5
15
7
5
7
11
3
3
5
3
3
3
5
7
5
15
5
15
19
17
27
13
13
3
13
23
11
11
35
5
13
13
9
3
5
7
19
13
9
15
21
15
5
15
7
13
17
11
27
19
13
9
7
13
11
9
15
17
13
15
13
21
17
27
5
19
17
15
27
13
9
27
11
27
7
21
7
17
15
5
11
15
5
9
7
9
17
13
11
17
15
5
9
5
19
9
17
5
9
7
13
15
11
9
13
11
9
13
5
7
9
13
13
13
7
13
7
11
11
9
13
9
19
9
5
7
13
5
2
9
7
13
7
7
13
11
3
7
5
7
9
3
7
3
5
13
13
9
9
5
5
11
3
5
3
5
7
5
7
3
15
9
7
11
45
3
5
7
7
5
7
9
13
5
7
5
5
7
11
2
0
2
4
0
2
0
2
0
2
2
0
2
2
4
2
0
2
0
4
2
4
4
0
0
6
0
2
2
0
0
0
0
6
2
2
0
2
0
2
0
0
2
0
2
4
0
0
2
0
2
0
0
0
2
0
0
0
0
4
0
0
0
0
0
0
4
0
0
2
0
0
2
0
2
2
2
2
0
0
0
0
2
0
6
4
2
0
2
0
2
0
0
4
2
2
0
2
0
2
0
2
2
2
2
0
2
0
0
6
2
6
2
4
0
6
0
2
0
4
0
2
4
2
2
2
2
2
2
0
2
2
0
0
0
0
0
2
2
0
0
4
0
0
0
0
2
0
4
0
2
0
2
2
0
0
2
4
0
2
2
2
0
0
0
0
0
0
4
0
0
2
4
0
0
0
2
2
0
0
2
4
4
4
2
2
0
4
0
0
6
2
0
2
0
2
0
2
2
2
2
2
0
4
2
0
2
0
4
2
0
0
0
0
2
4
2
2
2
0
2
0
2
2
0
0
0
2
0
2
4
2
0
6
2
4
2
0
0
0
2
0
2
4
6
2
4
2
0
2
0
0
4
0
0
0
0
0
0
0
0
2
0
2
0
2
0
2
0
2
0
6
2
0
2
2
2
4
6
0
0
0
2
2
0
0
0
2
