2
4
2
2
2
2
2
0
2
2
2
2
2
2
4
2
6
2
4
4
2
2
8
11
28
24
0
6
4
4
10
28
6
10
4
6
4
4
4
2
8
4
4
4
2
12
6
2
25
6
8
8
2
0
4
19
2
12
2
4
4
2
4
4
8
8
2
2
4
4
6
4
13
6
2
4
8
6
12
2
4
10
2
2
8
4
2
2
4
8
6
2
2
15
13
2
4
4
4
2
2
6
2
2
12
4
8
6
19
10
6
15
4
4
2
4
0
4
0
6
2
8
2
10
0
4
10
8
2
2
0
2
6
2
2
2
2
4
2
2
2
2
2
4
2
0
2
2
2
4
2
2
2
2
2
2
2
2
2
2
4
2
4
2
2
2
0
2
2
2
2
4
2
2
2
2
2
2
2
2
2
2
2
2
2
2
2
2
2
2
2
2
2
2
2
0
2
0
2
2
2
2
2
2
0
2
2
0
2
2
2
2
0
2
2
2
2
2
0
0
2
2
2
2
2
2
2
2
2
2
2
2
2
0
2
2
2
2
2
2
0
2
2
0
2
2
2
2
2
2
4
2
2
2
2
2
6
2
2
2
2
2
2
2
2
2
2
2
0
2
2
2
2
2
2
2
2
2
0
2
0
0
0
2
0
2
2
2
6
6
2
2
50
36
2
6
6
4
4
4
0
0
6
0
2
2
0
2
48
2
2
0
2
2
2
0
4
32
49
6
0
2
2
2
2
4
2
0
4
18
2
53
2
2
24
2
0
0
4
4
2
2
0
2
2
2
0
4
6
2
6
6
0
2
6
8
0
2
4
14
2
2
2
2
40
6
4
4
2
2
2
4
6
2
2
2
2
4
9
9
2
2
2
4
2
0
4
2
4
4
2
2
2
4
4
2
2
2
4
4
2
2
2
4
2
4
11
4
4
2
44
4
2
2
3
0
2
2
4
2
32
2
2
2
4
6
0
4
0
0
2
4
4
0
2
0
0
4
9
27
6
0
2
0
4
2
4
44
2
4
2
4
6
4
0
0
4
2
4
2
2
5
4
2
4
0
6
2
2
2
0
4
2
2
6
6
4
11
2
2
7
2
2
6
2
4
6
4
2
2
0
2
0
2
8
4
2
2
4
6
0
2
4
2
0
2
6
5
6
19
36
4
19
2
2
0
4
6
2
6
6
4
6
4
4
2
4
6
2
2
2
2
4
2
28
15
0
24
0
2
0
6
2
4
2
4
2
59
2
0
4
4
2
2
2
4
2
2
2
4
6
4
32
4
2
4
4
0
2
2
6
2
2
2
30
6
13
21
7
7
11
15
9
7
5
11
9
13
17
9
19
5
2
7
15
5
9
5
11
5
17
3
13
11
7
7
7
13
19
2
7
3
23
3
7
17
13
5
9
5
15
9
11
15
2
9
11
5
3
5
5
5
2
13
9
7
11
3
5
0
7
9
3
9
3
2
7
3
7
11
7
7
9
5
13
9
33
17
13
5
13
15
13
11
7
7
11
5
11
11
5
9
9
9
5
7
7
13
13
5
5
7
5
7
13
9
7
13
7
9
9
5
5
9
7
17
17
9
15
7
15
7
5
15
9
13
11
11
7
17
9
13
5
9
7
7
7
7
9
15
9
15
17
7
7
11
3
13
9
7
7
5
9
13
5
9
5
9
11
9
11
5
11
7
11
11
7
7
11
13
15
7
7
23
17
7
7
17
7
9
5
9
13
11
17
19
9
11
9
7
3
9
7
9
11
11
7
11
7
13
17
13
13
5
5
17
7
9
17
11
7
7
7
15
7
9
7
5
17
11
7
15
9
5
11
11
11
3
11
15
9
9
13
11
7
7
5
9
11
7
7
11
9
7
7
0
7
9
5
9
7
5
2
0
0
7
5
5
2
7
0
2
0
2
0
3
3
2
2
3
2
0
2
7
0
2
2
5
3
0
5
0
9
3
10
6
2
2
9
6
11
6
4
0
6
6
2
4
6
4
4
8
6
4
6
4
4
6
4
6
6
6
2
4
10
4
8
6
10
8
2
4
4
6
2
6
2
6
8
10
6
4
8
13
9
8
4
6
6
2
8
8
6
2
6
6
2
8
4
8
6
6
8
6
6
6
6
4
2
2
6
4
4
6
4
4
6
6
4
6
8
2
2
6
8
10
6
6
2
4
0
4
4
2
2
2
6
4
4
4
6
6
6
8
6
4
10
6
6
2
4
4
8
6
6
4
6
8
8
8
10
6
8
10
10
13
10
8
4
4
6
4
4
8
15
8
10
8
8
8
4
11
8
12
6
4
10
11
6
8
11
9
6
17
11
10
6
13
6
19
8
6
17
13
12
15
27
15
8
12
10
8
6
10
12
10
12
15
11
6
15
17
2
0
0
2
12
10
10
9
10
10
12
8
13
8
13
11
10
8
10
8
4
4
10
10
11
6
10
8
12
10
6
8
10
6
13
10
4
13
6
12
6
6
8
8
10
2
8
6
4
4
8
10
8
8
10
8
9
44
4
10
8
11
6
6
6
44
6
10
10
6
6
8
4
8
8
4
8
8
8
12
8
8
8
8
13
2
14
4
10
8
6
8
6
6
6
8
8
15
6
10
0
0
5
0
5
5
0
5
5
2
5
5
11
0
2
7
5
0
9
2
7
5
5
0
7
2
7
7
7
5
5
3
5
0
0
0
0
0
5
0
0
7
7
7
5
0
0
5
0
0
0
0
0
5
0
0
2
0
0
7
5
2
5
2
0
11
5
7
7
5
0
0
5
7
0
7
0
7
2
5
7
0
11
0
2
5
2
0
7
0
0
9
7
2
2
9
0
5
2
2
7
2
76
0
0
63
5
7
0
0
2
7
3
0
0
2
5
2
0
0
7
7
0
0
5
7
2
0
2
0
2
5
0
7
3
9
0
7
0
2
0
3
7
7
0
7
5
7
0
4
9
5
5
9
0
0
2
7
0
7
7
0
0
7
5
5
0
7
5
0
0
7
7
0
9
2
0
9
0
2
5
7
0
2
0
7
9
5
0
0
0
5
9
7
7
2
5
0
7
5
7
0
0
2
3
3
0
5
0
0
7
7
0
6
0
5
0
5
0
5
7
0
7
0
0
2
0
7
5
0
0
0
5
9
11
5
0
7
5
2
7
7
0
0
5
2
2
0
0
0
7
7
0
1
5
7
0
3
5
7
2
5
0
7
5
0
11
13
0
2
2
92
13
5
5
0
0
5
7
5
3
3
9
84
0
0
0
74
4
3
3
4
3
4
1
3
5
5
3
4
3
1
6
5
1
3
3
4
1
1
8
3
3
6
0
3
6
5
3
2
3
3
1
1
1
1
5
4
3
3
4
3
7
3
1
3
1
1
5
3
5
3
3
4
1
5
3
1
4
6
1
1
3
1
1
3
7
5
1
8
3
1
4
3
0
3
3
3
6
4
2
4
1
4
6
1
1
3
3
0
3
1
1
5
1
3
3
1
3
6
6
3
3
3
3
3
6
3
3
2
8
3
3
4
3
1
0
4
3
2
0
1
3
3
4
4
7
3
0
4
3
1
1
1
4
0
0
0
4
3
6
1
0
3
4
3
1
6
6
0
6
1
5
6
4
5
4
4
5
3
3
5
1
0
5
5
1
3
5
3
4
3
1
4
5
4
1
1
1
3
1
5
1
3
5
5
1
1
8
3
1
5
0
1
3
1
6
6
3
3
5
3
1
3
3
1
5
6
3
2
3
0
1
1
5
10
3
1
1
1
5
1
5
8
3
5
1
1
3
3
1
3
10
8
5
1
4
1
4
3
4
3
3
3
1
5
10
1
8
3
1
5
1
3
1
7
3
0
6
3
7
5
3
3
3
3
5
1
5
5
5
3
4
5
4
1
1
1
4
3
3
2
3
4
3
8
19
13
19
19
19
17
13
19
15
19
17
17
19
19
17
19
17
17
17
17
19
15
17
19
17
19
17
17
17
17
15
17
15
19
17
17
19
17
17
17
19
17
17
17
19
19
17
19
19
19
19
17
19
19
19
19
19
19
19
19
15
19
17
17
19
19
19
19
19
17
17
17
17
19
19
19
19
17
19
17
19
17
17
19
19
17
19
19
19
19
17
19
17
15
19
17
19
19
19
17
17
19
19
17
17
17
19
17
19
19
17
19
17
19
19
17
17
17
17
17
17
19
19
17
17
19
17
17
17
19
17
17
17
17
19
15
17
17
17
17
19
17
17
19
19
15
15
19
17
19
17
17
17
17
17
17
15
19
19
17
15
17
17
17
17
19
17
19
19
19
19
17
17
17
19
19
17
17
17
19
17
17
17
19
19
19
17
17
19
17
17
19
17
17
17
17
19
19
19
17
19
17
17
17
17
19
17
19
13
17
17
19
19
19
19
17
17
17
19
15
19
17
15
19
17
17
17
17
17
15
17
19
17
17
19
17
17
17
19
19
19
17
17
19
19
17
17
19
17
15
19
19
17
19
17
17
17
17
17
19
13
15
17
17
17
17
19
19
19
17
17
19
17
19
17
17
17
19
19
19
15
19
19
17
17
17
19
17
1
3
21
3
1
5
3
7
1
2
5
3
5
5
3
7
19
2
5
9
23
3
0
3
5
1
1
3
3
2
3
0
3
3
2
1
3
3
1
4
1
1
5
4
1
1
21
3
1
3
3
5
3
7
3
1
3
5
3
5
7
1
5
5
1
17
3
5
30
5
1
3
3
3
2
6
1
7
5
15
0
1
7
5
5
1
0
3
3
3
5
3
19
3
5
3
3
3
1
1
3
1
5
3
5
1
5
3
4
9
5
19
3
5
1
5
4
5
1
3
3
0
0
5
5
9
7
3
1
3
7
2
5
1
3
7
1
5
7
7
7
3
5
1
0
3
5
7
1
3
5
5
5
9
1
2
1
3
5
5
21
3
3
1
3
13
3
7
3
5
5
0
13
2
2
5
0
5
0
5
3
1
23
1
1
2
7
21
1
5
3
5
0
4
4
1
1
5
3
7
5
5
3
7
7
1
3
0
3
5
1
5
3
3
5
7
19
3
1
3
5
9
7
0
3
4
3
2
0
7
3
0
1
3
1
0
3
3
7
3
5
3
1
1
3
5
3
6
3
7
1
7
1
5
3
3
3
7
1
1
1
3
0
1
0
21
3
5
1
1
1
5
3
1
2
4
3
1
5
4
2
3
3
3
1
5
21
6
22
16
16
16
8
19
8
18
14
12
14
14
14
8
8
17
8
25
12
21
10
4
8
20
8
16
8
4
4
10
8
23
8
12
22
12
10
8
21
12
6
8
14
41
14
17
18
49
10
8
12
10
18
16
12
12
16
19
14
16
10
21
16
14
12
18
12
20
20
16
22
21
12
14
10
8
12
14
20
12
15
19
23
26
25
12
27
14
25
10
25
19
16
15
21
12
16
31
16
12
21
35
15
15
15
23
46
33
19
27
25
35
25
29
16
25
58
12
9
37
33
21
23
23
23
40
17
48
28
48
27
21
17
19
19
35
24
42
29
27
45
24
25
38
25
56
16
19
12
12
27
35
27
35
25
23
8
21
25
25
10
27
12
10
10
39
29
45
33
31
33
35
33
14
12
37
29
27
37
10
16
35
23
12
19
16
25
12
20
27
12
10
25
17
14
16
8
18
16
18
23
31
13
56
10
26
12
8
29
17
9
13
14
26
27
23
4
10
16
11
15
15
6
17
6
15
33
15
31
19
6
10
21
17
10
14
14
31
8
6
25
10
25
17
19
0
17
10
11
6
11
14
19
12
11
8
7
10
10
17
14
17
6
10
8
7
4
4
10
10
10
12
24
8
6
19
8
19
12
10
53
6
15
6
10
14
43
12
16
28
30
22
12
8
20
22
18
12
16
12
12
16
20
16
30
12
20
22
24
28
20
20
18
26
24
26
24
18
4
12
22
32
16
20
24
16
24
18
20
18
14
18
14
24
14
18
16
18
20
12
10
14
16
10
16
14
6
16
20
18
14
30
14
14
28
20
18
22
16
16
20
22
36
14
16
8
32
24
26
14
18
22
16
12
20
22
22
14
18
22
26
26
30
12
14
14
16
12
10
14
20
18
20
10
22
20
18
14
18
10
14
20
22
16
12
14
18
14
28
18
24
24
16
12
16
14
22
10
20
18
18
16
6
14
14
24
22
18
16
18
12
16
30
18
18
18
16
18
20
26
12
18
12
26
22
18
22
20
24
20
10
14
14
14
24
14
18
20
16
18
20
28
14
26
26
30
10
20
12
20
16
16
14
10
26
22
18
14
14
12
30
18
16
26
16
18
12
22
14
10
38
22
4
32
22
12
18
12
28
12
18
24
30
24
20
26
26
30
12
20
22
36
28
22
16
20
10
20
14
12
18
10
24
4
26
22
24
40
18
20
22
14
20
16
30
20
16
22
18
14
16
20
12
16
28
14
18
8
20
12
24
16
22
12
32
18
14
16
18
6
24
14
14
20
22
20
16
18
14
14
22
20
22
10
18
12
