2
0
4
2
4
4
4
2
4
2
2
4
2
6
4
6
0
2
4
2
2
8
0
2
2
6
2
6
2
9
6
2
4
10
2
2
6
8
6
6
10
6
2
2
12
8
6
4
6
6
0
6
6
6
6
2
10
4
10
8
2
0
2
2
6
0
8
0
4
6
4
4
4
4
4
5
8
0
6
2
2
4
0
2
2
2
6
8
2
4
8
2
11
10
6
4
6
4
4
0
4
10
2
2
8
0
8
6
8
2
2
2
6
2
4
9
0
8
2
4
4
7
8
4
8
5
6
6
6
8
2
2
4
2
10
2
6
8
0
6
8
8
6
8
6
6
0
6
4
2
10
4
2
13
6
6
8
2
15
4
2
2
4
4
2
2
8
0
6
0
4
11
2
2
6
2
4
2
2
6
4
4
9
8
4
8
2
4
4
4
2
4
6
4
6
8
0
2
4
4
4
4
6
2
4
8
6
92
2
4
8
6
2
6
2
6
10
0
2
2
4
4
6
6
4
2
4
0
73
2
2
2
5
2
2
2
4
2
2
4
4
4
4
2
2
6
0
4
6
4
6
4
2
2
0
4
2
4
6
4
2
4
6
2
4
6
6
6
4
4
4
4
7
4
2
4
7
4
6
2
10
8
2
4
2
11
9
6
5
2
4
3
14
7
3
4
6
6
4
3
4
2
5
9
5
10
3
5
58
9
23
63
59
13
7
26
11
5
36
7
9
21
50
19
3
9
13
5
6
51
4
6
4
9
9
17
12
9
7
16
4
8
50
9
47
55
16
5
49
52
4
4
5
5
3
6
9
16
8
10
12
8
6
4
7
34
9
10
5
9
9
7
15
11
4
5
6
4
7
4
44
13
45
2
4
23
7
10
9
3
76
14
7
59
12
9
22
8
7
10
66
9
10
17
9
12
17
28
9
21
4
11
11
7
41
9
37
5
6
8
58
11
5
7
8
10
11
11
5
4
2
5
3
11
4
37
5
5
5
6
9
4
7
12
9
5
8
9
72
6
15
7
6
5
13
11
6
14
7
7
39
40
47
8
5
4
6
11
4
1
17
2
14
9
9
7
4
42
5
7
5
2
65
7
7
7
5
48
12
5
40
50
19
2
9
54
4
11
5
49
3
11
7
19
5
14
6
39
5
9
6
6
3
7
62
7
5
4
30
7
6
36
6
7
4
6
7
6
4
7
8
7
2
5
4
5
8
4
8
3
14
58
62
5
7
8
5
15
17
4
10
5
6
7
3
36
9
8
49
5
6
5
12
11
4
37
3
4
45
3
3
3
4
14
6
68
13
2
1
9
3
9
11
5
7
9
13
5
7
5
7
5
17
3
5
11
9
3
15
5
7
5
7
2
7
9
3
5
7
2
9
5
13
3
9
5
11
3
7
3
3
7
11
9
0
3
11
5
5
3
9
9
2
3
7
3
5
5
2
5
5
2
7
11
5
3
3
3
7
7
2
5
7
9
7
17
15
7
9
7
3
5
9
7
7
5
5
7
2
9
5
7
5
9
7
11
7
3
7
9
2
9
17
7
5
11
9
7
5
1
11
13
5
11
7
13
3
19
21
3
3
13
11
9
7
11
3
9
7
7
9
9
9
3
11
9
7
3
9
15
7
19
21
13
9
2
7
9
5
7
7
3
5
5
3
3
7
5
11
11
11
9
7
15
13
34
2
5
7
37
7
15
5
13
9
7
15
5
7
9
5
5
7
11
5
9
7
3
7
9
2
5
15
5
7
7
17
3
19
2
13
15
5
11
5
5
2
7
7
7
5
7
11
7
11
5
9
15
3
2
2
2
5
2
11
3
7
7
13
5
5
7
9
9
3
5
2
2
3
2
2
2
0
5
5
0
5
2
17
7
3
2
3
7
0
0
0
11
56
5
0
2
2
2
3
0
3
3
2
5
9
7
0
2
1
5
2
2
0
0
2
1
2
1
7
0
18
0
13
6
0
6
9
14
0
15
0
20
0
0
0
13
13
0
0
0
0
19
17
0
17
2
10
12
13
0
0
20
0
10
16
18
2
15
0
16
14
0
15
0
0
0
19
15
0
0
0
7
1
0
0
0
0
16
16
0
0
0
2
14
17
8
0
14
16
16
0
0
0
0
0
0
0
14
9
0
0
0
8
19
0
13
0
0
0
0
0
2
0
16
14
0
13
17
0
15
21
0
13
8
0
14
0
0
17
13
0
0
0
0
0
0
15
4
2
0
0
10
0
12
4
23
0
5
11
0
0
0
7
15
0
9
0
0
11
10
0
0
10
0
0
0
0
13
0
2
0
0
11
0
13
17
14
0
9
0
0
9
0
0
12
16
18
12
11
7
0
0
0
0
0
0
10
9
0
0
0
14
0
8
11
11
10
3
0
10
0
3
0
0
0
11
7
2
0
0
12
15
6
0
0
8
0
13
20
12
11
0
0
9
0
8
15
13
0
0
0
11
9
6
9
0
12
0
0
0
0
11
20
0
0
13
14
6
12
0
0
0
12
0
0
0
10
0
13
9
9
11
15
19
0
15
0
0
14
2
0
0
8
0
0
8
12
10
18
5
12
0
2
0
0
4
0
0
0
0
0
0
0
0
12
16
17
30
11
9
19
25
11
21
15
15
8
23
17
21
17
11
2
34
2
13
15
23
11
11
24
6
9
23
11
15
13
19
9
15
13
15
15
16
7
10
13
16
6
6
13
11
6
22
15
11
6
11
0
6
15
5
9
4
10
36
13
10
10
25
6
9
13
17
9
19
11
30
8
6
4
4
19
11
19
13
5
17
19
21
6
11
13
9
76
17
71
4
19
6
11
19
22
15
23
13
51
9
16
19
23
11
15
22
17
17
13
21
17
13
9
13
19
13
6
24
16
23
13
24
19
21
26
28
23
13
15
38
13
19
22
37
27
30
25
21
15
20
13
18
7
23
20
23
30
30
9
23
32
36
21
26
28
39
28
25
22
25
34
13
29
31
32
34
27
8
19
19
0
32
42
6
24
45
21
18
35
18
49
40
2
49
22
25
21
45
46
32
25
15
19
44
15
26
26
13
25
34
8
15
13
17
15
35
21
17
30
36
9
13
27
23
27
10
10
19
7
15
15
31
8
9
47
11
11
25
31
36
4
21
6
36
30
26
11
15
19
21
27
15
9
9
34
17
19
15
22
8
42
13
13
11
13
37
11
21
10
17
6
27
25
25
31
25
23
9
6
32
7
17
34
7
13
13
11
8
11
36
27
12
8
4
28
8
5
2
0
0
5
0
0
0
2
0
2
0
2
2
0
2
2
2
0
0
0
0
0
3
2
0
2
2
0
0
9
0
0
2
0
0
0
0
2
2
0
0
5
2
0
2
0
3
0
0
2
2
0
0
0
0
2
2
0
5
2
4
2
0
0
2
0
0
5
6
7
2
2
4
0
6
0
2
4
0
0
2
4
2
5
2
5
9
2
0
2
0
2
2
4
4
2
2
0
0
7
2
4
3
0
6
2
0
2
0
0
2
0
4
4
0
0
2
2
0
0
2
4
2
2
2
0
0
2
6
2
0
2
2
2
0
5
2
2
0
0
0
0
5
2
0
0
2
4
2
0
0
4
3
2
0
2
4
2
2
2
0
2
2
0
0
0
4
0
2
2
2
2
2
0
0
4
0
0
0
0
4
2
2
4
0
2
5
0
4
0
2
7
4
2
0
0
4
0
0
2
0
4
2
2
0
4
4
2
2
0
0
2
0
4
2
4
2
0
0
0
2
0
4
0
2
0
2
14
0
0
2
2
0
2
2
11
0
2
12
4
2
0
4
0
0
0
0
0
2
2
2
2
0
2
0
0
18
7
0
2
0
0
0
0
15
0
0
4
0
2
4
4
0
0
0
4
2
2
2
0
2
2
2
0
4
0
4
10
18
11
21
16
3
19
21
3
19
22
3
16
3
18
15
43
14
11
1
16
5
12
21
8
17
0
16
0
21
1
6
8
1
8
25
33
17
1
7
31
21
1
3
1
17
37
13
18
24
14
3
0
16
0
5
0
2
21
9
4
17
25
1
29
26
7
15
14
27
1
26
7
2
0
14
25
1
19
13
9
16
24
15
10
17
11
29
17
3
11
25
19
7
25
23
16
26
33
15
23
18
9
1
15
1
26
1
18
10
3
31
13
24
24
2
9
14
16
4
19
17
4
21
20
1
9
3
6
25
44
20
0
12
3
24
18
1
0
3
1
22
14
15
24
21
27
18
1
8
6
3
26
14
24
3
30
34
1
3
16
7
2
10
4
21
24
22
18
23
20
7
1
9
1
10
12
39
15
10
21
50
22
1
32
4
21
12
0
22
15
4
16
24
18
25
21
21
23
1
16
25
33
10
19
6
21
21
17
8
14
18
17
1
21
22
20
13
15
14
0
1
10
13
15
33
9
37
15
0
0
3
28
20
10
25
1
15
8
20
0
12
22
0
12
17
20
8
18
4
3
29
0
1
64
15
15
17
14
18
25
22
21
19
34
1
19
18
14
19
19
1
1
0
28
17
1
68
47
3
1
17
19
0
3
23
14
41
16
15
15
15
16
18
18
16
14
15
17
17
18
15
16
15
17
14
15
18
18
16
16
18
17
15
15
14
14
17
17
15
15
15
16
17
15
18
15
18
14
15
13
18
15
17
17
15
18
15
14
16
18
13
18
17
14
18
15
17
15
18
15
17
17
16
14
16
16
14
15
17
17
14
15
17
18
16
17
14
14
17
15
16
15
15
16
17
17
14
14
13
16
17
17
16
17
12
17
16
18
15
12
15
13
15
15
13
14
15
15
13
17
17
15
15
15
15
17
16
17
16
16
14
14
16
13
16
14
16
16
16
15
17
14
17
16
17
14
14
15
12
13
16
14
17
16
16
15
12
16
15
14
15
15
15
17
14
18
16
17
17
15
14
13
15
16
14
17
16
17
18
16
14
17
17
16
14
16
14
15
13
14
15
14
16
16
17
13
15
14
17
15
12
16
17
14
17
14
17
18
17
17
18
14
17
18
17
16
17
17
18
17
16
16
18
13
17
17
14
13
18
13
16
16
13
17
14
15
16
16
18
14
16
18
17
18
15
18
14
15
18
18
13
15
17
14
18
14
14
18
18
17
17
13
15
18
17
17
15
15
17
17
15
17
14
11
15
17
15
16
18
15
14
15
17
16
13
16
16
17
14
18
16
15
17
18
13
2
1
1
2
3
0
0
0
0
3
2
1
2
0
1
0
0
1
1
2
2
0
1
1
3
1
1
1
3
1
1
2
3
2
1
1
2
2
1
1
2
2
1
2
2
1
2
1
1
3
1
6
4
1
2
1
3
3
4
2
2
4
7
1
2
2
2
3
1
1
3
2
1
2
3
3
1
5
1
0
1
2
2
1
1
2
2
3
4
1
2
3
1
2
4
3
4
2
2
3
2
2
1
1
3
1
2
4
2
3
6
2
1
1
1
5
4
3
1
2
4
1
1
4
4
0
4
3
3
2
3
1
0
9
9
2
1
4
3
1
1
2
4
1
3
4
2
4
3
1
6
1
4
4
1
2
2
3
2
2
4
1
0
1
3
3
3
2
2
2
1
5
3
3
6
1
1
5
1
3
3
3
2
1
3
4
8
3
2
1
3
3
5
1
3
1
2
5
3
2
3
2
3
2
2
1
1
1
3
2
2
3
4
4
1
3
1
1
2
2
2
2
2
0
1
2
1
2
3
3
3
5
3
4
0
2
3
2
0
4
2
2
1
1
3
1
1
2
2
0
2
3
4
4
3
4
1
2
3
3
2
2
3
4
2
3
2
1
3
4
3
1
2
1
4
3
4
1
2
5
3
3
2
2
2
4
3
2
2
2
6
0
6
2
0
2
0
4
0
6
0
0
2
0
2
2
0
2
4
2
4
0
0
4
0
0
2
2
2
2
2
0
4
0
2
2
0
2
2
0
4
6
0
0
0
0
0
2
0
0
4
0
0
2
0
0
4
0
0
4
0
0
0
0
0
4
2
0
0
0
0
4
0
0
2
0
77
4
0
0
0
0
0
0
2
0
2
0
0
2
0
2
0
0
0
0
0
4
4
2
0
2
6
2
0
0
2
2
0
0
0
0
0
0
0
2
2
0
0
0
4
2
0
4
0
2
2
0
0
2
2
0
0
0
0
0
2
4
0
0
0
4
2
2
2
6
2
2
2
2
2
0
2
0
4
2
2
0
2
2
2
2
8
2
2
0
4
0
2
4
0
2
2
4
2
6
4
0
2
2
2
0
2
0
4
4
0
4
2
4
4
10
2
2
0
2
2
4
6
4
4
2
4
4
4
0
0
0
2
2
2
2
2
2
2
4
0
0
2
0
0
0
0
2
0
2
2
0
0
2
2
2
2
0
0
0
2
4
6
2
0
0
2
2
2
0
45
0
6
2
0
0
2
2
0
4
0
2
0
0
2
4
2
0
0
2
0
2
2
0
0
4
4
2
0
4
4
2
2
0
4
0
0
0
0
2
