6
4
62
4
11
27
6
10
9
9
23
28
6
40
9
6
6
6
8
2
4
0
2
9
4
13
4
2
6
9
63
4
2
0
9
46
6
16
6
0
15
10
6
8
42
4
2
40
2
2
4
4
2
4
3
4
0
28
5
4
4
7
56
2
2
8
4
2
5
50
25
24
33
4
2
34
8
2
6
5
6
6
8
2
33
7
6
4
2
66
6
8
22
8
7
9
32
4
42
4
9
53
4
5
44
10
5
43
36
5
7
6
5
2
25
0
4
2
6
6
11
8
10
8
6
13
10
5
9
24
9
5
4
7
8
95
6
7
10
45
19
7
4
4
11
29
30
9
2
8
28
2
17
30
5
7
4
60
6
73
8
4
59
4
4
6
7
4
5
6
4
6
7
10
4
4
7
4
4
2
55
4
9
2
2
10
2
6
2
4
36
2
8
8
8
2
2
6
8
2
6
2
55
10
4
12
6
6
72
53
6
14
14
5
6
42
24
43
11
8
4
2
16
6
5
45
4
5
49
32
4
5
3
7
44
2
4
4
5
0
34
13
5
8
11
6
12
7
2
5
27
14
5
46
6
4
72
11
15
77
45
8
2
4
2
4
4
6
2
15
8
7
2
9
8
68
35
6
5
8
4
5
4
8
7
26
2
4
8
4
2
2
4
8
13
2
10
4
12
8
2
8
8
6
7
4
4
0
2
2
2
8
12
6
0
0
4
2
6
6
12
6
15
6
2
4
12
6
2
15
6
4
8
10
2
6
6
0
0
6
2
8
8
2
4
4
6
6
4
6
6
6
8
6
6
4
6
6
15
2
8
8
15
16
6
8
17
12
13
8
15
27
13
23
10
6
6
8
14
12
8
7
15
6
10
2
8
9
10
4
21
6
19
10
6
14
19
4
8
8
6
2
8
17
15
8
23
13
10
2
10
10
30
9
17
6
15
15
13
8
14
6
19
10
13
8
6
12
6
11
15
8
6
15
8
4
10
10
8
10
4
19
21
15
10
8
10
19
10
4
12
12
17
19
6
11
2
15
14
4
4
14
19
12
10
19
12
6
12
11
4
12
10
13
17
12
19
8
10
10
2
12
19
4
6
4
10
6
15
10
23
8
4
14
6
8
8
4
10
19
19
15
12
10
14
2
10
6
6
6
13
25
6
10
12
6
10
2
14
12
8
8
15
12
10
6
2
4
4
4
4
4
6
10
10
15
4
6
8
8
8
6
0
2
0
5
10
4
6
2
8
15
8
12
6
25
2
8
6
8
0
6
6
7
8
0
8
4
8
0
6
12
14
10
4
4
0
2
2
5
3
3
2
3
2
2
2
4
4
2
2
5
0
2
5
2
3
3
3
2
2
2
3
3
3
0
2
2
4
2
2
4
2
2
2
2
2
0
2
3
3
2
2
2
2
2
2
3
2
3
0
0
0
5
2
4
2
2
2
2
3
3
6
2
2
4
2
2
2
4
3
2
4
2
2
5
2
5
5
2
2
2
2
0
2
4
3
2
4
29
2
2
2
2
4
3
3
5
2
3
2
2
4
2
3
2
2
2
3
3
3
2
3
3
4
3
2
2
5
1
5
5
3
5
2
1
4
3
0
2
2
0
2
1
3
2
3
2
3
2
2
2
2
2
5
2
3
2
3
5
1
1
3
2
2
10
2
3
1
3
2
3
2
4
3
2
0
4
5
2
1
2
3
0
2
0
2
2
0
0
2
3
0
3
0
2
2
0
5
3
2
3
2
3
3
2
2
2
3
0
2
2
2
2
2
1
2
3
1
2
3
1
28
0
2
1
2
3
1
1
0
2
2
0
3
1
1
7
2
1
1
1
1
3
2
3
3
1
1
2
1
2
0
1
2
2
0
2
0
0
0
0
2
3
2
2
2
1
2
0
2
0
2
2
2
3
3
2
2
0
1
3
3
3
3
1
13
5
2
2
1
2
5
2
2
3
0
0
1
1
1
1
5
3
3
2
2
2
1
1
1
2
1
1
1
1
1
0
1
1
1
2
1
0
1
1
1
1
2
1
1
1
1
1
3
1
2
1
0
2
1
1
1
2
3
0
1
9
1
2
2
1
14
1
1
0
0
1
1
2
1
1
2
3
2
1
2
9
2
1
0
1
2
0
0
0
1
2
0
1
1
1
0
1
1
1
1
20
1
2
2
2
2
1
2
2
1
4
0
1
0
0
14
0
0
2
1
1
4
0
2
0
1
2
2
2
1
0
1
1
2
2
2
1
2
1
1
1
1
1
0
1
1
7
1
1
2
1
5
1
2
2
2
15
1
2
1
3
2
0
2
1
0
8
0
1
1
1
1
1
1
2
1
0
8
0
0
0
0
1
0
1
0
0
1
2
0
3
1
2
0
5
1
2
0
1
2
0
1
0
0
1
2
1
1
1
1
0
1
1
1
5
0
1
0
1
0
1
0
1
0
1
11
0
1
1
1
1
1
1
1
0
1
2
9
0
1
1
1
14
1
1
1
1
9
1
0
1
1
1
0
0
0
0
1
0
1
1
1
2
1
0
2
1
0
1
0
0
0
0
0
1
0
2
1
10
1
1
1
1
1
1
0
0
1
2
2
1
0
1
0
0
7
4
4
4
5
7
5
3
4
5
7
4
7
9
4
5
7
7
7
2
9
7
4
7
2
2
2
2
5
4
15
4
5
2
7
5
15
7
5
4
2
5
2
4
5
5
7
15
4
5
2
0
2
4
5
7
5
4
4
9
2
5
4
9
9
9
4
5
3
4
2
5
21
4
2
4
5
5
4
21
4
5
7
9
5
9
4
2
11
11
11
7
4
7
7
5
4
7
33
2
11
2
4
4
13
4
5
7
2
15
9
21
5
5
11
5
5
15
13
15
15
7
13
19
9
2
9
13
7
7
19
5
4
7
7
7
5
5
5
9
7
19
11
11
5
17
7
9
4
11
17
15
9
9
5
4
4
23
17
13
7
9
17
7
11
17
7
2
7
4
15
11
11
7
13
7
11
13
11
7
5
5
7
9
5
11
21
9
5
7
7
4
25
4
4
13
21
5
13
17
9
4
13
19
4
13
4
13
4
7
4
11
7
4
9
15
13
11
5
13
15
11
9
7
5
2
4
4
7
7
11
11
13
7
4
13
17
5
5
9
11
9
21
4
5
7
11
4
23
19
15
15
19
7
5
4
19
19
13
2
19
9
11
9
11
7
3
17
11
17
2
11
2
11
7
7
5
5
9
9
15
5
5
4
4
17
13
7
57
53
55
53
49
31
48
26
56
46
40
47
48
48
36
48
51
54
55
41
52
22
19
55
47
55
42
53
48
54
48
45
52
54
51
47
50
48
39
39
49
36
58
53
49
56
43
40
36
40
35
47
47
43
51
51
44
52
47
53
47
45
52
42
55
45
53
42
52
45
18
46
31
49
43
48
45
43
52
61
48
55
49
36
56
56
47
48
55
53
48
61
46
54
49
50
56
56
52
50
43
60
45
38
55
51
31
45
28
50
51
57
43
49
41
52
46
43
19
33
53
57
53
55
54
55
53
61
62
54
55
44
54
48
48
33
51
41
29
45
37
3
50
47
54
53
54
58
47
51
58
52
48
56
51
44
51
25
48
52
52
49
47
50
52
42
50
58
56
54
62
48
49
54
50
49
36
0
18
46
39
26
0
51
49
48
47
59
41
56
30
43
37
52
49
58
45
64
50
56
76
42
51
47
51
37
26
62
47
57
41
41
54
32
28
51
46
48
57
54
25
48
52
56
53
55
53
53
49
40
61
59
63
54
53
55
57
56
46
58
51
37
50
43
53
46
43
51
50
52
50
29
55
24
39
48
59
22
49
52
57
54
49
36
45
54
26
39
65
39
36
56
50
59
55
52
41
52
19
37
53
56
44
48
58
48
35
58
9
5
3
2
7
4
11
11
3
7
7
9
5
4
5
5
4
9
5
7
2
4
15
5
9
5
2
9
19
5
7
19
7
5
5
4
3
15
5
9
5
4
7
7
13
7
7
2
11
5
5
11
7
5
9
9
5
13
5
11
9
2
2
5
2
3
2
4
2
13
2
5
2
7
5
7
7
5
5
4
4
5
4
7
7
2
4
7
3
4
17
0
2
11
17
5
4
15
5
5
9
5
5
2
2
2
2
5
7
0
5
2
4
4
2
7
2
4
2
2
7
31
4
2
4
7
5
5
23
4
2
3
0
2
4
21
0
4
11
2
4
7
13
9
5
3
5
2
0
4
7
19
15
2
5
9
7
7
7
5
7
5
4
9
7
4
5
11
9
17
11
5
5
4
4
21
11
11
5
11
7
2
21
5
7
23
5
9
11
7
4
5
7
3
9
5
3
11
31
9
2
9
11
9
9
7
7
9
9
23
5
7
13
13
4
5
2
4
9
4
29
7
9
5
5
5
33
9
11
11
7
13
4
7
5
9
5
15
4
5
9
2
9
13
11
2
11
5
2
7
11
5
5
19
7
3
7
2
2
4
0
0
9
4
2
4
4
7
3
5
17
7
7
2
9
2
4
9
5
4
4
5
2
13
5
4
19
3
0
4
7
4
5
2
2
5
2
2
4
0
0
4
2
0
2
2
4
4
0
0
2
2
2
6
2
0
6
2
4
6
2
2
4
2
0
0
0
2
4
2
4
0
2
4
9
4
2
0
4
0
4
6
0
2
4
4
4
6
4
2
0
2
6
4
0
0
0
2
5
0
4
0
2
4
4
2
0
0
4
6
6
0
4
4
0
4
5
2
4
0
0
2
5
0
0
0
0
2
2
2
0
4
2
2
98
0
2
0
4
2
4
0
0
0
6
6
6
0
2
0
0
4
5
0
0
5
0
2
8
4
2
4
0
2
5
4
2
2
4
0
2
0
6
0
2
0
3
2
4
2
0
2
2
2
0
0
0
0
4
0
0
0
0
2
7
0
2
2
4
4
4
5
4
2
2
4
8
71
6
69
0
3
2
0
2
6
2
6
2
0
2
2
7
0
3
0
2
4
2
2
2
2
2
0
0
4
4
3
2
0
0
0
2
0
2
2
2
0
3
4
4
2
0
3
0
0
0
2
0
0
97
6
0
0
0
0
4
6
4
5
2
0
4
6
4
0
4
4
4
2
6
4
0
2
6
2
4
0
4
2
0
0
0
0
0
4
2
0
2
0
2
0
4
0
2
0
0
0
0
2
4
2
2
0
0
4
32
27
42
24
33
33
30
31
48
23
44
45
32
30
33
33
31
34
44
39
87
73
34
31
42
33
46
31
39
45
37
32
40
32
48
47
31
31
45
32
46
38
46
45
48
45
46
37
45
23
45
33
29
33
45
44
37
33
86
44
31
33
42
29
42
56
43
62
45
36
46
47
46
29
46
31
33
48
46
32
44
46
46
34
45
44
48
45
48
31
52
46
46
47
45
32
34
31
46
35
42
39
43
34
45
46
46
37
49
31
29
26
32
40
47
45
46
79
46
43
32
37
39
33
24
31
33
30
46
47
45
47
32
24
47
33
33
46
32
40
35
41
34
45
27
31
19
29
21
33
27
29
33
31
29
26
43
29
27
27
21
27
43
46
44
30
43
37
68
18
43
29
23
27
44
43
44
31
32
35
44
27
45
29
26
31
33
32
48
33
41
32
26
30
46
42
42
42
54
46
27
41
37
46
32
32
48
37
32
35
34
48
46
47
46
42
38
37
33
31
24
29
32
31
31
31
89
46
64
27
29
42
39
25
29
27
32
36
37
33
22
33
34
46
40
42
25
18
37
43
61
25
42
33
31
39
38
42
35
45
24
35
31
50
48
22
37
33
23
29
31
27
41
31
49
62
45
26
34
29
27
31
25
27
27
31
28
30
2
8
8
2
0
8
2
6
2
6
6
6
4
15
4
6
0
4
6
4
4
2
11
2
6
6
2
6
2
4
11
10
12
6
4
8
2
2
4
15
2
11
4
8
9
12
8
0
0
12
4
4
5
6
7
8
6
2
4
4
4
0
6
4
6
2
10
8
2
2
6
2
2
11
2
6
10
4
6
2
4
8
12
4
2
4
2
12
8
0
2
4
8
2
6
2
2
2
2
4
6
17
4
4
4
2
10
6
2
20
10
0
2
4
12
2
4
4
15
2
0
2
2
4
10
4
6
8
2
6
4
4
6
8
4
2
4
16
8
4
4
5
2
4
2
4
8
6
8
6
2
8
2
6
10
6
6
8
0
6
6
6
4
6
4
8
6
4
2
4
2
11
8
4
4
17
8
8
10
6
6
4
4
4
12
6
8
6
2
6
2
4
4
5
8
2
8
2
8
8
6
6
6
0
15
11
7
6
6
6
2
6
13
6
8
2
11
9
2
0
2
8
2
4
8
6
4
6
6
6
10
8
6
0
6
2
6
6
2
4
8
6
6
4
8
8
7
8
4
2
4
5
2
4
4
7
6
2
6
4
7
10
4
2
20
8
5
8
6
2
6
8
4
4
4
6
6
4
4
2
4
2
8
6
4
6
2
6
