6
12
2
8
6
12
0
6
4
12
4
12
6
10
4
10
12
8
6
12
6
0
6
4
6
6
12
15
8
13
8
4
4
6
8
10
6
12
17
10
25
15
17
8
10
21
11
29
21
8
15
9
19
21
21
6
13
19
6
38
12
14
21
13
23
15
11
12
27
21
8
23
6
10
17
17
21
25
17
10
15
10
17
19
17
17
13
17
12
23
10
19
15
17
17
12
27
27
17
10
19
19
25
29
8
13
17
31
17
21
19
11
36
13
21
10
25
14
11
4
25
19
10
10
23
19
23
12
21
21
29
21
13
12
6
21
6
31
34
27
8
23
17
6
25
15
27
6
10
13
15
31
34
13
32
23
17
25
10
17
25
6
17
17
27
26
8
19
17
17
27
17
12
6
11
21
25
23
23
19
19
19
17
13
19
29
19
8
4
19
13
8
11
4
10
13
11
4
12
8
10
10
6
6
15
8
4
2
6
2
10
10
4
8
8
15
8
4
8
21
8
12
10
11
8
4
2
10
2
10
4
9
6
11
6
4
8
13
10
2
6
15
12
6
4
11
6
12
2
17
6
4
8
2
6
4
8
6
10
4
10
2
11
4
6
2
11
4
2
0
0
4
9
10
15
11
8
6
17
4
10
4
8
8
4
10
8
8
0
2
0
0
2
0
7
0
0
4
2
3
2
3
0
0
2
0
9
0
0
0
2
0
0
2
0
0
2
0
2
3
2
0
2
0
5
2
2
2
4
0
0
0
2
0
3
0
4
5
2
4
0
2
5
0
2
0
2
2
0
0
0
2
0
0
0
3
2
0
2
0
2
0
2
4
4
2
0
0
0
2
3
2
0
3
4
2
0
2
2
0
0
0
0
2
0
0
2
0
0
3
2
2
20
4
4
2
2
0
0
2
2
0
0
0
2
0
0
2
0
0
0
0
0
0
2
0
4
2
0
0
2
2
0
0
2
2
2
2
0
2
0
2
19
2
4
0
0
2
2
2
2
0
2
2
5
2
0
4
0
0
0
4
0
2
2
0
3
2
0
0
4
2
3
4
0
2
0
0
0
5
3
0
2
0
0
0
0
0
2
0
0
2
0
0
0
2
7
2
2
2
3
2
2
5
2
2
0
2
0
0
2
0
2
3
2
2
3
2
2
1
0
0
0
0
2
2
2
2
2
4
20
2
0
0
0
0
0
0
3
0
0
5
0
0
4
3
0
12
2
0
0
0
0
2
4
0
3
2
2
5
3
3
3
0
2
0
4
0
3
2
2
2
0
0
0
2
2
0
2
2
0
0
2
0
0
0
0
2
2
0
2
2
0
0
2
0
2
2
1
0
0
0
2
3
3
0
0
2
0
0
0
2
0
0
0
0
0
2
0
0
0
2
2
2
0
1
1
0
2
2
0
2
0
2
2
0
0
0
0
2
0
2
2
2
0
2
1
2
2
0
2
2
2
1
0
0
0
2
0
0
2
3
0
2
0
2
0
2
2
0
0
0
0
0
0
2
0
0
0
2
2
2
1
2
2
2
2
1
3
2
2
2
1
0
0
2
0
0
0
1
2
0
1
0
2
2
4
0
2
0
2
2
1
0
2
0
2
0
0
0
1
0
2
0
2
0
0
2
0
0
0
2
0
2
0
0
0
0
0
0
2
1
0
2
0
0
2
0
4
2
2
0
0
0
0
0
1
0
0
0
0
3
2
2
0
2
2
1
2
2
1
2
2
1
2
1
2
0
0
2
2
1
0
0
0
1
2
0
2
1
2
2
2
0
0
0
0
0
4
2
0
0
2
0
0
0
2
2
2
2
0
0
0
0
0
0
2
2
0
0
0
3
0
2
4
2
0
2
0
0
4
1
2
0
1
1
0
0
1
0
0
2
0
0
2
0
1
0
0
2
2
0
2
0
2
0
2
0
0
0
0
2
3
2
0
2
2
2
2
2
0
2
2
0
2
0
4
0
2
2
2
2
2
0
2
0
0
0
2
0
2
2
2
2
4
2
2
2
2
4
0
2
0
0
2
0
0
0
0
2
0
2
0
0
2
0
0
2
2
2
2
2
2
0
2
0
2
2
2
0
0
2
2
2
0
2
2
2
0
2
2
0
0
0
2
0
2
0
2
0
0
4
0
2
2
2
0
2
0
0
2
2
2
0
0
0
0
2
2
0
2
2
2
2
0
2
2
2
2
2
0
2
0
2
0
0
2
0
0
0
0
2
2
4
2
0
0
0
2
0
2
0
0
2
4
2
2
2
2
2
4
0
2
4
0
0
2
2
2
4
0
2
2
0
0
2
0
0
2
0
2
2
2
2
0
2
4
0
0
2
2
0
2
0
0
2
4
0
2
2
0
0
0
0
2
0
0
2
2
2
2
0
2
2
2
0
2
2
2
2
2
2
4
2
2
2
0
2
2
0
2
0
0
2
0
0
2
2
0
2
0
2
0
2
2
2
2
0
4
2
0
2
0
2
2
0
2
2
0
2
2
2
0
2
2
0
0
4
0
0
0
0
0
0
2
0
0
0
0
2
2
2
0
0
0
0
4
2
0
0
2
2
0
2
0
0
0
4
0
2
2
0
2
0
2
2
2
2
2
2
2
0
32
25
37
40
26
30
35
23
42
58
22
30
35
53
37
38
50
27
37
40
26
36
31
27
44
66
25
27
68
28
26
62
39
34
24
64
26
48
20
36
52
40
29
67
26
31
38
29
50
69
35
33
37
30
24
26
20
49
55
37
31
23
41
40
41
14
23
23
32
50
56
55
34
29
31
66
12
57
39
40
28
40
59
31
42
17
27
50
19
72
35
40
37
22
51
24
72
60
60
34
22
25
18
42
37
31
61
37
46
42
44
19
19
53
46
42
27
18
63
57
28
41
23
22
54
30
31
58
27
56
26
18
18
56
43
57
60
36
16
22
43
21
35
37
26
23
40
40
38
25
21
38
14
27
19
26
23
37
21
25
37
33
25
26
26
17
37
51
14
45
44
23
26
39
16
30
40
23
24
27
36
40
38
34
22
50
35
26
56
27
25
38
25
15
25
18
19
22
26
25
27
19
27
24
17
40
25
29
29
26
41
28
22
32
65
41
58
17
39
25
46
41
19
29
25
27
29
16
29
39
31
39
40
21
23
24
25
29
37
15
40
24
39
52
24
30
37
27
54
19
28
26
26
21
37
46
17
28
34
20
37
24
24
26
25
18
35
28
22
37
37
30
23
42
15
29
45
25
27
24
24
26
27
25
24
22
25
30
12
12
11
25
7
12
2
6
12
14
19
8
14
4
11
4
13
2
15
9
8
15
23
8
15
9
6
21
13
19
9
15
17
12
23
33
11
10
25
8
31
13
7
17
13
19
23
10
23
14
2
6
15
17
25
17
15
8
19
35
23
11
23
21
28
15
15
31
10
19
17
19
17
32
13
14
13
39
29
29
19
25
21
8
10
28
37
29
13
21
27
38
17
15
29
17
23
11
32
21
44
19
19
11
48
33
17
12
42
19
26
15
23
24
34
50
39
23
21
29
11
25
20
13
32
27
38
35
10
27
40
22
32
25
35
13
29
21
42
21
24
35
18
37
15
22
21
44
12
17
20
42
34
43
26
9
10
18
23
33
10
9
25
38
9
17
51
40
10
19
28
29
11
17
17
8
33
23
21
10
8
14
31
18
10
24
12
39
12
30
8
29
29
33
46
19
23
33
38
15
19
12
27
35
17
36
30
44
36
13
11
13
20
12
26
27
37
38
39
32
25
35
17
8
8
14
27
14
28
25
11
37
15
18
33
14
18
12
16
15
15
33
19
31
21
27
17
19
21
33
14
21
29
17
10
15
30
35
27
21
9
15
27
22
25
21
23
29
23
24
17
17
21
11
31
46
17
17
14
23
13
27
25
26
15
33
15
33
3
2
0
0
0
2
2
2
0
5
0
2
0
7
2
0
0
0
0
3
0
0
0
2
0
2
2
0
2
2
5
0
4
0
0
17
2
2
0
3
0
0
0
28
0
0
0
0
0
2
0
3
0
0
0
3
2
0
2
2
2
0
4
0
2
2
0
0
0
0
3
0
0
2
2
2
4
2
0
2
2
2
3
2
2
2
0
2
2
0
0
0
0
3
0
0
0
2
2
0
2
2
2
0
0
2
0
0
2
7
20
0
2
19
5
0
0
4
0
3
3
0
2
0
3
2
0
2
0
0
2
2
3
4
2
0
2
0
0
0
2
0
0
0
0
0
0
0
0
3
0
0
0
0
0
2
0
0
2
0
3
2
4
0
2
0
0
2
2
17
2
0
2
0
0
0
2
0
2
0
4
0
2
2
0
0
0
0
2
2
3
3
5
2
2
0
2
5
0
2
2
0
0
0
0
2
0
0
0
2
5
2
0
0
2
0
2
2
0
2
3
0
2
2
2
0
4
3
4
2
2
0
0
4
0
2
5
0
2
0
2
0
0
0
0
0
0
2
0
2
0
0
3
0
0
0
17
2
2
0
2
2
5
0
0
0
4
5
0
3
0
2
0
3
2
0
0
0
2
2
0
0
2
11
0
0
0
2
4
6
2
0
12
0
0
2
0
2
0
4
4
0
0
2
4
2
0
0
0
2
4
2
0
0
0
4
0
2
2
12
4
0
2
2
0
2
4
2
4
0
4
2
0
0
2
4
0
4
2
2
4
0
2
0
2
2
2
0
0
16
4
0
4
0
2
2
4
0
2
0
0
2
0
2
2
2
2
2
2
2
2
0
0
2
6
4
4
2
2
4
4
2
2
2
0
0
0
4
2
2
2
2
6
2
6
0
0
0
2
0
0
2
2
4
4
0
0
4
0
2
4
0
0
2
0
2
2
0
0
8
4
4
6
4
2
4
0
4
2
2
2
0
0
2
0
0
4
2
2
10
4
2
2
2
2
2
0
2
0
4
0
0
2
4
4
0
4
0
0
2
4
2
2
0
0
0
2
0
0
4
4
4
0
0
2
0
0
0
0
0
2
0
0
2
0
4
0
0
2
2
4
0
2
0
0
12
2
0
4
2
2
4
0
0
4
2
0
0
0
10
2
0
2
4
4
2
2
2
2
2
4
4
2
2
0
2
4
0
2
2
0
6
0
2
4
4
0
2
0
0
0
2
4
0
16
4
0
0
0
2
2
0
0
2
4
2
2
0
2
4
4
2
2
2
2
2
0
2
4
2
2
2
0
0
0
2
12
4
12
8
2
25
6
8
21
6
19
12
14
14
27
8
17
8
10
8
14
8
6
25
14
8
10
10
8
10
4
14
10
12
8
16
17
4
10
8
6
12
8
31
12
15
12
14
15
23
12
21
8
12
15
14
4
8
6
29
10
10
15
42
4
6
6
8
12
23
19
17
8
15
14
6
6
27
19
17
21
31
19
35
6
10
25
12
4
12
13
14
21
14
25
15
23
17
15
15
39
13
17
12
17
19
12
17
15
15
12
35
31
15
42
13
52
25
31
33
6
46
19
46
21
8
23
10
33
31
10
6
19
19
35
23
14
35
52
8
23
2
8
19
14
39
21
8
10
13
27
58
27
12
25
27
43
62
54
17
41
17
50
50
29
17
46
19
54
60
15
54
56
33
64
63
21
62
37
39
64
21
19
42
21
14
79
19
44
70
61
33
38
21
10
33
42
12
27
50
33
44
19
41
60
10
67
33
33
12
10
48
35
33
52
35
46
19
10
43
44
21
46
50
13
33
41
23
44
25
25
52
29
8
21
21
31
39
4
15
12
35
12
31
19
21
46
35
31
35
17
19
37
8
31
12
29
35
56
25
37
46
21
10
6
21
23
14
31
45
42
23
23
31
25
17
38
94
29
21
35
21
71
15
41
29
8
48
2
0
2
2
2
0
2
0
0
0
0
0
2
4
2
0
0
2
0
0
2
0
0
2
2
2
0
2
0
2
2
0
2
0
0
0
0
2
0
2
2
2
2
2
0
0
0
2
4
2
0
2
2
4
2
2
2
0
0
2
2
2
2
0
0
2
2
2
0
0
0
2
0
4
2
2
2
2
2
2
2
0
0
2
2
0
2
2
4
2
2
2
0
0
0
2
0
0
0
0
2
0
0
2
2
2
2
0
2
0
2
2
0
2
2
2
0
2
0
4
2
2
0
0
0
0
2
2
0
0
0
0
4
0
2
2
2
2
2
2
0
0
0
0
0
0
4
2
2
2
2
4
0
0
0
0
4
2
2
0
2
2
0
2
0
4
0
0
4
0
0
2
2
2
0
0
2
2
0
0
2
2
4
2
0
2
2
2
0
2
0
0
2
2
2
2
0
0
0
4
2
4
0
2
0
0
0
0
0
2
2
0
2
0
0
2
2
2
0
2
2
2
2
2
2
0
0
0
2
2
2
0
2
0
2
0
4
0
0
0
0
0
2
0
4
2
2
4
0
2
2
0
0
0
0
0
0
2
0
0
0
0
0
0
0
0
2
0
0
0
0
0
2
2
2
4
2
2
0
0
0
2
0
0
2
4
0
2
