5
10
12
5
3
3
2
11
7
4
7
11
4
7
9
9
4
5
4
5
11
9
4
4
7
4
9
11
9
7
7
4
18
4
13
2
5
25
13
15
11
9
7
7
9
7
6
7
5
83
7
9
6
5
5
14
30
9
12
10
11
10
13
7
7
21
4
9
20
9
12
15
16
14
13
20
13
23
24
14
12
27
9
18
13
10
12
14
9
13
7
15
9
21
30
16
16
10
9
20
9
17
19
10
15
12
17
16
5
16
11
11
13
17
7
11
6
28
19
12
9
24
24
19
9
11
21
14
16
9
25
22
11
13
41
18
18
14
21
14
12
28
12
9
16
20
9
25
27
16
9
22
20
23
23
9
40
5
20
13
11
13
26
16
21
11
13
18
10
27
19
12
14
9
19
21
7
25
22
5
20
17
4
7
14
10
16
30
13
11
7
14
19
12
18
16
18
13
18
15
5
19
7
9
14
11
8
28
14
11
10
5
7
16
18
16
15
18
7
11
5
4
9
9
9
18
11
9
12
7
5
5
9
5
9
11
4
16
8
7
5
7
9
5
7
7
7
4
3
9
4
5
5
13
2
7
7
7
4
5
7
5
4
25
39
5
8
5
0
5
5
7
12
9
7
12
11
5
6
9
9
14
9
3
5
3
2
10
19
18
20
4
10
8
4
16
4
10
31
21
4
13
6
8
10
6
6
2
16
4
4
2
4
4
10
6
8
10
8
2
10
18
12
14
12
12
12
8
6
10
16
16
4
4
14
35
6
16
8
14
16
16
16
16
12
8
18
8
12
18
12
8
12
8
8
19
10
11
20
18
12
18
22
14
20
17
18
14
18
29
17
16
27
12
35
31
25
16
23
29
33
10
23
16
37
8
16
25
8
12
10
25
19
22
27
18
25
25
21
19
21
14
20
25
22
12
49
18
27
33
25
22
19
39
25
18
37
12
25
35
21
18
17
39
29
33
29
29
29
53
20
12
23
8
21
27
37
25
18
31
33
27
21
20
10
12
27
23
18
25
31
12
29
33
25
23
43
21
25
16
25
23
33
35
16
23
41
21
35
16
35
33
47
21
10
14
31
18
8
41
55
31
27
12
41
52
43
42
12
23
37
16
37
20
19
19
25
21
23
31
22
19
25
25
31
31
37
23
35
21
12
18
29
23
25
22
45
47
41
16
23
21
27
25
6
16
16
45
33
18
25
16
16
27
8
4
18
10
70
23
12
23
8
14
12
12
25
10
8
8
16
12
18
8
8
6
12
6
8
6
21
6
6
14
6
10
8
17
10
12
17
20
12
10
14
10
10
2
6
4
6
2
2
0
6
4
4
2
10
8
6
0
8
8
6
2
2
0
2
4
0
8
0
2
8
10
0
6
4
2
10
0
4
10
4
2
2
2
0
2
12
2
6
4
10
4
6
6
2
0
2
0
6
0
6
8
2
4
6
8
6
6
10
6
0
4
0
8
2
8
4
8
2
4
4
2
0
2
0
14
4
8
8
6
2
8
4
10
10
12
2
10
0
2
2
4
5
0
4
2
0
0
4
2
4
6
2
6
6
4
10
6
2
4
0
10
6
0
2
4
4
2
8
4
4
2
10
10
0
6
10
5
8
10
4
0
6
12
12
10
4
2
4
0
16
4
4
4
8
6
4
6
6
2
6
2
6
2
2
4
10
6
10
4
4
0
8
4
4
4
4
8
8
6
8
0
6
12
2
6
4
4
2
4
6
2
2
2
4
2
4
4
4
12
0
0
12
10
2
14
0
0
6
5
16
2
6
0
6
8
2
4
8
0
4
0
8
4
4
0
8
4
6
4
2
2
8
2
4
4
0
2
6
6
10
4
6
2
12
4
2
12
8
4
4
6
0
4
6
4
2
0
10
6
0
0
0
0
8
4
2
0
4
4
4
10
0
4
2
8
0
2
8
6
8
29
7
2
2
0
4
6
0
12
27
11
17
15
9
15
7
9
7
22
11
13
15
13
15
7
11
15
19
25
17
7
13
52
15
13
15
21
25
13
17
44
13
23
23
11
9
15
19
17
25
25
22
40
25
19
25
38
13
26
13
15
23
20
55
19
17
23
14
29
45
15
19
13
27
19
56
25
15
31
19
11
26
17
24
18
21
13
31
19
24
26
19
15
23
25
19
7
9
24
23
21
9
15
9
17
17
19
23
7
9
19
19
17
17
11
23
16
33
13
23
29
22
17
25
48
26
34
61
15
33
52
7
11
13
27
9
28
13
29
32
28
41
28
15
24
13
21
15
36
30
25
27
7
11
21
23
32
89
34
21
42
13
29
32
20
26
25
15
15
17
36
13
19
42
40
30
21
46
19
32
23
7
28
28
22
19
29
17
23
28
31
5
27
15
48
24
19
32
35
30
11
23
20
55
21
40
22
11
12
15
55
16
36
15
28
48
32
25
20
37
15
25
26
26
13
32
26
38
20
26
31
12
19
11
17
36
20
21
13
21
17
15
17
9
13
23
13
11
19
13
11
36
23
19
26
9
23
21
17
22
15
18
9
21
22
11
21
13
15
16
26
24
26
17
18
16
22
16
25
11
17
28
21
13
21
23
22
19
17
21
19
29
13
21
35
15
23
2
2
2
2
0
4
0
2
0
2
2
0
2
0
2
0
0
0
0
4
6
0
4
6
4
2
6
2
4
2
2
2
0
4
0
0
2
2
2
0
0
2
2
0
2
0
0
0
0
2
0
2
4
0
2
0
6
2
0
4
2
0
4
2
4
2
2
0
0
2
0
0
2
0
0
0
0
2
4
0
2
0
0
2
6
2
2
0
0
0
2
0
2
2
0
2
0
0
0
2
4
0
0
0
2
0
4
2
2
8
0
4
2
0
2
2
2
0
2
4
2
2
0
2
2
4
0
4
0
0
0
2
4
2
0
7
0
0
0
2
0
6
0
6
0
0
2
0
0
2
4
2
2
0
4
0
2
0
4
2
2
4
4
2
2
0
0
0
0
2
2
0
2
2
2
2
2
0
4
0
0
0
2
0
0
4
0
0
4
0
2
0
0
2
2
0
4
4
0
0
2
2
2
0
2
0
2
0
2
0
0
2
0
2
4
2
2
0
0
2
0
2
2
4
4
8
2
2
4
0
2
0
4
2
2
0
0
0
6
2
0
2
0
0
6
2
2
4
0
0
2
0
2
2
9
0
0
2
2
0
2
0
0
9
0
0
2
0
0
8
0
2
0
0
4
4
0
0
2
0
8
0
0
6
2
4
2
2
1
2
1
1
2
3
0
3
2
0
0
1
2
3
1
2
0
0
0
0
1
1
2
3
4
1
1
2
2
2
0
1
3
1
1
3
1
0
2
1
2
4
0
5
4
2
0
4
2
3
3
1
1
2
0
2
0
1
1
1
1
1
0
2
2
3
0
0
2
3
4
1
2
2
1
1
2
0
2
0
0
0
2
4
3
1
2
1
0
1
1
0
1
0
1
2
0
2
1
2
1
0
3
0
2
5
0
1
2
1
1
1
1
0
1
1
2
0
1
2
1
1
1
1
1
1
2
0
0
0
1
2
3
2
1
1
1
0
1
1
4
1
3
0
3
0
2
1
2
2
1
1
0
0
3
2
2
1
3
4
3
1
4
1
1
3
4
1
3
3
2
3
2
2
2
2
6
3
2
2
2
2
2
2
3
3
2
3
2
1
3
2
1
2
0
1
3
3
1
3
0
2
6
2
4
1
1
0
4
1
1
2
2
4
2
0
1
2
0
2
2
1
1
3
1
1
1
4
4
1
1
2
3
1
3
4
1
1
0
1
2
1
2
1
6
5
1
2
4
1
2
2
2
3
0
3
1
1
2
0
3
2
3
2
2
1
4
4
1
0
2
1
1
2
1
2
1
1
1
2
0
2
2
2
20
2
2
1
4
6
4
8
2
2
0
20
8
8
4
4
19
4
6
4
2
3
6
4
10
4
0
6
4
2
0
10
2
12
14
2
2
0
2
0
1
0
4
2
12
14
8
12
6
0
2
2
0
12
14
0
6
4
14
0
6
8
0
2
4
0
6
4
6
2
2
0
11
0
10
3
10
0
10
2
2
3
6
7
4
0
4
7
2
8
0
10
4
8
8
2
0
1
3
4
0
3
2
1
0
0
10
10
8
6
6
4
3
7
12
2
8
0
3
1
4
3
6
2
4
0
2
12
4
0
0
6
4
0
8
6
5
2
8
0
8
12
1
10
8
10
4
2
0
11
2
0
0
4
2
0
0
10
0
0
0
4
4
4
1
0
2
3
0
2
0
8
0
0
0
4
12
10
3
5
3
10
2
16
12
0
0
0
8
0
6
6
0
1
1
0
4
4
20
2
6
2
2
6
14
8
8
0
2
6
2
6
6
8
14
2
10
0
12
4
4
0
2
6
4
12
2
1
14
5
2
6
6
0
8
0
1
4
0
4
4
2
8
5
6
1
4
0
2
2
6
10
0
3
3
2
4
8
8
4
17
0
10
0
2
6
2
0
0
0
8
8
2
8
4
0
8
0
6
8
4
6
10
2
5
2
5
0
4
8
0
4
13
6
5
2
6
4
23
8
11
2
4
8
9
11
0
0
2
9
4
12
4
2
2
0
6
6
8
8
10
21
11
8
4
0
6
6
2
9
8
6
13
8
4
4
4
0
4
2
0
11
0
11
10
7
10
2
2
2
0
15
0
4
2
4
8
2
2
2
4
2
2
6
11
9
6
8
4
2
4
2
4
0
2
4
6
8
2
11
6
10
10
9
2
0
2
4
6
8
8
11
3
6
2
4
4
2
2
8
6
2
2
4
6
6
2
2
9
6
2
11
2
4
4
17
7
9
6
6
4
0
0
2
6
2
6
4
11
11
9
0
6
0
2
8
28
4
0
6
2
0
4
2
11
0
6
10
8
2
4
6
6
4
9
4
8
2
2
4
12
5
0
6
2
2
6
6
6
2
6
4
2
6
4
10
11
2
4
4
4
2
4
30
23
2
0
2
2
6
6
2
4
2
4
8
11
2
2
4
4
8
4
11
6
2
0
2
6
4
10
8
0
6
4
4
11
4
4
11
2
2
6
7
6
9
6
4
2
4
9
6
5
2
8
4
11
4
2
4
2
2
4
6
4
6
0
4
8
17
6
4
13
0
10
4
6
2
0
10
14
2
11
4
10
2
5
4
0
2
9
14
8
10
11
8
6
2
6
13
2
2
2
0
4
4
2
2
0
4
4
0
2
0
0
2
2
0
0
2
2
2
2
2
4
2
2
0
2
2
2
0
2
2
2
2
2
4
2
2
2
2
4
4
2
2
0
0
4
2
2
0
0
2
0
4
4
2
0
2
2
2
2
2
2
2
2
2
2
0
0
2
4
0
2
2
2
2
4
2
2
2
0
4
0
2
2
2
0
2
2
4
4
2
4
2
2
4
2
2
0
2
2
0
2
2
2
0
4
2
0
4
0
0
2
0
4
4
4
0
0
0
0
2
2
0
2
2
2
2
0
4
2
0
0
0
4
2
0
4
4
4
2
0
0
2
2
4
4
2
0
0
0
2
0
2
2
2
2
2
2
2
4
2
4
2
0
0
4
4
2
2
0
2
0
4
2
2
2
0
2
4
4
4
2
2
0
2
0
2
0
2
2
2
2
0
4
2
0
2
0
2
2
2
0
0
2
2
4
2
2
2
2
0
0
0
0
2
0
2
0
6
2
0
2
0
0
0
0
2
2
2
2
2
0
0
4
2
0
0
0
0
2
2
2
2
2
0
0
2
2
2
0
2
0
2
0
2
2
2
0
0
2
0
2
0
0
2
0
4
4
0
2
0
0
0
0
2
2
2
2
4
4
0
2
0
2
2
0
0
0
0
0
1
0
0
0
0
0
0
0
2
4
0
0
0
0
0
0
0
0
0
2
0
0
0
0
0
2
2
4
0
0
0
47
67
35
31
23
0
0
6
0
0
0
3
0
0
0
0
3
0
0
0
0
0
0
0
0
1
0
3
0
6
0
0
0
0
0
0
0
0
0
0
0
0
0
2
0
2
0
0
0
5
2
5
0
2
0
0
0
16
0
0
0
11
8
15
15
9
19
8
17
19
17
18
16
14
4
2
0
4
11
2
10
0
0
0
9
9
0
2
16
13
2
0
0
0
0
0
2
0
1
2
2
2
2
2
2
0
4
2
13
4
2
0
0
0
3
2
0
0
15
3
2
2
2
4
4
0
11
13
8
17
19
0
0
0
4
0
0
2
18
27
16
0
0
13
1
2
4
2
2
0
7
5
11
33
29
17
15
21
20
22
66
26
22
18
32
21
18
10
60
76
24
18
25
24
80
59
33
19
26
23
15
19
16
27
75
18
33
22
18
18
92
34
80
24
27
34
26
66
21
70
85
18
21
36
34
24
37
16
24
23
53
21
13
15
18
39
47
26
22
19
20
14
33
12
12
3
30
30
21
15
23
13
52
24
67
16
14
96
39
10
10
20
18
11
22
22
13
30
40
33
37
15
