15
6
13
8
29
14
17
27
21
15
21
17
8
19
15
31
17
12
13
21
32
25
10
13
14
12
13
21
21
15
17
12
8
27
14
23
8
10
14
15
12
6
12
12
6
10
12
17
19
19
25
13
12
8
10
25
14
12
35
19
23
10
27
12
15
19
17
58
8
25
17
19
12
12
10
13
21
17
25
25
23
10
17
6
23
4
13
12
15
27
17
17
8
6
35
15
23
13
15
31
21
8
6
8
15
21
33
27
15
10
25
11
38
27
10
13
8
21
15
12
21
19
17
35
44
38
21
15
8
17
54
23
15
19
19
29
21
41
11
22
15
33
38
32
13
31
16
23
12
39
17
27
17
12
25
22
27
11
17
10
9
42
25
27
17
8
27
52
19
8
27
15
19
38
29
10
17
12
17
25
13
6
13
17
13
38
27
43
19
15
12
17
13
10
15
8
19
15
25
17
10
25
6
13
23
12
15
10
10
33
13
35
13
21
9
23
12
19
21
8
23
28
15
13
8
19
6
23
14
8
12
8
27
8
8
15
10
10
10
6
15
19
15
6
13
2
8
4
10
8
13
8
12
2
12
15
15
10
10
4
8
6
13
14
10
8
17
15
12
12
4
8
14
19
13
2
10
6
10
6
13
15
14
15
8
8
14
17
2
7
7
3
7
3
3
0
3
7
3
5
33
2
11
2
2
3
3
3
2
0
2
0
3
2
5
5
3
3
3
2
3
2
1
2
5
5
3
1
5
5
7
11
9
3
3
7
2
2
7
3
7
2
2
2
3
2
3
9
13
3
2
2
7
0
17
3
5
2
5
23
3
13
11
5
3
7
11
7
5
3
3
9
7
11
21
5
11
13
13
3
13
9
5
9
9
5
9
9
9
10
13
3
11
5
7
11
7
3
11
3
5
2
3
5
7
15
47
3
11
3
5
5
7
9
3
11
9
15
5
11
5
17
9
13
11
11
15
7
7
3
3
5
17
5
7
5
9
11
5
9
17
3
9
11
3
11
11
17
11
3
7
5
11
9
11
3
5
13
11
3
7
5
11
3
5
7
11
11
5
9
21
5
5
5
5
7
13
15
21
5
3
9
15
11
5
5
5
3
7
19
9
15
3
2
5
15
19
9
13
11
15
13
9
5
13
3
9
17
5
13
3
7
5
9
2
9
21
11
9
5
5
5
9
7
3
5
7
9
7
5
7
7
15
7
11
7
3
3
7
9
7
5
2
7
2
3
5
3
9
7
2
19
3
11
11
9
2
3
3
3
2
3
3
1
5
2
9
5
3
9
5
1
5
2
0
3
7
9
15
9
7
9
5
11
13
21
9
15
13
17
13
15
5
11
7
5
9
13
13
9
9
7
13
11
7
7
2
5
7
3
9
25
3
7
13
7
15
13
13
4
13
11
15
7
9
7
11
9
3
2
9
5
5
15
2
5
5
5
9
2
5
5
3
13
3
7
9
9
15
13
7
11
13
9
5
9
13
13
13
3
7
5
5
11
7
7
2
5
19
17
7
11
19
9
11
2
9
7
7
11
7
11
17
5
9
2
7
11
15
13
13
5
9
19
11
13
15
17
9
9
7
19
11
13
9
5
7
7
7
15
13
7
23
3
15
3
3
3
7
5
15
4
11
9
5
17
17
9
7
9
11
5
9
17
11
5
7
17
3
9
15
5
9
7
27
9
13
7
13
5
19
5
2
3
9
9
9
17
9
9
17
11
5
7
11
13
13
7
7
15
11
29
11
7
11
17
2
17
13
21
7
11
11
15
7
7
11
5
5
5
13
7
7
9
11
7
3
2
53
9
9
7
7
27
5
11
9
5
5
11
5
13
5
7
53
7
15
7
3
7
3
2
5
13
14
15
9
7
7
5
2
3
7
3
2
2
3
3
2
3
3
7
3
3
5
0
0
2
3
2
2
0
5
0
5
0
5
3
3
7
3
2
3
0
13
7
5
5
13
13
5
8
12
5
7
7
8
7
5
4
22
8
2
15
10
13
7
12
9
13
9
22
22
8
11
5
4
13
13
11
11
9
9
12
11
5
11
9
8
9
5
5
21
16
7
16
9
7
10
7
11
19
12
7
13
5
13
8
10
10
7
11
7
10
13
17
5
4
9
8
9
4
2
6
5
7
5
9
4
6
9
6
5
5
4
9
7
6
2
9
2
21
5
16
4
2
3
4
3
4
9
6
4
4
4
12
0
23
7
4
2
11
8
13
4
4
6
13
2
13
6
4
5
2
7
0
5
7
7
7
2
3
5
4
0
8
0
2
0
2
4
2
6
9
4
20
2
2
4
7
7
2
9
7
4
6
13
4
11
5
7
8
5
4
9
4
5
5
14
10
4
4
5
2
2
4
5
7
19
6
4
11
7
0
4
5
0
4
7
2
4
6
6
5
4
10
2
9
0
12
4
11
2
7
9
4
4
6
4
4
15
5
2
7
5
4
16
2
9
14
19
0
3
7
0
6
4
4
4
4
9
2
8
4
3
4
3
8
18
2
6
4
4
5
5
3
5
5
7
3
2
6
4
2
5
0
6
5
3
19
5
2
8
2
2
2
17
4
10
5
3
3
5
3
2
6
7
4
6
2
5
9
6
7
6
4
4
0
4
4
4
7
6
35
24
37
6
6
4
0
2
4
6
2
7
8
4
2
4
6
4
10
2
4
6
4
9
6
6
4
2
10
6
8
6
2
4
2
4
5
4
4
2
2
2
2
11
6
4
4
3
8
12
3
4
2
6
0
4
6
2
6
4
8
2
4
4
8
2
9
4
4
6
11
0
2
4
2
4
6
8
12
2
2
2
2
7
4
2
8
4
7
9
7
8
26
9
6
3
10
2
4
6
4
6
9
30
16
14
18
5
6
4
6
10
5
8
7
2
2
4
6
5
4
5
8
4
4
6
4
2
3
6
11
2
3
2
4
4
7
5
4
4
7
4
2
6
0
7
6
4
9
9
6
2
5
8
5
8
4
5
7
1
6
2
7
2
4
5
2
2
2
2
6
2
3
4
2
1
6
8
4
4
4
4
5
4
8
4
8
4
4
7
4
7
2
4
7
4
1
5
6
4
6
4
9
5
10
6
2
0
2
4
8
6
0
3
4
4
20
12
22
17
43
4
2
6
8
3
6
5
2
4
5
4
4
6
4
6
4
2
3
5
4
1
7
2
2
5
4
2
1
4
5
4
2
2
3
6
0
2
7
6
7
4
7
6
5
4
3
4
4
1
4
10
11
0
5
4
4
0
0
4
0
48
2
4
4
2
60
0
2
4
2
0
2
0
2
45
4
2
0
6
45
0
0
4
2
0
0
2
4
4
2
2
2
96
0
2
2
0
2
4
4
0
0
4
4
2
0
0
0
0
2
4
0
2
2
0
0
2
0
2
0
8
40
2
0
46
0
2
2
6
0
0
0
4
0
4
2
0
0
2
2
6
6
2
2
0
92
0
0
0
2
6
0
2
6
4
2
0
4
0
0
2
0
4
2
2
0
2
0
2
2
2
0
2
2
36
4
2
2
0
2
0
2
38
4
4
2
0
2
2
2
0
2
0
0
2
4
4
2
2
2
4
0
0
2
2
4
38
0
0
2
4
4
0
4
0
4
4
0
0
2
4
0
2
4
2
2
4
2
2
4
4
2
0
2
2
0
2
0
42
0
2
6
0
0
2
0
2
4
0
46
0
2
0
2
6
2
0
0
2
2
0
2
6
4
2
4
8
4
0
36
0
4
36
2
0
2
4
2
4
0
0
4
0
4
2
2
4
2
4
56
0
6
91
6
0
0
4
2
0
2
2
2
2
4
4
4
2
6
4
79
4
6
4
0
6
4
2
4
42
4
6
49
2
2
0
6
4
6
2
4
6
2
4
0
4
36
4
6
2
2
2
0
0
4
18
18
19
19
17
18
19
18
18
18
18
18
19
19
19
19
18
19
16
18
19
18
18
18
18
18
16
19
17
18
18
19
18
18
18
19
18
19
19
18
18
19
19
19
18
18
19
19
19
18
18
19
18
19
19
19
19
17
18
18
19
19
18
19
18
19
19
19
19
19
17
19
19
19
18
19
19
19
19
20
19
19
19
19
19
15
19
19
18
18
19
19
19
19
19
19
19
19
19
19
18
17
19
19
18
17
19
18
19
15
19
17
19
19
19
18
16
16
18
17
18
18
19
17
19
16
18
19
18
15
19
18
18
17
18
18
19
19
19
16
18
17
18
18
18
17
17
17
19
19
18
18
18
18
19
18
18
19
18
17
17
18
19
17
18
18
17
19
20
18
19
17
18
18
19
18
19
18
19
18
18
19
19
19
19
18
19
18
19
18
17
17
18
19
18
18
18
19
16
17
18
18
18
18
18
16
18
19
19
18
19
17
18
18
18
18
17
18
20
19
17
18
18
19
18
17
19
18
18
18
19
18
18
18
18
18
18
19
16
19
19
18
13
18
17
18
14
19
18
18
17
19
17
19
18
18
19
18
16
19
19
18
18
19
18
19
18
19
16
18
18
16
16
18
18
19
19
18
19
18
19
19
19
18
16
18
18
18
2
0
2
4
4
2
4
0
4
0
2
0
2
6
2
2
0
4
4
4
0
0
0
4
6
4
2
0
0
4
0
2
0
0
28
4
2
2
6
4
0
6
2
0
4
0
4
2
0
0
0
4
0
0
2
0
4
2
0
2
2
0
2
4
0
4
0
0
4
0
2
0
0
2
0
4
2
0
2
0
2
2
0
0
2
2
0
4
2
2
6
0
6
2
0
2
0
0
6
4
0
2
4
2
0
0
2
0
0
0
2
2
0
0
2
0
2
4
0
2
0
4
0
2
2
0
2
0
2
2
0
2
4
2
0
2
0
2
6
0
2
2
0
2
2
2
4
4
0
2
2
0
0
6
0
0
2
2
2
2
4
0
6
2
0
0
2
0
0
0
2
0
0
2
0
2
0
0
0
2
2
2
0
0
2
2
0
0
2
2
2
4
4
2
2
0
0
0
2
4
0
2
2
0
0
4
2
0
4
2
2
6
0
0
4
2
0
4
3
2
4
0
4
4
0
4
2
2
2
4
4
0
0
0
2
2
2
6
6
2
2
2
0
2
0
0
0
4
0
0
2
4
2
2
2
0
2
4
2
0
0
0
4
2
0
4
4
4
0
4
4
0
2
0
2
2
2
2
4
2
2
0
0
4
2
2
0
0
0
5
14
11
9
18
4
13
15
12
11
4
13
15
9
6
15
24
11
9
7
6
18
13
11
11
11
11
11
4
4
17
7
24
18
17
6
7
17
9
9
13
11
13
17
17
11
11
16
27
16
15
11
12
6
15
13
11
13
32
34
22
14
9
19
13
20
25
13
9
14
17
7
20
9
18
18
24
6
17
11
11
17
7
6
24
25
26
11
9
11
13
13
11
7
11
15
15
11
21
9
4
9
9
20
14
22
23
14
12
9
26
21
16
15
20
18
22
24
7
27
11
25
7
13
5
14
15
9
6
18
18
28
34
11
11
29
24
35
18
21
17
29
8
16
24
17
16
21
22
22
27
13
27
11
13
20
18
21
17
24
7
15
26
26
11
21
28
19
30
20
17
40
7
24
24
22
18
21
13
23
13
34
27
14
33
20
37
29
19
24
30
23
13
38
32
12
40
34
15
45
35
27
7
18
30
29
31
29
35
44
15
25
30
17
20
40
23
20
20
13
36
18
27
22
13
24
17
33
35
15
18
16
13
7
25
23
34
19
23
11
23
17
7
16
23
21
20
15
15
27
22
21
4
11
5
34
13
9
13
9
29
9
11
11
10
8
5
25
5
4
9
24
25
21
9
20
7
7
16
6
4
4
9
7
8
9
9
8
6
4
10
4
6
4
4
4
2
23
4
2
14
4
6
4
6
2
2
2
4
9
6
6
2
8
4
15
4
6
4
4
4
8
6
2
2
2
2
4
2
2
12
2
4
4
4
8
4
4
4
2
29
2
5
4
2
6
8
2
6
6
10
4
5
2
0
2
2
4
4
8
2
2
4
10
8
2
12
8
4
0
2
2
6
8
2
2
4
4
4
4
6
9
6
10
2
2
2
6
2
4
4
4
4
6
6
2
2
8
10
4
6
2
8
9
4
6
8
4
6
2
4
4
6
12
13
0
6
4
10
4
4
4
8
2
2
8
8
6
10
2
2
4
10
4
4
0
4
4
4
8
4
4
2
2
2
2
10
0
4
4
8
2
2
2
6
2
10
8
4
4
45
4
4
2
6
6
4
4
8
6
4
0
4
4
8
4
8
4
6
4
4
6
2
2
2
4
0
4
2
4
2
6
0
8
0
0
0
2
6
4
8
6
2
4
4
6
2
2
2
4
2
4
4
2
4
2
4
2
8
2
8
2
0
2
0
4
8
2
2
2
6
0
2
4
2
6
4
8
0
5
2
2
0
2
8
2
2
5
14
6
2
5
4
2
6
4
6
2
2
4
4
2
4
2
4
0
2
2
2
2
8
0
2
2
0
