7
7
5
5
9
13
3
2
5
7
7
5
15
5
5
9
3
13
5
4
5
2
19
7
5
9
37
5
2
7
3
4
2
9
4
5
5
11
11
5
5
7
5
9
3
7
7
11
5
2
4
7
2
5
9
4
5
7
5
5
7
11
15
9
17
5
7
11
5
3
4
2
5
5
7
5
5
3
5
5
5
9
5
9
13
4
7
2
13
5
9
3
5
5
9
7
9
5
4
7
5
11
7
5
13
2
3
5
3
9
2
3
9
9
5
2
11
9
7
2
7
3
5
5
9
4
7
5
7
9
7
11
7
7
17
5
9
5
5
3
9
7
3
3
7
9
7
7
7
13
3
15
9
5
13
7
5
5
11
7
5
11
9
7
11
7
9
21
3
7
9
9
5
9
13
7
9
7
9
5
9
9
7
5
5
3
7
0
7
7
11
13
7
13
7
7
2
7
5
3
15
11
11
9
9
9
7
2
7
5
9
5
3
7
5
9
17
9
7
7
7
11
7
5
9
2
5
2
2
5
3
5
5
7
3
7
2
9
7
9
2
9
5
2
5
7
7
15
2
11
2
7
45
11
7
9
0
9
5
5
9
3
7
2
3
7
5
5
7
15
7
7
2
9
9
7
11
9
5
0
5
9
0
7
7
5
7
3
0
2
4
0
2
2
2
4
4
0
0
2
0
2
2
0
0
0
2
4
2
6
0
2
2
2
0
4
4
0
4
2
2
91
0
0
2
2
2
6
4
2
4
2
2
4
2
0
2
0
2
2
4
2
4
2
2
0
2
2
2
2
0
0
0
4
2
2
2
0
4
2
6
8
0
2
0
2
2
0
2
0
0
6
0
2
4
0
0
0
0
6
0
6
2
0
2
0
4
0
2
2
47
2
0
0
4
0
2
4
0
2
4
2
2
0
2
4
2
2
0
6
4
6
0
87
4
4
6
4
4
0
6
0
4
2
0
6
0
0
2
4
2
0
0
4
2
2
92
2
0
0
0
0
4
0
0
2
2
4
2
0
2
0
6
0
2
2
0
0
4
2
8
6
4
0
4
4
2
2
2
0
6
4
0
2
0
2
4
2
4
0
2
0
2
2
8
0
0
0
2
0
4
2
0
2
2
2
0
2
2
0
0
2
2
0
4
4
6
4
0
4
2
6
2
2
0
0
0
2
2
6
4
4
4
4
0
0
0
2
4
2
0
0
2
4
6
0
12
0
2
0
0
4
2
0
2
6
4
4
6
2
0
2
2
8
2
0
0
2
6
2
2
0
4
2
2
0
0
0
61
0
8
2
0
0
0
0
34
46
38
44
43
41
53
49
57
53
40
37
62
55
58
50
41
41
47
48
31
39
43
43
35
33
38
32
51
66
32
52
50
52
52
42
37
44
46
45
39
35
49
37
57
38
62
43
50
62
53
33
60
55
60
56
51
48
35
42
40
59
48
23
62
44
36
42
52
28
32
53
37
53
60
63
63
38
34
41
67
71
41
42
54
40
43
44
27
34
40
37
54
82
48
59
38
49
35
36
48
41
49
57
35
39
41
36
62
42
54
37
39
50
35
50
49
38
42
45
35
37
40
35
42
49
48
49
58
33
37
58
58
44
46
45
48
52
72
56
48
40
43
33
42
46
28
62
52
27
55
41
56
37
40
35
54
48
40
21
36
67
62
41
38
41
40
42
56
59
42
44
29
39
37
41
44
62
34
83
46
45
51
38
36
34
35
34
38
69
42
46
36
41
44
58
38
32
41
41
55
50
38
38
52
57
40
42
36
33
43
36
42
31
46
73
37
34
40
40
53
61
45
46
83
69
65
69
77
81
75
63
67
54
37
50
60
83
66
56
60
52
69
83
83
68
61
70
78
54
47
81
37
20
79
70
73
73
75
84
78
78
89
80
91
92
83
83
85
27
77
85
85
82
81
68
81
91
48
88
86
95
62
84
84
87
89
73
8
35
0
2
4
6
2
2
2
6
0
0
2
4
4
2
7
4
4
4
4
0
4
4
7
4
4
7
8
7
4
4
4
2
4
2
6
6
18
3
2
2
3
8
6
5
0
4
7
0
4
4
2
2
2
6
2
4
5
3
6
2
2
6
6
2
2
4
0
2
7
4
10
4
4
31
8
17
4
10
4
4
7
5
8
4
4
4
4
5
4
4
4
4
4
9
2
8
4
6
4
2
4
4
8
7
4
4
4
6
4
8
2
6
28
8
14
4
4
7
7
4
2
4
4
4
7
8
6
2
4
7
7
4
4
6
5
2
3
2
6
6
6
2
5
0
5
8
4
6
7
0
7
4
2
6
6
8
7
6
3
4
5
2
15
4
6
2
5
6
6
5
14
4
8
6
8
2
8
6
8
5
8
3
6
24
2
6
23
2
11
2
6
4
2
17
2
6
4
6
10
8
17
6
4
6
6
6
4
2
2
4
4
4
8
2
2
4
4
6
17
15
8
4
10
21
7
4
2
4
6
6
19
24
6
15
4
6
7
2
4
4
12
4
19
8
4
1
2
8
4
9
19
4
8
2
6
10
6
6
6
2
10
2
8
2
6
4
0
6
6
4
4
9
6
8
19
4
2
7
26
4
6
3
6
6
14
3
0
0
18
24
8
0
0
11
7
0
27
18
27
0
13
13
15
17
13
15
16
0
27
0
0
0
13
15
25
18
15
12
15
11
16
0
0
0
22
16
17
19
15
15
16
32
0
0
0
2
27
13
16
34
14
1
11
16
20
0
0
0
11
23
22
20
16
1
7
12
26
0
0
0
18
21
19
21
21
12
0
35
0
0
0
0
9
15
17
17
19
9
11
22
14
0
0
0
34
45
16
16
12
15
0
5
6
0
0
0
18
17
19
19
13
17
0
13
27
0
0
0
18
17
6
38
14
16
0
43
0
0
0
0
6
13
18
20
0
1
2
8
0
23
16
18
0
0
0
0
0
0
0
0
0
0
0
0
3
18
17
0
15
14
1
1
15
17
0
20
0
0
0
0
0
0
0
0
0
0
0
0
0
20
16
26
0
0
13
20
0
20
14
0
0
20
16
16
0
25
0
13
0
14
24
30
18
0
0
0
0
0
0
0
0
0
0
0
3
0
13
15
0
32
0
14
11
0
10
0
24
0
1
14
0
0
18
0
10
13
0
0
0
16
15
3
12
0
13
0
11
0
24
0
18
0
0
0
0
0
0
0
0
0
0
0
0
10
20
18
0
40
0
16
22
26
0
0
16
0
0
17
17
7
1
11
15
33
3
1
19
13
6
14
1
1
1
11
14
15
4
8
12
1
14
19
0
0
1
3
20
2
1
2
13
2
14
9
1
1
0
9
0
1
1
3
2
13
1
26
7
2
3
2
1
13
10
11
10
19
0
1
9
18
13
2
6
7
1
12
14
7
7
3
16
1
2
4
8
10
4
2
16
2
18
13
1
14
15
36
2
2
0
0
1
0
2
14
2
18
25
1
3
2
9
7
23
2
3
14
29
1
16
2
3
13
7
3
17
7
13
2
18
3
0
3
16
1
4
1
9
12
2
3
22
2
1
17
15
13
3
1
3
15
4
0
2
1
2
1
14
0
1
7
0
10
5
3
1
3
4
5
15
3
7
0
2
0
0
0
3
1
3
0
1
7
11
0
3
7
0
1
3
12
0
3
2
4
9
0
0
2
2
1
8
4
0
4
33
12
14
1
0
9
17
0
19
3
1
12
9
10
14
1
1
0
18
1
13
1
17
1
2
7
1
2
0
1
0
6
14
20
9
15
3
2
30
12
1
2
14
9
2
20
6
3
1
2
16
2
4
3
3
32
0
5
1
4
12
4
13
11
1
1
11
13
4
4
0
1
3
16
12
12
0
3
14
17
3
16
5
4
1
19
10
1
10
2
18
1
4
0
1
1
3
13
0
0
2
2
0
0
4
0
2
2
2
2
0
0
2
4
4
2
4
0
4
2
2
2
0
0
4
0
2
2
2
2
4
2
4
4
0
2
2
2
0
0
2
2
2
2
2
2
2
2
2
2
2
2
2
0
4
2
0
2
0
2
0
0
0
2
2
2
2
0
2
0
4
0
2
0
0
6
2
4
0
2
0
0
0
2
2
0
2
4
0
2
4
2
0
2
4
2
4
0
0
6
0
0
0
2
2
2
2
0
0
2
6
2
2
2
0
0
0
2
0
0
6
6
4
0
2
0
4
0
2
0
0
0
6
0
6
0
0
2
4
2
2
6
0
2
2
2
2
2
0
2
4
0
4
0
2
2
2
2
4
2
0
4
0
0
0
2
2
0
4
0
0
4
2
0
0
4
0
0
0
2
4
2
0
2
4
0
2
0
4
0
0
0
4
0
4
0
2
0
2
4
4
2
4
2
4
0
0
0
4
4
4
0
2
2
2
0
0
2
0
4
4
6
4
4
0
4
2
0
0
0
4
2
4
2
6
4
0
4
4
0
2
2
6
4
2
0
2
0
0
0
2
2
2
2
2
2
0
8
2
4
4
4
0
4
2
2
2
2
0
6
4
4
6
4
0
4
0
0
4
0
2
2
2
2
0
2
6
4
2
0
4
0
2
0
0
0
2
2
0
2
2
6
4
4
6
0
2
2
0
6
4
0
2
0
2
4
0
0
0
2
2
0
4
4
2
2
0
4
2
4
0
6
4
0
6
2
2
0
4
2
2
0
2
2
6
0
4
4
0
2
2
2
0
0
4
2
0
0
2
2
0
2
2
2
0
2
2
0
2
0
2
0
2
0
4
4
2
2
0
2
4
2
0
4
2
4
4
4
6
0
0
2
4
2
2
2
2
0
0
2
2
0
4
2
2
4
2
0
2
2
0
4
0
0
2
2
2
6
4
4
2
6
2
4
0
0
4
2
4
4
0
2
2
2
0
6
2
0
0
2
2
0
4
2
4
4
0
4
2
2
0
4
4
0
2
2
4
0
2
4
4
0
0
6
2
0
2
0
2
2
0
2
4
4
6
2
2
0
0
2
4
2
4
4
0
2
4
4
2
2
2
0
2
2
6
0
0
0
0
2
2
0
4
2
2
0
0
0
2
4
0
6
2
0
4
2
4
2
2
2
0
0
0
4
0
0
0
0
0
4
4
2
4
0
0
4
0
2
0
4
2
0
4
2
4
2
0
0
0
2
2
0
0
4
0
2
2
0
4
4
2
2
2
4
0
0
4
2
2
0
2
2
0
2
22
22
13
27
36
35
38
27
30
25
32
27
21
24
34
12
41
49
43
42
23
31
34
30
38
23
45
31
26
23
25
32
34
43
5
22
32
43
35
35
35
47
15
21
55
48
53
53
44
45
42
47
28
39
33
35
34
38
32
26
38
19
25
36
46
29
36
35
37
30
33
43
32
60
39
40
29
5
25
37
31
33
32
34
37
38
24
25
39
33
36
37
32
32
36
14
43
25
35
41
37
48
51
43
46
38
32
26
43
36
30
24
40
32
39
42
37
36
58
21
38
29
20
33
15
29
43
39
41
48
35
35
49
44
22
51
39
46
24
46
39
25
31
36
23
4
39
32
27
50
45
36
40
31
35
30
7
54
41
48
38
35
36
20
36
42
47
54
13
50
40
27
19
37
17
39
35
39
23
43
32
23
38
41
31
48
54
38
30
25
42
33
35
39
26
41
25
33
37
29
33
30
45
22
38
25
44
31
27
31
30
42
39
43
42
49
50
54
29
33
41
39
17
30
31
26
31
30
19
21
18
17
8
24
18
18
18
18
28
21
26
10
23
24
25
27
25
23
27
15
28
20
11
22
33
53
36
32
29
23
32
33
16
14
31
25
24
26
28
29
10
30
17
30
34
20
24
30
29
22
31
28
26
30
20
32
36
39
2
13
0
2
6
2
2
10
2
9
7
2
4
2
7
0
6
4
11
4
11
0
2
2
6
2
0
6
6
6
11
2
5
2
3
4
2
4
4
0
2
4
2
2
0
73
0
7
2
0
2
9
2
5
0
4
4
11
6
6
11
0
4
0
5
4
2
2
7
0
6
16
4
4
0
8
5
6
4
4
2
4
2
0
2
4
4
2
0
2
0
6
7
4
11
2
4
4
0
0
10
4
2
4
16
15
0
2
11
6
11
0
2
6
11
6
13
6
2
0
9
6
5
0
2
9
4
6
4
17
10
9
9
8
4
4
4
12
95
8
10
7
0
11
4
6
5
15
12
17
6
7
17
10
12
10
8
4
5
4
6
2
10
4
11
0
8
2
56
2
4
11
4
6
5
8
2
5
2
8
8
12
6
4
2
7
0
4
7
2
2
10
6
6
7
7
9
11
2
2
6
7
2
4
4
2
2
2
66
9
6
7
5
8
4
2
6
11
0
13
6
4
2
2
2
6
0
4
4
4
2
13
9
4
6
2
2
11
8
2
5
5
6
12
5
8
9
2
1
4
0
4
1
6
3
3
2
4
2
6
4
4
4
4
5
0
7
2
2
6
28
9
19
10
12
8
10
2
2
4
2
7
7
4
8
2
6
12
