0
4
0
2
0
4
2
2
2
4
2
0
6
0
6
2
4
0
0
4
4
4
0
4
0
2
4
0
0
4
0
6
4
2
2
2
0
2
4
4
2
2
0
4
6
2
2
2
0
2
2
0
0
2
4
4
0
6
4
2
4
4
4
8
0
6
6
2
0
0
6
2
4
4
0
2
2
2
4
4
2
4
2
2
2
2
4
2
0
4
2
2
4
6
4
4
2
6
2
6
2
4
0
15
4
6
6
2
4
2
2
4
6
8
2
0
2
4
4
4
4
6
4
4
2
0
4
0
0
2
2
6
50
4
0
2
2
8
4
2
4
8
10
2
5
4
2
2
2
2
4
4
4
4
2
4
0
2
2
2
2
2
2
2
2
2
9
0
6
0
0
2
2
6
2
0
2
0
0
2
2
4
4
2
0
0
2
8
2
4
2
4
0
2
4
4
2
0
4
23
0
2
0
2
4
2
4
0
2
4
4
2
2
0
2
2
2
2
2
8
2
2
2
6
2
0
6
2
2
0
4
0
2
2
4
2
0
2
4
4
0
4
2
2
0
0
0
2
2
0
2
0
2
2
6
2
2
0
4
4
2
0
2
4
0
2
2
4
2
2
2
6
0
0
4
6
2
0
0
4
0
4
0
2
2
2
2
0
2
0
4
2
0
2
0
0
0
2
0
2
0
2
2
2
0
2
2
2
2
0
4
0
0
2
2
2
2
0
2
0
0
0
2
0
0
2
2
0
4
0
2
2
2
0
2
0
2
0
2
2
0
0
0
0
4
2
2
0
4
2
0
2
0
2
13
0
0
0
0
2
2
0
2
2
2
0
4
2
4
4
2
2
2
0
0
0
4
0
2
0
0
0
0
0
0
2
0
2
2
2
2
2
2
0
15
2
2
0
4
3
2
0
4
0
4
2
0
4
4
2
0
4
2
0
0
0
0
2
0
0
4
0
0
0
2
0
0
0
2
2
0
2
4
2
0
0
2
2
2
0
2
0
0
2
4
2
22
0
0
2
2
0
2
2
2
4
0
2
0
4
0
0
0
2
0
2
0
2
11
2
4
2
0
2
2
2
2
0
0
0
2
0
0
2
2
2
0
0
0
0
2
0
2
2
2
0
2
0
2
0
0
2
0
0
2
2
2
0
0
0
2
0
0
2
2
0
0
0
2
0
0
0
2
2
4
2
0
2
2
2
0
0
0
0
0
2
0
0
4
18
2
2
2
0
4
2
0
0
0
0
2
2
4
2
0
0
2
0
0
2
0
0
4
0
4
0
5
2
0
0
2
0
0
0
0
2
0
2
2
4
0
6
8
0
8
4
8
6
0
4
6
10
0
4
2
2
6
2
6
4
6
6
4
0
0
8
12
4
4
10
8
14
0
18
18
16
14
16
10
8
12
14
14
16
12
12
10
6
16
10
12
55
14
12
12
12
10
32
14
14
14
10
12
12
16
10
14
2
0
6
12
8
2
2
2
0
10
14
12
0
0
14
12
10
0
0
4
0
10
6
8
2
12
14
12
10
0
8
6
8
12
12
0
0
0
8
14
16
2
2
4
2
14
8
16
2
0
14
6
12
2
8
4
0
6
16
10
4
6
14
2
4
0
4
2
0
4
8
10
2
0
8
0
10
0
0
4
2
8
10
0
0
12
6
0
8
0
8
6
12
8
6
45
41
0
16
12
10
12
18
18
14
14
20
14
8
14
14
8
14
12
16
18
20
16
16
18
2
0
16
14
14
14
16
12
18
2
16
14
16
0
12
6
18
0
0
0
0
10
0
10
12
0
4
4
2
0
0
2
0
0
23
0
6
0
0
0
0
2
0
0
0
0
0
0
0
0
35
0
0
35
0
0
21
0
0
28
0
0
0
0
0
0
0
0
6
0
0
0
2
0
0
0
0
0
0
8
0
0
0
0
0
0
0
0
0
0
0
0
0
0
0
19
0
0
4
0
0
2
4
1
0
0
1
2
6
0
1
4
2
0
4
2
6
2
2
0
1
2
0
0
6
6
0
0
0
0
1
0
2
1
0
2
0
0
0
0
0
34
31
21
30
4
2
0
0
1
0
2
4
0
6
2
2
0
2
2
1
0
0
1
0
2
1
0
2
4
0
0
2
7
0
3
7
2
0
2
4
1
7
1
0
0
1
2
2
0
1
0
0
0
0
0
3
0
0
4
1
4
1
1
2
3
0
4
2
1
0
4
0
4
1
2
2
2
2
0
1
1
1
1
1
1
0
2
2
2
5
3
2
0
0
3
1
0
0
4
4
0
0
0
0
0
0
0
1
0
0
2
4
2
2
2
0
0
2
0
0
2
3
1
2
2
2
2
6
0
1
6
4
0
0
2
2
3
4
2
0
0
0
0
5
2
2
7
2
6
4
0
4
6
3
2
0
2
2
0
4
2
2
2
0
2
4
6
2
2
5
2
2
2
2
0
0
4
4
2
0
2
2
5
2
3
0
5
4
1
1
0
0
0
0
0
6
2
34
0
0
0
0
2
2
4
0
1
4
0
6
1
1
0
2
4
2
0
0
2
0
0
2
2
1
2
0
0
2
0
4
0
4
4
0
2
2
0
4
1
2
0
0
4
0
23
20
20
15
30
27
28
28
23
38
35
21
28
22
21
37
27
25
26
29
41
47
32
30
40
24
22
14
28
12
32
46
31
40
26
25
42
30
31
36
29
39
7
26
26
49
20
53
21
25
26
28
31
84
47
20
29
52
43
22
32
37
23
40
16
19
30
24
25
24
31
36
18
23
42
27
39
7
43
46
33
34
49
27
20
41
25
43
32
31
37
17
38
40
57
33
27
15
18
31
36
3
55
51
70
30
47
44
52
16
41
13
36
32
18
47
56
44
48
37
26
39
25
24
32
36
36
32
45
55
34
20
19
18
17
42
24
3
25
16
25
22
12
35
28
41
19
25
24
21
22
24
27
55
27
31
59
37
41
28
19
33
37
39
15
52
39
29
23
17
50
46
26
34
23
33
58
34
26
22
24
25
36
42
29
25
46
26
27
23
24
34
37
30
28
27
24
47
20
33
20
26
17
29
23
49
39
29
28
26
28
29
30
34
20
24
22
17
21
30
34
44
40
27
18
29
34
23
0
34
29
26
4
27
39
45
29
28
42
16
17
21
23
27
21
30
31
25
36
32
36
25
21
16
30
38
27
55
39
35
27
35
29
36
29
14
27
14
35
38
50
29
39
31
40
27
24
28
31
38
38
18
31
45
32
34
23
22
6
14
9
7
10
13
11
8
10
10
11
6
9
9
8
13
9
10
12
10
7
8
12
8
12
10
8
8
12
8
7
17
12
11
11
14
9
9
6
8
12
8
14
11
8
12
8
7
7
8
8
11
12
11
8
9
14
11
9
10
10
13
9
9
8
10
12
10
10
11
10
9
8
10
13
10
12
5
12
7
19
9
9
10
9
10
11
13
10
12
7
15
9
9
7
8
5
10
7
10
13
8
8
8
11
7
13
10
8
8
11
8
7
7
8
16
7
14
9
11
10
9
10
10
9
7
10
8
10
10
9
8
13
9
13
10
8
9
13
9
13
10
9
13
8
10
6
7
13
10
10
8
9
10
8
13
10
10
12
11
9
7
11
11
11
12
11
15
10
17
8
10
10
11
8
11
9
6
12
16
9
6
8
8
9
13
15
13
12
12
11
10
15
9
10
8
15
9
10
12
10
13
7
11
9
17
13
12
8
8
11
15
8
8
8
11
11
8
8
8
8
7
11
22
10
9
9
8
12
8
10
16
9
13
7
6
10
15
13
8
9
10
10
7
8
9
11
8
10
15
7
10
10
9
11
11
15
11
11
10
9
13
11
9
11
9
13
7
6
12
11
8
13
7
7
10
10
8
7
7
10
9
5
10
15
10
5
6
43
22
25
45
25
38
36
42
40
36
40
34
31
35
37
42
32
38
31
31
39
23
43
32
22
27
33
27
36
29
41
22
25
36
27
33
43
31
31
38
36
28
33
22
37
47
35
35
30
40
36
40
34
37
20
31
27
45
31
28
34
38
31
32
42
26
33
32
33
32
28
39
34
35
45
36
35
40
29
36
25
32
40
41
26
34
31
31
37
30
39
29
36
41
38
32
35
31
34
32
33
34
27
46
28
32
22
23
41
47
42
33
30
43
43
40
32
37
45
26
30
44
33
31
40
34
42
34
34
40
34
41
38
24
37
25
34
39
38
19
33
21
35
37
30
35
26
33
40
23
35
37
19
27
30
36
38
40
41
38
37
39
35
27
30
34
41
23
37
32
31
34
23
24
26
32
21
21
29
32
37
29
18
23
29
18
27
26
32
36
27
32
34
25
32
30
27
20
33
33
37
9
30
34
34
28
35
21
20
33
40
22
36
44
40
32
20
22
28
42
39
19
25
25
26
24
22
41
36
36
43
38
27
32
10
44
24
36
43
25
43
29
19
29
44
34
24
26
31
24
27
29
52
41
28
28
38
33
22
33
34
23
40
18
37
32
24
27
41
39
41
28
24
32
45
30
38
45
38
39
30
29
16
36
27
27
39
27
1
38
15
8
22
20
1
26
3
3
17
0
15
32
12
13
1
25
17
32
0
36
17
43
28
19
12
29
17
0
20
17
23
20
0
14
20
0
40
20
1
34
49
18
37
4
23
19
38
14
0
31
1
29
28
28
11
26
34
0
17
32
14
0
50
37
34
0
17
3
22
0
35
0
31
41
35
1
31
40
15
26
33
14
29
1
16
42
0
0
30
22
0
8
38
34
0
14
23
0
0
0
40
0
40
21
21
0
38
1
19
40
1
33
13
34
1
27
21
33
38
16
12
13
20
28
21
27
38
25
41
34
1
13
0
0
23
24
39
30
21
36
19
29
24
35
38
0
14
21
36
7
21
37
25
0
27
35
0
23
17
19
31
19
31
30
36
32
21
32
15
3
21
20
0
0
28
55
34
15
40
28
29
1
48
38
18
5
1
25
30
1
52
37
25
20
23
0
15
18
24
0
49
18
40
0
21
48
24
31
23
24
3
18
35
0
22
5
56
0
7
35
1
0
36
0
0
37
22
0
28
36
18
30
29
21
3
22
35
35
0
12
53
3
0
15
29
5
20
3
1
23
22
30
1
1
1
1
33
0
21
18
38
32
28
27
21
22
1
44
16
24
32
31
38
0
0
26
0
13
38
27
32
33
32
20
24
3
81
70
57
35
27
44
26
34
37
41
43
71
24
65
33
24
30
76
29
37
63
80
33
91
43
28
70
23
26
37
32
35
30
29
39
46
78
46
26
29
26
37
22
24
60
37
50
52
89
47
28
21
28
43
25
49
93
42
27
45
60
43
36
20
39
29
72
22
53
31
32
89
93
49
37
43
22
29
46
38
27
58
61
94
44
44
24
33
30
24
23
44
72
31
42
34
58
44
48
31
26
31
40
26
40
21
36
77
34
31
23
21
18
31
29
20
23
27
21
31
31
37
25
39
27
31
25
35
27
25
31
23
44
30
30
41
19
26
23
31
30
28
49
14
24
25
29
22
31
51
23
21
19
48
26
18
20
24
20
25
27
31
33
73
46
26
24
24
36
28
22
16
15
19
28
25
33
29
22
22
29
29
24
21
17
22
26
22
21
21
21
22
0
0
0
0
0
0
0
0
0
0
0
0
0
0
0
0
0
0
0
0
0
0
0
0
0
0
0
0
0
0
0
0
0
0
0
0
0
0
0
0
0
0
0
0
0
0
0
0
0
0
0
0
0
0
0
0
0
0
0
0
0
0
0
0
0
0
0
0
0
0
0
0
0
0
0
0
0
0
0
0
0
0
0
0
0
0
0
0
0
0
0
0
0
0
0
0
0
2
2
2
2
2
2
2
2
2
2
0
0
0
2
2
0
2
2
2
0
0
0
0
2
2
2
2
0
2
2
2
2
2
2
2
2
2
0
0
2
0
0
0
0
0
0
2
0
2
0
0
2
2
0
0
0
2
0
2
0
0
2
0
2
2
2
0
2
2
0
0
0
2
2
2
0
0
2
0
2
2
0
2
0
2
0
2
0
0
0
0
0
2
0
2
2
0
2
4
0
0
0
2
0
0
2
4
0
4
0
2
0
2
0
4
2
2
0
2
2
0
4
2
0
0
2
0
2
0
2
0
0
0
0
2
2
0
0
2
2
2
0
0
2
2
0
2
0
0
0
2
0
2
0
0
2
2
0
2
2
2
0
2
2
2
0
0
0
4
0
0
2
4
0
0
2
2
2
2
0
2
2
2
2
0
4
2
2
0
0
0
4
0
4
2
0
0
0
2
2
0
2
4
0
2
0
2
2
2
0
0
2
0
0
0
0
0
0
2
2
0
0
2
0
0
0
2
0
0
0
0
0
2
2
0
2
2
0
0
0
2
2
0
2
0
0
0
4
2
2
2
2
2
0
0
0
0
2
0
2
2
0
2
0
0
0
0
0
2
2
4
2
0
2
0
2
2
2
2
0
2
2
2
0
2
2
2
