25
30
64
89
40
80
41
42
0
26
95
83
21
28
64
45
87
36
78
62
21
9
30
45
21
69
11
53
44
76
87
21
11
34
11
11
63
42
11
74
26
5
79
66
76
42
2
15
43
73
8
76
34
28
13
44
14
10
21
16
2
42
4
55
44
82
83
68
29
35
23
6
85
78
75
81
30
59
8
91
12
11
28
32
68
7
39
85
11
59
19
9
41
40
9
8
28
44
6
28
13
10
21
4
15
25
6
28
9
38
28
60
30
11
8
60
72
15
17
9
32
58
9
25
9
18
57
66
14
43
19
19
4
7
13
36
40
72
7
13
63
97
24
44
28
23
13
28
15
40
28
7
11
26
17
47
47
38
88
43
41
2
59
44
77
93
17
43
55
39
11
79
66
9
83
98
78
23
8
9
8
45
19
74
78
41
55
9
11
4
70
9
46
9
27
83
38
75
48
22
79
15
23
38
13
8
87
6
35
42
45
52
13
4
9
2
13
37
36
79
10
76
41
9
8
17
27
9
11
49
7
9
44
78
83
60
15
32
22
15
32
70
43
15
8
83
13
45
93
17
19
8
17
89
13
0
47
65
81
68
11
6
28
41
34
74
79
26
41
81
87
74
83
9
5
6
29
31
81
11
77
43
69
81
15
8
80
15
2
2
2
2
0
0
4
2
0
4
0
0
4
0
8
0
2
0
4
0
2
0
0
2
4
0
0
0
0
0
0
0
0
0
6
0
2
35
0
17
0
0
0
0
2
0
0
0
0
2
0
12
0
0
14
2
4
4
0
2
2
6
4
2
2
4
2
0
2
0
8
0
0
0
0
4
8
2
2
2
4
2
2
6
6
2
8
0
0
0
0
2
14
2
0
6
2
2
2
0
2
0
0
2
2
2
2
0
0
0
2
0
0
0
8
14
0
0
2
8
0
2
2
0
2
8
8
6
0
0
4
4
0
0
0
0
0
0
4
2
0
0
4
0
0
4
0
4
0
10
8
2
0
0
2
0
0
0
0
0
0
2
0
2
2
6
0
0
0
8
18
4
6
0
0
2
2
14
2
12
2
6
2
0
2
4
6
0
16
2
4
6
0
2
2
8
2
0
4
4
0
16
8
2
0
0
0
0
0
2
0
4
0
2
0
0
0
2
4
12
0
0
4
0
6
0
0
0
4
2
0
0
2
2
0
0
0
2
2
0
0
0
0
0
0
4
0
0
0
0
6
2
0
2
0
0
2
4
0
2
2
2
0
0
0
0
2
2
0
4
0
0
4
2
0
0
0
2
2
2
0
2
2
8
4
10
12
4
0
0
2
0
2
2
2
2
2
2
0
0
0
2
2
4
2
2
0
2
0
0
0
0
0
2
0
0
4
0
0
0
0
2
4
0
2
2
2
0
2
2
0
2
0
0
0
2
2
2
2
0
2
4
0
4
2
2
0
0
0
2
2
2
2
4
0
2
4
0
2
0
2
0
6
0
2
2
2
2
2
0
0
2
2
2
0
2
0
0
0
0
2
0
0
2
0
2
0
0
0
0
0
4
2
0
4
2
2
6
2
0
0
0
2
4
2
0
0
0
0
2
2
0
0
0
2
2
2
0
0
2
0
2
2
2
2
2
2
0
0
2
2
2
0
0
2
4
2
2
2
0
2
2
2
0
0
0
0
0
0
2
2
2
0
2
2
4
6
0
0
0
2
0
0
0
2
2
2
6
2
4
2
6
0
2
2
2
0
2
0
0
2
0
2
2
4
0
2
0
2
0
2
2
0
0
8
0
0
4
0
2
0
2
0
0
2
0
0
0
6
2
0
0
2
2
0
2
0
0
0
0
0
0
4
0
0
0
4
4
0
2
0
2
6
4
0
2
2
2
2
6
0
2
0
2
2
2
2
2
2
2
0
0
0
2
0
0
0
2
0
2
2
0
0
0
0
0
0
0
0
0
2
0
0
0
0
2
0
1
6
1
5
3
1
1
2
2
3
2
4
29
3
6
3
6
2
4
0
2
2
4
2
1
5
4
1
2
3
4
1
0
1
0
2
5
0
0
5
4
2
0
0
1
48
2
0
2
0
2
0
23
2
5
0
7
2
0
2
0
3
3
2
0
1
4
2
0
0
1
6
2
3
2
0
0
1
0
0
0
4
0
2
6
0
2
5
2
0
0
3
2
0
2
7
2
1
2
6
3
2
0
4
5
4
0
6
0
0
2
4
2
2
0
4
0
4
7
5
1
6
3
3
4
1
2
0
2
2
1
5
2
5
0
2
5
0
5
0
6
5
0
5
4
3
0
6
0
0
51
4
2
1
2
0
3
2
1
1
2
6
0
3
2
2
1
4
3
1
4
2
2
2
5
2
2
5
3
0
1
2
2
3
3
7
4
4
1
3
4
0
1
1
1
3
4
2
1
1
0
0
1
3
4
2
0
0
2
3
0
2
0
4
1
0
7
0
4
1
0
5
3
2
0
2
1
0
2
2
5
3
2
2
0
2
4
0
4
3
3
2
3
7
0
1
6
4
2
1
2
4
2
2
2
2
0
5
4
2
2
1
0
5
5
0
6
48
2
3
4
23
2
1
2
3
0
0
1
4
3
2
3
4
4
2
3
13
31
22
13
7
22
11
20
11
11
15
15
38
22
11
13
30
23
21
20
38
40
4
17
15
19
8
15
8
23
19
8
9
10
8
15
10
9
11
9
4
9
6
7
11
11
8
13
13
11
11
13
4
10
4
17
4
6
8
19
21
43
9
13
17
11
9
6
11
4
6
11
6
9
10
13
19
8
7
26
9
17
13
15
6
11
6
11
2
8
13
13
8
7
11
19
21
6
13
9
11
10
30
19
8
9
9
11
11
15
10
4
8
10
23
19
6
9
17
25
17
15
21
15
17
15
9
11
13
10
15
11
11
15
13
9
23
15
9
13
10
9
13
8
13
15
11
22
15
13
15
8
10
11
15
23
15
13
19
24
13
15
19
15
15
17
17
27
17
8
15
15
13
32
19
25
11
11
8
21
36
64
4
6
15
15
23
11
21
21
17
21
30
28
25
8
13
6
19
17
17
17
10
9
19
9
21
15
15
15
8
9
8
11
17
17
15
9
9
13
23
8
8
9
6
8
9
15
17
15
11
13
11
11
8
10
11
6
32
11
11
13
11
17
13
13
8
8
26
11
9
9
21
11
9
9
51
10
10
21
8
17
10
23
21
46
11
6
11
19
8
4
4
8
23
13
15
11
10
6
6
8
11
8
15
10
11
15
3
2
1
0
1
1
2
1
1
0
6
1
1
1
1
1
2
8
6
2
10
7
11
15
3
10
4
8
9
7
5
7
5
1
1
0
1
2
0
1
1
10
2
6
11
2
1
3
2
0
0
2
1
4
19
0
2
2
2
2
2
1
1
0
1
1
7
11
15
4
0
0
0
1
4
0
0
11
13
5
1
2
0
3
0
0
1
1
0
7
8
13
7
4
8
4
1
2
2
4
2
4
9
18
10
4
3
5
3
3
2
0
0
10
5
13
8
0
2
1
1
2
2
2
0
2
8
1
1
1
4
2
1
2
2
1
1
1
10
8
6
1
2
2
1
3
1
2
1
4
9
7
5
1
2
2
0
0
1
1
1
2
4
1
2
1
2
15
2
0
0
1
0
14
12
7
21
7
3
2
1
2
1
5
3
2
10
10
0
2
3
0
2
2
1
2
0
6
1
2
5
2
3
2
1
2
3
1
2
0
8
12
6
3
4
1
1
1
1
2
0
13
9
9
14
11
5
0
2
0
5
1
5
2
12
9
5
7
4
1
1
1
0
2
1
1
9
3
5
3
0
0
0
1
0
3
0
5
1
2
7
3
4
1
2
1
1
0
1
4
3
4
0
2
2
0
3
0
3
2
0
7
1
5
6
2
1
1
19
18
17
0
16
2
6
11
13
9
11
9
9
11
22
4
11
7
4
7
20
19
8
9
11
21
10
6
18
0
20
6
4
14
13
2
7
6
13
11
12
11
4
8
4
13
11
13
4
16
4
24
9
23
9
0
21
2
2
7
8
9
17
9
12
17
0
9
6
8
9
6
2
13
13
13
7
9
0
13
7
0
9
4
9
2
0
7
20
6
22
2
0
9
14
3
6
17
21
15
9
4
6
9
21
2
0
0
9
3
2
2
4
24
22
4
9
2
9
8
9
6
17
9
22
0
8
8
6
6
9
25
11
9
9
8
4
11
0
8
8
9
7
4
12
11
2
4
0
2
5
9
18
0
21
2
24
8
0
0
4
13
0
9
2
0
7
8
6
18
21
0
8
23
7
4
20
25
9
2
22
19
19
20
13
5
6
9
11
25
5
19
11
8
6
19
7
17
11
2
19
2
5
9
20
19
6
13
7
18
23
9
2
7
2
6
4
2
0
20
17
15
8
11
19
6
2
6
7
5
17
6
9
21
6
7
4
15
0
5
12
9
9
13
24
0
0
13
6
9
0
0
0
8
0
7
9
9
23
11
22
7
21
9
9
21
0
7
15
7
0
0
8
7
7
11
0
0
0
2
7
6
22
4
2
9
21
23
0
2
2
2
4
0
2
2
0
0
4
0
2
4
2
2
4
0
2
2
2
2
8
2
4
12
4
2
4
2
2
4
2
4
2
4
0
4
4
4
0
4
2
4
4
6
4
2
0
6
2
0
2
2
2
6
2
0
4
6
2
4
0
2
4
2
4
4
6
4
4
4
6
2
4
10
4
2
2
10
75
2
8
6
4
2
2
4
6
2
4
2
2
0
6
2
2
4
2
4
6
6
0
2
2
2
8
2
4
4
6
4
6
0
2
44
4
6
4
2
4
4
4
2
2
0
2
4
2
8
4
4
0
4
4
4
2
4
2
8
4
2
4
4
2
12
4
2
4
4
4
2
4
6
12
0
6
8
4
6
8
10
2
6
4
4
8
8
0
4
4
0
21
4
2
4
4
6
8
4
6
4
2
4
8
6
2
4
4
2
4
4
2
6
8
6
8
6
2
15
8
2
10
42
4
15
4
4
4
6
2
6
23
2
4
8
4
6
4
6
4
2
4
6
2
6
12
4
4
8
4
4
6
2
2
6
4
2
10
10
10
21
14
0
4
2
4
4
4
4
8
12
0
4
4
2
2
8
4
2
8
2
8
2
4
8
6
8
8
0
2
17
10
6
8
6
0
2
8
2
17
4
2
6
4
8
4
8
2
0
5
0
2
0
6
0
2
2
2
2
49
4
0
4
2
0
6
0
4
3
2
51
4
4
2
6
0
2
0
0
4
2
60
0
2
0
2
4
0
2
0
2
6
4
0
0
4
0
6
0
2
2
0
0
6
2
4
2
0
2
4
2
0
4
2
4
0
4
10
2
0
2
0
2
2
2
6
5
2
4
4
2
2
4
2
4
49
2
0
2
2
34
2
2
2
4
2
2
0
2
4
2
2
4
2
6
2
0
4
2
4
4
2
0
4
5
4
0
4
2
2
2
54
4
2
7
2
4
59
6
4
2
0
4
4
4
0
72
0
0
2
2
6
2
4
4
2
0
2
2
2
4
6
4
2
4
5
2
4
8
4
2
2
5
6
2
7
4
0
4
4
6
2
2
2
4
54
2
0
37
0
2
4
2
2
2
2
2
4
4
3
2
0
2
2
0
3
2
17
4
2
2
4
0
2
2
2
2
0
2
6
2
2
54
2
2
4
2
2
0
2
5
4
0
0
5
2
4
5
5
4
34
4
4
4
22
0
0
5
5
10
2
4
2
2
3
2
2
2
2
0
2
4
0
0
2
4
2
2
4
0
2
2
0
0
0
0
3
7
0
0
0
0
37
2
2
51
2
2
2
2
4
7
0
2
4
4
8
10
0
2
2
2
8
4
6
6
0
4
2
6
2
4
11
6
8
6
8
4
4
4
10
6
16
19
10
4
4
28
4
68
8
4
10
4
6
4
6
18
4
2
31
4
4
6
2
2
6
6
2
14
6
2
43
4
4
4
2
4
4
4
4
2
8
8
2
14
4
4
10
10
8
6
44
6
2
2
6
6
2
4
70
66
49
8
8
6
8
33
2
6
4
4
10
6
12
6
21
4
4
6
37
10
14
25
45
6
10
10
12
4
4
39
6
4
10
6
8
12
6
4
8
10
10
14
10
6
12
21
70
13
6
6
2
8
4
16
6
60
6
8
4
80
4
8
2
2
2
6
12
4
4
8
37
10
8
2
4
6
4
2
8
6
6
10
10
6
6
41
6
4
2
4
4
4
4
6
2
72
2
6
4
4
4
4
6
4
65
10
46
8
4
8
8
12
4
6
6
6
25
6
6
14
6
10
8
8
4
14
65
10
8
4
8
4
6
8
8
4
8
6
6
2
68
4
14
0
8
4
8
6
4
6
4
34
6
6
31
8
4
4
10
6
6
4
6
6
53
6
5
2
22
31
13
8
6
6
9
4
27
31
7
32
4
34
8
6
6
11
8
21
19
88
4
47
6
67
8
14
12
6
2
14
12
