4
4
2
2
4
2
2
4
2
0
2
2
0
8
0
2
0
0
8
8
2
0
2
0
61
4
2
6
4
0
6
0
2
2
2
0
2
0
2
0
4
0
0
4
2
2
2
4
4
2
0
2
0
0
6
0
4
0
2
2
2
2
2
2
0
4
6
4
4
2
2
0
4
0
2
4
10
2
2
2
2
8
2
0
2
8
0
0
2
0
0
2
0
0
6
8
2
0
0
0
2
2
2
0
2
4
0
0
0
2
0
2
2
8
2
0
0
0
0
2
0
2
0
2
0
4
0
4
0
2
0
2
4
2
0
0
0
4
4
8
0
2
4
0
2
2
0
2
4
0
0
0
0
0
0
8
4
0
2
6
2
8
2
0
2
2
4
2
0
2
2
0
11
8
0
4
2
2
2
0
2
2
0
4
2
6
0
0
4
0
4
6
4
2
8
4
4
0
6
2
8
0
4
4
2
8
2
10
2
14
8
0
4
2
0
6
2
0
2
0
2
0
0
0
2
0
0
4
2
6
4
2
8
2
0
6
0
6
0
0
4
0
0
6
6
0
0
2
0
4
0
0
0
2
0
6
2
0
14
0
0
2
2
2
4
0
2
2
51
0
0
2
0
2
4
0
0
0
4
4
2
96
4
2
2
2
6
2
53
42
84
77
66
69
56
87
75
80
75
70
90
47
58
64
55
42
71
80
48
50
39
45
79
63
51
24
46
34
84
30
50
71
16
42
69
71
38
47
70
72
74
78
49
64
46
43
82
37
54
79
68
53
46
78
44
56
65
63
84
35
85
47
73
68
65
56
72
86
77
44
66
49
67
67
79
30
39
53
73
72
82
69
42
69
52
49
64
50
48
55
47
60
53
66
64
64
77
50
72
73
77
38
55
29
13
51
58
46
60
71
56
60
33
68
73
39
47
67
67
72
66
47
68
46
77
71
71
30
61
75
59
38
82
46
76
82
60
71
43
62
61
60
86
42
67
54
69
70
61
51
64
37
81
61
34
40
65
37
68
28
26
82
45
82
48
66
39
73
64
79
43
50
55
33
66
67
79
67
75
39
56
62
57
59
74
65
40
63
54
55
44
64
62
58
58
43
31
43
51
77
86
84
49
74
58
65
69
52
71
44
46
69
50
75
79
44
33
39
78
73
80
73
62
45
15
52
73
54
38
54
36
35
67
72
68
36
66
78
80
60
55
44
63
61
35
66
70
79
17
72
70
50
79
78
60
44
69
81
39
57
80
68
44
75
76
80
75
72
52
80
72
66
23
39
69
67
58
75
75
45
50
55
80
84
15
44
14
25
14
7
17
17
13
14
10
11
9
8
9
9
19
17
41
23
22
10
15
4
17
9
9
7
18
9
19
16
10
18
15
11
9
15
14
17
26
17
11
13
9
9
13
25
25
17
5
11
17
9
15
6
14
4
13
24
5
11
11
4
4
4
11
15
6
22
7
13
27
13
11
22
8
4
16
11
11
15
9
11
18
15
9
11
13
14
5
23
6
7
19
12
14
17
13
22
19
16
9
17
24
11
6
12
17
14
11
10
22
14
12
7
7
22
14
18
13
24
9
15
6
10
19
11
14
17
11
18
15
13
8
15
17
20
13
7
13
11
24
11
13
8
17
16
7
7
13
14
13
11
28
7
15
10
11
11
7
27
9
4
17
14
9
17
11
14
20
21
11
16
15
9
18
19
19
18
15
9
15
13
17
7
11
5
16
15
16
9
15
13
11
11
9
17
35
16
15
11
17
15
13
14
6
23
14
15
11
13
9
48
25
9
13
6
15
15
12
9
9
7
7
11
13
9
4
6
9
5
18
9
11
9
13
30
5
8
11
11
6
19
18
9
10
9
14
6
16
6
9
6
11
13
13
5
9
2
7
4
0
3
6
4
5
9
4
0
2
5
2
0
11
5
3
2
5
6
2
5
4
6
5
11
2
5
5
9
15
5
7
1
3
3
0
1
3
1
1
0
0
1
3
1
0
1
0
3
1
19
3
1
13
5
1
3
3
1
3
9
3
7
1
1
1
0
0
0
5
5
0
5
1
3
12
0
3
3
7
1
3
1
1
7
1
0
5
1
1
0
1
5
0
3
15
1
3
3
1
1
1
1
3
1
1
1
5
3
9
3
0
0
7
5
3
1
0
3
1
1
0
0
1
3
3
0
3
5
3
0
1
3
0
1
1
3
0
1
5
7
3
3
1
1
3
0
5
3
3
3
0
1
0
1
3
3
5
3
1
0
3
7
7
0
3
1
3
1
3
7
3
1
3
3
5
1
0
1
0
11
1
1
0
7
1
1
5
3
1
3
13
3
1
19
5
5
3
1
3
1
1
1
3
5
5
1
0
3
5
1
1
3
3
3
1
0
0
1
3
0
18
1
3
7
1
18
1
1
3
1
1
1
1
1
0
7
1
1
3
1
1
3
5
1
3
7
0
7
0
28
5
1
3
1
5
5
3
0
3
0
1
5
1
0
3
1
0
3
1
3
1
3
3
1
3
0
3
3
3
1
3
3
3
14
3
1
1
3
0
1
3
3
3
3
3
1
0
3
3
3
3
5
1
0
0
3
1
0
5
1
1
0
1
1
1
5
19
19
19
19
19
19
20
20
19
19
19
20
19
19
19
19
19
19
19
20
18
19
18
19
19
19
19
19
19
19
19
19
19
19
20
20
20
19
19
19
19
19
20
20
19
19
19
19
20
19
20
19
19
19
20
19
19
20
19
19
19
19
19
19
19
19
19
19
19
19
20
19
19
19
19
19
19
19
20
19
19
20
19
19
20
20
19
19
20
20
19
19
20
19
19
19
20
19
19
19
19
19
19
20
19
19
19
20
20
19
20
19
19
19
20
19
19
19
19
19
19
18
20
19
19
20
19
19
20
19
19
19
19
19
19
20
20
19
20
19
19
19
19
19
19
19
19
19
19
19
19
20
20
19
19
19
19
20
20
19
19
19
19
19
19
19
19
19
20
19
20
19
19
19
19
19
19
19
19
19
20
20
20
19
19
19
20
19
19
19
20
19
19
19
19
20
19
20
19
19
19
19
20
19
19
19
19
19
19
19
19
19
20
20
19
20
19
19
19
19
19
19
19
20
20
19
19
19
19
20
19
19
19
19
20
20
19
19
20
20
20
19
19
19
20
20
19
19
19
19
20
20
19
19
19
20
19
19
19
19
20
20
19
19
19
19
19
19
17
19
19
20
19
19
19
20
20
19
19
19
19
20
19
19
19
19
19
20
1
1
1
1
1
1
1
0
1
1
1
0
1
0
0
1
1
1
0
1
1
1
1
1
1
1
0
1
1
1
1
1
1
0
0
0
0
1
1
0
1
1
1
0
1
1
1
1
0
1
1
1
1
1
0
1
1
1
1
0
0
2
1
1
0
1
1
1
1
1
1
1
1
2
0
1
1
1
0
1
1
1
1
0
1
1
2
1
0
1
1
1
0
1
1
1
1
1
1
1
1
1
1
1
0
1
1
1
1
1
1
1
0
1
1
1
0
1
1
1
1
1
1
2
0
1
1
0
1
1
1
1
1
1
1
1
1
1
1
1
0
0
0
1
0
1
1
0
1
1
1
1
1
1
1
1
1
1
1
1
1
1
1
0
1
1
1
1
1
1
1
0
1
1
1
0
1
1
0
1
1
1
1
1
0
1
1
1
1
1
0
1
1
1
0
1
1
1
1
1
1
1
1
1
1
1
1
1
1
1
1
1
1
0
1
1
1
1
2
1
1
0
1
1
1
1
0
0
0
1
1
0
1
1
0
0
0
1
1
0
1
1
1
1
1
0
1
1
0
1
1
1
1
1
1
1
1
1
1
2
0
2
0
0
2
1
0
0
1
1
2
0
0
1
0
1
1
1
1
1
1
0
1
0
1
2
1
1
2
4
2
4
2
4
4
0
8
0
0
2
4
4
2
4
2
2
0
6
0
5
0
4
4
6
0
6
4
2
4
4
2
0
0
2
6
4
2
4
4
4
6
6
6
0
2
0
6
4
0
8
4
2
4
7
6
0
2
6
7
4
2
6
6
7
6
2
7
2
0
4
4
6
4
0
4
7
8
5
4
0
2
2
2
4
6
6
4
6
2
4
4
0
0
6
6
5
0
6
4
4
2
4
2
0
0
4
4
5
0
4
4
7
6
6
4
0
0
4
6
2
0
6
4
4
5
2
4
0
2
4
4
4
0
4
5
6
2
4
6
0
0
4
4
4
8
2
4
8
0
6
4
4
0
7
4
4
4
2
4
2
8
4
6
0
0
2
6
4
2
4
4
8
6
2
2
0
0
0
6
4
0
2
4
4
4
5
2
0
0
4
4
4
3
8
4
6
5
2
2
0
4
4
4
8
4
4
6
8
10
4
4
2
0
6
4
4
6
4
5
2
4
6
2
0
0
6
6
4
4
6
6
5
7
4
5
4
0
7
2
4
2
2
4
6
4
4
0
0
0
4
6
2
0
4
2
4
6
4
2
0
0
9
5
2
4
5
6
2
6
6
6
0
0
6
6
4
6
6
4
4
4
2
4
0
0
4
44
34
24
35
46
38
33
34
42
21
40
11
20
31
42
30
32
41
26
32
25
31
17
10
16
36
14
36
31
22
22
31
27
30
44
27
42
35
27
29
31
23
51
30
35
39
18
40
41
29
43
33
35
33
28
27
52
37
19
46
39
29
31
36
23
34
29
52
46
12
24
29
39
22
19
29
25
39
27
48
43
62
34
38
35
41
32
20
32
31
33
54
58
33
54
50
42
42
43
28
27
36
38
37
40
24
39
45
48
39
26
44
42
34
37
26
42
34
35
44
31
37
33
26
42
32
36
41
41
34
47
43
24
5
35
29
20
36
37
39
42
15
36
21
47
40
32
24
24
35
34
28
37
24
61
27
31
21
25
32
40
16
28
50
32
31
34
31
50
32
29
25
38
31
32
34
42
38
40
49
34
31
36
35
36
28
39
18
29
37
38
23
31
41
36
32
29
33
40
37
24
21
51
42
51
50
48
27
25
38
23
35
54
36
42
37
54
26
27
22
32
39
27
30
44
34
37
45
48
36
25
38
24
37
39
39
54
37
56
35
34
44
28
29
29
48
25
30
22
33
40
40
24
27
31
23
30
30
38
38
34
39
39
32
38
37
45
34
33
26
42
50
60
35
38
43
43
24
13
40
21
37
31
41
33
38
10
41
4
8
6
8
6
21
8
10
8
6
10
8
8
8
8
4
6
15
10
2
10
6
8
6
4
8
6
8
8
12
8
12
8
2
10
6
6
10
15
2
4
6
12
8
8
6
13
10
4
6
6
12
8
8
12
10
8
4
2
4
10
6
6
8
8
8
6
6
4
10
12
8
8
8
6
12
13
13
8
8
15
6
12
17
17
15
6
10
10
6
12
13
10
10
10
8
13
19
12
15
13
13
10
19
12
10
12
12
10
8
23
10
8
15
15
19
10
10
8
13
13
17
29
12
21
12
21
19
62
21
10
13
17
12
10
25
15
13
21
36
17
10
8
12
8
15
13
10
17
10
10
15
21
21
12
8
13
14
15
12
17
8
8
6
25
21
19
6
13
19
21
8
15
25
10
14
17
21
27
15
13
8
17
23
12
17
17
17
14
21
21
8
21
19
12
17
21
15
25
13
6
21
13
27
19
10
10
15
23
19
12
12
15
13
19
44
21
29
17
8
10
19
17
15
17
4
13
11
15
27
19
10
10
10
13
17
15
15
17
12
17
21
19
17
10
17
21
23
21
8
6
12
13
4
15
4
25
10
8
15
13
8
11
6
10
10
19
6
10
12
17
17
12
8
6
10
8
4
13
6
10
10
6
6
6
6
10
15
3
9
7
1
1
5
3
1
9
11
17
5
13
5
12
9
9
9
9
11
9
7
15
1
3
9
9
7
7
5
11
9
5
7
13
3
9
7
3
7
9
5
9
5
9
10
9
1
9
5
7
12
5
9
3
3
5
9
7
3
5
5
3
7
5
7
5
9
1
9
3
5
7
10
9
7
7
5
5
5
5
5
11
5
5
5
5
5
5
9
3
5
3
9
10
7
4
3
7
1
7
13
5
5
7
11
3
9
13
7
7
11
3
5
11
5
5
10
9
11
3
5
3
7
7
3
7
1
11
5
5
7
5
7
5
7
3
9
5
7
5
7
1
7
7
3
7
12
3
7
7
11
9
5
8
3
7
7
5
5
9
3
5
5
9
3
7
11
5
11
7
3
9
5
10
7
9
9
7
1
7
9
6
9
7
15
7
11
7
5
5
11
7
5
5
8
11
9
9
7
7
7
5
5
5
7
5
13
13
9
5
7
9
3
13
15
7
7
12
13
11
7
11
3
7
9
8
5
11
5
5
7
9
7
3
12
7
8
5
11
11
5
5
11
11
9
7
10
7
7
8
7
10
9
8
5
7
7
5
5
7
6
5
7
9
9
5
11
11
7
8
8
18
7
7
10
3
5
11
5
5
13
7
9
7
7
8
7
