6
0
2
0
2
6
2
2
4
12
4
4
6
2
2
4
0
10
10
10
2
0
2
8
2
2
2
0
0
4
6
2
2
0
0
2
4
6
0
2
2
2
2
0
2
2
2
4
8
2
4
2
2
8
6
2
2
0
4
2
4
2
0
4
2
2
4
2
12
0
15
2
2
6
4
0
8
6
4
6
4
4
4
2
4
6
4
4
8
6
0
0
0
2
10
4
6
4
2
2
6
4
6
6
0
0
6
19
4
4
6
2
2
4
2
4
4
2
2
2
8
2
6
8
2
6
4
2
6
6
8
2
2
6
2
4
0
0
2
6
6
2
4
4
0
2
6
8
4
4
2
4
0
4
0
4
2
4
0
4
0
2
0
0
0
0
4
8
0
2
2
2
2
8
2
4
2
6
6
6
4
6
2
2
2
2
4
0
0
4
4
10
4
2
4
2
2
8
4
0
6
2
0
2
4
0
2
4
4
2
10
2
0
0
2
0
0
2
0
0
0
2
0
0
0
4
0
2
2
0
0
0
2
8
2
0
10
4
0
0
4
4
0
0
2
0
4
2
6
2
2
8
2
2
4
2
4
0
2
2
2
6
0
2
2
2
0
2
0
2
2
2
2
4
2
4
2
0
4
0
2
2
2
0
2
6
2
0
2
2
4
4
2
0
0
9
0
0
2
0
0
0
4
2
0
2
2
0
0
0
0
4
2
0
0
0
0
0
0
2
6
2
0
4
0
0
0
0
2
0
4
0
0
4
0
4
0
0
0
4
0
0
8
0
2
0
0
0
0
0
0
2
2
2
2
2
0
2
0
0
0
10
0
2
4
0
4
0
0
0
2
0
2
0
2
0
2
2
0
2
2
2
0
2
0
2
0
2
2
0
2
0
0
0
2
4
0
2
0
0
6
4
2
0
0
0
4
4
4
2
0
2
2
0
0
2
0
0
6
0
2
2
0
2
2
0
2
0
0
2
2
0
2
2
6
0
2
6
4
0
0
2
4
2
6
2
2
0
4
0
0
2
2
2
4
8
2
0
0
0
0
2
0
4
0
2
2
4
6
2
2
0
2
2
2
0
0
0
2
0
2
0
4
2
2
0
0
2
2
0
2
0
2
0
2
0
6
2
0
2
4
2
2
0
2
2
0
2
4
2
0
2
0
4
0
2
0
0
0
0
6
0
2
4
2
4
0
0
2
4
2
2
4
0
2
4
2
4
2
0
0
0
0
4
4
4
2
2
2
0
0
2
6
2
2
0
2
2
2
2
0
0
0
4
6
2
2
2
6
4
2
4
2
6
2
2
5
22
12
22
14
22
15
19
6
19
22
10
13
13
0
14
14
18
26
9
18
10
21
15
15
11
11
0
15
10
16
11
4
12
11
15
11
11
20
11
25
16
15
6
3
10
9
9
16
7
9
18
16
12
14
9
10
10
8
9
0
14
12
10
18
24
24
26
5
14
10
9
14
18
14
15
12
11
17
21
12
8
6
0
12
13
13
12
12
15
10
25
14
23
13
9
4
15
12
11
20
21
25
9
3
17
6
10
10
12
12
11
5
14
19
0
3
0
8
11
5
7
22
12
1
15
20
16
28
14
15
12
12
14
13
17
18
26
25
16
11
25
14
14
21
3
18
1
10
21
15
14
7
30
21
0
15
12
22
8
8
18
5
18
22
20
15
32
13
18
19
15
21
16
13
14
20
17
1
12
19
8
12
18
12
23
26
14
23
14
13
22
18
20
12
26
27
3
26
24
14
18
12
13
10
18
21
11
9
15
21
10
14
20
16
15
13
12
14
19
10
10
17
16
0
10
8
6
10
16
12
15
11
4
9
10
17
0
14
12
14
14
6
10
11
14
10
12
11
8
12
16
8
11
10
12
10
12
9
8
9
9
1
12
7
2
9
9
8
8
3
9
2
4
0
4
6
7
1
10
2
8
9
5
5
9
7
5
2
0
0
0
0
0
0
0
0
2
4
2
0
0
2
0
10
2
2
2
0
6
0
0
0
8
2
0
2
0
0
6
6
0
6
0
0
2
2
2
4
0
0
6
2
4
10
4
2
0
58
6
0
0
0
2
10
8
2
0
2
2
0
6
0
4
2
2
0
6
0
0
19
0
0
0
0
2
2
2
4
0
2
0
0
0
2
2
2
2
2
2
0
2
2
2
2
4
0
2
4
0
0
2
2
2
0
0
2
2
4
0
0
0
4
83
6
2
2
6
0
65
5
0
0
0
6
2
6
0
0
0
2
2
5
96
0
0
2
2
10
2
0
0
4
6
8
0
2
2
2
0
6
2
0
0
0
0
8
0
42
0
2
2
0
0
21
2
2
2
2
2
0
4
0
4
0
4
6
0
0
2
2
0
0
9
0
41
3
2
0
4
0
6
0
0
0
2
8
2
4
2
2
6
0
0
2
0
3
4
0
8
0
2
5
4
6
0
2
2
5
2
0
0
2
0
2
0
2
0
0
2
0
6
5
2
0
0
0
0
6
2
2
0
0
0
4
0
2
0
2
2
0
2
47
0
0
0
0
2
21
3
4
4
4
4
2
0
2
4
6
4
0
4
0
6
2
2
2
2
0
8
2
4
0
0
0
2
15
26
20
26
23
26
26
35
13
24
12
20
11
13
9
11
17
23
11
15
14
10
9
22
18
23
15
15
14
13
20
10
7
19
17
13
13
21
15
21
13
31
7
7
10
16
16
4
21
22
10
10
20
18
17
21
19
12
9
9
29
23
16
23
15
27
15
18
8
14
18
23
17
22
23
11
24
13
22
16
14
26
10
15
23
19
15
23
15
28
18
24
16
26
25
15
31
19
17
15
31
13
37
37
32
21
35
26
44
17
19
11
23
23
12
26
16
16
14
6
15
12
32
24
26
16
29
5
9
22
19
24
13
18
25
15
20
25
22
25
11
21
18
28
25
11
29
13
21
29
9
26
22
26
27
26
19
20
34
56
24
20
30
34
14
16
42
26
20
25
19
21
41
32
16
24
22
35
23
26
34
32
13
23
39
22
40
0
31
23
48
34
34
30
11
49
37
19
24
16
32
19
39
18
18
32
19
11
18
21
18
20
31
26
12
17
17
15
13
35
24
19
21
14
32
10
28
24
13
20
30
22
37
26
26
24
11
24
12
29
22
25
18
21
27
14
15
21
24
34
21
29
18
26
28
26
16
14
12
33
20
28
30
29
7
21
14
11
26
25
9
14
25
10
16
15
24
31
29
37
20
21
21
22
18
34
11
14
8
10
12
6
10
10
10
10
10
14
12
6
8
12
8
12
10
8
16
10
14
18
16
10
18
6
8
12
12
10
8
10
6
14
16
16
14
16
18
10
10
16
16
10
12
27
8
16
22
10
47
14
15
15
10
16
23
18
22
12
14
12
10
16
18
12
14
12
6
12
10
22
33
22
14
12
20
12
16
27
14
27
27
10
24
29
8
37
41
10
35
23
10
8
10
29
57
18
10
22
29
10
25
12
27
26
10
16
10
22
20
24
25
10
4
8
2
8
10
6
2
8
10
4
4
10
18
4
8
6
16
4
10
8
2
6
8
12
12
6
8
12
10
0
12
10
10
10
8
8
4
8
2
6
12
14
10
4
8
6
2
8
10
8
10
4
8
10
12
10
8
6
4
12
10
10
2
8
4
8
8
8
6
4
8
4
6
4
35
4
6
12
4
6
12
8
6
8
4
4
10
6
8
8
10
14
12
8
12
8
10
6
10
8
6
12
8
10
12
10
12
12
8
8
8
8
10
8
10
16
8
6
12
4
12
6
14
6
10
14
8
4
6
8
16
14
10
4
14
12
8
8
16
8
10
14
4
16
8
14
18
16
10
16
6
10
14
14
14
12
8
14
16
10
14
16
8
12
14
16
12
10
6
4
24
18
14
8
25
24
88
0
0
3
0
0
0
0
0
0
0
19
32
27
15
0
0
10
0
0
0
0
1
0
12
0
36
8
15
1
11
0
0
0
15
0
46
33
0
8
0
8
51
0
0
0
0
75
33
1
18
0
23
28
18
0
0
0
38
9
26
0
0
12
0
0
14
9
9
14
8
8
18
15
25
0
0
0
0
0
1
0
0
24
0
36
0
17
4
13
18
28
28
19
0
16
3
13
0
1
9
0
8
0
17
20
0
5
40
0
27
1
0
0
0
0
0
0
0
0
20
0
9
0
13
5
22
0
11
11
0
0
16
0
13
14
0
8
27
0
0
0
0
14
1
17
0
10
0
23
0
0
4
24
0
13
2
0
12
0
0
0
0
0
0
0
0
30
19
0
21
13
0
0
18
11
0
7
1
0
0
0
0
0
0
0
0
0
0
0
0
21
0
16
2
13
0
27
0
1
13
14
0
10
0
18
31
28
0
0
0
0
0
0
0
2
22
0
15
0
0
0
8
10
0
10
1
15
14
15
20
0
0
0
0
0
0
0
0
0
18
0
11
1
18
0
0
9
7
0
8
28
15
7
29
3
27
11
31
0
0
0
0
0
24
9
0
14
0
10
5
0
21
0
19
10
5
16
0
13
14
0
0
0
0
0
4
0
0
2
2
2
4
4
4
2
6
2
2
4
2
4
4
4
6
4
6
4
2
2
2
0
2
4
2
6
6
2
0
2
2
6
2
4
0
0
6
6
4
6
2
6
2
4
0
4
4
4
4
4
6
4
2
4
2
4
0
2
2
2
2
2
4
2
2
0
4
4
4
6
4
6
4
0
2
2
2
2
4
2
2
2
2
6
6
4
4
4
6
4
2
4
4
4
4
4
4
6
6
0
4
6
4
2
2
4
2
4
4
4
4
4
6
6
6
6
2
2
4
0
4
4
4
4
4
4
2
4
4
4
6
4
2
4
2
6
4
2
4
2
4
4
2
4
8
4
4
4
6
4
2
2
2
4
2
4
2
2
4
4
4
4
4
0
4
4
6
2
4
4
4
2
4
2
4
2
4
0
6
2
0
4
4
6
4
4
2
4
0
2
4
4
4
6
6
2
0
6
4
2
4
4
4
4
2
4
4
4
2
0
0
4
4
6
4
2
0
2
4
8
6
6
2
4
2
4
4
4
2
4
4
2
6
4
2
2
0
2
6
4
8
4
2
4
4
8
4
4
4
0
2
4
2
4
6
6
4
2
4
6
4
4
8
0
6
6
4
4
4
0
2
4
4
4
4
4
2
0
6
0
4
6
2
2
0
9
22
22
5
9
15
0
4
15
17
0
19
11
9
0
13
14
0
7
21
4
21
0
8
10
21
0
0
21
19
8
7
4
11
8
6
6
13
5
20
13
11
22
19
6
19
9
0
4
0
9
0
6
6
0
0
0
7
6
9
21
13
0
21
0
6
17
11
2
4
17
5
9
0
7
7
2
7
2
11
9
4
17
17
3
7
8
19
7
2
0
21
6
20
0
7
0
4
0
2
11
4
7
9
9
23
0
13
7
9
4
12
0
4
0
0
9
13
8
22
7
2
0
23
0
6
11
37
9
17
6
6
21
6
20
0
6
0
26
0
22
0
6
0
6
13
0
9
0
13
0
0
0
2
19
0
13
0
20
16
0
4
0
21
22
13
2
6
17
9
0
20
6
0
22
5
0
19
0
11
19
4
7
9
6
17
0
12
21
13
0
0
0
21
5
8
0
13
6
0
11
13
0
9
0
19
20
9
8
0
0
21
17
13
9
12
0
11
20
7
0
0
0
6
11
7
13
13
9
0
0
9
24
0
21
9
20
8
13
9
17
4
21
21
0
11
9
9
0
0
0
2
0
0
0
5
7
8
11
9
0
8
11
9
13
0
0
0
0
0
19
2
10
7
0
0
0
0
8
16
8
0
0
0
2
16
0
23
6
85
2
6
19
4
44
17
2
8
8
6
6
13
6
4
6
6
8
9
6
63
10
68
48
4
15
75
25
27
8
36
12
40
23
8
12
57
10
12
11
8
6
61
4
6
8
6
4
45
10
10
8
13
6
8
4
21
56
6
10
31
10
63
6
21
6
4
2
29
6
98
4
8
8
8
4
19
46
10
25
4
8
13
4
4
27
56
75
8
13
8
71
4
4
13
10
13
6
10
2
8
12
10
6
35
15
6
8
19
13
8
56
48
8
12
26
8
15
10
40
65
12
8
6
8
12
6
53
57
4
79
68
11
8
6
13
13
4
2
79
8
8
4
13
7
11
6
4
4
45
4
6
63
4
4
44
8
9
62
4
11
34
8
9
20
8
6
6
35
6
90
4
10
6
10
31
6
8
8
10
6
6
44
29
11
6
6
6
11
84
8
40
15
8
10
6
41
25
31
81
4
8
10
8
10
8
5
8
4
4
10
9
15
8
27
8
6
10
35
8
4
10
6
15
8
6
8
12
31
17
29
8
4
11
8
8
4
8
58
10
12
4
6
6
12
13
6
4
6
46
4
4
52
6
90
6
8
64
10
6
80
10
15
6
13
6
8
11
8
4
16
13
10
67
29
12
6
73
13
12
86
50
12
8
33
10
