38
38
36
39
37
38
38
38
32
38
38
39
38
38
39
37
39
38
39
39
34
38
38
39
39
37
38
38
38
38
38
35
37
38
38
38
38
31
37
39
39
38
37
29
38
39
33
37
39
38
39
39
39
38
38
37
38
38
38
38
38
36
39
39
38
39
38
37
38
39
38
38
39
38
37
39
38
39
38
38
38
27
38
39
39
37
38
39
38
38
39
38
37
38
38
37
37
38
37
38
39
39
38
38
38
37
39
39
38
37
37
38
38
38
37
39
38
38
38
38
37
38
38
38
39
38
39
39
37
38
38
37
29
38
38
38
39
38
37
39
39
34
37
38
39
30
33
38
38
39
38
38
34
38
37
38
38
38
38
38
38
38
38
38
38
39
39
38
38
39
39
37
38
30
39
38
39
37
38
36
38
39
38
37
37
38
39
37
38
39
37
38
39
38
37
39
38
36
38
39
32
37
38
39
34
39
38
38
39
37
36
36
39
37
32
38
37
38
37
37
27
38
38
36
37
39
37
37
37
38
38
38
35
36
38
38
37
39
38
38
38
38
38
39
37
39
38
37
39
38
38
38
39
38
38
38
39
37
38
35
38
38
38
38
38
38
38
38
39
38
35
37
38
38
38
38
38
37
38
33
39
36
38
38
33
37
38
36
8
6
2
6
6
7
8
2
6
10
2
6
6
2
6
4
6
5
6
6
2
2
4
6
6
5
8
13
4
2
2
2
4
4
4
4
4
6
2
6
6
6
10
10
8
6
8
4
6
11
6
8
11
2
10
2
8
4
4
6
2
2
6
4
10
4
6
4
4
8
6
4
13
11
11
12
8
7
6
4
6
12
6
6
4
6
2
4
6
11
4
2
4
4
4
4
4
6
8
7
4
5
13
6
6
6
2
8
6
6
2
10
7
8
2
4
4
2
4
2
8
6
4
4
6
4
10
6
2
4
10
6
2
2
7
2
5
6
4
6
4
6
6
4
4
6
6
6
5
4
4
6
2
6
6
5
2
11
4
4
5
6
2
6
8
6
2
6
5
10
6
2
6
4
8
4
4
6
4
2
2
4
17
6
4
10
11
6
6
6
4
10
4
6
6
13
6
4
6
10
6
8
8
0
6
8
4
10
6
4
4
6
4
8
4
4
4
4
4
2
10
4
9
13
6
4
9
4
6
6
6
10
4
2
4
6
6
4
8
6
4
11
6
8
2
4
2
11
11
4
4
14
4
6
81
4
4
4
6
6
4
4
8
4
6
4
6
6
4
4
6
4
5
6
4
4
4
2
6
2
6
7
4
4
2
4
4
6
5
5
7
5
9
5
7
1
11
3
1
3
5
5
3
5
8
3
3
5
5
5
3
5
7
3
5
3
3
1
7
5
5
9
7
3
6
11
9
3
3
3
3
11
3
11
5
1
7
3
1
1
3
3
1
1
0
1
3
1
1
3
1
1
5
1
0
0
1
1
0
1
0
3
0
1
1
0
1
0
1
0
0
1
1
0
0
1
0
0
1
3
0
0
0
0
1
1
5
0
0
0
3
0
3
1
7
0
3
0
1
0
1
1
1
1
0
0
0
1
3
3
0
1
3
1
0
1
3
0
1
0
0
1
1
3
0
1
0
1
0
1
1
0
1
3
0
0
1
1
0
3
1
0
1
1
0
5
0
3
1
1
1
0
3
0
0
1
3
1
0
0
3
1
7
0
1
1
0
1
1
0
1
0
0
1
1
0
1
0
1
5
1
0
1
0
0
0
1
1
0
0
0
5
3
0
0
1
0
0
1
1
3
0
0
1
1
0
1
1
0
5
1
0
3
1
0
0
1
36
0
3
0
3
1
1
0
0
3
1
0
0
0
1
1
0
0
0
1
3
0
0
1
1
1
1
1
0
1
0
0
5
1
0
3
1
1
0
1
0
1
0
0
3
0
0
0
1
1
0
0
0
0
0
1
0
1
5
10
2
6
6
4
0
4
43
2
6
6
8
2
12
2
10
18
18
2
8
10
6
4
6
6
4
2
2
4
2
2
6
0
6
2
10
6
0
6
4
8
8
6
10
6
8
4
4
2
6
4
4
10
16
10
14
4
4
2
8
6
4
2
2
6
6
4
4
19
10
2
8
6
4
4
4
4
4
14
0
8
2
8
2
2
4
16
4
4
8
2
6
8
2
12
18
10
4
10
10
6
4
6
6
10
8
8
2
14
8
6
6
4
6
8
8
10
6
2
6
14
20
8
31
2
6
2
6
6
4
0
6
4
19
8
6
6
4
6
10
12
4
8
6
6
4
29
4
10
14
18
10
6
2
4
6
18
4
2
8
2
4
4
4
2
4
8
8
10
8
10
12
4
6
20
14
4
8
8
2
2
4
20
14
4
8
4
10
12
8
21
4
23
4
4
4
2
10
12
10
6
2
6
20
8
2
8
6
10
8
8
6
4
6
8
6
8
6
6
6
8
6
18
4
6
10
14
4
14
4
2
10
6
4
8
10
12
8
10
8
8
6
12
8
4
8
12
4
4
4
2
4
2
6
4
14
4
6
8
39
4
4
2
8
6
8
10
23
8
12
2
6
4
6
2
20
12
12
8
2
2
6
8
6
0
6
14
6
6
4
7
5
11
10
6
13
9
4
6
10
6
10
4
8
5
4
4
4
8
4
8
4
4
6
2
4
6
8
8
4
4
6
6
6
2
8
4
13
6
4
4
6
11
2
4
10
6
6
8
6
4
10
6
6
8
4
2
8
4
8
8
4
4
2
4
4
6
4
6
2
3
4
4
4
4
8
6
8
4
6
8
10
6
4
6
9
6
13
6
2
8
3
2
8
2
8
4
6
5
5
11
8
6
22
8
6
6
5
5
8
10
6
9
4
6
7
20
4
9
7
7
4
2
13
8
8
10
4
4
4
4
13
8
8
4
8
6
6
2
4
4
8
8
2
8
10
4
8
17
15
9
9
4
6
4
4
6
15
8
9
6
6
9
15
6
4
2
6
10
11
5
10
13
5
4
4
4
12
4
9
2
10
13
9
6
6
4
10
13
11
9
8
6
12
4
6
7
7
15
9
10
2
14
2
6
9
11
8
6
5
5
8
4
6
10
9
6
8
6
6
8
4
6
7
12
4
6
11
10
8
10
6
6
7
13
11
10
6
4
83
4
10
10
9
4
2
10
6
9
10
4
8
4
6
6
4
6
6
7
6
2
6
6
6
10
4
6
6
4
4
6
9
6
6
4
6
2
8
4
11
8
11
8
2
6
6
15
6
15
8
12
15
10
40
12
17
12
13
4
17
8
10
6
8
10
6
4
8
6
12
8
6
4
15
4
8
13
17
19
8
6
17
4
13
13
13
21
6
6
10
8
4
4
8
10
10
6
54
4
19
10
13
15
25
13
17
23
13
12
11
12
15
13
15
19
17
15
17
29
17
15
27
11
17
23
25
8
17
19
31
23
23
13
12
10
10
15
23
19
33
29
15
35
27
15
23
23
13
23
25
25
23
15
10
31
29
10
25
19
8
10
10
31
13
56
29
27
21
21
10
27
8
23
35
13
25
25
23
25
29
23
27
29
19
36
19
8
13
23
33
33
17
21
29
38
17
23
8
10
15
15
8
35
31
25
8
25
35
6
8
34
8
29
23
33
12
15
31
31
29
13
38
23
23
19
10
37
44
25
21
29
31
35
25
38
27
33
19
23
29
40
33
33
17
15
10
37
17
19
15
17
31
10
8
13
6
27
21
21
25
13
11
21
19
21
29
17
21
25
8
21
8
21
15
11
29
13
10
13
8
12
10
12
21
10
6
21
13
25
23
31
29
23
23
23
13
10
13
8
11
8
19
31
25
27
10
15
15
8
8
15
2
4
6
4
8
12
17
12
8
6
8
13
6
15
11
15
4
17
15
10
12
17
8
2
0
2
2
1
0
0
0
0
0
2
0
4
2
1
3
0
1
4
2
3
0
2
0
0
4
6
0
0
0
2
4
0
5
0
0
3
2
0
7
3
0
0
2
0
3
0
2
0
6
2
3
0
0
4
2
3
0
5
4
0
5
0
5
2
2
2
0
0
1
2
0
2
0
2
1
0
7
0
0
0
0
4
1
2
0
7
0
2
0
0
2
0
2
0
4
4
2
2
2
0
3
0
3
2
0
0
0
2
2
2
0
0
2
2
0
0
0
2
2
0
2
4
3
4
0
5
3
2
0
3
3
2
0
0
0
2
2
2
0
9
3
2
4
6
5
2
0
5
4
0
2
1
5
6
0
0
8
0
0
2
1
3
0
0
0
0
0
0
0
0
4
0
2
2
0
0
2
0
0
2
7
0
2
3
2
3
2
0
6
2
0
2
4
4
0
3
0
3
0
3
2
4
5
2
0
0
2
0
0
2
2
2
2
0
0
2
0
2
2
3
2
2
2
3
0
2
4
2
0
2
0
3
2
0
0
0
0
2
2
3
0
7
2
0
2
5
2
0
3
2
3
2
7
0
2
0
2
1
17
2
5
0
0
2
0
0
2
0
0
5
0
0
4
2
3
7
2
0
0
4
2
4
2
0
0
2
0
0
22
0
23
4
16
15
0
10
31
16
23
0
27
0
61
0
0
21
36
0
2
0
15
0
37
34
0
13
0
56
0
6
23
0
0
75
34
35
0
32
0
13
23
0
43
37
28
41
23
33
28
0
22
17
29
0
21
70
0
24
4
31
0
2
6
2
20
35
32
0
0
0
0
19
0
41
0
19
4
2
0
20
0
16
0
27
15
0
0
0
0
13
0
31
21
12
10
0
19
13
0
0
26
0
20
0
27
0
0
0
24
0
20
0
0
14
0
18
0
22
0
0
0
9
10
0
36
0
35
0
0
23
0
14
9
50
36
0
0
22
21
14
33
0
19
0
23
0
2
14
16
13
0
0
2
31
0
19
0
0
26
0
0
10
0
0
22
46
23
32
9
2
11
0
19
21
25
0
18
0
7
23
5
11
11
14
0
0
0
22
58
0
0
0
0
41
1
19
0
0
0
19
0
22
3
5
0
15
30
0
0
0
34
22
3
24
0
33
21
0
0
20
0
10
0
5
0
12
19
0
0
0
0
19
0
1
0
27
0
3
0
2
0
0
0
0
0
0
0
0
0
0
0
0
2
0
0
0
0
0
0
3
2
20
0
11
0
12
0
0
0
0
0
0
0
0
0
0
0
0
0
0
8
0
31
0
31
6
10
4
4
4
6
6
2
6
6
10
4
4
10
10
8
4
6
4
4
8
10
2
8
10
4
4
10
6
10
2
6
8
2
6
12
6
6
8
6
8
8
6
10
6
2
6
4
4
2
6
6
4
8
4
12
10
4
4
6
8
4
4
2
4
4
2
8
12
4
10
6
4
10
6
4
12
10
2
8
4
6
12
6
6
8
6
6
8
4
4
6
6
10
6
6
6
4
8
12
6
6
6
8
6
2
8
8
6
10
4
6
8
4
2
6
8
8
10
2
6
6
4
8
6
6
4
6
8
6
6
6
2
6
6
6
8
8
4
6
8
8
2
6
6
6
4
4
6
4
6
4
8
12
6
6
4
10
4
8
4
12
6
8
10
4
8
12
4
6
4
6
8
6
4
10
8
8
0
8
6
6
8
6
6
6
2
10
2
6
4
10
6
4
6
10
8
6
6
4
4
10
6
6
4
8
12
4
8
4
4
8
8
8
10
8
12
2
2
10
6
8
8
10
4
12
8
4
4
6
4
8
2
2
4
2
2
4
4
2
0
4
4
2
4
6
4
8
2
4
2
6
2
4
6
6
2
2
2
4
4
4
2
6
8
6
4
8
2
6
4
8
2
6
2
6
4
8
0
4
2
2
4
6
4
8
2
2
73
36
78
93
67
91
50
84
81
81
84
45
80
85
79
75
91
69
85
77
79
86
84
80
86
83
88
86
68
79
80
85
84
77
86
51
78
67
80
90
82
82
88
68
89
62
90
89
79
71
34
90
73
91
76
80
43
81
84
86
76
85
85
86
83
87
68
85
87
77
64
82
81
86
74
72
66
89
73
91
88
90
79
77
78
94
77
83
87
89
68
75
80
83
40
83
84
79
81
84
85
82
66
86
83
63
91
81
86
81
79
54
86
85
93
74
81
72
89
72
93
74
84
41
87
85
85
72
87
83
56
34
86
71
82
86
67
86
75
75
75
79
74
80
68
85
94
67
81
88
89
83
75
83
85
89
69
57
80
87
81
87
87
82
67
85
83
85
89
82
71
79
84
82
82
84
75
85
81
56
67
80
81
78
89
86
70
68
47
76
50
82
84
76
85
57
83
82
79
75
66
83
81
62
87
73
71
82
79
87
83
42
82
79
50
75
86
81
90
89
88
78
83
90
80
77
82
78
40
87
83
78
84
84
90
76
75
90
82
93
69
34
93
88
79
89
83
79
60
49
51
60
37
73
37
30
84
79
82
82
79
35
90
72
86
79
90
83
53
88
89
81
86
87
79
48
85
74
93
86
91
67
90
66
88
78
75
89
