0
0
10
2
2
4
2
0
0
4
0
2
0
0
0
2
0
2
2
0
4
2
2
6
0
2
2
2
2
2
0
2
2
0
0
2
2
8
2
2
0
0
2
0
0
8
2
0
8
2
0
0
0
2
0
5
2
2
4
2
0
2
0
0
0
2
4
4
2
0
2
0
2
4
0
2
2
2
2
0
2
4
0
6
4
0
0
0
2
6
4
4
0
2
2
4
2
2
2
2
2
2
2
2
2
2
4
0
8
2
6
4
6
0
2
0
2
2
2
2
2
4
2
2
2
2
2
0
0
4
4
0
8
2
2
10
2
4
2
0
0
4
2
2
2
2
2
0
4
2
2
2
0
4
4
4
2
0
2
2
0
0
4
2
0
0
0
0
2
0
0
2
2
2
2
0
0
0
2
0
8
0
6
2
4
0
2
2
0
0
0
0
2
0
0
2
0
0
2
0
2
2
6
4
0
2
2
2
2
0
0
0
2
0
2
0
0
0
2
4
2
0
0
0
0
0
0
0
2
2
2
4
0
4
0
2
0
0
0
0
2
2
0
0
2
4
2
0
0
0
2
2
0
2
6
0
0
2
0
0
0
2
2
2
2
2
2
0
0
0
2
0
0
2
0
2
0
0
2
0
6
0
0
0
2
9
2
0
6
4
2
2
0
10
10
4
4
4
4
8
4
2
4
0
6
4
6
6
6
4
4
0
2
8
2
2
8
2
6
0
2
0
2
6
4
0
2
15
6
6
2
4
4
12
0
8
2
10
8
0
4
4
8
8
6
4
6
2
4
2
6
2
2
4
2
4
9
6
4
10
6
6
14
10
8
6
6
8
8
23
16
4
20
12
10
6
9
14
4
6
10
2
17
16
8
13
10
6
8
4
11
10
4
13
8
4
4
10
23
8
15
14
8
12
8
10
14
8
4
18
11
12
10
11
9
11
13
6
10
9
13
10
11
4
8
6
12
8
6
2
6
16
17
12
6
6
9
19
10
10
12
16
12
6
10
12
12
8
9
6
10
13
13
6
15
10
12
11
6
11
23
8
8
12
14
12
6
12
8
7
8
15
8
17
10
11
12
10
10
15
4
6
13
8
11
2
4
8
13
12
6
12
16
13
6
12
8
6
8
11
6
4
6
8
10
17
10
6
4
10
6
15
8
8
8
4
8
8
10
6
6
6
6
10
10
4
4
11
2
4
7
4
6
6
13
4
4
8
2
8
11
2
6
8
10
7
8
6
15
2
4
6
2
8
6
9
6
0
4
4
4
4
6
10
6
4
2
6
8
0
2
7
4
6
4
2
14
12
8
12
10
14
12
10
12
6
12
8
2
10
6
6
8
12
10
6
8
6
12
10
12
12
10
12
10
6
10
6
4
10
12
10
12
12
12
8
12
16
14
14
8
16
8
10
6
8
10
14
4
16
2
12
10
12
6
18
14
6
8
8
9
8
12
4
10
9
14
10
8
12
4
10
10
10
14
10
10
8
8
14
8
14
10
10
14
8
14
8
14
10
4
14
10
12
10
10
8
12
8
14
10
10
8
16
10
8
10
10
12
8
8
12
10
10
6
10
10
12
12
12
10
12
4
12
8
14
12
10
8
8
10
8
10
14
10
8
8
12
12
12
10
14
6
6
2
6
13
8
6
14
10
10
6
8
12
6
8
12
8
14
14
8
8
10
4
12
2
8
10
10
10
14
10
6
16
8
10
10
8
10
12
16
16
10
10
8
8
11
10
10
4
9
12
14
12
10
12
10
14
10
8
10
12
4
10
14
12
6
10
14
12
4
10
14
6
0
2
0
2
0
2
2
0
0
0
0
2
0
0
0
0
0
0
2
0
0
0
0
0
0
0
0
2
0
0
0
0
2
0
0
0
0
0
0
0
0
0
0
2
0
0
0
2
4
2
0
0
0
0
2
2
0
2
0
0
0
0
0
0
0
0
0
0
0
3
4
0
4
3
4
3
2
2
2
0
3
3
2
4
2
4
3
5
4
3
2
4
27
4
5
5
2
4
5
2
2
43
3
2
4
4
6
7
2
8
7
4
2
2
4
2
4
3
4
8
6
2
6
7
4
2
6
5
3
2
4
4
2
4
4
2
0
11
0
4
2
6
2
7
2
4
6
4
4
0
5
2
4
4
7
6
4
4
3
8
8
9
11
4
8
5
4
6
2
7
4
4
4
4
9
2
7
9
6
2
6
4
2
6
6
7
4
18
2
2
2
11
8
6
4
3
6
4
2
6
3
2
2
6
4
9
4
4
4
2
6
43
2
2
2
34
6
4
4
5
4
6
5
2
0
2
4
8
18
0
6
2
2
6
4
2
6
7
6
8
76
8
13
2
8
4
4
2
2
6
5
4
3
4
6
6
2
4
6
8
5
6
2
4
2
4
7
7
4
43
6
4
2
2
7
6
7
4
5
2
4
4
7
6
4
6
2
2
2
4
4
2
2
6
6
7
3
4
4
2
4
16
6
2
8
8
11
7
2
6
2
5
2
4
6
3
5
0
12
6
2
8
0
2
6
6
2
8
2
2
96
2
2
4
0
2
26
2
2
6
6
2
4
4
6
15
0
4
8
8
6
2
98
4
6
7
2
43
23
16
27
14
47
55
11
20
21
23
20
21
52
20
15
16
18
14
21
16
10
30
49
31
13
18
19
23
20
14
14
13
11
19
23
31
27
20
18
17
28
49
18
14
31
47
29
32
27
22
15
16
25
16
12
11
17
20
27
24
28
19
23
22
20
17
16
13
13
25
34
26
25
28
23
19
22
19
12
16
38
19
40
20
32
14
19
22
18
19
23
11
22
16
32
33
30
17
16
16
17
13
17
15
10
14
32
27
53
18
15
19
19
16
15
14
13
24
27
25
19
16
18
15
29
14
16
12
41
37
31
18
31
22
17
18
20
85
23
12
14
15
27
40
18
16
18
23
19
13
22
15
20
21
30
27
27
22
19
17
42
16
16
23
13
12
19
35
16
71
28
18
17
52
22
16
21
21
50
31
25
33
20
17
22
36
31
14
10
16
28
12
17
36
22
14
15
29
33
29
13
22
14
24
30
23
45
10
19
16
20
18
19
25
24
13
13
12
32
16
15
21
42
23
19
13
37
15
21
21
15
16
15
12
43
20
19
10
13
62
26
32
22
15
34
16
53
18
15
12
72
20
34
19
53
20
25
16
22
23
21
23
19
21
23
29
12
17
15
16
34
14
23
28
30
20
21
18
71
17
24
19
37
15
15
17
35
3
4
2
1
1
5
1
0
1
1
2
1
2
1
2
6
0
3
1
2
3
1
1
2
4
1
6
5
6
1
0
3
0
4
1
1
0
3
10
1
2
2
2
2
1
1
1
2
1
1
3
7
5
0
2
3
1
1
1
3
2
2
2
2
1
3
2
1
0
2
4
0
0
1
3
11
5
1
1
3
2
0
3
2
1
4
1
4
4
2
1
1
0
0
1
0
0
2
5
4
0
0
1
1
0
0
2
2
4
1
2
3
1
1
1
0
3
3
1
1
2
1
1
0
0
3
1
1
0
2
3
2
0
0
1
1
1
1
10
2
4
0
1
1
0
2
1
1
6
0
1
1
1
1
2
1
1
0
1
1
1
3
1
1
1
1
0
1
3
0
2
1
2
2
0
1
4
1
0
1
1
0
0
4
4
1
1
0
1
1
0
3
1
2
2
2
1
3
1
1
0
4
4
2
3
0
1
1
2
11
3
1
1
1
0
3
10
1
1
0
2
3
1
1
1
0
1
1
1
4
2
1
1
0
2
2
1
2
1
0
0
1
0
1
6
0
1
1
4
7
0
1
0
1
1
1
0
2
2
0
3
3
1
1
1
5
0
3
4
0
0
0
4
2
0
2
0
1
1
10
0
1
2
1
1
1
1
0
2
2
30
4
2
52
21
8
5
2
0
3
29
5
92
27
8
0
22
18
7
0
4
29
3
24
27
30
38
26
24
39
37
27
31
22
30
38
41
38
28
3
19
2
41
64
0
95
2
2
50
0
26
33
19
29
35
6
27
34
81
0
50
26
67
44
28
80
0
6
2
41
2
33
3
2
32
2
18
23
5
44
2
0
2
29
2
7
14
31
36
41
54
40
0
17
4
5
32
4
61
5
37
28
27
45
23
32
37
62
0
0
0
2
31
79
35
6
2
28
5
6
27
34
40
34
17
2
11
2
56
40
0
24
2
7
22
3
2
2
4
12
36
16
29
0
21
22
31
30
23
20
86
0
0
29
3
2
54
0
59
0
21
17
2
2
4
10
13
26
43
19
51
24
29
0
44
10
4
28
2
6
15
22
7
43
6
54
3
7
0
3
2
7
5
34
19
3
5
2
97
85
24
0
0
3
24
7
32
0
4
20
33
2
45
45
43
7
10
22
40
27
28
5
5
5
3
26
1
4
32
2
2
5
24
52
66
4
41
4
18
7
5
12
27
0
10
25
7
0
21
89
60
43
0
2
5
6
4
14
56
0
0
0
3
24
23
0
34
38
20
29
0
40
43
4
0
95
0
0
24
4
0
20
90
0
3
3
3
21
1
1
0
1
22
18
0
0
0
0
3
13
3
0
1
1
1
18
32
0
0
1
3
16
1
0
0
0
10
21
11
67
1
0
45
11
15
46
1
3
31
0
10
20
19
1
19
8
47
1
10
31
14
14
0
11
0
1
21
1
1
1
27
18
43
3
1
1
0
17
3
1
0
0
17
3
3
3
18
3
18
41
52
0
32
0
3
1
5
21
13
15
58
0
3
43
18
18
34
1
0
40
1
0
40
1
0
1
20
1
0
0
56
28
3
55
1
3
31
1
3
1
69
1
1
0
1
1
13
1
5
1
9
0
0
0
1
0
1
0
38
1
0
1
1
3
0
0
11
49
19
1
7
0
1
16
58
0
1
1
54
9
25
1
0
1
3
20
3
3
0
24
19
0
0
18
41
54
30
15
0
0
0
1
3
20
1
0
0
0
7
35
62
0
0
17
56
41
1
1
9
19
23
0
7
1
61
24
1
0
0
57
24
29
1
3
3
18
45
0
1
1
58
34
46
0
3
22
21
12
87
0
45
12
0
0
11
0
3
4
3
3
0
62
0
1
0
0
1
14
47
7
0
3
1
34
12
25
1
21
1
1
1
8
19
21
47
3
39
7
3
3
0
5
15
4
51
1
20
31
5
3
0
8
1
1
0
0
1
0
0
0
0
0
2
0
2
4
1
0
0
6
4
0
5
1
0
2
2
0
2
2
2
1
0
2
3
0
2
5
0
0
8
0
3
2
0
0
2
0
2
2
0
0
2
0
0
0
0
3
2
1
0
5
0
3
2
0
3
2
2
2
0
1
2
0
3
0
3
2
0
0
1
3
0
2
0
0
3
2
0
2
0
4
0
0
3
0
1
2
2
2
0
1
3
0
0
2
0
1
2
0
1
1
2
2
1
4
0
3
0
0
2
3
0
1
5
3
3
0
2
1
1
0
1
2
3
1
2
0
2
0
2
0
0
2
2
2
2
0
1
1
2
0
1
2
0
0
2
2
0
2
0
0
3
3
2
1
3
3
1
0
2
0
0
2
2
2
0
0
0
2
3
0
0
5
1
3
0
0
0
0
2
1
3
1
0
1
0
3
0
5
1
1
2
3
2
2
0
0
0
0
2
0
0
2
2
3
2
1
0
2
2
0
3
3
0
0
0
0
2
1
0
5
0
1
3
3
0
0
1
1
1
0
0
1
0
1
3
3
1
2
0
4
1
0
0
0
8
0
0
0
2
0
0
0
1
2
0
0
1
1
0
2
3
0
2
0
1
0
3
2
1
0
0
0
0
0
2
0
1
0
2
2
91
90
91
93
82
98
89
89
90
91
94
87
82
87
84
72
66
88
92
87
90
86
82
90
84
92
84
76
96
94
95
94
86
81
88
86
86
82
87
71
82
83
90
76
86
82
82
94
53
94
96
96
88
96
92
84
92
44
86
90
67
65
89
70
88
70
81
88
72
88
83
87
88
92
88
94
92
88
91
70
89
90
91
92
75
94
94
86
88
63
91
87
82
96
92
90
53
88
82
92
79
84
94
92
94
94
60
80
90
82
92
78
82
90
83
91
81
94
91
77
77
86
82
84
86
94
86
75
77
65
75
90
86
86
86
86
86
78
82
88
86
93
92
92
80
90
84
73
80
95
82
86
88
82
90
78
93
86
83
96
91
94
94
90
69
86
92
92
85
63
86
77
88
88
82
84
88
84
88
59
84
93
87
84
68
89
88
72
90
84
92
84
82
81
56
88
86
87
71
87
94
86
90
85
92
84
94
91
88
98
93
89
80
94
86
85
90
92
85
86
90
85
94
75
90
80
87
88
82
84
89
98
86
94
90
87
90
98
92
94
98
91
81
95
89
85
91
63
67
73
51
44
37
47
85
92
86
85
92
87
82
67
88
82
83
93
87
90
96
90
89
88
94
94
93
90
83
86
92
92
94
84
86
87
67
92
88
82
