4
2
0
0
2
0
0
2
3
0
2
2
2
0
7
2
0
0
5
2
0
14
2
0
7
4
6
0
0
2
5
2
2
4
0
0
2
0
0
2
2
4
2
3
2
0
2
3
0
2
2
4
0
0
0
0
0
2
2
13
2
8
4
3
2
0
0
2
0
2
4
2
2
4
2
6
0
2
2
6
0
2
2
2
3
0
1
0
2
2
2
4
2
2
2
4
0
2
0
0
4
2
43
2
4
6
6
5
3
2
7
7
8
2
0
10
0
4
3
12
2
0
0
13
4
4
8
3
0
11
4
2
4
2
8
0
2
2
2
11
6
2
2
2
2
2
5
2
0
5
2
4
6
2
4
2
6
0
17
6
3
6
6
0
2
2
2
2
2
5
6
2
0
2
7
2
7
3
2
6
2
2
5
0
5
2
0
2
5
4
2
2
2
0
2
0
0
0
0
10
0
0
0
2
2
2
0
2
7
2
0
0
2
2
0
0
0
2
2
2
0
0
0
0
0
2
10
0
0
4
6
11
0
2
5
0
2
2
2
4
7
2
4
0
2
0
2
4
2
2
0
0
2
10
2
0
3
8
0
4
2
4
0
2
3
2
2
5
3
2
2
2
1
0
2
3
3
0
6
0
3
4
4
2
0
15
2
2
6
4
6
8
4
8
6
4
6
4
6
4
4
6
4
6
8
4
6
4
10
10
10
6
56
12
9
4
8
8
8
8
10
8
7
4
6
4
8
6
6
4
6
8
12
16
8
10
14
6
10
8
13
8
8
6
10
12
6
14
12
16
21
8
8
6
6
8
10
6
11
8
4
8
6
6
8
11
4
8
10
8
6
10
8
8
6
6
10
6
11
6
8
10
12
4
4
4
8
4
4
6
4
10
12
9
10
10
2
6
9
14
4
2
6
8
10
4
10
4
13
6
2
8
4
12
8
6
8
11
8
11
4
6
10
6
8
12
6
8
6
6
10
6
15
13
15
11
6
14
6
6
12
11
6
8
6
6
8
10
6
10
10
4
4
6
4
12
6
8
12
4
12
4
6
10
6
6
8
14
6
10
14
11
4
10
8
8
6
6
8
10
9
4
6
4
8
13
4
9
18
8
18
14
15
6
4
4
15
10
6
4
4
4
6
6
4
6
2
6
17
6
6
6
6
6
6
7
8
81
8
6
8
6
4
8
4
8
6
10
6
4
6
6
14
8
8
6
6
10
8
6
8
6
6
6
6
6
9
4
8
4
2
6
6
10
7
4
2
4
4
4
6
4
4
6
6
6
6
8
4
6
8
4
2
12
4
4
10
6
7
6
5
6
8
3
10
8
4
6
4
4
3
8
9
4
4
4
9
8
4
12
4
10
8
9
6
20
13
8
6
7
9
5
10
9
7
6
13
10
9
12
12
19
11
8
10
19
2
2
0
4
4
8
2
2
4
2
4
0
2
2
2
2
2
4
0
2
0
2
6
0
4
2
3
2
0
4
2
6
4
4
4
0
0
9
0
4
6
2
0
2
3
4
2
6
8
2
2
0
2
2
4
2
2
2
4
2
2
2
4
2
8
2
4
4
2
6
6
10
5
5
5
13
3
2
2
5
4
2
2
4
7
6
6
8
6
8
8
4
4
7
6
0
2
2
5
2
4
4
2
2
4
8
4
2
4
4
6
7
6
2
2
2
2
2
4
4
4
2
2
4
2
4
0
4
6
2
2
95
2
6
6
3
3
4
7
8
4
6
2
4
4
8
4
6
10
6
6
10
5
6
4
4
4
4
6
4
2
4
0
10
2
2
4
4
4
2
2
2
2
2
2
4
4
8
6
4
4
11
4
2
4
0
8
0
2
10
4
2
5
4
4
2
2
2
6
6
2
4
2
6
2
4
2
4
17
6
5
2
2
8
4
13
6
10
4
2
4
4
2
2
2
2
4
2
5
2
3
4
8
8
8
4
8
4
7
0
5
0
7
0
6
0
2
0
7
0
0
9
11
0
0
0
7
0
5
6
0
5
9
6
0
0
5
7
4
0
11
0
4
0
4
22
5
0
0
4
6
0
0
9
5
0
0
5
2
0
0
5
2
6
0
2
0
8
6
4
0
2
4
0
6
0
0
4
5
0
0
6
9
0
0
4
9
0
0
7
4
0
0
7
2
6
0
5
0
6
0
4
0
6
9
0
7
7
7
2
9
0
0
4
7
0
0
4
5
0
0
2
0
4
0
6
0
4
0
0
0
0
0
10
6
0
0
13
5
0
13
17
2
0
15
0
0
0
0
0
0
0
0
0
0
0
0
0
0
11
4
2
4
7
0
4
0
7
6
5
0
5
12
5
7
7
0
7
0
10
0
7
0
0
0
0
0
0
0
0
5
0
0
0
0
0
4
0
12
10
0
7
0
14
0
0
7
5
0
0
11
3
0
0
7
4
0
0
7
5
0
0
5
0
5
13
5
0
4
4
0
12
0
0
10
5
0
0
5
7
0
0
4
0
2
0
9
0
7
7
0
11
7
0
14
9
0
0
14
7
0
0
16
4
7
0
9
0
2
0
5
0
4
0
2
6
9
0
0
13
9
0
0
9
9
0
9
7
0
9
7
3
5
0
2
0
4
3
7
2
2
0
0
2
3
4
1
2
2
2
3
0
0
4
2
2
2
2
3
1
0
4
5
3
2
4
4
2
6
5
0
15
4
2
2
2
3
5
0
1
3
0
3
0
11
1
4
0
0
5
0
0
17
0
2
0
3
4
5
2
2
2
0
0
0
5
2
4
0
0
0
2
2
0
2
5
2
3
3
2
2
0
4
0
2
0
3
6
2
2
1
9
19
0
2
4
0
5
3
2
2
4
0
0
4
2
6
2
2
3
5
4
2
0
0
0
0
0
2
4
11
4
9
4
2
2
0
5
2
0
0
4
4
0
2
2
4
0
2
0
0
4
2
2
4
2
4
0
2
0
3
2
4
3
0
0
2
0
5
0
7
2
0
2
4
2
2
2
0
4
2
4
2
5
4
0
15
4
11
15
5
6
4
2
0
5
0
0
5
2
2
5
2
0
2
0
2
2
4
2
2
0
3
0
11
5
4
0
0
2
4
3
4
3
2
2
2
2
4
4
2
0
2
4
4
2
2
2
0
2
2
3
3
2
1
2
2
2
2
4
0
5
4
3
2
0
4
2
0
2
2
0
2
4
4
5
3
3
4
4
0
5
2
4
2
2
3
4
0
0
0
0
2
5
15
2
0
0
2
4
5
0
2
7
3
2
3
2
0
19
0
1
2
0
2
0
0
8
17
2
0
3
0
8
3
2
2
0
4
2
12
12
0
0
5
3
2
2
0
0
0
0
0
0
2
0
2
0
0
0
0
14
0
0
0
0
0
27
0
2
0
3
0
0
2
0
3
0
0
5
0
0
26
16
2
2
0
0
0
0
0
3
0
29
2
0
0
2
7
9
3
25
0
2
0
14
2
10
11
10
3
3
5
2
3
5
2
0
41
2
2
4
0
0
2
3
3
2
27
0
0
0
0
20
2
5
2
4
2
2
5
10
0
0
0
2
9
3
0
4
0
0
0
0
2
2
0
0
0
0
2
0
2
0
0
14
3
3
1
0
16
21
9
3
5
3
5
7
0
0
0
2
0
0
0
0
0
12
2
0
0
2
4
0
5
2
3
0
2
2
10
0
0
8
20
14
3
2
7
0
16
2
0
2
2
0
2
0
0
0
2
0
2
2
0
0
2
0
0
0
0
0
0
2
0
0
2
0
0
0
2
2
0
5
3
2
0
0
12
2
0
0
2
2
5
0
2
3
12
16
0
2
0
2
3
2
0
0
5
2
2
2
0
0
0
19
0
3
14
3
2
0
0
15
10
0
0
2
0
0
0
0
2
0
46
0
2
5
19
2
5
3
4
74
0
2
2
2
2
6
2
4
6
0
2
69
4
6
0
2
40
2
2
0
0
2
0
0
4
4
0
8
4
2
6
0
13
2
2
6
2
4
4
4
2
2
0
2
2
0
0
0
6
4
4
6
4
2
0
4
7
0
2
0
4
2
2
2
9
6
4
0
7
0
0
11
2
4
0
2
0
2
5
0
0
4
0
0
0
6
4
2
9
2
2
0
0
2
2
7
0
0
6
2
0
2
2
6
2
4
2
5
4
6
0
3
4
2
2
2
2
2
2
0
2
2
4
5
2
2
8
4
7
38
0
0
9
2
4
2
4
4
0
0
2
0
34
4
8
4
6
2
6
8
4
61
2
2
9
2
4
4
4
6
2
4
4
2
0
4
81
0
9
2
2
4
2
2
8
8
4
6
4
0
10
8
4
8
0
12
2
4
2
6
0
6
4
4
4
8
0
4
6
2
2
88
7
6
4
3
0
0
0
3
4
6
4
0
0
7
4
0
4
2
2
6
6
2
4
10
6
3
4
4
6
6
3
0
6
4
4
6
0
4
8
0
6
0
4
2
0
3
2
6
9
0
8
8
9
0
6
10
4
5
0
4
4
0
4
4
2
6
3
6
8
0
2
0
0
6
76
4
6
4
4
2
0
2
0
6
3
4
11
7
9
6
13
7
5
18
11
7
18
6
32
7
10
8
9
10
9
11
4
13
4
13
11
7
13
11
13
11
11
9
28
22
13
22
9
26
7
19
6
6
21
4
11
21
17
8
4
4
11
11
11
18
13
18
19
7
9
9
10
11
9
9
6
13
10
2
7
7
6
9
9
7
7
16
11
6
13
11
11
13
13
7
6
9
15
6
10
7
9
13
9
7
6
2
13
11
6
9
4
11
11
17
15
13
11
4
11
13
11
13
17
6
6
9
15
7
26
11
9
7
13
20
11
23
18
18
33
19
11
21
13
9
11
11
28
20
7
13
9
15
33
17
20
19
20
13
28
17
16
26
11
21
7
22
23
29
28
27
18
25
29
18
7
8
20
16
28
9
25
18
25
15
29
9
24
27
22
8
26
11
26
19
13
24
18
18
17
20
19
32
17
8
7
13
21
9
33
21
23
33
19
7
18
8
22
15
17
18
11
12
24
11
17
6
18
26
21
15
13
20
22
13
11
18
25
27
19
11
15
17
11
10
19
17
11
13
12
14
27
13
14
10
6
17
19
25
28
18
17
11
23
11
13
13
8
9
8
18
17
6
13
6
7
9
15
15
15
11
9
13
13
13
11
9
8
19
13
6
7
11
4
11
11
11
2
2
2
2
2
4
0
2
4
2
2
2
2
4
0
2
0
2
2
2
2
2
4
2
2
2
0
4
2
6
2
4
6
2
2
2
2
6
2
0
2
2
2
2
2
6
2
2
2
2
4
2
2
4
0
2
2
0
0
0
0
2
4
0
4
2
4
0
2
2
2
2
2
2
2
4
6
2
2
2
0
2
4
2
2
2
4
2
2
2
2
2
4
2
2
2
0
0
2
2
2
4
2
0
2
2
4
6
2
2
2
2
2
2
0
2
0
2
2
0
4
2
2
2
2
2
2
2
4
2
2
2
2
4
4
2
4
2
2
6
2
2
6
2
2
0
4
0
2
2
6
4
2
2
2
2
2
4
2
4
4
0
2
4
2
2
8
2
2
2
2
2
0
0
6
2
2
2
4
2
4
2
2
2
2
2
0
0
2
2
2
2
2
4
2
2
2
2
2
8
0
2
2
2
2
2
2
2
2
0
2
0
6
4
2
2
4
2
6
2
6
2
4
2
2
2
2
0
4
2
2
4
4
4
2
2
2
0
2
8
2
4
2
2
2
2
2
2
2
2
0
2
2
2
2
2
4
4
2
2
2
2
2
4
4
2
6
2
2
4
2
4
2
2
2
2
2
2
2
4
0
2
4
2
4
2
2
2
9
8
2
2
6
6
21
11
4
4
44
4
9
11
10
4
4
21
11
4
11
6
7
6
28
6
8
8
6
70
4
8
9
4
4
6
4
4
4
6
6
6
6
62
8
2
44
30
7
70
8
6
8
66
29
6
6
27
4
4
4
49
6
70
55
8
33
53
4
2
8
36
2
66
6
6
6
10
31
8
8
10
6
44
45
13
6
8
8
54
12
10
6
2
10
4
8
12
6
33
23
12
10
8
12
43
12
13
5
8
9
10
4
4
4
4
8
4
4
8
19
4
6
6
15
68
6
6
86
6
13
6
4
6
10
9
4
4
4
6
4
33
12
10
10
8
6
52
10
4
8
10
4
8
14
66
42
8
8
41
71
8
10
6
21
10
6
6
7
79
28
19
6
6
70
6
6
10
22
6
31
10
6
4
2
6
6
12
15
52
4
6
62
13
8
19
36
30
21
13
13
13
15
23
30
25
19
15
25
17
17
25
13
15
29
15
25
23
35
38
20
12
13
27
43
2
42
15
11
13
12
19
13
6
6
6
15
4
9
13
8
8
17
13
10
11
8
8
5
10
7
23
4
6
4
14
18
9
19
11
16
13
9
14
10
15
11
0
19
9
8
6
15
25
10
8
15
6
17
11
0
15
15
11
6
8
12
9
