0
0
1
0
0
1
0
0
0
1
0
0
0
0
0
1
0
1
3
0
1
1
0
1
0
0
0
1
1
0
1
0
0
1
0
0
0
0
1
1
1
0
1
1
0
0
3
0
0
0
1
0
1
0
1
5
3
1
0
3
7
1
3
0
0
1
3
3
1
1
1
1
1
1
0
1
0
3
3
1
0
0
0
0
0
3
3
0
0
0
1
1
0
1
1
0
0
1
0
1
3
1
0
0
0
0
0
0
0
2
1
0
0
0
1
0
0
1
1
3
1
0
0
1
3
1
0
0
1
1
1
1
0
0
1
1
1
0
1
3
1
3
0
0
1
0
1
1
1
0
1
0
0
1
0
1
0
0
0
1
0
0
1
0
1
1
0
0
1
0
3
1
0
0
1
0
0
3
0
0
1
1
0
0
0
1
1
0
0
0
1
1
0
1
1
3
1
0
1
0
0
1
0
1
3
0
0
0
0
1
1
0
0
1
0
0
1
3
0
1
1
0
0
1
0
1
0
0
0
0
1
0
1
1
1
1
1
1
1
1
0
1
1
0
0
3
1
1
0
0
1
1
0
1
1
0
1
1
0
1
1
1
1
0
1
3
0
0
1
0
0
0
1
1
0
0
1
1
0
0
0
0
0
0
0
0
0
1
8
0
0
32
0
2
2
2
2
3
22
4
0
2
2
2
4
44
0
0
41
2
2
0
39
4
2
2
2
4
0
30
2
0
2
2
0
4
21
2
0
4
7
0
2
41
0
9
41
2
0
2
0
0
2
2
0
10
2
2
4
2
31
0
0
9
2
0
2
32
0
4
37
0
0
4
2
0
2
4
2
2
2
6
6
77
0
2
2
0
0
2
2
2
0
2
0
2
2
2
0
4
0
4
4
0
2
2
0
2
32
0
0
32
4
2
15
8
6
0
2
6
2
2
0
4
0
0
2
8
0
0
41
0
51
0
2
0
2
2
2
2
0
6
62
2
2
4
2
2
2
0
0
4
40
0
0
6
2
4
21
2
2
2
0
0
0
0
2
2
15
2
2
2
0
2
26
2
0
75
4
6
2
31
2
2
2
0
4
4
0
8
30
2
2
41
2
0
2
2
6
49
2
4
22
0
2
8
2
2
2
2
2
2
0
0
0
26
4
9
0
0
2
4
2
0
4
31
4
2
33
2
0
4
2
2
0
13
2
41
2
6
2
0
2
56
6
2
2
37
4
2
4
2
0
0
62
4
2
22
4
2
4
2
0
2
2
2
2
2
0
2
2
2
6
4
2
2
0
0
2
22
2
2
0
2
2
2
28
20
13
0
0
23
11
21
27
33
0
11
22
23
19
38
11
36
44
15
45
25
9
32
22
38
34
16
13
0
15
21
19
11
0
20
15
13
12
46
41
33
19
2
6
0
15
28
8
6
0
8
6
12
17
17
8
21
15
11
9
8
23
15
34
21
19
0
45
11
21
14
44
38
11
7
25
42
0
36
34
19
45
19
19
15
17
47
0
31
30
15
19
11
9
11
10
15
25
0
27
8
0
21
21
8
23
0
40
45
20
0
18
21
11
11
23
16
0
15
0
30
0
13
17
2
22
23
0
32
0
0
18
21
30
24
0
23
45
35
11
12
15
21
21
21
30
0
33
32
18
0
0
11
19
17
0
0
14
30
19
21
0
21
19
38
9
0
17
28
23
30
30
16
24
9
38
9
9
0
6
29
25
6
28
0
23
21
0
9
17
28
25
0
26
25
30
30
30
28
8
13
0
10
25
0
2
4
30
29
21
22
24
12
9
9
13
9
15
17
0
7
13
20
0
9
9
9
2
17
20
13
9
13
11
13
9
8
9
17
19
12
0
17
25
9
0
5
15
8
41
0
19
13
21
11
0
8
7
17
0
4
4
2
2
4
2
4
8
4
5
4
2
2
4
2
0
4
4
2
2
15
0
3
5
15
4
4
0
4
2
0
4
4
26
4
2
2
2
6
4
0
0
0
0
5
4
4
27
0
2
4
2
4
2
4
4
8
6
6
2
2
0
0
2
0
2
4
2
16
2
0
0
2
2
0
6
4
2
0
0
0
6
2
2
0
0
2
0
0
2
0
2
8
6
4
2
2
2
2
4
2
4
3
2
2
4
14
2
4
0
6
8
0
4
2
4
4
0
0
0
4
2
2
0
17
6
2
2
2
2
4
10
2
0
2
2
2
4
2
2
2
2
4
6
2
4
6
0
4
2
2
4
0
0
3
0
6
2
0
2
4
0
2
24
6
4
6
4
4
2
4
2
6
0
2
4
2
4
2
2
6
2
2
0
0
6
4
2
2
4
0
6
2
2
0
0
0
0
4
0
0
6
4
6
0
0
5
0
2
2
2
2
2
4
0
4
4
6
2
4
4
4
2
4
2
2
4
6
0
0
2
4
0
2
6
0
0
4
4
2
4
6
2
2
2
2
0
2
30
0
0
2
6
2
2
2
0
0
2
2
2
4
2
2
2
2
2
2
2
0
0
2
2
2
6
4
2
4
4
4
0
20
4
2
4
0
2
2
4
4
17
0
0
2
0
4
4
2
2
4
4
2
0
0
4
2
0
4
4
0
4
0
2
6
6
9
9
11
11
7
5
5
11
23
5
11
19
3
5
9
7
7
7
5
5
13
7
5
5
5
13
7
5
9
13
11
9
2
7
11
7
5
9
5
5
5
3
2
13
3
5
5
3
9
13
5
7
11
3
3
15
5
9
5
9
9
2
5
7
3
3
3
7
5
7
5
9
3
11
13
5
3
7
5
5
5
3
11
7
3
11
9
5
3
11
9
5
7
11
9
9
7
11
5
7
15
17
15
13
11
7
13
9
9
9
7
9
13
9
7
9
3
11
19
43
9
15
7
3
5
11
7
9
5
7
2
7
23
7
7
7
7
9
9
7
9
7
9
9
9
7
11
15
35
11
11
7
11
9
9
11
13
13
9
17
7
15
11
5
13
7
7
11
7
9
13
9
13
11
5
11
9
11
7
7
19
15
13
15
13
21
13
3
13
13
13
17
11
11
9
13
7
3
9
15
11
5
11
15
21
9
7
7
9
7
13
9
21
7
3
11
19
7
11
13
9
9
7
15
7
9
23
9
5
5
7
5
9
11
7
13
11
3
7
5
7
9
7
19
9
5
7
13
11
9
15
7
7
5
9
11
5
7
9
7
11
9
19
9
7
7
5
0
3
3
5
3
7
9
13
9
11
9
13
3
7
3
11
9
13
3
5
5
4
2
0
0
4
0
2
7
0
0
0
2
0
4
6
2
2
8
0
0
2
0
0
2
2
0
2
2
2
2
2
0
0
2
2
0
4
0
0
2
0
0
2
0
0
2
0
2
0
2
4
0
2
2
2
0
2
0
2
0
4
0
2
0
4
0
0
2
2
2
2
0
4
0
0
0
0
0
0
2
0
0
4
0
8
0
0
2
4
4
0
2
2
2
0
2
2
2
2
2
2
4
2
0
2
0
2
2
0
4
2
2
2
2
0
4
2
6
0
0
2
0
0
9
0
2
0
2
0
2
3
2
0
4
2
7
0
2
0
2
2
0
0
4
0
0
2
2
2
2
0
0
2
0
4
0
0
2
0
2
0
0
2
0
0
0
4
2
2
2
2
2
0
0
2
2
2
0
4
0
2
2
4
2
4
2
0
0
0
2
8
2
0
4
9
6
2
0
0
4
2
8
0
2
4
4
2
0
2
2
0
0
4
6
0
3
2
0
0
2
0
6
2
0
2
0
0
6
0
6
2
4
0
2
4
2
0
0
2
4
2
2
2
0
2
4
2
0
0
2
2
0
0
2
0
0
0
2
2
2
0
0
0
4
2
4
0
0
0
0
0
2
0
2
0
2
2
0
2
0
0
0
2
0
2
2
2
0
35
21
40
18
22
19
31
30
19
44
27
32
15
35
59
11
44
34
60
31
28
73
23
31
24
24
27
19
47
39
41
51
20
23
45
28
38
37
23
11
46
27
73
21
33
32
22
29
46
53
77
11
54
35
30
64
45
41
61
68
40
63
58
48
53
23
38
61
18
22
36
40
31
39
44
81
60
30
24
47
40
45
36
45
35
46
43
52
41
28
37
51
35
39
31
99
22
20
20
22
41
64
44
25
44
45
33
35
61
48
75
48
28
73
53
56
16
63
97
48
54
30
38
36
57
43
54
54
53
22
13
40
48
32
53
30
28
39
47
32
18
52
32
45
24
71
44
34
42
43
46
38
31
41
65
43
52
56
43
55
81
24
61
65
77
26
43
62
27
43
65
64
40
26
52
72
66
35
33
45
66
37
36
32
68
33
65
67
25
52
62
39
49
56
69
33
39
46
44
50
44
49
46
60
75
81
41
45
45
55
46
34
28
36
34
34
38
21
19
30
41
31
46
20
41
15
16
44
44
34
62
18
42
56
21
44
37
61
45
63
60
30
48
42
45
64
48
34
22
29
46
57
47
64
39
51
77
38
39
53
46
51
41
28
45
34
16
22
50
20
66
22
38
22
23
30
42
35
26
31
53
12
32
36
28
23
29
5
0
0
2
2
2
4
2
2
4
2
4
0
0
0
0
0
0
0
0
2
0
0
6
2
2
0
2
0
0
0
0
4
4
2
0
2
0
2
2
4
0
0
2
4
0
2
0
0
6
0
0
2
2
4
4
8
0
2
0
0
0
0
0
0
0
0
2
2
0
0
4
0
2
0
0
2
0
6
0
2
0
0
0
2
0
0
4
2
0
4
2
0
4
0
2
4
4
2
0
2
2
0
0
2
2
0
0
2
0
0
2
0
0
0
0
2
0
0
2
2
2
2
2
2
0
4
2
2
4
2
2
0
0
2
2
0
0
2
2
21
2
0
2
0
0
0
0
0
2
0
2
0
2
2
4
2
0
0
0
0
0
2
2
4
4
0
2
0
6
2
4
15
2
0
0
0
2
0
4
0
2
2
0
2
2
0
2
4
4
2
2
0
0
0
0
2
2
0
0
4
2
2
2
0
0
2
2
4
0
2
4
0
0
2
0
2
0
2
2
0
4
2
2
0
2
0
0
2
0
0
2
0
2
0
2
2
2
0
0
2
0
0
0
0
2
4
2
2
4
4
0
4
6
2
0
0
0
2
2
2
0
0
4
0
4
0
2
2
2
2
2
0
4
0
4
2
4
4
2
0
2
0
4
4
4
0
0
0
22
4
6
4
12
10
6
8
8
2
6
4
6
8
16
4
12
10
2
10
4
8
6
10
6
4
2
8
12
8
10
10
2
10
4
10
16
4
18
6
12
8
12
12
4
10
10
10
18
6
4
10
12
10
14
6
4
10
39
8
8
10
8
8
10
16
12
8
10
8
16
16
6
10
12
8
4
8
8
4
12
6
8
14
10
10
12
12
10
6
16
8
6
12
16
8
18
14
10
10
12
6
10
12
20
12
20
16
20
8
10
16
16
14
10
6
10
6
8
8
14
12
10
14
18
20
14
22
12
6
8
24
8
8
23
8
16
22
16
12
14
18
18
4
4
6
10
22
8
16
20
6
6
8
12
28
4
47
10
12
16
10
20
8
20
10
12
12
22
14
28
22
12
8
8
10
10
12
20
14
12
14
12
8
12
16
35
8
10
14
16
14
8
18
6
8
12
8
10
18
16
6
16
10
4
12
16
16
8
8
26
10
4
12
12
18
10
10
18
10
22
8
6
8
10
12
10
6
12
12
12
4
10
2
6
10
10
10
6
8
10
8
16
8
14
10
18
14
8
10
8
10
12
10
8
6
8
16
16
10
10
10
14
10
4
8
6
10
10
10
16
4
12
12
8
8
4
2
2
2
4
4
8
4
2
4
6
16
0
0
5
0
0
0
2
2
2
2
4
2
0
6
3
0
2
4
5
2
4
2
2
24
2
2
2
2
0
2
0
2
2
0
2
0
21
2
0
0
2
0
2
2
32
0
2
2
2
2
0
4
23
0
0
2
0
48
0
0
2
4
2
0
2
0
0
28
0
0
68
0
2
45
0
5
2
33
2
0
39
0
2
22
2
0
22
0
5
2
2
2
28
2
0
47
2
0
63
0
0
4
3
4
23
4
47
2
2
4
0
0
2
0
5
2
21
6
2
28
2
0
0
2
58
2
2
34
0
0
4
2
4
33
2
0
23
3
3
2
0
0
0
2
2
23
2
2
0
2
0
6
6
9
4
0
4
4
0
30
0
2
28
2
2
45
2
0
26
4
0
24
0
2
25
0
0
2
5
2
25
6
4
2
0
0
2
2
2
9
0
0
0
0
6
0
2
2
4
0
2
0
2
4
21
0
7
2
4
2
2
0
2
2
3
37
5
6
2
2
0
0
0
0
2
5
2
2
0
0
19
2
5
0
2
0
6
6
4
17
0
0
5
2
0
29
0
4
40
4
4
5
2
0
2
24
2
2
24
4
4
4
3
0
46
2
4
45
0
2
2
6
2
5
2
2
0
0
2
5
47
2
0
4
3
3
2
2
