17
17
4
19
37
11
13
17
13
21
30
30
28
15
9
19
13
20
30
11
11
15
20
30
8
26
28
26
30
24
39
24
15
13
17
6
7
19
17
21
11
15
28
19
15
8
9
15
22
15
26
13
15
21
15
32
30
17
19
4
33
26
13
28
15
13
19
23
28
4
20
35
13
11
30
21
13
11
20
15
13
32
18
26
9
11
4
21
13
22
4
4
20
11
13
13
7
7
30
11
11
19
4
28
11
11
27
22
6
26
22
11
22
22
19
24
24
9
6
11
24
9
26
17
20
7
21
20
11
9
24
9
6
6
7
21
6
9
26
37
24
15
7
37
26
20
9
31
34
9
15
13
7
11
22
26
21
17
15
9
6
7
32
11
18
24
9
6
18
9
13
45
16
7
15
18
14
24
15
39
13
9
11
13
17
17
32
6
24
19
13
22
8
11
27
49
22
9
15
9
11
32
34
30
33
35
9
25
11
4
6
21
19
22
7
19
15
9
15
20
35
39
20
11
21
36
30
21
9
13
18
17
20
24
13
19
16
17
26
17
13
9
8
20
7
30
21
78
15
4
11
19
9
20
21
9
21
17
23
7
15
9
11
9
21
7
25
26
26
7
26
15
17
30
19
15
13
27
26
11
13
11
7
15
15
11
13
26
4
2
6
0
0
0
0
2
2
2
4
0
2
2
2
2
0
0
0
2
0
2
6
0
2
4
2
0
4
0
4
2
2
2
0
0
2
0
2
2
4
2
2
0
4
0
0
4
6
4
6
0
2
0
4
6
0
0
0
2
2
0
0
2
0
2
6
2
4
0
6
4
2
2
2
8
0
0
2
8
4
8
4
4
61
4
0
6
0
2
2
0
0
4
4
0
0
0
2
2
4
2
0
4
0
2
0
2
0
0
0
2
6
4
6
95
6
0
0
0
0
14
0
2
2
0
0
0
0
91
2
0
2
2
2
6
2
8
0
6
6
4
2
4
0
4
0
4
6
2
0
0
94
2
0
4
2
4
0
2
2
0
2
0
0
2
0
4
0
2
4
2
0
4
0
0
6
4
0
2
0
2
4
2
0
4
4
0
2
2
4
0
2
0
4
2
2
2
10
2
2
0
98
2
4
2
2
2
2
0
2
2
4
4
6
0
0
4
4
2
0
2
4
2
2
2
0
4
0
2
2
2
0
4
2
2
2
4
4
0
2
10
2
0
2
0
0
4
0
0
6
0
0
6
2
4
0
2
94
4
2
4
0
0
4
4
4
0
2
2
0
12
8
2
4
2
2
2
0
2
0
0
4
4
2
2
4
4
0
2
0
2
2
6
0
6
2
2
8
4
0
2
4
2
0
4
4
2
0
0
0
8
0
0
0
2
0
4
4
2
2
0
0
6
0
0
2
0
4
6
0
6
2
0
6
0
2
2
4
2
8
2
2
0
6
0
6
6
0
0
2
2
6
2
0
0
0
0
8
0
0
6
0
0
6
0
0
0
2
0
8
0
0
0
0
2
6
0
6
4
0
0
4
2
2
2
0
2
8
2
0
0
2
2
4
0
6
0
4
2
6
8
0
6
2
6
2
2
0
2
4
2
6
4
0
2
0
4
6
0
0
0
0
14
4
0
0
0
0
0
4
0
0
0
2
10
8
0
6
2
0
2
4
2
0
2
2
4
4
2
0
2
2
0
4
0
0
0
0
6
6
0
0
0
0
8
4
10
0
8
4
10
4
4
4
4
4
0
0
43
0
2
8
6
0
0
2
95
2
6
2
2
0
2
0
0
8
0
0
2
6
6
6
0
0
2
0
0
6
0
2
10
0
6
2
0
2
10
0
4
2
0
0
0
8
0
4
6
2
6
6
0
0
0
2
6
2
0
2
0
0
4
4
0
0
4
2
0
6
0
2
6
2
0
4
4
0
2
8
0
0
8
2
0
2
2
6
0
2
2
2
0
0
4
4
6
2
2
2
4
2
6
2
6
2
2
4
4
4
4
2
2
8
2
0
4
4
4
4
2
6
2
8
0
2
0
4
4
4
2
4
2
4
2
0
4
2
4
4
2
6
2
6
6
4
4
4
2
6
6
2
4
2
4
6
2
4
0
8
0
2
2
2
4
2
8
6
4
2
2
2
4
4
2
2
4
4
4
2
4
4
6
2
8
2
6
4
0
0
4
4
2
4
4
4
0
4
6
2
0
2
2
6
2
6
4
0
2
2
6
0
2
4
4
2
8
6
6
4
6
8
2
4
2
2
4
0
6
4
6
2
4
6
2
8
6
4
0
2
4
2
6
4
2
8
4
6
2
2
4
2
2
4
0
4
6
4
4
2
4
4
2
4
6
4
4
2
2
0
2
4
6
0
8
4
2
2
6
6
6
4
6
4
4
4
0
6
0
6
2
2
2
4
8
2
0
4
4
10
2
4
2
2
6
0
2
4
2
2
2
8
2
0
2
6
0
2
6
2
2
6
4
6
6
4
4
6
2
6
0
8
4
0
8
6
2
4
6
2
4
2
0
2
2
8
2
2
2
2
4
4
4
4
0
4
2
6
2
2
2
0
6
8
0
2
0
2
4
4
0
2
6
2
2
2
4
6
4
6
4
4
2
2
4
6
6
7
15
4
11
6
11
6
8
7
10
10
4
6
6
11
11
6
26
9
8
2
9
9
4
6
4
6
7
7
4
4
10
6
4
6
9
6
6
6
9
4
6
2
4
4
4
7
6
2
6
8
6
4
8
6
4
8
6
19
8
9
8
6
11
6
4
4
8
4
9
6
9
10
13
15
4
32
8
13
32
18
9
21
6
17
17
21
16
15
9
19
19
21
11
19
9
22
15
27
23
8
29
10
11
21
10
9
23
17
15
11
23
34
19
15
22
13
7
27
17
13
34
19
24
11
28
17
15
24
48
25
26
19
22
8
19
15
21
8
29
11
13
17
32
29
23
7
21
2
22
13
20
7
9
20
8
8
19
14
21
39
7
11
42
15
23
9
15
11
30
18
13
5
15
56
14
26
21
29
23
20
17
0
9
14
30
32
26
29
28
24
32
7
73
23
0
19
43
19
52
17
53
7
35
19
9
23
0
15
20
23
11
39
40
17
11
5
27
17
30
16
22
9
11
23
37
39
17
22
19
30
15
17
26
7
19
11
5
6
27
9
8
19
34
17
19
11
4
13
12
17
4
15
24
0
11
6
21
33
27
24
14
39
29
17
13
10
19
6
9
16
21
17
9
26
19
21
13
11
6
27
11
11
16
19
10
0
4
2
2
2
2
2
2
0
2
4
2
2
2
2
2
2
4
0
2
0
2
2
2
4
2
0
4
2
0
2
0
0
2
0
0
0
2
2
4
4
2
2
2
2
2
2
0
0
0
2
2
0
0
0
2
2
0
2
2
4
2
2
2
0
2
2
2
2
2
4
2
2
2
2
2
0
0
2
0
0
2
0
2
2
2
0
0
2
2
2
0
2
4
0
2
2
2
2
2
2
2
2
2
0
2
0
0
0
2
2
0
0
2
2
2
2
2
2
0
2
2
2
2
2
2
2
2
2
0
0
2
0
4
2
2
2
0
2
0
4
0
2
0
6
2
2
2
2
2
4
0
2
2
4
0
0
2
2
2
2
2
2
2
0
0
2
2
0
0
2
2
2
2
2
2
2
2
2
2
0
2
2
4
2
2
0
2
4
0
0
0
2
0
6
2
2
2
0
2
2
2
2
0
4
2
4
2
2
2
0
2
0
4
2
0
0
0
2
2
2
2
2
2
0
0
2
0
2
2
2
2
2
2
4
4
4
4
4
2
2
2
4
0
4
2
2
2
0
2
2
0
2
2
2
0
2
2
4
2
2
2
2
2
2
2
2
2
2
2
2
2
0
2
2
2
2
0
2
2
0
0
2
4
0
4
2
2
2
2
0
2
3
0
2
1
2
5
0
1
2
2
2
3
3
0
2
2
2
3
2
2
3
0
0
0
2
3
0
6
3
2
4
0
0
3
7
3
0
0
2
4
5
0
0
0
0
2
5
2
0
2
0
2
8
0
2
0
4
2
0
4
0
0
2
0
7
0
2
10
1
0
3
4
3
4
4
1
0
2
2
2
0
0
8
0
3
0
0
0
6
2
2
0
4
2
3
0
7
3
2
7
2
2
5
1
2
0
0
0
1
4
0
0
0
2
8
7
3
2
0
0
0
2
0
0
2
0
0
2
2
3
2
0
1
2
0
6
2
7
3
2
4
0
0
0
0
2
0
2
1
0
0
0
3
0
2
2
8
2
0
1
2
1
2
0
0
3
3
1
3
2
0
3
4
5
5
0
0
5
2
3
4
5
3
7
2
3
2
3
5
4
1
3
4
2
0
0
4
3
3
0
0
1
2
4
3
0
0
2
2
0
3
0
2
0
2
1
2
0
3
0
0
0
0
0
0
2
0
0
2
9
4
0
4
0
3
0
0
3
0
0
0
5
3
2
7
2
3
2
2
0
2
2
2
0
0
0
0
0
4
5
4
3
0
0
1
0
0
0
2
2
4
2
0
2
0
0
0
0
2
0
0
0
0
2
8
5
4
10
5
6
6
6
11
7
8
5
7
8
2
7
7
9
6
6
11
6
8
5
4
6
6
11
4
5
11
5
4
7
8
5
7
8
7
6
7
8
11
6
10
5
8
6
9
2
9
7
11
6
10
6
8
6
6
11
5
10
8
9
9
7
9
6
6
8
11
6
7
10
6
10
8
8
8
8
4
6
9
9
3
5
10
9
4
8
9
6
6
7
4
9
9
7
8
9
8
5
8
4
12
10
6
5
7
8
7
8
8
8
7
10
3
4
7
4
8
13
7
8
12
7
6
9
8
12
8
7
7
6
9
7
5
7
10
5
7
7
6
7
5
9
8
9
5
8
7
13
5
5
8
7
8
7
8
10
7
7
3
10
9
10
7
10
8
4
6
10
9
3
9
7
11
7
5
6
6
8
3
2
8
8
8
7
6
1
2
11
7
6
10
6
7
7
4
8
8
6
7
10
9
11
8
9
7
2
10
9
7
2
4
11
4
10
4
7
10
6
9
9
7
6
10
5
10
5
4
10
6
1
7
7
10
11
8
8
3
12
9
0
10
10
7
8
6
10
9
5
3
9
6
2
6
4
7
10
7
8
8
6
6
6
9
6
8
11
7
7
9
3
6
7
8
9
6
5
11
7
6
8
5
8
7
7
2
0
33
2
4
0
2
2
0
0
0
28
2
65
31
4
6
26
0
0
2
0
2
24
6
2
28
0
13
6
0
4
0
2
2
2
2
2
27
2
8
0
0
4
2
0
33
2
13
4
0
4
37
2
2
32
0
0
52
4
2
0
11
0
2
4
10
2
0
31
0
2
0
0
8
8
7
50
0
49
2
2
0
0
2
28
2
4
28
15
2
4
0
2
0
2
4
2
2
2
0
0
0
2
0
45
0
0
0
2
2
2
0
4
2
0
51
0
0
9
0
2
2
4
0
27
0
45
0
2
2
2
6
2
0
2
29
2
4
6
0
15
38
2
0
2
0
0
16
0
2
27
2
2
2
12
6
2
2
38
8
2
10
2
4
6
4
0
0
4
2
55
2
2
0
4
2
8
2
0
27
0
2
0
0
0
0
4
4
8
0
4
23
0
2
0
0
27
2
4
0
2
4
31
2
2
2
0
43
0
2
2
2
6
0
4
17
2
57
7
0
0
2
0
6
7
4
20
2
2
17
4
6
4
2
6
4
2
15
0
4
37
2
2
6
2
2
4
0
2
35
6
4
5
0
4
4
31
2
2
41
8
2
24
2
2
25
2
0
0
2
13
2
2
0
2
2
47
2
0
23
0
4
0
0
2
39
2
11
9
0
6
0
1
0
0
8
9
0
0
6
1
4
6
0
7
3
10
11
7
0
0
0
12
3
4
7
0
0
4
1
3
0
32
0
0
6
1
0
0
1
0
10
1
0
0
8
0
0
12
4
0
7
17
0
0
7
0
0
4
0
7
0
12
0
1
10
1
0
0
12
0
2
0
13
0
8
1
1
0
0
1
0
8
4
0
9
9
1
7
0
0
7
1
6
9
0
11
0
15
0
15
0
7
8
14
0
6
0
15
0
23
0
10
7
20
0
11
0
0
3
8
0
0
13
1
1
15
0
10
3
0
0
0
6
5
10
0
6
1
0
3
0
11
0
3
0
0
2
0
0
0
0
1
0
9
0
8
4
2
38
0
0
13
3
1
13
13
0
0
6
2
0
5
19
0
0
0
10
4
4
0
8
14
0
0
13
0
0
7
8
3
0
1
0
0
0
0
20
0
9
0
7
11
10
1
0
0
3
3
11
1
0
5
0
12
0
21
3
0
0
6
0
10
7
11
0
15
1
18
26
0
0
0
12
5
13
0
0
0
0
1
9
2
0
6
0
0
6
0
3
2
0
7
0
1
8
0
9
4
0
0
0
0
0
0
0
1
0
0
5
0
0
0
13
0
18
3
1
13
1
14
3
8
9
4
