0
6
4
9
6
11
10
17
7
9
13
11
4
9
9
8
0
11
2
0
4
1
8
6
9
5
6
11
8
8
6
7
4
10
2
6
6
4
8
3
6
8
9
6
6
8
6
5
11
7
2
9
8
9
8
6
8
11
0
8
10
13
0
8
0
9
6
9
6
7
8
5
6
8
6
13
9
10
17
5
6
6
7
6
8
6
4
7
11
9
17
7
9
2
15
16
15
7
13
16
9
8
11
4
9
9
14
9
9
9
15
5
0
13
7
8
6
11
6
9
6
7
7
8
11
13
11
15
11
10
13
0
8
8
6
9
11
11
6
11
11
9
8
6
13
7
8
6
15
9
17
8
0
8
7
9
9
0
0
2
2
3
0
7
9
9
4
7
5
7
12
2
8
10
2
5
8
2
9
5
15
9
9
9
8
9
11
9
0
11
0
8
11
6
11
7
9
11
7
9
9
9
21
15
8
5
9
13
6
6
13
15
4
11
7
11
5
11
9
0
6
8
7
11
9
6
9
11
13
11
6
6
8
6
7
9
8
10
5
0
0
0
0
0
6
4
7
2
4
4
6
6
6
2
6
4
6
4
9
6
4
2
4
0
2
9
6
2
4
15
4
8
7
9
8
3
8
0
4
2
6
6
4
2
4
2
6
6
2
6
2
0
2
2
18
0
2
2
2
4
0
44
2
4
9
0
4
0
4
2
12
2
0
19
2
2
2
0
2
2
2
2
38
2
2
2
17
2
2
2
2
2
2
2
2
2
2
2
4
23
4
6
2
2
0
2
2
16
2
4
11
0
2
2
4
2
2
26
2
0
2
8
2
10
10
2
2
2
2
28
10
6
2
0
4
2
2
2
24
0
2
2
10
2
2
2
2
0
17
2
4
0
0
2
4
2
30
2
2
2
2
6
0
2
8
4
2
2
2
0
2
21
2
4
2
7
2
0
2
40
0
2
2
4
2
2
4
0
2
4
2
30
2
4
13
4
10
0
4
2
0
2
4
2
0
2
2
2
6
2
4
0
21
2
2
2
2
6
2
2
4
6
24
2
2
2
17
8
4
0
0
2
2
34
2
0
2
0
2
2
2
2
0
2
2
2
2
2
0
30
0
2
2
4
2
4
2
0
2
2
2
0
2
4
17
2
2
3
4
4
2
2
17
2
0
2
0
19
4
2
2
2
2
2
0
0
2
2
21
2
10
0
2
2
4
2
2
0
0
2
0
4
17
2
4
0
4
8
19
10
4
2
2
2
2
2
0
0
2
0
23
0
2
4
0
2
0
0
2
0
2
4
2
2
4
2
5
5
13
11
17
13
11
9
0
15
5
13
9
11
13
7
5
9
11
5
11
11
15
5
15
7
15
7
7
5
2
7
5
37
13
11
5
7
7
27
9
15
7
13
3
9
5
2
11
7
5
9
13
11
7
3
5
3
5
17
9
9
13
7
21
13
5
5
21
5
5
11
13
3
9
7
7
17
7
7
11
21
9
9
9
7
13
11
9
5
5
9
5
3
15
9
9
3
9
7
11
11
15
15
11
19
13
15
11
7
41
7
9
15
7
5
19
13
9
15
9
15
13
9
7
11
19
13
7
13
13
9
13
11
11
19
21
3
23
33
9
7
17
9
11
15
17
7
9
7
13
3
7
17
7
11
15
19
5
7
7
7
7
11
9
9
7
9
7
5
9
15
7
15
9
11
13
7
5
7
13
5
11
5
11
7
9
17
5
9
7
23
15
17
13
11
17
11
9
13
15
13
9
9
11
9
9
7
5
7
7
7
5
17
15
23
11
13
5
11
15
5
5
7
3
7
11
9
7
5
13
3
7
11
15
13
7
9
11
9
11
13
5
5
9
13
3
5
13
3
5
9
7
5
5
9
5
0
1
7
2
5
5
3
2
5
3
7
2
2
3
2
3
5
5
2
5
3
5
3
3
3
3
3
2
0
2
3
4
0
7
0
6
2
0
0
6
0
2
0
4
4
4
0
0
6
0
0
2
0
0
0
0
0
8
2
0
0
0
0
2
0
2
0
4
2
0
2
0
0
0
4
0
0
0
0
0
2
4
0
2
4
4
0
0
2
2
2
2
2
2
2
0
0
2
4
6
2
0
0
4
2
2
0
0
4
6
0
4
0
2
2
4
0
4
4
4
0
4
2
2
4
0
0
8
0
0
2
4
0
4
10
2
0
2
4
0
4
6
0
2
0
6
0
0
6
4
4
0
2
2
0
0
0
2
0
2
4
0
4
0
4
2
0
4
2
0
0
0
0
2
4
0
2
0
0
0
0
4
2
2
2
0
0
2
0
0
0
2
0
4
2
0
2
4
0
8
4
4
0
2
6
0
0
4
0
10
0
0
71
0
0
6
5
4
0
4
8
2
4
0
2
0
4
4
2
2
2
2
0
4
0
0
0
4
0
2
2
2
6
2
0
4
0
0
6
2
0
0
0
0
8
6
6
2
0
0
2
2
0
0
0
2
0
2
0
2
0
2
6
2
0
8
4
4
4
0
0
0
4
0
4
8
4
0
4
4
2
4
12
0
0
4
4
0
0
2
0
0
12
0
8
2
0
0
6
0
6
4
2
0
4
0
0
0
0
0
0
2
4
2
2
0
4
0
4
4
0
0
0
0
4
2
2
2
0
0
2
2
2
2
4
2
2
0
4
4
0
0
0
0
2
0
0
0
0
4
0
2
4
0
0
2
4
0
0
2
0
0
2
0
4
2
0
2
0
2
2
2
0
0
2
2
0
0
2
2
2
4
4
0
2
0
2
2
2
0
0
2
2
0
0
0
0
0
2
2
2
2
2
2
2
2
2
2
2
0
2
0
0
2
2
0
4
0
2
0
0
0
2
0
4
4
0
0
0
0
0
0
4
0
0
0
0
4
0
2
2
0
2
0
4
2
0
2
0
2
0
0
2
0
2
4
0
0
2
0
2
2
0
2
2
0
0
2
0
4
2
0
0
6
0
0
0
2
0
0
4
6
4
0
2
0
0
0
2
0
0
0
2
0
2
0
0
2
2
4
0
2
2
6
0
2
2
0
0
0
0
2
2
2
2
2
2
2
6
2
0
0
2
0
2
2
4
4
2
0
0
0
4
0
2
4
4
0
0
0
0
2
2
0
0
0
2
0
0
2
0
0
0
2
4
4
2
2
0
4
4
2
0
0
0
2
0
0
2
4
2
2
0
2
4
0
0
2
0
0
2
4
2
0
2
2
4
2
2
0
4
4
0
0
4
4
2
42
42
29
46
39
39
24
51
23
41
24
34
16
32
32
19
44
24
26
42
30
21
33
32
28
29
34
36
33
39
25
38
30
21
24
36
31
54
40
26
35
30
23
42
24
27
20
18
44
23
43
29
38
34
22
29
37
22
31
32
29
28
49
36
27
49
31
23
31
57
29
28
26
32
34
48
31
32
18
22
45
24
26
23
40
22
24
32
27
17
38
30
37
15
22
22
21
34
37
30
34
23
21
33
39
32
23
23
51
23
34
39
41
36
29
44
26
32
26
40
36
46
32
24
19
18
27
28
43
27
28
23
27
29
25
45
31
43
29
29
26
24
19
28
33
33
30
23
69
23
37
25
28
23
32
36
38
29
36
27
34
54
33
47
41
24
23
50
62
30
41
21
32
37
21
33
72
27
30
30
32
30
30
47
36
26
58
49
46
25
29
21
62
36
40
23
34
21
18
47
39
40
33
57
46
55
31
49
50
45
39
39
26
35
48
45
41
43
38
32
36
32
38
23
27
22
43
49
40
33
50
39
43
45
62
31
20
32
19
24
23
43
32
22
48
32
33
32
47
18
47
23
26
32
32
29
31
35
34
26
55
26
17
34
28
16
40
26
77
27
45
40
35
34
51
44
30
42
30
58
41
38
55
50
36
58
24
40
19
11
30
13
13
13
15
15
16
15
22
0
12
19
17
24
20
15
15
13
19
13
21
15
13
14
15
12
33
23
19
42
21
29
17
36
15
29
36
23
17
25
11
16
33
27
10
24
27
15
17
31
33
11
32
4
65
11
29
21
25
21
25
31
16
35
28
25
25
31
27
29
13
17
25
13
19
23
13
27
19
21
61
33
16
15
26
12
35
23
15
20
23
37
29
31
40
19
19
36
19
25
23
23
28
35
19
25
34
28
23
34
50
35
36
27
9
9
38
21
29
27
23
35
51
31
26
40
40
27
31
22
38
27
44
15
13
25
39
33
31
42
33
17
23
12
2
41
30
25
35
19
54
19
29
27
25
37
21
21
30
29
23
34
25
19
21
49
38
21
31
21
13
25
22
37
50
35
27
24
35
19
25
42
38
28
17
8
14
13
11
36
25
15
29
24
15
41
31
11
9
25
15
19
37
30
10
27
33
45
21
19
13
4
19
41
21
12
9
19
36
8
24
27
11
29
9
38
16
33
37
19
11
19
29
9
23
12
23
19
21
27
21
21
21
41
15
14
17
27
21
19
15
19
25
15
25
19
25
21
27
7
25
15
24
10
23
19
21
17
11
23
19
17
15
25
19
11
17
12
17
27
20
20
13
19
9
16
0
4
0
2
6
0
0
2
0
4
0
2
0
0
4
6
0
0
4
0
2
0
6
2
0
0
0
2
4
4
2
4
0
2
4
2
0
0
4
2
2
2
2
2
0
0
4
0
2
2
4
2
6
4
4
2
2
0
2
2
0
2
4
2
8
2
0
6
0
0
6
0
0
2
2
2
4
4
0
6
0
0
6
2
2
2
6
0
4
2
0
0
2
0
2
2
0
4
8
4
2
6
0
0
0
2
0
0
2
4
2
4
4
6
4
6
2
0
0
2
0
4
0
0
0
6
2
2
0
0
6
0
0
4
2
0
4
2
2
8
0
0
0
0
2
2
0
2
2
4
0
0
0
0
0
0
0
0
4
2
2
2
2
0
0
2
4
4
0
6
4
2
6
0
2
4
0
0
8
0
0
4
0
0
8
0
2
0
4
0
0
2
0
2
2
0
2
4
4
0
0
0
6
0
0
4
0
2
2
2
0
2
2
2
0
0
0
4
0
4
2
6
4
2
0
0
4
2
2
4
4
4
0
8
2
4
2
0
2
0
0
0
2
6
6
2
4
2
2
0
8
2
0
0
0
0
4
2
2
2
2
0
0
0
0
4
6
2
2
0
4
0
0
0
2
6
0
8
4
0
4
4
4
0
0
0
6
0
2
1
5
3
0
3
5
5
1
1
0
1
3
2
13
1
7
2
3
2
4
1
4
3
0
0
5
2
4
0
3
5
5
2
3
0
1
1
3
2
3
1
0
9
4
3
5
0
11
3
0
6
1
4
7
1
5
2
0
4
0
1
6
3
9
1
2
1
1
0
2
4
0
3
0
0
5
7
7
4
5
7
0
4
5
1
1
0
0
9
4
4
1
5
4
5
6
3
0
3
2
3
1
3
2
5
5
4
3
3
5
5
3
1
0
3
2
1
1
3
0
1
5
0
3
3
1
0
7
5
1
1
3
2
5
1
11
1
3
2
1
3
5
2
1
3
0
3
9
2
0
11
4
7
3
2
0
5
3
0
1
1
2
3
5
1
1
3
2
3
1
1
1
4
5
5
3
1
3
15
3
0
1
7
2
1
1
1
1
7
3
2
2
1
0
3
0
4
0
3
1
5
4
0
3
3
1
5
1
1
5
0
1
1
0
3
3
0
7
0
5
4
0
0
0
3
0
5
1
1
3
0
1
3
3
3
7
3
1
3
1
0
3
1
3
1
3
0
3
11
5
0
5
1
3
3
3
17
9
0
1
5
3
1
3
0
0
5
3
1
1
0
3
5
1
5
0
1
9
1
0
3
0
1
3
3
1
3
2
4
2
2
4
2
2
2
2
2
2
0
2
0
4
2
2
6
2
2
2
2
2
6
2
4
2
0
2
2
0
0
2
2
0
2
2
2
2
2
4
2
2
2
4
2
2
2
0
4
2
2
2
2
4
2
2
2
2
6
2
4
2
2
2
4
0
2
2
2
0
0
4
4
2
2
4
2
2
4
0
2
2
4
2
2
2
0
2
2
2
2
2
2
0
2
2
2
2
4
2
4
2
2
2
2
0
2
2
2
0
2
2
0
0
2
4
0
2
2
6
2
2
2
2
2
4
2
4
2
0
2
0
2
2
2
2
2
2
2
2
2
2
0
4
2
2
2
2
2
0
2
0
2
0
0
2
2
2
6
2
2
2
4
2
2
0
2
2
0
2
2
2
2
4
2
2
2
0
2
2
2
4
2
2
2
0
2
2
4
2
2
0
4
2
2
0
2
4
2
2
4
2
2
4
4
2
4
4
4
2
0
4
2
4
2
0
2
0
4
2
2
2
4
2
2
2
2
2
2
4
2
4
2
2
0
2
2
0
2
2
2
2
2
2
2
0
2
0
0
0
4
0
0
0
2
0
2
2
2
2
2
2
2
0
4
2
2
2
0
0
2
2
2
4
2
4
2
2
2
0
6
4
2
2
2
2
0
