6
16
6
8
2
2
8
8
4
6
2
14
8
10
8
8
8
0
10
8
12
11
4
8
8
10
2
12
6
12
12
14
10
6
8
4
10
6
4
2
8
8
6
2
2
6
10
4
8
8
4
10
10
2
6
12
8
2
12
4
6
12
4
2
10
8
6
7
2
6
14
8
16
6
6
4
6
4
6
12
8
6
10
14
6
6
6
12
6
16
14
14
6
8
8
19
2
10
8
6
6
12
8
8
10
10
8
6
10
12
8
10
6
12
4
14
4
18
10
8
4
6
4
6
2
4
12
6
4
14
8
10
18
4
2
2
4
14
13
6
2
11
6
4
8
4
10
12
6
10
16
10
10
14
4
10
8
6
12
10
2
14
6
4
8
15
8
4
8
8
12
8
16
10
18
10
2
2
12
10
14
13
12
6
6
6
12
17
8
6
12
6
6
12
4
8
10
14
6
8
10
8
6
10
4
12
8
10
6
10
10
4
8
10
8
4
4
14
8
2
12
6
2
4
0
8
6
6
2
6
6
10
4
4
8
4
6
6
6
6
8
4
10
10
6
4
8
8
2
6
6
12
6
4
4
6
8
6
6
6
4
8
2
10
8
2
4
8
6
10
4
2
6
31
6
2
6
10
13
6
14
0
6
0
8
4
6
6
2
2
0
0
0
0
4
0
0
0
1
0
0
2
4
2
0
0
2
2
8
2
2
2
0
2
0
0
2
2
0
0
2
2
0
0
2
0
2
0
0
0
2
2
0
2
0
0
1
2
2
0
1
2
0
0
2
0
0
2
0
0
1
2
0
0
0
4
0
2
2
0
1
4
0
0
0
0
0
1
2
2
2
0
1
0
2
6
1
2
2
2
4
2
0
2
2
1
1
0
3
0
0
2
6
0
0
2
2
2
0
0
0
1
0
0
2
0
0
0
2
0
0
0
0
2
2
2
2
0
2
0
0
4
0
0
0
0
7
2
0
0
4
2
0
2
0
2
1
0
0
1
3
4
2
0
0
0
2
4
2
0
0
4
0
1
2
1
2
2
0
0
1
0
0
2
0
2
2
3
77
5
0
1
3
0
0
0
0
0
1
6
2
2
0
0
2
0
21
0
0
2
0
0
2
0
2
1
2
2
4
0
0
0
2
0
2
0
0
0
2
1
0
9
2
0
2
0
21
0
2
0
2
0
0
2
2
2
0
2
2
2
0
2
2
2
0
2
0
0
0
0
0
2
0
0
2
2
18
0
2
0
0
4
2
5
0
2
0
2
0
2
0
2
0
0
2
0
2
0
2
2
4
4
14
4
0
2
2
0
2
0
2
0
2
4
0
6
0
2
73
0
2
4
0
2
4
4
2
2
4
2
0
2
2
2
2
2
4
0
2
2
6
0
0
2
2
6
4
4
4
2
0
6
0
6
4
0
0
6
2
4
2
0
2
0
2
2
0
2
0
2
2
0
2
2
0
4
0
0
8
4
2
0
0
2
2
2
2
0
2
2
2
2
6
2
0
8
2
2
18
0
6
4
2
4
0
2
2
4
0
0
4
4
4
0
2
0
0
0
8
2
0
2
10
4
0
2
4
2
2
0
2
0
2
2
0
8
2
4
6
2
4
2
2
2
0
0
0
0
0
2
0
2
0
0
4
0
0
2
2
2
4
6
2
2
2
0
6
0
2
4
0
4
0
2
0
2
2
2
2
2
2
4
0
0
2
0
2
2
2
4
6
0
2
2
4
0
4
2
0
0
2
2
4
0
0
2
0
4
4
4
4
6
0
6
60
4
4
2
2
0
4
4
2
4
6
4
2
2
0
2
4
4
0
0
2
2
0
0
0
2
0
4
6
2
4
0
4
0
6
0
0
6
4
2
0
2
2
4
4
2
2
2
8
4
12
2
2
2
2
2
0
2
2
2
2
8
60
4
2
4
0
2
8
2
2
2
4
4
0
0
2
49
0
6
51
65
47
50
42
67
58
46
44
50
54
68
59
51
55
50
49
41
55
44
69
77
62
53
53
49
58
53
39
66
70
47
47
61
59
53
65
47
55
41
41
61
62
43
40
64
35
72
54
56
57
45
28
55
70
43
32
56
47
44
81
38
65
37
36
65
66
39
44
50
38
66
63
68
49
35
38
68
46
47
38
62
34
68
64
75
60
46
81
67
67
47
64
72
65
65
38
70
66
43
34
51
55
39
59
46
79
71
71
60
52
46
45
78
54
43
48
57
73
56
58
64
61
72
48
64
71
49
40
45
47
62
60
72
58
35
52
51
56
41
47
46
58
61
58
75
61
50
34
57
55
36
46
61
60
66
59
65
60
22
25
51
42
60
27
30
65
79
43
75
83
37
40
49
48
31
38
39
71
56
54
48
59
32
44
38
30
41
45
28
49
63
66
32
77
46
49
74
47
26
39
51
38
81
78
86
48
44
45
51
79
29
24
36
49
46
89
83
47
44
61
46
79
41
40
66
75
51
49
51
47
87
42
88
35
44
90
49
56
83
47
87
45
47
46
47
48
46
44
53
59
87
77
49
49
46
48
72
49
33
32
57
52
49
49
89
46
45
47
47
78
54
42
72
70
64
67
43
72
41
45
49
52
45
37
94
91
64
4
11
8
6
14
8
17
8
9
11
4
4
21
5
11
9
6
6
15
8
8
8
9
8
11
6
6
4
8
9
8
10
4
14
12
12
8
9
6
6
6
6
4
4
8
9
2
6
11
8
2
2
8
4
4
11
12
7
15
6
8
4
10
9
6
6
7
6
6
11
8
11
8
4
8
4
6
9
4
4
6
13
9
8
6
4
8
6
12
9
6
6
10
6
11
4
12
13
8
13
8
6
14
22
9
11
21
9
14
9
8
7
11
6
8
8
4
12
4
15
8
7
4
15
13
6
10
17
8
4
7
17
15
8
12
10
10
9
8
4
2
12
7
9
21
8
8
15
6
14
15
10
9
25
8
8
11
9
17
23
12
13
9
8
8
7
21
15
6
6
4
14
8
19
8
10
19
19
15
6
17
5
23
10
9
8
10
19
4
13
23
4
12
11
4
22
6
9
10
23
8
8
13
19
6
4
21
9
4
16
6
23
21
11
12
17
17
6
10
9
8
8
4
8
8
8
27
19
14
17
19
13
21
12
11
15
8
8
4
4
8
19
4
8
8
15
4
14
12
8
17
6
7
8
6
8
15
6
2
11
17
11
17
6
17
8
17
7
15
4
9
8
8
4
11
11
19
11
8
18
10
11
4
2
2
8
8
6
0
6
8
12
10
8
2
2
4
6
10
6
18
0
2
4
10
6
2
8
2
2
12
10
8
10
10
18
6
6
12
2
0
8
14
12
8
2
0
12
2
8
8
10
2
4
12
8
20
8
2
8
2
6
8
10
6
8
8
2
10
8
12
16
10
12
10
10
2
6
12
6
2
10
4
4
6
8
10
8
6
6
2
6
2
4
10
4
4
10
2
6
6
6
6
10
14
10
0
10
4
10
2
2
12
8
10
6
21
18
4
2
6
12
8
8
6
6
2
4
10
8
14
13
8
4
6
6
4
8
4
2
8
4
10
12
4
6
2
2
16
4
6
12
2
2
2
4
6
6
8
0
6
10
8
6
2
8
4
8
2
4
6
6
4
12
4
8
2
2
6
6
6
8
4
6
4
8
12
8
10
4
0
2
16
6
12
4
16
6
4
0
6
6
16
4
2
10
2
12
8
14
6
6
4
29
2
12
8
4
8
16
8
2
6
10
8
4
6
8
6
2
22
8
6
4
8
8
4
0
4
10
8
18
8
2
0
2
12
8
12
4
14
21
2
4
12
10
4
6
4
0
6
6
6
8
6
6
2
2
8
16
14
6
4
6
6
6
8
6
8
8
12
10
2
10
8
4
8
2
8
2
2
4
4
8
12
4
25
7
9
11
13
16
24
9
13
9
13
6
11
23
5
6
8
2
2
8
8
13
11
15
15
15
15
13
11
15
20
40
13
34
8
32
8
19
13
9
15
30
31
11
25
13
17
29
19
13
8
11
11
11
13
17
6
13
9
10
15
9
7
11
17
22
9
19
23
11
6
9
17
0
0
0
0
0
0
0
0
0
0
0
0
0
0
0
0
0
0
0
0
0
0
0
0
0
0
0
0
0
0
0
0
0
0
0
0
0
0
0
0
0
0
0
0
0
0
0
0
0
0
0
0
0
0
0
0
0
0
0
0
0
0
0
0
0
0
0
0
0
0
0
0
0
0
0
0
0
0
0
0
0
0
0
0
0
5
4
6
6
9
11
9
6
10
19
13
6
4
8
13
8
17
8
15
6
11
15
15
8
24
20
6
15
15
21
13
32
13
9
19
19
11
11
12
11
15
2
13
10
4
15
13
4
10
10
15
21
2
6
4
19
19
8
6
9
6
13
6
19
17
8
15
7
15
12
19
17
9
13
13
23
11
15
8
15
19
17
8
8
13
17
6
8
17
9
11
11
10
15
17
5
19
9
6
11
13
8
11
13
10
4
17
13
9
9
9
11
8
13
15
9
11
23
8
9
39
19
15
13
11
11
11
17
11
15
6
4
6
6
18
12
12
8
24
2
10
10
2
0
41
6
8
24
4
8
4
8
12
10
8
8
4
4
8
10
8
2
8
6
8
14
8
2
22
20
6
2
20
6
8
14
12
6
10
10
6
2
8
14
8
35
8
20
8
24
20
10
16
8
37
20
14
18
20
14
8
14
43
18
12
18
22
16
14
12
20
23
18
4
27
6
18
16
16
18
18
39
10
14
16
18
19
10
12
16
14
18
8
18
18
20
14
22
14
20
25
14
18
20
35
24
45
12
27
22
20
18
35
41
31
16
20
24
24
37
14
25
16
20
43
24
24
20
27
25
31
14
14
18
12
39
39
24
20
26
14
41
18
24
14
27
8
35
59
45
16
61
33
27
47
37
12
14
18
39
18
20
20
37
31
31
23
27
33
8
16
18
18
18
25
20
8
31
16
31
41
18
20
20
8
12
6
10
14
10
14
6
18
23
35
22
11
17
41
57
16
25
19
31
10
14
19
29
35
21
8
14
12
14
39
22
16
14
14
16
8
12
14
16
10
14
37
14
42
50
0
19
2
20
14
6
8
0
13
21
16
10
6
18
8
8
19
19
14
12
8
10
33
25
12
16
15
10
14
17
12
33
13
12
6
15
19
25
13
12
16
43
15
16
13
17
8
14
10
8
13
12
7
11
19
9
13
15
15
9
13
10
13
22
10
12
19
11
10
16
12
19
12
12
10
8
12
10
10
8
14
13
19
12
15
11
14
13
11
23
10
9
17
12
12
12
12
21
8
12
15
10
17
13
12
13
17
15
11
25
17
20
12
16
19
11
10
13
19
19
10
11
13
15
11
10
8
6
13
10
19
16
11
15
12
15
9
8
13
8
10
10
6
16
12
15
6
13
17
12
15
19
8
10
13
17
8
19
15
13
17
13
11
8
12
19
10
14
13
69
13
15
11
13
10
12
19
17
30
17
10
17
8
9
15
13
13
11
27
10
8
11
17
15
19
11
13
23
8
26
15
15
15
25
13
15
10
12
11
8
8
15
11
12
6
12
15
15
13
11
4
27
8
23
6
4
8
10
8
8
8
10
15
17
15
4
7
12
10
15
7
9
14
17
15
9
6
6
7
19
8
4
12
11
13
17
13
13
14
10
8
6
10
19
4
9
10
6
12
4
4
8
8
6
12
8
2
9
6
4
15
8
6
9
4
9
13
6
22
65
11
20
13
4
6
7
9
6
8
13
6
5
12
17
6
17
8
9
11
10
11
15
13
8
15
18
13
9
10
8
11
8
8
7
31
12
8
14
7
8
11
11
12
9
19
24
11
9
9
5
5
1
1
5
3
7
1
13
5
5
9
5
3
7
5
3
5
5
3
3
3
3
3
5
5
3
1
5
3
1
9
3
1
5
5
5
1
3
1
3
3
7
9
1
11
5
5
3
3
3
3
0
5
3
7
9
3
7
5
7
3
7
3
5
7
5
7
13
1
7
9
3
9
7
0
7
11
3
15
13
9
7
5
3
7
7
7
3
9
7
7
3
7
3
7
7
11
1
13
5
3
5
7
5
7
3
5
0
5
3
7
5
5
3
7
3
3
5
7
9
3
14
3
1
3
3
3
5
5
3
0
0
7
3
5
9
11
3
7
5
11
5
11
1
5
12
9
11
3
5
3
9
1
7
5
5
1
9
5
9
5
1
7
5
1
3
0
1
0
3
3
3
3
1
15
13
20
3
7
3
3
1
5
0
13
5
0
3
3
5
13
7
9
9
5
7
7
7
3
11
3
7
7
7
9
1
3
7
3
0
3
3
3
5
5
5
3
3
5
13
9
11
7
11
11
9
7
7
9
13
9
7
3
5
5
5
3
7
3
1
1
3
3
1
7
7
9
5
9
13
3
3
5
7
9
13
3
1
7
5
5
3
3
1
1
3
3
11
1
13
5
3
3
5
3
1
7
3
5
5
9
5
7
9
