34
29
38
37
37
34
33
37
37
36
36
36
32
36
35
38
37
33
34
36
35
35
22
27
32
35
38
36
37
27
37
35
38
36
32
27
35
32
37
37
29
28
36
33
36
37
36
31
34
37
37
36
29
34
32
36
32
30
35
35
36
37
36
37
32
34
31
29
35
32
35
35
34
37
36
33
31
35
35
34
35
35
24
28
35
29
36
26
23
35
29
34
29
36
28
32
35
36
29
28
29
26
37
37
36
37
32
36
36
34
38
35
30
34
36
37
35
36
29
36
36
24
35
33
27
35
26
35
36
36
36
36
35
35
33
35
24
34
33
36
34
34
26
34
35
27
31
30
26
35
27
36
36
30
29
30
34
37
36
29
25
34
37
27
36
29
34
31
35
36
30
28
26
33
35
36
27
30
31
31
37
37
36
32
26
29
30
35
31
35
36
31
34
25
31
34
25
34
37
36
33
35
36
37
31
34
32
24
30
32
34
35
27
31
36
35
37
35
26
36
26
35
34
30
28
36
35
28
35
33
25
36
24
33
31
35
32
33
35
37
35
34
33
31
26
33
31
33
33
31
22
34
36
35
31
33
27
30
35
31
30
35
37
36
34
32
32
32
33
35
37
30
36
28
37
32
37
21
35
37
36
34
36
28
36
38
32
36
6
6
0
0
2
2
4
0
6
2
4
0
0
2
4
2
2
0
2
4
2
0
0
0
2
2
0
6
2
0
2
2
2
4
4
2
2
2
4
0
2
2
4
8
0
0
4
2
6
6
4
4
2
2
8
2
4
6
8
6
6
2
2
4
6
2
4
2
4
6
2
2
4
8
2
4
6
4
4
6
4
8
4
4
8
0
8
6
4
2
6
6
6
8
10
4
10
6
4
4
8
8
6
12
6
6
2
6
6
4
6
4
8
6
6
4
6
8
8
4
4
4
6
6
6
6
10
10
4
6
6
8
2
6
8
8
4
6
8
10
4
4
8
10
6
8
8
2
8
10
6
6
10
12
8
6
6
10
8
10
12
10
6
4
8
10
8
4
10
8
6
8
6
8
12
8
10
10
6
2
6
6
6
8
10
8
6
8
10
4
8
6
4
8
6
4
8
4
4
6
21
4
4
8
4
6
8
10
6
37
4
8
8
4
6
6
4
8
6
6
2
6
6
4
6
4
8
2
8
4
2
4
6
6
4
6
4
6
4
4
4
6
6
4
0
4
8
4
8
4
4
2
2
2
6
6
2
4
6
2
6
0
2
6
2
2
0
4
6
0
2
4
4
4
0
2
2
4
6
4
2
2
2
4
4
0
2
2
2
2
0
0
4
0
0
2
0
0
12
2
2
2
2
0
0
0
4
12
0
0
0
0
0
0
0
2
0
2
2
2
0
0
2
2
2
0
0
10
9
6
6
6
0
4
0
6
2
4
6
6
2
4
6
4
6
2
4
2
6
6
2
4
4
6
4
4
0
4
4
2
2
6
4
2
4
8
4
2
2
2
4
4
4
6
6
6
4
2
4
4
6
4
4
4
2
2
2
2
6
4
2
4
8
4
8
4
0
0
2
2
0
2
2
13
2
0
13
2
0
17
2
2
8
6
2
0
11
0
0
23
0
4
11
2
13
2
2
11
0
0
13
2
15
11
0
6
11
2
15
14
2
11
12
2
0
11
0
0
2
2
14
0
0
7
2
15
0
4
2
0
0
0
8
0
0
13
0
11
2
19
13
0
9
17
0
7
0
2
9
2
15
0
0
13
7
2
8
2
0
13
2
0
11
0
2
15
0
2
0
4
13
4
2
4
0
21
11
2
9
0
0
15
9
0
0
10
0
11
0
0
15
0
25
11
0
7
2
12
11
0
11
2
0
0
15
11
0
0
15
2
0
10
2
2
2
0
2
4
0
0
2
11
0
2
9
8
12
17
4
5
4
8
2
15
2
0
13
4
0
4
17
2
2
2
0
0
6
2
2
4
7
6
4
0
2
6
2
6
4
4
2
2
2
28
4
2
4
6
6
4
4
0
4
7
4
2
2
6
6
8
4
9
9
6
4
8
6
2
6
7
4
6
7
9
4
6
8
9
11
8
6
9
13
4
5
6
4
8
11
7
9
4
8
9
7
7
6
8
9
8
9
7
4
6
6
4
5
2
6
4
9
2
9
4
6
4
4
6
2
2
6
6
4
6
4
4
4
6
2
2
4
2
8
2
6
2
6
7
6
8
4
2
9
6
7
7
4
2
9
9
6
9
9
6
11
9
6
11
8
9
6
9
6
17
9
7
13
11
2
8
8
9
8
8
11
9
10
4
9
6
7
9
9
4
7
14
11
4
13
13
9
5
9
7
6
9
11
9
9
6
13
11
18
13
4
13
7
6
10
14
9
9
11
7
11
26
9
6
9
11
13
7
9
11
9
11
9
5
16
8
13
4
6
17
6
13
6
11
9
13
4
11
4
7
9
13
9
6
9
9
11
6
9
11
13
11
9
4
6
6
7
6
6
6
6
6
9
8
9
7
4
8
4
9
4
8
8
8
9
8
7
6
6
6
4
6
5
6
5
9
8
9
4
4
21
4
6
7
13
9
4
4
6
43
9
4
7
9
6
7
4
4
6
4
53
94
39
33
58
63
94
61
40
35
36
31
44
39
47
26
29
68
45
46
42
40
31
49
47
48
39
34
36
36
43
31
31
46
77
45
50
49
55
44
34
43
65
43
47
96
63
47
48
47
47
44
46
39
54
33
49
47
47
46
53
49
67
46
40
47
57
44
24
54
60
42
46
42
49
45
48
49
47
39
39
46
44
48
49
51
69
52
46
90
51
46
34
51
49
45
49
74
79
48
49
45
46
45
48
49
33
42
49
49
90
46
45
49
44
42
36
48
49
44
45
46
49
41
42
39
33
36
46
62
56
24
33
35
49
46
46
47
36
46
48
63
35
36
48
44
47
29
52
33
46
30
36
62
53
48
55
47
43
39
41
65
46
42
29
64
81
61
75
48
82
36
29
50
59
42
33
43
69
80
48
54
66
42
44
47
87
46
43
49
47
38
32
84
44
43
25
45
37
38
42
49
47
39
58
56
47
45
32
34
47
40
25
85
49
37
71
49
49
62
46
45
47
44
40
55
47
44
42
47
50
45
42
31
47
41
32
50
90
46
68
65
83
50
43
61
64
47
48
63
62
42
45
47
36
44
38
44
58
33
42
42
49
37
35
77
49
44
45
56
47
44
47
47
64
44
36
46
58
67
30
77
64
54
38
62
70
33
2
0
2
0
0
2
2
0
0
0
0
4
4
4
2
0
0
2
2
0
0
0
2
2
2
2
2
2
2
2
6
2
2
0
4
2
0
0
0
0
0
2
0
2
0
0
4
4
2
0
4
2
0
0
0
2
0
2
2
2
0
0
2
2
2
0
2
2
0
0
0
4
4
2
0
2
2
0
2
0
2
2
2
2
2
0
0
2
4
0
2
0
2
0
2
2
0
2
0
2
2
0
2
2
0
2
0
2
2
0
0
2
0
2
2
2
0
0
2
2
0
0
0
0
0
0
2
2
0
0
2
0
0
2
0
2
2
2
0
0
0
2
2
0
0
0
0
2
2
2
0
0
2
2
0
0
0
4
2
0
0
0
2
0
2
2
2
0
2
0
0
4
2
2
2
0
0
0
2
0
0
0
2
2
2
2
0
2
0
0
2
0
0
2
0
0
2
0
2
2
0
0
0
0
0
0
0
0
0
2
2
4
2
2
0
0
0
0
2
2
2
2
2
2
2
0
0
2
2
0
0
2
0
2
2
2
0
0
2
0
2
0
4
0
2
2
0
0
0
2
2
0
2
2
0
0
2
4
0
0
0
2
2
2
2
2
2
0
0
0
0
0
0
0
0
2
0
2
0
0
2
0
0
2
0
2
2
0
14
0
6
4
15
14
18
12
12
4
12
8
6
10
8
10
8
8
10
12
10
12
6
10
6
12
10
12
14
16
6
8
8
12
6
10
12
10
12
12
6
6
14
10
23
12
16
8
14
12
12
10
12
16
6
12
10
6
14
18
25
10
4
6
18
18
14
21
8
18
12
8
10
6
6
10
6
8
10
18
21
20
8
12
16
10
10
4
12
8
16
29
10
2
21
20
25
14
14
16
8
18
10
12
23
4
20
8
12
10
14
20
14
20
18
14
8
25
16
14
10
10
18
23
20
16
12
21
22
16
31
18
16
27
27
18
10
47
19
6
21
4
6
14
25
16
12
6
21
18
19
12
29
51
18
14
14
25
25
14
8
6
16
25
18
2
6
8
4
12
6
18
10
16
12
10
12
16
14
6
20
14
16
6
21
6
12
10
14
16
4
14
10
21
10
19
16
15
19
10
4
12
10
20
18
12
19
18
12
10
14
16
16
25
64
25
12
16
18
12
14
14
8
10
10
14
10
12
16
10
10
6
10
6
23
4
14
12
10
8
12
8
14
6
8
12
14
12
20
6
12
8
16
8
8
12
8
8
8
10
10
6
6
14
8
14
8
10
10
6
16
20
14
8
12
8
12
6
4
6
10
12
12
14
8
14
8
10
6
4
3
4
2
7
6
10
4
4
2
2
6
2
6
7
7
2
9
4
4
6
2
4
4
6
6
8
2
0
4
2
4
15
6
4
5
4
2
8
12
4
6
8
11
10
8
6
4
4
9
10
7
6
4
5
6
5
6
6
4
13
8
6
7
6
6
10
8
6
2
2
4
6
4
6
5
8
6
7
7
4
6
8
6
4
8
6
8
8
7
4
2
6
4
6
8
10
4
4
4
6
8
4
4
6
11
6
11
6
7
6
10
8
6
4
6
4
4
4
11
4
6
6
7
8
6
9
6
8
5
6
2
2
10
4
14
6
6
13
10
4
4
4
8
4
8
8
13
8
9
9
6
6
8
17
10
13
13
6
6
12
6
6
2
6
6
4
4
8
13
9
21
9
4
8
8
7
4
4
6
2
7
6
6
6
4
7
4
11
8
2
9
9
10
2
6
2
6
9
19
8
4
2
8
10
7
6
11
7
10
6
13
10
8
4
6
15
6
6
4
8
11
11
6
17
9
2
4
11
13
6
8
10
9
6
4
9
11
6
4
10
8
10
6
4
9
6
4
11
6
4
4
4
10
10
2
4
8
8
8
6
8
6
4
6
7
8
2
4
6
6
4
4
4
8
10
7
6
6
10
6
8
8
4
6
9
4
6
2
6
2
2
6
4
8
4
4
8
10
6
2
4
4
6
4
4
10
6
8
6
0
8
8
10
4
4
2
4
8
8
12
2
2
10
8
12
8
2
2
4
6
6
8
2
4
4
8
12
2
4
4
6
6
6
12
6
4
12
4
8
6
2
2
2
6
12
6
4
2
2
4
10
6
4
6
4
6
10
23
12
4
4
2
2
8
4
6
2
10
8
6
4
14
8
6
0
2
8
10
8
4
4
2
12
6
4
4
2
2
4
4
2
4
10
12
4
4
2
8
8
4
2
2
2
6
6
4
4
2
2
10
2
9
13
4
2
8
10
12
4
2
4
6
8
6
2
4
0
4
2
2
11
2
4
4
10
2
2
4
8
6
4
2
2
4
10
6
2
6
4
6
4
10
8
2
4
4
8
12
12
2
2
4
6
17
6
4
2
2
4
3
0
2
4
25
10
8
0
2
8
6
8
4
4
4
4
2
4
10
10
4
4
2
4
4
2
4
2
6
6
4
6
8
4
12
2
2
0
4
4
4
8
6
2
4
2
4
4
4
4
4
4
2
4
4
4
8
2
4
6
2
10
4
4
6
4
4
4
2
4
4
2
8
2
2
6
4
4
2
2
2
6
8
6
2
2
4
4
4
2
6
2
4
4
2
5
5
7
11
7
7
11
11
5
10
9
9
9
7
9
11
7
9
9
11
7
7
11
7
10
9
5
11
10
11
9
7
9
13
13
7
7
9
9
11
9
7
9
9
7
9
7
9
5
11
9
9
5
7
11
9
11
9
7
9
9
5
9
13
7
7
7
13
5
11
3
13
9
9
7
5
13
7
5
7
9
5
11
11
9
11
9
5
11
13
13
12
9
7
7
5
7
13
0
7
11
5
7
13
9
13
9
9
9
5
7
5
7
9
5
7
11
11
7
7
7
9
3
11
9
9
13
15
5
11
7
5
11
11
9
7
7
14
9
13
5
7
1
9
1
5
9
9
7
11
7
9
9
7
7
5
9
9
9
7
5
9
11
13
7
5
11
3
9
3
5
7
11
14
11
5
9
7
7
7
13
11
9
11
9
10
7
3
5
7
11
7
9
9
9
9
7
7
9
9
5
13
7
5
7
12
9
9
11
5
7
9
7
3
11
8
7
9
10
11
9
8
11
9
10
9
7
9
7
7
13
5
9
9
9
5
11
5
7
7
12
10
7
11
7
9
5
7
7
5
10
9
11
7
9
11
7
11
9
9
5
5
5
5
11
7
7
11
11
5
9
11
3
14
5
11
9
5
9
13
13
7
7
11
3
9
7
5
