0
4
0
0
6
0
0
4
0
0
0
2
2
2
0
0
0
2
2
2
0
0
0
2
0
4
0
0
0
0
0
2
0
0
2
0
2
2
0
0
0
0
2
2
0
0
0
2
0
7
0
2
4
0
0
2
2
2
4
0
0
2
0
2
0
2
0
4
4
0
0
2
2
0
0
2
0
0
2
0
2
0
0
0
2
0
0
2
4
0
0
0
6
2
4
2
2
2
0
2
0
0
2
2
0
5
2
2
2
4
0
4
4
0
0
0
2
0
2
2
4
4
0
0
0
4
0
0
0
2
4
0
0
0
4
6
4
0
2
0
2
2
0
6
2
0
0
0
0
0
0
0
2
2
2
2
2
0
0
2
0
2
0
0
2
0
2
4
2
2
0
2
2
2
0
2
0
0
0
0
2
0
5
4
0
2
2
4
2
0
0
0
4
0
0
4
0
7
0
4
4
2
0
4
2
4
2
4
0
8
0
2
0
4
2
4
8
0
2
2
0
0
0
0
2
2
0
0
0
0
2
2
0
0
2
0
0
2
0
2
0
4
2
2
2
2
2
2
2
6
0
0
8
2
0
0
2
2
2
2
0
0
4
4
4
2
0
0
0
2
2
4
0
4
2
2
0
0
2
0
0
0
2
0
0
2
2
2
4
6
2
7
9
2
8
6
4
0
4
9
2
2
4
4
4
2
0
2
2
0
2
0
2
2
2
3
0
2
2
2
4
4
6
0
2
0
4
0
6
2
4
6
8
2
5
15
4
4
6
8
6
2
4
2
8
6
2
7
2
0
4
0
2
4
4
6
3
9
6
4
7
0
8
4
7
6
6
4
8
2
6
4
5
7
6
6
16
6
6
6
0
11
21
4
11
0
11
9
6
19
9
6
11
7
8
9
4
17
4
9
4
5
3
4
7
5
7
3
9
6
7
5
6
13
9
12
11
9
8
7
9
9
13
0
11
11
21
10
8
4
9
8
8
3
27
0
4
6
11
4
11
7
8
11
11
22
7
15
0
4
7
11
8
11
6
13
5
4
0
7
6
13
10
9
6
4
9
4
11
8
6
4
9
15
13
9
6
6
6
8
7
6
8
9
8
8
6
10
8
6
19
11
9
7
7
12
11
8
9
4
7
4
5
8
8
4
9
6
8
8
7
14
6
8
6
9
10
8
6
11
4
2
6
6
5
6
9
9
4
4
8
9
4
6
8
2
2
9
8
6
2
0
4
6
2
6
7
2
3
4
11
4
2
8
4
4
4
6
5
2
6
2
2
4
5
4
2
2
2
4
5
2
3
4
4
4
2
2
2
0
0
2
4
2
4
2
4
4
4
4
2
2
4
2
10
0
8
0
0
2
4
0
4
0
4
2
9
0
2
0
8
4
4
2
6
2
0
0
6
2
0
4
2
2
4
0
2
2
2
0
10
0
0
8
0
0
2
0
0
2
2
2
2
4
2
2
0
0
4
4
2
2
2
2
0
2
4
0
2
4
2
2
0
2
2
4
8
2
0
8
0
8
0
4
0
4
2
9
2
0
8
2
8
2
6
4
0
6
0
4
0
0
4
6
2
4
2
6
0
2
7
6
0
4
2
4
2
2
4
2
0
0
2
4
2
4
6
8
4
2
6
6
4
2
9
0
4
0
4
2
4
2
4
0
6
2
2
54
2
6
2
6
8
4
10
6
4
0
6
0
0
2
0
2
77
4
0
2
4
0
6
6
2
0
2
2
0
4
4
2
0
11
0
2
2
0
2
2
0
0
0
0
0
2
0
0
2
3
2
4
8
2
6
2
0
2
2
0
0
2
4
0
2
0
2
4
2
4
0
2
2
2
2
6
8
4
2
8
4
2
4
6
4
2
4
2
2
2
0
0
4
4
4
0
0
2
4
0
2
2
0
6
4
2
2
0
2
0
6
0
0
0
2
2
2
4
6
4
6
2
2
0
4
0
4
5
0
5
7
9
11
3
2
15
15
2
11
4
7
4
4
6
5
7
5
5
2
5
0
5
4
9
0
4
2
5
5
0
2
4
5
2
2
7
5
5
2
4
2
4
5
9
4
1
2
5
4
5
7
4
4
6
0
5
4
3
6
4
0
11
4
4
2
7
4
4
4
6
4
4
5
2
7
5
7
19
4
3
0
2
7
2
4
6
7
7
4
0
19
2
6
4
11
0
7
7
1
9
3
1
2
7
4
3
5
7
4
9
2
4
6
4
4
4
7
2
2
2
4
5
2
2
4
4
2
2
2
6
4
11
6
5
2
5
2
4
7
2
4
11
4
4
2
6
4
5
9
2
11
4
2
9
7
5
6
2
6
11
2
4
9
4
3
0
4
6
4
11
5
2
7
2
4
9
7
5
0
6
7
13
11
5
4
4
2
4
6
4
4
6
7
7
5
7
2
2
5
7
4
9
4
2
0
3
9
2
7
7
2
5
9
2
2
4
2
4
5
5
2
6
2
6
5
4
5
0
7
5
11
0
11
7
3
5
7
9
2
2
2
4
5
2
2
2
2
7
13
3
5
2
0
0
7
7
4
1
4
3
2
2
3
5
3
7
11
2
4
6
7
2
5
7
7
4
2
2
1
4
2
5
0
2
11
29
15
15
11
17
13
15
15
17
13
15
19
15
19
17
11
15
17
13
15
17
15
38
17
13
7
31
17
11
15
13
11
15
13
29
25
15
15
25
21
9
17
15
13
17
15
15
23
15
9
15
15
15
13
15
25
15
15
13
15
21
17
19
15
15
9
13
15
21
19
7
15
15
15
21
13
31
13
21
17
17
17
15
15
15
17
15
27
13
9
15
13
15
15
15
13
9
19
13
21
13
15
11
15
15
15
13
15
15
15
15
9
13
23
15
13
17
17
15
15
15
13
15
13
17
13
13
15
13
15
13
15
13
15
11
15
15
15
13
11
15
15
13
15
13
17
15
17
15
17
11
13
15
17
11
17
17
35
13
13
7
37
27
15
13
19
15
23
17
15
13
11
7
35
9
29
13
15
9
15
17
15
13
13
15
15
13
19
13
17
13
17
17
15
13
17
11
15
13
15
15
13
15
15
13
13
21
23
15
17
17
15
7
17
9
13
29
21
15
17
13
13
13
13
13
13
11
17
35
15
15
15
13
13
13
11
39
15
15
21
15
17
11
11
3
15
9
15
17
15
17
17
17
11
15
15
15
13
21
15
15
19
13
17
13
15
15
13
13
17
21
15
13
11
15
15
17
11
11
15
17
13
15
13
13
11
15
6
4
13
19
25
4
4
8
4
2
19
4
2
15
12
14
2
4
19
2
4
2
2
2
2
2
4
6
29
2
2
16
2
13
4
2
2
17
20
6
2
21
2
4
2
4
2
2
23
24
2
15
2
2
16
4
4
4
2
0
6
2
2
4
25
4
2
4
4
13
2
15
9
4
2
6
2
2
2
6
8
15
25
2
6
13
4
29
2
6
2
21
2
4
2
6
11
16
2
6
0
23
2
2
4
8
12
4
2
19
15
4
4
16
19
8
8
2
17
4
15
11
14
0
2
4
10
17
2
0
21
6
6
4
15
11
4
4
16
6
4
0
19
12
4
2
13
12
17
4
6
4
19
0
10
14
19
6
2
2
16
0
13
2
2
6
21
2
2
2
0
8
28
17
19
4
6
6
6
22
4
17
19
23
6
2
4
4
17
19
4
29
23
2
2
2
15
8
2
2
4
17
6
4
4
6
16
2
18
4
4
4
15
16
20
4
2
17
4
2
15
21
4
6
2
23
4
2
14
21
0
2
12
0
2
0
2
4
16
13
2
4
17
18
19
2
4
6
4
30
15
2
6
17
4
25
4
14
8
2
17
4
4
15
4
0
2
17
11
2
4
4
13
2
11
4
8
17
13
6
2
4
17
4
12
2
4
4
0
6
0
0
0
44
0
0
6
4
2
10
0
0
0
2
0
4
0
4
2
8
0
8
0
2
2
8
0
2
0
2
8
0
0
0
0
0
0
4
2
4
0
2
0
0
0
12
2
0
2
4
4
10
0
0
0
0
4
0
6
0
0
0
0
2
0
0
0
4
0
2
0
0
0
0
0
74
0
0
0
8
6
2
0
0
0
2
0
0
6
2
0
6
80
2
0
4
0
0
4
0
0
2
6
8
0
0
2
0
45
5
6
0
0
0
4
0
2
0
0
0
0
0
2
55
2
0
2
0
0
0
0
2
2
4
2
2
2
2
2
2
0
5
2
4
6
0
0
0
0
4
0
8
2
4
0
2
2
4
0
2
0
6
4
2
0
2
6
2
2
6
2
2
4
0
0
4
2
4
4
68
2
7
0
2
2
2
2
2
4
6
0
4
2
5
2
6
4
2
2
6
0
2
2
0
0
0
4
2
0
6
0
0
0
0
0
0
0
4
0
4
4
2
6
0
6
0
0
4
2
2
4
0
48
0
0
0
6
2
4
0
4
0
4
0
0
2
6
4
2
0
2
0
0
2
8
0
4
2
0
4
0
4
3
4
0
8
4
2
0
0
72
2
0
4
0
6
4
2
0
0
2
6
0
8
0
0
1
9
7
7
1
1
5
9
1
1
0
0
1
7
1
1
3
5
5
1
11
9
3
3
3
7
9
1
0
0
0
7
11
11
0
1
1
0
9
1
1
0
3
1
0
0
1
3
1
7
7
0
0
0
1
9
3
0
3
5
9
7
0
3
3
9
0
3
3
1
0
0
1
1
1
11
11
11
9
3
7
7
1
0
45
0
0
0
0
7
9
5
1
0
1
0
5
44
0
1
7
1
7
3
0
38
1
11
28
0
5
5
0
13
1
0
0
1
0
7
0
1
1
7
25
1
9
1
0
1
1
5
3
41
0
1
1
5
0
1
7
0
15
0
0
5
0
0
7
1
1
1
0
1
9
0
1
5
1
0
11
1
15
1
92
0
5
5
3
21
11
9
3
9
1
1
1
7
0
7
7
5
7
9
0
5
1
41
1
11
11
3
94
7
7
1
0
3
9
9
34
1
3
0
9
41
1
0
3
0
1
1
1
5
5
1
11
5
0
1
7
0
1
0
5
3
1
5
1
1
0
1
7
0
38
1
1
33
0
9
5
1
46
3
1
5
7
7
7
9
3
1
7
7
1
9
1
1
1
1
13
1
11
13
3
9
1
7
0
9
11
1
1
44
9
7
1
1
5
0
3
15
1
7
1
1
0
11
7
11
14
7
9
11
9
5
15
13
11
7
9
14
9
11
11
7
5
7
15
13
13
9
9
15
13
11
13
15
13
7
9
17
15
15
9
9
7
7
7
11
7
7
13
11
15
15
15
11
13
11
7
13
13
2
5
11
9
11
13
9
9
7
9
5
13
9
7
11
7
11
15
15
17
13
9
15
13
4
11
17
5
17
15
13
15
15
13
7
5
7
13
15
15
13
9
7
9
17
13
13
17
4
9
8
15
11
17
13
9
8
9
13
13
4
15
13
13
15
9
9
15
6
5
15
15
5
11
7
11
7
7
11
11
6
17
13
9
5
9
4
13
7
5
15
13
6
7
15
15
7
9
11
17
7
7
15
15
15
13
17
15
7
11
11
13
9
7
11
11
7
11
17
13
5
15
13
11
4
9
13
11
7
7
13
9
4
6
15
9
9
7
4
4
9
7
9
11
7
11
15
9
9
11
9
7
15
9
9
13
11
2
9
9
9
2
6
5
13
11
13
9
4
9
13
15
9
15
7
5
5
9
6
9
6
5
11
17
11
13
13
9
13
7
9
17
5
7
13
13
9
9
7
15
15
4
13
15
9
9
7
11
13
15
7
7
7
9
13
17
5
4
15
15
13
2
6
9
15
11
9
15
2
11
15
11
15
7
18
15
6
11
9
2
22
4
21
52
35
73
30
10
4
2
9
4
6
6
13
24
6
11
26
9
9
11
2
17
11
21
2
6
13
0
9
8
29
9
11
9
9
30
13
4
0
6
7
4
6
4
22
6
35
15
6
4
27
18
6
6
2
2
9
12
6
0
7
7
8
4
17
4
10
11
17
6
6
15
11
11
9
68
6
15
11
6
17
4
2
4
17
11
26
41
9
4
0
6
2
65
6
29
4
58
4
9
7
11
6
2
13
15
6
8
0
17
2
11
13
0
8
7
4
5
6
6
38
21
6
2
4
4
21
13
28
6
10
18
4
7
7
6
0
2
8
6
13
4
4
6
2
4
4
4
6
6
7
4
4
2
4
4
6
93
6
6
4
84
2
9
9
6
6
4
10
9
8
2
6
4
4
39
6
7
9
7
2
21
15
4
0
2
4
7
4
9
6
4
4
4
4
2
0
9
4
2
2
5
15
2
7
4
15
28
5
0
33
4
6
4
6
4
15
8
23
6
4
4
4
4
2
2
6
7
11
13
4
7
4
6
9
15
7
4
7
7
4
6
7
0
2
4
4
44
0
0
2
17
6
18
17
7
2
9
6
7
5
2
8
13
6
17
6
7
17
4
2
4
6
2
6
8
84
2
11
