3
5
7
9
7
3
10
1
5
3
3
1
1
1
0
1
1
3
0
3
5
0
3
1
1
0
3
1
1
0
11
3
1
0
0
1
3
1
3
1
3
75
3
3
1
0
0
3
1
5
3
1
1
5
3
5
1
9
7
5
7
5
5
3
3
7
5
5
9
7
7
5
3
7
5
5
3
9
5
3
7
7
9
7
5
1
5
5
3
5
84
7
7
9
7
9
7
7
5
13
7
7
8
5
9
9
7
5
18
13
13
7
8
10
11
7
3
6
9
7
10
5
5
7
5
9
3
7
7
7
5
1
5
1
3
3
7
1
39
1
3
9
7
5
3
5
7
5
1
5
3
3
12
5
7
3
1
3
9
5
7
3
5
3
1
5
8
8
0
3
5
5
7
14
7
5
5
1
1
1
9
1
5
8
1
3
3
4
9
7
5
3
5
8
5
9
7
7
9
5
9
7
7
14
11
5
10
11
9
11
9
7
9
1
3
3
5
1
3
1
1
3
3
5
3
7
5
5
1
50
1
5
5
3
3
3
5
5
3
9
1
5
3
1
3
7
3
7
9
4
1
8
7
1
9
3
1
1
5
1
0
1
7
5
3
3
7
3
5
3
5
3
4
7
1
4
3
7
9
7
3
3
3
7
3
1
4
3
30
0
20
34
8
1
23
13
20
1
18
13
20
5
1
24
0
1
29
12
0
1
20
20
0
27
17
18
3
20
23
0
26
11
10
0
43
27
0
1
1
41
0
0
18
1
1
0
23
1
1
1
25
30
23
10
0
5
37
0
33
34
24
0
0
31
8
0
1
28
3
44
18
1
1
42
15
7
1
14
5
1
25
17
0
0
1
33
1
36
24
3
0
1
13
3
1
1
16
1
1
27
0
10
24
5
1
35
25
0
0
9
29
5
13
6
19
23
35
0
0
32
1
10
22
37
0
23
4
12
1
19
20
3
1
16
23
0
46
16
1
16
33
20
0
6
27
22
19
26
11
1
21
1
24
1
9
11
1
20
32
1
0
14
21
0
22
19
3
18
31
36
0
0
25
20
0
20
18
1
3
17
26
0
0
42
0
0
27
15
25
27
20
3
15
1
18
32
0
24
1
4
1
1
34
4
14
23
0
14
11
1
22
26
0
15
14
34
16
17
0
12
13
34
15
20
1
0
29
1
30
18
1
1
23
21
4
1
1
31
21
5
1
29
18
0
13
14
23
0
11
9
8
3
10
23
21
5
4
1
14
1
12
20
1
27
23
15
25
0
7
9
22
17
21
18
1
19
22
10
0
18
3
0
19
17
17
1
28
0
0
0
0
0
2
19
18
20
15
0
48
0
0
0
0
0
28
7
17
29
18
15
0
0
2
0
0
0
2
9
19
19
0
17
28
0
2
0
0
0
42
0
0
0
10
19
0
0
0
0
0
0
4
19
16
15
19
24
0
0
0
0
0
0
26
17
21
9
9
24
48
0
0
0
0
0
0
23
15
9
0
19
0
2
0
0
0
0
47
17
25
5
2
0
42
0
0
0
0
0
0
21
19
9
11
53
26
0
0
0
0
0
7
19
17
18
0
30
0
0
0
0
0
0
15
17
0
2
0
0
0
0
2
0
0
0
26
15
18
9
9
0
45
2
0
0
0
0
8
0
0
9
9
9
9
0
9
20
11
17
10
13
19
19
9
0
35
28
19
0
0
0
40
6
27
9
9
0
38
2
0
0
0
0
39
19
0
9
7
19
34
0
0
0
0
0
24
19
8
19
0
17
22
0
0
0
0
0
19
18
0
9
9
0
28
9
4
19
0
0
30
12
0
9
9
9
19
7
9
19
0
0
4
19
6
16
9
9
9
17
0
0
0
0
0
0
9
9
9
9
19
9
9
9
0
9
0
9
19
8
2
9
19
17
9
15
0
0
8
9
6
0
9
9
17
7
0
0
0
20
18
9
9
9
5
9
0
0
24
0
4
2
0
2
6
0
0
0
2
57
9
2
2
0
4
0
4
0
0
6
0
0
2
4
0
2
0
0
2
0
2
6
4
7
0
2
63
0
0
0
2
0
2
0
2
6
0
0
0
0
2
2
15
2
2
59
0
4
0
0
10
6
90
2
2
0
2
0
68
8
2
2
0
0
4
9
0
4
2
82
2
0
2
0
2
0
4
0
2
2
0
0
2
4
4
0
0
2
8
2
0
0
0
59
2
0
2
0
4
4
0
0
6
0
2
2
10
94
34
2
4
0
0
0
8
0
2
2
0
60
0
0
4
2
0
0
6
2
0
2
0
66
0
6
0
0
0
2
2
2
0
2
6
93
0
13
4
2
14
60
6
65
67
2
42
8
4
2
23
2
60
2
0
2
0
4
38
51
4
4
0
0
0
2
4
4
55
4
53
0
4
0
6
7
64
5
0
52
8
4
2
0
4
59
0
2
56
57
9
4
0
2
6
52
6
2
8
6
2
0
2
2
0
0
2
0
4
0
2
0
92
58
17
34
0
2
64
0
9
51
4
6
55
55
2
62
4
4
0
0
56
0
66
82
2
4
79
0
60
4
0
0
74
55
0
2
2
4
24
2
93
43
0
62
0
0
2
0
2
2
0
63
0
0
3
3
2
3
3
3
0
1
3
0
3
1
2
5
3
3
3
2
2
3
5
3
2
3
2
5
3
5
5
3
5
5
2
2
3
3
4
7
3
5
3
0
0
2
5
5
2
3
3
3
7
3
0
3
3
0
5
1
2
4
7
0
3
5
3
5
1
3
3
2
3
5
4
7
3
2
3
3
3
3
5
3
3
3
3
4
3
0
9
5
5
5
0
3
3
0
3
3
5
3
3
7
3
2
5
0
75
3
3
5
5
2
9
1
3
3
2
16
3
3
3
0
5
3
5
3
2
3
2
3
2
0
3
7
6
2
3
4
4
3
3
1
2
7
0
74
5
4
11
3
5
3
1
4
9
5
7
2
3
5
5
3
3
3
3
1
3
5
4
3
0
29
7
1
3
3
3
3
3
2
3
3
3
5
5
3
4
3
5
0
2
3
5
3
3
2
1
5
0
2
0
3
9
0
5
5
7
5
3
0
0
2
2
0
5
2
3
3
3
2
5
3
3
3
1
0
1
0
3
3
3
5
0
3
4
2
3
3
0
0
0
1
3
3
3
7
3
2
3
2
3
4
5
1
2
3
5
3
3
3
3
3
2
2
3
5
3
5
2
3
3
5
0
5
5
3
2
3
63
3
5
3
3
3
5
80
3
5
4
8
2
4
4
4
4
4
0
7
2
8
2
6
8
2
8
6
2
0
2
4
8
2
11
2
2
8
2
11
2
2
2
4
2
13
4
2
6
6
2
2
6
4
2
4
11
8
4
6
4
9
2
0
0
5
8
2
2
11
18
2
0
4
4
4
6
13
8
4
2
2
15
4
0
4
2
6
4
6
4
6
2
4
2
6
4
4
5
8
2
2
4
8
2
0
4
6
15
2
2
11
2
20
2
14
6
4
4
0
4
4
2
4
4
4
8
4
0
4
4
4
6
4
6
4
4
4
6
4
5
4
2
8
2
0
2
6
4
4
8
0
6
0
10
4
6
8
6
2
4
0
10
15
4
0
0
10
2
2
6
4
6
6
4
15
4
4
2
2
4
6
6
8
4
7
6
4
4
19
6
6
15
6
2
0
2
0
4
4
4
4
4
4
4
15
6
2
0
9
4
4
6
2
2
4
4
4
6
21
6
4
8
6
8
10
0
4
6
4
4
2
0
4
6
6
4
16
6
2
2
4
6
8
2
6
8
6
2
6
19
8
4
6
4
8
4
8
6
8
6
10
4
4
13
2
4
2
4
4
2
4
2
2
6
6
4
15
6
0
0
6
2
17
6
2
6
6
8
15
8
4
28
6
6
6
4
0
36
12
13
10
15
84
8
5
11
5
7
8
49
76
8
12
9
4
10
11
8
9
34
8
8
12
9
13
7
9
8
8
13
55
6
47
11
4
9
18
6
6
12
7
5
11
13
8
6
42
19
11
10
9
13
4
8
9
6
14
42
7
9
11
11
7
12
9
12
8
33
9
8
6
39
9
5
9
8
10
6
8
41
8
10
16
9
8
16
7
19
8
17
11
9
17
9
12
51
47
12
20
52
17
37
11
9
19
10
22
10
36
5
10
9
13
11
8
9
10
15
54
57
11
19
55
7
9
7
52
11
9
13
11
11
7
15
7
13
61
16
9
6
11
46
9
10
32
11
10
11
13
44
12
7
7
37
13
67
11
7
42
54
6
20
12
8
10
14
11
11
11
12
58
9
6
10
16
36
13
11
8
12
13
10
11
5
9
7
15
10
10
10
9
51
9
8
13
11
11
9
24
12
10
7
2
6
9
7
36
5
5
64
7
18
2
12
5
12
5
12
14
11
7
56
36
14
9
8
47
5
5
6
8
18
51
9
0
3
4
5
7
58
5
8
9
2
7
45
12
5
9
61
4
10
7
5
7
86
11
4
7
7
3
10
4
11
4
15
4
6
7
46
6
4
7
7
11
10
2
8
7
24
5
11
7
6
13
4
8
4
4
4
4
6
4
6
2
6
4
4
2
4
6
7
2
2
4
4
4
10
8
2
4
2
8
0
2
4
4
6
6
6
6
6
4
4
4
8
4
4
2
2
4
2
4
6
2
2
2
4
2
4
2
2
4
2
4
4
4
4
4
2
4
4
4
4
6
2
2
6
8
6
2
6
2
4
2
4
8
4
4
4
4
4
12
21
2
4
2
4
2
6
4
2
4
4
2
4
4
6
4
4
4
4
2
2
0
4
6
4
6
6
6
4
6
4
4
2
8
2
10
2
4
2
6
4
2
2
4
4
4
6
2
0
4
2
8
2
4
4
2
2
2
4
2
4
0
4
2
4
2
6
4
6
4
4
4
2
6
4
6
2
4
6
4
2
4
2
4
6
0
4
4
2
6
2
0
2
2
6
0
6
6
4
4
4
2
2
0
8
4
6
6
2
2
6
2
4
2
6
2
0
2
0
6
4
2
2
4
4
2
0
0
4
2
2
2
2
2
2
2
2
4
2
4
2
2
2
2
8
2
2
2
4
6
2
2
2
0
6
2
2
2
4
8
2
2
2
6
4
4
6
2
0
0
2
0
6
2
2
6
6
2
6
4
8
6
2
2
2
2
2
4
2
2
4
2
2
4
4
2
4
2
2
6
4
8
4
4
8
8
0
0
0
6
4
2
4
0
6
6
8
0
2
2
4
0
2
0
6
8
0
2
0
0
6
2
6
2
4
2
6
4
0
2
4
0
2
2
4
6
4
0
58
4
2
0
2
2
6
4
0
4
0
4
0
4
8
0
2
4
0
6
8
6
0
4
2
0
8
0
4
0
0
4
4
0
0
0
4
4
0
6
0
2
0
4
0
0
4
0
0
4
4
0
0
4
2
2
0
6
0
0
0
4
0
0
4
4
2
8
82
0
4
2
4
6
37
48
6
4
48
0
4
0
4
0
0
6
0
0
6
8
4
4
0
4
0
2
4
0
0
0
0
0
2
0
8
4
6
0
0
2
2
2
2
0
0
0
4
4
4
2
4
2
21
0
4
2
0
2
6
0
4
2
0
0
4
0
6
0
2
2
0
4
8
29
6
4
0
4
2
0
0
0
6
2
2
2
2
46
6
0
2
2
0
4
6
0
8
6
0
6
8
2
2
0
4
4
6
4
2
2
0
0
6
6
4
0
8
2
2
2
0
0
0
8
2
6
2
2
2
2
0
2
0
2
2
0
0
2
0
2
6
4
4
0
4
0
0
0
2
4
0
0
0
0
0
2
2
2
2
0
0
0
2
2
4
2
0
0
2
2
0
6
2
2
4
0
2
4
0
4
0
2
0
2
2
0
2
2
0
4
2
2
2
0
6
4
0
4
2
2
0
4
2
4
2
0
6
2
0
2
6
4
2
2
2
2
4
2
2
4
2
2
2
2
4
2
2
4
0
2
0
2
2
4
0
0
2
33
2
2
0
0
0
4
0
0
2
2
2
0
2
6
0
4
4
2
0
0
2
0
4
4
2
2
4
2
4
4
0
2
0
6
4
4
2
4
2
2
0
36
4
4
4
2
0
2
2
2
0
4
4
6
0
0
0
2
6
2
0
6
4
0
2
0
4
4
0
2
0
6
4
0
2
0
0
2
0
4
2
2
2
2
0
0
2
0
4
2
0
0
2
4
0
0
2
2
2
33
2
10
0
4
4
0
4
2
0
4
6
4
0
2
0
0
0
4
0
2
4
2
2
0
2
6
0
4
2
4
0
2
2
2
4
0
0
0
2
8
4
2
0
2
4
0
2
0
2
2
0
0
2
4
4
0
4
6
4
2
2
4
0
4
4
4
2
2
2
4
0
0
4
4
2
2
2
2
6
0
0
0
2
2
2
8
4
4
0
2
4
2
2
2
2
2
6
2
4
2
2
2
2
2
4
2
2
2
0
0
6
2
2
4
0
6
2
4
4
8
