2
0
7
9
19
0
5
2
2
1
5
1
1
2
7
9
0
2
2
3
5
3
0
3
2
7
15
2
3
3
0
2
3
2
0
0
2
19
2
5
5
13
2
2
3
11
2
0
2
0
2
0
0
0
0
2
0
2
3
1
5
5
3
0
5
7
5
2
2
3
0
3
0
0
0
3
9
3
5
0
0
0
0
3
7
3
2
9
2
2
7
5
2
5
11
9
2
5
3
1
7
0
0
3
2
3
5
2
52
2
3
2
0
3
3
0
2
2
2
3
1
0
11
9
7
2
3
0
0
3
0
0
7
11
0
2
3
3
3
7
2
2
0
0
2
5
3
0
2
0
9
13
11
3
2
7
2
9
2
3
13
5
0
5
2
2
0
1
2
2
0
5
5
3
5
0
3
0
11
9
5
45
3
0
7
1
3
29
2
5
3
3
3
0
2
11
5
3
1
5
5
5
0
3
2
0
2
0
0
0
2
5
0
17
0
19
7
7
5
11
5
5
3
0
3
2
7
3
19
3
2
2
9
3
3
0
1
0
11
2
13
3
5
17
5
3
9
7
13
2
17
0
0
0
2
7
2
5
0
0
5
21
1
0
2
1
3
0
0
2
9
3
7
2
11
3
11
0
2
0
2
0
0
3
3
2
3
3
2
0
2
0
0
0
4
2
0
0
2
2
0
2
0
0
0
2
0
2
2
2
0
0
0
4
2
0
2
2
0
2
2
2
2
2
2
0
2
0
2
2
2
2
2
2
2
2
2
4
0
0
2
0
2
2
4
2
2
2
2
2
2
4
2
0
2
0
2
2
0
2
2
2
0
0
0
0
0
0
0
2
0
2
2
2
0
2
2
2
0
2
0
2
0
0
2
8
2
0
0
4
4
2
0
0
2
0
4
2
2
2
0
0
2
2
2
4
4
4
4
2
6
4
0
2
4
4
0
0
0
2
2
0
2
2
0
2
2
0
0
2
0
2
0
2
2
2
0
8
0
2
0
0
2
0
2
0
0
0
2
2
2
0
2
0
2
2
0
0
0
0
0
2
2
2
2
0
0
0
2
2
0
0
2
0
4
0
0
0
2
2
2
0
2
0
0
2
0
2
2
4
0
0
0
0
4
0
2
4
0
2
0
2
2
2
0
2
2
2
0
2
0
0
0
2
2
2
0
0
2
0
0
4
2
0
2
0
0
0
2
2
2
2
0
2
0
2
0
0
2
0
0
2
2
2
0
2
4
2
2
0
0
2
0
2
0
0
0
0
2
2
2
2
0
4
2
4
0
0
2
2
0
2
0
2
0
2
9
5
9
9
9
9
9
9
9
13
7
7
7
17
9
5
7
15
5
13
5
9
5
13
9
9
13
5
7
3
7
3
11
25
7
3
13
13
5
9
7
45
5
2
11
9
11
7
9
9
3
7
2
7
7
5
3
7
7
7
9
9
7
7
7
9
13
9
5
5
9
7
9
11
11
9
2
7
7
3
13
3
11
15
5
5
5
7
11
5
3
11
11
15
7
7
13
5
9
13
5
13
9
7
9
9
7
13
11
11
11
7
5
11
11
9
13
11
5
5
9
3
5
15
9
12
9
5
5
7
3
3
5
13
7
9
19
17
17
9
7
11
7
9
5
3
11
11
11
11
5
9
7
7
11
5
7
17
5
7
5
17
9
5
9
11
7
11
9
19
11
7
7
11
13
13
11
11
7
11
17
13
5
15
9
11
13
7
7
11
19
17
9
19
9
27
17
3
7
11
13
9
15
11
7
9
7
17
13
11
7
7
19
5
3
13
9
5
9
11
9
7
9
5
7
5
5
3
5
3
3
7
2
5
1
13
7
7
9
9
7
5
9
7
3
3
50
7
2
1
7
3
7
5
7
2
1
3
5
3
0
5
3
7
2
11
3
2
0
3
7
2
3
2
0
3
3
0
5
9
0
0
5
3
0
2
0
2
0
0
4
2
4
4
2
4
4
6
2
2
6
0
2
4
2
2
4
2
0
8
2
2
4
4
8
4
2
2
6
0
2
9
2
8
6
4
2
2
11
2
4
4
4
2
13
8
6
6
6
0
6
4
8
6
2
2
8
11
6
10
4
2
2
4
6
6
8
4
9
0
6
6
4
4
2
4
10
10
2
10
4
4
7
4
21
2
2
2
0
0
6
2
4
8
4
2
4
6
0
8
4
4
4
4
2
12
6
2
6
0
2
0
8
4
6
2
4
9
4
2
2
0
8
0
2
4
2
4
6
4
2
4
14
4
2
4
4
4
2
8
4
6
6
2
2
2
4
2
4
4
4
10
2
2
8
4
8
4
6
2
2
6
4
10
2
0
4
6
6
4
10
10
4
4
4
8
7
10
2
4
6
10
4
10
4
2
2
19
10
6
8
10
6
7
4
8
4
8
4
6
2
10
10
2
6
6
4
4
8
4
6
6
6
2
4
2
4
2
4
0
0
4
4
4
4
2
2
4
6
4
2
4
2
4
2
4
8
10
6
0
6
2
4
4
6
4
4
12
2
2
10
8
0
6
8
0
4
2
6
0
6
0
2
2
6
2
4
0
2
2
0
2
2
0
2
6
6
2
4
0
7
4
4
0
6
2
0
2
0
0
0
0
0
2
0
0
0
2
2
2
0
0
2
0
0
4
0
2
4
2
2
0
2
0
0
4
0
2
0
2
2
0
0
6
2
0
0
2
0
2
0
2
0
2
0
6
2
0
0
0
0
2
2
0
2
0
0
0
4
4
2
2
0
2
2
2
0
4
0
0
4
0
2
2
0
2
0
2
0
0
0
0
0
0
0
0
2
2
6
6
2
2
2
2
2
2
0
4
0
2
0
2
6
0
2
0
0
4
2
4
2
6
2
2
4
0
0
2
0
0
2
0
2
0
0
1
2
6
2
2
0
0
2
2
0
0
0
2
4
0
0
2
0
0
2
0
2
0
2
0
0
5
0
2
0
0
2
2
0
0
2
0
2
0
2
0
0
2
0
0
2
2
0
0
0
0
2
2
2
0
2
2
2
2
2
4
2
3
4
0
0
0
0
2
65
4
4
2
4
0
0
2
0
0
2
0
2
0
0
0
2
0
0
2
2
2
0
4
6
1
0
2
2
0
2
0
0
0
0
2
4
0
2
0
0
2
2
85
0
0
2
2
2
2
2
2
0
2
0
2
2
2
2
2
0
2
0
0
2
4
0
0
0
0
2
2
2
0
0
2
2
2
2
2
0
0
0
2
4
2
0
0
0
0
24
14
18
14
15
24
16
32
20
23
37
19
36
24
36
30
11
14
14
24
6
27
11
29
23
6
16
21
17
10
8
19
19
16
23
34
15
14
23
18
17
14
15
8
14
12
28
24
23
6
19
18
16
20
21
23
28
14
19
18
17
18
23
24
18
16
21
16
24
21
15
12
23
27
26
32
15
16
15
20
25
21
24
28
17
22
26
30
21
17
21
24
26
14
20
24
30
42
19
26
32
21
23
18
24
26
14
21
26
28
28
44
26
21
19
30
40
34
21
46
34
36
40
32
30
38
10
32
16
23
44
26
17
11
18
29
23
15
39
44
49
38
17
27
22
25
41
27
32
34
23
17
26
23
32
31
30
22
19
21
21
21
17
12
10
36
32
15
26
21
14
15
23
20
26
32
17
23
17
32
20
30
20
26
21
17
25
21
25
25
16
28
24
20
12
22
23
23
21
24
12
25
23
32
15
21
21
23
18
32
25
20
14
18
20
12
17
23
21
25
29
21
25
23
18
12
34
34
8
14
25
18
17
23
32
36
22
12
17
14
28
17
18
55
18
21
25
34
21
26
25
16
30
21
28
21
26
14
19
21
21
8
32
23
29
14
12
25
21
22
21
23
34
19
34
12
14
23
29
14
9
19
23
19
20
6
12
14
43
43
43
62
60
64
45
60
34
37
34
43
50
36
24
32
55
66
43
51
57
30
26
30
32
36
41
45
53
47
32
58
43
34
51
55
39
36
39
47
49
57
57
58
55
45
47
34
41
45
41
48
53
41
40
36
51
55
32
51
59
36
58
32
22
36
49
43
45
36
36
41
39
72
60
62
38
22
30
26
53
41
46
39
55
45
30
47
62
70
61
36
49
30
51
47
38
47
49
45
41
32
47
30
38
47
32
39
36
59
57
47
20
51
64
57
55
41
49
39
28
36
39
43
53
47
47
55
38
58
41
47
28
41
72
38
55
57
58
43
48
41
45
34
39
41
41
36
30
47
45
38
32
41
26
39
38
51
57
41
61
49
29
57
55
79
24
66
79
49
51
22
70
47
39
30
51
53
41
24
18
26
43
41
66
55
47
26
62
34
49
41
26
47
36
39
47
47
38
51
35
45
58
24
47
60
49
55
24
43
47
55
45
47
37
36
49
52
57
43
41
58
55
57
40
19
43
53
53
27
70
43
81
36
62
55
50
36
39
41
58
38
30
32
46
55
43
43
45
58
53
34
36
70
66
49
66
64
60
58
55
47
32
47
39
51
55
66
67
55
54
41
43
57
72
70
55
49
63
36
41
57
55
51
39
43
49
39
1
7
7
3
3
5
0
0
5
1
7
3
3
1
1
1
3
5
1
7
1
1
1
3
1
5
1
5
1
5
3
1
3
5
5
5
3
3
1
7
5
3
5
3
1
7
3
5
1
3
1
3
0
5
11
5
3
1
5
7
0
0
3
5
3
5
5
7
1
5
11
1
5
1
7
3
1
3
1
1
5
0
5
1
1
3
3
1
5
1
9
3
3
5
3
7
1
3
3
5
0
1
1
3
5
7
7
7
9
1
7
1
5
7
1
1
5
0
3
3
3
3
3
3
3
5
3
1
3
3
7
5
1
5
9
1
3
5
3
1
3
5
1
5
3
0
1
5
1
5
3
1
1
3
3
1
1
3
3
7
5
3
1
3
3
3
5
5
5
1
3
7
3
1
1
1
7
3
0
3
1
3
1
5
0
5
3
3
1
5
5
3
3
5
0
5
3
5
5
1
3
0
1
0
1
9
3
1
5
3
3
5
0
1
1
3
0
11
11
3
5
1
1
0
1
3
1
1
7
3
5
3
1
0
5
1
3
1
5
9
3
3
3
1
5
7
5
5
3
1
5
5
5
5
5
3
7
3
5
3
0
1
0
1
5
1
1
1
5
3
3
3
9
3
1
1
5
1
1
3
5
0
7
1
1
7
11
1
5
2
2
2
2
1
3
3
3
2
3
2
3
2
3
2
2
3
1
3
1
2
2
2
3
4
5
3
2
2
2
5
2
2
2
3
1
2
2
2
2
2
1
2
3
2
2
2
2
5
2
3
6
4
2
2
3
1
2
2
2
2
2
2
2
3
3
4
3
2
3
5
3
2
1
2
3
2
2
3
1
3
3
2
2
3
3
3
4
4
1
3
3
2
1
2
2
3
3
3
3
3
3
1
1
2
3
3
3
2
4
5
2
3
3
4
2
2
4
2
3
2
3
2
4
3
2
3
3
4
2
2
2
3
2
1
5
3
4
2
3
2
3
3
2
2
2
2
3
4
3
3
3
2
1
3
4
2
2
0
4
3
3
3
4
4
2
1
2
2
4
2
2
2
2
3
1
2
3
1
3
2
2
2
3
2
2
2
4
2
2
2
2
0
2
0
2
1
1
2
3
2
1
3
4
2
3
3
2
3
3
2
3
2
1
2
2
3
3
1
3
3
4
2
3
3
0
3
2
3
2
2
2
1
3
2
2
2
2
3
2
3
2
3
2
1
2
3
2
4
1
3
2
1
3
1
2
2
1
1
5
1
3
1
2
3
3
3
4
5
2
2
5
1
2
3
3
2
3
4
2
0
2
1
4
2
3
3
8
6
6
6
6
4
6
2
4
6
4
6
4
8
8
2
6
2
6
6
2
2
6
4
8
2
4
6
6
4
6
8
6
2
4
6
4
4
4
2
6
8
8
4
8
6
8
4
6
4
8
4
4
4
6
6
4
4
4
4
4
4
2
6
4
8
4
4
8
4
4
6
4
2
6
8
8
6
2
4
6
8
2
6
2
2
6
8
6
4
8
6
4
4
6
2
2
4
2
6
6
6
6
6
8
4
6
6
4
4
4
6
6
10
4
2
6
6
6
4
2
8
4
6
4
4
6
6
4
8
4
6
6
2
6
6
6
4
8
4
6
4
6
2
8
6
4
6
4
2
8
6
4
8
4
4
6
2
6
4
2
2
6
4
6
12
8
4
6
2
10
2
6
4
6
6
8
2
6
4
6
4
6
4
2
6
6
4
8
12
4
4
4
4
8
4
4
4
4
4
6
8
6
6
4
6
4
4
4
6
6
4
8
6
8
6
4
8
4
4
2
6
6
6
6
8
4
10
6
4
6
8
6
4
4
8
6
4
4
4
8
8
6
6
4
6
6
4
8
6
4
4
6
2
4
4
6
2
6
6
4
10
4
6
4
6
8
4
8
4
6
6
2
4
6
8
6
6
2
4
6
8
8
4
6
4
8
6
