13
22
19
19
18
20
13
6
22
24
15
8
9
15
6
17
7
15
17
29
33
13
8
4
13
25
22
11
22
10
27
25
19
12
22
13
13
33
13
30
16
11
18
37
13
13
17
15
10
18
13
26
19
14
9
14
17
18
20
22
16
15
22
18
18
7
18
15
25
15
13
18
19
21
23
28
31
13
33
12
29
41
14
16
22
29
18
17
13
36
22
24
25
18
24
29
18
33
20
20
16
31
30
20
24
12
23
6
27
17
17
21
24
29
29
24
20
24
20
24
17
17
17
17
30
25
19
29
19
17
22
15
20
22
16
13
19
23
21
36
35
19
35
32
30
32
11
45
39
21
29
11
30
15
24
15
47
26
26
23
16
8
30
16
32
15
9
11
23
23
19
5
38
26
26
11
11
41
27
41
18
32
17
25
36
15
13
24
17
27
36
26
29
30
37
26
20
21
18
20
31
15
22
10
7
6
18
18
20
24
31
21
28
10
25
13
27
32
25
14
13
35
7
9
11
29
18
9
9
13
9
10
20
7
19
21
13
23
22
24
9
11
11
18
15
11
19
6
15
16
6
9
22
20
9
5
29
13
13
11
13
7
16
10
9
18
13
4
9
13
18
14
13
15
8
15
15
9
34
19
11
5
15
7
20
7
35
13
2
8
2
36
4
0
8
4
2
4
10
1
0
4
6
2
2
2
0
0
99
0
0
4
2
0
2
0
2
0
2
0
0
2
6
0
15
59
0
6
4
4
0
2
5
2
2
4
2
4
4
0
2
8
25
0
2
8
2
4
2
2
4
2
6
2
2
2
4
8
2
2
2
4
4
2
6
4
0
2
4
6
2
4
8
4
2
9
2
4
2
4
4
6
2
2
6
5
2
4
4
2
0
2
2
2
2
6
6
2
8
4
46
6
6
4
4
6
12
2
14
23
33
30
12
12
11
6
11
4
2
8
10
9
10
2
6
90
0
9
2
2
2
0
9
10
6
2
6
2
3
0
0
0
4
6
2
0
2
2
4
0
2
10
6
6
4
2
2
4
28
2
2
8
6
8
8
2
12
6
23
2
4
4
6
2
4
2
4
4
2
2
2
0
0
4
4
4
2
8
4
4
2
4
4
8
6
2
4
5
4
4
4
2
2
2
0
4
2
3
6
4
9
2
4
6
4
6
7
2
2
2
2
7
6
2
4
2
4
10
0
0
0
2
0
2
7
2
2
4
2
4
0
4
2
2
0
0
2
4
2
0
2
2
4
2
4
47
6
2
0
2
2
2
2
0
2
0
0
4
5
0
4
2
0
2
0
4
67
25
33
63
81
56
20
89
75
71
57
41
69
47
54
51
39
68
64
47
36
54
25
48
37
32
28
36
87
37
46
78
31
47
17
30
57
30
29
58
33
25
46
25
22
19
57
30
32
38
35
22
24
15
58
11
39
37
24
40
51
56
13
47
11
21
32
54
49
35
40
59
54
19
34
40
81
26
53
72
35
80
37
79
38
75
13
53
51
30
15
58
78
55
31
34
47
35
41
64
33
29
43
34
23
57
58
33
43
80
62
81
69
26
47
48
41
72
31
78
35
65
68
28
71
43
39
59
71
78
67
47
36
74
42
52
58
68
20
58
56
42
20
42
75
39
60
22
51
44
66
48
66
48
44
64
47
46
39
73
54
48
29
50
34
46
75
56
17
42
41
55
41
60
46
52
39
20
44
49
62
74
52
49
59
53
22
73
77
54
44
59
59
63
44
48
37
50
42
57
49
60
49
38
34
36
43
60
42
31
55
36
26
32
60
78
34
53
30
41
33
40
47
46
39
33
21
16
27
33
41
34
9
14
48
35
39
26
42
25
26
25
18
29
17
32
14
8
73
31
28
10
22
34
25
28
30
16
14
27
5
7
2
2
5
0
8
21
4
4
2
5
2
6
2
17
11
11
8
6
3
7
11
5
8
17
2
13
0
2
0
2
0
2
2
5
2
0
8
0
7
0
6
0
2
2
2
2
0
0
6
2
4
4
4
2
0
5
3
0
4
2
15
6
0
0
0
2
0
0
2
2
2
2
2
2
0
4
2
2
10
0
2
2
2
0
2
2
1
2
0
0
2
4
2
2
2
2
0
0
2
2
2
4
0
6
2
4
4
2
2
4
6
4
2
2
3
4
4
2
3
4
6
2
4
0
4
0
4
10
3
2
2
6
6
2
2
4
0
2
7
2
5
2
0
0
4
2
2
4
0
1
7
2
4
0
0
0
2
2
0
2
5
0
4
2
2
2
4
8
4
8
4
2
4
2
1
4
2
8
2
4
7
2
2
4
4
0
2
2
2
4
2
4
2
3
3
2
5
6
2
3
6
3
5
0
2
0
0
2
4
0
2
0
0
4
0
0
2
2
0
0
7
2
4
7
0
0
2
4
2
5
0
2
2
2
2
2
2
2
0
4
2
6
4
2
0
0
2
2
2
2
2
2
0
0
2
2
0
2
2
2
2
0
6
0
4
0
0
4
2
4
2
2
2
0
2
2
0
0
0
2
0
0
2
0
0
0
0
0
2
0
0
0
2
2
2
2
0
2
4
2
2
2
0
5
2
0
2
2
0
2
0
0
4
2
12
2
0
4
0
6
4
6
0
0
2
0
4
4
8
2
2
4
2
6
6
0
4
4
4
2
2
4
2
14
4
4
0
4
6
10
4
2
2
2
0
2
2
2
2
4
2
2
4
2
2
4
4
4
2
0
2
2
4
4
4
2
6
2
4
2
11
6
0
2
15
4
4
14
2
0
2
6
2
4
2
6
4
2
4
8
0
2
2
6
4
4
6
2
2
6
0
2
8
6
6
0
4
2
4
2
4
0
2
0
2
2
0
4
14
0
4
2
4
4
4
2
0
2
2
4
2
2
4
4
0
0
2
2
2
0
0
4
6
2
4
2
4
12
2
0
4
4
4
0
4
2
4
2
2
2
6
2
0
4
0
2
0
0
4
8
8
2
10
4
2
4
17
0
4
6
2
0
2
0
2
4
4
2
0
2
4
2
6
0
4
6
17
4
4
0
2
4
4
4
0
0
4
4
2
2
2
2
0
0
0
2
2
6
2
2
2
2
6
0
4
2
6
0
8
2
2
2
0
2
6
6
4
4
12
21
4
2
10
2
2
2
10
13
2
4
2
0
2
0
4
0
2
8
4
0
8
6
2
0
2
2
0
8
4
2
2
0
4
4
2
0
2
4
0
4
13
4
0
6
4
2
2
2
0
0
0
0
8
10
8
6
2
13
6
6
6
9
2
4
8
8
6
14
4
12
4
8
8
8
10
12
6
4
6
16
6
10
6
8
4
16
6
6
8
4
14
8
8
6
9
8
8
12
4
8
8
6
8
10
6
12
6
8
10
8
8
6
10
14
10
10
17
10
8
10
10
15
16
8
11
16
8
8
10
10
6
6
8
6
12
16
4
10
12
12
10
16
10
6
8
12
10
14
12
2
18
8
18
19
6
7
8
19
8
17
15
21
8
14
12
10
2
8
18
8
10
12
16
4
19
8
6
19
16
12
9
16
10
8
8
16
8
8
8
10
16
10
8
17
8
10
4
8
10
16
10
4
14
6
2
16
10
12
19
23
8
6
6
12
12
18
13
17
10
16
10
4
8
8
16
10
14
12
10
4
10
14
8
14
14
2
16
14
10
15
14
2
6
17
16
8
23
10
8
12
14
2
14
4
16
6
8
10
6
16
6
16
12
10
16
20
18
12
14
16
10
6
18
10
14
8
12
10
10
6
8
18
10
10
8
8
10
4
10
8
10
6
6
14
10
8
6
6
2
12
4
12
12
12
12
8
14
6
12
8
12
18
18
16
16
10
14
19
4
6
12
8
4
10
4
8
2
9
12
6
6
6
10
16
10
25
6
8
21
4
13
9
9
8
4
12
5
8
4
8
7
7
6
11
11
11
4
7
11
17
8
9
8
13
6
2
6
7
11
2
7
8
4
12
9
12
11
7
4
12
9
20
21
25
17
11
11
7
19
6
17
13
15
17
13
13
13
11
15
6
11
10
4
9
8
11
13
11
6
7
11
40
9
8
19
11
13
16
19
6
10
20
15
7
11
17
8
20
25
9
15
10
4
13
19
17
15
15
8
7
6
4
22
9
4
4
4
4
15
8
6
11
9
8
2
4
4
4
6
7
6
2
2
2
6
2
2
2
2
2
2
4
2
2
2
2
2
4
2
2
4
2
2
4
4
6
6
2
4
2
2
2
2
2
6
6
2
4
6
27
2
7
4
2
2
2
2
2
4
0
4
4
4
5
4
6
2
2
2
2
6
2
0
4
4
5
4
8
6
2
10
6
13
18
15
15
6
11
24
9
8
11
21
9
11
8
15
17
11
15
9
13
21
19
10
9
8
9
4
8
15
9
22
11
11
9
6
10
10
7
11
9
8
11
9
15
12
9
25
7
9
6
11
8
4
9
15
11
8
16
8
17
10
7
9
6
9
13
16
4
13
23
10
9
4
6
13
7
10
6
15
2
10
11
6
9
8
4
2
9
11
13
15
6
4
17
4
8
27
19
20
19
15
22
13
41
4
31
32
39
19
9
19
13
17
27
17
18
11
28
16
22
17
26
13
21
16
17
30
66
16
18
18
20
23
19
13
15
24
18
41
23
17
21
22
35
35
40
28
46
19
22
25
21
23
18
61
40
33
11
33
11
72
19
27
25
37
32
53
38
30
72
23
19
27
34
36
53
30
32
45
20
47
9
9
14
22
13
24
19
19
42
28
19
27
35
25
29
43
34
40
33
15
21
52
27
58
19
34
37
62
49
22
52
48
41
54
55
11
77
38
36
26
49
30
26
53
55
39
20
57
53
53
31
47
37
30
24
22
61
51
25
20
17
40
58
44
39
30
44
71
54
31
41
19
44
40
17
54
33
38
35
23
31
16
43
19
27
19
37
34
36
10
44
17
26
32
34
30
6
15
23
20
33
33
31
19
28
37
36
50
21
26
12
41
18
29
30
41
18
22
45
50
73
65
15
43
36
16
33
32
27
30
26
35
19
17
23
41
35
19
27
19
30
15
33
29
32
15
19
51
21
34
15
35
34
26
26
27
31
39
42
31
22
35
15
17
47
36
32
31
23
28
28
19
28
35
17
31
21
20
31
34
11
13
23
13
19
22
23
27
20
19
32
26
18
13
19
26
12
17
11
17
45
21
21
4
2
2
4
5
3
5
0
0
2
4
4
4
2
4
2
0
0
2
4
3
5
2
2
2
4
2
0
2
2
2
3
0
2
0
2
4
3
2
3
2
4
2
0
4
2
0
0
3
2
0
0
2
4
4
0
0
2
0
2
2
2
4
2
4
4
0
4
2
2
2
4
0
0
2
2
2
4
0
2
4
2
6
2
4
4
0
2
0
3
2
0
4
4
0
4
4
0
4
6
2
2
0
2
4
0
4
4
2
6
0
0
9
5
0
6
13
7
4
2
2
2
4
2
5
2
4
2
4
13
2
2
7
0
2
0
19
4
2
2
2
4
2
2
2
2
2
6
2
5
5
15
4
2
0
4
4
2
4
2
0
5
4
0
2
4
4
2
6
0
2
19
2
2
0
2
2
2
0
0
4
2
0
4
3
4
6
0
2
4
6
7
2
0
2
4
2
2
0
4
2
2
4
2
0
4
4
0
0
4
4
5
2
4
2
19
0
5
4
5
4
0
0
2
19
0
0
2
4
4
3
4
4
4
0
6
2
2
6
2
2
2
2
2
2
2
7
2
2
4
2
2
2
4
4
4
4
2
2
0
0
2
2
0
2
4
2
2
2
4
4
0
2
4
4
4
2
0
3
0
3
2
4
2
0
4
2
2
2
0
2
2
4
6
0
0
2
2
0
0
2
2
2
0
0
0
2
0
2
2
0
2
0
2
0
2
4
0
0
0
2
0
0
2
2
0
2
0
0
2
0
0
0
0
4
4
0
2
4
2
0
0
2
2
2
0
2
2
0
0
2
0
0
2
0
2
0
0
0
2
2
2
2
8
0
4
2
0
2
0
2
0
4
0
0
2
0
0
2
2
0
0
0
8
2
0
2
0
4
0
0
4
2
2
2
2
0
2
4
2
0
2
0
2
2
2
0
2
4
4
2
0
0
2
2
2
2
0
2
2
82
2
2
2
0
2
4
2
2
4
0
2
2
2
2
2
0
4
4
2
2
2
2
4
0
0
2
2
2
0
2
2
0
0
2
2
2
2
2
2
4
2
2
0
0
2
4
2
2
2
4
2
2
2
2
0
2
2
2
0
6
4
0
0
2
0
0
0
2
2
2
0
4
2
4
0
0
4
4
0
2
0
0
2
2
0
0
2
4
0
2
2
2
2
0
2
2
2
2
0
2
2
2
0
0
0
2
0
0
2
2
2
2
2
2
0
0
2
2
0
0
2
0
0
4
0
4
4
0
0
0
2
0
2
2
0
0
0
4
0
2
4
4
0
2
2
2
0
2
0
2
4
0
2
6
0
