7
4
2
3
4
16
15
40
10
4
12
7
29
22
28
10
0
12
24
0
0
22
8
6
6
0
2
4
28
2
0
0
2
30
0
4
22
8
30
2
5
15
2
0
28
0
2
6
21
6
29
2
8
13
18
22
8
8
14
8
32
11
16
22
6
29
2
2
4
0
0
0
6
24
27
9
10
14
8
28
2
2
0
16
8
6
6
28
10
4
4
16
18
12
18
0
37
40
0
9
2
37
28
0
0
16
14
19
18
0
12
22
18
13
2
33
40
0
4
0
4
10
25
24
7
19
14
36
26
8
0
11
15
0
9
4
23
12
0
2
2
22
15
5
0
0
0
13
25
18
12
16
33
13
13
43
24
2
17
4
5
7
6
8
35
8
6
10
0
21
12
5
41
25
16
32
10
4
2
2
7
7
10
20
26
0
7
14
30
0
11
0
29
30
9
6
6
14
2
2
6
38
33
0
18
6
31
6
33
0
10
31
0
7
8
19
20
14
0
18
4
24
24
44
24
12
0
7
24
17
39
6
2
2
42
8
29
30
5
27
30
21
39
22
23
43
10
4
22
10
0
0
4
6
32
6
43
25
0
9
5
43
40
2
2
4
2
2
8
6
4
7
29
0
0
4
15
4
34
40
6
21
24
21
43
4
14
2
14
12
11
30
9
11
22
13
17
4
9
29
6
0
6
5
7
15
4
9
5
10
7
6
11
9
9
18
13
4
9
7
16
7
15
9
11
6
9
9
14
46
21
22
11
4
15
6
15
30
11
15
22
6
11
29
68
13
36
12
12
23
11
13
5
9
16
30
19
39
25
20
24
22
4
12
18
20
24
29
28
26
22
28
33
9
15
25
32
14
17
9
22
29
47
26
39
20
31
39
14
22
17
23
34
45
25
29
38
34
15
22
23
21
34
36
24
52
26
19
33
24
22
22
40
15
17
32
42
11
43
41
34
44
33
25
9
55
26
28
41
32
26
18
23
33
55
25
31
11
43
33
9
13
24
35
41
26
34
28
33
41
36
22
41
30
18
28
44
19
40
63
37
35
53
7
15
31
9
54
26
39
62
36
9
11
27
29
56
14
57
32
42
30
28
35
50
38
69
46
58
38
36
50
35
41
47
26
30
49
20
15
65
44
23
35
39
32
34
36
34
45
29
51
44
23
37
35
57
32
20
38
44
19
28
31
30
20
34
39
38
30
39
27
23
13
39
26
34
16
13
13
28
14
27
18
11
25
39
2
13
3
13
15
13
15
20
15
13
9
34
11
20
9
4
18
9
46
13
15
15
16
30
22
36
15
20
20
11
21
26
11
21
13
13
39
15
19
23
11
17
10
21
21
6
11
17
19
9
9
17
8
13
11
13
19
23
4
11
9
9
9
21
17
19
15
17
17
13
17
19
26
4
10
11
19
9
13
26
7
9
2
21
6
7
14
4
11
15
17
10
6
4
9
37
15
6
9
30
13
23
11
8
34
21
16
32
17
13
11
41
36
21
17
34
15
22
16
28
13
18
17
13
5
47
23
19
11
22
15
11
32
15
10
19
20
19
22
19
23
10
15
41
9
9
20
24
24
30
17
58
22
13
19
21
4
18
13
11
28
23
26
21
11
17
13
28
22
8
14
11
10
37
30
13
15
33
10
22
8
9
9
9
11
11
13
14
21
23
4
17
11
9
13
11
23
19
18
18
34
26
17
34
11
7
15
47
11
18
17
26
15
24
11
17
9
26
10
20
11
22
13
36
26
20
11
28
23
25
7
15
8
34
11
19
17
17
13
17
13
17
9
13
26
21
9
39
8
7
15
11
5
27
37
2
15
6
4
4
4
9
5
6
15
9
7
9
19
17
30
11
8
9
4
8
7
8
5
6
0
17
3
8
3
5
5
2
7
2
3
8
4
0
4
2
0
0
4
2
3
3
7
3
2
4
2
2
8
5
2
2
2
11
4
2
3
13
14
7
5
11
7
5
14
8
7
3
10
4
10
5
8
9
5
7
11
10
14
8
3
13
8
7
13
8
6
8
5
2
8
7
5
3
12
9
7
3
9
6
8
9
8
5
8
5
8
8
9
8
5
8
9
5
9
8
6
5
3
8
9
7
3
6
3
3
7
10
2
13
8
4
5
11
10
7
6
12
6
8
3
9
8
5
3
7
6
6
4
4
7
8
9
2
2
8
9
5
11
8
5
4
5
5
7
7
8
8
7
13
7
9
6
6
5
9
8
4
10
6
5
12
5
9
9
12
7
7
4
9
9
6
5
7
15
3
3
8
9
7
8
7
8
14
8
8
6
11
2
8
3
5
7
7
3
8
10
10
8
4
7
11
7
5
12
10
7
9
5
4
3
11
11
11
7
11
3
8
5
7
2
8
5
8
7
5
5
5
8
13
5
5
7
13
2
8
13
5
5
9
11
8
7
6
11
8
8
7
5
11
6
8
7
15
12
6
11
5
8
6
7
3
13
3
7
8
11
9
8
14
9
4
7
5
12
3
22
7
7
7
7
10
5
7
3
13
8
12
3
4
10
5
5
8
5
7
2
5
7
5
12
5
8
6
7
7
6
7
10
8
7
5
7
13
6
11
5
10
8
8
5
7
7
5
10
16
11
16
16
14
13
16
13
17
11
12
12
13
14
17
17
15
12
14
17
11
13
15
14
15
15
20
15
15
12
16
17
16
10
8
7
15
13
15
14
19
18
9
16
17
11
19
15
18
19
9
12
9
15
13
18
15
16
13
10
9
15
14
16
14
14
15
17
13
13
18
14
14
18
17
16
17
15
15
19
10
15
17
20
12
15
17
10
10
14
5
15
10
13
14
18
19
10
12
21
16
14
15
12
16
14
17
17
13
16
17
13
9
10
12
9
14
16
9
14
18
15
16
16
11
10
11
14
17
13
13
25
21
15
16
16
19
15
17
16
18
15
17
18
16
20
15
20
12
12
14
7
15
15
19
14
18
18
15
10
16
14
8
13
15
17
15
21
14
13
15
16
22
16
11
22
13
17
14
13
12
12
16
14
8
16
14
12
14
20
14
13
14
13
12
11
15
14
9
15
20
14
16
14
13
19
7
14
15
19
16
15
16
22
19
15
13
14
13
16
13
14
12
16
13
12
13
17
14
10
15
12
14
17
15
12
15
15
12
13
20
17
16
10
15
17
14
14
20
16
15
15
12
17
11
15
13
11
16
14
15
17
14
12
13
15
12
15
16
10
13
14
15
14
16
14
17
13
15
15
11
17
9
19
19
15
20
15
2
6
10
12
12
4
4
8
4
10
6
10
4
4
6
14
14
14
2
6
6
10
6
6
2
4
10
6
6
6
2
2
6
16
14
14
6
6
4
4
8
16
8
4
6
6
18
18
6
4
16
4
4
4
12
14
2
4
4
6
2
14
10
8
6
6
18
6
4
4
4
4
6
10
12
10
8
4
2
10
4
4
4
10
12
10
8
4
12
8
8
4
14
16
21
8
6
6
12
6
4
2
8
6
8
6
6
6
4
4
12
4
8
10
4
4
6
4
8
16
6
2
6
14
14
12
4
12
2
8
14
6
6
4
4
14
4
8
8
18
8
6
4
4
16
14
6
6
4
4
6
10
6
4
12
12
14
14
8
4
4
14
6
4
4
4
8
16
6
8
10
6
10
4
6
4
6
18
2
4
10
4
4
6
4
12
14
10
6
10
8
14
10
4
4
8
12
8
2
6
8
10
4
6
6
4
12
18
4
6
4
18
2
4
4
10
10
6
6
6
14
6
4
4
4
12
2
6
6
2
14
10
4
2
4
4
6
6
2
4
6
6
4
20
6
18
6
4
4
14
2
4
6
8
26
6
2
12
12
4
4
6
12
4
6
4
6
20
6
8
4
16
4
4
8
4
8
18
4
6
4
6
4
10
6
6
4
4
0
0
2
4
0
4
0
4
0
2
4
4
0
4
0
4
4
2
0
2
0
0
2
0
0
4
0
2
4
0
0
2
0
0
0
6
2
0
2
2
4
0
0
2
6
2
2
0
4
0
2
2
4
4
0
2
2
2
2
2
4
2
0
2
2
0
6
4
4
4
2
2
0
2
2
2
2
4
2
2
6
0
0
2
4
0
0
4
4
0
4
11
2
0
0
4
6
2
6
6
2
0
0
6
4
0
4
0
4
5
0
4
2
0
2
2
4
0
2
2
2
4
8
6
6
5
0
0
2
2
2
6
6
2
4
2
4
2
0
4
4
7
2
8
4
2
6
0
9
2
0
0
6
2
0
0
4
2
0
0
0
4
4
2
2
4
2
4
2
2
4
2
4
0
5
4
4
2
2
4
2
0
0
2
2
4
2
4
2
3
0
0
0
0
0
0
10
4
8
2
4
0
2
0
2
0
0
2
2
0
2
6
2
2
0
10
4
0
2
2
4
0
0
4
2
4
0
0
4
4
0
4
4
2
4
6
2
2
2
4
0
2
4
2
2
0
2
2
2
4
4
4
4
4
4
4
4
4
0
2
0
2
0
2
0
0
0
0
0
0
2
0
0
2
0
2
0
4
2
4
4
0
0
4
0
2
2
4
12
10
5
4
8
16
14
14
16
12
11
11
3
8
13
14
21
15
10
2
6
25
22
28
28
18
18
16
8
8
4
10
22
23
8
15
24
18
6
16
10
8
23
8
6
23
31
14
20
10
12
14
20
14
8
22
9
8
11
14
15
16
12
18
6
18
10
28
17
37
7
8
20
3
4
6
7
8
5
8
16
11
20
12
8
16
2
3
12
16
10
14
12
12
4
20
14
19
10
10
7
21
16
12
8
6
13
22
22
10
16
14
11
20
6
6
12
6
5
28
5
8
10
16
8
8
14
22
6
8
17
19
12
24
13
6
5
15
14
8
16
24
12
12
18
8
14
4
8
10
20
20
18
26
16
18
18
12
4
14
10
16
12
14
20
8
16
12
28
2
18
8
14
8
17
8
14
27
12
8
6
8
3
6
6
9
8
28
8
10
16
9
2
8
10
22
10
15
11
8
6
3
20
26
12
12
14
8
5
11
9
8
17
20
18
22
12
12
8
6
19
6
4
18
18
7
12
14
14
15
6
12
12
10
6
12
14
10
13
6
12
18
24
6
10
13
6
14
2
14
22
12
12
10
15
16
8
12
14
18
5
12
22
16
24
14
22
4
22
24
14
29
22
17
12
20
12
22
10
24
22
16
23
8
4
14
24
2
8
2
2
0
7
2
0
0
0
2
6
0
2
4
4
2
4
0
0
0
0
4
2
59
5
0
2
4
57
6
2
4
0
0
4
6
6
4
2
0
2
2
0
4
4
4
0
6
6
2
0
4
0
0
0
6
0
2
0
4
0
4
0
2
0
4
4
0
2
2
2
0
0
2
2
0
2
4
0
2
2
3
0
0
2
2
0
2
0
4
2
0
0
2
0
0
2
0
4
6
2
0
2
2
4
0
57
4
4
0
0
0
4
0
2
0
2
1
1
3
1
0
3
2
0
0
4
0
2
4
0
4
5
0
0
1
4
2
2
2
0
4
0
2
4
0
2
2
2
4
2
2
2
57
2
4
0
0
4
4
0
2
2
8
2
2
0
6
0
0
0
2
0
0
0
2
0
2
0
0
2
4
4
2
0
2
2
0
0
0
2
0
0
5
55
0
2
4
0
0
0
0
0
2
2
2
0
0
0
4
0
0
0
2
2
0
2
4
4
2
0
4
2
4
4
4
0
2
4
0
2
0
2
2
8
2
0
2
0
2
2
0
2
2
0
2
0
2
0
0
6
4
2
2
2
4
0
0
2
2
0
0
4
2
6
2
2
2
0
2
0
0
4
2
6
2
0
2
4
2
2
2
2
2
2
0
0
0
1
1
1
1
1
0
1
2
0
2
0
2
3
3
2
1
1
1
0
2
1
0
1
0
1
1
2
1
1
1
2
1
2
1
1
2
2
0
1
2
1
2
1
0
2
1
0
3
0
2
1
0
1
1
2
1
1
1
0
1
1
0
1
1
0
1
1
1
1
2
0
1
1
1
2
0
1
0
1
0
0
1
0
1
2
1
1
1
1
0
1
1
1
1
0
1
2
2
1
1
2
2
2
1
1
2
1
0
1
1
1
3
0
1
1
1
1
0
1
1
2
1
1
1
1
1
2
1
1
1
1
1
1
1
1
2
1
2
1
1
1
2
1
1
1
1
1
1
0
1
1
0
1
1
1
1
1
2
1
0
0
2
2
1
0
0
0
0
1
1
1
1
1
1
0
0
2
1
0
1
1
2
2
1
1
1
0
1
1
1
1
1
1
1
2
2
3
0
1
2
0
1
1
1
0
3
1
1
1
1
1
2
1
1
1
1
1
2
0
2
1
1
1
1
1
0
0
0
2
1
1
1
1
1
0
0
1
0
1
0
1
2
0
0
1
1
1
2
1
1
2
1
0
1
1
0
2
0
0
2
1
1
0
0
1
1
3
3
1
2
2
0
1
1
3
2
3
1
2
1
1
1
0
1
2
2
1
1
