5
4
7
5
5
7
5
7
5
3
5
3
5
7
5
5
5
4
5
5
5
5
6
5
5
5
6
5
8
5
5
4
5
9
7
7
5
5
5
7
7
5
5
8
5
5
5
7
5
5
5
5
5
7
7
7
6
7
5
5
7
6
5
7
5
6
6
6
5
8
5
7
7
7
5
7
7
4
5
7
5
4
6
5
7
5
3
6
7
5
5
5
7
8
6
6
7
7
7
7
9
5
7
8
7
6
6
5
5
6
6
5
5
7
7
7
5
6
5
7
5
8
5
7
7
5
5
6
5
5
7
7
6
7
5
7
7
5
7
6
6
7
7
7
6
7
5
7
7
8
5
7
5
4
5
7
4
5
6
4
5
5
7
9
7
7
5
7
6
6
7
7
6
5
5
7
8
7
7
5
7
3
6
9
5
5
7
7
7
8
4
5
5
5
6
6
5
7
5
8
6
6
9
8
5
5
5
6
6
5
7
5
5
7
7
6
7
3
5
6
5
4
7
5
5
5
7
5
5
6
7
5
5
8
7
5
7
10
5
10
5
9
5
5
5
5
3
7
5
5
5
7
7
5
5
4
6
5
7
5
7
5
5
5
5
5
5
5
6
4
7
5
7
5
3
7
5
7
5
7
7
5
5
5
5
5
5
5
0
0
0
0
31
29
0
2
0
0
34
29
0
0
32
0
15
28
5
3
0
2
2
2
2
3
4
4
3
2
32
2
4
2
3
5
3
3
2
0
3
40
2
4
0
2
2
2
4
3
2
2
20
39
3
2
6
5
0
0
0
1
2
2
0
35
0
4
7
0
0
0
4
8
4
5
0
43
4
0
2
2
7
3
7
2
2
0
10
30
2
0
2
0
4
4
2
4
2
0
14
2
0
2
2
7
0
2
6
6
0
0
2
38
0
0
0
9
4
2
0
2
2
3
0
79
2
0
0
4
2
0
0
0
2
4
7
2
2
2
4
4
4
0
2
4
2
4
3
40
3
3
7
5
4
3
0
3
2
0
10
32
4
5
7
4
36
2
4
4
5
2
38
43
19
0
5
2
5
0
2
2
2
2
13
35
2
5
5
0
0
2
3
7
0
0
13
42
2
0
0
0
4
5
3
0
0
4
0
19
4
4
9
2
5
11
2
4
2
3
7
9
13
0
2
2
2
4
4
2
4
4
11
35
4
9
4
7
3
3
2
3
2
2
13
13
2
0
4
2
7
5
2
4
2
3
7
13
0
2
2
5
2
2
3
4
0
3
2
0
18
3
2
5
0
6
2
2
0
9
11
2
2
2
2
7
3
5
4
5
6
2
0
8
0
4
0
0
9
0
0
0
0
0
0
0
2
2
2
0
0
0
49
2
2
4
9
0
70
0
0
8
2
0
4
4
2
2
0
2
4
2
2
6
11
2
9
0
0
0
0
6
0
61
2
0
2
2
4
4
2
4
7
2
2
5
0
0
4
2
5
3
6
4
3
48
2
0
4
36
2
4
4
2
2
2
9
0
2
2
2
69
0
2
2
4
4
4
4
2
11
4
4
2
56
0
2
6
4
27
0
2
0
43
4
14
2
48
51
8
11
4
2
2
43
55
2
2
4
4
7
2
77
2
4
3
7
2
0
3
0
59
2
5
4
3
2
2
77
3
2
2
2
4
8
0
50
6
10
4
4
6
2
20
4
2
9
5
3
0
3
4
5
4
8
6
2
4
6
2
13
3
2
2
2
2
2
4
2
3
4
17
4
2
14
2
84
10
6
2
2
7
12
53
2
4
35
2
2
4
40
0
4
0
2
2
55
33
4
6
4
0
10
2
12
2
31
4
2
31
5
23
4
4
0
7
5
0
9
7
25
6
6
1
4
4
4
33
25
4
0
9
2
2
2
4
17
2
2
4
1
6
4
39
2
24
2
2
2
10
2
0
3
2
0
0
9
4
0
4
7
50
4
7
2
4
68
35
27
37
21
41
22
27
23
38
69
20
39
28
40
35
23
37
15
21
40
22
70
20
26
27
31
33
44
35
29
57
39
47
32
80
41
12
37
27
27
45
86
23
51
33
42
38
22
77
35
43
24
78
45
33
16
27
45
19
38
67
40
49
45
62
34
27
33
35
31
31
65
44
55
31
52
38
25
22
54
23
24
22
27
37
71
26
45
30
37
50
28
45
20
32
27
20
29
21
56
18
23
22
63
14
12
21
59
35
46
26
62
20
20
26
30
21
51
14
25
38
53
30
38
21
25
31
51
24
18
21
23
33
28
19
32
60
47
34
42
42
40
20
22
68
17
34
22
21
40
21
27
24
36
27
21
0
0
0
0
0
0
0
12
1
18
15
15
15
0
0
0
0
0
0
0
0
0
0
0
0
0
0
0
0
0
0
0
0
0
0
0
0
0
0
0
0
0
0
0
0
0
0
0
0
0
0
0
0
0
0
0
0
0
0
0
0
0
0
0
0
0
0
0
0
0
0
0
0
0
0
0
0
0
0
0
0
0
0
0
0
0
0
0
0
0
0
0
0
0
0
0
0
0
0
0
0
0
0
0
0
0
0
0
0
0
0
0
0
0
0
0
0
0
0
0
0
0
0
0
0
0
0
0
0
0
0
26
23
5
20
25
22
20
16
5
5
5
9
6
24
3
23
18
5
20
28
17
31
3
34
6
8
15
20
11
7
5
8
18
6
5
36
41
16
27
5
17
31
31
5
6
33
4
5
9
22
21
20
9
20
17
15
19
13
22
13
15
24
2
17
8
20
15
5
12
16
3
2
8
10
12
13
6
9
6
17
18
24
6
6
9
5
7
18
8
6
9
5
24
18
13
5
9
34
7
13
5
20
5
10
8
5
11
7
9
34
20
15
17
19
18
11
11
17
10
5
3
14
33
17
5
10
19
23
5
10
12
17
14
21
22
17
14
7
13
13
12
7
7
16
15
9
18
21
23
15
4
17
8
9
9
6
38
18
27
7
5
19
19
12
9
10
9
13
19
12
7
9
8
4
8
20
3
9
8
17
10
10
4
18
12
8
11
8
8
13
4
17
43
12
9
8
4
8
13
9
13
14
12
10
10
10
19
7
16
20
7
11
4
5
5
26
5
26
19
13
22
10
11
14
11
21
6
23
20
9
7
8
17
5
13
13
21
4
15
14
21
8
7
10
11
13
16
12
20
10
11
30
8
5
5
17
12
16
10
8
4
12
21
7
5
23
15
7
3
11
24
35
5
7
16
20
5
18
21
17
4
9
9
23
25
8
16
19
2
2
2
3
1
0
0
1
9
3
0
5
2
0
0
0
0
0
0
0
0
0
0
0
0
0
0
0
0
0
0
0
26
1
3
1
2
3
2
5
7
1
0
6
11
8
3
0
4
3
5
6
6
6
2
5
0
2
2
2
2
3
1
0
8
3
3
4
5
0
2
3
0
3
4
3
17
2
3
0
15
0
5
2
0
0
1
0
1
7
7
5
1
0
0
5
4
6
2
4
5
3
5
11
3
4
5
5
0
7
1
4
17
2
2
0
4
3
1
1
2
3
3
3
4
3
0
0
2
2
0
5
5
0
2
3
2
0
4
2
0
5
5
2
4
0
1
1
6
2
3
6
0
2
2
10
2
0
0
6
3
0
2
2
2
2
0
2
5
0
2
0
1
5
0
2
6
0
0
3
0
2
0
0
2
2
3
0
3
3
0
2
5
0
2
0
6
2
0
5
0
4
0
2
2
0
2
0
7
2
5
9
0
1
6
2
0
0
3
12
11
0
2
2
8
2
2
3
3
0
0
0
2
0
2
7
5
3
6
0
3
5
17
2
1
1
2
5
2
0
5
0
0
8
0
7
3
6
2
3
2
0
3
0
2
8
0
5
5
4
0
2
11
5
0
0
2
0
0
4
2
0
3
4
0
2
3
0
6
12
13
7
10
7
7
15
19
16
11
7
11
17
13
18
7
25
6
29
17
11
21
15
6
13
8
10
18
3
18
19
5
7
17
7
13
7
7
11
13
9
19
17
6
9
24
12
14
14
19
18
5
16
7
23
26
5
7
6
13
19
6
15
16
7
7
13
8
13
10
15
9
18
9
7
6
7
5
7
7
21
17
4
14
6
15
24
9
12
18
19
6
24
22
9
6
15
10
14
18
6
6
24
17
8
12
11
5
18
16
27
20
12
7
11
7
8
15
21
15
17
7
12
13
13
7
11
15
23
20
7
9
21
5
6
20
17
10
5
16
9
15
14
12
19
8
9
7
14
19
20
5
25
10
11
17
24
5
6
15
22
6
20
8
10
14
11
9
22
10
5
18
8
6
11
14
13
7
6
7
8
8
11
12
10
8
8
10
10
13
7
7
13
24
22
19
7
15
5
7
6
17
15
20
7
10
20
16
14
23
20
20
28
16
18
8
16
20
5
13
11
21
5
8
3
12
12
7
6
10
17
19
10
14
21
8
13
6
15
27
11
11
4
19
7
16
5
16
11
7
15
5
8
14
17
20
9
10
17
20
3
22
10
24
5
7
3
25
12
12
6
23
20
9
14
9
12
21
4
14
7
21
8
15
9
7
5
4
3
0
0
6
2
2
3
2
0
2
5
0
2
1
6
4
0
3
1
2
6
1
8
0
2
3
2
1
3
5
0
3
2
0
2
2
4
1
5
0
0
6
2
6
1
1
4
4
1
0
3
6
7
0
0
3
0
2
3
1
0
7
2
0
2
4
3
5
3
3
1
2
3
5
5
2
6
2
0
0
1
3
4
3
5
1
2
1
4
2
2
2
3
2
4
0
0
6
0
1
0
3
0
8
3
1
1
3
10
3
3
0
3
5
3
2
5
1
0
0
1
7
3
6
0
3
0
2
3
5
0
9
3
0
5
3
2
5
3
4
8
2
3
1
3
3
1
0
4
2
3
3
2
3
8
3
1
3
7
0
3
3
3
6
3
0
2
5
3
3
1
5
1
2
0
3
3
0
1
4
1
3
2
1
2
4
7
0
5
0
1
4
1
2
1
2
2
4
8
0
1
0
3
1
7
8
3
4
2
1
0
2
2
3
1
2
0
4
0
3
6
4
3
2
5
8
1
2
1
2
0
4
5
0
2
3
0
2
3
3
0
3
0
5
2
9
3
2
0
2
4
9
5
4
0
0
0
0
2
3
2
2
3
7
6
3
0
0
0
5
2
2
2
2
1
2
0
1
7
0
5
2
0
0
10
4
2
11
5
3
0
3
11
13
5
0
1
11
5
11
5
0
3
1
3
0
11
7
9
5
1
5
7
5
3
7
1
15
5
1
1
1
11
5
9
5
9
3
0
3
5
5
5
3
1
3
11
9
9
5
5
0
1
14
3
7
5
10
5
12
5
3
1
5
5
11
11
9
1
9
5
9
7
1
3
3
11
11
3
9
5
5
3
13
1
1
7
11
3
3
5
7
0
1
1
1
5
7
3
3
1
11
9
7
3
3
5
11
11
0
5
1
3
9
7
3
0
1
13
9
7
5
5
5
3
1
5
7
9
7
0
3
7
15
1
9
1
5
5
9
11
5
0
3
5
1
1
5
7
1
0
1
1
17
14
5
11
3
1
7
3
5
5
11
7
1
1
1
1
5
7
9
7
7
3
3
0
1
1
3
5
7
5
7
7
1
1
1
5
1
3
0
3
5
3
1
5
0
3
5
5
13
9
7
1
3
1
7
3
5
9
1
1
1
3
7
5
7
5
1
7
11
5
5
9
1
3
1
5
3
5
3
9
1
5
0
3
0
5
7
5
5
3
5
5
5
1
0
1
5
1
5
5
3
7
3
0
3
13
3
5
5
5
3
3
5
15
3
1
0
5
1
5
5
3
5
7
3
3
1
7
11
5
9
1
0
4
14
30
28
4
31
0
0
1
0
9
2
22
0
7
29
4
25
1
2
0
44
2
20
4
28
29
2
36
2
25
3
22
4
9
1
4
29
21
32
30
1
23
18
2
30
3
29
22
4
29
26
2
27
26
27
21
8
20
2
9
0
16
22
1
0
0
0
4
24
4
6
4
5
1
1
0
1
5
2
36
0
6
2
35
1
0
14
2
23
23
7
27
1
4
30
7
2
2
27
2
19
2
0
4
0
0
2
0
20
6
27
1
22
0
25
39
45
42
2
10
30
2
18
5
1
4
0
0
4
0
0
22
4
31
4
0
2
29
2
23
2
35
0
5
25
6
26
2
36
4
4
4
25
2
28
2
25
10
24
21
2
22
30
2
1
22
4
17
2
45
29
11
2
4
36
32
26
24
23
2
16
16
33
0
2
2
5
2
2
0
4
9
50
0
25
2
6
2
4
2
6
17
21
29
0
16
0
39
2
0
25
2
2
4
4
2
10
2
2
9
9
32
35
21
6
28
0
42
2
39
6
40
2
33
4
3
2
1
19
4
1
2
22
2
0
4
1
1
45
14
1
6
4
6
14
4
2
10
18
2
0
35
2
2
4
2
2
0
6
23
3
2
2
23
2
2
2
2
2
19
9
46
0
2
36
0
