13
15
11
11
15
9
11
5
11
11
15
11
9
11
13
13
15
9
13
11
13
13
15
11
13
11
9
15
13
11
13
15
13
11
15
23
11
9
5
9
7
5
15
15
9
13
13
2
15
11
5
19
13
11
17
13
9
11
13
13
27
13
13
23
9
13
13
11
11
13
9
7
13
13
21
13
5
11
11
13
15
15
9
2
4
2
3
5
9
9
15
7
11
7
15
3
15
17
9
25
13
15
5
3
2
2
2
2
2
0
0
2
3
15
15
17
11
13
13
11
5
5
5
0
5
3
3
9
3
4
0
2
5
11
7
13
15
15
11
11
11
13
13
9
17
11
15
15
15
15
11
11
5
15
15
21
13
13
15
13
11
15
15
13
15
33
11
13
13
15
15
15
11
9
11
13
13
11
13
13
15
11
11
15
17
11
13
11
11
11
9
13
13
13
13
33
13
17
13
11
13
17
17
9
13
11
15
11
17
13
13
11
7
7
5
2
3
5
5
5
5
3
5
11
27
5
7
9
13
15
11
21
7
11
13
13
13
15
9
13
15
15
11
9
13
15
17
15
15
13
11
2
2
4
5
2
3
3
3
17
29
9
13
13
13
9
11
9
13
15
15
9
9
9
15
15
13
17
7
15
15
13
13
29
11
15
15
13
80
58
60
64
47
74
55
73
89
69
74
43
78
79
40
49
88
57
67
84
57
87
51
60
77
56
76
48
53
71
60
82
65
77
68
60
78
68
87
73
80
69
61
55
53
83
47
69
53
73
85
76
58
54
72
65
70
58
55
66
60
76
0
62
72
54
54
39
49
69
54
49
59
54
45
76
50
56
54
44
86
49
57
51
32
35
58
47
54
40
85
73
42
50
63
65
49
70
44
54
43
50
69
57
55
52
48
73
79
75
28
70
35
53
49
70
77
39
43
47
20
46
62
58
47
46
27
70
70
60
46
64
54
48
60
34
66
64
52
38
64
86
49
61
51
49
61
68
58
67
55
39
44
36
50
47
42
53
49
64
72
63
51
55
82
66
67
71
50
64
66
64
39
65
82
41
63
54
58
52
35
62
51
52
57
63
46
58
64
46
53
50
45
42
79
24
34
48
54
38
32
54
58
53
47
56
62
62
38
45
60
34
78
52
45
52
88
76
39
28
79
83
56
85
44
51
58
41
72
82
82
75
50
44
80
73
72
35
62
42
83
70
55
38
60
64
67
61
54
50
51
69
37
53
37
55
65
40
74
65
57
63
83
56
67
42
50
62
52
55
55
73
46
69
62
61
71
78
57
54
70
54
53
32
71
49
59
51
11
15
13
11
13
14
6
15
12
12
12
13
15
13
15
10
4
13
12
10
17
17
17
12
21
12
15
8
17
8
6
11
8
10
10
19
21
13
13
13
11
15
10
13
13
17
17
10
8
13
13
6
21
8
10
12
6
6
10
8
8
15
4
6
17
11
8
14
17
17
19
15
13
13
10
17
31
13
17
15
10
17
19
8
12
15
8
13
13
10
8
11
19
21
10
13
10
15
12
10
6
8
8
8
8
21
19
15
13
21
11
6
8
11
13
12
12
13
10
13
8
19
21
12
12
11
11
15
21
17
17
8
17
13
19
21
6
15
10
8
11
25
8
8
10
12
10
29
13
12
8
15
15
11
4
19
21
15
19
0
8
12
8
10
10
12
13
10
17
19
6
13
13
17
13
15
17
17
13
12
13
15
4
15
12
15
13
15
12
8
13
4
8
10
19
15
17
13
17
12
11
27
15
13
6
8
11
17
17
15
11
12
15
8
23
6
10
10
21
17
8
6
8
12
17
13
10
6
8
8
8
10
10
12
6
19
11
10
10
17
6
8
8
8
9
6
8
8
10
6
8
9
6
4
13
4
6
13
9
4
10
6
4
2
6
4
6
2
4
5
6
2
4
4
6
6
2
2
7
2
4
6
4
8
8
4
4
6
6
2
0
2
0
0
4
2
0
4
0
0
4
0
2
4
2
4
2
2
4
2
2
2
4
0
2
0
0
4
4
2
4
0
2
0
2
6
2
0
2
0
0
2
0
2
2
4
0
4
2
0
0
0
0
2
0
0
0
0
2
0
0
0
6
4
6
4
0
2
2
0
0
0
2
0
0
6
0
4
0
2
0
2
2
2
0
2
2
4
0
4
4
6
2
5
6
2
2
6
4
6
0
2
2
2
0
4
2
0
4
0
0
0
4
4
2
4
0
2
2
0
2
2
0
2
0
0
2
0
0
4
0
4
4
2
0
2
2
4
0
2
4
0
0
4
2
2
4
2
2
4
2
0
2
6
0
0
0
0
4
2
4
2
2
0
5
0
0
2
4
4
0
4
4
2
0
4
0
6
4
0
2
0
4
0
6
2
7
2
2
0
0
2
2
2
0
2
2
0
4
2
0
4
2
4
4
0
2
0
2
4
2
2
4
4
2
4
8
0
2
2
2
0
6
2
0
0
2
0
2
4
0
0
0
0
2
2
0
0
0
2
2
0
0
0
0
8
0
4
2
0
2
0
2
2
0
2
2
4
2
0
0
0
4
2
0
0
0
0
0
2
0
4
4
0
6
2
0
0
2
0
0
4
0
4
2
5
55
54
49
50
44
47
55
30
56
50
51
42
47
55
43
58
60
52
54
56
54
54
56
52
57
56
52
59
54
38
51
56
55
52
50
50
51
48
59
51
56
54
53
56
54
49
34
55
25
48
55
50
51
52
47
52
46
56
56
54
56
50
57
54
49
42
44
53
50
52
47
49
33
54
34
53
55
56
49
52
47
57
60
55
43
55
50
53
54
59
32
46
60
53
47
45
54
37
47
42
57
55
54
40
54
54
49
45
58
40
51
23
53
57
56
58
55
57
46
44
32
55
48
53
52
56
55
45
54
59
35
34
53
41
55
57
52
53
48
28
56
51
51
48
58
49
25
50
54
50
54
45
54
35
52
52
38
52
44
52
49
54
54
46
40
58
53
45
57
58
57
48
53
59
51
46
52
47
57
45
57
50
38
53
56
42
45
34
52
58
52
47
53
28
56
44
52
53
49
53
52
48
52
53
49
44
49
46
45
52
45
51
54
49
55
55
49
47
50
48
54
43
49
45
37
58
54
60
28
54
49
46
56
41
48
57
55
44
50
54
53
34
58
39
52
46
55
50
48
50
52
50
47
52
54
49
49
54
52
50
48
59
53
55
48
54
54
57
48
48
54
53
49
51
55
53
56
49
47
50
53
55
53
59
59
54
50
57
8
8
13
15
10
6
43
9
8
28
12
4
6
8
6
15
15
13
15
13
11
10
15
10
13
31
13
13
23
8
17
11
13
48
13
11
31
15
17
10
27
17
19
13
21
11
44
25
31
21
36
17
11
27
19
29
8
23
27
36
15
17
15
19
15
31
23
27
29
25
32
21
29
17
21
59
15
50
34
19
27
27
15
44
29
29
36
23
44
25
42
27
50
23
21
10
13
15
19
15
6
8
6
10
6
10
10
10
15
11
4
6
8
11
10
10
10
4
6
67
4
6
4
8
6
6
8
6
6
4
8
4
8
6
6
11
6
6
4
4
11
4
10
4
6
8
2
4
6
4
6
11
10
8
6
12
8
4
10
11
8
4
8
6
8
6
11
8
10
8
4
2
8
4
4
10
6
10
10
2
4
10
6
8
10
10
10
4
4
10
8
4
6
2
10
8
8
8
8
8
8
8
11
8
6
10
8
6
8
11
6
8
12
8
6
4
8
6
6
8
10
8
11
8
13
8
11
11
11
15
12
10
17
6
6
17
17
19
11
13
10
6
15
17
10
6
13
11
8
34
13
10
8
10
8
15
8
11
10
8
10
21
17
8
8
13
11
17
10
8
13
8
11
12
12
10
8
10
40
15
8
8
6
15
8
10
10
11
23
11
14
12
15
6
17
21
8
8
13
8
12
6
13
6
10
16
8
19
10
13
15
27
17
8
31
8
12
6
19
27
6
15
26
8
6
23
21
25
13
12
17
12
16
10
19
15
10
10
17
19
14
15
23
11
31
17
6
15
17
19
11
19
14
21
19
25
27
13
19
10
6
13
31
6
23
23
29
6
27
10
22
12
14
9
6
11
31
30
13
15
19
10
11
12
10
21
25
21
10
17
6
27
8
15
10
8
6
15
19
6
23
6
9
25
31
21
17
23
22
10
30
12
17
10
21
13
31
25
4
13
29
17
26
4
6
6
12
6
4
2
7
11
12
8
6
15
8
10
10
4
8
15
4
11
8
13
4
15
4
4
8
17
6
12
9
8
10
6
4
10
4
6
6
6
6
6
2
2
6
4
4
8
4
10
4
4
2
13
11
8
6
10
8
8
6
8
10
14
13
6
9
6
10
10
13
8
6
8
12
8
23
19
13
8
15
13
4
13
23
17
23
54
13
19
11
11
11
10
19
25
13
17
17
23
19
10
9
23
28
27
25
15
15
17
13
11
11
23
17
6
15
19
15
24
21
15
14
12
14
12
18
17
21
15
13
12
24
2
19
6
11
14
13
13
15
17
8
15
25
20
17
13
6
19
13
8
1
1
2
2
1
1
2
2
1
1
2
1
2
2
1
1
2
2
2
1
1
2
2
2
1
1
1
1
1
2
2
1
1
1
2
2
2
1
1
2
2
2
1
1
1
1
2
1
2
1
2
2
2
2
1
2
1
2
1
2
1
1
2
2
2
2
1
2
2
2
1
2
1
1
2
2
2
2
1
2
1
1
2
2
1
2
1
2
2
1
2
1
2
1
2
1
1
2
1
1
1
2
1
1
2
2
1
2
2
2
2
2
1
2
1
2
1
1
1
2
1
1
1
1
1
1
1
1
1
1
2
2
2
2
1
2
1
2
2
2
1
2
1
2
2
1
2
1
2
1
1
1
2
2
1
1
1
1
1
2
2
1
2
1
2
1
2
2
1
1
1
1
2
1
1
1
1
1
1
1
2
2
1
1
2
1
2
1
2
1
2
1
1
2
1
1
1
2
1
2
1
1
2
1
1
1
2
2
1
2
1
2
2
1
2
2
2
2
1
1
1
1
2
2
1
2
2
1
2
1
1
2
1
2
2
1
2
2
1
1
2
1
2
1
1
1
1
2
2
1
2
2
2
1
2
1
2
1
1
2
1
2
1
1
2
2
1
1
2
2
2
1
2
1
1
1
1
2
2
1
1
1
2
1
1
1
1
1
0
0
0
0
0
0
0
0
0
0
0
0
0
21
17
11
42
14
49
42
31
21
16
60
18
25
21
26
11
22
31
28
27
47
48
21
30
21
49
32
44
47
42
44
79
58
85
37
50
43
34
21
20
31
24
23
43
27
30
37
27
73
36
30
13
30
56
49
26
23
47
53
29
27
21
23
38
88
23
0
37
46
19
51
30
29
37
38
0
21
28
33
27
90
42
47
32
20
14
11
29
43
48
39
73
41
35
87
16
87
44
53
60
51
21
65
0
1
26
27
44
23
36
42
27
32
14
26
44
19
30
5
35
81
37
75
68
20
78
18
29
29
79
64
67
18
18
16
53
31
15
38
39
42
32
48
0
64
28
21
74
58
49
53
61
40
78
40
47
53
47
41
73
47
40
39
43
49
45
82
78
90
49
70
92
24
27
71
66
55
74
58
34
29
29
51
27
45
52
28
42
22
41
53
89
80
85
69
20
44
82
23
38
72
58
49
72
71
18
30
24
28
12
51
25
55
44
15
35
31
42
19
50
27
45
47
18
17
11
21
12
25
27
35
20
35
41
27
17
38
45
56
21
10
10
40
29
43
26
28
37
35
7
34
11
23
20
26
19
20
21
40
18
40
42
0
24
29
36
47
28
23
18
29
52
63
18
18
36
51
63
42
41
48
44
41
40
43
29
31
39
61
48
36
42
80
76
47
44
45
36
19
37
47
45
40
31
47
42
64
33
41
42
32
31
46
54
38
46
45
51
45
44
41
35
26
34
78
48
37
40
42
46
46
47
46
39
40
31
42
41
40
39
49
48
50
34
40
35
19
44
47
43
30
40
35
48
57
43
47
42
31
29
43
40
42
36
46
51
77
37
44
39
27
32
58
38
37
42
57
80
56
34
38
58
26
21
60
40
48
38
44
41
37
45
34
39
35
29
44
49
43
40
47
49
48
25
47
44
32
51
42
49
34
85
85
50
43
46
56
30
44
41
42
45
57
43
47
48
30
45
44
43
30
38
35
42
47
55
37
49
45
87
44
44
32
47
45
45
42
58
86
81
45
44
65
38
29
56
30
54
40
38
50
78
42
35
81
33
33
46
51
48
43
50
48
47
40
56
53
43
37
42
39
51
29
44
48
58
87
46
71
33
25
24
42
46
47
56
49
43
80
63
45
45
25
34
49
73
74
45
47
41
54
66
47
23
24
23
23
28
41
90
59
44
56
34
44
28
25
15
20
33
19
23
23
34
26
23
22
24
29
25
19
25
25
23
23
24
23
44
31
54
33
49
43
49
42
23
31
42
47
49
49
43
58
