13
15
10
8
12
18
13
12
8
15
4
13
12
12
21
17
4
4
8
8
25
13
8
6
13
19
4
15
10
11
12
19
11
11
11
8
15
10
8
15
6
8
13
10
15
6
13
15
10
13
10
8
15
14
10
4
17
13
19
17
13
2
15
6
21
19
19
9
10
15
15
33
6
8
17
19
10
27
19
19
12
23
8
6
12
11
15
21
23
21
30
17
27
10
23
6
25
15
19
15
21
28
4
8
8
8
10
10
19
15
8
21
15
8
10
12
6
15
21
17
21
27
19
20
6
15
31
12
15
13
15
8
21
17
19
12
11
21
21
11
23
6
17
23
6
8
13
21
13
23
25
4
13
4
13
12
8
4
13
19
2
6
6
15
19
13
11
6
15
6
10
19
13
26
12
6
27
23
15
27
12
17
6
21
25
27
15
17
35
12
2
13
25
43
21
29
12
19
9
13
23
21
9
12
25
31
13
19
19
15
15
15
20
15
9
23
12
21
23
15
12
13
12
13
9
19
17
34
21
13
8
10
18
13
17
19
10
22
19
2
15
11
12
23
17
13
7
32
6
13
50
9
10
10
10
6
13
2
15
4
10
8
6
10
24
17
13
10
8
14
10
8
11
35
6
15
10
15
17
8
4
44
12
6
11
2
12
19
6
6
4
2
0
8
4
2
4
2
6
4
4
2
4
4
0
2
4
4
6
0
0
4
0
4
0
2
4
8
4
4
0
6
4
0
0
2
2
2
4
2
0
4
0
2
2
4
0
2
2
4
2
0
2
2
2
0
2
2
2
2
2
2
2
2
0
4
2
0
0
57
6
4
8
0
0
2
4
2
6
0
0
2
6
2
2
2
0
0
0
0
6
4
2
0
0
4
2
2
2
0
0
2
4
4
4
0
2
6
2
2
6
0
4
2
0
8
0
0
0
2
0
0
4
0
0
0
0
2
2
0
0
4
2
2
6
4
2
4
6
2
0
4
6
4
2
2
2
0
2
2
0
0
0
35
2
6
2
2
4
4
4
0
0
4
0
2
4
6
2
2
0
2
4
0
0
6
4
6
0
6
2
2
2
2
4
6
4
2
4
0
4
0
2
4
0
0
2
2
2
4
0
0
0
2
2
0
2
2
2
2
2
2
8
0
0
2
2
6
2
6
2
0
2
0
2
2
0
2
0
4
2
0
0
0
4
2
6
2
2
2
2
8
0
6
0
4
2
6
0
2
4
2
4
0
0
0
4
2
4
2
2
4
2
2
6
0
0
4
0
2
0
2
0
4
4
0
2
0
2
2
0
2
2
0
4
2
2
4
2
2
2
2
0
0
0
0
2
0
0
2
0
2
0
0
0
2
2
4
0
2
0
0
0
0
2
0
2
0
2
2
0
2
2
21
10
8
0
0
4
2
6
4
25
6
8
4
6
2
6
4
6
4
4
4
4
0
4
6
2
2
2
4
4
2
0
4
4
0
2
2
2
6
4
0
0
0
0
4
4
2
2
4
2
2
2
2
2
0
0
4
0
2
23
2
2
2
4
2
0
0
0
0
4
2
4
2
6
2
0
0
0
0
8
17
0
0
9
0
12
8
15
0
0
4
6
18
9
2
21
2
0
8
0
16
0
0
0
13
0
0
12
13
2
8
0
0
13
4
0
4
2
2
8
0
9
16
0
0
2
15
18
2
0
11
2
12
12
0
12
0
0
13
10
12
0
4
13
9
2
11
0
11
0
2
2
4
16
2
0
15
0
0
9
2
4
4
2
0
0
0
0
0
13
4
2
14
16
0
4
2
17
0
0
15
0
13
0
18
7
0
10
19
0
0
12
0
8
5
2
0
0
0
6
2
13
0
15
0
2
17
0
9
2
4
2
0
0
2
2
4
0
2
0
0
2
0
7
16
2
0
0
2
0
17
2
19
4
4
4
2
4
4
6
4
4
4
4
4
13
0
0
25
0
2
4
9
4
2
4
11
9
9
4
8
4
6
9
4
4
6
7
8
11
8
4
6
6
9
8
8
6
11
6
6
6
4
4
9
8
13
4
6
4
13
8
10
4
6
4
7
8
8
8
6
11
11
8
8
17
8
21
8
9
11
11
11
13
6
9
10
6
8
11
9
4
13
9
13
11
2
11
13
6
6
11
4
13
4
7
4
2
8
13
6
2
6
11
6
2
15
4
4
6
4
4
8
8
6
6
7
9
8
6
11
6
11
6
13
9
4
8
6
10
9
9
10
11
22
13
6
9
15
13
11
9
8
6
11
10
6
4
28
6
8
9
11
6
9
15
34
10
15
15
9
15
11
48
11
11
11
15
30
11
17
28
13
23
21
29
27
6
17
13
38
13
8
8
17
15
11
36
19
13
26
11
15
11
8
11
11
23
21
8
8
23
32
25
6
10
23
11
15
8
27
19
23
32
11
11
8
11
9
11
27
13
27
11
13
23
13
9
15
13
32
13
13
13
25
9
19
8
11
15
17
11
10
25
13
15
10
6
11
15
13
24
25
11
4
8
8
2
15
17
6
17
23
4
6
17
6
11
11
8
8
4
13
4
9
21
10
6
15
10
13
8
6
10
11
6
17
8
11
11
15
9
6
13
10
19
13
10
10
0
0
2
0
0
2
0
0
0
0
2
4
2
0
2
0
0
6
0
2
0
2
9
0
8
0
2
2
2
2
4
2
4
0
0
0
0
0
6
0
0
0
2
2
2
0
0
0
0
0
0
4
2
2
0
0
0
0
0
2
10
0
2
0
2
2
0
6
6
0
0
2
6
4
0
0
0
0
0
0
6
2
0
8
0
0
2
2
0
0
0
0
2
0
0
0
0
0
0
0
2
2
2
2
4
2
6
2
0
0
0
4
2
2
2
2
2
0
0
5
2
0
2
0
0
8
2
0
0
0
2
7
0
8
0
0
0
2
2
0
4
2
9
2
2
2
0
2
0
2
0
0
0
0
0
2
0
0
4
2
0
0
4
4
39
0
4
2
0
2
0
2
0
0
0
0
2
2
2
0
2
2
0
2
0
0
0
2
0
0
0
0
6
0
4
0
4
46
6
2
2
0
0
2
2
2
0
2
0
0
0
5
2
0
0
2
0
2
0
0
0
4
0
2
2
0
0
0
2
0
0
0
2
37
4
0
0
0
0
2
2
0
0
0
0
2
0
4
0
2
6
2
2
2
4
0
2
7
6
4
0
2
0
0
10
2
2
2
6
6
0
0
2
4
2
2
2
2
4
0
0
0
2
2
2
2
4
4
7
7
1
1
8
0
11
1
6
7
0
9
0
0
10
12
8
0
8
7
0
12
0
6
5
4
9
0
0
0
0
0
0
4
0
5
8
0
0
2
6
7
7
6
0
8
0
5
10
0
0
7
6
0
0
15
0
0
6
6
2
0
6
8
7
6
0
0
7
13
0
6
5
9
5
0
0
6
0
0
0
8
0
5
0
4
8
6
9
15
0
6
8
0
8
6
6
10
0
8
7
0
11
7
3
6
14
0
4
5
6
0
0
7
9
5
5
0
0
0
0
0
0
0
0
0
0
0
0
0
10
6
0
7
7
0
2
3
5
0
7
5
7
6
0
7
10
0
6
0
5
11
9
1
11
8
11
0
0
1
6
5
9
0
0
0
5
8
0
8
9
0
6
0
16
0
6
0
11
0
5
7
0
7
12
0
6
8
7
0
9
0
8
7
7
9
0
0
0
0
0
0
10
0
7
9
0
5
7
0
7
0
0
8
0
4
7
0
6
6
0
5
8
0
0
9
8
0
0
9
3
5
7
5
6
3
0
0
6
10
3
0
0
8
8
0
6
4
9
6
0
7
10
7
7
11
8
0
14
8
8
9
17
13
0
7
14
15
12
0
0
0
6
9
8
0
0
0
9
6
6
18
0
11
0
15
0
9
25
15
15
0
15
18
9
9
28
13
25
8
21
8
8
11
13
11
13
11
10
17
11
23
11
11
10
17
17
13
18
22
12
8
17
17
9
20
19
11
10
19
17
19
17
21
18
13
23
23
21
15
17
19
27
9
27
10
15
7
5
23
17
11
19
9
10
16
17
27
21
24
29
9
17
17
13
25
10
27
15
19
10
11
16
21
19
13
15
6
11
19
9
15
29
25
15
15
38
25
23
17
23
25
22
21
17
19
32
13
15
13
11
19
15
36
19
15
9
11
36
15
29
51
98
17
19
15
16
27
11
15
61
17
25
40
4
23
8
8
17
22
21
29
25
10
20
20
25
19
25
15
27
8
27
19
21
13
8
11
9
17
40
26
13
6
9
11
11
10
42
21
15
17
8
32
24
33
27
20
21
11
37
44
30
26
15
23
19
23
21
47
56
29
32
6
17
11
33
9
29
23
15
13
15
30
26
13
7
11
25
8
15
11
36
8
73
4
12
15
46
26
18
2
45
25
15
19
10
15
38
11
19
13
13
9
15
14
15
23
21
17
19
11
25
4
13
17
13
15
11
13
11
4
6
10
8
12
21
10
21
6
9
15
8
13
4
38
11
13
29
15
8
15
13
21
21
13
19
13
11
11
17
19
15
22
26
13
6
2
4
2
2
2
0
2
6
6
2
4
2
4
4
2
8
13
4
2
0
2
4
8
0
4
2
0
2
8
10
0
0
6
4
2
2
0
6
4
4
94
0
0
10
8
6
6
2
4
0
0
4
2
0
2
4
12
0
8
6
2
0
6
4
0
0
8
6
4
0
2
2
2
4
4
0
4
4
8
6
0
4
2
4
0
2
2
0
6
8
2
2
2
6
0
4
4
2
8
6
0
0
0
2
2
6
0
4
4
4
2
8
2
0
2
4
2
6
4
0
0
6
4
8
86
8
2
0
2
0
0
4
4
4
4
4
2
4
0
4
2
4
2
0
6
4
0
2
4
4
0
0
2
8
4
0
6
2
2
8
4
5
2
4
8
4
0
6
4
2
8
2
4
2
0
6
8
6
10
6
2
8
2
4
2
8
4
2
8
4
0
4
12
0
2
0
2
2
4
0
2
0
6
8
10
2
4
4
2
0
3
0
2
4
8
4
4
2
0
0
4
4
6
6
4
0
6
6
0
4
4
6
0
0
0
74
4
2
6
2
0
4
4
0
4
17
8
4
0
6
4
14
4
0
8
4
0
8
4
6
6
4
6
8
0
6
8
0
6
4
0
8
8
8
0
4
15
0
2
2
4
10
2
2
2
11
4
8
11
4
12
10
13
10
10
12
12
13
14
10
8
4
13
15
4
10
6
12
12
10
19
27
23
4
6
15
12
21
17
13
10
23
33
27
6
21
10
6
10
8
48
21
10
14
12
17
12
10
31
21
13
17
15
14
29
25
13
15
17
12
8
10
17
15
6
33
8
17
15
13
39
21
25
12
10
15
17
48
13
27
33
12
12
10
39
21
10
6
8
17
12
15
27
21
19
27
25
23
17
21
12
15
21
23
19
17
19
8
32
13
29
36
25
12
29
44
8
27
12
13
37
25
19
15
37
12
19
8
12
10
9
15
21
29
12
14
46
19
21
29
12
19
35
12
25
42
37
25
27
33
25
19
37
38
27
17
27
15
37
17
41
46
10
48
33
29
38
44
10
13
17
42
12
13
13
10
10
15
38
37
10
10
50
48
37
98
13
27
25
32
19
37
19
23
35
13
25
21
12
21
17
2
29
50
37
33
10
31
23
17
36
38
8
19
25
13
21
29
27
17
37
15
12
37
31
6
11
25
8
13
12
11
29
27
11
29
23
21
15
17
23
27
13
23
17
10
10
21
50
11
6
6
8
10
33
8
12
10
8
8
10
32
8
10
6
6
10
35
10
37
10
10
8
36
4
4
10
6
6
10
4
6
8
8
6
0
1
1
0
0
1
0
0
1
0
0
0
0
1
0
0
1
5
0
0
0
0
0
0
1
3
0
1
0
0
1
1
0
0
0
0
1
1
1
1
0
0
0
3
0
3
0
0
0
13
16
9
15
17
41
11
9
13
11
11
7
8
18
15
77
40
40
9
18
22
9
7
15
13
14
16
55
7
17
59
14
59
11
10
9
32
40
22
11
15
7
11
15
18
13
62
9
45
14
5
11
5
10
17
9
11
9
30
9
13
34
16
52
12
11
7
82
41
72
11
26
12
11
10
16
17
7
22
9
65
56
41
17
14
17
12
7
29
71
24
15
13
20
11
12
11
7
9
11
19
11
14
10
7
7
11
12
9
78
54
72
62
22
9
81
11
74
9
15
45
14
16
26
13
13
21
9
11
9
9
36
14
22
5
15
21
47
9
9
11
68
68
11
20
12
21
46
34
15
32
30
19
18
9
13
21
14
9
20
32
11
7
70
82
9
33
15
61
8
11
9
15
9
18
10
12
9
14
20
9
9
74
41
15
37
11
7
12
12
9
49
8
26
17
24
18
11
13
9
9
10
57
9
60
30
11
18
68
9
5
5
13
71
18
14
11
15
13
15
13
11
5
7
9
7
11
17
76
28
9
41
34
26
37
20
23
26
36
