16
8
6
22
6
6
6
15
6
6
4
4
4
4
6
4
4
8
10
8
2
6
12
4
4
12
6
8
6
14
6
8
4
10
14
4
2
6
6
8
8
24
4
49
10
4
4
8
10
14
8
6
4
9
2
27
12
18
10
12
4
12
6
31
6
20
12
14
8
8
14
12
16
16
8
12
14
18
10
10
12
12
12
11
26
12
6
8
10
19
14
12
10
8
14
12
12
14
14
18
20
12
21
12
21
14
10
14
10
16
27
31
12
14
14
4
2
20
4
17
8
6
43
15
14
10
14
8
18
18
8
10
10
12
16
17
12
8
14
12
16
10
8
18
20
24
24
16
6
16
6
10
16
6
2
23
14
12
10
8
16
23
19
14
8
6
14
37
19
15
22
16
19
18
10
12
6
12
24
14
45
8
6
20
14
10
14
6
8
22
14
23
25
10
18
10
16
20
16
6
10
20
8
10
18
8
6
10
16
23
6
19
29
12
14
10
10
10
8
16
8
14
12
16
10
8
6
4
4
6
6
6
6
14
12
12
6
8
8
14
14
10
12
2
10
12
10
4
6
10
8
8
8
6
6
10
15
10
16
12
6
10
19
6
10
8
6
6
8
6
8
8
4
4
6
8
12
8
2
17
6
2
4
6
8
10
10
6
5
3
7
3
3
7
3
11
3
5
3
2
3
5
0
3
3
7
3
3
5
3
11
5
0
5
5
7
2
5
3
3
3
3
3
0
3
0
3
9
2
13
2
5
5
13
3
41
5
3
5
7
7
5
9
3
7
2
5
7
5
11
3
5
5
3
5
7
9
5
5
13
5
13
5
11
7
5
5
13
5
2
9
9
9
15
11
15
7
7
11
5
13
3
7
17
9
11
7
7
7
3
9
3
5
3
5
7
5
13
13
11
5
7
3
5
11
13
15
7
5
5
9
5
31
11
5
9
3
13
13
17
9
7
11
15
11
9
4
11
3
17
9
2
19
15
7
5
5
13
11
7
13
17
11
9
5
29
5
11
17
7
13
11
9
15
11
13
19
7
17
17
17
5
15
5
15
7
7
9
9
11
9
19
7
15
5
11
7
5
9
13
13
7
9
13
11
7
2
9
13
15
7
13
7
9
15
13
9
7
11
9
11
15
11
19
13
5
9
13
11
5
7
15
5
9
19
11
9
5
11
17
9
5
13
7
5
9
7
3
9
7
21
7
17
3
5
5
5
5
9
3
5
9
2
5
2
9
7
7
2
2
15
2
5
7
5
3
5
7
3
4
3
9
5
7
7
7
5
5
15
5
0
15
9
2
11
0
0
2
2
0
0
2
2
2
0
0
2
2
2
0
0
0
2
2
0
2
0
0
0
0
2
2
0
0
0
2
0
2
0
1
2
2
0
0
2
0
0
2
2
0
0
2
2
0
2
2
2
0
2
2
2
2
0
1
2
2
0
0
0
0
2
0
2
2
2
1
2
2
0
0
1
2
0
2
0
1
2
0
2
0
2
0
0
0
0
0
2
2
0
0
2
0
2
0
0
0
2
0
0
2
2
0
1
2
2
2
2
2
2
2
2
0
2
1
2
2
2
2
0
0
0
0
2
20
1
2
0
0
2
1
0
0
2
0
2
2
0
0
0
2
0
0
0
0
0
0
2
2
0
0
2
18
2
0
0
8
2
0
2
1
2
0
2
2
0
2
2
0
0
2
2
2
1
0
2
2
0
1
0
0
0
2
0
2
0
0
2
2
2
2
2
2
0
2
0
0
2
2
2
0
0
0
0
2
2
2
2
2
2
2
2
0
2
0
0
2
2
0
0
2
0
2
0
2
2
2
2
0
0
2
2
1
2
0
1
1
0
2
2
0
0
2
0
0
0
0
2
2
2
1
0
2
0
0
2
2
1
0
0
0
2
2
0
0
2
0
1
2
0
0
0
2
1
0
2
0
15
1
2
0
2
2
2
2
0
2
7
0
2
57
2
5
2
18
23
15
26
46
46
56
9
8
4
1
12
18
10
5
2
5
26
17
12
3
18
2
29
26
45
4
4
2
5
0
0
10
9
9
8
3
3
0
7
17
25
2
20
1
23
0
6
2
3
2
1
16
27
1
3
2
1
2
3
6
9
2
2
4
2
4
2
20
8
4
0
9
9
2
4
2
15
0
3
9
4
0
0
3
32
2
7
7
5
0
0
13
37
20
3
5
5
6
7
2
4
7
0
33
5
11
7
4
11
0
3
80
4
5
0
2
0
18
2
4
4
36
65
2
7
2
7
29
33
4
11
2
26
0
2
2
2
8
2
4
21
18
39
14
16
5
1
4
3
4
0
0
20
31
21
12
14
13
0
5
0
5
2
0
4
10
30
4
19
34
2
14
7
13
4
42
4
11
25
0
2
2
2
4
16
0
0
3
0
0
27
3
4
20
41
17
5
4
3
6
2
2
2
0
4
5
0
4
29
15
0
62
20
21
22
0
4
4
0
2
20
5
9
33
7
35
33
0
2
2
6
4
5
7
4
0
0
27
4
0
1
3
0
2
9
11
6
0
3
2
7
14
6
31
0
21
2
4
13
0
9
26
3
2
2
4
3
3
34
14
3
22
2
0
0
29
2
63
0
0
1
2
0
4
4
2
4
3
4
5
0
4
1
0
4
5
2
5
0
2
2
0
0
0
0
0
2
4
5
0
0
4
2
4
0
6
0
4
3
5
2
2
2
2
2
2
2
0
2
0
4
2
0
2
2
2
0
4
0
0
0
0
0
0
5
4
2
4
4
6
0
4
6
3
2
3
1
2
0
8
2
2
0
0
2
1
6
2
2
2
4
2
0
0
0
8
2
0
3
2
0
2
3
9
2
2
2
0
0
2
0
0
5
2
2
0
0
0
2
3
0
7
0
2
0
0
0
0
0
0
2
8
2
2
0
2
5
2
2
4
2
0
0
2
2
0
0
2
0
2
5
2
0
2
2
4
0
0
4
2
4
0
0
1
2
4
0
4
4
0
0
2
5
0
2
0
0
2
2
0
2
0
0
2
1
0
2
2
4
2
2
6
0
3
2
1
0
1
0
2
2
2
3
2
2
2
0
0
2
6
3
2
0
2
0
0
2
0
0
0
0
2
3
3
0
2
2
3
6
2
4
4
2
2
2
0
2
0
0
0
0
2
0
0
10
2
0
0
0
2
2
2
0
0
2
0
0
0
0
8
0
2
0
0
0
0
0
1
0
2
0
0
0
0
0
0
0
2
2
2
0
0
0
9
4
0
0
0
0
0
5
5
5
7
0
5
0
5
7
5
0
7
0
0
0
5
7
0
0
0
0
0
5
0
0
5
7
0
0
2
5
3
5
7
0
5
0
0
5
5
0
0
7
0
0
5
0
0
11
5
0
0
0
7
5
5
0
0
5
2
5
0
0
0
0
0
7
0
0
0
2
0
5
0
0
0
0
5
5
0
2
0
5
13
5
0
0
0
0
0
9
0
0
5
0
0
5
0
2
2
0
0
5
5
7
0
7
0
5
0
3
5
2
2
5
0
0
0
2
2
7
0
5
7
5
0
0
0
5
5
92
5
7
0
0
5
0
3
7
0
0
0
2
5
0
5
0
7
2
5
0
5
0
2
0
9
0
0
0
0
7
7
3
7
0
7
7
5
5
7
5
5
0
7
0
7
5
7
0
7
5
0
1
5
0
5
7
5
0
2
2
5
7
5
5
0
0
1
5
5
2
0
0
2
7
5
0
5
0
5
2
0
7
5
0
5
7
7
0
0
0
5
0
5
5
0
3
9
5
0
3
7
0
0
2
2
5
7
9
5
9
0
3
7
7
5
0
7
7
7
5
5
0
0
5
0
5
7
7
5
7
5
5
9
0
5
0
5
5
3
0
7
11
5
9
5
98
7
5
9
5
0
0
5
27
19
19
12
27
24
4
21
17
15
21
6
21
10
15
13
21
17
19
15
17
17
17
19
19
15
17
12
34
12
21
12
13
21
17
31
29
13
19
17
25
15
13
12
21
13
33
21
13
19
11
23
23
35
31
38
21
19
23
19
12
19
27
27
23
25
19
13
12
19
38
12
27
25
17
33
13
31
13
23
10
25
33
17
12
34
15
35
10
17
15
19
37
37
37
27
17
19
17
12
25
25
31
25
27
25
17
23
11
30
33
23
40
21
12
50
33
19
19
17
44
21
19
15
35
36
8
60
52
56
23
46
32
21
21
23
15
15
48
17
19
44
19
25
38
21
25
15
12
29
46
36
15
31
46
11
32
23
17
30
13
17
12
17
50
11
21
33
23
19
35
31
19
17
37
15
15
25
17
36
27
37
48
21
38
21
19
15
13
21
38
25
29
38
25
23
40
29
40
21
15
25
25
33
21
19
40
23
21
11
13
11
33
15
19
27
11
15
15
12
19
13
21
23
11
21
6
13
21
17
10
23
21
13
19
17
8
17
23
31
27
15
15
23
37
30
13
21
27
21
23
15
43
8
11
23
25
10
11
15
29
8
10
10
10
13
11
10
15
10
23
15
17
10
17
10
12
29
17
19
12
19
19
38
23
21
13
6
1
3
1
5
1
3
1
1
3
2
1
2
3
3
2
1
2
5
7
0
3
5
7
3
3
7
1
5
5
0
6
3
1
3
0
1
6
1
7
1
3
1
3
2
0
0
5
3
5
3
0
1
1
5
5
1
3
0
0
1
3
3
3
1
3
5
0
1
3
7
1
1
7
4
5
1
5
3
7
4
3
0
3
1
1
1
3
1
3
0
1
5
1
0
4
7
2
4
5
3
7
0
2
3
3
1
3
1
1
1
1
0
1
4
1
3
3
7
1
3
4
3
6
3
5
7
3
1
4
7
5
7
1
1
0
1
0
3
2
2
3
1
7
1
0
1
0
7
3
4
1
3
2
5
3
0
3
3
0
5
1
7
1
1
4
3
1
7
5
5
3
1
1
5
1
0
5
1
0
5
5
3
3
3
1
3
2
2
5
0
5
9
1
1
6
1
2
0
1
3
3
1
2
1
7
4
1
5
0
3
1
3
3
1
7
1
5
1
1
0
3
3
3
1
1
3
4
1
3
0
3
0
3
0
2
3
3
9
7
5
3
3
2
7
0
2
4
2
1
3
7
3
0
5
7
7
0
2
3
1
0
1
5
2
2
3
5
3
7
2
1
0
7
4
4
0
3
3
0
7
5
3
5
1
3
3
1
1
64
65
69
70
70
68
68
70
68
70
68
69
68
70
68
69
70
71
72
69
69
72
71
72
71
70
67
72
72
68
68
72
69
70
68
68
73
71
70
68
66
68
69
74
72
70
70
68
70
68
68
68
68
73
72
68
70
66
64
64
72
72
70
69
70
70
72
66
66
65
66
62
65
64
66
66
64
68
68
68
68
70
68
69
64
66
64
66
66
63
70
68
66
63
66
69
66
66
60
68
64
66
66
67
66
66
61
66
65
64
64
67
71
70
66
70
69
70
68
60
72
67
69
72
67
67
70
66
67
63
64
64
65
71
65
68
68
70
70
64
64
66
68
67
68
68
68
72
68
68
62
70
67
70
68
70
69
69
66
69
70
68
68
62
69
67
70
72
68
69
70
68
64
68
60
61
66
64
56
61
60
66
66
68
64
65
68
66
70
69
60
74
72
66
70
64
64
72
71
66
64
68
70
70
70
70
70
70
66
70
68
65
68
65
68
72
72
64
66
66
65
66
68
66
68
60
62
69
60
68
68
64
49
52
66
62
60
63
58
67
70
41
64
66
53
61
63
64
64
63
62
65
68
67
68
64
62
71
64
64
62
63
66
64
66
64
66
66
72
64
65
64
68
66
68
69
59
69
70
66
60
54
70
59
64
68
64
67
2
2
6
0
8
6
2
0
2
0
2
6
2
6
6
4
4
2
0
10
4
2
2
4
4
7
6
2
4
2
6
8
19
4
15
7
6
4
4
4
17
2
2
2
8
2
6
8
2
0
0
8
6
13
17
6
0
4
6
6
4
2
9
2
10
6
8
2
0
2
17
4
2
22
6
2
6
15
2
8
2
2
40
2
8
13
0
0
13
2
2
6
2
4
4
4
2
2
2
0
4
2
0
13
4
0
2
2
4
4
8
2
4
4
19
11
2
0
6
10
2
0
0
4
4
2
2
2
4
2
0
15
0
6
6
0
6
8
2
2
0
2
4
0
4
0
2
2
7
4
2
4
0
2
0
2
2
2
0
12
2
4
0
4
2
2
2
2
0
4
4
0
17
6
0
2
2
4
0
4
2
0
0
0
6
9
5
0
10
11
4
4
2
4
2
0
0
0
13
17
4
0
8
6
2
4
0
0
2
0
13
0
4
2
0
2
0
4
2
4
4
6
2
2
21
4
8
2
2
4
0
2
19
2
2
2
2
14
16
14
17
0
6
8
6
6
4
4
0
4
41
30
2
7
24
2
3
4
4
0
3
21
5
11
0
14
14
5
2
4
4
6
0
4
4
21
2
4
6
2
8
2
4
2
0
29
4
9
