1
6
14
8
3
14
1
2
2
3
8
8
2
5
4
2
2
4
5
4
4
6
1
4
7
3
4
4
5
5
3
4
2
3
15
3
2
1
1
2
2
2
2
3
2
9
1
6
1
1
4
1
1
3
2
4
8
14
4
1
1
0
3
2
5
1
2
5
3
4
1
8
10
19
5
5
2
2
3
3
6
2
14
3
2
10
1
7
2
2
4
5
2
4
10
4
4
5
4
5
2
5
3
5
4
9
12
5
8
5
2
7
5
5
13
5
2
6
5
5
2
3
3
6
3
4
20
4
3
5
5
4
3
2
3
4
6
5
3
6
14
5
10
2
1
7
3
2
12
2
3
2
3
5
4
5
2
1
3
14
3
3
3
4
0
7
2
3
2
1
1
6
5
3
2
5
6
0
3
7
0
5
3
1
3
2
2
3
1
5
12
4
5
3
2
3
4
3
1
6
3
1
1
4
14
3
0
2
14
2
0
7
6
4
2
4
3
3
14
5
0
0
3
4
2
4
19
3
1
2
4
6
7
0
2
3
4
4
0
2
4
2
3
4
9
3
0
3
11
5
5
2
2
2
3
2
4
4
9
3
0
13
1
1
7
6
3
3
3
3
2
3
3
13
1
2
4
5
1
2
5
4
2
3
2
3
10
3
0
4
2
0
4
2
0
2
0
2
2
2
2
2
0
2
0
2
4
2
2
2
0
2
2
4
2
2
0
2
2
2
0
0
4
0
0
2
2
0
0
2
2
5
4
2
0
2
2
4
2
0
2
2
2
0
2
2
2
2
2
2
2
2
0
2
2
4
0
0
2
2
0
4
0
2
4
4
2
0
2
4
0
4
4
2
2
2
2
2
0
3
4
2
0
2
4
2
2
0
0
2
0
2
4
2
8
4
0
4
0
0
2
0
0
2
2
2
2
0
0
2
2
2
0
0
0
0
0
0
0
4
0
0
0
2
0
4
0
0
0
2
0
4
2
0
6
0
0
0
0
0
2
6
2
4
2
0
2
2
0
0
4
2
0
2
2
2
6
0
2
0
0
4
2
2
0
0
0
4
2
0
2
2
0
2
0
4
8
2
7
0
2
2
2
0
0
0
0
2
0
0
0
0
2
0
0
2
0
0
2
0
2
2
0
2
4
4
2
2
2
0
4
0
0
6
2
0
0
8
0
4
0
0
0
0
0
0
2
2
0
0
2
0
2
4
2
2
2
0
2
4
2
4
0
4
2
4
2
4
0
4
0
2
0
2
3
0
4
2
0
4
2
2
6
0
0
0
0
4
2
4
2
2
2
2
2
2
2
5
5
2
5
28
5
16
0
3
18
0
0
16
9
5
0
5
0
0
7
5
5
4
4
0
2
2
2
0
5
7
0
0
0
11
5
16
11
12
9
0
0
11
2
9
5
16
5
3
2
6
4
6
15
3
3
13
6
3
10
2
10
16
12
13
6
11
10
12
11
0
17
3
5
1
3
2
0
8
0
0
49
0
0
0
1
3
7
0
6
7
3
3
20
34
15
12
15
5
0
24
17
5
2
2
41
1
17
12
9
10
3
5
13
23
12
19
5
14
21
3
3
3
0
3
19
0
2
5
6
10
0
17
7
5
36
13
3
13
5
6
0
18
5
24
13
12
3
3
3
0
8
35
23
0
5
15
2
3
26
3
0
10
7
13
0
0
9
6
5
16
4
5
3
22
10
10
11
3
0
5
1
3
11
3
0
7
36
24
34
6
3
7
38
17
6
8
13
16
10
7
19
42
13
15
17
7
11
10
0
2
5
3
0
9
1
3
8
6
0
9
14
11
5
18
11
0
3
1
4
8
4
20
11
3
0
20
2
9
8
2
2
6
11
5
5
5
0
3
3
10
8
0
0
0
2
5
2
0
11
9
2
3
5
7
10
8
5
0
11
10
25
7
16
10
8
0
3
1
8
4
3
0
8
7
8
7
27
0
36
41
28
61
0
0
34
48
0
34
22
0
0
24
40
0
0
0
30
31
37
32
59
28
26
28
0
36
0
0
0
37
33
36
0
18
0
3
0
39
0
0
44
53
27
0
0
20
1
7
22
23
0
0
0
39
0
35
20
0
0
4
28
36
43
0
31
26
32
33
12
21
12
0
24
66
0
0
33
16
0
9
22
22
12
38
0
19
0
2
26
38
39
82
21
0
15
26
19
0
0
0
28
33
34
61
21
0
0
29
40
41
0
0
25
41
13
31
15
0
0
2
20
0
50
0
0
23
26
0
3
3
0
15
0
0
0
0
1
20
0
25
24
0
4
14
14
0
32
18
23
33
44
27
0
24
0
8
19
16
16
0
27
15
21
15
0
31
20
0
0
15
0
16
24
20
21
0
26
6
20
7
13
0
12
17
20
0
18
0
15
15
0
13
0
18
15
19
13
2
24
21
16
12
0
0
0
10
16
0
0
0
26
20
18
0
23
13
10
14
0
13
12
1
0
0
14
0
17
0
0
13
18
13
0
12
3
18
0
17
14
0
0
18
0
14
16
19
0
24
20
37
14
0
15
11
6
0
0
26
22
17
0
23
22
16
0
21
5
12
15
25
0
0
21
15
0
14
17
1
10
0
19
9
19
0
6
6
4
10
6
6
8
2
6
4
8
4
8
2
6
2
2
4
2
8
4
4
8
4
2
8
2
4
8
2
6
2
4
8
10
8
4
4
8
6
8
8
4
8
6
4
6
10
6
10
8
4
6
6
4
8
6
6
4
8
6
6
4
8
6
0
2
6
2
6
4
2
4
10
6
4
10
4
6
8
8
0
8
2
2
2
4
8
6
8
6
4
2
6
6
6
4
4
4
10
8
2
8
10
10
8
4
8
10
6
4
6
4
2
4
8
6
4
12
8
10
6
4
6
6
4
8
10
10
8
10
8
6
8
8
8
6
6
6
10
6
10
4
4
10
6
8
6
4
4
4
4
8
10
6
6
4
8
8
4
2
4
4
4
8
6
8
8
2
8
4
2
6
2
6
8
6
6
6
10
2
6
8
6
6
6
6
8
8
8
8
6
6
8
4
4
10
2
2
2
8
8
8
6
2
8
6
6
6
2
4
4
8
10
2
4
8
6
6
2
4
4
4
6
6
4
6
6
12
10
8
4
8
4
6
4
2
4
4
10
0
2
4
6
2
4
10
8
6
4
8
8
6
6
10
2
4
4
8
10
6
6
6
4
6
10
2
6
4
2
0
6
10
10
2
4
8
10
8
8
6
6
4
10
6
4
8
12
0
2
2
2
2
0
2
2
0
2
2
0
0
2
2
2
4
0
2
2
2
2
2
0
0
2
2
4
0
4
4
4
2
2
4
2
0
2
0
2
2
2
0
2
2
2
4
2
2
4
4
0
2
0
0
4
2
0
2
0
4
4
4
2
0
4
2
0
0
2
4
0
2
4
2
2
0
4
0
2
2
6
2
4
0
2
2
2
0
0
2
0
2
2
2
2
2
4
4
2
0
2
2
2
4
2
0
2
2
0
0
0
0
2
2
2
4
4
2
4
0
4
0
2
2
0
2
0
0
2
2
4
2
2
0
0
0
2
2
2
2
0
0
0
0
2
4
2
4
0
2
0
0
2
2
0
0
2
6
2
4
2
2
2
0
0
0
4
2
0
2
2
2
4
0
0
2
4
2
0
2
2
0
0
4
6
0
0
4
0
0
0
4
4
4
2
2
0
0
0
0
2
2
4
0
0
2
2
0
0
0
2
2
2
0
2
2
0
0
2
2
0
0
2
4
0
0
0
4
0
4
2
2
0
2
2
4
6
2
0
0
0
0
2
0
0
0
2
4
0
2
2
2
2
2
0
2
4
2
2
0
2
0
2
2
0
0
2
0
2
6
2
0
2
4
2
0
2
6
4
2
0
4
2
4
0
0
0
2
0
2
2
5
0
2
3
2
9
0
9
2
0
2
2
3
6
7
4
2
0
0
2
2
12
0
0
2
0
2
5
0
0
2
2
5
0
0
7
0
3
4
2
0
3
5
4
4
4
6
0
4
2
2
4
6
2
7
2
4
7
3
2
2
10
0
6
4
2
2
5
2
2
4
2
2
2
4
3
0
0
2
4
8
4
0
2
2
5
4
4
0
4
2
4
0
4
0
0
2
4
2
4
7
0
2
2
4
2
5
7
8
4
5
4
4
2
2
3
2
2
2
2
2
3
3
4
2
0
4
2
2
2
0
0
4
2
0
2
4
4
4
0
3
2
3
2
4
2
2
4
2
10
4
4
2
0
4
0
9
8
4
2
2
0
0
2
2
3
4
0
4
6
8
3
2
6
5
2
0
4
4
3
0
8
0
2
4
2
2
2
4
4
4
5
6
0
4
8
5
2
2
5
2
6
8
0
4
2
2
4
4
2
2
3
12
11
0
2
2
0
0
0
0
4
21
0
2
12
0
4
2
2
0
0
3
3
3
2
2
0
2
0
2
0
3
4
0
2
2
4
2
2
0
2
0
2
2
5
4
2
0
4
9
24
2
2
2
0
6
2
0
4
2
3
0
2
2
0
6
4
2
7
2
8
2
3
29
32
36
19
34
33
43
29
23
42
25
42
17
10
27
4
24
29
38
44
42
32
29
19
12
45
27
38
72
36
54
39
87
30
43
73
48
43
27
47
41
66
33
35
39
39
37
27
52
43
60
78
69
46
46
30
42
34
45
40
54
55
45
23
34
37
44
37
27
45
39
17
23
91
31
23
65
52
50
25
29
32
26
17
52
58
34
27
51
37
89
41
37
73
23
46
44
33
39
48
32
49
32
26
33
31
17
31
30
87
50
42
39
66
45
34
41
32
24
25
27
27
45
36
75
43
39
29
31
28
36
53
39
40
60
77
32
58
26
39
41
34
25
31
52
27
96
58
60
54
26
31
29
43
23
40
22
31
46
58
70
38
31
44
26
37
25
29
49
16
73
50
43
77
61
41
42
57
47
49
44
46
15
46
50
49
99
43
50
26
34
46
51
55
66
37
22
88
25
38
42
39
26
41
51
65
46
27
64
43
50
29
41
27
34
45
45
42
79
52
48
50
31
72
40
27
35
17
30
47
29
27
29
73
30
34
44
46
34
35
25
39
42
38
49
44
73
45
65
37
42
53
29
41
49
47
59
58
39
52
96
19
40
51
84
25
32
38
26
25
32
58
34
37
33
47
81
14
33
51
31
32
38
45
37
35
33
42
4
2
2
2
4
0
2
2
6
2
2
2
2
2
2
2
2
0
4
2
4
0
0
0
0
2
4
0
2
0
2
0
2
0
0
0
2
2
2
2
2
0
2
4
0
2
0
0
2
4
2
2
2
2
2
0
2
4
4
0
0
4
2
2
2
2
2
2
0
0
2
2
2
2
2
2
2
2
0
2
0
4
0
2
2
2
2
0
2
2
2
0
2
2
0
0
2
2
4
2
2
0
2
0
2
2
4
0
2
2
2
2
2
2
2
2
0
0
2
0
2
0
2
2
2
2
2
0
2
2
2
0
0
2
2
4
4
0
2
0
0
4
2
2
4
2
0
2
2
2
2
0
2
4
2
0
2
0
0
2
0
2
4
0
0
2
2
4
2
0
2
0
2
2
0
0
0
2
2
2
0
2
2
2
2
0
2
2
2
0
0
0
0
2
2
2
2
2
4
2
0
2
4
2
2
0
2
2
2
2
2
4
0
2
0
0
0
0
0
2
2
2
4
2
0
2
2
0
2
2
0
2
2
0
2
2
2
0
2
2
2
0
2
2
0
2
2
0
2
2
2
2
4
4
2
6
0
2
2
2
0
2
2
6
4
4
2
2
2
2
2
2
2
2
2
0
2
2
2
2
0
2
0
0
0
2
6
2
2
0
2
0
2
0
2
0
0
2
0
2
4
0
2
0
2
2
2
2
0
0
2
0
2
2
0
8
2
2
6
0
0
0
0
2
2
0
2
2
0
2
2
2
2
2
2
2
0
2
0
0
2
2
0
0
6
2
0
0
0
2
2
2
0
2
2
0
0
2
2
2
2
0
0
0
0
2
4
2
0
4
2
0
0
2
0
2
2
0
0
0
2
2
0
0
0
0
0
0
0
2
0
0
0
2
2
4
0
2
0
4
2
2
0
2
2
0
2
2
0
0
0
0
0
2
0
0
0
0
0
2
0
2
2
2
0
0
0
2
0
2
0
2
0
2
0
4
0
2
2
2
39
2
0
2
0
0
4
2
0
2
2
2
0
2
2
2
0
0
2
2
0
2
0
2
2
4
2
0
2
0
0
0
0
0
0
4
2
0
2
0
2
2
2
4
8
2
2
2
0
0
0
2
2
2
0
0
0
0
0
0
0
2
2
0
2
0
4
4
0
2
0
0
0
0
0
0
0
0
2
4
2
0
2
0
2
0
2
2
2
0
0
2
0
0
2
0
0
0
0
2
0
0
0
4
2
0
2
0
2
0
0
0
0
0
0
0
2
2
2
2
0
0
2
2
2
0
2
2
0
2
0
2
2
2
0
2
