2
2
1
1
2
2
3
0
2
4
5
0
7
3
3
2
7
7
2
4
4
4
4
4
6
4
3
3
0
4
5
10
4
0
4
6
2
6
4
2
6
3
5
5
3
6
5
4
9
5
5
12
5
2
4
8
9
2
10
6
5
5
5
3
2
5
2
8
0
4
5
2
4
2
4
2
4
2
4
3
4
2
4
4
4
6
4
4
5
2
5
4
2
5
2
6
2
7
4
2
1
2
30
23
7
4
6
5
6
3
4
5
6
2
5
0
2
4
4
4
2
5
8
2
4
5
5
4
9
2
3
6
2
3
2
2
9
4
6
3
3
4
2
3
4
7
7
2
2
6
6
6
9
7
6
7
2
5
7
4
4
6
13
2
4
2
1
4
4
5
5
4
3
4
4
7
6
5
4
6
5
3
5
0
2
1
5
2
6
4
4
9
4
8
7
4
5
2
0
4
2
4
2
2
4
2
5
4
2
2
7
5
5
4
6
3
4
2
5
1
5
2
4
3
2
4
6
3
4
38
4
2
4
2
4
4
4
4
4
2
4
4
7
4
2
5
2
2
2
6
5
5
3
4
4
2
2
2
4
2
2
5
7
9
6
5
4
3
2
3
4
2
2
6
2
2
5
4
7
4
3
0
5
7
4
2
2
2
5
2
0
2
0
2
2
4
2
15
4
27
2
2
2
4
4
2
0
6
0
6
2
2
2
2
2
2
2
4
31
6
4
0
2
0
0
4
2
2
4
4
2
0
2
4
8
2
21
2
4
2
2
0
0
4
2
2
2
2
4
2
2
2
2
43
2
2
4
4
0
2
2
2
0
2
4
6
0
2
2
4
2
4
2
2
8
4
2
0
4
2
2
4
4
4
8
2
2
0
0
4
8
4
2
4
2
4
0
8
4
0
50
4
6
4
2
8
4
6
2
2
2
2
4
2
4
4
2
0
2
2
4
0
4
4
0
4
4
2
8
6
0
2
4
4
8
2
4
0
6
0
2
4
4
2
2
0
0
2
2
2
0
4
4
2
2
0
2
4
2
2
2
6
2
4
2
2
6
6
2
4
6
0
4
4
6
2
2
2
2
0
6
2
2
2
2
2
27
0
0
2
4
4
2
4
40
0
0
6
0
2
2
4
2
2
4
4
2
4
4
2
2
8
2
2
4
4
0
19
2
2
2
2
4
0
2
0
2
6
2
4
4
2
2
4
2
57
0
2
0
0
4
4
4
4
0
4
4
4
0
2
0
2
10
42
4
4
0
4
4
4
0
4
4
2
4
0
4
0
2
4
0
0
2
15
2
2
0
0
2
0
0
2
0
2
0
0
0
2
0
5
0
0
0
3
0
0
2
0
0
2
3
2
0
0
0
2
0
0
2
0
2
2
0
4
0
0
2
0
0
0
2
0
0
0
0
7
2
0
2
2
0
2
0
2
2
4
0
2
0
0
0
2
2
0
0
0
0
0
0
0
0
4
0
2
4
0
2
20
0
0
0
0
7
0
0
2
0
0
0
2
3
3
0
0
0
2
0
2
0
4
2
0
0
2
0
0
2
2
0
2
0
0
0
0
0
2
2
0
0
2
0
0
2
0
2
0
0
2
0
2
0
2
2
0
0
4
2
0
2
13
0
0
0
2
4
2
2
0
0
0
0
3
0
0
0
2
0
4
0
0
2
2
2
0
3
2
2
0
0
0
1
3
0
4
2
0
0
0
4
0
3
2
2
0
4
2
3
2
0
5
0
2
0
0
2
4
2
0
0
2
3
2
0
0
2
0
3
2
2
0
0
3
0
2
2
1
5
1
1
2
3
2
0
3
0
3
2
2
3
0
3
0
0
2
3
2
3
0
2
2
0
3
0
0
2
2
2
2
0
0
2
2
2
2
1
2
0
2
2
2
2
0
2
2
3
3
2
2
0
0
3
3
2
2
2
2
0
2
0
3
1
0
0
2
8
9
0
10
10
13
0
9
31
13
0
0
17
8
0
15
6
6
15
0
24
11
14
0
17
10
10
0
11
5
0
12
15
10
0
10
11
0
6
0
6
14
0
11
8
10
0
9
10
0
10
0
11
0
7
10
10
0
11
0
10
0
13
0
8
0
8
10
19
0
6
0
7
0
9
11
20
10
11
0
0
10
7
0
0
18
6
0
0
7
11
0
6
0
17
8
8
0
11
11
17
9
8
14
0
13
17
0
0
12
16
0
0
27
9
0
0
12
13
12
0
0
0
0
0
0
12
0
10
7
10
0
0
9
0
0
13
7
11
0
0
0
0
0
0
0
0
0
0
0
0
18
5
0
6
0
12
0
16
2
10
9
14
0
9
11
0
16
8
8
5
5
18
0
0
0
0
0
0
0
0
0
13
0
0
0
0
0
0
0
0
0
0
7
18
9
0
0
15
11
0
6
0
11
0
10
0
13
0
7
0
10
0
7
0
9
0
9
0
16
0
14
0
18
0
6
0
12
0
14
0
9
8
22
0
15
19
0
13
13
0
2
14
12
0
0
14
12
0
0
10
10
0
0
5
7
0
0
16
19
23
0
10
9
19
0
24
16
6
0
18
19
6
0
11
10
7
0
13
9
0
10
19
7
13
0
9
20
1
3
3
1
1
3
1
0
1
1
9
1
3
19
0
7
0
0
0
5
5
3
5
0
1
5
3
0
1
1
5
3
3
3
0
1
3
3
3
1
0
3
0
0
3
1
0
1
3
1
1
3
1
1
1
3
1
3
0
1
31
0
25
1
7
0
3
3
3
3
5
0
0
5
5
5
0
3
5
1
7
1
1
1
0
5
3
5
3
1
3
0
1
3
1
3
7
3
3
1
0
3
0
0
1
0
1
1
1
1
0
1
5
0
1
3
0
3
1
5
1
0
0
3
1
5
13
5
3
1
1
21
3
3
1
1
0
1
19
5
0
0
0
7
15
1
3
0
1
1
1
5
3
0
0
3
21
1
3
1
17
1
1
1
3
7
3
1
1
7
1
3
1
0
3
1
3
21
5
3
3
1
1
1
17
3
3
1
1
1
0
1
1
1
3
0
5
1
3
0
3
0
5
1
1
1
3
0
1
3
0
3
0
1
3
3
1
1
3
3
0
1
7
0
3
1
0
0
17
3
0
1
5
1
1
3
1
3
0
1
3
3
3
34
1
1
1
17
1
3
3
0
19
1
5
3
5
1
31
0
5
1
1
3
1
7
5
0
1
3
0
3
1
5
1
0
0
1
3
3
3
1
5
0
3
5
1
5
18
10
6
6
10
3
11
12
4
8
6
11
9
3
6
9
4
8
8
8
4
12
7
4
6
8
4
11
8
4
13
6
4
7
4
7
4
12
10
12
9
16
11
5
8
6
10
6
6
12
4
2
17
8
15
9
6
12
4
6
9
4
8
17
6
6
6
8
6
6
4
5
6
7
11
10
4
3
14
4
6
6
7
6
6
10
2
8
7
6
8
6
5
4
7
7
8
11
6
13
7
4
8
6
2
6
6
8
9
4
10
5
11
6
5
11
6
8
6
7
12
14
6
6
6
7
6
13
8
12
6
13
5
8
6
10
6
7
10
5
9
4
6
8
4
6
11
4
11
7
19
7
7
6
6
7
2
6
8
15
6
8
7
4
11
8
8
4
11
6
6
7
8
5
8
6
8
9
5
7
12
8
6
2
7
7
8
13
8
8
6
9
5
6
6
11
6
12
5
10
10
9
8
3
4
13
10
10
13
8
6
9
8
10
8
13
2
6
11
11
11
8
7
6
7
7
8
6
15
8
8
5
4
8
4
8
2
11
11
2
7
8
4
6
5
15
9
5
6
6
8
11
8
10
7
13
11
4
6
2
4
6
2
13
7
8
4
9
6
2
4
8
8
13
4
9
12
10
6
8
6
5
4
5
13
7
4
9
15
14
13
9
11
16
31
13
8
11
13
13
21
10
11
4
19
15
11
10
13
21
23
17
21
15
17
29
11
27
11
8
8
11
10
6
8
8
6
8
11
6
9
4
11
10
13
19
8
7
10
4
6
13
17
4
17
2
11
4
8
21
9
8
10
13
22
23
4
8
19
42
43
8
10
11
10
25
10
25
4
9
6
11
11
9
8
21
11
8
6
21
6
24
11
11
6
6
10
8
8
4
6
16
6
11
9
6
13
4
9
6
8
21
6
4
11
8
10
9
10
32
8
6
15
29
11
10
6
13
6
9
19
9
8
7
7
75
18
9
17
4
7
5
21
5
7
8
7
9
7
17
7
27
9
10
15
11
11
27
25
2
36
40
18
22
23
30
29
23
9
28
30
36
21
13
27
26
27
18
15
34
13
19
50
29
13
42
40
20
44
21
28
67
23
31
36
30
17
33
18
47
15
11
30
13
40
16
13
34
27
41
13
8
36
9
28
31
44
38
30
15
35
34
40
23
40
23
29
26
30
19
11
8
30
32
27
10
31
13
27
35
42
41
6
11
42
16
5
9
11
23
31
11
21
11
22
38
12
25
27
17
19
11
9
15
10
17
17
21
18
11
15
9
13
19
19
30
11
15
16
15
27
28
15
22
27
23
2
2
1
0
2
1
2
2
2
0
0
0
0
2
2
2
2
0
1
2
2
5
2
2
2
1
2
2
0
0
0
2
2
2
2
2
1
2
0
1
2
2
2
2
2
2
2
2
3
2
2
2
1
2
2
2
2
2
1
1
2
2
2
2
0
2
2
2
1
2
0
1
2
2
0
3
2
2
4
0
2
1
2
2
3
0
3
0
2
0
0
2
2
2
1
2
2
2
2
2
2
2
1
0
2
2
0
1
2
0
2
2
3
1
1
2
0
2
2
2
0
2
2
2
2
2
0
3
2
0
1
2
3
3
1
0
3
0
2
2
2
2
2
0
3
2
1
2
0
3
1
2
2
0
0
2
2
0
2
3
3
4
1
2
0
0
2
1
0
2
2
2
3
3
0
2
1
3
2
3
2
0
1
0
4
0
0
3
2
2
0
0
3
2
2
3
0
2
2
2
0
2
2
2
0
1
0
2
0
2
2
0
2
0
0
1
1
2
1
2
0
1
1
0
2
3
2
0
0
2
0
4
0
1
0
2
2
1
0
0
2
2
0
0
2
0
3
0
0
2
2
0
1
3
0
3
0
2
0
2
2
0
2
3
2
0
2
0
1
0
2
0
0
2
2
0
0
3
0
2
3
4
2
2
0
0
2
2
8
4
8
6
4
4
4
0
6
6
6
8
4
88
10
84
8
4
8
6
6
4
20
4
73
4
8
6
6
2
4
6
6
2
6
62
4
5
4
8
6
6
2
50
2
10
54
8
0
2
6
12
2
2
70
0
6
5
6
2
2
8
6
57
8
2
2
2
49
4
0
32
0
2
64
0
6
6
8
8
6
2
35
2
4
2
2
6
4
6
25
6
12
2
8
4
6
6
6
47
2
2
2
6
2
26
0
4
8
6
8
4
4
58
2
6
41
11
39
2
4
6
6
4
8
6
6
2
6
8
4
18
2
6
6
2
54
8
6
8
6
2
4
6
2
0
2
0
12
2
4
6
8
4
2
0
0
2
2
0
0
2
6
4
0
16
0
4
2
0
57
2
0
6
2
0
6
0
2
24
0
4
26
6
10
2
8
2
2
6
4
4
8
15
38
2
4
48
2
8
8
8
46
4
0
78
10
10
6
6
6
6
4
52
0
0
16
11
2
49
2
91
6
4
4
2
20
2
7
13
6
2
4
4
36
2
2
32
18
22
4
4
6
28
8
6
4
8
2
8
20
22
24
24
34
21
4
4
6
2
4
7
21
16
4
33
25
2
2
22
10
4
8
2
0
4
22
20
4
16
4
2
4
4
2
6
19
19
15
17
11
4
4
0
20
2
0
11
10
21
9
22
22
18
1
5
13
1
3
1
14
1
7
4
20
7
5
29
1
13
25
0
24
5
19
6
1
1
1
41
3
2
1
1
26
13
3
14
4
19
1
0
16
14
1
34
0
5
2
18
1
0
2
0
12
2
2
2
8
3
17
3
6
1
18
1
20
10
3
3
1
3
1
11
13
4
7
3
5
15
1
11
1
3
0
14
3
17
27
2
4
3
19
1
31
3
2
10
3
17
2
3
0
12
2
3
1
22
3
25
16
40
2
30
0
3
6
0
2
1
12
3
16
6
15
1
41
12
26
2
3
13
3
4
7
1
20
0
3
19
7
3
1
1
20
4
1
2
33
0
0
1
2
0
18
11
3
29
3
12
7
1
1
17
1
1
13
30
1
3
18
4
19
14
24
4
3
22
1
1
3
1
1
19
0
4
3
41
0
12
33
19
3
30
23
1
29
1
4
10
4
23
16
19
7
4
3
2
31
0
1
1
2
12
1
37
1
12
2
0
22
3
5
3
6
2
11
17
7
3
19
3
10
3
29
3
1
19
4
3
6
6
11
3
1
41
1
0
37
5
22
9
31
6
1
10
46
4
0
24
3
9
42
3
20
3
20
30
5
5
25
3
10
21
3
1
