0
2
0
0
0
2
2
2
0
2
2
2
2
0
2
2
2
2
0
2
0
0
7
0
2
0
2
0
2
0
1
2
2
2
2
2
0
0
0
2
2
0
0
2
0
2
0
0
0
2
0
2
2
4
0
2
2
0
2
2
2
0
0
0
0
2
2
1
9
0
0
2
0
0
0
2
0
0
2
0
0
7
0
0
0
0
0
2
2
0
0
0
0
0
2
2
2
0
0
2
0
0
2
2
2
0
0
0
2
0
2
0
0
0
0
2
0
2
2
0
0
2
0
2
0
2
0
0
2
2
2
0
0
2
2
2
0
2
2
0
2
0
0
7
2
7
2
0
2
0
2
0
2
0
13
2
2
2
2
2
0
2
2
2
2
0
2
4
0
0
0
0
2
0
2
0
2
1
0
0
0
0
0
2
0
0
0
0
0
0
2
2
0
0
0
0
2
2
2
0
0
2
0
2
0
2
2
0
2
2
0
0
2
0
0
0
2
0
0
2
2
0
2
2
2
2
2
2
0
2
2
2
2
0
0
2
2
0
0
1
0
2
2
2
2
0
2
0
2
0
2
2
0
2
2
0
0
2
0
0
2
2
2
0
2
0
0
2
0
2
0
0
0
2
2
2
2
0
2
0
0
0
2
2
2
0
2
0
10
15
8
11
3
9
7
4
4
6
2
0
2
4
8
7
9
11
0
6
8
6
4
2
4
2
2
4
6
6
4
21
6
0
6
0
4
4
0
2
8
13
4
13
9
2
8
17
2
9
8
6
5
11
15
8
4
7
6
4
11
10
4
6
4
4
6
2
4
6
8
9
8
15
8
8
17
12
11
9
17
8
19
16
9
13
9
13
11
17
13
15
10
21
9
11
17
18
13
7
4
7
8
4
25
7
9
13
9
14
7
6
4
6
13
10
11
7
10
7
10
8
14
11
13
15
9
9
11
15
9
4
9
8
25
9
11
7
13
12
19
2
4
4
5
25
11
2
4
2
4
15
23
19
4
4
17
19
19
4
17
15
13
13
8
7
25
17
25
4
10
14
17
8
13
15
21
11
27
8
9
17
9
15
9
13
4
23
17
4
6
13
13
17
10
9
17
20
18
19
11
21
6
32
10
15
17
9
21
8
17
11
16
16
6
15
7
11
21
9
17
9
11
10
13
13
21
11
11
11
13
9
17
8
12
4
11
8
11
13
15
6
9
46
9
9
18
8
15
8
12
17
7
10
5
6
0
6
11
15
6
4
6
13
2
6
6
2
4
3
11
6
8
2
2
9
17
6
22
10
6
4
6
11
19
6
8
11
36
28
36
24
34
44
44
34
18
40
48
38
38
36
48
38
22
48
46
36
12
36
38
28
40
44
30
42
30
56
28
42
48
52
34
36
28
58
30
34
68
38
40
30
55
17
14
36
20
40
46
42
41
42
46
30
38
56
40
18
28
32
35
62
52
48
40
32
27
28
50
36
42
28
32
30
16
34
26
38
36
28
22
32
42
36
21
21
38
42
54
46
26
25
36
24
32
46
40
52
34
40
24
24
44
44
46
28
40
26
46
32
58
44
28
32
46
34
42
26
36
46
38
42
48
30
34
38
50
60
32
42
44
34
54
26
52
32
36
32
26
22
30
34
36
32
36
28
52
54
48
34
40
40
26
40
44
44
34
56
38
31
42
38
34
36
36
28
46
22
44
42
30
50
34
52
42
44
34
28
40
40
48
38
38
22
32
24
42
38
26
26
50
42
40
38
32
24
26
34
58
36
30
52
43
26
40
39
36
48
42
26
34
30
44
34
36
22
40
32
36
42
43
41
33
34
24
19
28
25
34
42
26
38
44
36
48
42
52
26
38
30
36
28
30
50
52
24
40
52
16
42
54
32
58
36
44
38
32
36
44
34
24
44
34
38
34
34
22
54
46
34
36
28
48
34
38
36
38
22
52
34
38
40
40
34
46
52
7
15
5
7
3
7
5
5
5
7
15
5
3
3
2
5
2
11
5
13
5
9
5
7
3
7
5
9
7
11
13
5
7
15
5
3
9
7
3
0
1
5
3
9
7
9
7
5
5
9
9
9
5
3
3
3
9
2
3
5
5
3
1
3
5
7
9
7
7
7
7
3
5
5
7
1
29
9
1
3
9
0
9
3
7
9
9
5
5
3
9
5
17
9
5
9
9
13
19
3
3
5
15
13
11
3
13
13
13
17
15
11
11
7
5
9
9
3
19
17
7
15
23
9
15
15
13
19
21
15
17
18
5
15
28
15
7
28
19
11
13
11
15
23
11
7
21
9
7
21
21
23
13
7
5
11
19
17
28
5
18
17
11
11
9
19
25
17
15
18
7
13
9
15
7
11
19
7
7
19
17
15
21
34
21
28
15
17
7
7
19
11
7
15
24
11
26
7
19
26
13
19
17
7
25
13
9
23
7
7
23
9
23
17
11
9
9
13
15
11
15
11
13
27
13
7
14
11
7
19
7
11
17
17
13
17
11
7
15
13
7
9
5
7
1
5
5
1
17
3
9
7
9
15
5
5
3
3
5
3
7
7
9
3
3
0
3
5
11
7
9
5
1
3
17
3
5
7
3
13
27
3
7
11
9
5
11
7
2
4
4
2
6
2
4
8
8
6
0
6
8
6
6
2
4
4
4
4
4
6
2
4
4
4
6
4
8
4
4
4
4
6
4
2
4
6
4
4
2
0
4
4
4
2
2
6
6
8
10
6
2
2
4
6
6
4
2
0
0
8
8
6
0
6
2
2
2
8
4
4
8
2
8
4
6
6
6
6
4
8
6
4
4
4
8
8
6
6
8
2
6
6
2
4
6
4
2
4
4
0
4
2
0
6
4
2
2
4
6
4
2
8
2
0
6
2
4
4
2
4
4
6
4
4
2
6
6
6
4
8
6
6
6
2
6
4
6
2
2
6
2
8
6
6
2
4
6
10
4
8
6
8
10
4
0
2
2
4
8
4
8
2
2
2
8
8
4
6
4
6
0
4
4
6
6
6
4
6
2
2
4
2
4
4
4
6
6
8
4
4
2
8
8
4
4
0
6
6
8
6
2
4
4
6
6
2
0
4
4
2
4
4
8
6
4
4
6
2
8
4
8
2
2
8
2
6
4
6
4
4
2
2
2
6
4
8
6
4
2
2
8
2
6
6
4
4
2
6
4
8
4
6
6
4
6
4
4
0
4
6
4
6
4
4
6
0
4
8
6
6
4
8
6
4
0
6
4
0
2
6
6
6
4
4
2
10
17
19
13
22
20
20
26
20
28
28
27
26
15
20
15
15
16
35
24
20
37
25
18
23
30
2
19
13
28
21
23
22
17
22
21
22
23
26
25
16
27
23
19
12
29
35
18
30
23
18
24
19
10
26
25
20
23
20
31
26
15
12
19
26
20
29
17
17
35
24
21
22
46
19
16
22
26
17
14
45
26
31
37
18
19
19
26
15
20
23
42
29
31
34
20
16
21
24
17
30
19
24
32
23
19
25
17
14
22
19
12
33
35
25
20
28
53
38
23
17
33
18
13
35
18
24
14
21
26
22
19
30
21
22
20
15
24
25
30
20
17
30
17
16
16
23
21
28
17
22
15
14
34
21
20
15
28
28
12
28
37
41
26
10
21
24
19
26
27
19
22
23
24
22
22
31
18
25
30
25
23
27
20
18
35
17
17
26
26
23
16
31
32
23
18
40
19
25
13
17
21
17
17
32
26
15
22
33
18
43
39
23
27
23
23
18
22
22
21
17
18
38
5
27
17
28
26
24
20
20
25
16
17
22
28
14
31
19
22
17
23
16
19
19
46
37
20
32
22
15
24
19
25
22
23
23
27
26
31
38
33
16
22
23
31
28
26
24
31
15
25
20
18
26
30
30
16
20
28
21
19
31
24
26
14
5
28
30
0
0
2
2
0
0
0
0
2
0
2
0
0
0
0
0
2
2
0
0
4
2
2
2
0
2
2
2
0
0
2
2
0
0
2
2
0
4
2
6
0
2
0
2
2
2
0
0
0
6
2
0
0
0
6
4
4
2
2
2
0
2
2
4
0
0
6
0
8
0
0
6
0
4
2
0
4
2
2
0
2
2
2
2
2
4
2
0
4
2
0
2
0
0
4
2
2
0
2
4
2
6
2
2
6
2
0
2
0
2
2
2
0
4
0
2
0
2
2
2
8
0
2
0
0
2
2
2
4
0
4
2
2
0
0
0
2
4
2
0
2
0
6
6
0
4
2
2
2
0
0
2
0
4
6
0
2
0
2
0
0
0
4
0
6
2
2
0
2
0
2
4
8
0
0
2
6
0
0
0
0
4
0
2
0
0
2
0
0
0
2
2
2
2
0
0
0
2
0
4
2
0
6
4
2
2
0
0
0
0
2
2
0
2
2
0
2
0
0
2
0
0
2
2
0
2
2
2
6
0
4
0
2
0
2
2
2
2
0
0
0
2
0
0
2
4
2
0
0
0
2
2
0
0
0
0
2
0
0
0
0
2
0
2
0
0
2
0
0
2
0
2
4
0
0
2
0
0
0
0
0
4
0
2
2
2
2
2
26
23
47
19
13
24
4
12
18
13
18
13
25
15
5
7
9
11
4
23
12
15
9
7
4
15
7
6
54
17
20
16
9
7
62
22
4
15
7
30
18
11
14
13
22
7
15
23
11
22
5
19
9
11
18
20
8
13
23
31
10
8
13
24
22
13
7
17
18
3
18
28
8
13
16
4
4
11
10
5
2
12
11
6
16
20
7
7
15
11
0
11
5
11
13
13
11
13
9
42
7
2
9
11
21
5
7
9
2
9
9
11
13
2
13
9
2
4
5
17
22
7
7
22
4
39
2
19
6
7
24
3
23
13
7
7
7
31
6
4
7
6
9
18
16
44
9
9
22
7
9
9
7
14
7
8
8
5
7
7
5
2
9
5
9
7
4
12
12
7
0
11
7
4
6
7
13
9
11
9
0
5
0
7
15
18
20
13
9
9
14
8
15
12
13
9
4
24
6
6
9
7
9
4
9
11
11
5
15
4
11
7
13
16
9
19
16
15
11
2
9
13
12
11
4
7
7
9
3
11
13
20
11
15
8
13
4
12
17
4
4
31
19
6
23
9
34
15
26
17
25
18
17
9
19
22
14
7
9
17
15
21
14
17
26
11
19
11
6
15
24
13
18
21
11
14
11
24
0
9
23
16
14
21
14
11
26
17
0
2
6
8
4
4
2
2
6
4
2
6
2
4
6
0
2
2
2
4
8
4
4
8
4
0
0
8
2
2
2
6
8
2
4
4
4
6
0
6
6
0
2
4
6
8
2
6
4
2
2
2
2
6
0
10
2
2
4
4
2
4
4
4
2
4
4
2
8
4
6
4
10
0
2
10
6
12
4
4
6
8
0
6
4
8
8
8
2
2
0
6
2
4
2
4
6
6
2
4
2
4
37
12
8
2
2
2
2
6
0
2
4
4
0
14
8
6
4
2
2
4
2
2
0
4
8
6
2
6
6
4
12
14
6
2
10
2
8
10
8
2
6
2
2
2
4
6
2
8
5
8
2
2
4
2
2
10
4
12
4
0
8
8
2
8
4
0
2
10
8
6
52
2
4
2
8
4
2
10
2
4
8
4
2
4
4
8
4
2
4
4
6
2
2
5
2
4
8
0
3
4
4
2
6
2
2
8
6
4
12
10
6
2
2
2
4
7
4
6
2
2
4
0
8
4
2
2
2
2
2
0
6
4
0
7
2
2
0
1
8
4
4
3
2
2
0
3
2
3
2
0
4
2
4
4
4
2
2
2
2
14
2
6
6
10
2
2
6
4
3
2
5
4
4
6
4
2
2
10
2
10
6
3
1
2
6
10
1
1
1
3
3
5
4
1
2
2
3
2
4
2
1
1
2
2
1
2
7
2
11
0
6
4
1
0
0
2
2
2
1
1
9
5
3
1
4
0
0
2
2
1
0
2
3
3
2
3
4
3
6
5
3
4
4
3
0
1
0
12
2
0
3
1
0
1
0
3
0
8
4
18
7
2
2
1
2
6
1
1
2
2
4
0
3
1
2
1
2
0
1
2
2
2
3
1
4
17
2
5
0
0
2
13
7
12
0
2
0
0
0
3
7
0
3
1
1
2
0
2
1
1
0
0
2
2
9
0
3
2
0
1
6
1
2
2
2
1
0
0
2
2
1
0
2
0
0
0
0
3
0
1
0
0
0
0
2
0
4
2
1
2
1
2
0
1
0
0
1
2
0
1
2
2
2
1
0
2
0
2
0
1
0
5
3
2
1
3
4
3
5
0
0
0
1
1
3
2
1
0
1
1
0
1
3
1
2
1
4
0
0
0
2
0
3
0
4
0
5
1
3
1
0
0
2
0
5
0
0
0
0
0
2
3
1
0
0
1
3
1
0
0
2
1
1
3
3
2
2
1
3
0
1
2
1
3
0
0
0
4
1
2
0
3
2
1
8
0
2
0
1
3
1
2
1
1
1
1
0
2
4
1
0
1
0
1
