38
53
92
84
86
82
86
46
48
78
84
82
77
90
21
44
69
88
88
65
44
41
38
46
44
21
49
46
87
85
42
67
38
29
44
54
88
74
46
46
92
74
8
85
36
46
34
87
88
65
86
76
37
78
38
86
38
75
38
61
41
91
86
37
86
50
38
82
34
42
49
90
57
40
18
23
44
88
58
21
44
46
44
34
94
73
30
40
17
92
19
59
27
40
42
53
82
90
28
58
86
92
45
55
36
38
28
90
86
86
9
72
38
32
38
67
9
19
71
9
77
71
35
58
30
84
80
74
0
34
57
40
75
53
38
85
67
61
75
21
14
8
27
66
92
28
94
71
9
28
28
25
45
11
64
80
80
85
76
40
29
84
65
77
33
48
15
40
57
85
53
75
72
78
46
42
28
49
29
95
90
83
85
79
73
87
87
27
19
88
88
29
67
42
63
81
25
77
53
83
29
27
38
46
72
86
29
57
96
55
19
42
10
28
23
66
81
89
80
27
43
87
48
77
40
42
71
52
74
71
71
61
69
86
74
88
38
43
19
33
82
84
94
76
88
78
23
62
26
37
69
9
90
80
79
77
42
24
34
40
38
36
40
21
46
29
94
88
79
73
80
88
48
35
72
86
81
76
91
19
44
86
88
86
34
45
85
86
0
0
2
2
0
2
2
0
2
0
0
2
2
0
0
2
2
0
2
2
0
0
2
0
2
4
2
0
2
2
4
0
0
2
0
0
0
2
0
2
2
2
0
2
0
2
2
2
0
0
0
2
0
0
0
2
2
2
2
0
2
0
4
2
2
2
2
2
2
2
0
2
0
0
2
0
4
2
2
2
0
2
2
0
2
0
0
2
2
2
0
2
0
0
0
2
2
0
2
2
0
2
2
4
0
2
2
2
2
2
2
2
2
0
4
4
2
2
2
2
2
0
0
2
0
2
2
0
0
2
2
0
4
2
2
0
0
4
2
2
2
2
0
2
0
2
2
2
4
2
0
2
0
0
2
2
2
2
2
2
2
0
0
0
0
0
2
2
2
0
2
0
4
2
0
4
0
0
2
2
2
2
4
2
2
4
4
2
0
2
2
2
2
0
2
2
2
2
0
2
2
0
2
0
2
0
6
2
2
2
2
0
2
0
2
2
4
2
2
0
0
0
0
0
0
0
2
2
2
2
2
2
2
2
0
2
0
0
2
0
2
2
2
4
0
0
0
2
2
0
0
2
2
2
2
2
0
2
2
2
2
2
2
2
2
2
2
2
2
2
2
0
2
2
2
2
0
2
2
0
0
2
4
2
2
4
2
0
0
0
2
2
2
2
0
2
0
1
2
2
0
0
1
2
0
0
1
0
2
2
0
0
2
2
0
1
2
0
2
0
0
0
2
0
2
2
2
2
0
0
2
0
0
0
2
0
2
2
2
2
2
0
1
4
9
2
1
0
2
2
2
2
2
2
2
0
0
0
2
4
2
2
0
2
2
2
2
0
2
2
1
2
2
0
0
4
0
0
2
1
0
2
0
0
0
0
0
2
2
2
2
0
0
2
1
2
2
0
2
1
0
1
2
2
2
0
0
0
2
2
0
2
2
6
0
2
2
0
5
0
2
0
2
1
0
2
1
0
1
7
0
2
1
1
0
1
0
2
2
2
2
2
2
0
2
2
2
0
2
2
0
1
2
2
0
2
0
2
2
0
1
0
1
0
2
0
0
2
0
0
0
2
2
7
2
2
0
2
2
0
2
2
0
2
3
0
2
2
2
2
0
2
7
0
2
2
2
2
2
4
0
0
7
0
0
2
2
1
0
1
2
0
2
0
0
1
1
0
2
0
0
9
0
2
1
0
0
0
1
0
1
1
0
2
0
2
1
0
2
1
1
2
0
1
2
2
2
2
2
0
2
0
2
1
2
2
2
0
2
1
0
0
8
0
0
2
2
2
1
2
2
0
1
2
1
2
8
2
0
2
2
2
0
0
0
0
4
4
2
0
0
0
2
2
0
6
0
2
0
4
0
2
2
2
0
8
0
10
2
4
6
2
4
0
2
0
4
0
2
2
2
0
0
2
2
2
4
4
2
0
0
2
2
0
0
4
0
4
0
0
0
2
4
2
2
0
0
0
0
0
2
0
0
0
2
2
0
2
0
2
0
2
0
0
6
2
0
2
4
0
4
0
0
4
2
0
0
0
0
2
0
0
0
0
2
2
2
2
2
2
2
0
2
0
2
2
0
2
0
0
2
0
2
4
2
2
0
2
0
0
4
0
2
0
0
4
2
9
2
0
8
6
0
0
0
2
0
0
0
2
2
4
0
2
2
4
2
0
2
2
2
2
4
0
2
0
0
0
0
2
0
4
0
2
4
2
2
0
2
2
4
4
0
4
6
0
4
2
2
0
2
2
2
4
2
2
0
4
4
2
0
4
2
12
2
8
0
10
2
2
2
2
2
0
0
0
2
0
2
4
2
0
12
0
2
2
0
0
4
0
0
2
4
0
4
0
0
0
2
0
0
0
6
0
4
8
0
0
2
2
4
2
2
2
4
2
0
2
0
4
4
0
4
2
0
2
2
2
2
0
0
0
0
0
2
2
0
2
2
0
0
2
6
0
13
33
2
4
6
8
4
12
8
2
8
2
10
4
8
10
2
6
8
2
2
6
14
6
6
6
4
4
4
8
17
4
6
6
12
10
12
8
6
8
6
13
4
10
10
2
8
8
8
17
2
4
6
12
6
10
6
8
6
8
15
6
10
54
12
17
10
14
2
12
12
12
19
6
6
10
15
10
12
10
8
17
6
6
6
19
2
6
8
10
8
10
8
17
12
14
10
8
12
8
4
15
10
12
14
8
19
4
17
12
15
10
8
12
4
6
12
17
13
19
6
12
6
12
12
15
4
6
12
10
10
12
8
8
8
21
8
8
6
8
6
8
8
17
15
12
17
8
6
6
19
17
10
12
6
15
19
8
10
6
14
15
10
17
8
15
10
15
10
8
17
14
6
12
13
12
6
6
8
12
10
12
25
10
14
6
17
8
10
15
29
8
37
6
40
15
8
17
8
14
19
4
6
19
8
10
12
12
6
12
10
12
8
15
2
15
17
8
10
14
14
17
4
17
8
8
6
12
17
6
6
10
6
15
4
8
10
6
8
6
12
4
6
6
6
10
4
10
2
6
4
6
4
4
2
8
4
6
6
4
6
8
96
2
10
4
4
6
4
10
6
4
12
8
8
2
6
8
8
8
8
4
10
4
8
2
6
6
0
0
1
1
1
0
5
0
1
3
1
1
5
3
0
3
0
0
1
3
5
1
0
1
3
3
5
1
0
3
0
1
57
0
3
3
0
39
0
3
3
1
1
1
3
1
3
1
3
1
3
0
3
3
0
1
3
1
1
0
0
1
1
0
1
1
0
0
1
1
7
1
0
1
3
1
0
1
0
0
0
1
0
0
0
1
3
0
1
0
1
11
1
11
5
3
1
1
1
7
0
0
0
1
0
1
1
0
3
0
0
1
0
0
0
0
0
44
1
0
0
0
0
3
0
0
1
5
3
0
0
0
3
1
3
5
0
1
0
1
3
1
1
1
0
1
1
1
0
1
1
3
1
1
0
1
3
44
0
1
1
1
0
0
0
0
0
3
1
0
1
0
3
1
0
0
0
0
3
0
1
1
3
1
3
1
1
3
1
0
1
1
0
0
0
2
5
1
0
3
1
0
1
0
0
1
0
0
0
0
1
3
0
0
0
0
1
1
0
1
1
1
3
0
0
1
1
0
5
0
3
1
0
1
0
0
0
58
0
0
5
1
0
3
1
0
1
1
1
0
1
1
9
1
0
3
1
1
3
1
3
0
0
3
0
0
0
3
3
3
1
1
0
1
3
0
4
3
1
1
1
0
5
3
2
7
0
1
4
6
8
25
10
4
2
8
6
23
17
4
10
2
2
21
0
4
16
4
6
6
12
8
6
6
4
2
6
10
10
8
18
6
2
2
2
0
0
6
0
12
0
2
2
6
6
4
0
0
0
0
8
4
8
6
4
4
8
6
4
6
6
4
6
6
2
17
2
12
4
2
2
0
2
6
2
2
19
4
0
2
0
0
6
96
2
4
6
6
0
2
6
14
4
4
13
4
8
6
6
8
0
2
8
14
2
6
20
8
0
6
8
2
8
27
0
4
6
2
4
4
4
2
10
8
6
2
0
6
0
4
4
6
30
4
6
0
4
12
2
0
6
8
4
6
8
4
12
25
6
6
6
2
12
4
23
0
4
4
4
2
6
4
0
2
2
4
8
6
0
0
16
10
8
16
2
4
2
8
10
0
12
6
4
10
0
10
2
4
0
4
2
2
4
2
6
0
0
4
25
2
4
4
6
0
0
0
8
20
16
8
2
2
10
16
4
4
10
0
0
6
2
0
4
6
8
4
0
6
21
8
6
0
0
2
0
0
4
0
6
10
0
0
0
8
12
6
8
4
10
0
0
0
0
6
6
8
8
4
0
8
10
0
2
2
2
8
0
4
2
30
4
0
10
2
0
2
0
14
4
82
6
10
0
10
4
4
8
2
7
5
5
1
4
0
4
0
9
7
4
1
7
0
7
5
0
8
13
5
2
0
6
0
4
7
2
0
4
1
2
9
0
0
0
7
0
2
0
0
2
7
0
7
7
7
0
9
2
5
3
7
0
0
7
0
5
9
0
7
2
0
0
4
0
5
0
0
2
20
0
5
5
7
7
2
7
5
0
4
0
0
3
0
5
3
0
0
0
7
5
0
7
5
0
7
6
0
7
4
0
9
7
16
7
5
0
4
2
0
0
4
5
4
0
0
20
1
4
7
2
2
0
0
2
0
0
0
0
9
6
5
5
0
7
5
0
0
2
0
2
2
7
12
2
4
0
0
0
5
2
0
0
0
2
4
0
3
0
1
3
3
4
5
0
1
7
0
3
0
2
11
8
2
0
5
0
0
0
0
0
0
7
9
2
0
9
1
0
0
3
2
0
2
3
0
0
0
0
2
0
9
5
0
1
2
5
0
0
3
0
0
9
0
5
3
5
9
7
5
0
7
0
5
0
2
5
9
0
2
5
7
0
0
0
2
7
0
11
0
0
7
5
5
2
0
2
5
5
4
3
3
0
2
2
0
5
6
7
7
3
7
5
2
0
7
9
0
0
3
12
4
0
4
5
0
0
10
5
11
4
5
7
7
7
5
0
0
0
1
0
4
1
21
2
2
2
2
0
0
24
2
18
0
8
2
7
3
2
2
22
7
0
3
0
0
3
4
4
0
0
0
0
2
2
0
2
4
2
5
0
0
14
0
20
1
14
4
2
1
0
2
2
0
0
0
0
3
15
11
2
1
1
0
5
3
2
6
11
0
2
0
0
2
8
10
10
0
1
0
2
5
19
4
0
0
2
0
4
0
2
18
19
0
2
12
2
0
1
0
2
0
0
2
2
4
0
0
1
0
9
2
0
4
4
2
0
2
32
0
6
13
10
0
4
2
13
2
4
20
4
1
2
12
1
1
0
6
0
8
5
4
0
7
7
0
0
17
2
1
1
4
1
0
0
2
2
4
2
28
0
0
1
7
0
13
5
4
11
3
1
28
2
4
1
4
3
1
0
2
3
6
14
18
4
1
22
0
1
2
0
2
0
9
4
1
52
27
2
0
8
11
2
0
0
2
4
0
16
0
0
5
0
0
0
4
0
0
4
0
0
5
1
6
18
5
2
0
3
0
0
5
0
0
0
0
3
4
2
0
0
0
2
3
9
2
7
0
8
0
0
4
0
4
0
0
2
0
2
2
5
1
1
0
0
0
1
0
4
0
2
6
0
0
2
11
0
0
3
4
0
7
1
2
0
3
5
1
0
0
2
0
0
0
1
2
2
0
0
0
0
2
2
3
3
1
0
0
0
0
3
2
0
0
0
0
3
3
2
0
0
2
0
2
2
5
0
1
2
0
0
0
0
0
2
2
4
3
2
0
0
2
2
5
0
0
4
0
2
2
2
0
2
1
3
3
3
0
0
2
0
7
5
2
1
0
3
2
2
2
0
3
0
2
1
2
0
0
0
2
2
2
2
0
2
4
2
0
2
1
0
2
2
2
4
4
0
4
1
1
4
1
2
0
2
3
0
0
3
2
1
0
0
0
0
0
5
2
3
1
5
4
4
2
0
1
0
3
3
3
7
4
3
1
2
0
4
1
4
2
0
0
0
2
1
3
0
3
0
3
0
0
0
0
4
0
2
1
6
3
0
0
3
2
2
2
3
0
2
0
4
0
2
1
1
2
0
0
2
2
1
0
0
0
0
3
0
2
2
2
0
0
0
0
1
0
0
0
2
0
0
0
3
2
2
2
0
0
2
0
0
0
0
0
0
0
2
0
1
2
0
0
1
0
0
0
2
0
1
4
0
2
2
0
0
2
0
1
0
1
1
0
1
1
0
0
0
0
0
0
0
0
1
1
2
0
2
0
2
0
0
3
0
1
2
1
1
2
0
5
0
0
