18
11
5
18
16
19
13
25
18
16
10
16
18
32
23
18
11
17
11
33
44
14
27
12
11
16
13
22
5
13
13
11
14
20
21
29
21
13
16
25
20
18
30
14
21
38
21
18
16
14
22
30
17
16
16
22
24
19
25
23
28
19
14
22
16
9
17
26
34
25
19
31
11
5
5
7
10
9
7
5
11
9
14
2
7
7
11
6
7
3
9
0
5
8
5
10
7
4
3
5
15
10
14
8
12
9
20
8
10
12
9
7
6
9
10
7
7
5
4
5
11
4
6
6
2
7
5
8
16
5
14
9
9
12
4
3
9
16
12
5
11
5
7
5
15
11
12
7
5
3
5
15
5
8
5
17
15
9
4
9
4
7
29
6
14
5
8
5
6
4
3
5
6
5
4
5
8
10
10
5
2
6
11
5
5
7
4
4
9
3
8
4
4
4
7
4
4
6
9
5
3
2
6
12
5
11
4
9
7
3
10
13
8
7
21
13
8
7
11
27
4
12
7
4
48
7
5
9
2
5
6
5
10
12
7
2
9
7
10
7
4
5
15
13
11
14
14
16
11
7
13
12
7
3
7
5
2
2
4
9
10
6
7
5
8
7
5
7
54
43
8
5
2
3
9
7
6
5
5
6
3
3
3
3
14
18
5
7
0
0
4
2
2
4
0
4
0
22
4
2
2
2
2
2
4
0
2
4
2
6
0
6
4
6
0
17
4
6
39
6
6
8
4
12
2
4
4
0
4
4
2
39
6
6
2
0
29
66
0
4
0
4
6
2
2
4
2
2
2
4
4
4
4
4
11
4
4
4
2
4
0
2
4
2
6
0
4
2
4
0
4
4
6
4
2
6
6
2
4
0
39
2
6
2
4
2
4
70
0
2
2
10
2
4
31
0
0
4
4
4
2
2
2
8
35
0
2
4
4
2
23
4
2
8
10
2
27
21
2
0
2
6
4
8
40
29
2
4
2
6
6
10
6
2
2
6
0
2
0
8
55
4
29
4
4
33
6
0
2
4
2
19
2
10
4
36
2
4
4
0
4
4
4
2
4
0
25
4
6
36
2
6
2
4
2
0
4
4
2
4
4
8
50
2
8
41
2
6
2
2
0
6
33
0
2
2
6
2
4
2
6
2
4
4
6
4
4
2
2
2
6
39
6
0
4
6
2
4
4
2
0
41
2
0
6
4
2
4
0
6
4
4
6
0
2
4
6
4
2
4
2
6
41
2
0
4
2
2
38
4
8
6
4
6
4
4
0
6
2
2
0
4
23
2
6
6
6
0
4
2
2
4
15
4
2
8
2
0
2
0
8
0
6
2
2
0
10
4
6
3
2
7
2
4
7
3
3
3
0
0
0
2
0
2
10
2
2
2
2
4
4
0
0
7
2
0
4
4
2
2
4
2
2
6
5
5
5
3
3
5
5
5
0
2
13
0
2
2
0
0
0
2
2
5
7
4
0
0
2
4
6
9
0
3
5
7
0
0
0
8
2
9
6
3
4
2
1
13
2
7
0
7
0
5
6
3
4
7
10
4
5
5
2
2
2
2
7
7
5
11
13
3
12
8
2
13
7
4
7
10
5
10
5
5
0
1
2
5
7
6
2
4
4
1
2
2
0
2
2
4
0
5
2
0
7
2
12
8
7
8
10
4
0
6
2
10
8
10
12
2
6
5
2
2
5
3
2
2
9
2
2
0
5
2
5
2
6
4
7
0
2
2
2
2
4
2
6
5
3
2
2
11
4
4
0
5
0
2
2
3
0
7
2
2
4
4
2
4
0
0
5
0
1
1
7
2
0
2
2
1
1
5
0
0
2
0
0
2
2
3
5
3
3
0
3
7
5
4
0
2
1
2
2
5
2
2
0
7
4
8
0
6
5
5
6
5
5
1
7
6
7
2
5
0
12
13
3
3
0
4
3
5
6
4
3
2
5
3
4
2
3
5
5
7
2
0
0
1
1
0
4
9
7
5
8
2
1
1
1
1
1
2
0
1
1
2
1
2
1
0
1
1
4
2
1
2
10
2
2
3
1
1
11
1
2
1
1
2
0
1
2
4
1
1
12
2
2
2
2
2
2
2
1
1
1
7
4
13
8
2
3
10
2
2
1
0
1
0
1
0
1
0
1
1
1
3
1
2
1
4
2
8
1
3
5
4
1
2
1
5
1
8
1
1
6
4
2
2
1
1
2
1
1
1
2
1
3
0
3
2
1
0
4
1
3
1
9
3
7
1
5
2
2
2
2
1
3
4
1
4
2
0
1
2
3
4
3
4
5
2
7
2
2
1
9
7
2
1
0
6
2
2
0
2
3
0
1
1
1
2
3
8
2
3
1
7
0
1
6
1
0
1
0
6
3
2
0
1
3
0
2
2
1
4
0
1
1
0
2
0
0
1
0
0
0
1
1
2
1
0
0
1
3
3
2
1
2
2
3
2
2
0
1
1
3
1
2
0
0
0
0
0
1
1
1
0
1
2
1
3
1
2
2
0
8
0
1
5
1
3
2
1
2
3
0
10
6
2
0
1
2
1
4
1
2
2
2
1
0
1
2
0
7
1
1
1
1
2
1
2
0
1
0
3
2
1
1
2
1
5
0
0
0
0
2
0
2
0
0
4
2
0
2
4
0
0
2
2
2
4
4
2
6
0
6
2
4
0
0
2
0
2
2
0
2
2
2
0
2
2
2
2
4
2
2
2
0
4
2
0
0
0
0
0
4
2
4
2
0
0
4
2
2
2
4
4
2
0
0
4
2
2
0
2
4
4
8
4
0
0
0
2
2
0
2
2
0
0
2
0
0
4
4
0
2
2
2
0
0
0
0
0
2
0
2
2
2
0
0
2
2
2
0
0
0
2
4
2
2
2
4
0
0
0
0
4
2
0
0
2
4
0
2
0
0
2
0
0
2
2
4
0
2
4
2
0
2
2
0
2
2
0
0
0
2
2
2
2
2
4
2
2
2
0
0
4
2
0
2
0
2
0
0
2
2
2
0
0
0
2
2
0
2
0
0
4
2
4
0
2
0
4
4
0
2
2
0
0
0
0
2
4
0
4
2
2
2
4
2
2
0
2
2
2
2
4
0
4
0
6
0
0
0
0
0
0
0
0
2
2
0
0
0
3
2
0
0
6
0
2
4
2
2
0
0
0
4
2
4
0
0
2
2
2
2
0
2
0
4
4
4
0
2
2
2
2
0
2
2
4
0
6
2
2
0
0
0
0
0
0
2
0
4
2
2
2
2
2
0
6
9
6
5
8
5
7
7
40
42
38
26
36
42
38
30
18
41
39
34
15
39
20
23
5
48
40
20
43
29
44
28
32
35
16
44
27
39
38
29
28
43
41
33
38
33
7
29
5
5
8
9
7
7
28
7
9
25
41
41
41
40
44
35
9
7
7
8
7
9
22
22
39
36
38
31
30
44
23
11
9
5
9
7
7
9
7
9
34
9
5
9
7
4
6
5
9
7
4
9
5
5
7
9
8
7
28
26
33
33
33
28
47
38
23
33
16
41
5
5
6
9
9
7
5
7
5
5
7
9
5
7
6
12
21
29
34
39
19
30
28
33
9
26
33
34
8
7
9
11
6
7
11
37
40
34
38
44
39
26
42
37
35
35
28
5
9
8
7
33
35
48
42
39
42
27
23
25
7
24
33
42
27
9
35
39
39
23
30
28
10
31
27
29
34
32
7
28
3
7
9
10
5
7
9
10
34
44
40
24
36
32
40
17
33
25
49
40
27
12
39
24
39
12
7
7
13
10
8
8
10
10
6
7
8
5
9
7
7
27
39
45
33
15
22
42
43
6
37
43
12
39
31
11
26
35
33
7
24
29
36
38
41
40
34
33
29
28
31
6
31
37
38
41
9
30
44
26
35
19
28
39
7
34
38
36
43
32
38
11
13
13
13
13
13
11
13
13
11
13
13
13
13
11
11
13
13
13
13
11
13
13
13
13
11
13
11
11
13
13
13
13
13
13
13
13
13
13
11
13
13
11
13
13
13
13
13
13
13
15
13
13
15
13
13
13
11
13
13
13
13
13
13
13
13
13
13
13
13
9
13
13
13
13
13
13
15
13
11
13
11
13
13
13
13
13
13
13
13
11
13
13
13
13
13
13
15
13
13
13
13
11
13
11
13
13
13
13
13
15
15
13
15
13
13
13
13
13
13
13
13
13
13
13
13
13
13
13
13
13
13
13
13
13
13
13
13
13
13
13
13
13
11
13
13
13
13
13
13
13
13
13
13
13
13
11
11
13
13
11
13
13
13
13
11
11
13
13
13
11
13
13
13
13
11
13
13
13
13
13
11
11
11
13
13
13
11
13
13
13
13
13
13
13
11
13
11
13
13
13
13
13
11
13
13
13
13
13
13
13
13
13
13
13
13
13
13
11
13
13
13
13
13
11
11
11
13
13
13
13
13
11
13
13
13
13
13
13
13
13
11
13
13
11
13
11
11
13
13
11
13
13
13
13
13
11
13
11
13
13
11
13
11
13
13
13
13
13
13
11
13
13
13
13
13
11
13
13
13
11
13
13
13
13
11
13
11
2
2
2
2
1
0
0
4
2
2
0
2
2
2
2
2
10
0
3
0
6
71
4
0
2
2
2
4
2
2
0
0
2
2
0
2
0
0
0
4
0
4
0
0
0
2
2
2
2
0
0
0
2
2
0
2
2
2
2
0
0
0
0
4
0
6
0
2
2
2
0
4
0
6
4
2
0
0
0
2
6
2
4
4
6
6
2
2
4
0
0
0
2
0
2
4
2
0
4
2
2
2
0
2
0
0
2
2
0
0
2
0
0
2
4
2
6
4
0
2
4
2
2
2
0
2
0
0
2
2
0
2
0
0
2
2
2
2
2
4
2
4
4
0
4
0
0
0
4
2
0
0
0
2
4
2
2
0
2
0
2
2
0
2
0
2
4
2
0
3
0
2
2
4
2
0
0
0
2
2
0
0
0
2
0
2
4
6
0
4
4
0
4
2
0
4
0
2
2
0
4
2
6
6
2
2
2
4
8
0
0
0
2
0
2
2
2
2
0
2
0
59
6
2
6
0
0
0
0
0
0
0
0
0
0
2
4
4
2
8
2
2
0
4
2
2
2
4
0
0
0
2
2
2
2
0
6
2
2
0
0
2
0
0
2
2
2
4
4
0
0
2
2
0
0
0
2
2
2
2
2
2
0
2
4
0
0
0
34
29
46
24
35
33
32
31
48
21
44
45
59
26
35
31
31
41
46
45
34
36
32
33
44
33
44
31
37
47
74
84
42
32
46
48
33
29
43
32
46
38
45
45
46
43
48
37
45
24
46
33
33
31
47
44
41
33
34
44
33
29
40
31
34
32
47
36
49
31
42
45
43
31
45
33
33
45
46
36
46
46
46
68
45
35
45
37
33
59
39
48
44
40
41
53
33
33
45
39
31
43
47
88
43
48
44
53
44
33
31
24
34
38
45
48
44
32
46
45
34
30
38
44
26
53
61
32
43
45
47
45
32
24
43
33
33
46
34
31
59
41
47
43
25
29
19
26
20
24
25
31
29
35
31
48
42
29
27
29
21
27
45
63
46
30
43
40
36
18
32
29
23
27
42
44
46
33
32
35
42
31
45
33
30
29
33
32
43
31
41
33
21
33
31
38
31
44
32
42
25
42
32
41
78
23
43
37
32
33
36
44
46
51
50
39
38
31
33
33
24
31
36
35
31
31
32
46
31
27
36
35
44
29
29
31
30
36
37
33
22
30
36
33
35
33
23
20
39
45
33
27
38
31
33
54
29
29
29
24
39
35
31
45
31
36
29
33
37
35
31
28
30
31
31
31
31
26
34
31
27
33
31
29
25
33
26
30
2
0
0
2
2
0
0
0
4
0
0
2
0
2
4
2
0
0
2
0
0
2
0
2
2
0
0
0
2
0
0
2
0
0
2
2
2
2
2
2
0
0
2
4
0
2
0
0
2
0
4
2
0
0
2
2
2
2
0
2
2
2
0
4
0
2
2
2
0
2
2
2
4
2
0
0
2
2
0
4
2
2
0
0
2
2
2
0
4
2
2
0
0
0
0
0
2
2
0
0
2
2
0
0
2
0
2
0
2
0
2
0
2
2
2
0
4
0
2
2
4
0
2
2
0
2
2
0
2
2
4
0
0
2
2
0
2
2
2
0
0
2
0
2
4
2
2
0
2
2
2
2
2
2
2
2
0
2
2
2
2
2
2
2
0
0
4
2
2
2
2
2
2
2
0
4
0
2
2
2
0
2
2
2
2
2
6
0
2
2
2
2
0
0
2
2
2
0
2
2
2
2
0
4
2
2
2
0
2
4
2
2
2
0
2
2
2
2
2
2
4
0
2
0
2
2
2
2
0
2
0
4
2
2
2
0
0
2
0
2
2
2
0
4
2
0
2
4
2
0
0
0
2
2
2
4
0
0
2
4
2
0
0
2
4
4
0
2
0
0
2
0
0
2
2
2
4
0
0
0
0
2
0
2
2
4
0
0
