13
13
15
62
21
9
11
11
13
7
7
15
13
23
17
13
11
19
15
11
9
11
5
13
7
7
11
15
7
25
17
15
21
11
7
9
7
7
21
19
13
15
7
11
11
11
17
15
11
21
9
7
9
17
11
5
15
15
13
5
9
15
9
11
9
15
11
9
9
11
9
11
13
9
7
13
21
15
15
11
13
7
17
21
11
15
19
15
17
13
19
15
11
5
29
13
19
11
13
11
17
21
17
23
15
15
13
13
15
17
15
17
21
11
13
15
9
13
17
29
13
9
19
9
13
19
13
25
15
25
17
23
7
11
19
11
11
23
35
23
11
19
19
13
25
9
13
13
19
35
11
37
11
37
13
11
13
17
7
53
27
23
15
13
62
9
27
31
5
25
19
9
31
11
13
15
11
7
7
13
11
15
23
11
11
9
17
27
13
7
17
19
11
15
13
33
7
23
15
5
23
21
19
13
11
11
9
13
13
17
3
13
9
5
17
5
7
9
15
0
15
3
5
11
5
23
23
7
7
9
7
5
11
11
5
5
9
17
21
7
15
3
3
7
11
13
9
9
2
11
5
13
9
11
3
2
5
0
13
7
7
3
15
5
13
5
21
11
9
3
3
7
21
9
7
5
15
11
3
2
7
9
25
3
9
7
11
7
8
7
2
5
4
5
5
1
2
7
5
1
2
1
8
3
3
2
3
6
1
6
7
0
3
4
2
5
2
10
7
6
5
2
3
6
15
4
1
4
3
5
4
0
4
4
9
3
6
5
8
10
2
1
3
3
4
2
5
5
13
0
2
2
2
4
4
2
1
4
4
1
3
3
7
2
5
2
3
2
1
3
0
4
3
3
4
6
4
2
3
9
3
0
4
8
5
3
1
2
2
0
0
0
3
3
4
6
15
1
5
3
4
3
3
4
4
6
5
4
4
3
3
1
7
10
6
6
5
4
5
4
4
8
7
5
3
1
1
4
3
4
4
4
4
2
3
3
2
4
6
3
7
3
4
1
2
3
2
4
3
5
4
3
6
4
3
3
4
6
2
5
3
6
2
9
7
1
2
3
2
2
3
1
2
4
4
6
2
1
8
0
2
4
1
1
3
1
3
6
2
2
2
4
1
3
2
2
3
9
4
8
1
2
6
1
1
11
3
5
4
12
3
6
9
3
2
4
2
3
7
3
0
5
4
6
2
1
5
0
3
4
4
4
3
4
3
10
2
2
3
5
10
3
4
3
2
4
1
5
1
1
4
2
3
4
4
7
6
2
5
3
5
5
6
7
4
3
2
8
3
3
1
5
3
6
2
3
34
35
32
31
39
38
39
37
37
39
35
37
37
34
37
39
36
36
37
38
35
40
37
38
38
38
26
39
39
40
38
33
34
36
37
38
37
38
38
38
39
38
38
38
37
37
37
38
28
38
38
30
36
38
37
34
36
38
38
38
39
36
39
37
38
37
36
35
39
40
38
39
39
35
37
36
38
34
37
36
33
39
37
39
36
35
39
38
39
38
38
33
37
38
36
38
39
33
38
37
39
39
36
32
36
38
36
37
36
33
30
37
37
38
36
35
39
40
34
38
38
32
39
36
35
38
38
23
38
37
38
38
37
34
39
33
39
38
37
37
38
39
38
33
38
37
37
37
33
38
39
38
38
38
37
32
37
38
38
33
38
36
35
35
37
39
37
37
36
36
37
37
36
36
37
38
38
38
30
38
36
33
38
37
39
36
35
38
37
35
37
28
33
38
38
37
38
39
34
37
37
34
37
37
34
35
37
38
33
38
35
38
36
38
38
34
30
38
37
39
34
38
35
39
27
26
39
37
31
38
38
37
38
37
34
33
37
39
38
38
32
37
37
36
37
36
34
33
36
38
38
39
38
20
38
37
39
39
36
35
40
38
37
39
32
34
40
38
40
27
39
35
38
40
39
38
40
40
36
40
37
36
35
39
40
39
39
33
44
18
22
46
33
21
59
68
54
47
79
33
37
40
47
32
52
49
41
40
38
34
35
26
47
34
34
32
52
32
72
60
26
34
45
44
55
13
33
26
62
52
67
59
33
49
39
23
64
36
19
13
24
28
30
52
32
39
17
63
18
27
19
18
34
38
41
37
25
50
41
28
21
57
23
46
29
23
65
25
40
31
64
13
25
28
24
28
22
25
49
92
27
50
37
84
38
35
18
39
23
18
53
63
30
31
33
29
27
38
22
33
49
64
41
57
49
45
19
31
16
34
39
26
31
41
32
33
18
23
23
35
25
22
32
17
19
37
36
51
30
35
30
25
29
56
25
17
14
48
27
21
36
28
21
23
27
24
32
9
21
16
15
44
30
19
25
20
40
37
19
11
19
19
32
19
32
36
18
42
36
15
17
10
22
20
18
19
26
33
19
31
18
22
21
22
30
21
16
13
15
38
29
23
20
20
50
18
27
14
16
32
31
51
29
24
25
47
19
16
18
19
25
16
18
16
51
20
17
41
17
21
24
20
22
11
32
17
22
24
40
16
19
18
20
22
24
17
23
31
27
21
23
41
16
26
19
16
14
25
29
36
18
14
33
25
22
19
19
26
8
11
19
32
28
18
21
15
25
20
14
17
13
26
19
15
18
46
6
2
4
4
2
0
2
6
4
6
0
6
0
4
6
2
2
4
8
4
6
2
4
8
0
4
6
4
6
8
4
2
2
4
4
2
4
2
6
4
4
2
0
4
2
2
6
2
2
4
4
4
6
6
8
2
0
2
4
6
6
6
6
4
2
2
6
4
4
4
4
6
8
4
0
2
6
2
4
4
4
2
2
0
6
4
0
4
4
6
6
4
6
10
6
4
4
6
6
2
4
6
2
2
2
2
2
6
0
4
4
0
4
6
4
2
2
4
4
8
6
4
2
6
4
0
0
4
4
4
6
8
6
4
6
4
4
6
2
4
2
2
6
6
4
4
6
6
2
4
4
0
2
6
4
6
2
6
6
2
2
0
6
4
4
2
8
4
8
2
4
2
6
6
6
6
4
0
2
8
2
2
6
2
2
4
2
6
4
6
2
0
6
2
4
4
6
8
2
4
6
4
6
2
2
0
4
8
4
2
4
6
6
6
10
0
6
4
2
6
4
4
2
6
4
6
8
4
8
8
2
2
2
6
6
4
4
4
2
6
2
4
2
8
4
4
6
2
4
4
6
4
6
4
4
2
4
8
2
6
6
6
10
4
6
6
2
4
2
2
2
4
8
6
2
2
6
2
4
8
6
0
4
2
6
4
0
6
17
17
22
9
13
26
21
15
29
29
18
11
19
14
15
25
12
25
27
18
28
23
36
31
20
15
21
22
27
25
27
18
33
23
16
14
13
28
30
33
24
17
10
8
9
12
16
13
15
18
9
16
14
25
16
4
13
14
4
29
11
26
14
32
13
23
20
35
12
17
22
23
40
30
17
16
16
28
17
32
26
15
18
26
11
17
23
30
22
37
20
15
24
30
31
19
20
13
11
40
17
9
16
31
19
25
23
21
13
18
20
16
25
22
37
24
34
35
4
20
9
39
25
13
31
24
32
11
16
24
15
22
13
10
19
33
30
8
24
14
22
31
4
14
20
38
37
33
27
20
9
36
23
19
10
26
15
2
14
43
15
20
16
37
27
11
15
9
16
27
16
36
19
30
19
30
28
36
13
23
20
15
39
11
19
24
28
20
20
7
26
27
17
10
5
18
21
23
9
25
27
12
8
23
12
9
9
13
29
16
14
17
13
6
16
11
29
19
66
25
19
22
38
27
17
19
15
16
28
21
18
14
21
18
7
26
14
41
13
7
13
19
22
25
19
24
24
24
13
18
9
27
6
11
8
17
27
9
18
21
21
28
6
25
11
25
21
20
24
11
18
41
4
32
18
7
13
25
31
30
28
17
17
21
13
22
8
11
2
6
0
13
14
2
15
6
2
0
6
4
4
2
2
6
2
0
2
2
0
2
2
4
0
0
4
4
4
6
8
8
0
4
15
0
4
6
2
0
2
2
0
11
0
2
16
0
0
4
0
4
2
0
0
0
0
7
0
0
0
0
7
2
2
6
4
0
0
11
0
9
5
15
2
4
2
2
2
2
0
6
13
0
12
0
7
2
0
2
2
6
0
4
0
2
2
9
2
0
0
0
0
0
2
2
7
10
15
0
4
6
2
4
89
11
6
5
2
9
5
0
2
0
0
0
2
0
24
13
5
5
0
0
16
13
3
2
4
2
2
0
2
7
2
2
6
3
0
0
2
2
17
10
21
2
5
0
0
2
2
5
3
4
9
0
0
0
30
2
0
4
2
2
6
4
2
5
3
13
12
9
4
13
3
2
2
4
8
10
12
0
4
19
0
2
11
11
2
8
0
17
4
12
8
10
8
13
2
16
26
0
2
20
3
0
36
2
2
0
0
6
3
0
20
9
5
2
0
2
0
0
1
7
6
2
6
11
3
6
2
2
13
0
12
11
0
2
6
14
2
14
4
0
10
4
6
3
2
4
2
14
11
0
0
4
0
2
2
0
7
0
7
2
4
12
0
12
2
4
7
6
9
5
4
4
22
4
6
4
2
2
6
2
6
2
2
0
2
6
2
2
0
0
4
2
0
2
4
2
2
2
2
2
2
2
2
4
4
2
2
6
6
4
4
4
2
4
4
4
2
4
2
2
4
4
2
2
2
4
2
4
2
4
4
4
2
2
2
2
2
2
0
2
4
6
0
0
0
2
2
0
0
4
2
0
2
0
2
6
2
2
2
0
2
6
2
4
0
4
2
4
2
0
4
6
2
2
4
2
2
0
2
4
6
2
2
4
0
4
2
2
2
2
2
0
4
6
4
2
6
0
2
0
4
4
4
2
4
4
2
4
4
4
0
2
2
2
4
0
2
4
2
4
2
8
2
2
4
2
0
0
4
2
2
2
2
2
0
4
2
2
6
4
2
2
2
4
4
6
4
0
4
0
2
4
4
0
2
0
6
0
4
2
0
0
4
2
2
2
0
2
4
2
2
4
2
6
4
2
6
0
0
4
4
4
0
4
6
0
4
0
2
4
4
4
2
0
8
4
2
2
0
6
0
2
2
2
2
2
2
4
4
2
2
4
2
2
6
4
4
2
0
2
0
4
0
2
4
2
0
4
2
2
0
4
0
2
0
4
2
6
6
2
0
0
4
0
2
4
8
6
0
0
2
0
4
4
2
2
2
2
4
4
0
2
4
4
4
6
4
8
10
10
10
6
4
10
8
4
2
2
4
8
4
6
4
6
8
10
4
8
8
39
8
10
6
12
4
6
12
4
2
22
4
8
6
8
6
16
6
6
10
6
10
8
6
6
10
8
4
8
8
4
6
14
10
6
12
12
10
6
8
6
10
8
8
4
16
6
14
2
2
4
6
8
6
6
2
8
16
8
12
6
10
8
4
12
12
6
8
12
6
10
14
4
4
6
14
6
10
24
6
8
8
12
8
6
10
8
14
10
6
6
10
8
8
10
12
10
10
14
2
14
8
6
4
14
10
12
8
10
2
8
4
10
10
4
8
10
8
12
10
10
8
6
10
4
10
4
8
8
4
6
4
6
8
12
12
6
10
6
14
14
4
10
6
14
12
14
12
6
12
4
18
12
12
12
4
16
6
12
12
8
8
10
8
10
6
8
12
16
8
6
4
8
4
12
4
14
16
8
12
10
10
14
18
8
4
4
8
4
16
14
10
6
8
8
16
8
2
8
8
4
6
10
4
12
6
6
10
6
16
8
12
8
6
4
10
26
12
12
8
6
8
8
8
14
10
6
6
2
8
8
10
8
8
12
10
6
10
10
6
10
10
6
6
8
8
10
12
2
8
6
6
10
6
4
8
10
8
12
8
6
4
0
1
0
1
1
6
8
11
3
9
0
13
3
0
2
2
2
1
1
1
15
0
14
17
15
1
15
0
0
1
0
0
1
1
0
1
1
3
1
1
11
23
8
3
9
14
10
11
1
3
20
0
0
0
3
5
0
1
0
1
1
0
3
15
7
25
15
11
8
0
10
1
9
14
1
0
6
6
12
0
13
0
0
1
3
9
1
3
1
0
15
3
10
3
5
1
15
12
4
13
3
16
3
7
6
18
3
9
0
5
17
7
13
13
1
12
12
11
10
14
15
17
0
0
15
3
0
4
1
0
0
3
1
4
1
13
12
14
0
15
5
13
1
12
10
18
1
1
8
1
3
0
1
1
15
3
1
0
4
15
0
4
7
3
15
12
15
7
1
12
2
0
1
15
0
1
2
13
11
22
23
0
1
4
3
0
2
21
17
13
14
17
4
19
1
0
11
1
21
7
17
10
3
16
5
0
1
1
3
15
0
5
28
1
7
10
1
1
0
3
3
19
13
9
10
1
15
3
0
1
19
1
4
3
3
3
0
31
34
3
10
9
1
0
5
8
1
28
22
1
9
17
1
1
7
1
2
3
3
0
6
0
10
1
16
25
16
15
0
0
3
1
3
10
4
15
1
3
11
0
3
5
1
1
2
7
15
