4
0
0
0
0
18
16
7
9
0
0
0
9
9
18
15
18
0
0
0
18
0
22
16
9
0
0
18
15
14
0
2
0
13
19
2
0
34
3
2
13
0
0
0
24
9
8
9
9
30
18
0
24
0
0
0
0
9
4
4
7
19
9
18
9
0
26
0
8
0
6
0
23
18
11
12
27
0
0
0
0
9
18
0
11
9
9
48
0
0
0
0
14
11
9
12
0
0
18
9
0
0
0
0
0
18
1
5
9
12
18
5
25
38
0
0
2
9
9
9
9
18
5
11
27
0
0
0
20
2
0
2
11
0
9
21
5
0
0
0
0
10
16
0
18
2
0
9
3
17
9
1
2
0
18
0
7
18
18
0
2
12
8
2
27
5
0
11
9
40
18
12
0
0
9
9
13
2
0
18
10
30
18
13
0
0
0
0
20
9
0
33
11
26
10
39
0
0
0
0
0
4
0
16
0
15
0
7
0
0
0
0
21
27
0
17
0
12
25
25
0
0
0
0
0
16
7
0
18
18
0
24
18
4
0
0
0
11
18
0
8
18
18
38
0
0
0
0
18
2
0
0
9
8
4
7
0
18
0
0
0
0
16
31
9
0
25
0
25
3
0
0
0
9
9
13
0
8
0
12
14
3
0
0
0
0
0
0
37
14
7
7
9
22
11
11
22
6
12
17
10
12
12
10
9
20
9
15
9
11
5
3
11
5
9
59
11
9
18
4
11
28
10
5
8
5
15
20
11
20
20
15
13
21
27
5
15
13
7
29
27
19
12
9
5
20
25
39
13
37
9
2
5
11
24
26
13
23
31
24
9
22
32
29
20
16
25
11
20
9
27
5
37
17
23
16
22
37
42
36
15
25
33
28
21
26
39
34
37
19
18
39
20
16
21
53
11
22
20
20
29
23
35
21
10
28
12
24
13
7
17
28
38
2
20
22
12
18
14
45
35
28
17
43
24
27
34
26
29
11
20
22
30
29
26
15
23
39
33
29
31
27
11
20
47
44
19
9
30
14
11
39
27
34
37
30
16
28
19
35
18
30
39
13
19
17
21
35
29
16
59
9
7
20
32
15
37
17
16
12
33
27
23
34
26
16
21
13
37
18
10
17
13
25
27
46
30
30
51
31
14
43
29
34
18
25
20
35
24
11
28
22
19
36
52
18
13
36
9
15
9
21
14
13
11
19
9
31
17
9
17
22
13
17
17
11
43
6
19
17
16
10
11
26
7
5
26
16
8
40
14
21
10
14
7
16
13
4
7
4
16
16
8
15
10
14
14
12
16
12
5
11
29
8
13
7
19
0
4
4
2
4
2
4
7
2
5
0
0
4
11
2
2
2
2
2
9
2
2
0
2
2
2
2
2
5
0
2
4
2
2
3
2
4
2
2
2
2
2
0
2
4
0
0
19
2
2
2
2
2
2
0
2
4
0
2
0
4
4
4
2
4
5
0
2
4
2
0
5
4
0
4
0
2
2
7
2
4
4
5
4
2
0
4
2
2
0
7
2
2
2
4
0
4
4
4
4
0
4
4
4
4
6
2
4
2
6
2
2
2
0
2
0
2
3
2
2
2
5
0
2
2
4
4
4
0
0
2
2
2
4
4
17
4
2
2
2
2
2
2
2
6
2
4
2
2
2
25
2
2
2
2
2
2
29
2
2
2
19
2
2
2
2
11
2
2
0
0
2
5
0
2
4
0
0
23
2
2
4
2
2
0
0
2
17
4
2
5
4
6
2
4
2
4
0
4
0
2
2
0
0
2
2
2
0
2
0
0
5
2
0
0
0
4
2
15
4
4
2
4
2
0
3
2
2
3
4
0
4
0
4
0
4
4
6
0
2
5
0
7
4
4
0
2
19
2
0
4
2
4
2
7
0
0
1
0
0
2
0
2
7
0
0
0
0
0
9
4
3
2
2
2
9
2
5
0
3
2
5
4
2
4
0
0
2
0
0
4
4
2
2
2
2
2
0
0
2
2
0
0
2
2
2
2
2
0
0
6
2
2
0
0
0
2
2
2
0
0
4
0
2
4
2
6
2
2
0
2
4
0
2
0
2
2
2
0
2
2
2
4
4
2
0
2
4
2
2
2
0
2
0
0
2
2
2
0
2
2
4
0
2
0
4
0
4
2
2
2
2
4
0
4
0
2
0
0
0
0
2
2
0
2
2
0
2
4
0
2
0
0
4
4
0
4
2
0
2
0
2
2
6
0
0
0
0
0
0
0
0
0
0
2
2
2
4
2
2
2
2
2
2
0
2
6
2
2
2
2
0
2
0
2
0
2
0
2
0
2
2
4
0
2
6
6
6
2
4
6
4
4
2
0
0
4
0
2
6
2
0
2
0
0
2
0
2
2
2
0
0
0
2
4
0
4
4
2
0
6
0
0
0
4
4
8
2
2
6
4
0
4
0
4
2
0
2
4
2
2
2
4
2
2
4
2
8
4
2
0
6
2
4
4
2
2
0
2
2
2
2
4
4
0
4
2
4
2
0
4
2
0
0
4
0
2
2
6
2
2
4
4
6
4
2
6
2
6
2
4
2
2
2
2
2
4
4
2
4
2
0
4
4
8
6
6
4
2
2
2
2
4
4
2
1
1
0
1
4
3
1
1
1
0
22
1
3
0
5
1
1
1
0
1
1
0
1
0
3
1
0
0
0
3
1
0
1
1
1
1
1
1
3
1
0
1
0
1
3
0
3
3
0
0
0
1
0
1
0
1
0
0
0
1
1
3
3
0
1
1
27
10
1
1
0
0
0
1
5
3
0
1
3
3
1
1
1
5
0
31
10
0
3
0
1
5
1
3
0
1
0
1
1
0
4
3
18
1
1
10
0
0
1
0
0
19
3
0
0
0
1
25
0
0
1
0
3
3
1
1
3
0
1
1
1
1
21
10
0
0
0
3
31
1
0
3
1
1
0
0
1
1
3
1
3
3
16
1
3
24
26
0
1
3
0
1
1
1
0
23
0
1
29
0
1
1
1
1
18
0
1
1
1
1
0
1
0
0
0
0
3
1
0
1
3
0
1
18
0
1
3
1
1
1
5
0
1
1
6
0
3
0
1
28
1
0
0
0
0
0
1
4
1
1
0
1
8
1
0
1
1
1
1
0
0
1
3
3
0
1
1
1
0
28
1
1
3
0
3
1
0
3
0
4
7
3
1
27
3
0
18
1
3
1
0
3
1
3
0
23
0
1
1
1
0
1
1
0
19
0
0
1
0
0
1
0
3
1
0
1
1
1
8
4
6
6
8
8
4
2
6
8
6
8
6
4
2
6
6
4
4
8
4
2
2
6
4
2
6
4
12
12
2
4
2
6
8
2
8
6
10
10
10
6
4
4
6
4
4
6
0
2
6
6
8
6
6
8
6
6
6
10
6
10
8
8
12
10
8
8
8
6
4
4
6
8
6
4
8
4
8
2
4
8
4
6
4
4
10
6
6
8
4
10
4
10
8
8
6
10
6
4
2
8
4
4
8
6
6
6
10
6
4
8
4
6
6
4
6
6
8
4
10
4
6
2
4
4
4
8
2
4
12
6
4
2
12
6
10
2
2
6
4
2
6
10
8
8
8
6
10
2
2
8
4
8
8
4
6
4
6
2
4
6
6
6
4
10
6
4
4
2
6
4
6
6
8
10
8
8
6
6
8
10
4
12
4
2
6
6
4
6
4
10
4
2
8
10
4
6
6
4
8
6
6
2
6
4
6
8
6
6
12
4
2
6
6
10
6
2
14
8
2
6
4
4
6
8
8
6
2
2
10
6
4
8
6
4
6
8
6
6
8
2
4
8
8
4
6
0
2
8
2
4
6
6
2
6
6
6
4
4
8
0
2
2
10
0
6
6
10
10
8
8
4
4
12
6
6
6
2
10
2
6
10
8
10
6
6
6
6
4
0
0
6
2
54
0
6
4
8
6
46
0
8
0
4
0
2
0
48
4
6
4
0
50
0
2
4
4
0
0
4
2
89
2
0
4
0
0
4
4
2
2
0
0
0
4
0
0
0
4
4
6
0
0
2
48
2
2
2
0
2
0
0
4
2
2
89
4
2
4
0
2
2
4
0
2
2
2
2
4
0
4
2
0
2
2
0
6
2
0
2
56
0
2
4
2
2
2
4
0
0
0
6
4
2
0
0
0
2
2
0
4
4
0
8
0
0
2
0
0
2
4
4
2
2
0
4
6
0
42
0
4
6
6
99
0
0
4
4
0
0
4
2
2
4
2
2
4
8
2
2
59
0
2
4
0
4
42
0
2
4
6
0
0
8
0
0
2
8
0
4
55
0
4
0
4
0
8
4
42
0
4
2
0
2
4
6
4
4
2
0
2
0
4
0
2
2
4
8
6
0
2
0
0
0
8
4
6
0
2
2
0
2
0
2
4
4
0
8
2
2
0
4
2
0
0
4
4
8
0
2
2
8
92
0
6
4
0
2
2
0
2
0
0
6
0
4
52
4
0
2
0
2
94
2
0
4
0
0
0
0
0
6
4
6
56
2
2
2
4
6
4
0
4
0
2
0
8
8
0
2
6
0
4
0
0
10
6
2
10
2
2
4
8
4
6
8
6
6
4
8
4
6
6
12
2
2
2
6
0
4
6
6
8
6
6
2
0
0
2
4
8
2
2
4
6
4
4
6
4
2
4
2
8
0
2
4
4
6
4
6
4
2
6
4
6
6
4
4
6
6
6
2
4
6
8
12
4
2
6
2
2
0
8
2
8
8
4
4
12
4
2
6
6
4
12
2
4
4
6
4
6
6
4
4
4
10
6
4
4
2
0
4
8
2
2
4
8
4
8
0
2
2
4
4
6
0
12
10
2
4
6
2
8
0
18
2
6
8
4
4
10
2
2
2
4
4
6
4
14
0
10
4
0
6
6
0
6
2
6
6
2
6
6
2
4
2
4
2
14
10
2
4
8
4
6
4
0
2
4
4
12
6
2
12
2
4
8
4
8
2
10
4
8
6
6
2
8
16
0
6
6
2
6
6
4
16
6
4
6
4
6
10
0
8
4
2
2
0
6
0
2
10
6
2
0
4
6
0
2
2
6
6
0
4
2
11
2
2
8
6
4
2
4
2
8
4
4
0
4
6
2
6
8
4
12
4
6
8
4
6
8
12
2
2
6
2
6
2
4
6
6
0
4
10
4
4
2
10
0
8
14
6
0
2
0
6
2
6
8
8
4
4
4
0
2
6
0
6
6
2
0
0
0
4
2
4
4
2
4
4
0
2
2
0
0
2
2
0
0
2
4
0
2
0
4
2
6
0
2
2
0
0
2
0
6
0
4
0
2
0
0
2
2
2
4
4
4
4
2
2
2
6
2
4
0
2
2
2
4
4
2
2
4
2
2
2
2
4
2
2
2
2
2
2
2
6
0
0
2
4
0
2
6
0
2
0
4
4
0
6
4
2
0
0
0
0
2
0
2
2
0
2
2
4
2
4
2
0
2
0
2
0
0
0
2
2
2
4
0
4
0
4
4
4
2
6
2
0
2
0
2
2
0
6
2
2
0
0
2
0
4
0
0
4
8
0
0
2
2
0
8
10
2
2
0
2
0
2
4
4
6
6
2
4
4
2
2
2
4
6
2
0
4
6
4
2
6
0
6
4
6
4
0
6
0
0
2
4
0
2
2
2
2
4
0
0
0
2
6
0
4
0
0
2
2
0
0
2
4
4
2
6
0
8
0
4
4
4
2
6
2
6
4
6
0
4
6
2
2
6
4
0
2
0
4
2
2
2
6
4
4
2
8
2
2
2
4
2
2
0
6
2
2
4
4
0
0
4
2
2
4
0
2
2
4
4
0
0
4
4
0
8
4
8
4
0
0
0
0
4
8
8
13
9
7
17
11
20
11
9
8
11
13
11
13
8
9
17
28
9
13
9
10
19
9
12
11
11
6
6
24
10
13
26
8
11
21
13
9
8
9
12
19
8
11
11
21
8
12
6
8
8
8
9
9
8
9
5
15
17
12
10
74
2
4
2
0
2
0
4
2
2
6
2
4
2
2
4
2
0
4
2
2
4
4
2
4
0
4
2
0
4
2
4
10
6
8
6
6
10
4
2
0
6
2
2
6
2
2
4
6
4
6
6
6
2
4
3
10
2
2
2
0
6
2
4
6
4
4
6
0
8
2
2
2
4
2
8
4
2
5
4
4
2
6
0
2
2
6
6
2
10
10
8
10
0
6
2
2
8
2
6
6
2
2
6
10
0
2
8
6
4
4
2
4
7
4
2
6
2
4
12
4
4
10
4
4
4
4
4
4
4
6
10
8
8
6
4
6
6
8
2
4
2
10
10
8
6
10
6
10
6
4
8
5
6
63
9
8
6
2
11
2
9
2
6
4
2
2
4
2
2
6
6
4
6
6
2
4
0
2
2
4
10
10
2
4
2
4
4
6
4
2
2
2
2
5
3
2
7
10
5
7
4
4
2
6
4
3
4
5
4
2
4
6
2
8
0
4
2
2
6
4
6
0
2
2
2
6
