45
0
4
59
68
2
67
68
0
80
0
4
0
2
70
83
8
4
0
0
0
36
0
47
0
2
0
2
83
0
0
6
6
2
2
52
0
0
4
4
0
4
2
4
6
4
0
68
0
2
0
2
0
2
0
64
2
99
4
2
0
31
57
8
0
0
68
0
2
41
0
0
0
0
71
2
4
0
2
0
2
64
4
0
0
0
4
4
2
0
0
0
0
2
0
4
2
56
4
69
2
55
0
2
78
2
2
0
2
6
0
8
4
2
2
0
2
0
0
0
60
2
4
2
2
0
0
2
53
13
2
0
0
0
2
2
46
0
2
11
2
2
2
4
2
54
4
0
2
57
2
0
2
0
43
2
0
2
0
0
2
2
4
61
0
8
63
4
90
62
0
4
4
59
0
2
2
50
0
4
62
4
60
2
43
0
60
57
2
2
71
19
2
2
67
0
47
67
60
4
2
0
75
64
2
32
47
51
2
60
0
0
45
2
0
55
68
2
2
0
0
2
2
61
0
0
49
4
71
60
2
2
2
4
0
2
60
2
6
2
0
4
4
0
0
79
4
2
0
73
57
2
2
0
56
0
2
70
0
2
53
66
4
2
2
2
10
57
4
6
64
2
0
65
2
0
73
54
45
2
13
66
2
67
0
61
0
6
1
5
16
0
0
0
0
0
0
30
11
8
15
7
11
0
0
0
0
0
1
3
0
0
11
13
5
11
0
0
0
0
0
1
12
6
3
7
9
9
0
0
0
0
0
0
11
2
13
14
11
19
0
0
0
0
0
0
0
8
0
16
0
11
0
0
0
1
1
14
19
9
0
0
13
10
0
0
0
0
0
0
12
7
0
8
10
11
0
0
0
0
0
1
1
6
0
0
13
10
0
0
0
0
0
1
13
0
10
10
12
0
0
0
0
0
0
11
11
17
13
12
0
8
0
0
0
0
0
17
12
16
16
9
24
0
0
0
0
0
0
0
17
14
0
8
12
17
0
0
0
1
0
13
8
13
11
1
8
0
0
0
0
0
0
0
0
18
12
11
13
10
0
0
0
0
0
9
8
11
4
0
14
9
12
0
0
0
0
3
8
13
6
1
11
15
0
18
0
0
0
12
0
8
7
1
17
0
9
11
7
0
0
10
13
14
1
13
14
0
0
0
0
0
0
3
1
10
11
0
2
8
4
0
0
0
0
0
1
15
13
8
3
13
0
0
0
0
0
1
13
14
0
15
13
11
0
0
0
0
0
7
6
0
7
11
5
0
0
0
0
0
0
0
10
13
14
6
24
0
0
0
1
0
0
1
8
20
0
9
4
0
0
0
8
18
18
8
0
20
11
14
15
0
6
9
18
3
11
0
0
0
0
0
0
0
2
20
0
2
27
18
2
9
0
9
9
9
8
0
0
0
18
4
0
0
27
0
8
18
2
31
20
10
3
9
0
43
9
9
0
18
22
20
0
8
7
9
9
0
16
16
0
18
7
7
14
9
18
2
0
13
17
0
7
0
9
23
11
0
9
7
9
0
2
13
2
18
2
25
18
15
0
9
9
9
0
0
6
11
0
18
0
7
10
9
2
23
2
9
32
0
17
12
2
29
9
8
0
0
23
0
26
14
27
0
0
17
15
0
0
0
28
0
2
9
33
9
29
9
4
3
9
2
0
0
0
0
0
0
0
7
0
2
0
9
6
0
15
9
16
0
16
2
9
5
13
0
7
2
0
8
0
21
16
9
10
8
9
9
0
4
35
0
9
7
2
8
9
2
18
9
0
5
10
18
7
7
0
13
9
0
0
2
8
2
5
7
2
0
8
0
2
0
0
34
2
8
0
0
7
0
9
0
9
10
8
0
9
11
11
4
0
0
0
0
0
0
9
0
5
8
0
0
0
0
0
0
44
11
0
0
0
2
0
7
0
0
0
0
0
16
0
0
0
3
2
0
0
0
0
0
0
0
2
0
4
0
1
3
0
1
0
1
1
3
0
0
1
0
4
0
0
0
2
5
3
3
0
1
1
1
1
0
0
1
0
0
2
14
3
0
2
1
0
1
1
2
1
0
0
1
1
0
3
0
0
0
0
0
0
0
0
0
0
0
1
3
0
0
3
0
0
2
0
1
1
0
0
1
1
0
1
1
0
0
0
1
0
0
1
1
0
0
0
2
0
0
1
0
1
1
0
0
1
1
10
0
1
0
0
0
3
0
0
3
0
2
1
1
0
1
2
3
1
1
1
0
3
1
0
0
1
1
1
2
1
1
0
0
2
0
4
0
0
2
1
1
0
4
2
1
0
1
0
3
3
0
2
0
0
1
2
0
0
1
1
0
0
1
0
0
6
0
0
1
0
10
2
0
1
1
0
1
0
1
2
1
1
1
1
1
1
1
1
1
1
0
1
0
1
0
2
5
0
1
1
14
1
1
1
1
1
2
1
1
0
4
2
0
2
1
0
0
4
2
2
0
0
1
0
0
1
1
1
0
0
0
2
1
3
1
1
4
1
0
1
1
0
0
1
0
0
0
1
0
0
0
3
0
1
1
3
0
1
3
0
1
0
1
0
0
0
1
0
2
1
0
1
2
0
2
0
0
0
1
1
1
1
0
0
0
3
0
0
5
4
2
0
2
0
2
2
0
2
0
0
2
1
0
0
2
0
2
2
0
2
2
0
3
15
2
2
2
4
0
2
0
0
0
2
39
0
4
2
0
0
0
4
2
2
2
0
4
0
17
0
2
5
4
0
2
3
0
4
2
37
2
2
4
2
0
1
2
1
2
2
0
0
0
4
1
1
2
0
2
2
0
2
0
0
2
2
2
4
0
0
2
2
3
6
4
0
2
0
0
0
2
0
4
2
2
2
0
0
2
0
2
0
0
2
0
0
2
0
2
0
30
2
2
0
4
2
2
0
2
2
0
2
0
0
0
0
0
4
0
2
0
2
0
0
0
0
2
0
0
0
0
0
0
1
3
4
0
0
2
2
0
0
12
5
38
0
1
2
2
2
0
0
0
0
1
2
0
2
2
7
3
0
2
2
4
4
0
2
4
2
4
1
2
2
2
0
4
7
0
4
2
4
0
0
0
0
1
2
0
1
0
2
0
2
0
4
2
0
0
2
4
4
0
0
0
4
0
0
4
0
2
32
2
0
2
0
2
32
0
0
4
0
2
2
2
5
2
0
2
0
0
0
0
0
1
5
0
0
0
2
2
31
0
0
0
2
0
2
0
0
4
4
0
1
2
0
2
0
0
2
0
0
2
2
0
0
0
0
2
2
2
0
0
0
0
2
0
0
2
4
4
4
4
0
0
2
0
2
0
2
4
0
2
0
0
0
2
2
2
0
0
0
0
2
0
2
0
2
0
2
4
4
2
0
0
2
0
2
2
0
2
2
2
2
2
2
2
2
2
0
0
0
2
0
0
2
4
0
0
0
2
2
0
2
4
4
2
0
2
4
0
0
0
2
2
0
0
0
0
0
0
2
0
0
2
2
0
2
0
2
0
2
0
0
2
0
0
0
0
4
0
2
0
2
2
0
0
2
0
0
2
0
0
0
4
0
2
2
2
0
0
0
0
4
0
2
2
0
2
0
2
2
2
2
2
0
0
2
0
0
2
0
2
2
2
0
2
0
0
4
0
2
2
2
0
0
0
0
0
10
2
0
4
2
0
2
0
0
2
2
0
0
0
0
2
2
2
0
0
2
2
0
0
42
2
2
4
0
0
2
0
2
2
0
2
2
4
0
2
2
2
0
0
0
4
2
0
0
0
0
2
0
0
2
0
0
2
0
2
2
0
2
0
4
0
0
2
4
0
0
0
2
2
2
2
0
4
0
0
0
0
2
10
0
0
0
0
2
2
2
0
0
2
2
2
0
0
2
4
2
2
2
0
4
4
2
0
4
0
2
0
4
0
17
11
23
9
11
9
17
11
11
11
13
15
19
8
17
11
21
11
13
9
13
15
13
11
13
10
6
17
21
13
19
17
11
15
15
11
15
30
8
25
19
19
19
17
36
19
13
27
15
21
10
19
23
11
19
8
17
13
15
13
27
15
15
13
13
13
19
23
23
25
19
17
19
11
19
23
30
36
29
15
34
10
19
13
10
10
13
25
11
23
27
17
13
21
63
19
25
13
6
13
10
11
6
10
11
8
8
19
8
8
8
23
15
13
8
8
23
13
27
13
21
11
29
6
6
11
8
11
30
27
10
8
21
21
11
21
11
13
15
19
9
15
11
15
13
15
6
25
11
8
21
8
21
9
6
21
30
19
32
29
23
17
29
19
21
30
21
19
23
34
21
17
17
19
27
17
29
25
23
27
25
13
19
23
11
23
23
10
17
17
9
23
17
10
21
29
25
17
25
30
19
8
17
11
15
15
10
15
23
13
17
15
30
13
32
10
26
9
8
6
27
15
15
17
17
15
23
21
15
13
10
13
10
19
8
8
17
17
23
11
15
19
11
10
10
9
11
13
11
19
21
9
40
10
13
13
27
10
13
17
13
13
23
8
13
15
6
11
19
15
11
13
27
4
9
15
17
27
11
13
23
8
19
19
9
15
8
10
5
4
22
5
10
46
26
2
27
52
8
11
0
21
44
8
25
5
5
17
14
4
4
52
9
34
52
11
39
29
48
58
50
39
8
13
7
53
10
39
42
50
54
63
22
19
9
8
12
25
43
25
8
6
12
55
55
50
50
25
49
8
14
4
42
37
43
46
9
12
4
17
43
4
22
8
87
25
6
64
38
26
10
32
64
7
9
28
43
16
57
7
52
72
12
6
19
0
6
2
0
42
76
2
2
19
8
8
4
70
12
10
60
67
55
62
30
2
30
6
22
4
72
60
4
43
4
7
12
6
52
46
40
12
4
10
4
13
57
52
14
4
45
4
47
10
6
21
8
49
10
6
4
6
9
87
9
19
34
75
7
25
49
90
20
31
37
17
7
44
4
35
31
60
33
44
4
27
4
17
62
6
17
4
14
6
69
45
43
6
7
27
28
13
32
10
4
51
45
2
9
62
4
4
0
15
31
17
58
2
0
2
10
4
11
28
49
39
38
2
9
4
8
5
0
56
73
4
37
65
2
39
44
6
2
4
10
15
2
51
8
8
71
7
27
2
28
6
10
6
13
8
2
6
2
6
10
4
2
10
8
8
7
39
4
2
4
6
6
8
7
6
7
12
12
8
29
3
87
4
6
4
2
10
90
0
18
6
0
2
10
2
60
6
8
0
0
8
4
10
8
6
6
4
4
8
4
4
0
0
10
8
2
0
4
2
2
49
8
2
67
4
6
10
10
2
4
0
0
4
2
0
4
4
57
2
0
64
4
2
2
8
8
0
4
0
2
8
62
4
0
2
2
10
4
2
65
6
2
2
0
26
0
6
6
4
8
8
2
0
8
0
62
10
2
8
6
10
2
2
2
2
8
2
8
8
0
6
8
2
0
2
4
0
8
2
2
0
2
6
10
2
2
2
2
6
8
0
2
10
6
66
8
88
9
8
82
4
6
8
4
0
2
12
10
33
10
4
2
10
10
6
2
16
4
6
10
4
0
11
2
8
42
58
2
62
4
8
0
2
2
2
4
8
43
4
2
2
0
6
8
0
6
2
6
8
60
2
2
2
6
6
4
4
2
90
4
0
2
2
0
6
4
4
32
4
2
62
2
6
2
6
2
0
6
0
31
2
4
6
8
14
65
2
4
2
8
4
71
2
2
8
6
2
75
2
2
8
6
2
6
2
2
26
4
6
2
2
6
4
0
2
2
2
6
0
2
2
8
0
8
0
2
0
2
2
4
6
0
2
0
2
41
0
2
4
0
0
7
2
8
0
2
2
2
0
6
0
8
45
0
0
45
2
0
0
6
2
13
4
5
47
2
6
65
6
64
4
4
0
28
7
10
9
31
11
23
2
11
9
2
8
6
3
4
2
4
6
8
4
10
8
8
8
0
2
22
2
6
6
6
4
2
8
6
2
8
0
2
13
8
53
0
4
8
13
4
4
2
2
4
10
6
2
63
8
6
2
0
8
6
11
2
0
11
92
2
3
78
11
2
13
7
7
35
17
34
48
6
10
53
4
18
4
38
6
34
31
27
4
57
3
2
12
11
4
6
7
27
8
39
2
17
6
10
6
6
4
4
6
29
42
4
53
6
8
42
8
7
0
40
4
4
8
8
2
8
7
14
4
6
6
24
10
10
7
9
8
14
6
8
64
9
8
6
8
7
23
38
7
4
8
6
6
2
82
5
2
32
20
33
8
4
8
12
2
4
4
35
14
4
28
10
5
50
6
8
6
2
43
4
4
26
4
7
8
7
5
34
8
2
0
2
15
5
5
2
0
5
6
39
3
4
48
2
3
33
12
2
4
33
19
8
4
4
2
47
4
2
35
7
14
2
2
25
30
4
5
19
27
6
2
0
7
6
15
28
18
6
2
8
2
7
4
2
34
33
19
15
18
6
10
6
21
10
2
32
22
27
23
8
6
32
17
26
31
30
4
11
11
7
45
31
12
