11
34
12
18
18
7
7
7
18
18
23
14
27
28
19
26
11
49
20
20
31
29
13
7
7
14
26
29
26
30
31
33
37
7
30
31
26
21
20
23
12
21
16
15
33
10
19
22
26
19
34
29
20
16
8
15
18
29
9
17
26
15
17
20
21
33
14
28
21
23
17
34
22
36
18
31
19
18
28
35
44
17
16
23
14
11
14
35
13
4
24
12
9
30
21
27
13
25
20
26
10
24
21
22
7
25
15
13
27
29
20
39
45
27
29
9
35
11
22
29
14
11
7
14
50
41
24
13
24
35
6
21
16
7
24
24
27
27
13
23
20
11
20
14
19
26
11
53
11
18
27
11
26
22
13
17
15
15
24
15
22
26
19
39
35
28
26
34
34
21
29
27
23
30
16
32
23
33
14
16
18
24
11
28
22
28
25
15
31
29
26
19
20
39
18
33
11
23
8
25
27
29
35
43
17
28
60
25
14
18
28
34
29
29
31
34
22
16
23
32
26
24
25
22
38
25
42
17
34
20
26
26
31
31
43
43
20
24
12
32
34
30
25
15
27
35
25
43
16
28
32
36
20
27
14
29
26
9
30
13
13
11
26
9
26
9
34
16
21
25
23
20
19
28
18
10
13
22
17
18
16
28
24
16
14
11
17
20
32
40
34
34
39
35
39
39
37
31
40
34
34
40
39
33
35
32
38
38
39
32
38
35
40
39
39
34
33
34
39
39
40
33
34
40
39
40
36
33
31
37
34
39
38
35
40
34
36
38
35
32
35
33
37
38
33
35
40
39
40
39
38
38
36
40
39
39
39
40
39
39
31
35
38
33
40
35
34
39
35
33
35
38
38
38
34
40
39
38
39
37
33
34
34
38
38
36
34
34
38
36
37
30
34
39
35
33
31
32
35
39
39
37
37
39
34
38
33
39
38
32
33
34
33
34
38
39
33
36
37
38
38
40
34
35
39
38
32
37
34
38
38
39
39
38
34
33
38
37
40
32
39
38
37
38
36
38
37
32
37
38
33
39
32
36
32
38
38
38
38
34
34
38
37
36
34
34
38
38
37
32
33
37
37
33
39
35
32
36
37
37
38
33
38
38
32
38
31
32
33
39
38
37
32
30
39
33
36
39
38
31
33
34
37
39
38
34
35
40
39
37
35
32
34
37
40
38
37
33
38
34
37
36
38
38
37
33
33
37
40
33
40
36
39
39
37
35
33
39
39
38
36
36
40
35
38
29
34
35
34
34
39
37
29
34
38
28
39
34
33
35
34
39
33
34
34
40
33
34
32
39
34
33
39
34
38
39
2
2
3
2
0
1
2
1
1
1
2
3
1
1
0
1
1
1
1
2
0
1
2
1
2
6
1
4
2
0
0
1
2
3
3
1
1
1
3
0
0
1
0
6
1
1
2
2
2
1
6
2
2
4
1
1
0
6
2
0
3
1
2
2
1
2
1
2
1
4
5
2
2
3
0
1
1
1
1
2
1
4
1
2
0
1
6
1
3
1
7
2
1
1
2
1
1
1
0
2
1
0
0
1
2
1
3
2
1
1
3
1
2
2
3
0
1
4
1
2
1
3
1
1
3
1
3
3
1
2
2
3
1
1
2
2
2
2
1
1
1
0
1
1
1
1
2
1
2
1
1
1
0
1
1
1
0
0
0
2
2
0
0
0
1
2
1
3
5
1
1
1
1
1
1
1
1
2
1
1
1
1
2
2
0
3
3
1
0
0
0
0
3
1
2
2
1
1
0
2
3
1
2
2
1
1
2
4
1
3
1
5
0
0
1
2
5
1
2
2
0
1
2
0
0
0
3
1
2
1
4
4
2
0
3
1
2
0
1
1
3
2
2
2
6
1
1
2
0
3
1
2
2
1
1
0
3
1
0
0
5
0
3
1
2
1
1
1
1
1
1
1
5
2
1
1
1
0
2
1
1
0
0
0
0
0
2
0
1
1
3
3
4
3
2
1
3
0
4
3
5
5
3
7
2
2
3
3
2
2
3
9
3
4
2
2
2
1
8
2
0
2
2
2
1
2
2
3
5
13
4
3
0
2
1
1
2
2
6
2
2
1
1
5
2
2
2
0
3
0
2
3
3
3
3
3
2
2
2
3
3
3
2
25
0
3
2
2
0
2
3
10
2
5
3
0
2
3
4
2
2
3
5
2
2
2
3
2
5
2
2
2
1
2
2
1
2
0
2
3
3
2
3
2
0
1
2
1
3
0
2
2
3
3
3
3
2
3
1
3
3
1
2
2
4
2
3
1
3
5
3
3
3
3
1
2
0
4
7
2
2
2
2
0
3
2
1
1
2
1
3
3
2
3
2
3
3
4
2
3
2
2
3
6
2
2
2
2
6
3
4
2
5
2
1
1
1
2
2
3
2
9
4
4
1
1
4
1
3
4
1
2
1
3
4
3
5
3
1
1
20
2
2
2
3
2
1
2
4
1
1
1
2
2
0
1
2
3
3
2
3
3
2
3
2
1
2
0
1
2
2
2
4
3
1
2
2
1
2
2
3
2
3
3
4
2
3
4
4
4
4
21
2
0
1
3
1
1
2
2
2
3
0
8
2
2
1
3
1
2
2
3
5
3
3
3
11
25
7
7
7
95
9
19
17
7
9
5
11
33
7
29
9
9
0
56
19
11
11
21
1
15
3
7
39
19
11
17
11
5
5
13
42
9
7
33
5
3
7
9
3
9
9
5
7
2
9
5
7
9
9
7
3
23
2
9
23
7
15
3
3
13
21
13
13
58
17
5
5
13
5
3
11
9
21
9
5
11
9
3
11
17
15
31
15
9
21
9
35
13
15
11
17
39
23
3
58
27
29
37
9
17
11
21
11
17
23
27
23
7
7
19
15
7
7
35
15
35
3
7
31
3
23
9
27
31
31
40
21
29
2
5
25
13
13
0
9
9
0
19
21
7
11
7
9
17
3
9
19
0
13
7
19
11
17
9
11
5
3
9
2
15
5
2
7
3
3
3
5
7
27
21
5
5
11
5
3
5
17
7
2
21
13
13
2
23
13
21
3
3
11
7
11
5
13
11
3
48
35
9
3
13
15
13
7
11
23
2
11
19
3
17
13
11
17
9
9
17
5
39
11
5
5
5
13
3
13
15
13
26
17
13
3
17
19
0
27
2
7
3
39
19
7
13
3
29
29
19
3
35
2
5
5
9
9
7
11
3
9
27
9
11
17
11
33
17
11
15
11
0
13
9
3
11
11
17
29
0
42
15
13
35
17
25
2
0
2
0
2
2
0
0
0
2
2
2
2
0
0
0
0
2
2
0
2
2
2
0
4
2
2
2
0
0
4
4
0
2
2
0
2
2
0
0
0
2
0
2
2
2
4
2
0
2
6
4
2
0
4
2
0
0
0
0
0
4
4
0
2
2
0
2
2
2
2
0
2
2
2
2
2
0
0
0
2
0
0
2
2
2
0
2
2
2
2
0
2
2
2
0
4
4
0
2
4
2
0
2
2
4
0
0
2
0
2
2
2
4
0
0
2
0
0
0
2
2
2
2
2
2
2
2
2
4
2
0
2
2
2
4
0
2
0
2
0
0
2
0
0
2
2
2
0
2
2
2
2
2
2
4
2
2
2
2
2
0
2
0
2
2
2
2
2
2
2
0
0
2
0
2
0
2
0
2
2
2
2
4
2
0
4
2
0
2
2
2
0
0
2
2
4
0
4
2
2
2
0
2
2
0
4
2
2
2
2
0
2
2
0
0
2
2
2
0
0
0
2
2
0
2
2
4
0
2
6
4
0
2
0
2
2
2
0
0
0
2
2
0
0
0
6
2
0
0
2
2
2
2
0
2
0
0
0
0
2
0
0
2
2
0
0
2
2
0
2
4
0
2
0
2
2
2
2
2
2
0
4
4
2
0
2
2
0
6
4
2
4
4
0
0
2
0
4
0
2
4
2
6
0
4
0
4
2
2
0
5
0
6
2
66
2
0
4
0
2
2
4
2
6
0
2
6
6
2
6
4
2
2
15
0
2
0
2
4
0
2
0
0
4
2
0
2
4
2
2
4
4
8
2
4
0
0
2
2
4
4
0
4
0
4
4
8
6
4
2
4
0
10
6
4
0
0
2
2
0
2
6
4
2
4
4
8
0
2
2
9
6
2
4
48
4
2
6
2
0
4
2
17
19
4
6
2
4
4
8
2
4
6
4
0
0
0
0
6
4
0
0
8
4
6
2
4
2
6
69
7
4
4
9
13
6
2
4
8
4
4
54
7
5
4
2
4
4
6
2
53
6
0
6
2
4
0
8
6
2
0
0
6
4
0
6
46
8
2
6
4
2
2
4
6
4
4
2
4
4
4
0
0
2
2
4
4
6
2
10
4
4
0
2
2
8
6
4
11
2
0
2
4
4
4
2
4
56
8
4
2
2
4
4
0
4
2
4
0
2
4
6
2
2
2
4
2
4
4
0
2
2
2
4
4
0
4
2
13
2
4
8
2
2
0
6
7
8
7
2
2
2
0
6
4
0
8
7
0
2
5
0
2
10
5
4
7
2
2
42
4
2
6
4
2
25
22
23
23
20
24
26
25
25
24
23
25
24
24
25
23
22
20
25
23
26
18
23
24
25
23
24
23
23
24
24
26
25
24
26
25
23
25
25
20
26
25
25
22
19
22
25
23
24
22
25
23
23
22
26
25
25
25
24
25
23
24
25
24
21
23
25
20
23
23
25
24
25
25
21
26
25
21
25
24
22
23
25
25
26
23
22
26
24
23
23
25
25
25
24
26
26
26
25
26
23
26
22
25
26
24
23
24
23
17
23
23
25
25
23
19
21
26
25
23
24
23
25
22
24
26
21
22
25
20
25
26
20
25
24
25
26
26
23
23
22
24
25
23
26
26
25
26
24
27
23
24
25
25
23
25
21
25
24
26
23
25
19
25
24
25
24
25
26
26
26
23
26
26
25
25
22
25
25
22
24
24
23
25
25
22
26
23
26
22
22
23
27
23
24
23
24
24
26
23
23
21
26
23
25
25
26
19
23
25
25
25
25
24
24
25
22
25
26
23
23
25
26
25
25
23
25
23
24
25
23
26
24
26
24
25
24
25
25
26
25
25
21
25
23
24
25
22
23
23
24
23
25
23
22
22
26
26
26
26
24
25
24
25
25
23
25
24
25
25
25
23
24
25
24
26
23
25
25
23
27
26
26
24
26
23
25
22
0
0
2
2
0
2
2
2
2
2
0
2
0
2
2
0
0
0
2
0
0
0
6
2
0
2
2
2
2
0
2
2
1
4
2
0
2
0
2
4
0
3
0
2
4
2
2
2
2
0
0
0
0
0
0
2
0
2
5
0
0
0
0
0
2
0
0
0
0
0
4
0
0
2
0
0
2
0
2
2
0
2
0
2
0
4
0
2
2
0
0
0
2
0
2
4
4
4
0
0
2
2
0
2
2
4
0
4
0
2
2
2
0
0
2
2
2
4
2
2
2
2
2
2
2
2
4
0
2
4
2
2
3
5
3
2
4
2
0
2
2
5
2
0
4
2
0
2
0
1
2
2
0
2
2
4
2
0
2
0
0
4
2
5
0
0
2
2
0
2
2
2
2
2
2
0
2
2
4
4
2
2
4
2
2
4
0
2
0
2
0
2
2
1
0
1
0
5
2
0
2
0
2
0
2
0
2
1
2
1
2
2
0
0
0
0
4
3
2
0
2
0
2
2
0
2
0
4
0
2
2
0
0
0
0
1
0
1
0
0
0
4
1
1
0
8
1
1
1
2
2
1
0
2
0
0
0
2
2
0
2
0
1
0
0
0
0
2
4
1
2
0
0
2
2
1
0
0
0
0
2
2
0
2
0
0
2
0
14
39
0
16
0
0
0
0
0
25
29
39
0
18
22
25
44
17
0
0
0
39
0
23
23
5
6
0
9
0
0
0
10
0
0
32
23
29
0
22
0
0
0
2
0
30
32
34
35
15
2
19
0
0
0
0
11
23
34
0
16
29
3
0
0
0
0
0
44
9
0
23
3
21
0
0
0
0
0
2
27
24
27
28
30
34
12
0
0
0
0
0
0
35
3
20
26
29
24
21
0
0
0
9
0
2
27
24
0
14
21
0
0
0
0
0
0
41
27
28
0
36
2
0
0
2
0
0
0
22
23
16
2
0
0
0
0
0
0
0
23
29
21
0
8
30
0
0
0
0
0
0
0
27
0
0
30
55
0
30
0
0
0
0
16
31
15
21
20
25
0
23
3
34
0
0
16
28
16
20
0
45
0
28
18
0
0
0
26
28
28
0
36
54
15
0
16
0
0
0
10
27
30
21
34
0
0
22
25
0
0
0
18
24
29
19
0
25
5
12
0
0
0
0
0
22
19
0
15
25
29
42
0
0
0
0
33
33
0
0
0
2
0
11
2
13
19
1
15
15
14
0
16
17
0
0
24
28
2
24
0
23
25
0
5
31
0
0
14
19
19
24
13
0
19
29
6
0
7
0
16
25
14
0
19
0
20
11
