2
0
0
0
0
0
0
0
0
2
2
0
2
0
2
2
0
0
0
0
0
2
0
0
0
0
2
2
0
0
2
0
0
0
0
0
0
2
6
4
0
2
0
0
0
0
2
0
0
0
0
4
2
2
2
0
0
0
0
0
0
0
2
0
2
0
0
4
2
0
0
0
6
2
0
0
4
0
4
0
0
0
2
0
0
4
6
0
0
2
2
4
0
2
0
2
0
2
4
4
0
0
4
6
4
2
4
0
2
0
2
4
2
0
0
4
4
2
2
2
6
4
6
2
2
2
2
2
0
0
0
4
2
6
2
10
0
0
2
0
0
2
0
2
2
0
2
0
4
2
0
2
2
4
2
4
4
4
12
8
4
4
2
6
0
4
2
6
6
0
6
4
2
2
4
2
2
3
4
8
2
0
4
2
0
0
4
4
4
6
4
4
2
0
2
0
4
2
0
2
4
2
0
4
8
4
4
0
2
2
4
4
4
2
4
2
4
0
2
2
0
0
4
4
0
2
4
0
2
0
2
0
2
0
0
0
0
2
2
8
2
2
6
0
2
0
2
2
4
0
4
2
0
4
0
2
4
0
2
4
4
0
2
2
2
6
4
8
0
0
0
0
4
6
6
2
2
0
0
4
6
0
4
4
2
2
0
6
6
6
16
8
4
6
12
6
6
2
0
10
2
6
6
4
6
4
4
0
6
6
0
4
14
4
4
6
2
4
6
4
14
6
4
6
6
6
6
6
12
8
6
10
15
6
6
5
10
6
10
8
10
6
6
6
6
8
8
6
8
4
6
2
8
10
4
16
16
8
8
6
16
6
16
6
17
8
12
16
10
8
8
19
15
10
14
12
16
18
12
16
2
10
2
8
18
6
6
5
8
6
2
4
8
14
2
10
4
24
4
6
4
6
6
4
12
8
4
10
10
12
12
6
4
10
8
2
10
10
4
12
14
10
4
14
20
20
6
12
6
8
2
10
19
17
8
15
12
10
12
14
6
70
33
18
9
16
12
12
8
10
6
14
6
8
8
8
10
14
16
4
16
2
6
6
18
18
4
12
18
8
12
19
22
6
12
8
23
35
15
18
2
4
10
10
23
12
2
10
23
6
10
6
8
11
6
2
23
13
21
8
4
12
6
16
12
16
2
6
4
20
16
10
6
6
27
12
12
10
17
18
4
10
10
14
5
14
12
16
16
14
4
8
18
9
4
2
8
8
12
8
16
6
7
10
9
18
12
6
12
12
12
12
6
10
10
8
4
6
4
7
8
6
2
8
10
2
4
2
6
6
6
16
10
20
2
4
23
12
58
14
27
19
33
16
41
19
30
64
14
19
8
27
41
37
43
27
14
14
12
23
21
10
15
13
27
23
12
8
11
48
21
23
31
10
6
15
33
17
14
13
35
50
14
70
10
41
19
29
6
9
15
8
8
10
29
10
14
10
6
46
8
21
8
15
29
21
27
27
15
15
10
19
61
31
29
46
33
41
17
23
21
41
14
10
12
14
8
12
33
29
12
19
33
38
8
17
6
46
34
31
21
10
18
8
21
14
10
33
8
44
17
12
17
12
45
25
27
6
13
16
8
8
12
16
8
82
12
12
19
42
50
39
14
37
48
52
6
11
25
56
29
9
40
27
23
19
19
12
29
19
31
8
17
25
33
27
12
14
50
39
35
19
27
43
17
17
13
10
9
17
17
25
2
6
25
8
21
14
12
29
21
27
17
12
16
37
10
17
29
25
10
39
21
37
19
12
8
12
15
13
31
14
46
12
15
33
14
12
15
6
17
10
8
17
19
12
10
15
19
8
21
12
8
17
6
33
46
10
4
13
23
13
10
10
6
25
44
13
15
21
4
27
25
10
23
6
8
2
25
17
6
15
10
15
6
0
8
10
12
2
8
2
6
2
0
10
2
6
6
4
2
6
6
4
6
10
12
11
12
15
2
6
14
2
0
2
2
2
2
4
2
2
0
4
4
0
2
0
4
0
0
0
2
0
0
0
0
0
4
2
0
0
2
2
2
0
2
0
2
6
2
2
0
0
2
2
2
0
4
0
2
0
0
0
2
2
2
2
2
0
4
2
6
2
2
2
0
2
0
2
0
2
0
0
4
0
4
0
2
0
0
6
0
4
2
0
6
2
0
2
4
0
0
2
0
2
0
0
2
8
0
2
2
0
0
0
4
0
4
4
4
2
0
2
0
0
2
4
0
2
2
2
0
2
8
0
2
0
0
0
2
4
0
2
0
0
2
0
2
0
2
0
4
2
8
0
0
4
2
2
2
2
4
2
0
2
4
0
4
2
2
4
2
2
6
0
0
0
2
0
4
4
0
2
2
2
2
0
6
0
2
2
0
2
0
2
0
2
0
0
2
2
2
2
4
0
2
0
2
0
4
0
2
4
0
0
0
0
4
0
0
0
2
4
0
2
2
4
0
2
0
2
2
0
4
2
2
2
0
0
0
0
2
2
0
0
2
0
2
2
0
2
2
0
0
4
4
2
0
0
6
0
6
0
0
2
0
4
4
4
0
0
2
0
0
2
10
0
0
0
0
2
2
0
0
2
2
0
2
2
0
2
0
0
4
0
0
0
0
4
2
0
2
0
0
0
2
6
2
2
0
4
18
4
0
0
0
0
0
0
4
4
0
0
2
2
2
0
2
4
0
0
0
4
2
4
2
2
4
0
0
0
2
2
2
0
2
0
0
2
0
0
2
2
0
17
4
2
0
27
0
2
4
0
0
0
0
2
0
2
0
2
0
4
2
2
2
0
0
6
2
0
2
0
2
4
0
0
2
2
4
0
4
2
0
15
2
0
2
2
0
4
6
0
4
4
2
0
4
0
4
4
2
0
2
0
0
2
4
2
2
2
0
0
2
4
0
2
0
0
4
2
2
4
6
2
0
0
4
4
2
0
0
0
6
0
2
2
0
4
2
2
2
4
0
2
2
0
2
2
0
0
4
0
0
2
2
2
0
2
0
2
0
0
6
6
2
0
4
0
0
2
0
4
2
0
0
2
2
0
0
2
2
6
0
0
0
0
2
2
0
0
0
2
0
2
2
0
2
0
0
6
0
0
2
0
0
4
2
2
8
0
2
17
2
2
2
0
0
2
6
0
2
15
2
2
0
4
2
4
0
4
2
0
2
2
6
2
4
0
2
6
4
0
2
2
0
0
6
4
2
2
4
2
0
0
0
2
0
2
2
4
2
2
0
0
0
0
2
0
0
2
0
2
2
4
2
2
0
0
0
2
4
0
0
2
0
4
4
0
2
2
0
16
6
2
6
0
60
0
2
56
4
2
2
4
4
2
2
2
4
6
4
2
31
47
33
39
55
31
4
2
8
4
6
6
2
33
19
14
36
4
6
3
70
0
4
2
34
31
21
2
28
35
23
56
2
23
56
53
37
30
26
26
21
17
33
16
36
30
48
11
38
19
53
3
2
5
18
2
4
4
4
10
6
3
19
2
26
3
35
6
0
7
2
4
4
2
4
2
3
25
0
2
30
32
2
4
8
2
31
2
2
29
33
30
6
47
27
2
4
19
6
44
36
2
23
2
4
7
23
6
2
5
35
74
4
4
8
34
4
36
50
2
4
25
0
4
2
41
0
35
4
12
24
7
2
25
22
6
4
2
0
11
0
24
28
2
2
31
23
19
4
3
4
0
5
3
32
27
4
18
17
22
0
5
0
2
7
4
0
45
19
28
23
19
32
2
4
40
0
3
6
2
2
60
2
2
21
2
9
4
4
0
33
16
27
22
24
33
2
16
6
2
36
4
10
6
29
15
19
4
4
2
23
2
2
31
4
2
33
13
17
39
2
0
8
2
0
0
25
4
2
31
2
4
4
4
6
7
6
5
20
4
2
28
39
6
33
2
2
2
2
2
2
8
2
2
52
67
46
38
49
55
68
40
55
32
43
80
80
52
47
59
32
41
60
58
58
24
76
41
34
58
38
65
37
63
22
26
35
31
27
68
46
37
34
42
23
26
68
32
18
24
27
32
67
64
21
20
18
23
38
68
36
23
55
36
47
30
31
48
45
30
27
59
36
30
21
33
46
40
24
61
58
50
68
39
22
33
32
34
42
36
27
64
56
24
47
74
32
49
34
45
26
58
43
39
58
56
68
41
25
39
39
69
22
55
24
39
60
57
25
44
32
36
32
52
49
36
22
36
39
27
26
55
35
36
28
24
30
41
29
42
34
26
23
35
20
28
18
22
37
33
55
26
24
27
14
31
35
33
19
27
31
23
39
38
44
41
59
37
33
42
46
54
28
36
26
38
47
40
50
48
30
37
46
26
38
58
33
64
87
56
32
31
52
31
25
37
33
25
31
37
34
34
30
17
41
32
19
35
43
34
49
40
37
43
34
23
37
23
20
33
42
29
50
39
36
66
44
48
37
37
24
64
48
31
32
61
33
29
47
69
42
33
30
46
37
55
20
21
47
39
36
60
30
44
30
53
57
39
30
50
58
44
37
32
49
49
35
54
71
48
56
67
50
40
35
31
87
27
33
61
53
45
44
58
53
42
93
23
42
33
18
43
2
2
2
0
6
10
4
2
0
0
4
4
4
0
2
6
2
0
2
4
6
2
6
2
2
6
10
2
0
8
6
6
2
6
0
4
4
2
4
2
4
4
0
2
2
4
2
2
0
6
4
6
2
0
4
8
2
6
0
2
2
8
6
2
2
2
4
6
4
4
0
6
6
6
2
2
0
8
6
0
0
2
0
8
2
2
2
4
4
2
2
6
4
8
6
4
2
2
6
6
0
0
2
4
2
4
4
2
4
4
4
0
2
0
0
2
2
0
2
0
4
8
2
2
0
4
10
0
6
0
6
6
2
0
4
6
4
0
0
0
2
4
2
2
2
8
12
2
4
2
4
4
4
2
0
0
2
6
4
0
2
0
4
2
2
2
0
6
6
2
0
4
2
2
0
2
4
4
2
2
0
4
2
4
2
2
4
6
2
2
4
2
2
6
6
2
2
2
6
4
4
4
2
4
2
2
2
4
0
6
4
6
4
0
0
0
4
0
4
4
6
4
2
2
2
10
2
6
2
2
4
4
4
2
0
2
6
4
0
2
4
2
4
6
2
2
6
2
2
2
4
6
6
8
2
2
12
2
0
2
0
2
0
2
2
0
2
4
4
2
0
2
2
4
6
2
0
2
4
4
4
2
0
4
6
2
2
8
8
4
4
10
5
2
21
12
0
5
0
2
11
13
0
5
0
6
0
2
2
0
0
0
2
5
0
0
10
0
2
0
0
0
2
11
7
2
0
8
5
2
5
12
5
9
8
5
0
5
9
11
6
0
4
0
2
9
2
2
3
0
2
8
2
4
1
2
5
6
7
4
2
4
0
2
0
10
2
2
8
4
8
2
0
2
0
2
0
2
11
7
5
9
8
4
4
2
4
6
4
2
4
4
2
7
10
2
0
6
3
3
0
9
0
5
4
6
4
5
2
10
2
7
4
2
7
6
2
2
2
10
2
14
2
4
0
2
0
2
0
0
4
4
6
5
2
6
3
4
0
6
3
4
7
2
6
8
4
8
3
6
11
14
2
8
4
2
5
4
2
4
2
2
8
0
3
0
14
0
4
2
2
0
4
0
4
6
0
0
10
0
4
0
7
0
2
0
0
4
0
2
8
11
8
4
11
12
0
2
2
2
10
4
2
0
8
2
0
2
11
2
4
12
6
0
15
6
7
2
0
0
2
7
0
6
2
2
5
7
4
13
1
0
3
0
2
4
4
3
0
0
10
5
20
6
3
0
3
4
2
5
13
6
4
2
7
2
0
0
5
2
2
2
4
2
5
4
10
5
2
0
2
14
2
0
2
2
27
3
2
17
7
2
13
13
3
2
0
2
4
0
4
11
7
4
3
9
5
2
11
2
3
2
2
25
4
7
4
9
25
3
5
4
27
17
5
0
2
0
5
3
9
4
0
0
2
27
13
7
5
2
2
4
4
9
25
0
7
5
0
2
15
0
2
7
4
0
15
5
13
0
2
0
5
0
7
2
4
5
5
2
2
5
2
45
7
5
5
5
3
15
4
3
2
2
3
5
23
5
2
5
5
2
3
2
0
3
2
2
2
9
0
2
3
2
13
11
0
4
11
5
7
2
0
3
2
0
2
0
2
3
2
2
5
2
4
3
27
4
2
0
0
11
5
9
11
0
4
3
2
5
4
4
15
5
17
3
7
2
7
0
15
11
5
2
4
2
2
13
5
5
19
2
5
0
0
2
5
2
2
0
2
2
5
3
4
3
21
15
2
11
2
0
9
7
15
4
2
2
15
4
5
2
3
4
0
2
2
3
11
4
5
2
5
0
4
2
2
15
2
2
15
19
7
2
4
27
5
5
7
4
0
0
2
25
4
2
21
2
2
0
2
2
0
11
2
2
2
4
17
2
2
2
4
7
7
2
2
27
9
5
3
2
0
2
3
17
2
11
4
2
3
3
4
2
2
2
3
29
17
5
2
2
2
5
