11
5
9
13
25
13
19
9
13
3
9
17
15
13
11
17
5
5
9
13
17
11
3
5
2
13
5
15
11
7
15
13
9
7
13
9
0
7
19
11
13
9
5
7
7
5
5
7
2
11
15
19
15
13
5
3
9
17
23
13
33
23
31
17
15
11
25
11
25
15
15
18
9
21
17
19
29
15
33
20
46
38
27
39
21
36
34
19
25
9
21
29
15
11
64
44
17
11
23
18
31
25
9
25
27
15
11
27
21
38
31
19
52
11
25
37
15
37
21
17
21
15
44
17
33
23
31
15
31
5
27
52
41
29
35
54
11
27
25
23
11
17
31
19
21
19
13
7
17
23
25
15
7
31
13
31
13
27
23
27
27
29
21
17
27
17
25
9
25
21
41
23
11
21
54
27
37
25
19
21
39
38
31
11
19
15
15
36
13
13
21
30
37
17
27
17
23
23
34
25
17
27
31
21
29
21
35
23
31
13
25
25
19
17
35
19
17
27
33
19
33
25
5
11
15
19
21
31
19
16
15
19
15
21
23
19
13
5
21
15
11
7
13
11
7
5
9
15
5
13
15
5
7
11
5
17
17
0
7
15
37
7
5
5
15
13
11
15
3
35
5
23
37
13
5
3
5
11
7
1
17
5
3
13
9
5
13
11
23
9
11
18
13
15
15
13
13
13
13
17
13
12
9
11
15
17
13
17
11
14
17
19
16
18
12
15
13
13
13
15
11
11
13
17
15
9
11
15
20
11
15
9
11
14
12
16
15
11
11
15
13
11
11
13
12
17
13
11
14
9
15
15
12
15
11
13
15
13
13
15
11
12
13
12
13
13
19
15
11
15
13
11
9
13
15
14
13
12
14
12
17
12
14
11
11
14
13
19
14
17
15
13
14
15
7
11
13
13
15
16
11
17
14
15
15
13
21
13
17
21
15
16
13
11
20
15
15
11
13
14
13
17
11
11
19
11
13
13
21
11
9
11
22
16
15
15
15
15
18
18
13
11
15
15
17
15
13
11
12
13
15
13
12
15
11
11
15
13
13
17
11
18
16
17
13
15
11
13
15
18
15
12
20
15
12
34
11
16
11
15
19
15
13
15
15
13
17
15
15
17
14
12
18
17
11
15
14
14
15
13
13
11
19
11
11
11
12
13
13
15
11
9
11
15
16
18
12
14
10
15
17
11
18
13
13
18
17
11
17
13
11
14
17
11
13
16
14
11
13
9
17
11
13
11
13
13
11
11
15
16
9
11
13
11
14
15
13
9
13
14
16
15
13
13
11
15
13
11
18
12
14
11
16
16
15
16
11
16
17
13
17
11
11
13
13
13
18
15
15
17
16
11
13
15
11
11
17
9
9
16
15
11
11
11
7
11
19
14
9
13
19
7
19
11
9
15
13
13
13
11
11
11
13
9
11
13
16
13
9
9
17
19
13
19
17
13
18
11
13
11
16
13
17
17
15
11
13
16
11
11
11
11
18
13
11
13
9
11
12
11
17
9
11
13
18
17
14
11
13
13
15
23
15
15
12
13
16
14
15
16
15
15
14
15
7
5
7
0
5
3
30
3
29
35
5
0
38
1
1
34
32
0
28
1
5
30
3
1
30
1
28
32
3
0
28
37
5
39
1
29
44
1
27
39
1
34
33
0
10
5
38
3
0
36
3
26
11
0
29
34
0
1
30
43
0
1
1
38
11
7
3
3
0
28
5
41
36
18
0
5
3
5
0
42
0
31
27
7
0
5
7
7
9
11
3
22
9
7
0
9
3
9
5
5
9
17
1
35
9
1
25
0
7
24
24
13
33
0
39
34
3
9
5
15
1
7
5
7
7
3
3
7
34
7
5
1
7
7
1
1
1
41
1
36
1
28
9
0
0
16
3
1
34
3
7
3
38
5
24
1
31
5
1
35
0
43
9
9
43
5
39
33
1
35
1
38
7
5
31
3
29
3
29
37
1
1
1
1
5
1
1
4
3
8
7
1
3
1
1
1
0
1
1
0
7
1
3
3
0
1
1
0
1
5
5
7
5
1
0
0
1
3
9
3
1
1
1
1
3
3
3
0
1
0
0
3
65
1
1
1
3
1
1
3
0
7
1
5
0
4
1
1
5
1
12
3
12
1
1
0
1
57
4
3
9
0
69
3
3
5
3
0
3
3
3
0
1
3
5
3
1
5
3
1
1
3
3
5
1
3
7
0
5
1
3
1
3
1
1
1
0
9
7
1
1
5
1
1
5
1
1
3
3
0
0
1
3
3
1
7
5
3
1
3
3
1
0
1
13
1
1
67
9
1
1
1
47
0
4
1
4
3
3
1
11
5
5
5
14
3
5
5
5
10
3
0
7
0
0
8
1
3
0
1
5
1
7
1
0
3
3
3
0
3
5
5
7
3
3
3
7
5
9
5
3
5
3
5
3
1
1
5
3
5
7
1
3
7
1
7
7
1
5
1
1
13
60
1
3
1
0
10
7
1
9
3
64
5
7
3
3
5
8
0
5
3
1
3
12
3
5
3
1
1
1
5
1
3
7
3
3
1
3
1
9
1
3
1
0
1
7
1
3
1
1
3
3
5
1
1
1
67
1
3
1
0
1
7
1
3
9
3
1
0
5
0
1
0
1
0
1
0
0
1
3
5
1
1
1
1
1
1
0
1
3
1
3
5
0
5
0
0
1
5
3
1
0
1
7
9
1
1
5
1
5
3
3
5
1
1
3
1
48
0
7
0
1
0
3
3
0
7
1
0
0
0
1
0
0
0
1
1
0
1
1
3
0
1
3
0
5
0
5
0
0
0
0
1
0
1
0
0
0
0
0
3
1
1
15
3
0
1
73
5
0
3
1
0
3
1
0
0
5
0
1
0
0
5
1
0
0
1
0
1
0
0
5
3
0
1
1
1
5
0
0
0
0
0
1
5
0
1
0
0
3
0
1
3
1
9
3
0
0
0
1
3
1
0
0
0
67
1
1
1
3
1
5
1
1
1
0
0
1
12
1
0
1
1
1
3
0
1
1
1
0
1
1
0
3
1
1
3
1
0
1
0
1
0
5
1
1
3
1
3
3
5
5
7
9
3
0
3
1
9
0
0
0
5
0
52
1
7
1
0
0
3
0
0
1
1
0
3
1
0
1
1
1
5
0
3
0
1
1
1
1
1
0
1
0
0
1
3
3
0
5
3
1
1
5
3
5
1
0
1
1
1
1
13
67
5
0
5
0
5
5
1
3
0
0
1
0
3
3
1
5
5
5
5
3
5
13
8
4
13
11
19
15
17
17
8
15
13
19
15
9
13
15
21
19
2
17
17
10
11
10
17
25
9
8
10
11
17
17
23
25
27
25
15
21
9
9
17
28
34
10
28
15
13
6
17
13
23
17
17
8
8
8
10
30
27
17
17
25
38
13
15
11
15
29
19
10
29
31
8
13
10
28
53
19
10
10
11
10
51
57
10
8
23
30
11
13
13
19
48
8
11
11
8
11
44
11
17
11
15
11
19
23
9
11
55
8
13
36
17
10
10
19
10
49
25
8
19
11
19
44
42
9
15
8
17
34
40
42
17
21
17
11
13
17
15
19
8
13
8
17
6
13
23
8
17
13
10
23
23
30
19
21
17
13
42
10
11
10
6
34
27
8
23
27
32
11
36
8
27
23
17
25
10
8
8
15
11
13
38
30
21
15
10
13
34
17
32
23
15
19
17
13
23
25
34
10
11
25
13
11
17
10
10
13
17
21
15
8
23
29
27
10
25
8
10
10
21
13
8
8
19
6
23
19
6
11
6
15
32
32
0
25
11
29
10
21
17
23
27
23
15
25
23
23
19
10
10
23
6
13
13
0
21
6
11
27
25
19
19
6
21
25
8
11
29
25
4
13
11
13
10
13
19
15
6
29
36
6
11
29
17
6
13
1
1
1
1
1
1
1
2
1
1
0
0
1
0
1
0
1
0
0
0
0
1
0
1
1
0
0
1
1
0
1
2
0
1
1
0
2
2
0
0
1
2
1
1
1
1
1
2
1
1
1
2
0
1
1
1
1
3
1
0
0
1
1
1
0
1
0
1
1
0
1
1
1
1
2
1
1
1
1
0
1
2
1
0
1
0
2
0
0
1
2
1
1
0
2
1
1
1
1
1
1
1
4
1
1
1
1
2
1
2
1
2
1
1
0
2
1
2
1
0
1
1
1
3
1
1
1
1
0
0
1
1
0
1
0
0
3
0
1
1
1
0
0
2
3
0
2
2
1
1
1
1
1
1
1
0
1
1
0
1
1
1
1
2
0
2
1
0
1
0
1
1
1
1
0
0
1
1
1
1
0
1
1
1
1
0
1
1
1
0
1
1
1
1
3
2
1
0
1
2
1
0
2
0
1
2
1
2
1
0
1
0
1
2
0
1
1
1
1
0
1
1
2
2
1
0
0
1
1
1
1
1
1
2
1
0
0
0
0
1
1
0
4
1
3
1
1
1
0
0
1
0
1
1
1
1
1
2
0
0
1
1
1
1
2
1
1
1
1
1
1
0
1
1
1
1
1
1
0
1
2
1
1
1
1
0
1
1
15
25
11
25
30
15
17
13
29
13
15
9
31
9
15
9
15
15
2
9
9
9
19
12
9
17
3
19
19
17
25
21
25
21
27
29
17
11
21
26
25
15
11
13
13
13
15
15
15
17
11
13
15
19
26
25
17
11
23
19
13
23
21
15
49
17
21
9
9
13
21
13
25
25
15
13
11
30
29
31
27
27
15
30
17
33
21
21
18
48
29
9
19
17
29
15
25
15
22
45
21
13
25
17
17
13
19
25
21
19
23
15
11
17
25
39
17
27
23
23
21
21
64
29
29
29
20
16
21
28
13
21
44
15
25
42
11
38
12
38
41
34
20
23
17
32
30
25
31
50
27
15
13
42
33
52
39
15
39
28
32
35
17
15
38
57
13
17
29
27
17
36
34
15
24
30
17
37
25
26
31
38
17
15
24
17
17
41
7
29
45
31
31
17
30
33
38
15
19
31
51
13
50
42
50
15
15
16
19
5
32
21
9
37
19
19
17
37
50
19
43
17
24
17
47
19
23
46
43
34
34
46
15
25
15
27
19
33
21
54
15
27
17
28
13
21
33
23
19
37
2
37
17
29
21
29
9
24
40
11
38
13
28
35
21
44
44
17
15
7
25
13
32
27
74
15
17
29
25
17
15
13
11
29
11
28
23
23
6
2
2
5
2
0
2
0
2
4
2
4
4
2
2
4
4
4
0
0
0
2
7
5
2
6
4
4
2
4
0
2
5
2
4
11
0
0
4
2
2
6
2
2
2
0
2
2
2
2
2
6
2
2
0
4
4
2
2
0
4
0
4
2
10
4
2
2
6
0
4
2
0
0
2
2
2
2
2
0
2
2
4
2
0
0
0
2
8
2
0
2
2
4
2
2
2
6
0
2
2
4
2
4
0
3
4
5
0
4
7
5
4
2
4
5
2
2
2
4
2
0
0
2
0
2
0
0
0
0
0
2
2
0
9
4
4
2
0
4
0
2
5
0
2
2
4
0
2
5
4
2
0
2
4
2
0
9
4
0
0
3
2
0
0
2
0
2
2
2
0
9
2
2
2
2
2
0
5
0
2
4
2
0
2
2
0
4
2
4
0
2
1
2
5
2
0
2
5
2
0
4
2
4
0
2
4
2
9
2
4
2
2
9
6
4
2
0
4
4
5
2
2
0
9
0
0
4
4
2
0
0
0
8
2
2
4
0
2
2
4
2
2
2
2
0
2
2
0
0
4
2
4
0
2
6
0
0
2
2
0
0
2
2
0
0
2
2
0
2
9
2
0
4
4
0
4
2
3
4
10
0
2
2
0
2
1
4
61
70
15
96
44
70
37
83
24
58
42
48
16
38
43
42
33
64
23
22
33
53
56
49
13
46
22
64
45
31
44
53
48
42
29
65
49
22
40
56
67
56
18
39
66
21
38
33
16
23
46
48
50
40
67
48
63
36
42
50
46
44
52
83
28
42
33
75
15
40
48
26
35
46
26
18
26
43
19
21
55
49
32
28
33
74
20
23
56
71
53
38
39
15
35
58
34
34
16
65
48
86
55
48
45
45
55
47
50
46
43
41
44
64
38
27
27
18
21
67
34
60
34
35
56
50
38
56
45
68
19
48
44
22
15
48
24
44
32
71
45
86
23
23
17
96
17
37
51
25
44
58
44
19
17
41
85
19
42
40
37
54
33
34
52
15
33
52
32
52
45
46
23
30
20
65
23
61
56
37
38
26
17
55
35
20
18
36
53
31
33
37
41
49
55
49
73
24
17
22
23
19
47
30
62
29
24
31
33
40
65
50
31
15
18
40
28
45
43
19
53
48
42
18
23
53
14
67
14
44
56
53
39
38
34
53
63
19
19
48
15
31
52
41
59
32
31
32
43
38
29
17
23
22
32
38
45
36
44
17
49
37
38
16
36
18
32
54
30
15
30
33
27
51
21
35
34
43
15
26
24
42
45
32
37
15
36
24
