17
8
12
15
13
19
24
15
11
17
8
9
15
15
19
11
13
8
15
15
10
19
8
19
13
33
18
15
12
18
24
15
13
23
11
50
19
13
13
15
15
16
24
15
13
22
8
15
19
21
15
17
21
0
17
16
19
24
7
16
19
23
26
21
15
22
23
14
19
30
23
23
9
34
15
20
61
15
11
9
23
7
13
19
13
7
17
7
18
21
14
11
21
19
13
22
21
22
22
14
13
26
20
23
27
17
15
8
43
15
20
27
20
38
29
30
16
38
20
26
26
20
13
17
26
15
13
10
32
21
23
16
17
34
20
20
18
47
38
21
13
17
7
23
7
17
4
14
11
17
11
26
8
15
13
9
9
23
19
15
26
6
21
21
9
11
30
9
24
13
16
13
22
17
26
15
18
11
6
6
15
21
15
11
17
13
13
15
18
9
21
15
10
15
15
13
10
11
15
17
25
21
17
13
8
26
17
15
13
8
20
17
27
15
19
23
15
17
26
17
24
32
7
11
9
17
24
15
19
11
9
13
24
17
2
11
19
25
17
4
11
15
17
11
15
20
13
8
20
21
9
26
27
6
8
6
27
15
15
9
11
11
15
9
21
12
9
8
11
15
8
6
18
16
11
14
15
7
11
7
13
14
6
6
9
9
15
11
7
9
2
4
7
4
7
4
6
7
2
0
2
0
0
2
4
4
5
7
2
4
4
8
7
4
4
6
2
4
4
14
5
4
7
4
6
0
4
9
9
7
5
4
4
2
7
7
8
7
5
9
7
3
3
4
2
7
4
11
9
9
2
5
9
6
4
9
4
9
10
6
7
9
5
4
10
7
9
9
11
2
8
12
18
2
5
9
6
9
9
9
7
6
4
11
5
7
9
4
19
9
14
7
16
11
13
4
7
9
8
7
7
7
11
11
9
7
13
13
15
11
13
7
19
8
13
8
11
11
9
18
22
12
16
5
13
8
7
13
5
16
9
5
7
9
11
11
15
11
15
16
9
9
10
17
17
5
13
9
12
13
20
11
13
5
7
13
13
25
5
11
17
9
10
21
6
7
9
11
15
20
12
22
23
7
20
7
7
7
9
13
12
21
13
5
2
13
6
4
17
25
19
19
11
11
16
10
5
5
13
11
19
15
11
7
6
13
9
4
13
13
9
9
2
6
11
7
11
15
5
13
17
12
5
15
11
12
7
9
13
6
6
7
7
4
13
4
9
7
4
11
9
0
2
9
7
4
11
7
11
2
4
17
6
6
4
5
7
4
8
8
4
4
2
2
7
6
5
0
7
5
4
11
7
4
3
2
0
0
0
0
1
1
0
1
0
0
1
0
0
0
0
1
1
0
0
0
1
1
0
1
1
0
0
0
1
0
1
1
0
1
0
3
0
0
0
0
1
0
0
0
1
1
0
0
1
1
0
1
0
3
0
16
5
1
3
7
3
5
0
7
7
5
1
9
0
0
1
1
3
3
0
0
1
0
1
0
3
0
0
1
1
0
0
23
0
1
1
22
54
0
3
1
29
1
22
3
5
1
1
0
0
3
1
0
3
0
1
0
1
1
0
5
0
0
1
1
0
1
0
0
0
1
1
3
0
0
1
1
0
3
0
1
0
0
0
0
1
24
3
1
5
3
6
5
3
6
3
0
3
0
1
5
5
5
0
3
8
0
1
9
3
5
1
1
5
1
3
3
1
3
0
0
6
3
5
3
1
0
0
7
5
1
1
1
1
3
0
1
0
1
1
0
0
0
3
0
1
1
3
1
0
3
1
0
3
1
0
3
3
3
0
1
0
1
1
0
0
1
1
1
1
0
0
0
1
1
1
0
3
1
3
0
0
4
0
3
1
1
1
0
0
1
0
3
1
0
0
0
0
3
2
3
0
0
0
4
0
0
1
0
1
0
1
0
3
0
14
18
1
1
1
0
5
4
5
0
5
9
14
1
1
15
0
3
1
0
4
1
3
0
1
1
0
0
0
3
0
1
2
3
0
3
1
5
7
0
2
0
0
1
2
3
0
2
0
0
7
0
0
5
4
4
3
2
0
1
1
1
0
0
10
5
2
0
0
3
2
3
2
0
1
2
0
2
2
0
2
4
2
0
3
5
1
1
3
1
0
5
2
7
0
0
2
0
3
2
2
3
1
6
0
13
1
1
3
2
3
4
0
2
2
2
0
1
3
8
0
0
0
3
0
0
5
2
0
2
1
1
5
3
8
0
2
4
3
2
5
1
1
1
1
1
0
5
0
1
0
2
0
7
3
1
3
1
2
2
0
4
0
2
5
3
5
1
0
1
6
5
4
2
0
3
4
0
2
0
0
2
3
3
1
0
3
0
8
2
7
1
3
2
0
0
0
3
0
2
1
0
0
1
0
3
3
3
3
0
3
5
3
3
3
0
0
1
4
0
2
3
3
0
1
2
3
8
3
1
13
2
0
2
2
0
0
8
3
4
3
0
3
2
3
6
1
3
2
1
0
0
3
0
0
0
0
0
3
3
0
0
2
0
5
2
5
5
1
7
3
0
1
1
1
7
0
3
3
2
0
2
0
3
4
0
5
3
2
2
4
2
2
3
4
2
0
2
3
3
7
3
2
1
0
0
6
2
6
11
0
2
0
4
2
2
2
4
4
0
6
0
4
4
4
2
2
4
6
2
4
6
4
0
0
2
2
4
6
0
2
2
2
4
2
2
4
4
0
2
4
4
13
4
0
2
2
0
0
2
2
2
2
2
6
8
2
4
13
2
0
0
4
6
0
4
0
2
0
4
0
2
8
2
0
0
4
0
8
2
2
2
2
2
4
6
0
2
15
0
2
4
4
4
2
4
2
2
0
0
2
0
8
4
11
0
2
4
4
14
0
0
2
0
4
2
6
0
4
0
2
6
2
2
0
6
4
4
4
4
2
4
2
0
2
4
2
4
4
2
2
2
2
2
0
0
2
2
4
4
6
2
0
2
0
2
0
4
4
2
2
0
2
2
4
6
6
2
2
4
2
4
2
4
11
4
2
0
2
4
2
4
0
4
2
2
2
2
8
4
10
4
2
2
2
2
0
0
0
2
2
6
4
2
2
2
6
2
4
13
2
6
2
4
0
6
2
0
0
4
0
2
6
6
0
6
0
2
2
4
6
6
2
4
2
8
6
0
0
0
4
0
4
2
4
0
0
0
0
6
8
4
0
2
0
0
2
2
0
2
0
0
2
0
2
0
0
0
2
0
2
4
2
2
4
0
4
16
2
2
0
2
10
0
65
78
88
77
77
45
45
77
88
85
83
75
38
48
28
94
70
78
86
74
68
78
83
38
52
83
83
72
74
79
69
61
79
84
80
44
75
79
83
69
45
82
96
76
78
75
72
47
83
86
80
29
77
61
77
77
39
65
76
73
73
81
36
72
81
69
46
40
52
78
38
85
82
83
79
70
36
77
35
47
76
78
78
81
68
76
75
50
78
49
74
57
75
68
54
65
86
76
41
44
78
79
76
77
41
43
80
92
45
77
75
44
62
84
75
60
67
67
77
68
76
77
42
89
70
82
71
66
74
78
78
88
22
75
37
78
72
65
77
79
83
62
76
80
42
81
80
79
65
76
60
57
71
76
75
63
37
43
46
46
71
77
37
75
45
39
78
64
76
64
73
57
78
67
69
78
73
61
39
78
61
80
78
76
76
43
54
74
40
52
41
63
70
69
74
76
66
64
71
41
77
81
78
80
76
43
54
46
70
82
48
69
81
77
80
36
67
74
42
75
75
73
69
44
26
39
78
38
80
67
39
82
78
90
76
53
39
67
78
79
78
74
71
81
80
72
47
36
41
37
43
83
37
77
75
75
72
76
78
78
77
68
81
75
77
70
85
77
73
29
79
79
78
82
80
64
74
82
82
76
37
70
78
59
60
68
74
78
17
17
11
19
19
8
21
20
13
36
11
8
13
19
23
11
21
6
23
12
13
15
28
26
29
21
27
37
31
19
51
13
44
31
23
34
33
19
25
36
23
17
48
23
23
11
23
15
17
50
10
21
36
30
32
29
17
15
23
10
17
26
17
19
31
38
29
27
25
29
19
23
8
19
36
15
37
15
29
44
19
15
33
10
19
21
17
48
21
58
35
18
40
17
44
23
23
42
42
12
40
25
38
29
38
6
12
10
27
21
40
40
31
30
25
33
26
33
33
11
46
50
31
17
33
10
88
58
16
25
35
19
32
17
10
17
23
58
46
13
15
48
38
46
42
27
12
19
21
19
21
17
13
13
28
19
56
29
21
19
21
21
10
36
46
29
33
27
38
46
37
34
21
23
29
17
9
23
8
38
53
48
33
31
40
50
38
31
13
38
13
33
59
10
17
42
19
12
60
40
19
63
21
17
23
25
34
8
17
30
17
23
25
15
27
29
31
26
13
33
30
15
40
17
25
12
36
42
25
54
27
36
33
19
23
12
25
48
17
36
17
25
23
19
21
21
21
25
17
36
26
24
31
19
29
48
13
17
19
10
30
23
33
56
15
13
29
17
17
12
21
42
21
35
12
27
15
33
21
21
17
19
31
10
32
25
27
19
2
2
0
0
0
0
2
0
0
2
2
2
2
0
0
2
0
2
2
2
2
0
0
2
2
0
2
0
0
2
2
2
2
0
2
0
0
0
2
2
2
2
0
0
2
2
0
0
0
2
2
0
2
0
2
2
0
2
0
2
0
0
0
2
2
0
0
0
0
0
2
2
0
2
2
2
2
2
2
2
0
2
2
0
2
0
0
0
4
2
0
0
2
2
0
0
2
2
0
2
2
0
2
0
0
4
0
0
2
2
0
4
0
2
0
2
0
2
2
0
2
0
0
2
0
2
2
2
0
0
0
2
0
2
2
0
2
2
2
2
2
0
0
0
0
2
2
2
2
0
2
2
0
0
2
2
2
0
2
0
2
0
2
2
2
2
2
2
2
0
0
0
0
0
2
2
2
2
0
0
2
0
2
0
0
2
0
0
0
2
2
2
2
2
2
0
2
2
2
0
2
0
2
2
0
2
2
2
0
2
2
2
4
2
2
2
0
0
0
2
2
2
0
2
0
0
0
0
2
0
2
0
0
2
0
0
2
2
2
2
0
2
2
0
2
0
2
2
0
2
0
0
0
2
2
0
2
0
2
0
0
2
2
0
0
2
2
2
2
0
0
2
0
2
0
0
2
2
2
0
2
2
2
4
2
0
0
0
2
0
4
4
3
0
9
0
4
35
2
4
2
2
2
2
6
0
4
2
0
4
2
0
6
2
0
8
2
0
0
2
58
4
0
0
2
2
0
6
4
4
2
2
0
4
6
0
0
4
0
6
2
4
0
0
0
2
27
2
0
4
4
2
26
0
0
2
0
4
7
0
2
4
0
0
2
2
33
2
0
2
0
35
0
0
4
4
0
2
2
0
6
0
0
2
0
2
4
2
0
33
4
2
22
0
0
28
0
0
2
2
4
2
0
6
2
4
2
4
4
2
2
63
4
4
4
2
2
36
0
0
0
2
2
2
0
2
2
2
0
4
2
45
4
2
2
31
2
0
0
0
2
49
0
2
0
6
2
0
4
2
0
4
2
0
2
0
54
0
0
8
2
2
0
4
0
0
4
0
0
2
2
2
0
2
2
2
42
2
4
2
2
2
21
4
6
47
4
0
24
2
0
4
2
4
0
2
0
2
4
0
2
25
0
2
0
2
0
0
0
0
2
0
2
2
0
2
2
0
2
0
0
0
40
2
0
21
2
2
2
0
0
2
3
0
4
0
2
0
47
3
2
0
4
0
0
7
2
2
2
34
0
2
3
2
0
0
49
5
6
2
2
0
25
2
0
20
8
0
0
6
6
0
2
0
19
4
0
2
4
6
2
2
6
2
0
0
4
2
6
4
4
2
2
2
2
4
4
0
4
4
4
4
2
6
2
4
2
0
6
0
0
4
4
6
8
4
2
2
0
2
0
2
2
0
4
2
4
2
2
0
0
4
0
4
4
0
0
2
4
2
0
4
0
0
2
2
2
6
4
0
4
2
4
2
4
0
4
2
0
2
0
2
6
6
2
2
0
0
2
2
2
2
2
2
6
0
4
0
0
2
4
2
2
2
2
6
0
4
0
4
2
2
0
4
6
6
4
0
2
4
0
0
4
4
2
2
2
2
4
8
2
0
2
4
0
6
0
0
2
2
4
2
4
2
0
0
4
0
2
2
2
2
4
2
2
2
0
2
0
2
4
4
2
4
0
2
4
2
2
0
0
0
2
2
0
0
0
2
0
2
2
2
2
0
0
4
2
0
4
2
2
2
2
2
0
0
2
4
2
0
4
6
4
2
2
4
6
0
2
2
6
2
2
2
4
6
0
4
0
0
4
6
0
2
2
6
2
2
4
2
4
2
4
0
4
4
4
2
0
2
0
2
2
2
0
0
6
0
0
0
0
0
0
0
0
4
0
2
2
0
0
0
0
2
0
6
8
2
4
4
4
0
0
0
4
4
4
6
2
2
2
2
0
6
