3
3
1
3
3
1
1
1
1
1
1
1
3
3
0
3
0
1
1
0
17
3
0
1
0
1
3
1
1
3
1
1
1
1
1
1
0
3
3
1
1
1
3
1
1
1
1
0
18
1
1
3
0
1
1
3
3
3
3
1
1
1
1
3
1
1
3
1
3
1
3
3
1
3
3
1
1
1
1
3
0
1
3
1
1
1
0
3
1
1
1
0
3
3
3
0
3
1
0
3
1
15
3
1
1
1
1
1
1
1
3
1
1
1
1
1
1
1
3
0
14
3
1
3
1
1
1
1
0
0
0
1
3
0
1
1
1
0
3
3
1
1
1
1
3
1
3
1
1
1
0
1
5
1
1
1
3
1
1
1
3
1
1
1
1
1
3
1
3
1
1
1
3
1
1
1
1
1
1
1
3
3
1
1
0
1
3
3
1
3
1
1
3
3
1
1
1
1
3
0
1
0
1
3
1
3
3
1
1
1
3
1
1
3
1
3
3
5
1
1
21
1
1
3
1
1
1
3
1
3
1
3
1
3
1
1
3
3
0
3
1
3
3
1
1
1
1
1
1
1
1
3
3
1
1
0
0
3
1
1
3
15
1
1
1
3
3
3
3
0
1
1
1
17
3
0
3
3
3
1
1
1
1
1
3
0
1
1
4
0
10
4
2
4
2
4
2
2
2
2
4
0
2
2
4
4
2
2
8
4
4
2
8
2
6
2
2
0
6
10
4
2
2
2
0
2
4
4
4
2
4
2
2
2
6
4
2
2
4
0
4
2
2
10
4
4
4
4
4
4
4
4
2
4
4
2
4
2
6
4
0
4
4
4
2
4
4
4
6
6
10
6
6
4
0
10
10
2
4
6
2
4
2
6
4
4
4
2
4
6
4
4
2
4
2
4
4
4
4
4
10
12
6
2
4
4
4
6
2
6
8
2
2
4
2
4
6
4
4
8
4
4
0
8
2
8
0
2
4
4
4
2
4
4
4
2
4
2
2
0
4
6
0
6
6
8
4
2
6
4
4
4
2
4
6
2
4
4
2
6
12
14
4
8
8
6
4
4
4
6
4
4
2
2
2
2
6
4
2
2
2
2
4
8
4
2
2
4
4
10
4
4
8
10
2
4
2
8
2
2
4
6
4
2
4
2
12
2
8
2
2
4
2
2
2
2
8
97
2
2
2
8
4
4
12
2
4
4
4
9
2
8
4
6
2
2
2
0
2
6
10
8
4
4
0
0
8
2
14
2
10
2
6
6
4
2
2
0
4
2
4
4
2
0
2
2
0
4
2
2
10
2
4
4
0
0
5
1
3
11
3
3
2
1
1
3
1
4
1
0
7
1
1
2
0
1
3
3
0
1
3
1
0
3
1
3
1
0
3
5
15
5
0
1
1
1
3
1
3
1
3
5
4
0
5
0
0
0
0
3
0
17
0
0
3
37
3
2
0
3
1
3
2
3
2
1
3
2
5
1
0
2
1
3
5
9
3
2
0
3
1
1
7
29
1
3
1
1
5
4
5
3
1
1
9
3
24
2
1
3
4
3
3
3
2
3
1
1
5
15
5
2
5
2
3
3
0
0
4
17
0
3
1
1
3
0
2
2
3
3
2
0
3
2
3
29
1
1
38
2
1
3
3
1
2
0
0
1
3
0
3
6
1
3
3
3
1
1
3
0
0
0
1
5
1
0
1
1
9
5
1
7
1
2
2
3
2
0
1
2
5
12
3
2
4
3
20
1
3
0
1
2
1
5
3
1
1
3
1
0
0
2
1
3
3
8
19
35
5
1
3
3
21
3
1
1
0
2
2
1
1
1
1
3
1
11
1
36
0
3
4
3
0
0
1
1
1
3
3
1
3
2
0
1
1
2
1
1
1
0
21
3
3
2
3
1
1
1
3
1
0
0
0
0
0
0
0
0
1
0
0
0
0
0
1
0
0
0
0
0
0
0
0
0
11
10
12
7
3
7
11
28
7
9
10
9
11
16
11
5
5
15
11
11
9
7
9
9
7
9
23
2
7
14
7
7
5
11
11
13
7
7
11
7
6
9
14
8
11
15
17
20
18
34
6
7
13
7
13
10
12
9
9
13
11
13
15
7
6
9
7
4
14
7
7
13
15
14
7
7
5
11
5
14
14
13
7
11
7
10
9
13
11
11
7
7
9
11
9
16
9
10
7
18
7
9
5
14
23
18
34
11
8
20
11
26
15
13
15
16
17
14
20
27
16
28
27
21
7
16
20
19
24
18
23
17
11
18
12
13
13
16
9
15
18
11
16
13
10
18
24
24
11
15
21
18
17
7
17
18
30
11
13
24
23
17
21
21
7
18
11
16
11
12
18
31
29
23
15
11
15
18
31
30
14
23
6
29
26
23
12
14
33
16
16
4
20
11
22
23
16
10
9
23
21
11
22
30
17
9
9
25
17
7
20
16
7
14
8
25
9
13
15
16
13
17
9
13
11
16
11
25
18
8
13
16
13
7
17
6
14
9
11
37
15
9
9
11
16
6
13
4
13
13
14
9
9
9
7
13
23
7
12
6
13
18
19
7
40
7
12
13
14
11
7
12
9
16
11
15
6
15
24
10
9
5
10
18
14
7
11
9
37
35
30
22
29
36
22
35
42
38
35
36
35
26
30
34
39
41
28
37
35
32
10
25
31
31
36
30
23
26
27
23
24
19
39
31
35
21
32
33
31
33
25
28
26
27
27
30
31
32
27
17
29
20
32
16
31
23
22
32
18
14
20
18
33
31
16
32
32
32
33
26
31
29
29
21
29
23
13
25
29
22
34
39
32
39
28
24
10
31
29
30
29
26
32
32
36
19
27
12
34
36
31
34
31
27
32
28
33
12
18
24
31
24
17
30
19
27
30
37
34
23
31
32
34
29
31
27
35
33
15
32
30
34
17
30
29
0
13
34
31
33
30
30
36
35
36
35
35
39
38
12
36
36
37
35
34
36
39
24
36
27
21
19
31
30
31
22
37
20
34
21
24
34
36
34
28
34
35
31
24
36
22
25
38
41
36
25
41
34
34
35
39
12
22
37
24
39
37
21
23
29
34
26
16
22
21
28
33
35
36
34
33
38
36
35
13
29
22
27
15
18
18
17
22
27
36
25
34
38
38
34
31
43
37
31
37
19
38
33
19
37
28
31
33
38
20
36
23
38
39
32
36
36
20
22
33
33
27
36
33
33
32
36
40
25
31
32
27
34
37
37
36
33
38
20
35
34
43
27
34
29
33
15
23
32
38
33
7
6
4
5
9
7
59
12
5
28
4
10
7
6
8
2
7
11
6
8
30
7
10
8
6
4
9
6
9
9
54
7
7
11
28
8
17
8
6
8
9
8
11
9
9
27
14
56
8
15
51
8
9
5
5
24
8
19
11
7
7
5
3
7
6
7
9
16
8
68
9
8
6
42
11
11
12
7
50
15
53
10
12
14
11
8
7
4
28
89
11
10
7
15
5
15
18
19
11
7
6
9
11
12
10
12
10
10
7
17
5
81
8
27
12
13
5
6
7
16
10
98
5
40
35
9
4
8
11
14
16
8
63
12
7
7
13
9
50
10
14
6
12
50
11
13
10
47
9
45
40
15
13
49
30
11
11
4
72
3
9
14
11
13
14
8
7
7
9
11
15
15
6
9
45
54
9
9
6
19
5
10
40
10
9
9
7
14
4
15
9
6
13
11
8
5
15
21
7
5
13
12
38
44
6
5
5
39
9
10
4
9
13
7
7
7
18
11
14
9
9
5
5
10
11
40
6
4
12
12
8
13
7
12
15
7
8
6
9
10
4
9
9
9
4
5
12
6
24
11
7
65
10
9
7
24
9
41
9
5
10
9
4
5
6
13
11
9
5
4
7
7
11
8
6
7
11
3
3
41
9
5
9
5
13
14
14
4
12
29
45
5
10
14
6
13
11
16
7
12
25
14
10
10
11
5
10
9
23
26
8
14
11
9
23
16
9
10
8
6
11
7
17
11
12
10
13
18
14
20
10
15
11
15
12
10
17
7
12
9
10
16
7
10
5
17
16
13
10
11
21
12
7
34
9
15
19
16
13
9
10
5
9
9
11
7
9
7
3
8
9
8
8
8
13
18
15
20
8
7
7
11
43
9
16
9
9
8
5
7
18
12
7
7
3
7
6
9
8
7
8
7
16
8
13
12
14
8
7
9
7
9
8
11
6
10
9
8
9
9
7
33
10
32
11
15
15
8
10
23
9
5
7
9
9
7
12
14
7
7
17
12
7
5
11
6
10
7
5
5
7
4
9
9
12
9
7
10
14
3
7
5
5
10
24
31
10
5
7
3
38
7
10
7
5
5
9
6
6
7
30
5
32
13
7
6
50
11
12
14
5
5
7
8
24
5
2
5
4
14
4
5
5
5
4
10
7
7
5
4
11
5
7
5
5
4
26
4
5
2
7
5
11
11
2
7
2
8
11
6
3
4
5
8
22
4
7
5
5
9
7
46
33
3
7
9
6
6
11
5
8
12
3
4
8
5
24
5
5
5
7
5
5
2
2
2
8
4
3
3
6
4
3
34
5
6
2
3
0
1
3
0
1
0
0
0
1
2
1
8
1
3
1
0
0
0
0
3
1
1
2
1
4
1
2
1
1
2
0
1
0
0
1
6
2
0
1
0
1
3
0
1
3
0
2
7
1
1
0
2
6
1
0
0
0
7
1
2
1
2
0
3
0
1
2
1
6
1
1
3
0
0
2
0
0
1
1
1
0
1
0
1
0
3
1
4
3
2
1
0
2
0
1
7
0
1
3
1
2
2
1
6
2
6
2
1
3
5
4
1
1
9
1
7
4
3
0
0
7
3
1
6
8
3
0
1
0
16
2
8
1
2
4
0
3
2
4
5
1
1
1
3
3
1
4
1
1
0
1
0
3
8
0
4
2
9
0
0
0
1
1
10
8
6
1
0
7
1
10
6
2
4
1
1
1
5
0
1
6
3
5
0
12
5
3
0
5
0
1
4
3
0
1
5
5
0
1
0
4
5
0
1
3
9
4
3
1
3
4
6
0
3
0
0
1
3
1
0
0
0
0
1
5
1
1
1
3
3
3
3
1
1
1
4
6
1
5
0
1
1
1
2
2
3
3
1
3
4
1
4
3
0
0
0
3
0
7
0
4
5
5
3
4
1
1
7
4
1
6
6
0
1
1
3
9
3
5
6
3
3
3
3
1
1
0
0
8
4
2
6
0
0
2
2
2
2
0
2
4
2
6
2
4
23
2
2
2
6
2
4
0
2
0
6
8
0
0
0
0
0
0
2
2
2
4
0
2
4
2
2
4
0
2
0
2
4
4
2
2
4
0
8
0
0
2
2
0
0
4
0
2
2
0
0
2
2
2
2
2
0
2
6
0
4
6
4
4
0
2
6
0
4
2
4
2
4
0
0
0
2
0
2
4
4
6
2
8
0
2
2
2
2
4
2
2
6
2
2
2
2
38
2
2
4
2
4
0
2
4
0
0
2
4
6
2
2
0
0
0
2
4
2
4
6
2
2
2
2
6
0
0
2
4
4
2
4
4
2
2
4
6
4
4
2
2
2
4
4
0
2
2
2
6
2
0
0
4
6
2
2
6
2
0
0
2
2
2
4
2
2
0
2
0
2
4
2
6
4
0
2
4
6
6
0
50
0
4
0
4
0
0
2
0
0
4
4
35
0
4
2
2
6
0
0
6
2
6
6
2
2
2
2
4
2
2
2
0
0
0
2
4
4
0
0
6
4
0
0
0
0
0
2
6
0
0
2
2
0
2
2
4
0
0
0
2
2
0
2
4
4
2
2
2
2
4
2
2
2
2
4
4
2
0
0
0
4
2
2
2
2
0
4
64
62
6
11
69
15
10
15
30
18
28
15
27
46
15
38
48
20
22
20
13
73
79
58
22
9
9
64
35
82
64
11
19
72
5
68
9
31
50
77
18
31
49
9
11
41
34
14
11
30
31
15
10
66
12
36
14
8
7
34
7
13
13
12
17
18
16
12
7
14
18
17
13
15
5
54
7
10
63
22
21
13
18
66
10
16
69
17
22
32
12
30
11
9
63
12
6
11
9
16
17
11
18
11
18
9
19
68
39
33
59
30
11
65
8
15
35
74
18
7
10
69
19
11
22
16
11
19
9
11
27
18
31
13
19
9
22
15
68
45
35
43
25
5
12
9
71
18
15
29
11
49
7
46
49
78
10
14
46
68
62
71
6
18
69
11
63
16
11
76
30
9
60
17
14
26
0
58
11
10
12
71
53
22
29
18
25
11
9
47
36
22
25
14
68
55
16
54
43
7
35
56
50
15
53
48
18
5
68
9
16
11
52
19
12
23
56
63
12
11
18
15
61
13
25
7
33
51
7
21
16
15
37
38
8
36
17
10
7
42
8
29
18
8
8
15
65
15
20
11
9
11
17
9
9
12
39
11
5
13
11
45
75
10
15
13
22
11
22
67
15
20
49
5
72
18
17
22
18
39
6
25
24
20
79
13
21
33
