2
2
0
2
2
2
2
0
2
2
2
2
0
4
2
4
0
2
2
2
2
2
2
11
2
0
0
2
6
2
3
2
2
6
4
2
0
0
0
4
2
2
2
2
2
2
0
2
0
2
4
2
0
0
6
2
2
0
4
4
9
6
6
4
2
2
0
2
4
2
2
4
6
4
2
6
2
6
2
0
0
0
0
2
4
6
4
2
0
6
2
2
4
2
0
2
4
2
5
2
4
2
2
13
2
4
4
8
2
2
2
7
2
0
2
2
2
0
6
2
0
0
0
0
2
2
0
0
4
0
2
2
2
2
2
4
0
2
0
2
6
2
2
0
0
4
6
2
6
0
0
2
2
2
4
4
2
0
0
2
2
2
2
4
4
2
0
6
0
4
13
3
9
4
2
0
2
4
2
4
2
4
2
2
4
6
6
2
2
2
2
0
2
0
4
2
2
4
2
2
0
6
4
4
4
0
4
2
4
0
2
0
2
2
4
2
4
2
2
0
0
2
2
11
0
0
2
2
0
2
2
0
0
2
0
0
2
2
4
0
8
0
4
0
0
2
0
2
2
2
2
4
2
0
0
2
0
2
0
2
0
4
4
4
0
4
4
0
2
4
0
4
4
2
4
2
0
2
6
4
0
0
0
2
2
2
0
0
3
0
0
0
0
0
3
0
2
2
2
0
3
0
3
0
2
0
2
2
0
2
2
0
2
2
2
2
2
0
0
2
2
2
2
2
10
2
3
0
0
3
2
1
0
0
2
3
2
0
0
2
0
2
2
2
0
3
2
2
4
5
14
0
2
0
0
0
2
4
2
2
0
2
3
0
3
2
2
0
0
2
0
0
2
0
2
2
2
0
0
0
0
1
0
2
0
2
0
2
3
2
0
0
2
0
0
2
0
2
2
2
2
2
0
0
2
2
2
0
0
2
4
0
2
2
2
3
0
2
2
0
2
1
4
2
0
0
4
2
0
0
0
2
2
0
3
3
2
0
2
2
2
2
2
0
5
2
0
0
2
0
0
2
0
0
2
2
0
0
2
0
0
2
2
0
5
0
2
0
2
2
18
3
3
2
0
0
2
2
2
5
7
2
0
0
0
2
2
3
2
3
2
2
0
2
0
5
2
2
0
0
2
0
2
0
0
2
2
0
3
2
0
0
0
0
3
2
0
0
0
0
0
2
3
2
0
2
0
2
4
0
1
2
0
2
0
2
2
1
2
0
2
2
2
2
2
2
2
3
2
2
0
0
0
2
3
0
2
2
0
2
0
2
2
0
0
2
2
3
3
2
0
0
2
0
0
2
0
4
2
0
4
2
0
2
0
4
0
4
2
0
0
2
0
0
2
4
0
2
0
2
2
2
2
0
0
2
2
0
0
0
4
0
2
0
2
2
2
0
2
0
2
2
4
2
0
0
0
2
0
0
0
2
2
2
2
2
2
2
2
2
0
2
0
0
0
4
0
2
0
0
2
2
0
0
0
0
2
2
2
2
2
0
0
2
2
2
4
0
4
2
0
0
2
0
0
0
0
2
2
2
2
2
4
2
2
2
2
2
0
0
2
0
2
2
2
0
2
0
0
2
2
4
0
0
0
2
0
0
0
2
0
4
2
2
2
2
0
2
0
2
0
0
2
4
0
2
4
0
2
2
2
2
0
0
2
2
0
0
0
0
0
2
0
0
0
0
4
2
0
2
2
2
4
0
4
0
2
2
2
0
2
4
2
2
0
2
2
0
2
2
2
2
0
4
2
4
2
4
2
0
2
2
0
0
2
2
0
0
2
0
2
0
2
4
2
2
4
0
2
2
0
2
0
2
0
2
2
2
0
2
0
0
0
0
0
0
2
2
0
2
2
0
2
4
2
0
0
4
0
0
0
0
2
2
2
2
0
2
0
0
0
0
4
0
4
0
0
0
0
2
2
2
0
2
0
2
4
0
2
0
0
0
0
0
40
32
42
42
22
40
26
36
50
25
42
46
60
23
34
56
20
54
42
56
24
44
36
21
44
22
42
40
44
22
20
20
24
34
58
34
22
32
24
46
44
38
32
50
40
29
54
42
32
48
60
34
44
28
21
36
18
60
32
26
16
24
31
36
36
44
48
44
62
34
56
42
38
32
30
32
34
30
30
43
36
28
46
54
14
30
20
32
26
31
36
21
42
48
48
62
36
24
34
28
52
32
62
58
36
24
20
54
36
38
46
54
38
42
26
17
30
50
41
32
22
30
44
46
43
58
53
36
32
44
32
42
34
23
56
24
19
26
38
36
54
34
50
59
34
32
44
44
38
32
46
46
36
31
62
46
31
26
54
40
30
47
66
24
22
56
48
36
34
23
40
42
40
17
50
32
42
36
52
34
19
42
40
38
40
46
46
46
35
26
15
44
50
42
38
19
34
17
14
17
34
52
38
54
60
40
50
49
38
22
34
37
21
34
38
40
42
28
42
48
50
30
22
36
25
32
38
42
36
34
68
28
23
30
54
38
30
58
52
46
42
38
48
24
60
46
50
44
32
26
12
42
46
26
42
52
17
44
41
36
30
74
46
46
26
32
34
42
40
54
42
42
32
40
34
36
36
38
42
34
42
38
50
28
42
54
46
24
4
5
5
6
5
5
5
2
5
4
4
5
4
4
3
3
5
4
4
6
3
5
5
8
4
6
3
6
3
5
5
4
3
4
4
6
4
5
5
5
3
5
6
2
5
4
4
7
5
3
4
7
4
5
5
6
3
2
4
4
4
4
5
4
4
2
3
4
4
4
5
3
4
3
3
3
6
3
4
3
3
5
3
4
3
4
6
3
3
3
3
5
4
5
4
4
4
2
4
4
4
6
5
5
4
4
5
4
5
3
4
4
4
4
3
4
4
6
3
5
5
6
4
4
3
5
5
7
4
3
5
5
3
5
3
3
4
4
5
4
6
5
3
5
4
5
4
3
5
4
2
4
4
3
3
4
6
4
4
5
4
4
5
4
5
4
4
3
5
4
5
4
7
4
3
3
3
4
4
5
4
4
5
4
5
5
4
4
5
5
5
5
5
3
3
3
3
5
3
4
4
4
5
5
3
4
5
3
4
4
3
4
3
5
3
3
3
3
4
5
6
6
4
3
5
3
5
3
4
4
3
4
4
3
4
5
5
3
4
4
3
5
5
4
4
4
5
3
3
4
4
4
4
5
4
5
6
3
6
3
5
4
4
4
5
4
3
5
6
5
4
5
3
4
4
4
3
4
5
4
3
3
5
4
3
4
4
2
8
8
4
11
9
9
5
7
13
4
7
9
4
6
5
6
9
5
4
7
10
8
8
4
8
7
6
8
7
7
4
5
6
9
7
2
5
7
6
7
9
8
8
7
7
8
3
8
8
5
11
6
6
10
10
6
2
7
11
9
7
7
7
9
8
5
12
5
5
1
8
7
4
7
8
8
8
8
5
13
7
7
8
12
9
5
5
10
6
7
5
14
8
5
7
7
6
8
9
6
8
5
9
5
12
1
8
6
5
8
8
7
5
8
6
3
5
5
8
4
7
10
9
5
8
8
5
6
8
4
10
7
8
5
8
6
4
1
13
8
6
8
10
7
11
5
7
6
9
9
8
6
5
2
6
6
7
1
11
5
12
6
6
8
4
8
10
8
3
5
10
4
12
12
9
8
4
6
7
6
10
8
10
10
5
6
9
6
9
6
9
9
9
4
3
10
7
7
5
10
3
5
7
7
6
6
5
6
12
7
7
6
3
8
8
2
4
9
7
7
6
9
9
5
3
9
7
9
9
8
8
8
4
7
7
5
5
2
5
7
4
7
6
5
6
6
6
3
7
8
12
10
3
9
8
4
10
11
6
5
7
9
8
6
8
10
8
4
6
6
8
5
3
7
8
8
10
11
7
5
4
9
7
7
7
5
6
5
33
14
29
71
22
33
56
15
37
14
35
15
38
44
34
32
24
24
69
31
25
29
42
27
35
39
26
23
53
41
4
93
49
36
35
43
17
23
24
50
34
45
36
55
61
53
49
33
34
32
71
48
24
21
13
46
46
64
32
64
61
0
0
0
0
0
0
0
0
0
0
0
0
0
0
0
0
0
0
0
0
0
0
0
0
0
0
0
0
0
0
0
0
0
0
0
0
0
0
0
0
0
0
0
0
0
0
0
0
0
0
0
0
0
0
0
0
0
0
0
0
0
0
0
0
0
0
0
0
0
0
0
0
0
0
0
0
0
0
0
0
0
0
0
0
0
0
0
0
0
0
0
0
0
0
0
0
0
0
0
0
0
4
10
30
55
66
50
0
37
73
63
31
2
21
7
52
15
28
44
28
60
41
50
33
64
20
77
37
49
56
33
30
24
62
32
33
80
70
75
2
24
30
9
32
34
56
37
57
87
77
65
62
42
66
46
65
40
61
38
50
27
24
15
68
74
49
79
53
57
80
3
23
34
62
82
78
29
40
39
44
35
34
11
16
27
74
42
25
73
44
41
73
63
75
37
24
64
90
50
46
73
59
41
30
40
37
44
0
31
36
50
53
42
29
74
57
0
72
62
83
30
58
69
78
37
23
59
2
4
0
6
2
2
2
4
2
0
2
4
2
5
4
2
2
0
6
2
2
4
2
4
0
4
0
0
0
2
0
2
0
4
2
2
2
4
2
0
0
2
2
2
4
2
0
2
4
2
4
0
2
2
5
0
2
2
2
2
0
0
4
2
2
2
4
2
4
4
4
2
2
0
0
2
2
2
10
4
0
2
2
0
2
2
0
6
0
2
8
0
6
4
4
2
4
0
0
4
4
0
0
4
2
2
0
4
4
4
2
0
2
2
4
2
2
4
0
0
2
2
2
4
0
0
2
2
4
0
4
2
3
2
8
4
4
2
0
4
4
2
0
2
2
2
2
2
4
2
4
4
4
2
0
4
5
2
4
2
2
2
4
2
2
2
2
4
2
0
2
0
4
4
2
2
6
2
2
4
0
6
0
2
4
2
0
0
2
2
0
2
2
2
2
2
11
2
0
2
0
0
2
4
2
2
2
2
4
0
4
4
0
4
2
4
4
0
0
2
2
0
4
2
4
2
2
0
2
0
0
3
4
7
4
2
2
2
4
0
2
4
5
13
2
2
3
2
4
2
0
0
0
2
0
2
2
2
2
19
0
2
1
2
4
2
4
4
2
2
2
4
4
2
4
2
6
4
2
2
2
2
0
0
2
0
0
6
15
14
16
16
14
24
17
21
17
15
16
18
14
14
14
12
14
16
14
18
18
16
16
13
19
19
15
16
15
15
16
16
15
15
16
18
18
19
16
17
21
19
17
15
18
16
21
14
16
16
19
17
18
15
17
16
16
13
16
20
18
19
17
17
19
16
21
15
16
16
17
15
17
17
16
16
15
16
16
17
18
13
14
15
18
16
19
15
17
14
17
17
19
17
17
15
16
14
14
20
18
16
21
18
19
16
18
15
14
17
11
16
16
15
20
19
16
13
22
20
17
19
14
13
17
19
17
14
15
15
14
18
16
14
16
15
17
16
17
16
18
14
16
18
18
14
16
16
17
19
18
17
16
15
17
19
19
18
21
16
18
16
13
15
16
20
17
17
17
17
15
14
17
15
16
16
18
18
15
17
17
15
17
17
13
17
17
19
18
18
19
21
18
17
19
21
18
16
10
18
20
15
19
22
16
19
18
14
15
16
19
18
19
16
16
18
18
18
17
21
17
20
17
18
14
15
18
16
17
15
16
15
14
16
17
15
18
19
20
21
12
20
20
17
18
20
15
23
15
18
16
20
16
18
14
13
21
17
13
17
19
15
16
17
16
15
15
15
16
18
17
15
20
17
15
18
16
16
14
14
14
16
19
18
17
13
14
17
0
4
3
2
2
8
0
2
5
5
2
2
0
4
8
2
5
7
3
8
6
6
4
2
7
2
8
2
0
2
4
9
5
2
5
2
2
4
2
2
13
9
0
4
7
0
9
5
0
3
2
6
74
8
4
2
2
2
8
2
2
2
60
2
6
2
5
10
90
0
5
2
2
2
4
6
4
4
4
2
5
6
4
0
0
4
4
0
2
2
2
2
8
2
0
4
2
4
6
3
2
7
0
0
5
4
14
2
0
3
2
0
71
5
4
3
2
0
2
5
2
2
2
7
2
4
5
3
4
2
8
4
4
5
4
2
37
67
2
17
4
4
2
2
4
10
4
4
3
9
8
5
4
62
9
4
2
2
2
5
4
5
6
4
2
7
3
5
2
5
3
2
2
2
4
6
7
6
2
44
3
5
4
4
2
3
5
7
55
0
4
2
4
6
3
2
8
8
2
3
4
2
7
6
2
4
6
6
8
3
7
5
4
5
7
6
2
5
5
0
2
0
5
0
2
8
2
19
2
2
2
3
4
62
5
4
8
0
2
2
2
0
4
4
7
9
0
5
2
2
47
2
2
41
2
2
6
2
2
6
2
2
2
2
5
1
25
2
2
4
0
4
2
7
4
8
4
7
41
5
7
0
0
5
0
4
4
5
