4
4
14
6
4
14
2
14
14
8
8
0
10
8
0
8
8
10
10
14
2
2
6
12
8
8
8
22
10
16
12
18
10
16
6
16
8
31
12
12
8
18
10
6
8
12
14
20
6
23
12
28
16
10
10
10
12
12
12
18
24
20
10
12
14
22
2
20
12
18
18
10
16
16
25
30
25
6
16
12
26
12
18
14
14
18
10
18
28
18
4
14
14
10
18
49
14
20
12
12
14
10
20
14
4
16
6
8
10
16
26
14
12
8
20
28
8
20
2
8
6
26
2
14
12
22
18
8
8
10
4
10
22
10
8
6
16
20
8
14
14
10
6
22
22
6
14
18
6
20
6
10
16
18
12
4
4
12
16
12
6
6
4
20
8
18
8
14
12
16
12
12
8
14
14
20
18
4
6
8
2
6
4
6
8
14
8
6
2
4
4
2
2
6
2
4
6
4
10
2
4
8
4
4
2
6
8
6
2
2
8
2
8
4
4
12
2
4
4
8
6
4
8
4
6
12
0
10
6
2
2
2
8
2
2
10
6
4
8
10
6
4
2
2
4
4
2
2
2
4
6
8
8
8
2
8
8
2
14
6
2
2
4
0
6
2
4
8
0
6
0
4
0
8
2
6
6
2
43
4
4
6
2
4
6
0
6
8
6
9
11
7
8
7
7
7
13
7
7
6
8
11
7
7
8
11
7
9
7
8
10
11
9
10
8
7
9
7
7
10
8
7
7
9
7
9
7
5
7
8
11
7
7
7
10
7
9
9
6
7
8
9
13
9
9
7
9
6
7
10
8
11
9
11
6
7
7
11
8
12
7
8
9
9
9
7
13
9
11
6
9
7
8
7
10
9
10
8
9
10
11
11
9
15
9
7
13
9
6
10
9
7
13
12
9
7
11
7
9
6
6
8
9
8
8
8
10
7
7
10
8
6
9
10
8
8
6
9
5
9
8
15
9
8
7
7
11
7
6
9
9
9
9
7
10
7
7
9
8
7
9
10
11
7
8
9
7
7
6
7
7
9
7
10
7
7
8
8
8
13
8
7
7
7
9
7
7
10
7
7
9
9
6
8
6
6
8
7
10
8
7
10
13
7
8
6
10
8
11
11
9
7
6
11
6
12
6
7
11
8
8
8
7
7
6
7
9
10
7
8
7
10
6
7
5
7
11
7
9
7
9
9
6
7
9
7
7
8
8
7
7
7
6
6
9
10
7
7
7
8
9
8
7
7
8
8
10
8
7
9
9
7
11
6
7
12
7
10
8
6
11
5
6
7
7
7
5
7
8
6
8
10
7
7
9
9
6
8
10
12
14
8
20
19
6
14
10
18
14
13
23
4
20
12
20
8
14
12
14
10
16
8
10
12
14
18
6
31
20
6
12
17
8
4
10
12
14
25
8
18
10
10
8
4
4
10
14
12
6
16
13
10
4
15
16
8
0
8
12
4
8
8
6
2
31
16
8
20
18
31
13
17
37
10
23
10
4
18
10
10
6
14
2
6
12
4
17
16
16
16
8
8
12
10
10
23
17
21
8
10
8
7
23
10
16
12
8
12
6
4
14
12
21
10
20
12
8
9
10
6
10
10
14
10
8
14
14
10
10
18
13
32
12
10
40
12
4
14
8
10
12
16
14
21
6
4
8
20
10
10
16
4
12
14
18
21
31
14
10
6
11
8
10
14
14
16
16
18
19
8
14
22
10
14
12
8
8
18
6
14
14
4
4
8
17
8
17
12
10
15
10
8
10
14
8
16
2
16
12
8
27
21
20
16
18
11
12
6
8
10
10
14
14
18
20
6
18
16
8
8
4
10
16
20
2
2
4
8
8
14
18
10
16
6
14
16
8
8
10
4
12
4
6
10
4
6
4
18
10
6
6
12
0
4
12
2
0
0
4
4
2
2
2
0
0
2
2
4
2
4
6
0
6
2
6
2
0
2
6
0
4
2
12
2
10
8
22
12
16
10
10
6
20
10
20
6
18
14
10
14
10
18
10
10
6
8
16
8
10
12
14
6
10
14
12
28
12
4
6
14
10
20
14
20
14
10
14
20
10
10
14
14
8
20
14
20
10
10
20
12
6
16
16
12
14
18
18
16
10
8
10
8
14
16
12
6
18
10
12
8
18
4
12
6
10
8
10
10
30
10
16
8
8
20
8
6
12
16
10
24
10
8
16
12
18
10
8
24
20
14
8
10
6
6
28
14
16
8
22
8
14
10
18
14
10
14
10
6
14
16
14
14
24
14
16
6
20
10
20
20
18
14
14
10
14
10
8
18
20
20
18
0
14
18
6
4
16
20
16
12
16
16
22
10
12
12
10
6
16
26
20
10
10
18
12
8
16
12
14
10
16
16
12
12
8
12
14
8
8
20
20
18
14
26
8
22
8
14
16
14
16
6
18
8
14
12
12
6
14
18
12
6
4
22
8
14
16
4
10
10
8
18
20
10
14
30
22
12
10
6
8
20
10
10
10
8
10
6
16
14
16
6
12
10
14
22
8
6
10
6
14
12
24
14
16
16
10
16
14
10
8
6
14
16
18
12
8
12
18
14
4
24
10
10
24
10
10
10
12
12
14
10
10
8
10
16
10
8
12
16
30
22
0
0
0
0
0
0
0
0
0
0
0
0
8
8
18
10
4
4
68
6
4
4
4
12
4
4
12
10
4
37
8
6
10
6
12
10
12
8
8
4
10
6
6
59
16
4
6
10
6
8
6
8
51
14
12
8
6
8
12
10
10
10
12
10
10
8
20
10
10
8
15
10
23
10
10
4
12
44
55
12
8
16
14
8
23
10
6
12
8
12
16
6
12
60
6
12
59
12
18
12
73
55
14
14
8
15
14
12
14
29
10
14
10
13
10
12
2
89
4
8
14
16
4
16
19
19
4
14
6
4
14
21
4
8
8
4
6
8
24
10
6
25
16
8
8
16
8
8
8
67
61
4
14
51
14
6
10
6
4
37
52
10
47
6
21
74
21
8
4
2
16
0
4
34
4
6
4
76
10
8
6
10
16
8
2
33
18
8
35
8
4
10
6
12
4
4
10
10
63
14
2
6
12
10
14
8
4
19
22
6
68
56
14
8
14
12
8
10
8
8
2
37
14
14
8
68
16
8
8
10
10
8
8
91
6
58
27
41
10
7
48
70
8
21
46
12
0
98
8
51
12
18
10
12
10
59
14
14
34
10
10
8
14
8
16
18
16
6
41
8
27
6
10
0
10
6
25
84
10
18
14
6
39
58
6
35
63
6
5
4
1
1
3
5
2
5
6
3
5
2
2
9
3
8
4
3
2
3
7
8
5
1
5
3
3
1
3
5
4
3
4
2
10
3
5
3
3
3
2
1
0
2
3
3
3
2
5
5
1
2
3
5
3
2
1
3
3
2
2
5
5
3
5
3
3
2
0
2
5
1
4
2
3
1
3
3
1
2
1
2
0
7
4
6
2
2
5
3
3
8
4
3
2
3
3
2
0
3
3
4
3
2
3
2
3
3
3
2
6
3
2
2
8
1
4
3
6
3
3
1
4
4
3
8
1
2
5
3
6
3
4
3
2
1
2
3
7
8
7
6
4
8
1
0
2
3
1
3
2
2
3
7
4
3
3
2
5
3
5
3
3
3
3
2
3
2
2
3
3
3
3
3
1
3
4
4
5
5
3
7
5
1
3
2
1
2
3
2
2
2
1
8
2
3
2
3
2
3
6
2
6
3
3
2
3
3
2
5
4
5
3
3
2
3
2
0
3
3
3
2
2
2
2
2
0
2
2
3
3
0
2
6
3
1
2
3
3
0
1
3
3
3
3
3
3
2
3
3
3
2
7
3
3
4
1
2
3
7
4
2
5
2
2
3
4
4
2
2
4
4
3
6
7
3
0
2
3
1
3
2
2
3
4
4
2
4
0
2
4
0
4
2
2
4
2
2
7
2
0
0
0
2
8
2
0
2
8
4
2
6
0
4
4
2
4
0
2
2
2
2
2
2
0
2
0
4
2
2
0
0
2
0
2
6
4
6
2
2
4
2
2
0
4
4
2
2
2
0
2
4
2
4
0
0
2
2
4
4
6
0
2
2
2
4
2
2
2
4
0
4
4
2
4
2
2
2
6
4
2
0
2
4
2
2
2
2
2
4
4
4
7
4
6
2
2
2
4
2
2
2
2
2
4
2
2
4
2
2
2
4
2
6
4
4
4
2
2
2
2
2
4
6
2
2
4
2
2
4
4
4
4
4
4
4
2
2
2
2
4
2
4
2
4
2
4
2
0
6
4
4
2
2
0
2
4
4
2
2
8
4
2
4
0
0
2
2
0
4
4
2
2
4
2
6
2
2
2
2
2
2
2
4
2
2
4
4
2
4
2
4
2
4
2
0
2
6
2
6
2
2
2
0
2
0
0
2
9
0
2
2
2
2
2
4
4
2
4
2
2
2
4
0
2
0
4
0
0
2
2
2
2
9
0
0
2
0
4
2
2
2
2
2
2
2
2
2
2
2
2
2
2
2
2
2
0
2
2
4
2
0
2
4
0
2
4
0
2
2
2
4
0
0
0
2
6
6
2
2
6
2
2
2
0
4
6
4
4
4
0
4
4
2
2
0
2
6
9
4
4
4
4
4
15
6
4
8
4
0
2
0
9
6
0
0
2
4
13
4
6
2
4
4
4
0
4
2
4
4
9
0
4
6
4
4
4
6
4
6
2
0
2
6
2
4
4
4
2
4
4
2
6
0
8
11
2
2
0
6
2
4
2
6
0
4
0
4
0
0
2
4
4
4
2
4
4
4
4
2
0
0
6
11
0
0
0
2
0
2
2
4
2
0
4
2
7
4
2
4
2
2
2
4
4
2
2
6
4
2
2
4
0
6
9
8
6
2
4
2
4
4
6
2
4
2
4
2
2
0
2
2
0
2
4
4
2
4
4
4
6
0
4
4
4
2
2
2
6
4
2
2
2
0
4
4
8
2
5
2
2
2
4
4
2
2
2
4
4
9
4
4
6
2
6
4
2
2
4
2
8
4
0
0
4
0
6
4
4
4
4
2
4
2
2
4
9
4
4
4
4
0
4
4
2
6
4
2
6
2
4
4
2
4
0
6
4
4
2
0
4
4
4
4
4
0
0
4
4
4
2
2
2
0
4
4
0
2
2
6
4
4
4
2
4
8
4
6
2
4
0
4
6
0
4
4
4
4
9
2
4
2
2
2
5
7
13
15
9
11
11
17
5
13
3
5
7
5
1
5
3
13
9
11
9
5
5
9
7
5
3
3
9
3
5
9
9
13
7
17
7
23
9
7
5
3
9
7
3
7
7
7
7
3
9
3
5
5
5
5
5
11
15
17
9
3
7
9
1
13
9
17
15
5
5
17
9
1
1
3
3
11
1
3
11
3
3
9
3
5
7
7
13
13
9
7
5
5
3
3
17
13
5
9
1
17
3
5
3
1
3
5
9
11
5
15
23
7
23
15
15
11
11
7
9
21
13
13
23
13
25
23
21
19
23
19
32
11
29
15
17
11
32
27
25
15
15
23
9
30
15
5
11
16
17
11
17
19
21
17
11
19
17
7
9
23
29
13
29
9
27
11
17
19
32
25
32
9
15
19
9
36
13
9
27
19
27
27
15
15
13
11
15
9
19
17
28
17
15
19
17
26
15
17
11
23
15
31
7
9
29
21
13
15
11
34
27
15
13
30
30
13
27
11
27
17
15
9
15
23
9
23
23
13
15
17
5
11
11
11
3
15
23
11
18
5
38
19
33
29
58
7
17
7
15
13
15
9
13
27
5
17
19
3
23
7
19
9
7
15
13
9
9
13
9
19
7
11
15
13
11
9
3
21
17
23
17
15
7
9
7
15
44
21
18
13
21
0
85
0
0
0
0
0
21
25
45
50
26
0
42
0
0
0
0
0
6
26
41
21
27
43
0
0
0
2
0
0
26
49
8
26
0
50
43
0
0
0
0
0
21
72
25
38
26
34
47
0
0
0
0
0
2
53
45
29
59
30
0
0
2
0
0
0
0
28
29
0
8
39
0
0
0
0
0
0
26
20
34
37
35
28
30
0
0
0
0
0
2
49
6
46
34
41
0
0
0
0
0
2
46
28
3
2
5
21
23
0
0
0
0
0
29
3
0
29
7
40
43
0
0
0
0
0
37
22
19
5
35
25
0
0
0
0
0
0
14
0
0
30
26
0
44
0
0
2
0
0
16
50
15
23
28
22
0
0
0
0
0
0
22
12
16
40
12
2
38
0
0
0
0
0
6
42
24
23
13
45
2
0
0
0
0
0
36
80
31
26
40
60
42
0
0
2
0
0
43
51
32
26
9
0
62
38
0
0
0
0
45
31
31
35
23
23
13
75
0
0
0
0
0
26
34
30
24
23
30
34
0
0
0
16
15
9
16
0
16
16
9
0
23
29
6
0
8
15
10
0
18
1
19
0
0
6
13
28
12
16
3
2
0
8
8
20
1
14
15
25
13
33
1
36
19
15
9
15
41
21
25
30
