5
7
9
5
7
5
7
9
5
5
5
11
5
5
19
7
3
3
7
7
9
5
5
7
9
7
7
5
5
5
5
9
5
7
11
5
5
5
7
3
5
5
3
7
5
5
7
5
3
5
9
7
5
7
3
7
5
9
5
7
7
3
7
7
11
5
9
5
7
7
5
7
9
3
7
5
5
5
7
5
7
3
5
7
3
9
5
7
3
19
3
7
7
5
7
5
3
5
5
5
7
7
7
5
7
5
5
5
5
7
3
5
3
7
3
7
5
5
5
5
9
3
5
5
5
5
5
7
5
7
5
5
7
7
7
5
5
7
5
7
3
7
3
5
7
3
3
5
5
7
5
5
7
5
5
7
7
9
5
3
13
5
7
5
5
7
9
5
5
5
3
7
3
7
7
5
5
5
17
5
5
7
5
9
9
5
7
5
7
5
5
3
5
3
5
5
5
5
9
7
5
3
9
5
7
5
5
7
5
7
3
7
7
5
7
13
11
5
9
7
5
3
5
3
5
5
5
5
3
3
3
11
5
7
9
7
9
5
5
7
7
7
7
5
7
7
7
5
5
21
5
7
7
5
5
3
7
5
3
9
3
5
7
7
5
9
9
7
5
7
9
7
5
3
5
5
13
11
5
9
5
5
5
15
5
3
5
3
70
77
78
78
78
72
71
76
79
77
78
71
78
71
78
71
72
71
73
76
77
76
70
72
78
78
78
78
65
72
77
79
70
77
70
78
78
78
72
79
67
77
76
76
78
69
19
69
76
75
78
71
71
69
77
71
76
71
76
77
77
68
77
70
71
77
71
77
76
71
63
77
78
77
76
71
76
66
70
76
74
64
71
70
77
76
77
70
77
77
75
69
76
78
78
77
77
74
76
70
75
69
72
76
75
77
65
78
73
77
75
75
77
77
76
76
75
75
35
76
76
77
70
71
69
77
69
75
68
71
75
71
74
77
68
77
76
75
76
74
67
70
77
76
77
68
76
69
75
69
77
77
75
78
76
76
75
77
76
76
74
69
74
75
69
77
77
75
76
71
77
70
77
76
77
70
77
72
77
78
73
70
69
76
73
77
76
67
66
75
78
76
69
68
71
72
74
78
75
71
71
77
76
74
77
72
76
78
67
75
77
65
77
70
78
77
75
64
76
77
70
76
71
77
77
77
70
76
65
71
78
72
78
71
66
77
72
78
78
77
72
70
78
76
77
76
70
66
73
77
78
75
71
75
78
77
78
77
71
78
69
78
76
74
77
77
78
77
77
75
77
78
76
77
78
63
72
76
77
77
71
66
70
66
75
78
20
71
2
2
9
2
5
2
0
5
3
2
0
0
0
0
0
3
2
7
0
2
0
2
0
0
3
0
3
0
0
0
3
3
2
0
3
0
29
2
2
3
3
0
0
2
9
2
0
5
2
5
3
3
2
3
7
9
3
3
0
3
11
7
0
0
1
5
5
0
1
0
2
0
0
3
0
1
2
3
2
0
0
0
0
0
2
9
7
7
3
2
0
3
3
0
0
0
2
0
0
0
0
1
0
0
0
0
2
5
0
7
0
2
7
0
9
15
9
0
13
2
0
5
0
3
7
7
0
5
2
2
3
1
3
2
2
3
0
0
2
2
7
0
2
0
5
2
5
2
3
11
3
2
5
0
5
3
5
0
2
3
0
5
0
11
9
5
2
0
7
3
0
3
5
1
3
0
2
1
9
1
3
5
0
1
5
3
2
5
13
2
7
0
0
2
1
33
0
3
2
0
11
2
2
0
2
3
1
3
2
2
17
0
5
15
2
0
3
1
3
0
3
0
0
2
0
9
1
2
0
0
2
1
3
1
1
17
7
2
5
7
3
0
3
1
2
2
3
19
0
3
7
0
2
0
3
3
7
2
7
3
2
3
0
2
0
0
2
2
0
0
2
3
2
35
5
9
5
5
3
1
3
0
1
3
0
9
0
0
2
6
6
2
2
8
4
2
4
4
2
0
2
4
6
4
2
2
6
2
2
8
6
6
2
4
2
6
2
2
6
2
4
2
4
4
2
4
2
2
2
4
4
4
10
4
4
2
8
2
12
6
4
6
6
4
6
6
8
0
6
4
4
11
4
6
4
12
2
6
6
4
4
2
4
2
4
2
2
2
11
6
6
2
5
6
6
2
8
2
6
6
4
2
6
4
4
6
10
6
2
4
2
2
6
6
4
6
6
6
4
14
2
6
15
2
2
2
4
4
2
8
4
4
4
4
6
4
4
8
8
2
10
6
2
6
6
8
4
6
2
2
4
4
8
4
6
2
6
4
6
6
4
4
8
4
8
4
6
8
8
4
6
8
10
6
6
6
6
8
6
4
6
9
6
10
6
4
6
8
4
8
4
10
6
2
12
4
6
6
2
6
4
8
6
4
6
4
2
10
4
9
9
8
6
10
12
8
2
4
4
4
4
8
4
2
4
6
10
12
2
2
6
4
6
4
2
9
4
4
8
4
10
4
2
6
8
8
10
4
10
10
0
6
6
10
10
2
6
2
6
4
6
6
2
4
6
10
10
4
6
4
6
6
4
4
14
6
4
15
4
4
8
6
6
4
12
10
12
10
4
8
8
2
6
6
10
6
9
7
1
7
0
2
4
0
7
2
2
2
4
3
3
5
5
8
7
9
2
4
2
7
9
5
2
4
5
7
2
4
5
7
7
3
6
4
7
6
9
6
5
7
7
9
2
5
5
3
7
11
0
3
4
5
6
6
4
4
7
6
7
11
9
7
7
0
0
0
0
0
0
0
0
0
0
0
0
4
5
7
0
2
5
3
4
2
2
4
5
4
4
6
3
5
5
7
2
6
4
0
0
0
0
0
0
10
0
0
5
5
0
9
0
0
0
2
2
0
6
0
0
0
0
0
0
0
0
6
0
7
4
2
0
0
0
0
9
6
0
0
5
4
0
2
0
9
0
2
0
7
9
7
3
0
7
0
4
5
4
4
0
13
0
0
0
2
0
0
0
0
0
0
0
0
0
5
0
2
0
0
0
2
0
0
0
9
2
5
0
0
4
0
0
0
0
0
11
7
8
0
7
0
0
4
0
2
2
0
0
0
0
2
0
0
0
0
0
0
0
5
0
0
0
0
3
3
2
5
0
0
0
0
0
0
2
7
0
0
0
0
0
2
6
5
0
0
4
2
7
0
0
0
5
0
0
0
0
0
3
2
2
0
0
9
4
0
2
6
0
5
0
6
0
0
0
0
3
0
0
0
2
9
2
2
4
0
22
26
23
22
20
16
20
29
21
28
28
26
20
20
24
22
21
20
22
25
21
16
10
26
27
25
17
19
22
20
22
25
21
24
24
29
27
24
28
26
37
20
31
20
19
22
26
20
16
19
22
17
18
31
25
30
35
25
16
23
21
26
18
25
25
33
28
30
24
25
24
16
18
31
26
29
29
31
26
19
17
24
22
23
18
25
16
29
25
31
25
22
23
23
28
25
22
22
25
26
20
26
23
21
27
21
22
30
24
30
26
18
32
20
26
25
23
20
22
27
25
25
29
37
35
25
12
19
16
18
20
33
27
20
24
25
14
24
27
28
25
27
23
27
18
23
24
24
28
28
24
20
27
18
12
28
18
23
18
29
18
26
20
22
19
33
23
19
16
35
23
22
28
25
22
32
18
24
19
19
25
20
30
19
24
21
27
25
27
21
17
14
21
22
28
28
25
21
14
16
16
14
18
22
19
28
18
16
23
12
24
16
22
21
19
16
19
27
25
23
18
14
14
21
16
17
17
27
23
24
25
27
22
18
23
22
18
25
28
18
22
21
14
20
22
14
27
24
16
27
25
23
18
14
24
18
23
20
10
18
23
20
20
23
23
18
21
26
20
30
14
14
20
24
22
21
20
18
23
18
18
16
18
20
21
25
14
20
0
0
0
0
0
0
0
0
0
0
97
31
12
19
17
4
10
17
8
12
6
17
6
12
6
19
8
6
16
17
10
6
10
6
14
10
4
29
17
16
8
15
10
12
8
55
4
17
14
23
12
12
6
6
4
13
4
54
16
8
10
16
23
51
12
12
4
4
15
19
8
16
12
8
17
12
12
10
12
8
8
12
6
10
23
10
10
12
6
19
8
8
6
10
6
12
19
10
21
10
12
16
4
17
10
12
10
16
10
17
14
12
8
15
19
21
6
6
10
10
10
10
27
8
10
21
21
12
10
15
12
8
10
12
12
21
6
8
10
10
10
14
12
12
8
16
14
16
8
17
6
16
12
10
16
12
8
8
16
19
10
21
17
8
14
10
12
10
14
10
21
17
8
23
19
8
10
15
17
14
6
12
19
17
23
10
16
10
10
10
12
16
14
19
17
19
10
16
10
8
16
6
8
14
8
16
10
14
29
10
12
8
19
17
4
23
8
16
14
10
17
14
12
8
14
12
16
6
10
19
12
19
8
10
14
4
12
21
12
12
8
14
12
8
19
10
14
8
8
8
10
8
17
10
12
14
10
6
8
4
10
12
17
6
14
91
8
19
12
14
6
10
16
8
10
10
12
12
12
23
12
6
12
14
17
8
17
8
19
14
15
15
15
18
18
15
18
17
14
17
18
17
18
18
17
17
19
17
18
18
17
17
18
14
17
15
15
18
17
18
18
16
18
18
18
18
18
18
17
17
18
18
16
18
17
17
18
18
17
18
14
17
16
17
19
17
15
17
17
15
18
18
17
17
16
15
18
16
18
18
18
15
18
15
17
16
17
17
14
17
17
18
17
18
16
19
18
16
16
15
18
17
15
16
18
18
18
17
17
17
17
19
17
18
16
18
14
17
18
18
15
16
15
19
17
18
16
19
17
15
18
16
19
18
15
18
17
15
18
18
16
17
18
16
18
17
18
18
17
18
17
18
18
18
18
18
13
17
16
19
17
17
18
17
17
15
18
18
17
18
17
18
18
18
17
18
18
16
16
17
18
17
18
16
17
19
17
16
16
16
15
18
18
19
18
17
17
14
18
18
18
16
18
15
18
17
15
16
18
16
17
15
17
18
17
15
17
17
16
17
16
19
16
16
15
16
17
15
16
16
18
17
18
16
19
18
17
18
18
18
17
19
18
17
19
16
18
18
16
18
18
18
18
16
17
17
16
17
17
17
16
16
16
16
16
17
17
17
17
18
18
12
18
19
15
16
18
15
17
15
18
17
17
15
17
17
18
14
18
18
17
17
18
17
19
15
13
12
16
12
13
13
19
18
16
15
13
14
15
13
19
12
18
17
11
11
13
9
14
12
12
16
19
10
15
16
16
13
12
3
22
21
16
15
18
9
15
12
13
11
17
13
9
13
12
11
14
12
10
14
18
13
12
16
19
17
14
14
22
4
16
14
15
11
17
12
10
13
13
17
15
17
18
10
11
12
13
17
10
13
12
13
16
15
14
21
12
17
11
15
15
11
14
13
16
13
17
17
15
17
9
15
18
13
15
16
17
16
13
17
11
10
12
18
16
17
18
16
15
13
18
16
13
16
16
15
17
12
11
10
16
11
18
20
15
15
10
17
14
22
14
18
16
9
18
13
11
12
14
11
10
14
7
18
14
13
11
12
9
16
14
12
18
16
12
16
13
14
14
14
16
17
13
14
17
12
16
17
9
9
13
13
15
2
15
12
2
17
11
13
14
9
16
12
15
15
16
11
19
15
18
13
16
13
10
15
4
16
13
17
16
15
17
17
15
13
8
15
14
13
16
17
13
13
15
21
14
14
19
12
9
11
15
10
18
18
14
16
12
17
18
11
11
21
21
12
14
19
16
13
16
14
20
11
11
13
13
13
16
12
17
14
12
15
6
13
11
21
16
15
17
15
15
23
13
14
11
15
14
12
17
14
18
12
0
2
2
0
2
2
0
0
2
2
0
0
4
3
0
2
2
0
0
2
2
0
2
2
0
0
2
2
0
0
3
0
0
0
2
0
0
2
2
2
2
2
0
2
4
0
2
0
4
2
2
2
0
2
0
3
0
0
2
2
2
0
5
0
0
2
4
2
0
4
4
2
2
2
0
4
0
2
2
4
0
2
0
0
0
0
2
2
4
2
0
2
4
4
1
0
4
2
2
4
2
2
2
2
2
0
4
2
2
11
3
0
2
2
2
0
5
2
0
0
4
2
4
0
4
0
0
4
0
4
2
6
2
2
0
2
0
0
0
0
0
2
2
0
0
2
0
0
0
0
2
2
2
0
0
0
0
0
0
0
0
0
0
2
2
0
0
2
0
4
2
2
0
3
0
0
2
2
2
2
4
0
3
0
2
0
2
0
2
2
0
2
2
2
2
2
2
2
0
0
2
4
2
0
2
0
1
2
2
2
2
0
2
0
2
0
2
2
0
0
4
0
4
0
0
0
2
0
2
2
0
2
0
0
2
3
2
2
0
0
2
0
0
0
0
2
4
0
0
2
0
2
4
0
0
0
2
0
0
0
2
0
0
4
2
0
2
4
0
2
0
2
0
0
11
2
0
19
0
0
0
4
2
0
4
0
0
0
