0
0
4
0
4
2
2
0
2
4
2
0
0
4
0
0
0
0
2
0
0
2
2
0
2
0
4
0
0
2
2
0
0
2
6
0
0
2
0
2
0
10
2
2
0
4
0
0
4
0
2
0
0
1
0
2
0
2
4
0
2
2
10
0
0
2
2
2
0
2
2
4
0
2
2
0
2
2
2
8
0
2
4
0
2
2
2
0
0
2
2
4
4
0
6
2
0
0
2
2
0
4
6
2
0
2
0
6
0
6
0
4
3
0
2
2
0
2
4
0
2
0
4
2
4
2
2
4
0
0
0
0
0
0
0
4
0
0
4
0
2
0
2
6
0
0
0
2
4
2
2
2
4
4
6
0
2
0
10
4
0
2
4
12
0
2
0
2
0
2
2
2
2
0
2
2
0
2
0
8
0
0
0
2
0
2
2
2
0
2
0
0
4
0
2
4
2
2
0
2
0
2
2
0
2
0
0
0
2
2
4
0
4
4
0
0
2
4
2
4
2
0
0
2
0
2
2
4
0
0
4
0
4
0
2
2
6
4
0
8
0
0
0
4
2
2
4
4
4
4
2
2
0
0
0
2
4
0
4
0
0
2
2
2
4
0
6
2
4
4
3
4
2
0
0
2
2
2
0
0
2
0
0
0
0
2
0
2
57
39
45
43
65
54
61
56
60
42
41
50
55
39
37
72
44
56
56
52
51
26
62
48
37
30
45
74
0
20
33
33
54
28
22
49
55
35
62
51
0
32
55
50
0
85
43
58
59
27
68
39
4
54
65
62
39
50
38
48
31
16
61
52
51
22
47
46
38
48
52
40
21
22
45
46
28
58
0
42
35
53
17
48
44
38
45
35
52
36
30
29
71
0
2
49
24
31
58
30
29
46
46
50
15
29
27
15
88
37
55
38
11
26
2
56
30
30
45
41
44
11
27
33
28
20
56
35
37
22
47
22
24
28
66
37
35
0
4
48
16
35
35
34
41
27
65
42
47
50
57
42
54
9
57
47
18
34
20
68
2
38
36
19
15
37
46
47
44
75
48
65
89
22
47
32
44
35
21
56
26
37
43
44
45
43
25
53
31
11
49
29
26
40
19
44
27
2
47
26
11
18
30
42
24
60
41
10
45
27
28
39
40
38
29
59
38
45
34
50
27
28
71
29
48
28
37
31
42
61
55
55
22
33
51
51
46
24
30
4
2
38
45
43
52
41
37
33
40
39
32
63
31
17
68
96
37
39
53
35
30
4
54
32
48
35
59
50
52
36
54
60
18
25
44
38
47
36
49
20
0
63
28
60
24
27
23
28
18
35
36
25
46
41
37
41
48
35
39
28
30
43
56
28
42
43
45
32
23
51
34
18
46
11
23
24
35
47
16
5
58
7
29
30
13
56
66
39
29
46
22
28
31
18
47
30
26
15
24
29
13
9
61
22
6
32
8
22
13
15
32
15
13
16
17
24
9
23
61
17
63
9
13
7
26
22
35
41
25
36
40
26
48
47
33
45
25
11
34
32
26
58
22
52
36
47
38
27
26
22
45
39
17
9
66
60
34
65
44
55
41
36
29
45
58
58
32
35
43
73
33
53
38
62
50
40
60
44
28
36
63
43
52
47
37
68
56
34
67
39
27
36
25
36
30
62
23
32
40
34
45
54
13
34
14
13
40
34
31
52
52
47
48
29
61
42
50
21
35
9
35
41
42
17
23
50
53
49
28
44
46
14
53
36
48
48
33
40
28
72
43
24
42
34
50
17
35
52
48
56
43
39
33
46
54
41
19
41
33
45
54
32
42
23
39
17
23
39
17
23
20
39
19
51
26
19
31
18
31
22
39
29
21
32
35
14
26
40
50
20
28
26
11
16
37
54
30
19
29
3
31
13
13
20
32
5
12
0
11
17
0
2
12
2
9
7
6
8
5
4
17
10
16
9
7
5
4
13
7
18
5
4
9
3
9
5
13
13
7
5
11
8
8
21
9
9
8
10
6
8
4
6
11
9
7
9
2
21
7
24
15
11
9
9
6
12
11
11
8
7
17
10
6
11
8
7
9
18
5
13
10
7
8
4
11
9
22
13
11
13
13
6
10
9
7
13
17
4
9
20
11
13
6
6
8
7
7
9
6
13
6
6
9
11
4
12
11
7
13
5
11
13
15
6
7
19
8
12
9
9
17
7
15
13
8
9
6
6
15
9
8
7
8
7
9
19
17
15
15
10
10
11
18
7
9
9
11
13
13
11
24
13
20
21
15
8
13
11
4
26
23
9
23
9
9
13
29
20
22
18
20
20
5
16
4
29
24
13
25
25
22
24
11
17
13
21
17
6
21
15
19
13
12
17
15
12
14
19
21
13
23
4
27
35
15
33
10
18
10
21
13
13
6
34
13
13
27
10
11
19
19
13
8
21
15
10
15
27
23
11
21
34
13
21
15
25
6
15
8
8
11
8
15
15
2
15
12
15
12
11
10
6
18
13
12
15
13
10
8
11
19
13
10
14
9
10
17
14
8
14
38
10
6
7
13
19
6
10
10
21
19
8
18
8
11
13
8
15
8
12
13
13
15
10
8
12
10
8
8
13
8
12
10
15
18
12
17
15
11
19
4
8
15
2
14
4
4
14
0
4
2
4
4
2
2
16
4
4
6
6
4
4
4
2
6
2
6
4
6
4
10
0
0
6
0
4
4
0
2
8
4
4
12
0
14
6
2
8
8
2
14
8
4
4
2
2
14
6
8
14
0
4
6
6
8
0
2
14
4
8
2
4
2
6
10
14
0
2
4
12
4
2
4
2
8
4
2
4
6
4
0
4
4
0
4
2
2
2
4
2
4
6
12
8
4
6
4
6
4
14
8
4
4
4
4
2
2
0
4
12
4
12
2
6
6
6
2
6
4
2
2
6
6
4
10
2
4
4
2
0
8
0
6
2
2
6
2
4
6
4
4
0
2
4
10
4
18
6
2
4
10
4
4
6
2
2
4
4
6
6
2
2
6
2
4
4
8
6
4
0
2
6
0
0
4
0
8
2
2
4
2
4
4
4
4
10
0
2
4
0
2
2
0
4
4
2
2
4
6
4
8
10
4
4
2
14
4
0
12
2
2
8
6
2
0
4
2
2
0
0
2
2
0
4
0
12
4
8
12
4
0
0
6
8
6
0
4
4
6
4
2
6
10
10
14
8
0
2
2
2
4
4
4
4
2
2
6
4
2
2
2
6
2
4
4
4
6
10
6
2
2
0
8
16
2
2
6
4
6
8
6
4
84
0
2
2
7
72
5
6
8
0
0
2
0
7
0
8
4
0
0
57
7
2
4
0
6
4
0
0
2
4
4
2
2
0
6
7
2
4
0
6
0
2
6
6
48
4
2
27
2
7
4
4
6
2
4
2
33
0
0
4
2
49
2
2
2
2
2
4
2
2
4
7
2
4
0
4
2
2
6
43
6
2
4
2
2
10
4
4
2
4
0
4
19
2
0
75
2
2
6
0
10
2
2
4
57
0
6
2
4
4
8
0
4
2
0
2
0
0
6
2
0
85
2
0
5
0
2
4
0
4
49
2
6
2
4
2
8
2
2
5
0
14
4
4
53
4
2
4
0
42
2
0
2
6
0
6
4
8
2
8
2
0
59
4
6
4
0
0
0
4
4
0
0
8
0
8
26
4
2
6
2
6
0
2
8
54
2
4
2
0
2
40
4
2
8
10
2
4
8
4
30
0
6
6
0
83
2
0
8
8
0
4
4
2
6
2
7
15
2
4
5
8
2
29
6
4
0
6
6
12
2
6
8
4
0
8
2
2
8
2
0
7
2
8
0
2
5
4
2
2
62
4
4
6
2
7
2
0
6
4
35
6
7
0
2
0
0
6
0
6
0
4
2
2
10
4
0
2
2
6
36
8
6
26
0
0
45
2
65
46
30
25
33
64
33
21
50
43
13
38
36
21
28
27
19
20
31
33
29
38
24
42
29
26
16
35
43
33
50
47
29
35
24
37
25
31
32
21
26
52
42
19
77
58
62
31
36
40
61
55
27
38
38
43
33
27
46
31
45
51
34
61
41
50
42
57
52
39
43
62
53
30
33
30
39
25
44
26
54
59
58
30
30
54
40
44
63
43
45
36
36
36
62
32
38
45
20
27
43
59
63
58
34
58
37
45
53
45
27
56
46
60
39
58
48
44
46
33
48
62
29
55
37
49
56
28
67
68
39
50
43
43
34
36
47
61
64
55
49
73
44
39
60
31
27
40
42
53
62
57
31
47
62
52
42
44
43
51
66
49
26
57
77
52
77
62
54
34
35
38
65
56
37
55
55
60
55
50
36
46
41
37
28
63
49
62
64
61
54
56
45
71
33
41
41
35
56
38
30
56
40
65
37
38
35
51
37
45
54
56
43
47
35
37
41
40
29
38
71
53
37
44
48
18
35
33
46
21
38
33
19
36
34
55
40
39
32
24
54
35
38
27
54
27
40
61
28
47
46
33
42
28
40
31
36
52
35
69
66
32
54
25
21
21
27
23
48
20
27
75
36
23
45
36
58
60
50
46
18
29
28
38
45
66
33
62
32
20
16
14
26
44
20
10
24
30
34
25
22
23
24
24
27
28
24
46
34
20
30
50
80
17
20
15
21
15
20
20
25
31
26
24
28
24
19
15
12
52
20
25
36
16
24
26
19
51
28
29
15
24
26
28
26
20
21
20
20
10
15
17
27
24
25
31
23
24
25
23
23
21
32
10
30
32
33
20
26
25
25
24
25
37
16
13
23
40
25
35
28
20
20
29
40
27
27
19
33
23
21
19
32
33
30
20
19
22
72
20
10
22
44
25
20
22
35
82
21
24
16
21
42
14
16
36
43
18
28
19
21
22
17
14
18
23
24
29
28
21
23
34
25
28
16
16
14
25
28
27
23
19
21
31
16
18
21
18
18
14
25
27
31
31
27
25
42
25
19
27
35
27
19
57
26
56
34
29
25
25
27
24
10
14
39
46
33
25
28
23
28
22
18
19
15
25
56
19
46
27
16
82
30
21
19
16
35
23
27
24
83
41
33
25
19
16
14
35
13
24
16
34
30
29
34
34
28
43
18
46
14
33
19
29
32
47
43
50
0
20
18
29
21
12
45
28
33
43
22
24
40
28
21
12
19
24
34
39
25
25
30
31
44
31
29
15
24
44
37
16
45
34
41
41
48
20
25
15
16
18
36
27
32
47
42
26
6
4
6
19
4
5
4
8
9
52
9
14
60
18
9
6
8
17
25
6
6
9
8
8
17
98
7
8
15
57
5
8
15
51
11
12
12
9
12
20
26
18
12
9
8
9
8
7
6
12
2
69
77
13
10
9
7
85
17
9
7
20
10
6
10
19
18
55
22
10
11
15
21
13
7
61
7
7
15
6
10
7
64
9
8
9
9
13
5
11
13
5
10
25
17
12
12
88
27
8
11
10
6
11
48
11
13
93
8
17
13
69
25
17
43
10
8
11
6
9
12
6
6
47
12
6
13
14
19
8
13
9
14
13
11
13
6
15
84
9
71
11
7
11
17
56
21
10
15
17
13
66
13
10
17
9
2
8
10
13
10
98
12
8
15
12
11
25
10
7
8
46
13
10
11
7
16
31
56
32
39
34
14
9
17
16
82
7
39
58
30
5
17
12
8
16
5
4
98
13
10
48
11
7
11
7
9
13
14
7
8
54
10
20
2
15
19
8
5
5
23
8
10
10
12
8
63
29
9
13
11
46
31
41
5
75
12
63
15
6
17
2
30
4
6
54
5
7
49
5
5
5
7
5
8
7
13
6
57
5
7
7
9
7
7
26
4
5
21
5
15
41
15
15
4
8
55
5
11
59
5
81
47
4
7
20
37
3
5
3
3
0
5
0
0
3
1
2
0
1
9
5
3
0
3
2
9
4
0
0
0
0
3
0
0
3
0
3
7
1
2
3
3
1
3
1
5
0
0
2
3
7
2
3
2
7
3
3
0
0
0
0
1
0
0
0
0
0
3
89
2
0
0
3
3
0
0
1
0
0
3
2
0
3
2
2
3
2
0
0
0
0
2
1
0
3
0
5
3
2
2
7
0
0
3
2
0
0
1
9
0
0
5
5
0
2
3
0
1
0
0
3
0
0
3
2
0
3
2
3
0
4
2
5
3
3
2
5
0
3
5
2
3
1
0
0
0
2
0
0
3
5
9
3
7
5
3
5
3
3
3
2
3
5
3
3
1
0
0
11
3
1
2
1
0
3
2
0
0
3
5
3
0
2
5
2
3
7
0
1
3
3
0
1
0
3
3
0
9
3
5
3
0
1
7
0
0
2
0
3
3
1
0
0
0
2
3
5
5
1
1
5
3
2
3
0
0
0
3
0
1
5
0
2
3
0
1
0
0
5
1
2
0
0
0
2
9
3
5
3
3
0
3
5
4
0
7
0
5
3
2
1
3
0
3
2
0
2
0
1
7
0
0
0
0
0
5
3
0
0
1
5
5
2
3
1
0
3
3
0
1
7
2
0
0
1
