4
3
5
2
4
7
9
8
5
15
7
26
28
8
6
5
2
12
2
13
9
5
4
6
8
12
5
2
6
16
8
4
77
10
4
7
43
4
6
77
8
12
4
6
6
2
7
16
6
34
9
4
5
7
4
2
9
6
4
9
2
10
65
8
11
5
29
9
7
36
5
8
13
7
24
7
11
10
6
2
18
4
11
11
4
8
10
11
4
2
5
3
2
4
14
16
9
11
6
7
8
22
12
13
30
8
7
2
2
3
6
2
17
7
5
8
44
12
6
9
6
9
3
3
2
2
2
7
8
23
11
90
9
12
10
4
9
9
8
4
11
8
7
11
3
4
12
14
8
5
3
2
8
2
6
10
6
5
5
10
14
4
5
9
91
5
7
5
6
4
12
19
7
5
9
2
6
8
7
11
69
8
25
11
9
9
7
25
5
3
12
4
2
6
6
2
5
12
4
7
45
16
8
67
11
4
5
11
4
8
16
11
13
7
8
7
12
15
9
8
11
2
5
22
75
9
6
8
6
6
10
7
6
9
11
8
11
7
9
31
4
10
4
7
11
50
4
9
8
10
2
7
4
2
68
2
2
5
7
8
25
4
4
8
6
14
7
4
4
13
77
10
4
17
10
4
12
7
5
3
8
23
8
4
2
4
9
4
81
81
81
75
81
70
79
69
73
77
69
69
69
69
73
69
79
73
71
81
79
79
69
69
57
71
79
77
71
69
73
79
67
70
71
69
71
71
71
80
81
75
87
75
76
81
77
79
71
69
87
75
79
79
79
81
79
87
90
73
79
85
75
69
69
77
71
77
69
79
73
79
75
79
77
70
75
79
69
75
73
71
79
69
65
79
71
69
79
79
69
75
77
81
69
79
77
79
79
79
71
69
71
79
81
79
85
89
79
85
87
81
79
81
89
89
90
89
89
89
89
88
81
89
89
91
79
81
89
89
79
91
81
89
89
91
89
91
89
79
81
89
79
79
89
93
82
91
87
91
79
88
79
89
91
87
79
81
78
79
91
80
80
91
81
81
89
87
77
77
79
81
89
88
91
79
78
87
81
81
89
79
83
83
79
83
87
81
81
77
79
79
89
88
81
81
77
79
83
81
90
81
89
79
90
87
79
79
81
79
85
91
81
85
89
89
88
81
79
89
81
85
88
89
79
79
85
89
90
89
89
79
78
87
89
91
89
91
90
79
83
87
80
83
89
81
79
89
81
81
87
88
91
81
81
81
79
87
87
79
87
89
91
79
89
85
85
88
90
87
91
79
91
87
78
87
86
80
77
80
79
89
82
90
89
85
85
77
24
42
32
28
26
22
20
36
22
8
22
79
30
23
15
37
14
31
28
27
25
26
18
44
15
18
28
29
26
32
18
57
18
49
28
25
27
19
21
26
16
21
52
17
14
32
26
17
7
23
18
34
35
2
29
9
10
22
25
15
28
26
18
15
9
19
17
34
14
27
16
28
44
74
27
24
36
11
28
14
54
24
47
15
20
25
27
25
29
10
28
39
13
39
12
26
39
40
33
25
16
46
19
18
9
18
34
42
29
32
34
25
34
17
24
15
29
33
12
44
16
19
42
30
26
37
27
33
13
54
35
33
29
26
40
42
26
45
24
37
43
33
18
22
23
39
14
41
10
23
13
34
26
29
57
24
20
54
29
43
41
24
25
54
40
33
63
46
54
14
37
32
45
8
32
33
18
41
43
31
21
45
23
29
28
34
30
32
34
12
20
34
24
37
34
15
51
18
40
54
46
34
24
23
35
32
29
27
30
35
31
22
17
26
16
18
20
23
24
16
22
10
14
30
16
19
48
59
32
24
17
22
17
11
25
43
26
12
13
36
13
25
31
16
16
19
39
23
16
31
35
14
24
22
27
23
19
9
15
5
5
16
12
5
3
0
5
2
12
2
3
5
5
25
3
17
8
10
10
3
2
12
4
3
6
0
4
7
15
13
5
15
13
7
23
11
13
15
11
11
21
33
25
11
15
13
7
15
11
11
15
17
11
15
11
13
13
11
9
19
13
7
13
3
15
13
9
9
17
19
13
7
11
9
11
15
21
13
9
27
9
11
11
11
15
11
13
0
13
15
15
0
5
2
2
2
3
3
3
3
5
3
3
2
13
13
13
15
11
9
11
13
17
15
9
15
13
27
7
9
13
11
9
25
21
11
15
11
5
7
5
7
9
9
5
3
7
19
5
5
3
7
7
5
17
23
13
9
17
9
9
13
13
15
15
13
0
3
7
11
17
15
3
5
9
15
11
13
7
15
15
15
9
9
9
15
19
13
23
11
15
11
15
11
13
13
11
13
15
21
31
11
11
13
17
11
5
3
0
5
0
3
3
3
0
3
3
2
0
9
2
3
3
13
13
15
13
13
13
9
13
27
11
11
17
9
19
25
15
17
23
11
17
13
11
11
23
9
21
9
35
19
9
17
11
19
9
11
15
11
17
15
19
11
7
17
9
13
17
11
21
19
13
13
11
13
23
11
13
13
9
13
11
15
13
13
11
11
9
13
15
13
15
5
7
11
11
13
9
3
13
9
13
11
21
15
13
13
15
15
13
5
13
9
23
17
13
13
11
9
13
13
19
17
9
11
2
2
0
4
2
2
2
0
0
0
2
2
2
2
2
0
0
2
4
2
0
0
2
0
2
0
2
2
0
2
0
0
2
2
2
0
2
2
2
0
2
2
2
0
0
2
2
2
2
2
0
2
2
2
2
2
2
2
0
2
2
0
0
0
0
2
2
0
0
2
0
0
0
0
0
2
2
2
0
2
0
0
4
0
2
2
2
2
0
0
0
2
0
0
0
2
2
0
2
4
2
0
0
0
0
0
2
2
0
0
2
2
2
2
0
0
2
4
2
2
2
2
2
2
2
2
2
2
2
0
2
2
2
0
0
4
4
2
0
2
2
2
2
2
0
2
0
2
0
2
2
0
2
0
0
2
0
4
2
2
2
2
2
0
6
0
0
2
2
2
0
2
2
2
0
2
2
2
2
2
2
0
0
2
2
0
2
0
2
2
0
2
0
2
0
2
0
2
2
0
2
0
0
4
2
2
2
0
0
0
2
2
0
2
0
4
0
0
0
2
0
0
0
2
0
0
4
4
2
2
2
4
2
2
2
2
2
2
2
2
2
4
0
2
4
4
2
0
2
2
2
0
2
2
2
4
0
2
0
0
2
2
0
0
2
0
0
2
0
2
2
2
2
2
0
0
2
0
0
2
0
0
0
0
0
2
0
2
18
19
14
18
18
19
17
12
15
17
19
18
17
18
16
18
17
17
19
18
17
18
19
18
19
19
18
19
19
19
19
19
18
16
17
18
19
19
19
18
19
18
18
17
19
18
18
19
19
18
17
19
18
18
19
18
16
17
16
19
19
18
19
19
19
19
18
17
18
18
19
17
16
19
16
19
19
18
15
19
19
18
19
20
16
18
19
19
19
19
18
19
18
12
18
17
19
18
16
19
18
17
19
18
19
19
16
19
17
19
17
19
19
19
19
17
17
17
19
18
19
19
11
18
19
19
17
12
18
18
19
18
18
18
18
18
17
18
19
18
17
17
18
18
18
19
16
18
17
17
14
12
19
18
18
18
17
19
19
17
16
18
17
17
11
17
18
17
17
20
17
17
17
17
14
15
17
14
18
18
17
18
17
19
18
16
13
12
19
16
17
18
18
17
14
18
20
18
18
18
19
19
17
18
17
19
18
19
19
17
19
17
19
18
17
18
19
18
18
18
18
19
18
13
19
17
19
17
19
16
17
16
18
19
17
16
19
19
11
19
18
18
19
18
18
19
18
18
12
18
18
19
19
18
16
17
18
17
18
18
18
18
18
18
19
19
15
19
16
17
19
18
17
18
17
18
16
15
17
18
18
17
18
17
18
17
19
18
31
17
8
13
15
17
10
12
19
29
19
12
14
21
29
21
32
27
15
13
10
23
12
35
19
15
21
29
42
41
10
48
15
21
27
32
21
21
17
37
21
12
23
23
37
29
9
12
14
37
23
19
12
17
35
29
25
15
21
40
15
19
13
29
17
33
21
54
27
13
27
17
16
27
35
37
27
23
27
35
36
13
29
42
19
25
21
38
17
17
13
11
42
17
19
40
27
19
34
21
17
50
27
14
17
29
37
31
34
41
15
40
62
33
15
10
21
46
27
29
29
15
54
25
20
17
19
50
31
50
37
64
21
41
52
19
39
34
17
48
48
17
8
36
24
12
44
10
19
54
15
40
48
15
44
58
17
13
46
17
29
48
62
46
19
21
51
27
52
48
44
37
31
44
56
42
46
17
31
29
58
55
12
35
37
25
10
36
13
10
17
17
39
19
19
21
53
12
41
23
35
10
27
37
23
58
29
27
19
27
19
58
56
42
31
12
65
8
23
23
23
23
12
23
25
32
21
17
31
39
17
23
25
16
17
23
31
17
21
14
29
24
8
10
10
13
35
29
6
13
17
29
21
12
10
11
25
6
12
15
27
12
23
19
8
25
10
10
12
31
19
10
10
14
15
19
21
25
19
15
29
10
31
23
6
19
23
19
0
62
2
2
10
7
0
29
2
0
31
0
76
61
8
17
27
2
2
0
19
2
2
19
0
32
0
0
26
0
0
0
15
46
0
0
20
2
14
0
1
12
0
0
26
28
0
25
2
2
36
2
19
2
22
2
32
2
70
0
2
50
88
0
29
0
0
37
0
0
46
7
49
2
0
37
88
4
57
13
0
2
27
2
2
36
0
0
0
0
9
30
2
71
27
2
85
2
4
24
74
2
0
0
2
84
2
36
0
0
40
2
71
18
0
30
0
34
0
2
2
2
0
2
2
4
87
2
5
2
0
33
0
26
0
0
2
1
0
24
0
0
2
0
21
2
2
0
0
17
25
4
34
24
9
0
3
36
91
0
2
0
0
0
0
17
0
0
0
2
23
0
0
1
0
31
0
9
42
0
0
15
0
5
0
25
0
0
0
2
83
0
2
37
0
2
8
30
0
2
26
40
2
0
64
2
2
18
2
0
2
0
13
25
2
0
0
2
68
2
28
81
0
3
2
26
80
2
2
41
2
2
26
2
0
2
76
2
2
2
39
0
3
0
5
2
2
48
2
1
5
3
0
80
0
4
38
74
2
2
31
0
2
2
4
0
58
4
0
13
0
46
26
55
15
78
0
2
0
22
15
83
2
23
2
33
44
67
4
1
4
2
0
3
0
3
3
27
2
0
2
3
3
3
1
0
3
1
4
3
3
3
0
0
3
3
3
4
0
1
3
7
2
2
2
3
6
0
4
1
1
3
10
1
1
3
1
0
3
4
3
1
1
5
3
1
3
0
1
0
4
5
1
1
5
4
1
3
0
2
0
2
0
3
2
3
3
6
0
1
1
0
1
1
0
9
1
3
1
3
8
1
0
1
1
6
0
2
1
1
1
1
1
2
3
6
3
1
2
0
1
7
2
6
1
3
3
5
0
1
5
2
4
3
2
2
6
0
3
1
0
1
0
1
2
6
7
1
0
1
1
3
5
8
5
1
0
6
14
2
0
3
6
1
4
4
2
2
0
2
2
1
3
1
1
3
1
4
2
4
1
3
2
1
1
1
2
2
2
2
0
4
1
0
4
3
0
3
3
3
1
1
0
0
1
2
12
1
4
2
1
2
2
2
4
1
3
1
0
0
4
0
2
0
1
4
1
3
0
5
0
4
3
1
5
5
0
2
2
0
2
0
0
0
0
0
1
1
1
1
7
1
5
1
0
1
2
0
1
0
1
1
2
3
2
1
2
1
4
0
0
4
2
15
1
0
0
0
1
2
0
0
0
0
2
0
0
1
1
1
0
6
4
1
1
8
5
1
1
1
0
1
0
3
1
0
0
1
1
3
1
7
1
1
0
0
1
1
5
0
1
15
0
0
0
3
3
1
1
1
1
1
1
0
1
5
0
0
1
1
3
1
1
1
1
7
3
0
0
1
1
0
11
3
3
0
0
1
3
1
0
1
1
0
0
0
0
0
0
1
7
0
1
5
0
1
5
0
5
0
1
0
0
5
0
0
1
0
1
1
1
0
1
0
1
0
1
0
5
1
0
1
1
1
3
11
1
1
0
0
3
0
0
1
0
2
0
0
1
1
1
1
1
1
3
1
0
0
1
1
3
0
0
0
1
1
1
0
5
3
3
0
0
3
0
0
1
0
0
3
3
1
0
0
1
0
2
1
3
3
3
3
0
3
0
1
0
1
1
1
1
3
1
5
0
7
3
1
6
0
1
3
0
0
1
1
1
1
1
3
0
0
0
5
1
1
1
3
3
3
0
0
1
0
0
4
3
0
1
1
1
0
3
0
0
0
1
1
2
1
1
1
1
1
0
0
1
0
0
1
1
1
1
0
4
3
0
0
3
3
3
3
0
4
0
3
0
0
3
0
3
0
1
0
1
3
1
0
0
1
0
0
1
1
0
0
0
1
1
3
0
1
1
0
14
1
2
3
1
0
3
3
3
1
