20
19
19
19
19
19
20
19
20
20
19
19
20
19
20
20
20
19
19
19
20
19
20
19
19
19
19
19
19
19
19
19
19
19
19
18
20
19
19
19
19
19
20
20
20
20
19
19
19
19
20
19
19
19
19
20
19
19
19
19
18
20
20
20
19
19
19
19
20
19
19
20
19
19
19
19
20
20
19
20
20
18
20
19
19
20
20
19
20
19
20
19
20
20
19
18
19
19
20
19
19
19
13
20
19
19
19
19
20
19
20
19
19
19
20
19
20
19
19
19
19
19
19
19
19
20
19
20
20
19
20
19
19
20
20
19
19
19
19
20
19
20
19
19
19
19
20
19
20
19
19
19
19
19
19
19
19
19
20
19
19
19
19
19
19
19
19
19
20
20
20
19
20
20
19
19
20
19
20
19
19
19
18
19
20
19
20
19
19
20
20
20
19
20
19
19
20
19
19
19
19
20
19
19
19
19
19
19
19
19
20
19
20
19
19
19
19
19
19
19
19
19
20
20
19
19
19
19
19
19
19
19
19
20
19
20
19
19
19
19
20
20
20
19
19
19
19
20
19
19
19
19
19
19
19
19
19
19
20
19
20
20
19
19
20
19
19
19
19
19
19
19
19
19
20
19
19
19
20
19
19
19
19
19
19
19
19
19
7
0
2
2
0
99
95
0
43
0
2
5
5
7
9
0
0
7
0
7
2
0
0
9
7
9
7
0
5
7
9
3
2
2
9
7
0
5
93
0
2
7
7
2
2
0
5
7
7
0
0
0
0
5
7
3
11
7
2
7
0
7
0
3
2
5
9
2
0
0
0
7
5
2
2
2
2
7
7
2
2
2
0
5
0
0
2
9
0
7
7
2
0
3
0
9
0
2
0
4
2
2
4
7
0
5
2
5
2
0
0
5
2
7
0
2
11
0
4
0
3
7
0
0
2
0
7
0
2
7
7
7
0
0
0
0
0
9
2
0
5
11
0
2
0
5
0
0
4
9
5
5
0
9
9
7
2
7
0
2
7
9
9
0
0
7
5
11
2
2
0
0
7
7
2
3
3
2
9
9
7
46
0
0
7
5
2
2
0
2
5
11
7
0
0
3
9
3
7
0
2
2
7
7
5
0
0
5
9
9
2
2
0
0
11
5
2
2
2
0
7
0
5
2
2
2
5
11
2
0
0
0
5
5
11
9
0
0
5
2
3
99
2
0
7
7
5
2
0
0
7
0
5
0
0
0
7
9
2
2
5
9
7
5
0
2
0
7
5
2
9
80
5
0
7
5
5
0
0
5
7
91
7
0
0
3
5
99
5
0
0
0
7
5
2
5
5
0
3
3
0
0
0
0
5
7
0
0
0
3
3
4
0
0
5
0
3
0
0
3
7
0
5
5
96
5
0
0
7
0
0
0
0
0
5
7
2
7
0
0
3
0
0
0
0
0
9
1
0
0
2
0
7
5
0
0
0
0
7
0
2
0
4
5
7
0
5
0
2
0
7
0
0
0
0
0
7
0
5
0
2
0
2
2
0
1
2
0
3
0
2
94
5
4
3
1
2
0
4
0
7
0
72
2
2
0
0
0
0
0
2
2
5
0
2
0
0
2
7
0
3
0
0
2
7
2
0
0
2
5
9
0
0
0
0
3
9
2
0
4
2
29
2
0
5
2
0
5
0
2
5
0
0
7
5
0
2
2
0
7
0
2
2
1
0
3
9
0
3
0
0
5
0
2
2
9
2
5
0
0
7
0
1
5
0
2
5
0
5
5
0
0
2
2
3
5
5
0
5
0
1
5
0
1
0
2
0
1
0
3
2
0
0
0
0
0
0
3
2
1
5
0
0
1
3
2
35
3
2
0
2
7
0
0
1
0
1
1
4
2
2
3
0
2
2
3
0
3
1
2
3
3
0
1
2
2
2
0
2
0
1
4
1
0
0
0
4
1
1
0
0
0
1
1
0
2
0
7
9
0
7
0
9
0
5
7
0
0
11
7
11
0
11
2
5
0
7
9
0
7
9
9
0
9
7
5
0
5
13
9
0
7
9
7
0
5
5
5
0
9
7
9
0
7
7
1
7
9
11
7
13
11
9
2
7
3
7
0
5
9
7
5
7
0
11
3
13
0
9
0
11
0
0
7
9
0
9
0
11
15
5
3
7
9
5
5
7
0
0
9
7
0
0
11
5
9
0
11
5
9
0
7
9
9
7
9
13
7
5
0
5
7
7
7
7
5
0
0
0
0
5
0
2
0
19
11
11
0
17
15
0
0
5
9
0
0
0
0
0
0
0
0
0
0
0
0
17
9
9
3
17
13
11
3
5
0
3
13
11
0
13
0
15
7
5
11
0
17
5
5
0
0
0
0
0
0
0
0
0
0
0
0
0
0
0
0
0
7
0
11
0
9
0
9
0
9
11
25
7
0
17
9
7
9
7
5
7
13
15
5
0
5
9
9
5
0
11
17
2
9
7
9
0
9
0
15
0
7
9
13
0
9
5
11
0
5
3
13
3
19
7
0
3
0
9
0
9
0
9
0
3
0
3
0
3
13
0
0
11
7
3
0
11
11
0
7
27
5
0
0
11
9
5
11
7
23
5
0
27
7
7
9
7
7
0
2
0
0
2
0
2
0
8
2
0
0
2
4
4
2
0
2
0
2
0
4
0
7
2
2
0
0
0
0
3
4
3
1
0
0
0
2
6
2
2
2
5
1
2
1
2
0
2
1
4
0
0
2
0
4
0
0
5
12
1
2
4
5
0
0
5
2
2
1
0
2
1
2
2
0
2
4
2
2
1
4
2
2
2
1
2
2
0
0
2
2
0
2
0
1
3
2
2
0
2
4
0
2
2
0
0
2
0
4
0
0
2
0
4
1
3
0
1
0
0
2
2
0
0
0
2
0
2
2
1
4
1
4
1
1
0
1
4
6
1
4
2
2
5
1
6
3
2
3
4
2
7
4
0
4
2
2
0
2
2
2
1
1
2
2
0
2
2
2
2
2
1
1
4
0
2
1
0
0
0
0
0
1
0
2
0
0
1
2
0
2
4
0
0
0
2
2
3
0
4
2
2
0
0
0
1
0
4
2
0
0
2
3
2
1
2
1
2
2
0
4
2
2
1
4
2
0
0
4
0
0
0
2
2
0
1
3
2
0
0
0
0
2
2
0
2
2
0
2
0
9
0
0
2
0
2
0
5
4
4
3
0
0
3
2
0
1
2
1
7
2
2
2
4
0
0
0
0
4
3
0
2
2
2
2
2
2
12
10
10
6
6
12
14
12
8
8
12
10
14
6
10
4
8
4
6
2
6
10
8
10
10
8
10
12
6
4
8
8
16
8
8
8
10
10
12
8
10
4
6
6
16
8
8
10
4
10
8
10
8
6
4
12
10
10
14
14
10
10
6
6
8
8
8
10
12
10
10
14
16
12
4
8
8
2
8
6
4
12
6
6
10
12
8
8
6
8
14
6
10
14
8
8
8
10
8
10
8
10
12
12
10
14
8
0
8
8
6
12
0
8
14
8
6
6
10
6
8
14
8
4
10
8
6
2
12
10
14
8
8
10
10
10
6
6
4
6
8
4
16
6
6
8
6
12
2
2
8
6
8
4
14
6
12
8
8
2
6
10
2
6
4
12
14
8
14
12
10
12
4
8
6
10
6
8
12
4
10
10
8
14
8
4
8
4
8
8
10
10
12
6
12
14
8
8
8
8
8
10
6
14
8
8
6
8
4
8
8
8
10
10
6
6
6
10
12
10
8
4
6
8
8
12
6
10
8
10
10
6
10
4
6
6
10
10
8
2
4
10
4
10
8
4
8
2
8
6
2
4
6
8
10
8
8
6
8
8
6
8
8
10
2
6
14
4
8
8
4
8
8
8
8
8
8
10
12
6
6
8
10
10
8
4
12
6
19
3
20
0
4
2
20
0
37
28
29
17
2
23
20
38
6
28
24
0
29
22
16
17
23
19
0
52
23
28
22
23
0
5
28
23
22
25
0
3
20
0
31
19
22
0
5
0
23
28
24
17
0
27
25
0
9
4
8
0
1
7
19
0
7
24
22
26
5
26
12
0
10
11
15
22
25
30
25
4
19
18
43
23
26
17
3
18
20
0
28
21
0
51
25
18
3
26
8
28
23
30
23
15
0
21
25
13
3
19
19
0
16
23
0
3
26
30
0
20
14
19
0
24
0
20
1
23
18
0
2
19
24
0
50
1
0
6
24
17
6
2
25
21
20
0
23
17
19
9
20
25
0
36
22
19
7
24
24
22
12
26
5
18
0
2
7
13
0
27
17
17
11
24
22
30
33
5
22
20
21
32
7
16
0
6
27
22
24
26
0
14
23
10
26
0
0
28
18
0
1
29
20
32
3
26
19
0
21
15
18
2
26
19
2
19
19
28
4
18
0
15
27
21
1
34
20
2
1
20
17
0
21
18
21
0
3
10
19
9
29
22
0
0
23
20
0
21
17
23
18
20
10
3
4
11
6
27
20
2
22
41
6
24
29
0
36
3
7
10
22
7
16
0
7
18
36
3
18
15
8
23
3
1
17
24
24
0
6
2
2
4
2
2
2
2
2
2
2
0
2
4
4
2
0
4
4
2
6
2
2
0
0
0
2
4
6
2
4
2
4
2
2
0
4
2
0
4
2
2
2
2
2
2
2
0
0
2
2
0
4
0
2
4
2
2
2
0
4
2
2
2
4
2
0
4
2
0
2
2
4
4
2
4
2
2
4
2
2
0
4
4
2
2
4
4
4
2
2
2
2
0
0
0
4
2
6
0
2
2
4
2
4
2
6
0
4
2
2
2
4
0
4
2
2
2
0
0
0
6
2
0
2
2
2
2
2
4
2
0
2
2
2
0
2
4
2
2
2
4
2
0
4
2
0
4
4
2
2
2
2
2
2
0
2
2
2
2
4
2
2
2
4
4
2
0
2
6
4
2
2
2
0
2
6
2
6
0
4
2
4
6
2
2
4
6
4
2
4
0
0
2
2
4
2
4
2
4
4
4
4
0
2
4
2
2
4
2
4
4
4
6
0
0
4
6
6
4
4
2
2
4
2
2
4
0
2
2
2
2
4
2
2
0
4
4
6
0
0
2
0
2
4
2
0
2
4
2
4
0
4
2
2
2
2
2
2
6
6
2
2
0
2
2
0
2
4
2
2
2
2
4
4
0
4
2
4
4
2
2
2
2
2
2
2
2
2
2
2
2
2
0
0
0
2
2
2
2
4
2
2
2
2
2
2
2
0
2
2
2
0
2
2
2
2
4
2
2
0
2
2
2
0
2
4
2
2
2
2
2
0
2
2
2
2
2
0
2
2
2
2
2
2
2
0
2
2
2
4
2
2
4
2
2
5
2
2
2
2
2
2
2
2
2
2
2
4
2
2
2
2
2
2
0
2
2
2
2
2
0
3
2
2
4
2
0
2
2
2
2
2
2
2
2
2
2
2
2
2
0
2
2
2
3
2
2
2
5
2
2
2
2
2
2
2
2
2
4
2
2
4
2
2
2
2
4
2
2
5
2
2
4
2
2
4
0
2
2
2
2
2
4
0
2
2
2
2
3
2
2
2
4
2
2
2
2
2
2
2
2
2
2
2
2
2
0
0
2
2
2
4
0
0
2
2
2
2
2
0
4
0
0
2
2
2
2
2
2
2
2
2
2
2
2
0
2
2
2
2
0
2
2
2
0
4
0
0
2
2
2
0
0
2
0
2
0
0
3
2
0
2
2
2
2
2
2
0
0
4
2
2
0
0
2
2
2
0
2
2
2
2
4
2
3
2
2
1
2
4
2
2
0
2
2
2
2
2
3
2
4
2
2
2
2
0
4
2
2
2
4
2
2
2
2
34
4
7
5
5
7
5
5
7
5
4
8
4
10
5
6
6
9
7
6
9
6
6
8
6
6
8
6
5
6
5
7
6
10
4
7
5
6
5
4
7
4
6
10
6
8
7
8
6
6
6
6
9
6
56
5
5
47
7
6
44
6
6
8
6
7
6
7
5
5
6
4
8
6
7
7
5
5
8
7
4
8
6
5
6
10
8
7
8
6
5
9
6
4
11
10
6
8
6
7
6
8
6
6
7
10
6
5
6
6
4
5
7
6
5
7
8
6
5
7
6
8
7
7
8
6
6
8
9
7
5
7
6
44
6
5
6
8
31
10
7
51
5
6
6
7
11
10
5
6
6
7
11
8
6
6
9
7
6
8
6
7
7
6
8
7
48
8
7
6
5
5
36
5
8
4
6
9
7
7
8
8
7
34
5
7
11
6
7
45
12
19
16
6
6
51
6
10
5
8
5
8
6
6
7
6
7
6
8
6
6
18
14
5
8
10
8
11
10
5
70
6
8
7
8
8
7
6
5
8
7
6
6
7
7
7
8
7
7
9
6
6
44
9
7
92
7
7
6
7
7
5
38
6
11
7
9
43
8
7
5
7
6
8
6
7
6
6
8
6
6
6
4
9
9
6
6
7
14
83
6
4
40
5
7
93
6
6
