4
6
4
6
4
4
4
5
4
6
5
4
4
4
4
4
4
6
4
4
4
4
4
4
4
4
5
4
4
4
4
4
5
4
4
4
4
6
5
4
6
4
6
4
4
4
4
4
6
5
4
4
4
4
4
4
4
4
4
4
4
4
5
6
4
4
4
4
4
4
4
6
4
7
4
4
6
4
4
6
3
4
3
4
4
6
4
4
7
6
7
4
3
4
4
4
4
4
6
4
4
3
4
5
4
4
5
4
4
4
4
4
4
4
4
5
4
5
4
4
4
5
4
4
4
4
4
3
4
4
3
4
4
4
4
5
7
6
4
4
4
6
4
4
4
4
4
4
5
4
6
6
6
4
4
4
4
4
4
4
4
4
4
4
3
6
4
4
5
5
4
4
4
4
4
4
4
4
4
6
6
5
4
4
5
4
4
4
4
2
3
7
5
4
3
4
5
4
5
4
4
8
5
4
4
4
4
7
4
3
5
4
4
4
5
3
4
4
2
4
6
6
6
4
6
4
4
5
4
4
5
4
6
4
4
4
4
4
4
4
4
6
4
4
4
6
4
4
6
4
4
4
4
4
4
4
4
4
4
4
4
4
4
5
4
6
6
4
5
4
4
4
4
6
4
4
6
4
4
4
6
7
5
4
4
4
4
4
19
11
4
11
8
6
9
53
10
6
8
11
10
9
6
10
6
13
8
11
10
6
11
13
8
11
6
17
11
17
6
9
17
9
6
13
8
4
9
8
10
11
21
8
6
6
8
8
15
17
6
6
7
11
4
15
11
21
6
8
15
11
8
9
8
10
11
9
8
6
6
4
7
6
7
11
6
6
5
16
13
15
15
6
10
21
15
8
6
8
8
7
4
11
11
10
13
11
6
7
6
6
10
8
10
7
9
15
13
6
10
10
17
13
13
28
17
19
15
11
8
13
10
19
10
13
17
11
11
15
10
13
19
15
15
8
15
21
15
15
30
29
15
15
10
18
11
14
20
13
11
20
17
17
12
19
11
13
17
8
8
9
9
11
10
11
11
13
8
13
11
11
15
16
17
8
4
11
11
15
11
13
9
87
11
7
8
9
18
21
5
10
11
9
11
17
13
7
17
7
10
10
4
8
15
8
10
15
6
15
6
6
11
10
4
10
6
4
9
8
6
6
21
10
6
6
8
8
9
11
6
8
4
11
11
7
10
7
7
8
8
11
15
13
8
4
4
8
7
4
6
6
6
4
6
6
5
4
4
22
23
11
13
13
4
10
8
2
8
5
6
11
6
4
6
4
8
7
4
11
18
7
7
6
5
7
9
7
4
3
3
3
2
3
3
2
2
3
2
17
3
0
47
0
2
1
4
3
5
3
0
2
7
3
4
3
3
3
4
2
3
3
2
4
7
3
0
50
3
0
2
7
0
2
2
2
3
0
0
5
5
4
59
0
5
2
2
37
5
4
2
2
5
49
4
2
2
4
2
25
2
2
0
3
3
2
3
2
2
2
2
2
0
31
3
0
0
2
0
2
2
9
4
3
4
1
6
5
2
0
2
69
0
0
3
4
2
3
2
5
3
2
0
3
7
2
2
53
23
3
0
2
2
2
2
2
7
5
7
35
4
11
1
4
3
3
33
17
2
2
3
3
3
66
3
2
35
3
7
2
3
5
40
2
7
5
2
2
2
2
45
4
5
27
2
2
3
3
4
31
4
13
5
3
2
3
0
5
3
41
2
7
33
4
2
0
2
5
2
74
6
29
27
4
2
3
3
3
4
0
2
5
2
2
7
0
0
25
4
3
2
7
7
2
4
5
94
3
5
11
0
3
11
2
21
2
7
0
5
4
5
5
5
7
4
0
3
5
33
3
45
3
2
2
2
4
3
49
2
2
7
3
0
7
3
35
3
5
0
4
43
2
0
0
0
0
0
2
0
3
0
0
0
0
0
4
0
0
0
0
2
0
0
0
0
0
8
17
12
8
6
4
8
2
0
6
10
8
21
6
8
8
6
6
8
6
12
12
8
10
10
8
14
4
21
10
6
12
10
19
21
6
17
16
18
8
33
12
12
25
12
17
19
10
4
16
6
8
14
14
14
18
8
10
23
19
23
10
14
8
14
8
10
10
12
18
21
14
17
10
16
14
33
8
19
10
21
16
8
13
8
10
23
6
6
10
16
25
29
23
10
14
12
14
14
27
12
12
16
10
10
8
16
16
14
18
23
27
25
14
14
10
6
8
23
6
12
23
20
10
33
27
21
23
8
25
23
19
37
50
31
23
21
37
17
21
18
21
14
23
18
33
35
18
14
57
16
27
29
23
29
29
43
27
31
20
16
43
43
41
23
10
12
8
6
6
14
27
81
18
78
53
21
10
29
47
57
27
16
10
48
8
29
31
25
37
25
16
43
41
14
16
16
23
20
18
41
10
41
16
25
27
27
37
10
19
51
23
31
12
18
23
12
23
12
51
25
31
8
8
33
18
14
6
6
12
35
6
10
10
10
6
16
6
6
18
12
10
12
10
27
6
8
8
0
6
8
12
14
12
14
8
14
12
10
21
12
10
10
8
12
16
8
33
4
6
10
8
20
6
12
6
10
12
12
19
10
8
8
14
6
14
10
4
3
5
15
5
3
7
5
7
3
1
3
0
3
3
1
11
0
5
1
3
5
9
0
1
1
11
11
7
1
9
9
9
5
5
7
1
7
1
11
5
5
7
5
3
9
7
1
3
1
5
5
5
5
5
3
7
1
7
5
1
3
3
0
11
1
1
0
5
5
3
1
9
7
3
9
3
9
1
3
3
11
3
9
3
3
5
5
9
7
7
5
3
5
3
3
9
7
3
1
5
7
5
3
5
5
5
3
7
7
5
1
13
11
9
11
3
1
7
9
3
9
1
5
7
7
3
3
1
5
7
0
3
15
5
5
3
3
1
5
0
1
3
15
3
7
15
1
3
3
5
3
3
9
1
1
9
5
9
11
5
5
15
9
7
9
7
7
9
7
7
9
5
7
9
5
7
7
13
5
5
3
5
5
3
1
5
5
3
5
3
7
5
7
3
1
5
7
0
3
9
3
7
9
1
11
1
7
9
3
0
5
3
3
1
9
1
5
3
3
5
1
3
3
3
5
5
11
3
9
5
7
1
7
7
7
3
5
7
5
7
9
7
5
5
9
5
3
13
5
3
0
5
0
7
0
3
5
9
1
9
1
5
7
3
0
1
1
5
3
11
7
9
13
5
7
5
9
7
5
5
7
9
3
7
5
5
3
1
2
6
9
23
19
2
10
4
5
6
4
2
4
4
2
8
4
2
4
10
2
10
8
2
11
10
2
4
4
8
4
6
4
16
24
8
2
4
9
4
6
10
6
12
19
2
6
6
2
6
9
8
4
8
4
3
6
2
13
4
6
8
4
3
5
12
7
24
9
4
8
6
11
2
10
2
6
15
12
6
4
4
4
2
4
27
10
4
4
4
6
6
7
13
8
4
13
8
4
43
6
6
0
2
4
11
2
6
24
2
6
4
2
19
11
4
4
4
2
4
2
2
11
4
2
6
13
12
4
2
2
4
6
2
10
6
2
2
6
2
2
8
6
4
2
6
4
4
7
4
2
2
4
8
8
4
6
4
4
6
57
4
4
2
13
11
6
6
2
2
9
10
10
2
4
4
6
10
10
4
4
4
32
2
2
2
10
4
4
9
10
15
96
2
20
6
8
4
21
4
4
6
4
8
4
8
38
17
6
4
4
6
67
8
2
6
17
8
11
2
8
10
10
21
4
11
16
4
8
4
21
5
4
4
10
5
10
17
6
4
12
4
8
8
4
4
4
12
4
6
10
12
2
8
4
4
8
2
6
4
2
8
17
21
2
6
6
2
2
8
8
4
13
8
2
13
2
4
4
12
6
2
2
2
17
2
6
8
1
3
0
3
3
7
3
6
3
3
6
1
3
4
3
1
3
3
1
5
3
1
1
3
3
1
0
3
1
6
0
3
4
8
1
1
2
3
3
1
3
3
3
4
8
1
3
1
3
1
3
4
11
5
6
3
1
1
1
5
3
3
1
1
1
4
3
0
0
1
0
5
5
3
9
3
3
5
5
5
4
1
3
4
2
4
4
3
0
5
1
3
1
1
4
1
1
3
3
5
3
1
1
6
3
1
10
2
3
3
5
1
3
5
3
1
4
4
3
4
6
3
5
3
6
6
3
2
3
1
1
3
6
3
5
3
3
3
4
0
4
1
5
4
5
5
3
3
3
5
6
5
1
3
3
1
0
4
3
4
3
1
4
5
1
3
3
0
3
1
3
8
3
2
3
6
5
1
3
1
3
3
3
3
1
1
5
4
3
6
1
0
1
3
4
3
1
1
6
6
2
4
1
1
6
6
3
1
5
3
10
1
3
4
1
3
4
3
3
1
3
9
3
3
1
1
5
3
5
0
2
6
3
3
3
0
6
3
1
1
3
1
3
6
3
1
3
1
5
11
7
9
0
3
4
5
3
3
3
3
3
5
4
4
4
4
3
3
1
6
1
3
1
1
1
4
1
6
5
3
3
6
6
8
3
3
5
1
4
4
7
2
2
4
6
9
4
7
4
0
2
2
2
4
5
4
2
2
4
2
0
7
5
7
0
2
2
6
4
0
2
2
0
4
8
16
6
13
15
15
7
6
8
4
2
2
6
0
4
6
6
7
2
6
4
8
4
4
6
6
6
6
2
4
2
4
2
2
4
8
4
4
4
4
4
4
0
2
2
4
4
6
6
2
7
6
11
4
7
4
2
8
4
4
8
4
4
8
4
9
7
4
7
6
10
2
2
7
6
8
4
6
4
4
4
4
6
6
10
9
2
4
6
5
9
6
7
8
8
6
4
4
6
6
6
7
2
7
8
8
6
5
6
6
9
8
5
4
6
6
4
2
4
4
4
7
4
13
4
6
6
4
6
12
4
6
2
6
6
11
7
9
6
4
6
6
6
6
6
4
4
6
6
9
8
11
4
6
6
9
5
12
7
11
12
4
10
6
2
2
8
4
6
9
6
11
6
11
6
4
4
6
13
2
4
5
5
4
4
6
6
4
6
15
6
6
2
6
4
4
4
4
7
4
8
2
2
4
2
2
4
2
4
2
4
8
10
2
0
11
4
6
6
6
2
4
4
0
6
2
6
8
2
4
2
8
6
4
4
4
2
6
4
4
4
2
4
4
6
4
2
2
7
4
2
4
0
5
0
3
5
3
1
1
1
3
2
1
7
2
5
0
0
3
1
2
2
0
5
0
1
0
1
2
0
2
3
2
3
0
3
2
3
3
3
0
0
3
0
0
2
0
0
0
2
0
3
0
1
3
3
3
0
2
0
3
1
1
3
0
0
0
2
0
3
5
5
5
0
5
5
1
0
1
3
0
0
1
2
3
1
5
0
13
0
1
2
2
1
3
2
0
0
1
5
0
11
1
0
11
2
1
0
0
0
1
1
0
1
5
3
3
3
0
1
3
2
3
1
13
1
1
3
0
0
1
0
0
3
3
3
0
0
1
1
0
0
1
0
2
0
1
0
3
0
5
0
2
0
1
1
2
2
0
0
1
1
1
2
0
1
5
0
0
0
1
1
1
3
0
0
0
9
0
1
1
0
1
3
3
0
1
1
5
1
0
0
2
3
0
3
1
1
3
0
1
3
1
2
15
3
1
5
0
1
1
0
3
1
3
3
1
3
1
1
0
5
2
1
3
1
0
1
0
0
0
1
0
1
3
3
3
0
1
0
1
1
0
5
1
0
0
3
3
3
1
1
1
13
0
0
1
3
0
0
1
1
3
1
1
1
13
1
0
5
0
1
0
1
1
0
0
0
0
2
3
1
1
2
1
2
0
0
0
0
5
0
1
5
2
3
0
1
5
0
2
3
0
3
0
0
1
4
3
1
1
2
0
1
1
0
5
1
5
2
5
1
1
7
1
5
1
3
0
3
0
0
5
1
7
1
7
3
5
1
3
2
0
1
1
3
0
1
9
0
1
0
0
0
0
0
0
3
1
1
3
1
3
1
3
1
2
2
1
4
5
0
3
1
1
0
3
0
3
0
3
0
3
1
0
27
3
0
0
0
3
4
1
0
5
1
1
0
3
3
2
0
3
5
5
5
0
0
1
24
3
5
0
1
4
0
1
1
3
1
0
1
3
3
0
5
3
3
3
3
3
1
3
0
5
1
2
2
1
1
3
1
3
3
1
3
0
1
3
1
0
1
0
1
1
3
3
2
1
3
5
3
1
3
9
1
0
3
5
1
1
5
5
0
5
1
1
3
1
1
4
3
3
2
7
1
1
1
3
1
5
5
1
1
5
0
17
1
5
0
1
0
3
24
5
3
0
1
5
1
3
1
1
1
3
5
1
3
1
3
3
5
1
3
1
3
3
0
0
1
0
0
0
1
1
1
0
1
1
0
0
0
3
5
3
3
7
3
1
3
5
1
0
1
0
1
1
3
3
3
3
1
5
4
5
7
3
0
0
2
31
5
1
3
1
21
1
