4
66
0
2
0
4
6
79
4
0
12
6
0
0
2
0
0
6
4
0
0
2
6
4
0
4
0
0
2
4
4
2
4
0
0
6
0
2
0
0
0
2
4
2
2
2
0
4
0
0
0
0
0
2
0
6
0
0
0
4
0
0
0
4
0
4
4
0
2
0
4
2
2
0
4
0
2
4
0
0
6
2
0
6
2
0
0
0
0
6
2
4
2
0
0
4
2
0
2
2
0
0
2
0
2
0
2
6
2
2
0
2
2
2
0
0
0
0
4
8
0
4
6
4
0
2
0
0
0
2
0
8
2
2
0
4
8
2
0
0
6
2
0
0
2
2
0
2
0
4
0
4
0
4
4
6
2
4
2
2
4
0
2
0
2
0
6
4
6
6
2
2
10
8
2
0
0
2
4
6
4
2
2
0
4
96
2
4
2
4
4
4
8
2
2
0
8
0
6
2
2
0
6
2
2
0
0
0
4
8
2
2
4
0
8
0
95
0
0
2
4
0
6
0
0
0
4
4
0
0
2
2
2
0
0
0
2
2
0
0
0
4
0
0
8
6
2
2
0
2
8
0
0
0
0
0
0
0
4
0
0
2
6
0
4
0
0
0
4
6
6
2
0
2
4
0
6
4
0
2
4
0
0
0
2
0
4
4
7
7
7
5
7
15
13
2
3
9
9
7
5
7
13
3
5
5
3
5
5
13
3
3
3
7
2
5
2
3
3
9
3
15
13
2
13
7
7
5
5
5
5
9
19
11
5
15
7
13
3
11
7
3
5
5
7
5
9
9
13
5
7
3
5
3
5
11
23
11
9
15
13
7
11
13
23
11
15
21
11
5
9
9
21
17
13
23
9
9
7
17
9
11
59
25
19
23
5
11
9
35
21
15
13
9
21
13
21
13
17
11
9
7
15
11
7
9
13
13
11
11
9
13
19
21
9
7
13
17
15
13
13
13
13
15
19
17
29
15
17
17
17
43
11
9
9
13
9
15
5
15
27
11
23
13
15
21
7
19
11
19
7
11
15
37
9
9
11
15
15
15
13
25
3
9
29
29
11
5
23
17
25
15
7
11
5
9
7
15
51
27
23
13
3
9
7
25
11
9
13
11
31
15
3
11
27
17
17
21
23
19
15
9
11
13
7
15
15
7
13
9
9
9
23
29
5
11
21
11
13
39
9
9
15
7
19
11
9
3
7
7
23
9
13
7
9
3
5
15
7
15
9
9
11
7
2
23
11
9
13
7
9
5
7
19
7
9
7
2
5
9
7
5
0
13
17
7
15
3
3
9
3
13
7
5
11
5
0
0
2
0
2
2
0
0
2
2
2
0
0
1
0
0
0
2
2
2
1
1
0
2
2
4
0
0
0
0
4
5
0
0
0
2
0
5
0
2
1
2
0
2
0
2
2
0
2
2
0
0
2
0
0
0
0
0
8
0
2
2
0
0
0
2
0
9
0
3
0
0
0
0
0
0
2
0
0
0
2
3
3
4
2
0
0
4
0
0
0
0
0
2
4
14
0
1
4
2
4
0
0
5
2
7
1
2
3
2
2
0
0
6
4
2
2
1
4
7
0
0
0
0
0
0
7
0
1
3
0
0
2
0
4
4
10
0
0
2
2
2
2
0
4
2
2
2
2
2
2
4
0
2
0
0
2
0
2
4
2
4
2
4
0
2
2
0
2
4
5
3
0
4
3
2
0
2
2
2
2
0
0
2
4
2
4
2
2
0
2
0
0
0
4
0
2
0
2
6
0
0
2
4
0
0
3
0
2
2
2
2
0
0
2
4
2
2
0
0
0
5
0
2
3
2
4
2
0
2
0
2
2
0
0
3
0
1
0
1
3
0
2
0
2
0
0
4
0
0
0
0
3
2
0
0
0
10
0
0
1
0
0
4
0
0
1
0
4
0
1
2
0
0
4
0
0
4
0
2
4
0
0
0
0
0
0
2
33
27
0
0
27
26
0
22
17
15
0
20
26
21
0
0
16
17
0
19
20
24
17
25
27
32
0
9
19
19
0
0
17
25
0
23
25
18
21
0
30
0
23
0
19
36
0
15
15
31
29
35
22
0
21
16
41
0
17
21
22
0
38
0
28
37
24
21
21
2
34
0
18
23
27
0
10
21
15
0
32
23
22
0
19
16
27
18
11
13
16
22
16
0
24
19
0
25
22
15
0
24
29
18
15
0
16
15
0
0
18
28
0
21
0
41
0
16
0
16
0
0
0
0
0
18
0
0
20
0
27
0
28
23
11
0
0
18
26
0
0
0
0
0
0
0
0
0
0
0
19
17
0
0
27
37
17
0
56
19
11
11
0
9
51
18
28
0
2
0
26
16
10
30
0
32
16
0
0
0
0
0
18
18
0
0
0
0
20
0
0
13
0
11
29
13
0
19
22
35
0
14
0
20
0
11
0
14
17
17
25
0
21
20
0
14
23
24
0
27
19
16
0
19
22
23
22
0
26
29
0
16
0
25
0
28
52
17
0
10
19
0
17
51
0
16
0
24
30
35
38
25
12
0
39
17
0
0
8
23
17
0
18
36
48
0
24
22
18
0
24
21
0
0
29
22
22
17
19
17
0
0
24
45
24
15
26
15
2
0
2
0
12
0
0
2
2
0
0
2
2
2
0
0
0
0
0
2
2
0
0
2
2
0
2
0
0
0
5
2
0
2
2
2
0
0
0
0
2
0
0
2
0
0
2
0
0
11
0
0
2
2
2
2
2
2
1
2
0
1
2
0
0
2
4
0
0
2
2
2
0
2
0
0
0
0
2
2
0
4
0
0
0
1
0
0
2
0
0
0
2
2
2
2
2
2
2
2
0
11
0
2
2
0
1
2
0
2
2
0
2
2
1
1
0
2
0
2
6
4
2
2
1
2
0
0
1
2
0
2
2
0
1
1
2
1
2
2
0
2
1
1
1
0
0
10
1
0
0
1
0
1
1
0
1
0
0
0
1
1
1
0
2
2
2
2
0
0
0
0
8
2
2
2
2
2
2
2
2
11
1
2
1
1
1
2
2
2
2
2
2
2
2
2
0
2
0
0
2
2
2
0
1
2
2
1
0
2
2
0
0
0
0
2
2
2
2
0
5
0
1
2
0
0
2
1
2
1
1
0
0
2
2
2
2
0
2
0
2
2
2
2
1
1
2
2
1
0
2
1
1
1
0
1
0
1
2
1
0
0
0
2
0
1
0
2
2
0
0
2
2
0
0
1
0
0
2
1
1
0
2
4
0
2
1
0
0
2
4
2
3
5
1
3
2
1
1
1
2
7
3
5
3
2
4
7
4
2
0
2
4
0
3
0
4
7
2
2
2
0
0
7
1
0
6
4
2
0
2
1
2
2
4
3
4
1
4
0
2
7
9
0
3
2
29
3
5
0
2
2
1
2
0
2
2
2
17
0
4
4
5
4
5
2
2
4
1
13
3
4
2
4
5
4
3
4
0
0
2
4
5
4
4
3
4
2
4
2
2
2
2
5
4
3
4
2
7
2
3
4
2
4
2
2
8
0
2
0
0
2
2
4
7
5
3
4
0
2
3
3
0
4
5
1
0
6
5
2
2
0
0
2
4
1
1
4
2
7
0
2
1
4
2
4
4
2
0
4
1
0
5
15
5
4
5
5
2
2
2
2
4
19
4
1
5
5
2
4
0
1
1
0
7
7
0
3
3
2
2
6
0
4
0
2
1
0
0
0
4
3
3
9
0
0
1
7
2
5
6
7
5
2
0
1
0
5
2
3
2
4
2
3
0
4
0
2
4
17
6
2
1
1
2
2
2
3
3
1
2
2
5
0
2
5
3
4
4
4
5
2
1
3
5
1
5
4
4
2
2
4
0
1
3
1
2
3
2
5
3
13
5
3
29
2
3
6
7
2
2
1
1
6
2
3
8
10
2
2
8
8
0
6
14
8
4
8
0
6
2
4
6
2
97
10
2
8
10
10
6
12
8
2
6
6
8
0
6
10
6
2
4
2
2
10
10
6
2
12
8
10
6
2
2
2
4
2
14
2
0
4
6
97
8
8
0
6
4
2
2
2
2
0
0
2
12
2
2
2
2
2
2
2
2
2
2
4
2
2
2
97
2
2
59
6
2
4
2
2
0
2
2
2
0
4
10
10
0
4
10
8
4
6
4
4
2
6
8
2
4
4
57
6
2
10
2
2
4
6
4
8
10
4
2
4
2
6
8
8
0
10
0
2
2
4
64
8
10
6
0
8
14
10
10
4
4
6
6
8
6
6
8
2
0
8
6
10
4
10
2
6
8
2
2
6
2
6
12
8
4
10
2
12
2
8
4
4
2
2
6
0
2
2
4
8
8
8
2
4
8
6
2
0
6
10
4
8
6
8
12
95
6
2
2
8
2
10
8
2
4
2
10
4
2
4
12
8
2
2
8
48
0
6
8
6
8
4
6
2
8
0
2
0
6
2
0
10
48
10
6
8
2
2
6
8
8
6
6
4
8
0
0
8
4
2
0
10
0
2
4
0
8
0
0
8
8
6
6
10
2
0
2
6
0
8
0
2
0
8
12
8
4
6
38
38
38
38
38
37
40
39
39
38
40
37
38
37
38
40
38
40
38
38
38
28
38
40
25
38
35
38
38
38
38
38
38
38
38
27
37
38
38
38
37
38
38
36
38
38
38
40
40
37
40
39
40
40
40
36
37
38
38
38
40
38
38
38
40
38
38
38
38
38
37
38
38
38
38
32
40
38
40
38
37
40
40
40
38
38
37
38
38
37
38
36
38
40
40
36
40
40
38
36
38
38
38
38
39
38
38
38
40
37
29
40
40
39
37
36
38
38
38
36
40
28
38
40
38
38
38
39
38
40
38
38
36
38
38
38
40
38
36
38
38
28
38
34
38
40
38
40
40
40
39
35
28
38
34
36
38
38
38
40
40
38
36
38
39
29
38
40
40
38
38
39
26
38
27
37
38
38
39
40
38
37
38
38
38
36
38
38
37
38
38
37
40
40
39
39
35
40
39
28
40
34
40
39
40
40
34
28
37
38
38
38
34
38
37
38
38
38
35
38
40
40
38
40
40
40
38
39
35
39
38
38
38
39
38
40
40
38
38
38
27
38
38
40
38
38
38
36
38
38
38
36
38
40
40
38
38
38
38
39
27
38
40
36
37
37
40
38
37
39
39
38
38
35
35
37
39
39
37
37
40
39
37
38
39
39
38
39
12
6
8
8
25
23
8
15
29
9
23
10
27
10
21
10
17
14
12
25
15
17
25
14
18
14
19
21
58
8
14
25
12
10
25
23
21
8
25
10
12
16
15
49
14
15
14
27
10
11
12
10
19
33
19
13
54
27
14
13
19
21
6
4
35
41
41
17
15
12
12
15
19
41
11
21
11
31
19
23
29
21
30
10
23
19
22
54
23
17
21
17
34
45
52
27
29
32
15
39
14
21
33
24
16
17
42
40
10
29
21
27
35
58
16
35
27
31
37
11
47
47
31
23
40
31
35
27
48
44
21
11
25
23
67
66
76
45
23
56
25
33
25
28
54
35
50
27
21
11
54
47
19
25
18
34
29
21
75
21
40
51
41
10
21
24
29
41
31
23
37
27
32
19
31
42
14
23
33
7
12
39
41
43
15
25
60
16
35
10
13
11
21
25
31
27
12
39
27
28
15
53
19
19
19
19
19
19
4
12
17
10
6
4
17
17
4
19
8
12
15
21
15
17
15
15
10
10
6
12
12
15
8
6
10
10
8
11
15
12
8
4
19
6
11
10
6
25
15
9
8
4
6
8
4
13
21
11
16
9
11
19
19
19
9
14
8
19
8
24
12
11
16
6
10
13
13
30
12
21
12
9
19
19
16
25
19
17
0
0
6
2
0
0
0
0
4
6
2
12
2
0
6
0
6
8
4
4
6
0
0
0
2
2
2
6
47
4
10
6
2
0
6
29
0
6
0
2
0
2
0
2
0
7
0
0
0
6
0
2
0
56
2
4
0
0
2
0
0
4
0
0
2
2
0
6
4
0
0
0
0
4
6
6
0
4
0
4
0
0
2
0
0
8
6
0
2
0
6
8
0
0
0
0
2
8
2
0
2
6
89
6
6
0
4
4
6
7
0
61
0
0
2
7
2
2
8
0
4
2
2
0
0
2
10
0
2
2
10
4
4
10
2
0
0
0
2
4
6
0
0
0
6
8
8
8
47
69
79
6
6
0
67
8
90
2
6
0
8
8
10
0
6
2
64
0
6
2
0
6
0
6
2
61
0
4
8
2
8
0
6
84
2
6
6
8
2
33
2
8
8
6
0
0
0
49
0
0
4
4
0
0
0
2
6
4
0
4
6
0
2
29
0
6
0
0
0
0
2
6
85
2
0
0
0
28
0
2
59
6
7
12
2
2
6
2
2
2
4
6
0
0
4
6
4
67
0
0
2
2
0
51
4
2
23
0
6
4
5
3
2
2
0
0
2
25
6
4
8
6
0
4
6
69
0
2
0
6
6
0
0
6
0
0
8
6
