3
5
3
3
3
3
0
5
0
6
1
5
1
5
3
1
5
3
3
1
1
0
0
0
1
0
1
1
3
1
3
1
3
0
3
1
1
1
1
1
1
1
0
0
1
0
0
1
1
3
1
0
1
1
3
3
1
1
0
1
0
9
14
3
1
1
0
1
3
0
3
0
1
4
0
19
7
1
1
3
5
16
12
1
7
5
3
9
0
1
0
1
3
5
8
8
3
5
3
5
1
1
1
3
1
5
0
5
1
1
5
5
0
1
5
7
1
3
0
8
10
10
1
1
1
5
3
0
0
1
7
3
1
5
1
3
1
1
1
0
3
0
3
0
0
0
1
0
0
1
1
3
3
7
1
1
0
3
3
0
1
1
5
1
0
1
1
0
3
0
1
3
3
0
3
1
3
1
0
1
1
1
0
1
1
3
1
0
5
0
0
3
1
1
1
1
0
8
8
5
21
11
30
3
0
1
5
3
1
5
7
1
8
3
5
7
0
0
9
5
0
0
1
1
1
1
0
0
1
1
0
3
1
0
0
2
0
0
3
0
1
3
1
0
0
0
0
0
1
3
3
0
0
0
1
0
5
1
0
0
0
0
1
1
0
3
1
0
0
0
0
0
1
0
0
1
1
1
3
5
5
5
0
1
1
1
0
0
20
21
9
26
11
11
40
8
7
7
11
13
8
8
9
3
19
7
4
6
11
9
5
20
4
9
4
5
11
7
26
7
7
9
24
28
2
7
21
9
18
8
24
9
26
13
14
16
27
19
2
15
22
18
19
7
11
9
6
22
28
15
15
17
25
25
7
17
36
15
32
41
17
31
28
35
14
17
17
31
32
39
29
46
41
32
36
24
28
15
34
22
45
41
47
31
32
33
11
33
21
43
30
30
28
34
39
30
14
27
18
35
16
25
20
11
31
37
41
6
23
29
26
46
35
43
31
46
47
34
29
24
30
12
30
17
26
49
29
55
28
26
48
11
46
33
47
23
9
32
14
43
54
36
37
41
37
23
25
47
23
32
15
32
41
26
17
27
38
53
27
13
27
35
40
31
29
17
20
35
21
18
42
16
22
22
52
41
30
55
34
25
37
22
32
36
46
33
26
32
25
33
34
11
27
36
17
37
29
30
34
21
42
9
11
23
19
17
16
23
20
17
29
28
19
24
49
18
25
19
15
24
38
24
13
17
34
30
27
35
18
19
43
21
23
15
18
25
52
7
19
4
19
6
11
18
32
11
15
21
16
31
19
9
7
17
9
4
21
11
19
9
9
8
13
15
13
7
16
7
17
17
5
5
19
5
4
17
3
7
1
5
0
1
0
5
0
1
3
2
3
0
3
1
3
2
3
3
5
1
1
1
1
1
1
0
1
1
1
0
0
2
2
0
3
3
1
1
5
1
1
3
1
5
2
1
1
0
3
5
0
3
1
2
0
2
1
1
2
2
2
1
3
5
0
1
2
1
3
2
1
0
1
2
1
1
5
0
3
3
1
1
1
1
2
1
1
2
3
5
1
5
3
1
1
1
1
1
5
0
1
2
2
1
3
2
3
2
1
0
1
3
0
2
1
0
2
2
1
1
0
1
5
1
1
1
0
0
2
2
3
1
2
1
2
2
7
1
1
3
1
2
0
9
2
13
0
3
1
1
3
3
0
2
1
1
1
0
1
1
0
2
0
2
1
3
5
3
1
1
1
1
1
0
3
3
3
2
2
0
3
2
1
1
5
2
2
0
3
0
3
3
3
3
3
1
1
3
0
3
3
1
3
3
0
3
1
1
3
3
3
0
1
3
1
1
1
3
1
2
5
1
1
1
1
3
3
1
3
3
2
1
2
1
1
0
1
1
1
1
2
1
0
2
3
1
1
2
1
1
3
0
0
1
0
3
2
1
1
1
2
3
1
1
3
1
1
0
1
0
3
2
1
0
3
0
1
1
1
0
2
2
3
3
3
1
64
60
60
62
44
56
54
60
56
54
46
61
58
64
54
64
58
62
58
48
60
56
60
46
54
46
58
54
62
60
60
44
64
52
52
62
52
46
62
58
68
56
56
38
56
52
42
52
62
36
50
56
54
64
62
47
62
66
42
62
58
58
58
68
34
62
42
62
60
48
54
64
56
46
58
63
50
58
36
56
62
60
48
56
52
50
58
52
60
36
70
44
70
60
44
58
50
55
46
52
58
56
36
44
52
42
54
56
50
50
32
54
64
58
44
60
62
54
62
40
30
54
52
64
49
60
48
46
62
54
44
60
60
40
64
58
58
58
56
52
52
54
56
56
60
60
60
62
64
60
36
52
56
56
54
60
38
0
0
0
0
0
0
0
9
13
22
49
46
51
49
44
49
50
51
45
55
45
42
31
52
43
46
46
53
48
51
54
46
55
52
56
51
48
46
40
51
39
51
45
53
57
49
36
48
57
52
54
51
46
29
44
55
43
56
36
51
43
41
48
52
37
42
43
50
48
23
41
36
53
50
49
54
59
51
55
55
50
57
37
55
51
48
52
50
56
47
51
56
50
52
41
46
56
54
32
50
53
49
57
53
57
44
54
50
55
35
50
49
57
54
52
44
53
47
53
50
56
49
58
40
52
50
45
52
56
54
49
1
0
0
1
0
0
1
0
1
1
1
1
0
1
1
0
1
0
0
1
1
1
1
1
1
1
1
0
1
1
0
1
0
1
1
1
1
1
1
1
1
1
1
1
0
1
1
0
1
1
1
1
1
1
1
0
1
0
0
1
0
1
0
1
0
1
1
1
1
1
1
0
1
1
0
1
1
1
1
1
1
1
1
0
1
1
1
0
1
1
0
1
0
1
1
1
1
1
1
1
0
1
1
0
0
1
1
1
1
1
1
1
0
0
0
0
1
0
1
0
0
1
0
0
1
0
1
1
0
1
0
1
1
1
1
1
1
1
1
2
1
1
0
0
1
1
1
1
0
1
1
1
1
1
1
1
1
1
1
1
1
0
1
0
1
1
1
1
0
1
1
1
1
1
0
0
1
1
1
1
1
1
1
1
0
1
1
38
1
1
1
1
1
0
1
1
1
1
1
1
1
1
1
1
1
1
1
0
1
0
38
0
1
0
0
1
0
1
1
1
1
1
1
33
1
1
1
1
1
0
1
0
1
1
0
1
0
1
1
1
1
1
1
1
1
0
0
0
0
1
0
1
0
1
1
1
1
1
1
0
1
1
0
1
1
1
0
1
1
0
1
1
1
1
0
3
1
1
0
1
0
0
0
0
1
1
1
1
6
0
3
1
0
0
3
5
2
0
1
9
4
3
0
2
2
7
4
5
6
2
2
3
4
0
0
6
4
0
3
13
3
5
24
7
6
2
1
4
2
3
5
2
2
2
2
4
6
2
4
4
4
4
0
4
3
19
6
8
6
0
4
17
1
0
0
2
0
8
5
4
4
1
2
3
5
2
1
4
2
2
6
2
4
1
2
0
4
2
8
5
6
13
2
25
12
9
8
2
3
6
5
0
2
4
8
4
0
0
2
2
4
10
8
2
6
5
3
0
8
4
2
4
1
2
2
5
0
20
0
9
3
0
0
0
6
2
4
8
3
0
5
4
3
17
4
5
0
5
1
9
6
3
4
6
2
2
3
5
2
2
0
3
18
2
4
0
4
2
2
8
0
5
4
8
1
2
0
7
0
0
2
2
2
2
4
8
2
0
6
0
2
8
14
4
0
4
0
2
2
3
5
0
4
2
0
6
2
2
4
5
0
8
5
4
6
21
0
6
5
0
2
0
3
2
0
4
8
0
4
2
11
0
6
5
2
1
6
2
2
2
5
6
4
4
2
0
4
3
2
5
2
0
2
5
7
6
3
5
2
2
4
4
0
6
4
2
2
1
4
4
8
7
5
3
0
5
7
2
7
7
5
6
2
2
2
2
25
23
24
38
25
28
26
36
29
27
35
30
30
29
35
28
27
28
23
30
29
19
48
25
19
26
28
18
35
28
25
21
22
33
25
40
41
28
27
28
35
27
31
23
33
45
40
35
32
42
36
33
34
31
15
28
30
33
32
42
31
30
26
31
21
20
26
28
31
29
26
35
33
32
54
33
34
39
28
37
27
31
32
45
22
35
28
30
26
26
26
28
33
47
31
32
34
32
26
32
32
32
22
42
39
23
19
21
34
42
47
34
31
34
24
30
44
31
17
21
28
40
30
28
32
33
55
29
33
35
26
26
32
28
36
24
29
29
45
21
31
19
32
32
25
31
24
32
45
24
55
32
21
23
24
33
27
25
20
35
33
41
31
24
25
32
32
23
29
29
29
26
27
25
23
26
21
19
21
27
31
22
19
24
32
20
24
27
28
40
27
28
20
26
25
29
19
13
24
22
24
6
31
30
32
26
21
16
22
32
26
21
21
27
25
35
21
23
26
29
27
18
24
21
22
29
27
29
21
23
29
25
22
23
6
17
24
27
28
23
60
27
14
22
21
29
11
25
19
23
17
19
26
25
21
28
54
33
19
20
26
24
29
20
27
23
24
28
19
22
30
25
21
34
26
17
30
24
20
22
18
18
20
20
21
20
24
19
18
9
10
25
16
6
40
7
6
12
7
19
15
7
4
6
5
14
16
18
2
8
5
8
7
8
12
13
5
7
23
9
8
13
5
12
12
49
8
7
10
12
7
8
12
12
16
15
18
15
14
12
5
17
11
16
10
12
19
29
15
12
10
14
17
12
10
10
6
14
18
10
10
19
9
16
7
14
7
19
14
18
13
10
9
11
12
7
16
17
17
13
8
14
20
7
14
14
10
16
16
11
19
11
21
12
19
23
36
11
16
10
7
13
17
19
16
13
16
24
27
19
19
16
14
19
20
14
16
23
22
12
7
17
12
15
19
14
12
18
17
21
12
12
26
26
12
12
12
30
19
30
16
18
17
26
38
31
17
21
24
21
25
33
24
23
13
13
28
9
12
18
19
16
26
13
35
16
33
14
16
18
22
15
19
15
28
29
14
24
17
19
24
23
13
12
11
21
21
2
20
23
20
15
12
23
9
16
22
19
17
18
30
19
25
25
15
9
25
15
18
14
12
21
17
8
13
12
22
13
7
9
10
19
20
18
13
23
14
21
14
23
15
12
9
13
16
14
14
14
20
10
16
10
0
19
6
22
12
8
13
22
8
10
46
7
9
17
6
14
19
9
12
16
18
20
23
9
9
3
11
10
5
9
9
15
5
7
2
4
4
2
11
6
4
6
10
8
6
8
8
2
6
10
6
6
12
18
6
8
4
4
8
6
4
12
6
6
10
2
6
14
6
10
8
6
10
6
11
6
4
2
4
8
6
6
6
4
2
6
6
8
6
8
10
8
6
4
2
2
4
6
9
12
6
10
8
15
6
6
6
8
8
14
12
13
8
6
8
10
13
14
6
13
6
4
4
4
6
12
10
11
8
10
12
8
9
9
10
8
11
12
17
17
11
17
8
8
12
9
13
15
12
9
12
23
13
13
10
12
8
10
11
6
13
13
9
6
19
6
12
6
12
11
8
10
4
12
10
6
6
12
8
12
8
8
6
8
11
19
4
8
11
6
9
8
17
8
8
12
17
16
12
13
8
11
9
10
6
13
4
6
4
8
10
9
4
13
4
13
4
12
4
6
6
8
12
2
6
4
6
8
6
6
12
8
12
8
8
4
6
10
4
4
12
97
8
10
8
4
10
6
8
10
8
8
10
12
8
10
10
6
15
11
6
6
8
9
6
11
8
8
10
6
14
8
10
6
11
13
8
6
6
6
8
9
12
6
8
12
6
12
8
8
6
10
10
10
10
17
8
13
6
8
8
10
13
11
10
8
10
8
14
11
4
6
15
10
8
6
13
10
9
12
12
9
1
0
5
3
1
1
6
3
1
1
3
1
1
1
0
5
1
1
0
1
1
3
1
5
1
0
0
0
1
0
1
3
0
1
3
3
3
3
1
1
9
1
5
1
3
3
8
6
0
1
5
0
3
0
1
5
0
0
0
0
0
1
1
3
1
0
0
3
3
0
3
1
1
1
3
3
0
2
3
0
1
3
1
5
5
3
1
5
1
3
0
3
5
3
1
0
1
1
3
1
0
3
1
1
1
3
9
1
5
5
10
0
1
1
0
0
1
1
3
1
2
3
5
1
0
1
3
1
3
0
0
1
1
1
0
0
1
5
5
3
9
0
1
3
5
3
5
5
1
6
1
0
3
0
1
0
3
1
1
0
5
3
1
3
3
3
3
1
5
5
3
1
3
1
5
6
1
5
5
3
3
3
1
6
3
3
0
3
1
3
4
3
8
3
1
1
3
5
5
0
0
5
0
1
0
1
1
9
1
3
9
1
1
3
5
5
3
1
0
3
5
1
1
1
3
1
1
1
1
1
1
3
3
1
1
1
3
0
1
1
1
1
1
1
1
1
1
3
3
1
0
1
1
1
1
0
0
0
5
1
1
1
1
3
1
1
1
3
3
1
0
1
1
1
0
0
0
1
1
3
1
1
3
0
0
1
3
1
