73
69
75
76
70
76
76
68
78
78
77
77
76
70
76
78
78
77
76
69
70
78
79
77
69
77
78
71
77
78
73
77
78
79
78
77
78
78
76
77
77
79
78
72
78
79
79
76
76
78
77
72
65
77
72
78
70
78
77
78
72
77
77
76
73
76
67
78
76
78
77
76
68
78
76
76
70
77
66
77
77
76
77
78
78
72
76
78
76
78
76
78
76
77
76
69
74
77
78
77
77
78
74
75
78
76
77
75
77
77
78
74
73
65
78
75
77
78
77
74
77
76
77
77
78
71
76
71
77
78
75
71
72
77
78
78
77
72
73
75
78
77
69
77
76
77
78
78
77
76
77
78
78
78
77
68
74
76
78
73
70
73
78
77
75
76
75
77
75
78
69
76
69
74
76
71
78
79
70
78
76
76
78
78
69
72
79
78
74
79
70
69
67
76
69
77
69
78
69
77
57
73
76
76
76
72
75
75
75
71
67
77
72
76
78
76
76
77
79
75
76
77
77
76
79
77
78
73
77
76
76
71
63
77
73
78
78
71
78
77
75
78
77
69
72
77
72
77
78
69
78
76
79
72
78
71
78
77
76
78
75
77
78
77
78
78
79
72
68
78
76
77
76
72
77
78
78
78
77
77
77
66
77
78
77
77
71
77
0
0
0
2
4
0
0
0
0
2
0
2
0
0
0
6
0
0
0
0
2
0
0
4
0
0
2
2
2
4
2
6
4
4
0
2
2
0
2
4
4
2
0
2
4
2
0
2
0
0
4
2
2
0
0
2
2
2
0
0
0
0
4
2
4
0
0
4
2
2
0
2
0
0
2
2
4
4
0
0
2
0
0
2
0
0
4
0
2
0
2
2
2
2
0
4
0
2
2
4
0
4
0
0
2
4
0
0
0
2
2
4
0
2
2
0
2
2
0
4
0
4
2
0
2
4
2
4
2
2
0
2
0
0
0
4
2
4
0
2
4
4
0
2
0
0
2
2
4
0
0
2
4
0
0
2
0
6
0
0
2
0
2
2
2
2
0
2
0
0
2
0
2
4
2
6
2
0
0
2
0
0
2
0
4
2
2
2
4
0
0
0
0
2
2
0
0
2
2
2
2
0
0
4
0
2
2
2
4
4
4
0
0
2
0
4
0
0
0
0
2
2
2
2
0
2
0
2
0
2
2
2
2
2
0
4
0
0
0
2
0
0
2
4
0
2
4
2
0
2
0
2
0
0
2
4
2
0
0
0
0
0
0
2
0
0
6
2
2
2
2
0
0
4
0
0
0
0
4
4
2
4
0
0
2
4
0
0
8
11
11
7
11
14
7
11
8
9
11
12
9
12
10
11
11
9
8
6
2
10
6
11
9
7
7
7
12
11
8
7
12
10
7
9
9
15
8
6
6
10
4
8
4
6
10
6
4
8
8
10
7
8
7
13
8
9
7
14
8
7
12
8
10
12
6
9
6
8
9
10
5
6
10
8
7
10
10
10
8
10
6
17
9
11
13
11
9
10
10
9
10
9
11
7
7
11
10
9
13
10
6
16
13
9
12
4
20
12
2
2
15
2
0
4
16
2
2
7
18
0
0
7
2
2
8
24
0
0
2
8
0
2
17
0
0
2
16
0
2
0
4
0
0
14
0
0
22
13
0
0
12
4
0
0
4
4
4
14
0
0
0
11
2
0
4
17
4
0
15
2
2
0
12
0
2
14
11
0
0
18
2
0
0
29
0
2
12
16
0
0
4
0
0
0
19
2
2
0
19
2
2
16
0
2
2
15
2
4
25
17
2
2
23
0
0
4
9
2
4
0
2
16
25
0
2
4
18
0
0
20
2
0
6
13
2
0
2
9
6
0
16
0
0
2
0
2
0
10
2
4
13
0
2
0
17
2
2
14
2
0
21
19
2
4
16
16
9
6
5
13
16
22
5
4
13
8
9
8
8
0
11
2
2
17
16
2
34
23
51
31
42
27
34
56
47
32
43
36
0
45
54
44
46
53
24
39
36
27
26
33
47
26
36
48
54
51
36
39
33
46
33
57
34
47
28
18
43
62
36
41
49
30
33
51
23
31
25
27
52
50
38
37
50
52
14
46
41
37
53
26
51
34
45
40
31
27
33
35
33
41
57
24
44
44
53
39
23
40
44
30
35
49
34
21
33
26
51
43
44
51
51
32
35
32
38
17
28
35
18
36
49
39
35
49
46
37
41
48
31
57
28
54
54
35
38
29
57
40
36
37
37
21
40
34
35
32
36
32
27
48
37
56
35
21
31
33
32
54
15
32
43
25
22
38
28
58
42
30
56
29
13
40
35
53
36
35
41
53
27
48
43
52
34
33
47
41
30
27
30
27
29
30
29
43
39
46
41
31
54
45
57
31
36
37
48
54
32
48
33
41
39
40
29
29
42
35
23
38
35
57
46
25
51
29
27
41
34
22
34
47
58
47
24
38
34
37
33
50
36
24
32
27
20
30
30
37
28
41
37
27
19
47
54
37
23
28
41
27
39
27
21
32
28
25
44
34
38
37
29
49
26
24
32
24
42
39
23
28
33
33
45
31
27
40
26
19
34
36
32
33
44
34
51
37
27
22
37
22
25
30
36
56
48
36
0
2
4
0
0
3
0
0
2
1
2
0
3
0
3
3
9
0
0
1
1
0
5
0
0
2
1
2
3
0
2
0
3
3
0
1
1
2
1
0
1
0
0
2
0
8
5
0
1
2
2
2
1
0
2
2
1
0
0
1
0
0
0
2
1
0
2
16
0
0
2
3
0
2
2
0
2
8
4
2
1
1
1
2
1
1
3
3
1
0
0
0
1
0
2
0
3
0
1
0
0
1
0
0
1
0
0
0
3
1
5
1
0
0
4
4
0
1
1
3
0
0
5
0
3
1
2
1
2
0
1
0
11
2
1
1
0
2
0
1
0
0
0
0
1
4
0
3
0
0
1
2
1
2
0
0
1
7
0
2
0
0
3
3
0
2
3
0
3
2
2
1
0
0
1
0
0
3
0
0
1
1
2
1
1
2
2
1
1
0
3
1
5
0
0
1
0
0
1
1
3
0
3
1
0
0
3
1
2
0
0
2
0
4
0
3
0
11
3
3
2
1
1
0
3
2
1
1
0
0
1
0
1
3
3
0
1
3
0
2
3
0
0
0
1
0
5
1
0
1
4
0
0
0
1
1
3
0
0
0
4
3
1
0
3
1
1
0
0
3
3
3
2
0
0
0
0
1
3
1
0
1
0
1
0
2
0
1
3
3
1
3
2
3
4
1
3
3
4
3
4
2
8
4
4
1
3
3
3
2
2
3
3
3
2
3
3
2
1
4
3
1
3
3
1
2
2
3
3
2
1
1
1
2
5
1
1
3
2
1
1
1
3
2
2
4
2
3
3
3
2
3
3
3
2
3
4
5
2
5
4
5
5
2
3
3
3
2
1
2
1
3
1
2
2
2
2
2
2
2
3
3
2
3
2
3
2
2
4
2
2
2
3
1
2
2
2
2
2
1
4
1
2
5
2
3
3
2
2
3
1
3
2
1
3
2
2
1
2
5
2
4
1
2
2
2
0
3
1
3
3
2
3
4
3
2
3
2
1
1
2
2
2
1
1
2
3
2
2
2
4
2
1
2
2
2
3
3
4
5
4
4
2
3
4
3
4
5
1
3
3
2
3
1
2
1
1
1
2
2
1
3
2
1
4
2
1
4
2
1
5
5
1
4
2
1
1
1
3
1
3
2
2
1
1
2
2
5
2
3
3
4
3
1
3
1
2
3
1
1
1
3
4
3
4
3
3
4
4
2
3
3
3
2
1
1
5
1
1
4
2
2
2
2
2
1
1
2
3
3
3
5
3
4
3
2
3
1
2
4
1
3
3
2
3
2
3
3
3
2
4
2
4
1
1
3
2
4
0
2
0
0
2
0
0
0
2
2
2
0
0
2
2
0
4
2
0
2
2
0
4
0
0
0
2
0
0
0
14
0
0
4
6
2
2
4
2
2
6
6
2
4
0
0
0
0
2
0
4
0
7
2
2
0
0
0
2
0
6
11
2
0
0
0
0
0
4
7
0
0
9
6
2
6
2
4
6
3
2
4
6
4
2
19
2
2
0
2
0
2
0
2
2
2
0
2
0
2
0
0
0
0
4
6
2
10
2
0
0
0
6
2
2
9
2
2
4
11
4
4
2
3
7
2
0
2
0
8
4
4
0
4
5
2
0
0
2
0
0
2
4
4
4
6
2
2
2
4
4
2
5
4
8
0
0
0
0
13
2
6
6
0
8
6
6
6
2
2
6
4
4
0
2
0
2
0
2
4
3
11
6
11
4
4
4
13
2
2
4
4
7
6
8
6
9
2
4
7
4
2
7
2
0
5
2
2
4
4
23
2
4
2
6
4
0
6
0
2
2
4
2
4
0
2
0
0
4
9
4
14
6
4
0
0
7
4
2
2
2
2
9
4
0
4
2
0
10
0
6
0
2
2
6
0
6
8
15
2
0
0
4
0
4
7
0
9
7
4
6
0
2
2
4
0
6
11
0
2
13
0
2
4
0
2
7
6
4
4
7
6
8
7
8
6
7
10
4
6
7
7
5
5
8
5
4
10
9
9
11
6
8
7
7
5
3
8
8
8
8
8
8
7
7
5
7
5
8
6
9
10
10
9
8
6
7
9
7
7
6
10
8
6
6
7
7
6
5
7
7
5
5
9
7
10
4
10
10
5
4
8
4
7
4
6
9
7
8
7
4
10
7
4
5
7
5
8
8
7
7
9
8
8
9
7
6
7
8
6
7
6
9
9
9
5
5
5
7
5
7
7
7
6
6
10
4
3
6
6
8
7
7
7
7
7
8
10
6
7
8
4
6
7
8
5
10
9
8
5
8
6
5
7
3
8
7
10
8
10
7
8
8
5
6
8
7
7
6
8
8
10
8
5
8
7
7
4
6
5
5
6
7
8
7
5
8
5
6
7
7
6
7
11
5
5
10
4
4
5
9
5
5
7
6
8
5
4
11
9
6
7
5
5
4
8
6
5
10
8
8
6
7
3
5
5
5
8
4
8
8
4
5
5
8
8
6
7
6
5
8
8
9
8
9
6
8
10
12
5
6
7
6
7
3
3
7
8
5
6
6
7
6
6
5
7
6
9
8
6
9
7
10
7
10
8
8
8
9
10
8
9
8
6
9
9
10
10
8
7
5
7
12
7
2
2
2
2
4
0
0
0
0
0
2
0
0
0
2
0
0
0
6
0
4
2
2
0
6
0
0
0
8
2
2
2
2
0
2
4
2
0
0
0
4
6
2
2
6
4
6
2
0
2
0
6
4
10
2
0
2
2
2
2
8
2
2
6
0
2
0
0
0
0
2
4
4
2
0
4
0
2
6
0
2
0
2
2
0
2
0
4
0
4
2
2
2
2
4
2
0
0
4
2
0
0
4
2
2
0
0
2
4
2
2
4
2
2
2
4
2
4
2
4
4
2
2
6
2
2
2
6
0
2
2
6
4
6
0
0
0
4
2
6
2
0
0
2
6
4
0
2
2
2
2
2
0
0
2
4
4
8
6
4
2
6
2
2
4
0
2
6
4
2
0
2
10
4
2
6
4
4
8
2
0
2
2
6
2
0
0
6
2
2
2
4
4
0
4
0
0
4
2
2
0
4
4
4
0
4
6
6
4
0
0
6
4
2
2
0
0
0
6
2
2
4
4
2
2
2
0
4
2
0
8
10
4
4
4
4
2
0
0
6
2
2
4
2
0
2
4
4
2
4
6
6
2
6
0
4
4
4
2
4
2
2
4
4
2
0
4
0
2
4
2
6
2
2
6
2
2
2
0
2
2
0
2
4
4
4
4
0
0
0
5
0
1
5
1
1
0
0
0
0
0
3
7
3
0
0
0
5
0
0
0
1
0
1
0
5
0
0
0
0
0
0
0
0
0
3
1
0
3
0
18
0
3
5
0
0
5
1
3
5
5
0
0
1
1
0
3
1
3
0
3
1
5
96
5
0
1
5
0
1
5
7
1
5
98
1
1
0
1
0
5
0
0
1
0
0
0
9
0
0
1
1
0
1
13
1
7
0
0
9
0
0
0
85
0
5
3
0
5
7
0
1
54
1
0
15
1
0
1
24
0
0
1
0
13
0
13
3
7
5
11
11
0
1
1
12
0
1
15
0
0
3
7
7
7
6
13
5
1
18
7
9
81
9
7
1
50
3
1
5
5
5
7
5
3
5
1
7
5
0
9
0
64
5
1
11
1
9
1
3
14
1
7
1
13
5
1
0
1
85
8
1
3
22
0
11
3
9
28
50
5
1
9
11
0
5
16
3
1
3
9
7
32
9
1
0
7
0
5
7
1
1
3
9
89
0
5
1
1
5
1
0
5
5
3
97
3
1
4
62
7
3
0
0
1
8
1
3
47
3
1
1
55
1
0
3
1
0
7
3
0
16
1
0
1
1
7
0
45
3
7
3
9
6
1
1
98
1
3
5
7
5
0
10
8
5
