2
0
2
4
0
0
0
0
6
2
2
2
6
0
0
2
2
0
2
2
2
2
2
2
2
0
4
0
2
2
0
2
4
0
0
2
4
2
2
0
2
4
4
0
2
2
0
2
0
0
2
2
0
0
2
0
4
2
2
0
2
0
4
0
4
0
0
2
0
0
2
0
2
2
2
4
0
2
0
4
0
6
4
2
2
2
2
2
0
0
2
0
0
0
0
2
2
0
2
4
2
4
2
2
0
4
2
4
0
2
4
0
2
4
2
4
2
2
2
2
2
0
0
0
0
0
0
2
2
2
4
0
2
2
0
0
0
2
0
0
0
2
2
0
4
2
2
2
0
0
6
0
2
2
2
2
2
2
0
0
2
0
2
2
0
2
0
0
2
2
0
0
2
2
2
3
0
2
2
0
8
2
0
2
2
0
0
4
2
4
2
0
4
0
4
2
0
0
0
2
0
4
2
0
0
0
0
0
0
2
0
0
0
2
0
4
0
2
2
0
2
4
2
0
0
2
2
0
0
2
2
4
4
0
0
4
4
2
4
2
0
2
0
2
2
2
0
0
2
0
2
0
2
0
0
0
2
2
2
0
0
2
2
2
2
2
2
0
4
2
0
2
0
4
0
2
0
2
0
2
2
0
0
2
2
0
0
4
6
10
12
2
2
12
8
0
8
8
12
10
6
8
2
4
6
2
6
6
6
16
2
2
2
6
4
0
2
0
6
4
0
8
4
4
8
6
6
16
14
14
14
4
4
9
4
4
16
2
4
6
14
8
2
8
14
6
10
4
6
6
4
8
4
14
4
8
6
6
6
10
10
10
12
6
12
6
8
10
7
7
6
4
14
8
6
12
21
10
14
14
13
17
9
4
12
12
14
10
8
10
4
16
4
8
4
6
18
12
20
10
10
10
10
6
4
8
4
8
8
8
12
12
8
11
12
14
14
2
6
6
9
10
8
4
10
12
6
21
4
31
6
20
21
25
20
6
6
10
20
8
8
4
12
41
25
10
8
18
8
29
21
10
6
43
16
16
6
6
27
27
8
10
14
29
6
14
23
6
17
6
8
6
6
8
14
21
8
14
7
14
4
6
16
10
18
14
14
6
12
12
4
16
5
4
18
14
8
8
24
19
12
25
4
10
10
38
21
4
14
4
23
19
8
18
21
18
14
10
18
14
6
4
6
10
14
10
4
10
13
14
8
10
12
4
14
25
6
8
2
10
6
2
4
10
4
14
8
8
8
4
6
2
2
4
0
6
4
14
6
4
4
6
2
10
31
8
10
2
8
4
2
10
16
4
8
4
0
0
2
4
2
8
0
4
2
2
4
0
92
0
4
0
0
2
0
0
4
6
0
2
2
2
6
2
0
0
2
2
4
0
2
0
0
4
8
0
4
2
0
0
2
4
0
4
2
0
4
4
0
0
4
0
0
2
2
2
0
4
8
0
2
0
0
2
4
0
2
2
0
0
2
0
4
0
2
0
4
6
2
0
2
0
0
0
0
2
2
4
0
2
0
2
2
2
0
2
4
6
4
4
0
0
4
6
4
2
0
2
6
2
2
2
2
4
0
2
0
2
0
0
2
2
0
2
0
0
2
2
0
4
2
2
4
0
4
4
0
33
0
2
2
2
0
0
0
4
2
4
2
2
0
0
0
4
8
0
2
2
0
4
2
0
2
2
2
0
2
0
2
4
0
0
0
0
2
6
2
2
2
0
4
0
0
0
2
6
2
4
0
0
2
2
8
0
0
4
4
6
2
2
0
0
0
0
2
0
2
0
2
0
2
4
4
2
0
0
6
0
2
0
0
2
2
0
4
6
0
0
4
2
2
2
0
2
2
0
4
0
0
2
0
0
4
6
0
2
0
4
2
2
10
2
2
2
8
2
6
2
2
0
4
2
2
2
0
2
0
2
2
0
0
0
6
4
0
0
0
2
0
0
10
0
2
2
4
9
6
7
9
9
14
4
2
13
9
20
10
6
7
11
4
13
0
19
4
31
17
13
6
11
4
2
6
17
6
11
17
11
9
15
11
16
4
7
10
6
7
9
41
13
5
7
15
8
17
9
5
11
20
22
9
6
17
22
6
13
20
19
11
6
15
9
13
9
11
18
6
7
7
13
7
15
18
7
0
24
16
19
15
59
7
30
7
7
24
6
15
9
6
25
11
9
12
7
8
9
17
13
17
19
21
9
11
6
17
7
2
9
15
19
17
17
17
6
13
6
26
22
17
19
9
21
19
19
15
36
22
14
17
13
9
15
30
20
5
19
16
18
24
14
39
19
16
6
32
25
38
15
13
22
20
28
21
24
26
29
0
9
22
39
13
37
11
46
28
38
7
9
19
11
32
13
17
27
7
25
9
14
14
22
7
31
31
12
21
20
27
17
39
32
18
26
8
47
9
14
0
14
22
21
28
23
17
5
24
9
27
6
10
34
13
2
19
35
19
25
5
25
15
15
11
13
38
2
26
44
8
4
9
22
7
7
0
18
20
24
18
19
11
22
7
7
14
11
22
4
23
11
4
13
19
6
13
15
0
11
15
9
8
15
24
2
9
19
18
15
22
13
9
3
21
15
4
9
7
6
9
11
4
9
11
15
1
1
1
1
1
2
1
0
2
0
1
1
0
0
0
1
1
3
1
1
1
1
4
1
2
2
3
2
4
1
1
2
1
3
1
1
1
1
2
3
1
3
1
1
1
4
1
1
2
2
1
1
0
2
1
1
2
0
5
3
1
0
0
0
1
0
1
8
0
1
0
0
1
1
3
0
7
0
3
0
0
1
0
0
1
0
1
1
6
1
1
0
0
1
1
4
2
2
0
4
4
3
2
3
0
3
2
1
1
7
2
0
1
1
1
1
1
2
0
4
1
4
1
1
6
1
0
4
4
0
2
1
3
0
1
5
1
4
2
2
1
0
3
2
1
1
2
0
1
1
1
0
1
1
3
0
0
1
3
1
0
0
4
0
0
1
1
0
1
1
0
1
1
1
2
1
0
1
4
0
1
0
2
1
0
1
0
1
0
0
1
1
1
3
1
0
0
0
0
1
0
1
1
1
0
2
0
0
1
1
1
1
2
3
1
1
0
1
0
3
3
0
2
4
1
1
0
1
1
5
0
0
1
1
0
0
1
1
1
5
0
0
3
3
4
1
0
1
1
2
0
0
1
1
3
5
8
1
1
3
1
1
1
3
2
0
0
1
0
7
1
2
0
0
9
4
0
1
0
0
1
1
1
0
2
0
0
0
13
13
13
13
11
13
11
13
13
13
11
11
13
9
11
11
11
13
13
11
13
15
13
13
13
9
15
11
11
13
11
13
13
13
11
11
13
9
13
11
13
11
11
13
13
8
11
13
13
11
13
7
13
9
13
13
15
11
11
11
10
13
13
11
13
9
13
13
11
11
11
11
9
11
13
13
13
12
13
13
13
12
13
11
11
13
13
9
13
11
13
7
11
11
7
12
13
11
12
13
13
13
15
15
11
11
7
13
13
13
13
13
15
13
13
11
15
14
13
15
11
15
13
13
11
13
13
13
13
12
15
13
9
11
8
11
13
9
13
13
11
13
13
13
13
13
11
13
13
11
13
13
13
9
11
13
13
11
7
11
13
13
11
13
11
9
13
13
13
7
11
13
13
11
13
11
11
13
13
13
13
11
13
13
13
11
13
13
13
13
11
15
13
11
13
13
13
15
13
13
11
13
13
13
13
13
11
13
13
11
13
11
13
13
13
13
13
11
13
13
7
9
8
11
11
13
13
13
13
13
11
13
13
13
11
13
13
13
13
13
11
13
15
13
13
13
13
9
13
11
13
10
13
11
13
11
11
11
11
13
13
11
13
9
13
11
13
11
11
13
13
9
13
13
11
13
13
11
13
13
13
9
13
11
11
13
13
13
10
4
14
12
14
10
8
16
14
8
10
10
10
10
6
14
22
20
8
18
8
12
10
12
16
4
10
4
18
12
16
16
38
6
8
4
12
2
12
16
14
14
8
6
2
20
14
14
8
18
16
6
99
6
10
8
12
16
6
22
20
16
6
10
6
10
8
18
2
18
6
14
12
8
14
8
20
10
4
22
16
20
12
14
4
12
28
6
10
16
12
14
24
8
8
8
16
10
14
12
6
6
6
12
12
4
2
22
12
4
22
14
12
12
16
6
4
22
10
6
18
8
22
8
24
8
16
16
10
6
12
18
12
12
4
16
8
14
14
22
22
4
12
16
8
6
14
8
6
12
18
6
12
18
16
6
8
20
20
14
8
8
10
16
16
12
14
12
12
14
22
14
62
10
16
4
18
14
20
8
6
16
14
6
12
14
12
14
22
4
8
22
12
4
12
12
10
4
10
16
10
8
14
12
0
4
8
18
8
14
16
8
6
12
12
20
8
12
14
8
6
20
8
14
10
10
12
16
16
18
6
16
8
14
26
14
6
12
10
4
10
12
22
12
18
10
8
12
20
8
6
4
4
16
10
10
16
12
6
22
10
18
14
16
20
14
12
20
18
14
8
10
10
6
18
4
6
10
8
8
16
8
10
20
6
6
10
14
2
7
5
5
0
2
7
2
0
7
2
7
7
2
0
0
2
7
7
7
2
2
2
9
0
7
7
0
2
7
0
9
0
5
0
7
0
2
0
0
2
4
3
9
2
7
2
7
2
0
5
2
0
7
0
0
0
2
9
0
5
11
9
0
0
7
2
2
0
0
3
2
0
2
0
2
0
9
0
5
7
3
2
9
5
2
0
2
1
7
7
9
0
0
7
0
3
0
0
2
7
0
5
2
0
0
5
0
1
2
3
9
5
2
5
2
5
0
5
0
9
4
2
11
11
2
7
2
0
0
9
0
2
0
0
2
0
9
2
0
7
5
5
2
0
0
0
4
11
2
5
2
2
0
5
2
2
7
9
0
7
0
2
2
0
0
0
0
0
0
2
7
2
5
0
2
7
5
0
5
7
2
5
11
3
0
4
0
0
5
9
5
0
7
2
5
5
2
0
5
0
7
0
7
5
0
9
5
2
0
7
0
0
7
0
2
0
0
0
7
2
7
2
2
0
9
2
2
2
0
0
0
11
4
4
0
1
2
0
9
2
4
2
0
2
2
0
4
5
0
0
0
1
3
2
5
9
2
0
5
0
4
2
7
0
0
2
5
3
7
0
2
0
7
7
2
7
2
9
9
0
4
2
4
7
2
0
5
4
4
10
6
2
8
4
2
0
8
4
2
4
0
7
8
2
2
2
10
8
0
0
4
4
0
2
0
8
2
8
0
11
2
8
9
4
6
2
2
6
4
2
0
2
2
2
10
4
6
2
4
2
5
6
0
4
7
2
2
4
2
8
8
2
8
6
4
2
8
8
4
8
4
2
10
8
2
2
4
8
6
4
2
63
4
10
10
4
10
8
2
15
6
2
5
6
7
2
8
0
2
97
4
10
5
4
6
6
13
15
13
13
6
2
8
2
2
6
2
2
6
4
10
11
10
65
2
2
4
49
3
5
6
2
12
6
6
4
2
8
4
4
4
39
4
2
11
6
2
4
4
4
75
8
4
4
4
2
6
4
6
4
2
15
4
6
7
5
52
2
8
8
6
3
2
2
5
3
4
4
7
4
4
6
4
4
2
6
48
2
2
4
0
1
1
7
1
4
18
4
2
2
30
4
5
56
10
4
6
4
4
8
4
4
4
3
0
4
2
15
68
2
0
4
4
32
4
4
6
26
9
2
69
5
10
40
5
4
14
28
6
22
4
20
9
21
25
33
35
2
2
9
4
33
2
6
3
2
33
2
5
11
3
0
6
0
3
4
6
2
5
2
3
2
32
5
2
31
2
2
30
2
2
0
2
2
0
37
70
25
56
53
32
22
9
13
50
22
24
41
52
26
10
9
35
84
43
30
26
34
25
30
82
37
26
25
20
35
47
17
79
24
39
13
33
20
17
44
20
23
81
22
29
58
7
93
26
48
23
42
69
16
18
58
15
22
24
25
20
39
48
37
74
9
29
20
72
11
17
29
25
35
24
37
27
76
7
80
28
35
13
38
4
26
24
30
27
19
32
34
21
29
25
31
16
64
33
20
33
35
34
77
26
29
19
54
21
39
18
53
82
26
56
69
22
59
34
26
12
36
71
29
65
77
34
22
17
32
45
12
28
16
64
18
13
17
79
99
56
24
55
13
89
74
34
90
43
46
15
11
17
19
18
19
26
21
22
40
24
23
11
5
31
38
17
0
0
0
0
0
0
0
0
0
0
0
0
0
0
0
0
0
0
0
0
0
0
0
0
0
0
0
0
0
0
0
0
0
0
0
0
0
0
0
0
0
0
0
0
0
0
0
0
0
0
0
0
0
0
0
0
0
0
0
0
0
0
0
0
0
0
0
0
0
0
0
0
0
0
0
0
0
0
0
0
0
0
0
0
0
0
0
0
0
0
0
0
0
0
0
0
0
0
0
0
0
0
0
0
0
0
0
0
0
0
0
0
0
0
0
0
0
0
0
0
