21
11
7
19
6
17
8
7
8
14
9
21
8
13
13
11
15
6
6
17
11
13
5
8
21
8
6
6
4
13
7
21
4
6
21
13
32
9
13
17
8
9
3
6
6
4
8
28
6
13
17
9
9
37
11
8
11
15
15
6
9
13
6
4
4
15
15
13
9
30
21
9
17
8
8
9
13
13
15
9
10
6
23
13
17
28
8
21
15
13
21
13
6
14
13
13
13
4
11
15
11
20
19
10
10
13
11
6
16
8
14
5
24
11
15
13
11
7
21
19
17
6
9
9
19
9
18
13
9
17
9
7
13
17
17
27
29
6
23
13
17
19
22
21
7
35
11
25
11
17
19
24
17
6
17
24
30
13
17
8
20
6
13
17
34
8
11
17
8
18
9
19
11
12
22
9
20
13
14
24
6
20
9
28
21
11
13
9
26
15
15
19
20
7
6
26
18
23
25
9
25
23
7
9
21
26
15
17
16
21
16
17
18
21
26
7
8
17
11
15
18
16
9
13
8
11
8
8
5
11
13
15
10
4
19
4
6
11
7
4
5
9
4
7
7
9
6
9
2
8
7
15
11
6
2
4
8
4
6
11
9
5
8
6
4
5
15
2
2
11
6
2
11
4
4
2
9
15
10
9
8
4
4
4
8
2
7
7
2
2
4
5
3
2
4
2
4
4
2
4
4
4
4
2
4
4
2
4
2
46
2
2
4
2
3
5
4
0
2
2
0
2
2
2
2
4
2
2
4
0
6
0
0
34
2
7
4
1
5
2
2
4
4
4
4
4
13
7
2
0
2
6
5
4
60
7
5
48
0
0
25
2
3
2
4
2
2
2
0
0
2
4
1
2
0
6
2
2
4
4
2
2
2
5
0
7
2
2
0
2
2
14
4
70
2
14
2
0
0
4
2
4
0
0
5
2
2
2
3
6
2
2
2
4
2
50
2
0
39
2
2
9
2
2
2
11
16
0
3
0
2
2
5
2
4
4
4
2
4
4
3
17
0
0
2
2
0
0
4
0
4
2
0
2
6
5
2
2
0
4
2
0
11
3
2
2
2
4
2
4
2
10
5
2
5
2
2
4
0
2
0
2
29
2
4
2
4
2
4
6
4
2
1
4
4
36
2
8
2
9
5
6
0
0
0
2
0
2
2
2
2
2
2
2
6
3
2
12
0
2
0
4
2
4
2
4
4
0
4
6
0
5
4
2
4
0
4
2
2
4
2
4
2
0
0
2
4
2
4
14
2
6
0
3
0
0
4
2
36
6
2
4
4
4
2
2
0
1
2
4
6
4
4
4
4
4
51
45
34
27
30
28
25
30
26
37
57
31
41
14
23
31
33
11
23
18
34
11
25
56
32
12
34
25
42
20
20
28
20
11
27
28
36
16
24
48
30
12
16
21
27
33
40
15
19
52
41
20
5
14
27
19
19
24
16
21
14
20
48
10
14
21
13
11
54
19
18
23
27
15
12
23
25
27
16
30
20
14
93
23
31
55
55
32
40
18
20
30
55
28
46
26
39
32
40
30
57
46
18
32
22
32
37
28
61
12
27
45
21
49
34
15
24
34
28
25
36
15
33
23
64
66
53
29
49
37
31
57
50
20
39
30
34
50
34
50
19
38
21
18
48
55
12
48
39
30
56
33
45
35
26
30
41
62
53
42
37
26
23
36
34
39
18
28
45
26
51
45
45
46
49
30
27
17
51
23
23
26
21
29
50
30
34
27
31
31
60
25
25
33
31
30
43
34
41
52
43
27
31
19
25
52
21
32
2
26
36
21
45
19
27
46
18
28
20
24
33
24
29
8
18
20
29
31
25
33
22
25
11
30
29
26
15
26
42
33
25
18
19
14
40
28
23
17
23
4
12
23
5
11
7
10
7
16
6
9
6
9
28
22
3
9
8
5
9
7
11
3
0
9
6
18
5
0
6
13
5
9
5
14
5
4
11
12
4
2
2
0
0
0
0
2
0
0
0
0
0
2
0
0
0
2
2
0
2
0
4
0
0
2
0
0
0
0
0
0
0
0
0
0
0
0
2
0
0
0
0
0
0
0
0
2
2
0
0
2
0
2
0
0
2
10
4
4
6
2
4
2
0
4
2
2
2
4
4
0
6
4
2
2
6
6
10
6
4
4
2
2
2
2
2
2
4
2
4
2
0
0
2
2
0
0
4
2
2
2
2
2
2
2
2
2
2
4
0
2
6
2
6
6
0
4
4
20
6
4
4
2
2
4
4
2
4
2
0
4
0
4
4
2
0
2
6
2
0
0
4
2
2
10
2
4
8
8
2
10
4
2
2
4
0
2
10
2
4
6
4
0
4
4
6
4
2
2
4
4
8
0
0
0
2
2
6
0
4
2
2
2
2
2
2
2
4
6
2
4
4
2
0
8
4
8
6
2
2
4
2
4
6
6
4
2
8
4
6
4
4
4
2
2
0
4
0
4
0
4
4
2
2
8
2
2
2
2
4
0
2
4
2
4
4
6
2
2
4
2
2
2
0
2
4
2
4
6
4
2
2
6
0
6
2
4
0
4
4
2
0
6
6
2
2
2
4
6
0
6
2
4
6
0
0
2
4
4
0
6
0
0
4
6
2
4
13
17
17
3
17
15
13
23
7
9
13
9
7
9
7
7
5
11
17
9
3
3
25
11
9
11
3
9
7
5
15
11
11
11
7
17
11
13
5
7
3
19
7
11
23
13
9
7
11
21
7
7
3
11
7
19
9
9
7
5
3
15
5
7
11
7
2
9
9
11
5
5
9
9
11
9
11
13
11
9
7
17
7
9
9
13
13
7
9
11
17
3
19
11
11
11
9
11
23
7
13
11
15
13
17
9
19
7
13
7
7
5
13
13
11
9
9
27
17
9
7
3
17
17
13
9
11
11
15
9
11
13
15
5
9
9
5
7
11
11
19
17
15
5
13
5
5
11
21
5
7
15
27
5
9
29
7
23
5
11
5
3
21
7
29
11
17
15
7
11
23
13
7
15
7
15
15
21
3
13
31
7
25
5
13
3
13
11
15
9
11
9
13
19
15
13
19
3
15
21
9
27
9
3
15
15
9
7
11
11
21
13
17
15
11
9
25
13
7
7
21
27
23
5
3
21
17
5
9
5
9
7
19
21
7
5
21
7
13
15
15
3
11
9
9
7
31
13
7
5
11
25
7
15
9
17
5
23
15
3
15
9
5
13
13
13
11
25
17
7
17
7
7
9
13
13
19
11
7
7
13
21
23
15
9
13
23
7
4
2
2
0
6
8
15
7
6
2
4
4
6
4
0
4
8
4
6
4
8
2
89
4
2
6
4
2
2
2
13
6
6
6
2
2
23
10
8
4
2
4
29
2
4
2
8
0
0
0
21
0
6
5
0
0
2
2
2
8
0
0
0
4
0
0
0
20
2
0
0
0
19
0
2
10
0
0
0
0
2
0
2
21
7
0
0
6
0
0
2
8
2
10
23
0
4
2
2
0
0
8
2
0
0
0
0
0
9
2
6
0
6
0
6
0
6
4
2
2
2
2
2
0
6
0
0
4
4
0
0
21
10
0
4
0
0
0
0
0
0
4
23
0
85
0
20
0
2
0
2
0
2
10
2
2
2
23
27
8
2
2
0
4
6
0
0
2
2
0
6
0
0
2
0
10
8
0
8
4
0
96
0
4
2
6
4
4
2
9
4
4
0
2
2
0
0
0
2
8
0
0
0
2
2
4
2
2
2
0
2
6
0
2
0
4
0
6
8
10
8
8
0
27
24
4
0
0
9
4
5
5
2
2
6
4
2
2
2
2
6
21
0
2
2
0
8
6
0
6
2
6
6
2
4
8
0
6
2
4
8
8
0
2
2
8
0
0
2
10
6
4
4
8
6
6
0
2
0
2
2
4
78
2
0
0
0
7
0
0
0
0
2
0
0
2
0
0
2
0
0
0
0
0
0
0
0
0
0
2
0
0
0
0
0
0
0
0
0
0
0
0
0
0
0
0
0
0
0
0
2
0
0
0
2
0
0
0
0
0
0
2
0
0
0
0
0
2
0
0
0
0
0
0
0
0
0
0
0
0
0
0
0
0
2
0
0
0
2
4
0
0
2
0
2
0
0
0
2
0
0
0
0
0
0
0
2
0
0
0
0
0
2
0
4
2
4
4
4
2
0
0
4
4
2
2
2
2
2
4
0
0
2
0
0
2
4
2
4
2
2
4
4
2
0
2
0
2
2
2
2
0
2
0
2
2
4
4
2
2
0
2
2
0
2
2
2
2
2
2
2
0
4
4
2
2
4
2
2
2
2
2
4
4
0
2
2
2
4
2
2
0
2
6
4
4
2
2
2
2
2
2
2
2
2
2
2
4
2
0
2
2
4
0
2
4
2
2
4
4
0
2
2
2
2
4
2
2
2
2
0
2
0
4
4
2
0
6
2
2
0
2
6
2
4
6
0
2
2
2
0
0
0
4
2
4
2
2
2
4
0
2
2
4
0
4
2
2
0
0
0
2
0
0
2
2
0
0
0
2
4
2
4
0
2
2
2
0
4
2
2
2
2
0
2
4
0
0
0
2
2
4
2
2
2
0
0
4
2
0
2
2
6
2
2
2
2
2
4
2
6
6
2
0
0
2
2
4
2
6
4
4
4
2
0
6
2
13
4
0
2
2
2
2
0
4
0
0
2
2
4
2
4
2
2
0
2
2
7
6
2
2
2
0
2
0
2
4
2
2
0
2
0
2
2
0
4
4
2
0
0
4
2
4
0
3
4
2
2
4
2
2
0
2
0
0
6
0
2
0
4
2
2
0
4
0
2
2
0
0
0
4
2
0
0
6
2
2
4
4
0
0
4
2
2
4
2
2
0
2
9
0
2
0
2
6
2
6
0
2
2
2
2
7
2
0
2
2
7
2
0
0
2
4
2
4
2
0
7
2
0
0
4
2
2
6
0
2
4
2
2
4
2
4
2
2
2
0
2
4
2
0
4
0
2
2
4
2
4
4
0
0
6
2
2
5
0
0
0
2
0
2
2
4
0
0
2
2
0
0
0
2
0
0
0
2
4
4
2
6
2
4
2
4
2
2
0
4
2
0
0
0
2
2
0
0
2
0
9
2
2
2
2
0
2
0
2
0
2
2
2
0
0
2
4
0
2
0
4
0
0
0
2
2
0
0
6
0
0
6
2
2
4
0
2
0
2
0
6
7
4
4
2
2
8
0
8
4
4
8
6
2
6
4
4
4
4
12
6
6
6
8
8
6
6
4
9
11
15
8
2
8
4
4
4
6
8
4
8
4
9
4
8
6
8
4
9
10
6
8
10
6
14
6
10
6
6
6
9
6
11
10
10
15
8
12
6
11
6
15
13
10
7
8
10
6
11
10
13
6
8
6
9
14
9
10
6
10
6
6
5
14
6
6
11
6
7
6
6
6
11
6
13
8
4
10
12
8
4
10
2
8
4
9
4
2
8
10
6
8
7
8
5
8
9
4
8
13
17
4
11
2
11
15
10
8
9
6
9
9
6
12
13
10
4
4
6
11
7
14
9
7
4
4
4
6
9
8
8
6
13
11
6
6
6
6
8
9
9
8
8
10
8
11
12
9
10
2
8
6
6
8
6
10
4
8
4
15
10
10
13
8
8
10
6
8
8
6
15
12
6
4
6
8
6
4
10
13
22
9
8
9
10
6
19
6
13
11
15
4
7
9
8
7
15
9
15
10
16
4
6
4
9
9
8
4
5
6
6
5
6
4
9
11
4
9
8
11
9
9
9
8
9
2
9
13
6
11
6
15
11
4
11
7
6
4
4
4
4
4
6
17
8
4
6
6
4
8
4
4
6
4
7
7
8
9
9
6
11
4
8
8
42
7
1
27
11
13
1
15
3
5
5
1
3
3
9
15
5
23
11
7
5
17
17
3
13
21
7
7
2
3
5
17
3
27
31
9
0
15
9
1
9
3
17
2
5
3
5
29
0
3
35
9
3
3
5
2
11
11
0
7
5
0
7
3
25
33
42
0
2
2
3
3
2
3
13
3
2
19
9
0
0
17
15
9
3
15
9
2
3
3
2
0
21
9
11
3
5
0
5
23
5
37
2
5
37
5
2
5
5
2
13
3
5
7
21
5
17
2
19
9
0
19
0
7
5
2
0
3
15
9
3
15
2
3
31
5
0
15
2
2
2
3
5
3
5
0
9
1
3
1
5
13
1
2
21
5
23
11
3
3
5
0
13
1
17
5
3
7
15
2
5
23
3
3
31
2
13
15
9
2
2
9
25
5
2
2
5
2
52
19
9
5
2
1
2
11
5
3
68
5
3
11
13
36
9
0
3
7
2
2
9
2
19
5
1
3
1
3
9
13
9
15
7
19
11
2
5
2
0
44
3
11
3
2
3
79
3
11
21
5
15
3
2
72
62
13
11
40
7
11
5
33
2
3
17
17
43
25
54
2
3
11
11
9
3
9
11
42
9
17
17
42
2
2
3
3
13
9
9
5
5
13
2
7
5
9
5
2
