10
16
10
8
11
6
6
11
12
6
8
2
8
6
8
4
12
10
0
11
6
4
6
0
2
23
8
18
10
4
12
8
2
2
6
6
0
6
12
6
8
2
6
8
4
6
6
0
8
6
8
8
2
2
6
10
0
12
2
2
4
12
6
12
2
2
8
6
4
6
8
6
14
45
2
6
2
6
4
11
6
6
4
0
12
2
4
4
2
14
8
12
2
4
8
6
6
4
2
6
8
2
2
6
6
4
2
10
5
10
6
8
2
6
10
4
0
10
2
10
4
2
0
8
8
2
8
6
4
8
4
2
2
4
8
2
12
10
6
0
9
4
0
10
2
0
4
6
6
4
2
10
8
4
4
2
6
4
4
4
6
16
8
6
4
2
6
8
10
8
2
2
2
4
6
8
6
2
10
4
2
2
10
0
6
2
4
8
4
0
8
2
4
4
6
2
2
2
2
0
6
16
2
8
8
4
12
6
6
10
10
7
8
6
4
0
4
4
8
8
6
10
8
0
6
6
2
8
2
6
6
9
4
2
4
12
6
6
10
6
4
8
12
4
10
2
14
0
10
10
4
4
2
4
6
8
8
0
0
2
12
8
2
6
2
6
6
11
10
6
2
4
10
8
0
6
4
6
2
12
6
4
4
6
11
8
8
4
2
0
0
0
0
3
2
0
0
0
8
36
2
0
0
0
0
0
0
2
0
0
0
0
0
0
2
2
2
0
0
0
0
4
2
2
4
0
2
4
4
2
8
6
2
0
11
0
0
0
0
0
0
13
0
9
4
11
0
0
2
2
0
0
0
2
0
4
0
2
0
2
0
4
7
0
4
4
7
0
2
4
0
0
4
6
4
0
0
2
4
0
6
0
0
2
34
0
10
4
0
4
0
2
4
2
2
9
0
0
2
0
9
0
0
0
6
0
4
0
2
4
0
0
2
0
4
6
0
6
0
2
5
2
0
0
11
9
0
5
0
2
0
0
0
0
0
0
4
8
2
0
0
6
0
2
2
0
9
0
2
2
0
0
0
2
6
2
2
0
2
15
0
5
2
0
0
2
2
4
0
0
4
2
2
2
2
0
2
2
0
0
0
0
2
2
4
4
0
9
6
2
2
0
0
0
0
6
0
7
9
0
0
2
4
2
0
4
6
2
0
2
8
0
0
2
6
0
4
2
6
2
4
0
0
2
2
0
2
0
2
0
0
0
0
0
0
0
0
2
0
2
8
10
2
15
2
2
7
0
0
9
2
0
0
2
0
2
2
2
0
8
2
0
0
2
0
2
0
2
0
11
0
0
0
0
18
0
4
0
2
0
0
2
6
0
2
0
2
2
2
2
0
2
0
2
0
0
2
0
16
0
0
0
2
0
0
14
2
2
2
0
2
0
2
0
2
2
4
0
2
0
2
2
0
2
0
0
2
2
0
2
2
0
4
0
0
2
0
10
0
2
0
2
2
2
0
0
0
2
2
4
2
0
0
2
0
0
0
0
0
2
2
2
0
2
2
2
2
0
0
0
2
0
2
4
10
0
2
2
0
4
2
0
0
0
0
2
0
0
0
0
2
4
4
2
2
2
0
4
2
2
2
0
0
0
2
2
2
2
0
0
0
0
2
2
0
0
0
0
0
2
2
10
0
2
2
0
2
0
0
2
2
0
2
4
2
2
0
0
0
4
2
2
2
2
2
0
0
0
0
0
2
0
2
0
2
4
2
0
0
0
2
2
0
0
0
0
2
2
0
2
2
0
0
0
2
2
0
0
2
2
4
2
2
0
4
2
0
2
0
0
2
2
2
0
0
0
2
2
0
4
2
0
0
2
0
0
0
2
2
2
0
0
2
2
0
2
0
0
0
2
2
2
0
0
2
2
0
2
0
2
2
2
4
0
2
2
0
2
2
0
0
2
0
0
0
2
0
0
2
0
4
2
8
0
2
2
4
2
0
4
2
0
0
4
3
7
3
0
0
7
0
5
5
1
1
3
3
0
0
9
5
1
9
9
3
3
5
0
3
9
5
0
9
7
1
1
5
1
7
5
0
1
7
1
5
5
5
3
0
5
1
0
5
7
0
5
3
1
1
3
3
5
7
5
7
9
3
1
9
3
1
1
5
1
0
7
0
0
3
0
9
5
0
0
3
0
0
5
7
0
1
11
5
5
0
5
9
5
1
9
0
3
7
3
0
0
3
9
7
5
11
5
3
1
7
5
1
1
3
5
5
3
3
15
11
3
1
3
7
7
0
7
9
3
15
9
5
3
0
9
9
3
3
11
5
5
5
5
1
5
1
1
7
5
1
7
15
1
3
5
13
5
3
9
5
7
1
5
7
7
1
11
0
3
0
13
7
3
5
11
11
0
9
3
1
0
11
7
1
11
13
11
1
5
9
5
0
1
1
9
3
3
3
7
7
1
0
1
5
5
3
0
0
1
1
5
9
3
3
1
7
15
3
1
3
11
5
1
1
7
9
1
7
7
1
3
22
0
3
1
11
7
3
5
7
7
1
1
5
0
1
9
3
1
0
9
13
1
11
5
3
3
3
11
1
1
3
9
7
5
1
11
5
3
11
11
1
1
5
9
3
1
1
7
9
3
1
5
11
1
1
5
4
2
4
2
2
6
2
6
2
4
4
4
2
4
6
4
6
4
6
4
2
6
6
2
6
2
6
2
2
4
2
4
6
8
4
4
2
2
2
2
2
4
2
4
4
2
2
4
6
4
6
6
4
8
2
0
4
6
2
4
4
4
4
8
6
2
4
6
6
2
2
4
2
2
4
4
4
2
4
4
2
4
4
6
2
2
6
2
4
2
2
4
6
4
2
2
6
6
4
4
2
4
6
2
4
4
2
2
4
2
4
2
4
4
0
2
4
4
4
6
2
0
2
2
0
2
4
2
2
6
6
6
4
2
2
2
2
2
8
4
2
6
4
4
2
2
4
6
4
4
2
2
4
4
4
2
4
4
2
4
4
2
2
2
6
4
4
4
2
6
6
4
4
2
2
2
2
4
2
4
4
2
2
4
6
2
2
2
2
2
2
2
2
4
0
2
4
6
6
4
2
2
2
4
2
4
2
6
6
4
2
2
4
4
4
4
2
2
4
2
0
4
2
4
2
4
2
2
4
2
2
6
2
2
2
2
2
4
2
0
4
4
2
4
2
4
4
2
4
2
4
4
4
4
4
4
2
4
6
2
2
4
6
2
6
6
2
0
2
6
2
2
2
4
0
2
2
2
2
4
6
4
4
0
2
6
4
6
77
32
62
27
34
49
24
63
32
34
47
41
34
30
28
41
23
30
43
55
38
30
41
30
62
51
76
51
41
39
45
32
58
34
53
55
53
55
34
45
45
45
55
47
26
47
52
45
34
32
38
32
49
45
51
26
43
43
41
54
51
51
38
20
38
34
19
61
58
55
22
55
40
43
22
26
22
34
45
32
11
26
30
57
24
24
36
24
41
36
36
47
26
55
36
28
34
45
37
32
34
55
43
43
43
34
39
36
53
25
26
57
49
24
30
52
30
60
57
49
60
37
38
66
70
41
60
30
30
45
49
42
40
63
45
41
58
39
62
53
41
34
32
34
41
39
38
43
51
41
43
41
43
55
36
53
47
72
64
49
43
32
34
37
39
47
64
38
38
34
45
45
52
55
58
36
34
47
22
51
36
23
28
41
43
66
47
43
32
30
49
40
49
34
15
34
47
39
28
34
34
30
38
38
28
59
45
60
41
34
43
38
63
26
49
24
49
43
60
41
36
34
22
36
32
45
41
20
36
41
53
47
49
45
26
60
24
50
41
32
57
30
45
59
55
41
34
26
37
32
49
30
36
41
43
41
42
53
32
62
30
41
34
41
49
26
57
74
38
34
38
49
36
49
45
57
49
19
36
36
61
49
36
45
53
51
45
58
94
62
91
50
64
58
63
92
60
60
59
93
96
97
81
90
94
88
61
94
50
55
59
67
88
55
59
46
82
79
43
62
57
57
88
61
58
87
65
90
90
93
59
88
94
52
92
48
67
93
68
51
57
65
40
94
86
59
90
47
86
85
70
88
84
85
60
58
53
45
57
87
91
70
89
96
94
88
47
38
57
59
56
58
61
56
91
95
82
55
45
88
59
64
90
88
88
93
88
75
57
85
33
88
82
59
78
91
87
93
88
91
57
89
50
61
92
48
59
59
55
95
84
95
88
89
56
75
59
39
84
92
43
90
42
82
84
85
51
70
87
91
61
90
92
59
62
61
62
61
68
90
86
53
94
78
71
95
94
51
94
67
61
67
74
61
71
90
69
65
89
96
88
97
61
92
68
67
85
59
63
74
69
90
67
84
65
93
94
48
96
82
48
80
93
69
94
49
56
63
97
51
92
92
91
60
94
96
69
57
58
59
92
61
95
95
94
91
97
98
90
63
35
57
59
63
68
94
94
44
66
97
95
97
63
94
63
55
59
93
92
63
61
92
96
95
66
61
65
57
93
94
95
72
87
93
95
86
36
90
93
64
76
70
94
57
67
92
94
98
65
96
87
61
97
98
92
56
94
95
74
86
47
65
71
59
96
93
6
7
15
12
15
10
9
13
13
6
11
15
17
13
13
17
17
17
10
13
19
9
4
13
15
11
15
15
11
13
6
15
13
7
17
8
13
13
13
15
11
13
13
13
9
11
17
11
15
11
15
13
7
13
9
13
15
11
17
13
13
13
13
9
9
7
4
9
11
11
17
17
11
9
4
9
17
11
7
15
13
9
17
19
15
15
11
13
11
13
9
13
13
8
11
13
15
15
11
13
7
13
6
17
15
6
15
11
15
17
6
11
19
13
13
13
11
6
13
13
13
17
9
11
13
17
9
15
15
7
13
17
13
17
11
15
15
17
8
17
11
7
13
10
15
17
13
17
12
15
8
17
11
7
8
15
9
11
6
6
8
8
8
15
13
13
15
15
15
11
13
8
13
13
11
15
13
9
19
11
13
13
13
10
15
17
9
15
15
9
15
15
7
11
17
17
15
19
11
13
17
13
15
17
11
9
17
15
15
7
9
8
9
9
13
10
6
13
13
11
9
17
9
15
17
9
13
19
15
15
11
15
13
13
6
17
15
11
15
15
3
11
11
13
11
7
6
13
13
13
13
17
11
15
15
7
17
15
11
15
13
10
19
15
15
13
13
13
13
13
10
13
15
4
15
11
13
17
13
12
15
15
9
15
13
9
17
12
11
11
9
15
15
21
5
15
21
11
7
9
11
17
58
13
19
17
17
9
35
13
15
38
11
13
13
29
19
19
13
17
19
30
5
7
9
31
49
25
15
19
19
24
19
21
9
17
17
11
54
25
27
13
27
39
37
11
17
11
11
34
15
20
11
15
21
17
15
11
21
25
9
13
17
29
23
23
9
21
15
13
19
25
3
17
20
11
13
11
37
29
13
15
11
11
13
15
33
9
11
27
13
26
11
13
24
15
7
33
25
23
45
23
33
17
15
29
32
27
23
33
19
17
11
13
27
15
27
13
11
13
33
27
19
33
23
9
25
13
19
31
9
11
25
21
13
31
31
17
15
31
23
7
28
15
23
37
23
31
23
13
68
9
19
25
21
24
13
11
21
27
9
15
35
19
11
17
15
22
15
27
21
19
15
29
42
23
13
25
13
9
13
13
29
7
32
36
13
20
27
7
15
7
21
9
11
20
23
35
13
9
17
1
27
38
27
7
19
17
9
11
25
29
17
7
25
7
17
15
9
12
19
15
9
21
9
9
21
28
15
13
3
7
19
25
19
20
13
11
13
9
19
26
13
32
25
19
19
19
15
23
41
26
15
19
15
17
13
9
7
21
13
7
32
11
17
18
11
13
15
17
9
15
13
13
5
15
2
1
2
3
0
0
0
2
2
2
2
3
2
2
2
0
2
2
1
2
2
0
2
3
0
1
2
0
4
0
2
3
2
2
2
1
1
2
2
0
2
3
0
3
0
2
2
2
4
2
4
3
1
3
1
2
2
2
3
2
2
3
0
4
1
2
1
3
2
3
1
1
2
5
2
2
1
1
3
2
2
3
1
1
2
3
1
3
3
3
1
1
2
1
1
3
2
1
2
2
3
5
1
2
3
3
2
3
2
2
2
1
2
1
4
3
2
3
3
1
2
3
1
3
3
1
2
2
2
2
2
3
1
2
2
2
2
2
1
1
3
0
2
1
5
3
4
2
2
2
2
2
4
3
2
5
3
3
1
4
3
3
1
3
2
1
2
2
3
2
1
3
1
3
2
1
1
1
3
3
1
3
2
1
5
0
2
2
2
4
3
1
0
3
2
3
2
1
0
3
3
3
2
3
1
3
3
2
2
3
3
3
3
2
2
2
2
2
2
5
2
3
5
3
2
0
4
5
2
2
3
3
1
2
3
3
2
2
3
2
3
3
3
2
3
2
2
2
1
3
3
1
2
3
2
2
1
2
2
2
2
1
1
2
3
2
2
1
1
1
4
3
3
2
2
2
2
2
2
2
3
3
3
2
3
1
3
2
