8
17
6
23
8
6
12
8
10
6
14
14
10
14
6
23
18
8
16
27
18
14
10
12
13
17
23
23
10
19
14
21
10
21
14
21
12
16
17
10
6
17
10
10
12
10
17
10
25
13
29
25
23
23
13
23
17
12
14
13
8
33
16
10
11
6
19
10
10
15
24
16
23
25
19
18
12
14
6
19
25
19
4
8
19
8
6
8
12
10
17
12
12
21
10
33
14
8
14
13
21
19
10
19
15
10
21
17
12
17
13
9
29
13
17
11
17
21
20
9
14
14
16
6
11
8
27
17
10
10
17
17
19
8
14
8
15
25
17
10
33
13
21
27
21
16
10
21
21
14
14
12
14
14
19
20
21
16
27
6
6
21
17
5
6
4
4
12
14
10
12
8
10
7
14
14
19
9
12
8
10
6
13
4
10
4
12
6
8
10
6
12
10
4
10
21
6
2
6
14
8
8
4
9
4
6
22
6
21
4
15
10
10
2
8
11
23
6
4
15
4
10
12
8
21
8
4
8
6
8
8
4
2
9
6
8
4
19
11
12
4
10
2
4
4
21
12
6
19
5
10
4
0
4
4
6
8
0
10
4
9
12
4
9
10
7
19
16
8
10
8
6
18
6
6
31
4
8
23
12
4
6
10
8
11
29
23
21
0
2
2
2
63
61
50
2
0
2
2
60
0
0
0
0
71
52
0
2
4
2
17
75
2
2
0
0
69
69
4
0
2
66
52
73
2
0
60
41
52
2
2
0
4
75
0
53
2
2
0
61
52
37
85
0
89
2
65
2
0
0
62
2
2
2
2
0
58
0
0
0
0
2
2
0
0
0
4
38
20
45
4
2
0
71
43
63
2
62
0
0
2
2
62
13
2
43
7
45
56
2
0
60
2
2
35
48
0
49
2
4
2
2
44
4
2
0
0
0
88
61
2
51
0
0
2
0
62
73
2
0
0
0
28
2
2
21
0
0
50
72
2
2
0
4
45
59
0
2
2
67
72
23
0
0
2
61
4
0
0
34
45
47
2
2
0
54
0
0
2
65
87
49
50
2
49
0
40
2
0
32
4
75
37
0
56
0
2
60
2
2
6
2
58
36
2
2
23
51
26
4
32
4
58
0
2
65
0
27
3
0
0
2
96
72
0
0
0
2
41
0
0
0
0
69
40
0
24
2
50
54
57
2
0
2
85
73
48
2
54
46
26
48
2
41
96
53
59
0
2
32
67
26
28
2
0
65
4
0
2
44
47
63
75
72
2
2
77
55
2
2
4
0
59
45
72
2
2
13
62
67
63
4
62
65
48
61
10
6
8
6
12
12
2
38
8
14
8
12
10
10
8
6
35
6
6
10
6
8
8
4
16
6
6
4
6
4
4
16
2
19
4
4
10
4
10
8
8
12
6
6
6
6
8
10
8
6
6
6
0
6
16
6
8
6
4
4
8
4
6
4
4
4
6
41
8
10
12
8
6
6
10
6
6
2
8
6
20
4
10
8
6
12
6
8
6
12
4
8
12
14
10
10
6
8
8
12
6
6
4
8
6
6
8
6
12
10
10
12
4
4
8
10
14
10
4
10
8
6
12
6
6
6
6
8
10
10
6
8
14
12
10
27
8
6
10
8
12
10
8
14
10
4
10
4
6
4
8
2
8
10
7
14
6
16
14
12
6
12
51
14
35
8
10
16
16
10
12
8
6
10
14
8
14
10
10
10
6
20
10
6
12
2
8
6
4
6
8
6
8
6
10
12
8
6
12
6
14
10
8
10
10
6
14
6
4
4
4
4
9
4
2
8
6
10
6
2
6
4
2
4
6
6
4
2
4
6
2
10
2
2
2
6
6
6
6
23
4
2
2
46
2
2
7
2
2
8
6
2
2
42
7
0
2
2
0
2
0
2
0
2
0
2
2
2
0
4
0
6
2
2
0
0
2
0
0
0
0
2
2
2
4
0
2
0
0
12
21
0
0
21
20
0
23
18
12
0
14
0
14
0
16
10
0
0
19
14
0
21
15
13
0
25
29
12
19
0
15
12
0
21
16
21
13
0
16
14
0
18
24
20
3
20
18
21
14
15
26
0
16
19
22
16
12
13
16
0
21
9
14
0
21
0
19
0
12
25
18
0
14
26
18
0
16
21
18
0
23
12
8
33
0
15
0
10
0
20
0
11
0
21
0
14
18
0
0
15
10
0
0
18
19
0
0
23
29
0
0
18
18
14
0
24
15
17
11
0
0
0
15
17
14
0
0
0
0
0
20
12
0
16
29
15
18
0
0
0
0
0
0
0
0
0
0
0
22
0
0
0
25
20
19
14
0
0
26
12
14
38
22
14
17
16
19
25
15
0
21
15
0
0
0
0
0
0
0
0
23
0
0
15
0
0
0
0
0
16
0
22
0
19
0
47
0
6
0
15
0
24
0
16
13
14
15
13
11
0
26
17
7
0
20
13
12
20
29
24
18
20
20
18
0
16
0
14
0
16
17
19
0
21
13
16
46
10
27
0
28
43
0
0
28
16
0
3
41
14
24
0
15
10
14
7
26
19
14
0
0
18
21
0
0
23
47
0
11
30
13
0
0
39
23
0
0
11
26
0
0
14
14
0
0
14
9
18
26
41
9
11
22
27
18
27
16
29
20
40
39
37
19
37
22
26
32
18
24
5
18
13
19
18
23
11
0
40
48
20
19
23
19
18
11
20
46
20
13
18
28
27
30
18
22
26
41
27
16
31
36
18
18
17
28
25
20
28
15
11
23
59
20
11
33
7
31
11
35
36
6
34
44
16
38
44
19
31
32
14
18
17
30
33
28
35
28
20
20
24
18
17
18
31
45
29
41
18
61
38
29
27
27
28
27
29
0
39
47
36
29
35
36
7
27
27
34
44
44
51
46
44
40
45
28
18
9
26
18
44
14
0
25
37
31
92
32
20
59
33
31
12
40
22
17
35
52
27
27
27
20
22
18
25
42
18
18
28
34
26
47
20
25
18
32
18
27
28
30
24
65
63
31
25
8
28
33
35
46
50
27
78
28
27
39
9
24
18
42
14
77
57
37
18
18
18
65
28
28
26
65
27
28
52
34
27
27
25
33
18
40
9
20
27
31
20
37
52
18
28
20
40
27
27
31
37
18
28
29
70
26
28
24
18
21
29
32
29
28
15
44
47
43
44
9
20
36
23
27
32
38
20
23
40
27
31
35
20
18
27
45
29
29
25
27
18
18
37
17
27
33
11
27
34
26
22
36
33
24
56
34
13
9
27
0
0
2
26
2
1
3
2
3
0
1
5
7
2
4
5
1
2
3
0
4
3
3
3
4
7
2
4
2
2
2
5
3
4
2
2
3
2
4
0
2
3
2
2
6
23
2
2
5
11
3
5
5
3
4
2
3
5
4
3
5
2
3
1
17
6
4
2
3
5
3
6
2
1
5
5
3
7
21
1
4
3
3
2
9
2
7
2
4
1
3
0
2
2
1
4
3
4
3
1
3
3
3
1
13
4
4
3
1
4
4
2
3
3
1
1
4
3
5
4
11
3
2
2
1
3
3
3
2
3
2
3
5
3
4
2
1
10
4
3
4
3
2
4
4
4
2
3
4
1
3
11
3
3
8
4
1
1
1
1
3
1
5
1
1
2
4
3
4
1
1
12
3
2
4
2
1
1
4
6
3
29
1
3
4
3
4
5
1
3
4
3
3
3
1
4
2
1
4
3
2
3
1
1
3
3
5
1
4
5
2
3
3
3
1
3
3
4
1
5
27
4
2
2
2
2
1
1
2
3
4
2
3
3
2
3
3
1
1
1
4
4
5
3
3
1
3
5
3
1
3
2
0
0
6
1
4
6
2
3
3
2
1
2
4
3
1
2
5
2
4
2
4
1
4
2
1
1
1
2
4
3
1
3
0
4
3
2
7
6
4
7
6
4
2
6
4
6
7
8
8
4
6
5
2
6
6
8
6
6
10
4
15
2
2
4
4
15
8
10
4
11
8
12
6
6
4
9
4
11
7
4
8
2
8
4
6
17
15
7
7
8
8
4
9
11
10
4
21
15
14
4
7
8
6
9
6
4
10
2
7
8
8
10
12
15
6
6
4
9
8
15
7
15
10
5
8
8
4
6
6
10
2
13
7
6
10
9
4
2
6
29
17
9
21
8
15
29
19
31
21
29
13
11
22
10
17
21
15
17
21
14
10
22
15
23
17
21
21
21
19
23
15
13
20
17
23
11
11
22
17
17
15
22
24
15
17
22
18
21
12
19
23
15
21
20
19
17
21
22
21
16
31
11
12
10
21
7
17
21
6
8
8
9
9
21
12
19
26
15
10
11
11
19
15
8
6
11
15
12
15
11
11
15
16
8
11
13
7
11
12
13
15
11
15
14
20
13
17
25
4
11
23
13
10
12
13
15
11
8
11
17
15
8
13
12
9
9
17
19
14
12
8
13
23
6
13
13
15
13
9
7
19
10
13
11
23
15
8
10
13
8
24
6
14
8
9
8
15
8
12
6
11
13
9
9
13
8
15
11
11
19
12
8
9
8
9
11
15
8
9
8
11
6
14
11
7
7
9
13
8
6
10
7
7
7
12
12
7
10
6
13
8
9
8
10
10
11
9
12
10
11
6
10
10
8
8
9
10
8
8
8
10
9
9
11
10
12
10
11
9
4
10
12
9
6
8
11
8
10
12
12
8
12
7
14
14
7
11
11
13
7
5
10
7
9
8
9
8
7
10
5
9
10
11
11
6
8
8
13
8
7
10
10
11
13
8
10
10
14
8
7
9
10
7
8
10
8
7
11
6
12
11
8
13
9
11
10
8
9
5
8
8
8
9
12
8
8
8
9
11
9
10
10
9
6
11
5
9
9
12
10
8
7
12
10
8
8
8
12
8
11
12
12
7
12
10
7
10
9
10
11
8
7
4
11
10
9
10
11
8
10
8
9
10
10
11
10
12
9
10
10
7
7
12
8
10
7
8
9
10
8
8
12
5
8
10
8
11
9
6
11
8
9
10
7
6
11
8
12
12
7
8
8
8
4
7
7
8
12
8
11
7
7
6
12
8
9
11
6
10
8
11
11
11
11
9
8
7
12
6
5
9
13
9
10
8
9
8
11
8
11
9
10
9
11
7
10
8
8
11
15
10
12
9
8
5
9
10
14
11
7
5
9
10
7
8
3
9
13
10
11
10
7
11
10
8
8
12
11
9
9
15
13
12
4
13
11
4
6
6
8
6
23
8
4
12
6
10
8
8
19
21
6
13
15
15
6
4
12
15
14
10
4
4
15
11
11
17
7
17
13
19
21
12
15
8
19
27
17
21
8
13
21
11
15
6
15
24
17
15
25
19
21
19
10
14
10
25
13
13
31
14
24
26
17
8
13
6
12
6
19
13
12
7
6
25
10
11
11
15
19
17
30
10
23
12
15
13
21
8
21
17
14
8
25
21
36
29
55
50
25
15
39
13
49
11
41
32
15
19
13
23
24
33
26
13
42
26
27
42
24
31
35
11
48
27
26
43
26
46
36
8
21
22
33
10
8
39
6
6
23
21
23
6
8
26
30
21
21
25
17
12
11
23
6
10
10
11
12
10
17
6
11
11
19
4
13
4
10
11
11
8
13
6
12
15
9
6
8
15
6
11
15
10
10
17
6
9
18
11
8
13
13
6
11
21
29
12
15
8
8
10
8
4
8
20
26
23
15
25
9
23
25
10
37
36
41
8
34
58
11
11
10
8
9
29
17
23
17
22
11
31
11
6
22
33
50
17
23
13
44
29
52
8
10
6
40
9
63
8
6
19
35
42
25
4
6
11
34
11
17
17
4
46
40
18
15
17
21
17
4
15
26
10
23
10
6
11
17
15
6
1
0
3
0
0
1
0
0
2
0
0
2
2
0
0
1
0
2
0
0
3
0
2
1
0
2
0
1
2
1
0
0
0
3
0
2
2
1
2
0
1
0
0
0
0
3
2
0
4
1
1
0
2
1
1
0
3
0
2
0
3
3
0
0
2
0
3
2
1
3
2
2
2
3
3
2
0
3
3
0
1
1
2
0
0
1
0
0
3
1
0
0
2
3
0
1
1
3
5
2
2
1
0
1
2
0
0
2
0
4
2
0
3
0
0
2
0
0
1
0
2
2
0
0
0
0
3
2
2
0
2
1
1
1
2
2
6
2
5
0
0
0
2
2
1
3
2
0
3
4
0
2
1
1
1
4
2
3
0
2
0
0
0
2
0
0
4
0
0
3
0
0
0
0
1
2
0
0
1
0
3
1
2
0
1
0
1
1
0
2
2
0
0
0
0
3
8
0
0
0
0
1
1
3
0
1
0
3
0
2
0
0
1
2
0
0
0
0
0
0
2
0
2
2
1
3
1
0
0
1
2
2
0
1
3
1
1
0
2
2
1
0
0
0
2
2
0
4
2
2
5
5
4
8
2
3
0
3
0
10
2
1
0
0
4
2
0
1
0
0
3
2
0
1
2
0
2
0
3
0
0
4
3
0
2
0
0
0
