4
5
2
3
5
2
5
5
5
5
7
3
5
3
6
5
5
3
5
3
3
5
3
5
6
5
3
4
8
5
3
5
5
3
5
4
5
6
3
5
2
3
3
7
7
2
5
7
3
5
3
5
3
3
3
5
3
3
3
5
4
3
3
5
5
6
4
3
5
5
4
3
1
7
5
6
5
4
5
4
5
3
3
3
5
5
3
3
4
5
5
3
3
3
3
5
5
3
5
6
3
5
5
3
5
5
5
3
5
5
3
5
7
3
4
3
3
5
1
3
5
3
2
4
5
4
5
3
3
5
5
5
5
5
3
5
5
5
3
6
3
1
4
5
3
5
5
5
3
3
5
3
5
3
3
5
5
4
3
5
5
5
5
3
5
5
6
4
3
3
6
5
5
3
3
3
5
3
3
5
5
7
5
5
5
3
3
5
3
5
5
5
3
3
5
7
5
6
1
4
4
6
5
5
2
5
5
5
5
3
5
3
3
5
3
2
5
3
10
4
3
3
4
8
5
3
2
6
5
1
7
5
5
5
5
3
7
5
6
3
3
3
5
5
5
4
3
3
5
3
3
3
5
3
5
5
5
5
4
1
7
5
3
2
4
3
5
3
3
3
5
5
4
5
3
7
5
7
5
3
7
3
5
5
7
5
5
6
2
2
6
6
2
2
6
4
6
6
6
4
4
4
6
6
6
4
4
2
2
4
4
6
6
4
4
4
4
4
6
2
6
10
8
6
4
6
8
4
2
8
4
2
4
6
2
4
8
2
4
6
14
4
4
4
4
6
6
6
6
2
4
6
4
4
8
8
2
10
4
4
4
4
6
4
6
6
6
10
6
8
8
6
4
4
4
6
4
6
4
6
4
4
6
4
10
4
6
6
8
8
10
8
4
4
6
6
6
4
2
6
6
2
4
2
12
6
4
4
2
6
8
8
4
6
6
4
4
2
6
6
4
4
4
4
8
4
4
4
4
8
6
6
6
2
4
6
4
4
8
8
4
4
2
6
8
4
6
6
4
4
8
4
4
6
4
6
8
6
6
6
6
6
2
4
6
6
6
4
10
8
8
2
4
2
2
2
4
4
6
4
6
4
4
6
4
6
8
6
8
4
2
4
6
4
8
2
8
2
8
6
2
4
6
6
6
8
4
2
6
6
4
8
8
4
4
6
6
4
2
6
6
8
14
6
8
4
4
6
2
4
8
8
6
4
2
2
4
4
4
4
4
6
8
6
2
2
4
8
4
6
8
6
4
6
2
4
8
6
6
8
4
6
4
12
6
4
6
4
6
6
8
8
6
6
4
4
4
2
6
4
0
9
0
0
7
0
0
2
2
4
4
6
4
0
0
6
0
2
0
6
0
0
8
4
4
0
0
0
6
2
0
5
0
6
0
4
8
2
0
8
2
6
6
4
0
6
0
8
2
0
0
4
4
5
4
0
0
4
4
2
0
0
0
2
4
2
0
2
2
2
0
0
2
0
6
2
4
2
0
0
6
0
2
6
84
4
4
2
4
2
0
0
8
4
2
2
2
0
4
0
0
6
2
2
4
0
0
2
0
2
0
2
4
0
0
8
0
6
10
93
0
0
0
2
2
0
0
0
4
0
0
0
6
4
2
0
6
0
0
6
7
2
0
8
0
6
8
8
0
6
2
0
0
4
0
81
2
0
0
2
4
0
0
0
0
4
0
4
4
0
0
0
4
6
4
0
2
2
0
9
2
0
0
0
0
0
0
0
0
2
0
0
8
6
0
0
0
4
0
0
0
0
4
4
6
0
0
2
4
0
0
0
0
0
0
4
2
0
0
0
2
2
2
2
4
0
0
2
6
0
0
4
2
0
0
0
4
7
2
2
0
0
0
2
51
6
2
6
0
0
2
0
0
2
2
0
2
4
2
4
2
4
4
2
2
0
2
0
4
0
18
0
0
2
4
65
0
0
2
2
2
0
2
0
18
27
23
33
54
19
29
19
11
17
19
58
13
22
16
42
9
45
55
12
35
34
22
17
18
32
14
44
36
42
18
13
22
24
24
25
35
49
18
30
39
30
25
19
7
26
47
27
15
17
27
27
22
28
32
16
17
28
23
24
33
15
22
16
28
42
12
36
39
23
40
65
73
37
21
37
16
24
16
8
56
21
31
18
21
15
26
22
11
9
19
37
29
6
29
31
28
19
50
38
14
20
22
20
31
14
29
31
56
16
0
23
40
15
20
16
38
19
34
59
44
19
26
24
30
30
19
33
14
39
49
32
15
42
35
21
22
35
30
16
22
7
36
11
21
3
2
39
27
31
37
27
30
60
51
34
39
27
47
34
33
32
26
19
34
18
14
47
29
35
27
37
47
46
16
51
31
34
41
19
45
14
41
30
30
53
49
26
22
26
37
36
25
37
43
43
33
39
20
46
29
40
45
32
27
20
68
38
47
23
20
27
13
34
14
24
36
31
14
36
20
18
16
18
34
31
23
27
30
38
21
26
38
21
28
40
19
37
17
40
32
40
18
16
47
56
15
12
21
28
64
27
56
22
9
21
12
20
17
10
31
25
19
18
20
24
23
17
15
56
17
14
27
54
20
11
27
15
23
37
31
42
48
29
5
14
19
10
0
2
2
0
0
2
4
4
2
2
4
0
4
4
2
0
0
19
6
2
0
2
0
4
0
0
4
0
2
2
2
6
2
0
2
0
4
0
4
0
6
0
0
2
0
2
2
2
2
2
2
2
2
0
2
4
2
2
0
0
2
0
2
4
2
2
2
4
2
0
0
4
2
0
2
2
4
0
0
4
2
4
2
2
0
2
0
2
0
2
0
2
4
2
2
2
0
4
2
2
2
0
4
0
4
2
2
0
0
2
6
0
0
2
2
0
4
2
6
4
2
0
0
0
6
2
2
4
4
2
4
0
0
6
0
0
2
2
0
0
0
0
2
20
0
2
2
0
2
4
2
2
6
4
4
4
2
2
0
0
0
0
0
4
2
2
4
2
0
2
2
2
4
4
6
0
0
4
2
14
0
0
2
2
0
0
2
4
6
2
2
2
2
6
2
4
2
0
2
0
0
2
2
0
2
2
4
2
0
2
4
2
4
0
4
4
2
2
4
0
0
2
0
0
4
0
2
0
4
2
2
0
2
0
0
4
0
6
0
4
2
0
4
0
19
4
2
2
0
2
2
0
2
0
4
6
0
2
0
0
0
2
0
4
2
4
0
2
2
8
4
4
2
4
4
0
2
0
2
6
0
2
0
2
4
2
2
2
0
0
0
0
0
0
0
0
0
0
0
0
0
0
0
0
0
0
0
0
0
0
0
0
0
0
0
0
0
6
8
4
4
10
8
8
12
10
12
10
12
12
11
6
8
10
11
8
2
8
6
8
10
8
8
12
13
6
8
8
10
8
10
10
12
8
8
6
12
6
14
14
12
6
11
16
10
8
12
13
12
8
12
13
6
6
8
12
10
8
6
8
15
12
10
10
8
10
10
8
8
15
10
8
12
12
10
10
6
10
8
10
10
10
12
8
10
10
10
17
12
12
13
15
10
12
10
10
10
8
14
12
15
12
8
8
10
12
10
10
13
8
8
12
10
12
8
8
10
6
12
12
4
8
14
14
10
8
8
10
12
8
12
10
12
16
10
0
0
0
0
0
0
0
6
6
6
0
0
0
6
6
4
6
14
10
8
10
8
10
10
8
10
12
10
6
10
4
14
8
8
10
8
6
12
10
8
10
8
14
8
6
10
6
8
10
8
12
10
10
8
10
12
10
12
8
8
6
8
8
10
12
10
8
10
10
10
12
12
14
12
14
12
12
10
13
8
6
10
10
10
10
10
11
12
8
8
8
10
10
10
10
12
12
12
10
10
11
10
10
14
12
8
8
2
4
6
8
4
6
10
8
6
16
10
12
6
10
0
0
74
52
1
0
58
43
0
0
0
0
0
0
0
7
31
41
9
40
28
0
0
0
0
0
37
41
29
30
45
46
0
0
0
0
0
0
43
54
12
83
63
80
45
0
0
0
0
0
0
61
23
43
37
0
0
0
0
0
0
0
85
35
0
38
43
24
0
0
0
0
0
0
89
0
42
39
37
54
0
0
0
0
0
0
64
69
33
39
35
44
26
0
0
0
0
0
15
44
22
28
49
40
0
0
0
0
0
0
87
0
45
4
25
39
30
0
0
0
0
0
92
0
1
33
28
0
37
0
0
12
0
0
14
63
20
0
83
34
0
0
0
0
0
0
0
42
2
30
71
31
0
0
0
0
2
0
32
27
26
14
46
21
0
0
0
0
0
0
0
43
22
39
38
40
0
0
0
0
0
0
0
15
17
27
34
48
27
0
0
0
0
0
94
52
26
12
45
79
0
0
2
0
0
0
7
79
21
6
64
2
0
0
0
0
0
0
97
4
13
33
26
0
0
0
0
0
3
0
56
46
24
41
13
10
0
0
0
0
78
52
28
0
24
26
31
0
26
34
3
43
21
59
0
36
22
26
17
4
36
30
42
38
2
0
2
44
23
0
41
0
0
0
0
0
39
52
86
0
16
38
0
0
0
0
0
0
23
10
10
13
12
6
13
10
8
13
8
15
8
6
14
8
6
8
17
10
13
12
8
10
8
15
8
13
17
17
23
17
15
8
12
6
19
10
12
14
15
8
17
8
17
13
8
4
14
15
15
12
13
12
15
19
17
13
17
8
12
4
10
10
19
6
17
14
6
10
8
12
10
6
6
6
10
8
8
15
12
15
15
10
19
4
12
12
12
12
13
8
17
15
8
12
10
8
6
14
8
10
6
15
19
17
6
8
10
15
8
15
6
6
13
23
19
13
27
17
15
17
15
10
8
23
10
12
48
19
6
17
19
13
17
6
15
10
8
6
19
19
13
13
11
6
27
11
23
8
19
25
17
10
15
13
8
17
19
27
11
29
23
21
11
17
19
8
25
10
21
11
36
21
17
29
19
13
21
11
17
10
25
10
21
27
12
15
25
31
10
4
8
2
13
9
17
11
10
21
21
19
25
11
21
12
10
12
21
13
17
25
8
15
17
17
19
23
8
10
6
4
6
10
4
4
10
17
4
12
19
4
8
6
8
8
6
6
10
8
4
12
17
8
10
6
8
2
8
8
4
10
8
12
8
6
6
2
6
6
29
6
10
15
4
2
10
6
12
15
6
4
10
6
17
10
31
4
10
4
33
10
14
4
6
12
17
10
2
0
2
21
6
6
2
0
2
2
4
0
2
2
2
0
0
4
4
2
0
2
4
2
6
46
2
8
2
2
4
0
2
2
4
4
2
2
4
0
0
4
2
2
2
0
2
2
0
4
0
0
2
27
2
4
6
2
2
31
2
2
4
0
4
2
0
2
8
2
2
0
6
0
4
2
44
2
2
34
2
37
21
4
4
0
8
2
0
0
4
0
44
2
2
2
6
4
2
0
4
2
6
0
0
2
2
4
0
8
6
6
0
4
4
2
4
2
4
2
19
4
4
14
4
6
23
4
4
2
2
2
4
2
46
2
2
2
2
4
2
4
2
4
2
46
2
2
4
2
4
30
6
2
13
4
0
2
2
0
6
2
4
6
2
4
0
2
50
35
4
30
8
6
2
2
2
0
4
0
4
6
0
2
4
4
48
8
2
0
4
2
0
2
6
2
4
6
4
4
2
2
4
4
2
2
0
2
22
4
49
4
2
2
2
2
2
4
2
11
0
2
0
20
2
20
2
4
4
31
2
0
0
2
2
2
0
2
0
2
12
6
2
4
2
2
4
37
4
2
4
2
2
4
2
2
0
2
2
2
0
2
2
4
4
0
2
2
2
4
2
42
24
13
30
6
2
2
4
2
6
2
5
29
4
4
0
2
24
12
42
36
31
25
45
37
10
19
38
36
11
60
80
41
45
47
26
35
24
26
32
48
16
44
42
34
54
25
33
73
30
20
41
26
44
42
30
44
36
24
45
35
45
29
29
24
46
41
41
17
36
28
31
13
31
17
28
34
49
80
42
41
30
38
40
67
51
30
32
33
38
45
69
43
40
20
35
27
26
33
32
32
19
28
40
44
40
35
25
29
22
31
20
40
34
32
18
57
34
38
25
36
27
25
31
35
37
29
25
33
47
19
67
36
30
23
22
33
26
48
40
50
13
30
32
28
44
36
28
25
42
39
47
26
40
22
36
40
40
23
21
28
44
48
36
39
33
32
26
42
26
51
26
55
28
62
41
38
26
35
22
14
25
28
20
35
40
51
25
32
33
16
26
14
34
36
28
35
63
32
46
70
21
20
29
45
44
26
23
79
37
23
26
40
44
27
46
43
40
22
28
33
38
39
32
29
20
26
25
35
30
28
22
28
39
50
72
24
42
29
35
41
26
50
34
40
31
50
15
30
50
16
30
31
32
27
16
7
19
21
27
25
42
23
26
16
26
23
26
26
52
21
17
26
18
14
45
30
57
12
43
28
14
13
20
25
19
12
22
30
24
27
20
14
41
33
25
17
20
30
45
23
26
29
30
38
