6
6
18
10
8
8
10
10
14
6
20
10
2
8
12
8
16
8
18
10
10
8
18
8
8
6
2
4
10
14
18
16
10
4
6
8
20
8
14
8
18
8
4
10
6
10
10
8
10
12
8
24
14
10
14
8
8
10
10
2
10
6
10
6
16
14
6
18
16
4
12
2
6
8
12
16
14
24
18
8
12
18
14
4
10
18
20
18
18
10
8
14
10
16
16
8
4
14
8
10
10
14
16
24
18
8
6
6
12
18
16
8
8
16
10
14
12
10
10
10
30
18
8
6
16
8
4
14
14
6
18
12
8
6
12
16
10
10
12
4
8
12
14
4
10
8
18
12
12
16
2
6
20
12
12
14
14
8
20
10
20
8
24
4
14
18
16
14
14
6
14
16
6
10
22
18
8
16
10
12
32
22
6
10
6
10
28
22
16
8
22
24
8
14
10
6
12
10
20
12
10
18
8
10
12
10
16
12
22
22
20
22
8
8
18
20
10
6
12
12
16
8
14
20
12
8
8
12
10
18
4
12
8
6
10
12
4
20
14
12
8
14
10
6
12
8
8
12
8
8
2
16
10
6
2
6
10
4
6
12
4
4
10
4
6
6
10
12
4
14
4
6
4
12
4
10
14
8
2
16
6
14
6
2
20
4
8
8
31
37
30
38
28
33
29
33
27
33
32
33
36
33
33
33
31
32
31
28
35
32
26
32
38
37
37
38
32
30
37
28
34
38
32
35
37
29
36
28
30
29
37
33
38
37
32
30
36
38
29
33
31
30
37
36
38
28
31
32
37
34
30
36
32
36
37
35
36
36
30
36
30
31
37
36
34
30
33
29
37
30
33
36
35
35
30
37
35
36
36
36
36
36
29
36
38
32
35
34
32
24
36
32
36
29
30
37
36
29
37
32
36
37
37
36
37
31
30
25
23
30
35
28
31
36
33
35
24
31
36
36
32
23
37
29
35
35
37
35
35
29
33
37
36
35
35
30
37
36
35
33
33
30
37
32
35
36
34
31
30
32
36
35
37
33
37
35
36
38
35
28
36
34
29
31
35
29
35
34
33
32
34
34
35
28
30
35
20
31
28
30
33
36
35
32
31
31
36
37
26
32
36
36
33
33
38
33
30
36
36
37
34
33
35
35
28
36
18
32
36
22
34
37
31
30
31
29
35
32
33
32
30
29
35
31
32
33
23
34
33
32
30
25
30
36
31
33
30
32
31
37
37
32
29
34
28
34
37
37
31
32
37
38
33
37
30
38
37
34
29
33
30
33
32
32
37
37
23
32
29
31
29
36
31
32
38
29
13
7
2
10
3
9
13
9
21
2
5
8
6
6
4
10
5
5
3
4
12
11
13
4
7
5
6
7
9
14
11
8
10
5
3
9
11
10
3
9
10
6
6
5
4
11
7
10
5
16
56
2
0
8
0
2
4
0
0
6
3
2
5
4
2
0
2
2
4
2
1
2
3
4
0
2
4
5
2
0
8
0
6
4
2
0
4
8
4
7
8
2
4
2
2
2
4
2
2
4
2
30
4
2
6
2
4
4
0
0
0
2
0
2
4
2
2
4
4
6
0
4
0
0
0
2
2
2
4
4
0
2
6
2
2
4
4
4
4
2
4
2
4
0
2
2
4
2
4
2
0
0
2
6
6
4
5
6
4
0
4
2
6
4
0
6
2
6
0
2
2
6
4
2
2
2
4
2
0
4
2
4
2
10
4
4
4
4
4
0
4
2
2
4
4
2
6
0
4
0
0
2
8
4
4
2
0
4
1
2
6
4
6
6
6
4
4
0
4
0
4
0
2
2
4
2
0
2
0
47
25
0
4
0
2
4
2
0
4
2
4
2
2
0
2
4
0
1
6
4
0
0
0
0
2
2
1
4
1
4
6
0
3
0
4
4
0
0
0
3
0
2
2
0
2
4
2
4
2
2
4
9
2
2
4
6
6
6
14
35
14
10
10
6
22
4
8
6
8
12
8
8
10
10
16
16
12
20
12
20
10
22
4
8
29
6
10
29
14
8
10
20
12
29
14
12
12
18
18
29
18
8
8
12
16
12
22
20
6
16
16
20
10
8
8
35
39
31
8
24
8
8
14
16
14
10
22
12
18
10
16
22
41
37
10
14
12
29
27
18
16
24
14
20
10
6
10
26
22
14
14
14
14
14
12
39
10
18
8
14
16
10
23
22
10
18
18
18
16
12
20
14
26
12
26
26
14
22
20
6
24
31
10
14
43
8
59
29
16
10
16
20
35
41
10
12
10
33
27
10
14
18
10
20
22
25
16
51
8
21
35
23
14
31
39
6
23
10
16
27
24
33
27
6
51
14
43
57
57
33
8
12
12
33
25
21
39
37
14
10
20
33
41
14
10
16
6
20
12
8
35
23
18
29
25
20
6
23
24
4
20
14
25
2
6
6
16
14
20
25
23
33
16
20
23
21
16
12
14
20
14
18
8
10
8
31
16
27
18
14
21
10
16
16
18
23
20
27
35
25
33
23
25
12
6
16
6
8
6
4
25
12
10
8
12
12
22
14
12
20
10
22
14
22
24
29
12
20
14
18
33
25
27
8
24
27
39
12
33
27
10
22
18
33
22
20
60
63
38
60
61
63
62
61
60
61
62
59
60
63
62
63
61
60
63
62
62
64
60
59
59
61
63
64
61
61
63
61
61
65
65
64
63
62
62
63
59
63
64
62
63
61
64
64
66
62
62
62
64
64
66
38
64
51
50
63
63
63
60
65
59
62
61
63
64
64
63
59
60
61
62
63
65
38
64
64
61
60
64
64
62
60
62
63
38
63
63
59
63
59
64
63
56
53
61
38
65
58
65
60
64
63
63
62
63
59
63
65
64
64
62
63
64
38
60
63
62
38
62
64
62
64
62
62
63
60
38
64
60
60
63
64
60
61
61
62
63
57
63
38
63
64
64
62
62
65
62
66
38
64
61
62
60
65
66
65
45
59
65
38
58
63
62
61
63
61
60
65
65
64
56
63
61
63
64
63
59
64
63
62
61
61
62
63
64
57
62
60
60
65
61
65
38
59
64
64
63
61
63
62
64
65
64
61
62
66
62
63
64
58
63
61
61
62
37
57
38
59
60
60
65
64
61
60
64
59
66
57
63
64
63
61
60
62
64
61
62
64
64
62
63
64
60
62
63
61
62
38
56
60
63
63
62
54
64
63
63
64
62
38
61
64
65
64
58
64
63
62
61
37
63
62
58
58
57
64
62
62
64
61
61
60
61
63
4
46
0
3
1
0
0
5
2
5
4
4
2
2
2
7
2
0
0
2
44
2
4
0
0
0
2
6
0
2
2
2
5
2
5
15
32
4
0
4
62
2
6
6
0
4
4
0
0
2
2
2
4
2
2
4
2
2
2
0
4
0
2
2
4
4
7
2
2
2
2
0
0
2
66
0
2
59
7
0
2
2
4
4
2
2
2
3
0
3
7
2
4
3
2
2
4
4
6
2
0
2
3
0
0
2
14
2
4
4
0
0
2
0
0
2
4
2
3
2
2
4
2
2
6
0
4
2
0
2
24
2
2
0
6
0
4
2
2
4
3
2
2
2
2
28
4
2
2
9
0
2
2
2
4
11
4
8
2
4
4
4
4
0
4
4
0
0
0
2
4
0
4
2
0
6
2
0
2
0
49
4
0
2
0
0
2
4
0
2
4
2
11
4
0
0
4
0
6
4
4
0
2
0
0
2
4
0
0
4
2
2
2
0
4
2
0
2
2
2
2
4
0
2
0
2
7
0
2
2
0
2
2
2
2
2
2
0
2
0
2
0
0
30
0
2
2
2
2
0
4
4
0
2
2
4
33
0
4
2
2
5
4
0
4
2
7
4
6
2
2
8
2
4
2
4
2
4
38
4
2
4
4
4
4
2
2
4
0
0
6
0
0
0
4
4
2
0
2
0
0
4
4
2
0
8
0
2
4
2
0
0
0
0
2
2
2
4
4
6
2
4
2
0
0
6
2
2
0
4
6
4
0
0
2
0
0
0
0
2
2
10
2
2
2
6
2
0
0
0
0
0
0
0
0
0
0
0
0
2
0
2
4
0
6
2
0
4
0
0
4
0
0
0
0
0
0
0
4
2
0
4
4
2
0
10
4
0
2
4
6
4
4
2
4
0
0
4
0
0
4
0
4
2
4
0
4
0
0
6
0
8
2
2
6
2
0
2
4
0
0
0
0
0
2
2
0
0
0
2
0
0
0
0
0
0
0
0
0
0
0
2
2
0
0
0
0
2
2
4
2
4
6
0
2
0
0
0
2
0
0
6
4
0
4
2
4
0
2
4
4
0
2
2
2
4
0
4
0
0
0
6
0
0
0
0
0
4
0
6
0
0
0
0
6
8
4
2
8
4
0
2
6
0
0
0
0
2
0
2
2
6
0
4
0
0
0
2
2
2
0
2
4
2
0
4
2
0
0
2
6
0
0
4
6
0
2
0
4
0
0
0
0
4
0
8
4
0
4
2
0
0
0
4
0
0
6
0
2
4
2
2
0
0
0
4
2
2
4
0
4
6
2
2
2
2
19
13
4
15
13
10
10
17
6
6
8
8
4
4
4
4
8
4
2
16
8
15
7
15
17
8
8
15
19
23
13
8
15
9
11
19
23
12
6
17
13
25
13
11
12
17
15
34
29
13
17
17
17
9
26
17
13
15
19
10
13
11
21
9
44
11
8
15
19
19
6
4
19
6
26
15
15
21
21
6
14
21
13
27
15
21
36
15
8
35
13
42
12
9
13
4
10
10
14
12
15
8
15
17
6
15
14
23
17
21
8
13
16
17
17
12
4
10
11
25
12
30
28
31
11
13
15
19
25
31
9
10
23
13
30
17
9
23
12
14
13
29
19
25
13
32
7
11
9
17
6
25
21
8
36
31
9
19
21
10
17
23
21
27
17
6
19
31
19
23
13
9
19
19
17
15
26
22
11
15
10
11
13
12
33
10
49
17
40
25
17
25
30
21
29
21
28
31
37
25
17
10
17
19
33
32
28
12
21
27
12
21
31
12
17
36
19
19
15
27
25
33
14
13
35
24
18
17
29
22
15
25
24
12
8
27
25
15
22
21
11
23
6
21
21
19
10
21
10
15
7
8
10
10
22
25
4
15
17
11
10
17
17
19
13
10
13
25
7
4
8
14
4
13
9
6
19
17
4
19
14
8
8
8
9
10
9
9
8
4
3
82
14
5
6
10
8
8
2
9
10
10
6
6
4
9
9
4
8
4
6
13
4
4
4
11
6
4
8
8
7
12
11
4
8
4
9
4
6
5
8
4
3
4
6
6
6
4
6
6
10
4
10
17
10
4
8
4
6
12
6
8
0
2
8
9
6
9
11
6
4
8
4
6
4
13
15
6
6
5
8
6
17
9
6
8
13
11
9
8
10
6
8
11
9
4
9
6
6
6
9
8
8
8
8
6
13
9
10
13
15
19
9
11
9
15
9
11
11
11
19
5
58
11
9
7
7
11
6
17
16
8
15
6
9
9
11
7
16
11
9
11
8
14
8
9
2
7
9
13
9
8
10
6
6
6
11
15
11
11
15
11
8
9
7
9
2
9
6
11
12
12
7
10
13
11
9
6
10
9
7
9
7
6
9
12
10
8
11
11
30
11
8
5
12
13
16
11
11
9
13
9
4
8
10
6
9
11
11
15
11
13
19
19
7
7
13
9
12
10
9
13
19
19
8
7
6
6
11
5
11
7
11
6
6
7
6
9
11
42
11
9
9
7
9
8
15
6
6
4
4
9
9
4
8
5
5
6
2
7
9
8
10
8
7
7
7
9
16
9
10
8
11
8
7
6
7
7
5
15
9
8
13
9
9
8
0
4
6
6
6
21
10
2
2
2
2
51
2
10
10
4
12
8
4
2
4
4
16
6
2
14
10
4
16
10
16
10
6
10
10
6
2
18
6
6
27
53
6
4
4
6
0
6
12
6
4
6
14
2
16
4
4
4
33
4
18
4
2
4
6
4
6
4
6
0
41
8
43
16
6
4
6
4
10
2
10
4
2
6
16
21
8
10
2
10
10
8
4
19
6
6
8
4
12
6
2
4
8
4
2
6
4
2
8
4
29
6
6
2
8
6
2
6
2
4
8
10
8
2
53
4
8
2
4
4
21
18
10
10
41
6
6
2
12
2
2
6
43
8
4
6
2
8
6
8
8
41
2
6
31
19
4
4
10
21
14
4
2
4
4
4
4
0
6
4
4
4
4
10
18
2
4
10
6
6
19
2
4
2
2
2
18
8
39
0
0
14
8
31
39
10
2
14
4
4
18
4
10
6
20
21
6
12
4
6
2
6
35
2
6
43
6
29
10
4
4
16
4
16
8
2
49
2
6
4
2
4
6
4
2
8
6
6
0
6
59
6
20
8
27
8
12
6
12
6
10
10
6
12
6
8
16
4
6
12
12
6
14
8
10
10
4
8
18
16
14
23
8
16
12
16
20
4
12
4
12
22
4
8
8
8
12
8
