32
14
14
13
14
12
8
16
29
9
26
29
15
8
13
15
24
27
13
7
12
23
33
8
14
25
24
11
13
20
3
13
28
20
6
25
20
10
19
13
13
24
21
20
14
18
22
25
11
12
26
34
12
15
12
2
8
17
11
10
17
12
4
12
24
11
14
12
27
19
8
18
25
15
12
23
24
9
12
11
9
12
18
27
9
17
17
12
13
15
6
12
14
17
15
10
16
8
9
4
16
7
9
3
17
14
15
14
20
9
14
12
14
12
8
21
16
14
28
20
3
20
31
12
19
18
11
13
19
8
10
10
7
34
31
12
12
12
17
13
8
15
8
9
19
13
25
19
11
10
23
11
20
22
22
11
23
10
26
10
32
16
17
12
13
12
9
10
7
11
9
15
16
8
24
16
11
15
18
13
12
8
10
8
13
13
17
8
25
2
8
12
10
12
14
11
17
13
11
14
10
6
7
10
22
9
6
9
15
10
17
17
21
12
24
22
3
18
15
26
6
28
21
9
13
6
25
3
14
9
15
18
19
13
13
30
16
15
10
21
13
21
31
17
10
13
31
15
18
18
25
18
28
27
23
12
34
17
13
14
11
10
13
30
29
12
18
14
10
13
15
14
15
15
11
11
12
22
16
38
19
30
25
16
22
27
12
8
31
15
27
21
37
12
27
21
18
42
31
20
27
33
16
28
52
30
19
14
39
21
65
14
27
33
63
16
18
7
42
13
72
69
79
18
66
49
21
24
15
14
24
35
34
14
13
26
16
62
17
28
14
13
29
21
31
22
17
41
52
21
23
30
15
33
14
27
10
12
47
52
24
7
39
20
21
15
21
21
38
15
19
35
19
14
22
45
12
17
13
57
17
19
5
36
12
69
30
14
13
16
16
15
12
19
8
10
37
31
39
28
28
13
21
37
15
20
39
14
14
35
16
26
15
12
51
16
18
20
37
28
61
18
31
16
39
15
19
19
12
35
34
24
40
28
19
42
26
13
17
26
36
15
34
27
28
16
20
39
10
11
5
11
40
43
18
16
24
15
18
6
37
15
24
37
39
14
20
33
16
15
19
19
51
27
14
32
24
29
12
55
21
20
22
20
16
22
32
24
12
23
31
16
5
35
18
18
22
11
14
62
19
12
50
21
6
40
35
35
8
21
25
19
33
21
18
23
1
22
37
14
14
9
12
26
24
13
24
21
16
18
32
17
15
48
24
74
15
18
21
21
53
8
58
62
8
13
18
29
21
37
70
28
57
21
43
26
20
28
10
15
34
32
32
28
8
19
15
24
9
20
27
32
16
39
9
14
6
4
0
6
4
6
2
0
0
8
8
0
0
0
0
6
2
12
4
0
0
51
2
0
0
4
2
4
0
6
2
0
4
0
0
2
6
0
0
0
6
2
0
0
36
8
0
0
63
8
2
6
0
0
2
0
2
2
4
0
4
0
6
0
69
4
2
0
6
0
0
2
2
8
10
6
0
2
0
0
4
12
0
0
0
0
6
6
0
0
0
0
8
0
4
0
2
4
6
0
0
2
0
0
4
4
2
0
2
2
0
8
2
0
4
0
2
4
54
0
0
0
4
0
0
0
0
0
4
0
0
0
10
0
6
0
66
0
2
2
8
0
0
2
2
2
2
0
0
0
2
6
2
4
0
2
0
6
0
4
0
0
0
4
4
4
0
0
0
4
0
2
91
0
0
4
2
2
4
6
2
8
8
0
63
0
4
2
0
4
0
0
2
2
0
0
0
6
2
6
2
2
2
0
0
0
2
0
0
0
0
0
0
0
6
0
6
0
4
0
4
0
6
0
0
0
8
6
10
0
2
0
2
2
8
6
2
0
2
0
6
0
2
45
0
0
42
8
2
0
0
56
6
0
4
0
0
2
6
8
0
0
0
4
4
6
0
0
4
0
4
0
0
8
4
0
0
6
0
0
0
8
0
4
0
4
0
6
23
20
18
17
10
6
7
12
13
15
18
17
15
16
10
20
11
12
9
20
11
14
20
22
16
20
8
13
14
7
10
25
16
32
14
14
25
23
6
9
14
13
14
12
12
18
17
26
14
9
18
13
15
11
12
18
22
22
16
18
11
15
15
20
14
9
10
18
10
11
13
15
17
18
17
12
5
12
21
15
10
8
13
17
7
14
6
11
7
8
13
7
7
12
10
18
16
5
7
7
10
5
7
7
18
20
9
10
11
16
3
11
13
14
13
12
17
15
6
9
10
16
21
16
13
10
11
23
14
8
17
17
11
15
15
16
6
6
8
7
13
9
8
11
11
10
18
9
16
9
9
19
8
8
10
18
11
7
9
8
11
10
8
8
13
11
11
6
15
8
13
13
16
9
14
15
11
17
18
14
9
13
10
10
8
11
16
13
16
6
10
6
19
11
11
25
10
11
7
8
13
14
10
13
8
13
15
28
9
12
10
12
16
6
14
19
8
8
8
7
16
5
7
11
13
8
12
18
11
7
13
12
9
7
13
8
11
34
8
6
10
13
13
21
9
9
8
10
18
31
12
9
16
10
22
9
7
8
9
14
8
10
12
20
16
12
8
9
8
13
20
7
8
15
12
18
15
8
12
14
14
9
19
9
16
16
15
10
5
3
11
3
0
4
7
5
8
2
4
7
8
4
9
4
4
8
5
9
8
9
3
9
5
4
9
4
10
5
5
8
12
12
10
2
7
12
5
5
1
2
1
12
18
52
2
5
4
7
11
4
9
3
2
7
10
14
4
7
8
7
7
5
2
2
3
3
6
10
5
5
13
11
11
8
6
9
12
9
7
9
4
5
10
1
9
11
2
9
0
9
4
10
8
7
7
8
3
2
6
9
4
11
3
10
4
9
11
8
3
4
5
4
6
9
5
6
7
4
2
4
6
6
2
2
1
5
5
3
3
9
9
7
6
7
9
13
13
5
4
4
4
7
9
8
15
50
16
10
6
4
8
5
10
9
5
9
3
2
8
11
15
7
11
3
11
4
5
4
16
6
8
4
8
2
1
4
4
9
0
8
8
6
10
2
10
3
3
5
4
5
4
0
5
5
6
5
9
7
3
11
13
9
6
8
9
5
8
7
5
2
4
5
7
7
9
5
9
1
7
4
4
5
9
9
2
4
5
4
5
11
6
8
9
10
7
3
10
5
5
26
4
5
12
3
7
6
3
2
3
2
5
2
5
7
4
4
10
10
5
9
4
5
2
6
2
5
3
5
0
4
2
4
15
3
11
9
13
5
3
5
3
7
6
0
5
4
0
2
2
2
2
2
6
0
2
0
4
0
2
2
0
2
0
2
2
0
0
2
2
2
4
0
2
0
10
2
0
6
0
4
2
2
0
2
2
6
2
0
2
4
2
4
8
0
0
2
4
2
0
4
4
2
0
0
0
6
2
0
0
4
2
2
4
4
2
2
0
2
4
8
0
2
2
2
0
2
2
2
0
6
0
4
2
4
2
2
0
0
0
0
2
4
0
0
0
2
2
2
2
4
0
2
0
0
0
2
4
0
4
2
4
4
8
4
2
2
4
0
0
4
4
2
2
8
2
2
4
0
4
4
4
2
6
6
4
2
9
4
4
4
2
8
6
4
4
4
6
6
6
6
8
4
6
4
4
6
4
6
6
4
7
4
2
6
2
0
2
2
0
4
6
2
0
2
0
4
2
0
0
4
4
0
0
4
4
0
2
4
2
4
2
2
2
8
2
2
2
2
0
2
2
4
0
2
2
0
2
2
4
2
8
2
2
4
4
0
0
2
0
0
2
4
2
4
2
2
0
0
4
2
0
4
0
0
0
0
2
2
2
2
6
2
4
4
2
4
0
6
4
2
2
2
2
0
0
4
0
4
4
0
6
4
2
2
2
2
4
8
2
6
4
4
8
2
2
0
0
2
0
0
0
2
2
0
4
0
2
2
4
0
0
2
2
2
0
2
6
0
0
0
0
0
0
4
6
0
2
4
4
0
13
2
33
2
2
35
4
6
4
4
4
2
6
2
44
16
4
4
0
2
2
2
4
15
10
2
0
0
2
0
4
2
2
2
6
2
2
4
4
2
6
2
2
0
2
2
2
4
0
2
2
0
6
4
34
0
4
4
4
4
29
4
2
19
4
30
4
2
0
4
2
0
0
2
2
44
2
2
4
2
2
4
26
4
2
0
2
50
0
2
2
2
2
4
0
0
0
2
4
2
4
2
0
4
4
46
2
2
0
2
2
2
2
0
44
4
2
2
4
0
0
4
4
2
4
2
2
18
4
2
2
0
2
2
0
46
2
0
2
4
0
4
2
2
2
2
2
4
4
0
4
2
2
4
2
2
2
2
2
0
0
2
0
2
4
0
2
6
0
6
4
0
45
2
6
0
6
2
2
2
6
2
2
2
2
2
2
0
4
19
2
2
0
4
0
2
4
8
2
4
2
4
0
4
4
2
0
6
4
2
0
0
2
2
2
2
2
2
2
4
2
2
4
6
16
2
4
2
4
0
2
17
0
29
0
2
2
2
4
0
0
0
0
4
0
4
10
4
4
4
0
19
2
4
2
42
2
2
2
2
2
2
33
56
26
25
48
48
45
55
57
44
29
37
60
47
30
0
32
20
54
29
27
36
16
33
30
40
29
32
23
54
54
38
30
49
30
25
36
38
35
32
32
31
51
34
57
27
32
14
20
28
36
49
41
29
44
72
47
26
28
34
57
20
47
39
47
20
33
25
49
30
58
55
50
33
34
51
38
49
48
38
43
29
43
47
22
27
34
23
40
56
28
42
22
37
35
26
34
54
40
36
38
33
29
51
63
56
37
38
33
44
47
31
44
28
61
59
46
41
49
56
47
37
32
41
54
61
33
36
55
37
42
41
28
39
59
30
42
54
34
57
56
29
59
41
51
44
34
23
33
22
59
37
57
56
54
50
56
57
48
49
55
47
49
55
58
50
34
38
52
50
26
49
51
49
40
59
47
47
28
25
29
43
33
39
21
66
31
49
52
35
27
48
36
27
46
33
49
47
45
28
54
49
49
40
32
54
45
44
45
40
18
39
47
29
36
49
37
44
48
44
48
25
42
30
44
26
56
40
31
47
35
39
39
36
23
53
38
24
53
25
30
44
34
39
28
50
38
26
18
34
35
28
44
26
45
26
30
38
38
49
11
40
13
26
18
14
19
16
18
38
30
53
26
29
27
38
45
42
28
33
22
30
34
40
23
40
18
43
38
39
37
39
37
28
39
37
37
39
37
38
39
38
38
38
28
40
40
40
38
38
38
27
29
38
38
36
38
38
37
38
40
38
40
38
38
38
37
40
38
38
39
40
38
37
38
40
37
27
38
38
38
40
40
37
37
40
38
40
28
40
40
38
38
36
35
40
38
40
38
36
38
38
38
37
32
38
36
39
38
28
40
38
40
40
40
38
38
38
39
39
37
35
38
40
38
38
37
38
38
32
33
38
26
37
38
38
37
40
39
38
38
29
40
28
38
38
38
63
61
62
55
64
61
63
39
59
65
56
64
52
64
63
65
59
62
64
59
63
61
63
56
62
58
57
38
65
55
62
64
60
60
62
59
63
63
59
64
63
62
60
65
61
64
65
65
61
61
64
65
64
64
62
51
63
64
63
62
61
62
63
62
50
64
63
60
64
64
60
61
63
60
62
64
64
62
65
44
38
60
60
66
62
62
59
61
64
60
64
64
61
63
59
60
62
61
58
64
64
62
59
63
62
63
60
63
64
64
61
62
64
60
62
64
64
64
63
63
61
61
63
65
64
65
64
63
62
64
62
62
65
63
60
38
61
56
64
61
64
64
60
60
63
59
59
64
61
64
53
65
62
58
64
64
62
59
59
63
64
62
63
59
63
63
50
62
58
11
1
12
13
14
0
18
0
19
24
15
1
1
5
12
10
0
3
16
3
10
0
8
17
17
0
15
1
14
12
0
0
8
0
6
15
12
0
14
23
10
0
11
4
7
2
12
15
13
19
1
7
11
0
10
9
7
31
12
21
12
15
0
1
1
0
10
6
13
13
14
9
14
33
16
16
8
4
8
1
0
17
14
0
0
10
16
9
1
11
9
5
5
8
11
11
14
13
12
12
11
1
11
0
12
8
0
12
0
16
15
11
14
15
11
8
6
17
0
1
11
12
0
3
10
8
1
10
0
12
0
16
16
1
10
13
15
10
0
0
10
15
13
13
15
23
10
13
21
8
1
8
3
14
0
0
10
11
12
13
17
1
15
5
6
8
0
14
9
12
0
0
8
0
0
7
1
0
25
13
12
0
14
12
11
0
10
2
6
11
10
15
14
0
20
15
5
9
0
0
8
16
0
12
22
9
11
7
10
6
3
9
11
7
12
7
11
9
0
1
0
3
14
3
9
0
3
15
11
1
18
17
10
0
11
0
7
0
4
0
1
0
5
0
9
0
0
0
2
1
0
1
4
5
0
5
9
0
0
0
0
2
0
5
0
0
0
7
0
5
41
5
9
8
0
19
27
0
6
0
4
1
10
16
13
19
9
0
