85
89
79
42
84
91
86
88
77
42
59
74
76
42
82
84
48
65
85
64
65
59
80
42
58
43
42
88
86
77
55
35
93
59
57
78
65
85
74
65
92
76
87
86
52
64
81
41
59
31
84
83
84
78
44
55
74
89
43
81
77
43
54
37
84
51
53
77
69
61
78
60
50
61
66
58
39
45
92
85
87
72
49
32
68
37
90
54
41
31
20
70
19
32
93
36
43
26
43
91
50
61
34
28
53
39
48
30
45
36
45
47
78
56
44
38
32
62
85
40
78
39
81
87
40
49
78
70
41
36
78
36
62
51
75
83
76
76
59
85
90
43
84
47
81
35
65
75
54
82
86
93
82
75
80
85
41
46
49
82
50
45
93
85
87
87
77
95
39
87
51
92
45
31
61
44
83
76
88
91
38
51
47
87
69
83
50
84
69
83
78
75
85
63
47
89
44
92
88
44
65
59
86
62
39
62
40
87
73
44
57
31
73
60
71
37
26
35
60
66
23
18
22
35
32
39
42
71
36
35
72
46
40
45
85
89
50
34
45
40
39
69
87
88
69
88
60
33
81
94
92
81
27
95
75
78
73
96
69
95
73
81
87
83
60
37
87
61
57
69
66
93
67
68
52
74
65
35
83
26
57
84
81
66
60
98
74
86
0
20
0
17
4
0
9
2
11
4
13
0
4
2
4
10
11
7
11
6
6
8
2
4
3
8
2
6
4
6
4
23
9
6
9
2
6
9
0
7
6
24
19
16
8
6
4
9
6
8
11
9
19
9
9
8
6
32
13
30
2
10
2
16
21
0
28
0
11
5
15
2
0
36
9
6
11
0
22
21
5
9
33
0
17
0
0
19
32
8
30
32
19
7
9
19
18
8
17
12
0
33
26
0
27
46
11
23
18
0
0
43
17
28
0
32
13
9
41
28
18
21
0
25
16
13
29
13
23
0
39
22
27
32
29
9
21
25
24
10
30
13
36
25
13
21
9
6
0
28
0
42
0
25
13
32
26
0
30
0
30
28
15
0
36
19
32
36
0
0
0
11
19
0
0
49
28
8
0
28
40
13
6
2
13
33
14
26
20
17
19
21
8
11
7
4
0
0
14
38
21
11
9
0
2
34
39
9
17
34
40
11
27
0
12
15
0
23
11
41
14
12
9
0
10
11
31
30
0
30
15
6
28
13
14
15
11
0
13
0
0
11
33
25
34
0
9
0
19
13
4
21
6
6
9
6
11
47
9
9
6
6
0
8
2
9
11
0
9
4
8
14
11
9
10
8
4
4
7
9
16
13
7
0
44
22
7
13
21
21
29
28
27
29
21
38
37
43
20
19
21
50
25
27
19
21
29
29
21
17
11
21
21
23
21
10
70
21
10
60
19
38
30
17
17
28
11
21
21
35
15
17
19
19
23
27
0
10
17
13
6
28
8
4
8
23
11
34
13
19
2
13
55
40
38
22
15
19
25
31
21
15
9
13
37
25
23
48
27
17
32
29
32
26
13
8
35
11
17
17
47
30
69
25
27
26
30
21
10
21
29
11
42
19
27
29
43
23
41
50
32
43
30
44
11
23
21
30
27
19
22
25
38
19
25
23
30
27
15
27
33
25
15
30
17
17
23
50
6
29
17
27
42
23
26
21
17
34
36
31
21
23
25
29
26
34
35
26
19
37
7
37
40
29
31
34
26
42
22
36
34
23
13
36
15
32
23
16
15
57
19
17
30
33
29
33
21
21
38
13
12
26
18
17
29
28
21
25
29
32
21
10
27
21
29
27
38
27
42
13
27
33
15
29
19
49
10
9
17
8
10
15
8
27
23
8
21
19
33
13
17
16
21
34
9
17
27
21
23
17
15
8
31
13
19
13
42
36
13
13
11
36
10
23
6
4
2
15
11
10
2
2
4
6
10
4
4
2
8
2
6
4
6
2
0
8
4
4
2
9
11
2
8
9
9
0
8
15
13
2
19
13
12
13
14
13
14
10
12
8
15
10
4
21
19
14
17
21
13
14
15
14
15
10
17
13
12
10
8
10
4
15
10
17
15
8
8
25
10
8
27
6
13
19
10
14
17
17
25
19
25
27
13
15
10
23
6
10
10
12
8
13
15
10
17
21
6
15
17
14
14
15
17
14
8
11
29
5
12
8
8
15
17
4
15
23
11
6
17
12
13
27
15
17
19
6
14
14
21
15
19
12
13
12
19
23
14
15
17
17
23
30
21
29
33
39
15
17
14
31
21
15
29
19
21
15
13
27
25
15
12
17
15
15
17
48
19
11
19
21
13
15
21
17
6
48
37
29
31
31
10
10
44
49
23
17
10
39
27
50
33
23
23
25
29
58
25
13
55
15
33
15
35
12
4
31
10
41
40
48
38
17
25
45
23
17
29
46
14
29
29
4
39
31
29
40
6
19
44
8
23
8
33
12
46
15
9
23
15
4
10
21
31
17
30
11
27
25
11
25
22
17
21
15
15
22
15
12
41
12
13
12
17
14
13
25
31
31
6
23
12
21
17
13
15
27
8
12
10
21
15
8
17
25
6
15
13
8
12
8
15
12
12
21
14
17
15
27
4
25
23
21
12
12
21
31
19
15
21
13
6
8
19
19
12
12
7
15
16
30
0
1
0
0
18
26
0
10
17
28
31
0
0
0
0
0
47
29
34
13
14
26
57
0
0
0
0
0
13
10
5
11
11
9
11
9
14
0
0
0
0
18
0
9
5
21
18
0
5
10
0
0
7
9
8
13
9
7
17
12
10
13
0
0
1
7
13
8
0
10
23
14
22
9
6
10
8
11
9
6
8
12
11
24
15
12
0
0
1
14
9
6
0
11
19
16
10
0
0
0
12
8
17
8
9
13
21
13
8
10
0
0
18
13
10
11
2
13
1
12
13
16
9
0
0
9
0
9
0
7
0
9
0
10
0
11
0
18
0
1
0
8
0
0
3
9
0
9
0
5
9
0
16
18
0
13
10
13
0
0
9
0
9
4
0
8
0
8
13
12
4
15
9
0
9
9
0
8
1
7
13
8
0
9
8
12
6
4
6
9
0
1
13
8
0
7
9
0
9
0
6
0
0
12
17
9
0
0
10
7
2
8
1
6
8
9
7
9
0
6
10
0
14
0
6
0
10
15
8
14
9
0
17
9
1
0
6
1
0
12
9
9
9
8
3
13
8
4
0
0
1
9
7
15
11
0
0
15
1
6
6
0
13
16
14
0
10
0
8
0
8
14
5
9
0
0
13
10
12
0
14
6
0
0
0
0
5
0
4
5
91
0
0
2
0
2
63
0
64
4
4
9
4
2
0
4
98
0
0
0
19
6
0
39
2
5
2
2
2
2
0
0
5
5
0
0
63
2
2
0
99
5
0
4
34
2
2
3
6
0
5
31
2
0
0
0
0
0
4
0
43
2
0
0
0
4
2
0
0
44
0
0
5
39
5
4
3
0
0
40
2
0
3
3
32
5
7
1
0
2
0
0
0
2
4
0
4
0
2
80
3
0
0
0
3
25
0
7
31
5
0
61
3
2
2
0
5
0
0
4
0
3
2
0
35
2
4
0
0
2
0
24
5
4
2
2
5
23
4
3
2
0
2
5
22
0
3
30
2
3
2
56
2
0
0
7
0
7
0
7
38
9
70
2
4
17
2
0
0
9
4
0
35
0
2
2
0
0
0
6
0
23
0
2
0
0
3
3
79
2
1
85
7
17
2
0
2
0
4
0
0
0
7
0
0
5
4
56
0
0
0
0
2
0
3
0
0
0
0
58
5
0
2
3
0
0
2
9
0
2
3
0
0
5
0
0
0
4
0
0
30
4
0
65
3
0
3
0
2
2
0
0
34
4
0
0
2
2
0
0
0
20
5
2
0
2
0
45
5
0
67
2
0
0
3
0
0
7
0
5
25
25
36
30
32
37
30
43
40
33
45
46
37
40
41
29
41
39
28
37
34
40
31
43
33
35
52
38
41
27
34
31
54
41
39
38
34
30
36
33
42
39
45
25
36
31
31
52
34
33
54
30
26
36
50
53
40
37
53
41
27
32
47
44
35
38
43
53
50
35
40
43
39
37
30
41
32
43
48
26
43
40
30
39
52
33
42
37
29
30
54
50
32
47
49
35
39
29
47
42
29
25
49
27
34
40
43
41
29
31
28
43
31
33
36
24
32
47
32
44
40
23
46
39
43
29
26
47
67
25
38
35
51
29
30
38
39
46
34
49
29
37
31
27
28
39
29
38
25
44
38
44
39
25
52
34
27
27
43
35
34
32
68
54
41
36
41
46
49
25
37
62
40
41
26
43
32
34
37
23
35
42
29
33
32
33
38
35
43
48
39
33
36
36
46
30
32
34
39
44
48
26
46
32
36
36
36
33
28
41
46
52
47
29
50
33
40
41
33
48
32
39
37
36
61
29
45
29
38
39
39
29
28
36
41
32
56
35
38
35
52
33
42
30
34
55
22
36
36
31
39
40
26
42
33
35
33
31
37
45
24
39
31
32
35
38
38
43
41
33
30
26
37
29
41
48
32
31
38
39
38
42
36
35
34
34
38
38
0
2
0
2
0
2
0
0
0
4
0
0
0
0
0
2
0
2
6
0
2
2
4
0
0
11
2
0
0
0
0
2
0
0
2
0
8
0
2
0
0
0
2
2
13
2
0
11
4
4
0
2
0
2
2
2
2
2
2
2
2
2
0
2
0
4
0
0
0
0
0
0
0
8
0
4
0
2
2
0
0
0
2
2
0
0
4
0
0
4
0
2
2
4
2
0
2
0
0
0
0
4
0
0
0
6
0
0
2
0
0
11
4
2
0
0
0
0
7
4
0
9
2
4
6
4
0
2
0
2
3
0
7
6
0
13
2
0
2
4
0
0
0
11
0
0
2
0
4
2
2
0
6
6
0
4
4
4
0
2
0
0
0
6
2
0
4
6
0
0
0
0
4
0
4
5
2
4
6
2
9
6
0
4
4
8
2
4
2
0
4
15
4
9
8
5
2
2
2
4
2
2
4
6
4
2
0
0
2
6
2
0
0
2
0
0
0
2
2
0
0
7
0
2
0
0
4
17
0
0
7
2
2
2
8
0
2
2
4
2
4
3
2
0
4
0
0
2
0
0
2
6
4
0
0
0
0
0
2
0
2
2
10
0
13
2
2
2
6
2
4
0
0
2
4
0
0
0
13
0
2
0
17
4
6
4
0
6
0
2
2
2
4
0
0
3
0
0
2
0
0
0
0
0
2
0
0
0
0
0
2
0
0
0
0
0
0
0
0
0
0
0
0
0
2
0
2
0
0
1
2
0
0
0
2
0
2
2
0
0
0
2
2
15
2
3
12
4
0
0
0
2
0
0
0
2
3
2
2
0
4
5
5
4
9
2
0
0
0
0
0
0
2
10
2
0
5
0
0
0
8
5
2
13
2
2
2
2
2
2
2
5
0
2
2
2
2
4
4
0
3
4
2
0
7
3
2
2
3
0
7
0
2
0
4
0
2
0
0
2
1
2
0
2
2
0
2
0
0
0
0
4
2
2
0
0
0
4
2
10
2
4
2
0
0
0
0
2
0
0
0
0
4
2
0
2
2
2
0
3
0
0
0
0
0
0
0
0
4
3
6
0
0
0
0
2
3
0
4
2
2
2
2
5
4
0
0
2
4
2
2
0
2
0
6
0
2
0
6
2
0
10
0
5
0
2
3
0
0
0
0
2
2
5
2
0
3
0
0
4
3
2
0
0
4
0
0
2
0
5
2
2
3
4
0
4
0
0
0
0
3
4
0
4
0
0
0
2
2
0
0
3
1
3
1
3
2
2
0
2
0
0
1
0
5
2
4
2
0
0
4
5
0
0
0
2
5
9
3
3
16
3
3
3
5
2
5
3
3
5
3
5
3
3
5
7
15
2
3
11
11
5
11
5
11
25
5
23
27
7
9
5
5
7
7
2
25
20
9
28
5
7
7
3
2
11
48
2
5
7
7
5
3
7
7
11
3
11
9
5
5
9
17
20
5
5
39
3
0
5
3
7
5
1
3
5
9
3
7
2
11
23
23
3
7
7
5
3
9
3
2
3
23
7
5
7
3
3
3
11
3
60
3
13
41
56
3
9
7
5
3
27
9
9
60
5
3
5
5
27
33
9
9
7
5
9
3
18
3
3
21
1
32
54
9
48
44
7
7
3
3
80
9
53
48
5
2
5
5
5
7
5
56
3
27
17
1
5
9
27
5
2
5
2
7
5
9
31
2
9
3
5
7
11
9
11
5
2
5
5
2
3
7
13
5
16
7
3
11
3
9
3
27
3
7
7
5
3
43
7
7
23
7
5
7
5
7
5
7
5
11
11
3
21
5
9
9
3
5
5
3
3
11
5
3
2
7
7
5
3
3
3
13
9
33
3
46
7
9
5
9
3
3
5
24
7
3
3
7
2
3
3
5
5
9
18
7
19
5
32
20
9
11
5
25
17
13
27
18
9
29
29
15
15
11
33
18
15
15
13
11
13
7
22
