0
0
0
0
0
0
4
0
4
2
4
0
0
0
2
0
0
0
2
0
0
2
2
2
2
0
2
0
0
0
0
2
2
2
0
0
6
0
0
8
0
3
2
2
2
4
2
2
0
0
2
4
2
8
4
2
2
0
2
2
4
6
4
6
4
6
2
2
3
3
2
4
2
0
4
2
4
2
0
0
4
2
2
0
2
2
0
2
2
0
0
2
2
2
0
2
2
0
2
0
0
0
2
9
10
2
0
2
2
0
4
0
0
0
0
3
0
2
0
0
0
2
0
2
6
2
6
2
0
0
2
2
0
2
0
2
4
0
2
4
0
2
2
0
4
2
2
0
2
2
0
2
0
4
2
0
0
2
2
0
0
2
6
4
0
0
0
0
0
0
4
2
2
0
0
0
2
0
2
2
4
4
2
2
4
2
5
2
0
4
0
5
2
2
2
2
0
0
0
2
1
2
2
4
4
0
2
3
0
4
2
2
0
4
0
2
0
0
2
0
0
0
0
2
4
0
0
2
0
2
0
0
0
0
0
0
0
0
0
0
1
2
0
0
2
4
2
0
2
2
0
2
6
2
2
2
0
2
0
4
0
4
2
0
0
2
2
4
4
0
4
2
14
0
5
2
4
0
2
7
0
2
4
2
0
2
13
0
25
8
6
14
6
8
10
12
4
4
2
2
16
6
2
8
8
4
6
0
0
4
2
2
10
2
2
2
6
2
8
4
8
8
10
2
8
10
8
6
2
6
6
12
8
8
4
8
2
2
6
8
6
6
12
4
11
2
8
2
2
10
6
4
6
25
8
6
4
6
6
8
2
12
6
10
6
8
6
6
17
4
14
10
12
33
25
8
8
12
14
19
10
16
6
6
19
6
6
4
12
10
16
10
17
7
16
19
25
10
14
12
11
12
18
14
16
10
17
12
14
29
6
10
15
10
37
10
8
14
33
18
30
21
19
18
8
19
16
27
8
6
17
12
6
4
8
12
8
10
23
10
29
19
6
33
21
15
8
14
10
29
8
4
31
21
12
18
14
21
6
21
14
25
6
14
8
29
21
19
41
22
14
8
12
18
4
33
8
35
19
10
8
4
10
23
23
6
12
8
37
18
15
12
15
8
16
14
43
39
27
12
16
12
19
8
16
6
10
12
12
6
10
10
14
4
0
4
21
6
8
6
12
12
8
12
12
10
10
9
10
14
14
8
12
0
10
6
6
6
21
2
6
0
4
19
4
17
6
10
8
8
16
16
4
6
4
10
4
2
4
2
6
0
2
2
6
14
4
4
0
8
4
4
4
0
4
6
15
21
8
9
22
17
18
8
11
32
30
10
15
17
28
13
10
14
19
15
11
10
23
4
10
11
13
23
10
2
6
8
25
6
13
6
11
8
10
10
15
11
12
12
6
13
8
10
6
4
9
12
19
12
6
10
8
13
8
4
6
11
6
8
8
12
8
9
19
10
15
10
12
19
15
11
15
8
13
6
8
14
12
12
13
10
13
12
8
19
12
14
27
15
8
10
15
13
10
6
14
12
12
13
17
21
15
10
15
12
13
23
10
11
10
25
27
13
14
17
15
34
17
15
13
13
19
14
21
10
6
33
19
27
23
13
13
19
10
15
23
13
12
10
10
15
27
17
19
29
9
8
17
25
21
8
15
14
8
20
15
17
17
13
24
16
19
13
9
17
15
8
15
16
7
25
93
10
25
19
17
19
17
21
17
17
17
8
15
15
15
13
14
14
21
29
12
12
17
11
32
13
21
19
8
6
12
22
23
19
14
10
19
15
21
15
13
14
2
8
19
10
4
11
15
15
9
8
17
11
6
13
15
9
7
11
13
21
11
10
13
10
17
14
13
10
6
7
22
19
24
8
19
8
8
6
11
6
2
6
6
9
8
0
2
2
6
0
6
4
6
8
5
6
4
9
2
0
2
4
8
2
2
2
6
0
4
2
9
5
7
9
13
17
7
9
9
13
15
7
9
7
13
9
11
11
9
15
9
9
17
7
9
11
7
11
13
11
11
9
9
3
17
7
9
11
9
7
17
9
9
7
7
11
15
9
7
9
7
13
11
13
11
9
7
7
9
11
9
11
13
15
11
11
7
11
9
13
1
14
7
9
7
9
11
11
13
11
7
9
9
0
7
11
7
7
5
11
11
11
7
9
9
9
9
9
7
9
17
11
9
9
7
9
7
5
7
7
5
7
7
9
7
9
7
13
11
9
9
5
11
9
13
7
7
11
17
9
11
7
13
7
9
9
13
13
9
9
9
13
11
9
9
9
9
11
17
7
11
9
9
9
13
7
96
9
7
9
11
7
7
9
13
0
11
7
11
11
7
5
11
7
7
9
13
9
11
5
9
7
7
11
11
7
11
11
7
7
9
7
7
5
5
7
9
9
7
7
5
7
13
7
11
7
9
7
7
7
7
7
5
7
7
9
9
9
9
9
9
9
17
5
7
9
13
15
11
13
9
9
11
9
7
7
9
17
9
9
9
13
9
11
11
9
83
7
11
9
13
9
11
7
11
13
13
11
5
9
9
11
13
5
7
7
11
11
13
9
11
9
7
17
11
3
7
7
11
13
7
13
9
9
9
15
11
85
0
1
2
0
3
3
10
5
0
0
0
2
8
7
0
0
4
0
0
8
0
2
1
12
0
2
1
5
2
2
0
4
0
0
4
3
2
0
2
2
8
4
1
0
3
5
5
1
2
0
2
0
4
4
7
18
0
2
4
12
1
4
4
2
5
0
4
6
4
3
7
10
7
3
17
0
6
5
4
9
9
8
14
7
9
5
0
6
3
2
0
0
12
2
2
2
2
4
0
1
2
4
4
8
3
2
7
11
2
2
10
5
5
11
2
0
2
0
0
2
5
0
0
6
6
0
0
2
5
0
2
3
0
7
4
14
2
2
6
13
0
2
4
11
14
2
5
2
5
3
2
5
1
7
25
2
3
5
2
14
11
3
3
9
0
3
8
7
0
2
0
0
7
2
0
1
2
6
3
2
2
2
10
41
3
9
5
8
2
1
0
2
6
0
6
5
2
4
0
0
7
17
18
3
10
5
0
4
7
3
5
0
0
8
2
25
33
0
0
3
9
0
4
15
3
11
3
5
4
2
1
10
2
2
0
7
6
5
2
0
1
5
3
16
3
3
5
0
6
0
2
29
0
7
0
3
8
2
2
0
0
0
10
2
2
0
2
6
2
0
2
2
0
2
0
0
2
2
39
6
3
0
2
3
2
0
4
0
2
0
0
0
2
2
0
2
2
0
0
0
2
0
2
0
0
2
0
2
2
0
0
0
0
0
0
4
2
2
2
2
0
0
2
0
0
0
2
0
2
0
0
3
2
2
0
2
0
4
0
0
2
0
0
4
2
4
2
2
4
2
0
2
4
2
0
2
0
2
2
0
2
0
2
0
2
2
0
4
2
2
4
0
3
0
0
0
2
4
4
0
2
0
0
4
0
2
4
2
0
4
0
2
2
2
2
0
2
2
4
0
2
0
2
0
0
4
2
2
0
2
29
19
0
2
3
2
0
2
2
4
0
2
2
2
2
0
0
4
2
4
2
0
0
0
2
0
4
0
2
4
2
2
2
2
2
19
0
0
0
0
0
0
2
0
2
0
0
2
0
0
0
2
0
2
2
2
0
0
0
0
0
2
2
2
0
0
4
0
0
2
0
2
2
0
2
0
0
0
0
0
0
2
0
2
2
0
2
2
2
2
2
0
2
0
0
4
0
2
2
2
2
0
0
2
2
0
0
0
2
0
2
0
0
2
0
4
0
2
0
0
0
0
0
17
2
0
2
0
0
0
0
0
37
2
0
2
0
0
2
0
2
2
4
2
0
0
0
39
0
0
0
2
2
2
0
0
0
0
0
0
0
2
2
2
0
2
2
0
2
0
0
2
0
17
2
0
2
0
2
0
2
0
2
0
9
11
2
0
2
2
2
2
2
4
0
0
2
4
0
0
0
2
0
0
4
4
2
2
8
6
2
2
0
2
2
2
0
0
0
0
13
9
9
2
2
0
0
0
2
0
2
2
15
7
30
0
0
3
0
0
2
4
0
0
0
20
4
5
9
0
6
2
4
0
0
4
17
9
4
0
2
3
0
3
0
0
0
0
2
6
5
78
2
5
2
2
2
0
0
2
0
9
4
15
2
0
0
0
2
0
2
14
13
9
4
0
2
0
0
2
0
0
0
0
9
4
6
4
0
11
4
0
0
4
0
2
2
6
7
0
0
0
2
0
0
0
0
8
8
6
0
0
2
2
0
0
0
0
3
2
0
4
0
70
9
2
2
0
2
2
2
2
4
6
0
6
2
0
2
0
0
2
0
2
15
2
13
2
0
0
0
2
0
4
2
0
8
2
4
2
13
34
0
2
6
7
0
2
4
2
4
4
4
6
15
4
2
8
0
7
4
0
2
8
0
2
1
2
2
5
2
4
15
0
2
4
2
6
10
2
21
0
4
7
2
15
24
23
0
2
2
2
0
2
2
6
6
2
2
0
13
7
2
2
0
2
2
8
7
4
2
2
4
2
10
6
13
15
10
10
31
23
8
21
21
11
10
11
10
17
12
15
37
23
15
13
8
15
19
13
12
6
21
6
19
17
13
13
12
23
33
13
2
10
15
12
15
8
21
21
13
10
33
21
27
10
10
17
42
31
13
6
12
19
27
12
17
21
62
12
15
27
29
13
10
17
12
44
21
13
15
17
19
13
14
12
10
6
17
29
25
23
6
6
19
10
17
8
17
21
10
23
8
27
25
13
41
21
19
12
8
12
13
13
8
21
13
14
8
15
8
10
40
13
21
23
15
6
4
29
10
27
29
11
27
11
44
37
35
21
15
31
21
15
27
8
44
10
10
27
12
29
15
14
10
27
17
19
13
19
19
37
31
10
48
23
13
15
8
12
23
23
35
19
23
54
33
36
15
15
39
8
21
69
44
15
33
29
42
46
19
15
35
15
14
10
10
15
10
19
13
21
12
14
12
8
25
17
27
10
19
25
23
19
12
12
29
15
29
6
25
10
15
14
23
31
17
13
27
23
19
15
15
27
14
15
27
13
29
33
27
10
15
12
4
40
25
15
10
17
21
19
4
35
19
12
23
25
12
19
21
14
19
12
19
17
8
23
14
4
12
8
8
12
15
12
14
10
15
19
15
8
6
4
10
27
12
19
10
8
12
17
13
17
12
13
9
16
15
18
17
5
17
11
7
15
17
15
9
17
13
21
17
3
19
11
11
17
17
13
15
17
19
19
15
5
13
15
9
11
19
11
14
17
13
17
15
5
19
9
13
13
13
13
7
20
19
15
13
5
15
9
11
11
11
11
9
15
16
13
19
7
13
13
9
9
15
9
13
17
16
7
15
7
17
7
9
11
17
11
13
15
19
13
19
7
15
11
15
11
17
15
13
17
15
19
17
4
17
15
7
11
11
7
7
19
15
17
7
10
13
7
9
9
9
9
7
9
15
9
15
5
9
9
9
13
17
9
13
15
17
15
13
5
15
11
7
11
13
9
7
13
15
18
9
7
11
11
4
5
13
14
9
7
7
15
17
5
17
13
9
9
9
7
9
13
17
17
17
7
11
7
15
7
11
5
9
17
15
14
19
5
15
9
5
3
7
3
3
9
9
15
13
5
19
9
11
7
11
11
7
12
15
17
15
5
17
9
2
7
15
9
17
17
11
16
11
4
15
5
5
5
5
5
9
5
7
9
7
3
13
5
5
7
3
3
7
7
7
7
9
3
13
7
5
9
9
7
11
5
9
5
5
5
9
5
5
9
5
9
11
12
9
9
8
9
13
7
7
9
3
7
7
9
7
9
3
5
6
11
17
13
47
26
6
39
8
4
8
6
8
6
2
14
11
4
6
8
8
28
8
14
4
10
6
10
4
4
3
4
6
8
2
4
33
4
6
8
4
6
4
4
2
28
8
8
7
2
6
34
42
4
8
39
4
14
8
2
4
19
6
2
2
0
50
8
6
10
8
4
10
4
2
4
4
34
10
4
8
6
29
8
10
12
8
4
6
8
4
40
4
17
8
10
10
6
6
6
6
8
4
6
13
4
8
11
4
6
6
12
38
64
10
12
8
8
6
2
8
45
6
23
18
11
53
13
13
12
8
6
36
29
7
14
10
9
6
6
4
6
8
6
4
10
2
4
6
13
4
4
2
13
9
6
4
4
10
8
10
36
50
2
4
6
37
2
8
0
6
57
4
4
37
4
31
10
6
6
6
4
31
6
4
4
8
6
4
6
8
4
27
10
4
17
6
8
10
4
29
8
4
6
8
17
10
10
13
14
8
6
6
4
4
25
8
8
4
43
8
25
6
12
6
6
4
4
8
6
4
6
6
6
50
4
6
6
6
4
9
9
62
9
66
6
6
31
10
54
8
9
2
4
10
2
4
31
4
10
4
31
7
31
12
10
6
4
9
11
13
5
9
8
8
6
12
6
6
21
6
43
8
6
6
8
42
35
8
15
