2
2
9
1
5
3
2
0
2
2
1
4
2
1
0
1
3
1
2
1
3
2
1
9
1
1
0
2
1
0
2
1
1
2
1
3
2
1
2
0
1
1
1
0
2
3
2
1
2
1
2
1
4
1
2
5
4
3
0
6
1
1
2
1
7
2
1
1
2
7
1
1
7
1
9
15
7
3
5
6
1
3
2
7
4
1
3
0
3
3
7
4
6
5
6
2
3
3
2
7
2
4
2
3
5
2
3
15
4
3
5
3
4
10
11
4
3
6
5
3
3
12
2
2
10
2
8
3
10
1
8
1
1
1
3
2
2
3
2
4
5
6
6
1
2
1
1
7
2
0
4
3
5
0
9
6
3
1
5
0
3
3
3
5
1
8
2
4
1
2
0
6
1
4
4
3
3
5
3
2
4
1
3
1
5
4
0
7
2
4
0
1
2
1
4
2
5
9
0
2
5
1
5
3
2
2
6
1
5
6
1
0
6
1
2
2
0
9
2
1
1
8
7
1
3
4
1
0
1
10
0
1
6
2
1
1
1
10
2
4
0
1
3
2
1
4
9
1
0
7
0
2
5
4
0
0
7
2
1
2
2
8
1
1
1
9
2
1
1
7
2
4
1
2
2
1
0
1
3
2
3
2
1
9
3
8
1
3
7
3
15
9
7
3
5
3
9
5
7
7
1
3
0
5
3
19
5
5
0
1
5
3
11
5
5
7
10
14
3
9
7
5
9
5
5
13
13
11
7
5
3
9
7
13
7
7
1
24
5
5
13
3
2
5
7
17
21
5
7
5
0
7
3
9
11
13
10
14
7
9
14
22
15
13
22
15
19
9
14
19
8
19
15
11
46
62
9
28
18
11
20
15
20
33
24
17
16
28
17
18
11
18
7
58
23
16
19
13
25
17
12
21
13
21
13
11
15
9
18
15
34
17
15
15
27
13
21
21
9
27
24
3
28
36
21
20
20
25
23
24
25
23
13
9
21
15
15
15
42
19
31
15
27
11
38
29
19
28
23
52
23
24
30
9
5
39
47
26
16
28
25
11
13
19
9
11
30
26
22
7
13
18
62
38
28
32
16
39
26
3
36
16
24
38
21
21
7
13
34
7
27
16
12
35
17
15
46
35
9
26
24
13
15
28
29
25
16
24
5
15
15
23
15
20
15
10
14
15
5
11
24
16
15
15
39
17
10
23
29
11
27
11
13
11
35
7
7
7
13
5
15
21
3
17
2
7
16
9
11
3
9
5
9
15
5
13
11
11
5
19
9
12
5
13
9
9
5
7
3
9
1
16
7
5
7
9
83
94
92
91
88
88
93
94
91
93
91
93
93
91
93
88
95
92
94
93
92
95
94
91
91
94
91
77
88
93
93
93
92
95
94
93
90
89
92
92
93
92
92
91
91
94
92
90
86
94
88
89
87
95
94
96
81
91
94
94
94
90
92
94
93
92
93
96
87
91
95
91
91
93
95
91
94
95
95
93
91
92
93
93
95
86
94
95
92
94
95
91
89
94
95
94
93
92
93
90
94
90
93
91
92
95
96
92
94
84
93
95
91
95
92
91
89
94
93
95
94
92
95
94
89
93
93
91
72
91
85
93
95
93
93
93
80
91
95
94
93
94
91
88
94
79
87
93
83
90
93
92
93
93
92
92
92
95
90
85
89
92
92
92
95
89
89
95
77
71
92
92
92
93
92
93
94
93
90
95
87
92
80
85
94
79
90
91
94
93
93
91
90
91
95
92
89
96
90
93
91
92
85
89
92
77
93
94
92
92
92
94
92
89
90
70
88
95
91
83
87
73
65
87
90
89
92
93
90
92
92
89
91
75
94
87
70
87
93
89
77
91
91
88
87
56
85
86
96
92
76
95
85
95
89
73
92
95
91
94
86
88
75
84
92
91
91
71
87
79
91
92
92
91
91
93
92
92
94
92
94
89
92
94
91
85
88
80
8
12
6
10
10
6
4
8
8
4
12
6
4
43
6
8
8
4
8
10
4
8
10
4
14
4
6
8
10
4
6
10
8
14
16
6
6
6
4
4
4
8
8
8
4
8
6
16
10
6
8
8
4
6
12
8
6
8
8
6
8
6
2
6
6
4
12
6
6
8
6
12
6
6
4
2
8
4
47
12
10
8
4
12
0
4
6
12
4
6
4
12
6
10
4
10
12
4
8
8
8
6
8
6
4
6
6
8
8
12
8
14
4
12
14
8
6
18
10
10
8
10
8
8
8
4
12
19
12
10
6
12
12
41
12
12
8
10
12
17
10
16
8
10
4
16
8
8
6
16
16
12
6
6
8
8
16
8
44
6
10
6
6
8
8
8
10
10
16
8
8
12
6
12
8
4
14
10
8
6
12
6
10
6
10
12
10
6
16
14
6
6
2
8
6
4
6
2
6
6
2
8
6
4
8
8
2
12
10
10
4
4
4
2
6
6
6
8
8
6
8
4
10
6
4
12
10
4
4
8
4
2
2
8
12
4
2
6
4
6
8
6
2
6
10
10
6
4
8
6
4
10
6
4
8
6
12
2
4
2
4
8
4
8
4
10
8
8
8
6
15
8
12
10
17
25
6
8
10
6
4
8
8
6
6
4
10
10
4
2
0
2
2
7
0
0
54
0
84
46
0
13
0
0
4
0
2
2
0
2
0
0
2
10
2
0
0
2
2
0
2
0
0
4
0
0
2
0
0
0
2
4
2
2
2
0
2
57
4
0
2
2
0
0
95
2
5
2
0
0
2
0
0
2
95
9
5
0
2
2
0
0
2
0
2
65
7
0
2
0
0
2
0
0
0
0
2
0
0
0
58
4
5
0
79
4
2
6
0
2
2
4
2
36
0
2
0
0
2
0
6
0
0
2
2
0
0
0
0
2
0
2
0
6
0
0
0
0
59
4
2
0
0
0
0
0
25
0
47
5
0
0
0
4
2
4
2
96
2
0
4
92
2
0
2
56
7
0
0
6
7
2
70
3
2
52
54
86
2
4
5
0
0
2
6
10
5
0
0
2
91
2
0
3
0
0
5
0
2
0
22
2
0
2
5
2
2
79
12
4
0
2
0
2
4
5
4
2
93
8
5
2
2
62
2
2
0
0
2
2
4
4
0
4
0
91
2
0
12
11
6
2
5
0
0
7
2
0
4
1
65
2
0
0
2
0
0
0
81
0
8
0
2
3
2
4
44
2
4
5
0
3
4
5
0
7
2
0
2
2
6
4
0
4
3
0
5
4
3
4
0
0
2
4
0
5
8
2
2
14
1
19
20
20
27
0
2
14
0
19
0
15
0
15
11
0
20
0
17
0
35
0
12
14
29
0
7
15
0
10
1
17
0
17
0
14
5
0
13
5
5
2
8
21
31
0
4
1
0
0
32
1
0
21
2
0
16
2
0
12
0
8
5
0
20
15
23
0
19
3
15
0
12
0
23
0
19
1
2
0
15
12
0
0
18
11
19
27
1
16
0
23
20
4
0
18
0
0
19
0
22
28
17
0
20
0
14
0
26
18
22
0
8
26
21
0
14
1
0
12
14
0
0
22
0
24
18
23
15
4
1
15
0
19
18
20
1
20
14
19
14
5
1
0
29
13
17
20
0
20
25
19
18
2
11
0
0
23
21
19
19
16
0
20
14
0
18
5
0
25
20
18
0
2
26
18
36
2
1
5
1
23
16
0
28
17
25
0
1
1
12
2
19
2
28
0
19
19
0
5
22
11
0
4
0
23
17
0
25
0
22
0
1
10
7
17
0
21
30
19
0
15
1
18
0
0
23
1
22
17
0
36
0
22
2
22
0
0
4
14
17
32
0
18
23
17
19
17
0
3
2
10
0
13
30
20
32
2
20
20
15
7
15
0
23
24
20
22
0
19
0
0
1
1
20
0
25
18
23
2
17
19
23
18
14
10
9
8
13
10
8
14
20
13
14
13
14
16
10
10
10
12
18
13
20
11
17
12
17
10
14
10
8
16
13
23
19
7
25
10
16
15
9
18
9
9
19
15
8
13
11
14
14
13
17
11
15
13
8
12
15
11
11
11
16
8
10
17
8
7
14
14
20
12
14
17
6
17
14
16
9
10
14
11
12
10
13
19
8
7
14
11
8
13
12
9
9
6
11
11
9
12
14
11
6
11
20
12
13
17
7
8
15
11
10
12
9
7
7
18
14
7
10
16
10
14
11
10
18
8
6
9
16
13
12
14
13
13
14
13
11
25
24
19
19
14
13
12
5
10
9
13
14
21
12
10
14
7
12
13
13
19
10
10
15
11
8
10
10
11
8
8
10
14
22
10
15
11
11
12
14
6
11
17
10
6
7
7
15
8
12
8
16
13
10
10
13
12
10
9
7
10
12
16
7
14
4
9
9
18
10
16
9
12
16
11
9
9
11
6
9
8
16
19
10
9
15
5
5
11
7
6
11
11
15
13
7
4
8
8
7
6
3
13
9
8
17
12
17
8
8
8
7
9
6
9
8
10
10
13
6
10
12
13
8
11
12
9
16
7
13
7
12
7
6
11
10
7
8
7
8
8
12
9
7
7
8
4
11
10
10
9
0
0
0
0
0
0
0
0
0
0
0
0
0
0
0
0
0
0
0
0
0
0
0
0
0
0
0
0
0
0
0
0
0
0
0
0
0
0
0
0
0
0
0
0
0
0
0
0
0
11
22
14
18
7
12
9
12
20
8
13
21
12
6
12
7
21
5
11
7
12
9
8
15
13
32
11
3
20
1
18
25
37
6
12
20
14
20
18
30
19
27
16
19
11
6
9
26
9
5
10
18
0
22
9
27
14
7
8
10
6
10
9
16
7
1
6
22
26
24
16
7
0
7
11
12
12
10
32
24
5
7
7
9
24
7
9
13
15
13
18
9
14
44
4
8
8
14
8
43
33
6
6
15
10
10
15
10
11
18
40
8
6
10
1
8
7
11
0
7
30
26
9
12
9
28
23
33
29
6
21
7
25
34
3
8
12
15
9
13
1
9
13
18
10
28
18
9
30
6
13
40
6
10
32
37
1
9
9
10
17
9
37
15
16
5
13
9
12
9
10
10
10
25
11
17
10
16
11
9
14
15
34
13
13
9
35
36
17
13
12
10
14
28
19
9
23
11
0
11
11
7
11
26
11
13
14
10
19
4
7
17
9
8
18
29
0
0
0
0
0
0
0
0
0
0
0
0
0
0
0
0
0
0
0
0
0
0
0
69
4
18
47
36
5
42
32
44
8
52
7
9
41
6
9
7
22
11
9
5
9
8
7
53
38
8
7
2
46
68
8
21
73
2
2
6
30
6
26
53
8
8
20
26
11
8
43
45
4
4
38
33
39
10
51
46
48
38
4
38
34
7
11
38
28
5
2
38
63
4
6
51
71
4
6
40
44
8
27
33
37
7
5
42
32
31
12
37
41
5
34
31
46
10
31
4
4
7
17
38
28
9
39
25
6
6
37
36
10
0
29
49
42
12
23
42
4
11
33
32
5
4
38
9
7
9
10
53
7
2
22
48
33
11
24
61
48
41
35
27
42
30
30
44
33
33
8
44
27
55
42
28
56
23
40
56
20
30
30
34
51
39
7
6
47
26
39
19
33
35
23
5
24
90
50
9
37
20
29
29
48
15
37
38
44
6
31
46
20
5
28
35
27
48
32
7
41
24
77
48
38
40
81
46
22
31
38
27
44
56
51
7
10
42
26
36
5
40
23
5
60
37
6
2
2
30
27
9
40
32
7
9
32
25
44
8
26
28
36
5
3
28
21
15
31
9
20
27
8
16
20
29
15
4
20
31
33
25
37
53
14
45
26
23
34
20
37
6
32
5
4
4
61
20
28
26
19
39
2
22
49
31
26
41
30
12
34
66
29
40
39
65
65
41
12
11
18
38
34
63
76
57
30
15
39
66
13
53
15
64
10
24
38
65
20
48
13
13
65
72
41
75
10
61
18
63
68
22
73
16
70
58
7
78
39
10
5
60
10
29
58
34
25
11
66
57
78
20
40
77
75
30
44
19
11
77
11
68
15
21
8
10
68
62
32
29
11
33
41
67
31
16
70
67
67
45
71
62
65
62
32
11
28
72
31
24
20
36
34
36
21
62
44
67
47
41
21
67
18
78
70
77
55
60
37
76
71
67
27
27
72
65
56
16
20
32
26
43
77
41
70
40
50
76
32
79
37
32
38
72
67
53
60
71
36
37
71
50
18
59
43
75
12
67
39
65
19
72
31
67
27
36
25
56
71
68
41
55
65
62
61
71
35
67
22
76
30
66
65
69
25
64
59
44
31
37
75
69
39
56
65
63
72
77
71
70
34
28
30
61
33
37
26
33
13
68
66
71
51
50
59
45
72
48
62
76
24
59
71
34
39
40
65
60
76
55
50
67
58
67
20
35
29
24
57
69
27
48
31
68
11
61
71
32
25
25
37
34
27
30
22
17
57
60
77
40
71
74
21
60
37
46
69
30
57
72
35
24
22
19
49
22
16
39
69
72
68
68
67
38
73
68
70
28
69
