10
8
16
10
14
4
10
22
14
12
10
8
8
4
10
20
10
10
8
6
20
6
8
12
6
14
10
20
16
16
14
14
10
8
14
8
6
10
8
10
6
6
8
4
6
12
8
10
8
10
8
18
10
8
16
8
10
10
14
12
14
12
12
6
10
16
10
16
8
12
22
12
6
12
16
12
16
8
12
10
14
28
10
12
8
12
12
8
6
12
14
16
8
10
10
8
24
10
6
8
8
16
18
31
18
10
8
18
12
16
16
18
14
16
8
18
10
4
6
4
4
6
10
6
4
2
4
2
6
8
4
18
0
4
6
8
4
2
2
2
2
6
4
4
4
2
2
8
2
6
4
8
2
4
4
8
6
6
6
2
6
2
6
4
2
0
4
8
2
4
4
0
6
6
4
2
4
4
10
6
4
8
4
2
2
4
2
4
6
0
4
8
4
0
2
2
6
8
4
8
2
6
4
4
6
6
2
4
6
4
6
10
0
2
0
4
0
4
2
6
4
6
6
4
4
4
4
4
4
4
2
6
8
12
2
4
4
8
2
4
0
4
4
6
4
4
6
6
0
8
12
6
2
2
4
0
2
0
12
6
4
6
2
6
4
6
4
2
6
6
4
2
2
6
0
0
6
6
10
10
2
6
0
6
6
4
6
4
7
5
7
5
5
3
9
2
2
2
2
3
2
2
2
3
5
9
0
0
2
5
0
2
17
2
3
3
3
5
15
3
2
9
2
11
3
7
3
7
2
27
5
3
5
3
5
7
11
7
3
9
5
9
3
3
7
7
9
13
13
5
5
5
3
9
9
23
13
9
9
11
17
11
5
5
3
9
9
11
9
15
9
7
7
23
11
9
9
7
9
7
5
11
11
3
11
15
23
13
5
5
15
23
7
11
9
7
5
11
5
9
11
7
5
11
7
9
11
3
7
7
7
7
7
9
11
7
9
9
11
15
13
3
7
17
13
11
7
11
31
5
7
13
15
9
3
7
7
21
11
11
5
13
17
25
19
19
3
9
7
25
11
19
7
3
5
15
13
25
9
23
7
17
9
13
5
9
15
7
23
15
19
13
7
9
7
11
15
7
7
13
9
15
11
15
7
13
9
17
15
11
15
13
11
9
11
9
15
13
13
19
15
15
11
11
17
9
17
11
15
13
47
7
19
23
3
11
3
23
19
7
9
13
11
13
9
7
7
5
7
7
9
11
9
7
13
11
19
7
3
7
5
11
3
9
2
11
11
9
7
2
9
7
11
7
3
5
9
7
5
2
7
5
1
7
3
7
7
7
19
9
2
15
9
5
7
5
4
2
2
4
0
0
21
0
0
0
2
2
0
4
8
19
77
67
2
0
2
6
0
81
0
0
2
2
20
0
0
0
0
2
0
4
0
4
2
2
4
81
0
2
0
0
2
4
0
0
0
0
47
2
2
0
15
0
0
2
2
0
0
0
2
2
2
0
0
0
2
0
4
2
0
2
2
4
0
4
2
12
0
2
2
2
2
0
2
2
0
2
4
25
4
73
0
0
4
2
0
2
2
0
0
6
68
4
4
2
4
0
4
0
0
2
20
0
2
2
4
2
0
4
4
0
4
2
4
2
0
4
0
13
2
2
0
0
0
2
0
4
0
2
2
6
51
2
4
6
63
0
2
4
2
2
4
2
2
2
4
0
2
0
0
2
2
2
0
63
6
2
0
0
0
0
2
0
4
0
2
2
0
2
4
0
0
2
2
0
0
70
0
0
4
0
0
4
0
4
2
0
2
4
2
4
0
4
77
0
4
0
0
0
2
4
0
0
15
0
0
2
2
0
2
2
2
0
10
2
0
0
0
0
0
4
2
0
6
0
0
0
0
0
0
0
2
2
0
2
4
2
0
0
2
4
13
4
0
0
86
0
0
0
0
4
0
0
2
2
2
0
2
0
20
0
2
31
0
0
2
2
4
2
0
2
2
2
2
3
7
2
1
3
5
3
3
5
9
3
2
7
7
9
5
7
5
3
3
2
5
5
3
5
3
9
5
5
3
3
5
3
9
9
11
3
7
5
7
2
5
5
3
7
5
5
9
7
9
7
3
2
11
7
3
3
5
3
9
7
11
3
3
7
3
5
7
7
9
9
13
5
7
17
3
5
5
3
7
1
3
3
11
0
7
1
9
5
9
5
7
7
11
19
15
11
7
11
7
25
7
9
15
13
13
9
13
17
7
7
13
17
13
21
13
13
21
17
20
17
19
17
19
19
7
15
11
15
19
13
17
21
19
27
13
27
9
17
15
13
13
21
13
23
21
7
17
25
19
13
23
19
17
11
15
11
11
13
15
15
17
13
11
9
13
7
21
15
17
21
29
13
17
13
23
23
9
29
19
25
23
27
27
9
7
19
20
9
29
7
7
17
15
9
25
17
19
11
5
17
23
23
33
17
17
31
33
35
15
9
18
13
17
17
13
19
25
11
15
27
17
11
19
13
9
13
9
22
17
17
7
7
9
15
15
15
15
11
21
21
13
27
15
7
9
9
15
11
15
11
11
5
17
7
0
7
9
5
5
7
9
7
9
9
9
11
2
11
3
11
15
5
9
13
5
3
5
5
9
9
5
7
2
11
9
5
50
32
53
72
45
49
31
28
40
47
30
60
51
63
18
60
54
73
72
34
28
77
82
38
79
79
87
57
78
62
37
38
24
35
73
74
79
41
61
80
83
69
79
43
34
39
47
36
34
35
82
69
77
14
73
42
68
80
57
25
28
40
45
82
75
35
72
37
78
22
36
51
53
84
58
82
23
71
79
34
30
79
87
77
41
30
59
64
85
64
77
23
64
85
78
57
17
54
41
53
74
36
73
59
43
28
77
76
81
83
20
36
83
48
76
35
36
60
42
85
74
40
60
32
72
66
62
41
46
45
33
34
54
25
28
23
29
28
30
19
41
15
40
41
22
37
53
76
40
14
42
26
51
30
71
46
59
79
78
77
70
60
46
40
26
25
51
60
35
39
72
71
58
28
41
23
25
30
25
59
36
38
38
48
49
14
69
24
46
41
60
72
62
24
55
64
31
81
68
60
36
25
47
40
61
81
33
67
49
26
30
18
56
53
71
52
44
36
70
63
41
84
75
31
39
41
74
56
68
65
58
35
73
16
60
21
22
48
36
82
68
27
50
47
43
73
76
71
33
86
27
24
47
58
64
69
72
16
30
60
40
40
79
72
75
28
31
47
80
35
25
54
40
83
82
47
42
84
35
65
41
14
66
61
34
31
69
68
8
15
10
8
21
6
17
13
23
17
12
21
13
15
14
19
6
14
12
25
19
15
8
8
8
12
23
21
19
17
13
14
6
23
17
21
10
29
21
23
18
6
13
17
17
21
15
19
14
12
14
18
19
15
13
16
10
23
14
14
12
16
14
15
23
8
10
14
29
23
19
14
19
27
17
21
29
8
19
21
12
46
17
15
12
12
21
10
21
18
12
17
19
21
17
21
14
21
17
15
15
8
14
12
17
29
17
17
15
39
29
19
15
21
12
19
14
21
27
17
25
15
19
17
14
17
14
23
15
15
15
33
17
21
31
12
11
37
14
19
11
27
14
12
19
29
25
39
15
19
17
23
14
15
25
17
25
17
21
17
39
23
11
13
19
31
33
17
29
19
17
21
19
23
38
29
33
27
15
17
25
41
25
19
21
12
23
10
23
15
27
29
14
10
14
41
23
10
27
21
21
14
19
14
18
25
12
19
19
14
14
21
14
10
21
23
17
27
21
29
29
31
14
15
14
18
15
16
14
31
37
27
12
12
8
15
19
15
12
12
6
14
6
14
12
16
33
12
21
12
10
17
11
12
12
15
10
15
25
15
21
33
21
25
15
17
19
15
23
13
15
19
14
14
12
17
17
19
15
25
8
8
23
15
6
12
10
8
10
12
12
6
12
5
8
17
16
7
11
9
7
4
7
8
7
11
14
6
5
6
4
3
17
10
12
9
11
14
10
4
13
13
15
6
7
10
13
14
12
8
8
9
13
11
7
8
13
18
12
6
25
18
10
5
10
10
17
11
7
3
10
11
7
16
7
9
5
11
5
6
10
9
28
14
8
10
7
7
21
16
9
11
7
9
13
9
4
5
8
8
14
20
14
7
10
23
12
13
1
10
14
14
30
12
16
13
35
15
17
46
15
26
23
15
19
18
15
15
27
16
23
17
12
16
15
15
15
29
30
18
20
30
34
13
18
23
19
13
21
47
14
21
16
29
13
14
14
16
18
12
11
18
13
9
20
13
14
17
19
19
9
14
34
27
13
20
14
25
15
17
38
4
19
21
30
35
16
15
13
30
19
15
43
30
20
15
22
20
21
7
19
24
29
21
22
17
15
14
18
18
14
19
23
19
10
33
16
21
14
34
21
18
29
9
18
28
16
20
19
21
20
20
16
25
11
18
20
18
13
28
15
16
13
37
28
24
14
19
18
14
13
26
18
15
47
16
33
18
24
23
12
17
12
16
18
20
16
23
23
33
11
17
4
24
23
17
18
45
17
21
14
49
22
13
23
14
19
8
29
25
18
16
11
15
15
16
21
13
8
10
17
14
6
6
6
14
16
10
12
6
12
8
15
12
10
10
17
37
6
12
8
11
10
8
14
10
14
19
16
29
12
12
23
23
10
16
10
6
14
12
10
8
8
6
6
10
4
14
10
6
12
6
8
12
12
6
6
2
4
10
8
4
14
16
14
10
6
8
12
4
12
12
16
12
6
8
14
12
10
4
14
6
8
12
8
10
11
8
16
4
10
2
8
8
6
12
16
6
6
8
6
8
10
4
10
8
2
6
12
14
12
4
8
6
6
8
10
6
10
4
0
10
6
4
12
16
12
8
2
6
10
4
8
10
10
4
6
10
8
10
10
16
6
17
6
8
18
13
6
6
6
6
14
8
8
14
25
17
15
14
33
8
21
8
31
23
31
23
60
12
10
17
12
19
33
8
12
20
16
21
57
12
29
17
13
12
33
12
12
12
29
14
27
27
12
14
29
12
19
12
12
23
12
27
23
29
10
25
17
29
25
20
10
16
14
17
14
10
21
37
6
14
23
4
23
10
10
14
14
10
20
10
10
12
25
10
8
27
6
25
25
19
12
12
27
19
31
13
29
25
8
21
12
12
21
12
10
14
18
8
10
8
10
10
14
8
14
6
10
8
6
10
12
14
12
10
12
8
6
12
4
12
17
8
2
2
0
4
2
0
4
2
0
0
2
4
4
0
2
2
11
2
2
6
2
0
2
2
13
4
2
0
11
2
4
0
4
4
4
8
0
4
2
2
2
0
4
0
2
0
4
2
2
2
3
2
2
7
4
2
2
9
9
9
12
4
2
2
0
2
4
2
2
2
6
0
2
2
4
4
0
4
4
0
2
2
4
4
4
0
2
2
2
2
2
6
2
4
5
4
2
2
2
2
2
2
4
4
2
2
0
2
4
4
2
2
4
4
9
2
2
3
2
6
2
5
2
5
4
4
2
2
4
13
0
2
4
4
2
0
2
6
2
2
4
2
5
6
2
2
2
2
2
2
6
2
0
6
0
4
2
0
2
2
2
2
2
4
0
4
4
4
2
13
2
2
3
0
5
2
2
2
2
4
4
4
4
2
4
2
6
2
0
6
2
2
4
4
2
0
4
2
2
4
4
2
2
2
2
2
8
4
2
2
2
6
2
4
2
2
3
4
4
2
2
2
7
4
4
4
2
2
9
11
5
2
2
0
7
11
4
8
0
9
0
6
0
4
9
7
11
2
4
3
0
2
2
0
2
5
2
0
13
4
2
2
2
2
2
5
2
2
2
8
2
2
2
2
2
7
2
2
2
4
3
2
2
6
2
2
2
2
4
6
2
4
4
2
4
2
4
2
4
2
2
2
9
4
4
2
6
6
2
17
4
2
2
4
6
2
4
4
6
0
2
5
2
6
4
4
0
0
0
8
4
6
4
2
6
2
2
4
2
4
2
4
2
3
4
8
2
4
4
6
4
0
2
4
4
0
8
0
8
0
0
2
15
4
4
2
8
6
8
3
2
2
4
2
2
2
17
5
2
0
5
7
4
2
4
6
2
13
11
2
4
2
2
0
4
6
4
4
6
2
18
6
2
2
2
2
2
4
4
6
2
2
2
4
4
2
4
2
2
0
15
4
2
4
4
2
4
0
4
0
4
6
6
6
4
0
6
6
2
2
0
0
4
2
4
0
2
4
6
2
7
6
0
15
2
2
4
6
4
4
2
2
11
4
4
4
0
6
8
0
2
2
0
0
6
4
2
2
4
13
4
2
4
5
0
4
2
0
4
4
2
6
0
6
6
2
2
2
2
6
2
0
2
4
2
2
2
6
2
2
6
0
4
2
4
4
11
0
2
4
8
9
2
4
2
2
0
4
2
4
4
6
4
8
2
4
6
2
2
3
8
2
6
4
0
23
15
4
2
4
6
2
6
2
8
0
6
4
7
4
2
2
4
2
2
2
2
4
2
4
2
0
8
2
6
2
