4
4
4
4
4
4
4
4
4
4
4
4
4
4
4
2
4
6
6
6
4
4
6
4
4
4
4
4
4
4
6
4
4
4
4
4
4
4
4
4
4
4
2
4
4
4
6
4
6
4
4
4
4
4
4
4
4
4
4
4
4
4
4
4
4
4
4
4
4
4
4
4
4
4
4
4
4
4
4
4
4
4
4
8
4
6
4
4
6
4
4
4
6
4
4
4
4
6
6
4
6
4
4
4
4
4
4
4
4
4
4
4
6
4
6
4
2
3
4
4
4
2
4
4
4
4
4
4
4
4
4
4
4
4
4
4
4
4
4
4
4
4
4
6
3
4
4
4
4
4
4
4
4
4
4
4
6
6
4
6
4
4
4
4
4
4
4
4
4
4
2
4
2
4
4
4
4
4
4
4
4
6
4
4
4
4
4
4
4
4
6
4
4
4
4
4
4
4
6
4
6
4
6
4
6
4
4
6
2
3
4
4
4
4
4
6
4
4
4
6
4
4
3
4
4
4
4
4
4
4
4
4
4
4
2
6
4
3
8
6
6
4
4
6
4
4
4
4
4
4
4
4
4
4
5
4
4
4
4
6
4
4
4
4
4
4
4
4
4
4
4
4
4
4
6
6
5
4
4
4
6
6
4
4
4
4
4
4
41
38
41
43
44
44
34
41
41
40
42
40
41
44
36
40
44
42
45
44
42
41
42
39
43
39
42
43
40
39
40
42
42
39
40
42
35
37
38
39
30
43
42
41
41
38
37
36
44
39
38
37
41
40
41
42
38
37
35
40
40
45
44
38
39
41
43
36
40
41
41
42
42
40
39
43
43
38
41
35
38
37
39
39
32
36
39
44
39
38
39
36
42
39
41
36
41
43
41
41
43
37
36
42
40
42
38
42
37
40
45
39
44
40
43
40
43
41
35
38
41
39
42
40
37
37
44
39
43
38
43
43
42
43
38
43
41
40
40
35
37
39
39
40
32
41
38
42
33
34
39
41
40
40
40
42
41
38
41
41
42
41
40
37
41
38
43
45
37
41
39
42
26
41
41
38
40
30
45
37
41
44
41
39
43
33
36
40
38
43
38
39
42
35
37
41
42
42
43
41
33
40
38
41
43
40
44
39
32
44
40
42
39
42
38
43
37
34
36
42
40
40
42
41
39
39
40
45
42
39
40
41
44
41
41
42
42
37
42
40
39
41
36
40
41
42
34
40
39
42
45
43
35
39
35
40
44
40
40
40
37
44
42
41
43
39
37
43
40
42
39
38
41
40
43
41
36
44
39
41
41
36
38
43
40
40
40
38
32
22
32
20
22
25
19
21
26
30
34
31
28
23
31
28
32
33
32
24
27
34
28
34
32
28
30
31
30
33
32
24
19
34
33
31
32
34
33
33
33
29
34
25
25
17
32
24
25
34
31
32
34
23
27
25
23
20
33
33
32
34
22
23
34
33
34
34
33
25
33
34
34
31
33
25
32
30
31
34
31
26
32
32
34
29
33
34
31
34
31
31
31
20
31
24
31
32
33
31
33
26
32
32
20
31
32
30
24
31
25
26
33
34
26
25
33
26
25
24
34
26
34
33
32
30
34
30
32
19
35
35
28
33
26
33
32
32
33
29
35
26
33
34
22
33
25
34
31
28
34
25
35
27
16
26
26
33
34
24
31
24
33
34
34
26
32
28
33
23
32
31
34
30
34
33
18
22
24
29
32
32
31
31
31
31
33
32
24
34
25
19
30
31
32
33
32
17
13
22
23
23
27
12
25
16
13
20
14
18
21
14
33
20
33
33
34
29
33
27
26
26
25
26
25
18
18
19
17
19
17
19
19
19
15
18
19
13
18
19
19
20
16
17
19
19
19
19
14
19
19
17
19
14
13
19
18
20
19
19
16
19
19
19
19
19
17
19
14
11
19
19
16
19
19
14
19
13
19
19
18
19
13
18
19
19
18
14
71
0
6
26
4
2
24
8
4
16
2
4
4
4
2
4
2
33
6
2
2
2
2
7
2
2
6
2
4
0
2
6
22
3
2
30
8
38
6
2
0
2
9
4
0
4
4
5
2
2
4
8
37
4
2
4
3
4
4
8
4
39
0
0
4
4
6
47
4
4
0
4
6
2
2
0
4
22
4
5
4
23
4
28
2
3
2
4
4
4
6
0
13
2
17
2
4
2
0
4
2
4
41
4
4
4
19
2
45
6
2
15
4
4
6
3
0
5
2
6
23
9
13
29
10
4
30
2
2
6
7
4
38
4
2
17
6
4
39
2
7
4
7
4
4
2
4
76
4
5
2
4
4
0
2
2
0
4
6
6
0
34
6
2
8
2
2
4
4
4
30
5
2
20
2
0
4
12
2
2
8
2
7
11
29
4
6
37
7
2
28
4
0
22
4
4
4
4
2
22
14
24
21
26
21
4
8
7
0
6
4
15
4
2
20
35
4
4
44
4
2
21
2
2
18
18
0
27
0
6
5
4
11
6
4
3
2
15
20
2
9
17
6
5
0
4
20
6
6
2
4
4
23
0
2
4
8
2
4
2
4
9
2
2
6
2
4
8
0
4
4
23
5
2
25
8
4
8
0
6
40
4
0
32
32
0
4
6
0
5
21
15
0
5
3
0
4
2
2
2
7
2
0
6
4
4
0
2
2
4
2
2
2
2
4
6
5
0
23
0
13
2
2
2
0
0
5
4
2
3
15
5
0
0
2
2
7
6
2
5
2
2
2
4
6
4
2
2
2
4
5
2
4
7
5
2
6
4
4
4
2
0
2
0
2
0
6
0
2
3
2
4
0
4
2
0
4
0
6
2
2
6
0
2
6
5
2
3
2
3
2
2
0
4
2
0
17
17
2
3
5
0
0
0
2
0
2
2
5
2
6
0
7
3
3
5
19
6
2
3
2
2
7
2
7
2
2
4
4
2
4
2
2
4
6
5
5
5
2
3
3
4
6
4
2
4
6
1
3
4
2
2
2
7
2
0
5
2
2
2
0
4
5
7
4
2
4
0
3
7
4
0
5
4
0
7
2
9
2
3
3
0
2
2
6
4
7
3
0
2
2
2
2
5
2
4
2
9
0
6
9
4
3
2
4
2
2
5
4
2
6
6
0
2
2
3
0
4
2
2
2
4
5
6
2
4
2
19
6
5
13
4
9
4
19
5
4
7
4
4
5
0
5
2
4
2
2
4
2
4
4
2
4
0
2
21
2
6
2
2
4
0
4
4
0
4
5
3
0
4
4
7
17
4
9
4
11
28
14
41
0
76
0
10
0
0
12
8
0
7
23
10
19
3
21
0
22
16
0
2
18
0
22
15
15
0
18
0
33
0
13
3
57
30
59
2
0
19
8
16
2
0
23
17
0
0
0
31
0
0
0
2
60
42
0
0
0
0
0
9
7
0
0
5
65
0
0
0
0
0
62
6
40
0
0
2
2
0
0
0
0
0
17
0
2
10
0
11
0
0
19
9
25
11
0
0
0
7
33
41
0
0
23
0
11
5
0
0
1
23
10
68
18
9
17
0
30
0
0
42
10
35
0
0
43
28
7
0
5
0
20
0
21
0
18
0
19
11
55
0
0
2
0
10
10
24
0
0
2
13
8
2
24
14
30
3
17
0
26
20
0
0
2
52
0
8
0
0
0
0
0
0
16
18
0
3
0
7
0
0
14
43
0
7
0
15
7
11
0
40
9
1
0
36
0
0
21
0
11
2
0
24
33
0
26
0
22
15
9
45
0
0
0
53
24
0
13
15
0
35
19
0
11
12
0
15
39
0
32
2
15
0
7
0
18
0
7
43
0
21
12
2
4
21
23
0
0
1
16
12
16
2
32
0
0
21
10
38
0
24
3
0
26
21
25
7
8
0
0
27
4
23
40
23
26
2
30
41
32
0
0
21
10
9
23
11
11
15
9
15
13
13
29
17
13
23
11
15
11
19
21
13
9
15
21
3
17
23
15
11
7
15
29
7
19
25
11
31
17
9
11
11
13
9
11
7
27
15
13
9
11
27
35
31
5
25
13
13
17
7
21
15
5
25
47
29
17
19
33
7
19
21
15
25
21
11
35
13
31
29
27
17
31
29
11
21
19
9
15
13
21
29
7
9
17
33
29
11
35
11
39
9
9
33
11
9
21
7
31
5
13
3
19
9
11
3
9
5
15
7
11
19
5
9
5
11
5
19
13
17
5
13
15
9
9
9
7
5
13
11
11
9
11
11
5
7
11
7
11
11
3
19
5
7
17
7
5
2
3
17
13
2
2
13
11
3
11
11
5
3
25
5
5
9
9
5
15
17
2
7
5
11
9
3
13
3
9
5
15
11
25
7
9
17
11
15
31
19
21
25
25
17
31
15
43
13
29
11
25
7
53
7
21
25
27
17
15
11
27
23
11
39
7
21
29
17
19
27
15
29
15
11
15
41
23
9
9
35
15
5
5
9
31
13
13
7
23
3
3
27
11
31
29
33
13
19
31
19
19
7
29
7
23
31
7
17
41
21
21
7
7
7
19
5
21
21
21
13
11
21
19
11
9
58
9
15
7
7
7
15
9
13
4
8
2
2
6
0
2
2
9
4
5
36
4
2
32
4
4
64
2
9
45
4
5
42
29
0
9
38
6
2
4
4
2
6
4
49
33
27
6
35
6
6
33
4
6
26
2
7
6
23
37
20
0
8
2
0
4
2
7
29
21
2
52
22
4
39
62
6
4
8
6
21
39
2
29
49
30
8
54
0
8
4
4
2
14
30
6
13
12
6
4
5
6
4
54
2
33
29
25
4
7
0
2
69
2
12
2
56
6
0
8
28
24
4
3
2
4
80
2
2
9
45
31
23
56
4
4
6
9
2
0
30
8
47
26
33
34
37
0
5
4
4
15
2
24
28
13
24
30
8
41
4
12
4
10
4
6
2
2
2
35
6
0
43
2
4
71
12
4
9
4
6
8
2
4
35
4
2
78
6
26
42
2
24
37
4
2
4
2
8
6
27
25
4
17
41
4
2
4
13
10
6
2
61
2
4
3
19
2
9
0
8
55
4
2
53
2
4
4
40
0
2
2
4
6
50
6
4
6
28
32
2
7
6
3
4
0
4
62
4
22
27
46
4
4
20
29
23
27
4
2
2
2
6
2
6
4
7
4
2
8
4
4
38
29
34
0
8
4
4
85
3
6
4
4
6
4
0
2
75
2
2
4
4
4
7
2
2
13
4
7
4
25
14
9
9
9
8
8
4
6
6
4
4
8
2
8
4
2
8
4
16
4
17
6
4
4
17
10
19
4
9
6
6
4
4
15
10
4
10
13
25
10
6
10
7
19
11
27
8
11
8
21
8
6
20
28
10
7
10
29
9
23
10
11
9
8
7
39
15
8
27
15
19
20
38
25
19
28
23
34
35
30
27
12
11
21
24
17
15
34
24
54
28
34
19
6
7
20
15
25
19
10
11
11
32
20
35
9
20
24
19
15
17
36
52
20
23
57
23
10
31
51
49
19
23
17
50
17
19
42
42
45
25
37
54
35
43
44
32
58
36
42
45
19
33
48
19
10
41
42
50
54
48
53
36
35
47
32
25
28
17
38
36
19
34
15
32
40
13
17
26
17
19
15
23
57
45
22
25
35
21
23
41
32
38
33
24
27
36
29
28
29
38
36
38
17
21
41
57
17
31
11
31
40
20
24
10
30
35
38
23
19
20
30
17
23
45
33
35
44
57
17
10
8
15
13
9
5
24
29
15
7
6
9
3
33
28
20
7
14
21
7
7
7
6
7
4
18
5
7
9
8
5
7
7
5
7
18
9
26
4
7
5
5
4
5
8
28
3
3
14
7
9
12
5
4
14
21
5
5
19
5
2
11
13
15
7
28
2
4
8
4
62
6
17
4
37
17
11
4
4
2
8
10
6
8
2
4
6
6
9
4
7
17
5
6
32
4
4
6
4
4
19
2
4
8
55
6
8
4
6
9
38
6
6
21
7
8
6
25
11
6
8
11
4
2
15
17
4
6
10
4
2
4
4
6
13
25
8
2
2
6
4
8
6
6
4
6
4
5
8
10
40
6
2
6
6
4
34
33
57
6
43
62
21
2
13
67
7
21
19
50
10
2
41
2
4
27
6
6
9
61
4
7
21
4
13
8
8
6
24
8
2
6
7
4
6
4
22
51
29
6
15
4
8
35
51
26
9
4
5
13
5
57
9
6
47
4
6
7
34
7
7
7
6
6
55
28
28
4
5
5
6
4
7
6
43
10
32
25
15
2
8
11
6
6
9
37
7
6
9
11
7
9
8
13
9
9
7
15
6
9
62
11
21
2
10
4
36
17
35
6
15
62
38
47
6
61
9
33
50
6
17
8
2
63
4
5
6
4
6
4
4
8
6
8
10
47
53
6
13
56
4
16
11
27
9
2
11
12
11
6
4
4
9
6
4
2
4
5
7
30
7
31
42
22
20
42
4
24
5
13
26
9
9
5
7
6
8
38
13
4
4
19
9
6
9
15
11
8
28
8
10
