0
2
0
0
2
2
2
2
0
0
2
0
2
2
2
2
0
2
2
2
0
0
2
0
0
2
2
0
0
0
2
2
0
2
0
2
0
0
0
2
2
4
0
0
0
6
2
2
0
2
2
0
2
0
2
0
0
0
2
0
2
0
2
0
2
0
2
2
2
0
2
2
2
0
0
0
2
4
0
0
2
2
2
2
2
0
4
2
2
2
0
0
0
0
2
0
0
0
0
2
2
0
0
0
2
2
0
2
2
0
2
2
2
0
2
2
0
2
0
2
0
2
0
4
2
8
2
2
2
2
2
2
0
2
10
0
2
2
2
2
0
2
0
0
2
2
2
0
0
2
0
0
0
2
0
0
0
0
0
2
0
2
2
0
0
0
0
2
0
2
2
0
0
0
0
2
0
2
2
0
2
2
2
6
0
2
0
2
2
0
0
2
0
2
2
0
2
0
0
0
2
2
0
2
0
2
0
0
2
0
0
0
0
2
0
0
2
2
0
2
2
0
2
2
0
2
2
2
0
2
2
2
6
0
2
0
0
0
0
2
2
2
2
4
0
2
2
0
2
2
2
0
0
2
2
2
0
2
2
0
2
0
0
2
2
0
0
0
2
0
0
2
0
2
2
0
2
0
0
2
0
2
2
0
0
0
2
2
6
0
2
2
2
4
0
0
2
0
5
4
4
2
11
4
0
2
2
2
2
6
0
2
2
2
0
2
2
2
2
0
2
7
4
2
2
4
6
2
6
2
2
2
8
4
0
9
9
0
4
4
4
4
4
0
4
4
4
2
2
2
4
8
0
2
2
6
2
4
2
52
4
2
0
0
2
0
6
8
2
6
6
2
0
7
2
2
2
4
2
4
6
8
2
2
2
4
2
6
5
2
4
9
0
2
4
28
0
2
2
2
2
42
2
4
0
2
2
8
2
6
4
0
4
4
7
0
6
0
2
6
2
4
8
4
2
2
2
0
2
6
0
48
2
13
0
0
4
2
4
0
2
2
0
2
4
2
0
2
4
0
8
2
2
2
0
4
0
10
4
0
4
0
13
4
2
2
2
0
0
4
4
5
0
2
0
2
45
0
0
6
2
8
2
2
4
6
2
2
2
2
2
2
4
2
6
6
6
2
2
2
6
2
77
0
4
0
2
6
4
2
6
3
4
0
4
4
4
2
4
0
2
2
4
4
2
0
0
4
6
4
0
2
6
2
4
2
2
2
6
59
0
2
4
2
12
0
0
0
4
4
4
2
4
4
4
2
4
0
2
2
0
2
6
2
0
4
0
4
4
11
6
2
6
2
4
4
17
16
17
17
19
18
20
17
37
30
14
18
17
17
19
17
23
12
15
16
13
17
12
8
17
17
6
6
12
14
16
20
6
20
15
9
9
6
12
11
23
23
13
14
10
18
17
14
6
10
13
10
17
14
13
18
22
16
11
11
16
29
14
12
23
6
15
18
9
12
16
7
20
11
14
23
2
5
11
15
9
15
19
34
10
14
18
23
15
14
6
17
13
25
15
15
8
13
15
6
28
19
20
27
21
18
23
21
6
21
18
28
12
29
14
13
15
19
18
30
16
26
19
10
19
17
14
12
35
35
8
26
34
19
16
29
18
19
23
36
15
24
17
26
9
14
15
24
12
10
10
15
16
13
18
13
14
7
12
12
15
13
22
14
10
12
6
16
17
10
9
5
7
6
11
12
18
11
17
8
12
12
13
21
8
5
23
8
5
8
16
11
8
14
11
10
22
12
11
6
4
4
14
6
9
15
6
9
11
10
14
11
1
11
13
11
8
8
22
8
3
9
11
6
2
4
3
7
4
3
4
5
6
3
8
9
7
8
6
10
9
5
7
6
9
5
11
3
7
5
8
11
12
7
4
6
9
8
5
4
4
2
10
4
2
6
4
4
5
1
6
6
0
8
4
6
7
9
3
7
3
7
2
9
6
9
5
6
3
3
3
5
7
5
0
1
1
3
5
5
0
0
8
3
5
5
0
5
6
1
5
1
3
3
3
3
0
3
7
5
0
5
7
7
1
1
7
3
3
3
1
7
0
9
1
3
1
5
0
5
5
7
0
3
3
5
1
1
1
5
1
1
3
3
3
1
3
1
9
5
0
5
3
5
3
7
7
7
0
0
7
7
5
0
0
7
1
3
0
1
5
7
7
3
5
5
5
1
3
1
0
1
3
3
7
0
5
3
3
7
7
3
7
3
3
0
3
5
5
7
3
5
0
3
3
3
7
1
3
5
0
3
1
1
0
3
5
9
1
11
1
1
9
5
0
3
1
1
1
9
1
5
5
6
1
1
0
0
1
3
3
1
1
3
0
3
3
0
5
0
3
0
3
3
1
1
0
7
1
8
3
3
3
3
1
7
5
5
0
3
1
1
3
1
0
9
3
1
3
5
5
6
3
3
0
7
5
1
7
3
3
1
5
3
5
0
3
3
9
1
3
0
3
5
0
5
3
3
5
1
0
3
3
1
3
9
5
1
5
5
1
3
9
3
3
0
5
5
5
5
7
7
0
3
0
5
1
1
0
5
0
5
5
3
5
3
5
3
7
3
5
5
3
3
5
5
13
3
1
5
5
0
3
1
7
5
8
12
6
4
6
10
8
9
4
10
17
10
8
15
10
4
6
8
17
6
8
4
6
6
4
6
6
7
6
8
25
8
6
12
15
2
4
6
6
4
8
4
6
6
8
16
5
15
6
9
4
6
8
11
6
6
8
10
9
10
10
15
6
15
11
6
11
8
8
8
7
11
5
10
6
8
6
6
6
16
10
11
17
21
8
6
4
8
9
6
11
6
12
8
21
15
9
11
13
9
11
6
15
15
10
6
11
17
4
15
8
9
15
15
6
9
17
13
4
11
13
9
15
20
9
17
11
13
11
12
11
15
11
13
10
17
9
11
13
13
11
13
22
13
13
13
11
17
23
8
13
13
17
19
11
8
21
27
9
11
13
6
9
19
6
19
17
6
20
9
15
18
15
32
13
22
13
28
18
6
8
29
22
11
25
15
6
15
28
19
27
21
24
15
26
31
4
23
15
21
6
15
21
23
13
15
11
4
8
16
8
15
11
17
6
12
12
15
9
13
11
19
19
23
15
7
15
7
9
13
8
26
26
24
32
16
15
6
15
7
22
9
22
13
6
23
8
15
27
11
22
13
15
15
9
15
9
15
9
9
22
17
14
17
13
13
11
6
15
11
8
11
15
13
9
17
7
9
21
29
11
9
15
21
11
11
16
15
6
4
4
8
4
8
10
6
8
6
2
2
6
8
4
4
9
2
4
4
9
6
9
3
12
2
27
4
0
4
6
6
4
4
10
11
5
11
6
6
10
10
9
7
6
6
8
6
7
8
6
10
10
6
10
6
11
17
17
8
15
17
4
6
8
7
6
5
6
6
9
8
11
6
7
6
8
7
2
6
6
7
5
6
6
6
4
17
6
10
12
4
4
6
4
8
5
4
4
8
6
7
8
10
8
8
10
6
11
7
8
17
5
10
6
7
9
6
4
6
9
49
6
18
8
11
11
12
12
15
15
21
12
9
13
6
4
6
6
4
2
8
8
10
8
8
13
6
14
12
6
4
8
8
12
7
6
40
6
8
8
6
7
8
8
13
6
6
11
8
4
4
6
10
10
6
4
9
10
8
4
6
8
21
4
7
8
8
8
6
5
6
6
6
8
4
11
13
13
4
6
6
6
7
8
13
6
2
6
6
8
8
6
8
6
7
5
9
8
6
6
6
64
4
4
4
8
30
6
5
7
6
6
8
6
6
6
4
6
4
4
6
8
4
8
6
6
6
2
4
4
4
6
6
6
6
4
6
10
4
8
8
8
6
15
12
8
8
6
4
6
10
8
6
8
4
34
12
9
6
8
6
6
8
6
8
8
24
13
15
1
0
12
2
11
2
1
1
38
12
3
11
10
13
4
12
0
9
14
3
2
0
0
0
9
1
15
1
5
1
15
14
1
18
1
3
17
0
11
3
1
15
1
16
0
30
1
0
1
11
2
3
3
2
10
4
12
11
17
1
12
7
11
10
9
0
0
13
5
12
19
13
9
1
12
4
14
8
17
25
1
1
6
9
4
0
7
3
16
9
12
3
1
9
1
8
16
4
3
0
2
8
0
1
7
19
11
19
19
0
15
2
3
7
9
13
0
0
1
2
6
1
13
2
5
7
9
12
5
16
2
5
1
12
16
18
11
5
9
8
11
2
1
12
4
5
2
3
1
5
3
10
7
3
9
9
19
23
13
12
23
8
3
1
3
0
3
1
33
0
24
13
12
2
2
36
3
0
1
17
13
4
0
10
3
11
11
2
13
1
20
11
13
4
10
11
12
1
1
14
12
8
2
1
2
8
0
12
1
5
1
3
1
0
10
1
14
17
0
2
6
11
2
0
15
11
15
1
22
8
9
13
4
2
1
1
16
4
14
20
1
4
14
12
2
2
2
9
7
2
4
5
11
12
22
18
1
9
13
1
3
10
16
14
1
10
8
6
0
11
14
10
14
3
0
13
17
14
8
3
13
8
22
16
2
1
6
0
2
4
2
0
2
2
4
2
4
2
4
2
2
2
0
2
0
0
2
0
2
2
4
4
4
4
2
2
2
8
6
2
0
0
0
2
4
4
2
2
4
0
4
0
0
4
2
2
0
0
2
0
6
6
4
2
6
4
2
2
2
0
4
0
0
0
4
2
2
2
4
4
0
4
2
0
2
2
2
2
2
4
2
2
4
4
0
2
0
0
2
2
2
2
2
4
0
2
4
2
6
0
2
2
0
2
2
2
2
4
2
4
4
4
0
0
2
4
0
4
2
4
2
2
4
2
4
0
6
4
4
4
0
6
6
2
4
2
0
4
2
2
4
2
2
4
2
2
4
4
2
6
2
6
2
2
2
2
4
4
2
4
6
2
4
2
6
4
4
2
2
4
2
4
6
6
2
4
4
2
2
0
0
0
2
0
4
2
4
4
0
4
4
4
2
2
6
2
0
0
4
6
0
2
4
0
6
4
4
4
4
4
4
4
2
2
6
2
2
2
0
2
4
6
2
6
4
4
4
4
2
6
2
4
6
2
0
2
4
6
0
0
6
0
2
4
0
4
2
2
2
2
2
6
2
8
2
4
4
2
4
2
2
6
4
0
4
0
0
4
2
0
4
2
2
0
2
2
0
0
4
4
2
2
0
6
18
35
37
43
59
39
44
42
64
59
37
38
30
30
27
39
52
37
35
63
35
44
55
32
45
49
43
52
30
41
39
27
57
56
42
37
39
39
45
27
36
41
28
45
54
59
32
41
34
50
46
49
50
32
34
39
41
35
56
39
44
44
32
51
19
51
44
30
37
38
44
45
55
28
45
34
64
43
25
32
50
19
36
32
30
34
23
13
10
28
27
34
25
21
21
32
18
42
25
32
46
34
43
41
32
21
45
34
37
57
45
37
46
48
49
36
35
63
25
32
20
39
40
47
28
43
50
39
39
30
50
41
28
37
64
32
39
52
45
32
45
20
42
46
39
50
52
46
45
42
41
30
32
19
28
46
25
34
36
23
37
34
23
37
10
25
39
34
39
28
27
25
47
21
34
52
30
49
30
34
41
34
39
56
34
37
39
40
36
41
51
39
45
41
37
34
36
34
52
37
52
55
30
50
37
18
59
54
45
39
37
44
64
69
42
54
42
47
35
47
47
42
52
39
19
57
54
47
30
37
37
45
40
27
37
37
63
46
39
52
43
51
47
68
34
47
54
28
50
54
37
59
42
42
53
25
49
44
57
45
43
25
34
34
52
45
43
30
23
25
45
57
61
32
40
46
35
40
45
37
44
41
32
32
42
42
28
66
6
5
4
2
0
4
2
2
2
4
2
4
2
4
2
0
2
2
2
4
0
0
2
2
2
0
2
0
0
6
0
2
2
2
0
2
2
0
2
2
2
0
2
0
4
0
2
2
0
0
2
4
2
0
4
4
4
0
17
2
0
2
6
4
8
6
2
2
2
0
0
4
0
4
2
0
2
2
2
0
2
2
2
2
0
2
4
6
0
2
2
0
2
0
4
4
2
2
2
4
2
3
2
4
2
2
2
4
4
2
6
4
2
0
2
2
0
6
0
2
2
2
8
2
4
12
4
10
2
4
0
4
2
4
4
2
8
2
0
4
4
4
4
2
2
4
2
2
2
4
8
2
4
2
4
2
6
2
2
4
2
2
0
19
2
6
43
0
2
2
4
10
4
6
4
2
4
2
37
4
2
2
2
9
2
2
4
10
0
2
2
4
4
2
2
2
2
4
2
0
2
2
2
0
4
2
4
4
4
2
2
2
2
8
6
4
6
4
4
2
2
0
4
2
2
0
2
2
2
2
0
2
6
2
4
2
2
2
4
4
3
2
2
5
2
4
2
2
2
2
2
2
6
2
4
2
2
0
4
2
4
2
0
4
0
0
2
23
2
2
2
6
0
2
0
2
2
2
0
4
0
0
4
2
2
4
0
2
