22
39
17
32
32
28
45
34
47
21
18
24
34
17
39
28
14
11
9
42
42
38
48
38
41
26
25
18
15
19
18
15
30
20
37
42
20
30
35
16
29
16
16
16
18
19
27
10
14
28
26
36
5
17
25
11
22
40
27
44
30
29
28
24
29
56
18
21
41
30
40
31
37
14
39
23
22
20
33
15
25
43
28
22
18
30
20
36
28
32
27
37
27
29
40
50
19
21
44
23
14
19
37
25
12
18
31
21
58
27
11
55
25
19
10
34
57
35
28
69
14
11
15
61
17
36
16
8
39
44
20
49
30
27
42
33
36
12
31
33
29
26
26
36
42
28
13
36
23
31
44
32
14
30
40
33
31
43
26
38
47
28
27
38
17
34
52
38
44
51
39
18
30
37
14
55
38
42
57
47
36
55
61
51
34
32
44
49
63
46
54
41
32
41
59
26
31
33
58
46
38
15
32
34
43
37
36
28
47
18
23
31
39
18
60
19
21
42
30
36
54
17
20
23
38
25
12
21
27
19
27
23
39
18
16
9
36
26
7
52
26
18
25
13
17
42
20
14
38
14
8
19
35
16
18
15
17
23
14
29
27
20
24
14
31
13
15
19
11
9
10
24
21
21
27
25
25
19
35
25
22
16
17
11
18
18
23
44
11
22
11
41
14
35
13
11
26
20
11
14
25
14
20
9
12
52
17
2
12
4
27
67
6
19
18
18
19
2
15
17
22
17
13
13
29
17
20
46
16
24
28
17
41
21
13
14
27
27
14
28
25
34
32
21
42
22
10
49
50
33
11
57
47
48
19
47
61
46
9
45
50
59
74
53
39
54
48
59
32
44
40
60
58
34
32
43
56
51
24
42
29
55
15
34
51
71
55
59
73
33
59
57
68
63
15
45
25
34
27
61
30
71
38
41
38
14
11
51
34
31
54
36
59
55
31
71
62
32
9
42
66
47
37
41
31
42
25
50
45
37
13
31
52
55
47
39
31
42
44
62
42
29
55
32
56
41
41
49
62
70
71
36
58
54
14
31
65
63
43
66
57
42
53
47
50
47
46
46
31
45
38
32
44
35
36
30
43
48
7
30
57
30
33
68
64
51
37
31
40
35
6
54
61
49
43
44
42
67
41
39
59
65
8
41
39
22
36
26
42
52
63
46
44
25
64
53
51
56
36
37
32
25
34
38
46
21
80
53
34
44
35
27
63
66
39
14
44
23
60
29
38
21
31
38
26
41
38
21
22
41
13
24
31
60
32
31
21
21
30
13
19
17
10
40
41
17
54
20
31
19
16
20
38
46
23
16
45
53
54
48
64
43
64
53
60
51
43
47
74
79
79
66
55
66
76
59
85
67
41
55
67
61
52
40
43
44
50
55
65
39
16
26
62
53
46
36
84
47
45
45
46
44
20
57
22
22
25
56
48
18
51
14
66
67
31
32
1
33
41
25
58
54
20
45
48
55
14
55
43
43
39
30
40
27
43
42
60
38
13
61
68
47
29
70
45
49
32
36
27
52
14
52
63
46
49
46
47
38
56
35
36
55
27
48
50
35
42
37
49
47
53
29
24
38
20
71
63
55
46
59
81
21
45
24
41
48
19
64
54
54
36
35
46
86
46
56
44
34
18
59
35
70
61
40
54
56
45
35
53
35
13
42
53
78
87
76
28
28
35
28
47
35
58
35
70
78
64
55
48
83
56
81
41
38
12
38
46
47
84
43
69
47
74
47
87
44
20
43
62
34
52
57
80
59
51
64
82
29
27
68
53
29
76
66
77
47
65
37
75
41
57
50
20
37
42
42
27
34
31
30
31
27
22
8
36
37
52
43
40
37
37
45
29
42
13
38
41
26
34
32
38
36
32
39
36
33
17
36
35
34
17
35
22
32
17
18
5
26
16
28
6
3
11
5
3
3
12
19
5
18
5
11
9
8
18
11
15
10
11
9
24
5
8
8
0
2
0
2
2
0
2
2
2
2
0
0
0
2
2
0
2
0
0
2
0
0
0
0
2
2
0
2
3
0
2
2
0
0
2
4
2
2
0
0
1
2
2
2
2
0
2
2
0
0
0
0
2
2
2
3
2
0
0
0
2
0
0
0
2
0
2
0
3
2
2
0
0
0
0
0
2
0
2
0
2
0
2
2
4
0
0
1
2
0
2
0
0
2
2
0
2
2
0
2
0
3
3
2
2
0
2
0
0
2
2
0
2
2
2
2
0
0
2
2
0
2
0
0
3
2
0
0
0
0
2
1
0
0
0
2
0
0
0
2
0
4
0
0
3
2
0
1
2
0
2
2
2
2
0
0
2
0
2
2
2
0
0
0
0
2
5
3
2
0
2
2
2
0
2
2
2
0
2
2
1
0
0
0
2
0
2
2
2
1
0
2
0
0
0
2
2
0
2
0
0
2
0
4
0
0
2
3
2
0
0
0
2
0
0
0
0
0
2
2
2
3
3
2
2
0
0
4
2
3
2
0
2
0
2
0
0
4
2
0
0
0
2
1
2
0
2
0
2
0
2
0
0
0
0
0
0
2
0
0
1
2
2
2
0
2
2
0
2
0
0
0
2
2
2
0
0
4
2
0
0
0
2
0
2
4
0
2
2
1
3
1
1
2
5
0
2
5
5
1
4
4
1
2
0
2
2
2
0
1
5
2
2
19
3
3
13
5
4
1
5
2
33
2
0
2
1
7
1
4
5
2
2
3
3
3
2
2
2
1
2
1
2
3
4
1
3
4
1
2
4
1
1
2
4
1
21
4
1
2
11
2
5
2
2
2
2
1
1
3
1
1
4
4
6
1
4
2
5
1
2
2
2
1
2
3
2
2
2
0
4
0
1
2
1
4
3
0
9
0
3
7
4
3
4
0
3
3
4
4
5
1
0
4
0
0
4
2
2
8
2
0
4
2
1
0
1
2
0
0
6
2
2
1
0
1
1
0
1
3
0
3
3
3
0
1
2
2
4
4
1
1
3
4
5
2
1
3
1
3
2
4
4
4
2
1
3
1
4
3
0
3
2
0
5
1
4
0
2
3
2
3
5
2
2
0
3
3
2
3
34
3
3
0
1
5
0
2
2
2
1
2
86
2
2
4
0
4
0
2
6
2
6
0
3
2
0
3
1
0
1
2
2
2
5
2
1
2
1
0
1
1
0
5
5
0
4
2
2
1
1
1
1
2
3
2
0
3
1
2
2
2
1
3
2
2
2
2
2
6
4
3
2
2
4
7
1
7
5
0
2
4
2
2
5
3
8
7
5
14
24
9
9
9
28
20
7
5
7
22
5
21
7
4
5
26
9
9
22
8
8
15
7
2
20
5
4
20
5
7
26
4
3
19
28
7
18
7
5
20
7
6
7
19
7
7
18
5
24
15
5
4
8
8
4
25
5
6
27
7
7
21
7
5
29
6
11
8
17
5
21
4
5
20
7
22
18
4
6
23
3
4
27
7
8
21
4
5
2
4
5
5
28
7
6
23
7
17
10
7
28
5
7
22
24
6
25
8
5
26
7
24
23
7
5
27
5
7
22
6
5
20
7
28
6
7
9
4
5
6
8
5
20
4
7
25
4
6
3
16
2
5
17
5
4
18
8
4
26
7
7
6
20
5
5
25
7
22
5
9
27
4
7
26
23
5
7
11
7
4
7
6
24
5
5
7
22
6
5
9
3
6
4
16
5
4
24
24
4
17
7
3
21
3
6
15
7
8
24
5
6
20
7
5
7
7
22
7
7
23
4
5
21
6
7
18
9
2
16
4
4
27
3
10
23
9
9
6
5
24
7
6
23
5
8
24
6
7
8
19
5
25
5
5
20
5
7
20
6
8
25
7
6
20
8
5
4
22
5
2
27
6
9
23
7
7
26
5
6
7
30
8
6
21
8
8
27
4
5
24
8
9
6
22
0
7
5
5
0
3
2
1
3
5
0
3
0
1
0
5
4
1
0
0
0
5
2
2
0
0
1
7
0
2
0
0
3
0
1
5
1
2
7
2
7
0
3
0
2
2
2
0
0
0
2
7
0
1
0
1
56
0
0
0
2
1
1
2
0
0
0
13
1
0
0
5
2
1
0
1
1
0
3
50
3
3
3
1
2
0
5
0
2
0
5
0
1
0
9
3
1
0
0
0
9
0
3
1
7
3
0
2
3
0
7
0
0
1
1
1
1
3
4
0
0
5
1
0
0
0
5
3
0
1
0
0
1
0
0
1
1
1
4
0
3
0
3
3
1
0
3
3
1
5
0
2
0
2
0
1
0
48
0
3
0
2
3
3
0
0
1
0
0
0
1
0
3
3
0
0
51
3
11
49
0
4
3
5
1
3
4
1
0
5
3
3
5
1
6
1
1
3
0
0
0
2
3
0
0
1
4
2
4
2
3
1
0
0
3
0
0
0
0
3
1
0
7
0
4
30
1
1
3
3
1
3
1
1
0
1
1
1
1
0
1
1
1
1
5
3
0
1
3
1
0
49
1
0
1
0
1
1
1
0
0
3
0
1
3
0
1
0
3
1
1
0
1
1
0
0
0
0
1
0
0
1
0
7
0
1
1
0
18
28
45
26
42
51
41
54
28
24
37
43
41
28
31
36
42
37
29
41
24
37
23
33
32
35
43
22
34
31
44
27
30
33
34
37
42
46
34
39
37
27
37
42
39
25
38
33
28
34
35
44
42
41
35
25
21
38
74
44
39
79
38
26
37
32
39
40
33
53
44
32
32
42
37
35
39
43
27
39
37
34
31
25
41
40
46
43
30
39
37
41
24
68
63
44
38
42
29
39
36
42
37
36
42
39
43
24
27
42
45
37
42
24
35
35
34
35
41
37
40
38
26
29
37
41
27
22
22
32
39
39
36
40
35
36
39
38
38
34
39
42
23
38
34
29
38
39
45
34
37
38
38
44
37
36
42
27
17
39
29
40
41
45
39
42
36
38
28
41
39
39
41
28
38
37
40
40
29
41
38
23
27
20
42
37
37
37
28
34
28
33
43
47
43
36
39
31
40
57
36
40
33
30
42
38
38
42
37
36
53
27
44
35
34
41
44
30
27
37
39
45
35
35
33
37
42
51
24
74
40
36
36
36
37
23
37
34
42
41
41
65
42
41
35
38
44
65
40
39
42
31
40
35
27
39
37
43
42
33
47
42
30
38
37
43
29
37
21
36
37
44
25
42
34
45
34
42
49
47
44
37
37
37
38
40
46
48
2
4
0
4
2
6
4
6
4
4
4
2
2
8
4
2
2
2
4
8
2
2
2
6
4
2
6
6
2
0
6
15
8
4
4
4
2
4
6
6
6
8
2
2
2
8
2
10
6
6
2
4
2
8
0
6
4
8
2
2
2
0
6
2
4
6
6
4
6
2
6
8
4
2
12
8
6
6
6
10
6
2
6
4
2
6
4
4
6
6
2
8
2
4
2
2
4
4
2
8
2
6
2
4
4
2
4
8
10
8
6
0
4
4
4
4
2
0
2
6
8
10
4
6
8
4
4
0
4
4
2
8
2
2
10
6
4
2
4
0
4
8
6
6
2
2
2
4
4
6
4
2
2
8
4
6
2
4
0
2
4
2
2
6
6
2
4
2
0
4
2
4
4
4
4
4
2
2
8
10
6
0
4
2
8
4
6
2
0
4
4
4
6
2
4
8
6
4
2
4
6
4
4
10
6
8
6
6
6
6
10
2
6
12
4
6
4
2
4
6
14
2
2
4
6
2
2
2
6
4
4
19
12
4
6
25
4
2
4
6
4
6
6
6
6
4
6
10
4
6
2
2
4
2
4
6
2
4
2
4
0
2
0
0
2
6
2
4
4
6
6
6
4
4
4
0
6
8
2
4
2
2
0
8
2
6
4
0
2
39
4
2
5
4
0
4
7
2
3
21
0
2
5
2
15
4
4
4
9
2
4
2
4
4
4
2
9
0
2
4
2
4
4
2
2
2
2
27
7
4
2
2
4
2
2
4
4
2
4
2
9
5
4
17
7
4
7
3
4
29
2
2
4
2
7
0
2
4
2
2
4
13
2
2
4
2
5
4
2
4
0
7
3
4
5
7
2
11
2
7
5
23
2
4
19
2
2
2
2
4
9
2
2
2
2
4
4
4
4
4
5
2
4
2
2
0
2
7
4
5
0
2
9
2
4
2
4
2
4
2
4
29
0
2
2
5
9
5
2
7
17
4
2
4
2
5
7
2
4
2
4
5
4
4
65
4
27
4
4
4
2
4
11
4
45
4
4
11
4
2
31
9
4
5
4
4
4
2
4
2
13
3
2
25
3
2
44
2
5
5
2
2
3
2
5
25
5
5
27
2
2
4
51
2
4
4
7
5
4
37
4
2
4
5
2
21
4
4
4
2
4
5
9
5
4
4
2
4
2
2
2
33
4
4
7
4
2
5
4
7
5
2
4
2
4
4
2
2
2
4
2
7
5
4
2
4
2
2
0
5
2
17
4
9
2
4
5
11
2
5
5
9
5
7
7
11
7
11
11
2
19
7
4
5
9
9
