2
4
0
4
2
2
2
0
4
6
4
5
4
47
6
4
4
2
2
0
4
16
4
0
4
5
4
2
3
19
6
6
4
4
0
4
2
4
0
5
2
6
2
4
4
2
28
2
6
7
4
4
6
2
17
28
25
0
6
4
2
2
6
6
4
2
2
17
11
3
13
3
13
6
4
29
2
8
2
13
4
19
5
2
15
8
35
4
2
4
2
4
4
4
4
20
4
4
4
18
6
21
0
17
19
4
7
9
5
25
4
14
0
11
2
4
4
8
4
4
2
2
3
4
6
9
6
5
2
21
2
16
4
6
2
2
4
28
4
2
4
4
2
13
30
13
4
19
4
16
8
2
5
10
7
7
6
2
0
2
0
2
0
11
6
11
20
7
2
15
20
19
6
2
0
2
2
6
4
13
4
13
22
20
4
2
4
11
2
11
2
2
8
6
4
2
23
4
3
4
4
25
5
6
4
4
3
4
2
6
10
6
9
2
27
2
4
2
9
0
4
5
7
21
2
46
0
6
5
40
4
6
2
4
19
6
4
4
0
2
0
0
2
2
2
2
4
19
19
4
19
2
4
4
4
6
2
2
4
4
2
2
6
6
4
0
2
0
2
4
0
2
6
2
2
8
2
4
8
2
2
4
2
2
2
2
2
4
53
2
25
84
9
29
13
13
25
13
12
26
4
4
35
8
34
25
8
63
45
29
10
38
2
34
12
13
2
10
24
10
24
13
6
41
0
19
15
51
15
48
61
12
10
51
11
72
55
2
66
60
26
41
8
57
17
57
15
11
4
25
45
31
10
11
54
55
0
13
16
65
0
42
13
17
29
17
33
12
2
15
8
71
2
55
37
48
10
17
9
8
4
15
36
14
2
37
10
26
51
10
8
41
58
24
37
12
4
28
55
15
13
50
15
11
11
12
51
13
48
0
23
46
48
12
12
9
2
28
9
8
2
2
9
13
9
13
52
61
38
39
23
15
2
0
0
8
53
17
37
44
0
12
15
51
0
47
13
14
51
60
11
8
12
8
49
11
2
48
13
24
29
21
11
43
17
59
49
21
0
0
83
34
19
2
9
6
25
11
15
17
36
51
2
0
2
36
63
51
30
9
10
37
51
0
21
58
13
49
4
13
25
24
55
46
0
38
8
16
9
19
13
6
4
56
36
27
2
4
6
26
7
7
40
13
31
61
25
13
4
0
35
13
6
15
28
38
42
17
62
8
6
33
11
10
11
20
9
8
33
35
46
7
48
40
0
21
15
50
50
27
14
15
10
50
50
6
9
13
45
57
31
11
9
19
68
47
6
6
11
5
4
13
20
13
7
17
6
24
9
9
9
13
2
8
11
0
0
2
24
6
9
17
16
7
8
11
8
44
23
10
9
15
21
7
13
18
26
12
11
7
14
18
17
17
7
8
9
7
10
9
18
6
13
19
7
28
19
9
17
19
13
7
4
17
13
19
34
9
19
6
4
17
11
11
21
21
30
6
15
13
17
31
11
11
6
13
12
9
16
7
11
7
16
28
15
13
9
11
24
5
9
20
11
5
21
16
9
13
22
7
11
9
19
6
15
15
15
26
17
16
9
25
6
9
9
25
14
15
15
5
6
11
13
13
30
13
13
9
22
7
15
24
18
16
9
20
15
19
15
14
9
18
16
16
9
22
17
15
6
25
13
18
13
17
20
13
13
13
22
20
2
23
17
22
50
17
24
6
11
7
17
13
11
13
7
19
23
39
13
15
11
23
26
25
25
26
28
17
13
20
16
17
20
11
20
16
26
9
15
11
18
38
13
9
7
21
7
13
9
12
11
29
20
11
11
11
13
9
11
21
9
21
6
11
18
14
13
9
12
11
14
5
5
5
7
13
5
3
4
4
5
9
9
4
4
0
2
2
4
0
6
0
0
0
0
2
0
0
0
0
2
4
2
2
3
0
3
3
0
0
2
4
0
5
6
6
0
0
8
8
0
7
6
2
0
0
9
2
0
0
9
4
0
0
14
4
0
0
8
6
0
4
9
4
4
0
18
6
0
6
13
0
2
0
6
0
2
0
9
8
0
9
4
0
8
6
8
6
4
6
4
0
4
0
5
0
6
6
7
0
13
0
9
0
11
0
0
12
4
0
6
6
9
0
0
6
9
0
0
6
8
0
7
4
4
0
4
8
4
6
0
8
9
0
0
8
9
0
0
4
2
0
0
9
9
0
0
6
2
0
0
6
8
0
0
0
0
0
5
10
4
0
6
11
6
0
2
0
4
0
9
2
6
0
0
0
0
0
0
0
0
0
0
0
2
6
0
0
0
4
0
5
11
39
2
0
13
6
28
6
7
2
2
15
2
24
2
4
0
0
0
0
0
0
0
0
15
0
0
0
0
0
0
0
4
6
0
46
0
0
0
15
4
8
7
10
0
11
0
15
0
2
0
6
0
6
0
17
0
18
0
6
4
14
0
0
4
0
0
0
5
15
0
7
2
4
0
11
2
6
2
0
7
19
0
0
2
14
0
0
30
4
0
0
7
6
5
0
11
4
0
0
8
4
9
7
4
46
0
0
4
6
0
0
7
4
4
4
6
4
0
4
2
9
0
0
7
0
0
0
2
7
4
4
2
0
0
0
2
2
2
2
2
4
4
0
6
2
0
4
2
2
10
4
4
4
0
0
2
4
2
4
2
4
2
2
6
2
2
4
0
2
0
8
3
2
6
6
0
0
2
0
4
4
2
2
5
2
4
4
2
0
4
4
2
0
8
4
0
2
6
2
4
2
0
4
6
6
4
0
4
4
8
4
0
4
6
2
2
2
6
4
0
8
4
8
4
4
4
2
2
0
4
0
0
4
6
2
2
2
6
2
2
2
0
6
2
0
2
8
4
2
2
2
6
4
0
2
2
2
2
2
0
4
2
6
4
2
4
2
4
2
6
2
4
4
4
8
2
6
2
2
6
6
0
3
4
6
0
2
2
4
4
2
4
4
5
2
3
4
0
4
2
2
4
6
2
2
2
4
4
6
4
2
4
6
0
0
0
0
6
2
0
2
0
4
3
2
0
4
2
0
0
2
6
2
2
2
0
4
4
2
2
2
4
6
4
2
4
4
4
4
2
6
6
2
6
4
2
2
0
6
2
2
0
0
6
2
0
6
2
2
2
2
0
2
2
0
6
4
0
4
2
6
6
2
2
4
2
2
2
0
4
0
4
4
6
2
2
4
4
4
4
2
2
4
4
6
2
0
4
4
2
2
4
0
4
2
2
4
47
40
27
37
39
37
22
27
91
32
17
29
28
30
28
13
30
24
56
25
28
20
23
30
26
36
27
32
35
39
27
45
28
28
24
31
33
38
27
21
49
28
24
23
24
25
20
17
29
21
38
24
48
24
21
27
34
21
31
30
27
28
40
41
29
48
33
17
24
29
27
29
26
30
32
32
31
29
14
20
43
25
25
23
42
21
29
31
24
16
23
33
24
15
20
16
22
23
37
28
30
22
22
29
34
29
20
20
26
23
24
37
24
31
67
37
26
27
23
25
28
32
30
24
17
15
23
28
41
24
20
20
27
27
23
31
24
27
29
27
21
24
17
27
28
31
30
26
25
21
26
29
30
25
29
26
36
26
28
28
34
43
38
41
36
24
29
43
42
30
44
19
37
42
19
33
46
20
29
33
30
29
30
46
53
30
43
75
46
24
29
19
48
46
38
21
24
18
18
47
39
44
34
37
72
37
28
49
77
51
25
41
26
30
44
47
38
40
40
69
33
30
31
23
34
24
41
44
33
33
45
39
43
26
48
30
20
32
19
24
22
33
30
25
21
32
23
34
26
18
23
24
26
32
29
26
33
35
31
94
33
24
19
27
44
16
42
25
19
27
38
43
19
29
42
73
37
40
40
54
49
38
43
40
37
44
26
60
2
0
0
0
2
2
2
0
0
0
2
2
2
2
0
0
0
0
0
0
2
2
0
2
0
2
2
0
4
0
0
0
2
0
0
2
2
6
0
0
2
2
2
2
0
2
2
0
2
0
0
2
0
0
0
0
0
4
2
0
0
4
2
2
4
0
2
2
0
2
0
2
0
2
0
0
4
0
2
4
2
0
2
2
0
0
2
0
4
2
0
0
2
0
0
0
2
2
2
2
2
0
0
4
0
2
2
2
0
0
0
2
0
0
2
0
2
0
0
0
2
0
2
0
0
2
0
4
0
2
0
0
0
0
2
2
0
2
0
0
0
0
0
0
2
2
2
2
2
0
0
2
0
0
2
2
2
2
2
0
0
4
2
2
0
0
0
0
4
2
2
2
2
2
2
0
0
0
0
0
2
2
2
0
2
0
0
0
2
2
0
0
0
2
0
0
0
0
0
0
0
0
0
2
4
2
0
2
0
2
0
2
0
0
2
0
0
0
0
2
0
0
0
2
2
2
2
2
2
0
2
2
0
2
2
4
4
0
2
2
0
2
0
4
4
0
0
2
2
0
4
2
0
2
0
0
2
2
2
0
0
0
2
2
2
2
2
2
0
2
2
2
2
2
2
2
2
2
2
2
0
0
0
2
0
0
2
0
2
2
0
2
2
2
2
0
2
0
2
0
2
2
4
2
2
2
2
2
2
4
2
4
4
2
2
2
2
2
0
0
2
0
2
4
0
2
2
4
4
0
2
4
2
4
0
2
2
2
2
4
2
0
2
0
2
4
2
4
2
2
4
4
0
2
2
2
2
2
2
2
2
2
2
2
4
0
2
2
2
2
4
2
6
2
0
2
2
0
2
6
2
2
4
2
2
2
2
2
2
0
2
2
4
0
2
2
2
0
0
6
2
0
0
2
2
2
2
2
2
4
2
0
0
4
2
2
2
2
2
4
0
2
2
4
4
4
2
2
0
4
0
2
2
4
2
2
0
2
2
0
2
2
2
2
2
2
2
2
2
4
4
2
2
0
4
2
2
0
0
4
2
2
4
2
0
2
0
4
2
2
2
4
2
2
2
2
0
2
6
2
4
2
4
2
2
4
0
2
0
2
2
0
0
0
2
2
2
2
2
2
2
4
0
2
2
0
2
2
0
2
2
2
0
2
2
2
2
0
4
4
2
2
2
2
2
2
4
0
2
2
4
2
2
4
6
2
0
2
0
6
0
2
2
2
2
2
4
2
2
2
0
4
2
2
4
2
0
2
2
0
4
2
2
0
0
2
2
2
2
2
2
2
2
4
2
0
0
7
13
8
9
2
4
8
8
12
15
4
6
8
4
9
4
2
21
12
17
6
2
4
6
10
15
2
8
4
10
14
2
4
4
4
2
17
6
0
4
14
10
4
0
4
31
6
6
10
6
8
6
8
13
6
4
14
4
13
0
2
2
6
6
10
6
6
6
10
4
10
4
4
11
12
4
6
4
4
2
14
4
4
6
4
9
6
6
4
2
8
2
2
6
8
2
4
6
8
10
12
4
6
12
12
4
6
4
6
12
8
2
8
6
8
2
10
6
8
4
6
8
8
4
2
6
10
4
8
8
8
2
13
8
12
6
2
4
14
16
10
4
4
0
10
14
2
2
2
6
4
6
12
2
2
6
6
13
6
4
0
13
14
4
2
2
6
8
6
4
6
6
10
6
2
8
4
11
6
8
4
6
12
8
2
6
8
6
8
13
8
2
4
16
10
4
2
8
6
6
13
4
6
2
2
17
14
8
4
6
11
6
2
4
6
0
15
6
10
10
10
6
9
8
10
2
6
6
11
0
9
6
2
8
12
2
4
2
8
4
10
10
8
4
6
10
12
2
4
2
14
6
12
2
8
4
2
8
12
2
8
6
17
2
8
0
6
4
10
14
6
6
2
0
10
0
4
8
2
4
15
13
6
2
8
8
14
4
6
4
8
21
19
10
6
6
8
8
50
8
8
12
6
6
2
4
26
10
21
13
11
20
50
23
17
13
6
17
6
2
17
8
7
6
41
4
62
32
10
10
8
6
4
52
12
4
9
4
6
10
17
4
10
50
6
12
11
4
7
4
6
8
6
12
6
8
4
4
44
15
4
7
12
4
8
6
6
61
48
2
2
7
10
4
6
4
10
15
8
2
40
4
33
13
12
11
29
8
37
4
29
25
6
6
4
4
4
6
6
6
10
4
6
8
10
4
8
8
15
9
12
6
6
7
6
8
36
25
9
9
8
13
4
42
36
22
42
6
8
6
10
7
13
9
10
6
4
6
28
6
13
46
9
15
4
59
7
8
47
11
8
8
8
8
8
8
8
7
6
19
8
6
13
64
6
8
69
79
6
10
8
8
10
6
8
13
66
35
6
54
8
17
6
8
8
74
6
13
6
79
10
44
14
9
6
10
26
57
19
8
84
6
4
21
4
4
10
15
12
6
6
8
4
10
8
4
8
2
8
10
8
6
13
10
6
7
9
9
4
7
12
10
10
6
4
4
6
6
6
27
13
11
10
10
15
24
14
37
4
27
28
20
7
8
4
24
22
11
22
17
17
25
48
15
26
16
23
13
21
23
21
27
11
63
21
