4
2
2
0
2
0
2
0
0
2
0
1
3
0
0
0
0
0
0
2
2
2
0
2
0
0
4
2
5
2
2
2
2
2
2
2
2
0
2
0
2
2
0
0
0
0
2
0
1
0
2
0
0
2
2
0
2
0
1
2
0
0
2
0
0
2
2
0
2
5
1
2
0
0
0
2
2
1
4
0
2
4
4
0
2
2
1
1
2
2
2
2
0
2
2
2
0
2
0
2
2
2
2
0
0
4
2
0
0
0
2
0
4
2
2
2
2
0
0
2
2
0
0
2
4
1
2
2
0
2
0
0
2
2
0
0
2
2
2
4
4
0
0
2
0
2
0
2
2
0
2
0
2
0
2
2
0
0
2
2
2
0
2
1
5
2
2
0
2
0
2
0
0
0
4
2
0
2
0
2
0
0
2
2
2
2
2
0
0
2
0
0
4
2
0
0
2
0
1
1
4
2
0
2
2
2
4
0
0
2
2
0
2
2
0
0
2
0
0
0
2
0
2
0
2
4
0
2
0
3
0
2
2
2
0
0
0
0
2
0
0
3
0
2
2
0
0
2
0
0
0
0
0
0
2
2
2
2
0
1
0
0
2
0
1
0
0
1
4
2
2
2
1
2
2
2
4
2
0
0
0
2
0
0
0
2
2
4
6
41
13
65
35
2
6
6
2
0
40
33
8
0
4
47
2
11
38
0
2
37
2
0
4
4
2
4
35
2
7
38
2
2
2
36
2
4
4
2
2
2
0
2
2
4
39
4
7
4
2
2
2
7
9
2
68
4
2
2
40
2
4
33
4
2
19
2
59
34
4
2
2
6
0
4
2
2
2
32
2
2
3
37
2
4
32
0
2
2
24
2
4
4
33
2
0
2
33
2
2
28
4
8
34
2
2
48
4
2
54
6
9
0
30
0
2
0
41
2
2
8
4
2
4
34
4
39
42
4
2
51
4
0
61
4
4
6
30
2
2
2
4
4
58
32
4
2
2
43
4
2
30
4
11
37
4
2
6
26
2
2
26
2
0
2
37
2
6
45
2
2
63
42
4
2
4
2
4
2
4
31
0
2
4
46
4
4
45
4
2
15
11
2
2
6
8
43
30
2
59
44
4
2
6
30
4
2
3
33
2
2
33
6
2
6
4
2
10
39
4
2
41
11
13
4
6
2
4
2
2
2
28
2
4
43
0
2
2
35
4
0
61
2
0
4
36
2
2
0
39
2
8
38
2
4
4
24
2
2
6
2
51
34
6
2
2
36
2
4
39
7
4
55
0
2
2
4
55
32
4
4
2
0
2
2
30
2
33
0
0
0
0
0
0
0
0
0
0
0
0
37
21
23
99
28
42
42
36
19
25
20
17
37
10
84
27
33
17
44
26
23
38
29
14
32
38
28
50
30
32
18
27
35
43
70
34
12
37
16
13
91
15
11
30
21
34
82
15
35
16
23
33
38
40
9
31
18
26
0
10
51
23
18
31
36
42
45
39
26
62
41
24
40
23
34
47
19
22
24
57
70
22
23
21
14
21
32
26
15
22
18
31
58
20
22
20
78
27
44
27
33
58
55
31
28
25
13
23
42
21
24
20
47
44
26
42
36
37
33
28
52
26
23
11
30
41
21
35
63
47
28
23
49
30
36
37
25
24
19
39
36
41
59
40
51
21
4
33
24
30
58
25
16
22
30
40
43
35
36
9
30
50
76
26
41
65
29
12
24
25
52
77
44
30
60
52
57
35
24
14
31
32
37
5
23
56
13
32
27
23
35
18
34
16
79
20
31
0
21
24
22
36
16
15
27
52
15
24
28
31
27
23
17
34
17
18
22
26
14
17
21
22
9
33
18
16
11
53
29
18
18
19
23
51
29
22
40
14
20
17
14
26
11
8
6
15
26
16
13
29
17
7
14
7
3
12
16
16
3
26
26
7
1
17
11
10
15
16
32
12
10
26
1
13
17
38
20
25
26
9
28
50
31
17
21
18
20
13
23
27
16
43
39
12
25
27
17
29
16
12
12
18
9
36
2
45
25
37
16
29
32
30
21
19
18
33
35
22
14
14
10
33
26
26
37
21
17
31
30
50
31
32
35
35
30
29
31
18
24
18
33
15
29
20
0
13
15
17
17
39
31
26
17
29
23
20
20
19
17
24
27
29
21
15
15
7
18
26
22
17
26
27
12
13
34
9
27
5
17
27
22
30
29
34
14
28
21
44
45
25
16
19
23
11
22
50
28
43
27
27
38
64
21
4
23
40
28
27
38
41
0
24
22
19
27
27
29
69
17
2
24
28
19
46
29
33
31
14
22
26
19
20
19
22
36
31
32
21
28
33
13
60
34
30
55
44
40
38
45
19
30
16
30
46
34
46
20
34
46
23
0
19
44
46
64
42
46
18
21
20
40
41
22
27
24
27
21
11
30
50
44
25
33
20
26
14
15
17
15
18
20
33
37
27
17
23
13
32
26
14
0
21
15
36
14
15
31
27
35
32
36
15
29
22
30
21
17
29
25
35
36
49
13
23
14
26
15
28
25
19
36
44
36
15
20
12
34
21
20
19
16
13
31
22
29
20
16
15
60
17
22
0
68
20
25
19
25
24
16
7
18
15
12
20
12
37
8
0
2
6
4
4
17
25
18
29
4
3
4
11
0
4
2
34
22
16
6
20
18
6
6
2
11
2
6
6
29
25
17
8
7
4
0
6
5
2
2
8
0
20
7
21
55
6
4
2
8
6
10
27
2
11
2
4
2
10
6
0
8
2
2
46
0
18
2
3
2
6
4
4
38
8
2
46
2
30
2
5
10
15
2
4
0
8
4
68
0
11
19
25
4
33
5
2
4
6
2
8
2
17
26
43
28
50
0
4
6
10
23
55
2
7
19
5
10
2
4
9
8
6
2
2
2
28
14
21
29
38
10
2
6
2
5
57
6
11
36
25
36
34
59
0
8
2
51
9
6
27
7
25
4
55
60
4
5
50
2
53
26
14
29
23
12
15
2
4
4
26
4
40
28
18
0
21
0
30
2
2
4
6
9
32
4
17
16
23
14
35
6
0
6
2
8
30
22
20
27
56
16
17
8
10
4
8
6
63
17
4
17
4
34
5
39
2
4
6
2
70
20
22
19
14
16
2
44
2
8
6
6
21
7
4
24
30
46
0
9
4
2
2
2
21
6
16
4
4
23
2
0
2
4
7
8
15
46
18
6
18
58
6
7
45
6
52
42
2
0
53
15
13
10
33
6
6
4
4
6
10
32
7
4
12
15
8
11
8
11
10
19
6
15
19
11
10
12
8
15
12
17
10
8
23
2
13
13
6
23
13
12
25
15
27
15
6
4
8
15
13
12
6
10
15
6
12
15
12
17
8
25
29
25
11
8
8
17
19
6
10
12
15
14
4
34
19
8
23
8
21
36
8
19
23
10
37
39
8
29
10
13
29
13
6
35
10
19
15
14
29
29
10
17
31
15
10
12
19
35
10
19
15
14
12
49
15
29
19
31
46
12
50
27
38
33
25
23
12
35
23
15
37
29
31
17
27
40
52
10
17
21
37
17
54
21
42
27
29
44
48
23
8
31
35
50
12
56
48
17
14
17
75
15
60
37
25
37
29
18
54
60
39
25
10
14
12
21
6
6
14
10
13
12
33
16
14
10
16
8
8
37
8
21
15
14
46
19
15
27
15
15
21
14
17
10
21
23
10
10
16
17
8
19
15
14
6
10
10
17
12
12
14
16
17
15
8
6
15
6
10
12
15
8
4
14
29
27
10
14
14
19
10
15
10
23
14
14
12
15
17
8
25
10
21
31
14
27
15
34
45
8
15
21
27
15
12
15
19
23
39
10
6
23
21
31
19
21
10
8
14
27
16
8
23
19
17
21
19
10
8
14
16
12
0
8
8
14
25
17
15
21
8
8
10
21
10
12
6
12
6
10
8
17
14
6
6
8
6
16
6
2
6
2
8
8
10
6
8
6
8
16
16
14
6
8
10
4
6
21
10
12
10
20
8
8
14
18
14
14
8
10
8
12
12
12
14
14
4
8
14
8
8
14
8
10
12
8
8
10
10
6
18
10
21
10
4
14
10
6
6
12
6
14
16
16
4
9
10
6
10
12
10
12
10
14
10
8
14
12
11
14
6
6
14
6
10
10
10
8
6
10
8
16
12
19
8
6
12
0
19
21
15
14
6
14
4
17
6
18
10
21
21
16
6
6
21
10
19
23
10
10
9
15
17
11
11
15
9
2
15
8
8
6
17
17
10
12
8
10
16
6
2
21
6
12
8
18
8
17
12
16
6
2
14
6
10
6
23
23
13
6
20
23
6
14
21
10
19
14
7
17
8
12
17
12
6
8
8
8
10
2
15
12
17
18
4
16
8
4
10
8
16
8
4
6
14
12
17
8
10
6
16
6
14
6
8
8
8
19
8
13
19
10
2
17
19
10
18
8
19
10
17
4
4
14
6
12
6
8
8
8
41
12
4
6
4
6
6
4
14
16
9
6
6
18
12
4
12
8
6
10
18
10
14
6
10
21
16
8
8
2
4
10
11
16
2
6
6
4
0
4
8
0
0
0
4
0
0
6
4
0
6
0
0
10
8
0
0
6
4
0
2
6
0
6
6
8
6
0
8
0
4
4
4
8
0
0
6
0
0
0
6
0
0
2
0
8
2
6
6
2
0
6
0
0
4
0
0
2
0
6
0
2
0
4
0
2
0
4
4
10
0
6
0
0
4
0
2
6
4
6
2
2
0
6
0
0
2
10
6
4
2
0
0
4
6
6
0
6
10
2
0
4
4
0
0
2
4
8
4
6
0
12
8
0
6
0
6
8
0
10
0
4
2
0
6
8
4
0
2
2
4
0
0
0
0
0
6
2
6
0
6
0
6
0
0
0
0
0
6
0
0
6
4
4
6
8
0
0
0
0
8
2
0
2
0
0
4
2
4
6
2
4
6
2
0
0
2
6
4
0
0
0
2
6
4
0
0
6
0
0
8
4
0
0
0
2
4
8
0
74
2
2
8
0
2
0
0
4
0
2
0
0
0
0
8
2
6
0
4
2
0
0
2
8
0
6
8
0
6
0
6
2
0
0
0
19
2
6
0
0
0
0
0
8
0
4
4
0
2
4
0
6
0
10
6
6
0
2
0
0
0
6
0
8
0
6
0
4
8
0
2
8
6
4
8
2
0
10
0
6
0
0
2
2
2
8
5
4
7
5
7
7
7
4
8
9
6
8
6
4
2
4
4
6
2
6
0
11
4
7
15
4
0
4
8
2
2
42
4
2
6
2
5
4
6
6
4
4
3
4
19
6
5
6
5
2
11
4
7
4
2
2
6
7
4
4
6
8
4
4
5
9
7
10
6
4
4
6
7
4
0
7
2
6
4
6
5
8
2
10
11
10
9
6
12
13
37
28
17
19
24
28
15
24
33
23
23
29
34
21
34
20
28
11
21
24
29
22
38
22
6
15
18
28
11
13
23
23
4
19
26
20
30
22
15
25
22
24
15
27
25
28
38
14
22
34
13
16
18
15
11
14
16
13
14
21
13
17
29
17
7
13
34
15
15
20
45
21
34
16
13
11
16
39
11
19
7
26
25
26
15
16
13
38
11
15
47
26
22
30
30
28
29
14
27
31
29
33
20
23
24
29
26
24
23
35
26
21
39
22
11
34
35
33
21
23
23
26
15
30
13
40
20
21
15
24
22
17
15
30
21
21
9
13
7
19
17
17
16
13
25
19
27
20
9
21
20
14
16
20
18
17
12
21
14
22
9
13
13
11
6
7
19
11
12
9
9
15
11
8
7
7
9
6
11
7
9
6
7
7
9
19
5
30
7
7
11
7
9
21
10
7
6
9
10
0
38
37
15
33
23
27
0
2
0
0
7
24
0
43
47
0
32
0
0
0
0
0
7
35
0
34
37
34
0
0
0
0
0
0
48
39
42
48
31
25
24
0
0
0
0
0
46
35
59
9
41
7
28
6
24
0
0
0
45
27
39
42
0
30
37
47
0
0
0
0
44
64
0
36
36
7
0
35
0
0
0
0
17
47
40
45
38
31
28
0
0
0
0
0
31
39
4
33
32
23
29
2
0
0
0
0
35
14
23
32
40
12
2
26
0
0
0
0
28
37
31
46
18
28
30
32
0
0
0
0
40
67
44
19
44
10
33
42
0
0
0
0
44
0
30
33
37
29
27
0
0
0
0
0
2
58
43
0
29
26
32
10
18
0
0
2
0
0
38
35
10
1
36
0
0
0
0
0
3
9
37
0
39
0
27
0
0
0
0
0
13
26
26
40
40
0
28
0
0
0
0
0
33
44
56
29
20
18
31
35
33
0
0
0
46
47
0
15
42
23
26
0
0
0
0
0
2
65
8
32
45
25
25
31
23
0
18
0
1
16
23
18
19
9
27
16
25
0
0
0
0
14
15
31
17
19
0
25
26
4
0
17
2
11
16
26
18
15
10
22
21
27
17
12
22
41
29
12
12
30
28
23
29
28
28
28
