1
1
1
1
1
0
2
1
2
0
1
2
1
1
1
1
3
2
1
4
4
1
0
2
1
0
0
2
1
1
0
1
1
1
2
1
1
1
1
1
0
1
1
1
1
0
1
1
1
1
1
1
2
1
1
2
1
0
0
1
0
1
1
1
2
0
0
3
0
0
2
2
1
1
0
0
1
2
3
0
0
0
0
2
1
2
2
0
0
0
0
1
1
1
0
0
0
1
0
0
1
1
1
2
2
1
2
1
1
0
0
4
2
1
1
1
0
0
1
1
0
1
5
2
2
0
1
2
2
1
0
1
7
2
2
0
1
3
2
1
2
1
1
1
0
0
1
1
0
2
1
1
3
0
1
3
1
2
0
1
0
1
1
0
1
1
2
2
0
1
1
0
1
1
0
1
0
5
5
9
8
4
1
4
9
9
10
2
0
1
1
0
2
1
1
3
0
4
1
1
3
1
0
2
2
1
1
2
0
2
0
0
1
0
1
0
0
0
0
1
0
1
0
1
2
0
0
0
1
0
2
1
1
0
0
2
0
1
1
0
0
1
2
0
1
0
1
0
2
0
0
0
0
1
0
1
2
0
1
0
0
0
0
2
1
1
2
0
0
0
1
1
0
1
0
1
0
3
2
0
0
0
0
1
1
1
1
1
6
5
2
0
5
3
7
2
9
2
13
5
6
8
12
8
2
6
2
13
2
2
0
77
4
0
8
0
0
3
2
11
17
5
10
2
2
2
2
2
7
4
17
0
4
8
7
8
0
0
6
2
4
8
2
4
0
0
4
6
11
5
0
4
17
0
6
0
2
6
0
7
0
7
0
6
2
5
8
8
2
11
6
2
4
4
4
4
6
0
2
2
7
6
0
4
2
0
0
0
6
0
2
9
7
6
10
3
13
8
75
0
4
4
0
6
6
4
4
11
2
5
6
7
4
94
6
8
6
2
0
15
2
12
4
4
4
8
7
88
7
10
4
2
4
8
2
0
9
6
4
3
2
4
13
4
9
8
2
6
4
15
8
2
0
7
0
7
2
2
6
2
5
5
4
0
6
4
4
2
0
7
8
2
4
84
2
2
6
8
7
13
6
2
0
8
5
0
14
2
7
3
0
4
3
0
0
3
0
0
6
2
0
5
0
4
2
0
5
4
4
8
7
0
19
5
7
0
5
12
4
5
5
85
0
6
6
5
6
7
4
7
2
7
4
4
0
5
5
4
0
7
2
9
0
2
2
6
8
2
3
4
0
4
4
5
4
9
4
10
6
4
8
6
4
6
5
0
3
5
2
2
6
11
9
18
0
7
3
0
16
6
0
0
5
4
8
0
4
11
4
8
4
16
0
12
0
6
0
9
0
5
0
8
16
0
10
8
0
5
5
0
3
0
20
10
0
7
0
5
5
6
5
9
8
0
4
6
5
5
6
0
1
1
0
8
6
3
5
9
0
1
2
0
4
0
0
11
0
7
0
5
0
7
0
5
1
0
6
9
10
0
10
5
5
8
3
7
0
5
5
8
1
12
11
9
0
6
10
4
5
1
0
13
5
12
0
2
5
0
0
10
0
5
0
0
8
0
5
0
7
0
10
0
0
0
5
6
0
5
6
4
0
7
4
0
6
11
0
15
6
3
13
0
10
0
6
9
4
0
0
9
0
6
3
1
1
0
0
0
6
0
0
4
5
6
4
0
7
8
6
0
0
0
7
0
7
2
6
1
1
6
4
0
6
2
0
7
0
5
5
1
6
0
4
0
0
5
6
5
6
0
0
5
11
4
0
4
4
5
0
0
7
5
4
6
0
5
1
0
3
2
0
4
0
6
0
6
0
5
3
2
0
0
4
2
8
10
6
0
0
3
0
6
0
4
6
0
5
0
8
1
0
0
0
2
2
0
1
3
0
3
0
1
1
0
3
5
0
0
6
4
1
0
2
0
13
10
0
3
3
0
23
0
1
6
14
22
21
3
13
46
2
31
32
39
6
6
5
7
5
17
2
31
16
35
29
33
15
21
25
30
3
3
24
23
2
4
10
45
0
33
29
16
13
17
2
19
2
0
27
31
31
5
22
8
6
8
26
6
16
26
22
5
19
13
9
23
15
17
8
30
28
31
21
19
26
4
3
17
11
28
4
14
9
2
24
46
2
6
29
29
9
4
29
25
5
9
14
5
20
33
20
31
4
14
25
21
17
42
12
43
2
22
22
28
23
5
16
0
16
19
28
3
9
32
28
3
14
26
4
5
35
27
26
31
22
23
31
22
5
9
14
19
17
14
15
51
2
12
22
27
2
24
4
4
27
9
14
12
24
3
19
7
9
29
22
32
28
25
3
27
45
27
36
27
10
6
35
26
4
9
17
4
3
54
42
23
18
28
2
19
33
5
2
5
25
4
6
23
16
23
8
9
4
25
61
5
4
4
29
9
15
36
3
19
2
8
6
13
4
6
6
5
4
4
14
17
26
38
35
28
20
2
33
2
22
28
43
6
23
21
5
7
26
0
4
31
14
25
25
19
2
4
21
0
2
6
4
2
29
36
0
7
2
25
4
3
36
8
2
40
25
8
7
32
5
4
6
4
6
23
3
4
21
31
38
2
9
20
24
6
7
2
0
2
1
2
0
16
0
2
2
2
2
2
0
0
0
0
2
2
2
2
2
2
2
2
0
0
2
2
16
0
2
0
2
2
2
6
6
4
0
0
2
0
2
0
0
2
2
2
2
4
0
2
2
2
0
0
2
4
0
0
3
0
6
2
4
0
4
2
0
0
0
2
0
0
2
4
0
4
2
2
3
0
2
0
4
0
2
1
4
0
4
2
4
0
4
0
2
2
0
0
4
4
0
2
2
2
4
0
2
2
0
2
4
4
2
0
0
2
2
0
0
2
0
0
2
2
0
2
0
4
6
0
0
0
0
2
4
2
2
2
0
0
6
2
2
2
2
0
0
4
2
0
2
0
0
0
0
2
0
0
2
0
0
0
0
0
4
4
0
2
0
0
0
0
0
0
0
0
5
0
0
0
2
3
2
2
0
0
0
0
2
0
0
0
5
2
0
0
0
2
2
2
2
2
0
0
0
0
2
2
2
2
0
2
0
0
2
2
6
2
0
5
2
2
2
14
2
4
2
6
2
2
4
0
0
2
0
4
0
0
2
2
2
0
2
0
2
2
0
0
0
2
2
0
0
0
2
2
15
2
2
0
2
2
0
2
6
2
0
2
0
2
4
0
2
0
2
2
2
0
2
0
7
0
4
6
0
2
2
0
0
0
0
0
1
5
0
1
0
1
0
11
2
3
1
0
2
1
0
0
1
3
5
1
1
2
4
2
1
2
0
0
3
5
0
2
2
2
2
1
3
1
0
2
0
3
3
3
1
1
3
3
1
3
3
1
0
2
0
9
3
1
3
2
5
2
0
0
3
3
0
0
4
1
3
1
0
0
0
0
2
0
0
0
1
0
2
0
1
4
0
2
1
3
3
1
5
0
1
2
1
3
0
5
2
1
4
3
4
1
7
1
11
0
1
1
3
0
0
1
1
3
3
0
1
0
0
2
0
0
3
1
2
2
1
0
0
0
2
2
3
3
2
4
1
0
15
3
0
3
1
1
4
3
0
2
0
9
0
0
0
1
2
4
2
4
2
0
4
0
3
1
2
0
0
2
4
0
0
1
7
2
1
0
1
4
1
0
1
2
2
0
0
2
3
0
0
2
0
0
3
0
0
2
0
0
2
2
1
0
2
0
0
0
0
5
0
5
0
4
1
3
2
6
2
1
2
2
2
0
0
3
13
1
0
0
1
2
1
3
0
1
0
4
1
0
6
0
3
0
2
2
6
6
9
3
2
5
2
0
0
0
0
0
2
1
2
5
0
3
1
5
4
4
2
0
2
0
0
5
0
4
6
5
0
4
44
35
9
36
23
24
27
19
33
14
55
20
35
11
11
10
13
28
19
30
26
40
15
9
13
18
19
13
27
9
11
27
23
9
15
24
11
16
15
15
24
15
23
23
30
21
17
17
38
40
23
46
43
31
45
32
44
46
44
37
47
40
24
13
40
28
38
4
7
23
41
17
17
30
13
44
11
17
11
11
9
4
11
9
25
7
11
19
8
28
22
43
11
20
9
22
17
8
26
7
9
30
9
46
23
27
9
17
11
18
11
11
17
13
9
20
13
6
13
15
16
9
30
8
23
11
5
9
11
37
8
7
24
11
40
28
7
11
33
13
11
11
4
15
9
4
9
11
15
17
8
29
8
7
9
11
8
6
13
11
9
30
9
9
17
11
28
15
26
49
32
13
15
11
25
29
33
22
33
23
36
26
9
13
22
25
29
29
26
36
35
36
30
28
19
29
39
22
38
32
36
7
31
11
38
21
11
28
31
13
37
29
32
15
31
26
45
38
22
9
35
14
51
33
22
32
29
19
29
20
22
28
48
39
25
36
38
42
26
34
13
20
38
22
39
46
31
30
18
36
37
36
19
58
13
41
40
34
47
16
29
9
7
30
9
23
27
11
12
5
13
15
11
17
13
29
22
39
18
27
15
19
13
25
22
30
9
6
4
2
0
0
2
0
0
2
2
0
2
4
2
0
4
2
0
0
4
2
0
0
2
4
2
4
2
2
4
0
2
0
2
0
4
0
2
2
0
4
0
2
0
4
2
0
2
0
6
2
4
2
0
2
12
0
4
6
0
0
2
0
0
2
12
0
6
2
2
2
2
4
0
4
0
2
0
0
4
2
2
4
4
2
4
6
0
0
2
2
4
4
0
2
6
6
6
2
2
6
2
0
2
2
0
2
14
0
0
4
2
4
2
0
4
4
2
2
0
6
0
0
0
2
0
0
2
0
4
0
2
2
2
0
6
0
2
0
2
0
2
2
2
0
2
2
0
17
18
4
8
2
2
4
0
4
6
4
14
4
0
0
2
0
0
6
2
6
4
2
2
11
8
0
14
0
0
2
2
0
0
2
0
4
0
6
2
2
4
2
4
0
15
0
2
4
2
2
6
6
6
2
0
2
2
0
2
4
4
2
2
2
2
0
0
0
4
4
0
0
2
0
0
2
4
2
2
0
12
2
7
2
0
2
0
2
2
2
0
4
11
0
4
0
2
2
4
2
0
2
4
4
0
2
2
4
2
4
4
2
2
0
0
4
4
0
2
0
0
4
0
0
0
4
0
2
0
0
2
0
0
2
2
0
4
14
2
6
15
6
9
17
7
13
9
9
11
11
7
8
35
8
7
7
16
8
2
6
12
4
6
11
10
8
5
8
7
21
11
11
6
8
9
11
8
17
18
11
5
8
10
19
10
13
15
12
11
17
19
11
19
13
19
10
13
13
19
13
18
11
15
19
15
15
17
9
11
15
21
8
19
4
2
2
9
15
17
4
10
9
10
11
11
21
7
11
6
8
15
11
8
13
21
15
8
21
11
15
13
13
11
21
10
19
23
17
21
27
13
22
19
15
29
21
17
8
6
19
11
11
45
6
13
13
11
6
9
10
7
19
15
17
15
8
11
19
11
9
15
15
8
13
8
10
9
13
13
9
9
6
4
6
10
7
8
11
11
11
7
6
7
4
6
23
24
8
8
9
13
13
16
9
13
9
20
8
7
10
17
13
11
6
5
16
9
11
6
7
13
10
24
19
18
17
17
13
14
15
9
22
15
15
17
13
12
31
42
21
23
15
27
21
23
13
26
27
13
17
17
28
8
19
27
19
17
19
14
19
13
4
37
15
13
13
17
7
15
4
22
23
34
13
23
20
8
31
17
7
17
13
15
11
9
33
11
5
13
9
9
13
6
9
14
7
17
8
4
8
9
15
10
9
11
8
6
6
4
11
17
6
5
10
6
7
17
8
1
0
3
3
1
1
1
3
1
1
1
1
5
1
1
1
0
3
1
1
1
1
1
1
1
1
1
1
1
1
1
1
1
1
1
1
1
1
1
1
5
1
0
1
1
3
5
1
1
1
3
1
1
1
1
1
0
1
3
1
1
1
1
3
0
1
1
1
0
1
1
3
1
1
1
0
1
1
1
1
1
0
3
1
0
1
3
1
1
1
1
1
1
0
1
1
1
1
0
1
1
1
1
1
3
3
1
1
1
3
0
3
3
1
0
1
1
3
1
1
1
1
1
1
3
3
1
1
1
1
1
1
1
0
3
5
1
0
1
1
5
1
0
1
1
1
3
1
1
0
3
1
3
5
1
1
1
0
1
3
0
1
1
1
5
1
1
0
0
3
1
1
1
1
1
1
3
5
3
1
1
1
1
1
1
5
1
1
3
3
1
3
1
1
1
3
1
5
3
1
0
1
0
1
1
0
3
1
1
1
3
1
0
0
3
1
3
3
1
1
3
0
1
1
1
0
1
0
1
1
3
1
1
1
5
1
3
1
1
1
1
1
1
1
1
1
0
3
1
1
1
1
1
1
1
0
1
3
1
1
1
1
1
1
1
1
3
1
0
1
1
0
1
1
1
1
1
1
1
1
0
1
1
1
0
1
3
1
