1
3
3
1
0
8
13
11
10
12
12
9
8
6
4
8
7
10
11
10
10
0
7
12
15
12
8
7
8
9
12
12
12
10
5
13
5
5
5
11
11
10
8
11
14
16
13
6
1
7
4
13
14
10
13
15
8
11
14
8
12
0
2
3
2
10
0
2
1
2
1
1
2
5
2
2
1
17
11
17
17
4
3
5
4
0
3
4
0
0
13
8
21
5
2
2
3
3
1
1
0
24
10
12
18
12
12
14
5
1
10
4
3
16
6
10
13
4
8
16
6
6
1
1
1
17
0
0
2
1
7
2
5
2
2
4
3
6
1
3
10
5
2
2
2
2
2
1
9
14
9
4
11
0
11
8
13
2
1
1
0
15
1
0
8
21
18
2
3
4
5
6
10
10
7
8
8
18
11
21
8
2
8
5
9
11
2
4
4
11
9
20
12
14
5
2
1
20
1
1
0
10
23
21
1
0
8
1
8
7
20
6
10
17
19
6
3
3
2
6
11
15
12
12
13
13
3
6
4
10
9
6
0
13
6
1
8
6
2
5
14
7
3
5
7
11
1
3
7
9
11
14
7
2
2
3
13
15
17
5
0
3
1
6
0
4
1
11
11
14
13
0
1
4
14
12
11
9
4
0
10
12
10
9
0
2
4
1
63
82
53
83
53
71
69
90
76
82
37
81
84
84
86
71
73
85
44
69
85
74
80
88
84
85
73
73
67
60
73
50
78
83
75
55
69
76
86
57
82
72
79
74
78
72
83
51
76
77
76
76
63
79
75
74
84
84
73
84
70
74
75
67
48
67
81
76
75
83
81
80
76
75
78
45
66
79
78
76
78
60
76
73
83
76
60
53
78
73
72
71
63
65
45
74
60
44
75
64
60
31
76
52
38
26
67
78
82
41
79
76
73
69
76
86
80
34
51
48
66
47
86
64
54
75
76
71
79
85
71
70
79
77
79
55
76
82
76
81
69
85
76
76
76
86
79
77
77
82
59
76
65
66
81
53
85
84
83
85
81
82
74
76
86
71
71
72
82
79
81
72
82
72
82
72
69
81
87
75
69
84
56
83
67
74
80
80
69
74
65
79
79
42
72
88
79
75
80
54
71
77
80
82
74
81
78
86
79
76
84
69
75
65
77
76
82
71
76
87
76
86
79
73
86
86
85
74
68
83
72
81
85
66
80
82
72
81
84
64
86
77
77
87
78
82
79
87
72
57
85
73
82
87
48
61
80
86
83
77
81
80
83
64
76
74
73
70
64
83
89
83
75
68
83
92
78
78
77
71
86
86
74
80
84
81
90
86
2
4
2
0
2
5
2
4
2
5
0
2
0
0
0
2
2
4
2
0
3
2
2
2
2
2
2
2
2
0
4
0
2
0
2
4
2
0
2
0
2
0
0
2
0
2
0
0
3
0
0
0
0
2
0
1
3
2
0
3
0
0
1
0
0
1
2
2
0
2
3
2
0
2
0
0
3
3
0
0
3
0
2
2
2
0
1
0
2
2
2
0
0
2
0
2
2
0
2
2
0
3
2
2
2
2
2
1
2
3
0
0
2
0
2
2
2
0
0
0
0
2
1
0
0
2
2
0
0
0
2
1
2
2
0
2
1
0
2
0
0
2
0
0
3
2
0
2
2
2
0
2
2
3
3
0
2
2
0
3
0
0
2
2
1
0
1
0
1
3
2
3
3
5
0
2
0
2
0
3
0
0
1
3
2
0
2
1
3
5
0
3
2
3
1
2
3
2
3
0
3
0
0
0
5
0
0
2
0
2
1
0
2
2
0
0
0
2
2
2
2
0
0
0
0
3
2
2
0
1
0
0
1
0
2
3
2
3
3
0
2
3
2
2
4
2
0
3
2
0
2
2
2
2
0
1
0
0
0
0
2
0
2
2
2
0
2
2
0
2
3
3
3
0
0
0
0
1
2
1
1
1
1
0
3
0
0
0
7
25
39
22
55
10
53
17
6
19
7
49
41
24
11
34
22
12
53
27
34
40
54
39
16
36
43
55
69
13
5
14
10
44
12
76
11
28
11
37
7
61
60
6
43
6
37
9
13
39
30
16
47
56
49
77
51
17
9
7
38
13
72
31
45
32
50
65
45
35
37
26
25
29
32
11
42
38
43
63
36
32
11
28
29
54
41
40
8
10
46
8
33
4
37
11
42
26
22
46
55
58
46
35
26
38
32
17
48
42
10
38
57
23
72
29
31
3
30
31
8
40
4
43
41
26
10
47
30
44
30
75
34
36
9
6
5
35
23
60
7
37
19
30
33
16
46
23
33
26
39
18
22
11
7
38
28
35
8
6
35
30
41
7
32
8
6
39
21
7
5
29
18
3
2
2
27
2
26
8
9
9
33
24
2
27
25
29
3
35
24
7
2
33
46
8
8
36
30
19
35
7
14
12
6
39
13
15
7
7
22
20
13
6
8
9
25
7
8
36
26
3
6
12
28
32
3
9
34
8
28
21
23
21
21
15
3
32
21
26
26
37
22
38
29
13
2
29
24
34
7
44
20
4
4
11
11
16
24
34
28
15
27
22
8
24
21
3
25
5
17
18
30
11
27
27
32
31
10
5
25
25
37
47
20
24
27
37
24
36
31
33
29
36
31
25
38
37
31
29
36
31
30
31
32
32
29
36
30
35
28
29
31
34
38
32
34
30
30
35
29
32
37
37
35
27
34
37
32
38
38
28
31
31
29
32
32
23
36
32
37
30
27
28
32
32
37
31
33
37
32
33
36
32
31
38
29
26
31
30
31
31
37
25
35
37
25
33
31
31
33
28
25
31
26
27
36
33
26
29
37
28
32
32
36
32
37
24
35
32
37
37
38
28
30
36
36
37
34
27
35
37
29
37
29
36
33
32
37
36
29
36
31
35
31
30
29
37
23
21
28
36
27
27
30
31
36
23
26
33
36
32
35
30
32
30
32
32
30
37
30
24
32
30
34
38
24
32
31
36
22
29
28
31
36
31
31
37
28
28
31
30
28
27
28
32
30
30
30
37
22
34
31
32
36
31
24
36
33
34
30
22
25
27
31
37
31
29
30
28
28
26
27
36
35
27
26
30
31
32
31
34
29
34
33
36
34
30
30
38
34
32
33
32
25
36
27
32
36
29
36
29
32
29
27
31
31
37
30
31
31
23
27
26
32
37
29
34
30
30
29
32
33
32
31
29
37
33
36
31
36
30
31
37
32
31
36
36
29
30
31
31
32
25
27
32
31
30
30
29
31
32
33
32
30
30
0
0
0
0
0
0
0
0
0
0
0
0
0
0
0
0
0
0
0
0
0
0
0
0
0
0
0
0
0
0
0
2
0
4
1
4
2
0
2
2
2
0
4
2
2
4
0
1
2
2
2
4
4
2
2
2
2
4
0
0
2
2
2
2
2
2
2
2
3
4
2
4
2
4
0
0
2
0
2
2
2
2
2
2
2
4
2
2
2
4
1
2
2
4
2
4
4
2
2
2
1
2
4
0
1
2
4
2
2
4
2
0
2
2
2
2
2
2
0
2
0
0
3
2
2
2
2
2
4
4
2
4
2
0
0
4
2
2
2
2
2
2
2
4
2
2
2
2
1
2
2
2
4
2
0
0
4
0
2
4
4
2
2
2
1
0
2
0
0
0
0
0
0
0
0
2
0
0
0
0
2
0
0
0
1
2
2
2
2
6
2
2
2
2
2
2
2
2
2
4
2
2
0
2
2
0
2
4
2
1
4
2
2
4
2
4
2
4
0
2
1
2
2
2
2
4
2
2
2
0
2
2
1
4
2
2
2
4
0
0
2
0
2
4
1
2
2
2
4
2
4
2
0
2
6
0
2
4
2
2
4
2
2
4
4
2
4
0
2
2
2
2
0
2
0
2
4
0
0
2
2
2
2
2
0
2
0
4
0
6
0
21
8
8
2
2
60
8
2
48
2
2
52
0
0
59
0
6
26
4
2
0
2
2
4
4
0
6
2
0
40
2
0
2
2
6
59
4
4
2
2
13
0
2
2
2
6
68
0
6
65
4
4
84
0
2
60
9
2
83
6
4
39
6
0
2
0
0
4
2
0
2
2
0
39
2
2
2
2
6
0
0
4
2
2
39
2
0
59
4
4
54
4
2
2
0
6
0
45
63
2
2
48
4
49
55
2
88
4
2
52
2
0
2
64
2
2
56
2
70
0
2
4
4
6
4
49
4
4
2
0
6
2
6
2
4
6
4
65
2
8
6
4
5
6
2
2
54
0
6
2
8
4
4
0
68
2
60
6
6
8
6
0
2
28
0
8
4
4
4
0
0
2
0
0
4
2
8
2
6
2
61
2
2
52
2
5
61
2
0
93
0
2
63
4
2
60
2
4
60
4
2
63
0
2
81
8
0
10
0
2
51
2
0
2
4
0
33
5
4
2
0
6
0
6
4
6
6
4
2
2
4
8
2
79
2
6
67
7
10
52
3
2
43
4
0
0
0
0
6
4
10
2
0
82
0
8
6
0
0
54
0
2
0
2
2
2
6
6
2
0
66
2
2
0
0
2
2
4
0
0
6
2
6
2
0
2
6
8
4
0
0
0
2
7
8
2
4
4
6
0
9
0
0
0
6
2
2
4
0
0
6
2
6
2
8
4
4
2
5
0
8
0
4
2
0
0
0
2
0
0
0
4
8
6
4
2
2
0
0
2
2
4
2
4
0
5
8
4
8
6
6
8
2
6
0
4
9
6
0
11
2
0
8
0
67
4
7
12
5
2
0
0
10
0
6
4
2
2
6
0
8
6
0
2
6
2
8
4
0
0
0
0
2
2
4
3
6
0
2
2
0
4
4
2
2
0
4
0
6
6
2
6
0
2
4
4
0
6
0
0
0
8
4
0
0
6
0
4
0
2
0
0
4
6
0
6
2
4
0
6
2
6
4
2
2
2
2
0
0
0
6
0
7
0
2
0
4
0
4
6
4
0
0
2
6
50
19
0
4
0
5
0
4
12
8
6
0
0
6
6
2
2
0
6
73
4
2
2
0
2
0
0
0
0
2
2
2
0
4
0
4
2
10
0
0
44
0
2
2
4
6
2
8
4
0
0
2
6
0
6
6
2
2
4
2
2
4
0
2
29
8
12
2
0
2
4
10
0
8
0
6
0
6
0
0
2
2
2
10
6
7
64
4
2
10
7
6
0
6
6
13
12
7
2
7
0
2
8
2
2
0
0
10
13
0
22
3
3
23
6
31
29
32
17
53
11
39
3
0
17
1
26
1
37
3
0
26
0
0
21
24
3
1
1
11
1
1
1
1
3
3
49
1
21
3
0
0
16
0
40
36
6
34
6
3
8
8
35
38
1
5
13
19
24
1
23
6
0
1
3
1
5
26
3
40
0
14
53
1
3
3
40
3
0
1
1
1
22
3
3
3
21
1
18
20
1
5
23
14
24
0
32
9
5
5
3
1
7
0
20
1
16
34
3
0
1
27
20
3
3
21
26
0
18
31
24
15
1
51
3
17
18
26
1
3
16
41
14
1
18
25
1
31
0
1
0
1
31
3
0
38
23
0
11
1
0
1
30
14
21
43
0
3
1
25
32
3
31
1
1
19
3
5
1
3
20
1
6
3
10
22
23
0
1
1
3
1
25
0
19
0
3
27
0
1
0
7
1
1
1
16
37
3
3
0
13
0
15
16
0
0
3
3
0
53
0
5
0
3
17
1
46
53
1
0
26
3
27
30
7
0
3
19
26
26
16
1
17
16
12
3
5
21
4
15
0
1
21
32
11
0
0
3
21
0
4
21
23
1
26
1
13
31
0
0
1
1
21
14
3
11
5
5
18
10
23
1
3
0
13
12
13
19
0
19
0
4
0
27
0
1
14
18
16
0
9
1
9
11
9
16
0
0
0
0
0
0
1
8
19
11
17
8
0
11
10
10
0
0
11
13
18
14
13
14
15
10
0
0
0
0
13
10
12
15
10
1
1
6
10
0
0
0
11
14
20
12
21
17
9
12
0
0
0
0
9
11
13
8
8
4
5
0
10
15
14
0
0
12
10
11
12
9
16
6
13
0
0
0
0
4
13
12
21
6
1
5
14
10
0
0
12
13
15
13
20
9
1
22
0
0
0
0
6
0
10
0
11
12
5
0
0
9
13
0
1
0
16
15
10
11
8
12
0
0
0
0
13
7
7
15
12
0
6
0
10
6
0
0
0
9
18
12
13
12
10
0
0
0
0
0
9
18
12
11
0
9
0
9
6
0
11
7
1
0
18
11
18
0
1
6
10
0
0
0
11
0
80
10
10
11
12
3
10
9
0
0
12
13
0
10
16
13
5
14
14
0
0
0
15
19
12
17
9
0
12
0
8
10
0
0
0
10
0
13
16
10
12
1
12
20
0
0
12
11
14
0
8
11
0
0
0
0
0
0
0
0
0
0
0
0
0
0
0
11
0
0
0
11
0
0
0
0
0
0
0
0
0
0
0
0
0
0
0
0
5
6
8
0
0
0
0
0
0
0
0
0
0
0
