2
0
0
38
64
0
37
0
54
52
36
47
64
2
28
2
2
62
40
52
0
2
0
53
2
41
0
0
6
0
0
2
0
2
63
2
2
42
2
42
0
0
0
53
0
52
2
2
0
0
69
4
0
0
4
2
58
2
0
2
83
2
80
3
0
0
51
2
2
2
0
55
2
37
4
2
85
2
0
29
0
0
64
2
0
2
0
53
4
2
2
86
0
0
0
49
0
0
60
0
0
2
2
47
2
33
0
49
2
2
0
0
0
55
2
0
9
69
35
0
35
0
2
2
56
39
43
8
57
0
2
5
0
54
0
63
72
38
4
2
41
2
38
0
4
0
2
2
2
0
42
0
0
2
70
0
4
59
0
2
0
67
0
2
0
3
21
0
55
2
0
2
55
52
4
5
39
33
48
47
2
66
0
32
2
58
0
41
64
31
0
48
62
2
73
0
52
2
2
2
41
2
6
0
42
0
0
68
50
57
50
46
46
52
2
44
37
0
27
0
58
0
4
33
2
0
41
44
2
0
2
31
2
2
52
2
36
55
42
0
2
49
48
2
42
0
0
72
30
4
0
46
52
90
2
46
48
56
0
2
26
24
0
0
2
42
0
63
44
0
23
2
38
6
6
0
49
25
69
41
50
0
0
66
40
2
2
39
5
3
1
3
0
5
1
0
1
1
0
0
0
0
3
5
7
0
0
0
0
0
0
0
0
0
0
1
0
0
0
0
1
1
0
0
1
9
3
3
0
1
3
0
0
0
0
3
0
0
5
0
1
0
0
0
0
1
1
1
7
5
0
3
5
1
0
0
4
0
0
1
3
7
0
1
1
5
3
0
0
1
1
3
1
0
0
0
1
1
0
0
0
1
0
0
0
0
5
3
0
1
0
0
0
3
16
0
1
0
3
0
3
1
0
0
3
3
0
1
1
7
0
3
0
1
0
0
0
10
0
0
1
0
0
5
0
0
0
0
1
0
8
1
0
0
0
1
13
1
1
3
1
0
0
1
1
12
1
0
0
5
0
1
1
8
1
0
9
1
3
1
1
0
1
1
7
3
1
0
3
0
8
3
0
0
5
0
9
3
3
5
1
5
0
0
3
1
1
5
0
1
3
0
0
0
3
3
1
1
0
1
1
9
3
3
9
9
1
1
1
0
0
11
3
0
3
0
1
3
1
0
1
1
0
7
5
5
1
0
7
1
3
1
3
0
0
3
0
0
0
0
15
0
0
0
0
0
0
1
8
0
0
1
0
3
0
0
1
3
1
1
1
1
0
0
0
0
1
0
5
3
1
5
0
1
12
3
3
3
3
3
0
5
0
5
3
5
1
1
1
3
3
1
3
3
1
7
3
1
1
3
3
3
5
0
3
0
1
5
0
1
5
0
5
3
1
3
1
1
3
9
1
1
1
1
5
1
1
1
1
3
5
3
3
1
1
5
5
1
3
0
1
1
5
3
1
3
1
3
7
3
3
1
3
5
7
0
3
1
46
13
1
1
0
3
0
0
1
1
7
3
7
9
0
5
1
1
1
3
11
1
1
1
5
3
3
0
0
0
1
7
0
1
3
3
5
0
67
5
1
1
7
5
1
1
1
1
1
7
5
5
5
5
1
5
3
3
1
1
5
3
1
1
3
5
3
3
0
1
3
3
3
3
0
1
1
0
3
1
1
3
0
3
3
1
0
0
1
5
3
0
1
3
1
3
3
1
0
0
1
3
0
3
3
0
1
3
1
0
3
0
0
3
7
1
1
0
0
3
1
0
0
0
0
5
5
1
0
1
0
5
1
0
1
0
1
3
1
0
1
1
0
1
1
1
0
1
1
0
1
1
0
1
42
3
3
9
0
1
7
3
3
0
1
5
1
0
1
0
1
1
5
1
1
3
0
1
1
1
1
0
5
1
1
1
0
0
5
1
0
0
0
0
0
1
0
0
0
0
0
3
1
5
42
0
0
2
6
0
0
4
10
0
4
12
12
0
0
6
10
0
0
4
10
0
0
6
8
0
0
6
6
0
0
2
8
0
0
10
8
0
2
2
6
0
2
0
4
0
4
6
8
0
6
8
21
0
6
0
12
0
4
0
4
0
4
0
2
6
6
0
2
0
8
6
2
0
4
0
10
0
2
4
8
0
0
4
10
0
0
8
10
0
0
6
8
0
0
6
6
0
0
16
10
0
0
13
6
0
0
12
6
0
0
10
6
8
0
4
10
0
0
2
10
6
0
0
0
0
0
0
0
0
0
6
0
4
0
0
0
0
0
2
0
6
0
0
0
0
0
0
0
0
0
0
0
8
0
0
0
6
6
0
2
0
11
12
8
8
0
4
6
4
8
0
4
0
4
2
0
0
0
0
0
0
0
0
8
0
0
0
0
0
0
0
6
0
0
8
0
22
0
10
0
8
0
8
0
10
0
2
0
6
0
13
0
12
0
4
0
12
0
8
4
2
0
4
0
14
0
8
10
8
0
6
10
12
0
17
13
6
4
0
6
6
0
0
15
2
8
0
10
10
0
0
15
2
0
0
6
12
0
0
14
8
0
0
6
29
0
0
12
4
0
0
21
8
8
0
12
0
4
0
12
10
10
0
40
2
4
0
2
4
2
2
4
0
3
3
3
1
2
0
3
2
6
0
2
0
2
3
2
3
14
2
2
2
0
0
0
2
4
2
4
2
0
3
3
4
0
8
4
2
2
3
3
0
0
7
0
4
3
1
4
2
0
1
2
2
3
2
2
5
0
2
0
0
2
2
2
2
2
3
3
16
0
3
0
23
0
7
0
3
4
2
0
2
2
2
1
3
14
14
2
5
16
2
2
1
9
7
0
5
0
3
4
3
2
2
0
0
5
3
5
6
5
0
0
3
5
5
3
3
4
0
3
3
6
2
2
0
3
1
3
2
3
0
4
3
3
0
3
4
3
14
5
6
3
3
0
3
0
6
0
0
0
1
2
5
0
3
3
5
6
14
1
4
15
2
6
2
2
2
0
3
4
3
2
0
2
1
8
0
5
1
3
1
2
1
3
0
1
2
5
0
2
2
1
3
0
16
0
0
3
6
0
3
0
3
5
3
2
0
4
4
2
2
0
3
2
1
5
2
1
0
4
8
3
5
4
5
2
4
2
3
3
1
0
1
4
0
2
2
0
0
3
5
2
2
2
3
0
4
5
2
5
3
2
3
2
5
0
19
2
3
0
5
0
2
7
1
2
3
2
0
5
3
0
3
3
2
1
6
2
3
0
3
5
0
0
2
32
42
34
43
37
39
42
37
29
34
42
41
34
32
31
30
42
27
30
34
40
29
34
30
34
44
44
40
42
28
24
34
40
38
38
40
29
35
27
42
41
31
33
29
35
45
37
37
38
39
40
37
37
29
25
35
41
28
41
32
43
38
30
32
44
30
29
34
31
29
29
41
31
39
28
30
29
32
36
39
38
32
29
39
32
29
33
38
28
31
27
24
33
21
43
23
35
30
33
45
43
33
27
34
29
30
41
42
45
45
42
43
43
27
41
42
43
30
30
43
32
42
32
40
32
30
41
31
37
30
42
24
43
46
29
30
25
28
42
41
41
36
42
33
44
31
42
43
43
30
41
44
30
42
46
30
29
40
32
43
43
28
33
40
30
29
40
40
39
29
30
32
25
32
40
40
31
43
33
32
45
43
42
19
45
27
43
43
43
34
44
26
35
41
43
45
36
44
27
43
43
43
42
30
41
31
44
41
37
41
43
42
38
27
44
31
27
41
31
47
42
22
29
41
36
35
25
47
39
43
43
24
44
41
42
40
44
31
36
33
33
43
37
30
39
30
20
36
46
32
44
32
39
37
45
29
37
28
44
31
43
35
26
44
30
43
31
43
39
29
43
46
41
31
40
42
28
41
31
31
43
33
27
31
37
27
31
36
3
4
5
7
6
6
6
5
7
4
4
3
11
3
3
10
7
5
4
3
5
4
1
4
3
4
1
10
7
4
3
3
4
6
11
6
3
6
9
6
3
6
5
3
5
14
16
5
4
5
3
4
14
5
4
3
3
14
4
7
4
5
4
10
7
3
1
6
9
5
5
3
4
5
7
3
3
4
4
10
3
4
5
3
4
4
7
3
4
3
6
4
3
5
3
3
3
6
6
5
3
5
6
3
7
3
5
2
7
3
4
9
4
4
5
4
3
6
9
3
5
3
8
3
4
3
4
4
4
8
8
3
3
9
2
3
3
6
3
3
4
14
5
3
3
6
3
3
3
4
4
4
12
6
3
4
3
6
1
6
5
5
5
3
14
8
3
3
3
3
4
1
11
6
3
5
3
10
4
4
3
4
3
1
8
11
4
3
6
5
4
1
6
5
6
3
6
4
3
5
4
5
3
6
3
5
3
14
4
3
4
8
5
4
12
4
3
6
3
4
4
3
4
7
3
4
3
6
3
4
4
10
4
4
3
13
6
4
3
1
5
6
1
3
3
4
11
4
6
4
7
3
1
3
4
3
3
5
3
5
3
8
7
3
4
8
5
3
4
13
4
6
3
15
6
3
9
4
6
3
8
6
3
4
1
3
4
5
0
6
2
2
4
0
2
2
2
4
6
2
4
2
0
2
4
2
0
2
0
4
2
4
0
2
4
2
0
0
2
2
4
4
0
2
2
0
2
2
0
6
0
2
8
2
2
0
17
2
0
2
0
2
2
2
2
4
0
0
2
2
0
2
2
2
2
4
31
2
2
2
2
0
4
0
2
0
2
0
4
0
2
2
2
0
2
4
4
2
4
2
0
6
6
4
2
4
0
2
2
4
2
0
0
2
0
0
23
0
4
2
0
0
4
4
2
0
0
2
2
2
2
2
0
0
0
0
2
0
2
4
2
2
2
4
6
0
2
2
4
6
2
2
2
4
2
2
4
2
2
4
2
2
6
2
2
2
0
4
2
4
0
0
0
2
0
2
4
2
2
4
2
2
0
0
2
6
4
0
4
2
2
2
4
0
2
0
0
0
0
2
0
0
25
0
4
2
2
4
0
4
0
4
2
0
0
4
0
4
4
4
0
4
4
4
4
0
0
6
0
4
2
0
0
0
0
2
4
2
0
0
2
4
25
0
2
2
0
0
2
2
2
0
2
2
6
6
0
4
4
0
4
2
0
2
2
2
4
0
2
4
0
2
2
2
2
2
0
2
2
4
4
2
0
4
0
0
0
2
2
2
2
4
2
0
2
0
2
0
2
2
0
0
0
2
0
0
2
0
2
0
0
0
8
2
2
2
0
0
0
2
2
2
0
0
2
0
2
0
2
0
2
0
2
2
4
0
0
0
2
2
0
0
0
2
2
0
2
2
0
2
2
0
2
0
2
0
4
2
0
0
0
0
0
0
2
2
0
0
2
4
2
0
2
2
4
2
0
2
2
4
2
4
2
0
0
2
2
0
0
0
2
0
2
0
4
4
0
2
0
0
4
0
0
0
0
0
2
0
0
2
2
2
2
0
0
0
2
2
2
4
2
2
2
0
0
2
2
2
2
5
0
0
0
2
2
2
4
2
0
2
0
4
2
2
0
2
2
2
0
0
2
2
2
0
4
2
4
0
2
0
0
0
0
0
0
0
2
6
0
0
0
0
0
0
6
0
2
2
2
0
0
0
2
0
2
0
4
2
2
2
2
0
2
0
2
2
0
0
2
2
0
2
2
2
2
0
2
0
2
2
2
0
0
2
4
0
0
0
0
0
0
0
2
2
2
4
2
2
0
2
0
2
0
0
0
0
0
2
2
0
4
2
0
2
0
2
0
4
2
0
0
4
0
0
2
2
0
2
0
0
2
0
0
0
0
0
0
0
2
0
0
2
0
2
2
2
2
0
2
0
2
2
2
0
22
34
16
29
20
15
25
30
31
22
19
34
38
20
29
26
40
32
31
36
20
32
30
37
28
23
31
34
28
28
33
30
37
30
31
34
29
35
30
27
29
17
21
18
21
15
20
20
17
16
26
15
25
26
24
24
49
16
20
26
18
40
25
25
24
28
23
15
13
24
27
22
19
26
26
22
20
21
18
20
30
29
26
21
19
20
11
16
19
28
57
25
17
16
25
22
22
39
24
20
24
21
27
22
24
20
21
20
13
33
22
19
23
17
26
31
25
27
36
25
16
34
18
4
38
22
20
29
31
36
29
24
20
28
20
18
22
23
35
33
28
28
30
27
16
24
20
34
17
35
30
37
29
25
40
26
26
21
27
28
22
22
23
25
26
18
34
24
20
26
35
34
18
41
22
18
29
23
25
26
22
20
28
17
23
42
33
28
25
32
26
33
24
19
28
27
12
34
38
29
38
35
27
17
12
19
15
26
20
16
26
22
19
18
16
14
24
22
19
16
46
20
22
25
17
25
17
26
26
18
30
32
36
24
22
18
15
17
18
23
18
19
18
23
25
20
20
26
23
25
21
27
13
29
26
17
23
18
24
14
25
22
20
26
15
20
23
18
26
21
23
22
14
13
15
28
23
9
17
16
15
26
13
15
18
28
22
17
