9
5
3
7
5
3
5
3
5
3
13
7
5
11
3
3
5
7
7
5
11
5
9
7
13
11
7
7
5
21
7
9
50
9
7
5
3
5
15
9
13
11
11
11
11
5
15
7
5
9
3
15
9
7
13
3
7
7
19
9
15
7
7
11
15
3
11
3
3
5
13
2
7
2
9
5
13
5
1
11
19
1
13
9
11
7
9
5
11
11
9
9
3
11
7
9
5
19
13
15
5
13
13
13
23
15
11
5
11
13
11
13
11
9
5
9
5
7
7
7
17
28
13
11
17
5
5
15
3
11
13
7
7
15
11
5
9
13
5
9
9
3
19
17
9
11
15
3
7
15
19
7
3
15
2
17
13
13
16
19
15
11
13
1
3
5
7
11
7
9
17
7
17
21
13
5
15
11
7
13
13
7
15
11
5
7
5
31
13
19
19
5
7
5
3
3
7
9
9
7
27
13
5
9
11
2
11
7
19
3
25
7
17
9
11
9
5
5
9
7
5
5
9
9
11
13
2
17
2
5
7
5
23
5
5
17
7
5
13
5
3
3
17
5
5
7
5
9
9
13
9
9
5
13
5
5
5
5
17
5
11
2
5
1
5
11
3
11
5
5
7
13
5
9
15
7
11
1
5
1
7
2
7
13
13
7
13
13
4
4
4
4
6
4
4
4
6
4
6
5
4
4
4
6
4
4
4
4
4
4
4
6
5
4
4
4
4
6
4
4
4
4
4
4
6
4
4
2
4
4
4
5
4
5
4
6
4
6
5
4
4
6
4
4
4
4
4
6
4
4
4
6
6
4
4
6
4
4
7
4
4
4
4
4
4
4
4
4
3
6
4
7
4
4
3
4
4
6
6
4
3
4
6
4
5
4
4
4
5
4
4
3
4
4
4
4
4
4
4
4
4
4
4
4
4
5
4
4
4
4
4
4
4
4
4
4
6
3
4
4
7
4
4
4
4
4
4
4
4
4
6
4
4
4
4
3
4
4
3
4
4
4
4
5
4
6
6
4
4
6
4
4
6
4
6
4
4
4
4
4
4
4
6
5
6
4
4
4
5
4
4
4
6
4
6
6
4
4
4
6
7
4
4
4
6
4
4
5
4
4
4
6
4
4
4
2
4
4
3
4
4
4
4
3
4
4
4
4
4
4
4
5
4
4
5
4
4
4
6
4
4
4
4
4
6
4
4
4
4
4
4
4
4
4
4
4
4
4
4
4
6
4
5
4
4
4
4
4
4
4
4
5
5
3
4
4
5
4
4
4
4
4
4
6
4
3
4
4
5
5
4
5
4
5
4
4
6
6
17
4
10
11
13
17
22
12
11
22
10
11
17
4
8
9
8
8
9
12
9
14
17
2
15
7
2
6
9
10
10
3
15
9
9
6
15
8
28
13
11
12
4
9
5
13
9
6
11
6
2
2
7
10
9
9
8
4
6
7
4
11
11
7
6
13
6
17
11
7
6
4
4
4
11
7
11
11
15
8
13
10
17
13
9
14
6
6
9
8
11
18
8
15
13
16
17
11
9
49
19
10
11
11
13
11
9
6
9
9
15
10
6
8
13
13
11
11
19
15
9
11
7
9
4
8
19
21
4
11
9
15
14
15
8
11
15
10
15
6
6
13
13
11
15
13
14
26
13
9
9
16
13
9
22
13
10
27
15
13
15
5
13
14
19
17
13
11
11
13
4
13
17
11
13
13
11
24
11
4
6
11
11
7
8
15
8
11
11
9
13
9
6
5
13
11
15
8
18
11
9
11
14
6
13
15
8
6
17
9
23
7
25
11
11
7
8
6
7
8
4
11
6
12
7
13
9
10
4
7
6
6
6
8
9
6
11
11
9
11
8
9
2
8
19
2
15
14
4
2
6
2
11
11
4
0
4
4
0
2
4
4
0
0
2
2
2
2
2
2
2
2
2
4
4
7
17
2
0
4
2
7
2
5
0
4
13
11
9
15
7
13
21
15
7
13
7
11
9
17
15
7
2
7
7
11
9
7
5
11
3
7
5
7
9
11
5
17
9
7
11
54
19
2
13
2
5
5
11
13
7
17
5
7
7
9
9
9
17
11
15
5
31
9
13
3
11
17
13
13
11
15
11
11
9
9
15
11
15
21
13
11
17
17
9
7
15
15
9
7
7
9
15
13
11
19
9
2
5
7
13
17
5
15
11
5
11
7
11
11
17
5
7
11
11
7
13
17
15
13
7
3
23
2
7
7
13
9
13
11
9
5
19
5
11
7
19
13
13
13
9
11
7
21
5
11
9
33
7
5
27
11
17
17
15
15
19
13
11
13
9
11
7
15
23
15
13
13
15
29
27
33
25
17
33
19
11
13
25
11
11
9
21
15
13
19
39
21
7
11
25
11
21
15
13
23
13
7
23
9
13
19
21
9
13
11
9
11
17
45
5
11
9
5
35
5
7
35
7
15
19
5
21
21
15
7
15
15
15
21
7
7
21
9
7
9
23
3
7
7
13
11
19
11
7
7
13
23
9
11
15
9
19
21
11
11
21
7
9
7
15
9
5
7
11
21
13
13
13
2
17
11
13
7
11
11
15
3
21
21
9
9
9
11
19
17
13
5
11
13
11
13
15
11
18
17
18
19
18
18
19
13
18
18
15
17
19
17
19
19
19
19
19
19
19
18
18
18
17
18
17
17
19
17
17
18
19
18
18
18
16
18
19
13
19
18
18
18
16
19
18
18
16
16
18
18
18
18
16
18
18
18
18
18
17
17
17
16
19
19
19
18
19
18
18
17
18
18
18
19
18
19
16
18
18
18
19
17
18
18
17
19
19
17
18
18
19
18
19
17
18
17
18
18
17
16
18
17
19
18
16
18
19
19
18
18
17
18
18
17
19
19
18
15
18
18
17
19
18
19
18
18
18
18
11
18
19
18
18
18
17
17
18
18
16
17
18
18
16
17
18
18
18
16
18
18
19
18
19
18
18
19
18
18
17
19
19
18
15
15
18
17
18
18
17
16
19
18
19
18
18
17
18
18
18
17
16
16
18
17
18
18
16
18
17
16
17
19
16
19
18
18
18
17
17
19
18
18
18
15
19
18
16
18
18
13
19
19
19
18
19
18
19
17
19
19
16
18
17
17
18
18
16
18
17
18
19
18
16
17
18
17
19
19
19
16
18
19
18
15
18
16
18
19
17
18
17
17
18
18
18
17
16
15
19
17
19
18
18
18
18
17
19
19
17
17
18
19
16
18
17
17
16
17
18
18
17
16
17
17
14
15
89
85
83
67
85
89
89
84
81
77
89
90
89
88
92
88
91
77
65
84
81
88
82
90
87
80
85
59
56
81
65
74
82
82
83
87
80
80
77
74
81
81
81
82
86
74
82
84
86
81
83
85
84
83
84
78
84
79
83
81
78
80
77
64
79
81
83
80
79
75
83
83
70
81
82
87
88
79
77
81
65
85
79
72
75
60
82
72
85
80
86
87
69
73
64
72
85
81
89
82
75
81
85
76
82
77
86
77
62
68
88
84
71
82
72
76
74
83
76
66
82
68
88
80
86
68
80
85
87
85
75
80
85
70
72
85
78
78
80
62
78
75
80
83
83
75
83
92
87
84
70
78
65
72
85
36
48
47
45
48
49
39
49
88
82
78
84
80
88
95
90
85
86
83
90
87
81
37
95
84
78
87
93
88
89
90
85
87
81
89
85
90
89
87
80
86
82
78
88
80
91
87
85
87
85
79
82
90
88
90
82
85
92
89
88
92
84
86
87
79
93
89
85
90
94
87
78
85
87
89
84
91
81
91
78
81
87
88
83
86
91
84
92
87
89
94
86
91
91
91
87
82
85
83
88
62
94
93
72
86
84
82
79
88
92
86
90
81
88
88
88
92
90
94
85
84
92
87
82
89
93
84
90
92
84
91
86
80
8
12
0
0
0
8
2
2
8
6
4
6
0
2
0
0
12
0
1
0
23
4
4
6
0
6
4
8
4
10
6
2
8
0
4
0
0
0
0
8
8
0
4
0
2
4
2
4
0
2
2
0
4
0
2
2
2
4
2
2
6
12
8
0
4
2
2
0
0
0
0
0
2
2
2
0
2
8
0
6
0
0
0
4
2
6
2
0
6
2
2
2
0
2
0
2
8
2
0
2
2
0
6
2
6
2
0
16
2
6
2
2
2
4
6
0
0
2
0
0
0
0
0
4
2
0
6
0
0
0
0
4
10
2
6
4
2
2
2
4
8
2
4
2
0
0
4
0
0
6
2
0
0
4
4
6
2
6
0
4
2
8
0
10
0
6
0
2
2
6
4
4
2
0
0
79
2
2
8
0
4
8
0
6
2
2
2
8
2
10
0
2
2
2
2
2
2
0
4
4
0
4
2
2
0
4
0
0
8
4
4
0
2
4
2
4
6
0
4
0
0
0
8
4
2
6
6
0
2
0
12
4
6
0
4
0
6
8
2
2
2
6
2
0
0
0
8
0
2
8
2
6
2
0
0
2
0
0
6
0
4
8
2
4
0
2
0
0
4
2
4
4
6
2
4
14
2
10
0
0
0
0
2
6
2
0
4
0
9
2
13
4
3
4
4
15
7
8
2
11
5
6
3
5
7
3
4
4
13
5
13
4
4
21
2
15
4
23
4
0
17
4
21
2
7
17
5
15
5
13
4
4
8
2
13
0
11
5
7
2
0
11
3
17
4
4
4
2
7
0
13
4
17
2
2
2
2
15
6
11
7
17
2
2
3
4
21
4
5
5
2
13
2
11
4
15
0
0
11
7
13
2
4
4
4
4
7
0
4
11
4
17
0
2
13
2
2
4
15
4
21
2
11
2
4
2
2
19
7
13
2
11
0
13
11
4
13
4
15
2
9
2
2
5
3
2
5
19
5
19
2
21
2
4
17
4
7
5
2
7
0
23
7
19
3
2
3
11
3
4
19
2
11
5
13
11
6
7
4
17
4
9
5
4
13
3
5
6
17
2
2
7
2
9
4
17
4
7
17
1
11
6
17
6
15
7
7
15
2
17
3
3
11
2
9
4
21
13
17
5
21
8
6
11
5
17
7
19
0
4
17
3
17
4
13
2
11
13
4
19
6
11
4
7
9
2
13
5
9
2
4
17
4
17
9
5
4
0
0
4
13
4
13
2
17
5
17
2
6
2
9
15
6
15
2
4
7
4
4
4
13
3
17
6
3
2
4
23
0
15
3
11
4
11
9
6
10
18
14
28
8
20
20
16
12
18
10
22
16
30
6
20
12
10
10
20
14
22
38
28
20
18
8
28
26
22
18
22
14
12
20
14
24
16
18
14
20
12
16
24
22
4
10
14
28
22
16
10
12
22
20
26
28
14
20
14
8
22
20
16
20
12
18
18
12
16
8
16
16
10
20
16
16
20
24
16
20
8
14
14
14
14
16
18
24
6
26
12
26
20
26
14
12
26
28
20
14
22
32
12
12
14
20
16
20
16
14
26
6
22
14
16
16
34
12
16
18
20
14
8
20
14
22
6
30
30
18
18
18
12
30
12
10
18
22
20
24
16
20
6
18
12
22
12
16
12
12
24
18
26
22
28
28
8
34
18
34
30
26
32
34
14
34
18
24
24
36
14
34
10
16
18
16
21
22
8
6
20
32
26
22
14
26
16
14
30
14
30
16
12
22
14
16
12
22
24
18
20
18
16
24
22
24
22
18
20
10
12
24
16
24
18
14
16
10
22
12
20
20
22
14
24
18
22
10
18
20
12
22
20
24
24
30
20
12
18
26
16
22
18
12
26
24
16
30
14
14
14
14
20
14
6
18
24
16
8
12
18
10
16
24
12
22
22
16
18
32
34
12
22
30
14
22
36
20
20
24
22
18
6
26
28
24
16
6
2
5
6
23
4
6
4
17
2
24
9
4
6
4
4
13
2
4
4
48
4
9
10
11
13
7
4
34
4
4
0
4
10
6
9
6
4
0
4
32
11
8
8
7
0
7
6
8
8
78
15
38
34
27
2
7
5
26
6
15
6
2
4
4
17
6
0
19
2
3
2
11
13
10
11
2
27
9
5
42
4
7
10
11
6
15
26
38
20
31
4
9
11
0
4
4
6
5
4
7
19
26
9
4
4
7
15
4
31
2
15
19
8
25
2
33
9
17
6
21
65
4
2
21
4
8
4
15
4
7
4
98
4
8
13
7
6
4
6
4
4
0
2
20
4
4
0
6
2
4
2
6
2
19
38
6
6
10
7
30
12
13
2
2
4
9
15
18
21
13
15
4
11
11
15
2
8
25
6
26
2
6
7
21
50
12
28
4
15
2
21
4
8
7
4
4
7
2
5
4
4
4
13
4
4
9
13
2
6
6
4
6
10
11
5
25
13
7
19
2
40
6
15
15
31
4
11
15
6
15
8
4
5
34
15
11
22
7
32
4
10
6
8
27
11
13
18
2
4
6
19
2
7
2
7
0
4
8
17
15
2
7
7
2
23
29
15
7
4
9
13
7
7
8
37
2
11
5
6
12
25
8
21
4
0
65
6
