2
2
0
0
2
4
2
5
0
0
24
2
0
2
0
2
6
4
2
4
2
10
2
2
2
4
2
4
2
2
2
7
6
0
2
4
2
2
4
2
2
4
2
2
2
0
2
2
2
0
2
0
2
6
2
4
2
6
4
4
10
0
0
2
2
2
2
0
0
2
0
2
4
4
0
2
4
4
2
0
0
2
13
2
0
0
2
4
0
0
6
4
4
0
4
7
0
9
6
9
6
2
11
6
2
0
2
2
11
6
6
8
2
23
4
12
8
4
2
4
0
4
4
2
4
2
0
4
0
2
2
0
5
2
8
2
0
15
2
6
4
4
2
4
6
10
2
0
8
0
2
2
0
2
2
0
0
4
0
2
2
4
2
13
0
6
4
2
4
0
2
2
2
2
0
2
0
6
2
4
6
2
0
0
7
10
2
0
0
6
4
2
0
4
0
4
2
0
2
6
4
0
2
6
4
2
0
6
2
6
0
4
2
4
0
2
2
0
2
4
2
0
6
4
2
4
6
2
6
2
2
0
0
2
2
4
2
0
10
4
4
6
6
2
4
4
4
2
2
4
2
0
2
4
4
4
8
6
2
4
4
2
2
4
4
0
2
2
2
2
0
2
4
0
2
0
0
3
0
0
2
0
2
10
4
2
0
2
0
0
2
2
0
0
0
2
0
0
2
0
0
0
0
0
0
2
2
0
0
2
0
4
0
0
2
4
0
2
2
2
2
2
2
0
0
0
4
0
0
0
4
2
2
0
0
0
2
4
2
0
2
2
4
0
0
4
2
2
2
3
0
3
0
0
1
0
2
0
29
0
2
0
0
0
2
4
4
3
2
0
0
0
2
0
2
2
0
2
0
2
0
2
2
0
0
2
5
0
2
0
2
0
0
0
2
0
3
0
10
0
7
4
2
5
4
0
2
7
2
4
0
4
2
2
2
4
0
2
2
2
2
2
5
2
2
0
2
2
4
2
0
0
0
0
2
4
0
2
2
2
0
1
2
0
0
2
2
2
0
2
0
2
2
2
2
0
0
2
0
4
0
0
0
0
2
6
0
2
2
2
2
2
0
0
0
4
0
0
5
0
0
0
0
2
2
2
2
0
2
0
0
0
2
0
4
0
9
0
2
0
2
2
0
0
0
0
2
0
0
0
0
26
0
0
0
0
0
0
0
0
0
2
0
0
2
0
2
2
0
2
0
0
2
0
0
4
0
0
0
0
2
0
1
0
0
0
0
0
0
2
2
2
2
0
4
2
2
2
0
0
0
0
2
4
4
0
2
0
0
2
0
0
0
2
2
0
4
4
6
4
2
2
0
2
2
0
0
0
10
2
6
2
2
4
4
4
52
4
2
0
0
4
52
4
4
4
0
2
2
2
4
4
2
6
0
8
42
0
0
95
2
2
2
2
94
2
2
2
2
0
2
6
2
0
2
2
0
2
2
2
0
4
6
12
4
45
2
0
8
0
2
2
4
0
2
0
2
4
2
4
6
4
2
2
2
2
6
0
0
2
2
4
4
6
2
0
44
2
6
58
6
2
0
4
77
2
2
0
0
8
6
2
2
2
2
44
10
2
2
0
0
2
8
4
2
0
2
40
6
2
52
4
2
48
4
0
48
2
0
0
2
83
0
4
27
2
6
2
2
0
2
0
4
53
2
6
2
2
8
0
6
2
2
2
2
2
2
2
2
2
36
2
2
0
4
2
4
6
4
52
0
6
96
4
2
4
2
4
2
0
0
2
10
6
2
4
2
0
0
2
2
2
2
0
6
6
2
4
2
0
2
4
2
0
2
2
4
4
2
0
0
4
6
4
2
0
0
6
0
2
6
0
6
17
0
2
46
2
2
48
0
0
6
2
0
45
0
6
4
0
4
0
2
4
2
2
2
0
0
4
0
4
2
4
2
6
42
2
2
2
2
6
0
0
4
2
2
4
0
2
34
2
2
4
33
45
24
36
40
52
43
46
41
24
24
41
46
35
24
23
28
26
54
34
40
23
39
27
68
25
56
20
62
70
49
54
27
13
25
19
46
39
21
45
60
33
26
48
23
14
39
27
50
25
32
22
47
39
40
45
14
28
34
17
55
40
22
78
52
30
36
73
37
28
51
25
33
20
15
19
38
27
29
18
37
46
30
24
39
21
15
25
53
25
31
39
53
28
32
23
36
34
26
43
32
46
48
54
32
34
27
39
35
32
23
25
48
42
31
27
40
45
36
31
46
27
38
66
41
71
41
44
41
26
27
27
40
43
46
31
55
44
45
35
22
32
29
39
31
23
22
19
33
60
79
53
40
31
29
35
35
20
21
27
26
31
17
22
24
16
25
31
24
40
20
14
16
14
33
29
15
16
14
29
13
22
36
15
19
29
57
25
18
33
30
23
17
17
20
14
11
25
26
16
19
41
18
45
22
15
12
15
15
24
20
14
14
19
22
21
20
31
25
21
15
36
36
21
18
30
37
17
13
19
33
21
28
23
13
29
22
14
39
22
21
22
26
18
17
31
23
26
37
25
14
19
20
16
20
16
25
34
27
27
5
26
18
18
60
41
11
15
17
33
18
20
27
15
16
38
26
14
32
12
20
17
39
26
14
35
16
18
54
56
58
57
53
53
60
41
51
52
53
47
57
52
43
53
53
56
58
54
50
52
56
57
53
58
41
54
58
47
51
58
57
52
55
58
52
38
59
58
54
56
49
56
54
60
36
57
25
53
53
54
53
57
58
57
58
56
60
56
58
56
57
56
59
57
46
57
50
52
43
55
40
58
49
62
61
51
52
56
51
48
58
59
47
53
53
55
52
59
34
53
56
50
54
59
52
49
54
45
50
55
58
39
52
56
54
57
51
46
54
30
51
57
56
58
58
53
51
43
33
53
55
55
52
58
44
41
54
59
35
39
58
49
57
57
59
53
59
48
56
56
56
53
56
51
26
54
56
54
56
55
50
40
59
54
48
54
42
55
58
43
54
59
47
57
47
52
55
54
46
57
59
56
51
55
47
54
51
52
48
56
43
56
45
55
54
44
58
54
55
53
60
39
54
50
45
53
49
56
52
49
56
58
54
45
54
49
39
52
51
56
54
49
46
49
53
56
56
48
55
53
55
45
48
55
55
56
28
47
50
56
52
57
57
51
47
53
52
55
49
44
50
41
58
57
55
56
46
52
50
34
52
54
54
54
49
54
61
55
50
53
59
56
55
52
56
57
53
57
57
58
62
55
55
51
56
61
53
59
59
57
60
55
52
56
59
61
2
2
0
0
0
4
2
2
2
0
2
4
2
0
0
0
2
2
0
2
0
0
4
4
2
0
2
0
2
2
0
0
4
4
2
0
2
0
2
2
2
2
0
0
0
4
2
0
2
0
2
2
4
2
0
4
2
0
0
0
4
0
0
0
4
2
2
6
0
4
6
6
4
2
0
0
0
4
4
0
0
2
4
0
2
2
2
2
2
4
2
4
0
2
0
4
4
2
0
0
0
0
2
0
4
2
4
2
2
2
0
0
2
0
4
4
0
0
2
0
2
0
6
2
2
2
0
0
0
4
0
4
2
0
2
2
0
2
2
2
2
4
2
0
0
0
2
2
4
0
2
2
2
4
2
2
2
4
0
4
0
4
2
2
0
4
4
4
2
2
0
0
0
0
2
2
2
0
0
4
4
2
0
0
2
2
0
4
0
0
2
2
2
4
2
0
4
0
2
4
0
2
2
0
4
0
0
2
2
0
2
0
0
2
4
0
2
0
0
0
0
2
2
0
2
2
4
6
4
4
2
0
2
2
4
0
6
4
2
0
2
8
2
4
2
0
2
0
4
2
0
2
2
0
0
4
0
2
0
2
0
0
2
6
2
0
0
0
2
2
0
4
0
2
6
6
4
2
0
2
2
0
2
0
0
2
4
2
10
6
4
0
4
6
4
6
0
4
4
4
0
0
6
0
6
0
0
4
0
4
6
4
6
6
0
0
2
8
6
6
6
6
0
0
8
6
0
6
4
0
0
6
0
2
2
6
0
2
0
0
4
8
8
7
0
6
4
4
2
8
0
10
0
2
2
0
2
0
4
2
0
0
2
0
2
4
4
4
0
4
0
0
0
4
0
0
0
2
2
0
2
0
2
0
6
0
0
0
6
0
4
4
4
4
12
4
4
12
0
12
0
0
6
2
0
2
2
0
2
0
6
0
10
8
2
0
0
0
2
4
0
8
4
4
0
0
0
4
6
0
2
6
6
4
6
0
6
4
6
6
6
6
0
6
6
0
4
4
4
6
4
4
0
0
7
4
2
6
4
0
6
73
2
4
0
4
2
4
0
6
4
6
6
6
8
0
6
6
4
4
6
0
2
6
4
12
4
0
0
4
0
6
2
0
6
0
0
4
0
6
2
0
0
6
6
8
0
2
6
6
4
0
6
6
4
4
4
4
6
4
6
6
2
0
0
0
4
2
0
6
2
4
6
6
6
0
6
4
2
0
8
0
0
2
4
8
4
0
10
0
4
0
0
0
6
0
6
6
4
4
6
4
6
0
2
6
0
6
4
0
4
8
0
6
6
0
0
0
0
0
0
0
0
0
0
0
0
0
0
0
0
0
0
0
0
0
0
0
0
0
0
0
0
0
0
0
0
0
0
0
0
0
0
0
0
0
0
0
0
0
0
0
0
0
0
0
0
0
0
0
0
0
0
0
0
0
0
0
0
0
0
0
0
0
0
0
0
0
0
0
0
0
0
0
0
0
0
0
0
0
0
0
0
0
0
0
0
0
0
0
0
0
0
27
13
11
38
10
12
13
31
12
11
11
10
14
19
38
15
10
7
14
9
17
14
17
17
14
17
15
9
19
14
11
12
17
14
24
25
14
29
8
5
13
12
3
11
5
7
15
14
12
11
9
14
11
7
22
8
15
14
12
17
12
10
11
13
9
8
14
30
8
13
14
10
18
32
11
8
15
9
11
14
13
14
8
18
8
9
16
27
26
12
13
22
20
12
14
29
9
24
6
37
12
13
10
11
14
17
8
23
16
13
13
23
12
12
11
13
18
10
23
15
32
16
16
23
15
14
13
36
10
8
23
5
19
8
33
12
10
11
6
14
21
11
13
25
17
13
8
6
12
21
20
20
22
15
23
17
8
23
39
15
12
22
19
15
34
20
19
31
23
12
30
8
10
13
26
24
19
23
25
18
28
28
13
15
11
22
23
23
25
19
33
0
0
50
0
1
87
0
1
46
1
0
0
0
3
1
3
0
0
1
1
1
7
0
1
56
1
32
6
0
3
3
34
5
5
0
25
5
1
5
0
1
0
0
46
1
5
0
1
1
1
1
1
1
1
5
3
0
30
0
49
38
3
1
1
0
3
3
3
3
25
3
10
31
0
25
5
11
0
21
0
0
1
1
1
0
1
1
1
0
1
1
33
3
1
1
4
3
3
1
0
0
1
5
6
1
1
3
0
3
0
44
1
1
1
0
1
0
3
1
32
0
1
5
0
5
1
19
1
1
1
1
0
1
0
43
12
0
3
5
26
1
0
1
1
3
0
1
3
3
5
0
1
39
1
1
1
1
0
35
3
0
1
5
1
1
3
0
45
5
1
3
1
0
1
0
0
1
3
1
1
1
0
3
5
0
1
4
3
0
9
1
0
1
0
0
1
0
3
1
28
7
25
5
0
0
3
1
1
39
1
0
0
47
1
3
3
0
0
21
39
0
1
24
5
5
1
3
0
3
1
3
5
1
2
5
0
1
0
4
4
3
28
3
6
20
3
6
3
5
3
1
0
0
3
0
0
26
1
1
1
41
1
3
1
1
22
23
23
19
21
3
43
18
40
0
36
28
1
40
11
3
1
18
25
0
0
21
18
30
81
48
40
43
61
74
37
51
63
31
28
36
41
48
40
42
46
50
80
50
45
32
23
31
83
84
36
49
79
42
47
35
43
36
40
51
56
56
49
42
78
36
77
42
33
36
28
41
48
81
46
51
40
52
78
62
57
43
42
32
42
42
33
39
79
46
43
25
53
55
21
43
80
41
51
42
65
74
74
68
60
47
32
34
45
52
44
38
74
47
51
38
57
57
27
32
38
33
40
40
72
48
46
38
53
43
26
22
56
51
70
51
44
48
54
72
38
37
33
27
46
49
43
40
47
82
80
37
77
38
32
88
65
32
41
49
51
50
44
55
49
27
31
28
59
58
44
34
36
46
32
64
59
63
25
51
48
55
51
75
35
81
45
49
70
46
41
47
45
81
42
33
49
51
38
42
39
33
46
45
30
43
44
38
50
45
40
37
46
24
27
44
46
80
54
79
78
51
73
45
44
44
33
59
79
49
29
44
54
47
49
46
62
31
24
22
49
61
83
43
62
30
47
63
43
25
25
27
54
47
44
58
81
59
49
68
49
25
24
23
21
28
46
49
43
63
43
34
59
30
22
16
22
36
19
23
25
32
26
32
23
22
34
27
20
23
26
32
21
27
21
42
31
47
55
77
45
80
38
34
31
48
72
47
81
49
42
