5
9
7
13
7
9
11
9
9
7
9
13
5
23
7
7
5
11
9
7
9
13
11
5
11
7
7
9
15
7
9
7
7
11
7
3
9
9
9
5
5
9
3
7
5
7
13
7
9
7
15
11
13
13
13
9
15
9
11
11
13
11
15
9
7
7
11
9
11
17
7
13
9
9
9
9
5
11
9
9
9
9
9
9
5
7
7
5
7
13
9
9
9
5
9
5
9
5
7
11
13
7
9
5
7
15
13
7
13
11
11
3
7
9
7
5
7
7
9
11
3
9
9
7
9
15
9
7
9
7
5
7
9
9
11
9
3
9
9
9
17
9
7
5
7
9
13
7
7
17
7
9
13
9
7
9
7
3
13
11
13
9
7
5
5
7
5
7
5
5
7
5
7
5
5
7
13
11
9
3
5
11
3
9
5
11
15
7
13
9
5
5
7
7
0
7
11
9
5
5
9
11
11
5
7
3
7
5
9
5
7
7
5
11
7
7
5
7
15
5
5
5
5
3
7
7
9
3
9
7
9
9
5
9
11
10
5
9
9
9
9
9
9
11
5
7
9
9
17
7
5
31
7
3
7
9
7
7
7
5
7
9
7
9
3
13
5
7
11
7
5
3
11
9
11
3
7
9
7
7
9
9
5
11
9
15
13
7
6
26
21
3
11
7
0
27
0
13
3
3
20
1
7
0
2
0
3
2
22
0
3
23
11
0
4
0
8
2
0
9
2
0
0
0
0
18
9
2
2
14
2
2
2
5
29
18
5
29
9
4
10
10
9
12
3
2
16
23
6
22
10
22
17
7
0
3
6
22
20
0
16
6
20
5
4
8
5
7
2
16
16
7
16
1
3
12
51
7
16
1
13
9
2
5
14
19
3
16
2
2
1
7
5
6
0
18
4
23
11
13
2
16
12
0
19
2
5
5
31
6
4
5
8
16
7
8
0
0
5
7
13
0
3
10
13
16
0
14
30
19
6
17
4
7
46
9
48
5
7
32
13
11
7
20
15
5
5
25
4
8
17
1
15
17
13
5
0
18
5
3
10
5
22
17
2
28
18
2
11
17
16
21
13
10
24
5
42
7
10
15
17
20
21
32
19
14
18
19
9
25
31
24
20
12
2
2
2
6
34
4
8
0
19
13
33
39
18
0
14
0
9
30
8
39
0
11
1
5
5
12
17
0
0
2
4
15
2
2
0
32
4
5
7
11
0
0
0
4
0
0
11
6
9
20
26
2
30
19
27
2
13
0
11
9
2
14
42
9
8
31
2
9
14
10
5
19
0
0
5
9
6
3
10
14
17
22
6
9
6
2
11
4
4
4
3
4
2
4
5
1
4
2
4
5
2
8
3
3
2
4
5
4
5
2
4
4
0
4
4
2
4
6
20
2
2
4
2
2
2
0
2
2
4
4
4
8
6
2
2
4
2
6
2
4
2
2
4
4
2
4
3
8
4
4
10
4
7
4
3
6
6
2
4
7
15
4
4
21
6
13
5
4
4
2
4
2
4
4
3
4
5
0
6
4
4
5
0
4
4
6
2
7
2
7
2
12
4
5
6
7
2
4
2
2
2
4
7
4
6
2
6
4
6
4
7
0
0
2
4
4
3
2
4
6
3
4
7
2
3
8
2
3
4
2
11
4
7
4
3
5
5
4
7
1
4
4
2
7
5
4
2
6
8
2
2
17
3
3
5
7
6
7
5
2
7
0
2
4
7
4
2
4
2
4
3
6
6
2
3
4
2
4
10
4
8
2
7
10
4
17
4
3
5
4
1
4
4
5
2
2
2
3
2
0
5
4
4
17
5
2
2
4
0
5
6
2
2
6
4
1
3
4
4
8
2
3
5
2
2
4
2
2
5
4
4
2
6
3
6
6
0
2
2
4
4
6
2
4
0
6
3
0
2
2
0
2
17
6
6
4
16
2
4
2
4
4
2
2
4
6
4
4
5
0
10
8
8
4
10
10
4
8
8
4
8
6
2
4
6
8
4
8
8
10
6
8
4
10
14
6
8
6
8
6
8
22
8
8
8
12
6
18
8
4
6
12
2
8
8
20
8
8
0
10
8
6
8
8
12
10
6
10
8
10
10
8
12
18
6
10
8
10
8
6
4
8
4
8
6
12
16
37
8
10
8
4
6
8
8
8
12
8
2
14
8
16
4
12
8
4
8
8
6
6
10
6
8
10
18
4
18
18
10
6
8
10
20
8
12
6
10
6
24
35
10
4
6
6
45
10
10
14
4
10
18
4
8
6
12
14
12
8
0
12
8
10
8
14
10
8
10
8
12
14
8
6
6
8
16
6
16
14
10
10
6
10
8
8
4
12
10
10
16
6
10
8
8
10
14
14
12
16
12
12
26
20
10
10
16
24
12
8
8
22
24
10
18
14
16
47
20
37
12
14
6
8
18
10
22
6
22
4
6
18
18
10
10
18
4
22
10
10
4
10
14
14
4
4
8
16
10
4
22
16
16
8
10
10
31
4
12
8
10
14
16
8
10
12
8
18
24
8
16
12
10
8
2
10
8
6
10
8
6
8
6
10
6
10
18
8
10
4
8
6
10
12
10
8
35
14
8
12
10
10
6
6
12
14
12
10
8
16
17
2
1
2
22
2
4
2
5
5
38
8
15
2
2
14
20
0
2
6
8
0
1
4
4
4
4
10
15
4
14
16
9
4
3
2
4
2
4
14
14
12
4
19
5
2
4
6
5
4
3
5
19
0
20
20
6
6
18
4
4
4
10
4
13
1
12
5
18
5
4
2
17
4
11
7
18
4
21
4
7
3
2
1
19
2
19
1
15
2
1
2
8
5
0
1
10
4
2
2
15
4
11
19
4
4
1
2
5
7
11
7
14
2
16
8
18
2
2
7
3
8
4
6
13
5
2
12
3
4
1
3
8
4
0
12
6
2
11
17
21
1
3
16
21
4
3
18
8
5
10
22
15
5
5
2
12
1
2
1
11
2
4
2
21
2
2
6
6
1
6
6
2
6
1
2
5
0
4
1
15
2
2
19
18
6
2
6
2
4
3
6
3
2
10
16
6
4
2
15
2
1
2
2
3
2
2
2
7
4
1
5
13
2
4
6
18
2
2
14
10
2
18
14
3
6
4
2
2
1
2
10
8
2
4
4
2
4
6
3
7
6
2
4
7
5
1
14
4
5
4
4
40
5
1
4
15
4
2
8
5
0
1
1
11
7
3
6
19
4
3
4
17
7
3
2
4
2
6
20
12
10
10
8
12
3
3
2
0
0
0
97
0
8
34
0
41
56
7
0
0
0
0
11
2
19
17
4
0
0
0
0
0
0
0
84
17
15
44
44
41
45
71
0
43
0
0
9
24
34
47
33
0
0
0
0
0
0
0
0
6
6
83
0
0
0
36
0
0
0
0
0
0
30
11
39
67
2
7
46
0
0
0
2
71
0
0
0
0
0
0
0
0
0
50
0
23
0
7
0
2
87
0
0
4
0
0
72
9
13
0
2
7
2
2
25
0
0
0
9
32
0
11
0
48
41
36
0
2
0
31
0
6
11
5
12
14
31
30
60
24
33
33
2
9
0
0
24
13
2
28
32
23
0
0
2
0
5
2
23
16
89
0
4
0
0
0
68
7
3
22
26
57
13
0
0
0
0
0
47
23
6
0
4
14
0
0
33
0
0
3
22
0
0
0
0
0
0
0
0
0
0
0
82
5
28
40
12
44
6
0
25
0
0
50
0
14
9
35
0
2
73
31
27
44
0
0
0
0
18
37
15
24
33
41
0
0
46
0
6
87
24
0
0
9
6
0
37
58
37
2
0
0
2
0
0
0
0
0
0
0
0
0
92
2
0
0
61
18
6
30
56
0
38
0
11
40
0
10
6
49
21
0
60
0
2
0
0
19
18
22
7
27
34
2
27
33
30
35
37
33
35
32
37
31
37
36
33
33
38
32
35
32
36
34
30
36
32
35
35
24
35
35
32
34
29
30
32
28
31
36
37
35
36
31
33
34
31
32
36
33
36
37
30
31
37
34
33
36
31
34
34
34
36
32
32
33
30
33
39
29
33
35
36
31
35
36
35
29
34
37
32
34
24
33
25
35
36
31
28
37
33
32
27
39
32
33
23
33
30
35
35
36
30
33
33
35
34
36
24
24
31
37
32
32
31
35
36
30
32
27
36
31
30
35
35
34
37
31
33
35
30
31
33
36
34
32
35
27
32
36
28
32
35
33
35
29
36
33
35
34
33
33
30
34
30
35
33
38
24
33
32
32
37
34
32
33
36
36
32
24
28
33
27
38
33
34
34
34
33
34
35
36
34
36
33
36
35
34
32
37
32
36
35
30
35
35
28
32
25
35
31
24
35
35
35
36
33
31
33
38
39
34
37
28
30
37
31
32
36
30
33
22
34
36
30
35
31
38
31
36
36
34
36
36
34
33
31
37
38
36
35
36
31
34
34
32
32
32
32
28
34
31
36
24
27
36
32
34
36
37
31
37
28
34
31
37
36
32
33
36
37
34
33
37
32
36
33
31
35
34
26
35
32
32
25
22
35
32
33
31
30
28
34
17
26
26
28
36
24
36
13
23
19
30
24
18
31
12
15
31
19
27
18
16
22
27
30
23
25
23
27
27
36
21
25
27
16
42
22
24
40
25
41
24
29
28
41
15
24
27
27
28
26
20
35
33
20
23
32
21
28
21
25
27
27
26
16
28
27
31
21
22
26
32
39
36
39
41
21
32
22
23
34
19
38
41
31
24
25
27
34
44
21
31
25
30
15
26
28
29
30
18
40
26
26
30
35
37
29
24
20
26
16
28
33
22
31
32
25
21
24
31
17
14
22
34
26
22
28
25
25
40
38
29
40
17
31
28
38
27
25
22
17
23
25
28
21
22
38
23
22
20
32
26
35
17
24
28
24
36
30
37
26
27
37
28
29
41
35
24
31
38
29
25
30
30
21
19
37
38
21
43
31
14
42
25
21
27
39
39
40
21
29
20
25
28
19
31
28
40
36
31
28
38
31
36
29
16
34
28
42
37
42
19
37
38
23
39
30
30
36
29
36
29
21
27
39
30
22
28
23
22
33
38
22
32
29
37
24
29
29
30
28
38
25
24
39
28
26
14
25
21
28
33
26
23
22
36
27
24
32
24
25
18
31
27
26
35
29
22
26
32
22
23
18
20
28
20
28
16
25
26
15
15
28
27
33
14
19
23
23
10
0
88
2
4
2
0
0
4
0
4
40
0
6
6
6
2
0
4
4
0
0
6
6
2
2
0
0
6
63
8
0
2
0
4
0
6
4
0
0
6
0
0
6
6
0
8
2
6
0
0
2
0
0
4
0
0
6
0
0
0
2
45
2
0
58
0
4
0
2
0
0
0
2
0
4
0
4
6
0
9
4
0
8
0
2
4
6
0
0
0
0
0
4
0
2
0
0
0
0
2
0
0
0
6
6
2
4
0
0
4
8
0
0
0
0
0
4
6
0
0
2
0
8
0
6
6
4
2
4
6
0
4
38
4
0
0
6
4
0
4
6
0
0
8
2
6
0
0
2
0
2
2
0
0
6
8
8
12
0
0
6
0
4
4
6
0
89
0
2
12
8
0
0
0
6
0
0
6
0
0
4
8
0
2
6
0
4
6
8
0
0
0
2
0
0
4
0
0
6
0
0
0
0
0
8
0
2
0
0
0
4
0
6
6
0
0
6
8
0
0
0
4
51
0
2
2
10
4
41
7
0
0
0
0
4
0
0
57
0
8
4
0
0
25
0
8
0
0
2
0
64
6
0
0
6
2
4
4
6
0
0
0
0
4
2
6
0
0
6
6
6
0
0
15
4
6
0
6
0
0
0
8
4
0
0
6
0
2
0
0
1
0
0
2
2
1
1
0
3
0
2
0
0
0
0
2
0
13
0
1
0
2
0
0
0
0
2
0
0
0
0
0
0
0
2
0
0
0
0
2
0
2
0
0
2
4
6
2
4
1
4
2
0
6
5
2
7
4
0
2
7
2
5
5
3
4
7
0
0
2
2
0
0
4
2
2
2
4
2
5
5
0
3
0
2
0
4
2
4
2
4
2
4
3
2
6
4
2
0
0
3
1
2
0
2
4
0
0
2
4
4
2
4
1
7
7
2
4
2
2
15
3
2
0
4
1
0
5
4
0
0
2
4
0
9
2
2
2
10
0
2
0
0
2
0
1
2
2
4
0
0
0
0
0
0
2
2
0
0
0
3
0
0
0
0
7
2
0
0
2
0
1
2
1
2
2
2
0
0
2
0
0
0
2
0
2
1
0
3
3
3
0
0
2
3
2
0
2
4
0
5
2
0
0
0
2
3
2
2
2
0
0
3
0
0
0
0
2
4
3
1
2
0
2
2
2
0
0
0
0
2
2
2
2
2
2
2
2
0
0
2
2
4
2
0
0
0
0
3
2
3
2
2
0
2
4
2
7
2
2
3
2
0
2
0
0
1
3
0
0
0
1
0
3
0
0
2
0
4
0
0
0
0
0
2
