0
0
5
0
1
7
5
3
1
9
5
0
3
1
1
7
3
0
0
0
0
0
9
0
1
0
1
0
0
0
0
0
0
1
0
0
0
0
0
3
1
1
1
0
1
3
1
3
1
0
1
1
0
1
3
0
1
0
1
1
0
0
3
0
0
94
0
0
0
0
91
1
1
5
3
0
3
0
1
3
87
1
1
1
3
9
3
1
0
0
0
7
0
0
1
0
1
3
3
0
0
0
23
9
3
7
3
0
7
0
0
3
1
0
7
1
3
1
3
3
7
64
3
3
1
1
7
5
1
1
1
5
0
1
3
1
3
3
1
3
1
1
1
1
15
3
3
3
9
1
5
1
12
0
5
3
3
0
1
3
17
1
3
1
1
1
15
0
15
1
3
10
5
0
3
7
5
3
7
0
0
1
3
5
3
5
0
0
1
1
1
1
3
1
5
1
3
1
0
1
5
3
3
3
1
3
9
3
1
1
0
3
1
52
3
1
7
5
0
0
1
1
3
9
3
3
5
1
7
3
0
0
3
7
0
0
5
0
0
0
1
9
1
0
3
1
0
3
7
7
0
1
7
0
5
1
9
1
7
1
6
1
0
0
5
3
0
1
0
9
3
0
1
5
0
5
7
7
0
0
1
0
1
0
5
5
0
7
3
6
16
3
2
2
16
17
25
3
1
26
3
2
2
0
1
2
10
3
30
3
5
1
1
5
1
1
1
5
11
4
1
0
2
4
6
11
7
19
4
4
2
1
2
8
22
4
3
0
1
3
13
19
2
13
10
24
3
3
13
5
0
1
3
4
6
10
1
3
5
0
1
4
12
2
2
4
1
0
3
5
8
7
2
15
4
1
3
15
14
7
5
2
9
6
0
3
5
11
1
24
5
1
7
2
21
8
14
5
1
1
12
4
0
6
11
3
3
5
0
0
8
7
1
3
22
6
2
2
3
2
1
18
1
30
5
14
8
4
2
1
11
6
4
15
1
12
14
12
13
10
9
3
31
3
2
2
5
19
16
1
7
17
2
21
7
7
6
3
14
5
17
12
11
6
1
1
5
9
6
9
15
15
26
11
4
9
9
11
16
21
2
1
1
9
3
13
15
0
11
7
14
1
3
10
13
17
2
1
1
4
1
14
1
0
10
2
15
15
0
6
15
1
3
5
1
14
12
13
0
17
21
2
11
14
2
2
19
5
4
1
18
9
1
11
1
9
3
2
21
1
3
11
10
11
1
11
6
1
0
3
0
1
3
10
16
2
0
12
8
12
18
17
5
3
17
22
0
16
10
8
2
5
3
4
2
9
15
0
38
28
16
0
28
30
3
0
0
72
0
50
0
0
0
0
0
12
28
0
0
17
0
0
1
16
0
24
22
97
12
12
31
0
17
0
0
37
0
23
1
18
9
0
22
0
0
28
0
15
0
0
18
0
0
18
3
0
19
17
15
0
21
0
1
20
0
0
23
0
17
0
26
27
11
31
0
9
29
0
0
30
20
0
22
0
37
28
1
2
0
0
0
14
0
0
1
0
21
1
0
0
2
4
20
0
16
0
24
0
24
0
12
0
9
24
21
0
0
12
22
0
3
0
8
23
0
0
0
0
29
0
6
11
4
33
31
0
0
36
0
7
23
0
34
23
0
40
15
0
0
24
27
0
11
0
1
11
0
27
0
46
30
15
0
0
15
0
35
2
2
19
0
17
0
5
0
20
2
0
22
0
50
0
0
0
32
0
0
22
0
12
2
29
2
20
0
3
18
9
8
0
14
16
17
0
71
0
0
19
5
22
3
0
11
5
0
15
0
0
2
17
10
1
9
0
0
13
17
17
0
0
0
7
9
0
1
2
3
0
13
0
0
17
4
0
17
0
11
7
7
0
0
12
15
19
0
0
0
0
0
0
0
0
0
0
0
0
0
0
0
0
5
0
0
0
7
4
0
0
1
0
5
1
11
0
2
4
0
2
2
2
3
5
0
0
2
2
4
2
2
2
2
0
4
0
2
3
0
0
2
4
12
0
0
2
2
0
0
2
0
0
0
0
2
0
2
4
2
2
2
2
0
2
0
0
2
0
0
2
2
0
0
2
0
0
18
0
13
0
2
4
2
0
2
0
2
2
0
0
0
3
2
0
2
0
0
2
0
0
0
4
0
2
2
2
4
0
2
1
18
2
0
0
0
4
2
0
3
2
2
4
0
0
0
0
2
2
0
20
0
2
2
0
0
0
0
0
0
0
2
0
0
0
0
0
4
0
0
5
4
4
2
2
2
2
0
0
0
2
2
2
2
2
0
4
2
2
2
2
2
0
2
2
2
4
4
0
4
0
2
2
0
2
0
6
4
4
2
2
0
0
0
0
0
2
0
2
0
2
0
2
4
0
2
2
2
0
4
4
2
2
2
0
2
0
0
0
2
2
0
0
0
0
0
4
4
0
0
2
0
0
0
2
2
2
0
2
2
2
2
4
0
0
0
2
0
2
4
0
0
0
2
2
4
0
2
0
0
0
2
0
0
3
0
2
0
2
2
0
0
2
0
0
0
0
0
2
0
3
4
2
0
2
0
2
0
0
4
0
0
0
4
0
4
0
2
0
0
4
4
0
2
4
11
9
11
17
21
25
7
3
15
3
13
3
7
11
11
13
9
13
7
11
7
9
9
16
7
11
7
13
1
21
7
17
7
5
9
13
11
17
5
9
3
5
3
9
15
3
9
15
3
13
7
9
3
3
5
19
17
7
5
2
17
7
7
21
5
15
5
11
7
3
3
9
7
5
1
9
15
11
9
15
9
9
11
3
7
17
9
3
5
13
13
7
9
11
11
11
7
11
15
19
13
23
36
40
38
17
32
15
21
36
7
15
11
15
13
11
19
38
23
13
19
23
28
21
24
24
30
36
25
38
17
48
30
22
28
15
13
27
20
20
30
19
36
27
7
21
21
23
15
21
26
21
11
23
26
11
15
71
36
27
25
38
46
19
32
11
13
32
11
15
13
17
15
46
19
13
9
46
23
15
40
36
44
55
93
29
11
9
9
11
34
11
44
21
18
23
46
34
28
46
25
46
23
21
30
15
11
21
11
38
13
19
13
17
46
28
34
38
42
23
48
28
21
32
15
27
30
44
36
13
21
7
34
21
11
15
13
24
21
28
42
28
42
11
30
15
21
17
28
21
42
36
27
19
23
25
32
28
32
17
19
9
7
7
11
11
1
9
7
7
7
11
5
11
7
17
17
15
13
11
5
1
7
9
11
5
20
7
26
11
14
12
18
37
14
10
22
11
5
7
8
36
7
12
7
21
7
4
7
9
9
5
4
24
9
6
6
13
7
2
4
9
9
11
4
4
7
9
37
4
24
7
11
15
9
9
5
5
20
6
31
4
7
18
5
22
4
9
9
11
9
6
30
26
38
26
17
13
9
5
7
26
13
19
7
30
11
23
14
6
14
7
11
9
9
7
11
9
11
7
11
7
5
9
13
9
7
23
23
15
7
5
16
13
9
9
35
16
32
9
9
15
7
14
13
16
13
18
8
24
20
9
9
9
30
26
11
20
37
36
6
11
31
13
4
28
9
20
9
9
7
23
11
11
14
5
9
7
7
9
5
4
9
11
8
16
7
9
9
20
19
32
37
26
41
11
21
41
42
46
39
35
27
25
34
44
30
38
19
38
40
42
48
46
33
22
25
36
39
27
22
17
25
42
20
13
7
25
22
27
44
27
33
37
15
42
32
34
33
28
25
20
38
38
32
23
16
20
41
33
35
21
18
15
11
35
16
42
37
33
39
24
18
23
24
11
5
20
21
28
9
17
15
9
24
24
28
23
16
33
28
33
16
27
29
13
18
26
16
23
20
22
22
29
24
25
13
27
32
22
21
23
16
9
23
31
22
30
29
18
13
23
22
18
19
14
2
2
0
2
2
2
0
2
4
0
0
0
2
2
0
0
4
6
2
2
0
2
0
0
0
2
0
4
2
2
0
0
2
2
0
0
2
0
4
0
2
0
0
2
2
2
2
0
2
4
0
2
12
0
0
2
0
0
2
0
0
0
4
2
4
0
4
2
0
2
2
0
0
2
2
0
2
2
4
0
2
2
0
2
4
0
2
0
4
2
2
2
0
0
6
2
0
6
2
0
2
0
2
4
2
4
2
2
4
2
0
0
2
4
2
0
2
2
4
4
2
4
4
2
2
2
27
4
2
0
0
0
6
4
0
0
0
0
2
2
4
0
0
4
2
0
2
2
0
0
2
0
2
2
2
4
2
0
2
4
2
2
2
0
0
0
0
6
0
2
0
2
2
4
2
0
0
0
2
2
4
0
6
6
2
0
4
2
2
6
0
2
5
2
2
4
2
0
2
8
0
0
2
2
2
0
6
6
0
2
2
2
2
2
4
2
0
0
2
2
2
0
2
2
4
4
4
0
2
0
2
0
0
0
0
0
0
2
2
4
0
4
0
0
2
0
2
0
0
2
2
2
0
2
0
0
2
0
0
2
2
0
2
4
4
2
2
2
4
0
0
4
4
0
2
0
0
2
2
2
0
2
2
0
0
4
4
2
0
2
4
0
2
0
0
4
0
0
2
0
2
4
2
0
0
4
0
2
0
0
0
6
0
4
0
2
2
0
0
0
0
4
2
4
0
2
0
0
2
4
2
4
2
0
0
0
2
2
0
21
0
2
4
2
35
0
0
2
0
2
2
0
0
0
0
2
0
0
0
0
2
0
0
2
0
0
0
2
2
2
0
0
0
2
0
0
0
2
4
0
0
2
2
2
0
0
0
0
0
2
2
2
8
0
2
0
0
0
2
0
0
0
4
2
2
6
2
4
2
6
0
0
2
4
4
0
0
6
2
0
2
0
2
2
4
0
2
4
6
4
0
2
2
2
0
2
2
2
2
2
0
2
2
0
0
29
0
4
0
2
2
4
4
0
0
0
2
0
0
2
2
2
2
0
4
0
4
2
4
2
2
0
2
0
2
2
0
2
0
4
0
0
2
2
2
2
4
0
2
4
4
2
0
6
0
0
0
2
0
2
0
2
2
2
2
0
2
2
2
0
2
0
2
2
0
0
4
4
2
0
2
0
0
6
6
0
0
2
0
0
0
0
0
0
4
2
33
6
0
0
2
2
0
0
0
0
0
0
0
6
0
2
2
2
0
4
0
6
2
2
4
2
2
2
2
2
0
0
8
0
2
0
0
2
2
0
8
10
6
4
6
4
8
4
4
6
2
4
4
4
4
2
6
4
4
8
8
4
0
2
6
6
4
6
31
6
4
2
2
4
2
2
6
2
8
2
4
4
2
4
4
4
4
4
6
4
0
0
2
6
2
4
4
8
8
37
4
13
17
4
6
4
6
6
8
8
4
2
6
4
4
8
6
4
10
2
6
6
10
6
6
2
29
4
4
4
8
6
6
4
4
10
4
8
8
4
10
6
6
4
4
6
2
6
2
0
2
2
2
6
4
2
4
6
6
8
4
0
19
8
8
10
4
8
14
6
8
6
6
6
4
0
4
8
4
6
4
4
6
8
8
4
6
4
6
6
10
6
12
10
6
8
6
2
8
4
10
8
4
12
8
8
19
4
4
4
6
10
11
12
10
10
12
4
8
10
6
12
4
6
4
16
6
6
6
6
10
2
10
44
10
12
8
12
8
12
4
10
4
6
6
8
8
6
6
6
8
10
10
6
8
6
6
8
4
12
12
8
6
4
4
6
4
8
10
12
7
11
4
8
6
6
9
12
4
4
8
7
8
6
8
8
10
7
6
8
4
4
2
10
8
10
4
4
8
5
6
8
6
8
4
6
6
4
8
12
6
6
12
8
6
6
8
8
10
4
6
6
8
6
6
4
10
8
0
0
2
4
0
2
4
4
0
2
0
2
2
0
0
0
2
2
2
0
0
0
0
2
0
0
0
2
4
2
2
2
2
0
2
0
2
4
4
2
0
0
4
2
0
0
2
2
4
2
0
2
0
4
4
2
2
0
2
0
4
0
0
2
2
0
6
2
0
0
2
2
2
0
0
0
0
0
2
0
2
2
2
2
0
0
2
4
0
2
0
0
2
0
2
0
4
2
0
0
2
0
4
0
2
0
2
0
2
2
2
0
2
4
0
0
2
0
2
2
0
0
4
2
0
2
2
2
2
2
2
0
2
0
2
4
4
2
2
0
2
4
2
2
0
0
2
2
2
0
0
0
0
0
0
4
2
0
8
2
0
2
0
4
4
0
2
4
0
2
0
2
8
6
4
2
2
2
2
0
0
2
0
0
2
2
6
0
0
0
0
0
2
0
2
2
0
2
2
0
2
2
4
0
4
0
2
2
2
2
0
0
4
2
2
2
0
2
0
0
2
4
2
0
6
2
0
2
2
2
2
0
2
0
0
4
2
0
2
2
0
4
3
7
0
0
0
0
0
2
0
4
0
0
2
0
0
0
4
0
0
0
0
0
2
0
2
2
2
2
2
3
4
2
2
2
4
4
0
0
0
2
2
0
2
0
2
2
