7
6
6
7
10
7
7
6
8
5
6
8
8
6
7
8
9
6
8
6
8
8
8
6
12
11
8
6
8
5
6
6
10
7
9
10
7
7
6
5
6
8
5
6
6
6
10
6
5
10
5
10
6
10
6
7
15
8
10
9
6
6
7
10
7
6
6
9
7
5
7
5
7
6
8
12
8
8
9
5
7
9
15
6
6
9
7
7
8
8
5
7
5
8
6
6
7
9
7
7
7
9
7
8
6
14
12
8
8
6
10
8
6
8
7
7
8
5
8
5
6
10
7
8
5
6
6
9
12
5
7
8
6
9
9
22
6
10
7
7
5
8
8
7
11
7
10
6
9
5
10
8
8
12
7
8
7
6
7
7
9
9
5
9
5
9
7
7
8
8
7
9
8
5
8
7
7
9
6
9
7
5
8
8
8
7
7
8
13
11
7
9
12
8
12
8
9
7
5
6
11
5
7
6
8
6
6
9
5
8
9
7
8
7
6
8
9
6
7
9
7
8
6
7
7
7
6
8
10
10
10
8
7
6
8
7
8
11
6
5
9
12
5
8
6
9
6
5
5
9
8
10
9
6
8
12
7
11
5
8
8
8
9
8
5
10
8
5
9
6
7
6
6
8
7
8
8
9
5
6
8
6
7
8
9
7
6
5
5
6
4
29
5
4
8
4
47
3
8
5
4
7
9
7
33
8
12
4
7
6
26
5
6
7
32
7
4
7
50
7
7
5
31
5
5
51
7
7
7
13
28
3
9
5
5
8
15
7
41
12
8
10
60
5
9
5
14
19
5
5
7
6
6
5
5
12
7
7
7
17
5
39
8
6
41
7
7
5
36
19
9
5
10
20
29
4
19
6
22
3
31
46
9
13
7
7
7
8
3
33
5
7
9
9
27
7
29
2
6
7
9
5
6
24
37
12
9
3
5
19
49
40
8
9
8
9
7
5
5
56
11
5
37
30
3
9
5
10
5
59
7
23
6
5
10
4
5
39
7
5
65
14
7
42
8
6
4
4
3
6
5
27
3
36
5
16
7
8
30
8
16
8
8
33
7
9
7
26
5
5
18
5
7
36
28
31
4
23
9
6
5
12
6
10
5
12
6
40
14
10
4
8
10
9
11
3
6
28
4
5
5
11
17
35
5
7
3
3
2
32
7
6
5
5
5
2
43
13
17
3
20
27
19
3
5
27
2
7
2
23
13
5
36
44
33
7
7
7
28
54
7
2
9
45
5
9
5
5
5
12
15
5
39
20
5
7
3
29
3
12
7
4
10
4
5
7
6
7
41
38
3
4
7
5
3
7
40
50
50
6
5
4
5
3
7
5
45
27
9
13
5
42
6
7
2
22
12
32
33
5
38
38
5
4
20
44
5
3
32
4
12
27
3
15
9
7
10
7
41
9
32
3
18
11
13
64
6
5
54
9
12
33
3
40
41
29
0
3
3
3
39
5
19
4
50
4
11
5
5
7
8
30
7
24
9
2
7
34
7
7
5
14
8
5
3
7
5
28
14
35
11
9
10
4
6
8
6
13
3
5
6
33
12
9
12
18
7
28
7
43
33
28
21
27
11
1
9
6
7
7
7
53
51
26
28
33
13
2
31
3
25
14
11
2
7
26
29
53
11
7
25
7
5
26
33
32
9
24
3
4
16
39
5
11
4
29
31
28
2
3
13
41
46
37
3
0
34
32
30
7
8
12
44
17
6
29
23
4
3
9
4
6
9
9
9
35
4
41
16
25
35
7
43
2
0
4
20
14
13
29
30
43
16
29
2
42
18
32
9
39
36
44
4
37
28
16
0
34
44
24
12
26
20
5
28
25
26
3
35
15
9
7
5
9
11
20
13
7
33
4
27
7
31
29
27
12
7
24
41
5
35
28
36
45
3
5
4
39
16
22
38
0
7
19
2
0
2
0
0
0
0
2
0
0
0
0
0
0
0
4
0
0
0
0
4
25
20
0
23
2
14
22
8
22
2
17
8
2
17
26
21
17
2
13
22
4
26
11
9
25
4
3
20
6
11
22
26
20
8
8
4
18
15
4
1
12
3
7
4
10
6
16
18
19
19
0
18
17
6
26
6
14
18
9
25
4
12
19
17
28
9
17
12
20
32
18
17
10
23
8
29
17
26
32
10
8
29
14
13
29
8
20
21
0
35
19
11
16
8
24
2
11
11
28
30
19
25
17
28
14
26
21
23
21
12
22
14
15
17
10
9
31
7
25
18
11
28
33
19
13
18
26
2
15
15
15
4
12
20
16
30
18
28
25
31
31
6
31
17
35
30
12
15
19
15
22
17
36
15
21
24
34
15
15
22
15
29
18
45
15
13
15
22
18
34
15
29
11
24
13
33
15
31
7
21
2
18
5
20
19
23
15
4
15
3
13
27
25
4
22
7
23
4
14
18
5
24
6
23
4
19
23
18
17
9
23
7
7
13
24
7
24
11
9
28
22
7
11
7
29
25
23
10
21
7
10
19
6
19
10
27
25
7
33
13
12
17
8
26
5
32
17
6
24
18
6
16
23
7
18
6
19
24
8
16
22
10
22
4
11
31
6
43
21
19
19
7
21
27
18
16
16
9
18
25
4
17
17
21
28
15
5
42
55
27
14
40
34
46
18
58
62
65
20
30
56
20
54
61
72
66
64
42
32
40
42
64
63
70
46
20
56
20
24
56
19
16
65
56
52
37
51
22
52
42
32
38
62
22
58
60
46
59
23
72
24
52
34
54
25
25
30
27
64
36
19
25
52
20
18
23
61
40
61
54
48
34
58
58
42
67
28
31
66
23
22
74
48
59
23
18
25
64
24
54
68
32
24
36
50
27
66
38
64
66
54
36
46
27
34
40
50
44
42
41
67
24
52
27
51
47
21
61
64
62
21
70
62
55
19
64
52
24
22
40
34
46
46
26
21
22
26
24
14
18
44
54
18
15
15
27
40
21
17
40
48
50
21
63
38
57
56
49
37
22
14
38
64
24
56
33
56
30
36
64
72
40
58
64
15
20
29
38
48
62
71
72
54
48
28
42
30
56
65
35
62
64
56
32
54
17
45
68
26
15
42
47
48
36
46
70
24
33
50
20
56
11
36
71
64
13
54
59
73
59
40
41
70
67
46
39
64
36
30
21
54
63
57
46
65
19
58
25
44
32
26
23
47
58
35
62
64
47
20
19
21
24
46
53
71
73
61
32
58
71
70
21
24
23
50
62
56
45
49
63
62
66
60
20
21
22
46
58
39
68
59
58
61
46
17
2
2
0
1
2
2
2
5
7
3
1
4
0
2
0
4
0
66
0
4
2
0
1
4
2
3
14
1
4
2
41
9
0
0
2
0
0
0
6
0
29
2
0
2
6
2
4
7
2
0
13
3
4
0
4
2
2
12
4
2
0
6
2
0
2
2
4
0
0
2
2
0
2
24
0
1
0
2
4
5
0
2
0
7
0
2
0
2
2
1
2
34
2
4
2
0
2
10
0
2
10
4
0
6
0
0
27
0
2
0
2
0
33
0
2
2
0
2
4
1
2
4
2
5
5
4
0
2
2
2
2
0
0
2
3
2
2
1
0
4
0
4
2
1
0
1
2
2
0
2
30
2
0
2
2
4
0
2
4
1
0
29
0
0
2
0
0
4
2
2
2
0
1
3
4
6
0
3
3
6
0
4
2
0
4
0
4
8
4
0
2
2
0
0
2
8
0
0
0
14
2
0
2
2
2
1
0
2
28
2
0
2
2
0
4
0
2
2
2
4
2
2
25
3
0
0
0
4
0
0
0
0
2
2
29
5
2
1
42
0
2
0
2
9
0
0
5
2
5
0
0
1
0
2
0
2
0
0
1
2
4
2
2
4
0
2
4
0
38
2
0
2
2
4
2
2
0
0
0
5
4
1
6
0
0
4
0
1
0
3
5
3
3
0
2
2
3
3
3
4
13
0
0
3
2
3
2
0
2
1
3
0
5
0
0
6
3
2
2
0
0
0
0
0
0
2
2
3
2
0
1
3
3
2
0
7
3
0
0
0
4
2
3
3
2
3
3
8
5
0
5
10
4
0
3
3
2
2
0
5
2
1
6
4
8
1
2
4
3
3
2
3
7
2
0
2
0
0
3
3
0
4
1
2
0
0
1
1
3
0
5
3
4
2
1
2
0
1
0
2
3
1
4
4
3
4
6
8
3
3
9
5
4
7
0
5
3
0
1
4
1
0
5
3
10
2
1
2
8
3
0
3
5
6
3
2
0
2
3
1
2
2
3
3
2
0
2
5
0
3
6
1
2
2
3
3
15
0
6
0
3
3
1
3
3
4
3
5
0
3
5
3
8
2
3
11
0
3
1
2
5
3
10
6
1
6
2
5
3
3
0
1
2
8
5
6
8
0
2
2
2
2
0
8
5
1
3
2
6
5
2
3
2
4
0
5
2
1
0
6
6
3
5
2
0
3
5
6
3
10
3
0
5
3
0
2
3
1
0
2
3
6
2
2
1
3
5
5
2
5
3
3
2
0
5
0
5
5
2
1
3
5
5
3
23
2
2
0
7
3
1
3
5
13
3
2
0
0
2
2
0
0
2
2
4
1
2
0
2
2
0
0
2
2
2
8
1
2
0
1
2
0
2
1
2
1
2
0
2
1
1
2
0
2
2
0
0
0
0
0
0
2
2
0
0
0
2
2
0
0
0
2
2
0
2
0
0
2
0
0
0
2
0
0
0
2
4
0
2
0
1
0
2
2
2
0
0
0
0
0
0
0
2
3
0
2
3
2
0
2
0
0
0
2
0
4
0
0
0
0
0
4
0
4
2
2
0
2
0
0
1
0
2
0
0
0
0
0
3
0
2
2
0
1
1
2
0
0
0
0
0
4
0
2
2
0
0
0
2
0
4
2
2
2
2
2
2
2
0
2
0
1
0
1
2
5
2
4
0
2
0
0
4
4
0
0
0
0
4
1
0
2
0
3
0
0
2
2
0
2
0
1
0
0
2
1
0
4
0
0
4
2
4
0
0
2
2
2
0
0
0
0
2
0
1
0
0
0
2
0
2
0
2
2
0
0
4
2
4
0
0
0
0
2
2
0
0
1
0
0
0
1
2
2
4
0
0
0
0
0
2
1
2
0
0
3
2
0
0
0
0
4
4
2
2
2
2
2
2
2
0
0
2
0
1
5
0
2
0
2
5
1
0
0
1
2
2
0
0
0
2
4
0
2
8
4
10
16
6
6
6
2
6
6
4
6
4
2
10
6
2
0
4
6
6
6
4
2
15
8
6
14
10
6
10
10
19
4
8
6
6
12
6
4
4
10
10
6
8
25
6
4
10
12
10
8
14
14
10
8
8
6
2
6
6
2
8
8
8
12
22
8
14
6
10
8
8
2
10
2
0
10
6
10
6
8
6
12
8
12
23
12
8
4
16
2
20
8
2
6
6
10
4
14
14
6
8
10
10
8
4
10
2
6
6
8
8
10
10
10
6
6
4
8
8
10
10
8
6
4
6
6
4
6
6
8
10
8
8
8
6
14
17
10
6
4
31
4
0
4
6
8
21
4
8
6
2
10
6
12
4
10
0
8
4
2
4
8
8
6
2
8
8
10
16
12
10
4
2
6
2
2
2
4
8
8
2
4
8
2
4
2
12
21
12
6
6
12
6
12
4
0
14
12
16
10
71
6
6
2
12
6
10
4
6
2
4
12
8
8
9
14
6
4
4
6
4
6
6
6
4
2
7
6
6
8
4
10
10
12
6
4
6
10
2
21
6
4
4
4
12
12
2
10
2
8
6
0
2
4
8
8
4
8
2
6
6
4
0
8
6
8
4
4
6
8
4
19
12
6
8
10
6
4
2
2
6
2
4
10
8
6
0
0
0
2
2
0
0
2
0
2
0
2
2
0
0
2
0
2
2
4
4
0
0
0
0
0
8
2
2
4
0
0
6
0
2
4
2
0
0
2
2
2
2
4
2
4
2
2
2
0
2
0
0
2
0
0
0
6
0
0
4
0
2
2
2
2
4
2
4
2
0
2
2
2
0
2
2
2
0
2
0
8
8
2
4
0
2
2
0
0
0
2
2
2
0
2
0
2
2
2
2
2
0
0
2
4
4
2
0
0
0
2
0
2
4
0
0
0
0
2
0
4
0
2
0
0
2
6
0
2
0
2
2
2
0
0
2
2
2
2
0
4
0
2
0
0
0
4
0
2
2
0
4
2
6
0
2
0
0
0
0
2
0
0
4
2
2
2
2
0
2
0
2
2
2
0
2
2
4
0
2
0
0
2
2
1
2
0
2
2
2
2
0
0
2
4
4
4
0
2
0
0
4
0
2
0
0
4
0
2
4
6
2
4
0
0
2
4
0
0
0
4
0
0
0
0
0
0
2
0
4
0
0
4
0
6
0
0
6
4
4
0
4
4
2
0
0
2
2
2
2
0
2
0
0
6
0
0
2
0
0
2
2
4
4
2
2
0
0
2
0
2
6
2
2
0
0
4
0
2
0
2
0
0
4
0
2
0
