2
0
2
0
6
0
0
2
4
4
0
0
0
0
0
0
2
2
2
4
6
0
0
2
2
2
0
4
4
2
4
4
6
2
4
8
4
4
4
2
4
3
0
2
2
6
0
6
4
2
2
0
4
8
0
0
8
2
4
2
11
2
2
4
4
4
2
0
2
4
0
2
4
2
6
9
2
4
2
2
0
2
2
4
0
2
0
2
2
7
2
0
2
15
4
8
0
13
6
6
14
2
0
2
0
2
4
0
2
10
8
2
4
4
5
0
2
0
8
3
0
4
4
6
0
2
12
6
7
0
0
2
2
4
9
4
2
4
7
4
5
2
2
2
0
2
5
0
4
4
8
4
4
10
10
4
2
11
4
8
5
0
0
3
0
5
0
2
7
0
4
2
0
0
4
0
2
6
2
0
0
0
2
4
8
9
2
8
7
4
4
6
2
3
2
2
11
0
2
2
0
0
2
9
2
5
0
0
9
2
6
2
0
2
2
7
0
10
2
0
0
2
2
2
0
0
2
2
2
4
4
2
2
0
2
0
2
0
0
0
0
8
4
3
4
2
2
0
0
0
2
2
2
0
4
4
4
2
2
4
2
6
10
2
2
0
0
4
4
4
7
0
5
0
6
0
0
2
4
2
4
2
4
4
2
0
2
2
2
0
5
2
2
0
12
0
0
4
0
0
9
2
0
15
0
0
0
4
0
7
0
2
2
2
0
4
0
0
0
0
0
0
0
2
6
16
13
7
0
5
2
0
0
0
8
7
0
2
5
0
0
5
2
3
2
9
5
7
2
0
0
4
0
0
9
7
13
5
0
0
7
0
0
2
0
7
9
2
3
0
12
0
2
0
0
2
7
3
0
0
7
4
4
0
0
6
13
2
5
4
3
6
5
9
3
18
12
2
0
10
7
0
14
0
0
2
2
2
0
10
5
0
0
2
0
0
4
13
9
0
2
2
3
2
39
2
0
3
3
0
6
5
3
2
3
5
23
2
5
5
5
0
0
7
17
9
3
27
10
0
0
32
13
4
2
3
7
78
11
36
20
4
3
4
0
2
3
15
9
66
0
0
6
7
5
2
17
0
0
5
2
7
11
4
0
5
2
8
15
8
2
13
20
28
14
0
14
0
5
2
4
2
2
7
5
0
2
5
0
3
2
0
0
0
16
0
2
9
7
7
0
9
0
0
0
12
0
0
0
5
0
0
27
0
0
25
2
0
2
2
5
3
9
0
2
2
53
0
4
2
0
2
0
5
2
2
0
3
0
2
2
2
2
0
0
10
5
2
11
0
0
5
9
0
5
12
4
4
2
4
4
4
4
4
4
0
0
0
2
2
2
2
2
2
2
0
8
4
8
8
8
4
0
6
10
2
6
4
8
2
0
2
4
2
2
2
6
4
4
2
2
2
2
4
6
2
4
4
4
4
6
2
2
0
4
8
2
2
6
6
0
2
6
4
0
2
2
0
6
6
0
4
2
0
0
10
2
0
4
4
2
2
4
2
2
2
0
10
0
2
0
2
6
4
4
2
4
6
4
0
4
2
6
4
0
0
2
4
8
4
2
0
6
8
6
2
0
4
14
2
2
14
4
2
6
2
4
2
2
2
4
4
6
8
2
4
4
6
4
10
4
0
4
4
2
2
8
10
0
2
4
0
2
0
6
0
0
0
4
4
12
2
2
6
2
4
4
2
2
2
0
2
2
0
4
0
8
0
2
4
4
2
8
6
2
2
8
4
8
4
6
6
0
8
0
4
0
2
4
2
2
0
8
2
2
6
16
4
0
8
4
2
8
2
2
4
2
10
4
4
2
0
4
4
4
2
0
2
2
2
0
2
2
2
0
2
0
4
6
0
0
4
0
0
6
0
6
2
0
2
0
2
2
0
0
4
8
2
8
2
2
2
2
0
0
4
4
0
0
4
0
2
4
4
0
6
2
2
8
2
4
6
0
10
6
2
2
4
2
2
2
0
2
0
4
0
6
2
2
4
2
2
2
2
0
4
4
2
2
2
2
2
2
2
2
2
10
0
2
2
6
9
4
3
4
2
2
4
2
2
4
3
4
5
8
6
6
4
2
0
4
4
5
2
2
2
4
0
2
4
5
0
2
3
4
2
2
4
2
2
2
2
4
2
2
2
0
2
2
2
0
0
2
4
8
2
0
6
0
2
4
4
0
2
8
2
0
2
2
2
2
0
4
4
2
4
2
4
4
0
0
2
6
2
4
4
4
4
2
4
0
0
2
0
2
2
6
5
4
4
6
4
2
2
2
2
2
2
0
2
8
0
2
2
2
4
0
2
2
4
2
4
5
0
2
4
4
2
4
6
2
2
3
2
3
1
2
4
4
2
2
4
7
5
2
2
5
0
3
2
2
3
2
4
4
7
5
0
2
2
4
2
2
2
2
2
4
4
4
2
8
2
0
0
2
0
2
2
6
2
4
4
2
2
6
2
2
2
2
4
2
2
4
4
4
2
0
2
2
2
2
0
8
2
0
5
2
2
0
7
2
2
2
2
2
0
4
0
2
4
2
0
2
0
4
0
0
3
6
2
0
2
2
2
0
4
0
0
2
3
6
0
0
4
2
4
2
4
4
4
6
2
12
34
24
30
19
34
8
14
2
9
5
9
13
8
4
7
11
13
12
22
11
27
9
11
11
10
11
9
4
15
8
13
8
9
19
18
11
10
13
7
14
9
6
7
20
15
13
22
11
13
13
7
18
11
16
16
11
11
6
46
19
20
8
22
11
9
8
9
17
7
13
21
7
6
21
9
7
9
21
9
5
27
11
23
6
9
11
11
29
15
19
7
13
17
23
25
23
13
17
17
7
21
21
15
22
7
23
19
29
11
11
16
19
13
14
11
27
20
15
38
19
23
38
13
9
23
15
37
14
29
24
16
20
7
20
29
28
23
27
15
11
10
19
29
42
24
15
18
15
11
37
16
22
24
28
15
22
32
29
33
12
14
19
17
18
25
15
23
48
25
20
10
13
52
30
29
26
23
16
22
42
9
11
27
25
25
9
36
24
9
44
23
25
22
25
28
22
17
20
27
14
38
26
15
37
23
35
31
29
29
41
24
19
31
22
20
40
43
55
31
16
22
60
27
35
30
46
47
8
18
20
16
36
33
39
23
35
35
13
27
33
27
23
32
11
11
9
14
24
9
22
24
11
9
17
34
7
7
11
22
24
25
29
33
13
9
25
15
27
36
9
6
11
23
9
5
11
11
15
13
26
11
11
20
12
11
17
9
0
3
2
2
0
0
0
0
0
4
0
0
0
3
4
2
0
0
0
4
2
2
0
0
3
0
0
2
2
2
2
0
2
2
2
7
4
0
0
2
2
0
6
2
10
0
4
2
0
2
2
0
0
2
0
0
6
4
2
0
4
2
0
0
0
0
0
6
0
2
2
0
3
0
2
4
0
0
3
6
0
0
0
6
0
2
2
2
0
2
0
0
2
19
0
0
4
2
0
4
7
2
2
4
2
2
0
2
2
4
2
2
0
0
0
4
0
2
0
6
0
0
2
2
2
2
0
0
0
0
2
0
2
0
0
0
2
17
2
0
0
0
2
4
2
7
0
2
0
0
4
6
0
2
0
0
0
0
0
0
2
0
0
2
4
0
2
2
2
0
4
0
0
6
2
2
2
6
0
2
2
2
2
0
0
0
4
2
2
2
0
0
0
2
0
2
0
0
2
0
4
2
2
0
0
2
6
4
0
0
2
0
2
2
2
0
0
0
19
0
4
3
2
4
2
0
0
0
6
0
0
4
4
0
0
0
0
0
0
4
2
4
2
2
2
2
2
0
2
2
2
0
0
2
2
2
2
2
2
0
0
2
4
0
2
0
4
6
0
0
0
2
7
7
0
2
2
0
2
0
2
4
6
2
0
0
2
6
19
13
12
17
20
15
19
16
18
12
9
16
15
9
19
21
15
19
8
16
15
15
16
13
12
9
16
14
13
10
13
10
15
12
17
18
14
9
11
0
11
13
10
15
12
15
8
13
14
11
19
17
15
17
17
13
17
15
15
14
10
3
10
8
17
18
12
18
14
9
14
14
12
9
12
11
16
11
0
12
15
12
8
14
13
11
0
11
17
12
13
14
14
9
8
9
10
17
0
15
16
18
18
13
11
17
12
15
13
15
18
11
10
10
13
19
9
11
9
11
12
16
10
14
13
8
10
13
14
9
11
12
16
7
16
10
13
14
16
10
18
12
0
17
25
34
21
35
29
18
15
30
27
10
10
16
18
12
17
15
15
35
16
26
18
39
12
23
20
19
35
10
22
25
22
15
19
18
15
26
12
4
24
28
28
21
24
17
26
12
14
11
30
71
28
13
21
12
12
13
2
22
5
2
6
0
5
4
4
8
6
4
2
8
4
5
4
1
4
2
6
7
6
3
2
7
4
4
4
5
4
3
4
2
4
4
7
6
4
21
16
5
2
6
4
4
6
4
4
4
1
5
0
5
2
5
2
4
6
2
4
3
5
4
5
4
3
9
6
2
6
7
5
8
4
5
6
5
4
2
4
6
2
11
2
4
6
4
3
4
3
6
3
4
5
2
2
3
4
2
9
21
5
2
2
6
6
2
0
2
2
4
0
2
6
0
4
2
2
4
2
2
2
4
1
3
4
4
25
5
2
0
2
2
0
0
4
2
0
2
4
2
4
0
4
10
2
2
4
2
13
0
4
14
4
6
2
4
6
2
0
11
2
0
0
6
2
4
2
2
6
4
5
4
4
2
0
2
0
2
0
0
2
3
4
2
8
0
0
0
2
1
3
3
2
2
5
3
12
7
4
6
2
7
2
2
2
7
0
8
6
2
7
0
4
2
2
2
2
2
0
5
8
0
10
2
2
0
2
5
5
0
2
6
0
0
0
2
2
0
4
0
2
4
0
4
2
0
7
0
2
0
3
2
4
3
4
0
2
2
4
0
0
3
0
0
6
2
0
2
6
8
2
4
2
10
2
0
0
2
2
2
0
0
4
0
3
2
2
3
4
7
0
2
0
2
0
0
5
0
3
0
2
2
3
4
4
4
2
9
11
0
0
2
2
0
2
4
2
4
0
0
6
0
2
6
3
0
8
2
2
2
0
0
4
2
0
4
4
2
2
2
0
0
2
4
0
0
3
0
2
2
4
2
2
6
2
2
2
2
4
0
9
0
4
0
4
5
2
0
0
2
0
0
2
0
30
34
32
24
38
32
33
33
33
38
34
34
37
33
33
28
33
37
38
33
38
39
39
32
37
30
39
29
38
37
37
38
32
39
33
38
34
33
38
27
33
25
37
39
38
37
33
31
37
37
38
28
38
37
37
39
38
38
31
38
32
33
29
25
38
31
33
32
32
33
38
26
31
38
30
28
38
33
29
37
36
38
36
38
33
32
36
28
38
33
34
34
38
31
34
38
33
37
23
27
38
38
36
34
37
31
38
37
31
36
37
22
31
38
36
35
36
38
38
36
32
32
24
26
37
32
33
35
31
32
38
35
33
38
16
27
28
32
36
29
34
33
27
23
24
22
37
37
23
31
30
32
31
37
34
25
18
37
22
27
37
29
37
38
30
36
37
32
17
37
28
28
35
32
38
38
36
32
37
33
19
37
31
27
36
36
36
37
37
28
32
36
32
19
26
25
32
38
31
37
38
20
30
34
38
36
27
18
34
32
38
37
37
33
32
31
12
27
17
19
22
38
29
36
36
36
38
38
29
38
27
18
38
37
38
39
38
31
33
39
39
29
28
19
34
37
36
37
37
30
37
36
34
38
27
17
38
36
28
38
38
33
38
36
37
36
23
19
27
28
37
36
29
33
38
38
36
33
29
23
33
38
36
36
35
30
29
33
6
0
0
0
8
4
8
0
2
0
0
2
4
0
0
4
4
0
4
0
6
0
0
2
0
4
0
6
0
0
74
6
0
77
0
4
6
0
2
0
2
4
2
2
8
0
2
4
8
2
0
2
2
6
8
2
0
6
0
2
6
6
0
2
0
4
6
2
0
10
35
2
6
6
0
0
2
6
8
2
6
2
0
2
0
6
0
0
0
2
6
0
0
0
0
4
2
2
4
4
11
6
0
2
4
5
2
0
6
4
0
2
0
2
6
0
0
0
0
2
2
0
0
0
0
4
4
0
12
0
4
0
0
4
0
2
8
10
91
0
6
0
4
2
0
8
10
7
90
97
10
6
6
7
4
2
6
6
8
0
10
8
4
0
6
0
4
6
8
0
2
0
6
6
4
8
0
4
4
2
2
4
4
2
2
4
0
8
0
0
0
4
0
2
2
0
6
6
2
0
0
4
6
2
0
0
0
8
6
0
0
0
0
6
6
0
4
2
0
6
4
0
0
2
2
8
4
2
0
4
4
4
85
4
0
2
2
8
0
4
4
4
0
6
0
97
0
0
2
0
4
2
2
2
2
4
2
0
2
2
6
26
0
4
3
4
38
2
0
0
4
2
8
0
2
2
4
4
2
4
2
0
2
10
8
8
0
0
