80
62
30
53
39
50
48
87
51
69
56
53
82
74
59
65
40
36
44
72
64
61
60
43
80
36
73
56
52
44
62
53
52
70
56
51
50
53
70
58
58
57
44
76
80
72
67
57
62
57
80
36
70
60
62
75
70
50
35
36
45
70
46
57
41
31
54
64
57
60
54
47
24
55
70
45
52
74
57
54
70
54
70
61
80
45
82
39
64
68
61
40
66
60
70
52
53
70
73
56
58
73
41
52
17
58
28
44
62
76
49
62
53
64
74
51
45
49
58
44
50
53
64
57
55
46
56
68
38
58
70
43
19
72
58
47
54
40
48
45
70
42
64
58
44
62
61
41
55
60
76
52
64
68
16
82
48
54
77
54
56
75
60
20
40
54
66
44
54
76
52
36
50
50
50
69
56
49
53
50
66
57
74
28
40
52
63
42
35
48
52
48
66
57
30
78
59
58
73
82
41
45
46
68
45
53
85
45
47
78
73
58
74
65
53
56
46
57
62
65
38
60
36
53
52
48
70
55
51
61
61
84
56
54
52
72
42
50
66
66
82
68
63
72
80
64
82
78
64
52
58
80
67
83
45
39
71
76
53
69
33
84
65
53
62
66
68
64
53
54
61
54
39
53
36
39
56
55
79
55
60
89
68
60
55
39
65
57
0
4
2
0
0
2
2
0
0
8
0
2
0
2
2
2
2
2
0
2
0
0
0
2
2
2
2
2
0
2
2
0
4
6
0
2
0
2
4
4
0
2
0
4
4
0
0
2
2
0
0
0
0
2
8
4
2
4
0
4
0
2
2
4
2
0
2
0
2
0
4
2
2
4
2
0
2
0
0
0
2
0
2
2
2
4
2
6
6
2
0
4
2
0
2
0
2
2
4
2
8
4
2
2
8
0
0
0
2
0
0
4
4
10
2
0
2
4
0
0
6
0
2
4
4
2
6
4
0
4
2
2
4
6
2
0
4
4
2
2
8
2
0
2
2
2
0
4
6
0
0
2
2
0
4
0
2
2
4
6
0
4
6
2
2
2
2
4
2
2
2
4
0
2
0
0
0
4
4
0
2
0
0
0
6
0
0
2
2
0
4
4
2
2
2
2
0
2
0
2
2
0
0
0
0
6
0
0
0
0
0
6
2
0
2
2
2
2
0
2
0
0
4
2
0
6
4
4
4
0
4
4
2
0
0
6
0
2
0
2
2
4
0
6
2
4
2
4
10
4
2
2
8
0
4
2
8
0
2
2
2
0
2
0
2
2
4
2
6
0
4
2
4
4
4
2
2
2
0
4
6
8
0
2
2
0
2
0
0
0
0
2
2
2
0
0
0
0
2
9
2
4
0
2
0
4
0
4
0
0
2
2
8
2
2
0
2
0
6
2
0
2
2
0
2
0
0
4
2
2
4
4
0
2
0
2
2
2
6
2
2
2
2
0
2
0
2
2
0
0
4
4
4
0
0
2
0
2
5
14
0
0
2
0
2
0
2
5
2
0
4
2
2
2
2
2
4
0
2
0
2
4
2
6
2
6
2
2
2
4
2
2
2
2
2
4
0
0
4
2
4
2
0
2
0
2
0
2
2
0
0
0
0
2
2
0
2
2
2
0
2
2
0
2
0
2
0
2
2
8
4
0
0
0
2
0
2
0
0
2
4
0
4
2
0
4
2
0
2
0
2
2
0
2
0
2
0
0
2
0
2
2
2
0
4
0
0
4
0
2
0
0
2
2
0
0
2
6
0
2
0
4
2
6
0
0
0
0
2
0
0
2
2
0
0
6
2
4
0
0
0
0
2
0
0
0
0
2
0
0
2
0
0
2
2
0
0
0
0
4
2
2
2
0
10
2
0
0
2
0
0
2
0
0
2
0
2
2
2
2
0
0
2
4
6
2
0
0
2
6
2
0
4
0
0
0
0
0
0
2
0
2
2
0
2
0
0
0
0
0
0
0
4
0
2
0
11
4
12
16
20
20
5
15
18
19
20
4
26
17
3
17
14
6
12
23
11
19
15
12
5
12
19
17
9
14
7
20
9
11
15
19
12
18
12
3
14
18
23
18
5
19
16
24
29
16
6
19
17
16
14
4
15
3
31
22
19
9
21
12
17
16
3
4
15
24
8
16
19
6
24
20
17
5
14
16
15
19
3
5
14
20
14
17
4
11
9
17
14
15
4
16
13
11
10
16
17
13
15
13
12
5
18
6
13
3
19
22
20
13
14
13
15
16
14
29
15
16
12
22
19
15
3
14
16
21
12
15
21
15
13
18
26
5
15
17
21
32
13
15
24
9
16
20
2
11
7
18
19
2
2
19
19
15
11
5
4
13
20
17
11
4
11
4
16
24
16
24
9
14
21
14
11
10
11
12
16
14
8
8
17
12
16
13
16
10
9
11
17
12
18
20
12
3
19
5
18
10
11
14
4
21
16
17
6
12
12
15
11
23
12
11
12
11
24
4
16
7
5
9
10
15
6
14
8
23
11
15
8
15
11
10
8
19
15
12
16
5
8
8
20
13
10
9
12
10
17
10
8
14
16
21
16
18
15
7
20
11
16
18
19
16
15
17
7
17
9
7
14
17
16
24
9
7
4
14
14
24
12
2
3
4
18
11
2
0
0
83
24
0
0
0
2
0
1
4
0
4
0
2
2
0
2
0
2
0
0
0
0
4
0
2
4
0
2
2
2
0
0
0
2
0
0
8
0
0
0
0
2
1
2
0
4
2
0
4
1
0
0
4
2
2
0
0
0
2
0
6
10
5
6
4
2
0
0
0
4
1
0
2
0
2
0
2
2
0
0
2
2
0
0
2
2
2
0
2
2
2
0
2
2
0
6
2
3
0
4
0
0
2
0
2
4
4
2
0
0
2
0
2
4
2
0
0
4
4
2
0
0
0
0
2
1
4
0
0
2
0
2
2
0
1
1
2
2
1
0
0
0
2
0
0
0
2
6
4
0
0
4
2
0
4
0
2
2
2
2
0
4
0
2
2
2
4
0
5
2
0
0
0
2
2
0
0
0
2
0
3
0
2
2
4
0
2
2
0
2
0
2
0
0
0
4
0
2
0
0
2
0
0
4
33
13
10
4
10
2
0
2
2
2
0
0
2
1
2
6
2
4
0
2
2
2
2
0
0
2
0
0
0
0
0
2
0
0
2
2
0
2
2
0
2
0
2
4
2
1
0
2
0
0
4
0
0
0
0
2
0
0
0
2
1
1
2
2
2
0
0
2
0
2
2
0
2
0
2
2
0
0
0
1
0
18
21
15
20
10
26
51
8
8
19
20
19
20
20
16
23
10
18
16
19
22
18
30
14
48
7
21
19
27
41
14
24
27
20
18
27
22
31
14
10
22
14
22
19
10
21
14
7
19
21
9
18
20
28
21
21
18
14
11
14
31
24
11
45
26
11
35
15
13
16
15
20
31
17
15
51
19
17
41
42
17
26
27
15
17
12
24
6
13
29
26
43
17
36
10
17
20
17
12
22
21
31
52
18
10
19
14
12
12
22
12
32
40
24
28
26
21
11
14
7
30
18
22
36
9
19
30
35
11
10
6
7
7
9
17
24
49
11
27
9
10
8
12
15
12
6
16
37
24
30
46
48
22
18
11
7
14
12
10
35
14
31
34
25
18
15
7
8
20
14
22
37
11
11
30
21
26
12
19
14
15
8
26
44
49
42
29
40
57
31
26
22
30
10
33
21
51
60
20
24
55
21
26
12
11
52
23
27
65
13
27
44
26
56
22
36
64
46
26
55
20
26
17
35
29
8
15
20
19
43
31
35
23
54
48
58
53
58
17
47
24
18
17
19
28
34
39
27
69
13
18
20
26
20
46
52
34
55
48
58
41
33
27
36
47
37
22
19
24
51
30
44
29
53
22
14
25
29
51
17
55
44
39
55
68
22
29
32
4
4
2
2
10
4
2
8
4
2
4
0
4
4
4
8
2
4
4
6
6
4
4
4
2
6
6
4
2
4
2
6
4
2
4
2
2
2
4
6
4
4
2
6
2
2
2
4
2
4
10
4
4
4
6
4
6
4
4
2
6
0
4
4
4
4
6
4
0
6
4
6
6
2
2
6
6
0
2
4
4
2
2
2
6
2
6
2
4
2
8
4
6
8
4
2
4
6
0
2
4
6
2
2
4
0
4
6
4
2
2
4
6
4
4
4
4
2
6
10
2
6
4
6
4
8
8
6
4
2
4
4
6
4
4
4
4
2
8
6
4
4
0
2
4
4
6
6
6
2
2
6
6
4
6
2
2
4
2
2
4
6
4
4
4
2
4
6
0
6
8
6
6
2
6
4
4
6
6
6
2
4
2
6
2
2
2
0
4
8
8
2
4
2
8
4
2
4
0
2
8
2
8
6
2
2
0
8
4
4
4
4
6
4
6
4
4
2
0
2
4
2
6
4
6
2
4
4
4
0
4
8
8
2
4
4
2
8
6
2
2
4
6
6
6
4
8
4
6
2
0
4
2
8
10
6
2
4
6
4
2
6
2
0
8
4
2
4
2
2
4
4
6
6
2
2
6
2
4
4
8
4
2
2
4
2
4
4
7
6
2
2
2
6
4
14
2
2
2
9
6
5
6
2
4
4
4
2
4
4
6
5
6
2
6
4
8
0
6
4
5
4
0
2
4
0
4
2
15
2
3
2
8
0
6
4
5
2
4
0
4
2
4
2
6
6
5
2
4
4
2
2
4
15
4
2
2
3
48
4
2
10
8
4
2
3
6
4
8
4
4
2
2
4
3
2
4
4
4
2
2
2
2
10
4
40
4
2
44
2
4
9
4
4
2
4
18
6
4
2
3
4
0
15
41
2
5
3
2
2
2
8
8
57
2
6
2
5
2
0
2
2
2
4
0
0
0
6
6
4
4
4
10
2
9
9
4
4
2
4
0
0
5
3
2
4
2
4
2
2
2
2
2
4
0
2
4
5
6
11
6
9
6
4
8
8
45
9
2
18
0
14
7
2
4
4
2
6
15
4
2
0
5
4
6
4
6
4
2
5
45
6
2
30
2
4
2
3
2
5
4
2
2
4
4
4
0
0
2
2
3
4
4
0
4
6
6
5
2
41
2
0
51
4
0
4
2
6
4
2
4
2
2
4
5
0
2
4
4
3
4
5
4
4
7
2
6
2
10
0
0
42
4
2
4
2
2
2
6
0
2
0
6
4
8
4
8
3
2
0
4
4
6
13
10
4
6
6
6
10
4
10
12
8
15
12
6
6
8
12
4
6
10
0
6
6
12
6
4
10
4
4
8
6
8
4
12
4
4
8
4
4
4
4
10
6
6
8
6
10
6
16
8
10
8
10
8
8
10
10
8
12
21
10
6
12
14
10
21
8
10
6
21
6
47
8
25
8
10
8
16
10
10
8
8
10
6
47
45
10
14
14
23
8
12
19
19
12
39
25
35
12
21
23
8
14
29
12
19
8
18
41
10
21
8
14
12
14
6
21
17
8
19
17
12
8
12
16
21
10
14
27
12
25
17
14
12
10
19
14
25
16
10
8
8
31
12
15
8
8
19
8
12
17
29
18
8
13
31
25
23
25
17
23
23
10
14
21
37
8
10
6
17
27
10
35
21
12
12
35
8
33
35
37
35
2
12
14
10
10
10
10
41
19
33
12
8
27
10
31
29
12
4
17
12
25
25
10
14
8
8
10
16
6
17
10
25
25
6
6
12
21
14
14
8
17
16
4
21
27
23
14
27
8
16
21
14
16
10
10
6
12
6
8
2
2
18
8
14
14
15
4
17
10
8
8
8
23
6
6
6
16
6
8
12
6
10
23
39
10
15
4
14
21
25
4
17
27
23
21
16
10
17
6
23
19
27
12
12
10
19
14
8
14
14
23
1
29
0
1
17
0
1
18
0
20
22
13
0
0
16
0
25
0
20
19
0
19
24
18
0
25
0
19
0
26
1
19
17
0
21
21
3
20
0
17
0
11
0
23
19
0
22
19
0
23
0
19
0
0
25
25
17
0
0
21
24
0
16
13
0
0
0
26
0
3
16
16
0
4
0
17
0
26
0
0
24
21
25
17
0
3
0
15
0
10
1
22
24
0
0
18
0
20
14
0
0
19
17
22
21
15
9
2
1
25
16
0
13
19
0
14
0
4
24
21
28
13
14
13
0
0
0
25
20
31
1
18
17
0
17
0
32
0
1
18
16
0
20
16
20
20
0
0
23
32
0
19
21
0
16
21
19
0
15
0
20
35
0
28
17
3
21
21
0
27
9
15
0
2
23
0
16
0
20
16
0
2
15
14
7
0
20
17
0
19
18
18
22
0
0
13
0
0
32
19
0
22
16
6
0
25
2
1
13
19
0
19
0
16
22
21
0
21
0
13
0
14
0
2
19
0
2
19
16
0
0
17
0
0
20
2
0
0
0
2
0
0
1
0
0
0
17
0
20
0
24
0
0
0
0
4
0
2
0
3
0
23
0
0
0
0
0
0
0
1
1
0
0
12
0
0
0
2
12
8
14
0
21
0
16
1
