4
0
0
7
0
2
27
3
2
0
2
2
2
15
2
6
23
3
0
2
2
2
2
2
0
19
37
2
35
2
0
3
40
20
17
25
7
5
12
7
4
0
19
17
2
0
2
2
2
18
61
2
21
2
0
3
2
2
2
0
2
10
14
2
11
0
0
0
2
9
4
7
0
23
6
3
9
12
10
0
2
3
3
2
2
28
0
4
25
2
0
1
2
9
2
2
3
3
16
4
14
24
3
2
2
2
1
1
0
0
3
0
0
0
3
2
3
1
0
2
2
22
15
2
7
0
0
0
24
23
15
1
10
11
13
38
15
2
10
2
0
4
2
2
0
19
27
2
29
1
0
2
4
2
1
0
0
35
26
0
3
17
2
3
2
4
2
2
0
3
26
27
4
3
2
2
2
2
2
3
0
27
14
2
29
2
2
3
5
2
5
2
0
19
21
7
53
0
2
5
2
2
2
5
0
9
0
3
18
2
2
0
2
3
4
3
0
24
21
34
18
2
5
3
0
2
2
3
2
2
2
2
0
2
0
0
0
2
2
0
23
20
50
31
7
2
2
0
2
0
3
2
0
37
4
4
0
3
2
0
2
2
0
2
0
34
5
3
0
0
0
0
0
0
1
2
0
13
2
15
2
13
0
8
0
3
3
3
9
5
11
5
7
7
7
5
13
5
0
2
3
3
3
2
5
9
7
2
5
3
7
3
1
2
3
5
3
3
7
0
5
5
2
3
11
7
5
5
3
5
3
7
13
3
5
17
5
7
9
5
11
3
11
5
5
0
11
11
5
3
7
1
3
3
5
5
5
17
3
1
7
7
7
1
13
7
7
9
9
3
13
7
9
7
7
7
7
5
7
13
7
9
9
11
5
9
21
3
5
7
11
9
9
9
11
15
9
21
11
5
9
13
3
11
7
19
11
9
5
11
11
5
5
7
9
9
7
7
9
11
17
9
1
5
13
11
13
7
11
9
11
9
11
15
9
9
7
11
13
71
7
15
7
9
5
11
7
9
9
9
15
7
5
11
5
7
11
11
5
11
11
7
3
19
21
9
9
11
7
23
11
27
23
17
25
11
17
7
13
5
11
15
9
15
11
7
9
11
5
7
11
11
13
15
11
11
15
13
9
9
7
3
7
19
9
5
11
3
17
11
9
13
7
11
7
3
9
7
11
11
5
13
17
7
11
15
7
7
5
11
13
11
15
5
13
7
11
3
3
7
5
9
5
9
0
5
9
5
5
3
7
3
9
5
3
11
5
7
7
1
3
3
5
9
2
9
9
5
11
1
5
11
17
1
13
5
4
2
10
10
13
10
12
7
7
5
21
6
7
5
13
6
26
8
12
12
8
13
8
12
4
2
8
6
8
2
17
8
10
6
8
2
15
6
0
2
6
4
4
9
0
13
7
4
13
7
7
10
6
0
0
8
4
2
8
4
8
8
4
8
4
4
4
19
6
7
6
4
17
11
8
7
11
6
13
13
4
4
13
2
15
8
8
6
10
9
10
6
8
6
13
10
10
6
8
9
17
8
4
6
13
4
6
10
4
9
0
19
10
11
10
4
11
16
4
11
15
15
9
10
10
4
6
15
0
13
6
10
14
42
4
11
7
6
10
8
10
13
11
5
7
11
5
4
6
2
6
4
5
8
9
2
8
2
7
8
4
12
11
12
6
8
7
6
7
2
13
4
11
9
10
10
6
15
2
4
3
11
2
15
6
6
8
10
8
18
8
8
7
8
6
4
9
8
4
2
11
8
10
7
10
2
7
6
0
6
7
11
10
14
15
0
6
6
4
7
18
8
4
9
7
24
7
3
4
6
0
0
2
15
9
6
7
7
10
2
2
7
7
6
11
9
5
2
7
2
10
5
9
0
4
0
2
5
2
4
5
2
2
4
0
6
2
2
2
0
4
2
4
0
2
5
2
2
2
2
0
4
3
0
2
0
2
4
2
0
4
6
33
4
38
2
25
0
2
2
2
22
7
2
39
2
48
0
0
9
4
2
2
45
0
4
2
0
0
2
0
2
32
2
4
38
2
0
4
2
2
41
2
2
39
37
4
39
4
6
2
2
2
2
0
0
4
2
4
4
2
0
0
4
2
2
21
29
2
2
4
2
2
2
44
2
2
4
37
4
2
0
2
0
0
2
6
0
2
4
2
0
54
4
11
2
0
58
13
4
4
4
4
0
4
45
5
2
2
10
2
2
0
2
4
2
4
0
4
54
4
2
24
2
4
7
2
4
0
4
15
52
2
2
37
42
23
43
0
2
51
38
6
0
4
2
2
2
33
2
4
0
44
4
2
2
2
2
2
0
0
0
4
30
2
4
4
4
2
2
2
2
45
2
8
2
4
0
2
36
2
2
20
4
4
0
4
68
2
4
57
2
0
53
4
53
53
55
4
0
0
34
42
4
2
22
4
2
36
4
53
2
9
0
2
2
4
14
4
0
6
44
2
34
2
0
2
0
4
2
2
4
0
2
27
0
4
6
38
2
2
8
0
4
19
38
21
53
6
0
2
2
4
6
6
2
50
2
2
55
4
4
64
2
63
2
47
4
0
4
15
4
4
52
2
4
55
17
0
2
6
2
6
13
2
2
7
24
27
23
26
11
26
8
5
5
10
21
24
24
31
25
8
30
10
5
7
8
24
28
7
26
32
19
11
10
5
5
7
7
31
13
31
12
10
8
7
7
6
22
12
31
17
30
24
21
5
10
6
11
24
7
29
28
9
24
8
8
7
8
23
13
11
25
13
6
10
8
24
28
30
7
10
29
27
23
21
8
23
22
25
16
9
8
8
7
11
8
20
35
36
26
23
6
10
5
10
8
7
16
10
12
15
32
21
13
22
5
5
6
7
5
26
18
24
29
12
28
8
7
8
29
5
16
23
4
7
24
15
5
10
7
20
20
15
8
20
14
19
7
9
10
9
18
7
30
27
5
15
6
10
25
22
13
15
8
8
10
11
19
12
18
8
7
23
26
21
7
7
11
5
7
32
14
24
19
6
5
22
23
31
8
30
14
16
10
7
8
6
26
16
27
23
6
6
7
6
7
32
23
10
7
10
7
21
29
6
8
6
12
18
17
25
20
25
21
5
7
6
10
5
26
30
25
6
29
9
13
7
19
19
16
10
5
4
22
10
17
22
8
8
6
18
9
21
8
4
24
20
25
8
7
10
7
21
16
32
9
31
26
7
6
7
5
5
9
22
18
8
15
20
15
11
8
7
4
11
7
12
7
29
7
25
16
0
0
0
2
2
2
2
2
2
0
2
2
0
2
2
2
2
2
2
4
2
0
2
2
2
4
2
6
2
2
0
2
2
0
4
2
2
2
0
0
0
0
2
2
2
2
2
2
0
2
2
2
2
4
2
4
2
2
4
2
2
4
2
2
2
2
2
0
2
0
2
2
4
2
2
2
2
2
2
2
0
2
2
4
4
2
2
2
0
0
6
4
0
2
0
6
2
2
2
6
2
2
0
2
0
0
4
4
0
2
2
2
2
2
4
2
6
0
2
2
2
2
2
2
2
2
4
2
0
0
0
2
2
2
2
2
2
2
4
2
4
2
2
0
2
2
0
2
2
0
0
2
2
2
2
4
0
0
0
2
2
2
0
2
2
0
2
2
2
2
2
2
0
2
0
2
2
2
2
2
2
0
4
2
2
2
0
2
4
2
2
2
2
2
2
2
4
2
0
6
2
2
2
2
2
2
4
4
0
2
0
2
2
6
4
2
2
2
2
2
2
2
4
4
0
4
4
2
0
2
0
0
2
2
2
0
2
2
2
0
2
2
2
2
2
2
0
0
0
2
2
0
0
2
0
2
2
2
4
0
2
2
4
0
2
2
0
0
2
0
4
0
4
2
2
2
2
4
0
2
0
4
2
0
6
2
2
0
5
11
4
0
0
7
7
1
7
2
2
2
4
2
2
0
3
2
2
9
0
5
2
13
0
0
2
11
5
4
7
4
11
49
2
2
2
2
2
11
11
2
3
7
0
9
11
2
55
3
3
5
11
7
2
0
2
2
7
4
7
7
0
7
0
2
2
2
64
2
0
2
2
88
3
9
9
0
0
1
0
9
2
2
5
2
0
0
7
0
4
15
0
2
2
6
0
0
0
0
0
0
11
3
9
9
2
0
2
15
0
2
2
0
4
7
2
2
2
7
0
0
2
0
5
2
5
2
2
2
0
0
11
0
3
7
0
2
6
7
3
0
0
93
2
13
7
9
2
5
3
2
2
9
0
5
2
2
2
7
0
9
2
7
2
0
2
5
9
0
5
9
0
9
9
2
2
9
2
7
0
2
7
7
3
0
2
2
0
5
7
3
7
3
2
9
5
0
0
2
0
11
5
5
2
4
0
7
9
7
7
0
0
3
2
0
2
7
0
5
0
7
0
2
7
2
5
2
0
7
5
2
3
7
0
2
7
9
0
2
0
9
4
2
2
2
7
0
0
9
0
0
7
2
0
2
0
0
13
2
4
7
5
11
2
2
0
2
5
11
0
59
5
0
96
11
2
3
0
3
7
11
15
9
2
9
2
0
8
6
4
2
2
6
4
4
6
4
0
6
4
6
10
6
2
2
6
2
10
8
4
4
8
6
8
4
4
6
4
4
10
4
4
4
8
2
6
6
8
4
8
0
2
6
12
2
10
2
4
4
2
2
8
6
4
4
6
6
10
4
4
2
8
2
0
4
10
2
4
4
4
6
12
4
2
4
4
6
4
8
14
4
6
6
8
21
6
19
2
4
4
6
8
10
4
0
2
0
4
10
6
4
2
4
10
14
6
4
6
6
4
6
4
4
4
4
12
8
8
4
4
6
6
10
8
2
2
2
8
8
15
0
2
2
2
6
10
8
4
4
6
15
12
8
6
6
4
25
4
2
2
2
8
6
6
6
6
2
6
4
2
4
0
6
10
10
8
2
4
6
2
2
6
2
6
4
8
8
4
4
8
8
4
4
4
4
4
17
8
10
0
6
4
2
6
8
6
2
4
6
8
8
2
4
17
2
4
8
6
4
2
8
10
8
6
4
4
24
2
10
8
2
4
2
12
6
2
4
6
8
2
2
4
12
6
4
10
6
2
4
12
6
12
4
4
4
4
14
12
10
6
4
6
4
15
4
2
2
6
12
10
8
2
2
12
2
12
6
4
6
10
4
4
2
4
2
10
6
10
14
4
4
6
8
8
4
0
0
2
0
2
0
0
9
4
0
2
0
3
4
2
2
4
0
0
2
0
0
2
4
2
0
0
6
0
2
2
2
2
2
4
2
7
0
0
0
0
0
4
0
2
0
2
0
11
0
2
2
0
0
2
2
0
2
0
0
0
4
0
2
2
2
4
0
2
6
4
2
0
2
0
2
0
2
0
2
0
2
2
0
5
0
0
0
2
4
4
0
4
0
4
2
0
2
2
0
2
6
6
2
2
2
2
0
2
2
6
0
2
0
0
2
2
0
0
2
2
2
2
0
4
0
0
2
0
2
0
0
2
4
4
4
5
4
0
0
4
0
0
0
2
2
0
9
0
6
0
2
0
0
2
5
2
4
2
0
0
0
2
2
2
0
4
0
0
0
4
2
2
2
2
4
0
0
0
0
0
0
0
2
0
0
3
0
0
0
0
2
0
2
0
2
0
2
0
0
0
2
2
2
12
2
2
4
4
2
2
0
0
2
4
0
2
2
2
2
2
0
4
0
2
0
6
0
2
2
6
2
0
0
0
2
3
3
2
0
0
3
2
0
2
7
0
2
2
2
3
0
2
0
0
2
2
0
2
6
2
2
3
0
0
2
0
4
0
0
0
2
6
2
6
2
2
0
3
4
4
2
4
2
2
3
2
0
2
2
6
10
9
6
7
4
8
2
8
4
8
2
2
4
4
4
8
4
0
6
2
2
0
2
2
6
2
17
4
2
7
8
0
0
6
6
0
8
2
2
8
8
0
2
0
6
2
2
2
2
4
4
2
6
0
6
2
2
2
6
0
4
4
4
0
0
4
6
4
6
8
2
4
2
0
0
2
10
8
6
2
5
4
4
6
8
2
6
8
8
4
6
8
6
4
0
4
5
6
2
8
2
2
4
4
4
4
4
6
6
4
2
2
4
2
6
0
2
4
4
6
4
2
4
0
2
2
6
6
2
4
0
6
2
8
8
2
8
4
2
2
2
4
2
2
0
2
0
6
0
0
2
2
2
8
2
2
2
2
2
4
2
2
6
2
4
2
4
4
0
6
4
4
0
6
4
0
4
2
2
6
4
2
6
2
0
2
4
2
2
4
0
4
6
4
0
4
0
4
2
0
4
2
4
0
4
4
2
4
2
4
2
8
6
0
0
2
0
2
2
8
4
6
0
4
4
6
6
6
0
4
2
2
8
6
2
4
2
2
8
6
0
10
4
2
4
0
6
0
4
2
2
0
0
0
6
2
2
2
0
0
4
2
2
0
2
2
4
6
0
0
2
2
2
0
2
0
2
0
2
8
10
6
2
6
4
