0
0
0
5
1
3
0
1
0
59
1
0
92
0
0
1
1
0
5
1
7
0
1
0
0
0
5
9
0
1
98
1
3
1
1
88
3
7
1
0
0
0
0
1
0
1
3
0
5
1
0
12
0
1
0
9
1
7
1
54
0
5
3
0
3
0
0
7
3
5
3
3
3
5
0
3
0
1
3
7
0
0
5
0
3
3
1
1
1
78
3
1
5
0
1
1
5
1
1
0
1
1
11
1
1
3
0
0
1
1
3
13
0
1
5
3
1
0
5
7
0
5
5
5
1
0
1
81
1
0
1
0
3
3
0
1
1
0
5
1
1
0
1
1
9
0
1
1
5
3
5
1
1
3
5
1
3
1
1
1
1
0
90
7
3
1
5
0
1
1
3
5
7
5
1
1
1
5
7
0
0
1
0
0
3
3
3
0
0
1
5
0
3
1
7
5
1
0
0
0
7
1
1
3
3
3
5
5
5
93
0
0
1
3
7
0
0
1
5
0
72
3
0
5
1
3
3
0
0
5
3
5
0
5
82
5
3
3
0
1
1
5
5
0
5
0
0
3
1
1
0
1
0
3
0
5
1
1
71
5
11
1
5
0
3
1
3
1
1
1
7
3
1
7
0
0
5
11
1
1
5
1
0
11
1
0
7
3
40
26
11
20
15
5
26
5
11
9
1
7
1
15
5
9
11
11
3
11
1
5
3
1
9
3
5
14
11
1
5
5
13
11
15
7
7
1
10
7
14
5
5
7
11
38
9
11
7
36
22
42
9
28
7
7
13
7
11
1
9
11
11
15
20
18
3
14
18
28
15
11
11
33
30
21
22
7
24
37
28
10
22
11
34
20
29
20
29
21
20
18
22
9
9
11
33
16
28
21
22
26
24
22
32
33
26
17
24
37
24
32
11
29
20
32
20
18
30
18
32
20
19
21
17
17
22
24
20
17
42
32
32
41
19
26
23
48
17
17
24
18
28
23
17
15
26
17
28
27
28
43
29
22
14
22
23
15
37
38
38
26
30
27
27
30
32
48
22
26
35
28
21
17
20
26
36
39
17
36
39
30
26
26
45
19
22
61
31
24
35
45
22
39
20
24
45
22
41
45
47
34
13
24
38
24
35
72
34
20
36
15
32
22
30
11
32
36
33
20
19
28
25
24
24
17
44
24
24
24
19
28
11
21
19
30
23
23
22
20
20
19
19
5
17
26
52
21
28
26
15
25
14
9
14
15
7
11
24
7
15
5
20
19
13
13
3
16
9
3
18
38
1
16
17
11
29
26
5
11
17
13
10
12
24
13
12
28
3
46
7
29
3
9
22
59
9
40
39
11
7
5
5
5
3
5
5
9
45
47
3
25
5
3
34
5
12
46
3
5
3
1
17
1
5
9
72
5
3
3
7
7
16
11
9
5
3
1
5
5
31
74
5
3
3
5
3
3
5
16
3
1
3
5
7
9
5
51
1
7
3
1
3
3
5
28
7
7
34
5
7
5
71
57
9
3
5
5
3
7
1
7
3
87
5
3
1
5
3
9
5
3
3
3
45
48
5
5
7
7
9
7
5
3
5
3
5
5
7
15
5
5
51
57
3
3
5
5
34
5
9
3
9
11
5
11
13
3
5
68
5
17
3
24
8
11
11
7
1
7
43
38
5
22
3
5
70
7
44
7
79
5
3
83
72
67
3
31
14
42
3
5
5
1
7
9
24
3
5
63
1
1
1
69
69
1
3
5
21
46
76
76
1
15
19
83
9
9
53
3
75
9
14
3
1
99
7
41
38
5
7
5
38
38
5
3
71
3
98
52
5
53
1
54
1
9
5
1
3
1
0
67
62
9
3
1
9
38
3
76
86
3
1
3
37
3
3
1
68
60
5
3
3
48
9
3
5
7
74
1
9
3
3
0
0
0
0
0
0
0
0
0
0
0
0
0
0
0
0
0
0
0
0
1
0
0
3
2
3
0
4
2
4
0
7
0
4
0
4
0
4
0
11
4
0
0
9
5
0
5
5
5
4
0
0
5
4
0
0
7
7
0
0
5
4
0
0
7
5
0
0
4
5
0
0
5
4
0
0
5
3
0
0
7
5
0
0
5
3
0
0
5
4
0
0
5
5
0
0
7
5
0
4
4
5
4
3
0
7
5
4
4
4
0
0
5
5
0
4
4
7
0
0
7
9
0
0
4
5
5
2
7
5
4
4
5
4
4
0
0
7
4
4
5
4
4
0
0
0
0
0
0
7
0
0
7
5
0
7
9
5
0
4
0
0
0
0
0
0
0
0
0
0
0
0
0
5
0
5
0
0
0
5
4
0
13
0
7
5
0
2
7
4
0
9
0
7
5
0
5
0
0
0
0
0
0
0
0
9
0
0
7
5
0
0
0
0
9
0
7
7
0
11
11
7
7
4
4
2
5
5
4
4
5
5
13
0
5
7
5
4
7
5
7
5
0
5
4
2
0
5
5
5
4
9
5
0
5
3
0
5
0
2
0
7
0
2
0
4
4
0
0
7
5
0
0
4
7
0
0
4
5
4
2
9
4
3
2
2
9
0
0
4
4
0
0
4
4
0
0
4
5
0
7
4
5
0
4
4
5
2
4
2
7
11
3
4
1
7
5
3
5
3
3
5
3
6
7
1
3
5
6
7
6
3
3
7
5
5
5
1
1
6
7
1
12
6
6
5
6
8
3
6
1
3
7
5
1
3
8
7
5
7
1
6
1
7
5
7
3
1
8
3
10
5
6
5
5
7
3
5
10
6
5
5
4
1
5
5
5
3
6
3
7
3
8
5
3
7
5
5
5
5
5
5
1
5
5
3
3
5
1
5
9
5
6
8
3
9
4
5
1
1
5
4
5
6
8
5
3
3
9
3
3
7
10
7
11
5
6
7
5
2
5
5
1
7
3
7
6
3
3
3
4
5
9
6
5
10
7
3
5
9
6
6
5
4
3
1
5
4
5
6
5
11
5
7
7
4
1
5
7
10
9
3
4
3
3
6
4
7
6
9
6
6
8
6
3
9
8
7
6
5
5
5
7
5
1
5
7
6
8
5
1
7
6
6
6
6
7
3
7
3
4
7
1
3
3
5
7
5
7
3
3
3
7
3
6
6
4
3
5
11
5
9
3
6
8
5
7
11
5
3
9
9
3
6
7
5
3
7
8
3
1
6
6
6
1
3
5
3
5
3
6
3
13
1
3
5
11
3
4
4
5
9
5
3
6
4
7
5
6
11
3
5
3
6
5
12
1
1
6
10
6
2
4
4
4
8
2
6
2
4
8
4
8
2
0
2
4
4
6
8
10
4
4
10
10
6
4
2
4
10
4
4
4
4
4
4
10
8
8
11
8
10
2
2
8
4
12
4
12
8
8
9
8
8
6
4
13
14
17
12
62
6
12
8
12
12
4
10
12
6
9
10
10
10
8
13
13
6
10
8
12
13
6
19
10
8
8
17
10
12
8
10
6
6
6
4
6
10
8
12
6
4
10
10
6
6
8
4
6
6
6
8
10
4
2
10
6
8
6
2
6
6
2
6
4
10
8
4
12
4
4
6
4
6
4
4
6
8
2
6
10
4
2
8
10
4
2
2
2
8
10
6
8
12
6
6
4
2
10
4
12
6
4
6
8
10
4
6
4
10
10
6
8
12
12
23
11
6
2
10
12
4
4
12
4
12
8
2
10
10
14
10
8
8
6
4
10
13
12
8
6
12
6
13
15
13
12
4
6
8
12
6
12
15
10
8
6
12
6
27
6
17
14
8
12
2
10
6
10
6
6
17
6
8
10
8
8
6
12
14
10
12
17
8
4
12
8
12
14
10
6
6
0
6
4
13
13
14
6
6
9
4
19
6
10
25
31
23
21
8
11
16
13
6
13
6
26
8
14
21
16
8
12
17
21
13
15
24
17
19
7
13
11
29
2
13
20
9
29
16
9
19
11
7
13
11
17
9
7
20
27
21
11
11
15
13
6
11
26
12
19
17
9
23
32
13
32
17
9
11
7
17
15
10
23
15
71
17
26
22
18
15
11
19
17
16
19
29
13
11
22
21
20
9
15
24
13
18
12
24
18
18
29
11
13
13
30
22
15
16
10
2
25
7
14
27
14
20
16
7
16
19
24
1
17
14
17
26
19
19
20
19
6
10
11
27
28
20
13
21
10
18
12
22
16
26
16
13
16
10
13
13
19
49
80
9
27
7
23
18
18
17
17
10
19
21
27
15
24
24
19
37
12
22
15
25
2
15
11
21
16
9
22
34
9
11
13
20
28
12
28
18
15
11
23
13
17
20
17
17
14
18
24
11
10
10
17
15
8
18
26
6
16
38
17
20
25
12
18
27
17
19
25
8
30
24
9
29
20
42
24
26
11
19
28
16
13
4
18
10
17
28
16
26
9
2
31
27
18
31
19
21
26
23
17
20
17
19
19
15
24
15
72
86
32
22
32
18
28
19
11
16
18
18
27
9
11
19
19
23
21
20
34
15
13
9
16
23
2
16
22
11
16
0
17
15
10
15
24
19
28
21
25
14
4
26
12
0
16
13
11
14
11
7
13
2
2
0
1
1
1
1
1
1
0
0
1
0
1
1
1
1
0
0
1
1
2
1
0
1
1
0
1
1
2
0
1
0
0
4
0
1
0
1
1
1
1
0
1
1
0
1
1
1
1
1
1
0
1
1
0
1
0
1
1
1
1
1
3
1
0
1
0
0
1
1
1
1
1
1
1
1
0
1
1
1
1
0
1
1
2
1
1
1
1
1
0
3
1
0
1
0
1
1
1
0
1
1
1
1
2
1
0
0
2
0
0
1
0
1
1
1
1
0
0
1
0
2
1
0
0
1
1
1
0
1
0
1
0
2
0
1
2
0
1
0
1
1
0
2
1
1
1
1
1
1
1
1
1
1
1
2
1
1
1
1
1
1
1
1
2
1
0
2
1
3
1
2
1
3
1
1
1
1
1
4
0
0
1
1
0
1
1
1
1
2
1
0
1
1
0
0
1
1
0
1
0
1
1
1
1
0
1
0
0
0
0
2
1
0
1
0
1
0
4
0
0
1
1
1
0
1
0
1
0
0
1
1
1
2
0
1
1
0
0
1
0
1
1
0
1
3
1
0
1
0
1
1
1
1
1
1
1
1
1
1
1
1
0
0
0
1
1
0
1
1
0
1
3
1
1
1
0
0
0
0
1
2
1
1
1
2
1
12
11
6
13
6
12
8
10
14
10
6
8
11
15
10
4
12
16
16
11
12
11
6
4
4
12
12
12
11
17
11
9
4
6
4
2
2
7
2
12
6
4
6
9
6
6
90
4
4
9
6
8
4
6
8
12
4
4
4
6
9
9
4
2
6
6
4
4
2
8
4
8
6
2
6
4
8
6
8
2
4
4
2
8
6
6
15
6
4
6
11
10
6
13
11
6
2
9
6
2
4
7
6
6
6
6
8
8
8
12
4
13
6
6
8
8
6
6
8
4
4
6
4
6
10
6
27
17
10
11
10
13
10
15
13
17
9
11
6
6
6
3
8
6
10
9
8
8
10
12
6
6
6
4
13
11
8
10
2
4
6
4
6
10
8
9
10
8
8
8
4
6
6
8
6
14
8
6
8
8
10
10
10
13
12
4
10
9
6
10
10
12
0
8
6
6
10
6
13
6
6
5
8
4
6
8
6
8
4
11
2
4
4
5
4
8
10
4
11
8
8
6
6
4
6
4
6
6
8
6
8
5
4
6
8
8
2
6
12
12
11
12
7
12
12
9
12
12
8
13
10
8
17
23
12
12
10
10
14
12
9
12
8
2
6
9
12
9
9
8
6
2
6
2
8
15
4
4
17
12
13
12
10
8
13
11
20
10
6
0
9
10
8
0
7
0
7
2
0
15
0
1
7
0
6
5
0
8
7
8
9
7
0
7
0
7
11
7
9
0
7
0
0
7
0
6
10
0
8
7
10
7
0
0
7
0
8
8
0
7
10
0
10
0
0
12
0
8
0
7
8
9
10
9
0
7
0
6
9
2
7
0
5
8
0
4
13
0
9
13
0
7
7
6
1
0
2
0
14
0
21
0
9
0
8
13
0
7
8
1
8
0
9
8
7
5
0
0
8
6
0
5
0
0
11
8
0
8
0
0
8
7
0
2
10
0
7
8
8
6
0
0
7
7
0
8
0
7
8
0
9
9
0
7
7
0
7
3
5
13
5
6
6
0
0
7
13
0
6
0
7
8
0
7
12
0
0
8
6
0
10
0
0
8
8
8
13
0
0
7
0
0
10
0
9
0
6
11
6
7
0
14
0
0
14
8
5
0
0
0
8
0
0
9
0
6
6
0
8
0
0
10
0
10
0
0
8
9
6
0
0
1
7
0
12
0
0
14
0
5
9
9
7
0
8
0
0
7
9
7
0
8
7
8
6
8
0
0
6
8
0
7
11
0
5
0
0
0
9
6
0
14
0
0
0
0
0
0
0
9
0
13
0
7
5
0
8
0
0
19
0
11
11
0
10
0
