32
25
36
29
27
25
38
19
40
10
31
26
27
42
59
23
15
29
25
31
15
19
51
19
36
30
17
19
23
13
23
30
14
44
11
15
33
30
23
27
15
38
44
38
17
15
31
15
17
13
18
17
19
17
33
34
34
27
21
28
21
23
19
31
34
34
34
23
21
36
31
26
33
28
21
40
29
23
45
38
28
24
33
21
15
41
17
64
25
25
24
19
28
27
38
32
23
44
40
15
40
36
29
20
27
13
28
26
30
23
42
70
29
32
13
38
29
37
37
35
29
47
24
40
25
25
27
28
29
27
23
65
19
52
15
35
32
30
46
41
32
42
42
31
28
29
54
21
63
29
57
25
23
75
35
51
13
34
32
32
32
13
50
36
21
31
21
23
36
34
65
31
22
40
46
47
38
33
34
61
29
31
44
46
19
37
55
75
90
51
52
36
46
65
54
67
23
54
64
57
38
46
28
19
15
30
48
31
59
44
30
38
32
11
32
27
75
52
21
58
44
61
13
25
36
17
33
13
19
40
23
32
40
19
31
38
42
37
29
25
19
13
19
44
86
29
40
38
23
15
27
17
21
34
21
17
25
11
34
31
34
35
40
23
17
34
38
21
15
28
50
35
32
33
11
31
44
21
42
27
23
19
17
44
42
19
36
19
0
18
11
15
10
17
17
8
10
21
13
6
10
6
4
12
17
9
27
4
15
11
4
8
4
10
8
15
10
8
21
10
6
10
11
6
17
17
8
6
25
15
13
15
17
19
15
8
24
8
8
6
23
8
10
19
6
8
21
13
6
19
15
15
15
21
50
26
19
11
19
38
19
26
17
17
35
17
21
27
28
15
21
21
25
15
13
21
27
21
53
26
19
22
21
26
21
24
19
31
18
20
33
15
38
32
26
31
17
24
29
25
15
36
15
50
23
18
46
11
21
29
19
28
34
31
45
30
17
37
20
25
30
21
36
25
31
15
15
31
17
38
35
23
21
36
33
31
38
15
32
42
17
44
38
69
39
19
23
11
29
34
34
19
27
37
36
48
28
44
46
27
32
25
19
29
40
36
35
54
52
54
17
19
17
30
29
21
17
13
17
25
76
25
37
61
13
31
46
36
19
21
15
23
30
17
19
25
24
22
34
27
29
21
38
38
15
27
13
29
37
21
29
27
34
30
33
31
19
17
21
38
25
27
26
30
21
6
15
23
23
40
22
15
21
21
11
30
13
17
21
13
21
17
6
48
10
13
15
15
12
9
17
13
15
8
19
19
17
10
9
21
11
15
10
8
15
27
26
10
23
21
13
23
23
15
13
12
9
3
7
7
5
6
5
2
8
6
8
8
6
11
6
8
7
5
7
5
7
3
10
10
5
8
4
6
9
3
5
4
5
6
2
6
4
4
8
8
4
8
5
6
9
3
5
9
6
7
8
7
4
7
4
7
7
6
8
12
9
17
1
6
3
3
1
0
4
1
3
2
1
1
9
14
9
2
5
2
2
3
7
7
2
4
2
3
5
4
2
2
5
2
2
7
3
1
2
1
3
4
5
1
5
2
3
0
2
7
5
1
2
4
5
3
1
4
4
5
4
9
5
2
2
5
6
4
6
4
2
3
7
5
1
7
5
5
2
6
4
4
3
7
4
7
2
3
4
2
2
4
4
2
2
4
7
1
4
7
5
2
3
7
2
3
4
3
3
3
5
4
2
6
3
4
3
3
3
0
2
2
2
5
5
4
4
5
1
4
3
7
4
3
2
1
6
4
3
8
2
4
7
7
7
9
5
7
7
1
5
2
3
2
2
1
5
2
3
2
1
3
3
2
9
4
1
3
3
4
5
7
3
1
4
1
4
1
3
1
2
5
3
0
2
1
4
1
3
3
3
5
2
4
1
3
5
2
4
2
1
3
3
2
2
3
5
4
0
4
3
1
1
2
4
14
7
6
8
9
7
6
2
4
1
2
2
1
5
0
15
0
10
9
0
0
13
4
0
15
0
0
7
16
0
10
10
0
12
12
15
16
0
0
3
9
10
0
25
22
3
0
16
0
0
14
8
0
8
0
0
10
11
0
0
0
12
11
10
0
0
7
12
13
0
0
15
11
9
15
1
0
0
6
10
0
0
15
15
1
1
0
21
0
11
9
19
0
0
12
1
0
0
12
5
9
6
1
1
6
8
8
0
19
14
12
4
0
0
0
10
1
0
21
10
12
0
1
7
15
0
8
8
10
0
0
0
17
11
19
0
12
17
0
0
18
0
12
15
0
11
17
13
0
1
0
9
7
0
12
0
0
10
5
0
10
0
0
11
0
8
3
0
19
0
0
6
5
0
8
6
0
0
11
15
11
13
0
0
3
0
10
13
0
0
0
19
0
8
0
0
0
8
0
0
12
0
8
8
0
0
7
6
0
9
9
0
1
14
0
8
12
12
0
1
2
8
8
6
0
0
9
6
0
7
0
0
0
0
10
11
0
0
1
11
0
0
9
0
6
10
0
0
8
8
0
8
11
14
13
9
0
0
0
7
0
0
26
9
13
0
0
14
9
11
7
1
0
6
14
12
16
19
0
0
0
9
0
0
8
12
5
0
14
0
13
4
0
7
10
0
11
11
0
17
0
2
0
0
2
0
2
2
2
4
3
3
2
0
0
2
15
2
2
12
4
0
2
5
3
2
3
2
2
0
0
0
0
2
5
2
3
2
0
3
3
2
0
0
0
0
2
2
0
0
4
2
2
2
0
7
2
2
0
0
0
0
2
0
2
2
0
15
2
0
2
0
0
2
0
2
0
0
5
2
0
4
2
0
4
2
0
2
2
4
2
2
0
0
2
2
2
0
4
0
4
2
1
0
4
0
0
2
0
4
2
2
2
0
2
0
0
0
2
4
0
0
2
0
0
3
2
0
2
0
0
0
0
0
0
2
0
2
0
2
0
2
2
4
2
2
0
0
2
2
2
0
2
2
2
0
0
0
0
14
7
0
0
4
2
2
0
2
0
2
0
0
0
0
0
2
0
0
0
0
0
4
4
0
0
4
0
2
0
0
2
0
0
2
4
13
2
2
2
2
11
2
2
0
0
2
3
4
2
0
2
6
2
0
2
2
0
0
0
0
0
0
3
0
0
0
0
0
0
0
0
0
3
0
2
0
0
3
0
0
4
0
0
0
5
2
0
0
4
0
0
0
0
0
0
0
2
0
0
2
2
2
0
4
2
2
0
0
2
2
3
0
0
0
2
2
2
2
0
0
0
0
3
2
0
1
5
0
2
30
0
5
0
1
0
0
31
19
18
30
1
0
0
3
16
0
0
8
0
22
15
11
1
0
42
20
22
0
0
0
0
0
21
0
16
18
0
0
13
15
0
0
0
32
19
21
0
17
13
0
14
40
0
0
10
0
0
25
20
23
17
0
14
10
0
0
0
12
19
20
0
19
26
19
13
43
0
0
0
0
20
0
9
13
16
15
0
21
15
0
33
0
0
31
19
0
0
14
4
9
0
0
21
15
0
15
16
18
0
37
14
10
15
0
21
18
14
0
11
32
0
18
21
28
0
0
18
20
23
14
0
6
0
17
20
12
0
0
14
0
21
32
0
0
45
0
0
0
0
0
0
20
22
18
13
25
14
17
0
0
0
0
0
0
22
33
2
2
38
0
2
0
0
24
23
0
0
15
20
0
15
14
12
15
0
0
0
0
0
35
27
30
31
0
0
0
3
0
0
25
19
21
18
21
10
25
16
0
0
0
13
13
2
29
34
2
13
0
2
0
0
0
11
11
0
0
0
18
0
13
0
18
23
1
3
13
22
26
0
2
26
0
0
0
0
16
1
20
24
23
27
0
16
16
0
0
0
12
0
0
21
50
41
37
0
0
0
0
0
0
0
11
10
23
0
0
33
0
0
0
0
0
16
0
26
0
25
2
0
0
0
2
1
0
1
5
0
0
3
0
6
0
1
0
1
0
1
0
1
2
1
0
1
0
0
6
4
0
1
0
3
4
4
5
2
2
3
1
0
1
1
1
3
0
0
1
0
1
0
0
0
0
1
4
1
4
0
0
3
5
5
0
0
3
3
0
0
1
2
0
1
0
1
1
2
1
3
2
1
0
2
0
3
0
5
1
5
1
0
0
2
2
1
1
2
0
0
6
3
0
0
0
1
1
1
0
0
1
0
6
3
0
0
0
1
0
3
0
4
1
1
1
0
2
2
1
1
0
1
4
4
6
1
5
3
1
0
4
3
6
1
1
0
0
0
2
1
0
2
1
1
1
3
1
0
0
1
0
0
1
0
1
1
5
1
0
1
1
2
1
0
1
2
2
3
4
1
1
1
1
1
4
1
0
1
2
1
1
2
0
1
1
0
2
1
1
1
2
1
1
12
1
0
4
10
2
0
0
5
1
3
0
2
0
1
2
1
0
2
0
1
2
1
0
10
1
8
1
2
4
0
17
0
1
0
1
7
0
3
2
0
4
4
0
0
1
1
1
1
1
0
0
2
0
0
1
0
1
0
1
1
1
1
8
1
0
0
15
9
0
1
1
1
1
1
1
1
1
0
3
5
3
0
3
1
8
6
6
6
8
4
6
8
8
6
10
10
6
8
6
6
6
8
2
4
4
10
6
6
4
6
8
4
8
0
6
8
10
6
8
4
12
10
8
6
6
6
2
10
4
10
6
6
10
8
6
4
8
4
6
8
0
8
6
10
8
8
6
2
12
6
6
8
8
6
10
8
4
6
2
6
6
2
4
6
8
8
10
10
2
2
4
8
10
8
4
8
6
8
8
4
6
2
6
10
8
10
2
4
6
0
4
6
4
8
4
4
4
4
4
12
12
4
4
4
10
4
8
8
4
6
4
10
2
8
8
6
10
8
6
2
6
6
6
8
8
10
2
2
8
6
10
6
4
2
6
6
8
4
8
6
14
2
4
10
6
4
2
4
4
6
12
10
8
8
4
4
4
6
6
6
2
6
4
10
8
6
4
6
10
8
4
8
6
6
4
8
6
8
4
6
6
6
10
4
6
10
2
4
4
6
6
6
8
6
2
14
2
2
10
6
6
6
12
6
6
10
4
4
8
6
10
8
8
4
4
6
4
10
4
2
4
6
6
8
8
8
6
8
6
10
2
6
8
8
10
6
10
6
12
6
4
8
4
8
8
8
6
10
4
6
6
6
6
8
0
6
8
6
8
4
2
6
6
6
4
10
4
6
2
4
6
4
4
0
4
2
6
0
0
0
0
2
4
2
8
2
2
0
4
0
0
2
2
2
2
0
0
2
2
2
2
0
0
0
0
6
4
2
2
0
6
2
4
0
2
0
0
4
6
2
2
0
4
2
0
0
2
0
2
0
2
2
4
2
4
2
4
2
0
4
4
2
0
6
2
29
4
0
2
2
2
4
4
4
4
2
4
2
2
2
4
8
0
4
4
2
2
2
0
2
2
0
4
4
4
2
6
2
0
0
4
2
2
0
4
2
4
2
0
2
2
6
4
2
6
4
2
0
0
0
0
0
0
2
0
2
2
6
0
2
0
2
4
4
0
2
4
2
4
6
2
2
8
0
4
2
4
0
0
0
4
0
29
2
2
4
6
2
2
6
6
0
2
4
0
6
2
2
2
4
0
2
2
2
4
0
2
2
2
2
0
2
4
2
4
0
2
0
0
2
0
4
6
0
4
6
4
2
4
4
4
0
2
2
4
2
2
0
6
29
6
0
4
2
2
2
4
4
2
2
0
4
2
2
4
2
0
2
2
0
2
6
2
2
2
0
2
2
4
2
4
2
2
37
0
2
2
8
2
0
2
2
4
2
4
2
0
2
6
6
2
2
0
0
0
2
0
0
4
0
2
4
6
6
2
6
2
2
0
2
1
4
4
1
4
0
3
12
12
4
4
7
4
5
13
4
6
4
3
11
5
3
1
7
3
6
4
3
4
5
3
1
6
11
3
1
14
3
5
10
3
6
3
3
3
9
10
3
3
4
1
5
13
6
8
6
9
12
9
3
3
3
4
5
8
3
8
2
5
4
5
6
1
3
6
5
3
12
4
3
5
13
4
1
3
3
3
16
8
6
14
4
6
5
8
3
7
14
4
13
4
6
6
1
6
9
15
4
5
6
7
3
14
4
5
3
2
4
6
9
8
4
8
3
1
11
6
7
0
4
5
6
4
6
8
13
4
3
14
3
4
8
18
3
1
4
6
5
5
4
7
5
4
7
4
8
13
4
4
4
6
10
4
4
1
5
4
4
9
3
1
8
3
6
4
13
3
3
3
3
15
5
6
4
3
5
4
5
11
10
6
9
3
5
6
4
8
6
1
4
6
4
3
8
6
3
10
9
6
3
3
4
1
13
9
8
3
4
16
8
7
4
4
5
5
21
23
1
5
6
6
4
6
1
1
10
11
3
14
5
16
3
12
3
5
12
4
6
4
9
5
1
3
5
6
1
22
1
6
11
6
3
8
13
12
1
4
4
8
3
6
6
1
4
6
3
4
7
1
3
1
9
6
5
6
5
5
6
