0
0
2
2
2
0
65
0
0
2
0
8
0
0
0
98
0
0
2
0
2
0
0
0
0
0
2
73
0
0
2
2
2
0
0
0
0
2
0
0
0
2
0
2
0
0
69
2
0
63
0
2
2
0
97
0
0
2
0
0
2
0
4
4
0
0
2
0
4
62
2
0
4
0
0
0
0
2
0
2
2
0
0
2
2
4
2
0
0
2
0
0
0
2
0
4
83
0
0
0
2
60
0
0
0
4
81
2
0
0
0
2
0
2
2
0
2
0
4
67
2
2
50
4
4
65
0
2
2
0
4
0
4
0
8
2
0
0
0
0
0
2
8
0
2
2
2
0
0
65
0
2
8
2
0
0
4
2
0
2
4
0
80
0
0
71
2
88
0
0
2
4
2
4
4
8
2
12
8
0
2
8
4
0
2
0
0
4
2
0
0
2
0
8
0
2
0
4
0
0
0
4
0
4
2
0
0
6
2
2
0
0
0
8
0
0
0
0
0
2
0
0
0
6
0
0
0
72
2
0
2
4
0
0
0
0
0
0
0
0
0
2
4
0
0
4
4
6
0
0
0
0
2
4
68
2
0
68
8
2
4
4
0
0
6
10
0
2
6
8
10
29
0
6
0
6
6
6
4
84
6
6
0
4
2
0
2
69
0
4
7
5
2
7
4
2
5
2
4
2
2
2
2
43
4
4
2
2
4
4
2
5
4
2
7
4
9
5
5
7
5
5
9
7
7
7
7
7
9
2
5
3
4
5
5
2
7
2
2
0
7
4
2
9
7
7
9
5
13
5
3
9
5
7
9
13
5
5
9
3
5
7
5
4
11
9
3
9
7
4
5
5
15
5
7
13
3
11
9
7
9
4
9
11
7
7
11
7
23
9
15
5
15
15
11
9
19
7
7
9
19
9
9
9
11
19
4
9
9
15
7
7
11
7
5
19
9
11
5
9
11
7
7
17
11
9
9
11
9
9
13
9
23
7
13
9
9
5
7
7
17
9
7
5
7
21
15
11
11
15
7
7
7
15
11
13
15
15
13
9
17
13
17
9
15
5
15
11
5
9
11
25
11
19
13
7
4
9
17
21
5
13
17
19
19
9
19
5
15
5
3
5
7
3
7
2
15
4
11
4
31
7
11
3
4
7
5
9
9
7
4
43
2
7
7
3
5
7
23
7
2
7
4
3
9
5
7
4
3
7
5
2
4
2
17
4
5
2
5
7
2
5
5
9
2
3
4
5
5
4
3
2
5
7
2
4
5
2
9
2
5
5
5
7
2
7
2
2
21
5
9
11
4
2
3
7
22
15
23
19
18
19
15
15
20
30
22
22
15
24
15
24
13
19
16
13
23
21
19
18
21
20
15
19
19
27
17
17
18
21
21
21
29
26
25
24
13
13
21
15
24
17
21
22
17
32
8
2
6
6
4
6
4
6
2
4
2
6
8
4
8
6
7
9
6
6
6
10
6
8
77
4
6
13
11
10
9
8
6
8
6
4
13
7
11
9
7
5
7
6
4
6
7
6
9
8
7
11
9
9
15
10
8
6
10
7
8
13
13
8
11
8
9
11
10
10
8
8
13
85
15
11
8
7
8
11
11
13
8
11
7
17
21
11
17
12
9
15
8
13
11
11
8
9
13
13
15
58
24
22
13
19
13
18
18
13
15
13
17
17
9
13
17
13
13
19
13
13
16
17
21
17
16
15
22
22
15
21
15
21
17
17
21
18
11
23
11
15
16
17
19
17
17
20
23
21
15
21
26
13
23
35
25
19
24
21
15
15
17
9
15
18
15
13
24
15
19
17
19
18
59
19
13
11
12
11
21
27
15
15
15
15
13
11
9
11
15
8
20
11
18
12
15
17
13
13
14
11
11
13
11
9
15
15
13
15
15
19
15
11
25
13
17
15
13
15
17
15
13
21
15
16
15
14
15
18
17
16
23
7
2
4
6
6
7
4
9
4
7
6
4
6
9
5
7
6
4
5
11
6
8
6
9
11
7
8
7
5
13
10
2
4
5
11
14
7
4
2
4
4
6
6
4
7
2
6
10
8
7
9
11
6
8
7
6
13
4
5
8
9
2
8
5
9
6
7
56
8
8
7
6
6
8
11
11
5
8
6
3
7
9
9
6
6
11
6
6
6
7
9
10
6
6
5
9
9
7
6
6
7
13
11
9
5
6
7
11
7
4
8
8
11
4
8
9
9
8
7
7
8
5
6
7
9
9
11
8
10
9
11
7
7
7
8
11
9
13
7
11
6
11
11
7
6
7
11
11
9
11
7
7
5
7
8
11
15
11
7
16
11
11
9
11
11
10
13
8
11
7
9
11
10
21
17
13
12
14
17
25
2
8
7
16
14
9
7
11
7
13
6
11
9
11
16
21
43
9
7
7
21
62
8
11
11
15
8
9
9
7
9
15
11
6
18
7
11
15
11
19
7
9
5
15
13
7
9
5
12
15
12
21
9
17
15
14
14
9
22
6
11
9
15
38
11
9
13
11
9
16
9
14
13
13
8
4
9
20
11
13
6
8
9
7
5
11
11
18
13
9
9
12
11
9
8
7
11
11
8
9
9
15
5
7
7
7
4
9
11
5
13
11
11
19
9
6
7
17
25
11
9
9
11
13
9
11
6
6
11
10
7
10
12
10
11
6
9
15
8
6
6
17
12
17
17
12
6
16
17
7
13
15
14
4
10
15
12
8
12
2
2
4
10
8
4
4
8
4
8
8
6
4
4
4
6
6
6
8
19
13
11
10
10
11
14
12
10
10
6
8
11
6
2
6
4
11
11
11
11
8
15
8
8
13
8
8
6
9
11
8
11
7
27
15
8
9
12
13
13
15
17
9
13
4
13
11
15
14
7
8
9
13
17
13
10
27
15
23
8
6
25
7
20
19
21
20
10
11
15
18
6
7
17
21
26
22
9
10
8
11
6
9
11
6
14
15
17
12
23
15
19
27
15
4
29
24
11
8
15
11
10
7
13
23
4
15
17
9
8
20
13
8
10
17
22
10
24
22
9
9
30
19
8
8
23
6
21
23
8
13
26
28
13
8
8
15
15
4
11
23
17
17
6
15
11
6
9
7
15
13
17
13
8
10
9
15
26
16
6
21
19
9
17
21
11
14
9
11
21
6
11
19
17
19
8
11
21
9
6
14
10
14
16
10
11
23
14
13
10
8
23
7
11
12
21
11
25
36
11
4
4
13
6
21
8
17
12
8
6
9
12
9
4
15
14
8
8
13
15
4
15
2
2
1
2
0
2
2
1
2
2
2
2
2
1
3
2
2
2
2
2
2
2
4
3
2
2
0
2
2
1
2
2
2
2
2
2
2
0
2
2
4
0
2
0
2
2
2
2
2
2
3
2
2
2
0
2
5
2
2
2
0
2
2
1
2
2
0
0
2
0
2
2
2
3
2
2
1
2
0
2
0
2
2
2
3
0
2
0
2
2
0
2
2
0
1
2
2
2
0
2
0
2
2
2
2
2
0
0
2
2
0
2
0
2
2
2
2
2
0
2
2
2
2
2
2
3
2
2
3
2
0
4
1
2
0
2
0
2
2
0
0
2
2
0
3
2
2
0
0
2
0
2
0
3
0
3
2
2
2
2
2
2
2
2
3
1
2
2
2
2
2
0
2
0
0
0
2
0
2
2
0
4
0
3
2
2
2
2
3
2
2
0
0
2
1
5
2
2
2
2
2
0
2
2
2
0
0
2
2
2
0
0
2
2
2
2
2
2
2
2
2
0
4
2
2
0
2
2
2
2
2
0
2
0
2
2
0
2
2
2
0
2
0
0
0
2
2
3
2
0
2
0
2
2
2
0
2
3
2
2
3
2
2
0
0
0
2
2
2
4
1
2
0
2
2
3
4
0
2
2
2
0
2
2
2
5
2
2
5
6
4
4
2
6
6
8
6
4
4
4
12
2
11
2
4
4
8
6
9
8
6
6
6
6
6
6
10
12
13
4
6
4
6
12
8
13
8
4
16
4
4
14
10
10
8
10
2
9
6
8
11
4
6
6
8
8
7
0
8
8
12
10
8
11
11
11
6
4
6
6
14
10
8
8
7
2
10
6
4
6
4
4
9
6
6
10
8
8
5
6
6
6
10
12
10
7
8
9
10
7
8
8
4
10
10
7
6
8
13
10
4
6
6
10
8
12
11
8
8
0
6
5
15
7
10
2
8
2
4
7
6
8
4
11
8
6
12
6
6
8
14
6
2
6
8
7
12
10
13
13
10
6
6
10
6
12
19
6
9
8
4
6
18
4
12
6
6
15
2
6
9
13
14
10
8
2
7
13
6
10
4
6
6
6
8
8
6
9
6
8
6
6
6
6
8
8
12
4
17
6
15
2
6
11
6
12
8
12
8
8
21
4
6
6
4
15
13
2
6
2
2
12
6
8
8
8
4
12
0
6
4
4
4
4
6
10
6
8
4
8
21
6
13
10
10
12
8
7
8
10
7
12
4
11
6
4
11
6
6
11
6
12
8
14
8
8
9
10
7
4
12
10
12
14
17
8
12
20
4
10
10
10
2
6
10
4
0
0
0
2
0
2
2
2
2
0
2
0
2
0
0
2
0
2
2
2
2
0
2
2
0
2
0
6
0
0
0
2
0
2
0
0
0
0
0
6
4
0
4
0
2
4
2
2
6
0
2
0
2
4
2
2
2
0
2
0
2
2
4
0
4
0
4
2
4
2
0
0
4
2
2
4
2
2
2
0
4
4
0
0
4
4
2
4
2
2
0
2
2
0
0
47
2
2
4
0
4
2
2
2
4
2
4
6
0
2
2
2
2
0
2
4
0
4
2
2
0
4
0
2
2
0
6
4
4
0
2
0
0
4
0
0
6
4
4
0
0
0
2
0
2
4
2
2
0
0
2
4
2
2
0
6
0
0
0
4
4
4
6
2
0
2
0
2
2
4
2
0
0
2
40
6
4
4
0
4
2
2
0
0
0
2
4
2
2
2
0
4
2
8
2
0
2
46
2
0
4
0
6
4
2
2
2
2
4
4
0
4
0
0
0
0
2
0
2
0
2
2
4
2
2
4
0
0
0
2
4
2
0
2
0
0
0
2
0
2
0
2
2
2
2
0
0
2
2
4
6
6
0
2
2
4
2
2
2
2
0
4
0
0
2
0
4
0
0
0
4
2
2
2
0
4
0
0
2
0
2
2
4
2
0
0
4
4
0
0
8
6
6
0
2
8
6
0
2
4
2
53
52
4
4
0
8
4
0
4
2
0
2
6
2
2
2
0
8
0
4
0
4
6
4
0
78
4
8
4
6
0
2
2
0
4
0
2
2
0
2
4
2
4
6
6
5
8
4
6
2
4
2
0
4
6
2
78
0
2
0
0
0
6
2
2
0
8
0
2
0
7
0
6
6
6
0
6
0
2
5
2
0
2
6
4
6
2
0
0
6
2
2
8
4
4
2
2
2
8
0
2
4
6
6
0
0
4
4
4
2
6
0
4
4
2
0
4
2
2
0
0
6
6
6
6
8
4
4
4
2
2
2
4
2
43
2
0
2
6
2
4
4
4
2
2
2
6
0
2
0
2
68
6
8
0
5
0
0
4
0
2
0
2
4
0
2
4
4
2
2
4
4
0
0
8
7
88
2
2
4
2
4
6
4
6
2
8
0
8
2
2
4
4
4
0
0
0
0
4
8
10
0
0
8
2
4
4
4
4
6
8
4
6
4
2
6
3
4
0
4
2
9
0
2
2
2
4
5
9
5
4
11
2
2
4
63
0
2
0
7
0
0
2
0
2
4
2
0
8
5
2
0
2
2
2
4
2
0
0
2
4
2
2
0
2
6
0
4
4
6
2
0
0
6
0
22
6
0
8
2
2
0
2
9
8
6
2
0
6
4
2
8
10
6
54
10
8
72
4
4
9
2
8
6
10
10
10
6
4
0
10
4
2
2
0
8
2
10
6
2
2
0
14
10
8
2
8
4
8
10
2
2
2
2
6
8
2
2
2
6
6
0
57
6
4
2
12
0
89
0
66
2
4
4
0
4
0
2
63
2
6
6
0
4
6
4
8
2
4
4
6
2
8
2
4
6
10
4
10
2
16
8
6
2
4
56
2
0
6
4
4
0
6
8
8
45
4
8
79
6
6
0
2
8
0
18
4
4
8
10
6
4
2
8
0
2
8
6
8
6
10
6
6
8
69
68
93
92
75
99
8
71
10
2
8
81
6
0
4
2
14
6
6
4
6
8
6
2
6
4
6
2
10
4
4
49
4
10
91
2
0
8
8
2
4
10
66
6
76
4
6
10
14
4
12
8
4
8
2
6
10
14
16
2
10
10
8
6
8
2
82
4
6
8
4
13
0
6
8
4
8
2
0
4
6
0
4
6
2
10
4
0
4
2
2
6
12
4
6
2
6
12
6
4
4
4
2
0
45
0
2
8
0
8
4
8
4
2
4
0
23
2
4
37
6
4
8
6
0
2
4
4
4
6
2
2
8
18
10
8
55
2
10
