29
60
41
22
10
65
6
41
4
30
10
26
8
35
4
25
37
10
47
17
57
34
36
0
70
74
57
51
65
63
19
97
29
4
43
34
61
21
59
38
31
49
18
53
52
8
30
34
45
4
8
37
70
5
34
6
76
35
54
5
56
48
8
4
69
4
31
0
13
49
10
6
4
21
47
10
7
6
21
2
66
68
6
43
54
4
25
6
35
27
9
2
57
41
62
18
96
42
4
34
2
47
3
57
76
6
33
6
3
37
6
81
46
8
63
8
52
0
26
56
53
10
17
38
38
17
36
2
62
56
75
39
42
4
9
33
4
2
8
11
42
45
4
29
42
47
7
44
15
34
53
8
9
4
37
6
23
70
60
8
29
12
44
6
64
30
39
6
55
23
2
39
8
46
80
53
4
2
4
6
97
7
65
6
68
17
39
2
43
4
23
2
9
2
35
56
4
6
49
8
2
56
23
77
47
32
51
6
3
58
52
54
44
4
22
0
63
2
58
30
8
25
30
4
25
6
27
47
45
32
11
6
0
45
2
29
2
42
73
2
42
40
15
32
53
42
55
50
39
6
39
11
18
66
42
2
28
2
39
0
22
6
17
65
40
59
4
70
3
17
65
6
36
84
23
64
68
54
47
8
8
47
95
6
48
66
4
31
2
2
4
9
4
2
2
2
0
8
0
6
2
0
0
4
2
2
0
2
6
0
4
2
6
4
2
2
2
2
4
0
4
4
4
0
2
0
0
2
0
7
2
2
2
2
1
8
2
4
0
2
2
2
4
2
10
0
0
2
2
2
4
4
6
0
2
2
0
2
13
0
0
2
2
2
4
6
2
2
2
2
0
0
4
2
2
2
6
0
2
2
4
0
4
6
10
6
2
2
5
7
4
9
4
6
6
2
9
2
0
6
4
2
2
4
2
4
0
4
4
4
2
2
4
4
4
8
4
4
4
4
0
0
2
2
0
0
0
2
2
0
2
2
7
2
2
4
2
4
2
6
8
4
4
4
2
0
4
4
2
0
2
0
8
11
4
4
2
0
4
2
0
2
4
0
0
4
4
2
2
8
8
2
4
6
0
6
3
0
4
4
8
2
2
4
0
5
4
15
2
2
0
0
4
2
2
2
2
0
9
0
2
4
2
2
0
2
0
0
0
4
2
0
0
0
2
2
0
2
4
2
4
2
2
0
2
5
4
4
2
2
4
4
2
2
2
2
0
0
0
0
0
0
2
0
8
9
2
0
2
2
0
2
0
2
2
4
2
2
4
4
4
0
2
0
4
2
0
0
0
4
4
0
0
2
2
2
2
0
6
2
4
0
2
0
2
0
2
2
6
2
2
2
2
4
0
2
4
0
0
0
0
4
2
0
93
4
0
4
2
2
0
6
4
2
2
87
2
0
4
2
4
4
4
0
2
4
0
2
6
6
8
2
0
2
10
0
4
4
2
6
8
4
6
4
6
0
0
0
6
0
2
0
2
2
0
2
0
2
2
4
2
6
0
2
0
2
2
2
0
0
0
0
0
2
2
2
2
2
0
0
2
2
2
0
4
0
0
2
2
2
0
0
0
2
0
2
2
2
6
0
2
2
4
0
4
0
0
0
2
0
0
0
0
4
4
0
2
2
93
8
0
0
4
0
10
6
2
0
4
4
2
0
2
0
0
2
0
0
8
0
2
4
2
4
0
2
4
0
2
4
2
0
2
6
4
6
0
4
2
0
4
2
4
2
0
0
6
2
0
0
2
4
6
6
0
6
2
0
2
2
0
0
2
2
2
2
0
0
2
2
2
0
21
0
0
0
6
0
2
0
2
92
0
0
6
2
8
4
0
2
2
0
4
2
0
0
2
0
2
0
0
0
2
6
4
4
4
8
0
4
2
0
58
0
2
2
2
2
2
0
2
2
2
0
0
0
2
2
0
4
4
6
0
4
0
8
6
6
2
2
4
4
0
4
13
10
0
0
19
10
0
0
7
8
13
0
13
12
5
0
15
11
19
0
10
5
10
0
13
0
9
0
14
0
14
0
10
5
0
0
42
0
11
0
10
0
11
0
6
0
8
0
8
0
12
0
8
0
11
0
7
0
9
0
12
6
7
0
9
0
8
0
13
8
8
0
15
0
25
0
10
9
11
0
0
12
15
0
0
8
3
0
0
31
25
0
0
12
9
0
0
13
12
0
0
10
4
0
0
7
9
0
0
20
9
0
0
17
12
0
0
15
10
0
0
0
0
0
0
15
7
5
0
0
0
0
8
7
8
0
0
8
13
0
0
0
0
0
0
0
0
0
0
12
0
8
0
0
0
9
0
5
0
8
21
0
11
10
0
9
0
11
9
5
12
10
11
0
0
0
0
0
0
0
0
0
0
0
0
10
0
0
10
0
20
10
0
9
0
12
0
14
0
13
0
21
0
5
0
9
0
12
0
9
0
16
0
15
0
13
0
17
0
25
0
9
0
14
0
7
0
8
0
9
0
11
0
9
0
14
10
0
11
10
0
0
11
7
0
0
14
21
0
0
12
8
0
0
15
10
0
0
14
12
0
0
8
11
12
0
9
2
20
0
15
5
8
0
5
6
0
0
12
18
0
0
28
7
0
0
8
11
21
12
10
20
10
14
8
16
25
12
14
17
8
12
4
6
21
16
12
8
8
16
12
8
8
10
4
4
4
10
17
10
4
9
8
12
6
14
4
8
6
6
6
16
12
16
4
18
14
17
12
2
8
4
8
10
6
6
8
14
8
12
6
6
10
17
8
10
8
10
15
18
4
10
15
6
14
4
16
6
12
14
12
10
12
8
4
6
6
14
9
4
10
16
12
8
8
10
18
41
12
6
14
16
8
8
11
15
12
19
6
10
6
8
6
21
8
10
10
17
10
4
10
29
6
10
19
15
16
6
21
17
12
12
8
8
12
6
8
8
19
10
13
29
12
12
8
22
14
6
17
17
10
6
27
17
13
17
6
12
14
21
10
14
29
13
8
25
19
4
14
15
21
8
14
14
10
8
12
15
8
18
11
31
8
10
27
19
9
17
17
11
8
8
13
14
4
14
6
12
10
10
10
21
11
9
17
15
8
10
8
17
11
16
12
19
15
10
6
14
13
17
12
8
10
8
14
14
15
10
16
17
8
18
14
10
21
16
6
15
8
10
12
25
10
10
16
19
12
6
10
12
13
12
10
8
8
14
14
17
8
16
17
17
14
8
21
10
8
10
15
4
8
11
8
14
21
16
8
16
10
6
8
10
8
10
10
8
0
10
9
9
2
11
9
0
0
8
7
0
0
5
8
0
10
1
20
10
30
19
0
0
0
0
2
5
14
2
11
9
12
1
10
4
0
6
5
5
12
11
0
9
19
16
0
0
0
0
10
8
14
0
10
11
6
1
9
7
5
4
0
5
6
0
7
0
11
0
4
4
10
6
6
0
0
0
0
0
0
0
0
1
0
0
0
4
0
13
15
0
1
20
14
0
5
5
0
8
0
14
9
22
0
0
0
0
0
0
3
1
5
12
17
0
35
0
8
15
7
7
5
11
15
39
0
0
0
0
0
0
0
0
8
9
1
13
8
9
7
16
8
0
5
4
0
6
0
0
10
24
0
0
0
0
0
0
13
13
18
0
0
6
24
17
0
5
7
8
8
0
10
0
0
0
0
0
0
0
0
4
0
12
9
22
16
11
20
0
0
9
4
0
0
5
7
8
0
10
26
0
0
0
0
5
0
6
0
9
8
11
14
0
5
8
5
2
16
8
12
4
1
2
5
9
0
0
0
0
5
0
9
0
2
3
15
26
17
0
7
0
9
1
24
7
11
0
6
11
0
0
3
5
0
7
2
8
8
10
19
16
21
13
8
0
13
0
4
15
43
0
2
0
0
0
0
0
1
5
9
0
15
5
4
19
14
7
2
0
4
0
1
1
6
0
1
3
1
1
0
0
0
1
2
1
0
0
1
2
3
2
7
1
0
1
2
0
13
0
0
6
0
3
1
0
3
0
0
1
2
1
1
3
9
2
1
1
1
1
3
1
0
0
0
1
0
0
1
1
0
3
3
1
2
3
4
1
2
1
1
1
0
0
0
1
0
0
3
1
0
0
2
1
1
0
1
0
1
0
1
0
1
1
1
0
0
1
3
3
14
1
0
0
0
0
1
1
1
1
2
1
15
3
0
0
0
1
3
3
1
0
1
0
1
1
1
0
1
0
0
1
1
0
0
10
1
0
1
1
1
0
0
0
1
2
1
8
3
1
0
4
0
4
1
0
3
1
1
1
1
1
1
0
0
4
1
3
0
1
1
4
3
0
0
1
1
0
1
0
3
1
0
4
3
1
1
0
1
0
3
0
0
1
0
0
1
3
1
1
1
1
1
1
0
1
1
3
1
1
1
1
1
0
9
0
1
13
6
3
0
0
1
0
0
0
1
0
1
0
1
0
1
0
1
1
0
1
0
0
4
2
3
0
0
0
4
0
0
1
1
0
3
0
0
3
1
0
0
0
1
3
0
3
0
2
1
2
0
1
1
4
0
3
4
2
1
2
3
3
1
3
3
0
0
1
2
3
3
2
0
4
7
0
4
6
0
3
0
5
4
3
4
4
2
2
2
2
2
2
4
3
2
17
2
2
2
2
4
4
2
0
2
0
0
2
1
2
0
6
4
3
7
0
3
4
2
4
0
0
0
3
2
2
2
0
4
5
2
2
0
2
21
4
2
2
2
3
2
6
0
4
2
0
4
2
6
0
2
0
7
4
7
4
5
4
4
4
4
4
2
2
6
25
4
2
4
4
3
0
0
5
0
2
4
4
5
2
2
4
4
2
4
0
2
4
19
2
4
4
6
4
21
2
1
6
4
4
2
2
0
2
2
2
0
2
6
0
4
2
2
4
2
4
23
2
2
21
2
0
4
7
2
0
19
0
4
0
2
21
0
2
5
0
4
0
2
0
3
2
2
2
0
0
4
4
4
6
5
3
2
2
4
0
0
0
4
2
2
4
0
0
5
2
0
4
2
2
4
4
0
4
2
4
2
0
2
6
0
0
4
2
4
2
2
2
2
2
2
0
2
4
0
4
2
4
4
2
2
2
2
2
2
2
4
2
3
4
2
7
4
2
0
19
4
23
4
4
0
4
0
7
7
2
2
0
0
0
0
6
0
2
0
2
2
0
4
5
2
2
4
2
2
0
4
0
4
7
6
0
3
0
2
2
2
4
0
0
0
2
2
0
0
4
0
0
0
0
0
0
2
0
0
2
0
2
2
2
0
4
4
0
0
0
0
2
4
2
0
0
0
4
2
4
0
0
0
0
2
0
2
0
2
0
0
0
0
2
2
2
0
2
2
0
0
0
2
0
4
4
0
0
2
4
4
0
0
0
0
0
2
4
2
0
2
2
0
0
2
0
2
4
0
0
0
0
0
2
4
2
0
0
0
0
2
0
0
0
0
2
0
0
0
2
0
2
2
4
2
2
0
2
0
0
2
0
0
2
0
0
2
2
2
2
6
4
4
2
2
2
4
0
2
2
2
2
0
2
0
0
2
2
4
2
0
4
0
4
2
2
2
0
2
2
0
0
0
0
0
4
4
0
0
4
2
0
0
0
0
4
4
2
0
4
2
0
7
0
2
2
0
2
4
2
2
4
2
0
0
0
0
0
6
6
0
0
2
0
2
0
0
0
0
0
0
2
0
2
4
0
0
0
0
2
2
0
6
2
4
2
2
2
2
0
2
2
0
0
0
0
4
0
2
3
4
2
0
0
0
2
2
2
0
0
0
0
2
2
2
9
0
0
5
4
2
3
4
4
2
0
4
0
2
2
6
6
0
2
4
0
4
4
26
0
2
0
0
2
0
0
0
4
0
11
0
0
5
0
2
2
2
4
7
2
2
2
2
3
4
4
4
0
13
2
4
2
8
3
4
4
0
0
0
0
2
0
2
14
2
2
0
5
5
4
4
6
2
2
3
7
2
4
2
2
0
2
6
9
4
15
6
2
11
3
4
3
4
5
2
0
2
0
4
4
2
0
4
0
5
5
6
2
5
4
2
2
0
8
0
8
0
11
7
9
2
0
4
4
0
2
2
5
3
10
2
4
2
2
0
4
3
4
2
15
10
10
5
7
5
0
4
3
5
0
4
2
0
5
10
0
0
0
1
4
3
5
5
0
7
4
2
4
3
0
2
2
0
0
4
0
0
0
2
2
0
6
0
1
0
2
2
2
0
5
7
4
2
6
9
4
2
5
2
16
0
0
4
2
2
12
2
3
3
0
3
3
3
2
4
4
4
4
14
6
0
4
3
2
0
0
2
0
0
4
4
4
2
4
0
1
4
2
2
7
1
2
4
2
5
4
0
2
0
0
0
4
2
2
2
4
0
4
5
0
9
7
2
0
6
0
6
0
2
0
2
0
2
2
3
2
3
1
4
1
4
0
0
0
0
0
0
0
2
0
0
0
0
0
0
0
0
0
2
2
0
0
4
0
0
0
0
0
0
2
4
6
2
2
2
2
