37
38
38
34
34
34
39
34
38
36
37
37
36
38
32
33
38
36
34
38
38
36
36
37
34
38
30
35
37
38
37
35
36
36
37
37
36
37
36
34
38
38
37
38
37
37
38
37
34
31
34
36
29
38
37
38
37
37
34
37
33
36
36
34
36
36
29
38
37
37
38
33
37
39
38
36
37
35
33
38
38
36
38
36
36
37
37
27
36
36
36
36
37
38
36
32
37
37
38
37
37
38
35
34
37
35
38
38
39
37
35
35
36
37
36
36
36
27
36
37
37
34
39
36
36
36
35
32
37
35
37
37
35
33
37
37
36
35
35
36
36
37
37
36
35
37
37
37
35
34
33
36
34
35
34
37
35
36
37
36
33
38
37
36
37
27
38
37
38
32
37
33
26
36
36
33
38
32
34
36
37
38
34
30
31
31
38
31
34
36
38
36
33
35
34
37
33
37
36
36
31
38
36
37
33
38
36
36
29
32
33
36
30
36
35
37
32
35
37
38
36
37
35
32
37
36
36
33
34
33
36
38
38
32
34
36
33
27
37
27
39
37
38
38
36
30
31
38
36
38
26
37
37
29
35
37
33
37
38
36
36
32
29
32
35
32
38
36
33
27
31
37
30
37
34
37
38
38
36
38
32
37
38
35
33
33
31
34
37
31
36
31
25
31
35
31
36
26
38
36
38
35
37
39
38
38
33
33
38
34
28
35
34
35
29
37
37
34
29
38
38
25
34
29
38
33
31
38
34
34
32
35
35
34
34
33
37
38
33
34
36
35
33
34
39
38
33
35
38
25
38
38
32
36
35
38
38
32
38
39
38
33
37
36
38
38
36
38
30
35
34
38
39
38
34
27
28
38
36
33
35
38
38
37
37
33
39
36
38
29
37
32
38
36
38
35
33
38
38
33
36
33
33
38
38
39
31
31
38
37
32
33
38
34
22
37
33
39
30
31
36
38
37
36
38
33
38
33
26
33
35
32
39
38
38
33
38
38
37
38
39
32
34
38
38
36
31
37
37
29
38
32
34
36
37
34
38
37
37
34
37
34
38
35
32
38
32
37
38
34
31
38
38
37
33
30
36
39
38
38
35
33
36
37
31
29
33
36
32
36
24
33
33
35
38
37
32
28
38
38
38
35
33
35
34
33
38
32
39
33
38
34
33
37
38
33
31
32
35
38
33
35
27
34
39
34
29
34
39
31
38
33
35
38
35
30
31
34
31
38
31
35
36
32
33
35
39
39
38
30
34
39
34
34
35
32
36
38
35
35
32
34
30
36
32
39
38
33
34
34
30
35
32
38
39
34
0
2
0
2
2
0
0
0
2
2
2
0
2
0
2
0
2
4
2
4
2
0
8
4
2
0
0
0
0
2
2
2
0
2
4
0
0
2
0
2
2
2
0
2
0
10
2
2
4
2
2
2
0
2
6
0
2
0
2
4
0
2
2
0
2
2
0
2
2
2
0
2
0
0
2
2
2
2
2
0
2
0
2
0
2
2
0
2
0
0
0
0
2
2
2
2
0
0
2
0
0
0
0
2
2
2
0
10
2
2
2
2
2
2
0
2
2
0
2
2
2
2
0
2
0
2
2
2
2
0
0
2
0
4
0
0
2
2
2
2
2
2
0
2
0
2
0
0
0
2
0
2
2
0
0
4
2
0
2
2
2
0
2
0
0
0
2
2
2
0
2
2
0
2
2
0
2
0
0
2
2
6
0
0
2
2
0
0
0
2
4
0
2
2
2
4
0
0
6
0
0
2
0
0
2
2
0
2
0
2
0
0
2
4
2
0
2
0
4
2
2
0
2
4
2
0
0
4
2
6
2
0
0
2
0
0
2
0
0
2
0
2
0
0
0
0
0
2
2
0
0
0
2
2
4
2
2
2
2
2
0
2
2
2
0
10
6
6
0
2
4
2
2
2
2
2
0
0
2
0
0
4
0
2
4
2
4
0
6
15
12
12
23
15
8
31
15
15
19
10
6
6
15
17
10
17
6
4
8
14
15
21
12
14
12
15
15
15
10
19
14
21
12
8
14
15
14
12
12
12
17
17
6
17
31
14
13
17
15
15
25
12
17
21
10
10
17
17
15
14
33
15
19
10
19
14
15
12
12
21
12
15
23
8
19
27
10
19
23
23
16
10
10
17
12
4
14
17
10
12
17
9
14
33
21
11
16
15
14
15
14
4
23
17
23
12
29
12
21
29
19
23
27
23
21
17
23
33
19
23
23
25
41
21
33
12
25
12
19
23
23
14
6
19
56
23
72
6
12
8
37
35
25
29
41
8
31
50
25
12
38
56
62
27
17
51
17
68
27
45
10
17
14
14
10
33
29
15
58
52
64
14
49
14
37
29
21
43
66
8
4
10
16
33
10
16
12
10
19
39
14
25
8
44
16
17
17
10
17
12
8
14
21
16
6
15
32
52
17
10
19
6
12
48
21
21
23
23
17
54
13
14
16
35
16
41
17
14
6
29
8
8
39
27
6
14
29
17
14
12
14
54
17
8
33
15
29
25
52
25
27
23
21
31
16
19
12
14
16
10
17
8
15
14
14
21
21
14
19
37
21
31
25
17
19
19
19
19
25
23
27
25
17
31
16
27
1
1
0
1
0
3
3
3
2
0
1
1
1
1
1
0
1
0
3
1
1
0
1
0
0
1
1
1
0
0
0
1
1
3
0
1
0
1
6
0
2
3
1
5
4
0
0
1
1
2
0
0
0
7
0
0
3
0
1
1
0
0
0
5
0
1
0
0
0
1
1
25
0
1
0
1
0
1
1
0
0
0
3
1
0
0
1
3
3
0
0
1
3
1
0
7
0
0
2
0
1
1
0
1
0
0
9
0
0
0
17
0
1
3
5
1
2
0
0
0
2
1
0
1
0
0
5
0
1
1
0
1
3
1
1
1
0
1
0
0
0
1
3
1
3
0
1
9
1
1
0
1
0
1
1
0
1
0
1
1
3
0
0
3
3
1
0
0
1
1
0
3
1
1
0
1
5
3
2
19
0
0
0
1
0
3
3
1
1
1
0
3
5
3
0
1
3
0
2
2
5
3
5
2
0
1
1
1
0
2
3
4
2
2
0
0
0
1
1
1
1
1
4
0
0
4
4
0
5
0
1
0
0
5
1
1
5
5
0
1
1
1
3
0
4
0
0
1
1
1
0
0
2
0
1
5
3
0
2
3
1
1
3
5
66
1
1
3
1
0
2
1
1
1
2
1
3
1
15
5
0
1
5
0
1
1
2
1
47
48
55
35
20
35
19
30
49
48
48
41
61
37
48
33
21
27
19
47
50
48
62
37
83
39
43
61
21
46
30
60
45
46
47
42
48
41
47
55
19
23
50
39
43
46
46
47
63
46
46
48
26
18
37
37
66
64
45
63
93
48
28
48
30
25
19
36
36
56
45
48
75
98
37
39
42
36
29
40
57
42
35
50
60
61
40
44
32
22
26
31
25
45
23
46
46
42
28
45
22
32
29
24
41
46
62
29
33
48
57
41
30
21
21
51
47
50
90
63
44
31
46
43
23
28
18
31
30
46
61
41
47
50
50
37
26
15
31
32
44
48
48
65
58
48
64
40
31
20
28
37
76
43
46
62
47
35
35
31
23
22
30
42
51
67
45
54
21
40
38
34
22
20
29
41
41
49
40
37
45
48
70
37
21
19
21
24
55
34
31
56
36
46
44
41
31
18
28
25
38
68
41
51
40
78
77
51
26
17
25
28
38
67
48
25
50
50
47
46
20
38
32
34
65
46
48
66
39
48
48
50
26
25
44
38
31
56
43
38
36
32
23
52
15
27
36
27
46
38
55
36
52
56
50
34
24
46
28
38
64
40
46
48
47
62
50
45
22
70
39
24
36
35
58
50
46
40
44
50
47
34
30
26
68
62
36
63
18
23
16
18
10
10
31
21
14
14
16
18
61
8
21
21
20
10
18
12
8
18
10
14
16
6
8
23
6
33
12
16
21
10
29
29
18
23
20
16
31
29
10
10
39
31
21
47
10
21
33
20
47
31
20
10
37
12
18
29
43
20
20
27
20
20
43
61
31
21
21
18
25
23
16
27
14
76
55
8
14
41
37
12
12
12
18
14
35
12
23
39
35
20
23
12
16
53
39
33
12
39
8
18
37
27
10
14
47
16
12
41
12
49
27
27
39
37
31
20
12
43
27
37
31
45
8
10
37
18
53
61
49
45
25
39
14
80
29
39
8
31
10
51
25
59
49
39
10
16
45
27
33
25
18
33
33
39
10
14
14
59
39
6
33
29
10
10
12
8
8
25
29
12
6
8
6
16
21
14
12
12
14
12
10
20
14
14
6
12
8
6
4
10
4
6
25
20
18
12
10
4
18
4
14
12
10
4
6
6
4
8
6
21
6
18
8
8
12
10
14
10
20
18
8
12
10
10
20
12
18
22
8
6
8
20
10
12
6
10
14
8
6
12
2
8
10
22
8
18
14
8
16
14
8
6
10
10
6
8
10
20
10
10
8
8
21
6
12
10
12
4
23
14
10
16
16
10
29
6
4
6
14
25
18
27
31
10
1
0
2
2
2
0
2
0
4
2
4
2
0
0
0
2
0
0
2
3
0
0
0
0
0
0
2
0
2
0
0
2
0
0
0
2
1
1
0
0
4
6
2
0
0
2
0
3
4
2
0
2
2
2
2
2
0
2
4
2
2
0
0
2
2
2
2
0
2
0
4
2
0
3
4
0
1
2
0
2
0
4
2
4
2
0
0
2
0
6
1
2
2
2
0
0
2
2
2
4
4
3
0
2
0
0
0
3
6
0
4
2
0
0
2
5
0
2
0
0
0
0
2
2
0
2
0
0
0
2
0
2
2
0
2
0
0
0
2
1
0
4
1
1
0
4
2
2
0
2
0
4
0
0
2
0
2
2
0
5
2
2
2
0
2
0
0
2
2
5
2
0
0
5
2
2
0
0
0
0
5
2
5
0
3
4
0
4
4
0
2
1
4
1
2
0
0
0
2
2
2
2
4
2
2
4
2
3
5
2
2
2
2
2
2
0
2
0
2
6
0
0
2
2
2
0
2
2
2
0
2
4
2
2
2
2
4
2
2
4
6
0
2
0
0
0
0
0
0
2
0
2
2
2
7
0
0
2
4
0
2
0
0
3
2
4
2
4
2
0
1
6
0
2
2
0
4
2
0
0
6
6
2
4
0
2
2
2
78
4
37
4
7
10
9
2
11
8
11
6
17
9
9
15
9
6
14
19
7
5
38
12
7
9
12
12
12
9
9
60
63
7
15
9
5
8
11
11
7
2
9
9
7
44
5
6
5
7
9
7
5
40
12
9
9
9
7
54
6
5
9
9
9
9
9
21
8
11
7
7
7
7
8
12
18
11
11
13
47
13
17
55
9
43
14
17
22
9
11
2
7
9
57
4
9
9
9
5
6
12
10
47
5
33
11
59
9
44
6
40
19
15
3
17
15
17
46
13
49
10
11
10
9
7
9
10
12
7
5
7
52
5
51
10
25
20
9
10
13
15
13
12
25
12
14
15
24
16
12
15
13
12
11
54
5
6
7
9
22
22
37
11
18
64
10
47
7
45
9
13
6
19
19
28
60
30
81
28
8
9
12
12
8
12
40
7
9
5
11
7
9
40
13
7
14
11
16
9
7
5
14
12
9
35
21
70
15
9
42
15
8
8
6
8
40
9
8
31
49
8
56
11
6
15
8
8
7
7
11
25
44
7
7
17
30
7
26
21
13
8
7
18
8
20
61
7
6
42
7
9
8
11
8
40
4
10
10
7
15
3
6
7
15
41
5
62
9
12
11
8
8
6
9
10
4
7
7
46
7
14
50
6
5
12
45
6
58
49
41
64
34
80
59
46
34
69
74
45
54
41
39
40
73
57
71
50
44
54
62
41
35
49
45
70
45
56
37
62
58
40
34
68
52
38
71
57
64
39
48
65
48
56
69
35
56
63
26
83
50
40
77
67
48
60
33
45
55
77
70
41
51
51
34
39
46
43
50
57
54
48
58
35
65
69
49
60
55
33
49
35
87
28
30
53
52
31
65
44
64
44
61
58
30
48
49
58
42
75
35
38
45
54
86
46
21
55
76
58
40
63
76
25
50
64
44
57
63
45
48
48
60
44
37
73
37
36
40
56
59
57
47
59
30
72
50
61
92
38
36
46
83
80
66
45
38
39
33
23
55
43
52
25
60
50
30
38
48
61
44
33
37
61
61
74
69
49
27
48
36
55
34
65
64
25
50
73
40
60
66
74
73
48
47
82
67
31
63
40
51
33
62
56
59
55
38
49
54
75
63
46
61
65
44
36
46
37
55
42
54
57
69
51
48
42
35
73
76
50
68
67
43
68
25
36
55
33
35
60
69
56
46
34
61
64
49
68
64
44
53
38
47
54
26
51
46
40
37
46
34
30
39
42
53
60
56
22
75
30
65
59
45
40
54
57
31
46
71
35
32
65
51
27
35
47
39
54
57
27
61
39
41
50
69
52
