4
3
2
8
4
8
4
5
6
2
5
9
5
4
2
2
4
3
8
5
8
8
2
4
3
4
5
3
8
3
5
4
8
4
4
2
2
6
7
6
5
6
6
4
4
4
8
2
6
4
8
6
6
9
7
6
0
6
4
8
2
6
4
7
7
2
6
2
8
0
3
8
4
6
0
2
5
6
2
4
3
6
2
5
6
2
9
5
1
5
4
2
4
2
6
4
3
2
6
2
1
4
4
8
5
4
5
1
6
4
6
1
3
4
5
0
3
3
4
3
2
8
3
4
5
4
4
6
5
9
4
1
6
6
6
5
1
4
6
2
5
2
9
6
4
6
1
5
9
4
6
3
8
8
4
5
4
4
5
6
4
2
4
9
3
6
2
1
10
2
1
6
6
4
2
2
5
2
4
9
4
3
6
4
7
2
3
4
5
5
1
4
5
8
5
4
3
4
4
6
8
2
0
2
8
6
8
1
1
5
5
6
6
9
7
8
2
7
4
5
6
3
2
1
2
3
4
3
4
1
2
7
2
2
4
8
1
6
4
5
6
3
4
3
6
8
4
6
5
3
4
4
6
4
1
4
3
2
6
6
4
4
7
6
6
4
3
2
2
5
7
4
6
6
2
3
3
6
6
3
6
2
4
3
8
4
8
4
4
6
4
6
8
8
4
8
6
4
4
6
6
4
4
8
6
6
6
6
8
6
4
8
6
4
4
6
6
6
6
6
6
6
8
8
4
6
6
8
8
4
6
4
6
4
8
8
6
6
8
8
6
6
4
4
10
4
4
6
6
4
8
5
4
6
4
6
8
4
4
4
6
8
4
12
4
4
10
4
8
10
6
4
8
4
4
4
8
8
4
6
4
12
6
6
10
6
6
4
6
6
4
4
4
6
4
6
6
8
4
6
4
8
6
8
8
8
4
4
8
4
4
6
8
6
6
6
6
6
4
4
6
4
6
4
8
8
6
5
6
4
4
4
8
4
10
6
4
4
5
6
22
8
4
6
4
8
12
6
6
8
4
8
8
10
6
8
8
4
10
6
4
8
4
4
6
20
12
8
4
6
6
6
6
6
6
6
4
10
4
6
6
8
8
8
4
6
6
8
6
4
4
8
4
6
6
6
22
6
8
8
8
4
8
8
6
6
6
6
4
6
6
6
4
6
4
4
6
6
8
4
6
8
4
4
6
6
8
6
6
8
6
6
6
6
6
4
4
6
6
8
4
6
6
6
6
6
6
8
4
6
6
4
4
8
6
6
4
6
6
10
8
8
6
6
4
6
8
6
4
6
6
6
4
6
8
14
51
70
0
56
73
64
0
0
0
0
0
37
0
46
0
53
69
54
0
73
2
2
2
64
0
3
0
0
67
5
0
0
89
0
53
4
0
37
67
0
47
0
67
0
0
4
47
74
48
65
41
68
0
16
52
0
0
66
52
0
0
53
2
0
0
0
0
2
0
28
0
0
20
24
90
3
0
1
0
10
63
39
25
76
0
84
3
76
72
0
45
70
0
19
52
55
77
43
73
0
0
0
56
0
2
87
60
60
41
0
4
65
41
66
0
0
74
0
0
0
68
75
0
0
42
0
0
0
2
2
63
0
33
5
4
55
29
0
0
84
2
2
0
2
0
2
82
0
73
0
0
2
0
58
0
56
46
54
0
47
26
0
2
2
0
57
0
0
58
2
0
38
0
39
2
2
74
0
37
90
0
67
0
14
0
0
0
0
2
2
0
67
0
0
0
0
0
0
2
0
2
0
0
0
0
0
0
73
14
0
0
12
61
0
0
0
83
0
87
65
2
61
2
54
0
64
48
42
73
0
31
0
1
63
0
71
65
12
0
2
73
0
0
39
14
2
65
60
54
12
0
68
0
78
0
0
48
24
0
0
4
0
58
51
67
14
0
0
55
5
51
5
0
73
3
60
2
5
57
40
4
57
87
2
68
45
10
0
5
5
0
5
7
5
12
0
7
0
4
0
5
6
4
0
5
6
0
0
7
9
9
0
3
5
15
0
6
0
16
0
7
3
0
0
4
0
7
0
9
0
9
0
7
6
7
8
6
0
6
0
5
0
5
0
7
0
7
5
4
0
3
0
7
0
5
3
6
0
5
0
4
5
7
0
0
12
2
0
0
5
7
0
0
7
14
0
0
11
9
0
0
9
14
0
0
6
4
0
0
7
4
0
0
5
4
0
0
5
11
0
0
7
8
0
0
14
6
5
0
0
0
0
0
4
6
0
0
0
2
0
8
4
0
0
0
4
9
0
0
0
0
0
0
0
0
0
0
0
0
2
5
0
0
0
0
0
14
0
3
2
0
10
0
4
2
0
3
5
2
3
7
5
0
0
0
0
0
0
0
0
4
0
0
5
0
0
0
0
0
2
0
0
2
3
0
0
6
7
0
0
3
4
0
0
2
0
2
14
0
0
6
6
0
3
0
12
0
5
0
5
10
6
0
1
0
8
0
5
0
7
0
2
5
10
0
0
11
3
0
0
13
11
0
0
10
12
0
0
3
5
0
0
5
21
18
0
10
8
3
0
3
3
0
0
17
9
0
0
9
7
0
0
7
21
0
3
3
3
0
0
9
0
6
0
23
5
3
1
3
0
3
5
9
1
1
0
7
5
9
13
1
1
0
11
1
1
11
5
1
1
9
5
1
1
3
7
7
5
1
0
3
3
5
7
3
1
3
7
7
9
3
1
5
9
11
1
5
7
3
3
5
9
3
1
0
11
9
0
1
3
9
7
1
7
9
9
1
1
3
7
7
1
1
5
3
1
1
11
5
1
1
3
17
9
1
1
9
3
3
3
3
11
5
9
1
3
0
7
1
3
11
13
9
1
0
11
9
7
3
0
0
5
3
3
3
7
0
1
3
0
7
5
9
1
1
5
9
7
3
1
1
1
5
0
1
11
11
9
5
0
1
9
11
13
1
1
5
3
7
5
3
1
11
5
9
3
3
5
5
9
9
0
1
9
0
11
1
5
11
5
7
1
1
1
7
7
9
5
7
0
5
3
5
17
11
7
5
5
5
7
1
5
5
1
0
5
1
7
1
9
7
0
1
5
9
5
0
5
1
1
1
7
9
1
1
5
7
9
5
1
1
1
0
0
11
7
7
7
1
11
11
7
1
1
5
3
3
1
1
5
7
5
7
1
3
1
7
7
1
3
3
11
3
9
1
0
23
9
7
1
7
3
13
12
5
1
3
7
11
5
0
1
0
13
9
7
0
0
20
1
3
3
5
1
73
56
57
41
94
93
49
71
95
34
92
92
66
59
58
65
63
95
55
92
59
43
91
84
59
42
58
62
70
95
48
96
59
45
55
87
85
96
58
94
97
87
33
67
61
59
63
88
94
89
90
85
86
61
43
86
65
59
86
95
92
90
37
79
67
90
43
89
52
57
75
92
70
70
41
78
71
89
54
56
73
59
92
85
92
93
62
70
92
84
39
85
89
45
54
52
86
82
68
80
74
64
41
88
55
41
57
72
65
63
91
71
84
81
36
60
82
36
49
86
81
76
82
68
78
82
65
53
57
47
58
58
53
43
65
75
67
77
43
57
63
35
57
59
82
78
90
87
81
69
41
67
81
58
58
76
92
71
79
78
92
71
48
92
91
59
57
76
92
90
73
58
47
67
33
71
65
47
56
89
91
70
96
60
97
95
33
51
92
57
72
92
75
93
90
53
87
92
32
80
57
47
59
67
69
95
90
90
96
95
41
48
59
61
69
79
55
64
66
96
70
69
61
95
61
59
72
96
61
53
38
54
61
94
46
89
92
68
93
93
63
92
92
44
82
63
59
65
72
49
91
64
92
69
68
59
67
56
38
78
92
64
93
59
88
61
53
53
95
63
57
68
41
57
70
54
61
44
86
92
61
95
45
58
59
49
57
57
0
4
19
0
6
0
0
4
0
2
2
0
4
2
4
2
4
0
39
6
2
6
0
4
6
2
4
25
6
4
4
23
0
4
0
6
4
4
4
8
6
2
2
2
8
4
0
2
2
2
4
4
4
4
2
6
4
2
0
6
4
2
4
4
2
2
0
0
2
2
6
0
4
0
4
2
4
4
6
19
4
4
2
0
0
4
4
0
0
23
2
2
2
2
2
0
6
4
2
4
2
4
0
4
2
2
2
2
2
2
2
4
2
2
2
0
6
4
2
2
4
4
0
4
6
4
6
4
4
2
4
0
6
2
2
6
2
0
0
4
2
2
6
2
2
6
2
4
2
2
0
0
6
4
2
2
0
2
4
0
4
2
4
0
4
0
6
4
4
4
4
0
2
4
2
4
4
2
2
4
0
4
4
2
6
6
2
4
2
2
19
0
4
4
0
4
2
0
4
2
2
4
4
2
2
4
4
2
2
2
2
6
2
6
2
0
4
2
0
2
4
2
4
0
20
0
2
6
2
4
0
2
8
6
6
4
8
0
6
2
8
6
2
6
2
6
14
2
2
4
4
4
4
2
4
2
0
2
0
4
2
4
2
21
0
0
4
0
6
2
0
2
2
2
2
4
6
2
2
2
2
0
2
2
4
4
4
2
2
6
14
6
12
12
12
6
4
4
4
16
6
6
4
2
12
2
6
8
4
10
6
6
8
2
6
10
4
6
6
4
4
4
14
10
4
4
4
4
10
12
2
8
4
18
12
6
10
12
4
4
6
6
4
8
2
2
2
10
4
6
6
4
12
16
6
6
4
4
8
6
6
4
4
12
6
8
6
6
6
10
6
4
6
4
14
12
4
4
10
21
2
4
6
8
16
18
2
20
8
6
6
14
12
6
4
6
4
2
22
20
2
8
4
6
8
12
16
4
4
2
16
2
4
4
4
6
2
6
2
16
8
4
10
4
2
2
8
6
6
12
20
16
6
6
16
4
4
2
6
12
4
4
4
10
16
8
8
6
2
8
4
14
6
6
6
12
6
4
4
4
10
20
2
4
4
4
6
4
14
10
2
4
12
10
6
8
6
4
10
2
6
4
10
6
4
10
6
4
6
6
10
4
4
8
4
8
6
2
4
6
4
10
12
6
8
10
4
6
4
4
8
8
16
10
4
6
4
6
4
4
4
2
6
8
2
4
4
6
6
8
8
4
8
16
4
4
8
10
4
4
4
16
4
10
2
4
12
2
4
2
8
16
10
4
4
4
12
12
8
14
14
4
6
4
14
14
4
10
12
22
4
2
4
4
14
14
36
54
34
46
43
64
48
44
49
47
46
44
46
29
25
43
35
47
46
42
62
54
51
58
46
51
52
57
63
38
52
53
47
54
40
54
44
60
41
62
46
40
41
51
40
51
37
30
54
63
45
58
44
34
48
45
45
49
46
43
59
46
44
51
51
53
37
31
57
31
41
60
42
30
46
36
51
59
50
42
38
39
58
48
51
49
47
49
47
61
46
59
44
32
35
48
52
43
59
59
61
49
38
61
49
39
54
45
53
24
47
44
50
61
58
50
60
63
39
45
38
50
60
51
30
45
58
38
48
35
33
51
26
54
57
48
54
26
52
42
42
52
52
30
39
52
45
40
43
56
53
48
56
34
41
51
58
42
48
51
48
26
45
50
46
47
55
46
51
49
47
36
46
41
45
43
53
45
41
45
55
58
53
38
51
56
49
52
27
63
40
29
42
28
56
62
50
57
56
45
47
55
30
36
53
64
45
56
39
44
49
39
46
54
60
57
54
53
46
51
33
23
47
31
33
48
47
50
25
33
26
36
42
41
42
35
35
37
42
34
34
42
44
33
42
43
39
44
31
23
34
25
30
35
49
27
30
33
29
40
32
29
26
38
32
22
29
43
36
33
38
33
31
35
42
37
24
29
11
35
31
31
20
19
30
37
36
40
4
6
2
3
5
5
4
6
6
6
4
2
4
2
4
4
4
6
4
4
2
4
0
0
6
7
2
4
2
6
4
2
4
8
0
0
4
2
4
0
6
5
6
7
6
4
0
0
0
2
4
3
5
4
4
4
4
5
0
0
4
4
7
5
4
2
4
3
0
4
0
2
4
4
4
4
4
4
4
2
2
6
0
0
4
2
4
4
7
6
4
4
4
4
0
0
4
4
2
2
3
4
4
6
4
0
0
0
6
2
6
4
6
5
2
4
2
2
0
0
2
4
4
4
6
2
4
3
4
4
0
0
0
6
4
8
4
4
3
4
5
2
0
0
6
2
2
8
4
4
2
6
0
2
0
0
2
4
4
5
4
4
4
2
2
2
0
4
4
2
4
2
4
4
4
4
0
4
0
0
4
4
4
2
6
4
2
4
4
4
0
0
3
4
2
4
2
5
6
2
2
4
0
0
2
0
4
2
5
5
4
5
2
4
0
2
2
4
2
6
2
6
2
8
2
4
0
0
6
2
7
4
4
2
2
4
0
4
0
4
2
4
4
6
4
4
6
7
0
0
0
0
0
0
0
0
0
0
2
0
0
0
0
0
0
0
0
0
0
0
0
0
2
4
0
5
4
0
2
0
0
0
4
2
4
6
4
6
