94
95
79
66
81
57
79
38
83
88
71
76
63
81
81
74
88
96
90
69
81
97
65
87
65
78
79
91
67
79
93
91
64
94
90
92
58
76
53
88
64
92
92
48
96
96
94
29
82
79
98
95
49
61
94
91
96
77
93
61
87
65
86
98
15
60
62
88
92
92
79
92
90
98
92
82
50
78
93
88
85
81
65
86
42
87
80
36
27
37
43
67
73
60
94
86
59
59
27
69
55
29
94
82
63
92
92
92
80
65
96
88
40
68
78
94
94
48
78
67
69
88
65
78
58
66
95
88
76
73
69
91
95
94
79
92
50
92
79
82
95
91
96
73
95
42
95
88
72
88
71
78
80
95
92
93
84
33
84
82
90
81
86
84
50
44
78
35
52
82
88
63
94
73
94
96
86
81
84
82
89
23
95
96
38
88
96
97
67
87
54
48
48
79
92
44
88
71
88
87
92
88
48
82
63
60
90
88
87
33
81
79
77
83
75
79
69
67
98
90
46
94
94
88
79
96
80
47
78
60
75
98
78
70
90
79
80
88
55
80
94
96
83
98
42
82
82
29
81
84
98
96
92
69
79
82
92
96
66
30
60
92
96
96
77
85
78
92
56
78
82
79
94
77
84
80
78
83
82
95
24
94
96
34
93
96
80
58
2
0
0
6
4
2
0
2
2
2
4
0
0
2
0
2
0
2
0
0
2
2
0
2
0
0
2
2
2
0
0
0
0
2
0
2
2
0
0
2
2
0
0
0
0
2
2
4
2
0
2
0
2
2
0
2
0
2
2
2
0
0
2
4
2
4
0
0
0
0
0
2
0
0
0
2
0
0
2
0
0
2
2
2
0
4
2
2
0
0
0
2
0
0
4
0
6
0
6
2
0
2
0
2
0
2
0
0
2
0
0
69
0
0
2
0
2
0
0
0
0
0
2
0
6
0
2
0
0
2
0
4
0
0
2
2
4
0
0
2
2
4
0
0
2
2
0
2
2
6
2
0
2
0
0
2
0
0
6
0
0
0
2
0
0
0
2
2
0
0
0
0
4
4
2
0
0
2
4
0
0
0
4
2
0
0
0
2
4
2
0
0
0
0
2
2
4
2
0
2
2
4
2
2
2
0
4
2
2
0
2
0
6
2
4
0
2
0
0
6
0
4
2
2
2
4
2
0
2
0
2
2
2
0
4
2
2
4
2
2
2
2
6
2
0
0
2
2
2
0
2
0
0
0
2
0
0
2
2
2
6
2
2
2
0
2
4
4
2
0
2
0
2
2
0
0
2
0
2
4
4
2
2
0
4
4
2
4
80
4
8
8
4
18
6
14
6
6
14
20
10
6
10
8
2
12
10
12
8
4
10
6
10
8
4
6
8
8
4
20
6
4
6
10
16
6
6
8
10
27
8
16
16
6
12
6
6
8
6
4
2
6
6
8
6
6
2
12
12
8
4
8
4
10
12
10
12
8
16
8
12
6
6
8
12
6
18
10
41
6
8
4
8
4
8
10
6
10
6
8
8
12
8
4
6
10
6
10
4
8
8
4
29
14
16
8
8
4
8
14
10
8
6
12
12
10
8
6
6
12
6
4
8
12
10
6
12
6
8
8
12
14
14
14
6
24
6
12
16
10
16
12
12
16
20
4
8
4
10
8
8
6
8
4
10
12
10
14
10
10
8
10
8
8
12
12
6
10
10
6
6
8
12
8
6
6
10
8
8
6
14
8
12
12
6
4
2
8
4
22
10
16
16
10
10
10
12
12
14
18
10
14
12
10
12
10
4
12
10
6
4
6
12
16
10
16
8
8
10
6
6
6
6
25
8
10
10
8
8
6
8
12
8
8
8
6
8
12
10
10
10
6
6
8
4
6
6
2
8
8
8
6
10
6
6
2
2
4
2
0
2
4
4
4
6
2
6
4
4
0
2
2
2
2
2
4
2
25
4
0
4
4
4
2
4
2
5
6
4
4
0
1
5
2
2
6
0
1
2
1
6
7
2
2
5
5
0
7
1
1
3
8
3
5
4
4
2
3
6
1
2
2
1
2
5
3
2
2
2
2
0
0
6
7
9
7
2
7
4
3
4
1
4
5
6
1
2
2
7
1
5
4
6
5
4
1
0
6
1
4
4
0
6
7
8
6
6
4
6
0
2
1
6
4
0
6
2
6
2
6
1
2
6
7
1
4
4
5
3
2
6
4
1
5
7
4
5
1
6
6
6
6
2
0
6
6
1
7
3
2
0
5
7
5
2
4
2
0
6
3
8
5
6
7
0
1
4
1
6
4
1
4
6
6
7
6
7
2
4
3
1
1
4
2
3
0
4
4
1
6
0
1
1
1
1
0
0
2
0
0
0
1
1
1
1
0
1
0
1
2
0
1
0
0
0
2
0
2
0
0
1
0
0
0
0
1
1
0
1
0
0
2
0
1
1
1
3
1
0
1
0
0
0
1
2
0
3
0
0
0
0
4
1
0
0
1
0
0
1
1
1
0
1
0
3
1
0
0
2
0
1
1
0
3
1
1
2
1
1
0
0
2
0
0
1
1
1
1
0
0
0
1
1
2
0
0
1
2
0
0
0
0
0
1
1
0
1
0
2
1
1
0
0
0
0
0
0
0
0
0
0
0
0
0
0
0
0
0
0
0
0
0
0
0
0
0
0
0
0
0
0
0
0
0
0
0
0
0
0
0
0
0
0
0
0
0
6
10
7
15
7
5
17
9
12
14
11
13
15
10
12
12
15
6
14
11
10
9
9
6
8
6
8
13
13
5
7
6
9
11
15
7
6
20
8
13
8
15
11
12
8
8
4
0
9
16
16
9
6
13
7
15
7
6
43
16
12
14
11
8
9
11
11
12
12
9
7
10
5
10
7
11
16
14
14
10
13
16
8
13
22
9
18
10
6
9
12
20
9
10
6
10
9
8
5
12
16
14
9
19
13
8
18
5
14
10
8
20
10
16
10
32
14
14
15
12
9
5
6
32
7
11
8
13
10
13
58
8
9
9
8
10
10
18
13
10
19
12
10
13
6
9
13
12
14
22
10
3
19
13
3
11
7
11
13
15
15
11
10
31
16
6
15
15
6
9
10
7
7
12
13
8
11
9
19
11
13
22
20
19
6
17
14
19
14
9
8
7
14
32
10
7
9
15
33
12
9
31
8
7
5
14
17
15
5
7
21
8
12
18
15
7
6
12
7
10
6
16
22
0
0
0
0
0
0
0
0
0
0
0
0
0
0
0
0
0
0
0
0
0
0
0
19
20
19
16
19
20
17
19
18
19
19
19
19
18
19
18
19
19
19
17
19
19
18
15
17
18
19
19
19
19
18
17
18
19
19
19
19
18
18
19
19
19
16
18
18
19
19
14
19
19
19
18
17
19
19
19
18
19
19
19
17
17
18
19
20
19
16
19
19
19
19
17
18
19
19
19
18
19
15
19
19
17
19
19
16
19
16
19
19
19
16
17
19
20
19
17
13
19
20
19
19
13
19
19
19
19
19
15
17
19
19
19
18
18
19
19
18
20
19
19
19
19
19
19
19
18
18
18
20
19
19
18
19
18
19
19
19
19
19
19
18
18
18
20
19
19
17
19
17
19
19
18
19
18
20
15
10
17
19
17
17
16
18
19
20
19
15
19
17
19
19
17
18
18
17
17
18
19
19
18
19
19
19
19
17
20
15
18
18
18
19
15
18
19
19
19
16
18
16
20
19
19
19
18
18
17
19
18
19
17
18
19
19
17
19
19
19
19
19
18
16
18
19
18
18
17
18
20
18
19
17
16
19
20
19
16
17
17
18
18
18
19
18
19
19
18
18
19
18
19
18
19
18
18
19
19
19
19
18
18
18
18
17
17
19
18
19
19
20
19
18
18
19
18
19
20
14
19
18
19
19
19
19
19
19
19
19
20
12
9
7
13
4
11
22
56
21
9
21
47
15
13
22
9
6
22
9
29
8
20
10
25
13
13
12
43
7
11
19
17
5
19
7
7
9
9
6
16
18
5
7
7
2
26
24
7
19
16
9
11
9
7
9
22
17
7
13
30
15
47
15
6
11
11
7
9
24
13
6
13
17
11
9
9
15
9
22
13
23
7
65
17
13
15
6
18
4
11
7
6
5
7
7
9
9
4
2
6
7
4
7
7
2
8
5
9
9
4
11
9
15
9
13
16
38
11
14
11
13
11
4
22
2
6
22
11
11
9
13
11
20
17
9
17
11
19
7
10
13
14
17
20
7
9
9
17
14
8
7
15
8
13
9
17
13
10
20
14
11
22
15
4
16
5
18
28
13
15
58
5
6
7
11
9
4
13
21
15
8
11
11
7
9
14
11
13
18
16
9
8
12
7
17
13
11
19
20
17
9
19
17
19
13
20
26
13
7
15
11
21
9
19
7
5
13
11
13
18
22
6
11
15
16
13
17
28
25
6
7
2
0
5
15
5
9
22
9
21
11
13
10
7
2
11
10
13
17
17
15
13
22
11
12
4
18
34
13
22
21
9
22
23
11
12
18
12
37
15
22
5
28
34
6
16
0
6
14
15
14
2
13
7
10
17
9
9
30
3
9
11
13
15
9
11
70
9
15
21
11
10
12
10
5
22
13
18
11
11
19
11
11
17
9
8
13
13
21
11
9
11
25
9
8
9
8
7
5
11
9
8
11
21
12
7
12
13
8
9
17
11
23
18
11
15
17
9
14
11
10
11
11
11
16
9
13
11
9
19
5
7
9
11
12
14
23
11
16
24
25
9
32
7
9
5
16
9
14
9
19
16
7
11
7
15
15
19
16
25
14
9
11
9
9
19
15
13
18
27
22
9
43
14
13
16
17
18
24
9
30
10
17
15
7
0
15
19
30
23
15
16
14
7
19
9
15
10
14
25
18
78
7
15
23
9
5
28
9
25
16
16
14
28
13
10
12
25
36
9
28
25
10
25
20
19
26
11
16
30
7
31
32
28
7
32
39
19
17
31
30
32
34
22
26
25
17
14
24
20
14
16
19
17
11
12
20
21
22
20
18
10
40
27
21
63
74
9
21
8
28
11
19
9
17
56
20
7
16
0
24
9
19
16
9
25
17
14
9
28
11
17
11
19
36
27
8
7
15
16
9
22
17
9
7
9
13
14
19
24
17
17
16
13
9
20
11
20
22
11
9
18
12
7
5
21
7
11
11
18
16
26
12
9
19
5
7
7
5
13
9
5
3
9
7
9
2
2
0
0
0
3
6
0
2
2
2
2
4
4
2
4
6
6
0
4
4
4
4
0
6
6
2
0
4
0
6
4
4
2
2
0
2
2
2
2
0
0
2
4
15
6
2
2
2
12
14
0
2
4
2
2
2
2
0
2
0
0
2
2
0
0
2
2
0
4
2
0
2
6
2
0
2
4
2
2
2
2
2
2
2
0
2
2
0
0
12
9
0
0
2
0
2
0
2
2
2
2
2
2
2
0
2
2
4
10
4
0
2
0
4
4
2
11
4
0
2
2
2
0
0
0
3
4
2
4
4
2
2
4
7
0
2
5
7
8
4
12
2
2
2
2
2
0
0
0
2
0
6
2
0
2
2
4
4
0
2
0
2
5
7
7
0
8
6
2
2
2
0
0
0
2
4
8
4
4
0
0
2
0
0
0
0
2
4
10
4
0
0
0
2
2
4
2
0
2
4
2
2
2
0
2
0
0
2
0
2
2
2
2
3
4
2
4
2
0
0
0
4
2
2
2
2
4
2
0
2
2
2
6
0
0
4
4
0
2
0
0
4
0
0
2
6
2
2
2
0
2
0
2
2
6
0
0
6
0
2
0
2
2
4
2
2
2
0
6
0
4
2
2
4
2
2
0
2
0
2
0
2
4
2
2
0
0
0
0
0
0
2
2
2
0
2
0
0
0
0
2
0
2
0
0
0
0
0
2
0
0
0
0
2
0
0
0
0
2
0
2
2
0
0
2
0
0
0
0
2
4
0
4
0
2
2
0
0
0
2
2
2
0
0
2
4
2
0
2
2
2
2
2
4
0
2
0
2
2
2
0
0
0
2
2
8
0
0
2
0
2
0
4
0
2
0
2
2
0
2
2
2
0
2
2
0
0
2
2
0
0
2
2
0
0
4
0
0
2
2
0
0
2
0
2
2
0
2
0
0
0
2
0
2
2
2
2
2
0
0
2
0
0
0
2
0
2
0
0
0
2
2
2
0
0
2
2
2
0
2
0
2
0
0
2
0
2
2
2
2
0
2
2
2
2
0
2
0
2
2
0
2
0
2
0
0
4
0
0
2
6
0
4
2
0
2
0
2
2
2
2
0
2
0
2
0
0
2
2
0
2
2
2
2
2
2
0
2
2
0
4
1
0
0
0
2
2
0
0
0
2
0
2
0
2
0
2
2
2
0
2
2
2
0
2
0
0
2
2
2
0
0
4
0
2
0
0
0
2
2
0
2
2
0
2
0
4
0
2
0
0
0
2
0
0
0
0
0
2
2
0
2
2
0
0
0
0
0
0
0
0
2
0
2
0
