13
19
17
13
13
7
15
15
17
15
15
21
15
15
29
15
11
21
15
17
13
21
13
13
15
13
13
13
15
17
31
15
13
13
17
13
15
17
13
13
5
15
13
13
23
13
13
15
5
11
15
13
15
13
15
13
15
17
15
15
17
13
15
17
13
15
11
15
13
15
13
2
21
23
11
13
13
17
23
15
13
17
15
11
21
15
15
15
17
19
15
15
11
11
23
15
15
11
15
13
13
29
13
15
11
11
13
15
13
9
15
15
13
13
17
15
15
15
15
17
15
15
19
19
15
15
9
19
13
13
13
13
11
15
13
13
15
15
11
11
19
19
13
15
15
13
15
15
13
17
15
13
13
13
13
33
13
13
15
13
19
15
11
29
17
15
15
15
13
13
15
11
23
15
15
13
13
25
15
13
13
15
11
13
15
13
15
35
9
15
15
13
19
13
11
13
13
15
13
17
13
17
13
11
17
21
19
25
33
11
11
27
13
11
19
11
17
9
21
13
15
17
15
13
11
15
23
13
19
13
13
7
15
17
15
11
15
13
15
11
11
11
15
15
15
17
13
15
17
13
15
15
15
17
19
17
11
13
13
15
15
13
13
15
13
11
11
13
13
9
15
23
15
13
17
9
11
11
15
15
13
13
15
15
17
15
15
13
4
6
6
5
6
5
6
4
8
6
6
6
6
2
4
6
6
6
6
6
6
7
5
0
4
0
6
5
6
6
6
5
6
6
8
8
5
6
6
5
6
6
0
6
6
6
5
8
6
7
6
6
6
6
6
6
6
6
6
3
6
2
4
4
6
6
6
6
7
5
6
4
5
0
6
5
6
6
5
4
5
6
6
6
5
5
6
6
5
6
4
6
4
6
4
2
6
0
8
5
8
6
6
6
6
7
5
6
8
6
6
6
6
5
5
4
6
5
7
5
6
6
5
5
6
7
5
5
6
5
6
4
8
6
5
6
6
6
6
5
6
6
5
6
8
0
6
2
6
4
6
8
8
7
8
4
5
5
7
6
6
6
6
6
6
6
6
4
7
6
6
8
6
4
6
5
6
6
6
6
6
6
6
6
6
6
6
8
6
5
6
6
8
6
6
6
6
6
6
6
4
4
5
8
6
5
5
5
7
8
6
6
5
6
5
4
8
6
6
6
3
6
8
5
6
4
6
5
5
6
0
5
6
5
4
6
5
6
6
6
6
6
6
5
0
6
6
6
6
7
6
6
6
0
6
8
6
6
6
6
5
6
6
6
6
2
6
6
6
6
5
6
6
6
6
6
5
6
6
5
4
6
3
6
5
6
5
6
0
2
2
4
0
9
11
0
0
2
0
2
2
2
2
0
0
0
0
0
0
2
2
2
2
0
4
0
2
0
2
0
0
3
2
0
0
0
7
2
0
0
0
0
9
0
2
2
0
0
0
2
2
0
0
2
0
2
2
0
0
0
2
2
0
0
2
2
2
0
2
2
0
0
2
0
2
0
2
4
0
2
2
2
2
2
2
4
2
4
2
0
0
7
0
2
2
0
2
2
0
4
0
0
2
0
0
0
2
0
0
0
2
2
2
0
0
2
2
0
0
4
2
2
0
0
4
0
0
2
2
0
0
2
0
4
2
0
0
2
2
2
0
4
2
2
0
0
0
0
0
0
9
2
4
0
7
0
2
0
2
0
13
2
0
2
0
2
4
0
0
0
4
2
0
0
4
2
2
2
4
4
2
4
2
2
0
0
0
13
0
0
0
2
0
0
2
11
0
8
7
0
2
4
0
2
0
0
2
2
0
2
0
2
2
4
2
0
2
2
0
2
0
0
0
0
2
0
0
2
0
0
0
2
0
0
4
2
2
2
0
0
0
0
0
0
0
2
0
4
2
2
2
0
2
0
4
0
0
0
2
2
2
2
2
2
0
2
2
4
0
0
0
2
2
0
2
0
2
2
0
0
4
0
0
2
0
0
18
47
15
24
17
15
17
13
20
15
19
13
25
24
38
21
17
13
24
34
24
20
22
49
22
26
25
16
19
25
15
15
13
17
23
22
39
15
17
13
15
28
34
12
24
19
21
24
15
31
17
28
39
28
25
32
28
21
30
17
38
28
44
13
23
45
24
34
72
21
20
31
19
28
42
21
19
19
23
15
15
15
19
26
38
48
26
17
54
21
28
11
29
19
29
32
21
25
9
24
15
32
34
38
21
46
21
30
19
28
29
26
39
21
25
26
47
49
26
55
44
36
76
80
28
59
72
28
56
24
65
29
11
17
42
33
34
48
28
15
66
19
39
19
18
22
20
31
57
32
30
22
22
37
24
50
9
28
34
44
18
24
11
21
22
39
23
21
15
15
22
15
21
65
57
57
23
19
25
17
30
13
15
24
46
13
35
44
22
17
27
38
23
30
57
15
42
79
11
22
28
24
21
38
18
36
36
31
53
19
47
46
34
19
51
15
17
20
28
45
36
30
39
23
45
40
18
30
16
26
25
25
17
18
20
17
26
28
32
30
28
22
25
17
34
20
28
25
21
21
26
36
23
23
13
11
28
46
30
34
9
21
43
22
24
19
12
75
19
21
9
23
20
25
29
15
42
78
18
21
15
26
26
22
17
15
64
11
2
2
13
4
17
0
0
15
17
4
2
2
11
15
5
4
2
15
17
15
4
3
9
11
9
4
5
4
11
11
7
4
0
15
17
11
2
1
11
11
13
3
2
11
13
7
4
6
15
19
11
4
3
21
13
13
2
3
19
15
17
4
0
9
13
15
2
4
2
9
13
2
4
11
13
21
2
6
11
15
15
9
3
9
11
13
2
0
13
11
5
2
4
5
9
5
3
4
13
9
15
2
4
9
15
9
4
1
23
11
25
2
0
4
15
13
2
3
4
17
11
2
3
2
17
15
13
2
2
21
11
13
4
1
13
25
4
0
15
9
13
4
2
5
25
11
13
4
0
19
13
4
2
21
19
7
4
2
17
13
11
9
0
2
17
19
4
5
3
11
5
7
2
2
15
9
4
2
1
21
15
13
4
4
21
11
15
2
4
13
9
13
2
4
9
13
11
2
4
13
7
5
6
2
13
17
13
2
2
9
11
2
4
4
9
21
3
3
1
9
15
2
1
4
7
13
4
2
0
23
15
9
3
1
13
13
15
2
0
2
15
11
0
0
0
15
17
2
2
17
13
9
2
4
4
19
15
5
0
11
17
13
4
2
2
15
15
5
5
7
13
13
19
4
3
15
7
15
2
6
4
13
5
2
4
7
13
27
8
6
6
4
10
6
6
6
8
6
8
6
6
4
6
12
8
4
10
6
4
10
14
8
4
6
8
12
6
4
6
8
12
8
4
6
6
6
4
6
6
4
10
10
8
6
10
6
8
11
12
6
9
6
3
6
10
4
4
4
8
4
6
6
6
8
10
6
6
8
8
6
10
4
2
8
7
8
8
6
6
10
4
8
6
8
34
13
6
12
6
8
10
6
6
6
8
16
4
8
12
6
6
7
4
6
6
22
6
11
13
6
6
6
10
16
6
8
6
8
8
6
8
12
4
4
10
10
8
6
6
10
6
4
6
11
8
10
6
12
19
17
8
4
17
8
8
4
7
8
6
6
6
8
4
6
6
4
4
19
4
4
11
8
6
12
9
6
6
6
4
2
8
10
7
15
4
12
10
6
6
8
6
6
4
6
6
4
6
6
4
8
6
7
8
4
8
10
4
2
6
10
8
8
4
10
10
4
10
8
2
2
4
2
2
6
6
6
4
4
8
6
9
6
6
4
6
6
4
8
6
4
8
8
4
2
8
6
6
4
8
8
2
14
14
10
10
16
10
9
6
2
6
10
4
4
17
4
4
4
6
6
4
2
8
4
4
2
6
4
8
4
4
6
6
6
6
8
8
4
4
4
6
8
4
2
6
4
7
7
11
13
9
17
13
7
7
10
13
10
9
9
6
7
17
6
11
9
4
6
8
15
8
6
15
6
13
8
13
14
7
15
13
13
24
13
9
15
15
23
9
12
15
21
13
15
22
11
15
9
13
13
19
8
15
17
15
15
17
7
12
13
13
11
10
7
17
15
17
13
17
23
9
19
21
16
23
7
19
8
6
7
9
19
9
7
27
23
21
14
20
9
15
9
13
11
15
11
9
21
25
15
5
20
26
23
11
26
9
8
25
11
13
21
20
8
21
23
23
15
17
11
11
23
54
9
18
14
13
15
15
25
11
19
11
11
17
14
19
18
17
15
14
17
11
11
23
11
11
13
23
18
19
22
24
26
8
15
15
10
28
24
13
8
7
49
4
14
9
11
17
15
21
17
21
13
20
13
27
6
15
23
17
20
7
19
9
9
27
11
15
28
19
15
10
10
13
13
22
9
17
11
17
10
23
15
30
7
19
15
7
13
9
22
19
23
8
11
11
9
13
11
15
19
16
15
13
7
15
10
12
13
11
11
9
13
8
11
16
7
11
13
13
13
9
13
15
11
8
5
14
11
9
6
9
10
9
15
8
4
15
9
21
10
10
7
10
17
23
10
9
9
17
9
8
4
15
15
7
8
11
13
8
9
13
9
13
7
9
7
7
11
7
5
7
9
11
3
7
9
11
7
7
11
11
1
7
11
9
7
5
5
7
9
7
9
5
7
7
9
9
7
7
9
5
9
7
11
5
5
5
7
5
9
7
9
5
9
7
5
9
7
5
1
5
11
5
5
7
7
9
3
7
7
7
7
7
13
11
9
9
11
9
7
7
13
9
9
3
9
5
9
11
9
3
11
7
11
11
11
11
1
7
7
13
1
9
9
7
7
11
7
7
9
5
7
11
13
11
7
7
9
3
9
5
5
5
9
11
11
7
9
5
15
11
7
9
3
3
7
11
5
7
7
9
9
7
1
3
9
11
9
11
5
11
9
5
1
1
9
9
7
13
7
7
7
13
9
9
9
5
5
5
5
9
11
11
11
7
12
5
5
13
9
7
9
9
7
11
7
9
9
9
9
9
9
7
9
9
13
7
3
7
5
7
9
5
11
9
7
9
9
9
5
9
9
7
3
9
7
7
9
11
9
7
7
11
7
9
11
9
7
3
9
7
5
11
5
7
11
5
9
11
7
7
5
13
9
7
7
3
11
9
9
5
3
9
7
12
9
3
11
9
7
7
3
5
9
7
13
7
7
7
9
9
5
7
9
9
9
7
3
9
7
9
5
13
11
9
5
3
5
3
5
50
10
11
15
13
12
7
17
10
13
12
13
10
8
4
13
4
17
9
10
10
6
15
10
10
9
8
8
11
14
17
8
8
6
13
8
6
17
32
23
6
10
13
55
8
4
10
21
11
6
12
8
6
12
19
17
10
15
11
17
15
13
6
8
17
8
13
6
25
8
34
4
8
8
10
15
10
10
17
6
25
6
23
8
8
8
10
11
10
9
17
19
6
12
10
8
10
8
6
21
12
13
21
17
25
15
9
10
8
15
9
4
19
15
14
6
27
10
13
19
12
30
17
23
25
23
10
23
29
19
17
8
6
17
19
10
11
6
6
19
13
11
21
10
25
28
30
19
26
11
29
11
42
23
13
23
4
10
21
11
17
12
29
29
11
13
4
13
11
15
8
11
12
6
25
21
6
19
19
8
19
31
11
23
26
38
25
11
11
40
31
15
31
15
31
29
28
11
13
29
19
27
29
15
25
31
12
27
10
19
10
23
29
19
17
17
12
15
12
27
25
23
34
23
23
17
44
15
17
11
21
17
19
13
15
21
12
9
8
6
4
23
14
15
17
15
15
15
23
21
6
36
19
4
4
6
19
6
12
10
27
10
13
8
8
6
8
6
6
8
9
9
6
29
8
8
4
8
8
10
8
8
4
8
6
25
4
8
10
4
8
6
8
2
0
0
2
0
13
2
4
6
0
2
0
0
13
11
4
11
6
4
2
2
8
4
11
10
12
4
8
0
6
2
2
13
4
21
2
13
8
2
2
4
0
2
2
4
2
2
0
8
10
8
4
8
4
2
6
8
2
6
0
4
0
11
2
6
10
4
2
4
6
12
11
10
2
6
12
2
10
4
8
4
2
4
4
2
10
4
4
12
6
6
10
2
0
6
10
9
12
8
2
10
0
4
8
4
2
11
4
6
7
11
4
0
6
6
4
8
4
6
6
2
12
2
6
2
10
4
2
4
4
8
2
6
2
0
9
0
2
11
2
0
4
2
6
8
2
10
0
4
0
6
4
6
4
11
4
6
4
8
6
8
2
2
2
0
6
8
10
11
4
4
0
2
2
2
4
10
8
2
6
6
4
11
8
2
4
4
0
2
13
2
9
2
4
4
2
8
7
6
4
6
17
8
0
4
0
4
4
11
10
4
4
7
2
4
4
2
2
9
0
0
2
15
8
6
0
0
6
10
10
11
6
10
4
0
6
4
2
2
4
2
11
13
12
6
8
6
2
0
4
2
4
2
2
0
0
4
0
4
0
4
0
0
2
0
4
2
4
0
0
0
2
0
4
0
11
2
4
12
2
10
6
0
