0
3
0
8
3
3
9
0
0
5
3
3
0
0
7
1
5
3
0
1
0
1
1
0
1
0
1
7
1
3
7
3
1
5
0
1
1
0
0
1
1
1
7
1
0
3
0
1
1
5
5
1
7
11
1
1
11
10
1
3
3
1
3
0
1
0
1
3
46
3
1
1
1
1
3
1
1
1
0
3
1
3
45
1
3
5
3
9
3
3
3
0
48
0
1
1
3
7
0
3
3
3
1
0
1
3
5
1
5
1
1
3
0
3
1
7
3
1
3
3
3
5
6
0
1
3
0
3
44
1
0
9
1
1
1
5
5
5
1
0
1
1
0
0
5
0
0
5
3
1
1
0
0
0
5
0
1
1
0
5
0
0
5
5
1
6
1
3
1
3
0
7
5
1
3
1
0
1
1
0
0
1
3
0
0
1
3
5
0
0
3
6
5
1
1
1
5
0
1
3
1
1
3
5
5
3
0
3
0
3
3
0
0
0
1
3
3
0
0
1
0
7
0
0
0
1
0
1
5
7
0
6
0
5
3
3
0
1
5
3
3
1
3
3
3
5
1
1
1
3
3
5
3
3
1
1
3
5
3
1
1
1
3
1
1
1
1
1
9
5
0
0
0
57
3
0
66
1
0
5
9
1
3
5
0
0
3
5
19
19
19
19
19
19
20
20
19
19
19
19
20
20
19
19
19
19
20
19
19
19
19
19
19
19
19
19
19
19
20
19
19
19
19
19
19
19
19
19
20
20
20
20
19
19
19
20
20
19
19
19
19
19
20
20
19
20
19
19
19
20
19
19
19
19
19
20
19
19
19
19
19
20
20
19
20
19
19
19
19
19
20
19
20
17
19
19
19
18
19
20
20
19
19
19
20
19
19
19
19
19
20
20
20
20
19
19
19
19
19
19
19
19
19
19
19
20
20
19
20
19
20
19
19
20
19
20
20
19
19
19
20
20
20
20
19
20
20
19
19
19
19
19
19
19
19
19
19
18
19
19
19
20
20
19
19
19
20
20
19
18
19
19
19
19
19
18
19
19
20
19
20
19
19
20
20
19
19
19
20
19
19
20
20
18
19
19
20
20
20
19
19
20
17
20
20
19
19
19
19
19
19
19
19
20
19
19
19
18
19
19
19
19
19
19
19
19
19
18
19
19
19
19
19
19
19
19
20
19
18
19
19
19
19
19
19
19
19
18
20
20
18
19
19
19
19
19
19
19
18
19
20
19
19
17
19
19
19
19
19
19
19
19
19
19
19
20
20
19
19
19
20
19
19
20
19
19
19
19
20
19
19
19
20
17
19
19
0
11
4
6
14
12
6
17
27
4
27
35
17
12
19
17
8
12
21
8
14
14
13
4
12
8
8
25
11
18
14
13
4
12
17
4
21
6
14
12
17
15
12
6
10
4
12
6
0
6
6
6
2
8
23
6
14
23
13
8
8
2
14
6
14
8
17
12
17
6
10
19
10
10
8
25
14
8
6
12
17
12
12
10
21
14
15
8
10
8
8
14
12
15
19
15
14
29
4
17
29
8
6
12
8
4
8
21
16
12
12
10
6
5
12
31
13
27
13
25
16
10
11
21
8
8
14
17
25
8
8
8
4
19
4
8
27
6
18
8
8
14
12
6
4
9
13
31
12
12
16
8
6
14
6
4
6
14
10
10
15
19
10
16
13
13
21
30
21
6
6
31
29
27
15
16
6
16
11
33
8
34
23
8
25
31
6
25
19
17
8
8
13
13
4
8
19
8
28
19
10
23
15
12
19
20
19
8
16
19
14
19
14
8
9
16
23
12
10
12
13
12
13
12
4
11
15
7
6
7
19
21
4
14
10
14
12
13
12
29
10
8
8
6
6
10
8
17
13
8
8
10
4
4
2
16
2
6
2
6
6
10
2
2
2
2
4
6
0
0
2
8
6
2
4
4
2
0
6
0
2
2
2
4
0
2
2
0
6
13
10
8
8
12
13
8
10
13
8
4
13
13
4
4
4
12
10
4
11
10
10
10
10
12
13
12
6
10
6
6
6
8
11
10
10
6
6
8
12
6
8
6
6
12
17
11
11
8
6
11
11
12
13
11
17
8
6
8
8
8
10
10
12
11
6
17
8
8
12
10
6
2
11
12
10
8
8
8
11
10
11
17
8
11
10
6
8
13
11
2
6
6
11
10
10
8
8
10
8
8
10
10
12
17
8
8
10
15
8
10
4
10
12
17
6
13
11
8
46
8
10
13
8
8
8
11
17
8
10
8
13
15
6
10
19
13
10
9
9
8
10
11
13
13
17
15
4
6
15
11
8
8
23
17
8
12
23
6
27
15
19
17
19
12
19
17
6
29
12
17
13
4
11
21
21
10
12
12
21
17
10
17
15
11
10
6
23
21
11
21
19
21
21
19
11
13
17
28
25
10
21
10
12
10
11
10
13
13
25
8
23
15
12
17
13
8
9
8
10
11
6
11
17
8
8
12
10
11
8
13
15
4
8
11
6
6
6
4
11
15
13
8
8
15
8
8
6
10
11
6
6
11
6
6
10
11
13
6
13
8
10
8
6
11
8
8
15
8
10
11
10
15
15
11
13
6
52
8
8
6
4
6
6
10
9
6
6
8
2
12
6
10
4
2
6
12
4
6
14
4
2
10
16
12
6
6
12
6
4
8
6
2
6
10
8
8
4
8
8
6
8
8
25
10
10
10
6
0
10
2
8
6
10
10
8
12
6
4
6
16
6
6
6
2
4
4
10
14
8
8
37
6
10
10
8
29
4
6
4
12
16
4
16
0
4
6
10
8
16
10
10
2
10
6
10
10
10
2
8
6
8
8
12
16
8
12
12
8
16
12
6
10
16
12
6
8
6
21
6
10
14
15
12
8
8
4
14
11
8
17
12
12
13
12
6
11
11
17
12
8
14
10
11
16
11
10
12
10
10
21
20
12
13
17
16
10
6
10
6
6
10
6
10
12
6
2
18
6
14
10
21
10
8
10
21
6
16
10
12
17
4
14
6
17
13
25
15
12
13
10
14
8
8
27
21
12
12
17
14
14
17
23
10
12
23
16
12
17
21
10
12
31
21
8
12
12
12
6
8
14
6
20
15
16
17
4
6
10
21
29
17
8
13
27
15
23
6
8
21
17
12
19
10
21
19
21
8
18
12
10
16
12
8
17
17
17
9
4
4
12
13
14
10
6
8
19
6
15
14
8
14
13
19
4
8
7
6
14
10
21
16
10
8
14
14
25
13
12
8
8
13
10
4
14
1
0
0
4
1
0
0
1
20
3
0
1
15
1
1
1
3
1
2
1
0
0
0
25
0
0
1
1
1
0
6
21
0
3
15
16
0
0
3
1
0
1
0
3
0
0
15
0
1
3
0
3
0
3
2
0
3
1
1
1
0
5
15
0
0
3
1
0
7
0
1
0
1
0
2
0
27
1
4
15
19
0
4
1
15
2
1
0
2
1
0
1
16
2
0
4
21
0
0
0
3
3
4
1
24
0
0
1
2
0
0
1
3
1
1
24
1
3
1
9
0
3
1
9
1
0
0
14
4
0
1
0
0
2
20
3
2
1
0
7
2
3
1
0
1
4
25
1
3
3
25
1
0
1
17
3
2
15
0
1
1
8
0
1
1
2
1
1
1
1
3
0
1
1
0
0
3
0
1
1
1
21
1
0
1
0
3
2
15
1
4
5
1
0
1
3
18
1
1
1
16
4
3
0
0
0
26
1
1
3
0
0
1
1
3
0
1
1
1
3
1
0
1
3
2
0
3
1
15
3
2
1
1
1
3
0
3
0
1
21
1
1
0
4
1
3
1
1
30
3
0
0
13
0
1
0
3
1
6
1
0
0
3
3
1
1
28
3
6
1
0
16
1
1
1
3
3
1
1
3
0
3
0
17
0
1
0
1
2
0
0
0
2
0
0
2
0
4
2
2
2
0
0
2
4
9
2
4
0
2
2
4
2
4
0
0
0
4
0
2
0
0
7
0
6
2
4
2
2
0
2
0
4
0
2
10
0
0
0
2
4
8
2
0
0
2
0
0
4
2
2
2
0
0
0
4
2
4
0
2
0
2
0
6
0
0
2
4
2
0
2
2
2
2
0
8
4
0
4
2
8
4
2
2
0
2
4
2
4
5
2
0
6
0
2
11
2
2
2
4
6
2
9
0
8
2
0
80
0
3
4
4
4
4
2
2
4
3
4
7
2
4
4
4
0
0
2
10
2
3
4
0
6
0
11
8
4
6
2
2
4
0
2
6
0
0
0
2
2
9
2
0
4
2
0
4
6
7
0
6
2
0
0
6
2
0
6
0
6
4
4
2
0
2
2
4
2
0
0
0
0
0
2
2
0
4
2
0
2
0
0
2
0
2
4
4
0
0
2
0
0
2
2
0
4
4
6
0
4
4
0
4
0
2
0
0
0
0
9
2
20
0
2
0
6
0
0
0
4
2
2
4
0
2
4
2
2
0
0
0
0
0
0
0
0
0
0
0
0
0
0
0
0
0
0
0
0
0
0
0
0
0
0
0
0
0
0
0
0
0
0
0
0
0
0
2
0
0
0
13
13
8
1
14
13
0
8
12
13
8
0
14
9
3
24
78
20
0
9
0
15
16
21
14
4
3
13
18
32
0
3
3
14
4
18
14
11
0
14
23
23
4
1
14
13
3
14
9
1
0
15
69
20
3
21
0
8
15
12
13
14
20
0
3
22
0
22
27
20
17
17
12
9
12
15
15
23
19
4
1
15
1
7
0
11
0
12
0
14
17
18
17
1
0
13
9
6
0
10
0
29
10
9
0
7
14
0
0
7
9
0
14
10
17
7
11
15
9
0
0
9
6
0
1
8
19
13
5
6
11
33
7
6
0
9
0
0
8
7
13
41
12
12
0
15
1
1
6
9
2
22
11
17
9
11
1
0
9
8
0
0
8
11
0
10
13
0
5
8
4
6
3
9
12
10
8
15
1
13
0
1
0
0
0
26
0
9
11
0
9
0
6
0
0
1
5
0
10
14
13
0
0
11
4
0
6
0
10
12
6
10
5
11
0
9
0
0
0
10
12
0
10
7
13
9
0
5
0
9
1
0
5
11
4
9
13
0
0
0
9
3
0
18
0
20
0
18
23
16
1
31
5
0
0
20
11
6
0
19
0
0
23
2
0
8
1
13
7
24
15
0
25
0
31
10
16
0
10
0
0
0
0
0
0
23
21
22
21
32
28
35
25
18
27
23
19
23
25
29
19
53
35
24
25
32
27
25
25
13
11
21
19
19
19
24
8
15
13
8
13
11
8
13
10
15
13
11
19
20
15
13
12
23
15
21
25
10
13
14
15
17
17
19
19
17
15
15
15
19
11
32
21
2
17
17
15
21
61
11
12
15
17
11
13
15
15
13
17
15
15
13
11
12
17
21
9
30
19
23
9
30
30
10
17
11
15
17
28
21
11
21
17
23
13
25
17
15
31
19
13
24
19
41
13
15
17
15
13
17
28
32
30
24
34
33
34
32
30
31
17
25
22
15
19
15
2
19
11
15
22
18
21
24
17
15
28
17
60
21
22
19
15
17
23
19
19
23
17
24
17
13
9
11
21
17
21
21
13
18
24
21
53
13
30
23
15
17
23
26
18
24
24
16
24
20
19
22
17
21
17
27
19
20
13
24
26
23
21
17
25
25
25
19
15
15
19
18
19
19
30
23
43
25
19
17
19
13
15
20
19
11
13
13
21
17
15
17
17
17
18
15
13
26
34
26
18
36
33
28
31
28
22
26
28
25
26
24
23
27
42
24
22
24
28
24
24
15
19
19
24
19
13
26
17
21
4
13
9
11
10
11
11
21
13
23
21
23
25
18
21
15
17
5
7
11
15
7
5
7
3
7
5
14
49
13
30
45
28
13
17
61
11
31
9
23
7
68
9
47
9
9
5
30
7
13
21
37
41
10
14
9
9
7
73
9
15
9
21
11
7
5
1
48
37
7
13
38
14
16
3
12
7
9
5
30
34
34
13
50
24
7
14
9
5
1
24
7
34
5
30
18
61
3
5
16
26
5
16
15
7
46
9
34
7
5
18
11
83
84
46
5
7
46
9
5
8
10
58
41
47
7
5
30
7
65
25
5
7
13
15
28
7
34
9
51
7
38
7
5
60
7
9
36
28
59
5
52
7
5
5
68
9
3
9
29
5
3
22
70
13
7
48
7
7
21
24
36
3
49
21
61
7
37
19
54
10
14
15
3
12
7
18
7
1
61
7
15
5
87
29
7
24
14
56
5
11
26
59
13
9
29
9
63
7
14
9
17
7
9
27
41
65
45
11
20
13
7
3
41
7
78
24
21
22
75
11
16
20
24
63
3
9
9
16
5
48
5
15
88
26
11
18
5
41
9
25
7
7
63
9
29
14
7
5
5
38
40
7
20
3
33
17
16
3
11
28
12
79
9
7
5
27
5
46
33
28
19
56
38
34
30
28
26
51
30
79
63
67
44
55
7
39
25
20
43
19
17
38
22
40
