12
12
12
14
6
12
21
8
19
10
14
16
6
12
6
7
10
8
12
10
13
8
6
10
6
14
10
12
6
10
16
10
8
10
8
15
12
10
14
13
19
6
10
10
12
10
12
8
6
6
12
4
10
14
12
4
10
21
17
8
10
17
8
6
10
19
12
18
10
12
13
12
10
4
10
19
13
6
16
6
16
8
23
25
8
12
10
15
10
23
12
12
5
14
8
16
10
14
23
12
18
29
6
14
27
4
17
11
15
33
10
14
19
25
8
8
8
8
6
10
8
14
21
10
23
25
8
8
17
23
6
14
8
11
21
10
16
27
19
14
12
10
8
6
14
4
12
6
12
17
12
29
14
10
10
8
4
25
16
11
10
10
8
14
8
19
12
12
12
14
14
6
14
25
14
17
29
8
19
23
14
19
19
12
7
17
8
14
21
14
10
23
10
29
8
8
18
17
23
6
17
19
25
10
12
16
17
8
21
14
19
18
18
15
21
21
35
10
16
12
6
35
10
10
27
12
17
12
10
10
10
14
15
14
6
14
27
19
13
16
10
16
10
12
8
19
21
14
17
6
4
10
17
4
10
8
21
4
21
6
11
6
9
4
7
9
9
4
9
11
6
15
22
16
8
8
15
4
4
10
4
8
4
10
21
10
10
8
20
11
14
13
9
20
25
9
9
9
3
12
9
7
5
13
28
7
5
19
13
4
14
11
9
14
7
22
11
5
14
5
27
13
20
20
3
5
18
10
18
18
31
11
50
19
12
13
21
14
11
9
11
14
21
15
10
16
5
5
13
11
20
14
4
24
9
31
23
21
12
18
19
21
13
9
27
16
22
30
18
12
16
24
16
20
31
23
23
17
39
26
21
13
11
30
39
12
41
50
31
60
43
33
33
43
17
42
22
41
23
15
15
15
19
16
21
35
43
25
17
38
30
24
43
31
48
34
33
55
26
23
38
22
39
24
28
15
31
25
37
7
27
39
14
44
30
25
14
24
32
32
27
29
27
11
30
22
26
54
35
62
49
37
48
42
33
35
31
16
50
52
38
50
21
37
48
32
48
50
18
69
27
41
51
31
52
37
24
52
19
38
43
25
12
22
42
24
43
53
49
13
45
36
25
55
45
36
37
51
14
29
41
28
42
35
51
14
41
28
33
32
48
55
23
43
70
58
24
41
29
26
17
31
35
59
35
59
41
21
9
18
17
21
33
13
25
5
19
26
19
16
13
24
8
17
27
9
35
12
11
12
18
10
13
40
7
16
15
16
20
12
11
14
5
19
18
7
15
11
17
8
8
16
12
25
21
9
14
4
0
2
4
2
0
0
2
12
4
7
2
5
0
2
3
2
2
2
0
3
3
3
4
4
3
3
7
2
0
5
0
2
2
0
2
5
2
2
4
5
0
3
4
2
10
4
7
2
8
13
7
0
4
4
0
2
3
5
5
4
6
3
2
5
11
4
2
4
6
4
0
2
5
10
9
0
2
4
6
4
9
8
4
2
4
5
0
2
4
2
2
3
2
0
0
2
2
2
2
6
2
0
4
0
3
2
5
0
0
2
4
2
2
2
2
4
2
2
5
0
5
4
9
2
4
2
7
5
2
12
0
2
4
2
2
0
2
4
0
2
2
3
5
2
7
2
2
7
0
0
3
0
5
0
4
2
2
2
3
2
0
0
5
0
2
2
2
9
5
0
2
7
5
2
2
3
3
2
7
2
5
4
4
2
4
2
7
4
0
3
0
5
2
14
0
0
2
0
4
2
2
0
2
2
3
3
2
0
4
5
0
0
0
0
0
2
0
0
2
5
5
2
2
2
2
7
2
0
0
4
3
0
7
9
2
2
0
0
2
5
2
4
5
2
3
3
5
3
2
4
12
2
0
1
7
0
2
2
2
0
2
2
2
3
0
3
2
5
2
2
2
0
0
3
0
3
2
7
3
2
2
2
2
2
2
0
7
7
5
0
5
0
9
0
9
0
11
0
5
0
11
0
5
0
11
0
9
0
7
0
11
1
11
0
7
0
5
0
11
0
7
0
5
0
5
0
11
7
7
0
11
5
7
10
15
5
0
7
7
7
0
11
5
9
3
7
12
1
0
9
5
5
0
9
9
0
11
7
7
0
5
9
7
0
11
0
3
0
3
0
11
9
7
5
9
9
9
13
11
0
5
9
0
11
19
7
7
9
17
7
7
9
13
13
9
13
9
7
0
7
7
5
0
9
9
0
0
0
0
0
9
0
5
0
9
0
7
0
0
7
9
0
5
7
7
0
0
0
0
0
0
0
0
0
0
0
11
9
0
0
0
7
7
0
7
0
7
11
9
0
7
9
0
0
9
7
0
10
12
0
0
0
0
0
0
0
0
0
9
0
0
9
0
0
0
0
11
9
0
16
11
0
7
13
9
9
7
12
0
11
11
22
0
3
7
11
7
0
9
5
9
0
13
0
11
0
7
0
13
5
13
0
11
7
0
0
7
7
0
0
9
13
0
0
9
7
0
7
15
9
11
7
0
15
7
9
9
12
0
3
9
15
11
0
11
9
7
1
21
7
13
0
7
11
3
0
0
19
7
0
0
7
7
0
5
1
7
0
7
8
5
0
11
8
6
2
4
2
5
4
2
2
2
0
2
8
4
4
0
2
4
6
0
6
0
0
2
8
4
4
4
6
4
8
2
4
0
0
6
2
6
6
8
7
8
4
0
4
2
0
4
4
4
6
2
0
4
4
0
2
2
0
2
6
8
4
2
4
4
6
2
4
0
0
4
2
4
4
6
2
4
8
0
8
0
0
4
4
4
0
4
4
4
6
2
4
0
0
6
6
2
6
4
4
6
4
0
8
2
0
6
7
6
7
4
4
7
4
2
4
0
0
2
6
2
4
7
6
6
4
0
6
0
0
4
0
6
4
4
5
2
4
6
5
0
0
4
6
2
4
6
8
4
2
0
4
2
0
4
2
4
6
4
6
2
6
0
6
0
0
4
6
4
4
2
7
4
6
0
4
0
0
4
2
4
4
6
4
4
4
0
0
4
0
6
4
6
2
2
4
4
4
2
2
0
0
2
4
4
4
6
4
6
4
0
4
4
0
4
4
4
8
4
4
2
2
0
4
2
4
4
8
4
4
4
6
2
2
0
4
0
0
6
6
6
4
8
6
2
6
0
4
6
2
4
4
4
6
6
4
4
0
0
4
4
0
6
4
2
8
4
0
6
6
0
4
0
0
2
6
8
6
2
0
0
4
0
2
4
0
6
4
4
5
6
4
5
5
4
4
5
6
5
5
6
6
6
3
5
4
5
4
6
5
6
6
4
5
5
6
6
3
5
5
5
4
5
6
5
6
5
4
4
4
4
4
5
6
6
6
6
6
5
7
4
5
5
7
4
5
6
4
5
7
4
6
5
5
5
5
5
6
5
5
5
4
5
6
6
6
6
4
5
5
4
4
4
7
5
5
5
5
4
6
6
5
5
5
4
5
5
5
5
4
5
5
5
5
5
5
4
6
5
5
5
4
4
5
5
4
5
5
4
6
4
4
4
5
5
5
6
5
4
3
5
4
5
5
5
6
5
5
5
5
6
5
4
4
4
4
5
4
4
6
6
6
3
6
6
4
5
5
4
5
4
7
4
4
5
5
4
3
5
6
5
4
4
4
6
4
4
5
4
4
7
6
6
5
5
5
6
4
5
5
5
4
5
5
6
4
4
6
4
4
5
6
6
6
5
4
4
4
5
5
3
3
5
5
6
3
5
6
5
6
4
5
6
5
5
5
5
4
5
5
3
5
6
4
5
6
4
6
5
4
4
5
4
5
4
5
5
6
5
5
4
6
5
5
5
4
6
4
6
6
6
5
5
5
5
5
5
5
5
5
4
3
5
4
5
4
6
5
5
4
4
5
4
5
4
5
4
2
4
4
1
3
4
2
5
4
2
1
2
3
2
4
4
0
4
4
5
4
1
4
10
2
2
4
4
4
4
1
5
2
0
2
4
4
4
14
4
2
1
2
10
2
4
2
4
5
9
5
5
5
6
3
4
4
3
2
5
2
5
2
4
4
13
3
2
2
0
7
5
1
2
2
2
1
2
1
2
2
7
3
4
4
5
7
4
4
3
3
5
3
5
2
5
2
1
1
4
3
6
7
2
3
3
2
2
9
6
7
3
15
2
1
3
2
4
4
3
4
2
4
2
2
2
3
3
15
2
6
2
4
4
8
2
2
0
7
6
2
2
4
2
4
4
0
2
2
2
4
3
3
4
11
0
2
4
2
2
2
1
1
5
4
6
2
2
7
2
0
2
2
3
4
1
1
4
4
4
17
4
0
9
4
2
1
0
3
2
2
2
13
2
3
4
3
2
7
2
2
2
1
4
0
6
2
2
2
0
4
2
5
4
2
2
1
2
3
2
2
2
1
0
1
4
2
0
1
2
4
1
13
4
2
4
0
4
0
7
2
4
2
2
3
2
3
2
4
2
2
2
11
2
2
2
1
5
5
4
0
3
2
2
2
0
0
2
6
4
2
2
2
2
3
0
4
0
2
1
2
2
2
3
2
4
2
4
2
2
10
6
4
2
2
4
2
6
2
0
0
6
2
2
2
2
0
4
2
6
2
2
4
6
4
2
4
8
5
4
2
4
4
2
6
4
2
2
2
4
4
4
4
2
2
2
4
2
6
6
4
2
4
0
4
4
0
6
4
6
6
6
8
10
4
2
10
8
6
8
6
6
8
10
8
6
6
6
4
6
8
6
6
6
8
8
13
12
4
2
19
10
8
10
17
2
2
8
10
6
6
6
8
14
6
9
8
12
4
15
12
6
2
14
13
8
6
12
15
8
13
10
10
12
4
10
4
6
8
16
4
4
4
6
8
13
6
13
12
11
10
18
8
8
8
15
6
11
8
6
6
25
14
17
2
10
12
6
12
2
6
11
12
4
12
8
8
12
10
15
13
10
13
10
14
4
4
6
8
4
12
10
10
12
4
4
14
6
12
4
4
6
4
8
12
6
12
8
6
8
8
10
4
6
10
8
6
2
6
12
12
4
10
9
15
8
2
4
2
6
8
8
6
10
10
2
6
2
4
6
4
2
2
6
4
4
2
4
4
5
4
2
2
0
4
4
4
4
4
0
6
0
4
2
2
2
2
2
4
2
2
4
4
4
6
2
0
4
4
2
2
2
2
8
0
4
6
2
2
6
2
4
0
2
4
1
0
0
0
1
2
1
0
2
1
0
1
2
2
13
3
1
2
3
2
2
2
3
10
2
1
1
6
2
2
2
1
0
1
1
0
1
1
2
2
1
0
2
1
2
3
2
0
2
1
1
1
2
1
1
2
1
2
1
14
1
2
2
0
2
1
1
2
9
2
1
1
2
2
1
2
2
1
2
0
1
1
1
1
1
0
0
1
2
2
2
1
1
2
2
2
2
0
2
3
2
1
1
1
2
1
3
1
2
1
1
1
0
1
1
1
1
1
1
10
2
2
3
2
2
3
3
2
3
2
3
3
1
3
3
2
3
2
2
2
2
2
3
2
2
2
3
1
1
1
2
2
2
0
2
2
3
2
1
1
2
2
2
2
2
1
1
1
2
7
2
2
2
2
3
2
2
1
2
3
1
2
2
0
2
1
1
0
3
2
13
0
1
1
1
1
3
1
2
1
1
1
1
2
1
1
2
2
9
1
2
2
1
1
2
1
1
14
1
0
2
1
2
2
2
1
2
1
0
2
9
1
1
3
1
0
1
1
9
2
2
1
2
12
1
1
2
2
1
2
1
1
1
1
1
2
2
0
2
2
0
1
1
9
1
1
1
1
0
1
2
0
2
1
7
2
2
2
2
1
2
2
1
2
3
8
1
0
0
5
1
6
5
7
13
0
0
3
3
5
1
1
0
11
5
1
1
1
74
0
9
1
0
1
1
1
0
11
1
3
1
15
1
3
0
1
5
7
1
1
32
1
1
9
0
3
3
1
24
1
1
0
0
3
9
0
3
90
1
1
5
0
13
15
0
39
5
1
3
0
6
7
1
0
0
94
1
7
28
3
1
1
0
7
0
0
1
1
20
0
0
0
0
0
3
0
1
5
5
5
3
1
5
1
1
0
7
1
3
1
0
7
0
0
5
3
3
9
87
1
0
1
1
7
0
0
1
1
7
9
0
7
3
0
79
5
1
0
3
0
5
7
3
7
1
0
7
7
10
5
9
7
81
7
3
0
0
0
3
3
1
1
1
9
0
0
0
3
0
7
0
1
1
5
1
7
5
3
1
3
9
5
3
7
3
1
22
1
5
1
3
0
9
3
7
0
0
1
7
1
5
1
1
3
1
3
1
1
0
5
3
0
19
0
5
9
8
3
15
58
0
7
1
3
5
1
3
3
1
5
1
0
1
7
7
3
8
0
1
1
1
1
94
1
15
0
1
1
3
6
3
1
5
0
1
9
1
1
5
3
3
5
11
1
0
3
0
0
1
94
25
5
5
0
9
5
1
3
3
5
3
9
1
9
1
3
