35
30
36
26
40
24
34
40
39
41
34
26
41
44
38
41
37
36
42
29
36
35
44
25
38
45
40
29
38
52
30
37
40
27
37
25
30
31
26
24
26
31
29
26
32
35
27
27
35
23
24
20
26
24
36
40
41
39
22
31
30
43
39
36
25
35
29
29
31
33
34
34
41
24
33
33
28
39
41
40
35
34
44
25
26
32
28
28
26
25
36
26
33
25
37
35
30
29
24
24
32
31
57
18
31
26
20
20
28
20
23
31
24
33
30
24
47
39
37
39
41
37
29
28
41
40
37
34
41
40
37
24
21
29
34
35
35
43
40
35
34
33
43
43
29
33
37
26
35
38
39
36
40
42
37
26
27
33
38
37
41
38
36
25
37
37
33
34
34
34
40
15
37
42
28
37
39
39
36
25
41
39
31
31
23
42
33
37
37
39
26
31
35
33
26
36
40
36
34
24
25
29
25
27
38
26
30
25
32
23
30
29
25
25
38
36
39
36
35
26
32
37
41
42
34
25
22
17
29
40
37
36
39
33
40
23
30
43
37
36
39
33
41
36
44
39
33
26
35
31
26
26
30
25
26
26
24
26
26
40
25
25
44
36
36
37
26
27
35
39
40
40
41
28
23
36
30
34
29
33
43
42
36
26
42
28
39
34
2
38
21
9
0
15
20
5
0
23
5
10
14
5
0
0
2
32
6
8
35
6
21
21
17
0
4
3
2
2
7
2
4
5
5
2
2
2
13
3
21
23
10
15
2
28
9
17
11
18
14
0
5
5
14
3
17
14
0
0
5
21
20
17
2
8
10
25
25
4
26
16
31
90
0
12
5
5
17
9
14
26
13
28
23
27
12
6
23
4
36
9
19
10
9
10
10
26
48
27
17
9
12
7
2
0
6
5
7
5
2
23
4
12
17
19
10
8
6
7
3
14
5
4
27
7
9
7
2
2
4
4
5
3
18
9
16
23
11
5
15
7
2
17
5
7
13
26
19
16
7
19
12
19
2
20
19
5
11
32
13
36
18
23
33
14
6
13
37
5
28
39
42
22
10
9
9
0
19
32
16
14
26
2
10
12
32
4
22
22
16
22
8
5
20
20
21
8
19
10
37
33
23
35
42
18
24
9
7
8
13
12
35
20
3
14
20
16
0
16
21
34
20
23
12
14
20
37
16
14
23
35
15
23
9
11
13
15
5
10
28
14
50
10
3
10
42
18
71
12
8
3
23
10
26
4
2
18
26
9
7
17
17
11
49
14
26
37
7
22
17
4
8
4
22
12
7
7
5
7
7
19
13
8
3
46
12
29
14
23
26
14
8
19
20
27
25
18
30
14
16
22
23
20
60
18
38
14
27
14
44
16
16
12
24
17
20
9
16
20
8
19
34
11
16
12
16
23
12
22
13
21
16
29
17
14
14
12
18
23
53
16
23
7
22
23
9
14
18
21
10
5
37
19
5
16
31
14
20
7
31
54
33
22
20
20
24
20
22
22
41
31
20
45
18
23
47
11
24
18
12
7
27
41
29
33
23
34
19
21
23
25
17
18
47
33
33
22
13
25
25
33
15
27
46
27
38
36
24
42
27
34
19
41
39
25
22
9
24
0
13
52
1
25
51
27
26
60
11
18
23
30
9
49
21
18
37
45
33
20
30
26
36
25
35
58
35
28
45
30
28
46
23
17
18
39
35
3
70
20
44
36
35
26
11
33
33
38
9
38
21
20
46
29
34
0
26
18
50
3
17
24
22
37
10
20
22
21
21
22
26
20
6
10
21
17
24
31
25
22
18
11
10
34
23
17
19
7
0
20
27
9
3
33
21
10
21
19
15
0
27
17
16
16
10
9
19
12
11
25
7
6
16
7
9
38
22
3
9
7
25
25
14
37
20
6
3
5
0
1
80
1
1
29
1
1
18
3
3
0
0
3
1
1
3
5
0
1
3
1
7
12
7
3
5
7
13
0
9
0
9
9
13
0
5
13
0
0
10
9
0
7
9
9
7
7
15
9
5
0
0
11
9
0
0
9
7
0
0
17
9
0
3
3
11
0
7
0
9
0
7
0
15
0
9
0
13
0
9
0
19
0
9
9
13
15
7
5
0
7
0
11
9
0
0
5
7
0
0
11
7
0
0
13
7
0
7
9
7
11
7
0
7
9
0
7
9
0
7
13
12
7
11
0
9
13
7
9
17
11
3
19
9
5
5
3
11
13
0
11
7
11
0
9
9
7
0
0
0
0
5
11
3
0
7
0
5
0
7
3
0
0
11
0
13
0
0
0
0
0
0
0
0
0
0
0
5
16
11
0
1
0
3
0
11
3
23
9
0
15
0
0
0
0
7
0
15
9
22
0
0
0
0
0
0
0
0
0
10
0
0
13
0
0
0
0
0
15
0
13
0
7
0
11
1
9
0
19
0
13
13
18
0
9
13
17
0
19
0
7
0
5
5
11
0
21
0
34
0
11
19
31
0
26
12
13
19
19
0
13
0
14
19
13
0
7
29
19
0
25
25
15
0
14
19
17
0
14
17
15
24
15
17
0
13
24
11
11
17
11
15
0
11
17
7
11
13
17
15
0
15
22
11
0
13
21
13
0
0
9
9
0
0
19
42
36
38
16
34
37
24
18
29
39
24
17
29
26
33
21
41
48
22
20
24
54
30
39
52
45
19
27
30
43
47
19
34
31
42
32
34
37
44
30
35
20
51
26
35
25
41
49
57
21
44
27
32
22
39
38
37
27
42
33
21
27
34
29
17
31
27
27
40
31
31
17
21
45
29
23
55
39
46
27
35
28
24
38
35
29
18
51
23
40
28
51
33
29
32
23
18
23
35
40
24
30
31
21
34
20
30
28
28
29
22
35
32
45
29
38
27
37
26
31
25
31
38
56
26
34
42
49
43
35
40
36
23
33
34
42
40
32
22
37
30
39
47
51
35
25
46
25
44
39
34
30
37
29
16
27
39
40
41
32
32
34
29
22
28
24
34
32
44
41
45
38
32
47
41
48
22
37
32
46
35
24
50
25
51
48
32
41
30
38
37
24
21
28
38
41
33
25
33
25
31
29
35
29
31
19
13
21
35
27
34
34
42
23
19
16
42
40
19
23
33
32
29
35
22
44
24
44
21
16
25
30
41
35
31
23
29
37
24
26
24
26
24
22
22
31
32
41
48
23
30
29
27
22
35
22
24
31
50
38
47
27
26
22
38
38
37
29
32
40
27
55
30
38
65
52
24
33
45
36
27
20
35
22
39
37
36
18
0
3
0
1
1
1
1
2
1
1
0
0
1
1
1
3
0
0
0
0
3
1
0
0
1
0
0
5
1
1
0
1
1
0
2
1
0
6
2
0
3
0
0
0
2
0
0
0
1
1
0
1
3
1
1
2
1
0
0
3
2
3
1
0
0
0
1
2
0
0
2
0
0
0
0
3
1
0
0
0
0
1
0
0
0
1
0
0
1
2
2
1
0
0
1
1
2
0
0
0
2
0
4
3
0
0
3
0
0
4
1
1
0
1
1
1
2
2
2
1
1
1
0
0
2
0
3
3
1
1
5
0
1
1
1
2
2
1
2
0
2
1
1
2
3
0
1
0
0
2
1
3
2
3
0
3
1
3
0
3
3
0
1
0
1
1
1
0
0
2
1
1
0
1
2
1
0
0
0
0
3
1
1
1
1
0
1
0
0
1
1
2
0
3
1
0
3
1
2
1
0
2
1
2
2
0
1
2
1
1
0
0
0
2
0
0
1
3
1
0
0
3
1
3
0
1
0
0
0
0
0
1
0
1
0
1
1
0
0
0
1
0
2
1
3
0
0
0
0
2
1
0
0
0
1
2
1
1
0
1
3
1
0
0
0
2
1
1
0
0
4
2
1
1
3
1
0
1
3
3
3
0
1
1
2
0
0
2
0
33
2
3
18
11
1
0
0
2
2
38
0
40
0
0
2
0
0
1
2
0
0
4
0
3
3
0
21
1
77
2
0
18
12
1
20
2
0
24
27
0
4
2
2
0
0
0
2
25
0
0
14
3
2
0
2
0
0
0
47
0
38
2
72
32
2
0
0
2
2
0
0
0
2
0
36
0
4
0
0
8
2
4
6
0
40
0
2
37
2
2
0
44
7
2
0
33
2
31
5
2
31
10
0
80
2
2
0
0
0
2
0
0
0
1
0
43
2
2
0
20
0
11
7
7
4
0
30
0
38
20
2
40
2
7
0
0
10
2
0
59
2
0
0
0
2
13
0
2
0
2
95
0
0
79
0
1
0
2
21
0
0
2
1
59
0
3
16
35
0
0
0
2
17
0
0
5
61
0
0
0
4
58
0
0
0
0
44
0
0
16
24
0
2
28
45
14
2
0
7
2
2
2
0
2
0
2
0
0
0
0
5
0
2
2
0
12
45
0
2
0
0
0
0
0
0
0
0
3
0
0
10
2
3
0
15
29
2
0
27
22
19
0
1
3
0
49
24
0
16
5
2
0
2
20
19
35
2
13
32
40
0
2
28
1
0
20
0
0
0
0
2
2
2
2
2
0
25
2
0
71
0
0
0
15
76
0
14
8
10
16
16
8
10
12
10
21
6
14
8
10
16
4
4
2
6
14
20
14
6
20
18
12
12
16
21
18
10
14
8
27
14
8
23
12
14
25
8
14
12
12
6
4
16
6
12
4
8
0
8
4
21
18
25
4
12
8
8
6
12
6
6
6
14
21
12
14
14
8
10
20
10
6
14
16
12
19
8
6
6
12
14
18
23
10
10
18
14
10
6
10
6
4
6
14
6
12
12
2
2
2
12
10
8
8
10
4
8
8
4
6
16
12
10
8
12
6
14
39
2
14
12
19
10
8
6
4
12
8
16
6
6
14
2
10
12
10
6
27
12
12
14
8
6
8
6
12
10
8
20
8
12
14
6
8
4
14
10
12
4
14
8
17
8
12
8
10
10
8
10
14
18
6
10
30
10
12
20
27
8
16
39
18
4
29
10
6
27
22
8
16
16
14
12
29
31
25
21
21
6
16
12
8
14
39
16
8
10
14
16
23
12
20
18
20
8
10
10
27
8
22
19
16
12
23
23
21
12
16
27
10
18
33
18
18
31
23
6
18
6
10
25
18
23
6
12
14
14
21
8
18
25
25
20
25
14
20
12
10
18
22
16
10
12
10
14
16
19
10
6
29
18
21
16
21
10
12
16
16
20
16
14
6
10
4
4
0
2
6
8
6
6
8
2
0
4
4
2
6
0
0
6
2
4
2
0
7
4
2
2
2
2
4
0
0
6
2
0
6
2
2
4
0
0
8
0
2
0
10
2
8
4
2
0
2
6
0
2
0
0
4
4
0
2
0
2
2
0
0
2
4
0
4
2
6
0
2
0
2
2
2
4
4
6
6
4
2
4
0
8
2
0
2
0
8
2
8
6
2
0
0
16
2
2
2
2
2
4
5
0
0
4
4
6
0
2
0
0
8
6
2
2
2
2
0
4
2
2
4
4
2
6
8
2
8
4
2
2
4
0
4
2
4
0
4
4
0
2
6
4
2
0
6
0
0
4
2
0
2
4
6
0
0
2
4
4
0
2
0
2
4
2
6
4
1
0
8
4
6
0
0
4
2
4
8
0
0
5
4
4
0
0
2
4
4
0
2
6
2
4
0
7
4
4
4
0
4
6
2
0
6
4
6
6
10
0
0
4
8
4
0
0
2
0
0
2
0
2
6
8
4
0
2
0
0
4
6
6
8
0
6
0
0
4
2
0
2
4
6
4
2
2
6
4
2
2
0
6
0
0
2
0
0
4
4
2
2
2
0
2
0
2
2
2
0
0
6
6
2
0
4
6
2
0
0
4
4
6
0
4
4
4
2
24
20
9
20
18
14
20
26
24
26
20
26
16
28
22
8
26
14
20
8
26
16
10
18
24
24
28
24
4
16
28
26
22
22
24
22
12
16
26
26
20
22
22
16
20
20
32
22
20
22
22
26
12
34
24
14
18
32
20
18
24
16
26
20
26
18
14
24
20
18
26
22
16
20
26
20
22
26
10
20
26
24
18
26
22
20
14
16
22
24
34
26
18
18
16
22
22
18
20
24
14
16
16
16
14
20
26
16
8
10
12
18
18
16
16
4
14
16
22
10
20
18
22
26
14
16
14
22
22
26
14
22
22
16
40
32
22
26
16
16
14
24
18
24
20
22
18
28
26
18
24
20
28
17
16
20
18
20
26
14
22
16
26
22
26
10
22
26
12
14
16
20
18
16
14
10
18
24
16
24
17
12
10
32
18
28
28
20
17
28
18
26
20
32
8
16
20
18
22
16
20
20
10
20
22
24
24
22
22
22
26
18
16
24
16
18
16
14
12
18
16
26
18
22
16
24
16
22
26
22
30
26
24
22
22
24
24
18
8
10
18
16
14
22
22
6
12
30
20
20
18
20
22
22
24
16
20
30
26
18
16
28
12
18
22
13
12
10
22
14
24
16
16
26
24
10
6
14
24
22
26
18
12
18
32
16
14
26
