1
1
1
3
2
2
1
1
2
2
0
1
0
3
3
3
1
1
1
1
2
1
4
1
3
3
2
0
3
0
0
2
2
1
1
0
4
3
1
3
0
1
3
0
3
1
0
1
1
1
1
2
3
1
4
2
1
2
1
3
2
2
1
1
2
1
1
1
1
4
0
3
1
2
4
3
2
4
1
1
6
2
0
0
3
1
1
0
0
5
1
1
1
0
1
2
1
1
2
0
1
3
0
0
0
1
0
1
0
1
3
1
3
0
3
1
0
0
1
0
4
2
1
1
2
4
1
2
3
0
2
1
2
0
3
0
1
1
4
1
0
1
5
3
1
1
2
3
1
4
0
2
1
4
1
3
2
1
2
2
0
0
0
4
1
4
0
1
2
2
2
1
0
1
1
1
3
2
0
0
2
0
1
0
3
2
2
3
2
1
3
0
3
0
1
0
2
0
0
3
0
2
2
1
0
1
2
0
2
0
3
2
1
1
0
2
1
3
0
0
2
2
2
0
2
2
1
0
1
0
1
1
4
1
1
1
1
3
0
0
1
1
3
3
3
1
1
0
3
2
1
3
0
2
0
1
1
0
0
0
1
1
0
1
1
1
2
0
3
2
1
0
0
1
1
1
0
3
3
1
3
4
2
2
0
1
0
3
5
5
7
13
0
2
2
3
5
11
2
3
5
2
3
2
7
2
5
2
11
5
2
7
2
2
2
3
7
53
5
2
3
5
3
3
3
0
9
7
5
7
5
2
2
3
5
5
5
11
3
7
7
9
2
2
3
3
5
3
5
5
0
5
2
5
3
7
7
11
3
3
9
13
11
15
5
7
9
11
2
7
7
11
5
11
11
19
7
5
5
5
13
9
2
5
11
9
17
11
7
9
13
9
9
7
15
9
5
5
9
7
5
19
9
13
13
11
5
2
17
7
7
17
9
7
9
7
13
9
13
11
13
7
9
17
5
5
9
5
11
21
7
11
13
7
7
9
3
27
11
13
9
15
9
13
17
9
15
43
11
21
7
9
11
5
5
5
5
11
21
7
13
23
21
15
2
11
3
5
3
7
17
5
3
15
7
9
7
7
15
17
11
11
11
5
11
7
9
3
7
7
17
11
9
11
3
5
5
11
3
13
9
7
9
11
5
23
11
7
5
11
19
7
3
13
15
7
11
15
7
11
9
7
47
11
7
7
13
7
15
11
7
11
9
5
15
13
9
7
13
15
3
2
3
7
47
3
5
5
3
2
17
2
5
3
2
9
0
7
7
5
5
7
7
9
13
3
7
9
3
7
3
9
17
0
11
7
8
0
18
5
7
0
7
4
8
0
15
8
5
10
4
14
0
14
5
6
0
10
11
1
0
8
0
12
0
8
2
5
4
0
15
0
3
10
8
7
7
0
5
6
7
0
26
8
4
10
6
5
3
0
2
9
4
0
6
1
5
1
0
5
0
0
5
3
1
11
0
7
8
5
14
0
10
8
0
0
6
0
10
0
10
0
5
5
4
7
5
5
6
8
4
13
0
9
0
0
6
0
6
1
0
11
7
13
10
15
7
0
0
9
0
5
0
0
10
0
7
8
6
3
0
5
5
5
5
5
0
6
6
6
0
4
3
10
0
0
7
0
0
0
0
19
0
9
6
9
0
0
5
0
8
4
0
0
0
0
0
8
2
0
0
5
4
1
6
6
8
0
6
1
4
5
0
0
8
3
8
8
5
7
4
0
1
3
3
0
10
6
6
8
6
0
3
0
3
0
0
5
0
0
7
8
0
6
0
4
0
5
1
0
7
5
5
7
0
5
3
0
2
2
0
6
5
10
0
0
6
6
0
2
1
0
4
1
6
1
6
5
5
5
0
7
6
4
4
0
6
3
8
2
0
4
4
3
3
0
0
4
0
4
0
0
0
20
5
1
7
8
0
3
5
0
3
0
0
1
0
6
0
0
0
0
11
5
4
5
1
2
0
2
0
4
7
14
0
0
3
3
4
0
2
4
5
2
0
4
0
2
2
3
2
2
0
7
2
2
0
0
0
4
3
5
7
4
0
2
0
0
2
3
5
2
4
2
2
2
0
2
2
3
2
4
2
1
2
2
2
2
0
2
2
2
0
4
3
0
5
2
2
4
0
1
2
6
0
2
4
4
0
0
2
2
3
3
5
5
2
3
9
4
2
2
0
2
2
2
5
5
0
0
2
3
6
8
1
2
0
8
6
3
5
3
4
2
2
2
1
2
4
5
2
2
4
3
8
5
4
0
0
4
0
0
2
5
2
4
4
5
1
2
2
2
2
4
7
3
0
2
0
4
3
2
0
2
0
0
0
0
0
0
2
6
19
2
0
2
2
0
2
7
11
0
2
0
2
0
15
0
2
1
0
3
2
5
4
2
4
5
0
2
3
2
0
2
5
0
5
1
0
2
0
4
0
2
2
2
6
2
2
0
2
4
2
0
1
0
0
2
2
1
5
0
2
0
2
1
0
0
5
2
4
2
0
2
2
0
1
2
2
4
13
4
4
0
0
4
0
0
3
1
0
0
0
0
2
5
3
2
2
2
0
1
4
0
0
0
0
2
0
0
2
2
2
4
0
0
5
2
0
4
2
2
4
8
1
6
15
2
4
4
4
9
4
4
0
4
4
11
4
8
4
2
6
4
4
6
4
0
6
6
12
2
6
2
2
2
2
11
4
10
2
2
6
7
8
10
4
10
2
9
8
2
6
8
2
4
6
6
0
4
2
2
10
4
19
4
2
0
6
4
4
2
0
8
4
4
2
4
6
6
8
8
8
4
31
2
6
4
6
0
4
11
2
15
2
8
4
2
13
2
6
2
13
2
6
6
15
4
2
8
4
6
4
2
2
2
6
8
4
4
6
2
11
2
2
0
0
2
2
6
2
6
0
8
6
2
6
8
2
8
4
2
6
4
0
11
4
15
4
4
8
2
0
15
8
6
2
6
8
2
2
7
6
4
6
4
6
4
8
2
6
6
6
2
2
2
8
0
6
4
10
10
2
8
6
2
9
2
2
13
2
12
2
4
4
2
7
13
2
2
8
6
0
4
13
17
2
10
4
2
4
4
2
6
13
8
4
2
2
0
6
8
8
7
4
4
2
0
2
2
9
6
9
2
6
2
15
8
13
2
2
8
15
13
6
14
6
8
8
6
10
4
0
8
0
4
16
6
2
8
4
2
2
6
4
2
4
17
4
8
6
4
6
6
4
8
2
4
2
12
8
8
4
6
15
9
2
20
10
6
4
4
11
11
2
6
0
2
12
10
10
6
6
6
8
10
8
6
4
4
4
12
4
8
4
8
12
13
4
6
10
12
8
6
6
2
8
12
4
2
2
14
12
8
4
4
0
2
2
6
6
4
12
10
19
0
6
4
13
14
4
11
4
6
14
15
10
2
8
6
8
11
2
8
4
4
19
16
4
4
2
19
15
19
4
5
4
4
11
12
15
12
4
10
4
13
6
13
4
6
14
8
12
15
6
4
8
2
6
4
2
2
10
6
9
4
6
6
8
6
8
4
6
6
10
12
4
8
4
6
15
14
2
2
4
26
6
10
12
4
2
8
10
10
2
4
4
12
13
4
8
6
4
8
23
4
4
4
10
6
10
4
6
4
6
4
8
8
2
4
2
21
10
8
8
2
4
6
13
6
6
6
0
12
4
0
8
12
8
12
4
8
2
10
14
12
8
6
14
23
10
15
0
2
10
2
12
10
4
6
14
2
10
4
6
4
6
8
14
6
8
6
8
10
4
6
6
4
8
10
0
2
6
12
6
6
6
8
2
2
0
15
4
8
4
12
6
2
4
4
26
6
4
2
0
2
10
8
4
4
8
4
4
10
8
2
4
6
14
8
6
4
0
4
6
0
4
6
6
17
8
0
4
6
12
12
8
10
2
4
6
0
0
0
4
0
4
0
0
0
2
0
2
0
0
2
0
4
0
8
0
0
2
0
0
4
2
2
2
0
4
0
50
0
2
2
0
0
0
0
2
0
5
0
2
0
0
4
0
2
0
0
2
4
0
0
0
0
4
4
2
62
2
0
39
2
0
44
2
0
0
4
2
2
0
0
0
0
0
0
0
0
0
14
0
2
0
0
0
0
0
6
0
0
4
2
0
0
2
0
4
2
4
6
4
2
2
4
0
4
0
0
4
2
0
0
0
2
0
0
2
2
4
0
2
0
6
0
0
4
8
6
0
0
2
0
2
2
0
2
0
0
2
4
6
2
2
0
2
0
0
4
0
2
0
0
0
6
0
2
2
4
2
4
2
4
6
2
0
0
0
4
2
4
2
2
4
4
0
2
2
6
0
5
0
0
0
4
6
2
2
0
2
2
0
0
4
0
0
4
0
2
0
2
0
0
6
8
0
0
2
0
2
2
2
41
0
0
2
4
0
40
2
0
4
0
42
6
6
0
0
51
2
0
2
0
8
0
2
6
0
4
4
0
2
32
0
0
2
0
0
0
0
2
2
0
2
5
0
4
0
4
0
0
2
0
2
4
0
0
4
0
2
60
0
2
6
2
2
0
0
2
4
30
0
2
14
18
17
16
16
16
16
16
16
16
16
14
20
16
18
16
16
18
14
16
16
16
16
16
16
16
16
16
14
16
16
14
12
18
14
18
14
14
16
16
14
16
16
16
16
14
18
14
14
18
16
16
15
16
14
16
16
16
14
14
14
16
16
16
16
18
16
16
16
14
14
16
14
12
14
16
16
16
16
16
18
16
16
16
18
16
14
18
18
16
16
16
18
18
16
18
16
12
16
18
16
14
16
16
16
14
18
14
12
16
16
16
14
16
14
18
16
16
16
16
16
18
14
16
14
12
14
14
16
14
16
14
16
16
14
14
12
18
16
16
16
16
16
16
14
16
16
16
16
15
18
14
16
16
16
14
16
16
14
16
14
16
14
16
15
18
16
16
14
14
16
12
18
14
16
16
16
16
18
18
16
16
18
18
16
16
18
16
14
16
18
12
16
16
16
16
14
18
18
16
14
16
14
14
14
18
14
18
16
18
14
16
18
16
16
18
16
14
16
16
20
16
16
16
16
14
16
14
14
16
14
18
16
14
14
16
16
14
14
14
19
16
18
16
16
16
18
16
16
14
18
17
18
14
18
16
14
16
16
14
18
18
18
16
16
16
16
16
16
18
16
18
14
18
16
16
18
14
12
16
14
18
18
16
16
14
18
14
8
0
0
2
0
0
2
2
0
4
6
6
4
2
6
4
7
2
6
10
2
4
6
2
2
2
0
2
2
0
6
2
4
0
7
0
4
2
0
2
2
4
4
0
4
4
2
2
2
6
4
0
4
6
4
2
2
2
4
8
2
2
2
4
2
4
2
4
2
4
2
0
2
4
2
4
4
4
4
4
8
2
4
2
4
6
4
2
8
2
6
2
6
0
2
0
0
2
4
2
4
2
2
2
6
4
6
0
2
2
14
2
2
2
4
4
2
6
4
4
2
0
2
2
9
6
6
8
4
2
2
8
4
8
6
6
4
2
4
6
4
6
6
4
0
2
16
2
4
6
2
4
6
4
6
2
4
4
2
4
2
2
5
2
2
4
2
2
0
6
2
9
4
2
4
6
4
2
4
2
2
2
7
2
7
6
6
4
2
7
2
4
0
6
2
10
2
4
4
7
2
4
4
9
2
6
5
6
4
8
13
2
2
2
4
0
13
2
5
6
4
2
4
0
4
6
6
6
6
2
2
2
4
6
2
6
2
2
6
2
2
2
0
2
2
4
4
2
2
2
4
2
2
4
2
2
4
9
2
6
4
6
4
6
0
2
6
4
4
4
8
2
4
2
4
4
4
0
8
2
6
0
2
0
0
2
2
6
54
44
57
16
53
40
56
56
44
40
43
44
54
39
37
55
49
39
49
48
36
28
45
44
36
27
35
38
56
42
55
48
27
40
47
44
51
46
64
45
48
37
50
47
52
33
64
44
40
60
47
49
46
44
48
50
45
50
51
54
50
38
46
53
26
41
36
48
50
49
30
47
57
51
40
45
44
51
49
49
39
45
50
31
52
43
46
50
44
53
61
36
40
54
33
45
51
47
44
61
28
53
49
60
55
45
32
56
51
41
52
53
52
46
59
35
45
48
46
50
37
46
57
35
28
52
49
53
40
34
47
49
54
42
57
45
48
43
47
51
38
56
52
44
50
49
49
51
42
53
59
45
30
42
49
51
61
63
55
46
51
49
51
61
56
44
45
40
36
50
57
34
57
46
45
49
46
42
28
48
52
54
52
43
52
36
44
52
36
33
10
29
54
29
59
14
53
40
47
34
66
66
51
64
50
50
53
35
38
57
50
50
63
59
57
62
58
58
47
55
39
47
56
42
46
51
69
44
58
45
53
49
50
47
56
43
52
57
57
49
62
33
52
42
42
46
41
50
51
40
49
54
46
52
48
46
53
30
43
45
49
57
43
46
57
3
54
1
52
3
51
61
56
52
1
61
41
53
59
47
50
47
47
46
55
45
32
56
