0
0
0
0
0
0
0
2
0
2
0
2
2
2
0
2
0
0
0
0
0
2
0
2
2
0
2
2
0
2
0
0
2
0
2
0
2
2
0
0
2
0
0
0
0
2
0
2
2
0
0
2
0
0
0
0
0
0
2
0
2
0
2
0
0
0
0
0
2
0
0
3
0
0
0
0
0
2
0
1
0
0
2
0
0
2
0
0
0
0
0
2
0
2
2
0
1
3
0
1
3
4
4
4
2
0
0
0
4
0
2
0
5
2
4
7
16
2
0
4
0
2
2
2
2
0
2
2
0
0
7
0
2
2
0
0
0
4
0
2
6
2
0
2
0
0
2
2
2
1
0
2
3
2
4
0
6
0
2
2
2
0
4
2
2
1
2
2
2
4
3
4
2
4
0
2
0
4
2
4
6
0
4
0
2
3
0
0
6
2
4
2
0
2
2
0
2
5
2
0
0
4
4
2
0
0
2
0
2
2
0
0
0
2
2
2
2
0
2
5
0
2
4
2
0
7
2
5
0
2
0
0
5
0
2
2
2
0
0
2
2
2
0
2
1
0
0
2
2
2
2
0
0
2
0
2
0
5
2
2
2
2
0
2
0
2
0
2
2
0
0
0
0
0
3
0
2
0
5
0
0
0
4
2
4
2
4
2
0
2
5
4
9
0
7
0
7
2
9
2
2
13
0
0
6
13
5
2
0
2
7
4
0
0
0
0
7
11
2
7
10
6
5
2
2
2
7
0
0
0
4
13
38
9
6
0
4
4
12
13
0
24
9
0
0
4
0
2
7
6
2
6
0
9
9
6
11
0
16
13
2
7
0
7
2
6
2
5
14
13
2
2
0
6
11
19
7
4
0
15
2
0
4
4
7
0
5
9
9
0
0
4
5
13
0
7
0
0
5
2
4
2
7
14
0
13
7
18
6
17
2
4
21
11
5
18
9
4
0
9
6
11
2
4
7
20
17
2
5
2
3
2
7
6
7
7
2
4
15
6
13
2
4
4
4
4
8
9
13
33
0
6
0
4
2
2
4
0
2
3
4
0
6
0
2
8
0
3
3
18
5
7
2
7
7
4
2
3
0
4
9
9
19
2
7
21
0
0
10
12
6
12
16
13
8
9
6
0
4
2
0
25
18
2
7
8
14
7
13
4
9
24
4
5
17
2
2
6
11
0
7
6
0
1
2
2
0
2
4
2
2
6
4
0
0
11
5
2
11
0
4
0
6
9
0
0
0
19
4
13
9
9
6
4
0
7
6
9
4
11
6
5
11
0
18
4
7
10
0
11
4
7
0
9
16
15
0
0
0
0
0
0
0
0
0
0
0
0
0
0
0
0
0
0
0
0
0
0
0
0
0
0
0
0
0
0
0
0
0
35
29
4
12
35
5
21
13
11
18
10
14
18
26
6
16
18
15
8
5
13
10
10
26
5
19
12
20
3
5
6
21
10
18
10
13
12
3
19
8
37
13
19
23
25
24
15
7
11
7
9
10
12
6
18
14
9
1
26
21
7
11
3
7
10
6
6
10
28
17
13
18
3
10
5
12
2
2
6
3
10
9
13
9
7
7
7
7
9
17
21
7
21
14
9
10
18
19
3
10
15
15
4
12
29
30
3
20
8
5
17
19
13
9
11
7
13
12
11
19
17
16
11
20
9
3
14
9
21
17
15
22
14
13
11
12
16
7
8
44
13
21
22
18
24
17
11
13
11
14
5
7
7
7
14
14
10
12
5
11
5
10
16
7
20
17
24
28
15
14
22
10
12
6
9
8
11
9
3
20
3
13
8
10
16
24
8
17
13
9
12
8
6
10
3
2
10
13
22
19
22
25
15
11
11
16
20
22
17
20
17
13
8
12
12
22
16
12
6
19
4
15
12
8
9
9
11
7
6
3
11
10
1
0
10
3
7
0
4
10
4
9
10
3
4
3
10
10
5
4
6
9
15
6
5
15
17
21
9
11
28
15
9
11
11
26
7
7
23
7
7
24
20
11
7
9
15
32
21
11
9
9
11
11
25
9
28
32
17
13
17
24
26
13
7
11
9
13
26
20
19
5
15
17
9
47
15
17
20
13
7
34
11
15
15
28
25
42
22
30
47
7
13
7
9
13
15
15
13
9
7
9
5
17
17
9
13
15
7
3
26
5
0
19
23
11
19
13
13
11
7
3
3
13
7
17
13
19
17
7
15
19
21
28
9
9
22
17
19
13
42
15
38
21
23
30
23
9
21
13
19
55
34
17
22
24
72
23
24
17
34
15
11
7
11
7
10
21
23
21
13
7
13
9
15
17
19
17
15
2
21
9
19
23
23
24
34
17
19
3
51
16
24
15
7
13
13
3
26
38
22
50
19
3
21
23
34
38
47
19
28
9
38
5
20
17
28
9
11
20
11
15
3
3
7
13
7
9
32
15
63
19
17
7
5
30
5
21
21
21
11
25
13
9
3
26
30
15
9
9
17
12
15
17
9
30
19
18
9
15
9
9
5
7
15
9
7
13
23
19
21
9
11
7
3
32
7
15
7
15
9
28
9
17
7
17
9
3
5
17
23
26
13
7
9
19
11
20
30
28
11
9
19
9
15
13
3
17
34
13
30
17
7
6
4
2
2
6
2
4
6
2
4
2
4
4
0
6
6
2
4
2
4
4
6
6
4
4
4
4
6
0
4
2
6
6
2
6
4
0
8
2
4
4
4
2
2
6
4
4
0
2
4
4
2
2
4
4
4
4
4
2
4
0
0
2
0
4
6
2
4
2
4
4
4
6
0
6
0
6
8
4
4
4
4
2
2
2
6
6
4
4
2
4
4
4
4
4
4
2
4
2
4
4
4
2
2
6
2
2
4
0
2
6
4
4
6
4
6
4
2
2
2
4
2
4
4
2
4
4
6
4
2
2
8
4
2
2
4
6
6
4
4
4
4
4
2
4
4
4
4
0
4
4
6
4
2
4
4
8
6
4
2
6
4
4
4
4
6
4
6
6
2
2
6
2
8
4
6
6
8
4
2
4
4
2
2
6
4
0
8
2
4
4
4
4
2
4
4
6
0
2
2
4
8
2
4
4
4
0
6
4
4
4
0
4
6
6
0
2
2
4
0
4
4
4
6
4
2
4
2
2
0
2
6
6
4
2
4
6
4
2
2
4
4
0
2
6
6
2
6
4
2
4
0
6
4
2
2
2
0
4
6
6
4
6
4
0
6
2
2
6
8
6
0
2
4
4
6
4
2
2
4
4
0
4
0
4
2
2
2
24
24
34
22
16
20
28
34
18
20
22
46
26
38
22
14
26
18
26
24
24
22
20
20
24
30
20
46
24
16
24
24
22
24
32
26
28
22
28
30
24
24
30
26
22
28
24
24
18
36
20
34
30
40
34
24
32
34
34
28
18
18
16
24
18
16
26
18
24
28
28
38
24
16
22
36
20
14
50
16
30
34
30
18
30
24
28
34
20
22
38
32
16
12
20
32
34
18
30
12
34
14
16
22
18
16
20
26
20
12
24
44
26
36
26
36
34
24
26
20
26
16
14
20
18
24
16
24
18
24
34
24
28
22
28
22
26
30
18
26
22
22
22
24
36
20
20
20
28
22
16
18
20
44
8
20
32
26
24
18
18
34
24
18
36
14
20
20
36
20
20
38
18
36
12
28
18
22
22
16
12
32
14
26
34
22
34
24
20
36
22
32
20
24
20
26
24
24
26
14
24
26
28
28
20
14
32
16
26
16
22
12
16
30
12
32
16
28
52
28
20
28
14
16
16
22
26
12
38
36
20
18
22
28
14
22
24
20
30
12
30
22
14
22
34
26
28
18
32
20
26
26
22
18
22
28
8
32
12
24
28
18
22
22
10
28
18
24
20
24
22
26
26
24
22
24
16
26
24
32
18
12
18
28
28
20
24
22
1
1
1
3
5
0
0
3
4
1
0
1
3
0
1
0
0
0
3
1
1
0
3
1
0
1
0
0
0
1
1
1
0
1
3
0
0
3
0
0
0
0
1
0
3
1
3
1
0
0
0
0
0
0
3
1
1
0
3
1
7
1
1
1
0
1
3
3
1
0
1
0
5
0
1
3
3
0
1
0
0
1
1
1
8
0
0
0
0
0
3
3
0
1
0
0
1
1
1
1
1
1
3
0
0
0
3
0
0
3
0
1
3
2
1
0
0
6
7
3
3
3
0
3
0
0
8
0
1
1
0
0
1
7
1
0
0
0
5
0
3
0
3
3
1
1
1
0
1
1
5
1
1
0
1
0
1
0
1
0
1
10
0
1
3
0
1
1
0
8
5
0
3
1
5
1
1
1
6
1
1
1
0
0
1
1
0
0
1
0
0
3
0
0
1
3
1
5
1
1
1
0
0
0
0
1
0
3
0
6
0
3
0
3
0
1
0
1
0
1
5
3
0
1
1
6
0
1
0
0
1
0
0
0
0
3
0
1
1
3
1
5
1
0
3
0
3
0
1
1
0
0
0
0
0
1
0
1
0
0
1
0
0
0
0
1
1
3
1
3
3
1
3
1
1
1
1
0
3
0
1
3
6
0
0
3
1
0
0
1
1
3
0
0
3
0
3
3
1
1
1
1
1
0
3
1
1
1
0
1
3
1
1
3
0
0
0
3
1
1
0
0
1
3
1
3
0
1
0
0
1
3
0
0
0
1
1
1
3
0
0
3
1
1
0
1
3
7
1
1
0
0
1
1
0
3
3
1
1
0
1
4
1
1
3
2
3
0
0
0
0
1
1
1
0
3
0
0
1
5
1
0
0
1
1
0
1
0
0
1
0
5
3
3
1
0
3
1
1
1
1
1
1
0
5
1
1
0
0
1
1
4
1
0
3
3
4
1
1
1
1
0
1
0
0
3
0
3
1
0
0
1
3
0
0
1
0
0
0
0
1
0
0
5
1
0
0
1
0
1
0
3
1
3
3
1
3
1
3
1
0
0
0
3
1
1
1
1
1
0
0
1
1
5
1
0
1
0
1
0
0
0
0
0
1
0
1
0
0
0
1
1
1
1
1
0
3
0
1
0
0
1
3
3
0
3
1
1
1
3
0
3
3
0
0
1
0
1
1
1
3
1
3
1
3
0
1
0
3
1
0
3
1
3
3
0
1
1
1
1
3
3
1
0
1
1
3
0
0
0
0
1
0
3
0
0
0
3
1
0
3
0
0
3
3
0
0
1
1
0
1
1
1
3
0
0
30
11
20
14
62
25
36
18
22
44
16
24
42
51
18
18
48
33
59
48
24
69
24
54
20
34
11
11
25
27
18
26
16
50
21
36
14
20
66
34
20
29
69
42
29
34
47
56
56
23
27
33
54
62
45
45
31
27
46
65
47
14
3
11
34
21
22
23
38
22
41
34
63
34
52
35
15
55
51
18
30
70
51
72
24
29
59
23
30
31
39
60
43
68
46
39
65
51
52
65
43
72
54
69
50
29
40
58
65
37
47
43
33
75
62
35
73
65
52
65
66
64
55
60
49
28
63
56
73
62
69
74
37
46
52
72
53
55
52
64
75
59
72
64
57
54
44
67
62
39
67
70
36
67
37
60
75
40
45
37
58
23
51
51
32
51
26
38
51
63
44
39
43
54
80
44
51
47
48
50
53
61
54
63
62
32
36
52
53
66
56
28
39
49
48
47
55
76
44
34
26
38
46
77
49
68
58
70
43
58
69
42
42
36
74
31
41
49
39
33
24
55
61
42
42
35
48
53
57
45
39
45
45
27
32
38
39
48
27
44
34
27
41
42
39
26
30
27
27
34
36
40
39
43
35
39
46
42
47
44
43
31
38
42
36
36
36
42
2
52
40
43
29
17
28
35
44
34
22
24
41
28
32
27
20
38
29
34
6
2
2
14
6
8
4
12
2
2
10
8
8
6
10
4
10
33
63
14
6
6
4
4
8
10
12
8
59
6
2
6
14
4
2
2
4
6
4
4
6
2
6
4
4
4
4
4
4
6
8
8
4
14
6
29
22
8
6
4
4
4
4
18
6
14
6
2
31
4
6
35
2
33
0
2
4
2
47
8
6
2
6
4
6
39
6
6
14
8
2
6
10
8
2
55
8
16
2
27
31
4
14
4
8
6
37
63
18
2
6
27
8
47
4
4
27
24
43
6
6
12
53
2
67
39
2
8
8
4
10
4
8
2
56
14
4
21
6
8
4
51
8
4
2
4
6
4
10
4
4
4
4
41
64
4
39
16
12
4
12
6
8
52
4
12
41
4
6
6
37
2
6
8
4
8
4
25
12
4
27
6
2
0
4
4
6
4
6
4
6
4
8
8
10
6
12
8
4
6
16
4
6
8
31
43
54
6
6
53
57
4
4
8
12
6
12
6
2
63
12
6
8
4
51
10
8
6
4
4
10
47
6
2
6
10
18
4
17
8
12
51
23
6
37
4
4
10
4
6
6
6
29
2
6
37
4
4
6
4
4
4
10
6
16
8
10
4
8
14
4
4
10
6
2
8
6
6
8
4
8
6
2
8
8
55
41
10
