30
36
35
35
19
32
17
25
29
32
38
5
40
18
13
39
39
18
36
33
51
34
28
45
23
24
25
16
45
28
52
37
22
74
31
15
5
20
36
22
26
15
49
21
21
14
22
62
74
34
14
39
23
30
15
33
24
22
28
28
26
20
49
35
35
38
21
28
14
36
52
28
19
10
11
51
31
35
59
41
36
48
42
16
28
30
26
36
30
42
43
50
39
40
34
23
24
21
4
63
36
48
14
19
58
29
29
29
30
26
53
39
76
25
35
35
24
26
17
25
28
21
36
29
27
36
31
24
45
43
30
57
38
32
35
31
24
39
50
37
54
19
53
25
51
71
59
56
51
26
75
21
36
69
28
39
42
26
27
22
45
48
35
44
36
33
37
52
71
36
68
49
33
26
73
11
19
30
62
33
19
48
44
47
84
69
14
34
34
45
10
21
34
54
75
55
40
19
34
40
34
28
53
35
27
63
45
34
20
42
42
53
44
46
26
31
29
36
40
11
24
40
26
15
51
50
30
44
17
21
23
12
28
26
18
15
28
25
31
23
25
38
26
12
17
40
32
17
23
24
17
11
28
20
23
26
22
10
23
21
8
18
28
11
10
20
23
36
22
14
15
14
18
3
28
22
37
13
9
29
26
15
25
15
51
23
10
39
37
17
13
6
31
18
13
27
0
19
8
17
9
13
20
24
26
17
13
17
11
13
7
15
8
18
6
17
19
21
22
33
17
17
13
24
25
19
9
23
24
18
28
25
21
15
37
15
28
21
31
17
28
60
19
54
11
13
27
19
9
71
19
31
30
47
22
22
28
23
29
17
17
43
43
28
28
13
42
29
0
38
33
35
40
28
30
24
28
48
77
28
0
31
35
29
35
24
33
29
39
40
22
69
15
44
20
52
83
39
15
29
23
56
42
33
33
34
37
27
28
47
26
61
32
57
34
34
50
0
46
49
26
52
36
72
27
28
11
68
0
11
17
28
39
19
19
0
23
45
38
47
73
54
21
15
30
41
36
41
50
39
36
44
22
21
37
45
24
23
15
19
61
32
29
41
40
21
28
9
44
26
22
51
46
27
50
33
19
46
19
25
27
63
35
37
35
41
32
81
19
34
52
45
57
45
28
45
17
33
44
19
30
73
50
47
38
56
25
19
43
22
25
19
58
47
53
29
32
37
47
42
46
15
31
40
23
41
53
24
32
37
33
43
21
35
34
4
21
23
17
12
29
21
24
45
24
16
27
20
0
24
18
38
23
22
22
30
19
28
21
13
17
10
0
18
24
44
25
9
32
16
14
16
28
18
26
7
2
0
0
0
0
0
6
2
0
2
2
0
0
0
4
2
0
2
2
4
2
2
2
0
8
4
0
4
6
8
0
0
2
6
2
0
0
0
0
0
4
2
0
2
4
0
4
0
0
2
0
0
6
0
4
4
2
0
2
2
6
0
4
4
0
4
4
2
0
0
0
0
6
0
0
0
2
2
6
0
8
2
4
0
2
0
0
0
4
2
6
2
0
0
0
2
4
0
4
2
4
2
2
0
2
0
2
2
2
0
4
0
4
2
8
8
0
2
2
0
2
0
2
2
2
4
4
6
0
0
4
2
4
0
2
6
6
2
0
2
0
0
2
6
2
4
0
0
4
0
2
4
0
8
4
2
2
4
2
4
2
4
2
2
0
2
4
0
0
2
15
2
6
2
2
0
2
4
13
4
8
4
10
4
0
4
4
0
4
4
0
2
4
0
0
0
8
2
4
0
4
4
2
2
2
0
6
2
4
0
6
2
2
2
6
2
2
2
2
2
4
0
6
0
2
4
6
0
4
4
2
2
0
4
6
8
4
0
0
4
0
0
4
2
8
4
4
2
0
4
6
2
0
2
2
4
12
2
6
2
4
2
2
6
6
0
2
4
2
0
2
0
2
4
4
0
0
2
6
0
6
2
2
0
0
0
0
2
4
2
0
6
2
0
4
11
2
4
6
0
2
4
4
2
0
2
2
0
6
4
2
4
2
4
4
2
8
4
2
2
2
2
2
0
2
4
4
0
4
2
2
6
4
8
2
2
0
6
2
2
0
2
6
2
0
2
0
6
4
0
4
2
2
2
2
4
2
0
6
6
4
2
0
2
0
2
4
6
0
2
0
2
2
0
0
2
2
0
0
10
2
2
0
2
2
4
2
0
2
0
2
4
0
9
4
0
0
2
4
4
4
6
4
2
0
6
2
2
2
2
0
2
0
2
2
6
4
2
2
4
2
4
2
4
5
2
4
0
4
6
6
6
11
0
4
4
2
6
4
0
13
0
2
4
4
4
4
16
2
2
4
2
2
2
0
2
4
4
8
2
14
2
6
4
4
4
0
6
4
6
4
4
4
6
2
6
0
6
6
4
10
2
6
4
6
2
4
0
0
2
4
4
2
0
4
2
2
2
0
2
2
4
6
0
2
6
4
2
2
2
2
2
0
0
2
4
2
0
2
4
10
2
6
4
0
0
0
0
6
10
2
6
0
2
8
0
2
2
2
4
2
0
2
4
2
4
4
0
4
2
2
4
4
2
0
4
4
4
4
4
2
4
0
4
2
9
0
2
2
4
4
6
4
4
2
2
34
20
11
36
32
29
30
37
48
45
23
7
26
49
17
8
23
47
15
34
20
34
13
17
12
30
21
19
11
7
27
30
14
18
46
11
21
33
19
38
28
52
11
11
29
48
25
43
11
40
11
28
15
52
36
24
4
21
11
17
14
22
11
53
23
31
41
20
11
12
20
16
12
19
12
7
21
9
5
17
11
34
13
18
13
24
6
16
8
18
21
35
32
28
22
23
13
11
22
19
26
2
19
14
52
32
43
28
22
39
20
7
47
79
25
25
32
23
12
19
34
22
33
18
26
28
22
36
13
25
28
27
15
2
21
9
23
35
23
24
13
25
30
9
21
16
40
15
27
27
19
18
23
9
19
9
21
26
17
21
29
34
26
12
17
4
25
19
51
34
21
9
17
21
35
25
27
10
24
42
14
11
49
37
14
33
26
28
13
14
33
20
20
13
11
38
27
19
18
25
21
28
9
7
9
8
28
24
24
29
6
40
29
21
21
96
43
24
20
23
29
25
12
25
11
34
35
73
16
24
36
9
26
40
21
36
39
36
28
18
13
26
19
15
40
24
36
28
63
24
17
68
13
46
24
35
41
17
25
25
20
25
34
58
24
22
23
18
44
47
42
12
29
28
16
23
18
58
20
35
17
16
15
13
18
14
22
18
0
4
0
0
4
5
5
2
5
4
2
2
2
2
4
2
3
5
2
0
4
0
0
4
5
2
12
2
6
5
2
4
5
2
0
0
4
6
6
0
4
3
4
0
0
0
2
7
2
0
12
0
0
0
10
6
2
4
4
0
2
3
1
0
0
2
3
2
4
2
2
0
2
0
3
5
2
0
0
8
2
2
0
2
2
5
2
2
5
2
3
2
4
8
0
2
5
3
0
3
0
2
5
4
0
4
0
2
2
8
2
2
5
0
4
7
3
7
5
3
4
0
4
3
3
4
8
4
5
0
10
5
2
6
5
14
0
5
3
5
3
4
7
5
7
9
4
2
5
1
4
2
0
0
2
5
0
7
44
2
2
2
2
7
4
5
4
4
3
8
4
0
2
2
0
2
0
10
0
0
0
2
5
2
0
3
3
5
5
5
0
2
0
5
2
10
4
10
0
5
9
0
2
5
4
2
3
8
2
4
0
0
0
2
5
8
5
0
7
0
5
7
2
0
0
0
3
4
0
2
0
0
2
10
2
2
3
2
5
2
5
5
0
0
2
2
2
4
1
2
3
4
2
3
2
0
3
2
3
2
2
2
2
9
1
2
0
5
0
7
2
2
9
6
6
2
8
4
2
7
2
5
4
2
5
5
4
4
8
0
8
8
15
8
2
2
6
4
2
2
6
4
3
4
2
6
4
6
0
12
8
4
2
8
0
0
6
2
2
15
13
4
7
16
4
3
1
18
9
2
6
11
8
5
5
6
1
0
8
5
6
3
6
2
6
14
7
5
8
19
2
6
13
3
4
8
2
2
10
4
2
2
3
2
6
8
0
0
7
6
4
15
2
4
4
5
6
8
4
2
6
4
2
4
4
4
6
8
4
6
8
2
10
6
2
6
4
0
4
6
9
10
6
4
2
2
4
11
6
4
4
4
4
2
6
7
2
7
2
4
2
6
5
6
6
2
4
6
4
6
6
2
4
4
14
6
4
5
14
2
4
5
3
4
5
7
8
3
4
4
7
4
6
4
0
0
0
0
3
8
4
4
13
7
4
6
4
6
2
7
0
5
5
5
9
4
2
2
14
5
6
4
12
4
8
10
2
2
6
2
14
8
8
4
5
5
6
15
10
0
4
28
4
0
2
4
4
4
9
6
6
2
8
5
10
6
4
4
2
2
15
4
2
8
7
5
2
2
2
0
9
8
8
0
2
5
6
6
8
6
12
8
0
8
15
4
13
4
8
4
6
6
2
4
4
3
3
6
6
6
4
2
2
6
5
4
4
6
2
6
6
6
15
6
6
8
0
25
18
16
0
0
21
12
27
33
25
29
2
22
22
0
0
0
26
0
36
23
30
0
19
23
0
0
8
16
19
13
27
27
26
0
28
29
20
20
16
0
0
33
36
13
9
29
22
28
21
19
19
0
0
6
37
22
21
19
16
25
25
19
0
0
0
28
26
35
22
26
33
19
15
15
0
0
0
2
31
27
31
0
0
22
15
20
0
0
3
38
30
19
22
0
0
21
26
11
0
0
21
42
38
24
30
0
25
26
0
22
0
0
0
28
24
23
26
0
2
26
18
1
0
0
18
32
0
21
25
0
12
26
20
13
0
0
0
32
28
12
25
0
31
23
16
18
0
1
27
30
4
21
25
0
1
19
24
24
0
0
0
27
0
3
29
0
42
24
26
0
0
0
3
0
29
26
0
0
25
0
0
1
14
17
0
23
36
0
0
0
30
24
19
20
14
0
0
25
43
28
0
0
1
21
18
23
0
0
36
25
0
31
28
21
19
19
0
0
16
24
3
0
27
32
0
0
33
22
14
0
23
0
1
23
0
57
0
0
37
20
14
32
2
14
30
31
35
47
26
23
31
35
5
10
20
0
37
44
73
20
38
0
7
27
0
21
0
0
46
16
58
37
0
0
0
3
32
0
23
30
32
75
0
0
0
0
7
2
8
60
0
32
9
2
2
49
5
7
3
2
5
0
0
30
6
5
94
0
79
24
14
10
16
7
2
4
7
7
5
5
11
5
0
4
16
2
0
6
6
2
2
0
79
17
66
5
60
3
2
9
9
2
72
6
78
20
0
0
2
0
5
39
0
2
9
5
7
9
10
4
47
38
8
87
16
22
11
71
60
0
5
1
46
0
4
0
2
4
2
3
80
3
3
0
2
0
2
0
3
68
0
0
4
6
74
4
0
48
0
0
3
6
3
9
2
46
84
2
48
4
4
0
0
21
49
2
7
2
5
2
7
2
2
0
2
0
3
2
7
0
1
0
83
5
43
0
0
0
73
0
0
5
0
0
2
0
4
0
0
0
2
0
0
2
64
5
2
35
0
2
0
0
4
0
17
1
0
47
3
2
0
49
0
0
3
0
2
0
2
2
5
2
2
2
0
0
2
4
9
0
9
0
2
2
3
3
7
0
0
55
6
9
4
6
5
1
3
8
90
0
7
2
6
52
36
1
31
2
3
27
0
5
0
0
16
42
40
4
34
0
0
4
0
31
12
0
0
49
33
0
6
0
1
0
1
26
7
0
2
46
35
28
39
5
3
39
0
10
9
8
7
0
8
42
4
0
24
0
21
0
0
2
43
0
5
7
1
3
5
1
3
1
15
3
9
2
5
11
5
15
3
9
3
1
9
5
9
15
13
9
13
3
7
5
22
5
7
3
17
7
3
5
5
1
13
11
13
1
7
3
5
9
9
28
3
5
9
17
13
13
5
11
2
7
1
3
1
0
1
1
7
3
1
3
11
5
3
5
5
25
5
1
5
3
3
3
1
15
37
9
5
3
1
32
7
7
5
28
1
7
3
1
3
3
13
3
3
9
5
3
7
7
11
5
3
3
3
5
13
7
1
3
3
5
3
3
28
3
3
3
1
3
5
1
1
5
5
7
5
1
30
18
19
20
3
1
5
1
21
3
3
1
1
9
12
20
3
26
5
5
7
7
7
5
27
5
1
5
7
3
1
32
5
1
38
3
3
32
42
5
7
3
0
30
7
1
5
3
3
7
3
3
5
1
1
5
5
13
14
5
11
7
15
7
7
9
5
9
11
11
15
9
9
13
31
14
5
11
9
11
5
7
11
7
7
9
5
13
11
9
11
5
5
7
3
13
11
5
7
11
7
5
9
13
9
11
7
3
7
5
1
7
11
11
18
7
11
13
5
11
13
3
9
1
11
7
9
11
9
7
15
13
7
9
11
20
17
13
7
17
7
11
9
11
7
9
11
7
7
13
7
15
