0
0
7
6
0
0
0
0
4
0
0
0
0
0
6
6
0
6
0
0
6
2
0
0
6
6
6
10
0
2
6
6
6
0
0
0
0
2
4
2
0
0
4
0
0
2
0
2
2
8
0
2
2
8
0
2
0
2
0
0
0
6
0
4
6
8
6
0
10
2
4
0
0
2
2
0
0
2
0
92
0
2
0
0
2
6
10
0
2
2
0
8
2
8
0
0
6
6
2
4
4
0
2
4
2
0
2
0
0
6
0
4
2
2
6
6
0
2
2
2
4
6
0
6
4
0
0
8
8
0
2
2
0
9
4
2
4
2
0
4
2
2
2
2
87
4
2
6
0
0
6
0
0
2
2
0
0
8
4
0
0
0
4
6
6
0
0
2
88
5
0
2
0
0
2
6
6
2
0
95
6
0
4
0
0
0
0
8
6
0
0
2
2
0
6
0
0
0
0
0
6
98
0
0
8
0
0
6
0
6
2
5
0
2
0
0
14
0
6
0
4
4
8
4
2
2
0
0
6
6
8
2
0
0
6
6
2
0
8
2
6
6
0
0
0
4
6
6
6
0
0
0
4
6
6
0
0
0
6
8
0
0
4
98
6
8
4
2
6
0
6
0
6
6
2
2
6
8
0
0
0
4
0
0
0
0
4
6
13
6
0
6
15
6
10
4
8
4
4
4
6
2
2
9
8
2
2
8
4
6
11
2
8
2
2
6
6
4
6
4
8
8
8
12
4
4
4
2
2
5
8
6
6
17
15
10
8
13
10
12
4
11
6
10
12
8
10
11
8
11
6
8
11
10
11
8
8
10
17
17
8
25
20
13
17
13
13
10
13
13
15
8
17
8
13
21
17
13
17
21
21
15
12
13
21
12
19
15
17
13
13
17
17
15
11
15
13
13
13
15
8
6
17
8
11
21
19
23
12
12
19
21
12
19
13
13
17
11
23
11
23
10
30
17
10
21
21
12
15
11
8
21
27
11
13
13
23
11
31
30
15
19
31
14
12
17
28
31
8
21
10
27
11
21
15
30
21
21
13
23
11
19
17
13
27
12
23
4
15
17
13
15
13
31
4
32
15
19
21
23
8
21
23
29
23
15
29
4
18
15
13
11
10
11
9
7
15
4
11
11
13
6
4
13
6
9
8
11
10
12
4
2
8
17
2
6
10
10
6
8
10
6
10
8
8
10
8
8
4
9
6
4
8
11
13
6
8
10
6
12
4
8
6
6
9
6
11
0
2
8
6
8
7
11
6
13
2
4
8
6
13
6
2
8
10
6
7
6
9
4
2
13
6
4
8
10
52
74
87
65
49
50
83
62
77
68
52
51
77
54
53
54
76
50
83
81
80
48
78
67
50
61
73
87
62
75
63
79
66
62
65
79
69
63
82
76
48
83
58
50
73
75
63
67
68
79
33
49
59
60
79
79
59
85
54
74
71
61
67
78
49
79
75
88
72
48
60
61
69
84
79
68
37
73
64
58
49
82
51
68
78
78
62
56
72
77
85
85
62
69
67
63
81
74
39
79
75
38
53
55
77
75
76
85
41
83
83
58
82
50
74
65
86
79
70
73
64
48
65
78
79
76
48
68
78
49
66
80
84
67
81
61
74
69
74
56
77
51
77
84
85
77
53
90
86
81
57
80
65
78
68
74
79
76
63
69
46
79
48
72
53
59
77
80
72
66
65
53
80
51
61
85
52
54
78
74
81
75
71
60
77
72
61
87
68
57
58
62
64
55
79
63
76
66
60
44
68
69
55
63
82
74
72
49
77
55
50
72
46
46
56
74
72
81
61
71
85
86
71
64
78
70
57
67
74
82
65
83
58
62
73
61
48
60
80
90
77
77
70
60
66
81
62
90
81
55
79
57
77
49
84
45
48
65
85
74
64
74
80
77
79
73
62
81
48
63
64
80
89
91
71
89
87
86
89
70
62
89
72
71
81
84
75
77
2
4
4
0
3
2
4
2
0
2
2
0
13
0
0
4
2
5
4
4
2
0
4
19
6
2
0
2
4
2
3
0
4
2
4
0
4
0
2
2
4
4
4
4
4
0
6
4
0
2
2
2
4
0
6
0
2
0
6
7
2
2
15
4
0
4
0
0
23
0
7
4
2
5
5
2
0
2
7
13
0
1
0
4
4
0
1
4
2
2
0
2
2
4
4
5
2
0
2
2
0
2
2
2
2
4
4
2
2
5
5
2
2
4
2
7
2
5
2
4
2
6
2
2
2
15
4
0
2
2
2
4
7
2
3
0
0
3
0
7
2
4
2
2
2
2
4
2
0
2
4
6
5
2
6
0
2
4
0
2
0
4
2
2
2
4
2
4
2
2
2
2
1
17
7
2
2
4
5
0
2
2
4
2
5
2
4
3
15
0
7
2
0
2
4
4
2
2
4
4
2
0
2
2
0
0
2
2
2
0
2
2
4
5
2
2
15
7
4
3
4
2
5
6
0
2
4
19
7
2
2
4
9
0
4
2
2
0
2
0
2
2
0
2
5
2
1
4
7
4
2
5
4
0
5
4
2
0
17
7
2
4
2
0
4
2
2
3
4
2
2
2
2
4
7
2
4
2
0
2
1
2
4
2
2
3
2
0
2
4
17
0
4
0
4
4
5
4
2
4
23
3
0
3
2
2
2
4
4
2
2
17
2
0
2
6
2
3
2
5
2
0
4
0
3
6
2
5
2
0
2
0
4
2
0
2
2
17
2
4
2
2
2
2
5
2
0
2
4
21
2
5
0
0
3
2
2
0
0
0
2
2
2
0
7
7
0
2
5
2
2
4
2
0
2
2
0
6
3
2
0
4
5
0
2
2
0
2
19
2
4
0
2
2
2
2
4
2
4
0
4
2
5
2
2
4
2
2
2
6
2
3
3
4
2
2
2
2
23
4
2
0
0
2
0
2
0
7
2
4
0
4
2
2
4
3
0
2
2
2
7
2
0
2
4
5
6
0
4
0
2
1
3
2
2
2
2
0
2
4
4
0
5
0
19
2
4
2
2
2
5
0
0
4
4
2
19
2
6
4
19
4
4
0
2
0
2
4
4
4
0
2
3
4
19
2
2
2
2
3
2
4
3
7
2
2
2
0
4
2
5
0
0
2
15
0
2
0
19
2
0
2
2
0
19
1
4
2
2
4
0
2
0
2
3
3
5
6
2
4
0
4
2
0
4
3
0
2
2
0
4
7
2
4
2
6
4
2
2
2
0
0
5
7
0
2
4
6
19
4
2
2
0
0
4
2
7
9
17
13
2
11
11
7
7
15
13
3
13
5
19
13
9
9
1
9
5
7
9
11
15
11
7
13
15
11
9
13
7
11
13
21
9
21
11
9
13
7
13
7
9
11
13
9
13
7
17
23
17
19
9
13
11
11
27
9
29
7
11
11
31
15
7
13
17
29
15
15
15
13
9
13
11
37
27
29
19
35
17
21
21
37
15
21
19
25
29
46
15
11
15
15
21
21
31
33
25
17
21
11
29
19
17
23
5
23
15
9
7
17
11
21
23
27
15
13
9
17
25
15
17
13
29
31
13
5
11
23
23
25
35
9
27
9
9
19
23
11
21
5
19
21
17
17
27
13
9
31
11
41
31
25
37
40
23
11
7
9
35
17
25
29
13
21
37
21
34
17
9
17
11
25
13
11
17
13
27
17
27
33
34
27
11
29
19
9
23
13
11
29
9
13
29
27
17
15
38
34
7
17
35
41
17
13
5
11
15
15
13
17
19
27
15
11
17
19
9
13
9
11
17
15
13
9
19
19
9
21
7
19
21
35
31
9
13
25
25
15
13
9
17
9
15
29
9
21
27
35
15
19
9
9
21
31
7
9
11
13
9
19
21
19
3
33
15
17
9
15
27
7
23
13
11
25
31
27
25
9
25
25
9
11
9
25
11
6
11
9
9
6
0
10
15
0
0
11
1
7
6
13
0
10
0
7
11
0
13
0
9
6
6
0
0
6
0
17
9
10
0
0
8
0
12
4
5
4
7
5
0
8
8
3
9
7
15
0
0
13
0
0
6
13
6
8
7
0
8
9
4
7
0
0
12
9
6
8
0
3
6
1
9
4
8
0
10
8
0
22
10
7
0
16
8
0
7
5
0
13
0
3
0
6
0
1
21
0
12
2
6
14
8
5
10
1
1
7
0
16
4
1
5
0
18
0
19
2
17
0
13
0
0
4
6
3
0
9
0
7
18
2
0
0
6
6
5
5
0
12
1
8
3
0
7
2
0
5
1
1
5
7
4
7
0
3
5
3
4
6
0
0
16
10
2
3
1
11
0
4
0
0
6
0
0
10
0
6
10
0
8
0
9
8
7
12
0
9
0
8
10
0
3
0
7
0
0
6
3
8
0
15
5
7
0
1
0
0
7
5
11
18
8
15
9
4
0
15
5
0
0
0
6
10
0
12
0
8
8
4
2
1
7
0
9
1
7
0
12
13
1
2
5
0
6
8
10
0
8
1
10
5
3
7
14
6
7
0
15
8
0
10
0
10
1
0
7
0
4
8
0
0
16
9
1
0
6
7
0
6
11
5
0
0
4
8
6
10
10
4
2
6
8
2
10
6
10
6
6
8
8
6
6
6
8
6
6
2
6
4
4
6
6
8
4
2
8
2
8
10
6
10
4
10
4
10
6
8
0
10
4
12
10
8
10
8
8
4
4
6
6
6
10
4
6
6
8
10
6
6
8
10
8
8
10
6
10
8
6
2
8
6
6
6
4
2
6
4
4
12
6
12
4
2
4
10
6
6
10
2
6
2
10
0
10
4
4
8
8
10
6
6
8
6
6
4
8
4
8
8
4
6
6
4
6
6
4
6
6
4
4
2
6
4
4
6
4
6
4
0
6
4
12
4
2
8
6
4
8
8
4
6
4
6
8
6
4
4
2
6
4
6
6
4
4
6
4
14
4
2
4
6
6
8
8
4
6
6
2
6
6
4
4
8
6
6
8
6
4
6
6
6
2
8
2
4
10
12
4
6
10
0
6
8
12
6
8
4
8
10
8
8
6
6
6
2
4
6
4
2
8
8
8
10
6
8
6
6
8
4
8
10
4
6
6
6
4
6
6
6
6
6
4
8
6
8
6
8
6
8
4
8
4
6
8
6
8
4
8
2
8
6
8
2
2
6
4
6
6
6
2
10
2
2
10
8
6
4
6
4
4
6
6
6
4
2
8
6
8
6
4
4
2
5
1
1
4
2
2
0
0
4
2
5
2
0
0
2
2
0
1
4
0
0
6
4
4
0
5
2
0
17
4
2
2
2
7
4
0
0
1
2
3
2
1
4
1
1
36
0
2
4
2
2
2
0
0
2
4
19
6
0
4
2
4
2
0
2
0
2
2
3
1
2
2
4
2
2
6
0
0
0
0
0
4
0
4
4
3
0
5
0
2
3
2
0
2
1
1
0
2
4
0
4
2
0
2
5
5
7
4
0
1
20
0
3
0
3
1
2
2
1
0
33
3
0
6
2
2
4
1
5
5
2
2
2
2
0
3
0
0
1
1
5
1
2
3
0
1
1
4
4
1
2
6
1
1
7
0
2
3
4
1
4
6
3
3
2
5
0
2
3
5
5
4
2
4
3
19
0
2
0
4
1
0
2
0
2
3
7
3
15
2
3
1
3
19
0
4
3
0
4
5
1
2
3
3
3
5
4
2
2
0
0
2
5
0
0
4
1
2
0
2
4
1
0
3
4
3
0
0
2
0
1
4
5
2
5
1
1
2
0
4
3
0
5
0
2
4
3
4
7
1
5
2
1
0
0
0
0
4
2
3
3
4
1
0
2
1
4
1
1
5
2
2
2
4
3
0
0
2
0
2
4
2
4
2
0
4
0
24
20
6
29
24
6
15
25
21
19
32
19
24
16
9
18
19
19
22
27
20
31
36
26
24
16
30
27
20
16
21
25
32
22
17
13
43
21
24
21
36
14
24
14
48
20
20
23
21
17
19
22
13
23
23
22
23
20
25
6
38
29
23
13
16
12
24
51
29
22
42
21
17
49
49
13
44
18
16
27
36
19
24
23
20
17
31
31
72
14
18
14
22
24
28
39
24
16
12
22
11
16
44
23
22
19
19
15
14
18
31
23
16
15
18
21
19
14
44
26
28
23
31
15
15
12
11
48
22
30
17
31
19
18
17
38
16
16
29
35
19
16
15
27
21
22
26
20
21
23
22
30
39
19
21
37
20
26
14
28
16
19
20
35
24
26
20
16
16
24
30
32
12
15
37
61
24
26
16
38
18
19
21
13
15
14
22
29
19
23
32
22
20
17
20
36
25
24
29
22
31
20
29
21
16
19
29
21
36
13
19
18
10
20
36
24
19
20
30
24
20
17
20
18
39
23
21
40
21
18
14
32
19
22
16
22
20
14
12
54
55
12
43
27
40
16
18
19
16
29
18
35
20
16
43
37
16
17
25
58
45
16
23
24
27
21
42
20
25
25
25
31
39
18
15
13
17
31
15
34
13
15
20
34
21
18
14
17
