0
29
2
0
0
13
23
6
0
0
35
18
4
0
27
0
23
6
0
27
0
4
25
0
2
34
0
15
0
0
13
23
2
0
25
64
0
2
16
0
2
21
70
0
4
2
6
4
2
23
0
2
37
0
12
2
15
0
0
27
48
2
2
53
4
41
32
0
0
31
12
0
19
0
16
4
0
2
0
36
2
0
11
50
0
13
40
0
2
0
32
19
56
0
0
28
4
0
17
21
2
0
14
25
4
36
2
0
2
2
19
0
0
28
13
6
41
40
19
17
8
0
49
22
26
2
6
0
35
0
4
42
25
48
33
2
26
0
0
36
23
78
39
23
0
46
2
2
30
0
19
0
7
75
8
2
0
21
13
25
44
2
2
11
2
2
71
0
19
5
16
19
32
13
71
4
21
32
27
0
2
2
13
27
2
0
0
56
45
2
0
61
8
19
19
0
43
4
18
0
25
31
0
2
15
0
19
23
2
15
27
8
35
42
24
10
4
2
2
34
2
0
17
0
13
0
0
21
9
0
7
23
13
0
2
4
12
2
10
15
4
13
0
17
0
2
26
25
24
2
44
47
0
58
6
2
60
35
24
27
0
0
0
37
25
16
2
4
14
15
2
12
11
2
17
0
13
15
2
51
0
0
0
10
34
35
4
0
0
2
4
4
4
10
0
8
4
2
0
2
2
4
2
4
6
4
4
2
2
0
4
2
2
0
2
2
6
13
2
4
0
0
0
0
2
2
0
2
58
0
0
0
0
0
0
0
0
0
0
0
0
2
0
2
0
0
81
2
0
2
2
0
0
0
0
2
2
2
0
0
2
0
2
2
3
19
0
4
0
4
0
2
0
2
0
4
2
4
2
0
2
2
0
2
0
2
0
2
6
2
2
4
0
2
2
2
0
6
4
17
6
2
2
4
2
0
2
4
2
2
0
11
4
2
2
2
0
4
2
0
2
0
0
0
0
2
86
0
0
0
0
4
2
0
0
4
2
4
2
0
0
0
2
4
6
0
2
2
0
2
0
4
2
0
4
0
2
4
2
2
0
4
2
0
2
4
2
4
0
2
2
2
2
27
2
2
0
0
4
2
0
2
4
0
2
4
0
2
2
2
4
2
0
0
9
2
0
8
0
4
0
4
0
2
0
0
2
2
6
0
2
2
2
0
0
4
0
0
0
0
6
4
4
4
0
0
0
0
0
2
0
0
2
88
0
0
6
2
2
2
4
4
0
0
6
2
2
0
0
0
4
30
2
0
0
0
2
2
2
4
0
4
0
2
4
0
0
0
4
2
2
4
0
2
2
0
0
0
0
0
0
0
0
0
0
0
0
0
0
0
0
0
0
0
0
0
0
0
0
0
0
0
0
0
0
0
0
0
0
0
0
0
0
0
0
0
0
0
0
0
0
0
0
0
0
0
0
56
11
16
13
0
12
26
30
42
27
52
39
16
58
29
54
30
13
33
54
41
20
29
73
45
37
72
83
45
40
71
39
25
22
16
41
63
0
46
23
27
17
45
11
41
31
18
41
77
36
30
53
27
0
36
12
24
68
37
42
18
34
41
76
35
61
23
29
16
20
27
31
39
41
45
48
46
49
13
27
72
11
45
17
19
50
36
20
36
7
26
32
61
18
46
40
18
16
57
25
41
59
32
34
9
56
4
13
58
41
45
20
25
77
79
50
29
52
20
25
61
19
36
14
35
25
41
43
36
28
22
30
34
34
45
39
41
0
11
22
35
61
68
24
68
32
29
38
80
27
36
10
16
15
25
44
64
23
37
45
78
38
36
19
17
12
22
47
25
0
27
10
39
27
39
47
16
19
22
11
32
25
16
33
33
14
17
0
46
9
6
14
10
5
7
25
21
23
10
34
13
20
22
23
12
9
3
5
20
9
15
7
2
11
16
16
10
7
0
0
4
18
14
3
13
19
7
3
11
25
5
7
8
10
2
1
12
4
0
4
0
2
0
4
0
2
4
4
4
2
2
2
2
2
4
0
2
2
0
0
0
2
0
0
2
0
2
0
4
4
2
2
2
0
6
6
4
4
2
2
2
2
2
4
0
2
2
2
2
2
0
2
2
2
0
0
2
4
4
2
0
2
4
0
0
2
2
0
2
0
2
2
0
6
0
0
2
2
8
2
2
0
6
0
0
0
0
2
4
2
4
4
0
0
0
2
4
2
0
4
0
0
0
2
0
2
2
4
2
2
0
4
2
2
2
2
0
0
6
0
0
0
0
4
2
0
2
4
4
0
2
0
0
0
2
0
2
0
2
0
2
2
4
2
2
2
4
8
4
0
2
2
2
4
2
2
2
0
0
8
2
2
4
0
4
0
0
0
2
0
2
2
2
0
2
0
0
0
4
0
2
0
2
0
6
0
4
4
0
4
2
2
0
0
2
4
0
2
2
2
2
0
2
4
0
2
6
4
6
0
0
6
4
2
0
2
0
2
0
0
4
0
4
2
0
4
2
2
2
4
2
0
2
2
2
2
4
2
2
2
2
2
2
4
2
2
2
4
0
0
2
4
4
2
0
2
0
0
0
4
4
2
4
0
2
0
0
0
0
2
6
4
0
4
6
0
2
2
4
2
2
0
2
0
2
2
12
0
10
2
0
4
2
8
0
2
4
2
6
2
0
4
2
4
0
2
0
0
0
0
2
0
0
0
0
0
2
0
0
2
0
0
0
0
0
0
0
4
2
0
0
0
6
2
2
4
2
0
6
2
6
0
0
2
2
4
2
2
2
8
2
4
0
2
2
2
2
0
4
0
2
0
0
4
4
4
4
0
2
2
2
0
0
2
0
4
6
2
4
0
0
2
0
0
0
2
0
4
6
6
4
8
8
0
2
2
0
0
0
4
0
2
2
2
2
0
0
2
6
0
8
6
10
6
6
4
4
2
4
4
4
4
0
0
0
2
2
0
4
8
8
0
4
6
4
2
4
2
2
0
6
2
2
6
4
0
6
4
4
2
0
2
2
0
12
8
0
4
2
0
2
0
0
0
0
0
0
0
0
2
2
2
0
6
4
2
0
6
8
2
0
2
8
2
6
6
4
0
4
8
2
0
2
4
0
2
0
2
0
2
0
2
0
4
2
0
4
2
2
0
0
2
0
0
2
2
4
2
0
6
2
0
2
2
0
0
2
0
0
2
0
4
4
0
4
0
0
0
6
0
6
2
4
0
2
0
0
4
4
4
2
0
4
0
0
2
4
2
0
4
2
2
2
0
0
2
4
6
4
2
2
4
2
11
11
11
11
8
9
8
9
9
9
11
9
9
9
13
7
11
8
13
9
9
9
11
11
11
9
9
11
7
9
9
11
7
11
8
9
11
7
11
9
7
11
9
9
9
9
8
11
9
6
9
11
9
9
11
11
7
9
9
11
11
11
11
11
9
9
11
11
11
11
9
11
7
11
11
8
11
9
11
11
11
9
11
9
11
11
9
11
11
7
11
7
11
9
11
9
11
9
11
7
9
11
11
9
11
9
7
9
9
11
7
7
13
11
11
11
11
9
11
11
11
11
11
9
11
13
9
9
11
10
10
11
11
8
9
9
11
11
11
9
9
9
9
11
11
11
9
10
9
9
9
9
11
9
11
11
11
7
11
11
9
9
13
11
9
11
11
11
9
11
9
7
9
9
11
11
11
9
11
11
11
11
9
13
10
11
9
11
9
11
9
9
13
11
9
9
8
11
11
9
11
11
7
11
11
9
11
13
11
11
11
9
13
11
11
11
9
9
11
9
9
10
11
11
11
11
9
11
9
11
9
11
9
9
9
9
11
11
9
11
11
10
11
11
11
11
9
9
9
9
9
9
9
9
11
9
11
11
9
9
11
9
8
11
13
11
11
9
9
9
8
7
7
9
11
11
9
11
11
9
9
9
9
9
11
9
9
9
12
11
6
8
6
6
10
10
12
10
6
10
8
8
8
6
14
6
15
6
12
14
10
10
21
10
10
16
42
9
15
17
13
14
13
12
14
2
6
0
8
8
0
4
6
6
6
15
10
15
10
6
13
6
10
10
10
14
8
6
21
14
13
8
17
17
8
10
6
6
8
33
0
12
27
10
6
21
19
14
12
12
14
15
13
19
29
32
13
14
8
21
31
19
0
21
6
12
19
4
23
10
2
9
17
10
21
10
14
8
8
15
23
15
8
10
4
2
19
12
15
25
19
17
21
13
19
10
25
27
21
6
17
0
0
15
8
0
14
11
25
0
21
11
10
23
2
33
10
12
17
0
10
21
13
19
27
12
23
27
12
0
10
8
19
8
8
13
13
11
31
6
13
15
29
8
8
10
17
12
8
6
11
10
12
13
23
13
11
17
4
23
19
8
12
8
6
6
10
8
2
17
8
10
6
6
2
8
14
13
10
8
12
10
12
12
9
12
16
12
12
8
6
17
21
10
14
19
13
13
21
8
94
10
10
19
27
27
10
6
10
28
8
6
8
6
19
15
0
2
4
23
10
4
6
0
15
33
10
8
12
19
12
6
10
15
6
4
6
8
14
6
8
12
8
13
6
0
2
12
12
9
12
8
13
12
8
7
3
4
5
5
2
0
4
1
2
0
5
2
3
1
5
0
3
3
0
3
4
2
4
3
4
0
0
2
2
0
0
0
2
5
0
0
1
2
0
0
0
0
2
4
1
5
3
4
0
5
4
2
4
0
2
0
5
2
4
3
0
2
5
0
8
2
1
3
0
0
4
6
0
2
3
5
2
2
5
2
0
4
1
0
2
0
5
0
6
0
0
4
4
0
4
4
2
3
0
0
3
4
3
2
4
5
4
3
1
4
2
0
0
4
3
6
0
0
4
0
2
2
2
2
2
0
2
2
0
0
3
4
2
2
2
2
2
3
2
1
0
0
0
3
5
2
0
5
1
0
3
3
0
0
0
0
43
0
2
0
0
3
3
3
2
2
0
0
5
3
3
3
2
4
4
2
0
4
0
0
0
0
2
0
2
4
3
2
4
3
0
0
3
4
0
2
3
0
2
0
0
2
0
6
4
4
1
2
0
0
0
3
2
3
2
1
2
3
4
5
6
4
3
2
0
2
0
2
2
3
2
2
4
2
2
0
0
2
0
0
5
0
0
6
4
0
0
0
2
4
3
2
3
3
0
4
2
2
4
2
4
2
2
2
4
2
1
4
4
0
0
2
4
2
2
2
2
0
0
3
2
5
5
2
4
2
2
4
45
35
35
23
46
47
35
44
31
28
40
32
44
29
72
17
47
14
12
17
25
28
26
25
24
42
23
43
2
31
27
24
45
37
22
50
42
34
37
26
7
34
22
24
38
34
45
54
31
41
22
21
47
28
25
37
32
22
21
18
24
26
30
22
23
8
25
46
28
30
16
28
21
29
21
24
0
44
25
26
29
33
14
24
31
19
37
22
35
13
28
37
26
22
20
60
47
48
57
30
2
36
19
29
20
44
27
35
38
46
30
27
34
42
38
25
29
34
1
2
26
41
19
24
22
28
11
34
49
51
41
40
36
50
22
19
48
28
16
12
29
42
42
68
64
48
54
0
41
34
21
39
74
19
17
32
14
45
20
53
2
55
78
0
24
21
29
24
48
31
24
44
46
21
34
22
26
44
28
40
47
30
42
40
42
73
10
42
51
44
69
34
42
72
43
25
45
44
13
41
27
27
44
66
35
20
62
21
60
40
56
31
26
66
42
55
30
59
18
18
0
33
54
33
65
74
43
40
14
36
47
26
36
36
42
48
5
9
10
16
13
9
43
11
0
15
7
8
15
11
45
7
11
16
41
19
18
16
15
9
21
24
24
24
14
9
7
9
10
9
8
11
14
6
40
11
5
9
7
11
31
7
10
11
7
11
36
9
27
18
24
17
31
25
20
16
19
12
19
24
22
20
25
21
15
15
22
17
20
12
16
21
34
24
22
13
17
17
23
17
19
15
18
20
10
21
26
23
25
17
19
18
23
9
18
17
22
23
21
40
32
28
24
23
21
18
24
21
29
53
38
20
24
27
19
18
28
9
24
18
23
21
18
19
18
21
26
22
5
17
11
23
18
23
26
29
23
25
14
19
21
27
17
23
19
39
19
28
20
22
11
25
18
7
21
16
22
21
11
23
16
17
11
17
21
16
25
18
30
30
23
19
16
16
6
18
20
14
17
24
31
30
21
17
25
20
11
20
25
12
22
25
26
20
20
12
17
22
21
19
13
13
17
34
22
22
16
25
17
17
7
17
21
15
21
23
28
15
23
19
20
14
17
14
16
20
17
24
20
26
16
13
15
18
20
14
24
16
7
26
26
18
28
27
19
10
20
26
12
11
14
23
23
24
25
22
20
28
14
21
13
21
21
24
25
23
16
30
17
13
18
13
30
18
14
27
24
35
24
24
17
15
14
25
17
13
12
15
17
16
21
14
17
5
12
24
16
11
24
21
10
12
20
14
8
13
14
19
14
8
15
16
16
11
13
10
11
12
23
32
13
9
18
13
21
11
11
14
12
20
11
20
10
27
9
26
