0
1
0
3
0
4
0
1
1
0
3
0
5
0
0
1
3
0
1
0
1
1
1
7
0
1
2
2
1
0
1
5
7
4
2
0
1
2
1
1
0
1
0
0
1
0
2
11
3
0
4
0
0
1
0
2
1
0
1
8
1
4
1
2
3
0
1
2
0
0
0
2
2
1
2
4
1
0
0
1
0
0
0
0
1
0
0
2
5
0
1
2
4
1
0
4
2
4
0
1
0
3
5
4
1
2
0
0
0
3
0
5
3
3
2
9
1
5
4
1
4
0
4
5
3
1
5
0
5
1
3
4
0
0
1
9
4
2
0
3
0
1
0
1
0
0
3
1
1
3
0
0
1
0
1
1
3
2
3
3
0
1
0
3
2
4
0
1
1
1
0
0
2
1
1
0
2
1
0
1
1
0
1
4
2
1
4
0
0
2
3
1
4
1
0
0
5
0
2
0
1
0
0
0
1
1
1
1
0
0
0
0
0
1
1
0
2
1
0
1
0
1
1
3
0
0
3
0
1
1
0
1
2
2
2
2
3
1
0
0
0
4
0
0
0
0
0
0
2
1
1
0
1
0
0
1
3
1
2
1
4
0
0
0
2
1
0
2
2
1
1
1
1
1
1
1
0
1
3
1
0
2
3
3
0
4
1
1
0
2
0
0
2
2
2
0
0
2
0
2
0
2
0
0
0
2
0
2
2
0
2
2
2
2
0
2
2
0
2
0
0
2
2
2
2
0
2
2
0
2
0
2
2
0
2
2
2
2
2
2
2
2
2
0
2
2
2
0
2
2
0
2
0
2
2
2
2
2
0
2
2
2
2
0
0
0
0
2
2
2
2
2
4
0
2
2
2
2
2
4
2
2
0
2
0
2
2
2
0
0
0
2
2
0
0
2
2
2
2
2
2
0
2
2
0
2
0
0
2
2
2
0
2
0
2
0
0
2
0
2
2
2
0
2
0
2
2
4
0
2
2
2
3
2
0
2
0
2
2
2
2
0
2
2
2
0
2
2
0
2
2
2
2
2
2
2
0
0
2
2
2
2
2
2
2
2
2
2
2
2
0
0
0
2
2
2
0
2
2
2
0
0
0
2
0
0
0
0
2
0
0
0
2
0
2
0
2
2
2
2
2
2
0
0
2
0
0
2
0
0
2
0
0
2
2
2
0
3
2
2
0
2
0
0
0
2
0
2
0
0
2
0
0
0
0
2
2
2
2
2
4
2
2
4
0
2
2
0
2
2
2
2
0
0
0
2
0
2
2
0
0
2
0
0
2
2
2
0
0
0
0
2
0
2
0
2
7
15
13
15
13
14
10
24
17
11
8
13
8
11
7
11
11
23
15
6
17
11
7
9
13
15
11
15
9
7
10
15
13
13
15
9
15
11
11
7
13
16
8
11
11
10
17
8
21
16
10
90
6
2
16
6
2
4
6
4
9
4
2
4
2
6
7
6
9
6
4
4
6
9
13
8
6
4
8
2
0
10
6
4
4
8
2
4
2
0
6
8
0
4
6
6
6
4
4
6
4
2
15
24
52
10
4
6
2
11
6
6
0
6
8
7
6
12
8
8
12
8
19
4
8
9
13
6
4
0
6
6
11
7
15
35
6
15
2
2
13
13
10
7
11
13
2
8
8
10
8
10
4
21
2
2
2
6
4
13
8
9
0
13
7
10
2
5
4
15
4
6
11
2
9
6
4
2
2
4
2
7
11
2
10
4
13
23
6
8
11
10
10
4
13
6
6
10
6
6
4
8
4
8
19
4
2
0
2
4
4
6
2
0
2
2
2
79
4
6
2
8
4
4
4
4
2
4
4
8
2
6
4
13
2
8
2
6
6
6
9
2
6
2
2
6
4
2
7
3
6
2
4
2
6
2
2
4
2
6
4
4
2
2
4
2
0
2
4
2
3
0
17
4
7
2
2
2
2
0
4
2
0
2
2
6
4
2
4
2
3
4
4
2
3
2
6
3
0
0
0
5
5
4
3
0
0
7
5
35
3
4
2
2
2
27
3
2
6
5
0
0
4
4
2
4
3
2
4
3
5
5
5
1
5
0
5
4
7
2
0
2
5
6
27
2
3
4
5
2
2
0
2
4
4
3
5
4
6
2
4
2
21
4
0
4
2
2
2
2
2
3
2
1
2
4
2
5
4
3
0
4
4
2
2
3
1
4
3
2
4
1
2
6
3
5
2
3
4
4
5
4
5
4
5
2
4
0
2
2
0
0
5
0
2
3
2
7
0
6
15
25
4
5
0
3
0
5
1
1
2
5
2
4
4
4
0
0
6
4
5
2
6
4
4
4
4
2
0
0
7
2
4
1
2
20
4
4
0
4
5
5
2
2
5
4
0
4
5
4
0
15
4
2
1
6
3
4
1
2
5
4
0
5
3
4
5
3
0
9
2
3
2
3
0
3
4
2
5
2
3
4
5
5
15
2
0
7
2
1
17
1
2
6
0
4
2
4
4
13
0
0
4
2
1
4
2
2
3
2
0
6
2
13
3
4
2
2
4
4
3
2
2
0
0
2
5
4
1
0
3
6
5
3
2
2
0
3
5
1
4
0
3
2
17
2
29
0
5
7
0
0
2
6
6
15
12
0
13
2
3
0
6
3
0
17
0
6
9
4
9
6
4
5
5
0
13
8
12
0
0
18
0
8
5
15
0
11
17
7
9
7
0
0
14
7
10
15
0
9
3
0
7
3
0
0
0
0
1
0
12
0
0
8
0
7
0
0
8
3
0
6
7
0
1
0
0
5
7
0
5
0
0
6
16
0
5
10
7
11
14
0
5
1
6
0
9
0
0
11
0
0
4
0
5
4
5
0
10
0
10
5
0
9
0
10
1
0
8
12
5
8
6
7
3
1
15
0
4
0
0
8
0
11
9
1
7
10
0
0
7
0
0
9
0
0
5
9
0
0
9
2
13
9
1
1
0
9
5
0
4
4
7
0
0
0
8
0
0
5
6
0
6
0
0
0
9
0
0
8
9
0
0
10
11
0
13
6
0
9
1
0
6
10
0
0
10
0
8
1
0
11
0
0
7
6
0
13
0
8
3
0
12
4
0
1
5
6
0
1
7
0
0
5
12
0
3
5
0
6
0
19
1
5
0
0
12
0
0
4
2
0
0
7
0
11
6
11
9
0
1
6
5
1
18
13
0
5
0
7
1
0
0
2
6
0
9
6
7
4
0
12
0
13
0
11
0
3
13
0
0
11
9
7
0
9
5
0
6
0
0
5
0
17
64
63
65
60
61
64
64
60
62
63
57
63
62
64
56
66
65
64
61
60
65
63
61
63
59
39
57
55
62
61
63
63
59
63
64
59
39
63
55
63
62
63
63
61
63
60
63
57
63
58
62
61
63
63
51
63
62
59
37
60
60
64
60
62
64
57
64
61
58
39
63
62
64
62
63
62
62
64
61
62
37
62
56
58
58
64
59
44
60
57
63
38
62
62
55
62
62
63
61
60
56
56
61
61
59
55
64
59
58
65
62
57
59
61
63
60
63
63
58
62
63
63
38
61
63
62
59
62
60
51
62
63
64
62
63
62
64
64
60
59
59
61
60
58
38
63
65
62
63
63
61
59
61
62
63
38
59
62
65
64
63
57
65
65
62
63
62
61
63
63
63
61
60
61
64
64
64
59
63
60
61
61
64
62
61
58
65
59
62
64
62
64
63
65
58
65
64
62
59
40
61
64
61
63
64
62
62
63
64
58
38
63
64
65
63
59
65
64
60
38
62
38
64
62
63
63
64
62
64
64
62
61
38
63
64
63
64
59
63
64
65
36
65
59
63
62
57
63
62
40
62
63
38
65
61
62
64
63
62
64
65
60
64
61
65
60
61
64
62
60
65
63
62
62
38
59
59
59
60
63
62
58
64
64
61
36
63
65
0
0
28
5
34
2
30
0
2
34
0
33
92
2
0
0
4
0
2
0
3
2
0
7
30
3
7
5
4
1
30
2
3
75
5
1
4
0
3
0
7
50
8
25
0
5
33
2
30
4
22
4
38
0
43
76
41
5
36
2
0
3
0
4
0
5
44
5
43
2
5
49
14
0
0
4
46
2
2
44
2
32
0
0
34
2
3
0
0
2
43
0
7
48
2
0
64
2
3
0
13
0
0
69
4
37
2
0
2
37
0
0
2
4
51
37
9
36
2
30
10
5
0
19
71
7
0
4
0
2
5
0
7
63
3
0
4
6
66
33
0
4
21
5
0
0
26
2
2
0
42
7
1
10
5
2
2
7
49
0
92
2
2
4
6
70
0
30
2
2
3
0
5
0
2
0
45
4
56
2
4
2
0
4
0
0
55
2
0
2
0
36
5
0
0
2
2
0
25
10
41
4
0
1
6
40
0
5
2
4
2
28
2
3
0
6
42
0
9
54
2
2
42
2
0
51
0
42
5
4
0
3
0
0
39
9
35
6
81
2
0
32
3
3
2
2
7
2
0
31
4
0
2
0
0
0
0
4
68
3
3
56
2
65
5
5
2
0
0
0
2
60
0
3
0
0
2
0
7
0
95
2
87
57
5
41
5
2
8
8
8
4
0
8
0
6
8
4
0
82
0
6
39
0
6
2
96
4
2
0
4
6
0
4
0
4
2
2
0
8
2
10
2
4
0
0
6
6
9
2
0
2
2
55
10
12
6
6
4
0
6
4
0
0
6
0
6
4
8
2
24
6
8
6
2
0
2
14
4
2
0
4
33
2
2
6
2
4
2
0
0
8
8
6
46
0
8
6
8
0
0
6
8
4
4
4
0
12
8
2
8
2
0
4
2
4
0
0
31
8
7
4
4
4
8
6
8
2
2
0
2
10
6
2
12
2
2
8
0
0
8
0
2
6
2
2
2
2
2
12
6
8
2
8
4
6
61
2
6
0
8
10
12
4
83
8
6
8
2
6
0
8
10
8
8
8
0
2
4
6
2
4
2
6
63
0
0
8
8
4
4
2
2
10
0
2
74
4
2
6
2
10
40
2
2
4
2
4
60
6
4
66
2
2
25
0
0
0
2
8
2
0
8
10
6
6
2
8
2
6
2
0
4
8
2
10
12
2
2
60
10
10
6
6
8
2
2
4
0
23
2
4
0
0
6
62
2
62
14
4
6
2
8
10
0
0
8
4
6
4
12
96
8
2
10
10
6
8
8
0
4
0
10
59
6
8
2
8
0
6
8
8
0
0
6
8
2
0
4
0
4
2
0
2
0
2
2
0
2
2
0
0
6
2
0
4
0
0
0
6
2
0
2
2
0
2
0
2
2
2
2
4
0
2
0
4
0
2
0
2
0
2
2
2
2
0
0
2
0
2
2
4
2
4
0
4
4
2
2
4
4
2
2
2
0
0
0
0
2
4
2
0
2
0
2
0
0
0
0
6
0
2
2
2
2
4
2
0
6
2
2
2
2
0
2
2
0
2
2
4
2
2
2
4
0
2
2
4
2
2
2
2
0
2
4
4
2
2
2
2
2
2
2
0
0
4
2
2
8
4
2
4
2
4
2
2
2
2
2
2
2
2
0
2
4
2
2
4
2
0
2
2
0
21
4
2
2
2
2
2
4
2
2
4
2
2
2
2
0
0
4
2
2
4
0
4
2
2
0
2
2
2
2
2
2
2
2
0
2
2
4
2
2
2
6
0
4
4
2
6
4
2
0
2
4
2
2
0
0
2
2
2
3
2
4
54
0
2
2
2
2
4
2
2
0
2
2
2
0
0
0
0
0
0
2
2
0
0
2
2
0
0
0
2
2
0
2
0
2
2
2
0
2
2
4
0
2
0
2
0
2
6
0
2
2
2
2
4
0
2
2
0
0
0
2
2
2
2
2
2
2
2
2
2
8
2
6
10
4
10
5
10
2
8
5
17
2
6
2
5
6
16
8
10
4
4
2
4
6
2
6
4
6
10
2
6
4
4
9
4
2
4
4
0
4
8
48
5
6
6
2
7
2
0
63
4
5
8
2
4
2
2
14
8
5
12
0
2
2
4
8
2
6
8
0
10
4
2
4
0
10
10
2
12
10
0
0
0
4
8
6
49
4
0
4
5
4
92
5
2
4
6
13
0
4
4
26
4
4
6
4
6
4
9
0
4
2
6
6
2
0
2
6
6
4
7
6
2
4
10
2
2
6
12
8
6
4
4
6
4
0
4
0
6
0
4
2
2
6
4
4
5
7
12
6
4
8
6
10
20
8
4
8
2
10
10
40
2
8
2
2
4
4
8
6
8
4
6
4
47
2
4
2
2
2
4
2
2
4
4
0
4
2
0
2
2
52
6
4
39
4
8
0
4
4
12
4
9
4
11
12
6
4
14
6
2
94
6
2
8
8
8
2
7
7
24
2
4
20
8
6
35
2
0
8
4
6
2
8
4
8
2
4
2
0
0
7
6
2
8
0
85
11
0
6
2
6
8
7
0
0
0
25
0
0
0
40
4
6
4
2
0
2
2
45
8
8
4
55
2
42
92
6
8
6
80
0
2
4
6
8
4
