13
13
11
17
13
11
14
7
11
11
14
13
13
13
11
12
11
17
13
13
15
13
18
9
15
13
14
13
13
17
13
11
13
7
13
12
13
11
17
13
15
13
13
10
13
9
17
12
11
13
13
15
14
13
17
13
13
11
15
15
13
9
17
20
15
15
12
15
15
13
16
17
9
17
9
12
9
9
7
15
13
16
11
13
9
11
11
15
11
15
15
13
18
13
13
9
13
14
13
9
14
15
20
11
13
9
13
14
11
14
9
15
18
15
13
14
11
14
15
17
13
18
13
11
11
13
15
15
13
15
15
13
17
13
11
17
10
11
13
17
19
16
11
13
11
11
15
9
12
16
15
11
15
15
11
13
21
13
11
15
13
15
12
11
15
11
11
15
9
15
16
13
9
14
13
11
13
11
18
16
19
13
13
15
9
14
13
13
20
20
13
19
13
15
15
20
11
12
18
15
15
9
9
11
13
17
15
14
12
13
13
15
9
15
11
24
15
15
11
15
9
11
9
16
13
13
15
18
13
11
11
13
11
11
9
13
13
19
15
12
13
11
11
15
10
13
11
11
20
20
14
13
12
11
15
10
11
16
17
16
13
11
18
13
16
13
13
13
13
12
14
11
18
19
11
15
13
16
19
11
24
17
13
18
15
16
17
11
5
5
4
3
2
2
6
2
0
6
2
2
5
2
12
2
2
4
2
2
6
36
2
8
13
19
4
7
6
4
7
5
4
0
7
53
5
9
5
4
4
5
41
7
19
4
6
2
4
2
5
4
2
17
4
2
2
0
5
4
4
2
8
2
2
63
5
4
60
4
0
4
4
4
4
6
2
2
2
2
5
3
2
2
8
2
4
5
2
2
4
49
4
2
57
2
10
6
4
4
6
4
19
2
55
4
4
2
4
4
4
2
47
0
7
5
8
6
0
15
6
2
6
5
8
8
4
4
0
2
4
2
15
66
2
2
4
2
4
5
6
2
7
2
4
4
4
5
6
4
6
2
6
4
4
6
2
6
8
2
2
4
2
6
6
4
2
6
4
2
23
2
4
8
4
2
6
6
4
4
2
5
4
6
2
2
4
6
6
13
2
4
6
0
2
2
8
11
2
4
9
39
4
4
3
7
2
4
2
4
4
8
6
2
4
2
4
2
11
4
2
2
2
2
4
2
4
4
2
55
2
6
2
2
2
2
2
3
2
4
2
2
4
2
2
2
2
2
4
4
4
7
4
4
4
4
2
2
2
5
13
2
7
6
0
2
2
10
4
6
4
2
2
2
4
2
5
3
4
4
4
2
2
8
1
2
4
3
6
2
7
3
6
16
4
7
18
5
5
37
5
4
31
5
8
6
35
5
5
4
6
4
3
18
3
4
7
15
68
8
5
10
3
6
31
4
10
2
8
4
7
3
6
37
6
7
19
8
7
26
5
3
38
6
9
7
6
2
5
5
2
5
16
28
5
6
7
39
42
8
19
50
6
8
10
31
4
13
9
31
48
18
7
7
5
5
7
3
14
18
5
6
13
73
8
4
8
20
2
19
47
18
33
8
14
3
4
8
5
7
20
16
36
4
40
12
28
37
41
6
39
6
45
4
8
50
8
3
6
4
3
2
5
4
37
18
2
5
3
7
5
56
38
7
44
36
2
5
7
6
11
9
11
3
7
7
5
9
22
7
8
34
4
6
50
8
9
5
71
34
27
28
4
34
4
55
4
18
7
56
6
11
4
3
3
45
12
4
14
4
4
6
4
7
4
33
33
6
40
5
13
7
45
46
7
7
3
4
41
6
5
5
10
23
2
2
50
15
7
2
3
8
0
9
6
34
3
3
2
23
36
29
5
31
4
24
19
9
3
3
0
4
4
4
4
6
14
27
3
4
3
32
23
2
7
4
20
37
22
0
4
3
16
3
5
2
7
27
4
6
5
3
13
10
8
24
4
6
49
4
28
17
3
6
8
48
21
45
20
9
23
19
21
19
30
38
7
52
32
11
28
20
26
37
30
32
81
11
14
15
18
11
11
53
45
18
25
26
32
5
43
15
16
17
30
65
33
37
18
9
27
14
18
28
28
50
22
15
60
15
15
18
16
27
16
31
19
58
13
55
22
43
50
59
20
24
20
17
28
24
33
11
29
62
21
13
34
11
38
28
26
39
51
13
10
35
13
19
35
11
11
65
23
19
14
20
19
26
25
19
52
33
31
22
24
31
28
22
52
36
30
28
37
63
31
26
32
44
15
57
56
49
35
32
39
28
37
20
59
39
43
50
53
52
17
78
61
41
31
40
57
71
62
71
55
46
63
54
41
70
60
46
24
37
52
39
77
68
30
74
57
37
74
77
66
50
81
13
41
44
49
49
18
52
72
57
52
77
67
63
36
44
57
56
15
87
39
63
58
57
79
90
52
60
41
83
63
68
71
38
72
27
42
65
69
66
66
76
28
58
35
64
71
23
47
30
20
66
53
59
48
25
49
59
74
81
49
39
38
41
63
45
69
44
32
39
50
82
37
38
35
13
24
68
15
17
22
18
32
39
39
17
13
21
29
24
28
49
28
25
15
15
57
17
28
13
36
36
49
27
15
20
47
42
32
18
30
12
28
60
11
40
69
32
4
2
2
2
7
2
5
6
4
2
5
5
2
2
4
8
10
5
4
7
5
12
2
4
5
4
2
6
6
5
15
6
0
7
19
25
4
2
5
4
5
2
4
5
7
2
4
2
5
4
7
6
4
2
2
5
4
7
5
2
6
2
20
16
15
9
5
4
18
2
4
5
2
5
2
6
5
4
4
3
4
5
9
11
7
9
4
4
7
4
5
8
5
5
5
4
5
2
18
5
5
3
4
2
4
5
4
18
9
13
9
10
4
9
4
5
5
5
5
5
7
5
12
4
6
5
5
5
7
5
5
2
10
2
12
4
7
6
5
6
2
5
7
7
4
3
11
5
3
5
3
5
8
6
6
3
9
10
5
9
7
10
14
5
7
12
9
5
13
7
13
5
7
9
7
7
37
9
15
19
4
7
15
5
7
7
5
6
2
7
7
7
2
5
1
2
7
4
4
2
0
12
5
2
5
7
5
7
5
3
7
5
3
6
9
5
5
8
11
3
5
19
9
7
4
2
7
7
9
7
3
9
8
11
6
7
4
12
12
12
7
13
7
7
13
9
7
4
6
3
4
3
6
20
6
6
7
6
5
4
2
4
7
4
0
4
33
7
5
5
2
9
6
2
2
6
10
5
7
3
4
5
4
4
3
6
5
5
8
4
11
4
4
3
2
0
4
0
2
4
4
2
0
4
6
2
4
4
0
0
6
0
4
7
0
4
6
2
6
7
2
0
5
2
4
6
4
6
4
4
5
4
0
0
4
4
4
5
4
8
2
4
2
6
2
4
0
2
4
2
0
4
4
6
5
9
6
0
0
0
6
2
0
6
0
4
2
0
4
0
2
4
6
6
0
2
4
4
4
0
6
0
0
4
2
9
4
4
4
8
2
5
6
0
0
2
2
8
6
7
6
4
4
6
2
4
0
2
2
6
0
5
4
2
2
2
2
0
0
8
4
6
0
5
4
7
6
8
6
0
0
4
4
4
7
4
4
6
4
2
4
0
0
6
4
4
0
8
4
4
4
4
2
0
0
8
4
2
2
2
2
8
2
2
2
0
2
2
6
2
0
2
2
7
4
6
4
0
0
4
4
6
0
4
4
2
4
4
2
4
2
4
4
8
0
4
4
6
2
6
2
0
0
4
2
10
0
4
4
4
4
0
6
0
0
6
4
4
0
4
4
6
4
6
4
0
0
4
6
2
5
6
4
4
8
5
8
0
0
2
4
4
0
4
4
4
5
7
2
0
8
4
6
2
4
6
4
4
2
4
2
0
4
4
6
2
0
6
4
6
6
4
4
0
6
4
19
5
1
0
3
3
0
1
0
3
0
40
0
1
5
3
1
3
1
7
15
3
1
1
3
1
5
1
0
0
0
1
3
1
0
4
3
3
1
3
3
1
3
5
3
5
3
3
1
3
3
5
1
1
1
3
3
3
0
3
1
1
3
1
1
3
1
0
3
1
1
1
16
7
1
1
3
1
3
5
0
3
5
3
5
3
0
8
5
3
1
3
0
1
1
1
1
10
1
3
1
5
1
1
3
1
0
84
3
6
5
1
1
3
0
3
3
75
1
3
50
3
1
3
1
15
70
1
3
7
1
1
3
5
26
3
1
1
20
3
0
0
1
3
3
9
16
5
39
11
1
7
1
1
1
0
3
1
3
5
7
3
1
51
47
13
3
4
5
3
1
39
18
1
1
1
3
7
3
3
1
6
3
1
3
1
5
5
3
1
5
9
1
3
1
3
3
7
3
3
1
1
3
1
3
1
11
1
5
1
3
3
1
1
1
45
3
3
5
1
3
5
3
1
3
1
5
3
0
1
6
1
0
83
1
1
91
3
1
46
1
5
65
1
1
72
5
3
7
1
0
45
1
3
24
1
36
1
1
3
59
5
0
1
9
0
1
1
3
3
0
3
0
1
7
3
5
5
3
1
0
1
3
3
7
45
3
3
1
2
3
1
0
0
0
0
1
1
0
0
0
0
1
0
0
0
0
0
0
0
0
0
1
0
1
2
2
1
1
0
1
2
0
1
1
0
0
2
0
0
3
4
3
1
4
4
1
2
1
3
6
1
0
1
3
3
1
0
23
25
25
35
32
4
3
2
1
2
1
0
0
1
1
0
0
1
1
1
0
1
0
0
0
0
0
0
13
0
3
0
0
0
0
0
0
1
0
0
4
0
1
0
1
0
2
3
2
0
2
0
0
1
1
8
14
18
19
8
13
11
8
13
9
9
20
20
21
19
3
9
4
6
2
6
4
5
10
18
1
1
1
2
5
6
8
4
7
7
2
6
7
6
13
2
3
1
0
1
0
6
4
2
2
6
5
0
6
8
5
6
12
16
23
23
29
24
0
0
0
1
0
2
2
1
0
0
0
1
1
2
2
1
0
1
0
1
0
1
0
1
0
0
0
0
0
1
3
2
0
1
0
0
1
0
0
1
0
2
0
0
0
0
1
0
1
0
0
1
1
1
4
1
1
0
0
0
0
1
19
1
0
1
3
1
0
0
1
1
0
0
1
0
0
0
1
0
0
1
0
1
0
0
0
0
1
0
0
0
0
4
0
1
2
1
0
0
0
0
1
2
0
0
0
0
0
0
4
9
6
6
4
2
4
2
4
6
6
11
4
6
11
2
2
2
6
6
10
4
4
6
11
8
6
8
6
6
6
2
4
4
10
6
4
4
8
4
8
9
6
10
15
6
8
2
6
6
8
2
2
4
6
6
9
4
6
10
4
10
4
6
8
8
7
8
8
12
10
6
6
8
6
6
9
8
6
11
6
6
6
10
0
6
8
6
38
11
6
8
6
8
8
4
9
2
6
8
7
4
15
10
10
6
8
9
6
6
2
6
15
8
6
5
6
15
4
6
17
8
6
9
6
8
2
9
6
11
4
21
10
11
8
4
4
4
10
4
2
6
6
7
4
8
4
8
6
0
13
8
11
4
13
9
9
6
4
4
6
4
4
6
15
4
4
4
8
12
5
9
6
8
15
6
4
8
11
8
10
6
8
6
15
8
9
4
4
11
8
19
9
9
6
4
6
6
6
4
11
13
9
6
13
8
4
6
8
4
4
9
11
6
6
10
13
6
4
4
8
8
4
8
12
10
10
7
6
8
13
15
5
15
6
11
6
6
4
4
6
11
4
8
6
4
8
4
6
6
4
4
7
6
4
2
9
6
7
6
6
6
4
4
8
2
9
2
9
4
15
6
4
9
6
4
12
4
6
4
6
7
7
4
8
9
6
4
0
2
0
2
2
0
4
2
2
2
4
4
2
2
2
0
0
2
2
4
2
2
0
4
2
2
0
2
4
4
0
2
2
4
4
2
0
2
2
2
2
4
2
4
2
2
0
2
2
2
2
4
0
2
2
0
0
0
2
2
2
4
0
2
0
0
4
2
2
2
2
0
6
4
0
2
2
2
2
2
2
0
0
0
2
2
0
0
4
2
0
2
0
0
2
0
2
0
0
4
2
2
0
2
4
2
2
4
0
2
2
2
2
2
4
2
0
2
2
2
2
2
4
2
0
0
4
0
2
2
4
4
2
2
4
0
0
0
2
0
2
4
2
4
0
4
0
0
2
2
2
4
2
2
4
2
4
4
4
0
2
2
2
2
0
2
0
4
2
2
2
2
2
2
2
6
2
2
2
2
4
4
2
4
2
4
2
0
4
0
2
2
2
4
0
2
2
0
4
0
0
2
4
4
0
4
2
4
2
2
2
2
4
0
2
4
2
0
2
0
4
0
2
4
2
2
2
2
0
2
2
4
0
2
0
2
2
2
4
2
0
4
2
4
2
4
2
2
4
2
0
2
2
0
0
0
4
2
0
2
0
2
2
0
0
2
0
2
0
2
0
0
2
2
2
2
2
2
0
2
2
2
2
0
2
0
6
4
