40
38
2
0
57
39
46
51
24
46
34
38
43
57
26
32
74
55
34
13
57
55
9
38
44
20
47
32
8
43
19
28
34
34
52
49
30
45
38
11
19
21
30
19
17
44
30
31
57
13
40
25
27
35
25
38
69
21
60
2
24
24
42
32
43
45
49
20
0
22
57
35
44
34
60
32
17
25
21
33
49
43
2
53
25
2
24
47
36
0
35
36
39
57
29
37
4
13
23
34
30
15
88
50
30
0
35
26
48
21
0
38
49
30
25
21
43
36
39
30
42
45
55
40
2
41
51
22
15
44
23
36
47
42
44
36
40
19
43
23
21
39
51
45
21
46
42
28
28
27
34
44
39
39
6
28
40
62
57
38
48
66
55
30
45
0
35
21
13
0
25
32
45
34
47
2
55
64
45
53
36
0
31
66
28
43
15
44
46
0
49
42
27
17
13
58
2
38
43
26
23
55
41
39
34
29
31
52
17
35
32
0
36
30
35
47
60
30
37
53
43
17
2
2
41
52
26
57
29
36
47
44
40
32
36
46
43
36
44
58
11
13
44
55
47
44
45
15
65
25
15
28
29
26
31
41
61
2
15
28
49
25
46
70
6
19
45
64
40
15
42
34
15
47
40
37
47
93
45
29
27
0
0
55
2
30
49
43
6
6
6
8
6
6
6
6
6
6
6
6
7
6
8
8
4
4
4
4
6
6
10
6
6
8
6
6
3
6
5
6
6
6
4
6
8
6
5
8
5
10
8
6
6
8
4
6
6
8
5
8
4
6
4
6
6
6
6
8
6
6
5
10
6
4
6
9
8
6
7
6
6
6
6
6
6
6
4
8
4
10
6
6
8
5
4
10
4
8
6
4
6
6
8
6
5
6
5
5
6
6
6
6
5
6
7
6
6
6
5
5
8
6
6
6
6
6
6
6
6
6
5
6
5
6
8
5
8
6
6
6
6
6
6
6
5
6
8
6
6
6
6
6
6
6
6
6
6
7
6
8
6
8
6
6
6
6
10
5
6
6
8
6
6
6
6
6
4
6
6
5
5
6
7
6
6
6
6
6
6
8
8
8
6
8
6
6
6
6
6
6
6
5
6
6
6
6
6
6
6
6
6
8
6
6
4
6
11
6
8
4
3
6
6
4
6
8
6
5
8
6
7
6
8
10
6
7
6
6
6
10
6
6
6
5
8
6
6
8
6
6
4
7
6
6
6
6
6
6
0
6
6
6
6
6
4
5
6
6
6
6
6
6
6
6
6
8
5
6
8
6
7
6
6
4
6
7
6
6
6
8
6
4
6
7
6
6
4
2
6
4
2
2
0
2
4
6
4
4
2
4
2
0
6
2
4
8
4
4
0
2
2
0
6
2
0
0
2
0
2
0
0
2
2
4
4
2
6
6
4
6
4
8
6
2
2
4
6
4
4
6
6
6
6
6
6
2
2
2
4
4
2
6
6
2
2
4
4
6
4
6
6
8
4
4
4
6
4
4
2
4
6
6
2
4
10
4
4
4
6
6
6
6
8
6
6
6
6
8
6
4
4
4
6
6
4
4
2
2
2
2
19
4
14
4
14
0
17
2
12
4
14
0
0
0
16
2
2
18
0
2
0
14
0
13
2
16
4
14
0
0
2
4
2
0
15
0
12
0
14
2
12
0
4
4
0
0
2
16
2
2
0
16
0
14
2
16
0
14
0
2
4
2
2
0
2
0
13
0
14
0
20
0
15
0
12
0
12
2
12
2
14
2
2
6
0
2
16
0
2
0
14
0
2
14
2
12
2
14
0
20
0
16
2
0
2
0
0
0
4
2
2
0
6
0
16
0
12
0
8
0
19
0
14
6
14
0
13
0
14
0
15
0
15
2
10
0
15
2
16
2
12
0
12
2
2
16
0
0
2
14
4
16
2
13
2
17
2
17
8
19
4
4
0
2
2
17
2
2
2
16
4
4
16
2
15
19
11
15
17
9
6
18
7
7
15
4
9
7
9
6
9
5
5
6
5
11
2
4
11
13
11
8
6
7
9
8
16
8
21
11
9
6
8
9
11
6
11
25
13
13
21
22
11
13
11
9
8
9
13
9
15
11
13
21
5
17
28
15
9
13
11
9
13
13
9
14
6
12
13
13
17
13
6
9
7
13
17
13
9
11
11
9
9
11
8
7
15
9
9
9
11
13
11
11
13
8
11
11
13
13
11
17
15
15
15
11
11
13
41
6
34
11
15
26
19
9
7
30
21
30
21
11
15
9
13
11
11
7
22
2
36
15
8
6
9
32
9
11
24
13
11
17
7
7
26
11
21
23
5
11
6
20
21
50
28
9
19
24
2
17
29
11
24
25
18
16
4
24
15
15
11
8
29
60
42
15
19
31
6
13
9
21
19
9
22
28
8
30
18
19
17
19
26
53
19
19
24
21
15
9
25
16
11
17
9
9
13
34
7
20
31
24
7
18
34
9
14
11
55
23
9
7
9
15
11
26
16
7
15
23
4
6
7
11
21
8
17
11
9
13
0
30
9
21
35
15
11
13
9
13
15
8
11
6
7
6
9
22
11
13
9
8
13
11
41
19
13
13
19
20
9
2
13
11
15
0
15
13
4
19
13
28
4
2
4
2
4
2
4
5
2
2
4
4
0
2
6
4
4
6
4
0
0
2
6
4
4
4
4
0
2
2
6
4
0
10
6
5
2
0
4
2
6
2
0
4
4
6
2
0
2
4
6
2
4
2
4
2
2
2
6
2
2
2
4
6
4
6
4
2
4
2
2
6
2
2
9
4
6
4
0
2
2
6
4
4
4
2
2
2
8
6
2
4
4
0
4
4
6
2
6
4
4
8
4
2
2
2
4
0
6
4
4
2
2
2
5
0
4
13
6
6
6
4
4
6
0
4
6
6
4
4
6
2
9
6
6
2
2
4
7
4
6
0
6
2
4
7
6
2
4
2
2
4
2
2
4
7
2
10
8
10
4
4
2
6
6
2
4
8
6
5
2
5
10
2
4
4
8
9
6
2
8
5
4
8
2
2
2
6
4
6
8
6
4
4
0
6
4
4
4
8
4
11
4
6
6
8
4
8
6
4
4
5
2
4
5
8
4
4
2
2
6
8
6
6
4
4
2
2
86
6
2
4
2
4
7
4
4
4
6
4
4
4
2
4
2
2
4
4
4
2
4
2
2
4
4
10
4
4
11
2
10
4
4
4
4
4
4
2
2
4
4
4
4
4
4
4
4
4
6
6
0
10
4
8
4
6
2
2
4
5
36
10
2
3
40
6
6
6
17
21
10
6
20
8
6
62
5
10
8
18
6
3
4
4
6
29
4
7
6
5
8
23
7
7
30
4
23
7
7
3
16
6
7
20
7
11
32
5
3
45
5
3
7
26
3
8
5
3
12
20
4
5
38
6
7
22
3
4
3
3
9
4
5
6
2
7
9
20
5
19
26
23
6
24
20
3
7
7
5
9
23
15
20
16
5
23
22
2
10
6
19
5
5
10
25
13
5
22
9
4
15
5
4
8
44
5
7
3
14
2
7
8
18
22
10
26
5
24
27
9
10
3
7
7
27
22
7
8
22
6
3
5
3
7
7
19
6
31
3
6
22
6
3
25
6
7
7
5
7
5
32
7
7
27
7
5
9
10
3
33
9
7
4
14
9
20
13
33
33
31
3
7
7
48
9
3
5
25
5
37
4
10
26
24
7
47
7
7
7
5
7
8
5
5
5
6
5
7
49
4
12
3
8
5
5
5
4
5
6
7
3
44
8
12
3
5
7
32
3
6
9
31
4
6
7
7
10
27
8
3
7
6
32
40
20
7
3
25
5
7
21
4
5
5
3
3
9
4
3
5
18
7
9
56
2
8
5
20
12
7
16
6
9
2
5
4
18
4
4
35
4
6
2
4
6
8
15
17
29
8
17
17
17
27
43
21
13
0
16
13
8
28
4
19
8
13
11
10
27
10
19
14
15
12
14
29
15
10
17
14
6
21
19
17
10
12
8
10
4
12
10
16
27
21
10
31
12
31
16
19
27
4
25
31
12
4
15
12
15
45
57
41
36
17
17
15
41
15
6
13
17
10
16
11
4
10
2
34
73
10
17
15
21
8
19
29
10
49
19
8
15
10
15
15
17
25
23
8
53
19
42
40
11
11
40
40
19
25
46
21
29
19
17
13
27
31
36
27
37
37
29
50
13
32
23
25
21
40
28
10
23
25
27
38
38
21
22
32
31
25
31
42
27
27
37
33
43
27
78
26
11
12
38
33
35
29
35
25
25
38
21
21
21
28
44
23
75
33
37
23
17
42
33
33
33
42
0
29
13
44
31
30
10
35
23
38
33
21
15
15
12
27
34
23
19
17
21
25
17
13
19
34
25
25
23
36
15
25
0
19
23
23
31
19
21
21
13
0
18
13
19
12
44
27
36
17
29
33
11
9
18
21
13
31
19
15
19
17
15
29
21
13
15
17
15
12
21
12
20
9
10
17
17
12
19
15
9
11
2
14
13
11
12
13
29
13
17
14
10
14
13
12
14
27
29
12
8
17
21
13
11
12
10
18
12
11
13
17
11
9
11
9
8
9
17
2
9
8
4
10
10
10
19
6
15
15
33
19
10
19
13
21
21
6
17
19
13
23
35
6
21
10
15
27
27
13
15
25
15
6
8
10
21
12
12
8
31
8
21
13
12
12
8
17
11
10
10
12
13
6
12
22
15
8
15
15
12
2
8
13
13
8
13
17
4
6
6
10
4
10
6
4
12
10
19
8
17
10
6
4
11
8
4
10
6
15
10
6
8
6
17
15
6
13
17
10
15
6
10
6
8
17
19
4
10
21
12
8
13
8
10
10
6
33
4
8
4
8
27
13
13
35
42
8
10
8
6
10
10
8
38
10
15
10
15
8
23
8
13
33
10
19
21
6
23
10
6
6
6
13
11
6
8
10
8
19
6
19
2
8
8
10
8
27
6
10
6
17
8
25
42
23
6
8
6
2
6
4
17
21
21
10
31
13
23
33
13
25
17
6
17
25
31
17
10
17
23
29
17
40
13
13
27
6
19
12
17
29
6
27
10
17
37
12
23
29
19
15
12
15
17
33
31
21
17
12
21
23
31
10
19
12
15
8
27
19
17
15
17
10
21
10
15
21
12
19
17
13
15
23
17
13
23
13
10
19
46
13
6
13
8
19
17
10
10
21
23
10
23
19
10
15
6
18
34
13
9
2
17
6
36
32
26
33
23
12
6
29
20
10
8
20
17
9
4
10
4
10
7
8
19
10
15
20
7
13
18
8
25
29
28
6
4
17
11
10
6
27
28
21
8
30
12
22
15
24
15
8
33
20
15
28
11
10
6
6
21
36
7
21
15
9
13
22
6
19
19
9
11
8
26
16
12
11
6
32
4
8
15
10
9
6
4
9
7
6
13
39
4
9
13
17
21
12
9
15
22
12
6
7
12
13
30
9
9
20
15
13
9
20
19
17
11
8
17
6
44
11
24
8
8
17
7
17
4
21
10
15
24
10
12
11
10
17
17
8
6
7
13
6
10
6
8
7
6
19
13
13
17
15
24
26
17
6
11
13
6
11
10
13
21
6
13
8
27
11
6
27
17
11
15
8
8
6
17
28
8
4
4
19
17
36
20
20
21
25
25
9
10
11
15
24
5
13
10
26
10
12
20
13
9
13
24
37
17
11
17
10
6
17
12
31
31
24
6
24
15
15
11
7
4
26
15
20
28
8
19
41
9
28
10
10
18
41
13
30
25
22
24
46
10
20
5
23
4
29
2
13
4
8
13
4
15
15
8
20
10
12
6
17
9
10
4
13
10
10
10
15
4
7
8
25
2
11
9
9
15
11
6
8
0
4
4
2
2
8
6
2
4
4
4
2
2
2
2
8
2
4
4
4
2
0
2
2
2
2
2
6
4
2
2
2
8
12
4
6
8
6
16
4
4
10
2
6
6
4
0
0
8
14
10
6
16
14
12
13
12
14
10
8
10
8
8
8
12
16
12
2
2
2
4
2
10
6
6
8
2
4
6
6
6
6
8
4
6
4
6
8
4
6
4
2
8
8
8
6
4
8
6
4
6
8
8
2
4
8
6
4
8
2
2
2
8
4
8
6
4
4
8
8
6
2
12
2
6
4
10
6
6
2
6
4
8
4
2
4
8
4
4
4
4
2
4
8
6
6
2
4
2
4
2
4
0
4
6
4
12
4
4
6
8
2
6
10
16
19
12
8
4
4
8
4
4
4
4
6
14
4
10
4
2
2
8
8
2
0
2
4
2
4
2
6
6
6
6
6
6
6
2
2
2
6
4
4
4
6
6
4
6
2
6
8
6
2
6
2
6
4
4
4
6
4
6
2
2
6
2
6
4
12
6
4
6
6
6
4
6
6
4
10
6
84
6
4
8
4
4
11
6
4
8
2
6
6
8
4
2
6
6
6
8
10
6
4
19
2
6
8
10
2
4
8
2
8
8
2
2
6
6
6
4
2
8
12
2
8
2
2
