11
13
13
56
31
11
5
17
23
7
21
27
13
13
7
29
7
7
11
17
9
33
7
7
21
13
13
13
11
13
21
17
7
5
5
17
9
9
11
7
5
3
13
21
7
23
11
7
15
9
9
7
15
9
9
17
15
21
13
11
9
17
23
23
7
39
11
25
13
7
9
9
13
29
5
15
11
15
11
11
17
7
11
11
19
11
17
13
9
9
11
7
7
19
7
31
15
9
11
13
15
15
13
13
15
11
11
13
9
17
17
13
17
19
25
9
5
9
21
15
9
17
21
15
9
15
21
11
23
13
9
13
19
25
29
9
11
17
3
11
15
22
11
13
21
11
19
13
7
7
13
19
31
30
27
21
33
21
13
11
15
9
3
13
23
13
19
33
13
9
13
23
25
7
13
11
13
19
15
11
7
23
15
19
13
11
15
13
27
17
21
11
15
17
15
34
13
23
21
13
35
11
17
23
27
8
13
11
13
15
9
19
17
11
17
15
13
17
17
21
35
11
11
23
9
19
71
11
7
11
7
9
9
11
19
17
11
23
7
17
21
7
17
11
7
21
11
19
11
9
11
11
17
5
11
15
13
5
23
7
2
3
15
21
9
7
17
11
9
11
11
9
9
17
5
7
7
7
9
3
9
1
13
5
7
7
7
9
15
5
2
3
3
5
7
3
5
3
2
13
5
5
2
2
2
5
2
11
7
5
3
7
5
7
0
5
2
3
0
3
5
5
5
11
3
3
2
9
7
5
2
3
3
11
15
5
9
3
2
2
5
2
2
5
3
2
11
5
7
3
5
7
9
11
1
13
3
5
11
5
7
11
13
11
9
5
11
7
15
5
7
7
3
7
21
7
11
13
5
19
7
13
9
5
7
9
7
13
5
11
7
5
5
3
11
7
13
3
2
9
5
11
7
11
7
9
13
7
11
3
11
9
13
3
9
11
5
7
7
7
3
17
17
15
3
5
0
13
2
9
11
3
7
9
3
13
25
5
7
5
5
13
15
15
9
5
7
5
5
3
11
5
5
9
7
11
11
17
11
3
9
3
17
9
7
11
3
11
2
9
15
7
15
5
13
9
11
3
5
25
9
15
9
15
9
15
7
5
13
9
2
7
11
3
11
11
19
3
7
5
3
5
5
5
3
5
3
3
3
9
5
3
13
5
2
5
15
5
9
7
9
11
3
7
5
5
17
9
3
7
41
5
15
7
25
5
11
7
7
3
3
9
2
3
3
3
3
3
3
5
3
7
3
3
7
2
7
9
5
2
11
39
7
13
2
3
3
2
0
2
1
1
25
3
3
3
3
5
8
3
3
3
3
7
3
1
5
9
3
5
5
0
0
3
5
1
0
3
1
1
1
3
3
1
5
3
0
9
3
1
3
3
6
3
3
5
3
3
3
3
3
3
1
1
7
1
3
0
1
11
1
10
3
9
3
3
7
5
1
0
3
1
3
13
5
7
7
3
1
1
1
1
3
0
3
1
1
1
3
1
5
3
3
1
3
1
8
1
1
7
3
3
1
1
0
7
3
7
7
5
5
3
3
1
1
3
3
1
5
1
5
1
4
5
1
1
1
3
1
3
3
0
5
1
1
5
9
3
11
3
7
1
7
0
7
3
1
5
7
1
3
5
3
3
7
9
3
1
8
1
3
1
3
3
3
5
1
3
5
3
1
1
3
0
3
3
3
3
1
9
1
3
5
3
1
1
3
1
1
5
3
5
1
3
3
7
1
3
1
3
3
1
5
3
3
1
7
5
0
3
0
1
1
1
3
3
0
9
3
1
3
1
3
9
1
3
1
3
5
3
3
7
1
7
5
1
1
3
13
1
11
10
3
1
3
3
5
1
1
3
1
3
1
3
3
5
1
3
0
1
1
5
3
1
1
3
3
5
0
1
5
1
1
9
5
1
1
0
3
7
5
3
1
3
3
7
3
1
3
3
3
1
3
3
5
6
5
9
10
5
3
10
23
8
15
5
10
5
5
3
7
1
13
3
7
7
3
17
7
5
7
9
10
5
7
7
5
3
3
5
7
5
5
7
3
3
7
5
7
7
7
5
3
5
1
3
3
7
5
3
5
5
5
9
5
5
7
12
5
10
9
7
5
3
9
5
7
11
14
11
13
9
8
13
5
5
8
12
5
3
9
11
8
17
5
9
18
11
17
8
7
1
14
13
7
11
7
3
9
16
11
7
5
8
13
7
12
6
5
3
3
3
12
11
5
7
9
7
6
5
5
11
5
3
3
11
3
9
7
16
5
5
3
5
3
9
9
7
13
11
5
7
1
11
11
11
13
13
6
7
6
11
12
5
9
10
7
16
12
3
12
9
5
6
5
5
9
12
7
17
3
9
7
7
3
7
7
9
9
7
10
5
3
11
1
5
7
5
9
3
11
10
5
3
7
12
15
8
5
5
3
10
7
13
15
9
5
8
9
5
13
3
9
9
9
6
14
5
9
6
5
6
5
9
9
3
10
7
11
7
5
8
5
5
8
9
7
10
8
1
5
7
7
1
7
3
5
5
7
5
5
3
9
5
7
9
9
7
7
7
18
9
5
5
12
9
9
10
1
3
7
14
9
7
11
5
7
12
3
3
7
11
3
3
9
13
3
1
3
3
5
5
15
0
3
7
1
1
3
3
3
1
3
20
3
0
11
5
5
7
11
1
3
5
5
1
1
5
13
3
3
1
3
7
3
0
1
1
1
13
7
1
3
0
3
1
5
5
9
3
1
9
5
1
5
3
3
3
3
5
1
1
3
3
9
5
9
1
9
3
5
3
5
9
5
0
1
1
5
0
3
0
1
0
11
3
1
3
9
3
3
5
5
3
0
1
5
17
3
9
7
5
3
3
3
13
0
5
1
3
3
3
3
13
5
16
5
11
3
3
3
1
14
9
1
0
3
7
3
5
3
3
3
3
1
3
0
9
5
5
3
1
5
5
3
9
3
3
7
1
3
3
3
7
1
1
5
11
5
7
5
0
9
5
0
5
1
7
1
1
3
5
0
3
1
3
5
5
5
15
5
9
7
0
3
5
7
3
5
0
3
7
3
5
7
3
13
1
7
0
7
1
1
5
1
1
1
7
3
3
1
7
7
5
11
1
5
1
1
3
7
5
3
3
5
7
9
15
11
5
5
0
3
3
1
3
3
1
5
3
5
3
3
9
1
5
9
5
3
5
3
5
5
13
5
1
9
3
7
13
1
3
1
13
1
0
5
7
1
1
1
3
1
1
24
1
11
5
3
5
12
10
15
8
12
14
10
17
15
8
8
12
15
10
12
14
14
14
6
10
18
17
6
10
12
22
23
16
17
25
23
19
19
16
24
24
22
18
19
20
16
23
14
14
12
25
18
12
12
6
23
14
17
20
22
17
18
26
21
14
18
16
21
18
14
16
19
21
22
12
18
14
18
16
23
18
15
16
13
17
20
22
18
20
18
10
12
21
16
18
14
19
19
25
18
16
10
23
16
17
12
18
14
21
14
12
20
23
22
16
18
20
12
21
22
18
18
14
14
16
12
24
21
27
27
17
19
16
14
23
16
16
10
27
20
18
19
18
12
14
21
14
17
16
8
21
16
21
16
18
21
18
10
23
22
18
23
25
23
19
12
14
18
25
14
20
8
16
18
18
18
14
10
12
13
8
10
12
27
27
22
23
14
27
18
23
21
17
25
23
23
23
21
18
23
12
8
24
16
27
14
21
42
27
23
22
12
8
30
22
20
16
10
20
16
20
20
16
28
16
25
19
18
12
2
19
14
14
17
18
23
23
26
27
10
6
18
23
24
25
8
16
16
25
15
20
14
27
18
16
29
16
18
21
26
20
23
18
29
14
14
25
12
18
14
18
16
14
21
24
19
16
22
34
14
6
27
14
14
12
14
14
14
16
14
16
22
10
18
18
9
18
20
20
21
8
26
13
9
18
18
23
16
9
20
26
26
27
23
19
9
23
20
27
21
6
19
23
21
23
26
10
11
12
18
20
22
8
25
27
14
22
4
22
24
19
28
17
23
8
21
22
24
22
11
22
8
21
24
20
19
26
22
18
14
21
22
25
20
26
16
24
21
18
7
24
24
25
20
18
19
19
19
20
22
22
21
21
14
24
22
23
7
20
23
24
18
14
23
19
19
14
22
18
22
12
11
14
22
9
22
23
10
21
21
21
20
8
20
29
29
14
11
24
22
9
16
22
22
19
21
21
22
7
20
21
22
22
9
27
27
19
20
10
21
24
19
16
23
20
19
10
24
25
16
29
8
22
25
18
21
6
17
21
8
9
26
21
24
8
20
15
24
25
22
25
17
10
20
23
22
26
10
19
23
20
22
26
18
19
18
26
18
10
19
19
8
23
25
18
19
21
25
21
19
20
25
20
21
24
21
24
27
20
13
20
25
23
22
22
19
28
23
23
4
33
21
19
20
22
22
23
8
22
25
16
24
8
20
22
22
27
6
23
18
23
19
10
24
8
19
13
29
15
9
21
22
25
19
13
23
22
27
21
9
21
17
14
20
20
20
6
26
23
22
20
8
10
17
20
12
17
19
9
26
23
4
1
2
2
0
3
2
3
2
3
3
3
5
4
9
7
3
0
3
2
5
7
0
6
3
1
2
6
3
1
0
4
3
0
3
2
1
0
2
3
3
1
3
0
9
2
3
5
6
6
3
7
3
2
8
3
3
3
2
2
2
5
5
2
1
2
6
4
6
5
3
0
6
3
3
5
2
10
5
5
0
10
8
3
13
2
3
3
1
5
2
3
0
3
0
4
3
10
5
6
0
0
2
0
0
2
0
9
2
5
2
6
6
11
0
5
5
5
6
2
3
3
0
3
3
0
0
1
3
2
3
8
2
4
6
3
0
5
2
2
2
2
1
6
2
3
5
0
6
2
2
2
13
5
3
1
0
0
1
0
3
2
5
3
5
3
2
1
3
3
3
0
3
4
4
0
5
8
3
7
3
0
2
2
2
0
4
3
5
1
1
0
2
2
3
3
2
2
2
10
5
5
7
0
2
0
3
5
0
1
3
7
3
2
2
0
4
2
1
2
5
7
5
3
3
2
1
2
3
2
3
1
5
3
0
3
2
3
0
5
5
2
3
2
3
1
0
9
7
2
2
6
0
4
4
2
9
2
2
0
7
3
2
5
2
7
8
5
0
3
3
6
2
2
2
3
4
6
4
5
2
3
4
6
0
3
0
3
69
67
69
40
94
76
41
91
39
46
34
46
94
49
46
90
88
86
49
45
33
48
26
37
59
69
84
86
91
56
48
73
47
40
61
85
74
95
92
51
67
89
85
94
59
27
45
75
79
81
53
76
94
46
48
72
34
46
27
30
37
68
23
75
95
41
74
92
56
24
23
27
81
28
76
47
44
82
68
28
48
46
41
32
70
54
97
81
71
87
41
74
21
23
32
47
85
56
84
43
47
78
72
74
49
23
31
48
74
62
47
41
77
93
40
42
56
33
24
37
39
44
78
70
43
90
80
52
76
35
32
58
57
55
40
86
27
68
59
70
92
47
61
22
27
37
48
45
77
47
39
79
45
46
42
59
53
59
29
83
58
18
38
60
59
45
70
65
68
54
33
35
36
31
41
48
60
39
28
61
60
47
40
84
44
47
21
47
58
37
15
38
20
47
28
30
46
42
26
91
38
68
63
37
62
66
24
45
38
55
59
89
72
43
53
34
22
44
39
77
46
48
62
96
81
76
25
33
53
52
54
55
49
56
59
61
44
27
30
34
40
40
45
26
26
33
56
32
46
35
31
27
40
28
29
77
50
35
77
40
42
27
22
28
42
54
43
44
63
38
89
94
70
34
18
15
19
39
37
73
64
96
93
46
63
53
15
17
2
6
4
1
0
3
0
5
4
2
0
3
11
8
2
3
5
0
8
5
8
2
8
5
4
7
13
0
3
7
5
10
0
2
7
2
1
4
6
2
3
8
7
2
5
6
3
3
8
6
4
18
2
4
4
0
0
1
4
1
7
0
1
7
1
1
3
2
3
4
5
5
8
4
10
5
8
2
6
17
5
3
2
4
3
8
5
5
5
5
4
3
2
2
0
14
10
10
0
2
5
3
5
10
2
2
3
2
6
10
2
4
3
0
0
10
2
9
4
6
0
2
0
7
2
10
13
2
7
0
6
16
12
2
3
4
2
8
0
7
3
13
5
5
5
5
2
7
4
7
4
3
2
5
7
2
3
8
3
20
7
3
7
8
4
8
2
5
5
4
2
2
5
3
2
6
9
5
10
4
0
0
3
12
7
4
8
6
10
5
3
7
0
6
0
5
9
6
7
2
11
0
8
2
5
9
3
14
4
4
0
2
8
6
8
2
4
4
2
4
7
13
7
2
3
6
7
7
4
4
0
7
0
2
2
8
7
5
4
7
6
24
5
10
5
5
8
19
0
3
8
0
3
12
2
7
7
10
0
2
0
7
2
13
7
4
2
2
1
2
6
4
6
4
2
0
8
3
7
1
7
8
4
1
7
3
4
7
