7
0
2
2
2
2
5
2
2
2
9
5
4
2
2
4
2
2
0
0
0
2
0
4
7
2
2
2
3
0
2
0
0
4
2
0
2
4
4
2
2
0
7
2
2
2
0
2
4
6
2
2
2
4
4
0
4
2
0
2
6
0
2
2
2
2
2
2
2
0
2
2
0
4
2
2
5
4
2
2
2
9
6
4
4
0
2
2
7
3
4
11
6
4
0
4
0
3
2
8
2
2
4
2
3
2
2
5
5
2
2
2
4
2
2
6
4
4
2
2
0
4
4
0
2
2
11
4
2
2
2
8
2
6
2
4
2
2
4
0
4
4
2
6
2
4
2
0
2
2
0
2
4
7
2
4
4
2
0
0
6
5
12
6
2
0
2
6
4
2
4
6
2
4
4
2
2
11
2
0
2
2
0
2
2
2
6
2
6
2
2
0
0
8
4
2
6
2
4
4
6
2
0
0
0
4
0
2
2
2
4
7
2
6
2
2
6
2
0
2
0
6
2
2
6
4
2
2
20
6
2
2
6
0
4
0
2
6
0
2
9
4
6
10
4
2
4
4
2
2
2
0
0
2
2
2
2
4
2
0
4
4
2
4
3
6
2
4
4
2
5
4
2
0
4
0
2
2
4
2
2
0
0
2
5
2
6
4
14
9
13
17
13
22
15
9
9
9
13
13
9
14
13
11
9
9
9
13
11
17
11
11
9
9
9
12
15
10
9
11
11
9
9
9
13
9
12
11
11
11
11
5
11
12
7
16
7
16
12
7
9
15
9
12
9
9
11
5
9
11
11
11
14
15
11
14
9
11
13
11
9
12
11
11
13
13
11
10
14
14
9
11
10
11
9
9
11
9
11
11
7
13
13
11
11
18
16
11
11
13
18
15
11
15
19
12
15
15
13
9
11
16
11
13
9
10
11
12
16
9
9
14
11
17
11
11
11
11
13
14
11
11
9
11
13
13
11
11
19
10
20
9
11
15
11
14
9
14
9
15
11
11
7
11
13
10
11
9
15
11
9
14
11
13
15
16
13
9
12
13
17
7
11
17
17
12
11
13
7
13
9
11
11
9
9
9
11
12
12
13
9
12
11
13
14
13
11
9
12
15
9
17
13
9
14
13
9
15
12
11
17
9
7
13
11
9
16
12
13
17
12
15
16
9
11
17
13
11
7
17
9
11
15
13
15
21
11
11
11
13
9
11
9
11
13
12
9
11
9
11
14
15
9
7
9
7
9
11
11
15
14
9
13
9
11
9
11
13
21
18
9
11
11
13
14
9
9
16
8
15
18
16
13
15
14
14
80
62
63
39
61
48
43
67
60
48
64
28
74
36
31
56
26
45
38
38
38
51
60
78
63
41
38
46
32
47
29
15
31
38
41
74
24
42
70
55
25
29
50
62
40
38
43
48
32
56
40
26
45
45
25
29
36
40
27
45
35
45
14
28
20
21
36
49
35
33
28
37
67
0
47
34
22
22
35
44
42
26
27
43
86
28
27
42
19
26
37
36
41
34
45
50
38
97
81
42
40
31
37
26
62
80
63
52
75
47
39
72
38
26
26
79
26
31
11
23
33
36
40
46
37
27
60
39
68
40
36
44
44
31
45
64
39
54
51
60
26
56
77
22
33
53
44
58
30
45
63
27
50
42
24
13
44
26
42
34
14
48
33
22
45
46
14
61
30
82
45
72
13
26
25
29
66
35
20
25
39
33
40
63
16
24
34
18
51
22
68
22
24
45
28
28
55
27
32
38
31
26
35
40
23
51
24
41
36
28
21
35
61
22
39
37
22
25
34
28
23
43
28
20
16
33
28
25
16
16
1
12
12
24
20
28
46
23
20
18
44
16
11
24
24
30
32
20
26
18
9
10
17
16
16
47
17
23
8
19
13
1
17
6
37
14
12
21
2
11
16
19
19
3
10
9
18
9
19
11
12
8
9
18
18
17
3
11
3
5
5
0
5
4
4
0
0
5
4
0
0
2
3
0
5
2
4
0
7
0
5
0
5
4
5
0
5
5
0
5
5
2
5
0
4
4
0
2
5
2
7
5
4
4
7
5
5
5
0
7
5
0
7
5
5
0
5
0
7
0
3
3
4
4
4
5
4
0
3
5
5
0
4
0
4
0
7
5
0
5
3
4
0
4
0
5
0
4
0
5
0
4
0
2
0
7
5
0
0
3
4
0
0
5
5
0
0
3
7
0
0
3
5
0
0
7
5
2
3
0
0
0
0
13
0
0
9
7
5
0
9
0
0
0
4
4
4
0
0
0
0
0
0
0
0
0
0
0
0
4
0
0
7
9
5
0
7
4
0
0
5
7
0
5
0
3
7
0
3
0
7
11
0
0
0
0
0
0
0
0
0
0
0
0
0
0
0
0
5
5
0
11
3
0
7
5
5
7
0
9
3
4
5
5
3
7
7
19
3
7
5
4
0
2
5
4
0
13
5
9
0
7
5
5
0
5
5
5
0
5
7
7
7
13
0
2
0
9
3
0
9
4
5
0
7
4
5
0
5
4
4
0
9
7
7
0
0
5
5
0
2
0
5
0
4
0
9
0
4
2
5
0
4
3
0
0
7
4
2
2
3
7
0
0
7
4
2
2
0
0
2
0
0
2
0
2
2
2
0
0
2
4
0
2
2
0
2
2
2
2
3
0
0
4
0
2
0
0
0
0
0
2
2
2
0
2
0
2
0
0
0
0
3
2
2
0
2
0
2
0
0
1
0
2
0
2
1
0
0
1
2
0
4
2
0
0
0
2
0
0
0
2
2
0
0
0
2
3
0
0
2
2
0
2
2
2
2
2
4
0
0
0
0
2
1
0
0
0
2
0
0
0
0
2
4
2
0
2
2
0
0
2
2
0
0
0
2
0
2
0
3
2
2
0
0
2
3
2
0
0
2
0
0
0
0
2
0
2
2
2
0
0
0
0
2
0
0
0
2
2
0
3
3
2
0
1
2
2
0
2
1
1
2
0
1
0
2
2
0
0
2
2
2
4
2
2
0
2
0
4
0
2
0
2
0
0
2
2
2
0
0
0
4
2
4
2
0
0
7
2
0
0
0
0
0
0
0
2
0
0
0
0
2
2
0
3
3
2
2
2
1
0
0
2
2
2
2
1
1
0
1
2
0
0
2
3
0
2
0
5
2
2
0
2
1
0
2
2
1
0
0
2
2
2
2
2
0
2
0
0
0
0
0
2
2
0
2
2
0
0
2
0
1
2
2
0
0
0
0
0
2
1
0
2
0
2
2
2
6
2
0
4
2
0
0
0
4
2
4
6
2
2
0
0
0
2
4
2
4
0
2
2
4
6
2
0
0
8
2
0
0
0
2
4
4
2
2
2
2
2
4
0
4
2
2
2
0
0
2
4
2
4
2
2
8
11
10
8
11
12
4
12
8
6
8
4
6
13
12
2
4
13
10
4
15
10
10
14
12
6
8
10
9
4
12
15
21
8
13
8
4
13
19
4
8
4
16
6
15
10
15
19
9
11
15
16
13
15
25
23
13
27
31
17
12
8
19
12
23
6
8
11
6
71
17
11
17
8
12
21
12
17
4
17
8
19
8
6
4
13
19
10
10
19
19
10
19
6
15
10
15
19
16
2
4
4
23
10
17
44
15
32
15
2
2
0
2
4
2
2
2
6
2
4
2
0
2
2
4
4
2
0
2
4
4
2
2
6
2
6
0
2
0
0
4
2
2
2
0
0
6
2
4
0
0
2
2
4
2
2
0
0
2
0
4
2
0
2
0
2
0
2
2
4
2
0
2
0
2
0
0
2
0
2
2
2
2
4
0
2
6
6
2
2
0
2
2
2
0
2
2
4
2
4
2
4
2
0
0
2
0
2
0
2
2
2
2
2
0
2
4
2
2
2
2
2
2
2
2
4
2
2
57
20
40
11
9
25
33
29
17
53
20
34
23
30
42
29
24
32
28
44
28
37
45
30
32
29
9
24
26
26
35
63
49
32
58
47
84
29
35
59
27
48
53
62
61
34
31
36
52
33
39
54
1
52
45
43
20
63
14
34
63
45
30
41
37
43
57
7
24
49
86
61
46
56
44
44
79
36
62
55
52
84
58
68
75
3
0
58
1
78
5
79
0
44
57
0
88
31
51
15
56
72
48
37
73
60
41
35
93
58
47
16
20
56
22
73
27
46
37
32
78
33
51
49
26
54
35
26
33
55
52
46
59
45
40
32
53
62
55
47
33
52
38
54
41
15
25
52
34
48
35
54
37
44
37
43
52
45
39
23
54
66
49
36
70
16
56
53
39
76
32
79
22
51
48
68
45
51
50
61
58
63
62
37
54
28
71
56
57
46
57
72
56
53
44
55
59
52
68
58
52
40
62
55
56
79
51
63
58
64
62
70
68
22
20
34
56
27
45
27
41
60
52
54
60
31
44
76
48
48
57
31
65
44
49
24
37
60
15
28
31
18
28
11
46
40
28
24
16
30
37
37
42
18
37
24
54
21
3
17
47
33
22
47
28
39
26
24
35
39
24
28
19
26
51
19
70
36
16
44
19
18
54
4
43
70
20
34
17
19
9
13
22
14
6
11
18
33
10
9
21
11
21
16
18
22
16
27
17
34
14
19
22
10
14
11
11
14
18
37
18
13
7
20
10
13
12
19
12
20
20
29
34
17
19
36
16
17
10
25
32
17
12
15
14
25
20
19
7
16
15
13
8
20
15
20
23
26
18
9
16
16
10
16
16
19
34
10
19
10
11
17
17
13
10
14
27
16
11
19
13
20
15
13
31
34
11
16
15
11
13
12
44
12
4
12
14
11
9
16
11
9
15
35
36
43
41
29
33
25
22
25
15
28
33
34
35
40
24
26
14
26
8
18
16
13
32
35
10
12
26
17
21
12
14
11
21
33
15
23
26
14
20
13
15
21
8
11
15
17
17
9
7
20
24
18
23
17
37
24
35
30
29
30
41
17
16
8
8
9
7
24
9
19
12
15
51
11
13
5
15
11
7
15
13
13
31
20
22
14
12
14
5
14
13
11
21
9
18
15
11
21
9
9
43
14
20
10
14
9
14
20
17
11
9
11
34
13
26
7
13
14
10
6
11
14
13
20
14
18
13
11
11
26
11
23
12
20
8
14
13
15
14
14
12
24
18
10
11
9
4
30
11
33
16
22
17
23
10
20
11
14
15
19
19
16
17
10
15
8
15
16
17
17
16
18
13
4
8
7
13
19
13
4
8
11
11
8
11
6
10
8
13
8
17
6
6
6
6
6
13
12
10
8
8
10
8
17
4
6
19
8
9
6
8
8
8
6
11
15
21
6
10
13
6
13
12
8
10
15
13
2
15
17
11
10
8
15
13
8
8
10
11
10
13
8
19
12
28
15
8
8
11
17
15
6
12
6
8
13
19
13
21
4
21
8
31
17
17
19
30
13
15
10
9
10
7
4
10
8
8
17
15
6
8
21
10
17
17
11
10
17
10
10
15
17
20
4
9
23
11
19
9
24
15
47
18
11
8
9
10
6
17
6
15
29
4
4
11
2
2
9
6
10
6
6
15
2
13
6
4
6
4
8
2
11
6
4
6
6
6
4
10
6
2
6
11
2
2
6
12
4
4
11
4
8
6
4
6
2
6
6
6
4
6
2
8
8
7
6
8
4
11
10
6
8
7
8
6
6
8
6
6
9
12
9
10
17
23
8
19
19
18
21
17
21
13
15
13
26
19
13
21
20
23
28
22
22
27
28
6
7
8
11
8
6
8
11
23
9
6
6
11
11
7
4
8
19
11
9
2
6
8
38
7
9
23
6
6
8
6
7
4
9
6
8
4
9
8
32
8
25
8
4
2
6
6
9
7
6
6
7
4
4
4
4
2
35
6
10
4
0
2
6
19
8
6
4
2
4
4
4
4
4
29
4
10
8
6
2
12
6
6
12
4
6
2
2
6
6
6
6
4
8
19
10
19
4
0
2
8
4
4
6
6
6
4
6
2
6
6
2
4
48
6
4
2
0
8
4
10
2
4
10
21
4
2
25
0
4
4
4
0
6
4
4
10
4
10
4
8
2
6
10
4
6
4
6
4
6
4
4
4
10
4
6
6
0
6
8
6
12
6
2
6
6
8
2
54
15
6
6
46
10
10
10
14
6
23
6
4
4
8
2
2
10
8
6
4
6
4
6
6
6
4
4
6
4
35
4
10
10
2
8
8
0
11
2
12
4
29
6
2
6
6
2
4
4
8
6
17
4
6
4
48
4
21
4
6
2
12
8
10
25
15
6
2
4
6
8
12
4
5
2
4
10
8
0
8
41
2
2
6
8
6
6
29
8
15
4
10
2
2
4
0
4
4
2
6
4
8
4
6
4
2
2
8
2
56
4
6
6
6
0
10
4
2
4
4
0
23
2
4
2
4
2
46
17
12
0
60
8
4
6
4
35
10
4
12
32
8
6
2
2
23
21
14
10
6
4
6
17
2
6
2
8
14
4
40
6
0
10
6
66
2
13
15
10
14
56
6
10
