4
2
4
2
5
2
5
4
41
0
0
2
2
2
2
0
4
0
2
2
3
0
6
7
4
4
8
4
0
2
7
4
18
0
8
8
4
0
4
6
4
4
6
6
9
4
0
0
2
2
8
4
0
4
3
8
8
4
12
12
4
0
0
2
2
4
4
4
73
5
6
6
39
0
12
4
0
4
2
8
4
4
6
2
0
4
58
11
7
7
0
4
6
7
4
2
2
6
4
50
4
7
6
7
8
2
2
3
8
5
4
4
2
11
5
5
4
4
12
0
4
79
5
20
43
6
2
2
2
11
10
7
6
6
92
4
4
27
20
4
0
6
8
2
7
53
2
14
4
5
0
2
4
2
10
6
6
2
6
2
2
4
18
7
4
51
88
0
2
86
6
2
4
7
3
2
0
9
2
2
0
3
4
0
2
33
2
7
65
6
4
12
17
12
6
0
4
2
6
4
4
2
14
0
15
2
15
6
7
6
0
2
47
2
6
2
4
2
13
2
7
7
6
4
6
8
8
4
13
48
2
2
4
4
0
8
4
0
7
9
2
7
2
4
7
2
8
4
2
2
9
43
4
0
8
4
0
6
4
8
0
4
2
9
3
8
6
4
11
11
3
6
0
0
0
6
4
5
5
4
13
0
6
7
65
2
6
2
7
0
2
2
6
13
6
2
6
2
6
8
0
0
2
8
4
10
0
4
4
6
0
8
6
10
0
8
6
4
10
0
4
12
4
2
2
2
8
6
8
6
0
15
2
6
4
8
12
4
6
8
4
2
0
8
8
0
0
12
12
10
0
8
2
0
8
4
8
0
4
2
12
4
8
0
2
6
12
4
6
2
8
0
6
4
8
2
8
2
10
6
6
11
4
4
6
4
10
2
4
92
0
5
2
6
8
3
2
8
8
2
4
8
6
0
6
2
12
99
0
4
78
4
6
4
2
6
8
6
0
4
2
2
11
6
4
0
0
2
6
6
0
4
2
4
2
8
4
4
2
2
6
6
2
2
4
6
8
6
2
6
6
8
4
4
0
2
2
2
8
6
4
0
6
4
4
4
0
4
6
10
12
0
10
0
4
6
2
4
3
2
6
6
10
2
6
6
4
4
6
6
4
10
6
8
2
4
2
4
6
10
4
6
4
0
6
8
8
6
2
10
6
6
4
2
4
7
47
4
6
8
0
4
8
0
4
4
2
4
8
6
14
2
8
4
10
0
4
2
4
6
79
10
4
0
8
10
4
6
8
6
4
8
6
4
6
4
6
4
6
8
6
6
2
5
4
6
8
5
3
6
6
4
7
8
80
6
19
0
0
0
0
0
15
9
0
9
17
0
17
0
0
0
0
11
17
0
4
6
19
4
19
0
0
0
0
24
23
0
17
8
16
17
26
0
0
0
0
19
21
17
9
13
28
19
0
0
0
0
0
18
17
12
24
23
12
19
19
0
0
0
0
19
9
11
9
25
9
19
0
0
0
0
0
24
9
18
0
0
19
19
18
0
0
0
0
17
19
9
13
46
2
9
28
0
0
0
0
6
18
11
17
19
13
9
21
0
2
0
0
17
12
13
18
0
13
21
0
0
0
0
0
11
18
19
9
16
21
19
15
0
0
0
0
9
16
15
6
9
26
0
0
0
0
0
0
21
16
8
2
0
0
0
11
19
4
6
9
9
19
15
0
20
23
9
23
24
32
0
0
21
11
9
18
19
18
18
23
0
0
0
0
19
9
9
4
0
9
2
7
0
0
0
0
18
25
9
13
11
19
15
17
9
0
0
0
19
26
28
9
8
19
0
0
0
0
0
0
0
18
9
17
27
19
9
11
0
0
0
0
23
9
44
8
17
20
9
19
19
0
0
0
28
17
13
6
13
9
0
9
6
0
13
2
4
2
7
9
8
0
9
14
19
26
12
28
28
0
5
9
9
9
9
0
12
9
24
0
16
12
8
0
2
19
17
1
5
3
2
2
1
2
2
2
0
2
2
7
5
2
2
0
3
2
5
8
2
2
0
2
0
3
2
3
3
2
2
3
7
3
0
16
0
2
0
2
2
0
0
3
0
2
2
3
2
2
2
2
5
1
0
0
2
2
4
2
3
0
2
0
0
3
4
0
2
0
2
5
2
2
2
0
2
2
3
3
3
2
2
0
10
2
2
2
0
2
2
7
0
0
2
0
3
2
2
0
3
2
0
3
0
0
2
0
0
2
3
0
3
2
0
2
2
7
2
0
2
3
3
2
0
0
2
2
2
3
0
2
1
1
0
0
0
0
2
0
1
2
0
0
0
2
3
0
2
2
2
3
3
3
2
2
2
2
0
0
3
0
2
0
2
0
0
0
2
0
0
0
2
3
3
2
2
0
0
7
2
0
3
2
5
0
5
1
4
0
0
3
1
0
3
2
0
0
0
0
2
3
0
2
0
3
3
0
0
0
0
0
3
1
0
22
3
2
2
2
0
2
1
0
2
3
2
0
0
0
3
0
0
0
0
0
2
9
13
2
2
1
2
0
3
2
1
5
2
0
0
0
0
0
2
3
7
0
0
2
2
1
3
2
0
2
0
5
0
5
2
2
0
2
0
2
6
3
0
0
2
2
0
0
2
0
2
10
8
15
6
8
6
7
13
9
10
12
8
1
9
12
9
5
11
1
8
12
17
13
23
10
23
9
8
11
7
13
12
6
5
12
20
8
16
12
15
3
8
12
22
4
5
19
5
12
15
9
6
13
4
7
9
8
7
12
16
20
8
4
7
4
16
9
16
13
7
5
9
10
30
12
15
21
7
6
9
12
9
12
6
7
13
10
11
4
8
14
21
6
1
8
10
14
4
6
14
7
3
9
7
7
10
10
11
9
11
12
10
7
7
9
7
17
18
7
31
9
10
15
14
9
0
20
11
8
9
10
7
9
14
1
11
9
10
6
15
27
9
12
9
7
10
10
16
23
0
18
5
17
11
13
3
6
0
11
10
12
13
5
6
15
9
11
8
15
14
8
9
10
18
8
10
10
10
9
13
11
31
18
0
15
12
15
16
11
12
20
8
14
12
3
17
31
15
8
9
10
13
6
12
6
11
7
14
17
6
5
10
14
4
10
17
4
41
1
23
1
8
17
3
5
6
10
7
10
28
4
8
6
4
10
10
16
18
13
22
8
15
14
6
0
13
8
12
65
17
8
15
83
5
0
7
23
4
5
0
4
5
15
4
13
20
11
7
7
8
6
18
16
8
16
7
13
0
0
0
0
0
0
0
0
0
0
0
31
98
60
3
31
5
0
0
0
0
0
0
0
68
18
23
25
0
0
0
0
0
0
0
0
24
33
28
28
31
0
0
0
0
0
0
26
26
35
0
10
26
0
0
0
0
0
0
1
84
33
12
27
16
22
0
0
0
0
0
6
58
77
41
24
46
2
0
0
0
0
0
20
80
16
48
30
21
0
0
0
1
0
0
40
95
2
15
20
22
0
0
0
0
0
0
0
56
17
19
20
41
25
0
0
0
0
0
61
63
6
32
20
24
0
0
0
2
0
0
5
90
0
38
30
30
2
0
0
0
0
0
0
30
32
23
27
21
23
22
34
0
0
0
11
39
39
28
39
16
0
0
0
0
0
0
0
62
29
29
20
49
25
0
0
0
0
0
29
0
21
19
16
22
0
0
0
0
2
0
34
43
53
40
19
30
0
0
2
0
0
0
3
72
33
21
1
21
0
0
0
0
0
0
2
91
44
32
8
26
23
0
0
0
0
0
4
0
45
25
6
50
0
0
0
0
0
0
2
49
14
0
23
28
27
0
0
0
0
0
0
72
32
30
24
34
24
0
0
0
0
0
0
42
35
29
26
30
0
0
0
0
0
0
22
40
61
31
24
31
0
0
0
0
0
0
14
22
40
30
39
34
1
28
0
0
0
0
10
10
12
14
6
10
25
14
8
21
8
10
27
10
19
12
23
16
8
16
17
14
23
14
14
31
6
6
10
16
12
27
14
13
25
10
25
23
21
23
14
20
19
12
14
14
21
4
23
12
15
12
17
6
17
24
17
21
13
10
23
16
8
8
17
12
17
16
12
16
23
19
10
26
16
19
29
19
14
10
27
31
16
12
8
27
17
38
12
27
23
12
12
14
29
16
16
17
12
12
18
21
18
15
25
25
19
15
37
15
6
6
8
27
25
12
32
25
21
31
10
12
14
23
31
15
28
29
37
17
21
17
10
12
8
12
29
8
13
16
8
18
16
25
22
13
17
35
41
12
13
10
12
29
27
14
19
10
10
26
25
23
17
23
19
20
25
8
8
16
8
12
31
31
12
26
23
32
14
13
12
13
23
16
10
35
27
18
10
29
21
29
19
19
19
19
17
16
12
19
35
13
12
18
49
23
21
15
10
19
17
17
29
14
9
10
19
23
15
6
25
12
21
6
16
21
10
12
21
14
18
14
12
12
8
25
12
21
25
27
23
6
15
4
12
15
10
21
11
4
23
27
12
12
8
14
12
14
14
19
14
14
29
6
10
12
12
10
23
14
21
13
33
21
19
8
19
27
13
14
4
15
17
12
11
8
17
15
0
4
4
4
4
2
4
47
6
4
2
0
0
2
0
6
71
8
0
4
0
4
2
4
5
0
8
16
3
2
2
6
2
6
6
2
0
55
2
6
4
4
4
4
53
4
2
0
2
2
2
71
0
4
2
4
0
4
2
6
0
0
4
0
6
2
2
69
0
2
0
4
5
2
0
76
28
0
2
2
4
6
4
2
4
2
2
10
2
4
0
19
4
4
89
2
2
4
2
58
4
71
2
4
4
4
2
2
0
2
6
0
2
2
0
2
2
2
0
0
4
4
4
22
4
4
2
0
0
0
50
2
2
2
0
2
7
4
2
2
0
2
4
4
4
0
24
2
0
0
2
4
0
2
2
2
2
4
2
0
0
0
6
4
2
51
4
2
2
59
5
79
5
4
2
2
0
6
8
2
38
0
4
5
8
16
6
4
2
2
7
9
8
2
15
0
32
4
2
0
4
2
59
4
4
6
4
4
75
0
17
88
13
2
2
2
2
2
2
2
2
0
95
82
0
2
0
40
0
15
0
0
2
78
0
90
0
0
2
2
4
0
0
0
0
8
0
2
2
0
2
0
0
0
2
2
0
2
4
4
4
6
60
0
4
4
4
4
2
4
4
0
0
0
2
2
6
4
2
9
0
49
2
40
4
2
2
8
1
4
0
2
2
0
0
0
0
0
0
1
2
0
4
0
1
0
1
0
1
3
5
0
0
1
1
6
2
0
1
0
1
1
2
0
1
1
1
2
3
1
1
0
2
0
0
3
3
0
2
3
0
0
0
1
1
5
0
3
3
0
4
0
3
0
5
1
0
0
0
7
0
4
9
3
0
3
4
0
1
1
2
2
2
3
1
0
1
1
2
2
7
0
0
0
3
0
1
1
3
3
1
2
0
2
2
4
1
5
4
1
1
1
0
3
2
1
3
2
3
3
1
0
5
2
2
0
0
1
1
1
1
0
0
0
1
1
3
0
2
2
1
2
3
6
0
0
2
3
1
0
0
1
2
4
1
1
1
5
2
6
0
4
1
0
0
3
2
2
0
0
0
1
0
0
0
4
0
2
0
0
1
2
0
1
0
0
4
1
1
1
0
3
2
1
0
0
1
2
1
0
1
1
0
1
1
3
0
0
0
0
0
0
1
1
0
5
0
1
0
1
0
1
2
0
0
1
1
1
0
2
1
0
1
1
1
1
2
0
0
0
1
3
0
1
0
0
2
0
0
2
0
0
0
4
1
0
0
0
0
2
6
0
0
2
1
0
3
0
1
4
1
4
1
0
0
2
0
0
0
2
0
0
0
3
0
2
0
6
10
7
7
10
0
0
3
7
24
3
0
0
9
7
1
0
0
16
3
0
6
2
0
0
11
18
4
2
0
4
0
17
5
0
3
17
5
0
16
25
0
20
2
10
0
17
14
6
8
0
13
8
5
0
21
16
16
2
19
8
0
10
9
2
13
4
5
0
7
5
20
10
6
3
26
0
13
5
7
8
10
0
0
12
15
0
0
0
0
5
0
9
12
7
1
11
19
8
9
2
0
13
8
3
1
0
0
10
11
7
0
15
5
2
0
0
9
3
0
11
19
1
0
0
12
8
1
3
3
6
0
0
3
7
9
9
0
0
13
6
2
6
1
18
7
10
0
6
7
0
18
6
0
20
9
11
26
16
0
0
9
0
0
0
6
1
18
12
7
0
20
2
5
0
0
13
21
0
3
0
8
3
7
3
0
1
0
11
11
7
0
7
9
11
16
0
7
1
0
28
1
0
12
10
2
6
0
13
0
0
6
0
0
14
0
2
1
0
0
8
6
1
0
13
20
0
50
0
0
17
11
8
0
8
16
11
11
0
1
2
2
1
0
0
0
1
2
0
12
3
9
25
0
3
3
1
1
4
0
72
3
6
1
0
3
0
1
0
2
0
1
2
4
1
0
1
0
0
1
2
2
0
7
4
1
4
