2
0
2
2
2
0
0
0
2
2
2
6
4
2
0
0
0
2
2
2
0
0
2
0
0
0
0
0
2
2
2
2
2
0
2
2
0
0
0
0
2
2
2
2
2
4
2
2
2
2
0
2
4
2
2
4
0
2
2
2
2
4
0
2
0
0
0
2
2
2
4
0
2
2
0
0
4
2
6
2
2
2
2
2
0
2
0
2
2
2
2
4
0
0
0
4
2
2
2
2
2
2
4
2
0
6
2
2
4
0
2
2
4
0
2
4
2
2
6
0
0
0
4
2
2
2
4
2
2
0
2
2
4
0
2
0
4
4
2
4
4
0
8
2
6
2
2
4
0
0
6
6
2
4
2
2
2
4
2
2
0
2
2
2
0
2
4
2
4
0
2
4
2
8
2
8
2
4
4
0
0
2
2
4
2
2
4
2
2
2
0
2
0
6
94
4
2
4
4
0
2
0
2
0
4
0
6
2
2
2
2
2
4
2
0
2
4
4
4
8
6
2
2
0
2
2
2
2
2
2
2
2
2
0
2
6
2
2
2
4
0
2
2
2
4
0
2
0
6
2
0
0
2
0
0
2
0
4
0
0
4
2
2
0
0
2
4
4
6
4
2
2
2
2
0
2
2
0
4
2
2
2
2
2
2
4
4
4
12
6
2
4
8
6
6
4
6
4
4
0
0
2
2
4
4
8
4
4
2
0
4
4
4
4
2
2
4
2
6
2
0
10
4
2
6
2
8
2
4
4
4
4
2
4
4
14
10
8
8
8
6
12
4
4
2
6
2
6
16
4
4
2
6
10
60
12
4
6
12
10
8
10
17
10
8
8
12
6
8
8
12
6
8
8
12
10
8
6
18
12
8
6
6
6
10
6
12
6
8
10
10
6
8
12
8
8
8
10
21
8
10
8
12
6
8
6
16
6
8
6
10
4
4
13
12
12
12
15
6
10
12
6
14
8
6
8
10
16
10
6
10
13
12
6
8
15
14
6
13
12
10
6
8
6
12
6
6
6
10
16
6
8
4
19
12
11
10
10
10
8
4
8
14
6
8
14
9
6
8
8
17
27
11
16
6
9
16
14
6
9
8
8
12
7
12
12
4
8
8
12
17
8
8
12
10
13
17
14
8
8
8
16
8
14
16
8
8
16
8
4
8
8
6
6
14
10
8
8
6
12
17
8
6
8
6
6
12
8
6
4
6
12
17
8
17
6
12
8
0
4
10
7
10
4
4
2
6
10
10
10
19
8
2
6
6
6
4
2
6
4
8
8
2
6
4
2
4
4
10
2
2
2
4
8
6
6
77
77
73
71
76
76
72
74
71
77
67
77
77
79
72
78
77
76
78
78
69
78
77
78
77
77
70
73
75
77
70
78
72
77
76
77
78
78
63
76
77
67
68
78
71
77
77
64
71
69
67
77
71
77
76
77
78
77
72
75
76
73
72
73
71
76
77
72
77
78
78
77
77
69
77
72
76
79
78
69
72
78
78
77
78
71
80
78
78
78
77
75
78
72
78
79
76
70
78
79
78
75
73
74
76
78
77
77
77
77
76
77
79
73
77
73
77
79
64
77
72
77
77
76
75
74
71
76
77
78
79
77
68
77
76
78
70
76
72
66
78
78
78
70
61
78
76
77
74
76
75
77
77
77
76
76
77
77
77
77
78
72
70
77
76
75
77
76
76
71
77
78
77
77
74
76
77
76
75
71
79
77
76
78
76
69
76
77
79
77
70
69
74
78
76
78
70
64
76
77
76
75
75
76
78
77
68
58
78
78
58
69
75
78
78
77
79
78
71
65
63
67
66
67
56
48
57
58
58
57
56
58
52
58
58
53
58
57
54
56
52
58
56
56
59
53
52
48
60
58
48
57
58
58
58
58
58
58
59
59
56
55
51
58
58
42
49
59
57
59
57
57
58
59
57
52
58
58
58
46
53
51
58
58
57
54
46
57
8
4
6
8
10
6
6
0
0
4
6
2
8
6
2
4
6
4
4
8
2
6
14
6
8
4
10
6
8
6
17
2
4
8
8
4
8
41
0
4
6
13
8
6
8
8
12
10
6
11
4
8
8
8
8
8
4
12
4
8
8
10
2
4
13
8
6
6
4
6
4
6
10
6
6
9
2
8
6
4
10
2
6
4
2
6
2
2
2
4
2
4
4
4
6
12
4
10
8
4
4
10
8
2
6
2
4
6
6
6
6
4
12
2
4
2
8
6
4
4
8
6
8
4
4
2
6
6
4
6
4
2
8
10
2
4
4
8
6
2
10
6
10
10
8
4
6
2
8
8
8
8
6
10
2
8
6
4
6
6
6
10
4
8
4
8
6
17
6
11
15
42
10
8
15
9
8
34
11
11
8
6
4
11
9
8
8
8
11
22
15
4
13
0
15
4
16
19
6
7
14
10
6
5
11
5
4
4
8
8
11
11
6
9
8
7
6
11
17
9
11
9
6
7
11
13
2
13
4
7
4
4
7
5
9
4
4
6
7
6
2
4
2
7
7
4
7
7
5
7
4
5
11
2
3
9
2
5
5
5
5
7
12
5
7
5
7
8
8
7
6
27
4
9
6
4
8
8
6
2
4
8
6
15
8
6
10
6
2
4
2
2
2
2
2
2
0
2
2
2
2
2
4
2
2
0
0
4
0
2
2
4
2
4
4
4
2
0
2
2
2
2
2
2
2
2
4
2
2
0
6
2
0
0
6
0
0
2
4
4
4
2
0
6
2
4
6
0
4
2
2
0
4
2
2
4
0
2
2
2
0
2
2
4
4
4
2
4
0
4
6
4
0
6
0
2
0
0
2
2
0
2
0
2
6
2
4
4
2
0
4
2
0
0
4
2
2
2
4
4
4
2
2
2
0
4
2
6
4
4
2
4
0
0
2
4
0
4
2
0
2
4
4
2
2
0
2
2
0
4
4
4
4
6
2
6
0
0
2
2
0
0
2
2
4
2
2
4
2
0
0
4
0
4
2
2
2
4
4
0
8
0
4
4
0
2
2
0
6
2
2
0
2
0
2
0
0
0
2
4
4
2
0
2
2
0
2
0
0
0
0
2
2
2
2
0
2
0
4
4
0
2
2
4
8
0
2
4
2
2
4
2
0
2
0
4
2
4
0
0
2
0
2
2
0
2
2
2
2
0
4
2
0
0
0
2
0
2
2
0
2
2
2
0
2
4
2
2
0
2
4
4
2
2
2
0
2
0
2
2
0
4
4
6
2
6
2
2
2
0
2
0
4
0
2
2
13
14
18
13
18
11
17
14
13
15
15
14
17
16
12
13
16
14
17
16
16
18
13
15
18
11
16
11
17
12
17
10
12
13
15
13
14
14
14
13
19
15
14
17
12
13
13
16
14
12
11
14
14
12
15
16
14
15
13
13
13
17
14
12
11
17
13
6
13
20
14
13
15
15
15
14
15
12
11
10
14
14
12
16
9
13
12
13
12
8
15
16
10
12
15
14
14
18
13
10
13
14
14
16
12
14
12
11
18
10
13
14
13
13
15
14
11
11
10
19
15
16
12
16
18
17
19
12
10
14
18
17
13
14
18
11
13
10
12
12
12
18
12
17
12
14
14
14
13
12
14
13
15
12
12
10
13
9
15
15
13
8
15
15
13
18
17
13
15
14
10
15
13
15
16
12
10
13
11
14
12
12
12
12
10
12
16
12
7
9
16
18
8
12
12
12
9
16
15
13
14
15
13
15
10
7
12
13
13
13
10
11
17
12
16
8
20
11
11
15
15
13
16
16
11
16
12
14
18
12
11
11
10
14
16
10
12
17
15
21
13
18
12
7
12
14
15
12
14
15
12
16
15
12
16
16
16
11
9
17
10
16
16
17
15
18
10
12
14
16
10
18
9
12
17
15
13
16
14
13
13
16
11
9
15
14
16
15
28
5
6
21
4
5
19
7
6
24
5
6
23
8
5
4
19
6
6
24
4
7
20
6
7
25
6
5
22
5
12
7
22
9
2
20
8
7
10
6
24
7
11
7
4
5
4
27
5
7
23
7
6
28
5
5
4
21
7
5
24
7
6
18
6
7
13
7
7
20
28
11
8
27
11
7
24
3
7
27
7
9
26
9
7
5
6
5
5
23
5
11
5
5
11
9
25
4
4
4
7
13
9
7
7
30
4
7
3
6
5
8
20
7
24
6
6
27
25
11
3
5
13
6
22
9
8
27
7
6
7
22
7
10
26
6
11
26
7
6
23
4
4
6
23
5
2
19
3
5
24
7
9
9
15
10
7
25
7
5
27
10
4
24
2
6
25
7
10
21
5
5
19
7
7
30
7
3
5
22
15
7
21
7
22
7
4
24
6
4
5
26
7
4
26
9
11
17
5
22
11
10
5
16
5
5
22
7
9
23
10
7
23
9
5
6
26
7
10
17
5
20
7
8
27
5
8
22
4
9
19
5
11
7
7
6
29
6
5
18
8
7
27
6
7
27
12
7
22
7
8
4
26
9
5
8
5
16
5
7
7
23
3
5
18
9
5
22
6
8
23
6
4
24
8
9
9
22
5
26
10
9
17
7
4
27
9
9
0
0
2
2
2
3
0
3
14
7
0
2
2
0
2
2
3
4
0
0
0
1
0
2
0
2
2
2
2
0
0
2
2
0
2
0
2
0
2
0
3
3
0
0
2
2
2
0
2
0
2
0
0
2
2
0
0
0
2
2
3
4
3
0
4
0
0
0
0
2
2
2
2
3
2
2
2
2
0
5
0
0
2
2
2
0
2
0
2
0
2
0
0
0
19
0
2
1
2
2
0
0
5
2
0
3
0
2
17
5
2
0
0
2
0
2
2
2
2
2
0
2
0
2
2
2
0
3
0
0
2
2
0
0
2
0
2
2
0
3
2
0
0
0
0
0
0
2
2
3
2
0
0
0
3
0
2
0
0
2
0
2
0
0
2
0
2
0
2
3
0
2
0
0
2
5
2
16
0
0
2
3
0
3
0
2
0
2
0
5
0
0
0
2
0
21
0
2
2
0
2
5
19
2
0
2
2
0
2
2
0
2
3
0
0
17
0
5
0
0
2
0
0
3
5
5
0
0
3
2
3
0
2
2
2
0
2
3
2
2
4
0
0
2
0
0
2
2
0
2
0
4
0
2
0
0
2
2
2
3
2
0
2
0
2
2
4
3
0
1
2
0
0
5
2
2
2
2
2
0
2
1
0
0
2
2
2
0
14
27
41
26
19
30
24
22
35
22
34
26
20
25
20
16
19
25
26
14
22
20
17
23
19
23
18
31
27
34
25
25
28
16
21
23
27
19
34
26
17
22
17
19
20
17
28
22
32
31
18
26
36
34
27
25
22
13
19
20
20
24
17
24
28
30
31
20
26
32
31
17
22
24
22
28
27
27
29
23
26
27
24
25
26
19
21
20
28
32
30
9
36
19
19
53
29
20
24
20
28
22
23
22
29
18
30
31
24
29
31
50
35
20
25
23
18
26
26
30
19
30
20
9
31
27
23
22
22
35
30
18
31
53
30
23
29
19
32
24
22
25
23
29
2
20
24
16
25
21
30
29
21
17
9
22
18
16
22
22
26
21
2
26
11
23
24
54
24
24
23
20
21
34
7
17
33
23
18
25
26
18
21
10
27
14
14
18
19
22
19
17
17
28
6
14
7
9
17
24
12
14
13
10
7
14
9
12
5
11
26
15
24
12
14
13
12
11
14
18
19
18
11
51
31
9
15
9
14
10
11
4
11
15
12
13
14
27
13
12
17
14
9
10
16
15
8
2
16
7
24
14
13
11
11
15
8
27
13
7
11
17
10
11
15
2
12
13
26
35
27
59
33
14
9
5
22
9
7
9
10
9
16
0
18
7
7
8
0
1
1
1
1
0
1
2
0
0
2
1
2
2
1
2
0
0
0
1
2
0
0
0
1
2
2
0
0
2
2
1
2
2
0
2
2
0
0
2
0
2
2
0
0
2
0
1
0
2
0
0
0
0
0
1
2
0
2
1
0
0
2
0
0
2
1
0
1
2
2
0
1
0
1
2
1
0
0
0
0
0
2
2
0
1
0
1
2
0
2
0
2
0
0
0
0
0
0
2
0
1
2
1
0
0
0
0
0
0
0
0
2
0
0
1
0
0
1
0
3
2
1
0
1
2
2
0
0
0
1
0
1
0
0
2
2
0
0
2
0
1
1
0
0
1
1
1
0
0
0
2
0
0
1
1
2
2
0
0
2
0
1
1
0
1
2
3
2
0
2
0
0
0
2
0
0
0
0
0
2
2
0
1
1
1
2
2
0
2
0
2
0
2
0
0
0
0
2
0
0
0
0
2
1
0
0
1
0
0
2
2
2
0
1
0
2
2
0
2
3
0
0
0
0
0
2
0
1
0
0
0
0
2
33
2
0
0
2
2
0
0
1
0
1
1
2
1
0
0
1
1
2
0
0
2
0
0
1
2
1
2
3
1
2
2
1
0
0
2
1
0
1
2
1
1
1
0
0
2
0
0
0
2
0
2
2
0
