19
34
37
44
32
22
20
32
61
26
71
36
30
20
14
51
24
17
50
32
51
41
19
23
21
18
39
33
36
22
30
21
19
16
14
42
13
17
40
27
46
14
28
27
7
28
15
17
26
34
58
34
16
19
4
27
15
30
30
24
17
24
26
24
34
24
26
25
21
20
24
24
31
19
20
49
25
33
24
13
37
24
44
15
41
20
22
44
42
45
42
34
24
13
39
24
24
25
19
37
25
68
18
27
37
33
18
18
40
26
60
19
9
28
28
11
20
34
22
83
37
9
22
21
32
30
35
23
36
57
32
43
28
11
12
36
18
24
40
26
27
5
34
30
17
41
30
32
34
15
33
16
37
27
37
29
46
21
32
26
45
29
40
31
22
33
7
39
38
43
31
59
52
41
48
60
30
46
27
61
31
43
24
48
30
28
25
26
62
17
54
28
31
39
27
51
22
23
12
32
38
42
50
22
49
45
48
20
42
21
48
61
45
33
43
33
32
21
26
42
27
46
18
31
11
24
37
19
13
13
26
51
43
11
24
49
37
18
27
14
58
35
11
47
18
14
35
15
43
28
21
26
37
19
33
23
15
11
30
9
21
16
7
16
17
28
14
28
6
0
6
17
26
19
5
17
16
27
45
33
20
12
22
10
9
20
5
14
0
0
4
4
2
2
4
4
4
4
0
2
0
0
4
2
4
4
6
2
8
4
0
2
0
0
6
2
2
2
4
2
4
2
0
2
0
0
4
2
0
4
4
2
2
2
0
4
0
0
0
2
0
6
6
4
6
0
0
4
2
4
2
4
2
0
4
0
6
4
0
6
0
4
4
2
8
2
6
2
4
2
0
6
0
0
6
0
2
4
6
4
4
4
0
8
0
4
2
0
4
2
0
2
2
2
0
4
0
6
2
4
0
4
4
4
2
2
0
2
0
4
4
4
4
2
2
4
6
4
0
2
2
2
4
2
2
4
4
4
2
6
0
2
0
0
4
4
2
6
2
4
2
6
0
2
0
2
4
2
4
4
4
2
4
4
0
4
0
2
2
6
2
4
4
4
4
0
0
6
2
6
2
2
2
4
4
4
2
4
0
2
0
2
0
4
6
4
4
4
4
4
0
2
0
4
2
2
4
2
2
4
4
4
0
6
0
0
4
2
4
4
0
4
4
4
0
4
0
2
4
4
4
2
4
0
2
4
0
6
4
2
2
4
4
4
4
4
0
4
0
4
2
2
0
2
2
2
2
0
4
4
0
4
0
6
4
6
0
4
2
0
2
0
0
4
4
2
6
4
4
2
4
0
4
2
0
4
38
0
0
4
0
2
2
0
0
2
6
0
2
2
0
0
0
2
4
0
10
2
4
4
4
4
0
71
4
4
0
0
0
0
0
4
6
4
0
2
0
2
2
4
0
2
47
4
6
2
4
2
0
0
8
0
6
2
0
2
9
0
2
0
2
4
8
7
2
2
0
2
2
4
2
0
4
0
2
0
2
2
0
0
7
4
4
2
2
0
4
0
6
3
0
8
7
4
0
2
2
2
4
0
0
0
2
0
2
8
6
2
2
0
6
6
37
0
0
38
0
4
0
5
2
10
8
2
8
0
6
2
3
0
2
2
2
0
0
0
2
11
2
0
2
2
4
2
0
2
2
8
4
6
0
2
9
8
2
4
2
74
36
2
0
2
10
9
4
0
0
11
4
2
0
0
0
72
0
4
2
9
0
0
4
6
0
2
2
2
2
2
4
4
4
0
4
0
0
2
0
8
0
5
0
2
6
2
0
2
0
9
6
2
8
0
60
0
4
2
4
0
0
4
0
2
2
2
6
0
6
0
4
4
0
3
0
0
4
0
4
4
4
4
2
6
0
10
0
6
2
2
0
2
4
4
6
0
0
0
47
4
2
0
0
0
0
0
2
5
2
0
0
4
46
2
2
38
2
4
4
0
4
4
0
0
2
2
22
23
2
33
28
30
24
4
0
0
6
6
2
0
31
32
29
28
17
28
26
26
29
7
28
2
4
9
4
2
7
22
36
6
25
29
22
33
28
4
2
0
2
4
2
17
26
5
23
20
27
10
8
8
20
32
9
22
8
8
7
6
6
17
3
23
28
33
6
13
18
28
35
33
9
22
22
26
7
5
21
8
29
28
8
32
22
26
6
6
17
28
12
4
5
8
19
31
26
10
6
5
14
28
6
27
35
4
10
32
24
32
5
8
25
31
12
30
28
8
7
32
31
20
25
20
22
9
7
24
28
29
5
6
7
5
38
20
28
10
4
6
16
28
2
7
5
28
24
6
5
9
12
25
15
8
9
28
31
31
14
4
10
27
27
30
27
33
7
5
34
22
25
9
16
24
13
8
7
24
9
20
5
4
4
30
11
41
28
5
4
6
30
23
22
26
23
4
7
30
28
27
6
4
13
26
33
20
7
7
28
20
30
29
6
9
6
19
28
5
5
8
5
5
27
25
4
14
24
9
26
8
7
28
15
8
7
5
24
24
21
23
4
4
23
24
25
5
2
28
26
27
30
5
2
22
20
33
5
5
24
27
23
6
5
7
23
7
18
3
4
28
35
26
5
7
21
31
23
18
9
6
21
21
30
13
32
34
0
0
0
0
0
0
0
0
0
0
0
0
0
0
0
0
0
0
0
0
0
0
0
0
0
0
0
0
0
0
0
0
0
0
0
0
0
49
17
32
15
21
18
53
29
29
26
17
21
23
18
36
42
33
14
46
46
37
52
23
55
19
15
32
30
55
49
45
27
29
54
37
13
31
21
40
41
14
32
19
18
51
25
59
46
18
53
44
50
44
2
25
50
43
31
22
17
19
30
38
34
45
47
55
36
38
23
49
32
30
21
15
39
26
7
49
21
34
35
19
24
54
45
28
47
30
8
35
20
39
16
15
25
25
25
23
16
38
33
21
24
44
29
28
41
34
36
32
43
62
49
0
39
22
17
51
31
19
22
25
32
30
40
63
49
75
33
25
19
13
14
40
38
25
9
23
32
24
14
50
34
40
66
43
51
13
12
50
37
42
46
31
25
54
45
37
61
36
28
43
21
35
44
34
22
52
26
35
29
36
9
25
46
20
23
30
27
22
43
15
62
47
9
37
32
24
24
33
23
55
37
3
35
59
13
20
35
48
40
61
33
29
31
0
56
38
54
31
36
23
30
36
33
32
34
48
50
67
37
51
42
9
55
3
58
19
30
63
61
55
37
51
23
21
22
37
14
34
57
29
30
27
27
35
27
22
25
30
0
4
7
8
10
2
4
0
0
0
1
2
2
4
3
1
2
2
1
0
0
1
7
6
0
3
0
4
3
0
2
3
3
3
0
1
2
3
0
1
5
8
2
1
2
1
1
8
5
11
2
2
2
1
1
2
2
4
2
1
1
8
5
8
2
4
6
1
4
1
0
4
2
0
1
6
11
3
1
0
2
0
0
1
2
6
4
7
9
6
0
8
8
2
2
4
5
5
0
7
8
2
1
0
5
8
1
2
7
12
5
0
4
2
1
1
1
3
2
1
1
3
1
0
0
8
7
4
1
5
4
0
7
12
3
5
2
1
1
3
3
2
1
3
2
3
1
0
2
1
1
8
0
8
10
10
1
2
13
1
9
8
2
1
1
0
0
1
2
2
3
3
2
1
0
2
1
2
2
0
5
1
2
3
0
6
6
11
2
1
2
2
0
1
1
5
0
3
0
3
7
5
9
8
1
0
4
2
1
1
2
3
1
0
1
1
1
0
1
1
3
0
1
1
8
5
7
1
7
7
0
2
1
2
2
2
2
1
1
1
5
30
20
27
22
2
4
3
1
2
2
0
1
2
1
2
2
1
2
3
1
5
1
3
2
0
1
7
6
1
0
1
1
1
2
1
1
2
1
1
4
2
2
1
1
1
1
2
4
4
0
11
4
6
4
8
8
2
6
13
6
10
6
10
6
6
0
4
4
5
2
19
2
2
2
24
13
6
8
10
7
4
0
6
2
4
2
8
11
2
9
6
10
2
4
0
2
0
0
2
4
2
7
11
12
0
2
11
11
2
2
8
2
4
17
2
11
2
2
10
4
6
2
2
8
9
8
7
2
2
2
9
7
4
4
6
4
6
0
6
6
2
4
19
0
8
2
2
10
10
12
6
2
0
2
4
13
13
2
4
8
6
2
4
0
0
4
8
11
10
4
7
11
3
4
4
6
0
4
2
14
6
0
2
9
0
4
6
8
4
2
8
2
6
2
6
0
4
0
12
9
6
0
8
12
2
2
0
6
4
8
6
4
2
0
2
4
11
6
20
8
4
20
6
4
2
2
2
12
4
5
7
4
6
2
4
0
0
2
2
10
6
8
17
10
6
8
6
9
6
4
2
2
2
10
7
8
10
8
10
4
4
2
9
9
2
2
4
13
8
9
11
2
4
2
8
8
8
6
4
2
2
13
7
9
10
4
2
4
8
2
2
2
8
2
2
2
22
2
4
10
4
2
0
2
27
11
12
11
2
0
6
27
10
10
4
11
2
4
8
6
2
4
9
2
4
6
11
10
26
2
4
4
2
2
4
0
1
0
1
0
0
2
0
2
0
0
1
1
0
2
2
2
0
0
0
1
2
0
14
0
2
0
0
0
2
2
0
0
0
0
2
2
0
0
12
2
2
2
2
1
0
0
2
0
2
2
0
2
0
2
2
2
0
1
2
0
0
2
2
0
0
0
0
0
0
0
0
2
1
1
2
1
2
1
2
0
2
2
2
0
2
2
0
0
2
0
2
2
2
2
0
0
0
2
2
1
0
2
0
0
0
1
2
0
0
0
2
0
2
0
1
2
2
0
2
0
2
0
13
2
0
0
2
0
1
2
0
2
2
0
0
1
0
2
2
2
0
2
2
2
1
2
2
2
0
2
0
2
2
2
0
0
0
1
2
0
2
2
2
0
0
2
0
7
2
0
0
2
0
2
2
2
2
0
2
0
0
1
13
2
1
0
2
0
2
0
2
1
0
0
0
2
2
2
2
2
1
2
0
2
0
2
2
0
0
1
2
2
2
2
2
0
2
0
2
2
2
1
2
0
1
2
0
0
0
2
2
0
2
2
2
2
0
2
1
0
0
0
2
2
0
0
2
1
2
2
0
0
0
2
0
0
2
2
0
1
2
0
2
2
2
4
0
0
2
0
0
2
0
2
2
2
2
0
0
0
0
0
0
0
2
2
2
2
4
5
31
2
7
2
5
7
2
9
7
13
5
9
2
35
2
5
4
2
5
5
11
11
19
4
4
9
2
4
9
7
6
11
2
5
7
13
5
21
5
7
4
2
2
7
0
4
2
4
5
2
2
2
4
2
4
7
7
2
6
5
9
2
5
4
2
13
7
5
5
5
7
5
5
2
6
4
2
5
4
2
11
5
4
5
7
7
4
6
2
5
4
5
4
6
7
7
7
7
9
6
7
5
2
6
0
15
4
2
4
7
9
6
4
2
7
0
0
0
9
13
4
9
11
4
5
7
13
7
5
9
15
13
15
4
11
15
19
6
15
2
2
5
7
9
5
11
7
15
4
7
5
7
15
9
11
4
7
7
13
9
13
13
11
19
4
7
7
4
4
15
7
19
7
11
9
15
9
9
11
19
6
15
13
17
15
9
7
4
7
7
5
15
13
7
5
7
21
7
21
9
17
11
17
2
15
7
7
7
5
11
15
11
13
5
13
5
9
5
7
4
11
19
11
11
2
7
7
6
7
6
6
2
7
7
9
7
5
6
7
4
9
5
43
11
5
9
5
11
9
7
9
6
13
7
23
9
5
19
9
7
11
9
4
7
15
7
5
7
13
9
9
4
7
15
4
4
4
3
5
5
7
4
7
5
7
0
1
0
0
0
0
1
3
9
1
0
0
1
0
0
1
1
0
1
0
0
1
0
1
0
1
1
1
1
3
0
0
1
0
0
1
0
1
1
1
0
1
1
0
3
3
1
1
1
0
1
0
0
1
0
3
1
1
1
1
1
1
1
1
0
0
0
1
1
1
1
1
1
1
1
1
1
1
1
1
1
1
0
0
1
1
0
1
0
1
46
0
1
3
1
0
1
1
0
0
0
1
0
0
0
0
1
0
1
1
1
0
0
1
1
1
1
1
0
1
1
0
3
3
1
1
1
0
1
0
0
0
3
1
1
1
3
3
0
1
3
0
1
0
1
1
1
5
1
1
0
3
1
1
6
1
1
1
1
0
1
0
1
3
1
1
7
0
1
5
1
1
1
0
1
1
1
1
1
1
1
1
0
1
0
1
3
3
0
1
3
1
1
1
1
3
0
1
1
1
1
1
0
1
0
1
0
1
1
0
1
0
3
3
1
3
1
1
1
1
1
1
1
0
3
1
1
0
1
1
0
1
1
3
3
17
1
3
0
0
1
0
0
1
1
1
0
1
0
1
1
3
0
0
1
0
1
0
1
3
1
3
3
1
1
0
0
0
3
1
1
1
1
1
3
0
1
1
3
0
0
1
1
0
1
1
1
1
