0
6
8
10
4
0
15
0
2
0
27
0
4
0
2
0
0
0
2
2
0
0
6
0
0
10
11
0
0
0
0
4
7
8
0
0
2
2
4
0
4
5
4
5
0
0
6
2
0
4
0
4
4
0
0
2
0
0
11
10
0
2
2
10
2
4
6
2
0
0
4
2
8
6
8
4
0
0
0
0
2
2
0
10
11
0
2
4
2
4
0
4
0
0
0
0
6
4
4
2
2
2
4
0
0
0
0
2
2
0
0
4
18
2
8
2
0
11
2
6
6
2
2
4
2
5
6
4
4
4
4
28
11
6
6
4
0
17
4
2
2
4
4
11
16
0
6
0
15
6
4
0
2
6
4
7
0
4
2
11
2
2
0
2
0
0
9
4
7
0
4
4
4
0
0
11
9
6
0
2
8
6
8
9
2
6
0
4
9
2
6
4
10
2
4
2
2
10
4
4
4
0
8
6
4
4
0
0
0
0
0
8
0
0
2
6
19
4
11
4
2
7
2
0
6
0
2
4
8
2
2
0
2
19
0
0
4
2
0
6
13
4
2
8
6
13
4
0
4
4
6
2
0
0
0
0
0
0
0
4
4
2
8
4
2
0
5
2
4
6
2
2
2
0
0
4
0
2
2
4
0
2
0
7
9
4
2
9
76
76
85
84
59
82
62
80
52
56
80
83
72
46
69
84
80
68
58
58
66
65
65
81
78
80
86
83
64
51
74
67
77
53
69
59
85
84
80
69
69
43
73
67
61
80
79
81
73
67
56
70
60
39
66
59
67
46
82
79
49
77
82
82
63
62
50
57
84
83
67
63
79
80
46
77
59
67
77
60
72
85
42
62
73
86
84
51
60
40
60
62
64
79
78
81
72
59
81
68
76
41
67
65
71
70
79
79
60
78
78
67
72
71
46
64
81
54
75
66
76
56
74
80
60
84
70
72
78
49
55
68
67
35
71
66
81
80
58
57
78
68
74
75
44
79
68
60
38
76
74
71
37
68
80
63
74
71
52
82
69
54
70
67
60
63
73
70
45
69
58
73
58
80
65
62
62
71
75
50
49
54
53
45
44
79
75
67
51
66
56
69
53
64
44
67
64
60
44
78
30
40
75
52
66
73
64
80
79
82
49
61
76
64
63
73
45
65
31
81
83
76
78
63
81
56
76
48
66
82
71
53
56
68
37
62
56
39
82
77
72
77
66
65
46
76
42
83
77
58
77
75
70
77
66
71
77
52
70
68
80
83
79
50
87
75
75
72
74
52
76
82
81
81
61
74
75
66
78
80
81
82
71
83
42
61
60
72
0
0
0
0
0
0
0
0
0
0
1
0
0
0
0
0
30
18
13
0
28
39
20
29
19
19
39
9
22
1
21
42
35
66
43
41
33
7
18
29
26
78
11
16
8
23
11
1
8
9
11
11
34
5
6
16
43
55
1
21
19
36
5
21
19
17
25
32
5
29
25
41
36
30
24
24
9
5
63
31
23
5
22
43
18
37
24
23
17
33
15
21
7
28
17
37
25
34
24
27
20
4
25
9
16
28
21
28
27
13
17
19
19
17
20
8
31
26
28
13
19
19
22
42
18
33
10
34
20
25
24
27
28
50
27
7
18
14
21
81
44
24
12
17
27
29
15
21
11
20
21
22
15
12
21
29
22
29
26
31
32
20
29
42
17
12
14
13
25
23
29
20
23
11
27
13
31
30
16
15
18
37
44
30
21
3
24
13
21
30
13
22
13
23
1
15
33
17
35
31
10
31
36
1
21
26
7
68
10
28
12
15
3
11
9
15
25
21
11
26
16
15
7
13
23
15
14
23
16
16
18
7
1
18
16
15
28
11
10
21
19
15
24
14
13
23
22
9
8
12
3
33
14
20
13
22
10
6
4
10
5
14
7
12
0
1
12
3
1
3
1
5
12
5
3
22
7
4
3
1
5
8
3
7
11
7
6
5
1
0
13
0
5
0
1
1
1
2
2
2
0
1
2
2
0
0
1
2
0
2
2
1
2
1
2
2
2
2
2
1
2
0
1
1
1
17
0
0
0
1
1
1
2
2
0
2
2
0
6
2
1
0
2
0
1
2
2
2
4
0
2
1
0
2
1
0
1
1
1
3
0
2
5
2
0
2
2
2
0
2
1
0
1
2
1
1
1
0
2
0
0
1
2
2
2
2
2
0
1
2
2
5
1
1
0
2
2
0
0
0
5
1
2
0
2
0
2
1
2
2
2
0
1
1
1
1
1
3
2
1
1
2
1
2
2
0
3
1
2
2
2
3
2
2
0
3
0
1
0
1
0
1
2
0
0
2
0
0
2
1
2
2
0
1
2
1
1
4
2
0
4
1
0
2
2
0
2
0
1
2
2
1
1
1
0
2
2
2
2
2
2
2
2
2
5
5
2
1
0
2
2
2
0
2
1
3
8
0
2
2
1
2
2
2
2
0
2
0
2
2
2
2
2
2
1
3
1
2
2
1
1
1
0
4
0
0
2
2
2
1
2
2
2
2
0
2
2
2
0
2
0
2
1
0
1
0
2
0
2
2
7
2
1
5
0
0
0
4
0
0
2
2
2
2
2
2
2
2
2
2
1
0
0
1
0
2
34
11
25
53
31
25
23
21
15
24
17
17
30
25
13
12
15
8
13
21
48
19
15
9
27
22
19
21
9
23
32
26
26
6
23
9
31
27
17
35
28
27
20
24
25
46
24
28
30
26
17
84
13
30
22
23
22
23
48
45
7
36
10
25
13
10
17
14
21
19
10
17
10
13
17
13
34
17
12
19
12
24
11
22
15
13
33
21
33
25
21
11
28
15
29
17
25
23
48
25
34
17
21
23
23
22
24
27
9
22
25
40
15
17
25
45
28
19
23
24
51
46
55
23
24
36
23
40
33
23
34
42
28
38
27
58
81
45
23
13
2
19
19
39
19
27
25
33
40
31
32
29
33
23
17
17
28
21
54
61
58
12
12
38
23
31
38
23
11
25
48
40
23
64
15
25
25
17
42
29
41
9
23
15
17
13
13
29
23
9
36
35
27
41
23
37
42
17
48
23
31
20
13
35
29
27
21
32
11
23
46
17
40
13
11
40
11
45
71
21
27
23
27
49
13
19
13
12
12
31
12
34
42
8
27
34
21
43
25
37
44
17
17
40
10
25
21
33
31
33
41
42
31
21
31
37
17
40
32
15
42
23
34
41
28
43
15
24
66
59
25
17
50
84
34
37
42
25
17
35
40
38
19
42
31
27
30
28
35
26
13
18
20
24
26
22
25
19
22
23
41
15
12
22
26
21
21
19
23
24
23
72
25
25
20
20
23
16
27
31
31
25
21
31
21
23
27
24
19
26
22
27
28
23
23
23
28
30
18
27
19
22
26
28
75
31
30
22
22
25
26
21
26
19
33
61
19
19
27
32
23
27
25
26
23
30
45
17
26
20
27
26
19
31
21
22
38
37
17
26
29
28
21
26
24
25
17
56
25
21
32
32
24
31
31
25
25
27
37
41
32
25
25
26
26
31
19
20
39
29
44
23
23
25
29
32
22
32
28
27
18
27
32
27
31
31
29
30
24
30
33
33
68
39
21
23
24
26
29
32
29
26
24
30
24
42
24
33
29
30
23
26
33
24
33
38
25
28
35
26
31
25
26
33
29
29
37
31
23
27
22
27
30
34
26
28
30
44
31
18
18
24
23
17
21
25
28
62
29
32
34
32
24
32
34
36
25
28
35
39
30
31
25
30
30
31
24
33
25
38
37
55
26
27
30
27
25
26
31
26
26
24
26
50
28
33
32
27
29
36
31
28
31
25
28
29
24
27
32
31
59
27
28
33
33
30
32
30
32
30
34
36
33
37
28
29
23
18
21
29
35
31
31
21
45
21
34
31
27
27
29
29
21
30
29
29
2
2
2
4
4
2
8
0
2
4
0
8
4
0
0
2
2
2
4
0
4
4
2
4
13
4
0
2
0
0
4
2
4
0
6
6
0
2
0
2
4
0
4
2
6
0
2
4
2
2
2
6
2
6
2
6
2
2
4
2
0
2
0
6
2
4
4
8
2
4
6
2
0
4
4
4
4
6
2
2
6
0
4
2
2
0
0
2
4
2
4
2
2
21
4
2
2
2
4
2
4
4
4
2
2
12
6
2
2
2
10
2
6
4
6
6
4
4
4
4
6
4
4
6
0
2
2
4
23
6
4
4
4
2
8
4
4
4
10
8
4
6
2
2
16
6
4
4
4
4
6
6
2
4
6
2
6
2
4
2
2
2
8
2
4
2
2
0
2
2
6
6
0
4
2
2
4
4
6
0
2
2
4
2
4
2
6
2
2
2
6
0
4
2
8
4
6
6
4
4
4
6
6
2
2
10
4
4
2
2
2
2
4
4
4
10
2
0
0
0
2
2
4
2
2
6
6
0
4
2
12
2
2
2
2
2
8
4
6
6
4
2
6
2
4
0
4
4
2
10
4
0
2
2
0
0
6
2
4
6
4
6
4
0
2
0
2
2
2
6
12
4
4
2
2
6
2
6
4
4
2
4
4
4
2
2
0
2
2
0
2
0
0
0
2
2
9
2
4
4
2
4
2
0
77
15
6
28
4
9
7
8
2
6
0
4
2
8
4
2
0
4
0
18
4
6
0
2
4
2
0
0
2
2
0
0
2
8
2
4
0
4
4
2
0
2
0
0
2
2
4
4
6
7
4
0
9
5
0
9
2
4
11
2
4
2
4
2
2
4
4
2
8
4
2
9
6
2
4
4
2
15
0
2
4
4
8
2
4
9
2
4
0
4
2
9
2
32
8
4
6
0
0
4
2
7
0
9
2
0
6
2
4
2
4
2
6
4
7
6
7
2
2
0
0
4
0
2
7
0
0
0
2
5
0
2
4
0
6
0
7
6
8
0
4
9
0
9
0
2
0
4
11
5
4
6
8
4
6
4
2
7
4
4
9
2
2
4
2
4
2
5
4
0
6
0
11
2
4
2
6
2
2
2
2
4
4
4
6
4
2
2
76
2
9
11
0
2
0
2
2
6
0
0
0
28
4
2
2
4
4
4
9
6
4
4
6
68
2
2
0
6
0
1
0
4
2
8
4
2
4
4
2
2
0
5
5
0
0
0
2
2
2
7
0
4
9
0
4
4
0
7
0
4
5
5
4
4
5
9
0
2
6
7
2
9
9
8
2
4
17
0
6
6
4
19
11
52
16
8
9
7
9
13
7
13
11
7
11
11
17
7
9
11
11
9
11
12
7
11
9
8
9
9
8
4
8
11
11
11
12
9
8
9
7
9
15
7
11
13
8
11
30
11
7
19
13
19
9
10
15
13
8
12
16
9
15
15
22
18
13
9
15
15
9
7
9
11
11
17
16
6
9
7
13
11
4
11
26
11
15
5
13
20
7
15
6
9
13
11
9
9
9
17
13
9
11
9
7
11
14
13
7
9
11
11
13
15
7
7
4
15
21
11
9
11
19
11
13
7
5
15
16
18
15
7
11
11
15
7
9
15
7
12
9
11
13
16
11
50
13
11
11
15
11
6
11
22
10
10
9
11
9
11
7
13
9
11
11
9
15
9
11
15
21
19
11
13
7
16
11
13
14
9
11
21
17
11
13
11
9
20
20
13
15
11
20
9
15
6
12
7
13
22
16
13
10
14
9
13
14
53
13
9
13
11
11
15
16
14
13
8
9
17
9
11
17
7
11
11
6
19
9
11
13
16
11
10
15
11
12
21
12
14
7
12
9
59
7
11
14
9
7
16
9
11
9
5
16
10
9
7
11
8
12
14
12
12
17
11
21
20
11
11
11
15
18
15
8
7
16
9
9
7
7
9
15
12
14
11
7
9
7
7
2
6
4
2
8
4
6
4
0
0
2
2
2
0
4
8
4
2
4
2
6
0
2
4
6
2
8
8
0
4
0
4
2
4
2
6
6
8
4
2
2
6
0
4
0
8
2
4
4
8
6
4
2
6
2
2
4
4
4
2
0
2
4
2
2
4
4
0
8
4
2
4
6
2
6
4
0
2
4
0
2
4
0
4
0
2
8
8
6
2
0
0
2
6
0
4
2
0
4
0
6
4
6
4
4
4
6
4
4
4
0
2
2
2
0
2
4
2
4
0
4
6
2
2
2
4
2
10
2
4
2
2
2
8
4
0
4
2
2
6
0
0
0
0
2
2
4
2
2
8
4
0
2
4
10
0
4
6
0
2
4
4
2
8
6
0
2
6
0
2
0
4
6
2
0
0
0
4
4
0
4
4
2
0
6
0
2
4
2
2
2
4
2
2
2
2
2
2
4
2
2
8
4
4
2
4
2
2
4
6
2
6
4
0
4
4
4
4
4
6
4
6
2
2
4
4
2
4
4
6
0
2
0
0
4
0
6
4
0
4
2
4
2
4
6
4
6
2
0
0
0
4
0
0
0
0
0
0
0
4
0
0
6
0
0
0
0
4
2
10
2
0
4
2
4
4
0
0
4
4
8
4
10
2
2
4
6
2
