4
4
4
92
0
6
2
8
4
0
2
0
0
0
2
6
0
2
8
0
4
2
8
7
2
2
0
6
0
6
12
7
0
2
0
8
0
2
12
2
2
0
0
6
6
4
10
4
6
2
4
0
8
0
0
4
6
6
2
0
2
6
2
8
4
4
12
2
10
5
0
0
2
4
0
0
0
0
5
0
2
2
14
0
0
7
8
0
4
4
12
12
6
0
8
8
2
0
0
8
4
0
8
2
6
0
2
2
8
6
0
0
6
0
45
2
0
4
4
0
3
8
10
0
4
4
2
6
2
4
3
7
2
2
0
2
7
0
0
6
4
2
8
2
0
0
4
6
4
2
6
2
0
2
6
0
4
0
2
6
2
0
0
89
2
4
5
4
2
0
2
0
12
6
2
10
4
7
10
2
0
0
0
4
2
2
2
4
0
6
0
2
10
8
6
6
92
2
0
8
6
2
0
0
4
4
0
6
6
10
8
7
2
7
4
0
12
0
0
2
0
0
0
0
0
2
2
4
15
8
2
0
0
6
0
2
0
6
6
0
0
2
0
0
4
6
0
96
2
0
4
0
0
2
6
4
2
2
92
0
0
8
0
0
0
4
6
19
0
0
58
0
8
15
6
2
2
10
8
0
2
0
2
0
4
0
0
2
50
0
0
8
2
51
55
2
2
0
59
63
0
27
2
44
2
79
0
2
56
19
0
26
0
0
4
29
56
58
4
49
0
71
73
0
69
0
79
40
59
55
4
2
4
61
2
61
77
44
45
51
4
4
2
73
2
64
0
4
11
32
55
8
2
32
54
2
48
6
4
4
76
46
2
0
53
85
54
24
4
2
51
39
29
0
6
4
2
58
2
2
4
55
28
6
2
2
2
37
20
6
13
50
0
0
26
0
0
6
0
2
61
28
4
0
2
4
4
53
6
0
55
2
5
12
0
0
2
74
42
46
4
4
56
2
0
4
4
6
53
2
2
4
2
2
4
44
9
4
28
0
7
70
2
4
43
6
49
2
88
34
7
21
17
33
70
0
2
52
0
65
56
4
58
48
2
51
2
7
33
71
4
2
2
61
48
73
50
0
2
6
2
44
2
23
18
4
44
6
27
48
96
2
50
6
8
31
17
48
4
2
7
8
36
30
2
4
2
24
45
4
2
42
42
4
0
4
55
41
59
27
61
53
4
0
2
2
2
0
52
50
2
2
53
60
37
53
2
60
2
49
68
2
2
30
44
70
0
0
66
2
24
6
0
6
2
31
2
9
48
64
2
63
2
28
4
0
2
55
30
2
2
59
63
60
50
0
9
3
4
17
4
7
0
7
2
5
5
2
0
5
0
0
4
0
3
0
13
2
3
3
7
3
2
0
2
10
4
2
2
2
0
6
5
5
2
7
0
3
2
3
0
2
3
9
0
2
8
10
2
4
3
13
5
10
2
4
2
9
3
7
0
2
2
2
2
2
2
6
3
3
7
11
3
2
2
3
2
5
0
0
9
4
4
2
3
3
0
0
2
2
4
1
0
0
0
14
10
3
0
4
2
0
5
0
7
5
2
2
2
3
7
2
10
2
18
2
2
2
0
5
0
2
3
2
4
6
5
2
2
8
3
5
3
1
5
5
2
3
3
8
0
4
0
3
13
13
7
9
10
8
2
2
0
0
15
8
12
4
4
6
3
3
4
16
5
2
5
13
2
0
4
12
0
6
8
20
2
2
0
2
2
3
3
2
9
3
0
0
2
2
2
2
5
3
9
5
9
7
9
21
5
13
6
2
6
2
5
9
2
3
3
9
3
8
0
8
0
3
0
0
3
3
1
4
0
1
10
5
8
4
2
0
5
6
6
12
1
7
4
0
0
0
7
0
0
3
7
10
7
1
0
3
2
12
3
11
5
0
9
13
2
11
2
5
5
0
0
5
2
9
0
4
0
5
9
2
0
0
2
10
6
5
6
2
1
1
7
3
3
1
9
5
5
3
1
12
3
7
1
1
5
15
9
1
7
11
3
3
5
7
7
3
5
1
3
7
8
5
1
3
5
3
16
9
3
7
5
5
12
14
3
3
4
3
1
5
10
7
3
5
1
3
3
5
3
5
7
7
5
7
1
1
11
5
3
7
6
3
5
3
3
6
3
3
3
5
5
10
1
3
3
5
8
5
5
3
1
11
7
3
3
7
3
9
1
6
7
5
7
3
10
6
12
3
6
3
14
12
11
9
11
5
8
5
5
5
10
4
12
6
10
3
7
13
1
3
7
14
6
5
7
12
7
9
7
1
3
9
18
5
7
12
12
12
7
3
3
8
1
6
4
1
1
14
4
3
1
10
1
6
5
8
7
5
5
9
3
8
6
9
8
9
7
13
5
7
1
12
5
5
11
5
5
5
8
11
3
12
5
10
3
5
11
13
7
13
3
7
11
8
10
8
15
5
2
1
8
3
19
3
3
3
33
34
3
10
3
8
5
3
3
8
14
8
10
3
8
10
5
7
6
6
1
8
7
12
7
5
3
5
3
3
5
8
9
7
5
3
6
7
5
5
6
6
5
5
3
7
9
5
5
1
8
3
11
9
5
5
7
9
5
3
4
7
5
5
3
1
5
6
7
7
17
2
10
27
16
0
0
0
27
13
16
11
35
22
4
13
23
11
22
25
18
18
9
13
0
4
15
15
10
13
8
15
0
16
26
17
2
13
13
20
15
2
15
22
34
22
0
11
29
14
0
20
2
24
8
20
17
5
11
9
17
50
9
19
18
19
26
20
15
19
18
16
9
11
8
4
15
22
6
13
16
24
0
23
13
17
4
16
14
45
34
31
30
24
4
16
24
26
22
0
20
32
30
13
30
26
2
18
18
13
9
16
16
0
0
20
22
2
0
23
19
17
21
4
27
2
24
2
28
13
24
17
21
2
1
9
29
11
24
2
27
4
20
33
26
40
29
24
1
37
15
22
38
30
28
28
13
32
2
5
22
20
17
24
19
26
29
28
14
30
11
11
7
2
24
19
13
23
22
24
9
2
13
0
13
0
35
16
15
17
17
13
24
28
11
19
13
37
23
13
16
11
13
33
13
15
2
9
24
29
25
9
0
9
9
13
5
4
26
13
17
0
22
2
11
11
17
44
33
24
9
21
17
17
7
19
20
24
25
32
13
13
17
13
29
0
0
18
20
9
14
37
31
2
7
7
39
15
0
9
13
11
11
11
4
8
9
5
0
4
13
13
13
11
13
18
7
13
19
9
0
14
11
11
13
9
11
7
11
0
0
20
3
0
13
0
19
0
0
0
0
3
0
26
16
0
11
0
11
10
0
11
0
0
3
0
25
19
0
0
5
8
23
0
0
11
14
14
0
6
9
0
2
10
11
0
11
0
3
0
0
3
4
1
0
15
0
0
1
12
5
0
6
17
0
21
0
1
4
0
2
0
0
2
19
31
11
0
13
22
0
0
22
0
21
18
0
14
11
8
18
8
8
26
0
10
10
0
0
0
10
10
12
21
8
3
8
0
0
28
10
13
20
0
5
2
7
0
0
3
6
0
11
10
9
21
0
0
9
0
0
0
5
4
10
0
0
15
22
6
15
16
13
0
0
1
25
0
0
4
0
6
0
0
0
1
1
0
11
8
6
0
0
5
8
0
12
19
0
0
30
7
16
0
0
13
3
6
14
0
3
16
19
0
9
0
0
0
11
41
5
1
7
9
0
0
7
0
12
0
0
6
0
14
0
0
5
0
16
10
0
18
4
0
3
0
0
0
26
0
0
9
0
25
6
1
6
3
0
0
0
10
0
0
19
16
0
0
0
16
0
0
15
0
3
30
26
0
10
12
0
10
2
0
0
0
20
0
16
24
6
18
7
0
10
7
31
24
20
0
18
0
0
11
0
7
0
0
28
13
0
0
11
25
0
0
2
4
0
8
4
6
4
2
6
2
2
0
8
4
2
4
4
2
4
6
4
6
4
6
4
6
6
6
6
8
4
4
2
6
2
4
6
8
2
4
4
2
6
10
0
4
12
4
2
4
8
6
6
2
4
2
2
8
2
4
6
4
8
6
6
2
4
4
4
2
8
4
4
8
2
8
10
4
6
6
8
2
2
8
6
2
4
2
2
6
4
4
6
2
2
4
12
4
8
4
6
2
2
21
6
6
4
12
6
6
13
6
8
12
12
4
9
2
10
8
4
8
12
4
10
4
6
4
8
8
4
4
8
8
10
8
4
6
4
6
8
4
8
10
6
8
6
10
7
7
8
6
6
12
6
8
11
6
10
13
14
12
8
14
10
6
8
8
4
6
12
10
6
6
8
6
8
21
8
4
12
9
4
9
12
10
4
6
8
13
6
6
6
8
6
12
11
8
6
4
12
12
6
16
14
4
8
8
8
8
6
2
6
8
6
4
8
6
6
7
4
6
14
8
9
10
12
8
10
10
15
10
14
6
10
8
17
6
6
6
9
46
8
6
9
4
6
6
4
4
8
8
10
4
14
6
4
4
6
10
14
4
2
9
8
10
4
6
4
11
8
4
10
9
10
8
12
10
6
10
8
4
9
4
10
6
8
12
30
19
27
22
20
16
24
23
25
23
20
20
31
20
22
12
26
23
25
24
33
24
20
28
45
39
24
22
28
26
22
21
29
32
20
23
24
29
26
31
39
29
27
29
30
24
33
28
34
28
29
27
24
37
29
33
20
23
63
34
21
30
26
23
36
31
28
28
24
23
37
24
25
30
25
24
32
30
22
23
24
31
21
15
14
16
23
24
21
22
41
35
21
28
18
30
32
30
56
45
28
21
28
28
24
27
17
36
27
29
23
27
28
22
25
28
30
31
35
35
41
26
32
28
21
21
30
35
18
22
22
30
38
29
28
26
25
52
36
31
30
32
29
22
27
15
29
30
20
26
24
37
37
27
35
38
39
29
40
32
27
31
30
36
26
33
23
39
20
31
25
27
58
28
28
21
35
43
19
16
25
22
25
18
18
19
37
25
17
27
29
28
18
19
39
20
20
26
31
24
22
36
27
24
25
38
24
21
23
15
18
23
50
23
27
19
30
18
18
29
26
23
19
31
22
22
28
28
18
28
18
22
16
14
27
25
25
17
22
43
26
34
26
18
22
18
22
16
26
18
26
18
19
19
18
16
17
16
20
20
18
16
16
13
15
20
17
17
31
18
12
18
21
16
20
21
17
18
23
16
18
22
13
18
22
26
24
22
27
20
28
18
10
30
48
18
20
30
32
22
46
31
28
51
24
23
20
35
37
15
13
37
45
53
24
29
29
12
24
54
23
47
43
49
42
30
59
45
46
56
52
58
49
39
62
39
63
61
45
62
71
52
47
47
61
37
38
40
43
49
50
48
52
45
59
50
53
28
48
44
56
48
60
52
48
54
52
63
60
60
63
33
51
68
71
50
55
51
47
62
65
48
32
52
52
26
48
59
57
54
29
53
51
46
63
49
64
52
48
32
40
53
57
60
49
53
37
29
55
46
46
44
56
49
50
48
57
63
26
53
61
50
54
59
53
54
28
37
49
44
56
34
20
27
41
37
31
37
41
30
24
31
27
54
33
36
49
62
37
53
30
26
26
40
51
41
36
40
64
47
65
40
39
49
40
51
35
27
35
40
42
58
61
59
62
46
35
43
33
31
42
26
53
52
35
59
35
36
36
45
43
50
41
50
38
54
38
37
55
62
33
52
37
33
31
35
42
34
31
62
56
51
27
52
39
29
32
19
27
38
49
27
30
43
32
11
25
44
38
17
40
16
25
36
41
38
32
30
34
39
26
37
26
26
23
29
47
36
23
32
50
34
28
32
26
23
41
42
36
43
22
18
40
31
31
11
24
12
18
17
36
56
26
25
34
30
12
16
14
27
14
15
23
19
11
11
27
17
29
13
30
17
15
20
17
26
12
13
23
15
14
13
12
17
18
12
28
18
18
18
13
44
20
13
14
26
24
19
20
24
37
14
25
18
16
13
13
16
14
16
13
36
14
14
12
26
22
13
17
24
23
17
30
23
11
15
29
18
14
12
13
20
14
20
20
20
9
17
19
22
13
8
22
16
16
19
31
17
13
29
15
9
11
16
19
17
18
14
28
13
15
15
8
8
11
11
17
20
17
17
39
15
11
20
15
48
9
12
13
18
24
17
23
33
17
18
38
12
9
11
22
23
11
15
17
30
20
12
15
21
18
9
15
20
14
19
18
24
11
13
8
20
26
12
13
19
18
20
21
11
13
13
12
11
12
16
21
11
39
24
14
17
23
14
15
25
17
22
24
20
16
17
12
13
64
20
18
28
19
22
17
16
27
12
18
16
35
17
19
15
15
12
18
24
14
16
13
17
16
14
22
11
11
27
17
23
24
13
22
25
15
11
19
17
15
9
19
17
18
16
19
26
15
16
17
16
15
28
16
39
25
20
19
21
25
20
18
21
32
14
21
22
15
15
31
13
16
13
17
32
13
14
14
18
26
15
17
34
31
13
18
54
18
24
27
18
15
16
14
16
24
30
16
22
