4
2
2
0
2
3
4
3
4
2
2
0
0
0
4
2
6
0
4
2
2
4
0
4
3
0
0
4
2
0
2
0
2
7
2
2
0
0
2
2
10
0
7
4
4
8
0
8
2
2
0
2
2
2
3
2
3
2
2
2
7
2
5
5
8
5
2
5
5
0
2
2
2
8
2
2
5
8
4
3
5
2
2
2
0
0
4
12
2
2
3
2
4
4
0
7
0
10
3
10
7
4
4
7
4
8
6
8
11
3
20
10
10
7
2
4
6
2
0
0
2
2
2
8
7
17
3
0
0
2
4
5
11
2
10
14
15
10
2
4
8
0
2
5
2
6
8
2
10
0
3
3
0
3
3
0
14
3
2
6
4
2
8
5
6
6
2
5
1
2
0
0
2
4
3
30
0
2
0
5
1
2
20
4
3
7
8
3
0
3
0
22
0
16
4
12
3
3
0
0
2
5
0
2
0
0
0
0
2
6
2
2
2
9
3
5
2
2
0
7
1
2
0
2
5
6
2
7
4
0
3
2
2
2
5
2
0
0
2
12
2
2
3
0
7
5
6
4
4
0
0
21
0
2
0
6
2
0
10
0
2
2
7
5
2
2
2
4
4
0
8
3
3
0
2
14
2
3
0
4
3
4
0
2
6
0
2
1
2
4
2
4
5
4
2
4
4
3
4
4
3
3
9
3
4
4
4
3
1
18
2
2
8
1
5
4
4
3
2
4
3
15
4
2
2
3
3
2
2
4
2
2
2
2
4
1
2
4
11
4
0
2
2
2
4
2
0
2
2
2
3
0
2
10
11
13
10
4
15
4
2
2
4
2
3
2
2
2
4
4
4
4
2
2
0
3
2
2
3
4
10
2
2
1
2
2
2
2
0
3
3
2
2
2
2
4
2
3
3
2
0
2
6
4
2
2
3
5
2
2
4
4
2
2
2
4
8
2
4
3
2
4
4
4
2
3
4
4
4
2
4
2
4
2
0
9
2
2
4
0
6
9
4
3
2
4
2
4
3
4
2
3
4
2
3
3
4
0
2
4
2
11
2
4
2
2
3
10
2
4
3
11
5
6
4
2
4
4
4
2
2
4
2
3
4
5
4
4
4
4
7
2
3
2
3
3
2
5
3
3
3
4
4
4
2
0
0
2
4
4
9
2
2
4
2
3
2
3
9
4
3
4
4
4
3
1
2
4
2
6
0
5
4
4
2
4
2
2
4
4
2
3
3
2
5
2
11
2
0
2
4
4
4
2
2
5
2
9
2
3
4
4
4
1
2
3
2
19
2
4
3
10
0
4
4
7
9
7
11
5
7
9
4
7
13
7
11
14
5
5
7
16
9
7
5
4
7
7
7
7
11
12
10
3
7
4
9
5
6
8
7
10
5
44
10
18
47
9
4
12
5
11
7
9
5
14
8
5
4
3
2
4
0
0
0
2
2
0
2
2
3
4
0
2
2
2
4
2
4
2
6
0
2
4
2
4
2
4
4
2
4
4
13
6
2
5
2
4
2
4
0
2
6
2
4
2
2
2
2
0
4
5
2
2
4
4
2
4
4
2
4
4
2
2
2
2
2
4
3
3
2
2
7
2
2
5
2
2
2
2
5
5
4
3
7
4
4
0
2
4
2
4
0
5
2
4
4
5
2
2
2
0
4
0
4
4
2
2
2
2
2
0
2
4
2
2
7
2
2
8
0
4
2
6
0
3
2
4
3
5
2
2
2
2
2
0
2
0
2
2
10
0
4
4
2
2
6
6
4
4
2
2
2
2
2
5
2
2
2
0
2
0
0
0
2
2
4
2
4
0
4
2
2
2
4
45
4
2
0
4
4
4
2
1
0
4
2
2
5
2
2
2
0
2
9
2
1
2
0
4
2
2
2
4
2
4
2
2
2
2
2
2
2
2
2
2
5
1
2
2
2
1
4
2
0
0
4
0
2
2
2
4
4
0
15
19
8
8
17
11
10
46
17
10
21
12
8
46
13
10
10
17
15
46
10
10
14
15
12
13
8
10
23
15
12
14
12
12
17
17
23
13
15
12
11
13
14
12
10
23
21
6
12
17
10
10
11
12
17
17
12
12
23
13
13
15
13
17
15
6
15
10
15
17
37
17
23
14
17
23
6
17
13
17
15
21
8
8
14
13
6
19
12
15
8
19
10
13
10
10
14
0
33
8
8
15
13
14
13
14
12
12
13
13
19
21
17
19
15
15
13
15
21
17
27
10
23
15
17
29
15
23
15
10
23
27
17
15
17
33
11
13
29
23
12
19
12
29
27
17
10
15
23
10
21
6
6
10
15
19
17
21
23
21
10
8
23
35
35
15
31
12
29
23
10
37
25
41
23
31
12
15
25
25
17
33
17
21
15
21
10
27
21
15
19
21
31
13
21
23
32
12
19
15
14
10
21
31
14
23
23
27
12
23
19
13
25
8
10
19
19
25
23
17
17
25
13
29
23
19
21
17
27
15
15
17
19
10
10
17
19
17
17
19
19
17
19
13
13
25
27
25
17
14
13
19
31
12
23
21
17
15
12
10
14
8
13
13
14
12
17
10
12
23
17
10
13
21
21
29
17
15
23
15
17
14
19
15
16
10
17
15
11
8
13
11
5
17
11
5
8
13
11
9
10
8
17
16
9
11
17
7
11
9
9
7
14
11
7
15
3
18
21
16
16
26
10
11
11
11
17
13
15
14
11
5
15
14
9
23
6
8
8
6
9
17
15
12
19
11
22
17
13
15
9
8
11
10
9
13
20
17
21
27
24
13
13
20
12
13
11
9
29
15
2
21
3
31
18
13
5
14
15
21
16
9
13
9
13
17
7
16
16
15
13
6
25
18
15
13
18
20
12
13
17
12
33
11
10
16
15
5
20
29
9
9
22
16
13
12
13
13
15
27
13
13
7
17
12
9
16
11
15
17
22
13
5
13
18
27
15
13
11
11
13
15
10
17
8
9
14
21
22
11
8
20
16
7
9
13
19
10
19
7
10
14
19
6
13
17
10
10
5
22
7
13
8
25
11
15
7
10
8
15
11
3
10
13
17
15
7
23
14
17
14
8
5
8
19
19
13
10
20
9
16
15
17
11
11
23
18
16
18
14
10
17
12
25
17
11
5
8
9
15
16
11
8
9
9
10
11
8
11
26
22
13
8
13
8
19
15
11
10
11
4
6
14
13
7
17
10
6
6
19
16
11
21
15
20
13
13
24
21
13
9
10
8
11
7
15
7
8
13
19
15
14
15
11
9
10
4
0
0
2
6
6
2
2
4
2
8
6
2
4
4
2
0
4
0
0
2
4
0
4
0
0
4
0
6
2
4
4
2
0
4
2
0
8
6
8
4
2
4
4
2
2
10
0
95
4
0
12
2
0
2
6
6
0
0
2
4
2
0
2
0
0
2
6
4
6
0
2
4
2
4
0
4
4
2
2
68
0
0
2
4
4
4
0
2
2
4
4
4
2
2
0
6
0
2
2
6
2
4
6
2
2
2
4
8
2
2
16
2
6
2
46
2
2
2
2
2
2
4
2
6
4
6
2
4
4
2
0
4
2
2
6
2
0
4
0
4
7
6
4
79
0
8
8
2
4
2
2
0
6
6
4
4
4
6
2
2
4
4
2
2
4
6
6
2
4
6
2
0
10
0
2
2
2
8
0
6
10
2
6
8
0
6
2
2
2
2
0
6
4
2
0
2
2
2
0
4
4
2
6
8
4
2
2
5
4
2
6
0
2
0
2
2
6
2
6
6
5
2
2
2
2
4
2
2
0
6
2
10
4
2
4
4
6
12
4
10
4
0
2
5
2
0
6
8
4
6
5
8
8
2
4
2
2
6
4
4
4
0
0
8
6
0
8
4
4
4
4
4
8
6
4
2
6
8
10
2
6
2
0
4
2
4
2
3
4
2
2
5
5
5
1
3
0
3
1
5
4
0
3
3
5
3
3
5
2
5
3
2
0
2
2
3
2
3
2
8
6
1
3
0
4
2
2
2
0
8
2
2
4
3
3
5
6
4
0
11
2
3
0
2
5
2
7
2
2
3
4
2
3
3
6
2
2
7
3
6
3
2
3
3
5
2
2
0
2
5
1
4
3
1
4
3
9
3
4
2
0
0
3
4
4
4
3
6
3
6
5
2
3
3
5
7
6
3
3
2
1
3
0
5
5
3
1
1
2
6
2
6
3
5
4
5
2
5
1
3
5
7
0
0
0
6
1
1
1
1
3
1
3
2
0
3
0
1
6
2
0
2
5
6
5
7
9
6
3
1
4
2
3
0
6
17
3
2
3
3
4
5
5
2
4
2
1
6
2
3
3
2
4
6
4
1
0
0
2
2
2
3
0
14
7
1
7
3
2
3
3
6
3
3
5
3
4
6
3
2
2
8
4
0
3
3
3
0
3
3
6
5
3
3
4
3
2
12
3
3
3
2
5
1
2
2
4
3
2
4
5
2
4
3
6
0
3
0
3
6
0
4
3
3
7
0
4
2
2
7
6
4
2
3
0
2
3
6
6
3
1
10
2
2
2
2
2
2
5
5
0
8
3
5
3
0
15
7
6
17
19
63
6
30
21
17
11
34
13
13
9
15
15
8
17
11
15
11
26
21
15
15
17
15
13
23
21
21
13
15
13
21
21
11
21
19
26
17
21
17
30
26
23
17
17
11
11
21
32
11
19
13
34
17
28
11
15
26
21
26
15
36
49
15
23
17
34
17
32
53
26
17
13
36
24
13
13
36
38
38
32
13
13
26
15
36
53
34
30
26
8
25
19
39
26
21
51
69
21
11
15
58
45
32
39
21
8
25
23
11
19
23
13
17
21
36
11
27
24
9
19
66
8
26
8
81
58
25
28
11
11
9
13
40
11
39
53
21
10
47
17
21
21
17
17
36
21
42
30
24
32
6
54
11
42
38
15
21
23
30
33
36
19
17
17
13
11
40
39
15
34
30
23
19
30
19
23
13
38
36
45
30
28
43
9
28
45
15
45
38
33
38
28
30
23
47
55
11
49
17
43
17
21
17
38
32
41
23
39
19
19
30
45
24
6
13
21
36
23
32
32
35
17
34
49
39
25
23
28
29
2
26
31
36
32
19
27
40
13
26
13
17
15
30
23
30
30
40
13
32
34
21
8
21
17
21
45
36
13
0
17
9
15
19
15
17
17
8
15
17
6
23
36
19
9
13
17
17
28
17
19
19
15
5
17
13
15
13
12
13
17
13
15
9
7
15
5
15
19
13
11
13
17
15
21
11
15
13
11
11
15
11
15
15
15
13
17
9
15
15
11
15
17
15
17
17
15
19
17
13
11
15
15
9
15
11
9
14
15
11
15
7
3
5
7
4
13
15
9
19
17
15
11
7
11
17
11
15
19
13
15
13
15
17
13
11
15
13
5
11
15
17
17
15
17
17
9
9
11
13
15
11
5
15
15
15
17
11
11
13
11
15
13
17
15
15
15
15
9
17
19
11
11
11
7
7
15
15
11
13
15
11
13
3
4
4
2
9
9
11
16
9
11
9
11
5
11
11
11
13
11
15
13
17
11
5
15
15
7
8
4
5
15
17
11
13
11
7
13
13
15
7
11
11
15
11
15
13
11
9
13
7
6
4
5
11
9
17
11
15
15
13
17
7
11
2
3
5
7
10
13
12
15
15
15
7
11
13
11
7
13
15
13
14
15
15
12
11
9
2
5
13
17
19
19
13
11
15
19
5
7
15
4
2
7
7
11
9
7
4
11
2
2
9
4
6
4
15
11
5
9
7
13
9
5
5
7
4
7
13
7
9
5
11
13
7
6
5
4
4
7
17
9
13
13
13
15
5
3
5
5
4
7
13
9
9
11
9
15
5
2
6
19
0
2
4
6
6
4
2
2
4
0
6
4
2
4
10
8
16
4
2
6
4
6
8
2
22
6
20
2
2
4
2
4
2
2
6
4
4
2
6
4
8
2
4
4
2
4
8
4
18
2
2
2
4
4
0
4
8
4
4
4
4
2
12
14
2
2
0
2
4
4
0
2
4
4
6
4
2
0
2
6
2
2
6
12
33
4
8
4
22
4
24
4
0
2
4
10
2
2
12
20
0
2
2
2
6
6
4
12
4
2
4
4
4
4
2
6
6
4
4
4
4
2
4
2
6
0
4
2
14
6
2
6
27
6
23
2
4
4
2
6
10
4
4
4
4
2
2
2
2
6
2
6
37
31
2
23
6
10
4
6
8
6
8
4
4
2
4
14
2
2
2
2
6
2
4
4
4
2
4
6
4
6
8
2
2
4
6
31
2
12
2
4
6
4
4
2
4
8
4
14
4
31
27
4
10
10
4
2
6
4
4
4
2
2
4
2
2
33
16
4
18
6
4
4
4
2
2
6
4
4
16
2
4
4
2
2
12
4
4
4
2
2
8
4
4
4
4
2
2
10
8
4
0
0
6
4
4
4
0
0
0
2
0
0
4
6
6
6
2
4
4
4
2
4
2
4
6
2
14
4
2
4
6
10
8
4
