0
0
2
2
0
0
0
0
0
2
2
2
0
2
2
2
2
0
0
0
0
2
0
2
2
0
0
2
2
2
0
2
0
2
4
0
0
2
2
0
2
0
0
0
0
2
0
0
0
2
2
0
2
2
2
0
2
2
0
2
4
4
2
0
0
0
2
2
2
2
0
0
2
0
0
2
0
0
0
4
0
0
0
2
7
2
0
0
2
2
0
2
2
0
0
0
2
2
0
4
4
0
4
4
0
2
0
0
0
0
0
0
0
2
2
0
0
0
2
0
0
2
0
2
0
2
0
2
2
2
2
2
0
2
4
0
0
0
0
0
2
0
0
2
2
2
2
0
2
2
0
2
2
0
0
2
0
0
0
0
0
2
8
2
2
2
4
0
2
2
0
2
2
2
0
0
0
0
0
2
0
2
2
2
0
2
0
2
4
0
0
8
0
2
0
0
2
0
2
0
0
2
0
2
2
0
2
0
2
4
0
0
0
2
0
2
4
0
0
4
2
0
2
2
2
2
2
0
0
4
0
2
2
12
0
2
2
0
2
0
2
0
0
2
0
0
0
2
0
0
0
2
0
4
2
0
2
0
4
2
0
0
2
0
0
2
0
10
0
2
0
2
0
0
2
0
0
0
2
0
0
0
2
2
2
2
2
2
33
22
12
8
10
8
6
10
9
4
4
8
6
10
8
2
12
8
8
2
6
8
4
2
6
15
8
10
16
6
4
10
12
8
8
2
2
12
6
4
15
4
10
6
4
8
16
8
2
2
6
12
18
8
16
8
8
6
22
6
4
10
14
10
16
19
8
6
16
12
8
6
10
20
18
12
8
4
8
13
16
12
12
22
18
10
10
19
16
18
6
23
16
10
8
23
16
9
14
8
14
10
10
14
14
21
12
12
8
12
23
43
16
18
8
12
8
10
10
12
10
15
6
22
14
10
10
23
14
16
16
12
8
21
10
25
22
20
8
33
6
8
25
10
10
16
37
18
37
12
14
25
29
12
12
23
18
12
18
16
16
31
23
29
20
12
12
18
27
14
16
12
10
19
16
21
8
10
31
8
2
14
10
25
20
18
21
27
8
10
10
20
27
22
14
27
13
20
16
25
17
18
14
17
8
8
16
7
16
20
18
25
29
27
23
22
14
21
8
12
20
22
22
20
16
12
12
10
10
19
18
31
16
22
12
17
8
16
23
16
14
10
10
4
18
16
27
16
13
31
14
8
10
10
6
20
6
6
10
15
4
16
19
8
8
4
10
7
10
20
12
8
24
18
12
6
8
12
4
2
23
10
17
14
6
7
16
4
23
10
16
25
21
13
6
21
15
23
15
15
13
30
19
25
15
15
8
17
13
17
19
15
10
13
19
19
11
11
4
53
10
6
17
23
42
27
29
27
23
30
13
8
15
30
21
21
0
6
13
11
15
8
17
8
11
23
4
6
29
13
8
6
11
15
15
15
13
17
30
21
15
13
10
15
32
15
21
13
37
8
36
32
19
23
13
25
15
11
24
27
55
32
15
11
10
15
15
15
13
29
69
19
23
11
17
11
35
27
19
23
19
23
21
21
17
10
14
19
15
11
17
13
17
34
10
14
40
34
10
29
36
25
32
8
27
11
25
17
29
11
27
83
23
36
23
23
17
15
19
27
10
27
27
11
28
14
17
19
36
23
49
36
19
24
11
42
36
34
40
13
17
42
38
13
21
13
59
36
40
10
17
34
26
23
32
11
10
9
13
8
6
25
13
10
8
13
16
23
11
11
10
19
8
8
10
25
10
8
10
8
12
10
6
19
11
6
8
15
11
8
8
6
13
12
8
6
11
11
4
10
10
9
19
13
6
4
8
10
15
13
10
21
17
10
8
11
7
8
10
59
11
4
42
6
6
13
4
9
8
4
4
6
2
2
4
6
4
6
0
6
4
2
4
4
6
6
2
4
6
4
8
6
9
4
6
6
6
2
5
7
9
0
7
10
9
10
8
7
6
0
5
7
9
0
7
0
14
0
11
2
10
2
0
6
16
0
1
6
8
4
8
0
6
0
5
11
9
4
6
0
9
10
0
4
0
0
8
6
8
8
5
1
0
5
10
0
10
3
7
5
0
9
9
8
2
8
6
0
5
6
0
0
4
9
6
4
0
0
9
0
4
0
0
4
5
6
6
8
5
8
2
8
7
3
5
5
10
0
8
15
4
0
0
0
1
6
4
3
5
8
5
0
12
7
0
6
0
0
7
0
6
8
7
0
2
2
8
6
9
3
0
0
5
9
0
11
0
7
0
6
4
5
0
8
4
0
3
5
7
0
0
11
0
6
7
4
0
0
0
0
8
6
5
2
0
6
6
4
0
9
3
4
0
0
4
1
0
0
4
0
5
7
0
9
5
0
8
9
8
0
0
0
1
1
3
6
0
9
4
6
5
0
1
6
8
7
0
3
6
5
0
6
0
5
5
0
0
10
6
0
6
6
3
0
6
0
1
1
0
9
9
4
0
7
6
5
8
0
4
0
5
0
0
10
0
11
0
12
6
0
9
7
11
0
0
0
10
6
8
10
9
5
4
4
5
0
0
0
7
6
6
9
4
4
4
6
6
5
1
0
0
11
3
9
2
6
6
4
0
6
2
2
0
2
2
4
4
2
2
8
6
2
0
4
0
0
0
10
2
4
2
4
4
4
0
4
4
14
0
4
0
0
2
0
2
2
0
0
6
2
0
0
4
0
2
2
4
0
2
4
0
6
0
2
2
6
2
2
4
2
0
0
2
0
4
0
0
4
2
2
4
4
4
2
4
2
0
0
8
0
4
0
2
2
2
0
4
4
4
4
0
2
4
0
0
12
2
4
13
4
2
6
6
2
0
2
4
0
2
0
2
2
0
2
2
2
4
2
0
4
2
2
0
2
15
2
0
6
2
2
4
2
2
2
4
2
11
2
0
4
0
2
2
2
2
2
2
2
2
2
4
6
0
4
2
2
4
4
15
0
0
0
2
2
4
0
2
4
4
0
0
0
2
4
4
2
6
2
4
2
2
0
0
4
2
0
4
2
0
0
0
2
0
0
2
2
4
2
0
6
2
2
14
4
0
4
4
0
2
4
2
2
2
0
0
0
2
6
2
2
2
4
4
2
4
2
2
0
4
0
6
2
10
0
0
0
2
4
4
0
2
0
6
4
2
6
2
2
2
2
2
12
2
2
0
0
2
2
4
2
2
2
2
2
4
2
6
4
0
4
2
4
0
2
4
2
4
2
2
0
0
6
8
9
11
9
8
11
6
15
9
13
17
8
6
8
11
8
8
6
10
10
12
8
8
10
4
21
11
13
11
11
10
15
13
6
15
8
10
10
4
9
15
10
10
12
11
6
12
14
6
13
14
12
11
11
7
11
10
15
13
11
12
10
14
10
7
9
10
15
13
11
6
10
13
9
12
11
13
12
15
11
15
8
15
12
13
17
10
10
13
10
8
11
10
8
11
9
9
17
15
13
17
25
7
8
11
10
14
9
8
13
10
19
15
15
13
19
11
10
12
11
13
11
10
11
13
13
19
9
21
11
12
11
14
11
13
13
13
10
14
10
8
9
17
15
12
23
12
11
10
10
10
15
13
6
12
12
15
9
7
12
11
16
13
8
19
10
13
15
12
17
14
17
10
10
13
6
17
11
9
11
11
19
10
11
8
12
13
11
8
12
13
16
14
10
19
9
17
12
12
13
12
8
6
10
17
13
6
14
13
10
8
13
9
24
6
15
8
15
11
17
4
17
17
15
17
12
20
6
15
15
11
10
12
19
13
23
10
17
19
11
9
14
11
10
10
13
13
15
8
13
7
8
11
6
12
10
13
13
13
13
10
8
11
13
6
13
9
8
17
4
19
16
6
6
15
9
12
10
15
10
9
10
10
12
13
10
9
13
2
2
2
2
4
2
0
2
2
2
2
0
2
0
0
2
2
0
0
0
0
0
0
0
2
4
2
0
0
0
0
2
2
2
2
2
0
0
2
2
0
2
2
2
2
2
0
0
2
2
2
2
2
0
2
2
0
2
2
2
2
0
2
0
4
2
0
2
2
0
0
0
0
2
2
0
0
0
0
2
2
4
0
0
2
0
0
0
0
0
2
4
2
2
2
2
2
0
2
0
2
0
0
2
2
0
4
2
2
0
0
2
0
2
2
0
0
2
0
0
4
0
2
0
2
2
2
2
0
4
2
0
2
2
2
2
0
0
2
2
2
4
2
0
2
2
2
0
2
0
0
2
4
2
0
2
0
2
2
2
4
4
0
2
2
2
0
4
2
0
0
0
0
0
2
0
2
2
2
2
0
2
0
4
2
0
0
2
0
2
0
2
2
2
6
2
4
0
0
2
2
2
2
0
2
0
0
0
2
2
0
4
0
2
0
0
2
0
2
0
2
0
0
2
2
2
0
0
2
2
0
0
0
0
0
2
2
0
2
0
0
0
0
2
4
0
0
2
2
0
2
0
0
2
2
2
2
2
0
2
0
0
2
0
0
2
2
0
2
78
0
4
2
0
2
2
2
0
2
0
0
2
2
2
0
0
2
2
33
33
34
37
22
31
33
38
32
33
37
38
23
33
37
31
22
38
36
32
38
38
32
33
33
33
34
32
33
38
32
33
34
34
32
32
31
38
37
24
24
31
34
37
36
30
37
37
31
34
35
27
29
32
32
38
37
36
36
33
32
32
37
38
27
24
33
37
31
38
32
37
26
26
26
28
27
31
24
37
32
32
38
33
31
32
28
15
38
32
33
38
39
38
37
33
33
38
36
27
37
33
36
36
36
38
20
32
32
38
32
26
28
28
32
36
37
38
37
33
38
36
27
23
31
37
32
32
37
32
30
18
33
38
28
31
32
37
38
33
32
37
33
37
37
37
26
24
18
37
32
32
37
37
33
36
39
33
24
28
25
36
28
37
37
31
29
25
40
33
25
31
33
32
39
38
37
38
33
32
33
37
28
21
22
33
38
28
34
31
33
33
26
33
27
19
29
37
33
33
39
29
37
32
37
38
34
22
33
37
38
33
38
27
36
38
33
33
26
25
32
37
37
38
38
32
37
24
32
33
32
27
25
37
37
31
33
33
36
38
15
26
29
27
32
36
29
33
35
33
37
32
38
33
26
33
33
31
37
38
33
38
33
33
38
32
32
33
34
33
33
32
34
33
38
34
32
32
33
31
38
39
38
33
34
38
34
33
18
19
18
18
18
18
19
18
18
18
18
18
17
18
17
18
18
18
18
19
17
18
19
18
18
18
19
18
17
17
18
18
18
16
18
18
18
19
18
19
18
18
18
17
19
19
18
18
18
18
18
18
18
18
18
18
19
18
18
18
18
19
18
18
19
19
18
18
19
18
18
18
19
19
18
16
18
19
18
18
18
19
19
19
18
19
19
19
18
18
18
19
19
19
17
19
18
19
18
18
18
19
17
19
19
18
19
19
17
19
17
18
19
18
18
18
18
18
18
18
18
18
18
18
18
18
18
18
18
18
18
18
18
18
19
18
18
18
18
18
18
18
18
19
17
18
18
18
18
18
18
17
18
18
18
18
18
17
17
18
18
18
19
18
17
18
17
19
18
18
18
18
18
17
18
18
19
18
17
17
18
18
19
18
17
18
18
18
18
18
19
18
18
19
18
18
18
18
18
18
18
18
18
18
18
19
18
18
18
18
18
18
18
18
18
18
18
18
19
18
18
18
18
18
18
19
18
19
12
12
12
11
17
17
18
18
18
17
12
17
15
18
17
17
11
16
15
16
15
18
18
18
18
18
18
18
18
18
17
17
16
18
18
18
18
18
18
18
17
18
18
17
17
18
17
17
18
18
18
17
18
17
11
18
18
18
18
18
2
6
6
0
3
0
0
2
2
2
4
2
2
2
15
4
2
5
2
4
2
2
2
4
2
2
4
4
2
6
5
2
4
2
4
4
4
4
0
2
2
0
0
4
2
0
9
4
2
66
2
2
2
0
2
0
0
14
0
2
4
81
2
0
6
0
2
4
2
45
2
4
4
0
4
0
4
4
70
4
91
0
4
2
4
2
3
2
2
4
2
4
2
2
6
2
2
2
81
13
2
4
68
2
2
0
4
0
4
0
2
2
2
89
2
2
0
2
2
0
4
2
0
2
2
2
0
2
0
2
8
11
3
2
2
52
2
4
3
4
2
4
2
2
2
2
73
0
0
2
2
11
2
2
4
20
0
2
0
2
2
0
0
0
0
0
0
2
2
0
6
0
0
2
0
2
6
2
6
10
10
4
2
0
2
2
68
0
2
0
0
0
2
0
2
0
2
0
40
2
2
0
0
6
4
70
2
2
0
3
17
83
2
56
7
4
6
2
0
2
4
43
15
0
36
2
2
0
0
4
2
2
4
2
2
2
26
4
2
43
2
13
49
2
0
2
4
2
51
2
2
11
15
2
2
6
2
4
6
4
25
62
12
6
4
2
2
4
2
11
0
0
9
2
2
2
4
2
23
4
2
0
0
4
4
4
6
4
