63
74
83
82
29
77
76
84
54
84
71
86
78
79
85
83
79
74
40
65
58
83
85
79
65
84
49
73
57
78
55
70
77
73
57
69
67
64
77
57
59
75
32
43
74
73
66
61
79
61
80
34
42
77
40
72
65
73
36
78
59
81
66
78
44
73
60
69
81
72
80
58
56
50
42
76
70
64
71
77
47
60
71
71
68
64
48
72
60
41
65
58
52
79
80
62
72
61
37
77
74
71
54
73
79
66
54
79
78
74
65
78
69
42
35
66
57
64
75
79
66
70
79
73
74
65
57
48
77
47
58
77
70
56
71
59
88
61
71
68
76
64
63
74
75
32
61
76
54
68
64
76
74
80
46
76
72
72
68
75
75
86
39
73
72
71
72
79
71
43
56
80
57
67
74
86
76
80
78
57
65
72
80
77
62
78
68
65
71
51
63
35
81
55
39
46
40
44
39
36
72
79
43
46
83
46
44
39
67
19
41
41
39
49
50
57
47
32
46
50
56
33
53
53
40
44
70
76
85
70
85
82
79
79
79
73
77
72
40
71
58
88
85
75
80
77
48
50
82
53
70
79
66
75
87
75
84
83
85
60
75
86
84
83
73
73
81
84
88
87
56
79
63
85
83
71
87
83
60
85
71
74
45
88
79
86
77
82
12
17
11
4
7
2
11
9
10
4
10
30
11
7
9
6
7
6
6
8
33
17
7
28
8
11
11
6
4
8
13
9
4
4
8
4
10
11
6
8
6
15
8
9
5
8
6
4
4
11
8
8
6
14
6
6
7
6
6
4
8
6
13
17
10
8
4
4
7
9
25
15
32
9
11
2
19
6
5
7
13
9
2
26
11
13
6
16
8
21
10
11
30
10
4
5
21
12
8
8
11
6
8
8
7
7
8
4
6
13
12
13
20
19
6
17
13
12
9
21
20
12
26
4
15
44
11
15
9
24
7
6
8
13
91
11
4
11
10
7
9
19
9
7
27
15
18
17
10
17
9
8
9
9
8
10
9
17
19
10
35
13
38
5
6
21
11
13
8
7
9
11
8
13
15
18
13
17
11
11
47
20
2
15
13
9
20
6
15
34
22
13
25
18
15
18
22
11
9
32
15
11
9
9
19
24
20
13
19
23
9
15
35
14
25
15
11
7
44
18
13
49
23
25
15
10
29
17
80
51
33
10
39
9
9
15
19
13
8
11
13
8
11
13
13
19
29
13
17
15
9
11
13
17
15
15
9
25
7
15
15
7
19
11
8
9
8
13
7
14
6
25
9
8
4
9
8
4
7
11
13
9
9
12
6
11
9
14
4
0
40
4
2
2
4
4
5
52
2
2
4
5
4
2
7
9
0
6
2
4
4
4
6
8
12
16
0
4
2
2
53
17
4
6
6
4
2
4
4
13
6
4
5
7
0
2
2
11
4
6
4
6
4
4
5
2
23
2
4
2
10
2
6
4
2
6
2
4
6
6
6
3
61
4
2
4
2
2
42
4
6
2
4
2
4
4
2
11
4
4
8
2
15
4
7
2
4
4
2
4
8
2
3
17
2
2
11
4
8
0
2
2
8
9
7
4
5
5
2
2
6
2
3
4
5
69
2
8
2
2
6
4
5
4
25
8
2
0
2
12
55
4
6
4
6
9
4
5
5
6
5
2
8
6
2
10
48
6
2
2
4
6
6
8
5
4
2
2
4
2
2
2
6
8
2
0
2
13
2
4
4
7
4
21
3
2
2
6
2
2
5
6
4
4
7
6
6
2
59
3
2
2
57
12
7
4
4
9
40
4
4
6
4
2
5
2
4
2
2
4
2
2
4
4
23
4
6
2
2
4
4
4
6
4
67
4
0
6
6
1
6
4
0
6
2
4
4
4
2
7
4
3
1
10
6
2
5
6
0
4
6
9
5
2
2
8
1
2
31
4
4
4
2
5
9
4
2
9
0
4
6
7
9
6
4
7
2
5
0
0
6
6
0
2
2
7
0
2
2
8
2
2
6
8
0
0
5
6
0
10
4
4
0
4
4
2
6
0
2
8
0
8
6
4
0
4
2
4
0
10
6
0
8
8
6
0
8
0
2
0
7
0
7
0
6
4
4
0
2
8
4
0
2
0
8
0
8
6
6
0
9
4
4
0
12
2
4
0
4
4
0
4
0
2
0
2
8
0
0
2
4
0
0
2
2
0
0
4
6
0
0
2
2
4
0
2
4
0
0
4
6
0
0
4
5
2
0
0
0
0
0
0
4
0
0
4
6
0
0
6
4
0
0
0
2
6
0
0
0
0
0
0
0
0
0
0
2
7
0
0
4
0
4
0
4
4
0
4
6
2
6
0
7
0
6
0
4
5
0
0
0
6
6
0
0
0
0
0
4
0
0
0
0
0
0
0
0
2
0
2
0
2
0
2
4
10
0
0
0
4
0
2
2
6
4
12
0
6
8
10
0
8
2
21
4
8
6
2
0
4
0
4
4
10
4
2
0
16
0
6
0
4
4
4
8
6
5
0
4
2
0
0
8
8
0
0
10
4
6
0
8
0
0
0
4
8
6
0
4
2
6
0
8
4
4
0
2
10
9
0
10
8
6
4
4
4
4
0
6
5
4
0
8
4
2
0
0
2
4
2
2
2
2
0
2
2
0
2
0
4
0
6
2
4
2
2
0
0
2
4
2
2
2
2
4
11
13
2
4
0
5
4
0
0
0
4
2
2
0
2
2
0
2
0
4
2
2
4
0
0
2
2
4
2
2
0
2
2
2
0
2
0
0
4
2
2
2
2
2
4
2
2
0
2
0
2
0
2
0
2
2
0
2
4
0
0
4
2
2
0
0
0
0
0
0
0
6
2
0
2
4
0
4
2
0
4
4
0
2
8
2
0
0
0
2
0
0
15
6
4
0
0
4
0
0
4
4
0
0
0
2
0
0
2
2
0
0
8
2
4
4
0
4
4
2
4
2
4
4
0
4
0
4
19
0
0
0
0
4
6
2
4
2
2
2
0
4
4
2
0
2
4
0
2
0
0
4
4
4
0
4
13
4
2
10
2
2
2
2
0
2
2
2
4
0
2
0
2
2
4
6
0
2
2
4
4
0
0
2
2
4
0
4
2
2
0
0
0
0
2
6
0
4
2
2
4
2
0
0
0
0
4
0
0
2
0
9
0
2
2
2
4
0
5
2
4
0
4
2
2
0
2
0
0
0
2
4
0
0
0
0
0
2
4
4
2
15
4
0
0
0
4
2
2
0
4
2
0
4
0
2
0
0
0
4
2
2
2
2
0
0
0
2
0
21
2
2
0
2
4
2
2
0
0
0
0
6
2
4
0
0
2
2
0
0
2
2
2
2
4
0
4
2
0
0
2
2
0
2
0
2
2
2
2
0
0
0
2
0
0
0
2
0
0
2
20
0
0
0
0
0
0
4
2
0
2
2
2
2
0
2
2
2
2
4
2
0
4
2
2
0
0
0
2
2
2
0
0
0
2
6
0
0
0
0
0
0
4
0
2
2
2
2
2
6
4
2
4
2
0
0
2
2
4
2
2
0
0
0
0
0
0
2
0
4
0
2
4
2
4
2
2
2
2
0
2
2
2
4
6
0
0
0
2
0
2
4
4
4
2
2
0
0
0
2
0
0
0
2
0
0
0
0
0
0
2
2
0
4
2
2
4
2
2
0
2
2
0
0
2
6
2
2
4
2
2
0
2
0
0
4
0
2
0
2
0
8
0
0
0
4
4
0
0
0
2
2
0
0
2
0
0
0
2
2
4
2
0
0
0
0
0
0
0
2
0
0
2
0
0
0
0
2
0
0
0
2
0
4
2
0
0
0
0
4
0
2
0
2
0
2
2
2
0
0
0
0
0
0
0
2
0
0
4
2
0
4
4
0
0
0
2
4
0
2
0
2
0
2
2
13
9
13
15
11
4
5
17
13
13
13
13
15
9
13
8
17
2
4
15
10
13
13
11
7
11
13
13
13
7
2
15
13
12
8
10
17
7
15
12
11
4
7
13
9
17
13
9
10
11
10
11
13
2
4
7
17
13
15
19
9
11
9
4
15
2
6
11
13
6
9
10
13
9
10
9
17
2
6
11
10
7
11
9
11
4
8
11
11
6
4
13
15
12
15
12
9
11
15
15
11
4
6
15
9
15
15
15
13
9
15
7
15
2
4
17
17
9
12
15
13
9
11
17
13
5
4
11
17
17
15
11
11
15
11
13
15
8
4
9
11
10
15
15
10
7
8
17
15
6
6
11
9
9
15
11
15
11
11
15
13
5
2
4
19
11
9
13
15
11
9
8
13
4
7
17
11
11
8
11
11
13
10
13
11
5
7
17
12
9
13
15
13
6
15
11
11
4
4
6
11
13
13
13
11
9
13
10
9
4
2
13
11
15
19
21
13
11
13
13
13
2
2
9
11
11
11
17
11
5
10
13
13
4
6
13
10
15
15
17
11
11
13
13
15
6
5
13
15
11
15
15
19
7
11
15
15
2
5
11
13
10
15
11
11
9
17
13
17
4
5
7
13
13
7
15
11
9
13
9
13
4
6
9
10
11
13
19
4
6
0
9
0
0
0
0
6
3
3
0
2
0
4
2
4
11
9
0
0
4
22
20
13
6
0
0
11
4
2
0
9
2
18
13
4
6
2
8
2
0
2
0
6
6
2
0
15
0
11
0
4
2
19
15
2
5
2
11
5
6
4
27
4
6
7
6
0
9
5
0
0
13
0
4
2
13
11
0
8
14
9
5
13
4
21
0
2
2
4
2
6
0
0
0
0
0
0
2
6
9
12
0
0
0
5
5
5
0
2
0
8
2
0
2
5
0
5
5
0
2
4
9
6
15
6
12
0
12
7
4
2
2
0
13
2
2
4
4
6
2
2
4
0
2
0
2
0
6
4
10
2
7
2
0
15
4
6
10
8
5
15
2
6
9
9
4
6
11
8
4
4
5
13
2
8
12
2
8
7
0
4
2
5
0
2
4
2
0
3
2
5
4
11
8
4
22
0
0
6
9
5
0
0
2
6
2
0
4
18
2
0
0
4
3
7
0
10
8
17
2
0
11
4
3
8
12
5
0
6
0
2
0
4
0
0
12
4
5
3
15
4
8
0
4
2
4
0
9
24
13
2
2
9
2
2
33
0
14
8
0
4
2
6
8
6
9
4
0
2
0
0
0
0
2
0
5
0
2
2
4
8
6
0
9
6
0
0
5
2
2
4
4
9
2
0
4
2
2
0
0
2
0
11
4
5
2
2
4
5
2
0
4
2
2
0
2
2
0
2
0
3
2
2
4
0
4
0
4
2
2
5
4
0
3
0
2
0
0
2
2
2
0
2
2
4
2
0
0
2
0
4
0
0
4
2
4
2
9
0
3
2
2
2
7
2
4
0
2
3
2
0
3
5
4
0
0
2
4
0
2
0
9
3
4
0
2
5
5
2
2
2
2
0
5
2
9
4
21
0
4
3
5
23
4
0
9
3
2
5
2
2
2
4
4
3
2
2
4
4
0
4
0
4
2
0
0
2
3
2
2
4
2
0
2
2
13
2
2
4
0
4
4
3
2
2
0
0
2
3
4
0
2
2
17
4
2
2
4
2
5
2
0
25
3
2
0
0
0
0
0
2
4
0
4
2
0
5
2
0
2
3
4
2
2
2
0
0
2
2
17
2
2
2
0
2
2
7
0
2
5
2
4
2
0
3
2
2
4
2
9
0
4
2
2
2
4
5
2
2
7
0
3
0
2
2
0
4
3
0
0
0
4
21
4
2
2
2
2
0
0
4
2
0
2
0
0
0
4
2
4
0
2
0
7
0
4
0
0
2
4
5
5
0
2
2
2
2
2
17
0
0
4
0
0
4
4
2
0
4
4
2
0
2
2
4
2
6
2
4
0
0
4
2
2
4
2
6
2
2
2
2
2
8
2
6
0
4
6
0
2
2
6
6
6
6
4
4
0
2
4
2
2
4
2
0
2
4
2
6
6
2
2
0
2
0
2
2
4
4
6
2
0
2
4
0
2
4
2
2
0
2
4
4
2
2
4
4
4
4
4
6
4
2
2
6
2
0
2
2
4
4
4
6
2
2
0
2
4
4
2
2
4
2
6
0
2
4
6
4
2
2
6
2
4
2
2
2
4
2
2
6
2
2
4
6
2
0
2
2
4
4
4
0
2
4
2
4
2
0
2
2
2
2
2
2
4
2
0
2
4
0
6
6
2
6
4
0
4
4
2
6
2
2
4
4
4
0
2
4
4
0
4
2
0
2
2
0
6
2
0
6
2
4
2
4
2
2
2
4
2
2
2
0
0
2
8
4
6
0
2
2
4
2
6
2
0
4
0
2
2
0
2
2
2
0
8
2
4
4
2
0
4
4
4
4
4
2
2
0
2
4
0
4
4
4
2
6
2
2
6
2
0
0
2
4
4
2
0
2
0
2
0
0
4
4
0
2
6
6
0
0
2
2
4
6
4
4
2
0
4
6
2
4
0
2
8
2
2
2
2
2
2
