0
0
2
3
0
2
0
4
2
3
2
0
0
4
10
0
2
0
2
0
0
0
2
2
0
5
0
2
2
2
0
2
0
2
4
2
0
2
0
0
0
0
0
1
2
2
0
2
2
0
3
0
4
5
2
0
2
0
0
0
2
2
4
3
0
2
4
2
0
3
0
0
2
2
2
2
2
0
2
1
0
0
0
0
4
2
0
2
5
4
0
0
2
4
2
2
2
0
0
3
4
0
0
0
2
0
0
4
4
2
2
0
2
2
0
0
2
0
0
2
4
2
2
2
2
2
0
7
0
2
0
0
0
0
0
2
3
0
0
0
2
0
2
0
2
4
0
0
0
0
2
0
2
0
0
2
0
0
0
0
2
0
0
0
2
4
4
2
0
0
0
5
2
0
2
4
0
0
0
0
0
0
2
4
2
0
2
2
2
0
2
4
0
0
2
0
0
2
0
2
2
4
0
0
2
0
0
0
2
0
2
0
0
0
2
2
0
2
0
0
0
1
10
0
0
0
0
2
7
0
0
4
2
2
3
4
2
2
0
0
0
0
2
2
2
0
2
0
2
0
0
4
0
2
0
2
2
2
0
2
0
2
0
0
5
2
0
2
2
0
0
0
2
2
2
0
0
2
0
0
0
0
9
9
2
0
2
4
2
0
0
0
0
8
6
6
2
4
2
2
0
2
0
2
2
0
0
0
0
2
0
2
12
4
2
0
0
0
0
2
0
0
0
0
0
0
0
2
0
0
12
0
0
2
2
8
4
0
2
4
2
0
4
0
2
0
4
0
2
4
0
4
2
2
4
4
2
8
2
0
0
0
0
4
4
0
0
0
0
12
2
4
2
2
2
10
0
4
0
8
0
0
0
2
2
4
2
0
2
0
15
4
0
4
2
4
8
2
2
2
6
2
6
0
0
0
0
2
4
0
0
0
0
0
2
0
4
2
0
0
13
0
0
2
0
0
2
4
6
2
0
0
0
0
4
2
2
8
2
0
0
2
0
6
2
2
4
2
11
2
19
4
10
0
11
0
2
0
2
0
4
4
6
2
0
10
0
2
79
4
4
6
10
0
0
0
4
0
2
4
4
4
13
6
0
4
6
2
0
2
4
0
2
13
0
11
6
2
0
4
2
0
6
2
4
2
2
8
4
2
2
11
4
2
0
6
0
4
4
0
4
0
6
11
0
9
2
4
2
0
0
0
4
0
7
4
2
2
4
4
2
15
2
0
0
0
0
0
0
6
7
0
2
2
6
6
4
2
2
0
4
2
8
0
13
2
6
4
0
2
0
0
0
0
6
6
2
0
52
2
23
26
0
77
0
0
25
2
2
50
0
2
2
2
0
0
39
42
18
15
2
0
0
2
0
13
11
41
9
2
2
2
6
51
56
2
4
4
0
6
2
2
4
21
22
4
2
0
2
2
2
2
2
2
0
2
0
51
4
2
2
2
2
4
2
7
2
2
62
0
4
2
17
24
0
2
46
2
0
0
2
4
2
2
36
0
4
2
43
0
2
4
4
2
43
2
2
2
0
0
4
6
2
48
0
0
2
2
6
2
0
2
2
0
4
0
0
0
2
2
13
0
2
2
2
2
0
21
4
0
2
34
13
9
2
2
2
0
2
6
2
2
2
0
4
0
2
4
2
6
4
5
2
0
4
0
2
41
23
2
38
2
0
4
2
60
2
2
50
2
0
2
2
2
45
29
2
2
2
0
2
2
35
2
22
4
0
0
4
2
15
2
11
4
4
0
2
2
2
7
2
2
23
4
2
38
2
2
2
2
0
2
0
2
2
27
2
4
33
4
4
2
37
0
2
2
2
2
2
0
44
0
41
2
21
2
4
7
2
2
9
35
2
2
2
2
4
2
2
26
0
2
0
7
4
0
44
2
0
2
0
2
2
2
2
31
4
3
0
2
24
2
2
2
2
4
2
52
4
0
4
25
2
13
8
4
6
12
6
6
5
6
4
4
8
6
2
10
10
8
6
4
8
5
2
6
4
4
9
10
4
6
6
4
4
6
4
4
6
8
6
4
10
2
8
4
6
6
13
6
7
4
6
62
4
4
4
64
2
0
7
6
6
6
4
4
7
6
4
4
12
6
8
4
6
4
6
6
4
6
2
6
7
11
4
6
5
6
6
7
8
7
2
4
6
7
6
9
8
15
8
4
11
4
6
10
4
4
2
6
8
4
11
4
6
8
6
6
9
6
8
9
11
6
4
2
17
6
2
8
5
4
6
6
9
4
4
5
2
6
4
8
4
6
4
8
4
6
8
5
10
6
4
10
12
7
8
7
9
11
4
6
8
7
11
7
4
7
13
17
7
14
5
5
9
5
7
3
11
9
9
4
7
50
7
5
3
11
9
11
3
13
8
8
10
5
5
8
7
16
13
7
14
9
7
5
7
5
8
9
11
11
8
5
7
7
6
13
8
13
7
6
7
5
11
7
9
7
13
0
11
6
9
7
6
7
15
11
6
6
11
5
4
9
17
4
9
6
5
7
10
6
7
10
9
4
11
9
4
8
7
6
9
9
9
7
8
4
4
10
8
6
6
4
9
5
9
6
8
9
10
6
17
7
9
9
8
6
4
8
7
2
21
7
13
11
13
7
7
9
4
8
9
7
11
15
7
9
12
7
3
8
4
12
9
11
6
11
7
6
6
10
17
5
23
11
7
9
7
9
8
9
8
10
9
7
13
6
13
9
11
2
9
9
9
14
4
14
11
4
6
7
11
15
18
6
7
7
11
17
11
17
9
22
7
4
11
5
24
9
10
6
9
15
9
6
10
6
6
15
24
15
17
6
13
13
15
15
22
9
15
6
13
7
17
11
28
6
21
16
13
7
15
7
9
13
4
15
17
11
6
18
18
5
8
28
15
9
9
47
17
7
10
13
9
19
13
8
3
6
7
8
17
15
26
7
6
7
11
19
9
11
9
16
7
4
6
9
19
15
17
20
17
16
10
8
18
13
15
5
11
11
15
17
16
4
7
24
14
24
11
16
15
13
22
13
17
8
20
28
7
24
22
18
13
6
9
21
12
9
11
10
11
9
18
4
6
13
17
15
5
23
21
13
18
9
8
11
11
4
21
24
11
8
13
15
11
4
15
17
16
6
34
13
15
8
12
17
4
15
17
9
17
11
13
26
6
17
23
14
34
13
11
7
15
14
9
39
5
9
10
18
11
11
17
11
18
13
30
8
17
2
6
12
13
11
7
21
7
6
16
12
3
17
9
22
15
5
15
16
3
5
5
3
3
0
7
3
3
5
1
3
7
3
34
4
6
3
0
4
1
3
3
1
1
2
1
7
5
1
1
5
3
3
3
3
5
7
3
3
5
3
3
3
1
7
7
1
1
2
1
5
5
5
3
3
3
3
7
4
3
1
5
5
3
1
3
3
3
1
3
2
1
3
4
4
3
5
3
1
5
0
5
5
3
1
2
3
4
4
5
3
7
0
5
0
3
1
1
1
5
1
1
7
1
5
7
4
3
1
7
3
5
0
1
0
3
7
5
7
3
3
0
3
3
3
5
3
33
5
1
28
5
7
3
7
1
3
0
3
0
7
1
3
5
3
7
1
5
2
3
3
3
5
3
1
1
5
7
4
3
5
1
5
3
4
6
1
5
3
7
5
0
0
3
1
3
1
0
3
0
1
5
3
3
1
1
0
3
4
9
1
1
1
3
3
3
7
7
7
7
1
1
3
1
3
1
3
5
4
3
5
1
1
1
1
1
1
5
1
0
5
3
0
3
7
0
7
7
3
3
5
3
5
3
1
5
4
1
5
5
5
7
3
0
1
3
3
3
35
2
30
1
23
4
3
4
1
1
7
3
19
5
1
5
1
1
1
5
3
1
3
1
1
3
5
0
3
5
3
3
3
1
5
3
1
3
5
0
2
4
0
0
0
0
0
6
0
2
4
0
2
0
0
2
0
4
0
0
0
0
0
0
4
2
0
4
0
2
10
0
2
2
6
4
0
0
0
0
0
0
0
0
0
0
6
4
2
4
0
0
0
0
0
2
2
0
0
4
4
6
2
0
2
6
4
0
8
2
6
4
0
6
0
0
4
6
0
2
2
0
2
4
0
0
2
4
4
0
2
2
0
0
0
8
2
0
0
8
4
0
0
2
0
0
0
0
6
6
2
0
0
0
0
0
2
0
0
6
2
6
6
12
4
4
0
4
2
0
2
2
2
0
12
2
0
0
2
2
8
2
4
4
0
4
4
0
4
0
2
2
6
2
0
2
0
2
0
4
4
0
0
6
0
0
0
0
2
2
8
4
0
0
4
2
0
10
2
0
0
0
0
2
4
4
0
0
0
0
0
0
0
2
0
0
0
8
0
0
0
0
2
2
2
2
4
2
0
2
0
0
2
2
2
4
2
0
0
0
2
2
4
0
8
2
2
4
0
11
2
2
6
2
2
2
4
2
2
2
4
4
6
8
6
4
4
0
11
2
6
2
2
0
0
0
2
13
2
2
4
2
2
4
2
2
0
2
2
0
2
2
10
4
12
4
2
0
0
13
0
0
6
0
4
4
2
0
1
0
0
0
2
0
0
2
0
0
3
2
0
3
2
0
3
4
4
3
2
2
2
2
2
3
0
4
0
0
2
2
0
2
2
0
2
0
0
2
2
0
4
0
0
2
2
2
0
0
0
0
1
0
4
2
0
0
0
2
0
2
2
0
2
4
0
3
4
0
0
5
2
0
0
0
2
2
2
0
0
5
0
2
0
2
4
1
3
2
4
2
0
0
0
2
0
0
0
2
2
3
0
0
2
1
0
1
0
4
1
0
2
1
0
0
0
0
2
1
0
2
2
3
0
2
4
0
2
0
0
2
3
2
0
4
2
0
0
0
0
4
2
0
4
2
0
2
2
0
0
4
0
4
13
4
0
1
2
0
0
2
0
0
2
0
4
0
0
4
3
2
0
0
0
2
3
0
0
0
15
0
4
0
0
0
0
2
2
2
2
2
1
2
0
2
2
2
0
0
2
2
2
2
2
0
0
3
2
2
2
0
2
0
0
2
4
0
5
0
0
0
2
0
0
3
3
2
2
0
2
2
2
0
2
0
0
2
4
0
4
2
0
0
2
15
2
0
4
2
0
0
0
2
4
2
2
2
3
0
2
0
0
0
2
0
0
0
2
2
2
3
5
0
0
2
0
0
2
2
2
4
0
2
0
0
2
17
13
23
34
14
24
25
28
19
15
35
27
21
27
17
18
30
29
15
34
19
25
17
39
11
14
23
16
25
25
17
21
19
23
14
11
31
10
11
13
39
30
17
50
45
25
27
42
46
40
19
84
63
54
31
57
41
32
49
58
29
57
81
52
43
65
27
92
44
40
44
37
75
78
77
33
80
31
38
21
68
62
31
92
53
46
80
50
94
45
77
29
38
33
85
84
83
68
51
50
45
58
23
43
21
64
48
52
68
71
58
43
44
42
50
52
66
45
66
35
93
37
73
37
59
67
37
18
31
39
41
24
74
25
41
49
98
47
44
72
33
65
44
66
25
31
65
51
60
55
58
50
66
83
86
28
87
53
70
86
35
35
33
40
42
53
32
62
62
71
83
43
31
44
27
37
53
29
14
52
44
44
78
32
33
31
43
35
49
51
21
19
17
26
34
35
21
46
27
77
54
73
95
53
61
54
33
26
62
71
73
50
65
35
61
27
47
37
28
45
32
46
87
44
55
81
51
97
94
50
47
45
36
32
24
19
48
36
42
29
36
45
32
37
25
39
33
40
35
76
39
61
38
14
16
15
38
28
22
18
39
20
21
29
43
46
17
25
44
35
22
22
23
32
27
28
46
11
35
60
35
22
15
18
28
30
34
42
14
15
7
23
11
9
27
34
4
12
28
43
8
23
10
54
10
8
10
10
13
7
5
8
61
11
7
17
13
8
18
9
9
12
27
14
26
51
34
4
6
7
7
20
23
54
10
8
20
12
15
8
11
12
6
23
11
16
10
28
29
8
48
13
6
9
10
42
4
16
12
27
6
6
9
2
16
5
10
43
9
7
10
27
19
17
8
4
30
78
23
2
15
2
2
61
9
2
5
6
9
31
6
25
14
31
5
27
10
4
14
2
9
20
5
13
14
5
4
7
19
6
22
14
48
11
9
10
9
33
4
12
11
6
4
15
2
8
5
7
21
11
6
13
36
9
7
35
12
8
8
40
37
8
5
4
25
7
24
4
46
13
9
4
5
6
14
9
4
5
9
15
6
29
47
14
24
25
30
37
4
17
36
33
9
11
9
10
6
12
4
43
8
12
2
28
4
7
6
9
7
2
8
21
7
2
8
24
9
4
4
10
24
7
2
8
5
10
10
8
5
12
6
6
5
7
26
20
10
3
9
10
22
8
8
9
27
33
22
27
4
18
20
4
10
81
7
48
41
6
32
10
5
10
4
6
6
1
8
4
0
25
5
30
6
6
37
12
4
7
6
10
2
6
66
53
34
67
7
3
6
6
6
4
5
9
6
5
