10
4
6
17
17
15
15
14
23
12
24
6
8
6
8
18
7
10
13
8
12
25
11
12
17
23
31
11
11
9
17
17
19
10
9
13
15
13
24
21
10
11
10
8
8
4
4
29
25
8
15
6
41
12
10
13
8
13
8
20
17
15
15
2
12
20
14
6
17
6
13
8
17
4
12
15
23
12
13
13
23
24
17
27
11
13
10
23
8
8
20
8
8
14
15
19
19
11
25
17
8
6
10
3
21
4
11
11
6
13
6
0
6
19
6
15
17
11
16
27
10
8
8
15
9
13
9
8
13
12
13
6
6
10
21
15
10
10
12
6
10
8
12
15
4
11
11
13
21
15
13
23
13
10
11
13
10
13
15
48
6
11
21
8
15
13
8
23
28
6
13
27
10
5
4
4
29
5
6
4
5
4
2
6
5
4
6
6
13
7
6
4
6
15
4
6
6
6
6
13
12
13
6
4
18
15
4
4
2
17
4
6
6
4
8
6
8
6
10
8
4
10
15
0
4
4
10
11
7
4
6
2
14
4
19
5
6
2
4
6
8
6
4
4
4
6
13
4
2
4
10
2
2
10
4
2
6
0
2
7
3
6
2
6
4
5
4
10
4
6
4
9
15
17
4
6
4
4
2
11
4
6
0
6
9
6
5
13
2
4
0
2
2
16
4
0
0
5
4
6
2
0
4
2
0
9
1
0
0
3
0
0
0
7
3
2
7
2
2
0
0
4
3
2
0
12
2
2
2
2
2
2
5
4
2
2
0
2
6
4
2
2
2
0
3
3
3
2
2
0
2
2
7
2
4
0
2
0
4
0
2
2
5
36
0
2
2
0
4
4
2
4
2
2
0
4
2
2
0
2
4
4
0
0
2
0
4
2
0
4
2
0
4
17
0
2
6
2
2
0
3
0
0
0
5
0
39
0
0
2
4
2
4
2
3
6
4
2
2
0
3
4
2
2
5
2
2
2
5
2
0
2
4
5
2
4
4
2
2
2
0
0
0
6
1
2
2
4
0
0
14
4
6
0
2
0
0
2
2
4
0
6
2
4
4
2
0
0
0
4
2
4
2
2
3
5
0
0
4
2
4
4
0
4
0
8
4
3
2
0
4
5
2
0
0
0
0
2
5
2
0
13
52
3
2
4
2
0
3
0
2
0
3
0
0
2
3
20
0
19
0
2
3
0
0
3
0
42
3
4
0
2
4
0
2
2
3
2
0
45
5
4
72
0
4
0
2
0
2
4
2
2
0
2
2
0
0
2
4
2
2
0
4
2
4
4
4
3
2
4
4
2
3
2
0
2
12
10
13
9
6
13
4
10
10
13
11
8
6
4
10
6
8
6
8
7
6
11
9
17
10
10
6
2
8
4
6
4
7
3
7
16
7
5
12
8
6
8
7
8
12
7
9
3
2
4
9
4
4
2
8
8
6
2
2
4
10
4
4
0
6
6
2
8
2
13
11
9
11
6
6
4
5
6
10
8
6
6
9
12
7
10
6
6
10
12
6
11
13
7
8
6
6
6
8
6
6
10
9
10
6
5
5
19
6
13
8
8
6
4
4
12
16
11
8
11
11
13
8
9
13
8
13
10
7
11
5
6
4
2
5
10
10
10
9
10
13
10
7
6
6
19
8
4
10
4
6
9
11
9
11
17
0
7
8
15
12
12
9
4
12
6
10
13
9
23
8
15
15
24
9
8
8
19
9
6
3
12
14
4
19
15
7
0
12
6
17
4
7
2
11
11
13
10
11
4
8
13
4
4
4
8
13
32
8
6
5
8
11
5
4
6
10
6
13
8
6
4
8
8
6
8
5
8
4
6
6
11
8
4
6
6
13
8
4
4
0
4
2
4
8
6
6
6
6
6
2
4
4
3
0
0
0
0
2
0
0
0
0
0
2
0
0
0
2
0
0
0
0
25
0
0
0
0
0
4
0
2
2
0
2
4
4
2
0
13
9
0
6
0
13
0
7
0
13
0
19
0
9
0
11
0
11
0
6
13
26
0
6
9
13
0
15
13
22
0
4
7
13
0
0
48
7
0
0
33
13
0
0
11
15
0
0
25
11
0
0
17
6
0
0
13
17
0
0
7
17
0
0
11
13
0
0
11
4
0
0
15
16
15
0
17
18
0
0
7
0
4
0
12
15
0
0
15
9
22
0
22
6
11
0
11
2
16
0
13
0
17
0
19
0
2
0
6
0
14
0
15
0
11
0
0
9
17
0
0
0
0
11
11
12
0
16
0
21
0
15
13
11
0
0
25
16
0
0
0
0
0
0
0
0
0
0
0
0
5
0
0
4
0
9
13
0
26
7
0
7
0
9
0
11
19
0
0
0
11
0
9
0
0
0
0
0
0
0
0
15
0
0
6
0
0
0
0
0
0
0
0
13
20
0
0
13
6
0
0
13
41
0
0
14
11
0
11
4
26
0
9
4
6
0
7
33
11
0
4
0
26
0
0
26
24
0
4
4
20
0
20
0
39
0
0
15
17
0
0
46
32
0
0
41
11
0
0
22
9
0
0
11
19
0
0
29
20
0
0
13
29
4
7
16
9
0
0
18
32
7
15
19
7
16
0
15
7
0
0
15
9
17
0
6
8
0
0
0
0
0
2
4
2
2
2
0
2
0
4
2
0
0
2
2
2
0
0
0
8
0
0
0
2
0
0
4
2
2
4
2
2
2
2
0
0
2
0
2
0
0
0
2
2
0
2
0
4
0
0
2
0
0
0
2
2
4
0
4
4
2
0
2
2
0
0
2
0
0
2
0
0
2
0
0
2
0
2
2
0
2
0
2
0
0
2
0
2
4
0
2
0
2
4
0
0
2
2
2
2
0
2
2
4
0
2
0
4
0
4
0
0
0
6
0
2
4
4
0
2
2
2
0
4
0
2
0
0
0
0
2
0
0
2
0
0
0
8
2
0
0
0
0
0
2
0
2
0
2
4
0
0
4
2
4
2
0
0
0
0
2
2
4
0
0
2
4
0
2
0
2
0
0
0
4
4
0
0
4
4
4
2
0
4
0
0
0
0
0
2
0
2
4
2
0
0
0
0
0
0
0
4
2
0
0
2
2
2
0
0
2
2
2
0
0
0
2
0
6
0
2
4
4
0
0
0
0
83
0
0
2
4
0
2
6
2
2
2
2
2
2
2
4
0
0
2
0
0
0
4
0
0
2
2
2
41
0
4
0
2
2
2
2
2
0
2
2
4
4
0
4
0
4
2
2
0
0
0
0
2
4
2
0
0
5
1
1
5
3
3
5
11
3
5
3
6
3
6
0
5
6
7
5
19
5
10
5
4
5
3
7
1
4
3
3
3
1
7
7
8
3
6
3
3
6
5
3
5
6
7
6
1
3
6
6
0
7
8
1
5
5
5
6
7
3
1
4
5
6
6
3
5
5
3
6
1
3
5
3
4
5
3
7
7
1
5
9
3
5
9
5
5
0
1
10
5
14
1
3
5
6
7
5
5
5
8
1
5
7
3
7
7
12
5
8
5
5
5
3
3
7
3
1
3
3
5
3
12
5
1
1
0
1
8
14
3
3
4
5
6
6
6
4
17
5
5
8
7
5
5
6
8
1
6
3
1
3
5
5
1
10
8
7
3
5
6
6
8
3
7
5
3
5
1
5
8
6
4
3
10
8
5
7
5
1
5
5
5
9
5
7
5
7
5
9
5
3
3
3
3
8
3
3
3
5
3
3
3
3
7
5
5
1
7
3
6
5
7
8
7
6
9
3
3
5
5
12
5
5
6
5
3
7
7
3
6
5
5
5
12
3
3
1
1
3
1
3
3
1
7
5
6
7
3
8
3
10
3
6
5
3
7
5
5
5
7
5
3
6
7
3
3
3
3
3
13
6
5
3
0
4
5
6
10
5
3
7
5
5
13
5
5
0
0
4
2
2
29
2
5
39
2
0
0
3
0
0
0
0
2
0
84
2
2
0
2
40
26
2
96
29
2
2
77
98
0
2
2
18
2
2
0
1
0
2
35
1
2
42
2
4
0
0
2
0
33
12
0
3
51
0
2
0
0
13
0
0
2
0
2
0
2
0
2
3
2
0
0
0
2
0
0
2
54
2
6
0
11
2
0
0
0
9
0
2
2
84
2
2
40
2
0
2
4
2
2
0
0
37
0
0
2
2
0
0
2
0
32
2
0
64
0
10
2
0
2
1
0
6
2
31
2
2
40
2
0
0
44
2
3
38
1
0
2
25
0
28
4
0
27
4
0
39
0
7
22
2
9
0
38
2
2
15
2
3
4
2
0
2
20
46
0
2
2
2
0
34
0
0
2
0
0
1
2
2
2
0
0
2
3
2
0
1
15
2
25
3
22
25
0
2
17
0
0
22
2
0
62
19
0
67
0
0
2
2
3
30
0
2
20
1
57
0
21
2
4
0
8
0
0
18
0
22
2
14
19
30
0
3
0
1
2
33
9
26
4
34
3
0
13
7
44
0
0
0
5
18
0
3
10
0
0
46
19
0
0
2
1
1
1
40
1
0
20
2
2
37
2
2
14
2
42
14
42
73
27
4
2
0
23
91
82
75
90
84
54
49
94
54
82
74
82
94
76
92
70
77
92
55
30
89
72
65
49
82
82
91
69
85
75
35
55
86
76
91
42
90
89
89
69
83
87
49
60
68
92
72
46
90
91
94
88
85
84
44
57
44
94
46
87
69
95
91
90
84
92
47
67
42
77
69
51
94
90
92
81
83
89
76
85
44
70
89
51
93
51
92
73
74
68
57
87
80
69
50
47
93
86
77
46
60
42
52
78
44
38
91
47
73
93
72
89
88
90
87
42
30
79
66
49
91
78
91
72
90
34
44
48
39
47
85
47
81
90
80
94
86
86
60
47
33
87
92
47
89
85
61
87
62
84
46
46
33
61
51
40
86
70
57
90
83
66
47
53
33
77
83
41
44
66
64
35
84
71
72
37
44
89
88
47
56
82
62
63
73
58
86
37
30
70
80
47
61
73
67
85
83
45
38
51
40
83
85
43
64
71
75
75
83
83
60
56
41
88
66
47
73
68
77
80
69
83
79
32
37
76
85
41
73
77
81
86
75
69
59
51
38
83
86
26
24
26
43
93
82
85
62
72
37
83
58
48
81
57
73
61
63
87
51
71
45
88
86
47
77
88
75
57
68
42
43
47
27
87
69
79
60
62
84
83
81
70
37
60
43
89
70
47
4
5
2
2
2
4
0
4
4
6
2
4
0
6
2
4
4
5
2
2
4
4
2
6
2
5
3
2
2
4
5
2
4
2
6
0
2
0
2
6
3
0
4
4
2
0
2
2
15
0
4
2
0
2
2
0
4
0
2
2
2
4
4
6
27
5
0
0
3
2
6
0
2
5
2
2
4
2
9
4
0
4
4
6
2
0
2
0
4
4
25
3
0
2
0
5
5
4
2
2
4
4
0
3
5
4
2
4
4
0
4
4
2
4
4
33
0
7
0
4
0
6
7
2
2
2
4
2
5
4
0
6
4
5
2
3
0
2
2
5
2
2
4
2
2
4
2
2
4
0
2
7
0
2
4
2
5
2
4
7
5
2
4
0
4
2
5
2
0
7
0
4
2
7
4
15
2
4
2
2
5
5
5
2
4
2
2
4
2
0
2
2
2
2
3
0
2
2
2
2
4
2
4
4
2
7
4
5
2
2
2
0
4
5
0
2
2
2
2
2
2
4
3
2
7
2
2
6
2
3
0
29
25
6
5
2
6
0
13
4
3
4
6
27
27
6
4
0
4
5
2
4
4
2
2
2
3
6
6
0
0
2
2
2
2
2
3
4
4
4
2
3
3
0
2
0
4
2
2
7
2
2
4
27
2
27
0
4
11
13
10
17
4
10
5
7
5
8
10
4
2
6
4
2
13
6
4
4
8
6
8
15
4
6
6
8
6
2
10
8
8
8
4
10
6
8
13
4
5
15
8
4
8
6
6
0
4
4
8
8
6
8
2
8
11
8
10
12
11
2
4
6
13
10
2
2
6
4
4
4
6
8
4
2
4
6
2
11
4
8
8
6
7
4
2
4
4
6
4
6
4
6
8
2
4
9
2
6
12
6
4
2
11
4
4
4
17
13
8
4
6
6
8
10
7
0
4
4
7
10
8
4
2
9
0
2
13
6
2
2
4
2
6
4
4
10
6
15
15
6
4
4
6
8
4
4
8
4
6
2
7
4
8
8
8
4
4
10
8
11
4
6
6
6
8
4
6
6
13
6
8
4
4
11
15
14
6
0
11
2
4
6
19
9
4
11
2
8
8
6
7
2
6
6
8
8
7
8
28
13
6
6
15
4
6
8
12
8
0
2
4
8
2
0
13
2
10
8
6
6
8
6
8
6
8
2
4
8
0
15
8
6
6
15
6
2
4
19
2
13
4
6
10
2
4
7
6
8
6
13
16
8
4
4
5
4
2
0
6
15
8
6
6
2
5
4
2
2
6
7
7
2
4
4
2
2
6
6
6
6
2
2
6
8
6
22
