0
74
0
5
1
0
0
5
5
0
1
0
1
0
37
0
1
3
5
1
1
0
1
5
0
0
0
1
1
7
1
0
1
0
5
1
1
0
1
0
1
1
5
3
0
0
3
0
0
0
1
5
3
3
1
1
1
5
0
0
1
1
1
0
0
0
5
1
1
5
0
0
0
0
3
0
3
0
0
1
1
0
36
3
1
7
1
1
0
1
0
5
1
0
0
1
3
1
0
0
0
0
0
5
1
1
0
1
1
5
3
0
3
1
7
0
1
3
3
3
5
5
5
0
1
13
1
1
0
1
1
1
3
1
1
0
1
1
0
0
3
3
1
0
1
3
3
0
1
1
0
0
1
0
32
0
3
0
0
29
0
0
1
1
1
5
0
1
1
1
0
3
1
0
0
3
0
1
5
0
0
1
1
3
1
3
7
1
0
0
0
0
1
3
3
1
26
0
0
1
3
0
0
1
0
0
5
1
5
10
0
0
1
3
1
7
17
0
1
5
1
0
3
0
1
1
0
5
0
7
0
0
1
3
3
0
1
1
0
3
5
1
1
0
0
1
0
0
3
1
3
1
0
1
5
1
0
3
3
0
0
0
3
5
7
11
1
5
3
3
0
0
3
0
1
1
1
0
0
7
5
7
6
0
12
1
3
65
24
23
4
4
2
5
0
20
78
2
0
54
30
69
2
40
60
12
0
4
13
0
74
2
2
37
0
11
22
56
86
0
0
2
2
12
47
71
2
31
0
25
0
0
61
0
0
0
1
4
42
0
0
5
18
96
0
4
0
33
23
17
2
38
2
30
4
15
45
35
2
12
14
25
0
77
0
42
0
7
0
3
7
0
5
23
10
69
0
7
7
46
35
3
3
0
5
20
2
0
2
11
25
7
40
0
0
0
17
0
2
0
2
56
2
0
20
0
2
0
2
0
0
67
2
2
39
0
8
41
0
2
1
12
0
2
13
0
4
15
2
15
2
0
1
23
4
29
5
37
7
2
91
39
2
0
12
0
2
70
0
44
24
4
0
13
2
21
41
6
0
4
21
2
31
0
2
0
17
0
0
15
0
2
40
88
63
9
80
16
2
56
21
71
0
0
2
2
2
18
4
28
0
0
2
29
7
7
2
2
0
2
0
2
33
0
14
0
38
0
0
37
0
25
0
2
27
2
0
5
33
0
24
5
36
2
23
69
43
0
0
59
38
38
53
5
72
2
36
67
26
33
2
76
2
35
29
0
26
0
30
2
2
0
49
2
0
19
7
35
12
0
11
2
21
30
35
0
2
13
2
0
77
0
0
3
0
5
11
9
6
10
0
2
2
2
0
0
13
6
2
0
0
5
0
0
6
4
2
2
4
2
4
0
7
2
16
2
9
12
2
0
6
0
5
2
4
0
2
0
4
6
0
8
6
2
0
5
0
0
12
0
0
13
14
4
0
2
3
10
0
0
9
4
10
9
18
0
4
6
0
2
6
14
6
5
0
4
0
4
3
4
4
3
0
0
2
9
5
3
6
11
0
4
2
0
2
10
4
8
7
5
0
2
12
2
2
10
4
4
5
0
2
13
6
10
0
7
4
4
2
6
4
4
4
0
2
2
4
0
0
13
2
0
0
3
7
2
4
0
8
4
4
0
9
3
2
0
8
0
0
9
8
2
4
4
0
12
5
5
2
9
8
4
0
2
0
8
15
4
4
0
6
8
4
2
4
2
4
6
3
5
9
6
4
0
6
4
5
0
2
2
7
6
2
5
6
2
2
2
2
0
3
0
0
0
7
0
2
2
4
5
3
5
6
0
2
4
2
0
0
2
8
7
0
20
7
4
0
14
6
6
0
6
2
4
3
2
6
2
2
7
14
8
12
8
7
5
0
2
5
6
13
0
4
11
12
4
6
7
4
5
0
0
7
8
2
2
9
0
8
8
7
8
8
2
17
4
9
5
11
0
2
3
5
0
19
11
76
20
40
40
23
42
80
6
10
82
25
79
10
10
10
45
20
77
19
30
31
12
19
67
11
25
36
34
31
12
16
51
65
78
51
13
6
8
21
32
20
50
38
30
56
21
25
68
27
11
52
17
22
17
39
72
62
24
30
10
14
7
41
32
18
11
24
60
31
78
15
34
17
22
12
63
49
14
13
74
19
32
60
11
15
71
12
9
15
12
15
53
25
69
45
9
24
17
32
22
11
16
48
59
15
11
20
55
50
10
54
40
16
24
10
22
23
43
32
32
13
7
13
31
17
9
13
8
27
17
40
14
6
8
17
25
6
13
13
17
32
22
14
10
11
11
14
10
17
38
30
21
4
21
18
0
0
0
0
0
0
0
0
0
0
0
0
0
0
0
0
0
0
0
0
0
0
0
0
0
0
0
0
0
0
0
0
0
0
0
0
0
0
0
0
0
0
0
0
0
0
0
0
0
0
0
0
0
0
0
0
0
0
0
0
0
0
0
0
0
0
0
0
0
0
0
0
0
0
0
0
0
0
0
0
0
0
0
0
0
0
0
0
0
0
0
0
0
0
0
0
0
0
0
0
0
0
0
0
0
0
0
0
0
0
0
0
0
0
0
0
0
0
0
0
0
0
0
0
0
0
0
0
0
0
0
57
63
32
14
59
51
48
30
38
82
72
49
54
56
33
86
69
55
40
43
37
87
65
59
58
54
53
13
64
52
21
43
44
57
89
48
81
69
53
70
58
51
61
53
37
71
67
81
50
51
38
64
86
36
39
48
65
67
68
63
54
75
58
76
65
83
22
49
20
56
64
59
30
51
87
25
66
59
27
43
44
83
58
53
61
36
46
80
56
71
21
58
34
82
29
76
85
30
58
59
69
54
49
33
41
57
60
56
62
40
34
25
61
93
25
37
38
81
20
66
36
72
78
14
42
40
60
42
55
70
45
30
38
43
46
11
32
57
36
40
38
40
88
61
39
64
63
58
40
70
63
39
67
69
62
43
61
75
78
11
39
85
62
62
29
32
60
83
62
82
88
58
68
37
60
32
33
36
63
66
68
64
56
68
64
59
67
52
50
45
50
56
58
31
58
14
64
65
46
47
57
43
66
57
50
63
49
50
45
60
35
43
55
51
77
64
78
46
60
67
75
62
26
39
39
53
83
60
46
51
65
13
85
68
37
54
62
45
68
65
57
31
59
35
71
68
43
37
50
62
50
75
70
72
59
13
54
73
56
37
35
62
57
46
64
65
82
13
58
41
27
60
32
85
43
62
37
32
62
14
37
67
34
50
38
39
51
74
0
44
6
26
53
45
47
36
26
40
55
48
27
14
6
13
26
21
22
8
2
31
18
6
36
2
27
18
4
6
36
19
27
6
34
26
69
17
70
6
45
8
39
6
19
21
48
7
6
27
23
4
56
4
34
5
45
6
46
38
51
10
46
33
42
8
4
51
27
4
10
31
62
52
6
6
25
33
80
2
34
27
32
2
35
49
51
21
38
6
38
42
26
6
21
30
4
6
21
20
35
33
8
40
25
2
22
3
45
30
51
68
15
39
44
57
6
0
40
58
4
21
37
34
65
38
2
37
9
34
28
16
4
10
57
32
3
14
47
23
6
34
39
35
6
22
40
7
55
9
19
64
10
3
40
4
54
4
4
17
9
2
31
9
5
39
64
17
29
20
4
54
6
34
49
8
48
30
58
22
6
46
46
50
32
6
33
47
8
35
12
34
30
10
67
11
17
8
4
61
61
6
40
28
4
38
6
7
29
60
5
4
4
22
3
50
47
39
4
19
4
43
8
47
4
18
35
15
37
7
33
37
8
29
8
9
8
8
18
10
34
10
45
6
2
8
40
30
44
2
4
41
34
68
4
69
19
45
42
17
30
15
20
66
11
38
65
32
22
40
50
55
6
37
23
45
4
6
26
11
47
6
41
37
14
10
41
17
8
8
11
11
10
9
11
11
9
7
9
9
9
11
11
9
9
13
11
9
11
11
8
9
9
11
11
11
9
9
9
11
9
9
9
11
11
11
11
9
9
11
11
11
11
11
9
11
11
9
11
9
9
11
11
13
9
9
11
9
10
11
11
9
11
11
11
11
9
11
9
9
11
9
9
7
11
11
13
9
11
7
9
13
11
11
11
9
11
9
9
11
11
11
11
11
11
11
9
11
9
9
11
11
11
9
11
11
11
9
11
9
9
11
11
11
11
9
9
9
11
11
7
9
8
9
9
9
11
11
11
9
11
11
9
9
11
9
11
9
10
11
11
9
11
11
9
11
9
11
13
11
11
9
13
9
11
11
10
9
11
9
11
9
7
11
11
11
11
9
9
11
13
9
11
9
11
9
11
9
11
11
9
11
11
11
10
9
13
11
11
9
9
13
13
9
9
13
9
7
11
9
11
9
11
11
11
13
11
12
13
11
10
13
11
11
9
7
11
7
10
11
11
11
10
13
9
11
9
11
11
11
11
11
9
7
11
9
9
13
13
9
9
11
11
8
9
11
9
7
10
9
9
9
11
9
9
11
9
11
11
11
9
9
9
9
9
11
11
7
11
11
11
11
11
11
9
9
9
9
11
11
11
11
11
9
9
9
17
24
33
51
42
24
39
40
30
37
34
22
67
31
66
33
36
23
27
20
60
36
28
30
25
29
21
26
29
37
21
27
27
18
40
29
26
39
25
41
27
28
51
39
17
54
27
27
28
33
57
46
33
36
25
32
19
51
21
27
25
29
29
20
28
28
28
20
24
28
28
41
38
36
39
21
30
26
22
38
19
38
42
29
26
25
37
38
39
20
30
25
45
65
27
28
49
37
64
40
26
34
26
38
46
27
22
31
44
17
31
48
22
43
37
27
24
24
25
20
14
29
39
26
22
28
30
27
38
46
26
42
19
26
24
42
30
24
35
17
22
30
30
23
21
37
25
20
19
32
27
35
19
22
24
26
36
30
41
26
24
39
27
26
41
33
27
30
38
29
23
25
33
21
20
42
49
26
41
26
16
40
27
21
29
43
41
38
21
31
17
23
27
20
47
33
38
41
29
27
38
34
37
31
19
35
30
42
39
42
19
44
40
24
40
27
25
45
43
36
31
26
31
41
26
24
25
44
19
30
42
59
48
36
37
24
27
29
46
28
38
44
55
39
27
31
66
27
23
27
47
26
26
22
31
25
25
46
26
30
55
30
47
28
42
28
22
26
28
27
31
61
20
57
40
28
17
27
26
17
58
35
31
31
50
31
25
25
14
2
2
0
0
4
6
0
0
0
12
72
6
2
4
6
4
0
0
2
0
2
6
10
0
2
2
0
6
2
2
4
2
0
2
0
0
6
4
8
4
4
4
2
0
4
4
2
0
0
0
6
0
0
0
0
0
6
6
2
0
4
12
2
0
0
0
2
2
4
8
0
0
0
2
2
6
0
8
2
0
2
0
0
6
4
0
8
0
0
8
2
2
6
2
0
4
2
2
6
0
0
10
2
2
2
4
0
0
2
2
8
10
0
2
0
0
6
4
2
0
2
2
94
6
0
6
2
0
86
2
0
2
6
0
0
0
4
6
0
2
4
2
2
0
2
0
4
6
4
0
4
4
4
0
42
4
2
6
0
0
0
2
2
4
10
8
12
0
0
4
6
0
0
0
6
4
4
0
4
4
0
8
4
2
0
2
6
6
0
0
0
0
0
2
0
0
0
0
6
4
4
0
0
73
0
4
4
0
0
0
0
41
4
0
0
6
2
11
2
2
0
10
0
4
4
4
0
2
2
4
0
0
4
4
0
0
6
0
2
0
0
2
4
2
0
0
0
6
0
0
29
4
0
0
0
4
0
0
0
4
4
2
0
0
4
4
0
4
0
0
4
6
0
41
2
0
6
6
2
6
2
0
0
6
2
4
0
21
3
24
32
8
9
5
7
21
4
9
32
7
10
9
4
11
9
4
5
5
9
26
9
70
5
9
7
22
10
8
10
12
10
5
7
10
10
9
7
4
9
11
5
15
13
7
9
10
49
32
5
8
19
10
6
10
29
11
74
9
9
5
5
24
8
7
8
10
73
33
41
5
8
41
8
11
4
12
7
5
12
9
5
12
44
27
17
10
21
13
15
56
57
6
16
45
50
33
8
7
6
18
10
37
7
4
17
7
30
5
10
9
5
44
19
13
5
5
5
49
33
36
7
38
44
7
46
17
11
62
7
10
2
10
5
19
26
9
11
39
47
6
21
9
5
12
47
5
5
13
7
8
20
43
77
10
5
7
8
58
10
36
13
53
11
7
8
8
5
8
10
10
8
8
2
26
10
9
11
4
9
85
22
42
9
64
5
24
9
25
6
30
12
53
10
5
19
8
8
9
6
10
15
6
9
13
40
7
4
5
8
33
41
36
9
7
47
5
12
65
6
43
31
38
8
27
40
5
40
5
27
5
45
54
7
36
10
9
3
39
23
10
19
4
26
2
2
5
2
4
8
2
2
6
11
0
0
30
2
6
4
8
68
7
27
7
0
5
2
36
3
2
4
2
4
69
4
2
4
9
11
4
2
2
10
10
4
