13
9
9
9
9
9
11
7
19
25
19
13
9
13
7
13
15
7
7
9
9
2
9
5
5
19
13
23
9
7
15
11
5
7
7
15
13
0
7
19
11
3
19
9
13
5
7
9
13
11
13
7
5
7
13
9
9
7
13
9
17
3
7
9
9
9
3
9
15
11
7
9
9
9
3
13
2
5
13
5
7
13
11
3
9
5
7
9
2
15
3
5
5
3
5
3
7
5
7
7
7
3
7
11
3
7
11
3
9
7
11
3
5
7
7
2
3
11
11
11
5
9
9
11
5
5
9
11
13
2
5
5
7
11
13
5
2
5
3
5
13
3
7
5
11
5
5
7
7
5
9
15
5
9
5
13
9
5
5
7
7
9
21
13
9
41
9
11
15
11
5
48
9
11
17
7
13
21
5
7
7
17
9
5
19
7
5
11
7
23
7
7
3
9
5
27
7
7
7
11
21
15
11
7
21
9
11
15
5
17
11
7
9
7
29
13
13
21
7
13
21
23
23
19
13
13
5
17
7
13
11
11
5
9
17
15
5
7
15
13
7
13
7
5
7
11
5
11
9
5
13
7
9
13
7
15
11
9
11
13
7
9
5
9
13
3
9
7
2
13
7
3
15
21
7
7
19
11
2
7
5
9
9
3
5
7
11
5
4
2
0
2
2
2
0
4
2
4
2
0
2
4
4
0
2
2
27
2
2
4
2
2
8
2
0
2
4
2
0
0
0
6
2
0
2
2
0
2
2
2
0
4
2
4
6
2
0
8
0
2
2
2
2
2
4
4
2
0
0
8
0
0
2
4
0
0
8
0
0
4
2
0
2
0
4
0
2
4
0
4
0
0
2
2
0
6
2
2
4
2
4
8
2
4
6
0
2
4
4
2
2
8
2
14
4
10
4
4
6
0
6
2
2
4
4
2
2
4
2
2
0
4
6
0
2
89
6
2
4
0
2
2
4
2
2
31
0
2
0
4
0
6
0
4
2
0
8
0
2
17
8
6
2
6
0
4
2
2
0
4
2
2
2
2
2
6
8
4
4
74
4
4
4
4
4
0
0
6
4
4
4
0
4
2
0
4
8
2
2
4
4
0
4
2
0
2
2
4
2
4
8
2
6
17
2
6
52
4
2
4
10
2
2
4
0
4
4
2
2
2
4
82
2
2
2
2
2
0
4
2
4
6
6
2
0
12
52
4
2
4
4
1
2
4
4
0
2
0
8
4
4
0
2
2
2
4
2
10
0
2
2
2
0
0
2
4
4
2
4
6
2
2
4
2
10
4
0
0
8
0
0
2
0
2
0
4
73
13
64
27
30
41
21
47
43
30
45
40
26
15
67
26
48
25
28
47
18
19
32
24
38
32
23
20
44
84
32
30
81
13
16
21
30
40
46
34
60
66
51
44
40
18
47
44
6
32
36
13
28
9
32
29
21
18
20
39
52
24
62
24
75
17
35
35
22
19
45
46
26
50
15
28
34
20
54
42
25
36
28
40
27
32
13
23
26
30
42
41
24
40
39
23
35
20
44
29
36
38
28
42
35
33
29
53
40
30
44
27
37
87
32
46
43
28
21
29
23
38
36
45
55
72
24
46
24
22
69
20
25
15
47
29
39
23
45
44
51
43
28
20
6
39
22
20
64
71
30
35
40
58
22
26
26
26
30
26
74
40
42
20
44
74
30
34
38
35
42
39
37
71
41
48
29
36
25
26
57
17
28
28
56
70
45
41
28
26
24
54
64
22
46
34
19
35
42
43
34
32
44
39
27
33
49
45
23
43
30
38
14
22
24
14
35
38
53
24
31
33
26
29
16
20
20
22
9
33
27
17
21
31
30
27
26
28
19
18
34
20
20
46
10
29
31
28
28
25
29
32
41
15
30
32
11
9
7
9
19
19
10
2
7
6
7
5
8
0
4
5
5
13
9
6
9
5
5
5
16
4
8
2
2
16
6
6
4
0
4
0
4
3
17
2
4
2
2
0
2
2
4
2
3
2
3
4
0
5
2
2
0
4
4
7
2
0
0
5
0
2
0
2
4
2
0
7
2
2
19
4
4
4
4
2
2
0
0
2
0
2
17
0
0
2
2
2
2
5
3
2
2
0
0
2
2
4
2
4
4
2
4
2
0
4
2
2
0
4
2
0
3
0
2
0
0
3
19
4
0
2
0
0
2
0
3
0
4
4
2
2
5
2
0
2
2
0
0
5
2
3
2
2
4
2
4
2
4
2
4
3
3
0
2
0
0
19
4
0
2
2
4
21
0
4
0
0
2
4
0
2
2
4
0
4
2
0
2
4
19
21
2
2
0
2
2
2
2
2
2
4
5
4
2
4
2
0
2
23
2
2
0
0
2
3
4
4
2
0
2
0
0
4
4
0
0
21
0
0
2
23
0
2
2
2
4
0
0
4
2
2
2
2
3
0
25
2
0
5
4
2
2
2
2
0
0
2
2
2
5
3
1
0
2
0
21
5
0
4
2
0
1
3
0
0
4
5
0
3
4
0
0
0
3
4
0
0
2
2
2
4
2
4
4
21
2
3
0
2
0
0
2
4
3
0
2
3
4
2
2
4
2
2
2
5
3
2
0
0
2
7
2
0
2
2
11
5
1
9
4
5
0
18
24
74
9
4
2
7
3
6
7
3
2
5
5
9
9
0
7
9
4
7
2
4
4
2
4
7
4
4
7
4
6
0
2
2
4
2
9
2
9
10
2
4
4
6
9
4
11
2
6
8
0
7
2
2
2
4
6
2
2
8
4
10
4
8
4
5
4
7
9
2
3
5
2
4
4
0
10
0
2
4
4
4
2
7
4
0
0
8
4
6
2
0
7
4
0
0
8
8
4
6
8
2
2
2
4
0
5
4
2
9
2
6
4
11
8
8
4
5
0
0
3
4
2
2
8
9
30
8
7
34
7
5
0
10
6
4
2
8
2
2
8
9
3
4
4
4
9
8
6
9
10
4
9
2
5
8
4
2
0
4
8
2
8
8
4
4
2
6
4
8
8
2
4
4
13
2
0
2
3
2
0
7
2
6
4
2
4
2
6
1
6
4
2
2
0
2
7
2
2
10
6
0
4
6
2
2
3
4
2
0
23
8
6
10
4
5
0
6
2
2
2
6
4
7
4
8
8
45
2
8
2
2
2
6
8
4
4
14
0
45
2
4
2
4
6
6
5
5
6
1
4
6
4
2
2
6
8
9
0
6
6
5
1
6
2
0
6
0
2
7
7
17
2
2
4
4
4
7
4
8
11
3
5
7
3
3
9
1
5
5
11
3
3
7
15
3
3
5
7
2
3
3
5
7
11
0
1
3
5
13
7
3
2
3
3
9
1
19
5
3
0
3
3
5
3
15
9
7
3
9
9
3
0
5
3
3
5
3
5
3
7
5
3
5
9
5
5
5
7
9
7
5
11
0
3
9
19
3
3
5
3
2
5
3
3
2
7
7
3
11
5
2
2
3
3
3
2
1
0
3
7
39
9
5
3
2
9
5
2
7
5
7
7
2
7
3
2
5
10
5
5
3
5
7
3
3
7
7
7
3
5
3
11
5
5
5
5
3
7
9
3
7
9
21
11
11
7
13
15
15
11
11
9
17
23
17
11
9
31
13
17
13
11
19
3
11
23
17
9
9
23
25
21
9
23
25
9
25
9
13
31
31
15
30
21
2
13
15
11
9
17
21
9
19
11
27
13
15
17
11
19
19
11
17
17
11
23
21
11
21
29
11
15
11
15
11
15
11
17
15
17
19
13
19
13
21
5
11
15
15
13
11
7
19
5
23
13
9
19
25
23
7
13
17
15
19
9
9
13
21
9
9
19
9
19
5
13
17
21
7
13
15
21
17
7
13
9
23
13
9
11
11
11
11
19
19
13
17
17
17
5
7
15
15
19
0
9
5
2
2
2
2
0
2
4
8
0
0
4
2
0
0
2
0
0
2
2
0
0
0
2
0
0
2
0
0
2
0
2
0
2
10
2
4
2
0
0
6
6
2
2
0
2
0
0
0
2
4
2
4
2
0
2
2
2
0
2
0
2
2
2
0
10
2
2
2
0
4
2
2
0
0
2
2
0
14
0
0
2
6
2
2
0
2
0
2
4
0
2
0
0
4
6
4
2
2
2
0
0
2
0
0
2
2
2
0
0
0
0
2
2
2
0
4
2
12
0
4
2
0
0
4
2
4
8
2
2
0
2
0
4
0
2
2
4
0
2
2
4
4
6
6
6
18
2
2
4
2
4
0
2
4
2
4
2
0
0
4
4
2
4
2
0
6
0
0
4
2
0
0
2
2
4
4
2
0
2
0
2
0
0
12
2
2
2
0
2
14
4
0
4
0
4
2
0
0
2
2
0
4
4
0
4
0
0
0
8
0
2
0
2
4
0
6
2
0
2
2
4
0
0
12
0
2
14
2
4
4
2
2
0
2
2
6
0
2
0
0
6
4
4
2
2
0
4
6
0
4
4
6
0
0
2
0
4
2
0
4
2
0
0
0
4
2
16
2
14
4
2
6
0
0
2
0
2
2
0
2
4
2
0
0
2
2
0
4
5
3
7
5
5
5
7
1
7
4
3
6
7
3
5
1
4
6
3
5
1
1
3
1
5
5
11
3
5
3
7
5
5
5
4
5
6
1
7
5
3
5
3
4
2
1
7
7
7
9
5
1
3
5
7
3
5
4
1
9
3
5
5
7
1
5
1
5
5
5
5
9
7
3
7
0
0
3
7
7
7
5
7
5
5
7
5
3
3
3
3
7
7
3
4
5
4
4
7
7
1
5
6
7
5
5
4
5
5
0
5
3
3
2
3
11
3
6
5
5
5
3
7
3
3
9
7
7
4
1
5
5
5
7
7
3
5
7
4
4
3
3
5
7
2
5
4
5
2
6
3
1
4
5
5
2
7
3
5
9
5
5
5
3
3
2
5
1
5
3
5
7
1
9
7
3
9
5
3
3
3
9
7
7
7
7
7
4
7
7
5
5
3
7
0
3
6
2
3
7
3
1
9
7
3
4
3
5
6
7
3
1
3
3
7
5
3
5
3
1
5
3
3
7
5
3
3
3
3
5
3
4
5
1
4
3
3
3
4
7
0
7
2
7
5
2
4
4
5
3
4
7
5
5
7
1
2
5
1
1
5
9
5
6
4
7
5
9
7
6
3
4
5
3
4
5
5
3
9
5
7
5
5
5
4
5
5
3
6
6
10
0
8
8
4
6
4
6
0
8
0
72
6
4
8
2
6
6
6
2
8
6
2
8
2
11
8
8
6
0
0
6
10
4
10
6
4
6
6
0
2
0
10
4
2
2
0
10
10
0
0
4
2
6
2
4
8
6
2
8
2
8
0
0
4
2
2
4
0
0
0
0
2
2
10
6
8
8
2
10
8
2
6
0
2
10
0
0
2
4
0
10
2
4
4
6
4
6
2
2
4
2
2
6
2
2
29
2
0
10
2
2
0
4
2
10
6
2
2
8
4
6
10
2
8
4
2
66
12
2
2
2
8
10
2
10
12
4
4
0
4
99
2
4
6
2
4
0
14
8
8
8
0
4
6
10
4
2
4
2
0
8
8
6
4
6
2
0
4
8
4
0
2
10
2
2
0
6
2
2
8
8
2
2
8
8
0
0
8
4
4
2
6
8
2
0
0
10
4
2
91
4
2
8
2
2
4
0
82
6
8
98
2
6
8
6
4
6
0
2
0
10
8
12
8
0
2
4
8
6
6
6
0
6
6
2
2
2
4
4
0
40
8
2
4
6
0
8
2
0
8
4
0
10
6
4
6
2
4
6
0
6
4
6
4
0
4
2
4
4
0
8
8
2
4
4
4
0
2
6
4
2
2
2
4
2
0
2
5
4
4
2
2
6
2
2
0
6
2
6
4
4
7
8
2
4
6
4
4
4
6
0
4
4
4
2
6
4
6
2
2
4
6
7
4
0
0
4
2
2
2
2
4
2
0
6
4
4
0
2
2
4
0
2
0
4
4
3
0
8
2
0
4
2
4
6
2
0
2
4
4
2
4
4
4
4
4
2
4
4
2
2
4
2
4
2
2
4
4
2
4
0
4
6
4
2
2
2
0
6
2
4
4
2
2
4
4
2
0
4
2
4
4
4
2
0
0
6
4
0
6
4
0
4
6
4
6
2
2
2
4
4
2
0
2
2
4
4
2
0
2
2
4
2
4
3
4
4
2
4
2
4
4
8
6
4
2
2
2
4
4
2
2
0
2
2
2
4
2
4
4
4
4
3
2
4
4
4
4
6
2
2
8
2
4
4
5
4
4
2
4
0
0
4
4
4
3
6
6
2
2
4
2
6
4
0
2
2
0
7
4
7
4
9
2
4
4
7
6
4
2
2
6
0
8
6
0
4
6
6
2
2
4
4
2
4
2
0
0
4
4
4
6
4
2
4
2
2
2
2
4
0
2
0
8
4
4
6
2
0
4
6
4
5
4
5
2
4
6
2
6
4
6
4
4
4
5
2
4
3
6
2
4
7
