3
3
7
3
3
4
3
3
3
3
4
8
13
3
6
15
5
4
5
3
4
6
5
12
7
5
3
3
6
3
4
9
6
10
7
5
9
5
13
3
7
4
5
3
3
4
4
6
7
10
8
2
4
4
8
5
3
6
4
10
3
7
7
7
18
7
3
5
7
7
3
7
25
5
15
6
8
7
4
8
4
7
6
3
3
8
3
5
12
3
3
3
9
9
4
5
5
3
5
4
3
1
7
3
3
3
6
4
3
5
3
8
6
9
5
4
7
5
7
5
4
6
12
3
4
5
5
24
5
22
3
3
10
6
3
7
5
9
2
6
10
7
5
7
7
7
8
18
9
4
7
2
6
4
3
4
3
8
5
3
1
2
5
8
6
18
8
13
9
5
3
4
15
3
2
5
3
16
4
7
14
7
5
3
5
5
5
7
4
7
8
5
10
15
7
5
14
7
19
3
4
7
5
6
3
7
7
1
4
6
10
2
1
3
2
8
9
5
8
4
5
4
3
1
3
1
2
4
5
3
3
2
3
4
3
4
5
13
13
2
5
6
4
2
6
6
5
3
4
4
3
7
3
1
4
3
6
8
7
16
5
14
5
5
8
5
18
5
3
4
3
4
3
3
3
3
3
12
3
2
4
6
4
4
4
2
7
3
2
2
0
9
0
2
0
0
0
2
0
2
9
2
2
2
0
2
0
2
0
2
2
0
2
0
2
2
2
2
2
2
2
0
2
0
0
0
0
2
0
2
2
7
0
0
2
2
2
2
0
9
0
0
0
0
2
2
0
0
2
2
0
0
0
2
2
0
0
0
0
2
2
0
2
2
0
0
2
1
2
2
2
0
2
2
1
0
2
4
2
0
0
0
2
0
0
2
0
0
2
0
2
2
0
0
2
0
0
2
1
2
2
2
0
0
1
0
2
2
0
0
0
0
2
0
2
0
2
2
2
0
0
0
2
2
2
0
2
0
2
2
2
0
2
0
2
2
2
2
0
0
0
0
0
2
0
0
0
0
2
2
0
0
2
2
2
0
0
2
0
1
0
0
2
0
0
2
2
2
0
2
9
2
2
0
2
0
4
0
2
0
2
1
0
0
0
2
0
0
2
2
0
2
2
2
0
2
2
2
2
0
0
2
0
0
2
2
0
0
2
2
2
0
2
2
0
2
2
0
0
2
0
0
0
2
0
2
0
0
0
2
0
2
0
0
2
9
2
2
2
0
0
2
0
2
0
2
0
0
0
2
0
2
0
0
2
0
0
0
0
0
0
0
0
0
0
9
0
0
2
0
0
2
2
0
2
0
0
4
2
4
8
6
2
4
0
4
4
4
8
6
4
4
6
6
2
4
2
4
4
5
6
2
2
6
2
2
13
6
2
6
2
0
4
6
4
17
2
4
4
4
2
2
6
6
6
0
4
2
0
4
4
2
4
2
4
0
4
4
2
4
2
2
4
2
6
6
6
2
2
2
4
4
15
6
2
2
4
2
6
2
2
4
4
4
2
2
6
4
6
0
4
8
4
4
2
6
4
6
2
8
2
2
4
4
6
4
4
0
2
2
6
6
6
2
4
6
4
4
2
8
6
6
2
4
4
2
2
4
10
0
11
0
4
2
2
2
2
6
2
4
8
4
2
2
2
2
4
11
2
20
4
6
2
2
4
2
4
4
2
0
4
2
2
4
2
6
2
2
2
2
2
4
6
2
2
2
2
2
6
2
6
7
2
2
2
2
4
4
0
4
6
6
2
4
2
17
2
2
2
2
4
4
6
4
6
4
4
2
4
2
2
2
4
2
4
2
0
2
2
2
2
0
2
14
4
2
4
2
4
4
0
4
8
4
4
2
6
2
4
6
2
2
2
4
6
0
2
0
4
4
4
0
4
0
4
6
2
4
4
4
0
2
0
2
2
0
2
4
6
6
4
2
4
0
4
2
2
2
0
4
2
2
4
0
1
0
1
1
1
4
2
4
1
2
1
1
0
0
1
2
1
1
5
0
1
0
1
0
1
2
0
1
1
1
2
6
4
0
1
2
0
0
2
3
1
1
1
0
1
2
0
1
0
2
2
3
0
2
3
2
1
1
3
1
2
6
1
6
2
1
1
0
0
0
1
1
2
1
1
3
2
0
0
1
3
1
0
1
1
1
1
2
1
2
0
2
0
3
1
0
1
4
0
0
0
1
1
3
1
1
0
0
1
2
1
0
1
1
0
0
1
1
1
0
0
1
3
1
1
0
1
1
3
2
2
0
3
1
0
1
0
1
2
1
1
0
1
2
1
1
0
0
1
2
5
0
1
0
2
1
1
1
1
1
2
1
0
0
3
1
2
1
2
0
1
1
3
0
0
0
1
1
2
2
0
1
0
1
0
4
0
1
1
3
1
2
2
0
0
2
1
2
0
2
1
0
2
2
1
1
1
2
1
1
1
0
1
4
2
1
2
2
0
0
1
1
2
2
1
1
1
3
1
1
2
2
1
4
2
2
0
0
1
3
2
2
1
0
1
2
2
2
2
0
0
0
1
0
0
0
0
1
1
3
1
0
0
1
1
1
1
1
2
0
1
1
1
1
3
4
1
0
0
1
1
2
2
1
2
3
2
0
4
6
4
8
6
8
0
0
8
6
8
4
4
4
0
4
4
0
2
2
14
10
4
6
0
2
12
6
6
8
0
4
2
8
8
6
2
6
4
6
6
0
4
6
4
6
4
4
6
10
8
0
8
8
2
4
6
4
6
6
4
4
6
0
4
4
6
4
0
4
8
6
0
8
4
8
6
8
0
8
4
6
0
4
0
6
6
6
6
4
2
0
6
6
4
6
2
2
8
4
6
2
6
4
2
8
2
6
6
8
4
6
4
0
0
8
10
6
8
4
4
6
8
6
6
4
6
4
2
8
2
0
4
8
6
2
2
0
6
6
6
8
10
8
2
6
6
4
4
8
6
6
2
0
4
6
0
4
6
8
4
8
6
6
6
0
2
6
0
6
8
6
0
0
0
6
6
0
0
0
4
0
4
6
2
0
0
0
0
4
0
0
0
6
2
6
4
0
2
0
6
6
8
0
0
0
10
6
0
6
2
0
0
10
6
4
0
0
0
4
4
4
0
0
0
4
6
6
10
0
2
2
6
2
2
4
4
2
4
2
8
0
8
0
2
6
4
4
6
8
2
6
2
2
2
0
4
2
4
4
4
4
12
8
6
8
2
4
6
6
4
0
2
4
6
0
6
4
2
0
2
4
4
2
6
2
4
0
11
30
7
50
9
22
18
14
23
25
7
7
5
17
17
18
8
15
29
13
11
2
21
17
38
22
6
9
26
40
21
15
15
13
27
39
21
21
15
15
30
28
27
20
29
11
22
17
22
9
19
18
20
22
5
11
17
22
19
13
11
7
24
13
15
9
32
22
21
22
11
63
7
38
9
24
19
25
23
6
9
28
18
6
19
11
23
15
29
28
17
8
11
9
28
31
32
15
5
15
20
41
32
23
32
9
13
21
30
34
26
21
32
32
19
36
6
41
18
9
26
40
11
22
29
35
25
28
31
25
16
26
30
31
39
42
0
29
32
13
56
30
44
18
80
26
19
16
30
20
36
21
13
28
47
35
12
27
9
9
34
25
33
29
31
41
44
47
15
25
39
33
38
26
35
9
37
9
22
38
43
43
40
23
44
34
27
49
11
17
30
13
34
40
41
29
23
40
29
35
40
34
26
38
41
9
31
15
35
36
33
27
37
50
48
45
36
47
48
34
46
29
30
29
44
34
28
37
48
66
20
47
41
36
66
53
55
21
45
33
17
32
21
22
32
2
23
51
2
9
27
30
29
32
15
31
39
50
11
21
15
35
55
82
32
21
24
34
19
29
26
49
50
40
28
32
23
30
42
37
33
39
32
64
32
53
28
58
4
0
6
4
8
8
4
0
8
9
13
8
4
7
17
2
8
14
2
6
8
6
4
0
2
4
19
11
16
10
9
4
2
11
8
2
6
6
8
4
6
15
23
10
6
4
8
13
6
6
14
4
6
10
4
2
4
8
2
4
8
6
6
9
9
6
4
22
2
4
2
4
11
9
9
13
4
7
2
4
7
4
11
6
6
20
4
2
6
6
11
10
4
6
0
4
16
7
4
2
4
11
0
2
6
8
0
6
2
4
4
2
4
8
6
10
9
4
4
4
10
0
4
13
4
8
8
4
2
4
9
11
6
5
5
4
18
4
4
4
4
8
0
9
4
6
13
8
8
4
6
8
6
2
16
4
6
0
8
2
4
2
0
4
4
4
4
0
6
2
2
6
6
10
2
12
6
4
12
6
6
4
4
2
6
0
9
4
0
5
6
4
4
6
2
8
6
3
4
4
4
12
2
11
6
6
2
6
6
12
13
12
4
6
4
2
6
7
6
4
6
4
6
6
9
10
11
14
10
6
2
4
11
6
6
2
4
4
8
0
8
2
2
4
4
8
2
4
2
4
2
12
6
4
9
2
2
6
10
6
15
7
5
6
2
8
2
6
4
4
4
7
2
6
6
6
6
8
8
11
4
4
8
2
2
9
8
6
21
17
22
27
17
46
24
45
30
26
30
18
16
22
15
28
21
28
20
33
27
64
19
25
27
17
23
21
18
19
20
42
28
26
23
17
14
11
21
51
16
22
31
25
36
33
14
21
22
21
24
21
26
21
42
31
18
50
31
20
19
16
25
55
19
25
54
28
40
43
22
26
20
6
17
26
23
17
32
31
17
29
28
18
18
20
14
31
24
26
18
21
44
60
22
18
18
25
23
29
22
24
44
27
29
29
21
16
15
15
15
25
20
35
22
46
22
39
19
24
18
16
74
27
13
19
19
48
28
34
28
19
15
19
18
25
22
24
23
28
49
28
25
20
16
15
18
18
19
19
27
32
39
28
26
18
22
18
15
29
38
15
42
64
36
43
19
23
20
19
17
21
8
74
38
71
21
25
34
28
21
19
24
18
16
28
39
39
60
24
25
20
22
14
15
18
22
29
26
23
29
81
25
23
20
13
17
21
28
23
43
33
68
46
40
20
24
14
18
29
29
29
28
72
52
28
21
23
14
22
24
36
30
19
17
21
28
31
29
37
13
17
23
17
39
29
26
23
18
18
19
41
27
22
27
17
49
19
16
79
69
68
42
43
55
23
28
72
41
67
58
45
55
85
36
42
20
22
32
25
57
94
73
37
76
88
27
33
19
27
19
19
8
15
4
15
15
12
19
23
31
25
19
13
12
15
10
19
19
6
12
19
13
17
8
14
25
27
15
12
15
17
15
8
8
12
13
8
13
19
15
36
6
15
25
17
17
15
21
15
46
23
23
23
15
21
74
48
17
19
8
19
17
29
13
35
27
25
10
21
17
12
10
10
17
17
12
25
13
21
15
13
33
10
15
11
42
13
13
29
15
17
33
35
31
40
23
35
27
23
21
31
31
27
40
29
29
40
34
33
31
19
19
19
27
10
40
17
35
27
31
29
35
50
21
75
29
17
27
17
23
13
13
38
25
42
26
25
35
15
11
29
13
23
15
12
31
37
21
19
33
29
15
27
27
17
13
29
21
13
23
40
13
19
17
44
17
25
46
15
17
17
40
27
27
25
23
10
40
31
25
19
46
23
15
19
42
27
17
13
15
67
89
59
15
36
15
21
23
9
37
17
15
27
25
33
19
29
37
13
8
31
21
13
12
21
13
19
15
27
19
19
15
10
23
12
27
13
21
12
31
17
17
21
42
15
35
28
12
25
13
61
28
34
27
24
8
57
19
10
12
17
15
6
17
13
13
28
21
36
21
13
19
32
17
13
23
11
17
29
23
13
31
25
23
17
10
25
13
13
11
15
23
15
6
19
0
4
2
0
0
6
2
0
2
0
2
0
0
4
4
2
2
4
4
2
0
0
0
2
0
2
4
2
2
4
0
2
0
4
2
2
2
2
4
2
2
4
4
2
0
4
4
4
0
4
2
0
2
2
0
6
0
6
2
2
2
2
2
4
2
2
0
2
0
2
4
0
6
6
6
2
0
0
2
0
0
4
2
4
4
0
2
2
4
6
6
4
0
2
4
2
4
2
0
2
4
0
4
2
0
2
2
2
0
0
4
0
4
4
4
4
0
2
2
4
2
2
4
2
8
4
0
4
0
0
0
4
0
0
4
2
0
4
2
2
0
4
2
6
6
2
0
0
4
4
2
2
2
4
2
2
4
2
2
4
0
0
2
0
0
0
2
0
2
6
2
4
4
4
4
0
2
2
4
4
2
4
2
2
4
4
4
2
0
4
2
4
4
2
6
2
0
4
2
4
4
2
2
6
0
0
0
0
4
0
2
0
0
2
2
4
4
2
2
2
6
6
2
4
2
0
0
6
4
4
2
0
2
4
0
4
2
2
0
0
0
2
2
0
2
0
4
0
0
0
4
4
0
2
2
0
2
0
0
0
0
0
2
0
0
2
0
0
2
2
4
0
4
4
2
6
2
2
2
4
4
2
0
0
4
0
2
4
