27
26
24
24
28
21
23
27
27
26
23
25
24
25
25
27
29
28
27
27
27
27
26
27
24
25
27
26
27
28
29
23
25
26
24
20
24
18
27
18
16
21
25
18
29
23
10
17
27
18
20
25
2
25
27
25
29
25
13
19
24
28
25
27
31
23
27
31
25
27
23
23
28
24
27
27
28
27
23
26
28
23
23
25
25
25
25
20
26
24
26
24
28
29
24
23
25
29
23
23
24
23
27
27
27
25
21
25
29
23
25
22
25
23
25
25
25
23
23
27
25
26
27
29
22
22
24
27
25
25
28
25
22
25
24
27
25
31
27
27
23
27
27
25
27
20
29
24
27
25
25
29
27
25
29
25
27
27
27
27
27
29
25
23
24
27
29
23
31
23
29
27
24
29
24
26
25
25
26
25
27
24
27
25
29
25
27
24
25
25
23
23
23
27
27
23
26
27
27
27
28
27
25
25
25
24
27
27
24
25
25
27
23
23
28
25
23
25
23
23
27
23
25
23
29
26
24
27
23
25
25
27
28
25
27
22
27
29
26
25
25
26
29
23
27
27
24
27
27
25
29
25
25
13
23
17
23
20
24
25
24
20
31
19
23
31
22
25
29
23
25
26
23
20
20
24
27
27
25
25
25
27
25
23
27
25
25
23
2
0
4
8
2
2
0
43
4
2
4
2
4
4
0
0
2
2
42
4
4
6
31
4
6
4
2
4
4
31
4
0
0
4
2
17
4
2
2
6
4
2
6
2
4
2
8
4
2
2
2
4
2
2
4
2
6
2
3
2
42
4
4
2
2
0
2
2
40
23
35
0
2
2
2
0
15
50
4
6
0
46
2
2
4
4
4
6
4
2
4
4
0
2
4
36
6
4
2
2
2
30
8
2
6
2
0
12
0
0
2
8
4
0
4
2
4
6
0
0
34
4
2
4
2
2
29
4
2
6
6
4
21
2
2
2
2
2
2
0
23
4
4
2
2
2
0
0
0
4
2
4
4
4
0
4
2
4
0
2
4
2
0
4
2
2
4
4
0
2
6
4
4
4
4
2
6
4
2
0
32
49
42
4
4
0
2
4
4
4
44
2
2
26
2
8
2
2
6
2
2
4
2
2
4
2
15
6
0
2
35
0
4
4
6
2
2
2
2
6
0
2
4
0
4
2
0
6
0
2
8
0
0
6
0
2
2
2
6
2
2
2
4
33
4
2
2
0
8
6
2
2
0
4
0
6
6
2
0
36
33
0
2
4
2
7
4
2
6
2
2
2
0
2
19
4
2
2
2
50
0
10
0
4
46
2
4
2
6
4
67
4
6
78
79
4
4
2
2
6
85
88
73
8
4
83
4
4
4
6
4
4
4
4
4
14
4
79
4
4
6
4
6
6
6
81
4
4
6
4
6
6
10
4
66
36
4
80
4
6
22
6
6
4
6
8
4
4
6
80
6
4
4
6
2
8
4
31
4
2
4
6
78
76
4
6
6
4
79
8
6
8
4
4
85
0
67
10
6
22
4
4
2
3
4
4
4
8
4
4
6
8
4
82
4
8
4
4
4
4
8
8
4
8
6
4
6
4
6
4
4
4
4
8
4
4
4
83
2
6
4
4
4
4
6
2
4
27
4
90
4
4
4
86
2
66
4
4
4
6
4
6
4
79
6
4
5
22
4
6
78
80
6
6
6
2
61
6
4
4
6
6
82
4
6
6
86
4
6
4
82
4
8
6
4
2
4
4
2
6
88
80
2
83
4
79
4
4
84
6
4
2
4
8
6
10
15
80
4
4
68
6
2
4
2
4
4
2
2
4
6
4
6
6
2
25
0
0
0
0
0
2
4
57
2
2
4
0
27
4
2
4
6
2
53
2
56
2
2
6
0
4
0
4
2
0
0
2
53
4
4
0
0
2
2
56
2
2
2
0
4
4
0
0
0
2
2
4
2
2
2
2
0
58
0
0
13
7
5
7
7
13
5
19
3
11
9
9
11
7
3
5
7
5
7
9
9
3
5
11
7
7
7
5
9
13
5
7
5
1
11
5
7
7
5
3
9
1
7
11
21
5
11
5
9
5
9
11
5
5
15
5
21
13
13
3
3
11
7
15
17
3
11
18
9
13
7
9
15
9
9
5
9
5
11
15
15
13
7
7
7
7
15
13
3
7
15
9
7
13
1
11
15
9
3
9
0
9
19
3
9
7
9
9
9
34
7
17
26
9
17
7
19
7
23
11
3
11
13
9
11
9
13
11
7
7
11
15
9
9
11
9
7
9
9
11
13
9
13
9
5
17
6
15
9
11
11
11
9
13
11
17
5
27
15
11
15
15
13
11
3
11
5
15
5
15
7
7
13
5
17
7
7
17
16
19
11
21
13
9
9
13
13
17
7
7
19
11
21
13
5
19
3
17
9
7
5
11
11
11
15
7
17
9
7
11
7
7
11
13
17
3
21
11
13
7
9
13
15
21
11
9
7
5
5
7
9
5
5
9
13
9
5
13
11
9
11
15
11
9
19
5
7
5
9
11
7
7
13
13
3
21
5
7
5
5
5
7
7
3
3
11
5
7
11
11
9
5
17
7
11
7
17
7
9
13
7
7
9
38
7
12
13
5
2
2
2
4
2
0
2
6
6
2
2
0
2
4
2
2
4
0
4
2
2
2
2
4
2
2
0
2
0
2
2
2
6
2
4
2
2
2
2
2
2
0
2
2
4
0
4
2
2
2
2
2
2
7
2
2
2
4
2
6
4
4
2
2
2
2
0
0
0
2
0
6
2
2
2
2
2
2
6
2
2
2
2
0
2
2
2
4
4
2
2
4
2
2
2
6
4
0
4
2
2
2
0
4
0
2
0
4
6
2
4
4
4
0
2
4
0
2
2
2
2
4
2
2
2
2
2
0
2
6
0
2
2
0
4
4
2
4
2
2
0
0
0
2
4
2
2
2
2
2
2
2
0
0
4
2
6
2
0
0
2
2
2
4
2
2
2
2
2
4
0
4
4
0
2
2
4
2
4
0
2
2
2
2
6
2
2
2
2
4
2
4
4
2
2
2
2
2
6
2
2
2
2
2
4
0
2
2
2
4
2
2
2
4
2
2
4
2
0
2
2
0
6
6
2
0
2
2
0
0
2
2
2
0
2
2
6
2
0
2
0
2
2
2
4
0
4
2
4
2
2
2
0
2
2
4
4
2
2
0
2
2
2
2
2
2
4
0
2
2
2
2
2
4
0
4
0
2
4
2
2
2
2
2
0
4
2
2
5
1
5
1
1
11
1
1
3
0
7
3
7
3
0
3
3
5
3
5
3
0
1
1
1
3
1
0
3
5
5
3
1
1
7
5
0
1
0
7
3
1
1
1
3
0
7
1
5
1
3
1
0
5
1
5
3
0
5
3
5
0
1
0
5
3
3
5
1
1
1
7
0
1
5
3
3
0
0
1
5
3
3
9
5
3
1
3
0
5
1
3
7
1
1
3
1
5
5
3
5
1
0
5
5
5
3
3
7
3
3
1
1
1
3
5
5
3
5
13
7
1
1
5
5
3
7
3
1
19
3
5
1
5
3
3
3
1
5
1
5
1
7
3
3
1
3
3
3
0
0
1
3
7
3
3
3
3
3
1
3
5
7
5
5
3
9
3
1
5
3
7
3
3
0
3
1
1
3
3
0
9
1
5
5
3
5
3
3
5
1
1
0
1
3
9
1
3
1
7
5
5
5
5
3
3
7
5
0
1
0
7
3
5
5
3
3
0
3
3
1
5
3
1
1
5
1
5
7
1
1
0
3
3
0
5
7
3
5
7
0
1
3
5
3
7
5
0
3
5
5
5
3
3
3
3
3
7
3
0
0
1
1
3
3
5
3
3
1
5
3
1
3
5
1
5
0
3
1
1
5
3
7
7
1
0
3
5
0
4
0
2
8
4
0
2
8
4
4
0
0
0
0
0
0
6
0
2
4
0
0
6
4
2
0
0
0
0
0
2
2
0
0
4
0
0
0
0
0
0
0
2
2
0
2
0
6
2
4
4
2
2
2
0
2
0
0
0
0
2
2
2
6
0
4
37
6
0
0
0
2
2
0
0
2
0
2
0
0
6
2
2
0
2
0
0
2
0
0
0
2
2
2
0
2
0
0
4
4
4
2
4
2
0
0
4
2
0
4
0
2
6
0
6
0
0
2
2
4
2
6
0
0
0
6
2
55
0
0
4
6
0
48
0
0
0
0
4
4
0
2
2
0
2
2
0
2
0
2
0
0
4
2
4
2
0
0
6
0
4
0
2
6
0
4
0
0
0
0
0
4
0
0
0
2
6
4
4
0
2
4
0
2
2
2
0
0
2
0
0
2
0
0
2
0
58
0
0
0
2
0
0
0
2
0
0
6
0
0
0
4
0
0
0
2
0
0
0
0
4
2
2
4
0
4
0
2
2
2
2
0
0
0
0
2
0
2
2
0
2
2
0
0
0
2
59
4
4
6
0
0
2
0
0
0
0
36
4
2
4
2
4
0
0
2
0
4
2
2
0
2
2
0
0
0
4
0
0
2
52
2
2
4
4
0
0
17
17
9
19
8
8
6
8
8
6
4
9
6
8
6
9
8
4
8
6
4
7
4
13
8
8
4
4
6
7
9
6
6
6
2
6
4
11
6
11
8
8
8
11
11
11
6
6
8
17
8
15
13
6
13
11
11
11
8
8
15
6
9
13
11
7
6
11
8
6
10
11
8
7
15
11
6
15
2
6
6
4
8
6
8
8
10
4
10
17
9
6
6
10
11
10
13
11
11
13
7
13
20
13
11
13
6
11
10
10
13
8
13
10
6
11
11
15
10
8
11
6
15
17
8
9
13
11
11
15
21
11
9
13
17
11
10
13
17
15
21
19
4
11
10
13
13
17
17
25
19
13
10
22
19
11
11
19
9
17
19
8
19
15
15
11
8
6
21
2
2
6
11
8
2
6
8
13
4
2
6
8
8
2
2
6
9
4
4
2
8
2
2
4
6
0
4
2
2
6
4
4
6
2
4
4
6
4
6
4
7
2
9
2
2
2
4
8
2
4
2
6
8
4
4
4
6
2
2
2
2
6
2
4
4
8
4
7
6
4
3
4
2
8
4
2
6
4
6
8
6
7
7
8
10
7
4
2
6
4
2
4
6
8
4
4
2
0
6
2
2
4
6
6
2
9
2
2
6
12
8
6
8
9
6
8
4
10
0
2
2
29
9
9
4
4
0
2
9
2
2
0
5
2
9
0
11
2
0
0
9
7
2
0
7
0
7
2
5
0
2
2
9
2
7
7
0
0
7
0
2
0
0
0
0
3
0
4
0
0
2
0
4
0
0
0
0
0
1
7
5
3
7
5
0
2
11
2
2
0
7
2
0
0
0
7
0
0
2
3
2
0
1
0
0
7
2
2
7
0
2
0
2
3
0
9
0
0
0
2
3
0
0
2
7
1
2
2
0
3
5
2
9
0
0
0
0
0
5
0
0
5
5
2
5
0
3
7
9
0
0
0
3
2
0
0
0
2
2
4
0
9
0
0
2
3
0
0
7
0
7
0
9
0
3
2
3
4
2
0
0
0
0
1
0
2
1
29
0
0
0
0
7
5
3
4
0
3
0
7
5
2
0
0
0
3
87
5
0
0
2
7
0
2
0
0
5
0
0
0
0
0
0
7
2
2
0
0
2
0
1
5
0
0
0
7
5
0
5
2
2
0
2
0
2
0
3
0
1
23
1
0
7
2
1
1
3
1
3
3
3
2
3
0
5
2
0
0
1
3
5
0
0
2
0
5
1
5
0
1
5
0
1
0
0
0
0
11
2
1
0
2
5
1
0
3
2
1
3
3
0
0
7
1
3
2
0
0
0
0
0
0
0
5
3
2
0
2
0
0
0
2
2
2
0
4
2
2
0
7
0
1
0
0
0
0
0
1
0
0
0
1
1
2
0
0
2
2
0
0
2
3
3
0
0
0
0
2
0
3
0
16
2
0
1
2
2
1
3
3
1
0
1
2
2
1
0
1
0
2
2
3
3
4
3
2
3
0
0
5
5
4
1
1
0
0
1
0
2
3
3
0
0
1
0
2
3
5
1
0
0
2
1
0
4
2
2
1
3
1
3
0
2
6
1
0
0
0
0
1
3
15
2
3
2
0
0
0
0
2
0
0
0
2
1
0
3
0
2
0
0
1
1
0
0
5
0
0
3
4
0
0
1
2
1
1
1
0
1
0
2
3
1
0
0
1
0
0
2
2
2
1
0
6
0
0
0
3
2
0
2
0
0
0
0
1
0
1
0
2
2
0
0
4
3
0
0
2
0
1
1
3
1
0
2
0
1
3
0
2
5
12
2
0
2
15
0
2
0
0
1
2
3
3
0
2
5
1
3
3
0
0
0
9
1
2
2
0
2
2
1
5
0
0
1
1
0
3
5
2
0
0
1
0
2
0
0
0
6
2
0
2
2
0
0
6
1
1
2
3
16
0
0
2
2
0
3
0
1
2
2
1
0
0
