2
0
5
5
7
6
7
4
4
2
2
4
5
0
5
0
4
6
5
2
2
2
2
3
5
2
5
2
2
6
4
4
7
2
2
2
9
5
2
2
4
4
7
0
6
4
2
5
2
4
4
7
2
4
5
2
2
7
6
4
0
4
6
4
4
4
7
2
2
5
4
2
4
2
2
5
4
2
2
9
8
4
4
4
2
4
4
4
3
4
5
2
5
2
4
5
4
4
2
0
4
6
8
2
2
6
0
4
4
5
7
4
2
6
7
5
2
5
6
2
4
2
6
4
6
2
5
4
2
4
6
0
4
4
2
2
4
4
2
5
5
6
7
5
7
2
2
3
5
5
3
3
5
2
5
3
3
2
2
2
3
4
5
6
5
2
6
6
4
5
4
4
5
5
2
4
4
7
4
4
5
3
4
2
2
3
4
5
5
2
5
7
4
2
5
4
3
3
5
3
4
6
4
5
7
2
3
7
2
7
5
4
3
7
2
2
4
7
5
6
5
4
7
2
4
2
2
2
5
6
2
5
4
2
5
6
2
5
5
4
2
4
4
2
2
2
8
5
4
5
2
5
2
5
5
2
5
0
5
4
0
2
7
4
4
2
5
4
2
4
3
4
6
5
6
5
2
3
4
2
6
4
4
3
2
0
5
2
6
10
6
8
6
6
6
8
4
6
4
2
2
4
0
2
2
2
29
45
4
2
8
0
4
2
4
6
0
4
4
8
8
6
2
6
4
4
2
6
10
4
6
2
0
4
6
14
6
4
6
6
12
6
4
17
6
6
12
6
8
6
10
6
4
12
6
16
14
10
6
6
8
10
8
16
10
10
6
6
10
12
8
6
10
10
10
8
6
4
19
17
15
12
8
14
12
6
6
14
24
8
8
8
10
6
4
14
12
10
8
12
19
10
0
6
2
8
4
8
6
12
10
6
14
2
6
8
6
12
10
4
10
8
12
14
10
2
4
8
8
6
12
4
6
10
2
12
8
6
4
6
8
6
8
4
10
8
14
6
10
8
6
4
10
6
4
6
6
10
6
10
8
8
8
6
10
0
6
6
10
14
6
2
6
8
4
10
6
8
8
10
6
4
8
6
8
10
10
16
12
17
15
8
10
12
12
8
19
16
6
6
10
15
17
4
8
12
2
19
6
14
12
4
8
12
6
4
51
2
10
17
8
8
15
16
12
2
17
10
8
4
14
4
10
12
2
8
17
8
8
10
6
6
8
6
6
6
15
4
4
2
6
8
2
12
4
10
17
6
8
2
2
2
8
8
6
6
13
8
6
6
6
9
4
6
0
10
0
0
0
0
0
0
0
0
0
0
0
0
0
0
0
0
0
0
0
0
0
0
6
10
10
6
12
10
8
14
8
4
17
6
15
13
10
6
8
13
23
13
8
10
10
13
8
8
8
2
10
2
4
8
6
10
13
8
6
13
8
4
6
8
12
9
13
6
8
17
17
8
10
36
10
10
10
8
10
13
8
17
6
12
10
13
6
6
10
6
4
10
8
10
8
10
15
15
10
12
6
11
8
10
10
11
17
6
15
10
10
27
21
6
13
15
8
11
11
13
17
21
10
12
13
32
13
17
19
10
13
10
10
10
10
15
8
4
12
12
13
17
17
17
6
29
8
13
10
27
14
6
13
10
9
8
19
10
10
17
11
11
10
10
19
15
29
19
6
10
11
27
8
21
8
6
6
10
10
10
19
4
13
15
29
29
15
6
8
4
10
6
9
19
10
23
15
10
11
10
13
12
10
8
13
11
12
10
6
8
11
4
15
8
10
12
12
6
4
6
8
4
10
15
10
15
11
4
8
10
8
10
8
13
8
12
8
4
6
4
15
8
6
6
10
11
8
6
6
8
6
10
10
4
6
12
4
8
8
6
8
4
4
2
2
2
2
4
0
2
2
12
0
6
4
10
8
4
6
2
2
4
0
4
4
4
4
4
42
16
25
18
19
18
13
18
14
60
24
17
17
24
13
11
7
53
30
0
17
11
15
16
24
23
5
26
21
12
14
30
16
9
34
13
35
25
21
40
18
12
26
9
8
28
9
28
21
22
19
36
19
17
25
13
45
2
19
21
43
20
19
25
18
19
30
11
24
13
16
23
21
19
17
38
17
28
32
16
30
16
23
35
18
30
23
12
29
18
24
27
11
24
19
18
13
18
30
30
17
11
13
26
13
23
22
17
25
19
17
19
30
29
24
9
9
33
16
37
25
26
36
42
49
21
31
30
19
40
33
32
19
41
40
29
9
43
21
19
30
39
16
32
0
39
31
35
20
36
34
20
21
13
28
33
31
42
34
46
28
22
44
46
60
40
31
41
39
31
49
38
30
51
13
19
45
55
36
21
23
24
31
28
43
35
24
51
34
26
32
33
15
22
26
28
15
30
9
42
50
47
66
11
63
62
15
21
29
28
13
2
36
36
24
42
23
26
27
19
32
27
40
14
28
35
32
30
25
16
22
15
28
18
32
19
21
17
17
24
19
38
13
13
26
46
28
2
15
25
57
13
0
21
20
35
19
4
26
13
13
13
21
24
17
26
27
48
19
20
35
24
28
40
24
32
22
15
11
18
15
9
32
0
13
6
32
32
6
8
8
10
6
8
2
8
6
10
2
4
6
2
6
6
10
6
6
12
10
10
4
4
4
6
8
6
6
6
2
8
8
4
6
8
6
4
6
10
6
12
8
35
4
4
2
6
8
6
8
8
4
6
2
6
12
10
10
6
6
2
2
10
7
6
8
6
8
10
8
12
12
10
2
6
6
2
6
4
4
8
4
10
2
6
8
6
6
4
8
2
10
6
4
8
4
4
8
8
6
6
4
6
8
8
8
8
4
10
4
6
12
10
10
6
4
14
2
10
16
8
8
8
10
8
4
4
4
6
4
2
10
6
10
6
4
6
14
8
8
10
8
4
10
10
10
6
8
4
8
8
4
10
8
8
12
6
8
10
12
14
8
8
6
16
6
4
2
4
8
4
8
10
8
10
6
8
10
12
8
4
10
12
4
6
12
10
8
12
10
8
10
8
6
12
8
6
12
8
6
8
12
10
6
10
8
14
4
8
6
16
4
8
8
8
2
6
12
6
9
12
12
12
4
4
12
8
6
8
8
10
6
8
8
8
8
12
8
14
6
6
8
10
4
8
8
6
6
8
10
4
14
4
17
6
6
6
4
58
10
8
2
6
8
6
8
2
8
6
18
6
10
6
6
10
12
8
8
12
17
6
8
21
4
2
14
8
0
3
7
3
3
3
3
3
1
1
0
6
7
7
0
7
4
0
3
5
5
5
1
6
0
15
1
3
0
1
4
3
3
1
4
1
1
6
7
1
0
0
0
9
1
0
0
0
3
1
1
0
1
3
1
0
3
1
1
0
3
9
5
1
5
7
3
1
24
10
3
12
5
3
3
0
5
6
3
3
0
1
0
3
8
14
4
1
3
10
1
4
7
3
12
10
3
3
7
3
6
3
29
1
3
7
0
1
8
3
3
0
3
3
1
3
3
1
3
10
3
5
5
11
5
3
7
6
3
5
3
7
1
22
8
8
3
5
1
5
1
3
8
4
1
1
26
6
3
0
3
3
7
7
7
7
3
8
1
3
12
6
3
7
5
3
9
5
3
6
6
1
8
9
8
6
3
1
1
6
3
5
1
5
5
1
5
8
4
0
3
3
7
5
1
10
13
7
8
3
3
1
3
5
5
0
3
1
5
0
3
5
3
3
0
1
6
19
3
5
7
3
7
5
0
1
8
0
1
0
7
1
6
1
4
9
5
5
0
9
0
0
0
3
4
3
7
1
1
5
1
18
6
6
6
1
1
1
7
1
0
1
4
1
1
3
1
3
3
0
8
3
3
6
1
1
7
0
0
3
4
16
0
0
6
0
8
1
0
3
0
7
2
4
2
0
0
5
2
5
0
2
3
0
10
3
2
2
5
0
4
0
3
0
0
2
0
1
1
0
2
4
2
2
4
0
10
4
2
2
0
0
0
4
2
4
5
0
4
2
5
2
1
1
0
0
4
0
4
0
3
1
0
0
7
3
0
0
0
2
0
4
1
2
0
0
4
6
0
2
2
0
1
2
2
1
3
3
0
6
0
1
5
5
2
0
5
2
2
1
0
0
4
2
4
0
5
3
0
2
3
3
0
0
1
2
2
3
6
2
4
0
0
0
4
2
6
2
1
2
0
2
0
0
3
2
2
2
0
2
4
3
4
0
6
0
0
0
4
0
2
2
5
2
10
2
0
0
1
5
2
0
0
5
4
10
4
0
2
1
3
0
0
0
0
5
3
4
0
0
2
0
4
4
5
0
2
1
2
1
0
3
2
0
2
4
0
0
4
4
2
2
0
2
2
0
3
0
4
2
3
4
0
2
0
2
1
3
4
0
2
4
1
2
0
0
2
2
3
2
2
3
5
0
0
4
0
4
23
0
4
0
5
6
4
0
3
5
4
2
0
0
3
2
2
0
2
4
2
4
4
2
0
6
2
2
0
0
0
2
4
0
2
2
5
0
0
2
0
3
4
4
4
2
0
3
15
12
16
24
7
17
18
7
4
17
7
13
10
5
15
15
9
22
13
13
7
9
11
30
9
15
5
11
13
7
14
22
18
19
4
26
22
16
7
9
11
9
13
17
19
24
12
17
9
15
11
20
6
13
16
16
16
24
9
8
22
11
9
9
11
11
9
11
9
6
11
19
6
13
17
15
11
13
14
37
13
16
13
7
13
16
11
18
7
24
17
20
12
18
13
7
9
9
9
28
15
7
8
20
23
11
11
13
14
11
16
11
19
26
16
22
17
9
27
11
11
13
37
13
7
27
20
20
11
11
14
19
7
26
24
7
16
15
15
22
9
20
26
10
22
13
24
25
25
12
25
7
30
13
11
8
7
16
22
15
21
11
15
19
13
12
13
13
32
7
9
20
27
5
17
44
15
11
11
11
11
23
15
41
6
12
15
20
11
9
29
20
29
13
22
16
9
20
14
32
28
20
21
25
21
34
12
13
7
26
26
15
16
28
9
14
21
7
11
32
15
17
20
30
9
23
18
21
15
11
19
17
18
6
13
23
20
9
24
17
13
11
15
11
11
11
16
7
17
18
21
21
14
11
23
9
22
8
13
18
7
9
15
16
20
19
15
11
9
7
19
25
9
9
7
22
16
11
8
11
11
9
13
9
5
11
19
4
0
1
1
0
3
1
1
1
0
0
1
2
1
0
3
1
1
1
1
0
0
0
4
0
0
0
0
0
1
0
1
0
0
0
1
1
0
0
1
1
2
0
0
1
1
0
0
0
1
0
1
2
1
0
1
1
0
1
1
0
0
1
1
0
1
4
0
1
0
0
0
1
0
1
1
0
1
0
1
0
0
0
1
0
0
1
0
1
0
3
1
3
1
1
0
1
0
1
1
1
0
0
0
1
1
0
0
1
3
0
1
3
1
0
0
1
0
3
0
0
0
0
0
0
1
1
0
1
1
0
0
1
3
0
1
1
0
1
0
0
1
1
0
2
1
0
0
0
1
1
1
1
0
1
0
0
2
3
1
0
1
2
1
0
1
2
0
0
1
1
0
1
1
0
0
2
0
0
1
1
1
2
0
1
1
0
1
0
1
0
0
1
1
0
1
0
1
2
1
1
0
0
1
1
1
0
1
1
0
1
0
0
1
1
1
1
1
0
1
2
0
1
1
5
0
1
1
0
1
0
1
0
1
0
0
0
0
1
1
0
0
0
0
0
0
1
0
0
0
2
0
1
0
1
0
0
0
1
0
2
1
1
0
0
0
1
0
1
2
0
1
0
0
1
0
0
0
0
0
1
1
3
3
0
0
1
1
1
2
0
6
4
0
44
0
0
8
4
4
0
0
0
6
2
4
2
65
4
6
8
6
0
0
2
4
4
6
2
8
6
4
0
6
2
0
0
2
0
6
0
0
0
0
8
2
6
27
0
0
4
0
2
2
0
2
2
4
0
4
0
0
41
0
0
0
2
4
2
0
4
0
6
8
58
0
0
0
6
0
0
0
0
2
6
0
2
0
0
52
0
0
6
0
6
0
0
0
0
4
4
0
4
4
0
0
42
6
0
6
0
2
4
2
4
4
4
0
4
0
0
4
0
10
6
0
2
8
0
2
6
2
4
4
8
4
6
0
4
6
2
4
4
0
91
56
6
60
4
57
90
65
48
85
4
80
0
6
2
4
2
10
6
0
6
0
2
0
6
0
6
2
0
2
4
0
4
6
0
0
2
4
6
2
0
6
2
8
4
2
6
0
6
0
0
4
2
2
2
4
0
0
0
0
4
6
6
0
4
62
10
0
39
4
88
6
4
6
0
6
0
8
0
0
6
0
4
0
0
2
2
4
4
10
2
2
42
4
4
2
0
4
0
4
6
2
2
0
0
0
2
2
32
0
0
2
0
2
25
8
6
4
4
2
4
0
4
4
2
0
2
2
0
8
0
6
60
2
0
0
8
2
8
2
41
0
6
