1
3
5
0
1
1
0
3
0
7
5
5
5
5
8
1
1
2
1
3
1
0
3
3
3
0
1
1
0
0
3
20
25
3
0
5
2
0
1
3
0
1
3
0
1
0
51
0
5
1
3
0
0
1
1
1
0
0
3
0
1
82
0
5
0
1
1
1
5
3
75
0
0
0
13
0
5
1
1
30
5
12
0
0
0
0
3
3
0
1
0
5
1
65
3
3
3
0
1
1
10
0
0
3
1
3
0
1
0
9
1
1
0
0
0
1
0
3
1
3
0
1
0
1
3
3
3
0
0
1
1
0
4
60
0
1
1
1
2
7
1
1
15
78
0
1
0
0
0
0
0
3
0
3
5
1
1
0
3
1
1
3
3
5
0
3
3
1
3
0
1
0
3
0
3
0
1
4
0
1
1
0
3
0
1
3
6
3
0
0
9
1
5
0
0
3
3
1
3
5
1
1
3
5
0
0
5
16
5
1
3
0
0
0
0
0
5
3
0
1
7
7
1
1
0
1
0
0
0
1
0
0
0
1
1
1
1
0
0
5
1
31
0
7
0
3
3
1
0
1
3
1
1
0
3
0
3
5
3
3
14
1
1
1
1
1
1
0
1
1
1
0
3
3
5
3
6
11
0
3
0
0
3
3
0
1
1
5
5
2
5
3
2
5
0
0
4
1
5
3
5
0
2
3
7
1
2
2
42
7
1
2
1
2
5
3
5
9
0
0
1
1
5
0
0
0
3
1
3
0
5
6
0
5
75
5
1
1
1
5
3
0
0
5
0
3
0
0
0
0
3
1
1
0
5
3
1
3
3
0
3
3
4
0
0
2
1
2
3
7
21
2
0
1
2
7
0
7
3
0
11
0
3
3
0
5
3
3
0
3
0
3
1
2
0
1
0
7
4
0
1
5
0
2
3
2
1
0
3
0
5
0
0
1
2
0
3
0
7
0
1
2
1
3
3
5
3
3
2
5
1
18
1
0
2
5
0
0
1
0
9
3
1
3
1
2
1
1
0
7
3
0
1
2
1
0
2
0
1
15
0
1
1
3
1
3
3
1
1
3
3
1
0
0
3
7
0
1
3
0
1
5
1
3
1
3
1
3
1
0
2
0
3
2
1
2
1
2
5
30
0
5
0
0
3
0
1
5
1
3
3
2
5
1
1
5
1
4
2
3
0
1
1
1
3
1
3
1
1
55
1
0
3
1
1
3
2
1
3
3
0
0
0
2
2
0
3
2
3
5
3
3
5
1
0
3
5
3
3
5
5
1
5
2
0
0
5
9
5
1
3
5
3
45
0
2
19
6
8
29
15
14
14
10
12
8
14
10
8
10
4
14
8
10
8
10
6
8
17
4
12
14
14
14
31
4
6
12
10
10
8
21
15
31
19
8
8
6
11
10
17
17
21
14
15
6
83
4
6
2
2
2
2
2
4
8
2
8
4
12
6
6
8
0
2
0
4
4
2
2
2
2
2
6
4
0
6
10
6
4
4
8
0
6
2
4
4
10
2
4
2
2
4
4
6
6
2
2
2
4
4
4
2
6
4
8
4
6
14
6
4
14
4
2
6
4
8
4
0
0
10
2
2
6
6
4
4
2
6
4
8
10
7
4
14
4
6
6
12
4
4
2
8
10
6
6
8
4
8
8
2
8
8
10
12
7
10
4
13
10
2
2
4
14
4
6
6
6
6
12
15
6
6
12
4
4
8
8
8
7
8
6
10
12
6
12
8
17
13
6
17
17
12
14
17
23
10
6
6
10
4
14
10
8
27
17
10
13
10
6
8
8
4
8
4
12
11
8
8
8
8
4
6
4
2
4
12
6
6
10
6
14
12
18
6
12
8
9
8
8
4
17
6
10
13
8
12
4
4
8
6
4
10
2
2
4
3
6
6
15
8
2
4
15
12
8
14
4
6
6
2
4
2
10
6
2
6
16
16
6
2
4
4
14
3
0
9
0
5
0
11
0
11
0
11
0
5
1
7
0
3
9
7
0
9
7
0
0
11
5
5
0
9
9
0
5
7
11
1
9
7
7
0
5
5
3
0
5
5
7
0
11
5
7
0
7
3
7
5
7
0
7
7
3
0
7
5
3
0
9
3
0
0
9
5
0
0
7
7
0
0
11
9
0
0
5
9
0
3
1
9
0
3
0
5
5
9
9
9
0
5
7
7
9
0
11
5
0
0
5
3
7
0
9
9
5
0
9
11
9
0
7
9
5
0
0
0
0
3
7
0
0
15
7
0
0
0
0
9
0
5
0
0
0
0
0
0
0
0
0
0
0
0
0
7
9
7
0
9
9
0
9
0
7
13
7
11
9
7
0
5
9
11
5
0
9
0
17
0
0
0
0
0
0
0
0
0
0
0
0
0
0
0
0
0
9
0
5
5
7
17
17
7
0
7
11
7
3
0
5
7
3
3
3
3
11
7
7
0
5
11
3
0
7
0
5
0
9
7
7
0
5
7
9
5
7
0
5
0
15
7
5
11
5
11
9
11
15
5
0
5
15
7
5
13
7
3
0
7
5
0
0
15
5
7
0
7
11
11
5
9
9
0
0
1
11
11
0
11
9
13
9
21
19
5
0
9
5
5
0
0
11
30
0
0
3
31
3
0
1
42
43
1
0
1
0
0
0
0
2
27
13
5
1
3
3
0
3
5
34
3
0
1
0
0
5
16
24
0
0
1
0
3
0
0
1
5
3
21
7
3
35
1
1
5
0
6
1
53
5
0
0
1
1
11
1
0
0
10
1
5
1
3
33
0
0
24
0
4
5
0
1
1
3
5
0
40
0
0
29
26
5
0
14
1
0
37
1
39
0
0
3
3
3
0
1
3
0
9
21
16
11
1
1
53
0
1
1
1
0
0
0
0
1
1
0
17
11
0
0
1
0
3
26
1
58
5
54
0
3
0
34
4
4
0
29
1
5
3
0
0
5
0
5
5
5
29
0
19
16
27
3
5
1
0
18
35
5
27
24
0
1
50
0
3
1
1
15
15
51
10
30
14
35
1
0
0
28
20
1
0
16
16
26
26
16
0
1
26
0
27
27
29
32
0
3
49
0
5
0
11
16
18
1
1
0
3
42
43
0
3
1
22
35
3
18
35
1
18
52
5
0
23
3
0
1
19
3
1
5
29
30
50
1
10
26
3
31
11
5
20
25
6
0
3
0
5
5
20
3
39
18
0
3
0
26
25
1
6
16
23
0
3
1
0
13
17
14
6
3
37
1
3
1
1
18
23
36
0
0
10
3
1
14
18
0
20
11
0
0
6
14
0
21
5
14
0
16
10
16
20
12
0
17
0
20
13
0
0
0
17
15
4
15
1
16
0
18
3
12
9
0
2
10
26
2
16
22
1
24
12
1
15
5
0
17
14
5
6
2
18
21
0
11
3
10
5
0
21
14
22
0
0
25
7
14
0
20
0
0
20
1
2
0
15
12
1
0
18
13
19
0
14
15
0
23
19
1
0
18
0
3
20
0
19
20
17
0
2
16
14
0
26
7
5
0
21
22
16
0
15
2
0
10
28
31
0
22
0
22
22
6
3
0
12
15
11
15
7
0
1
24
15
20
22
7
9
21
0
11
17
18
0
18
24
20
17
4
1
3
18
16
19
0
20
16
23
11
13
1
16
7
0
27
25
11
0
11
22
19
0
26
8
2
19
24
17
0
28
17
21
0
3
1
13
5
17
1
24
0
19
21
0
18
0
8
0
13
31
22
15
0
26
22
22
33
23
9
15
0
21
25
21
2
0
15
1
17
27
0
19
0
0
10
25
0
30
0
22
20
27
0
3
14
8
0
0
18
23
16
19
19
0
22
4
18
0
28
0
22
0
16
1
20
18
0
16
0
24
23
18
0
18
20
22
0
3
2
14
0
24
17
23
2
0
21
20
20
9
12
14
20
5
25
15
15
11
26
28
13
17
11
8
5
25
13
28
11
13
16
12
15
28
24
19
16
29
11
22
15
12
16
30
23
17
38
14
13
22
20
28
22
13
19
24
11
40
17
18
18
24
22
12
23
36
11
16
19
26
17
14
34
22
19
21
62
30
12
14
26
17
25
22
19
18
17
26
32
12
23
20
25
33
23
23
18
10
41
21
24
17
10
52
14
30
25
32
10
10
31
36
19
19
26
17
27
27
10
32
37
16
27
36
29
48
19
24
26
20
27
22
18
49
31
14
27
12
35
38
48
35
29
21
26
36
26
17
46
25
28
17
23
31
39
21
51
30
35
12
31
17
37
30
33
26
30
35
42
29
30
40
29
30
27
30
34
35
51
24
50
31
16
34
60
24
50
28
47
26
26
15
27
27
33
18
33
32
27
44
8
28
21
13
10
14
10
25
12
7
20
11
8
8
7
8
17
3
5
7
17
22
10
19
10
9
9
10
26
12
10
22
5
9
38
7
20
6
26
14
18
16
10
26
17
24
8
14
19
17
13
10
21
12
21
12
20
19
19
20
29
20
12
12
14
22
22
6
11
22
8
8
9
19
15
17
21
13
21
5
10
16
6
12
12
36
19
25
9
6
14
26
8
12
12
10
23
3
17
9
7
6
6
7
9
7
4
7
6
9
7
1
10
8
5
7
9
8
5
1
5
7
5
8
5
8
12
11
8
13
6
10
10
5
5
7
5
8
7
4
1
6
4
4
9
11
5
10
8
7
6
0
3
5
9
3
6
6
6
9
8
5
3
7
8
9
12
10
6
7
6
6
5
11
4
0
5
18
3
5
2
4
5
7
4
11
6
9
6
7
5
7
8
43
7
7
8
5
5
9
3
12
11
10
9
10
9
11
7
3
4
1
7
4
7
3
5
7
4
7
21
7
1
10
1
1
4
6
7
10
3
11
12
5
4
9
21
9
3
6
4
1
5
8
6
1
7
5
15
0
30
9
15
7
8
1
8
7
6
9
9
7
9
15
5
5
3
4
7
1
6
3
6
3
6
6
10
6
3
6
8
5
14
52
4
3
14
7
14
1
7
8
2
7
6
9
5
7
6
2
4
5
7
3
6
8
0
9
5
7
3
5
4
10
1
4
6
6
4
7
9
5
6
5
11
11
2
7
4
4
9
9
1
1
5
16
12
18
12
6
6
3
6
4
9
10
5
5
6
1
5
1
1
2
1
5
7
8
7
6
5
6
7
10
5
3
12
11
3
5
7
7
3
4
3
8
8
6
13
12
11
5
7
26
9
2
10
2
3
5
0
1
2
2
2
5
2
3
2
2
0
0
5
2
0
5
2
2
0
2
3
0
2
0
8
4
2
4
11
2
0
2
3
2
2
2
2
6
5
0
2
0
0
2
4
0
2
0
0
0
5
4
2
2
2
3
5
0
0
2
2
3
4
0
4
2
3
3
3
0
2
2
0
2
2
0
3
7
0
0
0
2
0
2
2
0
0
3
2
11
0
2
4
2
1
6
5
0
3
2
5
6
1
5
5
0
2
3
2
3
3
9
0
2
2
3
3
2
2
4
2
2
3
2
0
6
3
2
0
6
1
2
2
2
3
1
5
2
1
2
2
2
5
4
4
1
4
4
1
12
2
2
1
3
2
3
1
3
2
0
0
0
3
2
1
2
8
0
1
2
3
2
2
2
5
2
3
4
4
1
2
0
1
5
2
2
5
3
3
3
0
2
2
5
3
0
5
5
2
4
6
1
4
2
4
0
0
3
0
2
5
3
2
2
3
0
1
1
2
2
2
3
0
0
3
0
4
0
1
0
8
0
1
3
0
2
4
0
4
1
5
4
1
0
0
0
0
1
1
0
0
0
0
2
2
2
3
7
2
2
0
1
4
1
4
0
2
3
2
4
1
2
1
0
0
1
1
2
3
0
2
0
1
1
0
1
3
3
1
8
0
0
0
4
0
1
1
1
3
1
1
0
3
3
0
0
0
1
5
1
0
1
0
0
5
1
1
0
0
1
0
0
3
0
1
3
1
0
0
1
1
3
0
1
1
3
5
0
0
0
0
1
1
0
0
3
1
1
3
2
1
3
0
0
0
0
0
1
1
1
3
1
1
0
1
1
1
0
5
1
3
1
1
0
1
3
1
3
1
3
4
3
1
1
3
33
1
1
1
1
3
1
3
1
0
0
0
1
3
1
3
1
0
3
4
3
0
3
1
1
1
30
3
1
5
1
3
3
6
0
3
3
11
4
0
1
6
9
1
0
0
0
1
1
3
0
9
3
0
1
1
5
4
0
4
3
4
0
3
3
3
1
1
1
3
1
3
1
1
3
1
3
3
3
3
1
1
5
3
1
0
35
1
1
1
3
3
0
3
1
1
3
9
1
4
3
1
3
11
0
0
1
1
3
4
21
3
0
3
9
4
3
0
1
1
10
8
13
3
1
3
8
12
1
3
3
3
0
1
12
3
3
7
3
1
1
0
1
1
6
3
2
1
4
16
1
0
0
0
1
1
8
1
5
0
9
1
3
0
3
14
0
3
0
1
0
17
3
7
7
5
1
3
3
1
0
1
1
0
6
3
