23
22
17
11
7
15
34
11
21
17
13
16
20
20
25
23
20
13
6
15
20
13
15
15
11
15
30
22
11
19
26
24
13
31
11
13
16
5
15
15
42
32
36
33
23
22
42
42
40
39
38
64
31
25
31
64
80
64
50
38
38
35
54
0
47
65
56
62
60
55
44
58
52
53
31
44
62
67
58
30
40
61
20
70
48
28
11
41
27
26
42
45
60
58
72
54
44
49
35
35
58
34
24
48
37
26
48
38
45
42
44
48
64
55
32
14
44
47
39
45
34
41
39
36
28
69
50
33
45
67
17
15
36
49
47
63
42
47
40
43
45
47
44
30
50
43
59
41
53
34
56
20
58
52
36
42
66
70
69
47
44
53
59
60
56
34
66
60
61
48
69
22
66
38
53
47
67
67
68
82
48
36
35
54
61
44
49
57
17
32
41
59
36
60
59
35
15
58
42
75
47
54
64
55
55
44
36
56
73
72
33
54
36
31
46
26
49
42
45
43
47
66
32
36
49
58
51
46
58
57
43
16
41
35
52
29
26
28
35
5
20
13
17
13
16
34
18
15
9
16
28
8
34
13
13
10
33
9
14
23
15
14
17
13
23
11
9
26
4
18
7
32
23
63
16
15
9
21
10
25
16
18
32
11
17
13
18
17
0
2
0
0
2
2
2
0
2
0
2
2
2
0
2
2
2
2
2
0
0
2
0
2
2
2
0
2
0
0
0
2
2
0
0
2
2
0
0
2
2
2
0
0
2
0
0
0
2
2
2
2
0
2
2
2
2
2
0
0
0
2
2
2
2
0
2
0
0
2
0
0
0
0
2
2
2
2
0
2
4
0
0
0
2
4
0
2
0
0
0
0
2
0
0
2
0
2
0
0
2
0
0
0
2
0
0
0
2
0
0
0
0
2
2
2
0
0
0
0
0
0
2
2
0
2
2
0
2
0
0
2
2
0
0
4
2
0
0
2
0
0
0
0
4
0
0
0
0
2
0
2
2
0
0
2
2
2
2
0
2
0
2
0
0
0
0
0
2
2
0
2
2
2
0
2
2
0
0
2
2
2
2
0
2
0
0
0
2
0
0
0
4
2
0
0
2
2
2
2
2
0
2
2
2
2
0
2
2
2
0
0
2
0
0
0
2
0
2
0
4
2
2
2
2
0
0
0
2
2
2
2
0
2
2
2
2
0
0
2
0
2
2
2
0
2
4
0
0
2
0
2
2
2
2
2
0
2
0
0
0
0
0
2
2
4
0
2
0
2
2
2
0
0
0
2
0
0
0
0
2
0
0
0
0
0
0
0
6
0
3
3
0
1
4
1
1
0
2
1
0
5
8
0
5
1
4
0
4
14
1
2
1
1
6
0
4
1
7
0
2
0
0
4
6
1
4
4
1
5
3
1
10
2
0
9
5
8
10
2
7
5
1
14
0
4
1
0
10
11
3
8
3
2
4
4
4
1
1
10
3
11
0
4
3
6
14
2
1
9
6
1
3
12
8
6
1
1
3
12
7
5
6
1
7
12
3
2
3
4
7
0
4
0
0
0
2
3
4
0
4
1
7
12
2
3
10
0
3
3
4
3
1
7
3
1
4
3
1
8
3
13
7
4
1
0
6
6
5
0
13
8
1
10
1
0
1
9
6
1
2
13
9
5
10
9
16
0
0
2
3
1
11
1
10
13
3
7
9
7
1
0
2
2
0
12
5
5
6
2
0
14
6
5
6
5
4
10
2
1
7
11
0
2
3
9
5
4
2
7
1
10
9
3
9
1
0
2
11
11
4
0
6
1
0
5
8
9
3
12
3
8
5
4
7
2
7
9
4
6
3
4
9
2
3
1
6
11
6
4
7
9
6
5
4
5
4
6
4
2
6
3
0
4
1
3
2
0
7
1
7
0
3
1
2
5
4
6
6
1
2
0
3
2
7
5
0
3
6
3
3
4
2
7
3
0
1
1
1
1
0
3
5
3
0
1
3
0
0
1
3
9
0
3
1
5
3
1
5
1
5
0
1
3
1
5
0
3
0
3
7
0
1
5
0
5
5
5
1
3
0
3
9
1
1
3
0
5
0
0
1
1
1
1
0
3
3
3
1
1
5
3
1
1
3
0
3
0
0
3
1
3
3
0
1
5
0
3
3
1
1
0
0
3
0
1
0
1
9
3
1
0
5
3
7
0
5
0
1
3
1
1
3
0
5
3
0
1
7
5
1
5
0
0
3
5
0
1
3
5
0
3
1
0
0
0
1
5
3
3
1
7
0
1
5
0
1
5
1
1
1
3
0
3
1
3
9
1
1
0
1
4
1
0
1
0
3
3
7
3
0
1
1
3
5
0
1
1
0
5
3
3
0
1
0
7
0
1
0
7
0
3
5
1
3
3
3
5
0
3
1
0
0
3
3
6
5
5
0
3
3
1
1
3
1
3
1
1
3
1
1
3
0
1
3
9
0
0
3
0
7
0
3
5
3
3
1
5
0
0
5
0
0
3
1
1
5
1
0
1
1
5
0
1
3
1
3
1
1
1
0
1
0
1
1
1
1
5
0
0
0
3
3
3
3
0
7
0
3
5
0
1
0
3
1
3
7
7
0
1
3
5
0
3
4
8
6
2
4
0
8
4
8
6
0
0
4
8
0
10
10
4
4
6
4
0
6
0
4
4
8
2
0
6
2
6
4
8
0
0
0
0
0
0
4
0
0
4
4
0
6
6
0
6
0
0
2
0
0
2
0
0
2
0
0
4
2
6
0
0
2
2
0
0
0
2
5
2
2
0
0
0
2
4
0
2
2
2
2
0
0
0
2
0
0
4
0
0
0
2
0
0
0
0
0
2
0
2
0
6
2
2
0
0
0
4
0
0
4
2
2
0
2
4
2
0
0
0
6
4
0
0
10
0
4
2
2
4
2
0
0
6
0
2
2
0
0
0
0
2
0
0
0
0
4
4
0
0
0
2
0
2
0
4
4
4
2
2
2
14
6
0
2
4
0
4
2
8
4
10
43
4
0
2
2
0
4
0
0
0
10
2
2
15
2
0
2
2
0
7
4
4
2
4
4
2
4
2
0
0
2
6
0
2
2
0
0
0
0
2
0
0
2
2
2
0
2
0
2
4
2
2
8
0
2
0
0
0
6
4
2
2
10
0
4
2
0
8
0
4
0
0
0
0
0
2
2
4
0
2
0
0
2
4
0
2
2
2
4
2
2
2
2
0
4
2
0
4
2
0
4
2
2
2
8
0
2
0
2
2
2
2
4
2
2
15
4
0
6
6
4
8
2
2
8
2
4
6
0
4
2
6
6
8
10
7
20
0
2
2
2
2
6
0
0
4
2
2
4
4
2
2
2
4
4
6
2
4
0
6
4
4
0
2
14
8
2
4
2
10
6
0
2
2
4
2
0
4
2
4
4
2
2
4
6
2
0
2
11
12
2
2
6
2
4
2
4
0
0
9
4
6
2
4
0
4
0
4
2
2
2
4
6
2
2
10
2
0
15
2
4
8
2
2
2
2
8
4
10
4
2
8
9
4
0
6
10
11
8
8
8
2
2
2
4
4
0
0
0
2
0
2
8
8
6
8
4
8
11
6
16
10
14
8
2
4
2
8
10
10
6
0
4
2
6
6
6
5
8
4
3
6
4
6
12
4
4
6
2
0
6
8
2
6
6
2
2
4
0
2
4
4
4
2
2
2
4
2
8
4
0
0
2
2
2
7
2
6
2
6
2
4
4
6
0
6
4
2
2
2
0
0
2
6
0
2
4
2
6
2
2
0
2
2
12
4
4
6
4
2
0
0
6
0
2
0
4
4
2
4
4
2
4
4
4
2
2
4
6
0
2
2
0
0
0
4
6
6
2
4
2
0
4
4
6
0
0
8
6
11
4
4
2
4
4
4
2
8
6
2
0
0
0
1
1
0
0
0
1
0
0
0
0
0
0
0
1
2
0
0
0
0
0
1
0
0
0
1
0
0
0
1
0
0
0
0
1
1
0
0
0
0
0
0
0
1
0
0
0
1
1
0
0
1
0
1
0
0
1
0
0
0
0
0
0
1
0
0
1
0
1
0
0
0
1
0
0
1
0
0
0
0
0
0
0
0
0
0
1
0
0
0
0
0
0
1
1
1
0
1
0
0
0
1
0
2
1
2
0
1
2
0
1
2
3
1
1
0
3
0
1
0
1
0
2
1
1
1
1
0
1
2
2
1
1
1
0
0
1
1
2
1
2
2
1
2
4
2
0
4
1
2
0
1
1
3
0
0
1
3
1
1
0
1
3
1
1
2
1
1
4
0
3
2
11
12
6
1
16
1
1
1
0
1
0
6
1
1
1
2
2
3
1
0
0
1
2
2
0
1
1
1
2
0
2
1
0
1
2
1
1
3
0
1
2
0
1
0
2
1
2
0
2
1
2
2
1
2
3
0
2
1
0
2
5
1
0
0
2
0
0
1
1
1
0
1
1
1
1
1
1
1
2
3
0
1
0
0
0
1
1
1
0
1
3
1
1
1
1
0
1
1
0
1
3
3
0
3
0
1
2
1
1
4
1
3
11
15
17
8
9
8
8
4
8
13
10
6
14
19
13
13
12
6
8
12
0
6
14
15
14
12
16
19
10
4
16
8
6
10
10
14
8
10
19
8
17
11
8
13
8
8
21
8
16
21
19
13
21
16
16
6
4
10
12
14
14
10
8
10
8
4
23
4
8
15
10
21
21
12
19
17
7
14
6
14
6
14
10
10
8
16
29
19
15
8
12
7
6
27
10
12
19
12
15
17
8
25
8
8
6
44
10
12
8
10
15
12
21
8
17
12
12
12
17
15
12
14
10
8
14
15
12
10
8
15
17
16
12
17
21
14
21
12
17
10
4
4
6
10
4
14
21
23
19
15
10
8
6
23
10
12
25
14
16
10
14
23
13
12
8
23
25
54
14
19
23
19
19
8
17
16
8
21
17
11
17
21
12
21
32
10
10
14
10
10
16
12
8
16
10
17
10
14
15
8
15
19
19
19
29
14
14
20
35
12
15
9
8
17
9
12
14
17
14
39
8
16
12
27
6
19
17
15
15
16
15
25
15
10
15
8
4
21
21
12
19
6
8
23
19
6
10
4
8
10
10
17
12
10
8
10
10
4
10
12
8
12
17
15
8
12
19
17
12
4
12
4
6
4
15
12
12
17
17
10
12
6
13
6
6
6
15
14
14
10
15
18
15
16
14
15
18
16
17
18
18
13
17
16
16
14
17
18
14
15
18
15
15
14
17
15
17
18
18
17
16
18
14
18
15
18
14
18
17
18
17
17
17
18
17
17
18
16
15
17
17
13
17
17
15
17
17
17
17
18
14
12
17
17
18
15
15
17
18
16
16
17
15
18
17
17
14
14
15
18
18
19
18
18
18
15
17
16
19
17
16
18
19
18
18
16
17
16
17
18
18
16
18
17
18
15
17
15
18
15
18
15
17
16
16
17
17
14
18
18
17
15
14
13
14
15
15
18
16
15
14
17
17
16
16
18
15
15
13
16
16
17
14
15
17
17
17
17
16
17
18
18
18
19
16
17
15
18
17
19
17
19
19
18
19
15
15
17
18
18
19
15
16
16
17
16
16
15
18
18
16
17
17
15
17
16
17
17
16
17
17
17
18
17
17
16
17
16
17
17
15
14
16
16
15
17
14
17
17
15
14
18
14
15
16
16
18
17
15
18
16
17
17
18
16
14
14
17
17
17
16
18
17
17
17
17
17
15
16
17
18
15
15
12
16
17
16
15
18
17
18
15
18
15
17
18
17
17
17
15
18
15
18
17
17
18
15
13
17
17
18
13
15
16
17
18
17
18
18
17
18
17
17
18
18
17
15
16
14
8
14
8
6
4
10
6
4
6
33
8
23
8
4
6
15
10
23
2
10
6
15
6
6
15
10
41
8
19
6
4
12
0
4
23
15
10
21
6
6
8
4
6
6
4
29
15
6
17
6
17
4
4
8
4
2
6
10
2
8
6
14
6
17
12
4
10
8
4
17
14
56
10
8
16
10
27
10
48
16
6
6
14
6
43
25
4
6
10
8
10
2
8
6
10
6
54
4
75
6
8
6
6
49
2
6
47
54
8
4
50
10
8
10
10
6
36
10
12
4
13
8
6
12
8
12
6
4
8
12
8
29
4
74
8
8
10
12
8
6
10
12
10
6
8
14
6
8
29
4
8
10
4
6
6
12
48
56
45
12
23
4
6
60
8
10
14
10
6
33
12
8
51
8
6
66
37
11
10
10
6
4
6
8
10
8
6
4
16
12
8
62
6
10
16
8
10
10
8
4
12
6
10
77
10
8
14
10
6
8
48
12
10
10
8
8
6
23
4
10
10
10
8
4
10
68
6
6
8
6
8
10
6
4
68
39
41
8
4
10
10
12
8
31
75
8
4
2
6
6
6
6
24
4
4
2
4
44
4
34
12
23
52
21
34
4
6
8
15
6
11
4
25
19
16
11
16
21
14
21
21
15
33
17
31
16
41
