2
2
2
2
2
2
0
0
2
2
4
0
2
0
0
6
2
4
2
8
4
0
6
2
8
0
4
2
2
0
0
2
2
2
0
2
0
2
2
2
0
0
4
4
2
2
4
0
0
0
4
0
0
0
2
4
4
4
2
0
4
4
0
2
0
2
2
2
4
0
2
0
2
2
2
8
4
6
2
6
2
2
2
0
2
8
2
2
2
6
2
4
4
0
2
0
4
4
2
4
2
4
2
2
0
0
2
4
2
0
2
0
2
2
2
2
2
4
0
2
2
4
2
0
2
2
6
0
0
4
2
6
0
4
2
6
2
2
6
6
2
4
4
2
2
2
2
4
2
4
2
2
4
2
2
2
2
2
0
2
2
4
2
4
2
0
4
4
0
0
2
2
6
2
4
0
2
2
4
4
2
2
2
4
6
2
4
0
4
4
4
4
6
4
2
6
4
2
2
2
2
4
8
6
2
2
4
2
14
2
2
2
6
4
8
10
2
4
4
4
4
2
2
2
2
2
0
4
6
2
6
4
2
10
4
2
6
4
2
0
2
0
2
4
2
2
2
0
4
0
4
0
2
4
2
0
4
2
2
0
2
2
2
2
6
2
4
0
2
4
4
6
4
2
2
0
4
4
0
0
4
2
0
8
0
2
4
2
5
5
4
2
7
3
7
2
0
6
6
3
4
2
3
3
2
4
4
2
2
19
2
7
49
0
2
3
3
49
68
2
0
0
4
5
5
3
2
2
9
3
3
5
4
6
2
5
5
49
0
5
2
4
4
21
3
5
49
3
48
0
43
2
4
37
0
2
2
7
2
3
4
2
2
0
5
0
5
2
3
84
0
2
0
4
3
47
4
4
0
7
3
3
3
2
5
5
5
2
2
9
4
2
2
0
5
2
4
4
2
4
6
4
2
0
4
3
4
29
13
2
4
2
4
48
3
3
2
35
2
4
2
4
2
0
2
3
0
5
2
5
3
0
47
3
0
3
7
31
3
3
2
0
9
2
2
2
4
0
4
2
3
11
4
2
0
4
6
2
27
2
4
2
5
2
2
3
4
5
3
0
4
51
3
2
3
3
3
4
4
4
0
9
2
3
7
2
3
3
5
2
2
2
0
7
7
4
31
2
2
6
0
5
2
45
2
3
0
47
2
23
4
2
2
45
29
2
2
5
3
9
9
3
3
3
0
0
2
3
2
17
5
4
5
3
4
47
4
9
4
2
7
2
2
0
2
2
39
2
3
2
0
4
2
3
2
2
4
2
33
2
2
59
2
7
35
2
4
0
4
2
4
0
5
27
0
3
48
30
29
59
65
34
73
29
58
54
42
75
31
47
54
30
40
45
44
35
64
52
53
18
49
5
43
49
44
26
27
66
52
55
55
61
51
23
23
37
42
55
59
40
30
40
51
48
34
10
39
31
21
9
12
35
17
39
26
24
59
19
39
30
33
39
21
59
65
32
47
44
50
16
29
31
38
16
65
22
47
58
57
25
40
43
47
27
30
54
35
60
55
19
42
32
41
17
19
63
29
41
34
49
38
14
59
34
54
42
42
40
36
28
37
50
42
39
59
56
44
38
80
46
47
43
33
2
77
45
63
55
22
71
75
58
50
49
36
44
42
37
67
58
50
44
28
60
58
42
50
62
40
40
38
7
45
21
41
48
40
80
70
23
31
35
81
35
68
37
62
68
59
63
76
83
49
36
78
59
41
43
59
34
43
46
43
51
31
44
57
51
41
79
49
73
69
67
32
59
29
24
30
25
40
36
27
33
77
45
57
26
29
35
29
43
36
37
30
21
32
26
24
45
51
16
20
21
15
22
31
21
21
41
29
37
18
24
24
38
29
43
43
44
21
26
24
43
28
20
26
19
25
16
22
29
3
8
7
30
13
7
3
18
6
14
13
6
5
3
8
7
10
11
21
17
5
6
11
5
15
16
11
36
8
10
30
9
1
1
1
5
0
1
3
3
3
3
0
1
3
3
5
5
5
5
3
3
3
5
1
1
3
3
1
0
3
1
1
5
1
1
0
1
3
40
1
3
3
1
3
5
1
1
1
28
1
9
1
3
1
5
7
7
1
3
1
3
1
7
1
1
3
3
1
3
1
3
3
1
1
3
3
1
0
0
3
11
3
5
1
36
3
5
1
3
28
1
1
1
3
5
1
1
3
1
3
7
3
3
3
6
30
1
0
5
5
0
3
5
23
3
1
14
1
5
3
1
7
3
1
3
3
1
1
0
3
7
0
1
0
1
3
3
5
19
0
1
1
1
1
3
1
3
55
1
1
3
1
3
1
1
1
7
3
3
1
3
1
76
1
5
1
1
1
3
1
1
30
1
1
3
5
3
3
1
1
3
32
0
3
1
3
82
1
3
1
1
3
1
1
3
3
0
5
1
5
3
3
3
3
3
1
1
0
1
36
3
5
1
1
1
7
1
11
0
3
36
1
1
5
3
3
1
30
1
5
3
1
1
3
28
3
3
0
1
3
0
3
3
3
3
3
1
7
0
0
1
3
3
1
1
1
3
1
1
1
1
0
5
1
1
3
1
0
7
9
1
3
1
1
1
0
0
5
0
1
15
5
5
3
1
1
32
3
0
8
11
6
11
7
9
11
16
8
9
11
9
9
6
6
7
9
8
8
10
8
8
7
8
2
9
9
7
6
8
6
6
4
11
8
10
9
11
4
8
9
4
11
8
8
13
10
8
10
11
8
6
8
5
10
11
11
11
4
10
9
10
8
8
9
5
9
11
6
13
15
11
9
2
13
6
5
6
6
4
6
8
6
6
10
8
6
4
7
11
8
9
10
6
6
5
10
11
11
11
9
4
8
6
17
8
10
13
8
8
8
11
8
9
15
15
11
7
11
6
6
8
9
13
11
9
9
13
4
17
8
10
4
10
7
7
10
15
11
15
6
13
10
11
15
11
42
10
7
6
21
13
10
15
17
6
28
8
8
13
9
7
8
10
9
15
6
8
10
9
11
6
11
7
17
11
8
8
11
17
11
11
13
13
8
11
13
9
17
17
13
13
11
11
13
4
11
15
9
8
9
13
11
9
13
11
7
13
11
9
10
11
8
15
11
11
8
15
11
8
11
11
7
11
10
18
13
13
9
19
11
10
9
13
9
13
8
7
13
13
11
9
5
21
11
14
15
11
9
17
4
13
11
11
5
8
17
13
6
13
6
11
9
7
11
9
8
8
7
11
7
7
17
17
7
9
9
15
6
9
9
6
6
17
8
11
10
9
2
9
6
4
11
6
7
4
2
5
6
4
4
6
4
4
4
2
2
2
4
8
7
6
11
6
8
7
6
2
8
4
4
6
9
7
8
7
6
11
6
6
6
6
9
8
4
6
2
7
6
9
8
6
15
2
2
4
4
2
11
7
6
4
7
4
6
10
8
4
4
6
9
2
6
6
4
4
4
2
4
6
6
4
6
6
6
4
6
4
5
8
2
6
4
2
4
2
2
4
4
2
0
4
2
2
2
2
4
6
0
4
2
2
4
6
8
6
4
4
2
2
2
4
6
0
2
6
6
4
2
4
4
2
2
7
2
4
4
11
11
6
4
4
8
11
6
13
7
13
9
6
8
19
11
28
13
11
15
8
6
4
19
17
18
7
17
9
13
15
7
6
11
6
6
6
11
17
8
10
24
18
4
17
18
13
13
13
11
9
15
8
4
15
7
13
11
19
13
15
15
11
13
7
6
6
15
8
8
6
6
6
6
9
11
18
8
13
4
15
8
21
8
4
6
9
8
4
15
6
2
7
6
4
4
17
8
2
11
15
11
6
6
15
13
8
4
7
8
6
9
8
4
7
4
4
13
4
6
4
10
6
4
6
8
7
6
9
6
2
2
11
2
7
4
9
4
6
4
4
10
7
8
6
11
6
8
4
9
5
9
9
9
9
7
9
9
11
7
9
9
11
9
9
5
5
11
7
7
13
9
9
5
9
7
9
9
9
3
5
9
5
7
3
7
13
11
7
5
3
7
9
3
5
11
9
7
9
9
9
9
17
7
3
7
9
5
7
5
3
15
9
9
9
7
13
7
9
3
5
9
5
9
11
7
9
11
5
7
9
3
1
9
7
7
7
11
7
9
13
5
9
13
9
7
13
9
7
5
11
5
9
13
5
7
9
9
5
3
7
5
9
11
9
7
7
5
5
5
9
9
3
5
1
11
9
9
9
5
9
9
5
5
9
7
9
7
7
9
13
7
11
11
7
5
9
5
13
5
1
5
5
5
13
5
13
7
3
11
9
9
10
5
9
5
5
3
13
11
7
9
9
11
9
7
7
9
7
7
9
5
9
9
9
11
7
9
1
7
9
9
7
5
9
1
5
7
5
7
7
9
11
5
5
11
9
11
5
11
11
13
5
7
3
3
9
13
9
5
0
5
13
9
3
7
7
7
9
9
7
11
3
9
3
11
9
7
9
5
11
5
7
15
11
13
11
7
14
10
7
3
9
11
5
11
9
13
9
9
7
11
7
5
11
9
13
5
7
5
7
9
5
9
13
7
9
5
11
5
9
11
11
9
11
9
7
16
0
15
19
12
15
27
0
19
17
11
16
2
9
21
22
17
15
11
19
17
22
12
13
17
19
9
20
7
21
9
0
18
17
10
23
13
14
15
30
15
7
24
15
16
18
21
9
21
26
13
8
28
4
17
36
21
8
20
14
2
21
11
19
13
11
16
19
8
19
8
15
23
18
8
11
8
15
17
2
23
21
29
2
19
4
0
7
13
15
20
5
15
22
23
5
19
17
22
26
26
20
18
22
26
11
18
26
17
23
20
21
24
18
23
41
28
26
21
17
23
21
22
91
20
21
8
20
21
23
21
35
15
15
19
22
27
28
4
23
11
19
32
23
34
18
18
19
26
25
23
27
23
24
34
15
19
47
29
19
21
13
33
25
36
16
15
15
24
31
18
38
13
21
32
13
18
30
21
28
34
14
23
42
19
13
13
11
23
19
21
25
2
17
19
22
9
4
17
12
8
22
16
12
13
32
15
15
15
13
17
19
13
20
10
22
15
22
28
29
17
23
25
28
15
8
23
21
23
22
15
13
17
6
38
24
21
21
24
19
26
14
9
21
23
40
21
15
14
30
17
8
11
15
27
21
13
21
17
21
27
15
17
23
15
16
9
28
12
19
8
17
15
25
28
45
12
25
10
20
13
25
14
11
21
23
18
18
13
7
15
11
11
13
15
13
25
5
5
19
11
19
9
5
13
9
3
7
7
5
7
9
7
5
9
11
5
11
5
9
11
13
15
41
2
19
11
19
3
7
19
27
27
9
7
29
11
17
7
7
17
17
13
25
5
7
25
7
25
25
15
9
19
17
17
7
7
23
7
37
23
9
9
21
17
29
7
17
17
13
7
9
3
29
17
11
7
17
15
17
19
29
29
41
19
23
19
7
19
33
13
25
17
17
37
11
41
41
11
11
35
11
27
21
25
19
9
19
13
15
29
33
13
19
9
39
45
23
9
17
23
21
25
15
23
21
19
25
11
11
7
9
19
15
23
11
37
11
25
15
21
11
13
9
5
11
7
13
9
17
9
17
13
15
3
11
25
19
7
9
11
7
5
9
9
7
3
9
19
17
13
25
17
11
13
9
5
17
11
7
11
9
11
7
17
15
15
23
9
17
19
9
11
23
5
19
11
5
9
9
15
19
15
7
13
3
7
25
11
9
5
17
13
48
56
39
5
15
15
70
29
27
19
25
27
50
45
23
39
7
39
13
27
23
7
19
33
13
21
13
15
9
5
19
33
39
37
15
11
46
25
25
17
13
25
23
13
15
21
9
7
9
19
9
11
7
9
21
11
21
19
7
7
13
31
29
13
9
7
16
25
23
9
11
10
12
5
7
8
8
10
13
8
17
15
16
8
14
13
8
15
8
9
16
20
13
15
15
17
19
20
16
14
18
11
18
14
19
25
10
13
14
11
18
23
14
7
15
12
20
14
8
14
11
20
12
12
8
19
14
11
15
13
10
13
9
16
17
22
19
23
17
15
21
18
10
16
11
14
14
11
14
15
47
8
16
13
11
12
12
9
18
14
14
28
29
25
15
20
9
11
12
11
15
22
20
13
17
15
20
14
12
15
14
10
12
13
11
14
20
19
22
28
30
11
14
17
15
19
15
22
15
11
19
7
12
19
16
12
13
16
18
7
17
16
15
11
14
15
14
12
14
13
18
20
20
19
17
17
15
16
14
14
10
16
14
29
25
16
11
11
9
13
15
13
12
12
25
20
19
12
11
13
14
17
14
15
20
14
18
21
25
27
17
20
22
23
9
10
18
20
23
23
19
11
15
9
14
25
16
19
16
14
16
24
28
21
20
16
16
20
16
19
13
15
23
22
23
13
19
16
10
17
46
19
20
23
18
22
23
16
17
19
21
13
16
15
31
21
26
21
6
23
29
17
19
13
20
23
13
24
26
13
12
14
24
18
25
6
16
23
26
18
76
24
12
21
13
20
16
20
24
22
29
