2
4
6
10
6
2
6
14
8
4
6
8
6
12
2
8
2
8
6
6
8
33
6
6
2
10
12
8
8
8
6
4
6
6
8
6
6
2
10
2
8
10
6
6
4
8
6
8
6
2
6
10
8
6
6
2
8
10
8
4
8
6
10
4
8
8
4
10
10
4
6
6
6
8
4
10
10
6
10
10
8
10
10
16
8
8
2
8
6
8
6
10
8
6
18
4
10
24
8
10
8
14
10
8
10
10
12
12
14
10
10
8
14
8
2
12
4
8
6
2
8
6
8
4
6
8
8
6
4
8
4
8
2
4
6
2
8
6
8
0
4
0
6
6
4
4
4
2
4
4
4
4
8
39
6
2
4
2
2
4
14
4
4
4
4
6
4
4
4
6
6
8
4
4
4
10
6
4
4
2
6
2
4
4
4
10
6
2
8
2
2
4
4
0
6
2
6
4
8
10
16
6
6
6
6
4
12
8
6
8
10
16
8
10
12
8
10
12
10
12
8
10
8
8
6
8
10
6
6
6
8
10
10
6
0
6
10
8
4
10
8
4
6
6
6
6
14
4
6
20
4
6
8
6
10
8
6
4
4
8
6
10
4
4
4
4
10
8
6
4
10
4
0
8
4
6
4
6
2
4
2
4
4
6
8
8
8
4
6
2
13
4
12
12
10
4
2
15
4
4
6
2
2
5
4
6
0
2
4
10
2
4
10
4
4
6
0
2
6
10
0
4
6
4
4
4
8
6
8
6
6
0
4
6
0
4
10
6
2
12
8
6
8
4
14
4
4
2
10
8
8
8
6
11
4
10
4
8
2
8
6
10
12
2
12
6
4
8
14
10
4
8
19
6
14
14
4
13
8
19
10
15
13
19
6
10
6
14
8
10
8
14
10
16
10
8
6
8
8
12
8
8
10
6
12
17
11
8
8
15
14
6
6
15
8
12
14
14
19
23
6
14
19
6
14
8
4
14
6
12
4
12
17
6
12
8
10
5
8
13
6
6
13
10
13
16
21
14
12
6
15
4
10
6
14
15
10
10
8
10
19
14
6
6
16
4
17
17
16
23
4
15
8
10
21
17
6
12
16
12
6
12
16
15
6
6
17
6
19
8
12
14
12
31
10
8
13
10
17
6
17
6
12
10
19
8
17
16
6
11
19
8
8
9
8
6
10
6
6
8
8
12
8
12
4
13
10
10
8
8
6
2
17
8
4
4
6
8
14
12
12
6
2
4
4
10
2
10
4
4
6
8
10
4
6
4
2
6
10
2
17
2
0
8
4
6
77
4
4
6
8
10
8
6
6
8
18
1
14
1
16
1
1
7
18
1
7
10
13
19
18
23
22
40
3
16
4
15
0
12
1
7
16
15
20
27
20
3
14
16
7
4
1
6
5
6
3
22
23
27
50
14
1
13
3
12
6
1
1
17
1
10
16
23
4
21
0
2
2
4
12
1
3
0
18
0
13
12
17
0
21
1
4
16
27
1
19
1
12
29
12
1
1
15
22
20
3
1
19
3
3
36
10
22
1
14
3
12
6
27
7
7
11
14
2
12
12
14
15
0
3
39
28
28
12
3
15
21
3
3
19
1
0
20
0
15
23
13
12
1
18
4
0
1
0
0
18
4
18
4
0
1
1
3
11
1
23
25
9
3
1
0
1
4
21
9
8
3
4
1
4
20
1
1
1
21
1
1
0
16
1
1
20
17
3
16
0
1
13
0
27
19
24
14
23
18
12
23
3
1
12
0
4
11
3
19
16
4
10
0
0
16
21
15
14
2
22
15
4
1
0
1
1
1
22
1
9
13
16
15
1
11
3
2
1
1
11
1
12
15
17
13
1
1
10
14
1
2
11
1
2
0
2
15
11
10
2
2
3
3
1
1
8
15
4
8
11
16
0
0
3
1
3
2
11
18
11
3
1
13
24
0
21
5
13
15
1
2
11
19
4
10
1
0
64
68
66
42
0
0
36
18
14
3
49
41
0
22
14
13
18
28
0
81
39
78
29
56
56
76
47
0
0
51
13
52
53
37
74
37
53
24
5
3
47
1
17
52
0
29
34
13
43
1
58
59
0
0
11
29
49
3
73
31
37
36
35
1
1
8
31
34
1
15
63
34
11
55
37
18
77
0
28
5
33
7
61
16
83
0
7
0
1
0
37
35
15
18
29
1
3
63
32
58
3
3
24
29
54
76
55
87
18
1
0
13
0
1
77
62
66
64
0
71
3
75
73
74
1
1
32
14
9
0
60
75
75
63
42
1
0
77
68
32
78
80
44
86
41
12
1
53
1
57
41
20
64
80
67
52
42
43
0
0
1
43
51
0
3
37
18
3
1
62
46
71
1
77
28
46
89
82
77
75
65
83
26
59
7
20
20
50
1
19
51
71
88
52
82
1
0
1
20
75
1
62
84
60
77
83
0
27
0
5
0
76
37
3
1
53
49
1
54
70
0
16
1
27
33
76
51
52
0
31
65
73
1
15
1
11
55
18
74
87
72
72
71
56
0
1
3
11
63
45
56
1
54
26
16
67
0
0
29
35
3
28
37
20
77
5
11
20
0
16
47
54
40
0
69
55
0
56
59
43
63
22
37
30
3
1
80
67
10
11
4
8
4
8
11
11
6
13
4
8
34
19
8
8
10
8
10
12
17
8
8
8
13
10
2
4
8
15
17
13
12
8
8
13
10
10
15
10
12
35
6
15
8
21
8
10
8
15
8
19
12
8
4
21
8
6
17
23
6
8
11
8
8
40
21
15
8
15
15
21
25
12
6
19
25
10
19
10
17
6
8
13
19
11
12
10
6
12
15
10
17
12
21
48
15
6
6
6
15
15
10
13
8
6
11
6
19
19
15
10
17
10
15
8
10
13
10
8
13
15
10
8
15
21
12
13
10
10
6
8
6
10
23
15
10
8
10
23
17
12
8
6
27
13
10
15
12
13
19
15
12
12
6
10
21
8
11
6
12
10
19
15
19
11
21
13
13
13
21
17
27
11
25
13
10
17
15
29
35
19
22
23
10
38
10
56
10
23
10
12
8
19
8
15
8
10
31
12
21
15
10
13
15
25
19
6
6
23
11
10
13
13
13
10
21
8
7
6
19
13
13
8
15
12
13
6
10
4
19
10
15
10
12
10
17
13
10
6
4
15
6
4
6
8
8
10
6
10
12
6
8
6
2
6
4
10
4
4
12
8
8
4
10
6
6
6
6
17
6
10
4
4
6
8
11
10
8
6
6
6
6
8
8
0
13
4
0
0
2
0
2
0
2
2
0
2
2
0
0
0
0
0
0
0
0
0
2
2
0
0
0
0
2
2
2
2
0
2
2
2
0
0
0
0
0
2
0
2
0
0
0
2
2
0
0
4
2
0
0
2
2
2
0
0
0
2
0
2
2
2
0
0
0
0
0
2
2
2
0
2
2
0
2
2
2
0
2
0
2
2
0
0
2
2
0
2
0
0
2
0
2
2
0
0
2
2
2
0
2
2
0
0
2
0
0
2
2
2
2
2
2
2
2
2
4
2
0
0
2
2
2
0
0
0
2
0
2
2
2
0
0
2
2
2
0
0
0
0
0
0
0
0
0
2
0
0
0
0
0
2
0
2
0
2
2
2
2
0
2
2
2
0
0
2
0
0
0
0
0
2
0
0
2
2
2
0
0
0
0
2
2
0
2
2
2
2
2
2
0
2
2
2
2
2
0
2
0
2
0
2
0
0
0
0
0
2
2
0
2
2
2
2
0
0
0
2
2
0
0
0
2
0
0
0
0
0
2
2
2
0
0
0
0
0
0
2
0
2
2
0
2
2
2
2
2
0
2
2
0
2
0
2
2
0
2
0
2
0
2
2
0
0
2
2
0
2
2
2
2
2
0
2
0
0
2
2
2
2
2
2
2
2
2
2
2
2
1
1
5
0
1
0
1
1
1
1
0
1
0
4
0
1
1
0
0
1
0
0
1
2
0
0
2
2
1
3
4
1
3
4
4
0
1
5
0
1
1
0
1
0
1
0
0
0
1
0
1
1
4
2
0
1
1
0
0
1
1
0
3
2
1
2
0
0
1
3
0
0
3
1
2
0
1
3
0
0
0
3
0
0
0
3
0
1
0
1
0
2
1
0
18
2
4
0
0
1
1
0
1
0
0
1
1
0
1
1
0
2
1
0
1
0
0
0
0
0
0
0
1
1
0
2
1
0
1
15
0
2
0
1
0
1
3
0
1
0
0
4
2
1
13
0
2
2
0
2
2
1
1
0
11
0
1
0
1
0
1
1
1
0
1
1
2
0
1
0
1
3
0
2
2
1
1
3
4
0
1
1
1
1
1
1
2
2
3
0
0
1
0
0
1
1
1
0
1
11
0
0
1
0
0
0
1
1
0
3
1
0
4
0
1
0
2
2
0
2
0
2
1
1
2
1
1
1
10
0
0
2
4
2
0
1
1
0
0
0
2
1
1
0
0
1
1
0
0
0
4
5
1
5
2
1
0
2
2
17
0
1
3
0
0
5
1
1
0
18
0
0
1
0
0
0
4
3
1
1
0
13
1
1
1
1
0
2
2
2
2
0
0
0
0
0
2
4
2
0
2
0
0
4
0
0
2
0
2
0
0
2
2
0
0
0
0
0
2
2
0
2
0
0
0
2
0
2
0
2
0
0
0
2
0
4
0
2
0
2
0
2
2
0
2
2
0
2
2
2
0
2
2
0
0
0
0
4
0
4
2
2
4
2
2
0
2
2
0
2
2
2
2
2
0
4
0
2
2
0
0
4
0
0
0
0
0
0
2
2
0
0
0
2
10
4
6
4
2
0
0
0
0
2
2
4
2
2
4
0
2
0
2
2
0
0
0
2
0
2
2
2
0
0
0
2
0
0
0
0
2
2
0
2
2
2
0
2
2
2
0
0
2
0
2
2
2
4
2
2
2
2
2
4
0
4
0
2
4
0
2
0
0
0
0
0
2
4
0
0
0
0
0
0
2
2
2
0
2
35
0
0
2
0
2
2
0
2
2
0
2
0
0
2
4
0
0
0
0
0
0
0
2
2
0
2
2
0
4
2
2
0
4
0
2
2
0
0
0
2
2
0
2
0
0
0
0
0
0
2
0
2
0
0
2
2
4
0
2
2
0
2
0
2
0
0
0
0
2
0
2
0
2
2
2
2
0
2
0
2
2
2
0
0
0
0
0
0
2
0
2
0
2
0
8
8
12
14
32
19
20
11
10
15
13
20
23
9
7
13
10
20
13
16
10
27
14
13
18
13
10
13
17
16
15
17
19
10
6
17
5
10
32
10
16
14
12
14
15
16
19
16
10
21
19
12
7
14
11
33
16
8
8
18
17
13
14
33
16
17
17
27
13
18
23
25
12
23
19
14
14
38
0
0
0
0
0
0
0
0
0
0
0
0
0
0
0
0
0
0
0
0
0
0
17
10
18
12
12
23
19
9
39
52
37
25
34
29
22
22
34
14
21
17
32
18
20
41
25
25
23
28
25
69
23
18
10
15
28
15
12
15
19
21
19
20
25
14
23
26
13
35
13
33
1
3
0
0
0
0
0
1
1
0
3
1
3
5
0
1
3
0
0
1
3
14
23
34
15
19
38
19
14
34
27
18
23
27
14
27
23
29
23
32
32
28
14
32
27
22
9
21
28
18
17
12
26
36
40
32
37
21
29
12
31
25
29
17
34
26
15
22
8
23
10
34
23
32
18
36
10
29
33
10
13
17
22
17
23
13
12
40
25
25
18
15
13
12
30
21
32
17
5
12
10
10
13
22
10
10
6
31
19
15
10
35
14
22
13
26
28
11
12
8
17
33
20
13
13
25
34
5
9
18
16
10
14
15
10
17
7
8
0
0
0
0
2
0
0
0
0
4
2
2
2
0
6
0
4
2
2
2
2
2
0
2
0
2
2
2
2
0
4
2
0
2
2
2
2
2
2
2
2
2
0
4
4
2
2
4
4
2
2
2
0
2
2
2
2
2
2
2
2
0
2
2
2
2
2
2
0
0
2
2
2
4
0
4
0
0
2
0
2
4
0
0
2
2
0
4
2
2
0
2
4
0
2
2
6
4
2
0
0
0
2
2
2
0
2
0
2
0
2
2
0
2
0
4
2
2
4
4
0
2
2
2
0
2
2
6
4
0
0
2
2
6
4
0
2
0
0
4
2
2
2
0
4
0
2
6
0
0
2
2
0
4
2
4
4
0
4
4
4
2
0
2
4
0
2
2
2
2
6
2
4
2
2
0
0
2
2
2
2
2
2
4
0
0
2
4
4
2
2
6
0
4
4
0
2
0
2
0
0
2
0
0
2
2
2
2
4
2
2
2
0
2
2
0
0
0
0
2
0
2
0
4
2
0
0
0
0
0
0
0
4
2
2
0
2
0
2
4
0
2
0
0
0
2
2
0
0
2
2
0
0
2
0
0
4
0
0
2
0
0
2
2
0
0
2
2
0
0
2
2
2
2
2
2
0
0
2
2
4
2
2
2
0
0
0
0
