40
52
48
59
40
45
69
47
45
36
24
48
49
49
44
49
30
48
56
66
44
57
50
56
52
29
40
37
64
59
61
46
30
18
55
46
30
50
58
56
55
57
43
34
52
62
57
37
44
43
59
63
60
39
25
21
35
37
50
62
51
41
25
38
24
63
42
20
56
36
51
50
32
51
38
34
40
35
52
48
24
52
31
33
48
48
48
38
26
62
34
42
34
49
25
54
56
30
28
42
40
40
41
24
48
50
59
14
42
50
66
39
30
21
55
19
30
52
57
40
29
65
24
30
33
56
48
52
35
59
30
34
14
46
48
54
46
57
27
29
24
45
57
57
52
50
58
66
57
50
67
57
46
53
28
33
47
65
35
28
24
42
58
55
19
49
47
38
42
44
48
39
42
48
41
23
42
50
47
59
47
28
42
30
27
47
41
43
39
28
28
44
47
59
37
48
36
42
64
56
60
56
57
53
45
66
26
30
29
59
46
53
70
52
28
37
52
62
49
43
61
35
36
46
47
36
39
22
21
30
42
52
61
45
29
37
31
27
52
39
33
41
39
17
40
59
29
46
42
34
39
36
39
19
39
32
29
17
69
33
42
63
59
40
40
19
31
35
41
39
50
47
53
60
46
27
17
22
41
40
48
63
55
32
64
21
55
37
2
2
2
0
2
4
8
4
2
2
2
2
2
2
2
2
2
4
2
2
2
4
4
4
2
2
6
4
4
2
4
0
4
2
2
2
2
6
2
2
2
2
4
2
2
0
2
2
2
4
2
6
8
4
8
2
12
6
2
0
2
4
2
4
2
10
2
2
4
2
0
0
4
4
4
4
2
6
4
0
2
8
2
2
2
2
2
2
2
2
2
4
4
2
2
2
2
2
2
2
4
2
4
2
2
2
4
2
2
8
2
2
2
4
0
0
0
2
2
2
4
4
8
2
4
0
2
2
6
6
2
0
2
4
2
2
2
4
0
4
2
2
4
2
2
2
0
2
2
2
2
2
2
2
10
2
2
4
2
2
10
4
2
2
2
2
2
2
4
2
2
4
4
4
2
2
0
2
4
4
2
6
12
10
6
8
4
6
4
2
8
4
2
2
4
2
2
2
2
2
10
4
4
4
2
2
4
2
6
4
14
8
6
4
0
2
2
4
2
2
4
0
2
0
2
2
2
4
4
69
2
2
2
2
4
2
2
6
4
2
4
2
0
2
2
2
6
2
2
4
2
2
2
2
0
2
0
4
0
2
2
4
2
0
4
4
2
2
0
0
2
2
0
2
6
12
2
2
4
2
4
4
2
0
2
2
4
2
9
0
0
2
2
0
4
0
0
0
4
6
0
4
2
0
0
2
2
0
4
0
2
4
2
4
0
0
2
2
9
4
7
2
4
2
2
0
0
0
5
2
0
4
6
0
4
6
6
0
2
8
0
4
4
0
2
0
8
0
0
4
4
2
0
4
0
0
6
2
6
2
7
0
2
2
4
4
2
4
6
2
2
0
0
6
0
0
8
0
8
3
4
2
0
3
6
4
2
2
0
2
4
4
5
4
2
6
0
0
2
4
0
0
0
4
0
0
2
0
0
2
8
0
0
7
3
77
7
2
5
2
0
10
0
0
4
5
2
3
6
14
2
2
0
2
2
3
3
0
0
9
0
4
3
0
0
2
8
2
0
0
0
2
4
0
2
0
2
4
1
3
0
2
2
47
0
5
4
4
12
4
2
4
0
6
2
2
0
2
8
0
2
2
0
2
6
2
0
0
0
2
4
2
4
2
2
2
6
0
0
4
2
2
13
4
0
0
4
5
2
0
3
0
4
4
4
6
4
4
6
4
4
2
0
2
5
0
2
6
2
4
0
0
2
0
0
6
2
7
0
0
2
2
0
2
0
2
3
6
6
2
2
0
4
7
0
0
3
2
2
4
0
0
0
6
4
2
0
13
2
5
0
0
4
4
16
6
12
10
10
6
10
6
10
8
12
8
10
6
12
6
11
4
15
15
10
21
29
14
15
15
14
16
15
19
12
15
17
17
19
12
23
8
37
19
23
14
27
12
33
33
23
13
17
12
14
7
10
10
6
19
15
10
12
15
16
23
27
10
10
7
17
14
25
7
17
23
19
15
8
8
9
10
9
6
6
23
8
10
19
10
8
10
12
6
25
14
15
10
27
23
15
8
14
19
17
17
8
10
17
8
23
19
12
10
21
19
19
17
41
23
30
23
11
16
19
25
25
17
33
25
27
15
17
38
32
29
23
19
31
12
10
25
33
16
31
31
8
29
19
25
23
25
27
17
31
44
23
15
14
17
36
17
27
37
27
37
17
37
60
15
23
15
25
23
13
15
10
8
15
10
13
12
13
24
12
11
10
13
33
23
37
21
19
29
16
12
19
25
15
22
19
29
27
34
8
17
36
44
19
23
33
17
21
40
11
37
12
57
10
17
11
12
29
15
8
35
31
23
10
33
13
29
37
36
33
17
16
19
17
39
17
23
25
8
21
31
34
23
14
27
23
16
17
16
23
27
12
12
36
9
9
10
12
6
12
16
10
17
17
8
25
15
19
31
14
31
4
17
30
29
17
11
5
8
10
10
12
21
11
25
6
12
21
17
4
0
4
14
4
2
2
10
2
2
12
2
4
2
8
0
14
4
4
12
12
2
0
0
4
2
2
20
2
8
4
14
2
8
12
2
2
12
0
4
16
0
2
2
14
0
0
2
8
2
4
6
0
2
10
4
4
12
8
2
2
10
0
21
2
16
2
2
4
26
2
2
12
0
2
10
0
4
4
4
6
14
2
0
14
2
2
18
14
2
0
10
0
0
8
0
2
12
16
2
2
10
2
0
16
2
0
18
2
2
12
4
2
14
10
2
4
14
2
4
10
0
2
4
8
0
2
6
4
2
8
0
0
6
2
4
2
6
16
6
2
4
4
2
10
10
4
0
12
18
0
0
14
10
2
2
8
2
2
8
0
2
18
2
20
0
16
2
0
14
2
0
10
10
2
6
27
2
0
9
0
4
6
2
0
2
10
2
0
4
2
2
0
4
10
22
2
4
6
2
0
22
0
2
10
16
4
0
6
0
8
4
2
14
16
0
0
8
2
6
8
0
8
8
0
2
8
2
0
12
2
2
2
18
2
0
12
16
4
6
23
0
4
20
0
2
4
2
2
0
0
2
6
2
2
21
13
4
4
14
4
4
10
0
2
14
2
0
10
2
2
0
16
2
2
4
12
4
0
6
0
4
4
10
4
2
10
4
7
7
10
2
6
4
6
0
7
3
6
8
5
5
5
2
7
9
14
13
4
10
4
4
7
4
7
7
9
10
7
6
9
4
1
4
4
9
1
9
10
6
5
4
4
4
2
2
3
5
4
3
9
3
5
14
4
4
5
11
1
8
3
1
4
2
8
1
4
5
2
5
16
4
5
3
8
4
4
5
4
10
4
15
8
10
3
13
2
4
3
7
5
5
1
6
1
3
7
4
2
5
9
10
3
11
6
14
7
3
6
3
1
8
7
4
3
5
0
3
5
4
4
7
8
6
9
7
3
4
4
8
4
8
1
6
9
1
10
3
1
7
3
2
4
6
4
5
7
1
7
1
2
5
4
6
7
5
4
5
0
3
8
1
8
2
4
2
8
4
5
2
7
1
8
6
8
3
3
5
2
2
7
4
4
5
4
5
6
7
4
2
9
4
4
4
8
5
7
5
4
7
2
9
11
2
8
10
3
7
3
3
5
7
4
6
5
5
7
5
7
5
9
10
8
4
2
3
5
6
10
6
2
7
6
10
5
2
7
9
2
5
5
4
8
5
5
3
2
12
2
5
3
11
3
5
2
3
12
5
10
1
3
5
4
9
6
1
5
6
3
1
7
5
6
3
3
2
3
7
7
5
18
8
2
5
5
4
8
10
6
2
14
4
8
8
8
6
10
12
8
12
10
10
4
8
8
17
16
17
12
14
8
6
4
4
10
12
14
17
6
19
16
15
6
8
10
8
8
12
14
14
19
18
19
14
18
14
17
14
14
10
6
10
18
14
16
12
10
10
6
18
10
14
18
14
8
12
13
14
8
21
2
16
23
21
17
10
19
8
10
10
31
8
8
12
6
10
8
18
21
10
23
16
6
23
12
18
4
15
4
10
16
6
6
14
10
21
4
6
16
16
10
25
10
6
8
18
18
25
10
6
10
12
16
10
18
12
8
6
8
10
10
16
12
8
6
8
14
12
10
14
10
8
10
16
17
16
18
8
8
12
8
10
19
2
23
14
6
16
6
21
2
12
27
6
8
12
25
16
18
4
12
25
14
12
4
4
23
17
6
8
12
23
12
16
10
8
21
14
16
18
12
8
4
8
8
4
10
10
15
10
6
14
25
8
14
6
4
21
4
8
10
18
6
18
19
8
19
6
8
4
10
2
8
19
2
8
6
14
6
6
19
14
10
12
6
14
17
12
12
10
23
33
6
14
6
10
14
4
8
8
8
6
4
8
4
8
14
8
8
4
8
4
17
6
8
16
8
4
4
8
12
6
14
6
2
8
17
8
14
16
4
10
10
17
0
36
17
3
2
10
26
25
9
37
74
0
46
3
49
9
6
9
0
4
27
3
26
16
9
9
41
16
23
5
26
8
22
2
10
26
0
0
0
0
25
9
18
28
0
7
25
38
0
5
2
9
20
3
2
8
66
61
9
27
66
3
15
0
61
9
72
0
35
5
53
14
5
2
2
45
21
26
2
56
7
17
4
56
24
5
2
2
0
4
0
41
16
30
67
3
67
7
39
4
16
0
43
0
35
25
80
5
0
2
4
0
0
31
12
34
0
9
7
0
26
3
0
46
16
16
24
64
35
0
24
5
29
0
3
10
0
14
16
21
17
44
3
63
35
68
0
0
14
24
0
13
51
79
0
2
39
23
0
3
0
18
2
9
85
28
25
61
0
9
0
5
18
9
25
5
37
26
35
43
10
33
15
0
0
44
0
45
61
3
17
47
0
3
3
22
32
0
30
78
2
60
28
2
3
41
0
0
24
6
6
77
28
35
29
8
36
0
5
5
14
0
5
42
19
26
65
6
11
26
5
2
27
4
77
9
65
3
64
0
0
0
0
0
2
3
5
0
33
12
26
69
0
60
5
0
59
11
3
12
0
7
71
49
0
0
0
0
0
0
0
0
0
0
0
0
21
0
4
17
26
13
0
39
6
7
2
0
7
5
12
13
7
11
5
11
9
8
7
3
9
7
3
13
7
7
7
13
7
9
15
18
3
1
7
1
7
1
3
7
5
23
5
5
7
11
3
7
3
9
11
5
5
7
11
9
14
5
12
13
13
8
1
5
5
9
7
5
5
11
9
15
13
7
12
11
15
7
18
9
7
7
11
7
5
5
9
9
9
9
11
6
5
5
13
9
3
5
7
5
5
3
1
13
9
10
14
9
9
9
13
7
15
5
3
7
9
9
7
5
6
5
13
5
9
12
16
5
10
11
9
5
17
13
7
3
5
7
10
12
5
3
5
5
11
9
9
6
9
9
9
5
3
7
5
10
5
3
5
9
19
12
9
9
9
11
11
7
7
12
9
7
9
9
7
5
6
3
5
7
7
13
9
10
12
8
7
9
9
8
11
10
9
7
5
7
7
12
11
5
8
9
10
10
7
7
3
7
11
9
9
3
12
8
9
7
10
12
8
12
8
11
5
7
7
6
7
7
10
7
7
9
23
5
12
9
13
10
13
7
9
8
11
7
7
10
11
5
9
5
10
6
3
9
8
12
10
9
14
9
5
9
10
8
12
10
9
8
7
11
10
11
14
4
16
7
9
10
12
12
11
8
10
8
3
11
8
8
3
11
5
4
8
11
11
9
40
6
0
4
4
2
4
31
4
31
0
0
4
2
2
2
4
12
0
0
2
0
6
4
4
4
8
4
2
4
4
2
6
27
2
13
4
35
6
4
2
0
23
4
27
4
6
10
6
10
2
2
4
2
0
4
2
4
42
2
2
2
2
6
2
0
8
2
21
4
6
2
2
2
23
2
6
2
6
2
4
37
2
4
8
6
2
4
42
2
27
4
19
2
12
4
17
31
6
4
10
6
6
4
13
37
4
6
4
12
2
0
6
10
8
4
44
6
6
17
23
36
4
2
52
2
35
2
4
2
2
2
2
0
2
6
2
4
2
27
0
19
29
6
2
2
6
6
2
2
2
35
0
4
10
2
2
4
4
11
2
12
15
2
2
4
2
2
2
4
2
17
2
8
2
2
6
2
10
29
4
8
25
2
6
6
4
2
13
6
4
4
6
2
6
2
6
4
4
6
2
6
2
4
6
38
2
23
4
2
2
4
6
6
8
19
15
46
2
4
33
6
29
6
2
2
23
12
4
8
6
37
4
4
4
21
6
6
6
2
2
62
23
2
17
2
4
6
2
4
46
6
23
8
4
4
6
2
2
13
4
6
8
38
4
4
17
2
4
4
4
6
19
6
6
4
6
8
6
4
4
2
4
8
13
4
6
2
