4
3
23
6
8
6
37
4
5
2
6
4
4
3
6
6
7
6
6
4
4
5
2
4
57
4
8
4
2
6
7
8
11
11
35
58
6
4
6
6
1
6
12
9
19
11
8
5
45
9
4
4
7
6
4
2
6
2
6
6
6
4
6
6
39
46
10
10
37
7
3
5
8
3
10
9
6
4
8
2
7
39
5
6
4
2
10
8
2
3
6
2
4
3
6
4
4
6
3
8
32
4
4
9
6
7
37
47
5
2
1
4
9
6
6
9
6
44
8
6
6
6
4
10
4
4
4
2
2
0
4
1
2
2
10
4
0
11
38
6
0
8
6
6
4
48
2
8
6
2
3
8
2
3
41
4
5
2
2
6
4
2
4
2
15
6
2
0
2
2
45
6
0
5
4
14
2
55
7
0
4
2
2
0
2
6
2
2
2
7
5
4
8
3
9
3
6
2
8
5
4
6
2
4
2
40
2
2
47
6
2
6
2
4
11
2
11
10
2
2
34
2
6
6
46
2
4
3
2
4
4
4
1
0
2
2
0
0
0
39
26
0
0
3
4
6
6
2
0
5
4
2
2
4
4
5
13
5
4
6
3
3
2
4
7
2
4
2
2
2
6
3
3
41
3
3
2
0
2
3
5
7
4
4
2
4
85
13
5
5
3
2
5
5
2
2
5
0
2
9
3
9
5
7
3
9
9
5
0
7
3
3
2
9
0
7
3
4
3
9
7
7
5
7
9
9
7
13
5
11
5
2
3
7
2
15
7
0
13
3
5
3
5
7
3
13
5
9
2
9
5
9
7
7
3
7
15
11
5
5
3
11
11
9
21
5
9
15
11
13
11
13
9
21
25
15
7
9
11
7
5
13
11
9
19
3
11
11
7
7
15
11
9
11
9
5
17
23
3
5
11
21
9
9
3
9
15
11
11
7
7
7
15
5
11
13
13
37
25
15
13
17
27
37
25
5
7
9
15
3
11
11
27
41
29
7
27
17
9
7
11
27
17
23
15
5
7
17
13
11
9
19
19
5
15
5
9
13
15
13
11
9
21
7
7
3
17
15
17
5
3
13
7
15
7
11
5
15
5
7
5
35
21
15
55
23
17
7
17
5
13
15
63
3
9
21
7
9
21
9
23
3
7
11
21
19
7
23
9
9
15
17
25
15
21
53
13
11
5
7
13
5
7
9
5
13
9
11
5
9
15
11
11
17
11
7
15
3
9
11
7
2
3
3
3
3
15
9
9
3
5
3
2
9
7
13
7
11
2
11
7
3
7
7
9
13
3
2
2
7
9
3
15
2
5
9
4
4
0
4
2
0
2
32
0
2
19
2
2
4
6
0
4
0
0
0
25
6
2
31
0
0
31
0
0
0
0
0
6
2
2
0
0
0
8
33
2
0
2
2
0
2
2
0
6
20
2
0
2
0
0
2
37
2
2
72
0
4
2
2
0
0
2
4
0
0
2
2
0
0
2
17
0
6
2
2
2
4
0
6
0
0
4
0
2
31
2
0
0
0
4
29
2
0
0
0
0
0
37
0
0
2
0
0
0
0
4
4
2
0
6
33
0
0
4
2
0
10
2
0
0
35
0
0
2
0
0
2
0
4
6
4
2
0
4
2
2
2
6
0
6
30
0
4
2
0
6
0
4
0
2
0
6
4
8
2
0
8
2
6
0
0
4
68
0
2
26
6
4
8
0
0
2
25
8
4
0
2
2
19
4
0
6
4
2
0
4
0
0
4
0
2
2
27
2
2
4
2
0
24
4
2
24
12
6
6
0
4
0
0
52
2
0
36
0
2
6
0
0
2
22
2
4
38
2
8
11
4
4
24
6
2
2
26
2
2
0
12
2
28
2
76
16
0
0
42
30
4
4
4
2
0
4
20
4
0
12
5
4
8
4
0
0
15
2
2
2
20
6
0
0
18
2
2
29
4
0
2
0
0
4
23
0
4
4
4
0
4
4
2
4
4
2
7
2
4
6
2
4
4
4
4
10
8
9
0
2
2
2
4
4
4
9
4
0
4
4
17
4
8
6
7
8
4
2
6
9
6
6
4
4
4
4
4
7
2
4
2
4
7
6
4
6
6
6
4
8
4
2
2
6
4
2
4
4
5
2
2
6
4
7
2
10
4
4
4
2
6
4
68
6
6
4
2
4
8
6
2
4
6
4
9
4
7
10
6
4
10
6
4
5
6
2
6
4
8
7
9
6
4
6
2
4
4
7
2
10
3
5
6
6
7
8
6
8
6
11
11
6
6
3
9
5
13
11
17
4
11
8
6
10
4
5
6
7
4
11
4
11
17
9
8
6
6
13
14
6
6
10
11
10
6
8
8
4
8
10
7
6
4
85
4
2
6
4
2
6
9
5
2
2
6
6
6
9
4
4
8
10
4
6
6
8
4
11
4
9
8
8
13
3
4
9
8
7
10
8
9
8
4
4
4
4
8
8
4
6
0
9
6
10
4
6
0
10
12
8
6
6
10
13
6
2
2
10
10
6
10
13
9
4
10
14
8
4
4
10
6
8
4
11
8
8
4
4
15
2
8
17
10
10
4
16
14
4
6
7
12
12
6
6
9
2
6
4
10
8
9
82
6
2
6
2
1
3
3
5
3
4
2
3
3
1
3
2
1
2
2
3
2
4
3
1
2
4
4
3
1
2
2
2
3
3
6
1
5
3
3
2
2
2
3
2
2
1
3
5
5
3
3
3
1
3
2
3
2
4
3
4
3
4
3
0
2
3
4
3
4
1
4
3
2
3
3
3
5
1
3
3
3
3
3
1
3
4
1
1
7
1
0
6
3
2
7
4
2
2
8
12
1
2
3
1
0
2
2
4
3
3
5
3
2
1
5
5
3
4
3
1
1
2
3
10
4
0
3
3
9
1
2
4
0
3
1
3
4
4
0
0
3
1
3
4
6
2
5
4
1
5
3
9
1
2
0
2
6
3
3
0
2
2
5
1
3
1
3
2
1
1
2
1
3
1
3
0
3
3
3
3
8
1
4
2
5
3
1
3
3
3
1
2
2
1
2
4
6
1
5
1
1
1
1
1
2
5
3
5
3
5
2
4
3
3
7
4
6
3
3
1
3
4
3
2
1
1
1
1
3
1
5
1
3
3
0
3
3
1
2
5
7
2
1
2
4
1
8
4
3
2
3
3
3
4
2
2
1
4
2
3
1
1
1
3
4
2
1
2
2
2
1
3
2
3
1
3
2
5
3
7
1
3
1
3
3
3
1
3
1
3
3
2
4
4
2
6
8
2
2
40
6
14
36
4
0
21
10
48
2
54
33
16
6
4
6
0
23
96
2
4
46
8
8
4
4
52
38
4
4
6
27
6
0
10
4
6
4
6
2
8
6
2
2
6
6
2
4
2
4
2
8
6
6
2
2
4
6
6
50
0
8
4
2
10
8
6
4
4
2
6
10
42
4
6
10
50
0
4
6
4
4
0
4
12
23
4
8
8
8
38
4
4
6
4
2
6
2
2
6
4
6
4
6
2
12
8
4
10
48
4
42
10
6
50
2
2
6
6
4
8
2
2
2
2
29
4
42
2
6
2
4
8
69
6
4
4
6
2
6
6
2
6
4
8
6
4
4
4
6
10
4
4
4
81
0
2
48
10
2
6
6
0
2
56
4
4
2
0
4
2
2
4
6
4
2
4
6
2
2
6
2
6
2
0
4
4
8
4
6
16
50
2
44
4
4
2
4
2
4
8
2
50
4
2
8
2
4
6
4
4
4
4
4
2
4
2
2
2
4
0
2
0
4
2
4
2
4
0
4
2
6
4
0
6
6
0
4
2
6
10
4
40
0
4
2
2
6
4
2
2
0
2
8
2
25
2
2
0
4
4
4
2
4
4
2
27
13
2
4
0
2
34
4
4
4
6
4
40
2
0
0
7
3
1
0
1
1
0
3
0
0
0
1
1
1
1
0
1
0
1
0
1
0
3
3
3
1
1
3
5
1
1
0
1
1
1
1
0
1
1
1
1
1
1
0
0
0
0
0
3
0
1
0
1
1
0
0
0
0
0
0
1
3
1
1
0
3
0
0
1
1
1
0
1
0
0
0
0
0
3
3
0
0
1
0
0
0
1
1
1
0
1
0
3
1
3
1
1
0
3
0
1
0
3
9
0
1
1
0
3
1
3
1
1
0
1
1
1
1
3
0
0
1
1
1
1
1
0
0
1
0
0
0
0
1
0
3
0
3
5
1
1
3
0
1
0
11
3
0
3
0
1
1
0
1
3
1
0
1
0
0
0
0
3
1
0
1
0
3
1
1
0
3
3
0
1
1
1
1
1
1
0
1
1
1
0
1
1
0
0
0
1
0
1
0
1
0
3
0
1
0
0
5
1
0
1
3
1
1
1
0
1
0
0
1
0
0
1
1
3
0
1
1
0
1
1
0
1
0
5
1
1
3
1
3
1
5
0
0
0
0
1
0
3
0
0
1
1
0
5
3
1
1
1
0
0
3
3
1
1
1
1
1
1
3
0
0
1
0
1
1
1
0
0
1
1
1
0
3
0
0
1
3
0
1
3
0
3
5
5
0
16
0
1
5
3
1
5
20
1
0
3
3
3
30
9
3
1
1
1
3
1
5
3
3
1
31
3
3
1
3
20
3
3
3
5
3
7
1
5
3
5
5
0
7
5
1
1
1
1
16
0
3
1
9
3
0
1
0
1
1
27
23
65
1
1
1
3
1
3
3
1
3
1
3
1
0
5
5
3
1
1
1
3
1
1
3
3
1
5
5
3
3
3
3
1
1
22
3
3
3
1
3
1
1
1
9
3
9
5
0
9
3
3
3
0
3
3
3
0
3
5
1
3
3
1
7
26
3
5
1
3
5
5
1
3
1
3
3
78
1
1
16
3
1
44
7
3
1
21
1
3
3
3
5
5
0
1
1
0
0
1
34
7
1
1
1
7
3
5
5
1
1
0
1
3
1
1
1
5
1
1
30
1
3
0
3
1
0
1
1
3
0
1
1
0
3
1
0
1
0
0
5
1
0
1
1
1
5
0
0
3
1
1
22
1
1
3
0
1
1
1
3
3
1
1
1
7
0
5
5
3
1
1
1
18
1
3
5
1
1
9
1
1
3
1
1
0
5
1
3
1
1
1
0
1
1
3
11
1
0
1
1
1
1
0
5
0
0
5
0
22
1
1
53
0
3
5
1
5
65
0
0
3
1
2
2
6
2
2
2
4
0
2
2
4
4
2
2
4
2
2
2
2
0
2
1
4
6
6
0
4
8
0
15
2
4
8
2
2
2
2
2
5
2
0
2
5
0
0
3
4
2
2
0
0
2
0
6
12
2
4
2
0
2
2
4
6
4
6
2
4
4
11
4
0
2
4
4
2
10
0
2
4
2
0
6
4
4
3
9
0
6
2
2
4
2
4
4
4
4
4
11
4
2
2
2
6
2
2
10
2
6
6
7
2
4
0
4
6
2
4
6
0
2
2
4
2
4
2
2
14
4
2
4
2
5
4
2
4
2
2
0
0
5
2
2
4
4
12
2
2
2
2
4
6
3
8
2
2
5
2
4
4
4
0
2
10
4
4
0
4
3
6
2
2
2
4
4
2
2
10
0
8
4
0
8
6
4
0
2
0
0
7
6
6
4
4
2
4
4
0
2
7
4
6
0
5
2
4
0
2
2
4
0
0
2
4
2
6
8
0
0
0
17
0
7
9
3
5
2
6
0
0
6
0
2
0
0
2
7
2
2
3
6
2
2
2
6
0
5
2
2
8
2
4
0
3
3
2
2
0
0
4
2
2
2
2
3
2
2
0
2
4
0
2
2
4
2
9
4
4
2
0
2
0
2
2
0
0
2
6
4
8
9
20
8
10
14
10
14
21
24
9
51
1
35
6
22
10
23
9
18
40
0
18
11
7
13
10
3
12
14
18
24
1
10
15
9
82
22
20
18
4
19
7
17
22
6
11
6
21
16
11
19
2
0
11
7
6
14
14
8
12
0
17
16
15
2
18
10
0
20
20
7
10
3
19
17
6
10
14
1
13
2
16
35
15
25
17
2
26
11
12
9
12
2
5
15
19
8
21
13
0
25
10
21
6
1
32
7
65
2
2
15
27
33
21
4
3
36
12
13
22
0
9
25
4
9
9
0
3
9
22
9
14
4
23
11
16
5
9
12
1
9
9
10
12
36
19
14
2
32
15
8
6
0
8
10
12
0
2
14
5
4
5
10
22
8
7
20
13
7
15
8
21
9
12
13
4
8
11
9
13
15
14
6
3
9
5
10
12
12
21
0
8
6
22
16
15
6
0
15
12
16
18
12
32
34
14
0
22
9
0
8
8
4
11
0
9
2
1
10
13
18
2
20
10
23
19
16
6
0
0
0
0
0
0
0
0
0
0
0
0
0
0
0
0
0
0
0
0
0
0
0
0
0
0
0
0
0
0
0
0
0
0
0
0
0
0
0
0
0
0
0
0
0
0
0
0
0
0
0
0
0
0
0
0
0
0
0
