3
5
2
2
5
7
2
7
3
2
5
3
0
3
5
4
4
9
5
3
17
9
3
5
9
3
7
9
7
9
2
4
3
5
5
3
11
7
4
5
3
5
2
5
3
7
5
5
5
9
2
3
4
11
0
7
2
9
9
9
7
2
5
5
3
7
7
5
5
5
11
2
4
5
5
3
9
3
7
5
5
5
5
5
4
15
0
4
5
2
5
4
2
2
7
5
11
39
11
11
9
9
7
9
7
5
11
9
11
11
3
17
19
21
17
7
11
21
17
7
13
15
23
13
5
7
9
17
7
17
13
25
5
7
2
5
7
5
5
17
27
13
21
25
7
21
60
21
15
9
2
3
7
31
13
9
13
21
11
19
11
23
9
21
17
15
5
5
11
31
11
19
7
7
11
7
11
15
21
5
9
9
11
15
21
17
5
17
19
7
23
5
7
29
5
19
5
9
3
23
13
29
19
13
19
7
11
17
17
11
9
5
21
11
21
5
17
13
7
25
13
25
5
3
15
19
7
29
15
7
13
11
5
15
5
19
21
15
15
15
3
15
7
15
9
5
7
5
7
9
9
5
17
11
3
2
5
9
7
7
3
9
5
7
3
13
3
9
5
15
3
5
9
3
5
2
5
11
7
9
5
3
2
2
7
5
5
7
0
5
6
4
2
4
7
2
2
4
2
5
4
2
11
0
2
14
4
2
0
4
2
6
0
4
2
3
6
0
4
4
0
4
0
4
3
2
6
2
4
2
4
4
0
4
4
6
11
2
2
2
2
4
4
2
4
2
5
9
0
3
2
2
5
4
2
4
5
4
4
2
3
7
0
4
2
0
4
3
6
4
2
5
5
7
6
7
1
3
2
5
11
2
5
5
5
4
2
0
3
2
5
3
3
4
4
2
9
2
2
0
5
6
0
2
4
4
4
0
11
8
2
2
5
4
4
6
2
2
2
6
2
0
6
0
8
4
2
14
2
4
5
2
5
6
4
3
2
4
6
7
4
4
3
4
4
4
4
2
4
0
2
4
2
4
2
3
9
4
2
2
2
0
0
2
2
4
2
6
12
6
2
0
4
4
4
5
2
0
2
2
2
2
2
9
2
0
4
0
0
11
2
3
4
0
5
2
2
4
2
4
0
4
4
16
4
6
8
4
4
2
2
2
0
4
2
7
2
4
4
6
0
2
0
4
3
4
5
2
2
4
2
0
5
2
5
2
4
2
2
2
4
4
2
4
2
4
2
5
4
2
4
0
2
2
0
4
2
0
2
4
4
0
4
4
14
2
4
1
2
4
2
5
5
6
0
2
0
0
0
21
0
0
21
0
23
24
0
18
0
26
0
15
20
0
18
25
0
21
0
21
0
21
2
22
23
21
20
5
17
23
21
20
19
0
0
24
0
0
20
12
21
25
0
0
0
2
0
23
23
21
20
0
0
0
19
0
0
0
0
21
0
0
19
25
0
22
17
0
0
19
0
22
23
0
0
0
0
23
15
0
23
0
0
0
22
20
22
21
0
21
0
0
0
21
0
0
0
0
0
25
0
23
24
17
23
0
0
0
0
0
22
4
0
25
22
0
0
21
0
0
23
0
23
23
23
21
21
0
0
23
2
0
10
0
21
19
0
0
0
0
21
0
0
0
23
0
21
22
23
17
0
23
20
0
0
0
18
0
23
22
23
24
0
0
19
23
0
0
0
0
23
0
0
24
21
0
23
4
0
0
0
0
0
0
0
22
0
2
0
0
0
17
0
0
17
23
0
25
23
0
0
0
0
22
0
17
21
10
0
0
21
0
23
21
0
0
11
0
0
14
0
15
0
11
11
0
0
21
14
0
17
16
12
15
14
0
8
0
0
21
0
0
14
0
24
24
15
16
2
15
0
0
0
9
0
2
18
14
21
15
5
14
17
0
25
0
0
18
9
9
15
0
0
0
14
9
5
0
0
5
0
19
0
15
2
2
8
0
6
6
8
2
2
2
4
6
4
6
2
10
4
4
6
4
6
4
8
6
9
2
8
6
6
2
4
2
4
4
4
4
6
6
2
2
4
8
6
2
4
6
4
2
2
4
2
6
8
6
6
10
8
4
6
8
7
4
2
8
4
2
4
4
8
2
4
10
6
4
6
2
25
4
4
2
6
6
4
6
6
4
6
4
2
6
8
4
2
4
2
2
4
2
6
2
2
8
4
4
4
8
4
8
9
8
10
6
6
6
4
13
8
4
8
4
6
6
6
8
13
12
11
10
10
11
4
10
4
8
10
8
8
6
2
11
6
8
8
12
4
15
6
4
6
14
8
8
4
12
13
15
13
23
13
6
21
31
29
19
13
6
21
23
9
13
17
10
10
15
10
10
19
10
13
8
11
23
19
6
14
17
19
13
15
19
13
14
12
12
12
16
19
12
10
13
2
8
8
13
6
19
8
13
27
4
12
17
14
19
15
8
9
17
13
8
17
12
17
8
12
15
6
10
6
10
10
10
8
6
8
17
12
4
10
14
11
8
48
6
10
10
4
12
10
6
15
4
6
8
8
8
10
8
4
10
10
4
6
4
4
12
83
14
10
12
12
15
10
8
8
8
15
10
6
10
6
10
12
2
8
12
6
10
0
0
2
2
2
2
0
0
4
0
4
0
0
0
2
0
0
0
6
0
2
0
0
2
2
2
4
2
2
2
0
0
4
0
2
0
2
2
0
0
0
2
6
0
0
0
4
2
2
0
4
0
0
2
2
0
2
0
2
2
0
2
0
0
2
0
0
0
0
0
2
2
2
2
2
0
2
0
2
0
4
0
0
2
4
2
2
2
6
0
6
0
0
2
2
2
2
0
0
0
4
2
4
2
0
2
3
0
4
2
2
2
2
0
0
2
0
0
0
2
2
2
2
4
0
0
2
4
0
2
0
0
0
0
0
4
2
4
0
0
0
0
4
0
2
4
2
0
2
0
0
0
2
0
2
2
4
2
4
0
0
4
2
2
2
0
2
4
4
2
2
9
4
2
2
8
4
2
0
4
0
0
2
2
2
0
2
4
4
2
2
0
0
8
2
3
0
0
0
0
2
0
0
0
0
2
2
2
2
2
2
0
0
2
2
4
2
2
0
2
2
2
2
2
2
2
2
4
4
4
0
2
2
0
0
0
2
2
4
2
4
0
2
2
0
2
0
2
8
0
0
0
2
2
2
2
2
4
2
2
2
2
0
0
2
2
2
2
2
2
0
2
2
0
2
2
2
0
0
0
2
2
2
2
0
2
0
0
3
7
6
13
34
2
7
6
8
5
56
63
9
34
2
11
4
3
23
48
0
3
5
21
4
7
59
28
2
22
0
0
4
5
36
58
5
0
69
0
0
6
11
2
35
57
32
27
24
2
31
6
0
14
5
2
6
2
2
0
45
3
25
0
4
22
0
11
36
10
32
21
25
27
46
73
0
27
2
7
77
2
7
56
79
2
36
23
37
0
21
8
3
42
2
23
26
22
23
25
24
5
26
0
88
5
4
18
6
0
40
40
31
3
20
0
6
2
9
26
68
21
29
2
0
30
5
32
23
2
0
47
5
11
32
11
0
26
9
65
64
26
0
4
21
22
25
23
2
27
31
2
73
3
4
3
3
0
2
35
57
41
0
51
4
4
2
39
4
6
3
34
2
53
33
22
42
28
31
28
56
23
15
5
3
5
21
2
29
5
0
32
26
39
26
35
45
0
1
36
46
29
0
12
36
2
4
33
41
0
11
52
37
28
26
7
22
20
0
0
2
5
23
33
11
6
0
76
0
0
6
0
5
0
0
0
0
59
2
4
4
42
52
42
3
23
7
28
23
0
5
93
48
50
39
2
4
2
15
8
51
4
48
39
35
65
27
30
69
0
26
28
30
0
0
55
4
2
0
5
2
37
0
71
0
58
32
49
8
6
4
0
6
0
2
6
4
6
2
4
6
6
6
4
6
4
4
4
6
4
0
6
0
2
0
0
0
2
0
2
0
0
0
2
2
0
4
4
4
0
6
4
6
0
4
4
0
0
4
4
0
0
0
0
4
4
4
0
0
0
4
0
4
0
4
0
6
0
0
6
4
4
0
6
6
0
4
0
0
4
4
2
4
4
0
2
0
2
2
6
0
0
2
0
6
0
0
4
6
4
4
6
0
2
0
0
0
4
0
4
6
4
4
6
4
6
0
4
4
4
0
0
4
0
2
4
6
6
0
4
0
2
0
0
0
0
4
6
0
4
2
0
4
4
6
0
4
4
0
0
0
2
0
0
0
4
0
0
0
0
0
6
4
6
4
0
0
4
0
4
4
0
0
0
4
0
0
2
4
4
0
2
0
4
0
6
4
0
0
0
0
4
0
2
4
0
0
0
2
0
0
2
0
4
0
0
4
4
0
4
0
0
0
4
6
2
0
0
0
4
0
0
0
0
0
0
0
0
0
2
2
0
6
2
0
4
0
2
6
4
4
4
4
0
6
6
2
0
4
4
0
0
0
0
6
4
0
0
4
0
4
0
0
6
0
6
2
0
0
0
4
8
4
12
8
10
4
8
2
10
10
6
4
4
10
4
7
11
7
7
11
13
9
7
6
9
9
7
7
6
7
13
2
7
9
4
7
6
7
7
11
11
7
9
11
13
13
6
7
9
6
6
7
7
6
9
7
9
7
11
13
7
11
9
9
9
13
7
7
7
7
9
6
15
11
13
7
7
6
9
9
11
15
11
7
7
9
11
11
6
6
4
6
7
6
4
6
9
11
7
20
11
4
39
9
13
13
11
11
7
35
7
6
13
4
13
6
13
9
7
9
15
9
6
6
13
4
13
15
11
7
4
6
9
6
7
9
4
9
9
9
9
7
4
6
13
7
9
7
21
7
11
7
2
9
9
11
19
9
9
9
15
19
6
13
20
17
45
7
9
9
19
13
11
13
6
7
18
11
7
15
15
15
7
9
19
19
11
15
24
4
15
17
9
24
19
11
7
7
13
15
17
6
9
11
13
11
13
11
9
49
11
4
7
7
17
19
11
11
6
20
7
19
13
6
15
13
13
17
6
6
13
11
7
11
11
13
9
13
6
11
17
13
7
7
13
15
9
9
9
11
9
9
13
11
11
7
11
15
9
13
9
6
11
4
15
13
13
22
13
4
9
15
9
9
7
7
13
6
7
13
9
4
7
6
7
7
9
6
6
47
7
6
7
11
9
4
7
39
6
2
7
6
6
10
2
0
0
4
6
8
6
4
4
6
4
10
6
10
4
8
10
8
6
2
4
14
8
2
2
2
6
6
2
4
2
0
4
8
4
4
4
8
4
6
6
6
10
14
6
6
4
6
10
8
8
12
6
10
15
15
12
14
14
8
2
48
4
10
10
14
8
10
14
10
15
21
19
14
10
6
10
8
19
14
15
25
12
17
19
8
21
16
8
12
16
25
6
17
8
15
14
12
17
12
21
19
12
6
15
6
14
15
21
23
29
15
25
21
12
13
15
14
17
25
19
13
10
27
17
21
23
10
23
14
25
15
19
19
19
21
33
25
21
12
17
29
23
23
12
14
14
19
17
21
21
10
29
25
15
17
8
14
25
25
27
25
8
17
15
27
17
14
25
29
12
15
6
8
25
15
29
50
12
21
29
19
14
23
19
23
10
19
13
8
15
21
33
17
40
31
14
12
8
12
6
15
10
8
6
2
6
4
12
8
10
2
4
6
2
10
4
2
10
6
12
4
6
6
6
8
6
8
10
4
8
2
4
6
2
8
6
6
4
12
2
6
4
8
2
12
10
10
4
12
10
15
4
2
4
2
6
19
4
2
12
15
8
2
4
15
2
6
2
14
4
6
2
8
8
8
10
8
0
8
2
4
6
2
8
6
19
4
2
0
4
0
0
4
39
2
2
6
2
2
6
0
7
19
2
2
4
2
6
11
4
2
0
8
4
4
0
4
10
2
4
2
2
4
0
0
4
4
2
26
6
0
6
5
4
8
2
2
8
2
0
2
2
2
2
2
2
2
0
2
2
6
2
4
0
38
2
0
26
2
0
2
2
4
36
4
0
2
2
2
0
9
2
4
2
2
2
4
0
2
11
2
2
2
8
2
4
8
0
0
2
10
8
6
4
30
10
6
2
0
2
14
19
2
4
4
7
10
2
0
2
5
2
2
0
11
8
9
8
6
4
25
2
0
0
2
12
6
2
63
0
6
10
6
2
4
6
4
10
0
4
8
8
12
4
6
4
6
13
4
6
2
4
2
0
2
4
4
2
4
4
0
2
2
4
37
2
4
6
8
0
2
2
0
2
8
6
4
6
2
6
4
8
4
10
6
2
2
2
4
0
2
23
2
9
2
4
8
2
2
0
2
4
2
2
2
4
6
0
7
2
2
4
4
0
4
6
0
2
2
2
6
4
2
0
2
5
0
6
0
2
2
4
2
2
40
0
4
0
6
7
2
0
0
4
5
4
4
0
4
6
18
2
6
2
4
4
4
4
0
0
2
0
4
4
0
0
25
2
2
0
0
0
49
4
