0
22
1
3
7
3
3
28
0
5
22
0
0
0
9
3
5
0
1
3
3
1
1
0
1
1
7
3
3
0
56
5
0
7
0
0
42
3
0
19
0
3
62
1
1
0
29
1
7
1
1
33
0
3
63
0
0
0
0
3
3
64
1
1
36
0
3
0
0
1
3
3
0
0
0
9
47
1
0
3
7
0
5
59
0
0
24
3
1
7
0
1
0
0
0
0
0
1
3
4
0
3
3
0
1
0
0
0
0
3
1
1
0
0
3
43
0
0
0
0
1
3
0
5
93
1
0
11
3
0
0
33
1
3
0
0
3
0
1
0
0
0
0
74
1
3
46
30
0
1
47
0
0
0
1
5
0
0
0
1
3
0
0
0
0
0
0
1
3
1
25
3
3
3
0
1
0
1
0
0
0
34
5
3
73
0
0
0
5
0
0
65
0
0
3
0
1
3
0
0
26
0
0
0
1
1
15
21
0
0
7
21
3
1
65
0
1
3
3
0
1
70
1
7
0
0
0
9
1
3
9
0
1
3
7
1
0
60
5
3
0
0
0
65
5
7
21
0
3
0
10
0
18
1
0
3
3
0
0
0
0
5
24
0
28
1
0
5
49
3
1
0
7
5
0
45
0
0
3
0
5
0
0
9
3
32
5
5
0
0
2
0
0
0
2
0
0
4
2
2
2
0
0
4
0
2
2
0
0
4
4
0
2
0
0
6
0
4
0
4
2
2
0
2
2
2
2
0
0
11
2
0
2
0
0
4
4
0
0
0
0
0
2
2
2
4
5
0
2
4
0
3
0
0
2
4
2
0
2
0
0
8
3
9
4
0
3
2
0
2
3
0
0
0
4
4
7
0
2
0
2
2
2
6
2
12
7
4
5
0
0
0
2
2
11
2
6
2
4
2
4
4
3
5
2
2
2
0
0
0
2
5
2
2
8
4
2
6
4
1
0
10
2
4
0
2
7
6
6
14
4
2
8
2
2
2
0
4
4
2
0
2
4
2
15
5
4
2
4
0
0
2
2
2
0
0
0
2
4
2
0
4
2
2
6
5
2
6
2
6
4
2
2
4
2
2
2
4
0
0
2
2
2
2
4
4
0
2
2
2
6
2
2
6
2
0
2
0
0
0
0
0
5
2
0
0
4
0
2
2
2
2
9
0
0
2
2
4
2
0
8
0
2
0
0
2
2
4
2
0
2
0
0
0
2
0
2
0
0
0
2
2
0
0
0
2
2
2
2
0
2
2
2
0
4
0
0
4
0
0
2
0
0
0
0
2
0
0
2
7
2
2
2
0
0
0
17
9
9
6
7
9
11
3
11
5
7
7
8
13
17
6
7
9
14
11
4
7
6
4
7
10
7
2
11
7
21
7
15
11
5
8
7
11
7
7
11
9
4
7
22
11
6
6
27
9
15
6
5
4
4
3
6
5
4
2
2
2
2
6
8
8
7
4
2
3
2
7
8
7
2
4
7
4
9
4
2
5
8
4
6
4
14
6
4
50
4
2
6
5
4
8
6
5
4
5
8
6
2
6
9
4
8
6
5
6
4
5
4
5
4
6
4
2
1
3
11
5
3
8
8
2
3
8
2
3
2
3
2
2
6
9
13
5
3
4
4
3
4
7
2
8
6
5
49
5
4
8
4
4
6
6
4
2
7
5
2
9
9
9
13
8
5
6
2
6
7
4
2
7
9
5
15
12
5
5
5
6
6
6
6
9
13
2
4
6
3
2
7
7
4
5
11
2
5
3
11
5
2
0
7
10
4
6
6
5
4
2
4
9
7
5
12
13
9
2
11
7
3
5
4
5
7
7
8
30
12
3
14
10
9
9
7
3
7
3
4
0
2
14
7
7
5
7
6
4
11
4
6
7
7
9
3
3
7
2
4
2
7
4
5
9
7
3
10
4
4
2
5
4
4
7
4
4
4
5
9
5
3
7
10
5
3
5
4
5
5
7
4
4
10
7
7
12
4
40
7
6
17
15
7
24
10
7
9
20
73
29
9
8
7
7
9
21
13
7
7
7
7
18
10
18
10
26
8
11
67
33
11
11
18
12
14
9
9
7
46
4
2
4
50
9
4
9
16
62
14
9
22
52
29
25
27
50
15
8
28
11
13
48
9
4
26
53
11
40
15
28
27
6
56
42
41
17
22
10
44
75
34
12
14
14
7
9
14
56
15
37
6
22
58
16
24
61
17
26
11
8
16
7
18
8
17
13
25
11
11
16
11
11
12
5
24
17
21
61
47
15
14
20
50
14
29
15
53
20
18
43
15
10
33
16
64
43
16
14
52
9
19
18
48
15
28
31
19
38
23
16
15
18
18
23
16
69
24
40
16
36
48
36
32
26
43
23
18
27
28
23
19
24
31
78
18
61
15
18
41
91
75
17
32
19
44
31
24
39
47
36
26
62
44
54
19
10
55
22
20
18
26
9
21
35
12
11
37
8
9
35
11
9
10
8
13
31
8
35
40
29
16
19
17
24
10
22
29
63
31
9
19
10
12
9
97
8
49
5
15
25
49
35
15
36
7
50
54
9
34
20
17
8
20
10
7
34
7
32
23
39
41
15
63
7
28
22
13
13
25
46
8
13
34
9
0
0
7
14
12
14
10
0
0
0
0
1
0
1
5
9
6
0
4
11
1
0
0
0
11
1
9
0
8
13
6
2
9
0
0
1
8
0
5
7
0
9
10
14
8
0
10
12
0
0
16
0
13
16
14
5
0
0
0
2
0
7
9
6
0
12
7
3
0
6
3
0
0
7
8
0
0
10
6
0
2
8
9
7
0
9
10
0
0
9
9
3
0
1
14
1
10
0
15
11
5
13
6
0
2
0
5
6
7
3
0
5
10
0
0
8
14
3
1
1
14
6
7
0
10
1
7
0
7
9
7
0
0
0
9
9
1
0
0
14
9
0
3
0
0
14
5
0
0
9
10
11
12
7
0
9
1
13
1
0
0
10
6
5
4
0
0
7
11
0
0
0
0
2
5
9
1
1
0
2
3
14
1
1
1
0
0
0
10
11
1
0
0
0
13
0
2
0
0
0
6
14
9
1
0
0
7
9
0
0
9
10
13
0
0
0
1
1
5
1
2
0
0
10
8
0
8
1
0
5
7
1
4
1
0
0
0
8
12
0
1
2
0
0
0
0
11
1
2
2
0
0
5
0
5
0
0
0
11
8
2
8
0
0
14
4
6
0
0
0
12
16
0
2
1
1
0
7
0
6
7
9
6
0
0
0
12
6
13
9
19
15
9
9
9
15
11
7
9
7
13
11
15
15
15
7
5
9
9
13
7
15
7
17
11
5
7
9
9
17
3
7
9
13
7
9
5
9
13
7
15
15
15
7
13
11
15
11
19
9
15
11
9
7
17
9
7
7
7
7
15
7
7
7
7
9
9
7
11
13
9
7
13
9
5
13
23
7
7
7
7
7
9
9
13
9
7
2
9
0
9
7
9
7
9
15
11
7
7
7
7
7
7
11
7
9
11
13
17
9
13
9
11
9
11
9
13
13
7
7
9
3
15
7
9
13
7
9
13
15
15
15
11
19
9
9
9
15
13
11
7
9
7
11
15
15
15
13
9
13
9
13
9
13
7
13
9
20
15
15
15
17
13
15
9
13
11
15
17
13
15
9
9
15
11
9
9
0
11
17
9
11
7
9
13
15
15
9
15
11
9
17
7
13
7
15
7
21
15
11
7
13
5
7
13
13
13
9
7
13
7
11
9
9
15
13
7
9
3
11
7
13
7
7
7
11
7
13
9
13
15
7
9
19
11
11
7
9
17
11
7
15
7
7
7
17
7
13
11
11
15
17
13
19
7
13
9
13
9
11
9
15
11
13
7
15
15
9
13
15
17
15
11
9
9
15
7
48
11
7
9
15
11
15
9
11
0
0
2
4
2
0
0
2
0
0
2
0
7
2
0
2
0
2
2
0
2
2
0
2
2
0
4
0
0
2
0
10
0
0
0
0
1
4
2
0
4
7
0
3
1
0
0
0
0
0
2
0
0
5
2
0
1
3
2
0
5
1
2
0
0
5
5
3
0
2
0
2
0
2
0
0
2
0
0
3
0
0
4
2
1
2
2
0
2
2
0
4
2
2
2
0
4
0
0
0
2
3
0
0
2
0
2
2
5
0
0
2
4
0
2
2
0
2
6
7
2
0
2
2
1
0
5
6
0
5
0
0
4
0
0
2
0
0
0
4
3
0
0
2
3
6
0
0
0
2
3
2
1
1
2
0
5
2
2
0
0
0
6
1
0
2
0
3
3
2
2
2
4
1
0
0
4
2
2
10
4
0
0
2
2
4
0
0
0
0
0
0
0
4
2
1
1
4
2
3
0
2
3
0
4
5
1
2
0
3
0
2
5
7
4
3
2
0
0
2
0
1
0
7
5
2
2
3
8
3
0
5
0
0
5
2
0
0
1
2
3
0
0
0
0
0
4
0
13
0
0
2
0
1
2
7
3
5
2
2
3
0
4
2
4
1
1
3
0
0
0
0
0
3
1
2
2
1
0
0
1
5
5
1
0
2
0
1
10
8
4
4
6
8
4
0
8
12
10
2
4
6
6
6
10
6
6
10
2
10
4
6
9
8
6
4
6
8
6
2
2
6
4
8
6
8
6
15
10
10
8
6
15
12
10
8
8
37
14
12
17
14
14
10
17
15
8
10
13
15
2
8
8
6
10
14
14
19
6
14
21
14
15
10
12
29
4
12
6
8
12
17
15
12
10
12
8
14
6
21
10
12
10
8
92
10
27
25
8
14
8
6
12
6
6
10
10
17
4
21
8
2
12
12
12
15
8
6
12
12
17
12
12
8
12
8
10
21
14
14
6
6
19
10
6
17
17
12
19
17
14
17
17
17
14
6
21
8
15
12
12
10
10
17
8
21
10
4
17
15
17
10
8
6
17
12
33
10
17
31
12
14
17
23
16
19
16
17
17
17
15
19
8
12
19
10
10
23
10
17
13
17
12
29
17
15
21
6
8
10
6
8
17
13
12
12
10
19
12
15
8
10
10
10
12
6
8
4
4
8
8
10
8
10
8
6
12
8
8
2
4
2
4
10
8
6
6
10
2
6
12
6
6
6
6
6
4
2
4
2
4
2
6
6
8
2
6
8
0
37
4
4
6
6
2
8
8
8
4
6
4
6
8
6
8
8
6
4
6
4
8
14
2
2
8
6
2
0
2
2
0
2
4
2
4
4
2
0
2
0
0
2
2
0
2
0
2
2
2
2
0
0
0
0
0
0
0
2
2
2
0
2
4
2
4
0
2
4
0
0
2
2
0
2
0
2
2
0
2
0
2
0
2
2
2
2
2
0
2
2
2
0
2
2
2
4
2
0
2
2
0
2
2
0
0
0
2
2
2
2
2
0
2
0
2
2
2
0
2
2
4
2
2
5
0
0
2
2
2
4
2
0
2
2
0
2
0
0
0
0
2
2
0
2
2
2
2
2
0
2
2
2
4
0
2
0
2
0
0
2
2
2
4
2
2
0
0
0
0
2
2
2
10
2
2
2
6
2
0
4
0
4
0
0
0
2
0
0
2
2
2
2
0
4
2
2
0
2
2
2
0
2
0
2
2
2
0
2
0
0
0
2
0
2
2
2
2
2
2
2
0
0
0
0
0
2
0
0
0
0
0
2
0
0
0
0
0
0
0
0
0
0
0
0
0
0
0
2
0
0
3
0
0
0
2
2
0
0
0
0
0
0
2
0
0
0
0
2
0
0
2
2
0
2
2
0
0
2
0
2
0
0
2
2
2
0
0
0
0
2
2
0
0
2
2
0
4
0
0
0
2
0
2
0
2
0
2
0
0
0
0
2
0
0
7
4
6
4
6
3
4
7
2
4
2
6
4
8
21
8
4
0
10
19
8
6
2
4
4
4
10
10
4
4
6
8
8
0
4
4
6
19
2
8
6
8
10
6
19
4
8
8
2
10
6
8
6
6
4
8
4
8
4
4
8
2
8
15
2
6
2
4
0
2
6
2
8
6
6
6
5
11
6
6
6
19
0
6
4
6
0
4
6
6
2
6
2
6
0
4
2
4
6
4
2
6
2
4
4
2
2
2
9
10
23
6
4
20
2
4
6
8
8
6
5
4
8
6
4
4
2
21
4
2
4
6
20
6
8
8
10
4
4
6
10
2
6
2
6
6
6
6
14
6
7
2
4
4
4
5
2
0
15
4
4
6
10
6
4
6
2
6
6
6
13
6
42
10
2
6
8
8
4
6
8
6
4
8
4
2
3
4
5
10
7
4
13
8
4
6
2
18
21
2
2
4
23
6
4
8
5
2
2
8
6
6
6
21
5
16
13
6
10
26
4
4
6
4
8
6
0
8
6
6
8
8
15
6
6
4
6
4
6
18
2
0
8
2
4
2
4
6
10
2
2
2
7
2
4
7
6
6
4
2
2
8
2
6
8
8
2
8
8
17
6
6
4
3
8
6
4
7
8
6
5
6
6
4
6
17
6
6
