2
2
0
2
0
0
0
2
0
2
2
0
0
13
2
0
2
2
0
0
0
2
0
2
2
0
0
0
4
9
0
0
0
0
0
0
4
4
0
0
0
2
0
0
2
4
0
0
0
2
0
4
2
2
2
0
2
0
4
4
2
2
2
0
4
2
0
2
0
0
0
0
2
0
2
2
2
0
2
0
12
0
2
2
0
2
2
2
2
4
2
2
0
2
0
2
0
0
4
2
0
2
2
2
2
4
2
0
2
0
0
2
4
2
2
0
2
2
2
0
0
4
6
6
0
0
2
0
3
2
2
2
0
2
2
2
0
2
8
2
2
0
9
0
0
2
0
4
6
2
0
2
4
0
2
2
4
2
0
0
2
4
4
0
4
2
2
2
2
4
4
2
2
9
2
0
0
0
0
8
2
4
0
0
0
0
0
3
2
0
2
2
0
2
2
2
2
2
0
2
4
2
2
2
2
0
9
2
2
0
2
0
4
0
2
0
0
4
4
0
0
2
2
2
9
4
2
0
6
2
4
4
8
2
2
0
0
2
0
2
2
0
2
2
0
0
2
4
2
2
2
2
2
4
0
4
4
0
0
0
4
4
2
2
6
4
4
2
2
2
0
0
2
2
2
2
0
0
0
0
2
2
5
0
4
2
0
2
9
5
7
5
5
7
3
7
7
5
5
3
7
7
9
9
5
5
7
7
5
5
3
3
5
9
3
5
7
9
5
7
7
7
3
3
7
5
5
4
7
7
7
5
3
5
5
5
3
5
5
7
5
5
5
7
5
7
5
5
7
5
5
7
5
7
5
9
7
3
5
7
3
7
5
5
5
3
7
5
5
5
7
5
5
5
7
7
3
9
5
3
7
9
7
5
5
7
5
7
5
5
5
7
5
5
3
3
9
5
3
5
7
5
5
9
7
7
7
5
3
5
7
3
3
7
11
7
5
7
9
5
5
3
5
5
5
5
5
7
9
3
23
5
7
5
3
7
11
7
5
5
9
5
7
5
5
7
5
5
5
5
7
5
5
9
3
5
5
7
3
5
7
3
9
7
9
9
7
5
3
5
5
5
7
7
5
5
5
3
7
3
5
5
5
5
3
19
7
5
7
7
11
5
7
9
9
5
21
7
5
3
7
7
3
7
5
3
3
3
5
3
3
3
5
7
7
3
7
5
7
5
5
5
5
7
7
7
5
5
5
11
9
7
5
7
3
7
5
3
7
7
3
7
7
3
3
5
7
5
7
7
7
5
3
9
5
9
5
11
5
3
7
3
5
7
5
7
5
3
5
7
5
5
3
7
7
3
2
2
31
13
6
0
6
2
2
2
2
2
0
44
2
2
51
4
6
29
2
2
2
0
6
4
2
2
2
2
11
37
2
2
4
4
4
0
4
3
6
4
2
33
0
2
4
4
8
0
2
4
6
2
22
29
2
6
4
4
39
2
35
0
0
4
17
6
4
4
34
4
2
4
2
4
39
2
2
45
0
2
2
4
2
4
4
2
2
9
6
26
8
0
4
13
16
0
0
0
0
4
4
2
2
0
2
2
2
4
15
2
4
2
0
44
4
0
25
2
4
4
4
4
4
2
6
8
2
4
4
4
51
4
0
2
2
11
2
4
4
0
6
2
2
0
2
2
2
4
0
2
2
0
0
0
2
30
2
2
66
2
46
2
4
2
2
8
4
2
6
2
2
4
4
2
0
2
2
0
2
2
6
34
2
0
0
0
4
4
2
2
2
0
2
2
2
0
2
2
7
4
4
2
2
2
2
4
2
30
4
2
6
6
17
2
6
2
2
2
0
2
0
4
0
2
6
0
2
2
24
0
2
6
2
4
2
0
2
6
2
4
4
0
25
4
12
4
0
0
6
37
2
6
11
4
4
2
0
0
14
2
0
4
0
0
0
0
0
0
0
0
0
0
0
0
0
0
0
0
0
2
0
0
0
0
3
0
18
17
19
19
18
19
17
19
19
18
19
18
17
16
19
19
18
19
19
18
18
18
18
17
19
18
19
19
16
18
18
19
19
18
16
19
17
19
19
18
18
18
18
19
19
19
18
18
17
18
18
18
18
17
18
18
19
18
18
17
19
18
18
18
19
19
18
19
18
17
19
19
17
19
18
19
18
18
19
18
18
18
19
18
18
19
19
11
18
17
18
17
18
16
19
18
17
18
19
16
19
18
17
19
16
18
18
18
19
17
18
18
18
19
18
18
19
18
18
17
18
18
18
19
18
18
19
19
17
18
18
19
16
19
18
18
19
18
19
19
19
17
18
18
18
19
17
18
19
18
18
17
18
19
19
19
18
17
19
18
18
17
19
19
18
18
19
18
18
18
19
18
18
18
17
18
18
15
18
18
17
18
16
17
18
16
18
17
18
17
16
18
18
15
17
18
18
17
18
17
19
19
18
17
18
18
19
17
16
18
19
18
18
18
15
18
18
19
18
18
17
17
16
18
18
18
17
18
16
18
14
19
18
16
18
18
19
18
18
18
18
19
15
16
18
17
17
19
19
18
19
18
18
19
19
18
19
19
18
18
19
18
18
18
18
18
16
17
17
18
18
19
18
12
18
17
17
19
17
17
18
19
18
16
15
17
19
19
13
15
6
10
10
15
11
21
20
10
20
14
14
12
20
19
19
8
20
8
17
18
19
19
12
16
14
8
8
14
18
12
16
20
18
12
15
12
14
16
18
4
18
18
15
8
19
15
17
17
14
24
16
18
14
12
13
20
18
17
17
16
12
23
14
12
19
17
18
22
14
16
8
19
16
10
19
26
12
16
10
20
18
18
12
20
27
10
10
14
16
16
14
14
12
21
19
8
13
14
13
22
14
14
22
17
11
16
25
19
12
14
15
16
12
12
19
21
20
23
10
16
19
10
4
16
20
12
14
12
16
20
14
8
14
14
12
10
21
10
16
17
16
12
18
10
16
12
10
17
8
14
15
16
21
12
19
8
14
12
18
18
17
12
19
19
21
10
19
10
15
17
14
16
21
12
23
20
10
10
8
18
17
22
16
16
20
16
14
16
18
16
17
14
10
8
15
12
19
20
19
22
10
14
12
18
17
16
18
14
12
10
12
12
14
12
18
14
16
12
23
12
12
14
16
10
14
21
14
12
16
14
16
10
8
14
18
14
18
8
18
15
17
14
10
12
18
8
14
19
16
12
15
10
22
16
16
18
13
12
14
16
13
12
10
10
16
2
12
20
12
6
8
14
2
10
16
16
12
10
13
8
15
8
12
19
17
10
6
6
7
4
4
2
6
9
4
4
5
6
8
4
4
8
6
8
4
6
4
0
4
6
4
4
4
8
4
8
8
6
8
4
4
8
4
4
6
4
7
6
8
8
6
2
6
4
2
4
6
4
6
7
6
12
6
4
4
2
8
6
4
4
6
8
6
9
9
6
9
2
6
6
4
2
6
6
6
8
4
6
7
10
4
4
2
6
10
6
4
6
2
4
4
6
6
4
6
8
8
6
8
6
4
8
6
8
6
4
6
4
6
4
4
8
8
4
8
4
7
4
6
9
4
4
4
4
6
4
6
4
6
4
6
6
4
6
4
6
7
4
4
4
4
4
6
8
6
8
6
12
6
4
2
4
4
6
10
8
2
6
4
2
2
4
4
6
4
6
4
6
6
2
4
8
2
2
6
6
7
6
6
7
6
4
4
4
4
6
4
2
6
8
4
4
4
4
2
4
2
6
4
6
4
4
6
2
6
10
4
4
6
4
6
2
4
6
4
4
4
4
6
4
4
4
6
4
2
4
4
6
6
8
6
2
4
4
8
4
6
2
2
7
4
2
6
6
4
6
4
6
4
4
4
2
4
8
2
4
4
4
4
6
2
4
2
4
4
4
4
6
6
4
6
4
4
4
8
4
2
4
4
6
2
2
2
4
13
7
3
11
5
3
14
5
11
5
11
5
5
7
3
67
9
9
7
5
3
7
7
7
5
7
5
5
5
5
9
46
9
5
43
3
7
9
5
3
5
47
5
7
5
3
5
7
7
5
11
7
3
11
3
3
9
3
7
3
28
3
3
5
5
5
3
7
42
7
7
5
5
3
7
1
3
3
5
11
36
7
5
9
3
79
5
7
48
5
7
7
7
3
3
7
11
7
7
5
5
3
7
3
9
5
9
7
3
7
7
7
5
13
5
0
3
85
5
5
3
7
61
5
7
45
7
3
9
5
3
35
9
3
53
5
3
7
7
5
7
3
30
5
5
32
5
9
34
3
5
5
1
5
3
5
1
5
5
3
7
1
3
9
5
37
5
44
5
7
1
1
5
3
9
5
9
46
3
7
27
7
9
3
5
7
3
1
5
5
90
5
3
9
9
13
5
5
5
19
7
3
13
5
7
3
5
5
9
38
5
5
1
3
7
3
5
5
33
9
7
11
3
1
3
7
11
5
5
7
13
5
3
1
5
1
7
5
5
1
3
11
7
3
5
9
3
33
5
5
9
7
5
36
7
7
7
5
9
5
3
13
5
5
7
5
7
9
3
5
9
1
7
34
3
44
5
0
5
5
7
3
40
9
7
5
11
7
3
1
0
3
0
0
1
0
0
0
0
1
1
3
1
0
15
0
9
1
1
1
0
3
3
1
3
0
5
0
0
1
5
0
1
0
0
0
3
0
1
3
7
1
5
0
13
0
3
1
1
13
11
0
0
0
3
1
0
5
0
1
1
1
0
0
1
11
1
3
1
3
1
3
1
5
9
0
1
3
3
0
0
1
0
1
1
0
1
5
5
3
3
1
3
3
9
3
0
9
3
1
9
0
1
7
13
0
1
5
3
1
3
0
1
1
7
1
1
1
0
6
1
1
3
5
0
9
3
3
1
0
3
0
0
1
3
0
0
0
1
0
0
1
0
0
1
0
0
3
1
0
0
0
1
1
0
0
0
0
0
0
0
0
1
0
0
0
1
0
1
1
0
1
7
1
3
0
3
0
3
13
0
0
0
0
5
1
3
9
1
1
3
1
1
0
1
1
0
0
1
1
9
23
0
1
0
0
1
3
0
7
5
3
1
1
0
1
1
1
0
5
0
1
0
0
1
1
3
0
0
0
0
0
0
9
0
0
0
0
1
0
0
0
0
1
1
1
1
0
1
3
5
1
0
0
5
3
3
5
0
5
0
1
1
0
7
1
3
3
0
21
1
3
1
0
1
3
0
7
1
7
15
9
3
0
1
5
2
4
2
6
2
2
4
2
70
0
2
4
2
2
6
4
2
0
0
0
6
4
2
6
2
2
4
0
2
0
2
4
4
4
7
4
7
6
2
66
10
0
4
2
9
8
0
2
2
2
4
0
8
4
6
6
4
0
2
2
6
4
4
2
63
4
6
98
4
2
58
2
2
2
6
6
4
8
9
2
90
2
0
4
4
6
4
8
2
2
12
4
2
38
4
2
4
8
2
81
2
6
64
6
2
7
4
0
6
10
4
58
12
2
2
4
4
2
2
4
4
4
4
6
15
8
4
8
4
6
4
6
4
22
6
2
10
8
8
0
0
0
6
8
4
0
2
0
6
8
4
8
8
4
4
6
2
2
2
93
4
2
4
8
98
4
6
2
2
0
35
2
4
6
6
4
8
2
10
4
2
7
2
4
8
2
2
2
2
0
2
2
4
21
2
2
48
6
6
4
2
26
7
4
4
0
0
8
4
0
8
0
2
3
0
0
2
6
0
5
12
2
51
8
2
4
4
4
2
2
5
4
16
2
66
0
4
2
2
2
2
6
0
2
2
0
4
4
2
2
0
4
2
4
6
2
0
2
2
2
4
0
2
0
0
2
0
2
4
4
0
4
0
8
8
0
2
2
4
0
83
0
4
56
2
6
32
0
4
4
4
10
6
2
8
0
2
4
37
6
2
6
2
18
6
6
8
13
13
2
10
4
6
4
2
4
15
42
2
6
6
2
27
6
6
4
28
6
17
4
8
25
23
27
4
2
4
29
41
4
13
4
6
15
4
12
12
4
2
9
60
2
4
2
4
2
19
4
4
27
4
4
2
30
4
10
2
4
4
4
4
2
6
4
34
2
4
6
2
2
8
4
4
2
8
6
2
15
10
6
6
46
8
4
4
2
6
4
10
6
2
8
0
4
4
4
4
27
4
6
4
6
10
46
8
4
2
29
2
0
8
4
2
6
2
27
4
10
2
27
2
6
6
15
2
10
2
2
24
6
0
29
4
2
6
6
4
4
4
4
14
4
4
9
8
2
6
4
6
4
2
8
10
4
8
8
6
2
35
21
27
6
8
6
4
2
6
6
8
6
2
6
47
41
8
4
50
19
0
4
10
8
6
4
4
6
2
2
8
6
8
8
2
2
45
6
11
10
14
2
2
6
8
4
8
27
4
33
6
10
4
2
2
6
8
10
2
19
4
27
4
8
2
8
2
2
2
39
15
15
2
18
4
7
13
0
19
34
2
21
12
13
32
2
30
7
2
6
6
8
6
8
10
6
4
13
8
12
2
10
6
6
12
9
17
6
