11
12
13
13
12
11
12
11
7
7
12
14
16
6
7
2
10
6
16
11
11
12
16
18
7
9
12
10
7
14
5
13
15
12
14
9
12
12
5
10
10
10
11
9
9
12
13
11
16
15
11
14
7
12
10
16
10
8
7
10
14
7
14
16
14
11
6
18
7
7
15
7
16
14
7
11
12
11
13
14
14
8
12
10
5
11
9
8
9
10
9
15
7
7
6
5
13
6
6
12
10
6
8
11
11
11
9
10
15
2
3
10
5
14
7
11
10
14
19
23
12
18
8
15
7
9
8
7
8
10
5
12
8
14
9
15
13
8
14
16
20
19
9
13
9
4
13
5
6
12
8
9
10
15
13
9
7
11
6
10
9
9
15
7
8
7
8
7
5
9
10
14
9
18
16
13
8
7
6
13
9
10
11
6
3
7
10
10
19
11
6
7
9
9
4
8
10
9
9
7
5
15
10
7
8
5
8
7
6
5
5
6
6
8
7
6
15
9
9
6
6
10
4
10
11
12
15
15
19
6
8
13
6
15
10
7
14
8
9
8
16
7
6
11
10
5
12
15
9
7
12
12
0
7
6
9
15
13
13
17
7
10
13
5
22
6
5
13
7
8
14
15
22
8
9
9
14
8
12
16
11
16
4
8
16
12
21
9
4
13
7
8
2
12
4
8
7
7
4
2
4
6
6
7
4
0
13
4
6
2
5
2
2
8
6
10
4
6
4
36
13
4
2
4
4
4
7
4
8
7
11
2
4
4
4
11
6
6
13
5
11
6
2
4
5
4
9
6
6
13
2
6
15
6
12
8
6
8
9
6
8
11
17
7
13
11
8
9
25
7
15
13
6
15
12
15
10
10
25
13
15
11
11
6
23
13
18
9
17
9
34
38
4
23
17
25
15
15
13
17
11
9
11
11
8
24
10
26
13
7
11
15
14
15
28
13
28
20
19
13
17
9
14
11
32
18
13
13
10
11
8
16
15
15
15
15
37
16
8
20
23
18
21
32
10
9
9
26
15
24
22
23
15
11
13
29
19
11
13
7
20
26
9
8
24
30
11
11
19
11
28
24
9
12
19
16
9
6
15
8
16
15
18
13
26
11
9
17
21
12
15
13
14
13
9
11
24
7
24
9
15
13
13
21
20
17
11
11
8
9
22
17
19
7
4
7
18
5
8
15
13
8
6
4
4
9
6
17
4
2
4
6
13
9
16
4
4
4
2
9
2
2
6
9
6
5
7
11
8
10
10
9
6
8
2
6
11
11
4
15
17
8
9
14
6
8
6
6
6
6
6
9
2
7
8
2
9
4
9
11
22
14
9
10
9
4
6
8
9
10
6
17
9
10
11
8
9
10
15
9
13
4
9
10
11
17
4
5
6
7
17
7
6
11
11
8
6
11
10
10
4
13
10
2
9
6
9
14
9
2
9
11
4
6
0
7
6
4
2
8
4
13
8
2
25
16
7
6
15
19
7
7
8
11
9
21
8
27
9
14
9
7
9
11
11
6
11
19
11
13
11
15
10
8
13
9
9
13
13
4
9
9
9
6
11
6
15
11
19
13
9
17
11
9
9
19
9
11
13
9
9
8
9
20
15
13
6
7
4
13
13
15
4
7
6
6
11
19
10
7
19
21
6
6
11
4
17
9
9
11
15
6
5
9
8
6
17
13
19
15
4
9
9
8
17
15
15
7
21
28
15
26
13
6
13
15
8
17
18
17
8
21
7
24
6
18
11
10
4
15
17
9
6
11
25
16
4
23
11
15
12
7
18
11
11
11
15
13
9
9
8
21
7
21
22
13
16
4
2
8
5
13
14
4
13
9
4
7
11
20
13
7
11
13
13
10
6
9
9
9
11
7
15
7
7
12
9
26
2
4
4
5
7
2
6
4
4
5
9
0
0
2
2
5
5
0
0
4
4
0
5
4
4
4
2
0
7
4
4
4
7
0
2
5
6
10
6
0
12
8
6
0
6
8
0
0
6
6
0
10
13
11
0
0
2
0
6
0
6
2
6
0
11
8
11
0
10
21
0
8
8
0
10
0
8
6
0
4
8
4
10
4
6
0
8
4
0
0
4
0
4
0
13
0
6
0
8
0
6
0
10
0
10
0
8
0
6
0
10
0
4
6
8
0
2
8
10
0
0
6
6
0
0
6
13
0
0
8
6
0
0
8
2
0
4
6
8
0
0
6
17
6
11
12
4
0
0
10
15
0
0
2
6
0
0
0
0
0
0
8
0
0
14
0
0
0
10
0
2
10
2
4
6
0
0
0
0
0
0
0
0
0
0
0
4
13
0
0
12
8
0
0
12
0
0
0
8
0
6
0
2
0
2
8
2
10
2
8
0
0
0
0
0
0
0
0
0
0
0
0
0
0
6
0
4
0
0
2
6
4
0
8
12
8
0
6
4
6
0
6
0
4
0
0
13
4
0
12
0
8
0
6
0
10
0
8
0
4
0
12
0
4
0
8
0
10
0
4
17
2
0
0
6
0
0
0
10
4
0
0
6
8
0
0
8
4
0
0
6
6
0
0
12
10
0
0
6
6
0
0
10
8
0
0
6
8
8
0
4
6
6
0
6
6
6
0
21
10
2
0
6
17
16
20
17
18
16
18
17
12
11
13
25
15
21
21
18
16
24
25
22
21
22
19
20
23
9
17
28
17
15
15
18
7
18
24
21
18
15
24
19
21
27
18
17
24
18
16
21
14
17
4
15
15
17
20
20
11
21
22
13
14
18
21
22
19
21
7
22
21
23
20
10
17
21
23
29
31
10
25
22
12
12
17
16
13
12
14
11
14
10
26
19
21
14
19
19
20
18
12
11
11
22
15
20
19
22
28
15
18
21
21
16
11
20
10
12
14
30
22
22
21
7
13
22
20
16
23
27
21
22
27
11
8
22
19
17
10
22
17
14
15
16
23
12
16
23
23
9
17
21
19
23
21
21
14
10
16
22
10
23
21
22
13
27
23
17
12
11
15
20
11
11
14
11
11
13
13
18
9
10
9
13
22
14
21
21
7
13
12
12
28
9
7
18
11
13
20
23
10
9
16
2
10
21
8
8
6
21
21
16
16
11
8
18
21
17
21
13
16
0
17
22
10
8
13
14
25
29
31
14
9
9
9
15
17
26
10
24
18
22
13
11
18
17
11
13
22
15
24
22
22
15
28
19
24
20
17
17
22
28
30
34
31
12
23
23
29
26
30
32
19
23
23
36
33
22
26
36
19
33
29
34
32
29
33
24
38
27
34
15
13
15
2
8
7
4
12
7
13
4
4
8
20
2
7
11
18
6
11
6
7
10
6
17
7
2
9
11
18
7
4
7
24
12
20
21
2
11
20
24
18
21
15
8
11
19
8
6
2
0
6
9
10
11
29
31
22
26
29
42
10
27
2
10
19
17
9
11
82
13
10
12
19
13
4
5
35
12
17
17
24
11
19
15
43
5
20
6
11
7
19
30
22
17
21
39
4
10
13
11
13
10
21
26
9
22
19
22
69
8
4
8
15
28
8
21
35
4
13
54
24
13
16
0
10
6
9
20
15
11
4
8
4
10
9
32
8
26
11
7
10
9
19
24
9
12
9
12
7
6
6
7
4
21
4
24
7
10
7
33
15
6
13
8
6
19
9
13
11
8
7
25
9
9
4
6
12
4
18
11
10
8
11
4
13
9
8
11
6
4
15
17
31
7
6
4
13
8
20
15
6
11
0
15
15
5
6
6
9
7
11
6
15
8
9
9
10
4
13
6
10
11
16
13
7
9
9
8
11
0
4
4
6
9
41
10
8
18
13
9
10
9
4
8
9
8
17
6
6
8
6
8
4
4
13
6
6
8
7
15
10
11
17
7
0
13
9
6
6
4
6
6
15
4
10
29
8
9
4
11
10
22
31
7
6
16
11
0
0
0
0
0
4
0
4
13
2
2
0
2
4
0
0
0
2
4
2
4
2
2
4
6
0
0
4
0
0
2
3
2
4
2
6
0
8
0
24
0
0
2
2
2
0
0
9
0
6
0
2
2
0
15
0
2
2
2
2
8
0
0
4
2
0
0
2
2
2
2
4
0
2
4
7
7
0
5
0
0
4
0
6
0
0
2
0
0
4
2
0
2
2
2
0
0
2
0
4
4
0
0
11
0
2
2
9
0
0
4
0
7
0
2
2
0
2
0
2
4
2
0
2
0
0
4
2
0
4
2
0
4
4
4
4
2
4
7
2
4
4
2
4
0
8
2
2
2
4
0
4
4
0
0
4
0
4
0
0
6
4
7
2
0
0
4
4
2
0
4
0
2
0
0
2
2
0
15
0
0
2
2
2
0
4
4
15
8
15
2
2
4
8
4
9
2
2
4
8
2
4
4
0
9
4
2
9
0
2
20
4
9
2
11
0
2
0
0
0
4
0
9
0
0
4
4
4
7
4
2
4
8
4
2
9
8
2
2
4
6
0
8
4
0
0
2
2
7
0
2
0
2
4
4
0
0
6
0
4
4
2
2
15
2
0
0
0
0
4
2
0
0
0
2
0
17
0
0
4
0
6
11
2
0
2
8
4
25
7
4
20
6
4
30
6
6
26
5
4
26
4
26
36
14
4
67
6
4
26
2
6
40
4
7
6
31
2
6
38
4
3
4
29
7
32
29
8
33
35
7
42
59
2
0
32
4
6
9
30
4
6
45
4
2
39
2
8
35
24
6
46
47
9
7
2
4
7
32
4
4
32
8
7
38
6
4
6
32
4
31
2
5
22
4
67
44
13
5
9
42
5
6
6
6
4
28
2
4
4
29
2
72
11
8
4
3
37
5
34
7
9
39
9
4
6
6
6
4
32
4
4
51
6
6
33
4
7
4
5
8
32
7
22
5
45
6
13
40
8
11
38
7
4
25
0
2
4
8
7
5
4
12
57
2
7
38
4
8
6
35
5
28
45
4
4
33
4
6
40
29
8
15
8
4
6
4
8
22
27
4
57
39
4
8
6
6
60
14
19
9
20
22
4
31
7
6
6
2
4
38
3
9
5
4
6
66
5
4
4
4
17
36
6
5
40
39
2
6
32
2
4
32
4
2
30
2
4
47
2
4
45
6
2
4
4
4
6
4
28
24
4
2
49
4
66
9
8
27
6
2
4
26
22
48
32
4
8
27
4
68
38
10
2
4
26
2
9
43
2
8
4
4
4
4
43
7
4
42
4
4
33
3
2
62
8
2
0
0
0
2
0
2
0
2
4
4
2
0
2
4
0
0
0
2
2
0
2
0
0
0
0
0
0
0
0
0
4
0
0
6
2
2
2
0
2
0
0
2
0
4
2
0
0
0
8
2
4
0
6
0
0
2
2
6
4
7
4
6
0
2
0
4
0
2
0
4
6
0
2
0
2
2
0
4
2
2
0
2
2
2
2
2
4
0
0
10
0
0
2
0
6
4
0
2
2
0
2
0
4
2
6
2
2
0
0
2
2
0
6
2
0
0
6
0
4
4
4
0
0
2
6
2
10
2
2
4
2
2
6
2
0
2
2
0
0
4
2
4
4
4
4
0
0
0
4
8
4
2
2
0
4
2
8
8
2
2
2
0
0
0
2
2
0
2
2
2
0
2
12
6
4
6
2
4
14
8
2
6
2
4
6
2
4
4
2
2
6
0
2
2
4
2
10
4
4
2
0
4
0
4
2
0
0
0
2
2
6
10
2
6
0
2
10
2
4
4
4
4
2
4
2
4
10
2
4
4
2
2
2
4
2
6
6
4
4
2
2
6
2
4
6
2
4
0
4
4
2
6
0
2
2
6
4
4
6
4
4
2
0
0
4
0
2
0
2
2
2
4
0
0
2
2
2
0
6
0
2
0
2
0
2
2
0
8
8
8
10
6
5
5
12
18
3
8
5
5
50
4
8
5
5
44
5
10
30
3
10
4
64
6
1
8
39
5
6
57
3
8
9
5
39
7
3
9
45
5
11
7
33
5
44
11
8
7
5
39
8
10
6
7
10
7
3
10
5
3
8
40
5
36
5
8
7
34
6
5
6
3
43
4
7
5
7
41
5
11
46
4
8
7
8
7
6
5
5
10
6
31
7
8
8
41
3
14
7
8
7
6
8
9
10
12
40
8
8
13
36
5
34
8
8
14
10
41
8
6
37
49
7
3
7
8
42
35
3
8
45
10
6
3
10
8
7
19
7
12
9
45
35
6
8
5
10
7
7
35
37
5
3
15
3
43
4
30
30
5
4
3
3
6
4
7
5
6
11
3
36
39
7
17
9
58
36
5
5
3
7
7
5
15
11
18
5
6
6
7
1
3
1
6
42
11
11
6
16
49
7
50
10
6
40
29
8
26
6
21
7
8
6
4
7
5
12
37
3
5
36
11
3
6
4
9
43
8
5
12
51
3
5
8
8
9
3
5
55
5
3
32
8
52
6
3
4
6
7
7
6
8
5
6
54
5
8
34
6
9
6
6
8
3
3
3
48
3
1
3
3
3
6
34
5
4
5
9
51
9
6
6
39
6
8
