4
2
6
6
4
2
6
2
8
2
6
4
4
8
2
8
5
4
6
6
2
32
4
4
7
4
6
2
4
4
4
6
6
2
2
2
4
4
2
4
8
3
6
4
0
2
4
6
4
5
4
42
5
6
4
2
4
4
4
3
12
6
8
6
6
6
6
4
4
6
6
6
8
6
4
5
7
2
13
9
4
2
6
6
6
4
4
4
6
2
6
6
4
10
6
4
5
8
8
4
4
9
8
39
6
4
5
8
6
7
5
6
6
5
10
36
11
7
10
8
6
6
9
4
6
6
4
6
2
8
8
10
8
19
4
8
6
8
4
4
4
6
2
4
8
4
4
2
6
8
8
7
6
6
6
8
8
4
2
10
4
2
6
4
6
10
6
6
6
4
4
4
4
8
5
6
6
4
4
4
4
8
6
5
4
10
6
2
4
4
2
4
4
6
2
8
8
8
6
4
7
8
4
6
6
8
4
4
4
4
4
6
2
5
10
2
6
4
4
4
6
6
6
6
4
6
6
4
10
4
2
5
0
7
2
2
4
8
4
10
4
6
0
4
2
4
4
2
4
2
6
4
4
8
4
8
4
2
2
2
4
2
2
2
2
4
8
2
2
4
4
2
4
0
2
2
2
2
4
6
2
2
8
4
2
2
6
2
2
0
2
50
0
56
51
2
34
0
55
2
38
0
54
53
0
46
0
28
48
61
4
54
0
64
50
53
29
52
46
58
73
61
57
0
4
15
46
59
30
0
2
54
4
59
55
64
2
0
69
48
7
12
2
2
2
2
60
57
2
52
0
45
14
2
0
54
2
63
2
79
51
0
14
66
0
0
2
50
59
63
49
0
2
2
52
46
2
0
2
0
56
2
2
0
44
16
59
0
2
36
2
14
10
4
0
55
50
2
0
6
31
55
0
0
61
0
57
10
4
2
0
57
47
53
0
0
46
55
2
2
4
60
50
2
8
2
54
34
67
48
0
0
40
54
0
54
53
56
0
0
42
59
0
2
0
34
48
4
4
2
2
6
0
2
0
39
38
61
0
0
21
54
55
0
52
37
58
2
0
48
2
48
27
51
2
24
58
46
6
57
52
49
56
47
25
55
43
44
44
19
2
52
43
4
2
46
32
47
53
27
63
65
4
2
0
59
51
57
36
61
57
8
54
0
46
4
0
57
0
52
21
56
56
61
4
59
46
50
64
46
2
0
10
2
0
0
48
61
52
40
0
54
2
0
51
67
48
52
60
21
58
4
54
52
2
4
36
50
59
4
68
2
2
63
62
28
0
0
31
51
64
22
60
0
55
48
7
5
8
6
9
10
2
7
7
3
10
8
4
8
4
10
8
4
7
5
5
6
4
4
7
6
5
6
5
9
5
8
4
10
6
11
7
7
10
13
6
14
7
7
9
4
5
5
4
5
3
10
6
2
4
2
2
5
3
2
2
4
4
3
2
1
3
1
3
6
3
4
4
8
5
2
4
2
5
3
1
6
3
3
3
5
3
1
5
6
3
5
3
2
1
3
1
2
1
2
4
3
4
2
5
0
4
1
3
7
9
5
7
7
7
15
9
4
5
4
6
11
1
9
4
7
7
14
9
8
13
9
6
13
1
11
12
9
22
11
3
9
7
13
7
9
11
11
9
30
12
8
9
25
6
12
15
5
24
17
18
16
7
3
8
13
6
3
8
7
8
5
12
13
15
18
22
15
11
24
9
11
19
11
18
14
15
11
16
8
13
25
18
9
15
13
21
11
9
8
25
35
24
11
15
24
32
33
28
26
28
12
20
18
20
8
25
13
19
16
19
31
28
11
19
14
17
17
22
20
19
21
31
18
14
21
32
23
28
16
26
24
12
32
20
14
15
23
20
12
10
14
13
9
10
6
12
17
6
14
5
11
14
10
11
13
8
8
14
3
14
10
16
12
5
10
17
16
11
10
9
13
13
6
10
17
7
13
14
13
0
0
14
10
0
0
10
8
0
0
9
8
0
13
9
9
21
0
13
14
0
17
16
18
3
13
12
11
1
11
9
8
1
9
11
17
0
13
15
9
9
12
11
8
0
16
18
11
0
14
12
10
0
11
30
9
9
12
13
7
11
9
9
0
15
11
17
6
14
14
10
5
0
9
0
5
11
0
0
5
20
0
0
9
7
0
0
11
10
0
1
14
12
0
0
8
11
0
0
12
10
0
0
5
20
0
0
1
3
0
0
9
12
0
0
14
7
0
0
0
0
0
7
8
0
0
0
3
0
0
0
1
5
0
0
7
0
0
0
0
0
0
0
0
0
0
0
0
22
0
0
0
0
0
1
0
1
3
3
7
3
0
12
0
0
3
3
0
0
10
19
0
0
0
0
0
0
0
0
0
11
0
0
8
0
0
0
0
5
16
0
14
0
12
0
10
0
13
0
18
0
13
0
5
0
19
0
8
0
3
0
6
0
7
12
17
0
18
0
8
0
9
0
16
0
11
0
6
8
5
0
8
12
1
7
9
6
15
8
0
13
11
0
0
16
18
0
0
14
11
0
0
8
8
0
0
11
11
17
0
0
6
12
0
0
22
8
0
8
10
10
0
0
18
11
0
7
0
15
0
11
8
17
0
8
8
2
2
2
0
0
4
0
4
0
0
4
2
4
4
2
2
6
2
4
6
0
0
2
2
2
0
0
4
2
0
2
0
0
0
10
4
0
0
0
2
4
4
4
6
0
4
2
0
2
0
2
6
4
4
10
0
2
2
0
2
4
2
2
2
4
2
0
2
4
4
4
2
2
4
0
2
4
2
4
0
4
4
2
4
4
2
2
0
2
2
2
2
4
11
4
2
6
2
0
4
10
2
0
6
4
0
2
4
2
4
0
2
4
2
4
6
2
2
4
4
6
2
0
2
0
4
0
6
8
2
0
4
2
4
0
2
4
2
2
2
2
0
2
6
2
4
4
4
8
2
4
4
8
4
4
0
6
2
0
2
2
2
2
2
0
2
6
6
4
0
4
0
2
0
0
0
0
2
0
0
2
0
0
0
2
2
0
0
0
0
6
0
2
8
0
0
4
2
2
4
0
2
8
4
2
0
2
4
0
0
4
2
0
0
6
2
0
0
2
2
4
4
2
0
0
2
8
0
4
0
2
2
0
6
4
0
0
0
4
4
2
4
0
2
0
0
0
0
0
0
0
0
2
0
0
0
2
2
2
2
2
4
2
2
6
0
0
2
0
4
0
0
2
0
6
2
0
0
2
0
0
0
2
0
0
0
0
2
15
2
10
13
19
17
20
14
10
22
16
13
19
16
9
11
16
13
15
14
17
15
10
17
8
13
5
12
15
17
15
8
25
6
10
14
10
11
10
10
17
26
9
8
24
12
15
16
29
20
11
3
7
20
24
13
12
12
10
14
14
17
20
10
17
5
28
20
20
16
24
29
13
21
8
21
9
22
19
22
14
14
19
39
13
7
12
22
14
15
14
27
13
12
27
24
16
39
0
1
0
0
0
0
0
1
0
0
0
0
1
0
0
0
1
1
0
0
1
0
1
0
0
1
2
0
0
0
0
0
1
1
15
0
0
1
0
0
0
0
3
0
0
0
0
0
1
1
0
1
0
0
0
0
1
0
0
2
1
0
0
0
0
0
0
0
1
1
0
0
1
2
0
0
0
0
1
0
1
0
0
0
1
0
0
0
0
0
0
17
0
0
0
0
2
1
0
2
0
0
0
0
0
0
0
2
1
0
0
0
0
0
1
0
0
0
1
1
0
0
2
0
0
0
1
0
0
0
0
0
0
0
0
0
0
1
1
0
0
1
0
1
0
1
0
1
0
0
0
0
0
1
0
0
2
1
0
0
0
0
1
0
6
0
0
0
2
1
0
0
18
2
0
0
1
0
0
0
0
1
0
0
0
0
1
1
0
0
9
12
12
13
12
12
12
11
12
10
9
10
11
10
10
12
12
12
10
12
10
10
10
10
10
10
11
13
12
12
10
9
11
13
13
12
9
10
13
9
12
13
12
11
11
10
12
11
12
9
12
12
12
12
11
12
11
14
12
13
11
12
13
7
11
12
10
12
9
11
10
11
10
12
10
11
11
11
10
11
9
10
12
11
12
11
11
11
10
11
11
12
10
11
10
12
12
11
10
11
12
12
10
10
12
12
12
13
9
10
10
12
12
12
8
9
11
12
11
12
11
12
12
13
11
11
13
12
10
12
10
11
12
12
11
13
11
11
9
11
12
10
12
12
12
12
12
11
13
10
11
12
12
12
8
10
12
11
12
11
12
12
10
13
12
11
13
12
11
12
10
12
11
12
11
11
9
13
10
10
11
12
11
10
10
12
10
11
12
12
12
12
11
12
10
11
15
12
11
11
12
10
13
12
11
9
10
11
11
11
12
11
11
13
10
12
11
11
12
11
11
11
11
11
13
10
13
12
12
13
13
10
13
12
12
12
12
11
12
12
13
12
11
12
9
10
10
11
10
10
13
11
12
12
11
10
10
13
12
11
12
11
13
10
10
12
10
11
12
12
11
11
10
9
11
13
9
10
12
9
12
11
11
12
12
10
11
12
17
8
8
17
31
6
14
12
10
13
14
19
15
14
10
6
15
4
19
8
6
17
6
23
19
14
14
10
10
21
14
15
19
27
4
23
12
10
17
12
8
25
6
8
33
6
12
17
15
10
10
6
15
8
12
19
27
21
35
21
23
8
17
12
21
6
19
13
23
29
14
13
17
25
4
8
19
12
14
4
23
10
10
15
4
13
21
4
8
25
13
17
14
21
6
17
13
15
6
14
10
10
35
4
21
12
8
8
6
29
12
6
14
6
19
23
4
19
35
12
21
6
21
6
6
17
27
10
21
21
15
21
25
39
19
15
17
10
14
14
6
10
8
14
17
29
31
25
56
12
12
12
6
15
10
33
19
41
21
17
19
19
8
14
39
33
14
19
6
15
10
25
17
21
31
46
37
31
27
25
10
33
19
29
29
29
23
14
29
35
21
14
29
39
29
29
6
12
21
44
33
33
21
10
19
23
25
23
19
19
14
15
15
10
35
25
39
8
13
4
15
19
27
15
17
15
10
31
23
27
35
8
23
21
8
31
19
12
31
21
33
17
17
39
10
27
48
14
17
15
17
12
19
12
19
17
14
17
23
25
12
12
6
14
31
12
14
12
4
10
17
12
23
12
17
10
10
23
6
6
16
6
15
14
14
10
17
21
2
0
14
2
16
2
2
2
0
0
97
6
4
2
0
2
4
6
2
8
0
0
0
0
2
6
2
4
6
2
12
91
10
0
4
2
0
2
0
2
8
0
0
2
0
0
4
0
2
6
0
0
0
6
4
2
2
2
4
6
2
4
4
2
4
2
2
6
2
0
4
0
0
2
0
0
4
0
4
4
0
0
4
0
8
4
0
6
6
0
0
2
2
2
4
2
2
2
0
0
6
2
0
2
4
6
6
4
6
0
8
6
2
4
2
2
2
4
2
4
0
2
2
2
6
0
0
4
2
4
6
0
2
6
0
6
2
4
2
0
2
2
6
6
2
4
2
2
4
4
2
2
4
2
6
0
2
6
0
8
0
4
0
2
0
4
0
0
0
2
4
4
2
2
0
9
4
4
6
2
2
0
6
81
4
12
0
2
6
4
2
2
2
2
2
0
2
4
0
6
6
0
2
0
4
8
4
0
2
0
0
6
0
8
4
4
2
2
4
0
0
0
4
2
6
4
0
2
8
0
2
0
4
0
0
4
2
4
0
5
2
2
0
0
2
48
2
4
2
2
0
0
2
2
49
2
0
2
0
4
4
2
2
2
2
2
4
2
2
2
6
2
4
0
0
2
0
0
9
2
2
0
6
2
0
58
4
2
3
3
1
3
9
5
0
4
3
1
0
1
1
11
1
1
0
2
13
0
4
0
2
1
5
2
0
0
0
1
5
0
7
2
1
2
0
2
13
1
0
3
1
1
0
2
2
5
0
1
1
4
0
1
4
2
1
0
2
3
15
0
13
0
2
0
4
2
2
0
0
0
2
0
0
3
0
2
3
1
1
0
5
3
3
3
17
0
1
0
4
5
1
1
3
5
3
1
4
3
2
2
0
3
3
1
4
3
5
3
4
0
0
1
0
1
2
0
1
2
5
3
0
0
4
0
2
3
3
2
4
6
6
2
1
4
4
0
2
5
6
0
2
2
3
3
3
5
3
2
3
11
4
17
0
0
5
0
5
1
1
0
1
1
1
1
4
0
3
1
15
0
2
4
0
3
5
5
0
4
5
0
0
1
0
2
0
2
2
2
3
1
15
1
1
4
0
4
2
0
4
2
2
3
3
3
11
2
0
3
0
4
3
3
3
2
2
2
3
2
1
0
1
5
0
4
1
3
3
0
0
4
0
5
0
1
1
0
1
1
3
3
1
4
5
3
0
1
1
13
5
1
3
3
5
1
1
1
4
1
0
2
2
0
1
1
0
0
1
11
1
1
3
3
2
1
3
0
3
1
0
3
1
3
4
3
0
1
