72
4
2
6
41
0
0
2
4
4
2
37
2
2
51
4
6
2
0
4
4
2
2
6
38
8
2
6
2
2
8
5
4
4
41
8
0
4
2
2
2
21
7
5
36
2
2
2
7
2
26
0
2
2
28
2
4
2
2
4
0
0
0
4
6
6
4
36
0
2
5
2
2
4
2
2
2
4
4
6
8
2
6
2
4
4
28
4
4
2
0
4
29
4
0
4
32
0
4
6
2
2
4
23
4
23
13
0
6
45
0
6
45
2
4
6
2
10
4
53
4
6
2
4
7
4
2
4
4
0
4
4
51
0
6
1
2
2
15
50
4
2
44
2
0
32
2
2
2
6
6
2
54
2
2
4
2
4
2
6
2
46
4
2
50
0
0
72
2
2
0
31
0
4
6
4
14
4
4
4
2
6
2
9
4
4
2
2
4
2
6
2
0
4
4
26
2
2
50
4
10
6
6
4
2
2
4
0
4
4
2
31
0
2
4
0
2
6
12
0
0
82
0
0
60
0
0
2
44
0
15
57
2
4
9
4
4
16
0
2
26
0
13
48
5
2
62
5
2
2
0
2
2
2
2
12
39
2
0
4
13
4
6
2
5
0
2
9
6
2
2
2
0
4
2
0
29
4
4
2
2
5
3
41
4
6
33
2
0
6
4
2
8
4
4
2
4
0
4
8
2
2
0
4
2
4
6
2
8
2
4
4
6
6
2
2
0
8
35
2
10
0
0
4
6
0
4
8
6
4
4
4
6
4
4
4
6
10
8
2
8
8
2
0
12
4
6
2
10
2
4
18
6
0
14
12
8
10
12
4
6
35
6
14
4
10
4
4
12
12
20
12
16
4
12
16
12
10
12
6
10
8
16
4
8
12
26
16
8
10
12
12
20
16
14
12
6
6
6
8
6
12
12
16
6
12
20
12
12
4
12
16
16
8
10
16
4
14
16
10
8
30
14
12
6
6
4
27
12
12
6
26
8
18
12
14
10
8
12
20
12
22
8
14
6
18
20
12
4
10
16
16
12
6
10
6
14
12
16
12
12
28
10
8
10
2
4
4
4
6
14
6
12
8
4
4
26
20
10
12
12
14
6
18
6
4
22
2
12
2
18
8
16
8
18
6
14
14
24
16
4
2
2
6
12
2
4
2
6
16
16
6
4
2
10
14
26
4
6
14
6
4
4
8
6
2
8
10
2
2
45
6
8
6
4
0
6
8
6
10
12
6
8
8
4
4
6
2
4
0
6
4
4
2
2
4
6
2
4
2
8
2
4
4
4
8
0
4
4
0
0
8
14
0
2
2
0
0
0
0
0
0
0
0
0
0
0
0
0
0
0
0
0
0
0
0
0
0
0
0
0
0
0
0
0
0
0
0
0
0
0
0
0
0
0
0
0
0
0
0
0
0
0
0
0
0
0
0
0
0
0
0
0
7
6
15
5
8
14
3
7
7
4
2
13
12
15
8
15
8
13
6
19
9
7
9
6
12
8
7
10
19
4
16
4
4
7
5
4
11
9
15
10
9
38
6
10
13
5
3
3
14
7
12
12
14
9
14
22
10
8
5
6
5
10
13
7
8
7
11
11
5
4
6
7
3
7
5
5
4
10
4
2
10
5
11
8
14
6
24
9
16
11
8
6
9
7
8
5
15
7
4
30
7
0
6
10
7
8
6
5
4
9
5
6
6
7
11
6
8
6
4
7
7
10
7
9
7
7
6
4
8
6
4
2
10
9
6
5
5
5
16
4
10
5
4
6
4
6
15
6
9
9
13
11
4
17
7
5
7
5
6
7
6
8
4
3
8
2
5
8
6
5
10
18
10
7
5
13
4
4
7
3
1
6
9
5
11
5
12
7
6
7
5
7
11
6
7
8
3
18
5
6
9
10
8
5
4
14
3
3
1
8
3
7
3
1
7
0
0
0
0
0
0
0
0
0
0
0
0
0
0
0
0
11
6
8
12
12
18
5
10
8
9
12
13
10
8
7
5
12
5
10
8
8
3
9
10
7
11
5
10
5
4
5
10
8
9
8
12
7
12
6
8
10
6
10
13
5
5
7
9
14
22
9
15
7
13
10
11
12
13
10
7
6
8
3
12
11
6
14
18
9
25
8
5
7
8
12
7
7
8
33
5
12
13
9
8
13
9
14
11
16
5
9
10
9
11
12
10
17
8
9
10
6
9
7
13
7
8
10
12
6
8
5
16
7
6
18
5
9
16
12
7
12
11
8
10
8
8
35
14
12
12
17
9
6
8
18
10
14
17
13
11
13
10
7
23
17
11
15
11
10
7
21
17
10
12
4
13
10
15
7
7
8
7
12
10
7
9
5
7
7
13
7
10
9
17
19
11
10
12
11
6
7
8
6
7
10
5
11
15
14
8
5
10
10
17
7
19
6
11
8
7
11
15
12
13
7
10
21
11
12
6
8
10
5
14
5
10
8
17
8
15
9
4
7
8
8
5
11
7
11
10
19
5
8
9
6
7
7
7
11
10
40
10
7
7
7
9
6
7
13
19
14
9
10
9
17
14
8
7
7
3
7
5
3
12
7
10
50
4
8
9
12
10
9
5
10
14
8
9
6
10
15
9
17
8
18
13
7
10
0
74
0
0
0
0
3
63
0
0
15
33
0
37
6
0
3
2
0
3
0
0
0
2
3
47
23
0
0
0
41
41
2
0
0
0
3
0
3
0
27
3
0
0
0
3
2
0
37
0
0
5
0
0
5
65
3
17
0
36
0
37
3
3
2
2
0
0
43
3
0
0
5
0
2
23
0
37
84
41
5
7
0
0
5
34
0
7
3
0
0
82
3
0
0
0
0
1
0
0
0
0
0
0
3
0
3
0
0
0
0
0
0
3
3
0
3
5
0
0
0
3
7
0
0
2
0
0
3
0
70
5
67
0
5
3
3
2
0
0
3
0
0
0
0
0
3
0
0
39
0
0
39
7
0
3
3
5
3
56
84
0
49
0
7
37
3
15
0
3
3
0
0
7
3
0
70
0
0
3
0
5
92
0
0
5
3
2
3
0
88
41
0
49
7
82
0
0
43
0
2
0
0
37
43
0
2
0
38
31
0
39
0
3
0
2
3
3
0
0
3
3
41
5
0
37
0
3
0
3
3
3
0
84
0
41
0
80
0
0
2
3
0
39
7
0
0
42
0
0
2
0
3
41
5
0
91
0
0
0
0
63
0
37
43
0
0
41
0
2
3
0
0
0
0
17
0
49
2
3
3
0
0
0
0
3
3
0
27
26
26
26
26
27
27
27
27
27
26
27
27
26
26
27
26
26
27
27
25
26
25
27
26
26
24
27
28
26
26
25
26
26
26
25
26
26
26
26
25
27
27
27
25
26
26
27
26
26
25
26
24
27
25
26
24
26
25
25
26
25
26
24
27
25
26
26
25
26
25
27
25
26
25
25
26
27
26
25
26
27
26
26
26
26
27
27
27
27
27
26
26
26
25
25
26
26
26
27
27
26
27
26
27
27
26
25
26
27
26
27
27
26
28
25
26
26
27
26
26
26
26
27
24
26
26
27
27
26
26
25
26
26
27
26
26
27
26
26
26
27
26
26
26
26
27
26
26
25
27
27
26
25
26
25
27
26
26
25
26
28
27
26
27
25
26
27
26
26
27
26
25
27
26
27
26
27
27
25
27
26
26
25
26
26
27
26
26
25
26
25
26
26
26
27
25
24
27
26
26
27
25
27
27
27
27
27
27
26
26
27
27
27
27
26
27
27
25
26
26
27
27
26
26
27
27
26
27
26
26
26
27
27
27
27
27
27
27
26
26
27
27
26
27
26
26
26
26
26
25
25
25
27
27
26
26
26
27
26
28
27
27
26
26
26
26
27
27
25
26
25
27
26
27
27
26
27
26
26
27
26
26
26
26
26
27
26
4
4
6
6
4
6
2
7
6
0
5
6
6
4
6
9
4
6
4
4
4
2
6
2
10
7
4
7
2
0
6
5
2
2
2
8
6
2
6
8
6
6
4
4
4
8
5
8
6
0
4
4
6
11
2
2
2
2
8
8
7
6
5
2
9
6
2
9
9
5
6
4
4
8
2
7
6
7
4
9
2
4
6
6
4
8
4
6
4
6
2
7
6
7
4
4
2
9
6
9
7
4
6
10
2
7
15
7
13
67
13
11
9
9
13
13
13
11
20
9
11
11
9
9
8
9
47
9
11
6
10
4
11
11
10
11
9
9
5
15
15
15
9
5
13
15
11
11
11
13
13
13
17
11
16
12
9
13
11
9
5
15
5
18
9
15
11
11
15
0
15
17
6
9
17
4
16
23
6
34
13
13
8
17
9
13
11
17
9
15
11
17
11
20
13
11
7
7
12
13
11
17
0
18
13
6
13
13
2
2
17
16
11
13
9
14
9
13
17
8
23
19
14
20
15
13
14
7
20
11
11
7
13
18
8
13
13
14
12
11
24
13
0
7
17
15
2
9
11
11
7
13
0
15
9
11
11
22
15
7
39
10
11
9
9
11
19
8
19
13
11
11
11
12
7
15
13
33
9
14
10
9
16
9
11
13
11
9
0
0
0
0
0
0
0
0
0
0
0
0
0
0
0
0
0
0
0
0
0
0
0
0
0
0
0
0
0
0
0
0
0
0
0
0
0
0
0
0
0
0
0
0
0
0
0
0
0
0
0
0
0
0
0
0
0
0
8
0
2
4
2
4
0
4
0
2
6
2
4
7
0
2
4
3
2
4
2
2
4
2
4
4
5
0
0
0
2
3
8
0
4
0
4
0
0
2
6
6
2
2
2
2
4
2
2
2
4
0
4
3
2
0
0
0
2
0
4
4
0
0
2
6
4
3
2
2
2
3
4
2
0
0
4
2
2
4
2
2
7
2
4
16
0
2
6
2
7
2
2
2
0
0
6
4
4
0
5
4
4
3
6
0
2
2
2
0
2
3
4
6
2
5
4
4
2
2
0
4
2
2
5
2
4
4
0
5
4
2
9
0
0
2
8
8
2
8
2
0
12
2
0
2
2
2
0
4
0
6
2
2
0
0
11
4
4
2
0
2
2
8
0
0
2
6
10
3
2
2
4
8
2
0
0
4
2
2
6
2
6
6
3
3
9
5
8
2
6
0
2
0
0
0
0
0
0
0
0
0
0
0
0
0
0
0
0
0
0
0
0
0
0
0
0
0
0
0
0
0
0
0
0
0
0
0
0
0
0
0
0
0
0
28
42
41
30
43
0
0
0
0
0
0
0
8
27
34
24
41
0
2
0
0
0
0
0
31
41
2
4
45
67
0
0
0
0
0
4
36
0
43
31
36
0
0
0
0
0
0
0
27
76
10
43
24
0
0
0
0
0
0
0
31
44
40
34
70
0
0
0
0
0
0
0
0
36
17
18
45
2
0
0
0
0
0
0
36
17
52
43
65
0
0
0
0
0
31
0
4
40
49
32
40
0
0
0
0
0
0
0
31
40
34
45
23
44
0
0
0
0
2
0
26
28
62
42
21
0
0
0
0
0
0
0
34
10
0
2
29
0
23
49
0
0
0
0
0
20
31
0
31
36
24
0
0
0
2
0
19
3
0
24
31
0
26
2
0
0
0
0
15
26
0
38
43
38
0
0
0
0
0
2
32
37
44
44
37
18
0
8
6
22
6
0
31
25
20
27
16
27
14
16
37
4
1
26
15
8
13
38
41
44
0
23
0
28
31
7
27
31
0
2
2
0
2
0
0
0
0
0
19
23
18
15
18
27
19
0
24
23
20
20
2
18
19
1
19
21
0
18
20
30
0
0
20
19
17
28
1
1
19
22
21
0
0
0
21
20
0
22
15
18
9
17
36
0
0
0
23
21
20
10
25
18
21
62
2
42
13
10
4
21
42
37
49
37
46
6
6
4
4
16
8
25
4
17
10
40
77
10
79
37
43
29
6
37
4
9
13
8
8
6
63
7
4
31
70
15
43
10
10
8
19
6
4
33
30
51
8
6
44
15
91
58
6
2
35
7
9
20
59
60
6
45
30
8
10
41
7
56
43
26
6
49
47
11
61
2
8
54
7
56
43
30
13
7
56
6
97
8
23
35
13
6
2
41
8
4
4
4
71
6
66
6
11
58
9
25
8
19
20
11
93
19
8
79
15
59
46
39
34
10
6
14
10
8
68
9
8
4
9
11
4
8
56
63
8
60
4
4
45
46
13
31
17
25
64
4
57
7
10
11
11
13
7
2
8
6
45
4
8
7
93
10
66
8
11
23
74
8
8
13
12
8
10
67
9
92
9
7
28
6
9
71
82
6
65
96
9
12
45
14
49
74
6
17
4
65
25
15
46
21
11
25
95
8
6
73
8
10
11
68
35
60
9
31
49
9
7
93
4
21
6
17
30
8
30
30
10
6
44
9
8
34
20
14
31
8
25
7
42
11
52
52
7
57
39
12
25
22
24
20
30
37
28
20
24
49
22
33
22
30
38
23
17
21
39
31
39
30
48
30
9
13
45
47
16
13
52
27
33
48
28
