0
9
4
6
5
2
8
7
4
6
2
13
4
6
4
4
2
10
2
2
2
3
6
8
6
2
5
11
4
8
4
8
7
3
6
2
8
4
4
6
4
2
2
7
4
8
5
4
0
6
4
6
6
2
6
6
2
9
6
7
4
6
9
6
2
4
6
4
8
2
4
6
8
4
4
5
6
7
4
2
4
0
4
8
2
6
2
6
4
2
2
9
8
0
15
15
17
20
11
5
12
5
6
4
9
9
9
12
9
7
3
4
6
5
6
8
8
6
11
8
4
8
6
8
2
2
11
4
4
7
17
6
7
13
6
6
16
4
2
4
7
9
5
9
7
7
13
5
9
6
6
8
9
4
10
4
6
4
10
4
2
11
9
8
4
11
15
7
7
4
6
8
9
13
6
8
11
7
2
9
2
4
11
6
9
13
85
4
8
6
4
7
9
9
7
7
6
2
6
8
11
11
4
11
2
9
4
4
2
11
3
3
6
8
10
3
3
8
2
2
11
4
11
6
6
4
8
4
9
11
4
9
10
23
11
7
19
6
4
7
9
9
4
7
11
5
2
9
6
7
9
10
8
6
12
8
5
4
4
6
6
5
9
2
4
7
6
11
7
13
9
6
6
7
6
2
6
6
6
5
4
8
9
8
6
4
7
4
19
13
9
15
11
10
15
4
7
10
5
19
13
19
9
10
41
16
3
7
0
31
3
5
5
3
14
2
18
4
18
9
12
12
9
11
11
0
8
11
18
11
11
20
8
11
14
10
21
24
12
7
24
10
21
7
11
7
47
7
13
13
4
6
7
32
22
27
8
33
9
11
19
18
26
14
43
29
23
10
20
24
24
47
21
25
16
26
29
45
21
22
41
67
38
29
25
14
15
35
31
31
43
30
24
21
48
23
24
27
28
20
29
37
37
41
25
11
41
35
39
37
28
30
28
19
31
39
37
46
34
42
49
14
44
35
34
18
38
19
24
29
39
22
53
36
62
48
27
52
32
25
49
35
28
11
48
40
46
40
57
13
43
46
31
43
25
37
28
14
62
32
40
36
47
45
17
40
46
35
34
56
23
39
48
58
49
30
46
44
53
34
17
39
48
43
41
46
32
32
30
32
36
29
40
47
46
29
31
42
36
33
35
27
13
42
14
35
12
27
17
12
25
31
25
18
27
25
12
19
13
20
14
29
48
21
21
28
16
26
13
39
23
14
16
18
42
18
27
7
16
25
17
11
13
22
14
7
21
28
19
9
26
16
37
7
19
11
16
11
5
14
15
12
9
20
18
9
15
7
28
8
9
27
12
7
30
8
79
6
8
4
14
17
14
6
14
25
10
8
8
12
8
8
13
10
8
10
21
14
8
10
14
4
6
12
12
6
6
4
8
15
12
15
21
21
12
12
6
17
12
19
14
8
8
21
6
12
10
6
8
0
15
12
17
25
12
13
4
8
23
8
8
6
12
15
23
4
8
10
13
17
12
6
14
6
14
8
17
8
19
14
17
6
8
10
6
12
15
4
13
12
6
8
23
15
13
15
10
6
12
6
8
6
6
14
21
17
6
6
13
13
6
4
4
21
4
8
4
54
6
8
8
25
25
14
12
15
10
25
12
10
19
10
10
8
19
21
13
17
10
17
12
19
19
12
15
29
15
12
12
25
12
11
10
15
8
19
10
8
8
17
12
10
10
10
15
17
19
19
19
21
64
8
15
17
27
23
23
39
15
21
15
19
14
8
8
8
19
21
19
17
21
46
15
17
15
12
29
15
13
13
21
8
21
6
8
10
12
15
27
13
15
8
19
10
12
6
19
8
4
4
17
17
15
23
15
8
10
17
2
8
13
6
6
15
17
19
10
6
13
17
4
4
12
6
17
12
6
10
4
6
4
10
12
4
8
4
12
2
6
4
0
6
4
4
2
0
2
6
0
6
4
4
8
2
6
6
6
12
4
8
4
2
8
4
4
6
4
0
6
2
0
0
2
2
2
0
6
0
4
0
6
2
4
0
4
6
0
6
8
0
4
0
4
0
8
0
10
0
2
0
2
2
8
0
8
6
8
0
0
2
6
0
2
2
2
0
0
0
6
0
0
10
8
0
0
6
8
0
0
8
4
0
0
4
2
0
0
6
4
0
0
6
6
2
0
8
4
2
0
4
6
8
0
8
0
2
0
6
0
2
0
8
6
2
0
2
4
2
6
8
6
0
0
2
2
0
0
13
2
0
0
2
4
0
0
0
0
0
0
2
7
0
0
4
0
0
15
2
0
4
6
6
0
0
0
0
0
0
0
0
0
0
0
4
0
4
0
0
8
6
4
4
8
0
0
2
6
2
2
4
6
0
2
6
2
0
0
5
0
0
0
0
0
0
0
0
2
0
0
0
0
0
0
0
0
6
0
6
2
4
0
6
0
9
0
6
0
0
0
8
0
4
0
2
4
6
0
0
2
6
0
0
11
4
0
0
0
0
0
2
0
6
0
4
0
2
0
8
0
6
0
4
13
0
0
0
4
6
0
0
6
2
0
0
4
6
0
0
15
4
0
0
6
2
6
0
9
2
6
0
6
2
8
0
4
2
0
0
15
2
0
0
2
11
0
0
8
7
0
0
11
2
10
2
4
6
2
2
4
6
4
2
4
2
0
6
4
0
4
2
8
2
6
2
4
0
4
2
0
8
6
8
4
4
6
0
6
0
0
2
8
6
6
4
0
4
4
4
2
0
2
4
8
6
0
8
6
0
4
2
0
4
2
2
2
0
2
6
4
0
6
2
6
6
10
6
4
2
4
2
4
2
6
2
4
4
6
8
2
6
4
4
4
0
0
0
6
6
0
6
4
6
0
6
0
6
2
0
2
0
4
4
4
2
4
0
4
2
0
2
4
4
2
6
2
2
4
0
8
2
4
0
4
0
6
0
2
4
8
4
4
2
4
0
0
4
2
2
6
2
8
2
4
2
2
8
4
4
2
4
2
4
4
2
4
12
6
2
2
2
4
2
0
2
4
8
6
0
4
8
8
2
4
2
4
0
4
8
4
12
0
0
4
2
0
4
4
6
2
0
4
0
2
2
0
4
6
6
4
2
4
2
6
2
0
0
2
0
0
4
0
6
4
0
4
8
2
2
0
0
2
4
4
2
0
4
4
6
6
45
0
4
4
0
8
4
2
4
0
0
8
4
0
4
4
2
2
0
4
4
0
6
2
2
0
6
2
2
0
2
6
6
4
2
0
4
6
6
6
4
2
4
8
4
2
4
6
4
4
6
8
5
8
4
11
5
3
4
7
9
9
0
7
4
8
6
6
9
6
9
7
6
13
11
9
11
11
9
6
6
9
0
8
7
4
6
10
6
9
11
9
15
17
15
21
23
8
17
13
26
23
21
18
14
23
6
13
8
32
8
27
9
23
27
38
10
19
9
28
2
2
13
13
28
28
27
15
15
40
23
17
27
4
15
0
29
0
2
15
19
15
17
11
13
25
21
36
63
29
4
51
37
48
13
40
13
8
15
19
28
8
8
13
9
8
25
19
2
9
19
21
15
10
15
56
27
11
6
28
34
21
19
0
17
9
28
0
21
4
10
25
21
21
4
20
19
33
28
74
13
13
13
19
21
36
19
57
34
23
19
25
19
13
40
10
27
15
32
19
20
17
4
44
15
30
11
9
33
26
17
0
0
11
29
23
4
8
34
15
37
11
22
13
21
49
25
10
13
19
27
2
27
13
13
25
23
23
15
2
32
23
24
2
31
15
25
13
36
69
28
6
30
11
28
7
49
8
2
49
17
15
25
19
13
15
17
15
50
32
31
45
8
11
10
13
6
30
23
10
11
9
15
6
5
6
9
15
21
21
17
13
11
11
23
13
21
17
4
15
11
6
8
11
15
13
19
13
7
13
6
11
10
19
13
13
12
15
15
11
46
22
13
58
6
24
13
9
19
13
17
20
6
6
6
7
25
12
7
5
13
24
11
6
19
24
11
55
35
22
26
8
29
31
0
19
26
26
10
7
9
9
31
12
6
15
9
13
20
10
4
17
15
8
7
27
15
22
24
15
19
9
4
20
11
20
20
25
9
11
9
2
6
13
25
17
33
37
16
39
24
9
12
6
9
9
6
11
20
4
28
9
11
17
15
4
10
29
22
8
6
58
8
7
9
6
11
2
20
22
8
11
10
13
15
15
4
6
6
9
9
11
18
10
10
8
9
15
9
15
4
8
17
18
22
9
9
6
2
6
17
4
6
10
6
2
10
13
11
22
15
6
8
13
6
8
5
7
6
7
6
13
8
13
11
6
11
4
4
29
15
6
15
20
4
6
2
6
4
8
6
9
8
13
9
6
7
6
9
6
15
4
6
8
11
17
6
6
13
8
6
7
4
4
7
24
10
8
4
11
11
17
4
6
13
6
10
6
13
21
6
4
15
6
6
2
6
2
6
13
11
11
15
9
17
9
17
8
11
4
7
15
4
8
4
6
7
9
13
6
9
9
13
8
11
4
28
13
11
15
4
15
8
7
11
20
6
11
6
10
20
10
11
17
6
28
44
7
4
13
22
10
6
7
4
2
9
2
0
2
2
0
0
2
2
2
13
2
13
11
0
2
4
15
6
2
2
0
4
2
6
6
0
2
4
0
4
4
0
2
11
2
4
0
0
0
0
6
4
2
4
8
4
2
0
0
2
9
4
6
8
2
4
4
2
9
15
0
2
11
4
2
2
12
4
0
2
4
2
0
4
2
2
4
5
2
2
6
0
0
4
2
0
2
8
6
0
4
4
4
2
2
8
4
7
2
2
0
0
4
0
2
19
0
4
4
0
0
0
4
0
4
4
2
2
2
11
0
0
4
4
2
8
2
2
2
0
13
4
2
2
4
4
2
7
2
2
2
0
0
7
2
5
2
2
2
0
9
9
4
6
0
7
4
0
4
6
13
4
2
11
2
4
4
4
4
4
2
0
4
0
10
0
7
2
0
2
4
2
0
4
11
2
0
6
4
2
6
2
4
0
7
14
4
4
2
0
2
13
4
4
13
3
17
2
2
2
7
4
6
0
2
2
0
4
2
17
11
5
13
4
4
2
2
0
7
0
2
2
0
2
2
6
7
4
9
6
4
0
2
2
0
41
4
4
2
2
4
7
6
2
2
13
9
11
4
4
2
4
4
4
13
2
2
8
7
0
6
2
0
11
2
6
0
0
2
4
6
4
0
9
4
6
6
2
34
25
29
62
39
40
18
40
29
34
36
31
32
35
26
23
32
27
29
27
26
31
27
29
26
28
29
32
22
40
23
35
28
32
35
54
33
30
35
29
32
38
38
25
38
31
25
23
25
28
26
34
35
29
25
32
32
27
32
46
28
27
36
26
40
25
37
27
38
46
47
31
31
26
27
36
29
37
27
32
24
28
24
31
51
39
31
47
28
30
40
47
34
36
41
58
40
33
39
43
34
53
24
39
39
38
36
31
31
35
28
32
13
35
27
43
37
26
36
41
23
49
26
38
33
30
23
29
26
40
28
33
22
24
33
33
38
28
33
29
36
43
28
41
34
35
35
34
22
30
31
18
44
52
28
30
36
32
31
36
29
36
28
35
30
40
34
41
24
26
31
27
27
29
33
26
39
33
38
38
24
41
42
43
38
39
41
30
44
37
33
31
34
22
31
29
32
26
33
25
29
32
27
39
36
30
37
38
39
33
34
27
29
45
45
37
31
27
30
34
31
29
24
39
38
25
31
43
24
31
28
20
31
31
22
36
36
19
27
25
33
24
35
30
32
28
23
33
24
26
31
19
23
28
18
24
20
19
29
27
33
29
31
33
29
27
33
27
20
21
28
24
11
49
28
28
28
32
23
17
35
33
25
23
23
22
24
32
89
37
13
9
37
35
0
0
0
0
0
2
2
94
21
24
26
50
0
0
0
0
0
1
0
0
19
32
46
6
53
29
55
0
0
54
31
68
0
3
23
0
0
0
0
0
0
0
0
0
23
43
88
45
66
0
0
0
0
0
2
0
0
40
38
56
23
20
34
12
45
2
0
0
2
22
0
0
6
0
28
0
0
0
85
1
2
42
59
90
0
0
0
0
0
0
87
42
22
42
16
25
0
0
0
0
0
26
46
29
0
23
0
46
0
0
0
0
0
2
79
38
30
27
25
1
14
0
0
0
0
0
2
27
13
40
19
62
56
0
0
0
0
0
0
0
41
21
20
28
25
3
68
0
0
2
0
0
20
23
23
25
32
29
0
33
0
34
56
10
22
31
17
2
44
0
0
0
0
3
33
3
0
31
6
17
63
0
0
0
0
0
5
0
2
28
27
2
38
36
32
2
0
0
43
1
50
32
87
29
0
0
0
0
0
0
0
0
55
13
49
47
7
0
17
0
0
0
99
38
34
34
31
43
0
0
0
0
0
0
0
0
0
0
0
0
0
0
0
0
0
3
3
3
62
0
2
56
29
17
0
46
70
5
0
35
42
55
0
0
3
0
0
0
1
1
0
0
0
2
16
0
0
0
0
2
2
0
