39
34
33
38
34
34
31
34
39
35
32
34
30
37
38
33
34
23
38
37
38
39
38
34
33
39
36
36
29
38
38
37
32
34
34
34
35
37
34
38
37
34
37
37
38
37
37
33
38
33
39
35
31
37
36
36
36
37
30
32
38
38
35
27
38
37
33
36
33
33
32
36
37
37
37
36
36
37
38
37
37
38
38
35
37
37
33
39
34
36
37
38
35
36
33
35
38
36
38
32
33
37
37
37
37
38
33
36
38
36
37
35
32
38
36
38
37
37
32
38
39
35
37
37
33
35
36
37
35
38
36
36
35
33
35
38
37
36
37
36
31
36
38
37
27
38
33
34
37
38
38
31
26
38
37
38
38
38
34
34
36
38
37
37
25
36
36
38
37
36
38
37
34
35
33
35
33
34
33
36
38
33
33
37
33
33
36
34
37
35
37
33
33
34
34
36
34
38
34
33
34
38
38
37
38
32
23
25
39
34
35
25
33
35
34
38
39
33
34
38
37
37
34
30
38
34
37
38
38
30
33
35
34
38
37
34
33
37
38
39
36
36
38
37
37
33
37
35
37
34
36
37
38
35
34
39
36
38
36
33
37
37
37
38
38
35
38
33
38
37
38
37
37
38
37
38
39
36
38
36
37
39
35
34
34
39
38
34
0
2
2
4
4
4
2
2
2
2
4
2
4
2
2
4
0
6
2
4
2
6
4
2
2
4
2
4
4
8
4
4
2
2
2
4
6
2
4
6
4
4
2
6
4
2
10
2
4
2
4
4
4
2
4
2
4
4
4
4
2
2
2
4
4
2
2
2
2
8
2
6
2
2
2
2
2
4
2
4
2
2
7
4
6
2
2
4
4
0
0
4
2
4
2
2
2
6
2
4
2
4
2
4
2
2
4
2
4
4
4
4
4
6
2
4
4
2
4
4
4
4
2
2
4
4
2
4
4
2
3
2
4
6
2
8
2
2
4
4
0
2
2
2
2
2
6
4
8
2
4
2
4
2
2
2
8
2
4
4
4
4
2
2
2
4
4
2
2
2
6
2
2
4
4
4
4
4
2
2
4
2
6
4
2
2
2
2
4
8
7
4
4
2
2
2
2
4
4
2
2
4
2
6
4
4
2
2
4
2
2
2
4
2
6
4
2
8
6
4
2
4
12
2
4
2
2
2
4
8
4
6
6
6
6
2
4
2
4
4
4
4
4
6
8
4
6
4
4
10
4
8
2
6
2
2
4
4
2
4
2
2
2
2
2
4
6
2
2
6
4
4
0
4
4
2
4
2
4
2
4
6
2
4
2
4
4
4
37
25
28
39
19
32
15
17
19
11
21
25
25
34
32
24
11
32
17
16
26
21
11
24
9
25
21
17
17
23
9
19
14
19
6
21
27
35
22
24
18
9
40
15
26
25
9
24
17
13
21
26
6
21
11
12
8
9
9
17
14
23
6
10
19
25
30
20
15
23
17
23
21
21
21
25
9
21
44
25
0
6
19
52
21
24
28
19
23
46
27
25
25
19
21
28
25
28
13
14
13
17
19
21
15
28
26
29
23
29
32
19
38
28
28
17
36
13
11
22
32
25
26
21
23
21
30
19
34
19
36
20
26
23
17
18
24
9
39
32
26
19
27
28
24
34
0
27
19
17
24
19
30
19
8
11
11
24
9
24
9
17
19
30
21
27
34
19
28
6
19
25
19
28
0
26
25
32
14
17
26
45
0
27
27
18
4
8
44
11
14
42
9
38
40
28
20
10
32
19
42
9
26
19
17
44
17
21
22
20
23
28
0
15
18
19
21
29
17
11
23
25
11
17
28
32
21
15
9
13
28
8
17
8
17
18
38
13
20
17
9
17
16
8
13
17
8
26
21
9
20
10
5
26
9
9
4
9
4
4
2
6
6
2
2
4
4
2
6
0
2
40
2
6
4
4
4
5
7
2
11
0
2
3
0
2
11
0
7
16
21
5
4
11
30
8
14
15
19
4
12
29
13
9
11
21
36
6
6
10
20
15
21
7
11
19
3
15
27
25
13
32
14
19
16
9
7
16
15
19
18
17
8
4
25
19
14
34
30
13
14
25
13
13
6
21
13
21
13
9
2
21
11
6
13
11
13
15
11
17
6
19
2
15
24
11
6
10
15
6
8
6
43
9
11
9
9
23
4
4
21
8
32
6
7
6
13
18
13
6
24
8
11
11
21
4
11
6
6
12
15
11
17
17
28
13
13
15
23
40
15
15
43
11
6
6
12
17
11
10
15
6
18
30
11
27
25
21
13
36
7
10
25
19
18
23
15
28
25
15
14
21
21
13
16
20
15
7
16
24
22
21
13
11
17
31
15
24
15
24
37
18
85
30
15
32
34
14
17
21
9
24
23
17
14
26
26
10
8
10
26
28
23
9
15
30
13
18
39
18
21
19
14
18
9
17
18
22
14
15
13
19
14
9
20
18
28
8
7
10
7
9
13
18
28
19
19
13
13
15
21
3
14
14
12
7
20
17
34
17
17
32
19
20
22
14
9
43
13
13
22
24
16
24
10
12
9
26
10
8
13
12
30
17
20
18
23
11
39
27
52
23
12
10
23
29
28
21
10
25
21
13
15
12
11
20
6
4
2
6
4
6
2
6
4
4
6
6
6
2
6
0
2
8
4
10
6
6
2
2
8
10
6
6
10
8
2
8
4
4
4
4
4
6
8
6
4
8
6
4
4
4
4
4
4
6
6
6
8
8
2
8
4
4
4
8
4
6
8
4
4
4
6
2
6
2
8
6
8
4
4
2
8
4
2
4
6
4
10
8
6
7
10
8
4
6
6
2
4
2
4
6
6
6
6
8
2
6
0
0
4
6
6
6
6
4
0
10
8
2
8
2
4
2
4
4
10
4
6
2
6
2
6
10
6
0
8
4
8
10
6
4
8
8
6
4
6
10
4
2
10
8
8
2
8
4
8
6
8
10
6
6
6
4
2
8
8
2
8
6
4
6
2
4
6
6
4
4
6
2
6
6
8
6
4
6
8
6
2
6
4
8
4
6
4
6
2
4
4
4
8
6
10
4
6
8
6
4
2
4
2
4
4
5
6
8
4
2
6
4
4
8
4
4
8
8
8
2
6
2
6
6
8
8
8
4
6
6
4
4
10
6
6
4
4
4
8
4
8
8
4
2
4
8
4
6
8
4
6
6
2
8
10
2
4
6
4
6
6
6
6
6
4
6
4
4
4
4
6
4
12
4
8
2
8
6
6
8
6
6
2
2
4
6
35
10
10
25
6
10
17
10
15
15
33
6
17
6
14
27
17
10
8
17
10
19
12
12
17
13
12
17
21
17
19
12
12
17
15
12
16
14
12
8
35
17
21
14
21
6
6
6
10
15
19
8
8
33
35
14
2
8
14
19
35
23
39
12
43
27
23
19
31
37
33
25
37
23
23
19
21
25
19
29
35
17
31
17
33
27
58
46
39
23
39
62
58
39
66
35
43
14
17
27
62
23
50
56
54
14
15
41
13
8
41
14
2
17
14
41
31
6
31
25
10
4
14
15
10
10
17
14
12
23
16
25
17
23
25
19
10
12
8
41
14
8
12
16
12
14
19
12
23
8
17
10
8
12
12
6
6
16
17
12
10
12
14
12
35
17
10
14
45
16
23
25
10
33
21
10
25
0
0
8
14
15
37
10
19
12
23
15
27
46
10
29
29
21
47
6
4
6
14
37
27
15
41
29
17
39
15
6
10
14
33
35
33
43
21
33
46
25
31
19
35
27
12
8
27
17
23
23
29
16
12
10
39
10
17
43
14
27
17
27
16
12
23
15
6
17
14
21
19
14
19
23
16
6
54
8
8
23
10
25
8
8
29
8
4
12
15
16
14
12
4
21
12
8
4
12
12
25
19
10
8
12
19
21
8
10
23
8
10
6
4
8
6
6
0
6
4
0
4
8
0
0
8
0
8
12
4
4
0
8
2
8
8
4
6
2
6
68
6
4
8
8
10
0
4
2
2
6
6
8
4
12
2
0
6
2
2
0
2
2
6
2
0
0
10
4
8
10
6
2
6
8
4
2
4
4
8
0
6
0
4
8
0
0
2
66
6
10
62
0
0
4
0
6
0
4
10
4
0
2
6
2
0
0
4
6
68
8
4
0
0
4
2
6
66
6
2
6
8
10
6
0
6
0
2
8
4
6
0
0
6
4
10
6
4
8
0
6
6
6
0
6
6
6
0
0
10
4
0
6
2
8
0
10
4
8
2
0
2
6
6
6
2
0
2
0
4
4
0
6
2
6
2
61
6
2
0
6
4
8
6
6
2
8
8
6
0
40
0
8
6
20
10
8
4
2
4
6
0
8
0
2
6
6
6
0
2
6
8
8
2
8
2
8
4
4
4
8
12
8
10
2
4
6
6
0
6
0
55
2
6
70
6
8
2
8
4
4
8
6
2
6
4
6
6
2
6
2
8
10
6
12
0
4
6
2
6
6
6
6
8
0
4
6
6
4
0
2
0
0
4
55
2
0
10
2
2
6
10
4
8
0
0
0
0
10
10
62
6
8
79
10
8
6
2
8
21
2
4
0
25
21
2
5
0
0
1
2
2
11
0
0
46
52
0
0
2
23
6
2
36
9
0
36
22
1
2
2
0
4
0
84
2
9
0
2
68
0
33
2
2
0
0
0
3
2
0
64
1
0
0
2
86
0
7
0
0
39
2
0
13
0
2
1
0
26
4
23
2
2
36
40
0
2
27
2
25
9
26
2
3
0
1
2
0
0
22
8
42
5
19
31
0
77
34
0
0
3
36
20
5
2
35
2
26
7
38
0
0
20
0
0
2
0
2
4
2
0
3
21
0
0
2
0
19
2
23
4
0
0
3
0
0
2
26
3
0
14
0
3
23
2
0
1
3
0
26
2
3
0
26
0
13
2
1
0
19
1
4
0
30
0
29
0
0
0
3
0
0
0
38
39
10
1
0
0
0
0
0
2
0
2
2
15
13
2
15
1
0
0
20
0
0
0
2
2
2
0
3
2
25
4
27
0
34
0
34
27
71
2
0
35
6
46
2
0
2
0
68
0
41
15
78
4
2
30
2
8
26
4
7
42
39
2
0
47
1
0
6
2
1
0
0
68
2
1
2
0
6
22
22
54
8
44
22
64
2
3
28
33
38
0
71
0
0
0
0
0
56
35
4
44
24
25
8
43
0
0
0
0
46
87
0
0
89
0
2
61
5
2
67
0
4
6
5
4
42
5
5
2
4
0
2
36
0
15
2
2
26
7
11
24
0
2
0
0
42
2
0
0
6
0
3
37
2
0
46
2
2
0
2
2
2
2
81
4
2
6
15
5
2
2
73
2
5
5
7
5
45
0
5
7
2
6
59
0
6
2
2
0
7
2
4
2
2
4
2
5
6
8
2
4
0
4
52
2
6
2
2
5
0
11
11
5
2
4
22
0
2
8
4
9
83
2
2
5
2
3
35
2
0
49
4
2
42
2
2
4
2
0
0
4
2
5
3
8
23
7
4
6
6
0
3
2
0
5
4
6
6
0
2
4
1
7
40
2
5
36
3
90
2
8
2
2
2
3
2
2
2
6
4
6
2
33
2
5
31
0
0
32
2
3
5
7
0
5
3
2
2
5
0
19
2
0
4
4
0
15
15
16
22
3
5
6
40
8
5
0
4
8
65
0
7
5
4
0
25
15
0
0
1
21
40
4
4
30
8
2
4
0
0
4
2
12
6
2
0
4
30
3
21
33
23
1
4
2
2
16
5
4
2
16
15
21
4
0
4
3
0
4
29
2
2
19
3
16
2
29
2
2
14
2
4
31
1
22
20
29
0
2
7
0
4
2
0
25
3
21
37
36
23
23
23
31
11
75
41
41
45
35
61
28
36
30
50
35
64
29
69
43
36
14
15
14
18
76
42
48
2
9
7
29
21
35
51
42
28
44
27
34
14
13
32
5
38
11
38
40
34
64
58
19
15
29
29
81
52
36
16
65
45
42
20
31
66
18
42
31
35
18
48
48
37
9
25
38
53
17
42
21
5
4
8
28
34
16
35
34
50
24
16
20
70
30
36
34
13
42
31
11
36
28
44
40
24
40
34
18
57
39
38
29
37
16
45
29
35
15
32
41
31
35
29
33
24
14
36
31
33
16
34
21
52
46
20
33
41
18
33
13
26
23
10
0
36
21
35
32
25
70
20
49
32
47
35
17
46
61
49
13
31
33
35
26
23
30
30
25
12
35
37
15
57
18
51
38
30
61
38
17
20
17
27
34
30
49
50
34
33
12
25
17
3
35
27
0
60
28
40
77
28
30
53
33
34
38
48
37
9
63
25
33
27
40
58
41
33
50
21
9
15
33
35
29
50
37
39
37
34
0
63
16
38
27
27
0
15
7
26
66
46
0
23
7
23
19
17
44
3
9
20
6
11
69
15
7
5
34
29
18
9
32
21
33
1
33
10
16
26
35
38
28
10
14
23
21
12
14
29
18
2
14
34
36
24
54
24
23
6
24
