4
8
8
6
6
6
10
12
8
16
8
10
6
2
0
6
6
6
4
14
2
0
6
0
8
16
8
6
4
6
8
6
4
6
14
29
6
10
12
10
6
4
4
12
10
12
19
14
19
33
8
12
35
19
12
21
72
17
19
12
21
41
23
33
16
17
25
19
18
23
27
19
17
21
21
19
23
19
39
19
16
14
27
29
37
17
17
21
10
8
39
12
6
17
15
23
35
13
21
8
13
23
39
12
6
10
33
17
19
15
31
25
17
29
23
27
15
29
19
41
31
12
15
33
6
19
15
8
17
8
19
23
10
10
25
23
23
21
16
12
19
17
23
17
10
14
13
16
14
12
10
25
33
25
12
54
39
16
16
12
27
25
2
17
23
10
16
6
8
6
4
14
2
6
8
4
8
2
2
8
10
8
8
2
6
4
6
4
6
2
10
8
8
6
12
8
4
6
6
4
4
4
6
4
13
0
12
12
8
8
2
10
2
6
10
12
6
12
12
8
8
12
10
6
10
0
8
4
6
6
6
2
10
2
0
4
10
12
4
12
6
23
8
17
6
4
6
8
4
2
29
6
16
8
2
2
14
2
10
10
4
2
4
14
4
4
17
14
8
6
2
2
10
8
14
8
12
10
19
2
10
6
4
6
0
2
4
4
28
39
37
28
35
32
32
37
33
33
38
37
24
32
37
38
35
32
35
31
34
30
27
34
37
35
33
30
35
33
29
35
37
37
31
31
36
38
37
38
38
33
31
34
37
31
39
34
27
31
39
38
38
25
34
37
38
37
32
32
38
37
39
35
31
36
30
37
37
37
36
34
38
33
34
36
37
37
29
37
37
37
36
28
36
37
30
37
31
36
37
37
33
36
33
38
34
34
38
28
33
36
36
33
37
36
29
31
36
37
31
38
31
32
36
35
35
36
32
35
35
36
35
32
29
33
36
35
30
33
32
33
38
38
34
38
32
34
38
38
37
26
36
37
37
32
35
29
38
37
39
33
25
34
34
31
37
32
36
29
36
37
37
34
36
28
36
31
38
32
36
33
37
34
37
37
37
28
34
35
37
28
37
31
37
37
32
37
34
31
37
36
30
25
27
31
33
33
29
37
26
36
29
37
29
36
38
33
37
37
36
37
33
32
37
31
32
35
42
31
38
35
29
29
38
37
33
29
27
27
34
37
35
31
33
36
31
37
34
33
35
31
35
34
36
36
31
28
35
34
37
35
30
38
30
36
36
34
32
35
29
33
35
29
33
36
31
35
37
28
38
24
38
35
34
30
31
37
37
37
34
32
32
33
33
37
37
31
46
4
14
0
2
25
4
2
14
2
20
42
4
2
10
4
4
4
4
4
4
2
2
4
4
6
0
2
4
0
6
4
2
4
6
4
50
0
6
4
2
4
2
2
2
6
0
2
4
2
4
6
6
2
4
4
6
4
4
2
2
2
2
2
42
2
44
4
2
2
2
0
4
4
0
6
4
46
2
4
2
42
4
4
4
27
8
4
2
42
4
4
2
8
4
4
8
8
2
4
6
2
29
6
2
4
6
4
4
4
2
14
6
4
2
6
0
6
14
0
6
2
6
2
4
4
4
4
4
6
4
4
6
2
4
4
0
8
2
2
2
2
4
6
4
8
6
8
2
2
4
2
4
0
2
0
6
0
2
4
2
40
4
0
2
0
4
0
6
2
4
2
0
2
6
2
2
27
6
2
27
0
6
6
4
2
4
0
42
2
2
6
17
4
4
2
4
6
2
12
6
0
0
4
4
4
2
4
2
6
2
4
4
0
6
6
4
4
4
40
2
2
2
4
2
6
44
2
2
2
2
0
2
0
4
11
2
2
2
4
2
29
0
0
4
2
2
4
2
2
4
2
2
2
4
35
6
4
0
4
2
4
2
4
2
4
36
2
2
6
2
6
0
4
2
0
6
0
2
2
2
2
0
2
4
4
42
2
2
2
2
2
4
0
4
2
0
0
4
2
0
4
0
0
2
2
4
2
2
2
0
2
2
4
4
0
4
2
0
2
2
0
4
0
4
4
0
2
0
0
4
4
2
2
4
6
2
4
4
4
2
0
0
4
2
0
0
4
0
0
2
4
0
2
2
0
4
4
6
2
2
2
4
4
6
0
2
0
4
4
0
4
8
6
2
2
8
2
2
4
79
2
0
4
4
2
6
0
2
4
2
0
0
4
2
0
2
0
2
0
0
4
0
2
2
2
2
2
0
2
0
2
4
4
6
2
2
0
2
0
0
0
0
2
2
2
2
0
2
2
4
6
6
2
2
0
14
2
4
2
2
2
0
4
4
10
4
0
2
4
0
2
4
2
2
2
10
2
2
0
2
0
2
8
4
0
2
6
4
2
2
2
2
2
2
4
2
8
2
2
2
4
4
4
0
2
0
2
4
4
8
2
2
2
2
6
2
2
4
2
2
2
6
2
0
6
4
4
2
0
4
0
2
4
4
6
4
0
2
4
2
4
2
2
2
4
0
2
6
2
0
0
6
2
0
2
6
2
0
0
2
2
4
6
4
6
2
2
0
2
6
4
2
4
4
6
0
2
2
2
4
2
2
2
0
0
0
2
2
6
6
2
4
2
2
4
20
18
5
31
18
19
13
7
14
16
16
16
8
17
4
10
17
30
20
19
33
12
14
9
24
18
11
7
3
5
6
9
30
2
4
12
13
2
6
4
12
4
6
4
14
10
12
25
33
28
7
9
12
24
24
71
24
18
3
0
1
13
8
9
8
10
16
21
14
10
16
12
18
16
11
12
16
7
13
27
6
14
15
10
4
12
7
16
15
3
2
8
10
18
10
7
10
3
8
19
23
7
9
7
5
4
8
3
7
13
4
5
5
6
2
7
5
2
7
0
11
4
5
9
9
17
2
11
3
7
3
11
1
4
5
1
31
4
4
2
6
2
7
2
4
5
6
5
8
4
7
2
5
4
6
7
17
2
5
3
14
6
5
3
9
15
8
4
6
9
6
7
4
4
5
12
4
9
9
53
73
17
7
11
4
6
8
5
5
5
4
2
1
7
0
4
8
12
2
4
26
2
6
3
2
10
8
8
4
12
11
10
7
7
7
5
6
3
8
10
10
9
6
10
15
6
9
11
2
4
9
4
4
2
2
10
6
2
6
7
11
13
14
8
25
18
19
2
4
8
15
14
14
5
5
3
8
4
4
11
16
17
14
21
17
24
11
13
7
20
11
10
9
7
11
16
15
6
15
14
15
6
10
10
5
11
17
7
4
16
3
15
2
3
1
2
5
6
2
0
3
7
4
0
4
4
4
7
4
4
2
3
4
0
9
5
4
4
5
0
4
12
4
5
5
2
2
10
5
2
12
4
4
2
2
2
7
10
3
13
2
7
11
1
3
2
4
2
2
7
7
3
3
7
3
3
0
5
9
1
3
1
13
3
5
1
8
3
0
8
2
3
10
0
5
2
2
7
10
12
3
2
2
4
3
5
5
15
2
0
3
2
10
2
7
2
7
4
12
2
7
0
12
3
7
5
7
6
4
3
4
7
1
7
2
0
5
7
2
3
1
9
2
6
3
2
0
3
0
2
3
0
1
7
4
3
1
5
8
2
2
1
2
7
6
2
5
4
4
5
10
5
2
3
0
11
3
6
0
4
2
2
10
5
0
5
4
0
3
2
3
7
2
3
5
2
2
10
2
2
5
2
4
7
2
5
2
5
0
2
4
1
2
0
3
4
2
5
3
7
3
4
5
6
2
2
3
10
2
4
5
0
2
7
3
2
2
6
2
14
5
3
10
2
3
2
3
2
4
5
3
2
3
0
7
0
2
4
4
5
4
5
5
2
5
10
5
5
10
2
5
3
4
2
2
5
2
4
4
3
11
2
3
0
0
10
3
0
5
6
8
5
4
4
7
3
57
28
17
47
33
26
18
47
19
45
32
24
30
15
24
43
9
26
13
34
22
22
19
16
18
22
17
9
24
38
15
30
20
11
41
47
13
39
7
27
20
15
30
35
42
15
26
13
46
43
30
34
18
18
27
28
11
23
30
18
35
45
49
55
19
11
13
17
12
25
19
42
32
15
21
15
41
27
45
18
48
47
24
45
28
28
13
35
27
34
25
32
45
33
32
26
54
19
42
23
36
28
41
17
29
36
20
20
50
32
25
24
39
49
45
54
27
47
26
58
57
30
31
35
25
34
53
32
11
60
66
23
42
53
41
47
39
30
39
33
32
16
40
27
55
54
49
35
35
34
49
53
20
39
51
38
69
47
21
45
49
31
97
45
28
49
49
70
57
41
36
75
48
39
32
54
76
33
30
40
24
60
59
22
59
23
41
55
60
66
54
30
48
71
32
49
22
61
69
25
63
21
40
59
34
25
60
48
49
15
23
66
58
65
21
40
59
40
70
56
59
28
36
31
74
22
35
19
40
24
35
15
34
28
50
33
59
17
46
34
50
41
34
27
43
42
26
32
21
16
21
7
22
31
26
23
17
32
20
11
59
33
13
45
23
16
17
48
20
41
13
15
38
26
29
26
22
13
25
42
27
13
9
55
74
49
23
36
0
0
19
0
0
2
2
0
3
0
0
0
2
5
22
3
2
2
4
1
0
0
0
14
0
20
5
0
0
2
3
5
0
4
5
0
0
0
8
2
1
2
7
5
2
0
1
2
0
0
1
0
3
0
0
6
2
2
2
0
3
1
1
4
2
2
2
2
0
2
0
0
4
2
0
4
0
2
0
0
4
4
13
0
4
0
2
0
3
21
0
2
2
4
2
2
0
4
4
35
2
10
7
27
6
2
29
4
2
4
3
0
3
2
0
0
4
0
36
0
0
0
2
2
2
2
4
3
2
11
0
28
2
26
5
6
2
2
0
24
4
4
0
4
0
0
0
2
0
6
2
2
2
0
6
0
2
7
17
3
2
2
0
2
2
0
3
4
2
9
2
0
6
0
3
0
0
6
0
2
4
7
2
0
3
0
4
0
0
3
0
6
0
4
0
4
7
28
6
3
4
0
0
2
2
0
0
5
0
0
0
3
0
0
2
0
11
2
2
2
2
2
4
3
13
0
6
2
26
0
0
2
0
2
2
2
2
2
4
0
2
0
0
2
0
6
0
0
5
2
0
2
2
0
0
4
3
2
0
2
2
4
2
0
0
2
2
3
0
2
6
4
4
2
0
2
2
4
0
33
4
2
0
2
4
0
2
0
21
17
21
6
29
10
19
15
12
13
17
34
29
13
12
10
17
35
15
13
13
14
15
19
13
8
8
17
28
19
27
13
12
12
29
29
9
12
15
10
12
21
17
42
27
14
17
28
23
27
23
4
30
34
19
48
9
23
12
13
8
27
6
21
10
13
27
6
17
12
9
21
19
14
29
17
25
31
12
12
38
21
10
12
54
24
27
15
33
21
25
25
19
9
29
12
11
13
15
9
17
29
6
25
15
37
15
29
23
27
19
19
29
15
27
27
44
41
29
19
13
23
19
33
39
28
35
23
40
15
14
37
13
19
35
44
12
26
72
38
10
17
15
33
14
27
2
11
11
15
29
19
37
25
23
17
21
21
25
40
17
35
58
37
14
21
25
14
23
18
23
23
23
22
13
31
21
19
36
45
24
19
93
15
13
33
25
2
40
33
23
8
26
11
25
19
18
14
6
12
32
45
24
48
50
11
39
12
19
0
54
23
54
17
59
28
31
93
13
36
29
16
11
15
29
39
18
21
37
22
21
19
15
19
17
25
17
8
19
15
25
25
31
13
15
29
15
40
21
19
23
36
27
38
25
23
61
34
14
69
11
6
11
23
50
15
23
8
23
17
15
32
14
21
17
4
12
73
15
2
6
4
5
8
15
6
11
19
2
4
0
0
2
0
0
0
2
4
0
0
2
2
2
2
0
0
2
2
4
2
0
4
2
4
2
2
2
2
0
2
2
0
2
2
4
0
0
0
0
0
2
0
2
0
0
0
2
2
2
0
2
2
0
0
4
2
0
0
2
2
0
0
2
2
2
0
6
0
0
0
0
2
2
0
4
0
0
0
2
0
0
0
2
4
0
0
4
2
2
0
0
2
2
2
0
2
4
2
2
0
0
0
6
4
2
0
2
0
6
0
2
4
0
0
0
2
2
4
2
4
0
2
0
4
2
2
2
4
2
0
2
4
2
0
6
2
0
0
2
4
0
0
0
0
0
2
0
2
0
2
2
4
4
4
4
2
2
2
0
4
0
2
4
4
2
0
0
4
2
0
2
0
0
0
0
4
0
4
2
0
0
2
2
0
2
0
2
0
2
0
0
2
0
0
2
2
0
0
4
0
4
2
0
0
6
2
4
0
4
0
2
2
2
2
2
4
2
0
0
0
4
10
0
2
0
0
2
0
0
8
0
0
8
0
2
2
0
4
0
0
0
2
0
2
0
0
0
2
2
4
6
2
2
0
0
0
6
0
0
4
2
0
0
6
0
0
0
0
4
2
0
2
0
0
2
2
0
0
2
2
2
2
2
2
2
4
