0
2
2
0
0
0
0
2
0
0
0
0
0
0
2
0
10
2
0
2
0
2
8
4
4
8
2
2
4
6
0
2
4
4
0
0
0
4
10
0
0
2
0
0
0
0
0
2
0
2
6
2
2
4
2
2
2
2
4
6
0
2
10
2
6
4
0
0
2
2
0
0
2
6
4
2
4
8
6
14
2
4
0
2
2
4
2
0
0
2
2
2
6
8
4
2
2
2
2
2
4
2
2
2
4
2
0
4
0
0
2
0
2
4
0
14
2
0
2
6
0
6
2
2
2
2
16
2
2
8
2
2
0
0
2
0
2
0
0
0
2
2
0
0
0
2
2
0
2
2
2
2
2
2
2
0
0
2
0
0
0
0
2
2
2
0
0
2
2
0
2
2
2
0
0
2
0
0
2
0
0
2
2
0
6
0
2
0
2
0
2
0
2
2
0
0
0
4
4
2
0
0
2
0
0
0
0
2
0
2
0
0
2
0
0
2
0
0
2
0
0
2
2
0
2
0
0
2
2
0
0
0
0
2
0
2
2
2
0
2
2
0
2
0
0
0
2
0
0
0
0
0
2
2
0
2
2
2
0
0
2
2
0
0
2
2
2
0
2
2
6
2
2
0
0
0
0
0
2
2
2
0
0
0
0
0
2
2
2
4
4
4
18
2
6
8
6
2
5
4
6
5
5
2
6
7
11
4
4
2
2
4
4
4
4
2
2
15
69
0
4
4
4
7
2
2
2
9
7
12
10
4
0
5
5
5
4
5
2
3
4
4
17
5
5
6
7
11
9
11
5
7
4
28
15
2
5
0
7
13
7
7
3
6
4
5
11
35
6
6
7
9
9
7
2
6
0
2
6
30
17
2
2
2
4
2
5
0
5
0
4
5
9
31
25
5
4
9
5
2
0
14
15
75
2
7
4
3
2
2
3
2
5
4
2
2
2
13
2
4
2
2
3
2
2
4
2
0
0
6
0
0
0
2
4
2
0
5
4
0
2
2
0
2
2
4
2
4
5
0
8
0
7
2
2
4
11
2
4
6
7
18
0
26
9
4
2
2
2
2
7
5
6
20
7
7
2
7
2
4
4
4
2
0
4
2
4
11
1
5
0
2
0
2
11
0
0
2
17
17
15
4
4
4
0
4
2
0
0
0
6
4
0
15
2
4
4
2
2
3
7
0
4
0
0
15
4
2
2
2
4
0
5
4
2
3
2
15
9
0
6
4
6
2
0
4
4
2
0
2
0
0
0
5
7
7
0
4
0
0
4
2
14
12
6
2
2
4
3
30
14
33
0
2
8
11
25
21
22
20
16
31
19
33
26
34
22
28
26
25
21
20
34
23
24
34
21
14
8
23
23
8
18
16
13
11
11
25
33
2
20
49
19
13
20
26
22
34
30
15
20
17
30
28
13
9
28
23
17
21
18
20
9
10
10
36
13
23
31
10
4
14
16
8
38
21
13
35
29
21
21
11
22
27
12
20
18
33
18
30
21
18
15
27
29
26
15
18
16
11
29
19
39
21
29
16
15
10
11
21
31
28
23
31
20
12
26
11
25
19
29
34
24
24
9
13
19
16
26
23
19
13
16
16
30
31
23
15
27
17
37
18
16
19
19
29
17
31
19
29
26
18
7
23
21
11
21
25
23
24
14
17
28
27
31
28
21
18
12
26
21
24
33
20
13
30
28
25
12
32
16
22
30
19
24
23
17
23
21
19
28
22
16
13
24
19
29
19
25
23
32
20
20
32
30
16
27
24
19
21
19
24
13
19
29
18
29
16
15
11
23
28
23
15
23
22
24
25
19
22
26
21
13
11
22
25
18
13
14
23
19
21
17
20
15
17
16
20
9
18
11
15
23
20
10
13
26
7
20
10
10
12
11
7
7
8
2
7
8
5
2
6
3
3
10
3
5
2
3
3
2
7
6
5
9
5
4
2
3
7
3
2
8
9
0
0
0
1
3
1
0
0
1
0
0
0
0
1
5
0
0
6
0
3
1
0
1
3
3
3
0
1
1
0
4
1
10
0
1
0
0
1
0
0
1
0
1
1
0
3
3
1
0
0
0
3
1
3
0
0
0
1
0
1
0
3
1
3
18
0
1
0
1
0
1
3
0
0
0
0
0
0
1
0
0
1
5
0
0
0
0
0
0
3
1
0
3
0
0
1
0
5
1
1
1
1
1
0
1
0
0
1
1
0
1
1
3
0
8
0
0
1
0
3
3
0
0
1
9
1
7
1
1
0
0
0
1
1
0
1
0
0
1
0
0
1
0
0
3
0
0
1
1
0
3
0
1
1
0
0
1
1
1
1
0
0
5
1
3
0
0
2
0
0
1
1
1
0
0
0
0
0
3
1
5
0
0
0
0
0
0
0
1
1
1
1
0
5
3
1
0
0
0
0
0
4
0
1
3
0
3
1
3
0
1
1
1
0
0
0
0
3
1
0
0
3
5
1
1
3
0
0
1
0
1
0
1
0
0
3
1
1
1
1
0
0
3
0
3
3
0
1
3
1
1
1
3
3
0
0
3
5
0
5
0
1
0
3
1
0
1
1
1
7
0
3
3
0
0
1
0
1
1
1
3
1
0
0
1
3
1
0
4
2
2
2
36
2
4
2
6
2
0
2
6
0
0
2
0
2
0
4
4
0
2
84
10
17
11
7
40
48
85
2
2
2
4
2
8
2
11
4
6
0
4
4
2
2
2
4
2
4
2
2
0
2
2
0
2
2
2
0
18
6
42
2
2
2
4
2
2
56
4
6
2
2
78
4
4
2
2
2
4
2
2
4
0
8
7
0
2
2
0
4
4
0
0
4
2
0
9
0
0
12
0
0
4
4
2
2
11
0
92
4
10
0
2
2
0
76
2
0
0
2
2
2
2
4
4
28
2
0
4
0
6
2
46
82
0
0
4
2
2
9
2
0
2
4
6
7
39
4
0
2
6
0
13
4
0
6
2
0
2
2
6
0
0
2
2
0
0
2
2
0
4
11
0
11
2
4
61
2
0
0
0
0
2
2
0
2
2
0
0
0
2
0
0
12
2
4
2
4
0
2
0
2
0
5
17
0
2
0
0
0
8
0
2
88
0
0
2
2
2
0
2
8
0
2
2
6
0
6
35
2
2
0
2
0
0
20
0
4
2
2
11
31
7
0
15
2
2
0
0
18
2
2
0
29
5
2
0
0
0
2
4
0
0
2
2
0
46
29
0
0
0
0
4
96
0
33
0
0
20
4
2
0
2
0
17
4
0
8
13
13
15
13
18
11
18
18
8
17
13
18
16
11
9
8
14
12
4
7
14
11
16
15
10
8
10
10
20
13
8
18
21
18
9
9
20
17
13
16
11
8
15
13
24
22
41
32
36
30
37
43
34
28
36
36
32
28
9
8
13
13
13
17
16
11
11
14
11
13
10
11
17
11
16
14
10
10
24
13
15
6
13
17
17
16
14
20
16
15
12
16
16
18
12
13
21
14
13
13
12
18
12
18
11
9
15
14
18
12
18
19
17
13
16
12
17
16
27
12
16
10
14
11
12
23
15
10
11
13
19
10
13
10
9
22
13
17
27
16
10
16
20
11
21
12
18
12
17
18
17
19
12
17
11
19
15
25
10
21
20
22
14
8
27
18
9
9
21
16
18
9
11
11
11
19
21
12
15
9
15
12
13
16
20
19
10
17
16
21
15
7
17
16
22
18
21
17
12
12
17
9
14
11
17
11
13
28
18
12
13
7
12
11
19
18
20
19
10
17
15
10
8
12
15
10
8
15
21
10
14
21
12
5
14
7
19
11
14
11
15
17
17
11
17
27
11
14
14
13
10
15
23
15
6
12
17
11
13
15
16
20
16
14
14
15
22
26
16
11
15
11
14
20
11
11
17
22
19
22
12
11
11
12
9
11
2
2
4
0
0
0
6
2
8
6
0
0
2
0
10
0
0
0
0
0
6
4
4
0
2
0
0
0
4
0
0
2
6
4
0
0
2
0
4
0
0
0
2
0
0
0
2
0
0
0
2
2
4
2
0
0
10
2
0
0
0
2
0
0
0
2
0
2
0
0
0
8
14
0
2
0
0
4
2
8
0
0
0
0
4
12
2
11
0
4
2
4
2
0
2
2
0
2
0
2
0
10
0
2
6
2
0
0
0
0
0
0
2
2
0
0
0
0
10
2
0
2
0
0
0
0
0
2
10
0
0
0
0
0
0
0
2
2
0
0
8
0
0
4
4
0
2
2
2
0
4
0
10
4
0
0
0
10
2
11
8
0
0
0
0
12
0
0
0
4
2
6
4
2
0
0
0
12
0
0
2
2
2
8
0
2
2
2
2
0
4
2
4
4
0
6
0
15
0
8
2
0
6
4
0
2
2
0
2
4
8
0
4
6
0
2
0
0
8
2
0
8
0
2
0
2
2
0
2
0
0
2
8
0
0
2
0
0
10
2
0
4
0
6
6
0
0
0
0
2
4
0
0
8
2
4
7
4
4
2
6
7
10
0
2
0
2
0
0
0
0
2
0
9
4
0
0
2
4
2
6
0
2
2
4
8
0
2
72
49
43
38
24
52
51
53
34
64
34
41
40
36
56
47
53
47
54
30
60
57
35
41
45
58
46
33
62
38
51
46
53
47
57
39
42
48
39
66
54
45
46
43
53
61
51
35
56
44
62
55
46
47
48
77
43
57
58
56
40
54
67
63
51
52
59
52
53
63
66
46
56
58
48
55
58
56
52
56
22
43
35
48
73
67
42
46
56
42
48
57
51
45
46
58
54
59
69
54
53
60
51
32
48
34
50
58
39
67
33
55
70
50
51
50
54
49
48
53
46
52
34
61
57
56
53
69
36
35
39
54
52
58
64
70
50
51
52
66
54
70
56
60
51
56
59
54
33
45
51
65
52
60
55
58
44
36
45
65
44
63
53
58
51
35
44
58
56
54
53
40
51
53
60
49
47
67
64
41
46
48
64
53
65
46
62
54
54
63
37
37
68
53
66
54
33
66
64
45
64
34
41
46
40
55
55
71
46
47
58
51
52
35
52
59
63
46
54
55
61
62
58
54
51
64
37
44
53
55
57
63
64
51
59
63
42
59
35
54
75
41
61
53
72
51
33
44
51
50
48
33
72
55
65
58
69
59
38
70
62
51
74
54
73
0
69
24
1
0
10
1
78
0
0
36
42
35
69
23
36
33
43
66
44
68
72
42
4
0
4
8
0
6
6
0
2
8
6
6
0
4
6
4
8
6
0
6
2
2
8
6
6
0
8
0
0
6
6
2
2
11
0
6
4
4
6
2
0
2
6
0
0
0
0
6
0
6
8
2
0
6
8
6
2
4
0
4
2
6
2
4
0
6
0
4
6
8
2
51
2
4
0
0
0
0
2
0
2
0
2
0
0
0
0
4
0
4
4
8
0
0
8
0
6
4
4
0
4
2
8
2
4
4
4
0
83
4
2
2
4
4
0
8
0
4
8
6
2
2
6
4
6
0
6
2
4
4
8
0
0
0
0
6
6
2
0
0
2
0
0
0
0
2
0
0
0
0
90
0
2
6
6
0
0
0
0
0
0
0
0
0
0
0
8
0
0
0
0
2
4
5
0
0
0
6
6
0
0
0
0
6
0
0
0
0
0
6
6
4
4
0
0
4
2
0
0
0
0
8
4
6
0
0
0
4
0
0
0
2
0
4
6
0
0
0
0
4
6
4
0
0
6
4
2
0
0
0
0
4
2
0
2
4
4
4
2
0
0
0
4
4
4
0
0
0
6
0
0
2
0
0
8
2
0
2
86
2
2
0
0
6
0
0
4
0
2
0
0
0
4
2
0
0
8
0
6
2
2
0
0
0
2
4
2
6
21
20
9
29
17
13
19
19
5
9
31
21
40
16
10
16
14
17
40
27
12
16
23
17
11
13
13
16
28
6
26
18
24
16
18
7
20
13
18
24
15
17
19
24
34
10
26
28
21
13
13
18
12
16
10
16
21
13
9
35
41
16
21
31
27
14
28
26
8
13
29
14
21
16
14
31
27
17
18
25
9
18
30
18
13
13
7
23
22
16
72
29
19
42
16
18
10
22
25
17
21
19
30
19
18
16
12
12
12
12
14
28
28
20
36
37
15
28
18
42
12
14
17
29
21
18
23
40
19
18
47
15
13
23
17
19
11
20
19
34
21
14
17
17
18
6
17
40
17
24
18
53
13
14
10
30
39
13
21
19
32
23
31
24
19
15
15
10
12
7
17
11
25
30
16
20
37
20
21
28
19
22
31
16
17
15
17
16
43
26
21
31
22
26
13
20
32
22
22
18
37
17
14
10
19
17
18
15
14
23
39
16
21
24
19
12
16
21
28
28
27
15
22
32
14
21
22
17
22
10
29
19
26
16
25
39
16
25
26
31
28
16
14
39
25
22
31
19
22
19
13
27
30
12
29
26
19
13
32
10
18
16
22
47
23
21
11
19
35
18
9
16
27
11
17
47
17
29
32
36
15
21
25
19
41
33
24
29
