0
2
2
2
2
2
2
2
0
2
2
2
0
2
4
2
0
0
0
2
2
0
2
2
2
2
2
2
2
0
0
2
2
2
0
2
2
2
2
2
2
2
0
0
0
2
0
0
4
0
2
2
0
0
0
2
0
2
0
0
4
2
2
0
2
0
0
4
2
2
2
2
2
2
0
2
2
0
0
2
2
2
2
0
0
2
2
2
2
2
2
2
4
2
2
0
2
4
4
2
2
2
2
0
2
0
0
0
2
2
2
2
2
2
0
2
2
4
2
2
0
2
0
2
2
2
0
2
4
0
2
0
0
0
2
2
2
2
2
2
0
2
2
2
0
0
2
2
2
0
2
2
2
0
2
2
2
2
4
2
4
2
2
2
2
2
2
4
0
2
2
2
2
2
0
0
0
2
0
2
0
2
2
2
2
2
2
2
4
2
2
2
2
2
2
0
0
0
0
0
0
0
0
0
0
0
0
0
0
0
0
0
0
0
0
0
0
0
0
0
0
0
0
0
0
0
0
0
0
0
0
0
2
0
0
0
0
0
0
0
2
0
0
0
0
2
0
2
0
0
0
0
0
0
0
0
0
0
0
0
0
0
2
0
0
0
0
0
0
0
0
2
0
0
0
0
0
0
0
0
0
0
0
0
0
0
0
0
6
31
6
4
4
2
4
0
2
0
0
2
2
2
0
2
6
4
0
4
2
0
6
4
2
4
0
2
2
4
4
0
2
2
2
6
2
0
0
2
4
2
4
2
4
2
0
2
0
2
12
0
4
2
6
2
4
4
6
2
2
4
0
2
2
8
4
10
0
10
4
4
2
2
6
2
6
2
4
6
4
2
4
6
10
4
8
6
6
6
8
4
8
12
6
4
12
4
6
12
12
6
2
4
4
6
6
6
4
6
2
6
4
10
2
8
2
2
10
0
12
4
8
6
4
8
4
6
2
6
4
6
6
10
4
4
6
2
6
6
2
2
2
8
8
2
6
4
4
2
2
4
8
8
6
6
32
4
8
8
6
4
6
4
10
2
6
2
2
8
8
8
6
4
6
6
6
4
6
8
6
0
6
2
2
4
2
8
8
6
4
4
6
6
8
4
8
6
8
10
4
6
8
4
8
4
10
6
6
4
10
6
6
8
4
2
2
18
6
8
6
8
4
10
8
6
16
4
6
4
6
4
10
6
4
6
6
2
6
4
4
6
8
6
20
2
8
2
4
4
6
4
0
0
4
2
2
2
6
6
4
0
6
8
26
6
2
4
2
4
2
2
6
4
0
4
6
2
2
2
12
2
0
0
6
0
4
2
1
0
1
1
0
0
1
1
1
0
1
1
2
0
1
0
1
1
1
1
1
1
1
0
0
0
1
1
0
0
1
0
0
1
1
1
1
1
1
1
0
1
0
0
0
1
0
0
1
0
1
1
0
0
1
1
1
1
1
1
0
0
1
1
1
0
1
0
1
2
1
0
1
1
0
0
1
41
0
1
1
0
1
0
1
1
1
1
0
1
1
0
0
1
1
0
1
1
0
0
1
1
1
0
1
1
1
0
0
0
1
0
0
0
1
1
1
1
0
1
0
0
0
1
1
0
0
1
1
1
0
1
0
1
1
1
1
1
0
1
0
0
1
1
0
43
1
1
1
0
0
1
1
1
0
0
1
1
1
1
0
1
0
1
1
1
1
0
0
0
1
1
0
0
0
1
1
1
0
1
0
1
1
1
1
1
1
0
0
0
1
1
0
0
1
0
1
1
1
1
1
1
1
0
0
1
1
1
1
0
1
0
0
1
0
1
0
0
0
1
1
0
0
1
1
1
1
0
0
0
0
0
1
0
1
1
1
1
0
0
1
1
1
1
1
1
1
1
2
1
1
1
1
1
1
1
1
1
1
1
1
0
0
1
1
0
0
1
1
0
1
1
0
0
1
1
0
0
0
0
1
1
1
1
1
0
2
0
4
4
2
6
10
10
2
2
4
4
4
4
4
2
12
2
2
4
6
6
4
2
2
2
6
4
6
4
6
8
4
7
4
4
6
2
0
10
2
10
4
6
8
5
11
2
4
4
6
6
2
6
8
6
6
10
4
8
6
12
6
4
8
4
4
2
6
11
6
2
4
2
4
4
4
6
4
6
6
11
7
8
8
6
17
8
6
14
10
10
6
10
4
8
11
6
6
8
6
2
8
8
4
13
6
8
6
10
4
10
13
6
10
8
4
6
19
8
4
6
10
12
13
8
4
10
9
10
6
8
4
8
8
8
9
6
6
10
9
8
6
12
6
6
13
8
10
6
14
8
10
11
6
10
6
6
6
6
13
7
13
8
8
8
6
8
11
5
9
8
6
13
9
6
10
7
11
5
6
8
10
11
11
7
13
13
7
7
5
9
6
8
8
9
10
8
13
10
11
11
7
9
11
11
9
10
2
8
10
4
6
13
7
5
9
9
11
7
8
11
7
6
9
9
24
11
6
5
9
4
4
8
7
4
7
9
3
5
4
6
9
55
4
8
9
6
7
11
7
7
75
6
8
2
8
7
4
8
4
5
8
5
4
4
6
8
4
5
6
7
7
8
5
6
4
3
4
4
4
7
5
4
4
4
7
4
2
6
0
2
4
0
5
50
2
2
25
4
0
37
4
15
4
6
0
4
21
0
5
2
4
8
6
2
6
6
13
2
2
4
0
4
2
0
2
6
6
2
4
0
4
10
4
2
2
6
4
2
0
2
2
2
0
10
6
0
0
74
5
2
3
0
15
2
0
17
6
2
2
0
2
4
0
0
3
4
10
0
0
3
2
0
0
0
0
2
15
17
2
2
0
0
0
6
4
4
2
0
9
17
3
3
2
0
11
4
8
2
0
15
2
0
4
0
0
0
0
8
17
18
4
6
6
0
4
0
2
2
11
85
8
2
0
0
14
6
0
0
48
0
14
6
0
4
0
15
0
6
2
0
4
0
18
0
2
4
4
6
0
0
6
0
2
13
5
2
6
6
0
2
4
4
0
5
2
4
58
6
1
66
0
2
59
2
4
2
4
4
6
0
45
6
6
3
6
4
0
4
4
36
2
0
0
0
0
4
13
0
0
40
0
23
4
2
0
4
0
4
4
46
2
2
48
4
4
0
6
6
0
11
0
0
10
0
2
43
12
8
2
0
9
2
2
2
58
0
57
4
0
4
4
2
20
6
4
2
3
4
2
13
0
6
17
2
7
8
2
2
5
2
2
2
2
0
59
5
7
63
8
4
5
26
15
0
55
9
2
4
0
4
0
4
4
6
4
2
2
4
2
4
2
2
2
2
2
4
2
6
6
0
4
0
2
4
2
2
4
0
2
2
2
2
6
4
2
2
2
6
2
2
6
8
4
4
2
4
2
4
6
4
4
4
4
2
6
4
2
2
0
4
0
2
4
2
6
0
8
4
4
6
0
4
4
0
4
2
2
2
0
4
6
2
4
4
2
2
2
4
2
2
4
4
4
0
4
0
0
6
2
4
0
4
4
8
4
2
4
0
2
2
0
4
2
4
2
0
2
2
6
4
4
10
4
6
6
4
6
6
2
2
4
6
2
2
6
2
4
2
2
8
4
2
4
6
6
8
6
6
6
6
4
4
2
2
6
6
6
0
6
2
4
6
0
0
6
4
2
4
6
6
0
4
2
6
0
4
2
2
0
0
4
4
6
4
2
6
2
6
4
0
4
2
4
2
4
4
0
4
2
2
4
4
4
4
2
4
0
0
2
4
4
2
0
4
2
2
0
4
6
8
4
4
2
2
4
2
2
4
4
6
6
0
6
2
0
2
2
2
4
4
6
8
2
4
4
4
2
6
0
2
4
0
4
4
8
6
8
0
4
4
2
2
2
4
0
4
2
8
6
4
6
2
0
6
0
4
4
4
8
2
4
2
4
4
14
7
11
11
11
13
8
4
7
10
15
11
15
8
5
14
9
8
23
8
8
20
5
20
32
7
8
7
16
15
13
20
14
11
47
15
11
32
8
15
7
23
7
10
10
15
11
19
9
21
18
10
12
16
4
10
8
14
9
9
10
0
0
0
0
0
0
0
0
0
0
0
0
0
0
0
0
0
0
0
0
0
0
0
0
0
0
16
8
6
3
9
10
13
16
10
22
4
8
3
7
10
12
5
22
14
5
8
7
18
5
7
4
6
23
3
4
4
20
12
17
9
15
8
11
9
39
5
5
3
26
9
18
7
15
4
10
5
7
4
5
5
3
9
4
7
4
11
5
8
9
5
7
7
5
16
4
7
4
17
4
4
17
6
10
8
13
10
11
7
7
12
16
4
11
12
4
16
10
10
12
5
8
15
8
8
9
5
4
14
10
10
7
6
7
26
3
3
10
8
0
5
6
3
10
12
11
7
10
3
22
25
6
11
11
12
8
13
10
7
9
15
9
6
7
4
11
10
10
15
8
2
3
2
12
7
5
15
8
16
6
10
9
13
4
2
6
9
6
4
8
11
6
0
7
9
5
7
24
7
11
12
15
8
16
10
17
10
19
8
16
10
4
8
11
15
16
9
12
11
8
11
10
8
0
5
15
21
0
2
0
2
2
0
4
2
2
2
2
2
0
2
4
0
2
2
2
2
0
2
2
2
0
2
0
0
0
2
0
0
2
2
2
2
2
0
2
0
2
2
2
0
2
2
2
0
2
0
2
0
0
2
0
0
2
0
2
0
0
0
2
2
0
2
0
2
0
2
2
0
0
0
0
2
0
0
0
2
2
2
2
2
4
2
0
2
0
0
0
2
4
2
0
2
0
2
0
2
2
0
2
0
0
4
0
0
2
2
2
2
2
2
0
2
0
2
2
2
0
0
2
0
0
0
2
2
0
0
2
2
2
2
2
2
0
2
0
0
0
0
2
2
0
2
0
2
2
2
2
2
2
0
0
0
2
2
0
2
0
0
2
0
2
0
0
2
2
2
0
0
2
0
2
2
2
0
0
2
0
2
2
2
0
0
0
0
2
2
2
0
2
0
0
2
0
0
2
0
0
2
2
2
0
0
2
0
2
0
0
2
2
0
0
2
0
2
0
0
0
0
0
2
0
0
2
0
0
0
0
0
4
0
0
2
0
2
0
0
0
0
2
0
2
0
2
2
2
2
4
2
2
2
2
2
0
0
0
2
0
2
0
0
4
2
2
2
2
2
0
0
0
0
0
2
2
2
2
0
2
0
2
2
2
2
2
0
2
2
2
76
2
0
4
34
2
0
2
0
2
0
65
4
2
2
6
2
2
6
0
6
0
2
2
90
2
82
0
4
2
4
4
2
2
4
2
91
27
72
2
2
81
89
4
4
0
85
0
11
6
4
0
0
4
0
0
2
4
2
5
2
0
2
6
2
2
4
2
4
2
85
8
2
2
2
78
6
4
0
0
22
0
2
4
4
34
2
6
4
2
4
2
2
4
4
6
2
5
4
2
6
75
84
2
0
4
3
22
4
7
4
4
2
2
4
6
4
4
11
2
4
2
4
2
38
2
2
4
4
2
2
2
2
2
4
4
4
2
2
2
2
2
2
4
2
2
2
4
6
4
2
2
2
4
4
2
59
2
4
4
6
4
4
4
4
4
0
2
2
4
12
2
7
0
2
4
18
6
0
4
4
2
17
21
80
24
4
4
6
2
0
6
0
2
42
18
0
2
2
0
4
2
2
0
2
2
0
0
21
2
0
2
2
18
4
2
4
71
0
2
0
40
4
4
8
4
8
4
4
5
6
4
6
4
60
4
63
2
0
4
2
8
2
0
0
4
4
4
2
0
0
0
4
4
2
2
0
8
0
2
4
0
4
15
2
1
57
0
0
29
25
27
2
0
0
6
2
0
0
17
2
0
0
2
0
0
2
4
0
2
4
2
0
2
6
2
4
0
4
2
2
0
2
0
2
6
0
4
2
4
4
4
2
2
4
0
4
4
2
0
2
0
0
6
0
4
10
6
4
4
4
2
10
4
2
4
2
0
6
2
4
0
2
4
0
2
0
6
2
2
0
2
2
0
4
4
4
0
0
4
4
6
2
4
2
2
2
4
4
8
0
2
0
4
4
2
4
0
2
0
2
4
4
0
0
0
4
2
0
0
0
0
2
2
4
8
4
4
0
6
2
0
6
0
2
4
2
4
4
0
2
2
2
2
8
2
0
6
4
0
8
2
0
2
4
4
4
0
2
4
8
6
6
0
4
2
6
2
0
4
0
0
4
2
4
4
6
4
6
2
2
0
14
0
4
4
4
6
4
2
6
12
4
4
2
4
0
2
2
6
0
4
0
0
0
4
15
2
4
2
4
4
2
2
0
2
2
0
0
2
0
2
2
2
2
2
2
2
2
2
2
4
8
2
4
2
2
0
2
2
0
6
0
0
4
6
2
0
0
6
2
0
0
6
2
4
2
4
2
2
0
0
0
4
2
0
4
0
2
4
0
4
0
0
3
2
2
2
0
6
0
4
0
4
0
0
2
2
2
0
4
2
0
0
2
4
2
2
2
4
2
2
4
