0
3
0
3
3
2
2
2
1
1
2
3
3
3
1
2
1
1
2
2
2
2
1
1
3
4
2
1
2
1
2
2
1
1
3
3
2
3
3
2
3
2
2
2
3
3
2
1
3
3
5
2
2
2
1
4
1
3
2
2
2
3
1
2
2
0
3
1
3
0
0
2
2
2
1
1
1
2
3
3
1
0
1
3
0
1
2
3
3
5
3
3
1
2
2
1
1
3
3
1
1
2
3
3
1
3
3
1
3
2
3
1
4
2
1
5
2
3
2
2
3
2
4
2
1
1
1
1
1
3
2
4
3
1
2
2
1
2
2
3
3
1
2
3
2
2
1
0
2
1
1
1
3
2
2
1
2
2
1
2
3
2
2
5
2
2
3
1
2
3
1
1
2
3
1
2
2
3
3
2
3
3
4
2
5
1
1
1
2
2
4
2
2
2
2
2
3
3
2
2
2
2
1
3
2
2
2
3
3
2
1
3
2
2
3
2
3
2
0
1
2
2
3
1
3
1
3
3
2
3
2
2
0
3
1
2
1
2
2
3
5
3
1
2
2
2
2
3
3
2
2
3
2
4
3
3
1
3
3
1
3
2
5
2
1
1
1
1
3
0
1
3
3
5
1
4
4
3
3
1
3
3
3
2
2
3
3
3
2
6
10
6
6
2
8
2
4
6
2
4
2
6
2
2
12
8
2
4
2
2
0
0
0
4
6
4
6
6
4
2
8
8
4
2
10
0
10
6
4
8
6
4
4
6
2
10
8
10
4
8
13
2
2
6
8
2
4
10
4
8
2
7
4
10
4
12
2
4
8
4
4
14
4
6
6
6
4
16
8
10
16
8
14
21
8
6
8
2
6
12
10
10
17
4
2
6
12
18
12
8
4
8
12
10
6
14
14
14
10
8
20
2
4
10
14
2
12
18
6
16
14
14
12
14
12
8
18
11
20
13
14
4
16
8
4
18
8
12
18
16
14
10
15
8
8
14
10
12
19
6
2
8
8
14
6
10
2
10
4
25
12
12
10
6
21
20
19
20
8
2
8
21
12
4
6
14
4
43
2
14
6
6
8
6
4
16
16
2
6
22
12
8
14
40
14
6
19
25
6
10
6
12
8
6
16
20
6
23
2
6
10
8
2
14
10
10
14
16
12
12
14
10
12
19
16
41
8
15
16
4
2
10
2
8
12
10
8
6
6
12
8
10
6
6
27
6
4
4
4
4
0
4
6
6
4
2
6
8
14
4
4
6
6
4
17
12
10
2
2
4
8
4
4
10
4
4
6
8
8
6
2
12
6
10
4
2
0
6
4
33
13
6
24
2
39
0
12
8
10
2
6
8
4
23
20
22
0
2
8
4
20
33
0
2
17
2
2
2
4
23
14
0
23
24
16
32
9
20
28
14
14
41
6
9
10
17
8
8
2
7
22
2
22
12
0
36
0
42
28
22
0
32
22
25
0
22
6
6
0
24
4
26
17
2
6
16
0
7
10
6
8
6
28
6
23
31
10
17
0
4
4
29
5
4
30
4
28
0
0
6
2
7
23
0
13
35
2
30
0
0
0
0
14
7
14
6
16
36
8
15
10
15
4
23
0
14
2
4
20
3
8
37
17
13
0
6
8
4
16
20
7
10
9
23
4
10
2
23
0
0
19
25
25
2
32
29
2
19
4
9
15
23
4
34
8
9
6
20
3
44
19
9
7
8
2
30
8
18
2
31
36
8
11
11
27
2
17
13
2
7
4
37
24
10
23
0
2
25
7
6
17
18
0
0
0
13
2
30
21
24
7
32
0
24
18
0
2
8
20
0
2
28
4
2
8
20
2
8
22
7
0
0
0
2
16
2
16
17
29
2
26
0
8
9
2
27
2
6
13
23
16
14
6
0
16
20
6
25
0
18
6
0
14
28
8
11
34
22
22
4
3
30
15
5
11
11
2
17
24
4
11
0
1
2
13
0
10
0
8
10
17
0
10
6
12
0
8
4
0
10
10
13
0
9
12
21
2
7
10
6
0
13
14
6
0
10
8
10
2
0
0
15
12
10
0
4
6
10
0
6
8
0
0
17
6
0
0
15
14
0
0
12
17
0
6
0
8
5
6
8
10
0
10
0
8
19
10
0
19
10
9
0
19
13
12
0
17
13
2
2
8
4
10
0
11
4
0
8
10
15
0
8
2
10
0
6
2
15
0
6
0
13
0
6
6
0
0
10
8
12
0
12
14
0
0
0
0
0
8
6
17
0
10
11
2
7
17
0
16
0
12
0
4
0
0
0
0
0
0
0
0
0
0
10
0
15
12
0
4
0
12
6
12
10
8
4
11
2
25
24
9
11
26
10
12
6
19
0
0
19
0
0
0
0
0
0
12
0
0
10
0
0
0
0
0
11
0
26
17
0
19
15
19
10
17
15
7
0
4
13
7
13
17
17
4
13
0
21
0
12
15
10
0
15
10
10
5
17
13
12
0
6
14
10
0
4
8
17
0
13
8
15
0
12
10
0
4
8
13
0
4
0
13
0
8
0
17
0
9
4
12
0
4
18
4
0
21
19
4
2
15
14
8
8
15
23
10
0
33
25
5
0
19
6
8
0
12
6
4
0
0
10
0
0
2
6
0
6
4
6
0
0
0
52
2
8
4
0
0
6
0
6
2
0
2
4
4
8
0
0
0
4
6
6
0
0
0
8
6
2
0
0
4
0
2
2
0
2
0
0
2
0
0
0
0
0
4
6
4
2
2
0
2
0
0
6
4
4
0
2
0
0
6
0
6
0
4
0
6
0
2
0
4
4
0
0
8
0
8
0
0
0
2
4
0
0
6
0
3
6
4
2
4
6
0
0
4
0
4
2
0
0
6
2
2
6
10
0
6
6
2
6
0
6
0
0
0
0
4
6
8
4
4
4
4
4
0
6
4
0
4
59
6
0
0
2
8
4
0
4
0
4
2
0
82
4
0
10
8
4
2
2
6
6
0
0
6
2
0
6
0
0
0
6
0
6
4
0
6
4
0
6
0
6
84
0
0
4
2
2
4
0
4
2
0
0
8
2
6
4
0
4
0
2
6
4
0
86
2
4
4
0
0
0
2
6
0
6
4
4
0
4
42
8
0
0
2
4
0
2
6
0
8
2
0
2
4
10
0
4
0
10
4
4
0
8
2
59
2
0
4
6
0
84
6
94
41
0
6
6
8
4
62
6
2
47
0
4
0
4
57
0
6
56
0
4
6
4
0
6
4
6
6
0
6
94
4
4
8
86
2
6
6
11
4
6
4
4
6
4
4
6
4
6
8
8
6
8
4
6
6
6
4
13
17
57
4
8
8
4
4
6
6
6
8
12
9
6
12
6
6
6
11
7
6
10
9
9
4
13
4
8
9
10
25
17
19
17
15
13
8
12
15
7
8
15
13
9
20
25
17
8
13
13
13
22
6
14
13
24
34
31
10
21
6
59
7
12
13
15
28
19
11
30
34
32
34
25
36
29
44
38
26
21
21
22
17
36
19
19
10
40
25
21
24
32
21
32
28
17
21
11
19
32
23
23
23
25
13
20
15
11
34
13
17
21
42
31
26
15
29
28
17
23
8
29
21
21
36
8
39
19
25
9
18
11
6
10
2
11
8
4
4
6
4
6
10
2
8
8
6
4
6
2
20
6
4
12
63
8
4
6
4
2
4
4
6
9
6
4
4
4
4
6
6
2
2
2
4
6
8
2
4
4
4
4
8
4
6
4
6
4
4
6
2
2
6
6
2
4
2
6
2
6
4
2
4
4
8
4
0
6
6
2
0
2
4
4
4
4
4
4
6
2
6
4
6
8
6
4
2
2
8
4
0
4
6
6
4
6
4
4
4
5
17
6
6
4
2
4
4
4
2
8
8
8
11
11
8
6
15
4
9
10
13
9
10
6
4
6
10
8
6
4
6
12
20
4
4
4
10
16
6
10
2
4
8
12
4
8
14
10
6
2
4
8
4
6
6
4
4
6
6
4
12
6
4
2
10
4
6
2
16
18
6
6
6
12
4
4
4
6
10
4
6
6
4
2
10
4
2
6
10
18
2
4
6
18
10
4
2
8
6
8
8
14
12
6
2
4
12
2
6
4
8
12
6
4
6
4
12
6
4
6
8
20
8
4
25
10
4
4
2
12
10
4
4
6
12
10
8
10
8
8
16
4
6
6
10
12
6
4
12
4
8
2
8
6
14
14
6
6
4
6
8
20
4
6
6
2
12
6
2
6
8
12
8
4
4
6
16
10
8
2
8
10
4
6
6
2
10
10
4
4
4
6
10
8
4
6
6
10
12
12
2
4
6
6
4
6
2
6
6
14
4
4
4
6
4
14
4
4
4
8
6
10
12
4
10
14
12
10
4
6
4
2
8
12
10
2
4
4
16
8
14
6
6
4
8
10
4
6
8
2
4
6
4
4
12
6
4
4
6
18
14
2
6
6
4
22
2
4
4
2
12
2
6
6
12
10
6
6
6
4
16
12
4
2
14
4
6
4
2
10
2
6
12
14
4
4
4
6
12
14
4
4
4
6
14
14
14
16
4
8
8
10
63
7
16
0
0
17
22
30
58
70
9
5
12
5
31
0
29
11
77
4
27
44
55
2
2
44
0
26
14
4
26
16
13
70
30
39
73
11
2
2
23
3
21
14
68
10
36
2
0
51
2
35
5
28
0
7
5
13
59
28
0
13
37
5
2
0
0
31
33
49
5
58
26
10
5
0
16
7
0
13
19
22
7
31
26
25
5
10
38
77
3
3
18
35
5
8
35
28
38
0
26
0
57
0
31
0
10
2
0
3
0
2
58
16
7
24
34
10
58
12
70
0
3
28
16
16
21
17
35
74
4
5
3
0
60
5
70
16
16
23
26
23
2
7
32
0
0
7
16
3
82
12
21
26
27
18
27
21
5
2
5
19
9
21
2
45
29
2
12
49
0
37
26
12
25
5
21
37
17
9
76
0
26
33
2
25
0
2
10
66
17
2
44
0
3
9
25
5
40
3
2
4
24
7
0
36
0
3
24
35
3
5
9
16
27
0
65
0
70
33
9
69
3
24
15
36
2
66
8
3
0
44
18
7
2
26
9
65
23
0
5
0
0
0
0
0
0
0
0
0
0
0
0
0
0
0
23
8
3
16
7
21
0
0
0
0
16
9
17
8
12
28
46
57
2
76
42
7
0
17
29
1
24
36
56
56
77
3
5
1
3
1
1
3
3
0
0
5
3
1
5
0
7
1
1
3
3
0
1
12
3
1
5
1
5
1
0
3
1
1
5
1
1
0
0
1
0
3
5
1
5
1
3
18
1
0
5
1
3
37
0
10
46
1
0
3
1
0
0
5
5
5
0
1
0
3
1
7
1
1
90
1
1
3
1
3
0
1
1
3
1
0
10
0
1
1
1
3
1
0
5
1
1
1
3
5
1
3
1
3
3
1
1
3
1
17
5
3
3
7
8
3
11
48
0
5
3
5
1
3
3
3
3
3
5
16
13
3
1
84
3
1
3
3
3
1
1
20
3
3
3
0
5
51
1
12
85
7
1
3
4
1
3
5
1
1
14
3
1
5
5
1
1
3
3
1
1
1
1
3
3
0
28
50
1
1
5
3
1
3
5
3
3
5
3
5
14
83
3
5
1
3
6
5
3
5
5
3
5
3
5
3
1
47
3
1
1
1
3
1
1
5
3
5
3
3
1
3
1
11
1
5
3
1
5
3
9
5
3
3
1
10
11
5
1
1
5
1
9
9
12
11
39
8
9
45
3
3
7
43
3
3
3
5
51
1
1
5
12
3
3
3
48
39
1
1
5
3
3
19
5
1
1
19
3
3
1
5
1
8
3
4
1
1
5
3
2
0
0
2
6
29
0
4
4
0
2
2
6
8
6
2
25
2
0
2
27
4
12
2
4
4
13
4
6
2
21
2
13
4
2
23
0
4
2
2
4
6
0
0
2
2
6
11
6
10
40
2
4
6
6
2
6
6
6
39
2
2
2
4
15
42
19
2
8
2
6
6
2
4
0
2
0
0
6
8
4
10
4
27
4
2
4
17
23
14
6
8
27
2
2
23
4
2
33
8
4
2
6
6
19
4
2
4
2
4
44
2
2
6
6
4
13
8
4
4
2
31
2
10
10
6
4
8
6
8
6
31
32
4
10
2
4
6
6
8
4
2
2
4
2
38
4
10
6
2
17
27
4
6
6
2
33
4
23
4
4
2
2
41
8
4
2
2
48
8
4
4
6
30
53
11
8
8
2
6
2
2
6
2
2
4
7
2
4
4
11
4
20
2
8
4
6
4
10
8
4
6
45
2
6
6
44
6
4
31
8
2
44
38
6
2
4
2
2
4
4
6
2
6
6
10
4
8
10
2
8
17
47
4
42
19
2
2
2
9
11
11
4
6
4
6
4
4
8
53
2
4
15
28
41
21
6
4
6
6
32
4
54
4
6
6
37
6
4
6
6
17
4
4
13
8
8
25
4
33
4
4
4
8
4
6
4
6
