2
4
0
2
2
4
10
4
4
6
0
2
2
2
2
2
2
2
2
0
4
2
4
2
2
2
4
2
4
4
4
4
2
2
2
2
0
2
2
4
4
2
2
2
0
2
6
2
4
2
2
2
2
2
4
4
4
4
6
2
4
4
2
6
2
2
2
2
4
2
4
2
4
6
0
6
2
2
0
2
2
6
2
2
2
4
2
4
2
2
2
10
2
4
2
2
2
2
6
4
2
10
2
4
6
2
8
10
12
4
2
2
4
4
6
2
2
10
6
8
8
2
2
2
0
2
6
2
4
2
0
4
4
6
2
2
2
6
6
8
2
2
2
2
4
0
2
2
2
2
4
0
2
4
6
2
6
4
6
6
4
4
4
2
0
8
4
2
10
6
4
4
2
0
2
4
6
2
0
4
4
2
2
0
2
2
2
2
2
6
4
2
4
2
6
6
2
4
4
8
2
4
2
4
4
2
2
4
4
2
4
6
10
4
6
6
4
8
4
4
6
12
14
2
4
2
4
6
2
2
2
2
2
2
2
8
4
6
4
2
4
8
2
6
6
6
0
8
4
2
4
4
2
8
0
0
6
4
2
2
2
0
4
2
4
6
4
0
8
6
2
2
2
2
6
2
2
2
4
4
0
2
2
4
4
2
2
2
4
2
4
2
2
3
2
2
2
2
2
4
6
2
3
0
2
2
2
2
0
4
0
2
2
2
2
4
2
4
4
0
10
2
2
0
2
2
2
2
4
2
6
2
0
4
2
2
0
4
2
0
2
2
2
3
0
4
0
7
4
3
5
0
2
2
2
4
1
4
4
5
2
2
2
2
4
3
3
0
4
2
3
0
8
2
2
2
4
2
5
0
2
2
4
3
2
0
1
4
22
2
0
2
7
2
0
4
2
3
4
0
2
2
1
2
4
4
2
0
0
3
2
1
4
0
0
2
2
3
2
4
2
2
2
2
2
2
2
3
0
6
2
4
2
0
2
2
5
2
2
4
1
2
1
9
4
3
6
2
3
6
2
2
2
2
2
2
2
3
4
2
2
2
4
4
2
2
2
3
0
2
4
2
2
4
0
2
0
3
0
2
6
12
2
2
0
2
0
4
2
2
2
0
2
5
2
2
3
4
2
2
2
2
0
4
3
2
5
5
0
4
2
1
6
1
3
2
2
6
2
0
3
2
2
16
4
4
4
3
2
2
0
43
1
2
2
0
2
2
2
2
2
2
4
1
2
0
2
2
4
0
2
0
2
4
20
2
2
0
4
0
6
2
2
4
2
4
2
1
16
3
0
4
6
4
0
4
4
6
4
6
0
6
0
2
4
2
4
4
4
9
0
4
4
3
4
2
2
2
53
0
6
2
4
2
2
2
4
4
4
2
4
6
2
2
15
2
2
2
55
3
2
2
18
4
7
4
2
4
2
50
4
7
15
64
0
7
4
11
6
4
61
4
6
9
8
0
4
47
4
2
4
2
0
11
5
4
4
6
34
4
2
5
53
4
4
6
6
2
4
2
2
4
5
5
4
2
3
6
4
58
2
4
3
2
6
4
2
7
4
57
6
4
76
8
4
6
6
19
4
4
2
19
2
6
8
6
9
4
4
6
6
43
4
4
4
4
4
2
3
4
8
2
2
8
4
5
2
2
0
8
2
5
4
3
2
2
4
2
7
2
4
4
3
50
5
4
7
38
4
4
7
4
2
2
60
6
2
2
54
4
0
11
6
0
4
2
7
6
6
7
2
9
39
2
2
8
2
2
2
16
2
4
17
46
5
41
37
2
2
2
38
0
2
2
1
4
0
39
0
5
2
3
4
2
5
2
4
4
4
4
1
0
31
11
63
9
0
4
30
9
4
4
2
15
3
2
4
4
0
3
2
49
4
13
4
2
2
2
4
0
2
2
4
6
2
2
4
4
2
4
4
1
2
0
1
4
73
4
38
4
4
4
26
6
6
7
5
6
10
6
7
2
2
6
8
2
13
5
2
4
11
0
2
2
6
16
6
4
12
6
2
2
6
4
4
6
4
14
12
8
2
18
12
5
7
6
5
5
5
6
6
7
4
7
4
4
8
8
4
7
4
4
7
2
6
6
2
2
12
6
5
7
3
5
12
7
6
4
2
6
5
6
6
2
12
6
4
3
3
6
16
6
4
2
6
0
4
7
4
1
2
5
6
2
4
6
6
5
4
4
7
7
8
7
4
17
4
6
6
2
7
2
8
13
0
10
4
6
4
4
2
2
5
7
4
7
2
8
10
8
8
5
13
4
7
2
0
7
5
5
8
6
6
4
6
4
5
4
5
3
12
8
4
5
7
17
2
6
11
3
5
5
8
4
8
3
8
6
8
15
7
5
5
9
5
6
6
6
2
4
9
3
8
7
3
8
3
8
6
0
11
4
6
6
6
3
7
12
5
5
7
5
5
7
8
2
10
4
6
11
5
8
8
0
0
4
6
8
2
8
13
7
5
7
2
2
4
4
6
2
6
7
7
5
4
6
6
7
9
4
2
4
8
7
8
2
5
4
8
6
8
7
2
2
5
7
14
4
2
14
11
4
6
4
2
4
11
8
15
7
16
4
10
16
6
6
4
4
2
5
2
10
45
57
45
69
40
88
38
50
43
87
59
40
89
44
78
42
88
50
64
46
87
46
56
50
78
70
71
46
72
42
51
66
73
55
75
82
53
77
87
81
85
47
41
78
54
62
48
85
84
92
67
77
64
43
50
38
74
86
60
43
33
59
87
63
80
46
69
90
79
89
80
59
45
53
89
41
57
55
48
49
30
47
58
41
39
41
89
37
41
46
59
67
38
91
45
43
37
39
76
45
44
44
49
47
42
50
37
42
81
71
72
44
46
44
49
43
45
35
52
47
45
48
88
89
41
86
90
38
43
39
40
38
29
42
28
21
63
81
47
82
41
88
77
47
38
47
91
43
49
77
46
43
48
43
55
41
71
39
64
38
93
46
35
31
36
39
42
44
42
41
43
33
44
82
87
44
44
44
42
48
40
47
45
45
61
93
39
43
49
45
41
38
46
84
47
43
47
43
80
51
39
48
48
42
73
44
68
54
59
44
43
43
86
77
44
82
43
41
47
41
44
58
41
47
42
43
43
48
42
88
43
90
44
45
55
88
44
45
42
36
41
36
38
36
49
36
50
42
44
31
55
38
67
40
58
48
45
42
44
85
42
44
87
84
61
91
46
90
74
94
42
27
36
56
81
46
51
47
47
43
42
44
66
40
77
44
93
62
9
7
9
11
15
17
17
2
37
21
4
15
6
13
14
6
7
17
8
10
13
21
13
10
13
11
13
19
4
15
13
18
14
15
25
15
20
15
24
30
23
26
38
19
17
28
23
11
33
16
11
29
13
19
31
17
41
18
23
39
48
26
23
21
50
38
35
29
21
20
31
19
43
9
38
36
49
24
37
44
31
33
58
13
32
20
13
13
27
11
8
9
13
11
11
8
9
11
9
13
8
8
10
8
11
8
19
11
35
8
10
39
39
12
10
13
10
15
4
13
9
9
46
11
13
10
38
6
13
15
14
19
15
40
28
10
15
10
10
12
8
33
11
12
6
8
17
6
12
14
13
6
4
9
6
13
7
13
9
13
6
12
10
6
8
6
23
10
25
11
35
29
37
9
11
8
4
12
7
25
7
11
11
6
10
33
11
11
32
8
6
8
31
5
43
11
24
12
4
11
10
25
12
8
9
26
13
10
15
17
21
43
8
17
13
21
30
32
21
42
8
9
23
40
17
28
10
22
6
19
23
26
18
32
17
40
23
19
37
17
41
11
10
38
53
33
17
10
35
34
8
45
6
33
38
33
24
32
33
8
31
46
19
50
24
24
9
44
8
36
17
17
47
24
12
11
45
13
31
21
30
8
17
19
23
9
17
23
3
1
0
1
0
0
1
0
0
1
3
0
12
0
0
3
1
1
1
0
1
1
1
1
0
0
0
1
1
6
1
1
1
0
1
3
3
0
3
1
1
1
3
0
3
1
1
0
1
1
1
1
0
0
4
0
1
1
3
0
1
0
5
0
0
1
0
0
7
1
0
1
0
0
1
0
1
1
1
0
1
1
1
3
1
5
1
1
1
0
1
0
1
5
6
1
0
0
0
3
0
0
1
0
0
1
0
3
13
0
0
1
0
0
0
0
1
0
1
1
0
0
1
3
3
0
0
3
0
0
0
1
3
0
2
0
1
1
6
3
0
1
0
0
0
0
1
0
1
1
0
0
1
0
1
0
0
1
3
0
0
3
1
1
0
3
3
0
1
1
1
1
1
0
3
3
1
0
0
1
0
3
1
1
0
1
5
0
0
0
1
1
3
0
0
0
6
1
3
0
0
0
1
1
1
1
1
1
1
1
0
3
3
0
0
3
1
1
1
1
3
1
0
3
0
3
0
1
1
1
3
0
0
8
0
0
3
1
0
1
5
3
1
0
1
0
1
0
0
1
3
1
1
0
3
0
0
1
1
1
0
1
5
0
1
1
0
0
0
3
0
0
3
0
1
3
0
0
1
0
3
5
1
0
0
1
0
0
27
12
19
17
23
8
10
17
14
8
17
8
8
8
12
4
6
16
8
10
14
18
8
29
18
23
14
27
14
19
14
14
12
14
16
23
25
27
25
29
12
6
14
16
56
31
25
23
18
16
25
12
21
27
27
53
16
16
18
19
29
21
16
10
23
8
10
29
25
14
19
8
16
19
21
21
23
17
25
10
37
2
29
33
17
21
12
14
19
12
16
19
12
18
14
17
25
16
47
17
25
33
72
12
19
21
37
37
12
14
27
23
12
33
21
14
12
39
39
2
0
35
27
27
14
25
19
41
39
33
53
37
29
52
12
45
64
25
12
39
29
14
6
25
53
10
14
41
21
12
31
10
35
0
25
12
14
31
14
10
21
12
18
25
18
10
33
12
12
31
31
25
33
33
18
12
10
12
18
23
37
14
33
12
10
29
19
14
14
23
12
29
33
12
23
35
19
10
49
17
18
18
29
21
60
49
60
64
10
18
14
35
17
10
23
41
12
19
16
10
10
25
8
6
21
8
27
10
8
8
23
21
21
12
4
16
6
18
35
14
19
19
4
10
4
6
31
6
16
8
8
19
10
6
29
14
8
35
14
25
21
10
14
12
10
23
6
14
10
16
21
12
12
10
8
6
49
18
14
8
12
31
60
49
21
16
23
27
4
0
4
0
4
4
4
0
6
6
2
2
2
6
4
2
4
2
2
6
0
2
4
4
4
4
4
2
4
2
2
4
4
2
4
0
0
0
4
2
4
2
4
6
2
0
4
4
0
4
0
0
4
4
0
4
0
4
4
2
2
0
0
6
6
4
4
0
0
0
0
4
0
2
6
2
2
0
2
0
8
0
4
2
2
4
4
2
2
0
2
2
6
4
4
4
2
2
2
2
0
6
2
0
4
4
2
4
0
0
4
2
4
4
2
0
4
2
4
2
0
2
4
4
0
2
2
2
4
2
0
2
2
6
4
2
2
0
2
4
8
0
2
0
2
2
6
0
2
4
2
6
2
2
2
2
4
0
2
2
4
4
2
0
2
2
0
0
0
2
4
2
2
4
4
2
4
2
0
4
4
2
0
4
0
2
2
6
4
2
2
6
0
6
4
4
2
4
2
2
4
6
4
0
0
4
4
4
6
0
4
4
4
4
6
2
0
4
4
4
0
10
2
2
2
2
6
4
2
0
4
4
0
2
8
4
4
0
4
0
2
2
2
0
4
4
4
4
4
2
8
6
2
8
2
2
8
0
2
0
4
4
4
0
2
2
2
2
4
0
4
2
2
6
0
4
4
4
4
4
2
4
4
0
0
4
4
0
12
6
4
8
10
10
10
10
8
4
6
8
8
14
4
18
14
4
8
8
15
4
13
10
8
6
15
15
6
10
8
6
21
14
9
12
17
8
6
15
10
8
8
12
14
10
9
6
8
15
8
4
4
6
8
4
4
8
12
16
8
8
4
10
10
6
15
8
12
14
20
6
4
12
13
10
14
11
10
6
6
17
17
15
8
9
10
10
14
17
8
14
10
8
7
10
2
10
12
10
6
8
8
4
14
17
11
41
14
17
12
12
12
16
12
19
12
14
23
15
18
19
17
16
14
12
16
15
21
74
15
8
10
19
19
23
25
15
11
17
19
10
23
14
14
17
8
8
8
11
13
6
10
8
15
13
15
10
8
8
17
15
11
19
6
21
7
10
8
15
4
12
8
23
21
13
8
16
13
14
8
6
11
8
11
11
8
13
17
19
13
11
17
13
34
13
13
15
14
8
15
18
31
15
10
12
10
10
15
14
14
12
14
12
12
11
21
23
6
10
21
18
23
10
16
10
14
14
12
14
17
16
8
16
12
6
8
12
7
7
7
6
10
14
8
6
14
6
12
18
8
11
16
13
12
15
6
8
6
7
18
11
13
15
7
16
11
10
24
9
17
11
6
4
10
11
12
14
18
12
13
10
8
14
21
8
10
6
