61
76
73
71
52
52
51
70
61
40
73
54
68
57
82
55
54
63
66
57
58
73
83
57
67
73
71
42
78
71
42
81
42
73
67
82
37
76
81
73
68
71
84
57
70
74
75
69
74
73
73
47
73
68
47
56
64
60
65
60
52
59
39
63
36
55
37
46
70
46
52
37
70
29
77
66
70
44
36
43
61
73
68
78
63
76
41
64
46
68
73
39
58
43
36
61
53
66
71
41
58
61
45
36
32
30
44
67
49
73
67
46
60
49
62
52
30
34
74
74
59
70
76
42
41
42
74
60
47
69
57
58
75
73
56
59
59
43
73
70
69
74
51
52
72
57
41
47
60
61
69
71
69
47
58
67
74
55
40
27
67
67
47
38
66
35
55
77
69
46
80
74
67
75
67
69
72
43
72
75
49
37
47
67
69
72
16
29
70
34
62
53
68
75
47
66
68
59
55
51
75
67
65
38
34
64
43
33
36
36
46
70
70
40
45
78
41
59
58
67
50
46
73
28
79
63
78
41
63
41
73
58
82
73
40
67
74
53
76
71
51
63
83
67
72
79
62
76
80
81
67
78
60
53
44
54
69
60
71
37
51
57
67
77
71
62
78
69
43
63
75
48
43
51
34
79
38
66
64
83
82
63
69
50
79
67
18
51
8
2
4
2
0
4
0
2
2
0
6
8
6
4
4
2
4
0
0
0
2
8
44
4
6
14
4
12
2
0
0
8
4
8
6
8
0
6
6
0
4
8
4
2
14
4
6
2
2
4
2
2
6
6
4
2
2
8
0
2
2
4
0
0
2
4
2
4
8
2
11
0
2
4
2
8
6
6
6
0
18
4
8
6
0
12
2
2
4
4
4
6
8
4
2
4
14
10
10
4
6
4
6
2
0
0
0
4
2
4
4
6
8
6
8
4
2
6
6
12
6
0
4
0
0
6
0
4
6
2
6
0
0
8
2
4
2
2
8
4
70
4
6
0
0
4
8
2
4
0
0
2
10
0
2
0
6
8
10
2
2
0
0
2
0
8
4
2
4
6
6
6
4
2
0
0
2
10
0
8
0
2
2
2
4
6
10
2
12
6
4
2
4
6
8
0
0
8
8
2
4
4
4
2
0
2
2
6
0
6
2
4
10
4
2
6
2
0
0
2
4
6
4
4
8
10
4
0
2
4
2
4
8
4
4
0
4
6
4
10
8
12
10
2
6
4
0
0
2
4
2
0
4
2
6
4
2
8
2
2
2
0
4
6
4
0
8
0
8
0
6
12
0
4
4
0
0
0
6
4
6
4
2
2
4
2
8
0
7
6
2
0
2
2
2
2
2
0
4
0
2
2
2
2
2
4
2
4
4
0
2
2
4
2
2
7
4
4
4
2
6
2
4
2
4
3
0
2
2
2
2
2
6
2
4
2
0
4
8
4
0
12
0
7
4
2
4
2
0
2
2
7
4
2
2
4
0
2
4
0
2
2
4
4
1
2
0
6
2
0
11
4
0
2
0
2
0
5
2
2
4
2
2
2
2
0
2
14
4
0
2
2
2
0
4
2
3
0
4
4
2
4
4
2
6
2
2
4
4
2
2
2
8
4
4
2
4
4
2
0
4
2
2
2
2
2
6
2
2
5
0
0
6
2
6
2
2
5
2
5
2
4
4
2
0
4
4
6
2
2
2
2
7
5
2
6
4
3
0
4
2
6
0
2
0
2
4
4
4
2
0
2
2
2
4
4
4
0
2
3
2
4
2
4
0
2
0
2
19
2
0
6
0
2
2
4
0
0
2
4
2
2
0
2
2
3
2
4
2
4
2
2
2
2
0
2
2
3
2
2
2
6
2
2
2
4
7
0
14
4
2
4
0
2
2
2
4
4
4
9
2
2
4
5
2
0
0
2
4
3
7
5
0
2
2
2
2
0
2
4
2
2
0
2
0
2
3
4
5
2
16
0
2
2
0
2
5
0
3
19
0
0
1
0
1
1
1
1
0
9
5
1
7
1
1
1
0
1
0
3
1
0
0
0
1
3
3
1
0
1
1
0
1
3
5
1
7
1
3
15
25
0
1
1
1
5
1
15
1
3
1
21
3
3
0
3
3
1
1
7
1
1
3
3
3
1
0
5
1
3
3
3
3
1
3
3
3
1
21
1
3
5
1
3
7
3
0
5
1
5
9
1
0
0
7
3
3
5
0
5
1
3
1
1
0
3
3
5
3
5
0
3
23
0
5
3
1
5
0
5
1
0
1
21
3
3
1
1
3
7
3
1
1
5
3
3
3
5
3
9
1
1
5
0
9
1
1
1
17
3
7
0
3
3
3
5
3
3
0
3
1
0
7
3
1
0
0
1
1
0
1
5
5
3
3
1
5
0
0
5
1
13
3
1
5
1
0
16
1
3
3
3
3
3
3
1
1
1
1
5
1
0
5
0
5
3
5
1
7
1
3
3
1
1
3
1
1
15
3
3
0
1
3
3
3
0
5
1
5
1
1
1
1
3
1
1
3
1
9
1
15
0
0
7
1
3
1
1
0
13
3
1
7
3
0
0
5
3
3
3
1
1
0
13
3
1
1
5
1
5
5
1
1
3
0
0
7
13
17
3
7
1
13
10
2
0
2
2
0
2
0
0
2
2
2
2
2
4
2
2
0
2
0
2
0
2
2
2
2
0
2
2
2
0
2
2
4
0
0
2
2
4
4
0
2
0
0
2
0
2
2
2
0
0
2
2
2
0
2
2
0
0
0
0
2
0
2
0
0
4
0
0
2
2
0
0
0
2
0
2
0
2
2
0
2
2
2
0
0
2
4
2
0
4
0
0
0
0
0
0
0
0
0
2
2
2
2
4
0
0
0
2
0
4
4
0
0
0
0
2
2
2
0
2
2
0
0
0
0
2
2
2
2
2
2
2
2
2
2
2
2
2
4
0
0
4
0
2
0
0
2
0
4
2
0
2
0
0
2
0
2
0
2
2
2
2
2
2
2
0
0
0
0
2
0
2
0
2
2
0
0
0
0
2
2
0
0
0
2
0
4
0
2
0
0
0
2
2
0
2
0
2
2
2
0
2
0
4
0
0
0
0
0
2
2
2
0
0
0
2
2
2
0
0
2
0
0
2
2
0
0
0
0
2
2
2
0
0
0
0
2
4
0
2
0
2
0
0
2
2
0
2
2
0
0
4
0
0
2
0
2
2
4
0
2
0
4
2
0
2
2
2
2
0
0
2
2
2
2
0
0
2
0
0
2
0
2
0
0
0
0
0
4
2
3
4
2
3
1
2
2
3
4
2
1
3
3
2
4
13
6
4
5
2
1
3
2
4
3
3
24
13
1
2
5
2
3
3
2
4
25
4
2
3
2
3
2
1
4
2
5
2
3
6
1
1
28
9
4
5
5
2
3
7
2
3
4
3
14
21
5
2
3
3
20
1
7
3
4
2
3
3
3
1
1
1
5
3
4
4
3
3
3
2
3
4
21
16
2
2
1
2
8
11
3
2
3
6
4
2
1
3
3
4
4
4
16
3
4
2
17
13
23
26
13
16
1
3
4
3
7
3
5
5
4
2
3
4
2
1
3
2
2
2
2
2
5
2
4
1
2
2
3
5
6
3
3
1
5
5
3
17
6
6
1
13
4
2
2
2
4
3
2
6
3
13
2
3
6
1
3
4
3
3
5
5
4
3
2
2
2
1
3
1
5
2
3
3
2
3
2
4
2
2
5
2
5
2
2
2
32
2
4
5
6
3
3
5
4
6
6
2
2
3
1
6
24
5
2
1
2
18
3
2
3
3
3
1
3
2
15
3
3
4
5
6
23
2
6
3
4
4
2
6
4
1
2
2
1
3
3
3
2
3
3
4
3
4
1
2
3
1
4
5
2
3
2
2
2
2
3
3
2
6
3
4
3
6
1
4
2
0
0
0
0
0
4
2
4
0
2
0
0
0
0
0
2
0
0
0
6
0
1
2
2
2
0
2
2
0
2
1
2
1
1
0
1
2
2
0
0
0
0
0
2
2
5
2
2
2
0
0
3
0
0
2
0
2
2
4
0
2
0
0
1
1
2
2
0
2
0
4
0
1
0
3
0
0
2
1
0
2
0
1
0
0
2
0
0
4
0
0
0
2
1
3
2
2
0
1
7
0
3
0
4
2
2
0
2
4
4
0
2
2
1
0
2
0
2
2
0
0
0
4
2
0
0
0
0
2
0
2
2
5
0
2
0
2
2
0
2
2
4
4
2
0
2
2
2
2
0
4
2
2
0
1
0
3
2
0
0
2
1
1
0
2
0
0
4
5
0
0
0
2
0
0
0
2
2
2
4
4
4
0
2
4
0
0
0
2
1
2
0
4
2
1
1
0
2
3
2
2
0
0
2
0
0
0
2
11
2
0
0
0
0
0
0
1
0
2
0
0
0
2
4
0
0
2
0
3
0
0
1
2
0
0
0
0
0
1
2
0
0
0
0
1
4
4
2
0
0
4
0
0
4
2
0
1
2
0
5
2
2
0
0
0
0
0
0
2
2
0
0
2
0
2
2
0
2
2
1
0
1
0
0
2
2
0
0
4
2
2
0
5
7
2
6
4
2
17
6
4
2
0
2
4
15
6
0
0
22
10
4
13
17
2
4
2
5
9
2
3
4
7
4
4
2
6
2
0
63
4
2
0
2
4
17
2
11
9
6
2
2
2
2
2
4
4
4
0
0
6
5
5
4
4
4
2
8
4
2
18
4
2
0
0
6
2
5
2
4
4
2
2
5
2
0
13
4
13
4
15
2
4
13
0
8
0
5
6
2
2
13
5
0
4
6
13
7
4
4
4
2
2
4
2
0
4
0
0
8
7
2
2
11
4
2
3
2
6
4
0
4
4
7
0
2
2
6
2
11
13
13
7
2
0
13
4
2
10
4
5
2
2
2
0
8
17
0
2
4
4
13
0
4
4
2
3
7
0
2
4
0
2
2
4
4
11
8
11
0
6
2
0
2
11
0
0
0
6
2
14
6
2
15
6
2
9
2
4
4
4
4
2
4
9
8
2
2
6
11
0
2
2
4
5
2
4
4
4
0
2
2
2
0
4
2
4
4
11
2
4
2
0
4
2
4
6
5
0
2
0
4
6
4
2
0
0
7
4
2
4
4
6
4
2
4
9
0
2
2
4
4
7
4
2
0
2
2
6
0
0
5
10
7
4
2
4
4
13
2
6
2
0
2
2
6
3
2
17
2
0
2
4
4
7
4
4
4
0
5
3
2
0
4
4
2
2
0
6
4
5
0
6
4
0
5
2
4
2
7
3
0
13
2
6
5
2
2
4
2
3
2
6
4
0
2
0
5
4
9
0
7
13
4
2
4
0
4
13
2
5
2
4
15
2
4
0
2
2
4
2
5
4
13
4
2
7
6
2
2
5
3
2
4
0
5
2
5
0
5
2
2
3
3
4
4
4
4
5
4
4
4
7
2
4
0
7
2
4
3
2
17
3
5
5
7
4
7
2
2
1
4
13
5
0
2
2
4
2
3
2
2
2
7
4
6
6
4
4
4
2
0
3
4
13
4
2
6
2
3
2
4
4
5
4
2
2
3
2
2
4
2
4
2
4
6
0
2
2
4
2
11
0
5
3
4
2
0
4
0
5
2
4
2
3
5
4
4
6
0
4
5
0
0
1
6
4
0
2
2
4
3
0
2
2
4
4
6
4
6
0
7
5
2
4
7
15
7
5
3
4
4
15
0
4
7
1
5
7
5
7
4
5
2
4
0
2
2
4
2
4
4
6
2
2
2
6
2
6
1
7
2
7
5
4
6
0
6
6
5
4
2
6
2
3
3
4
4
2
0
4
4
2
2
2
15
2
7
2
4
5
13
15
17
16
19
21
4
21
16
15
19
16
14
16
13
15
9
12
7
14
25
9
37
21
10
18
19
5
7
15
20
14
9
5
17
12
17
15
10
11
13
11
10
11
15
17
23
19
15
12
13
0
15
13
15
22
17
21
11
11
14
20
19
13
28
26
25
20
11
17
12
17
9
13
20
14
11
17
18
16
10
15
19
29
39
15
13
20
17
26
11
13
13
11
10
19
33
8
21
9
13
15
16
21
18
16
22
19
19
23
12
15
25
17
17
23
18
7
21
9
8
21
15
5
12
20
15
21
15
10
24
14
23
9
21
11
14
2
22
19
20
18
15
15
31
41
13
21
16
8
28
18
18
4
11
18
13
17
14
17
0
24
22
6
81
19
25
44
19
30
10
17
26
21
19
21
18
13
14
15
16
31
24
10
19
20
30
29
19
19
25
23
15
14
10
20
19
20
43
27
69
22
21
22
24
9
6
16
18
25
23
25
21
8
11
17
18
17
14
12
11
11
27
21
21
6
18
30
13
4
15
22
14
26
21
13
22
19
24
14
11
25
21
53
33
15
22
20
31
19
16
15
18
21
17
16
21
15
24
22
29
10
13
17
22
15
15
15
17
19
18
17
22
13
27
23
17
9
6
21
12
10
16
9
16
22
20
23
15
14
