13
15
11
9
9
7
15
12
10
15
20
8
18
6
16
9
13
5
9
9
11
9
17
13
9
11
13
27
17
8
7
13
4
6
9
9
6
11
7
4
18
9
13
4
7
15
6
17
7
15
13
6
9
8
2
5
11
29
17
9
6
13
13
9
8
16
6
9
13
13
14
16
11
0
29
6
9
8
11
27
7
9
22
9
15
13
12
15
7
7
11
11
11
11
11
15
4
15
11
17
14
9
9
13
11
4
9
13
13
7
9
6
5
5
9
11
15
15
11
2
7
6
11
8
11
8
15
2
4
15
11
6
9
9
16
17
9
9
15
12
16
10
9
6
9
9
16
11
13
23
16
11
23
13
20
13
17
13
13
11
7
16
11
44
13
30
15
23
22
8
25
25
11
11
15
5
17
11
19
11
29
11
17
25
30
14
18
17
14
20
11
11
11
15
11
16
16
15
36
16
9
9
9
10
34
7
21
17
17
22
10
17
11
18
17
7
11
18
17
15
14
7
7
9
9
15
6
13
10
7
15
24
16
11
13
7
11
13
11
16
16
19
15
11
17
11
11
7
39
5
15
13
8
9
12
13
6
13
12
9
2
14
5
4
11
14
4
7
4
7
4
7
11
6
7
7
11
6
7
9
10
2
15
7
7
9
4
10
4
5
9
7
10
15
6
19
4
8
8
13
8
5
10
5
10
11
0
4
9
13
2
2
6
11
4
6
10
9
8
4
6
16
6
5
8
8
11
21
7
11
9
10
13
9
17
4
21
19
20
44
15
9
17
26
13
8
23
11
11
6
8
10
9
11
11
11
23
21
11
9
15
17
22
25
51
21
21
32
23
15
25
23
38
13
22
54
6
27
19
11
24
20
22
23
19
19
23
22
32
33
21
13
31
23
18
28
35
17
35
26
23
24
19
18
19
30
23
23
34
17
20
38
4
21
28
44
34
31
25
44
35
28
42
25
13
24
23
47
36
31
10
21
36
33
43
50
34
25
67
39
61
33
28
26
36
31
17
22
14
29
22
11
15
8
47
30
21
29
25
48
31
30
36
6
12
15
33
13
19
32
15
19
44
20
31
22
40
17
26
31
10
23
19
39
44
57
39
40
51
23
20
13
35
23
23
30
19
25
23
21
15
31
17
13
25
17
19
25
19
27
10
15
24
15
32
9
38
23
15
17
25
19
15
13
9
15
15
11
13
16
17
12
10
8
19
4
19
17
28
19
13
8
18
9
6
9
25
13
6
13
9
9
11
15
9
8
13
11
6
6
11
6
8
15
10
2
13
10
6
9
11
19
4
7
15
11
30
28
11
8
11
17
17
21
20
8
11
13
11
26
9
21
7
15
23
9
33
13
40
11
23
9
23
28
19
6
33
8
37
35
17
27
30
6
13
23
19
15
19
13
23
11
25
28
13
23
15
25
4
13
41
11
34
10
21
8
27
11
9
17
11
28
13
29
30
42
30
15
27
4
11
26
11
10
21
21
33
28
25
19
15
21
17
11
23
17
23
10
11
15
19
17
25
13
19
9
15
6
23
8
10
21
49
13
23
11
32
32
38
17
34
19
10
27
17
28
32
11
34
13
25
48
63
17
17
17
15
6
15
13
53
15
15
8
9
15
23
40
27
17
29
34
11
19
8
27
9
15
15
27
13
17
25
23
6
13
11
23
23
30
11
27
19
13
11
32
13
26
19
15
14
22
31
23
22
32
34
29
15
13
13
40
13
22
34
13
8
35
17
30
43
45
28
49
23
15
13
18
22
11
36
21
30
29
19
36
29
13
17
17
19
15
23
11
21
11
36
15
15
13
11
20
11
6
42
4
11
8
19
11
18
9
10
11
21
17
11
11
15
10
10
10
10
13
9
27
8
8
13
11
9
13
25
2
6
6
11
19
11
6
2
0
6
6
8
4
15
2
2
4
2
13
17
8
2
4
2
6
2
2
0
4
2
0
4
8
0
12
12
6
0
6
8
6
0
0
8
6
0
0
47
8
0
12
6
8
0
0
8
10
0
10
4
4
6
0
4
8
0
6
4
4
0
12
10
6
12
8
4
8
2
0
6
8
0
8
4
6
6
8
6
0
8
0
6
0
6
0
16
4
6
0
0
4
6
0
2
10
16
0
6
4
4
0
0
10
8
0
6
4
8
0
0
23
8
0
12
4
2
12
10
0
6
12
4
6
10
4
0
10
6
0
0
6
2
0
0
29
8
10
0
2
6
0
0
0
0
0
4
0
2
0
6
0
0
0
2
2
4
0
0
4
4
0
0
0
0
0
0
0
0
0
0
0
4
4
0
0
6
4
0
0
0
10
0
4
4
0
6
0
4
2
19
8
10
0
4
2
0
0
0
0
0
0
0
0
0
0
0
0
0
0
4
0
2
4
0
4
0
2
0
6
0
8
4
4
4
0
2
14
2
0
25
4
2
0
8
16
4
0
4
10
2
0
2
2
4
8
8
10
10
0
8
0
6
0
10
0
8
0
6
0
6
6
21
0
6
4
6
0
0
4
4
0
8
2
6
0
4
2
0
0
12
8
0
0
6
10
0
0
4
2
0
0
4
2
0
0
23
4
0
0
4
6
0
4
6
6
0
0
43
8
2
0
2
2
0
2
2
2
6
2
2
2
0
2
0
2
2
2
2
2
2
0
2
2
0
2
0
2
0
0
0
0
2
4
0
2
0
0
2
2
2
2
2
2
0
2
2
0
2
0
2
2
2
0
2
0
2
2
2
2
0
0
2
0
2
2
2
4
2
0
2
4
2
4
0
0
4
2
0
2
0
2
2
0
4
0
0
0
0
2
2
0
4
0
0
0
2
2
0
2
0
2
4
0
0
0
2
2
2
2
0
0
2
2
0
0
6
2
2
0
2
0
0
2
4
0
2
2
0
2
2
2
4
0
2
4
4
2
0
2
4
2
2
2
2
0
0
2
2
6
2
0
2
2
0
0
0
2
2
0
0
0
2
0
4
0
2
2
2
0
2
2
2
0
0
0
2
2
0
0
2
0
0
2
2
2
0
2
2
0
2
2
4
2
4
2
4
2
2
2
2
2
2
0
0
0
4
2
4
2
2
0
2
2
2
2
2
0
0
0
2
2
2
0
2
0
2
2
2
2
2
0
4
2
4
2
2
2
0
2
2
0
2
2
4
2
2
2
4
0
2
4
0
0
2
2
2
2
0
2
0
2
2
2
2
2
2
2
0
0
0
2
2
0
2
0
2
2
2
0
0
2
4
2
2
0
0
2
22
0
0
0
0
0
26
19
32
25
21
29
0
0
1
0
0
0
22
20
29
30
23
23
31
2
0
0
0
11
23
16
0
20
20
23
28
26
0
3
0
24
19
29
30
35
18
40
6
0
0
0
0
9
26
24
1
3
19
24
3
41
0
0
2
8
19
1
11
24
19
6
4
22
19
0
0
0
3
7
26
0
3
17
21
21
0
0
0
11
21
31
32
28
21
13
29
0
0
0
0
0
21
21
19
21
20
17
25
0
1
0
0
10
25
0
3
22
16
20
2
25
16
0
0
10
14
25
30
24
17
30
21
0
0
0
0
20
33
24
0
2
20
16
0
19
0
2
0
7
20
16
2
21
18
0
9
30
18
0
0
5
27
16
11
18
22
0
29
0
0
0
0
13
6
30
23
0
16
24
22
27
0
0
0
10
15
24
0
6
19
0
5
20
22
0
0
0
14
19
24
21
1
11
21
15
0
0
0
0
39
20
27
24
21
17
19
0
0
0
0
4
5
18
1
16
24
18
24
28
0
0
0
13
27
0
31
22
22
1
26
3
0
2
0
2
23
32
23
19
23
22
28
0
0
0
0
13
0
21
10
18
1
27
0
0
0
0
0
0
19
21
19
32
35
33
0
0
0
0
0
0
23
22
23
37
25
38
22
17
0
29
23
30
29
24
15
0
24
24
16
0
12
0
12
23
18
16
19
0
23
25
18
0
9
0
1
0
29
22
20
0
22
16
3
1
12
0
14
16
0
27
18
0
20
15
2
0
14
1
16
0
19
13
1
0
6
17
11
1
16
1
19
7
0
17
17
0
2
19
25
0
0
15
0
0
19
18
1
24
17
20
0
22
0
14
1
14
20
0
0
19
24
0
20
17
3
0
14
0
7
0
17
20
0
0
16
11
16
0
0
13
27
0
26
20
20
0
18
3
12
0
24
17
0
20
0
21
0
2
3
15
4
17
16
18
21
21
22
21
0
22
5
15
0
0
24
36
38
32
24
24
8
21
1
28
0
14
24
27
17
20
21
21
23
19
24
2
10
10
34
25
20
22
21
13
23
0
0
3
16
15
0
29
21
0
1
17
20
1
28
3
9
10
23
20
15
17
2
19
16
9
8
14
0
0
25
27
33
22
20
22
0
24
0
33
0
15
21
0
23
20
20
0
31
20
16
0
14
0
0
24
16
18
21
0
26
1
22
0
17
17
0
14
23
31
0
0
21
29
23
2
14
0
13
0
23
0
2
20
25
0
1
16
1
0
25
25
0
19
21
24
27
24
27
0
16
0
28
23
2
20
21
0
4
23
0
2
2
4
2
0
4
0
2
2
4
2
4
4
4
2
4
2
0
0
0
0
0
4
0
0
0
2
0
2
2
0
2
4
2
4
2
0
0
0
6
4
6
2
0
4
2
2
2
6
2
0
0
0
2
0
2
0
4
4
2
0
2
0
0
2
0
0
6
0
2
2
2
0
2
2
0
0
2
0
0
0
2
6
4
0
0
0
2
2
0
4
4
4
2
2
4
4
4
2
0
0
2
0
2
2
4
4
2
2
2
6
2
2
2
2
0
4
2
4
0
28
2
0
2
4
4
2
0
4
2
2
0
0
6
2
0
6
0
2
2
2
0
2
2
8
0
4
4
0
6
4
0
2
0
2
2
0
4
0
2
2
2
0
2
0
6
2
2
0
2
2
2
4
0
2
0
6
2
2
2
2
4
2
0
0
4
4
2
4
2
0
4
0
0
0
4
0
6
4
2
2
0
0
2
2
2
0
4
2
2
0
0
0
2
4
0
0
0
0
0
0
0
0
2
0
2
4
2
4
0
2
4
4
2
26
6
2
6
4
0
0
2
4
2
6
0
2
0
2
2
0
2
2
2
2
2
4
4
2
6
0
0
0
4
4
2
4
2
0
2
2
0
0
6
0
6
2
2
4
0
2
0
2
2
0
2
0
2
0
2
4
0
2
0
2
2
0
0
4
2
0
0
0
0
2
2
2
2
2
2
2
4
2
0
4
4
2
4
6
4
0
0
2
6
2
2
0
2
0
2
2
0
0
0
8
10
8
4
2
0
0
2
0
0
0
0
13
2
7
6
4
2
0
0
2
4
0
4
2
9
4
0
2
0
2
2
8
4
4
2
0
4
0
0
2
2
4
2
2
2
2
8
0
2
0
2
4
6
11
2
13
2
4
4
10
0
0
2
0
0
0
2
2
2
2
2
2
4
0
6
15
6
6
8
2
2
0
4
4
6
4
6
2
2
2
2
2
0
2
0
2
10
2
8
4
0
0
0
2
2
2
0
2
0
6
2
2
0
4
2
4
6
0
2
0
2
0
2
2
0
2
6
6
6
2
0
2
0
2
0
0
2
0
2
2
2
0
0
0
5
7
0
2
2
0
4
4
0
2
0
4
0
2
2
6
2
4
4
0
0
0
2
0
2
6
0
4
4
2
4
2
0
0
6
0
4
2
0
6
0
2
0
2
0
2
2
3
4
0
0
0
3
2
2
2
0
2
0
0
2
2
2
0
4
0
2
0
0
0
0
2
0
2
0
0
0
2
0
0
2
0
0
0
2
0
0
0
0
0
0
0
0
0
0
2
1
0
1
0
0
0
0
1
0
0
0
2
1
0
1
2
3
0
1
1
1
0
0
2
2
0
1
1
0
3
2
0
1
8
3
0
0
0
0
0
0
0
0
0
0
0
2
6
3
6
7
0
5
7
2
6
0
0
0
2
0
1
2
0
0
8
6
0
5
2
0
5
4
8
1
4
1
5
1
2
4
1
6
1
7
5
6
4
2
8
7
0
0
0
1
1
0
0
5
1
1
7
9
12
2
1
0
2
2
0
5
1
1
1
0
0
0
4
0
0
0
0
0
0
1
0
0
0
0
0
3
0
2
1
0
0
0
0
0
2
1
0
0
0
0
1
1
0
2
0
1
1
1
0
0
1
1
2
1
2
1
2
0
2
0
2
0
0
0
7
0
2
1
2
8
2
2
0
0
7
0
2
0
0
0
8
0
11
0
8
1
6
14
3
6
3
0
0
2
0
4
0
1
1
3
0
0
0
2
3
1
0
0
2
0
1
0
0
1
0
0
1
1
0
0
1
0
0
0
11
0
0
2
0
0
3
0
1
2
0
0
10
21
37
13
9
10
6
0
0
1
15
10
0
0
0
0
1
0
2
0
2
1
2
1
10
1
0
0
0
1
0
2
0
3
0
0
4
1
0
0
0
0
0
2
0
2
2
