4
6
4
2
8
4
0
4
4
2
4
2
4
2
2
2
12
2
4
2
2
2
4
4
4
4
4
4
6
2
4
0
2
5
4
0
2
2
2
4
10
2
2
4
0
4
2
6
4
4
2
2
2
2
4
6
4
2
4
2
21
2
4
10
4
6
8
4
8
2
0
2
8
2
2
4
2
10
6
2
4
4
4
0
4
6
4
2
6
4
8
2
2
0
10
4
4
4
19
2
6
6
2
8
4
2
7
2
4
8
4
4
4
8
6
2
6
4
4
5
2
10
4
8
2
4
6
4
8
4
2
4
8
4
4
2
6
8
2
6
2
4
2
4
4
2
4
6
7
4
4
4
10
2
6
8
4
6
4
4
8
2
2
6
2
4
4
6
4
4
2
2
2
2
6
2
2
2
6
4
4
2
0
2
6
15
4
8
2
6
4
2
2
8
4
2
2
6
12
4
6
2
4
2
2
2
4
2
4
6
4
4
5
2
6
4
4
0
4
4
0
6
12
10
2
2
0
4
0
4
2
2
4
0
4
6
2
0
2
8
6
4
4
4
6
2
8
2
4
6
4
5
4
4
6
4
0
2
6
2
2
4
0
0
2
2
0
0
0
8
9
2
6
6
0
11
2
2
4
2
6
0
2
2
6
0
2
2
0
6
2
4
4
6
8
2
6
4
6
4
2
4
2
4
2
6
2
4
2
2
4
2
2
0
2
2
2
4
4
2
6
4
2
0
4
13
2
2
2
2
2
2
2
4
2
2
4
2
0
4
17
8
4
6
0
2
4
0
4
4
0
4
2
4
4
0
2
8
2
2
2
4
2
2
4
2
4
4
12
2
2
2
0
4
2
2
4
6
0
2
4
2
13
2
4
4
2
4
2
4
2
4
4
0
10
4
4
15
4
4
4
2
2
6
6
13
2
5
4
8
2
4
8
4
2
4
0
6
3
6
2
2
6
2
4
2
2
2
6
2
4
4
2
2
0
4
2
6
2
2
4
8
2
6
2
2
6
4
2
2
9
0
2
6
0
2
4
0
2
4
4
0
2
4
2
2
6
0
2
2
4
2
2
2
2
2
0
4
0
4
6
4
4
4
0
2
4
2
8
16
0
2
2
0
2
0
2
2
2
4
4
2
0
2
2
2
2
2
4
2
4
0
6
0
4
2
0
10
2
2
2
6
0
4
2
2
4
4
4
4
4
2
2
6
0
2
2
2
4
4
6
4
0
6
0
2
2
2
2
2
2
2
4
2
12
2
2
2
2
2
0
0
6
4
6
2
0
2
0
4
2
4
2
2
0
2
2
4
2
3
3
2
3
2
1
3
2
4
2
1
2
2
4
1
1
6
3
0
1
1
1
1
3
1
3
4
6
1
5
5
2
3
1
4
1
2
2
1
3
6
3
2
1
4
5
3
1
3
2
1
2
8
2
5
7
5
1
1
1
0
0
4
2
2
2
1
3
2
2
3
3
1
1
2
2
3
3
1
3
1
0
3
0
4
7
6
2
2
0
2
1
0
4
11
8
2
1
2
2
1
5
2
3
4
2
6
1
1
3
3
2
7
3
1
5
3
4
5
1
8
4
0
3
2
4
4
2
9
1
5
4
0
2
1
5
6
7
2
6
2
1
4
2
2
5
2
3
3
0
1
7
4
7
2
4
4
2
0
4
3
9
1
1
2
1
6
4
5
3
5
1
3
4
5
5
3
0
1
3
4
5
4
4
5
6
2
5
7
3
0
3
2
1
1
1
0
0
0
1
7
4
0
2
3
2
0
3
1
5
0
2
4
10
2
8
13
2
2
2
1
3
2
5
1
2
5
1
2
9
1
2
4
3
1
3
4
1
2
2
1
2
3
2
2
6
6
1
1
3
4
2
4
3
0
1
3
4
0
8
1
1
4
3
1
5
6
1
2
1
4
1
2
0
0
0
2
1
0
0
3
19
5
1
0
2
0
4
0
0
4
4
0
0
4
2
0
2
0
0
0
4
0
2
2
0
0
2
0
0
0
2
2
0
0
0
0
0
0
0
2
0
2
0
0
0
2
0
0
2
2
2
0
0
2
6
2
2
2
4
2
2
0
2
0
0
0
2
2
0
0
2
2
2
2
2
2
0
0
5
0
4
2
2
0
4
0
2
2
2
3
2
2
2
0
4
0
1
4
0
2
0
0
2
2
2
0
0
0
2
2
2
2
2
2
2
0
2
0
0
0
0
4
8
2
3
0
0
0
2
0
2
0
0
0
2
4
0
2
0
0
0
0
0
4
2
2
0
2
4
2
4
2
4
4
2
0
4
4
2
2
0
2
4
4
2
2
2
0
6
2
0
2
0
0
2
0
2
2
8
2
2
0
2
2
0
2
4
4
2
4
0
0
4
2
0
1
3
3
0
0
0
2
3
0
0
0
2
4
2
2
0
2
0
2
0
0
0
0
0
2
0
2
5
2
0
0
2
2
0
0
3
4
2
2
0
4
2
2
4
6
2
4
0
2
2
2
1
0
0
2
0
0
0
0
0
0
2
0
0
2
2
2
2
0
2
4
4
0
2
2
7
2
3
2
2
2
0
5
0
2
4
0
0
0
0
2
2
0
4
2
2
0
27
26
12
29
45
27
14
20
27
39
8
9
43
24
10
28
38
22
22
18
35
18
25
45
25
9
12
17
38
26
20
23
27
16
24
16
44
30
19
40
26
32
11
10
14
26
24
27
41
33
27
15
18
41
20
28
27
16
9
26
18
31
32
37
26
43
31
18
25
29
29
43
39
35
42
13
24
23
31
40
29
46
33
48
22
15
18
26
22
20
27
26
42
21
32
14
29
37
40
34
45
24
43
46
30
31
46
43
18
45
9
23
44
24
46
29
35
46
33
28
41
33
37
31
22
45
29
29
39
42
30
31
33
38
40
55
33
39
13
25
25
26
29
40
40
43
36
35
35
42
33
33
20
9
4
29
34
34
35
37
32
38
26
48
30
14
17
31
23
30
45
29
21
41
34
44
43
44
45
29
40
33
44
44
40
27
31
31
31
46
39
37
19
36
33
44
26
29
27
31
29
28
38
34
28
34
35
28
11
30
22
23
43
42
44
41
38
31
40
26
48
44
23
33
29
37
36
33
48
44
36
46
30
49
44
29
42
29
43
36
40
44
36
37
37
28
27
33
29
31
41
41
29
24
35
44
31
27
28
53
49
24
36
40
14
18
41
22
36
33
39
29
25
43
31
29
33
48
45
36
27
35
26
31
19
26
29
45
6
4
2
6
4
2
3
8
4
7
0
5
4
4
4
3
0
5
2
8
6
0
2
2
0
4
4
2
2
4
0
2
2
2
2
2
6
4
4
4
2
49
10
2
30
0
6
12
4
3
2
4
4
4
2
45
0
12
10
4
3
2
2
2
4
2
4
4
2
13
4
2
13
0
2
4
4
4
2
2
19
4
6
4
2
2
2
2
4
4
0
4
2
8
2
6
2
4
7
2
2
5
13
4
6
13
2
2
2
4
4
2
3
12
9
2
4
5
15
2
6
4
3
5
2
2
40
4
10
2
2
2
4
4
4
2
2
2
4
0
4
7
8
6
4
6
12
4
4
6
6
2
4
6
2
4
3
6
2
3
7
2
2
6
8
4
8
5
50
2
6
4
2
5
4
2
6
6
6
4
2
2
4
4
5
6
47
6
2
6
6
13
29
2
2
47
2
2
2
4
0
4
0
4
3
4
2
0
4
2
2
6
2
2
2
8
13
6
4
2
8
2
2
4
4
2
6
4
2
41
0
5
3
2
4
6
2
0
7
9
2
2
0
4
2
2
2
8
4
6
0
2
2
2
5
4
4
4
2
6
8
10
8
8
4
4
4
4
3
2
5
4
6
4
6
4
4
2
4
2
7
0
2
8
0
2
8
6
5
4
8
4
3
7
13
4
4
6
9
5
5
7
3
3
3
5
6
5
3
3
3
3
3
3
5
5
6
3
2
2
4
3
4
3
6
11
2
4
2
3
5
8
3
4
5
3
2
3
4
5
3
7
7
4
6
4
4
3
3
3
4
4
3
3
7
7
4
15
7
3
4
6
6
8
2
5
4
6
5
10
4
5
4
5
8
7
4
4
7
4
7
4
5
3
6
6
7
5
5
4
2
3
4
9
6
6
2
5
9
7
3
3
5
12
4
3
4
4
2
8
10
7
2
6
6
3
4
3
8
2
3
3
3
4
4
3
3
6
2
5
5
3
6
5
4
3
3
4
4
4
2
3
3
4
3
4
4
3
5
0
4
6
4
7
3
4
4
8
9
5
4
4
4
7
9
15
7
10
8
13
12
31
22
12
18
30
24
12
14
20
21
29
23
17
14
18
10
3
15
15
28
13
29
21
31
27
32
6
41
29
12
34
16
23
23
14
17
47
43
18
32
8
9
56
36
35
22
20
24
24
43
12
25
22
44
30
22
44
25
16
22
17
15
11
24
48
38
46
22
55
36
48
14
37
58
26
56
20
17
29
33
61
45
39
26
51
29
34
36
41
36
51
53
55
36
63
27
60
25
13
46
18
62
47
53
30
0
2
2
8
4
0
4
2
4
28
4
6
4
4
2
4
2
2
2
2
0
0
0
2
2
2
2
4
4
0
2
4
42
2
2
6
2
2
4
0
32
0
4
4
2
40
8
2
6
2
4
6
2
8
2
2
2
2
44
4
2
4
0
0
8
0
6
4
4
2
2
38
2
4
49
2
2
2
0
2
0
10
2
4
4
39
2
2
4
17
0
6
2
2
2
21
4
2
2
0
4
4
4
2
0
0
48
2
2
44
2
6
2
0
0
2
2
4
2
4
2
43
2
2
11
37
2
4
4
2
4
4
2
4
2
2
2
4
2
42
19
4
4
2
4
4
4
2
31
2
2
6
46
4
4
0
2
4
22
2
6
4
44
4
6
0
2
2
4
9
26
0
4
0
2
2
4
2
0
0
4
2
4
2
4
2
0
5
4
4
2
4
2
11
4
4
0
2
2
5
2
0
2
4
2
2
4
0
34
2
0
4
2
2
2
4
0
0
2
4
2
8
2
2
4
4
0
4
2
2
25
0
16
0
0
2
4
6
6
0
0
4
2
2
4
6
2
2
2
0
2
4
2
2
0
4
0
2
0
0
4
2
2
11
2
2
4
2
2
14
4
2
4
6
4
8
4
2
6
2
26
2
2
2
2
0
4
2
2
2
2
0
4
2
1
4
4
0
0
0
0
1
0
2
3
4
4
2
2
2
1
2
2
3
0
6
6
4
2
1
4
2
0
1
2
2
2
2
2
0
4
1
0
0
0
0
0
0
1
1
2
0
5
5
0
4
4
2
2
0
2
2
0
2
2
0
2
2
2
0
5
2
4
2
2
0
1
0
1
4
2
2
3
2
2
2
0
4
2
2
4
2
4
2
4
2
5
2
0
1
2
0
0
4
4
4
1
5
7
0
3
0
3
4
4
4
0
4
4
0
1
0
2
2
4
4
0
0
2
0
2
3
2
6
6
0
2
2
3
16
1
2
2
2
0
0
2
0
2
0
0
0
0
2
0
4
0
2
0
0
13
0
0
2
3
0
2
2
2
0
0
2
2
0
0
0
7
0
3
2
2
6
4
3
2
1
0
7
4
2
4
2
2
0
0
2
0
0
0
0
2
0
5
0
0
0
0
0
2
0
5
15
2
3
2
2
14
2
0
2
0
2
0
4
2
0
2
4
6
0
4
4
0
2
0
0
3
1
0
4
3
0
4
14
2
1
0
1
2
2
2
0
0
2
2
8
1
2
0
0
1
0
2
2
4
2
0
4
0
0
0
0
2
0
1
1
4
1
4
2
2
2
2
1
0
0
21
24
24
20
19
25
28
22
26
23
24
26
23
26
19
28
30
29
26
22
27
24
23
26
26
19
21
26
25
28
23
28
23
28
24
22
21
25
25
22
26
28
20
26
26
23
25
27
20
27
25
16
24
23
25
26
25
22
22
28
25
28
27
24
28
27
26
16
23
24
25
26
27
19
29
21
22
21
23
16
26
27
26
17
26
21
19
24
27
26
18
25
23
22
23
28
26
25
28
24
18
28
18
27
21
19
23
27
21
23
21
20
22
18
27
24
23
26
20
26
27
24
26
24
26
26
31
20
28
18
26
24
24
20
25
23
23
24
28
28
25
22
25
25
25
19
21
25
26
25
26
28
26
16
29
27
20
25
23
19
23
25
26
22
25
25
24
25
25
26
19
26
26
27
24
26
23
23
27
23
23
27
23
24
29
26
24
25
25
23
25
23
21
28
24
27
26
24
26
25
23
26
23
25
18
26
26
27
24
27
27
22
26
27
26
27
23
23
28
20
25
24
30
27
22
28
25
23
27
22
25
18
23
24
28
23
25
30
29
25
25
22
21
25
28
23
20
26
18
15
19
23
24
17
29
26
26
26
26
25
25
25
23
25
23
18
28
25
23
24
19
23
28
26
20
28
25
27
24
29
25
22
22
20
23
25
26
25
