0
2
2
0
2
2
0
2
2
0
4
2
2
0
0
2
0
2
0
2
0
4
4
4
2
0
0
4
2
0
0
0
2
0
6
2
2
4
4
0
0
2
2
2
0
0
4
2
2
2
4
2
0
0
2
0
4
2
4
2
4
2
0
0
0
6
0
4
0
2
2
2
2
0
2
2
0
2
0
0
2
4
2
4
2
0
0
0
2
0
4
0
2
0
0
2
0
0
0
2
2
2
2
0
4
0
0
6
2
0
4
2
4
0
4
4
2
2
0
6
2
0
0
4
2
6
0
4
2
0
2
0
4
2
0
2
2
2
0
0
0
0
0
0
2
4
2
2
0
2
0
4
0
2
0
0
2
0
2
0
2
0
2
4
4
0
2
0
0
0
0
2
0
2
0
0
0
0
0
4
2
0
0
4
2
14
0
2
0
2
4
2
2
2
0
0
0
0
6
2
2
6
0
0
2
2
0
0
0
2
4
0
0
4
0
0
0
0
2
0
0
2
4
2
4
2
2
4
2
2
0
0
2
0
4
0
0
0
2
0
14
2
2
0
0
0
0
0
4
0
2
4
8
0
0
2
2
2
2
2
6
4
2
0
0
0
2
0
4
0
2
0
2
2
0
4
4
0
2
2
2
2
0
2
4
4
2
0
2
2
2
0
0
2
0
2
0
0
0
2
2
0
0
2
2
0
0
2
0
0
0
0
0
0
0
0
2
2
0
0
2
2
0
2
2
0
2
0
2
2
2
2
2
2
0
0
0
0
2
0
0
0
0
2
2
2
0
0
0
0
0
2
0
2
0
2
2
0
2
2
0
0
0
2
0
0
2
0
2
0
0
2
2
2
0
2
0
0
2
4
2
2
4
0
2
2
2
0
2
0
0
2
2
0
2
0
2
2
2
0
2
0
2
2
0
0
2
0
0
0
2
0
2
0
0
2
0
2
0
2
2
0
2
2
2
2
0
0
0
0
2
2
0
2
2
2
2
0
2
0
2
2
0
2
2
0
2
2
0
2
2
0
2
2
2
0
2
0
0
2
0
0
0
2
2
0
4
0
0
0
0
2
2
2
2
0
4
2
0
2
0
0
2
0
2
0
0
2
0
2
2
2
0
2
2
2
0
2
0
0
2
0
2
2
2
2
2
0
2
2
0
2
2
0
2
2
2
2
0
2
0
2
0
2
0
2
0
0
0
2
0
2
2
2
2
2
2
2
0
0
2
2
2
2
0
2
0
2
2
2
0
0
2
2
2
2
2
0
0
2
2
0
2
2
0
0
2
0
2
2
2
2
0
2
2
0
4
2
6
8
2
4
0
8
2
0
0
2
2
0
0
0
6
6
2
0
4
2
0
0
4
2
8
6
2
2
0
0
4
0
0
8
0
0
0
96
14
12
0
0
8
0
6
0
2
0
2
2
8
4
0
6
2
0
4
4
0
2
0
92
2
4
0
0
0
0
10
2
2
0
0
6
6
6
2
4
6
0
4
0
8
2
0
0
0
4
8
0
0
12
0
2
0
4
4
0
0
0
2
17
0
0
0
4
8
0
0
2
6
13
0
4
0
4
0
0
0
2
0
0
0
4
0
6
0
0
0
4
0
0
2
8
0
2
4
4
2
6
2
4
2
0
6
8
0
4
0
0
0
4
0
2
4
0
6
7
0
4
4
0
2
4
2
4
0
2
0
0
0
0
4
0
6
0
2
0
10
6
6
0
0
99
6
2
4
0
2
2
8
0
6
6
0
0
0
4
8
0
0
2
0
4
2
6
0
0
0
0
8
2
0
8
0
0
4
0
6
0
0
2
8
0
6
0
2
8
6
0
0
0
0
0
0
2
0
0
0
0
6
0
0
2
2
2
0
0
0
4
0
0
6
4
0
4
8
2
2
0
0
10
2
10
8
2
6
0
0
8
0
0
4
2
6
6
0
12
2
14
0
0
0
6
4
6
39
42
50
40
31
42
28
29
43
25
23
62
51
59
60
40
34
29
32
33
65
45
49
63
50
50
36
47
27
29
33
62
55
31
55
63
73
47
36
50
34
23
33
34
40
56
46
47
50
29
45
34
64
51
22
50
35
64
45
48
48
58
47
37
43
23
32
46
54
65
39
75
63
47
50
61
38
32
28
34
48
46
48
54
51
36
27
45
47
22
22
26
91
47
36
49
47
45
40
62
35
30
17
22
49
46
48
48
44
98
46
32
76
29
21
33
33
50
48
46
33
57
59
89
49
30
21
23
62
46
48
45
47
64
60
57
34
29
22
29
23
50
53
52
47
54
38
59
39
36
29
26
53
55
62
24
37
0
0
0
0
0
0
0
29
38
29
33
26
43
69
45
60
24
37
25
21
33
44
37
40
47
70
37
51
40
50
38
24
29
16
21
39
38
45
56
28
27
23
22
13
17
51
46
57
45
48
87
37
34
75
31
15
16
27
42
39
39
63
22
75
27
28
41
26
27
44
45
34
45
43
47
41
31
24
20
18
25
50
46
62
60
28
46
35
28
57
23
19
45
47
45
32
56
45
46
29
26
27
36
38
64
38
39
76
59
32
48
31
55
47
32
25
37
45
49
63
45
27
27
56
17
12
16
32
37
45
48
19
21
21
30
28
30
19
19
11
11
13
15
8
6
10
13
11
17
11
26
9
8
11
17
6
8
11
10
17
24
21
8
36
19
17
8
19
19
15
8
11
15
19
12
11
25
10
29
10
6
13
10
6
15
13
11
11
10
15
11
15
21
12
23
24
22
17
15
15
17
10
21
19
19
13
15
9
6
15
13
12
17
13
15
26
19
17
25
17
17
11
6
13
19
12
13
23
17
17
22
18
13
13
13
25
17
13
25
13
25
30
11
13
13
23
23
19
21
13
19
15
28
19
21
31
30
15
15
23
31
21
44
21
15
29
6
20
33
19
25
17
25
23
17
25
9
17
23
13
19
8
23
10
29
15
23
13
13
19
13
19
23
12
23
4
21
12
17
19
30
26
23
21
8
13
21
8
28
34
11
25
21
30
29
31
11
21
36
24
15
27
17
31
27
19
31
2
19
18
43
10
20
32
7
11
22
21
29
11
9
17
27
17
26
17
17
10
9
23
10
19
16
17
17
24
11
13
15
17
17
25
32
13
6
8
28
15
15
23
23
21
11
32
17
20
8
36
13
19
22
31
21
25
23
13
19
16
11
11
20
17
19
15
6
42
13
15
6
31
7
11
17
10
7
17
15
31
13
8
19
14
13
13
10
17
8
20
15
7
7
4
8
6
8
2
4
6
6
5
4
8
6
7
7
7
6
2
7
7
4
6
4
7
6
6
6
4
4
5
6
6
3
5
2
8
8
5
9
7
4
4
2
7
6
5
6
9
8
4
8
10
5
5
6
11
7
5
4
11
3
6
11
4
7
4
4
10
5
7
5
6
4
6
4
5
4
9
4
3
8
7
2
7
4
8
5
4
4
8
5
4
5
5
4
8
7
6
6
6
7
7
4
8
6
4
6
7
3
3
4
7
14
6
4
5
5
8
4
10
4
4
4
9
2
8
8
5
4
4
4
6
7
4
4
4
9
4
3
7
5
11
8
5
3
2
6
3
7
5
4
4
4
3
4
7
2
5
6
6
5
6
4
8
4
9
6
2
6
4
12
3
5
7
4
6
12
4
5
4
12
7
2
4
5
7
4
4
4
6
6
7
8
3
6
6
8
6
6
3
5
7
9
6
6
6
6
7
4
6
3
5
5
5
5
4
7
8
3
3
8
7
5
8
3
5
4
4
3
5
5
10
0
6
8
4
8
6
3
6
3
6
4
5
4
3
8
6
6
4
5
6
4
6
9
5
4
4
10
4
6
5
5
6
4
5
3
11
4
3
8
5
3
4
5
8
4
2
6
5
6
7
8
5
7
6
4
4
2
2
2
2
4
0
0
2
6
2
0
2
0
4
6
4
39
2
48
10
6
4
4
23
6
2
4
2
4
0
2
2
2
4
0
2
2
6
4
4
8
2
4
0
8
0
0
0
0
0
0
2
4
0
2
0
0
13
0
6
0
2
2
15
0
4
2
2
6
2
0
0
0
0
0
10
8
6
4
0
4
4
2
4
0
2
4
8
4
6
2
2
2
4
0
0
2
4
2
14
0
2
6
0
4
4
8
10
2
4
0
6
0
6
0
0
2
8
2
2
2
2
10
6
0
4
4
8
2
4
2
4
0
2
2
4
0
0
6
0
0
0
0
0
4
8
2
0
0
0
8
4
10
2
6
2
2
0
8
2
2
6
4
2
2
6
0
2
2
4
6
4
6
0
2
0
6
8
2
2
4
2
6
4
8
4
2
29
8
8
2
0
2
0
6
6
2
2
4
2
8
2
6
4
4
8
6
2
0
2
6
0
4
39
12
6
2
0
6
2
0
6
2
2
8
4
4
4
2
4
6
6
4
0
4
8
4
4
0
2
10
2
6
0
0
6
0
2
4
2
7
4
2
2
2
2
8
0
6
14
4
8
4
0
6
4
4
4
4
4
2
6
6
0
0
4
28
2
10
0
4
6
6
2
9
6
2
13
14
18
47
30
52
15
19
10
10
9
25
8
12
12
19
56
18
3
17
16
18
9
14
15
12
21
22
27
20
19
19
18
10
9
24
15
14
22
44
22
22
22
25
24
8
22
15
25
12
24
35
24
15
22
24
7
11
18
15
13
14
37
59
19
25
19
9
22
14
24
22
17
10
15
19
13
20
16
12
9
11
22
18
15
19
25
40
26
22
14
12
21
19
17
18
15
22
20
42
18
36
13
18
8
22
14
15
15
13
11
16
49
20
16
15
20
18
13
24
27
21
12
18
45
23
18
17
21
9
16
16
11
24
16
27
30
40
8
12
19
24
18
16
22
17
20
18
52
18
18
24
16
5
22
8
18
18
16
41
34
17
22
18
13
14
22
18
13
18
15
24
22
20
25
12
19
15
24
22
16
7
22
15
23
32
20
20
13
11
19
19
20
12
22
38
23
36
19
20
36
20
22
15
14
20
23
41
23
40
19
14
17
20
16
25
11
16
48
40
28
32
18
18
14
16
22
19
18
21
22
45
20
34
22
15
24
16
25
25
20
22
47
27
16
40
15
19
31
27
27
35
44
24
22
24
27
10
34
15
61
8
13
16
34
22
16
24
16
20
48
49
18
15
15
24
26
18
20
39
20
37
33
22
28
25
24
11
4
2
4
2
41
4
4
0
4
41
0
6
9
2
0
4
0
2
4
4
0
0
2
6
2
0
0
0
2
2
6
0
2
72
2
0
8
0
4
0
0
2
4
0
0
2
0
0
4
73
0
2
0
4
6
0
2
0
0
6
37
4
4
0
0
4
4
0
0
4
6
0
2
0
2
44
0
4
4
0
2
0
0
2
0
2
2
2
0
4
0
0
4
0
4
2
6
4
2
0
0
2
2
0
0
6
2
2
0
0
0
28
0
0
0
0
4
6
4
0
4
6
4
2
4
6
2
6
0
4
6
0
2
0
0
0
4
6
4
0
2
2
4
2
2
6
4
0
0
0
2
2
0
2
2
4
2
5
2
0
0
2
0
2
0
0
4
2
2
4
2
2
4
2
2
0
2
4
0
0
0
0
23
5
4
2
0
2
4
0
0
0
25
13
0
2
0
2
8
2
2
2
18
4
4
4
0
4
0
0
0
69
6
4
0
2
0
4
4
0
6
2
73
4
2
2
0
29
4
2
4
11
2
0
6
0
2
4
0
0
6
2
2
4
4
2
2
0
0
4
0
2
4
9
0
0
2
0
2
60
0
4
0
2
8
0
0
0
2
2
4
2
2
0
0
0
6
2
39
2
2
2
4
42
0
0
0
4
3
7
5
5
9
5
1
3
3
1
3
1
1
3
3
5
3
7
5
5
3
5
0
1
7
3
5
7
3
3
5
3
5
3
3
5
5
5
3
1
1
7
3
3
3
3
1
7
3
7
1
1
1
5
7
3
5
3
3
5
3
3
1
3
5
3
3
5
3
5
3
7
3
3
3
7
1
3
3
0
3
5
3
5
1
5
5
9
1
5
3
3
1
3
5
1
7
3
3
5
3
3
5
3
3
3
3
0
1
5
7
7
7
3
3
3
3
7
5
5
5
1
3
5
0
1
7
5
1
5
3
1
3
3
3
1
5
5
5
3
3
7
7
3
3
5
3
3
3
1
5
3
5
1
3
1
1
5
1
1
3
0
7
5
1
3
7
3
1
3
5
7
9
3
7
3
1
1
7
5
3
5
1
3
7
1
3
3
3
3
3
3
0
5
1
7
7
7
1
3
3
5
5
3
5
5
5
5
5
7
3
3
5
1
7
1
5
5
9
3
1
5
9
5
3
5
5
1
5
9
7
7
1
5
7
3
7
1
1
1
3
1
5
1
3
3
3
3
5
5
7
1
5
7
3
5
3
3
5
9
5
5
1
3
1
7
3
5
5
1
3
7
7
5
5
3
5
1
5
3
5
5
3
9
3
3
3
3
