0
0
0
2
2
2
2
2
0
2
0
0
0
2
6
2
0
8
8
0
0
2
0
6
6
4
6
2
2
2
6
4
2
0
0
0
8
4
2
2
2
6
2
2
2
2
0
2
4
0
2
10
2
12
10
0
2
2
0
2
0
6
0
2
2
0
12
7
8
4
6
2
16
20
6
0
2
4
2
6
8
0
6
2
4
6
0
0
17
0
4
4
2
2
0
2
0
2
8
18
12
4
10
0
4
0
4
0
2
4
0
2
4
2
0
4
2
4
2
2
2
4
0
4
0
2
2
0
4
0
0
2
2
0
2
0
0
2
0
0
2
0
2
0
0
2
0
2
0
2
2
0
0
2
0
0
0
0
4
0
0
2
0
4
2
2
0
0
0
0
0
0
2
0
2
2
0
2
0
0
2
10
2
0
2
0
2
0
0
2
0
2
0
2
2
2
0
0
2
0
0
0
2
0
0
2
0
0
0
2
0
0
0
0
2
0
0
0
0
0
0
0
0
2
0
2
2
0
0
2
2
0
0
2
0
0
2
2
0
0
0
0
0
2
2
2
2
2
0
2
2
2
2
0
0
0
2
0
0
0
0
2
0
2
0
0
4
0
0
2
2
0
2
0
2
2
0
2
0
0
0
2
0
2
0
0
0
2
93
89
89
92
90
91
95
49
93
48
90
95
93
93
66
87
97
95
96
95
95
88
95
95
90
93
90
91
97
97
89
88
95
90
93
84
58
97
95
95
91
93
49
87
97
95
90
93
95
93
91
90
90
91
93
97
48
97
95
90
93
97
79
95
75
95
90
87
97
97
49
95
88
48
83
95
97
90
91
93
95
95
93
95
90
90
97
97
92
87
87
95
90
95
85
49
95
93
89
90
95
91
91
88
85
82
46
93
97
95
95
87
93
95
85
87
95
49
95
95
90
93
94
90
88
93
95
93
92
92
90
58
88
88
97
95
90
93
95
46
84
90
90
92
95
83
97
94
49
97
93
91
95
97
90
89
90
90
97
95
78
47
90
89
95
89
97
85
95
95
49
93
91
95
90
97
46
92
95
95
93
97
95
95
85
95
95
88
88
89
49
95
93
93
95
97
95
97
95
91
95
92
93
41
90
93
95
93
97
97
95
97
94
95
48
91
95
91
97
86
90
85
90
97
93
48
93
88
93
93
93
95
88
95
97
90
93
89
95
91
95
91
87
97
92
95
89
85
93
95
47
79
94
93
95
95
95
87
48
97
93
95
85
95
95
87
93
91
90
95
92
95
93
89
93
92
61
42
92
94
90
91
89
95
94
91
92
93
13
18
16
31
36
13
19
22
20
30
26
15
28
23
18
18
40
30
14
34
42
13
13
8
26
2
33
20
20
12
24
48
7
29
18
33
25
47
37
27
18
54
47
39
46
38
27
28
27
7
26
20
19
41
9
16
11
38
26
17
40
18
40
13
57
24
9
30
31
33
16
22
25
13
26
36
16
29
47
55
12
35
41
37
24
13
16
33
14
37
22
11
5
25
19
18
25
26
21
23
32
16
44
23
30
29
46
13
13
11
33
9
42
18
34
13
66
14
22
27
23
38
32
47
22
19
9
18
37
33
27
11
43
23
24
22
18
27
25
36
12
23
13
18
21
51
68
46
15
37
11
36
31
24
18
21
12
15
24
35
14
22
31
42
31
17
34
42
15
40
38
49
40
11
34
11
47
49
31
37
38
31
43
36
32
26
21
35
30
16
23
26
14
47
36
35
42
24
66
14
33
33
18
7
52
27
23
36
33
28
40
36
20
23
27
17
19
20
17
13
8
49
21
26
11
30
11
12
20
24
11
35
24
7
18
16
20
33
12
30
15
12
16
10
33
14
16
22
19
20
29
14
26
10
38
33
19
3
14
10
6
23
3
5
2
14
9
2
2
3
2
3
16
9
5
15
5
5
3
4
2
7
7
3
7
2
7
2
0
0
3
2
17
0
0
0
0
0
1
0
3
5
4
2
5
0
7
3
0
2
3
2
3
4
0
5
4
6
29
2
0
0
5
15
9
0
4
0
4
3
2
29
0
2
7
4
19
1
17
0
5
2
5
5
4
33
0
4
0
4
0
1
3
0
2
0
0
3
3
2
0
4
5
1
4
2
0
4
6
1
4
2
2
5
2
3
3
4
0
2
1
5
0
0
0
1
0
1
3
1
0
6
1
1
3
1
4
0
2
3
4
1
4
0
5
5
0
0
3
0
2
2
19
0
5
4
4
0
7
4
0
2
2
6
3
5
2
2
30
21
0
0
0
4
2
4
17
4
3
1
4
1
0
0
1
4
0
1
2
4
2
5
1
3
2
0
2
6
3
3
2
3
4
4
1
3
2
3
4
5
5
5
3
3
2
3
1
2
4
7
3
0
7
2
4
0
0
7
5
17
4
4
3
5
7
0
2
5
4
3
17
1
6
1
2
2
0
13
5
4
0
0
4
3
2
2
2
3
7
3
5
2
4
3
5
0
2
4
2
4
1
0
2
0
0
0
15
1
2
2
4
0
1
0
0
1
6
4
4
5
0
2
1
2
3
15
4
0
0
3
2
6
0
4
2
3
2
2
3
4
4
4
7
1
2
3
7
10
8
12
12
10
7
16
12
7
11
5
10
10
7
8
8
11
7
9
7
8
3
9
11
7
5
7
7
10
10
4
16
4
9
11
7
9
4
9
7
9
2
5
9
4
9
10
9
9
7
10
9
13
5
37
5
4
7
11
8
14
9
7
12
12
11
7
7
9
9
14
13
7
11
5
7
9
16
7
9
9
6
12
7
42
5
2
9
4
7
11
7
9
7
11
10
7
5
9
7
7
11
11
12
2
13
7
5
7
9
23
7
5
5
3
14
5
5
7
9
11
9
9
13
7
9
7
7
4
10
9
10
9
11
5
18
7
4
8
5
11
7
10
8
13
7
9
9
7
9
9
10
12
12
15
18
18
17
10
5
9
10
9
7
7
19
17
11
23
7
10
12
18
9
12
21
7
19
15
12
13
19
18
17
13
12
21
15
11
23
12
12
14
14
18
30
9
13
11
7
14
9
8
7
5
11
28
10
20
14
7
5
12
11
10
14
14
13
20
11
12
21
7
9
13
5
11
16
10
7
12
14
11
5
11
13
7
5
20
6
14
15
11
10
11
15
7
13
13
7
10
7
14
12
8
13
12
11
11
5
16
15
10
15
13
15
16
14
10
5
14
5
7
14
7
9
9
9
9
7
5
7
11
7
21
5
13
0
0
0
2
6
4
2
4
0
0
6
2
0
0
0
0
0
0
0
0
0
0
0
0
0
2
0
0
6
8
0
2
4
6
0
0
0
4
4
4
0
2
4
0
2
8
0
2
0
2
4
0
0
4
2
0
4
2
6
2
0
2
2
6
0
6
6
2
4
0
0
0
0
2
0
0
6
2
0
0
0
2
2
0
0
0
2
0
0
4
4
2
0
4
0
2
0
4
0
4
2
4
4
6
4
2
0
2
0
0
4
2
0
0
0
4
6
8
4
0
0
2
2
0
4
4
0
6
2
8
8
0
0
4
4
2
6
0
0
0
0
2
0
0
0
4
0
2
4
0
4
4
6
0
4
0
0
0
2
0
0
0
2
0
4
2
6
0
0
2
4
4
2
4
2
0
2
8
0
0
0
0
2
4
0
4
0
4
0
0
2
0
0
0
0
4
0
4
2
6
0
2
4
2
0
0
0
4
4
0
2
0
0
2
0
0
2
2
6
0
2
0
2
0
4
0
0
2
0
6
2
4
0
2
4
0
0
2
2
0
0
6
2
4
0
8
2
2
4
0
2
2
0
2
2
0
0
2
2
2
4
6
2
2
0
2
6
0
2
4
0
2
2
0
2
0
0
0
0
0
2
0
0
2
2
0
0
0
1
31
0
0
0
6
21
0
7
23
23
1
49
0
0
0
0
9
20
0
0
19
16
0
3
16
20
0
0
4
20
10
22
29
0
23
25
0
0
0
0
0
23
16
0
0
4
27
22
31
0
0
0
0
25
25
28
4
23
0
25
30
0
0
0
7
20
20
2
24
18
16
0
30
0
0
0
10
24
0
19
19
10
23
26
20
0
0
0
20
31
21
5
8
23
18
0
28
0
0
0
10
25
1
3
17
25
1
2
18
20
0
0
6
37
22
20
19
0
0
30
21
0
0
0
18
4
6
19
0
2
18
22
48
0
0
0
0
22
17
6
3
26
21
7
30
0
0
0
12
20
18
0
0
24
22
6
24
24
0
0
0
23
16
0
2
13
20
0
32
1
0
0
1
18
27
0
7
22
20
1
35
0
0
0
0
25
24
24
24
25
0
23
0
0
0
0
10
21
27
24
26
21
2
33
0
0
0
0
16
3
8
21
3
7
18
18
15
21
0
0
0
27
28
0
4
20
0
3
20
17
2
0
21
21
0
3
24
20
21
0
19
0
0
0
0
0
4
20
0
15
21
17
24
0
0
0
0
20
37
21
0
16
21
19
40
3
0
0
0
19
1
15
0
4
18
0
27
0
0
0
20
19
27
19
18
3
0
0
2
0
2
2
0
2
2
0
0
0
0
0
0
0
0
0
0
2
0
2
0
0
2
2
0
0
2
0
0
0
0
0
2
0
0
4
0
0
0
2
0
4
0
2
0
2
2
0
0
0
2
2
0
2
2
0
2
4
2
0
2
0
0
2
2
2
0
2
2
2
0
0
0
2
6
2
0
2
2
2
2
0
0
0
2
6
2
0
0
2
0
0
2
0
0
0
2
0
0
2
2
0
2
8
2
4
2
8
2
2
0
2
2
2
2
0
0
2
6
4
2
0
6
2
0
4
2
4
0
2
0
4
0
4
2
2
4
0
4
2
0
0
0
2
0
0
0
0
0
2
4
0
2
2
0
0
0
4
0
2
2
2
2
2
0
0
2
4
2
2
2
8
0
0
2
2
0
2
0
2
0
4
0
4
0
2
2
0
4
2
0
2
8
0
2
0
2
4
0
0
2
2
0
0
0
0
0
2
0
0
0
0
8
2
0
2
0
0
0
2
2
0
2
2
0
2
0
0
0
2
0
0
2
0
0
2
2
2
2
0
0
2
2
0
0
2
2
0
2
2
0
0
2
2
0
0
2
0
2
2
2
0
0
0
0
4
0
2
2
6
2
2
2
2
0
0
0
0
0
2
0
2
0
2
2
2
2
12
14
15
10
23
8
10
12
10
10
16
6
6
18
18
10
10
4
16
12
12
6
6
12
14
8
4
0
16
8
14
18
6
18
14
12
12
12
8
12
12
18
16
18
25
14
14
8
12
10
18
14
22
6
12
16
14
8
8
14
14
16
6
10
12
8
8
16
6
10
10
6
6
12
8
20
16
12
10
6
8
16
8
25
10
18
14
21
25
8
6
10
18
22
14
19
4
4
4
10
23
8
4
8
6
11
6
4
6
8
8
14
8
2
10
8
6
14
12
8
8
10
12
6
10
20
6
14
12
6
10
4
6
0
12
8
10
10
14
8
16
10
14
6
6
14
0
10
6
4
4
10
2
4
6
4
12
10
10
16
8
14
12
8
6
10
12
4
12
16
14
12
14
6
16
8
12
16
27
23
21
21
41
6
43
41
25
18
21
33
14
39
27
37
10
12
20
18
16
12
10
23
45
35
41
20
29
37
37
8
31
19
21
14
35
23
8
29
23
22
19
31
6
29
55
25
31
25
6
23
25
45
27
25
25
14
35
21
16
27
35
31
37
41
35
16
16
12
8
19
31
12
10
6
23
23
23
19
37
16
6
31
29
20
14
33
4
39
18
18
27
20
6
43
53
21
10
12
4
37
25
14
52
8
18
8
43
21
4
4
2
4
6
2
0
0
2
4
2
2
2
2
2
4
2
0
2
0
4
4
4
6
6
6
2
4
4
2
4
4
4
2
4
0
0
2
4
2
0
0
2
2
0
2
0
0
2
0
0
2
0
0
0
2
3
0
0
4
0
2
2
4
7
0
2
6
2
2
2
2
4
0
4
4
0
2
2
2
2
4
2
2
2
0
0
2
2
4
4
2
4
4
6
0
4
0
2
4
2
2
4
4
0
2
2
4
2
4
2
2
2
0
6
2
2
2
2
6
4
2
0
2
2
4
2
4
0
2
2
2
0
0
0
8
4
2
0
0
0
0
2
2
0
2
0
4
4
2
2
0
2
0
2
0
0
2
4
0
2
2
2
2
4
2
2
0
0
4
2
0
0
0
2
4
0
2
0
2
4
2
6
2
2
2
0
4
2
2
0
2
4
2
2
2
2
0
2
2
6
2
0
0
2
4
5
4
0
2
2
0
2
13
4
0
4
9
6
4
2
4
15
2
2
4
2
4
2
4
2
2
4
4
4
2
6
4
0
4
4
4
0
4
4
0
4
6
5
4
2
2
4
2
2
4
4
0
4
4
4
4
0
4
4
4
4
9
2
0
2
4
2
2
4
4
22
4
4
2
4
2
7
3
2
2
2
2
