8
8
9
9
12
11
21
47
13
12
11
15
8
6
12
20
11
6
9
8
10
10
11
10
80
11
31
10
13
17
10
8
9
8
15
12
28
8
19
12
8
28
14
11
12
15
12
10
15
10
10
12
19
17
13
11
12
92
13
14
17
12
13
9
9
11
28
11
13
12
10
12
15
11
12
13
27
9
7
17
11
13
15
11
11
11
13
13
13
33
13
8
13
13
8
27
12
19
19
13
4
4
4
19
29
6
2
8
6
10
4
0
19
6
6
4
6
22
5
6
5
19
13
6
2
6
6
8
4
8
25
8
2
10
4
4
4
4
3
4
2
2
4
6
27
12
4
21
2
2
8
6
2
4
4
4
4
5
2
2
4
2
6
0
30
60
8
6
4
4
2
94
4
5
4
2
4
2
4
6
7
2
4
4
5
2
6
10
50
4
4
8
4
4
6
17
8
2
4
8
2
25
50
42
7
10
4
38
8
14
8
6
4
8
6
6
6
10
4
4
8
2
2
0
4
6
4
24
2
6
15
2
3
28
6
4
4
4
21
4
4
2
4
6
6
4
7
4
6
10
4
4
2
6
2
10
4
2
5
3
5
4
4
4
15
3
2
4
10
4
4
4
8
4
6
2
2
6
10
4
4
2
6
19
2
6
4
13
14
24
22
18
16
26
18
18
24
18
14
18
22
12
36
12
22
16
8
22
14
18
10
14
12
16
10
18
24
8
34
14
16
20
18
24
12
16
24
18
16
16
18
28
10
28
10
18
24
16
16
12
30
18
20
22
22
20
18
12
22
21
24
8
22
16
8
22
22
18
32
16
20
16
7
16
14
22
6
24
22
26
26
22
18
16
16
22
32
24
20
12
18
12
18
12
18
34
14
20
14
16
22
14
28
14
26
14
14
20
22
14
14
16
16
18
20
14
24
20
18
28
24
28
32
20
20
18
18
8
24
22
26
20
20
16
16
22
16
20
18
14
18
18
20
20
12
44
20
12
18
8
24
12
22
18
17
18
14
18
16
16
16
18
34
12
12
8
8
20
12
29
26
28
16
28
20
12
12
12
18
30
24
30
24
20
32
22
18
24
18
14
16
8
18
20
22
14
20
16
26
18
18
14
26
18
18
30
16
10
20
8
18
31
14
22
24
14
22
16
16
16
26
24
18
14
14
20
20
16
20
12
16
24
28
30
12
12
22
18
18
22
18
14
16
20
24
10
14
12
22
10
14
8
20
12
22
16
14
10
20
18
28
18
22
14
6
16
28
22
20
18
18
20
10
20
20
22
10
16
14
10
20
18
12
20
16
14
63
67
65
34
27
0
15
33
29
46
31
81
82
60
25
88
67
44
46
79
36
42
28
21
80
48
89
81
79
80
46
92
24
33
25
67
17
86
56
40
46
87
46
67
29
15
73
26
92
94
41
59
54
40
75
68
17
29
85
89
75
94
71
91
52
87
55
59
10
46
0
72
89
78
38
90
76
75
42
27
38
34
79
95
88
6
86
84
73
42
90
81
58
29
72
44
10
67
59
56
86
85
30
84
48
34
82
12
71
86
83
73
89
74
42
82
44
24
19
34
32
73
36
81
60
34
48
35
27
33
56
90
90
48
89
43
85
57
38
86
40
65
62
74
81
35
84
89
65
81
59
4
38
31
36
38
32
27
21
9
71
47
73
32
42
44
86
78
63
31
78
73
40
44
66
82
56
29
91
74
26
17
71
79
83
33
46
81
68
73
47
58
57
82
65
44
47
84
43
36
30
48
68
0
42
73
41
19
29
31
27
86
30
9
54
38
84
35
58
15
88
44
19
48
34
21
25
48
38
44
21
19
34
24
19
29
0
27
19
44
44
10
48
33
31
19
17
38
27
29
29
57
31
22
29
9
54
44
29
37
46
46
49
49
31
42
48
25
17
46
50
34
31
31
24
39
50
45
36
35
36
44
37
10
23
50
42
27
5
0
0
4
2
2
18
41
0
2
30
2
3
79
17
0
10
3
2
0
74
0
4
82
0
6
2
4
0
0
0
0
0
49
0
2
27
0
4
4
57
0
0
83
3
73
3
2
0
2
3
2
1
0
59
5
0
0
0
0
0
51
0
4
0
0
5
17
7
4
3
6
52
0
2
85
0
0
0
6
17
0
0
3
58
49
0
0
60
3
0
0
50
0
5
4
0
0
3
2
0
2
4
15
0
5
66
0
2
0
1
2
0
0
2
0
6
38
0
0
79
2
4
0
31
0
0
3
3
0
3
3
0
4
0
0
0
0
85
22
0
80
2
0
2
0
2
4
0
0
0
7
0
0
10
4
4
4
5
66
2
17
24
0
15
2
30
29
0
22
44
0
1
1
28
2
3
1
18
11
0
34
35
2
0
37
26
0
6
28
31
24
1
72
24
32
48
38
27
2
34
29
51
1
42
49
26
3
0
0
1
0
6
30
34
1
6
55
1
32
1
19
27
0
30
34
2
2
33
33
16
1
29
33
0
0
1
0
7
14
60
36
0
34
27
0
3
1
37
5
34
25
26
33
34
29
31
14
8
1
28
26
0
25
40
41
28
27
0
0
65
0
0
0
47
4
28
35
30
27
47
31
0
0
28
38
38
42
0
4
0
0
2
0
4
8
0
0
2
8
0
2
0
4
4
0
2
0
2
0
6
2
2
2
0
2
0
6
0
4
6
2
0
2
0
0
0
0
2
0
2
0
2
0
0
2
0
0
2
0
2
0
0
0
0
2
0
2
0
0
0
0
0
2
0
0
2
0
0
0
0
2
2
2
0
2
0
0
2
2
0
2
0
0
2
0
0
0
0
2
0
0
0
0
0
0
0
0
2
2
4
0
0
0
0
0
0
0
0
2
0
0
0
0
0
0
0
0
0
0
2
2
2
2
0
0
2
0
2
0
2
0
2
0
4
0
2
0
0
0
4
0
0
4
0
0
2
4
2
0
0
0
4
0
4
2
2
2
2
2
0
0
4
2
2
4
2
2
0
2
0
2
2
4
2
4
2
4
4
2
2
0
2
2
2
0
4
0
2
4
4
0
2
2
2
2
4
4
4
2
0
0
2
0
0
2
6
4
0
2
0
4
2
2
0
0
2
4
2
2
2
4
0
2
2
2
0
2
2
2
0
0
0
4
0
6
2
0
2
2
0
4
0
0
4
2
0
2
4
0
4
0
2
0
0
2
4
2
2
2
2
4
2
2
4
2
2
0
2
2
2
2
2
2
2
0
0
2
2
4
2
2
2
2
2
4
4
4
8
13
4
2
8
15
8
13
2
6
4
6
6
8
8
4
6
17
6
4
15
15
4
4
4
8
17
12
15
10
12
14
6
10
10
8
8
17
14
10
17
14
17
12
6
11
14
12
6
15
10
12
14
21
21
12
23
23
6
15
19
29
10
29
10
37
40
43
23
21
6
19
14
74
17
48
40
19
15
35
39
38
31
12
19
27
42
12
15
31
23
23
47
35
16
10
10
16
2
10
27
16
29
12
14
25
23
27
33
27
44
12
35
15
33
8
75
10
10
15
6
25
15
16
8
54
19
19
43
12
8
27
21
27
21
33
0
15
15
19
42
6
12
33
27
13
10
14
8
12
10
25
15
0
27
29
21
19
32
25
11
15
6
8
25
4
36
11
17
19
13
31
19
58
23
19
8
12
15
6
8
15
25
10
9
8
15
14
14
6
13
19
6
8
10
12
2
6
12
17
10
15
15
21
8
12
15
19
4
4
16
8
10
10
8
0
8
17
13
13
6
6
25
8
10
4
12
14
15
6
6
8
19
10
33
25
21
15
0
14
14
15
16
12
6
6
25
15
10
8
10
10
6
12
8
21
8
8
0
10
12
8
14
12
10
8
17
10
4
10
16
10
12
6
15
6
12
6
6
12
14
27
19
13
12
8
0
2
2
0
0
51
0
0
3
5
0
0
66
0
0
0
2
2
0
4
2
2
69
0
3
0
0
0
29
0
0
87
0
0
0
0
0
0
0
0
0
0
0
0
1
0
1
2
0
2
0
3
0
0
15
2
0
0
2
2
0
0
11
0
2
40
3
1
61
3
2
0
38
2
0
0
0
2
0
3
0
21
0
0
3
0
0
0
0
0
0
0
0
2
2
0
2
4
2
7
0
44
0
2
4
0
37
2
0
0
0
0
0
62
0
32
2
0
0
0
0
0
0
2
11
0
0
0
2
0
3
2
0
2
1
0
2
2
20
1
0
43
11
2
0
16
0
3
0
2
4
0
0
23
0
0
24
2
2
0
21
33
0
0
2
2
4
20
4
0
2
2
0
1
1
60
2
88
0
3
1
0
0
0
3
0
0
2
77
0
1
34
2
1
0
15
22
0
0
0
6
0
24
2
1
2
23
2
2
2
19
2
0
30
8
0
0
4
18
0
4
22
0
2
5
34
4
1
0
58
2
0
0
19
0
0
0
2
0
0
0
0
0
0
0
0
0
0
2
42
0
3
0
4
18
0
2
8
0
2
0
53
0
0
2
1
26
1
40
0
8
35
2
0
31
34
0
0
0
0
0
0
0
0
0
2
2
7
72
71
77
92
72
66
63
70
41
71
80
49
92
78
93
67
62
90
33
32
47
87
69
49
80
77
93
88
74
53
37
57
73
71
95
46
96
89
92
86
72
94
49
47
92
90
59
48
94
70
94
85
72
80
48
57
46
94
47
49
88
95
95
92
73
69
51
70
44
75
63
47
90
90
95
76
77
62
74
49
44
81
91
64
91
52
94
84
87
79
44
47
63
75
51
53
89
80
72
58
66
40
48
49
46
54
89
71
52
89
73
72
89
86
79
42
33
62
74
47
89
87
85
89
88
43
53
48
39
47
85
49
51
88
86
91
88
90
89
48
31
79
86
49
91
87
68
93
54
86
46
48
33
68
42
44
86
72
57
85
88
75
49
40
33
66
83
52
59
78
72
39
82
71
72
40
42
87
86
49
52
83
83
52
64
60
84
41
28
78
77
49
65
71
71
85
70
48
41
69
42
81
83
43
66
77
69
72
93
89
56
43
37
86
70
68
65
76
79
77
69
79
83
29
41
67
85
56
68
62
66
77
68
79
50
35
36
87
86
26
35
26
45
87
88
68
62
68
37
83
58
54
89
70
65
78
65
82
75
63
44
88
84
54
88
85
67
43
81
48
54
42
46
85
72
83
60
79
82
62
85
78
37
64
41
89
87
49
20
9
13
17
9
10
13
9
19
15
19
14
25
11
13
19
11
17
29
13
22
19
19
7
9
15
8
28
20
12
9
13
20
7
13
21
13
19
7
8
15
18
15
25
17
19
13
9
19
15
13
6
12
17
15
17
23
27
19
9
21
14
15
15
10
19
21
23
13
16
27
17
19
26
11
13
0
19
12
19
19
23
25
13
21
19
19
12
21
28
10
14
36
38
23
20
7
26
38
14
12
9
21
15
21
25
17
16
32
17
19
28
2
17
25
11
13
24
25
22
21
9
17
17
0
21
14
17
30
13
25
13
19
15
25
15
25
13
6
13
10
13
25
13
22
13
18
0
6
13
10
13
13
9
18
14
9
23
41
41
25
30
24
42
55
66
89
81
85
43
60
39
23
19
26
38
85
42
14
4
6
8
8
4
2
4
6
4
4
4
2
2
2
4
4
2
2
4
6
2
2
2
2
4
6
2
2
6
4
2
6
2
6
6
2
6
4
2
2
2
8
5
4
4
6
0
0
6
2
2
6
6
2
6
4
6
2
4
4
2
6
88
9
6
9
4
4
4
6
4
4
6
8
4
4
4
4
4
2
6
2
6
2
4
4
4
6
4
6
4
2
4
2
4
4
4
6
4
2
4
3
2
8
2
6
4
4
8
57
32
2
6
50
8
11
9
44
8
7
10
5
2
10
8
55
11
15
8
32
17
11
15
9
11
13
13
65
55
10
8
13
52
88
8
18
13
8
6
13
10
10
8
7
11
9
58
7
21
10
24
53
9
29
13
13
5
47
44
13
8
72
8
44
11
11
10
5
10
8
9
8
10
2
11
6
15
10
7
11
12
11
8
9
15
42
11
51
57
24
13
15
11
59
8
15
10
8
11
10
74
47
8
44
51
32
9
7
19
10
13
27
8
10
12
44
25
15
19
16
57
17
11
17
34
13
8
40
13
16
34
6
11
10
68
13
15
11
8
92
25
8
15
38
52
9
23
10
15
6
13
10
10
10
9
32
15
28
8
8
29
52
13
21
82
15
11
14
47
17
7
48
7
7
11
8
34
13
35
33
86
25
8
22
11
4
89
21
20
11
28
41
9
31
19
11
13
10
48
65
71
80
45
48
39
42
12
81
10
15
48
60
6
14
14
9
18
54
83
8
11
6
81
6
54
8
8
28
11
17
71
11
7
8
11
12
11
19
12
21
84
78
6
90
6
75
45
44
46
46
39
43
26
6
51
16
11
47
15
13
47
47
13
15
9
10
6
18
8
11
59
13
13
12
40
8
15
68
16
80
13
93
15
63
17
69
80
