0
0
2
0
0
2
0
2
0
2
0
2
0
3
2
2
3
2
2
0
0
2
2
1
0
0
2
2
3
2
2
0
0
2
2
2
0
0
2
4
2
2
2
0
0
0
0
2
2
3
0
2
0
0
0
3
0
2
2
2
0
2
2
2
2
2
3
0
1
1
2
2
2
2
1
2
2
3
0
0
2
0
3
0
3
0
0
2
2
2
3
3
2
2
0
3
0
0
2
3
2
0
1
2
2
1
1
2
0
3
2
2
2
3
2
2
2
2
0
2
2
2
2
2
3
0
2
0
2
2
0
2
2
2
0
2
2
2
0
2
2
2
2
2
3
2
2
0
2
2
0
2
0
2
3
3
2
2
2
0
1
2
0
0
2
2
2
1
1
3
1
1
1
0
0
2
2
1
0
0
0
0
1
2
0
2
3
1
1
2
2
2
0
3
2
2
0
2
2
1
1
0
2
1
0
1
2
2
2
1
2
3
2
2
0
0
0
2
2
1
1
4
3
0
0
1
2
2
1
1
2
2
2
2
2
0
2
0
2
0
2
0
0
2
2
2
2
2
0
2
4
0
2
0
2
0
2
0
2
0
2
2
1
1
0
4
0
2
0
0
2
0
2
0
2
3
2
2
0
2
1
0
0
0
2
0
2
2
6
6
6
6
13
8
7
8
6
8
6
4
6
4
6
8
6
4
4
6
10
10
6
11
2
4
4
4
10
2
6
7
6
8
6
4
8
5
9
9
6
6
8
4
4
4
6
8
10
19
10
10
6
6
6
6
12
8
7
4
22
8
9
12
7
6
6
8
22
7
4
10
6
7
11
7
9
12
8
33
6
12
6
10
11
13
15
9
17
16
8
7
6
33
17
6
8
10
13
10
13
12
7
7
8
7
10
13
7
10
8
11
8
6
6
10
10
12
7
8
12
16
6
9
6
4
23
10
11
21
5
13
8
11
5
10
11
6
6
9
29
27
24
7
25
10
7
20
17
25
4
25
8
9
11
8
12
27
11
13
30
22
23
21
12
16
7
4
7
8
5
14
7
27
7
11
28
9
13
14
11
14
10
4
16
7
11
10
11
13
10
11
7
5
27
5
7
16
6
23
5
8
8
5
9
6
12
8
10
19
6
10
11
6
9
5
4
7
6
8
12
12
11
11
6
8
6
4
5
14
5
11
18
7
4
6
8
4
5
4
4
8
7
8
6
4
4
9
9
4
4
4
10
7
4
4
4
8
8
4
4
4
6
6
4
4
20
6
10
6
4
6
6
10
6
8
14
4
18
13
6
14
7
4
12
17
9
19
13
11
13
10
8
10
6
14
8
12
24
12
12
17
17
13
21
10
12
13
15
8
14
8
13
15
17
8
43
10
10
10
19
6
15
6
6
10
14
4
15
8
4
12
12
10
12
13
29
4
15
7
10
6
11
6
6
4
6
10
10
7
9
8
6
10
10
13
12
12
21
14
14
15
12
7
12
13
8
10
15
16
19
21
11
12
13
8
14
6
9
21
12
21
12
8
9
10
6
13
12
8
14
17
10
11
11
9
10
13
11
11
12
10
15
13
15
15
10
13
10
16
11
34
7
27
4
6
15
12
11
15
8
19
15
6
13
15
29
10
6
11
13
15
27
19
27
17
19
6
14
10
9
31
12
11
15
13
12
11
9
14
13
8
17
17
15
15
17
10
13
17
12
17
23
19
19
10
12
13
13
14
17
8
6
25
13
17
19
17
19
15
11
15
10
27
10
11
12
8
10
13
19
15
13
13
15
10
19
15
17
6
12
8
19
12
11
15
10
6
7
13
6
19
11
21
21
8
14
6
7
6
9
10
10
12
10
10
13
10
10
14
4
10
15
15
14
9
12
6
10
9
13
6
6
6
2
6
10
2
6
4
8
13
6
0
12
4
8
4
8
6
6
2
6
2
0
4
0
6
0
4
10
8
2
6
17
2
6
4
2
0
3
2
2
2
4
2
2
2
6
5
2
4
0
4
2
4
4
2
4
2
7
7
11
9
10
8
11
10
13
9
9
42
9
11
8
7
11
9
11
15
8
9
9
11
15
13
9
9
11
9
17
11
11
7
11
13
9
13
8
13
9
11
5
9
11
10
15
7
10
63
9
9
11
11
8
5
6
7
9
7
8
9
17
6
9
7
10
9
9
11
15
8
14
11
12
10
11
12
11
11
7
9
11
11
9
7
35
11
9
11
13
13
9
9
9
11
11
15
11
15
18
13
11
11
11
36
11
9
11
8
11
9
15
12
11
9
13
7
7
6
9
8
11
11
31
15
13
17
7
9
11
13
15
11
10
11
11
13
12
11
13
15
21
11
15
11
16
8
12
11
17
13
11
13
9
18
11
14
9
9
16
38
17
14
17
15
7
11
7
13
13
14
10
9
14
10
7
9
7
11
15
39
5
2
5
7
11
13
11
8
11
9
11
7
11
9
11
8
11
9
13
10
15
5
19
40
17
9
13
10
11
9
9
9
9
13
10
27
11
11
7
13
8
6
9
11
5
9
5
8
6
10
2
8
4
4
8
13
7
11
11
10
5
10
10
6
15
11
9
10
3
12
9
12
13
11
11
9
11
10
7
7
13
14
0
54
0
0
2
0
2
9
2
0
5
11
6
6
7
6
0
4
11
2
2
0
9
2
6
6
2
5
0
6
8
4
10
2
2
0
2
0
0
4
4
4
0
0
0
2
0
6
2
2
0
8
0
4
6
3
4
2
0
2
0
2
0
0
2
4
2
2
2
0
2
0
7
0
4
0
0
8
8
0
0
0
6
0
6
0
3
0
2
2
2
2
2
0
0
4
0
4
0
2
2
4
2
0
2
0
4
0
2
0
2
2
2
6
4
2
2
4
0
0
0
2
6
0
0
0
2
0
4
2
5
0
2
0
0
2
2
4
60
0
2
63
8
4
0
5
0
0
2
7
2
27
0
2
0
10
4
2
2
25
4
11
4
0
4
6
2
2
2
4
6
6
0
4
2
0
4
2
5
6
6
2
4
2
2
2
9
4
2
0
6
2
4
4
15
3
4
0
6
3
2
2
5
4
6
0
55
2
0
4
2
5
18
4
4
8
2
4
2
40
2
4
4
4
6
2
2
2
0
0
0
2
2
4
6
4
4
2
6
4
5
6
24
2
2
0
8
0
0
0
0
4
6
2
6
6
6
6
2
2
17
0
0
6
8
28
0
5
0
2
6
4
32
6
4
73
2
2
8
7
2
6
4
4
28
6
6
8
19
26
13
22
16
14
24
9
9
33
29
6
9
15
9
17
20
37
4
35
38
25
28
22
19
20
9
15
9
22
60
26
26
71
62
17
24
45
37
49
26
40
22
18
18
30
19
9
15
39
26
41
17
39
43
41
69
30
41
17
45
42
24
53
28
39
18
26
22
43
36
36
34
24
46
33
69
11
16
19
45
39
26
33
65
24
28
22
21
54
42
52
30
4
37
24
27
33
26
21
28
50
28
17
11
13
36
23
52
24
57
9
21
39
49
51
16
20
19
49
22
46
39
41
9
11
42
28
28
7
17
9
30
24
39
17
29
13
9
21
21
35
26
34
23
29
21
34
41
9
30
15
11
17
22
18
6
13
37
13
21
21
9
24
21
30
19
13
9
24
30
34
51
13
20
13
37
19
4
34
18
14
17
7
26
52
17
13
13
19
31
28
28
30
24
26
37
11
21
24
9
9
28
16
15
26
37
20
11
21
26
17
15
15
11
41
20
24
15
20
7
46
9
19
35
11
32
9
13
20
9
11
39
31
22
42
28
26
26
48
39
26
50
39
6
24
49
17
30
20
32
30
49
33
25
15
19
30
28
25
26
48
41
23
24
59
17
15
11
21
33
33
35
9
30
9
26
15
52
46
37
62
21
20
35
56
26
32
2
0
2
0
4
2
2
0
2
1
0
4
11
2
0
4
0
0
1
2
4
5
2
1
1
0
2
2
0
2
2
1
2
3
2
4
2
3
2
3
3
0
2
2
2
2
2
2
2
0
0
4
3
0
5
2
2
0
2
0
1
1
2
2
2
2
1
2
0
6
0
0
0
0
0
2
7
6
2
2
2
2
1
1
1
2
0
2
0
2
0
2
2
0
2
1
4
2
4
3
2
4
2
2
2
0
2
5
2
2
2
1
0
9
1
2
1
2
1
2
2
0
0
0
0
2
2
0
3
2
2
5
2
0
2
2
0
2
0
2
2
1
0
2
2
2
2
4
2
2
0
2
0
3
0
0
2
3
0
2
2
5
4
2
2
0
3
4
4
0
0
2
2
2
2
0
1
1
0
0
1
0
0
2
2
0
0
2
2
1
0
0
2
2
2
0
0
0
4
0
1
0
4
0
2
2
2
2
0
2
4
0
2
0
3
2
2
1
2
2
2
2
2
0
2
0
2
2
2
0
0
0
2
0
0
2
3
2
2
0
0
2
2
0
0
0
1
4
1
0
0
2
0
0
0
2
6
2
6
0
3
0
0
2
2
4
1
2
2
2
4
2
0
0
2
3
2
0
2
2
0
2
0
2
2
0
0
4
0
0
0
2
0
23
50
51
38
54
0
0
0
0
0
2
0
2
0
27
42
35
0
76
0
0
0
0
0
2
0
41
37
26
34
69
0
0
0
0
0
0
37
0
33
64
44
0
0
0
0
0
0
0
0
0
0
0
22
22
26
3
2
0
0
0
0
0
0
2
2
0
0
34
25
38
0
44
55
47
0
28
0
0
0
0
0
2
0
2
0
24
41
57
30
40
25
0
0
2
0
76
25
1
2
25
52
0
0
0
0
0
2
23
15
28
0
28
26
31
0
0
0
0
0
41
22
47
47
24
0
0
0
0
0
2
0
0
26
37
32
32
26
23
20
32
0
0
0
44
33
89
59
0
0
0
0
0
0
0
0
23
34
17
33
39
28
36
0
0
0
0
0
44
31
3
0
16
28
23
0
0
0
3
22
30
5
28
30
32
31
0
0
0
0
2
0
95
18
43
22
34
28
0
0
0
0
0
0
21
32
20
18
29
0
31
27
0
0
0
0
0
41
0
33
33
5
33
38
0
0
0
50
0
0
0
24
44
37
20
3
0
54
44
0
0
0
2
0
0
0
0
0
2
23
30
0
31
3
0
39
56
53
0
0
0
0
0
5
38
49
27
52
40
0
0
0
0
0
0
2
38
62
42
29
33
0
0
29
28
21
25
26
18
28
9
17
34
31
23
25
33
7
27
29
52
19
23
21
23
29
28
32
33
36
17
37
29
13
31
22
46
36
31
14
36
45
43
50
29
46
45
16
39
43
42
43
44
40
33
46
39
30
30
41
52
49
41
40
36
45
50
42
45
31
50
41
43
39
42
48
38
29
29
53
31
25
55
38
43
25
49
41
38
39
48
32
23
32
49
45
45
30
43
43
42
41
43
44
48
43
39
50
44
46
35
29
42
43
31
40
49
22
45
43
28
43
40
29
38
44
44
37
29
43
40
42
29
42
43
42
44
40
26
44
47
30
45
42
41
42
41
45
43
43
40
40
45
46
44
49
27
45
44
42
46
34
47
40
38
45
43
27
51
45
38
42
41
35
25
34
29
49
39
44
41
36
27
49
41
42
26
43
29
43
30
36
27
42
41
29
43
41
37
43
26
41
24
40
29
23
43
39
45
46
32
47
29
40
31
26
37
41
45
23
36
50
41
39
24
45
43
45
44
42
40
31
39
28
29
39
29
25
31
24
35
25
34
25
24
27
32
30
31
23
30
32
30
29
30
27
29
36
32
24
24
30
28
25
30
31
28
28
28
25
24
30
19
26
26
26
31
23
27
25
12
28
10
32
19
26
22
24
23
27
27
55
61
58
37
32
39
24
33
27
54
34
37
40
49
32
58
50
34
34
36
52
34
57
55
50
24
24
32
30
30
36
48
51
53
54
57
46
55
24
24
40
54
19
49
56
49
38
56
13
43
52
37
17
26
22
27
58
55
60
31
55
55
34
34
37
28
35
36
35
29
43
57
49
47
36
38
25
35
34
35
56
31
49
60
43
50
38
37
41
34
40
36
58
45
53
57
25
33
25
26
38
31
50
47
30
32
33
49
45
50
32
33
35
28
28
45
57
45
60
22
58
55
27
24
41
51
36
36
27
55
25
55
56
44
23
45
35
28
50
55
46
54
55
34
55
59
32
58
55
29
35
29
49
43
38
20
30
51
53
61
38
30
25
44
60
40
60
45
28
62
39
29
40
29
37
37
31
58
41
35
58
46
45
51
34
40
60
47
58
36
56
53
27
58
39
45
49
51
54
40
36
44
32
48
33
27
24
44
40
45
26
36
48
44
58
51
45
57
31
30
24
38
51
44
44
49
56
38
53
32
33
53
47
51
32
35
43
39
26
30
45
27
31
37
35
34
52
43
26
19
26
27
28
25
31
26
33
40
31
26
30
51
43
45
44
41
53
35
46
36
40
19
31
42
51
38
57
55
33
60
56
39
34
33
26
29
55
35
