6
6
4
8
7
9
6
14
17
2
6
8
6
9
6
8
10
6
4
8
7
2
6
10
6
6
12
12
12
6
10
4
4
4
10
6
6
2
2
4
8
2
13
16
6
10
10
16
27
17
12
25
10
16
23
17
61
37
23
4
21
19
19
8
12
12
8
39
12
10
12
19
35
19
17
10
12
27
19
23
8
16
2
19
25
12
14
17
15
6
15
21
29
19
12
27
21
12
13
12
17
12
19
19
10
21
17
25
20
17
15
19
10
14
19
39
31
16
19
19
6
12
19
19
31
35
21
8
12
27
6
19
10
19
6
12
7
15
12
6
6
19
23
10
14
6
12
19
15
7
12
17
12
19
16
19
8
8
10
17
18
17
15
21
10
23
6
8
12
19
27
31
17
21
12
6
14
27
10
27
10
19
23
31
12
23
14
14
27
23
21
27
13
10
11
2
19
17
14
8
14
12
16
18
21
17
13
16
17
14
21
25
17
11
23
8
8
0
13
6
2
6
6
10
4
6
8
10
6
4
4
10
4
6
2
10
10
9
4
10
4
11
2
8
10
4
6
12
8
4
4
2
4
14
4
18
6
6
8
0
4
6
4
16
6
16
8
4
8
13
6
6
0
8
31
2
8
6
14
2
15
7
2
10
21
4
6
10
0
36
32
1
0
10
55
45
0
2
0
0
27
8
0
14
2
37
0
2
75
27
2
72
2
37
0
0
0
0
0
7
87
73
0
0
0
4
63
0
2
0
0
4
7
2
14
2
0
2
29
2
0
26
0
2
0
77
0
8
23
35
0
0
0
65
2
38
60
5
2
3
5
19
0
37
0
23
7
0
0
3
56
2
16
17
21
0
2
0
2
34
30
0
2
0
27
14
0
0
0
0
39
0
76
54
0
2
0
3
41
2
54
0
0
0
73
72
0
2
0
2
11
2
15
2
39
8
10
33
2
0
17
22
0
2
4
54
2
0
5
19
0
2
25
3
0
2
82
35
34
2
0
38
2
0
12
2
0
3
0
0
26
4
0
13
0
2
5
34
3
73
5
2
0
0
77
0
17
0
0
1
0
29
39
3
2
21
0
16
11
83
22
2
0
87
2
28
2
19
0
2
2
0
0
27
0
0
2
0
15
2
2
36
1
8
0
30
37
0
2
35
35
0
0
2
27
0
0
5
14
2
25
0
36
0
0
29
0
0
0
7
38
43
32
0
0
2
36
18
29
33
0
3
2
5
29
0
2
70
3
2
4
0
49
2
0
1
42
0
2
11
33
0
21
2
55
67
0
0
0
0
1
75
86
80
0
0
17
15
12
19
14
11
19
23
15
31
38
27
6
14
13
10
15
19
10
13
15
17
15
11
21
11
10
13
11
6
6
8
9
6
12
11
13
15
14
7
21
4
6
6
12
10
13
14
4
10
8
8
2
6
10
8
4
11
12
7
10
7
4
12
6
9
6
19
6
7
12
13
6
8
13
19
8
9
12
10
19
19
15
21
10
11
14
17
13
12
17
10
8
23
8
15
8
8
15
17
10
15
13
8
19
12
15
12
17
17
17
10
13
17
6
15
33
12
14
19
12
8
15
13
17
15
11
8
29
14
8
10
8
6
13
25
21
8
11
15
29
8
11
10
21
21
12
33
14
13
7
17
19
8
13
25
23
17
51
19
13
12
27
19
7
35
19
22
23
29
19
13
13
19
23
12
10
12
17
13
23
10
15
23
19
19
23
19
19
11
19
23
25
21
44
11
27
32
19
13
29
14
13
20
23
33
37
10
9
19
13
29
13
8
21
6
10
15
13
13
4
31
12
8
10
25
19
11
17
6
13
10
8
12
15
6
10
8
12
9
13
6
10
4
6
8
13
2
2
11
13
6
20
6
4
10
2
2
8
4
0
15
10
2
2
7
2
2
4
2
0
2
4
4
2
6
2
0
4
0
15
4
2
4
7
8
2
0
0
11
0
1
0
1
23
1
0
1
1
1
1
1
13
12
0
0
1
1
3
0
0
9
1
0
1
3
0
0
1
0
0
0
0
0
0
0
7
2
18
1
23
0
0
3
0
1
1
1
1
13
0
0
1
19
0
0
0
0
0
11
4
8
1
1
19
1
1
0
0
1
1
0
0
3
16
1
1
0
12
1
1
1
0
0
1
1
1
0
16
14
1
1
1
0
1
10
1
0
0
0
13
0
0
0
0
11
1
1
0
1
0
0
0
1
1
1
0
0
0
1
0
7
1
1
1
7
0
0
0
1
0
0
6
0
0
0
8
13
1
1
1
0
0
10
0
0
0
10
1
1
1
0
3
1
0
0
7
0
0
1
0
0
0
0
0
0
0
0
0
2
0
0
0
0
0
0
0
0
1
0
0
9
1
1
1
0
0
1
0
1
0
1
1
5
17
1
1
1
8
0
1
1
0
0
0
10
0
1
1
3
9
0
1
1
0
0
0
9
1
1
0
0
1
1
0
0
1
0
0
0
0
1
0
8
1
0
0
0
0
0
11
0
1
1
0
1
0
0
1
0
0
10
4
3
1
0
0
0
0
0
0
1
0
0
3
1
1
0
13
1
0
0
0
0
1
0
0
1
0
12
0
2
0
0
3
3
7
7
13
2
6
10
5
6
2
4
8
4
3
4
12
6
10
8
13
2
6
6
12
8
8
4
9
7
4
2
9
4
4
6
4
2
13
5
6
8
6
5
5
15
13
6
8
11
22
17
6
15
4
8
6
4
4
9
4
6
8
6
0
6
8
2
15
2
7
2
7
6
14
4
0
5
4
6
4
5
6
6
15
8
2
9
2
8
4
8
6
4
11
6
4
9
11
4
4
4
8
9
8
3
7
10
14
15
8
7
7
5
12
7
9
5
8
6
6
14
14
6
4
7
6
2
15
2
8
6
4
4
10
4
12
4
9
15
2
5
6
6
8
2
6
9
8
18
2
6
5
6
11
6
5
6
5
4
6
12
6
10
10
15
6
5
4
2
6
8
4
8
6
6
5
5
13
9
6
7
7
6
4
2
2
6
7
3
4
10
8
18
6
6
6
3
7
6
4
6
4
12
14
9
7
6
9
11
13
12
7
4
15
4
8
4
6
8
8
6
4
2
12
10
4
8
4
9
4
4
10
7
8
6
4
8
10
11
8
4
2
5
7
12
11
7
6
15
6
8
10
9
6
6
9
2
4
6
4
7
6
9
10
10
2
2
9
3
3
13
5
4
5
6
6
18
8
8
15
3
5
6
9
2
2
4
9
2
95
61
77
17
31
25
41
51
14
22
35
36
50
20
47
76
30
18
20
87
87
31
27
22
32
75
51
58
96
69
35
15
20
79
33
23
31
27
36
79
56
80
50
66
20
15
26
75
85
28
17
85
28
72
31
49
23
84
68
23
23
43
49
35
43
60
76
39
22
55
73
39
35
35
43
89
19
24
39
56
33
16
20
49
45
26
19
38
42
35
52
41
35
82
18
40
76
83
33
16
29
35
80
46
34
21
26
30
47
17
22
48
34
26
19
33
85
82
21
17
91
36
20
17
23
24
40
20
72
30
28
47
79
58
44
24
68
28
58
34
82
51
19
16
92
26
45
58
67
73
23
48
77
50
40
18
66
65
83
24
51
50
46
79
27
18
29
73
40
28
77
51
88
24
26
75
64
25
23
65
83
20
25
47
26
38
37
49
53
29
19
82
31
70
41
22
78
80
73
68
39
65
39
29
29
55
58
51
26
27
68
90
92
35
24
40
31
39
68
24
86
57
72
50
27
27
25
76
26
85
30
66
73
21
73
61
68
93
24
75
52
22
42
37
80
83
43
16
45
90
62
22
33
47
71
35
18
40
54
70
35
32
25
52
53
31
57
21
31
64
60
80
80
40
35
47
68
66
28
82
43
83
16
25
76
83
38
20
1
1
0
1
0
1
1
7
3
5
3
5
1
0
0
0
3
0
1
3
0
1
0
1
1
1
0
0
7
5
1
1
1
3
0
1
0
1
0
3
0
0
0
1
0
0
1
0
0
13
1
7
1
1
0
1
0
3
1
3
0
0
1
3
0
0
0
3
1
1
5
1
0
1
0
1
0
0
0
1
0
1
1
0
1
3
1
0
0
3
0
0
1
3
0
0
0
0
3
0
3
56
1
0
0
0
1
0
1
1
0
1
0
0
0
1
5
1
1
3
0
1
2
0
3
1
1
0
0
1
0
1
0
2
1
3
0
55
0
1
0
0
0
1
0
1
1
0
1
0
0
0
3
1
0
1
0
0
1
1
0
3
0
0
0
3
0
0
0
3
0
1
0
3
1
1
0
5
0
3
0
3
1
1
0
0
5
0
0
0
0
0
2
0
0
0
1
0
1
1
0
54
0
1
0
1
0
0
1
0
0
1
3
0
0
1
1
1
0
1
1
0
0
0
0
1
2
1
5
1
5
0
0
0
0
1
3
51
3
0
1
1
1
0
0
3
1
0
0
1
3
1
3
4
0
0
0
1
1
0
0
0
1
0
7
3
1
1
0
2
1
3
3
0
0
1
3
1
3
1
0
1
1
1
0
3
0
1
6
5
5
14
5
4
3
3
16
5
1
12
3
6
7
3
5
4
1
6
1
1
5
7
5
11
6
15
5
0
3
1
6
3
7
3
4
7
5
1
6
5
7
1
9
8
1
5
1
1
3
5
3
1
8
5
3
3
18
3
8
5
6
6
6
5
7
4
10
5
7
9
5
10
7
5
3
6
4
10
5
12
5
7
3
3
5
5
1
3
8
3
7
7
6
3
5
5
3
3
4
3
3
6
3
8
3
3
3
8
5
3
3
9
3
6
6
5
5
5
6
11
13
5
4
5
5
6
5
5
3
7
4
5
8
12
3
4
5
3
0
5
3
6
8
1
6
3
8
5
12
6
6
3
5
8
13
5
7
9
8
3
5
4
1
12
1
5
7
12
8
3
14
1
5
3
1
6
1
5
5
3
8
5
10
3
3
3
1
5
5
5
6
3
7
5
5
3
8
8
5
6
5
6
14
5
5
5
5
3
10
3
5
16
3
3
3
5
8
5
5
7
6
14
1
4
6
5
4
5
8
5
1
5
7
4
13
13
9
5
5
1
1
1
7
6
3
5
1
3
5
13
6
3
11
3
5
5
8
3
8
3
1
7
14
5
5
5
1
5
3
3
5
3
7
7
1
6
5
12
6
3
8
5
3
5
4
13
2
20
16
4
10
8
4
12
0
0
0
2
6
4
0
0
0
10
20
26
20
8
12
4
14
12
24
4
2
14
4
18
18
28
6
2
0
2
0
14
8
6
2
8
26
10
4
22
4
6
14
2
14
12
6
14
2
8
6
10
0
0
18
4
16
2
0
0
16
8
0
14
6
24
4
10
20
4
24
0
2
9
12
8
4
4
44
16
6
0
12
0
2
4
16
6
14
4
28
6
12
0
16
0
2
6
0
14
12
0
6
4
6
6
14
24
0
18
16
4
22
18
18
6
4
0
14
0
4
18
16
2
18
16
0
4
30
0
4
24
36
22
24
8
4
8
0
14
2
28
4
8
4
2
12
16
16
4
10
2
8
18
10
26
0
2
26
18
12
14
4
12
14
24
0
34
0
20
18
20
0
6
4
18
24
22
6
0
0
6
0
0
8
0
24
2
12
24
20
16
4
6
0
6
4
20
0
28
4
0
46
10
16
8
22
6
6
14
4
4
4
16
2
8
16
0
0
14
10
18
8
6
20
12
12
28
12
8
16
14
8
11
18
18
8
28
10
14
38
16
12
18
26
16
0
22
16
2
4
6
2
26
6
14
6
24
12
22
8
0
28
2
28
14
4
0
2
26
30
6
26
24
16
24
28
14
14
21
2
3
1
1
4
5
2
6
0
4
2
1
2
4
2
4
0
0
2
2
4
8
1
0
2
2
2
4
4
0
4
12
6
6
4
2
1
2
3
4
6
1
11
2
2
4
3
0
0
3
5
2
0
2
2
1
0
2
4
2
2
2
2
2
0
5
5
3
8
3
0
2
0
2
6
2
11
2
3
2
3
4
2
4
5
5
7
2
4
7
2
11
5
2
0
12
2
5
6
4
5
2
8
9
4
4
4
6
4
4
5
8
0
4
6
10
1
0
0
5
0
3
3
0
3
1
1
5
9
0
0
5
5
4
4
2
3
2
0
4
5
3
0
7
4
4
4
5
0
4
2
2
0
4
2
3
2
0
5
5
2
4
2
0
6
5
4
2
6
4
2
2
4
0
1
0
0
0
2
6
0
2
0
4
4
2
2
2
5
4
4
5
5
4
5
6
5
22
2
4
0
4
0
0
0
2
2
0
4
2
4
2
2
4
0
2
2
0
2
2
0
0
0
0
0
0
0
2
2
2
3
0
0
2
2
2
0
0
5
0
4
0
0
0
4
1
0
2
0
0
0
2
2
2
0
4
0
0
1
5
0
2
2
2
2
2
2
0
0
1
1
4
0
2
0
5
2
2
2
2
2
2
4
2
2
2
0
2
