47
44
39
49
45
42
41
43
29
41
35
55
46
60
39
43
40
51
33
29
37
53
52
41
20
32
37
35
46
43
33
38
39
49
55
48
19
52
46
41
51
33
35
26
40
11
37
46
55
29
39
52
26
25
43
43
20
18
42
37
40
35
45
48
33
44
42
24
20
21
40
32
39
41
44
45
41
37
33
39
19
32
37
40
51
51
43
54
41
45
33
39
23
26
24
21
50
48
52
34
32
27
46
34
44
30
22
40
49
45
38
27
31
41
40
42
27
32
33
48
42
30
38
53
49
31
43
15
44
16
38
53
15
36
45
46
28
34
45
36
45
39
37
42
49
52
44
29
44
44
33
36
46
56
22
55
56
44
52
52
42
56
40
28
44
39
41
34
55
49
50
51
41
27
37
38
8
51
44
41
43
40
49
49
49
26
45
50
36
52
37
52
12
35
44
46
43
48
29
37
32
26
29
40
53
52
53
49
44
26
35
28
31
18
53
43
43
36
16
28
49
26
46
37
28
46
55
41
40
34
39
59
48
33
31
51
40
55
34
37
25
53
46
56
40
47
22
40
45
49
36
45
50
38
53
62
43
19
14
24
26
13
47
28
30
31
48
47
55
37
40
26
29
58
48
29
64
47
51
36
42
22
29
49
51
32
33
54
21
18
33
24
31
18
52
5
14
11
11
17
19
8
13
15
22
11
17
7
13
12
7
6
11
7
5
30
13
11
18
8
20
44
12
4
17
9
20
9
11
14
11
15
19
64
17
7
30
24
21
22
35
26
11
42
18
15
36
20
22
25
9
9
30
40
28
18
30
39
30
13
34
26
34
20
17
36
59
37
58
19
36
32
65
23
18
30
32
50
34
50
61
39
48
52
52
42
63
53
16
59
59
21
48
42
44
58
31
37
34
55
61
63
64
44
42
63
42
44
61
41
39
63
48
58
47
49
43
75
28
55
26
53
51
39
19
18
15
61
41
46
50
37
23
29
32
45
44
26
52
44
60
48
53
55
58
35
21
69
64
75
39
25
49
70
43
47
59
66
57
40
72
47
68
46
53
60
31
52
28
47
54
51
39
51
66
62
45
67
58
46
56
31
61
62
48
53
50
50
43
45
69
50
70
53
50
50
36
43
34
61
66
56
36
51
22
50
35
54
40
35
24
32
31
47
60
42
71
28
39
30
35
42
15
47
39
37
51
46
41
22
21
39
36
31
31
18
18
32
22
28
7
34
24
33
9
30
60
15
9
17
17
13
25
5
15
15
6
10
18
18
9
15
17
22
9
7
21
13
27
34
11
17
32
7
27
17
1
1
3
3
5
1
3
5
0
0
0
5
1
1
0
0
1
1
1
3
1
0
97
1
0
1
0
0
0
0
0
0
1
0
0
1
0
17
0
3
0
1
0
0
0
0
92
0
1
9
0
1
0
0
0
3
17
3
1
5
1
0
1
1
1
5
0
0
3
0
3
1
0
87
1
1
0
3
1
0
0
1
0
3
0
5
1
0
5
0
0
3
0
1
0
3
3
11
1
1
0
1
77
1
3
1
1
1
1
0
1
1
0
1
3
3
88
3
5
0
1
0
1
0
3
0
1
1
0
1
1
94
1
5
0
5
3
88
1
5
1
3
0
1
1
3
0
1
3
0
1
0
0
0
0
0
1
0
0
1
1
0
1
3
1
1
0
1
0
3
1
3
3
0
3
0
1
1
3
3
1
1
3
3
1
0
0
0
0
0
0
0
0
1
0
0
1
1
1
1
5
13
1
0
0
1
0
0
1
1
3
1
1
3
3
3
3
1
1
1
1
8
0
0
7
1
1
0
1
3
3
5
1
1
1
0
3
0
1
1
12
5
0
1
0
1
0
0
0
0
7
1
5
0
1
0
1
1
0
3
0
1
1
1
0
0
3
1
3
3
1
1
1
0
1
0
0
3
1
1
1
1
0
1
3
1
3
1
3
3
11
3
0
3
5
3
0
1
2
3
3
2
2
2
5
3
5
0
13
15
3
5
3
0
1
3
0
3
5
2
2
5
0
3
2
1
5
3
2
3
2
2
2
3
3
0
3
2
1
2
5
5
5
3
2
2
2
2
0
1
1
0
2
2
2
3
2
3
2
3
2
0
0
2
0
3
2
5
2
2
3
2
0
3
2
2
7
0
3
2
3
2
2
2
2
5
3
2
5
1
13
3
3
5
5
2
1
2
2
0
5
11
1
5
0
3
2
3
2
3
3
3
2
13
3
5
5
13
1
25
2
0
2
2
2
3
1
15
2
2
11
2
3
3
2
3
2
2
0
0
13
2
0
3
2
11
3
3
3
0
0
17
3
0
0
0
3
3
1
2
2
3
5
2
2
3
2
15
2
2
2
3
0
11
3
3
5
3
3
2
3
2
19
5
2
0
7
9
1
3
2
2
3
5
0
0
2
2
3
2
1
2
3
2
7
0
7
2
13
0
3
3
2
2
2
0
2
2
3
0
13
2
0
0
2
7
3
3
2
5
1
11
2
3
3
5
3
3
5
5
3
2
2
1
3
13
2
2
3
3
3
5
5
0
5
5
3
2
3
0
3
3
9
2
1
5
0
2
5
0
2
2
2
7
13
3
19
8
17
11
13
21
8
2
9
15
9
20
11
13
7
9
9
7
25
9
8
13
9
13
2
7
11
9
11
15
13
6
8
11
17
15
6
11
2
13
13
13
8
6
26
38
13
11
28
11
26
25
21
13
19
26
26
19
21
62
19
32
47
24
11
28
13
36
11
23
23
25
41
24
25
17
19
17
2
15
21
28
15
15
7
11
23
15
34
25
17
4
19
23
11
13
13
9
17
32
25
13
17
23
21
11
10
19
40
26
8
21
24
21
9
17
23
23
2
17
38
11
17
19
30
23
17
41
17
36
9
23
17
21
26
13
19
11
32
19
23
21
17
25
13
17
27
42
30
9
34
28
13
22
23
17
27
10
47
15
11
11
10
32
27
11
45
28
27
41
11
21
13
0
13
21
29
11
11
9
15
13
2
25
26
6
23
12
19
42
15
13
13
23
13
32
15
15
23
11
41
36
17
13
8
9
24
21
7
19
17
11
13
19
24
21
10
15
8
20
21
13
17
21
13
32
24
23
36
15
17
17
11
29
13
12
8
10
21
19
26
7
11
13
6
11
13
11
17
6
9
13
7
13
12
13
13
2
4
9
21
13
15
13
13
15
9
12
25
9
41
10
15
34
8
10
51
19
15
13
13
9
8
6
8
8
8
2
2
7
4
6
5
8
5
7
9
8
8
9
2
10
7
12
7
6
7
5
9
7
5
6
8
12
4
7
7
7
2
6
5
6
11
6
8
4
10
7
9
5
7
5
4
2
2
11
7
5
7
13
5
8
7
10
13
13
8
8
6
10
10
5
7
2
4
6
11
2
8
5
9
8
8
7
7
2
10
4
2
13
5
10
8
5
3
9
4
6
6
10
6
8
9
4
13
4
9
8
12
0
4
10
2
4
8
7
5
7
6
2
7
11
10
7
4
6
5
6
6
13
6
4
6
4
10
4
8
4
5
8
13
4
12
2
2
6
8
4
10
13
8
4
5
7
5
2
7
6
11
12
5
7
4
11
6
6
6
4
2
7
7
6
12
11
4
8
6
4
2
14
11
7
2
6
8
13
6
6
2
10
5
13
8
4
8
7
4
5
4
6
6
2
13
6
7
6
5
14
12
6
9
10
6
8
7
8
4
6
13
4
13
6
13
10
6
2
7
7
4
15
7
2
6
5
6
2
12
4
4
15
4
10
7
13
7
8
8
5
3
4
7
6
4
2
8
2
8
9
8
8
5
9
7
7
7
6
3
13
8
6
7
7
5
2
7
10
5
7
11
12
7
7
4
7
4
6
4
10
6
7
7
8
8
5
4
4
2
8
6
2
2
2
2
4
2
4
4
4
0
4
2
2
2
4
0
2
2
2
4
4
8
2
2
6
4
2
2
2
2
4
2
4
2
6
0
4
4
8
4
2
4
4
6
6
0
4
8
4
6
2
6
2
2
4
4
7
4
2
4
4
2
4
2
5
2
4
4
4
2
6
2
6
2
6
4
8
0
2
2
8
6
2
6
8
4
2
5
2
2
2
4
2
0
0
2
0
2
2
2
2
4
6
4
8
2
3
7
8
4
4
4
4
6
4
3
5
2
4
4
0
6
0
2
0
6
4
6
4
4
3
2
4
4
6
2
5
3
6
6
5
4
4
6
4
8
0
4
6
10
4
2
2
4
3
4
8
7
6
4
2
4
18
2
6
2
6
8
4
6
6
4
2
2
2
6
0
2
5
6
2
6
2
0
2
6
5
2
2
4
2
6
6
6
6
2
4
6
4
4
4
2
4
8
2
6
5
8
4
14
2
0
2
0
0
2
0
4
0
0
2
0
2
5
2
0
4
0
2
4
6
4
2
6
6
2
4
2
12
4
4
2
4
6
0
0
4
3
8
4
0
5
8
4
2
2
8
11
2
9
6
2
6
8
4
2
4
13
5
8
4
6
4
4
4
8
9
7
9
4
6
7
4
4
6
16
13
27
30
17
32
17
20
52
34
33
34
16
25
20
28
43
23
30
33
33
50
19
26
28
20
24
30
22
17
26
34
34
28
19
25
17
13
33
15
25
30
34
30
36
40
16
20
38
26
15
19
48
33
68
32
21
38
41
30
36
18
17
26
29
30
50
47
28
82
28
26
17
13
25
25
24
43
37
38
25
39
32
23
25
19
31
35
32
30
27
21
28
60
29
21
26
28
28
37
18
43
43
29
33
40
33
20
21
23
30
25
31
22
26
22
24
28
30
25
29
16
17
45
37
28
23
74
30
34
32
26
20
26
23
27
25
34
24
17
66
55
31
41
21
18
28
29
43
19
31
34
35
34
37
23
27
20
18
22
45
20
21
53
38
73
24
25
23
26
25
22
14
50
46
16
24
47
37
33
21
15
39
24
23
52
40
51
50
45
25
29
30
33
10
34
29
31
27
21
39
47
30
26
22
23
43
28
51
30
56
28
28
51
44
23
26
24
33
26
44
27
46
50
45
28
29
38
15
28
35
37
36
37
26
30
42
29
34
37
37
25
28
20
46
27
26
45
32
18
50
39
42
21
30
18
34
25
27
92
40
21
21
41
70
28
42
19
22
26
14
45
25
48
60
37
25
20
42
32
31
25
23
40
78
31
30
25
2
0
0
0
0
0
4
0
0
0
0
0
2
0
0
2
0
0
2
2
2
2
0
2
2
0
4
2
2
0
2
2
2
2
2
2
0
2
2
0
2
2
2
0
0
0
2
0
2
2
2
0
2
2
2
2
2
2
0
2
0
2
2
2
0
2
4
2
2
2
2
2
0
2
2
2
0
2
0
0
0
2
0
0
0
0
0
0
0
0
0
2
0
0
0
0
2
2
2
2
2
0
4
0
4
0
2
0
2
2
0
2
0
0
2
2
2
0
0
0
2
2
0
0
4
0
0
0
2
2
0
0
0
0
2
0
2
0
0
2
0
2
4
0
0
4
2
2
0
2
0
2
0
0
4
0
0
2
2
2
0
4
2
0
2
0
0
2
0
2
2
2
0
2
2
0
2
0
2
0
2
0
0
0
2
2
0
2
2
2
2
0
0
2
0
0
1
0
4
0
0
2
0
0
0
0
2
0
2
0
0
0
0
0
2
2
2
0
0
0
0
2
2
0
2
0
2
2
4
0
0
0
0
0
2
0
0
2
1
2
2
0
1
0
0
0
0
0
2
0
0
0
0
2
2
2
0
4
2
0
2
2
2
2
2
0
2
0
0
4
0
2
0
0
2
2
0
2
2
0
0
0
2
0
7
2
2
2
0
2
2
0
2
2
0
4
0
2
2
2
2
2
4
2
2
2
4
2
0
2
0
2
2
2
2
2
2
2
0
2
0
2
4
2
2
0
0
2
4
4
2
4
0
2
2
2
2
0
4
2
2
2
4
0
0
2
0
4
2
2
0
4
0
0
2
0
0
2
2
2
6
4
0
4
4
2
4
0
0
4
6
2
2
4
4
2
4
4
0
4
0
2
2
2
4
4
2
2
2
4
4
2
0
2
2
0
2
2
4
2
0
2
4
0
0
0
2
2
0
2
4
2
2
2
2
2
2
0
2
2
4
4
0
4
2
2
0
2
2
2
2
2
2
2
2
2
0
2
2
4
2
2
0
0
2
2
2
0
2
2
4
0
0
2
0
2
4
6
4
2
2
2
2
0
0
0
2
4
2
2
0
0
4
2
4
2
0
0
2
2
2
4
2
0
2
2
0
2
0
0
2
4
0
4
2
2
2
0
2
2
0
2
4
0
4
2
2
4
4
2
2
2
0
2
2
2
4
0
0
2
2
2
4
2
0
4
0
0
4
0
2
4
2
2
4
0
0
2
4
4
0
2
2
0
2
0
2
0
0
0
0
0
0
0
0
0
2
2
2
2
4
2
0
2
2
0
4
4
4
4
0
2
0
2
0
2
