0
0
2
0
2
2
0
1
1
2
2
0
0
2
0
2
0
0
0
2
2
2
0
2
0
0
2
0
0
2
2
4
0
4
2
2
0
2
2
2
2
4
0
2
0
2
0
2
0
0
2
2
2
0
2
4
0
2
2
2
13
0
0
0
2
2
9
2
2
2
0
2
2
2
2
0
2
2
2
2
0
0
2
2
2
2
2
0
0
9
2
0
0
1
0
0
2
2
1
2
0
0
0
2
0
2
2
0
0
2
0
4
2
0
2
2
2
2
0
2
0
0
0
2
2
0
0
0
2
2
0
0
0
2
0
0
2
0
2
0
0
2
2
2
2
1
2
2
11
1
2
0
0
2
2
0
1
0
0
2
2
0
0
2
0
2
2
0
2
2
0
0
2
0
2
2
2
0
2
2
0
2
2
0
0
1
2
11
2
2
0
4
8
2
0
0
0
2
0
0
0
0
0
0
2
0
0
2
12
2
0
0
0
0
2
0
2
2
0
0
0
2
2
2
2
0
1
0
1
0
0
2
2
0
2
0
2
0
0
0
2
0
2
2
2
2
0
0
0
2
2
0
2
2
0
0
2
2
2
0
0
0
0
0
1
2
13
0
2
2
2
2
0
2
2
2
0
2
2
0
2
2
2
2
0
2
0
7
27
13
19
28
59
24
44
8
22
8
8
9
6
13
10
6
8
8
10
2
15
4
8
8
6
8
4
15
30
5
13
0
10
13
15
11
13
6
13
8
9
6
29
19
13
38
13
30
17
13
7
9
17
23
10
13
13
19
25
19
15
15
17
11
11
23
9
19
17
19
17
21
26
30
13
25
24
4
21
20
18
25
32
33
36
30
56
11
27
36
11
23
16
35
33
36
17
22
9
21
38
20
63
51
61
25
30
56
27
27
10
60
33
31
15
13
34
70
58
28
8
66
28
26
42
30
34
36
28
49
27
34
15
33
21
57
59
23
13
25
47
11
31
78
10
44
48
15
51
33
73
17
17
54
61
91
37
49
32
6
56
42
17
17
56
54
46
54
61
79
28
57
19
63
35
34
17
21
33
52
70
57
23
48
72
17
76
59
55
32
22
11
29
11
20
46
37
63
36
27
17
30
34
36
56
16
23
40
49
69
54
9
38
34
37
56
44
36
44
11
31
32
21
11
54
65
35
26
48
54
35
53
46
26
45
15
10
21
17
36
16
38
36
17
33
20
24
19
17
21
26
13
13
15
12
30
2
15
23
19
17
6
23
73
0
11
11
11
23
15
30
19
20
7
10
22
15
13
11
11
5
11
6
15
17
13
25
15
0
2
4
2
2
46
0
2
30
2
0
64
0
0
9
53
4
4
2
2
68
0
0
0
0
2
0
0
0
2
4
2
0
2
5
0
2
0
78
0
2
0
40
0
0
0
80
2
0
0
0
2
4
2
0
0
13
2
0
2
2
2
0
2
0
4
0
0
4
0
0
23
8
0
0
17
2
4
2
0
0
0
19
2
0
0
38
2
2
4
2
2
4
4
0
2
61
2
2
0
2
4
2
2
0
2
2
2
0
2
3
0
0
0
5
2
2
2
0
2
0
2
0
4
4
72
2
0
0
0
2
2
2
2
4
0
2
30
2
1
2
0
4
0
41
0
0
0
62
4
0
5
2
2
0
0
0
2
0
0
2
81
4
62
0
34
7
8
6
2
72
4
2
4
2
47
0
2
0
0
2
84
0
44
0
0
2
2
0
22
0
0
0
0
4
0
2
4
2
0
2
2
0
0
0
0
2
62
2
4
0
81
2
0
4
2
0
2
0
61
65
0
3
6
2
2
0
70
2
2
32
0
0
83
4
2
4
4
2
0
0
2
2
2
0
0
2
2
0
2
2
68
4
6
3
6
2
2
6
0
0
2
2
3
2
0
2
0
2
0
4
4
51
0
2
0
0
0
0
0
0
2
0
0
0
2
2
0
0
0
0
2
4
2
2
4
2
0
6
2
0
2
4
52
0
2
0
2
2
2
0
6
2
0
2
4
2
16
20
0
2
0
0
2
2
0
0
0
2
4
0
2
4
0
0
0
0
4
0
2
2
2
2
2
4
0
0
2
4
0
4
0
2
16
2
0
2
0
2
2
4
0
0
4
6
0
0
2
0
2
0
2
0
2
4
0
0
0
2
0
0
2
2
8
2
4
0
0
0
2
0
0
4
0
2
4
6
2
6
0
0
2
0
4
2
2
0
16
2
4
0
2
2
0
0
4
20
2
2
0
0
2
2
0
2
2
2
2
2
2
2
2
0
2
2
0
0
0
2
2
0
0
0
2
2
2
2
0
0
2
4
2
0
4
2
2
27
0
0
6
2
2
0
4
0
0
0
0
2
0
2
4
0
2
2
0
2
4
2
4
0
0
0
4
2
0
2
0
2
2
2
2
2
2
0
0
0
0
0
0
2
0
2
0
2
2
2
0
2
2
4
2
2
12
2
2
14
2
0
0
0
2
6
0
6
2
2
4
0
0
0
0
2
2
4
4
0
0
0
0
2
2
6
17
4
0
4
4
2
4
4
0
0
2
2
2
4
0
0
2
14
0
0
2
2
0
2
2
2
2
4
0
0
2
0
2
2
6
0
0
0
2
0
0
0
0
2
0
2
0
0
2
2
2
4
2
0
0
0
0
0
2
0
0
0
2
0
8
4
0
0
2
0
2
2
0
0
0
0
2
0
0
0
2
0
0
4
2
0
0
0
0
0
2
2
4
4
2
0
0
2
0
0
0
2
2
2
0
2
0
2
0
4
2
4
2
4
6
0
2
0
0
4
0
8
0
0
0
2
2
0
2
0
0
4
0
2
4
0
0
0
2
0
2
0
4
0
4
4
0
2
2
0
0
2
0
0
6
0
0
2
4
2
2
4
0
0
4
2
2
0
2
0
2
0
6
2
2
0
2
0
0
0
0
4
0
0
2
6
4
4
0
0
2
2
0
4
0
0
4
0
0
0
0
2
4
2
2
0
0
6
6
0
0
2
2
2
2
0
2
0
0
0
2
2
2
4
2
0
0
2
2
2
2
0
0
2
4
6
0
0
2
9
8
2
2
0
0
0
0
2
0
2
0
2
2
2
0
2
0
0
0
0
0
2
0
2
0
0
0
2
2
0
0
2
0
2
0
0
0
2
4
0
2
0
2
2
0
2
0
2
2
2
2
2
4
2
2
2
0
2
0
4
6
0
6
2
4
0
2
4
0
0
0
2
0
2
0
2
6
0
0
2
6
2
0
28
23
26
3
37
25
32
1
0
3
32
2
5
17
42
2
47
38
0
14
23
0
0
47
36
31
23
33
19
38
59
7
32
31
2
2
37
21
30
44
36
15
34
2
48
0
54
3
27
32
30
18
35
8
14
18
83
0
2
46
40
23
10
19
4
22
12
0
35
29
4
0
31
19
34
23
38
0
36
1
28
38
51
0
35
19
13
4
26
45
9
14
2
17
6
4
27
30
38
0
22
31
44
2
31
27
4
33
32
36
32
27
16
65
53
3
15
43
4
2
45
22
24
16
33
28
1
12
77
3
21
26
2
24
42
2
18
26
3
24
8
62
4
4
40
20
0
28
24
15
2
31
32
4
0
2
41
21
35
0
7
24
61
5
30
54
2
0
33
30
3
18
28
0
22
0
35
0
5
63
30
25
49
13
41
24
25
0
10
44
2
10
22
19
26
19
14
30
29
18
39
42
8
0
43
21
23
27
20
29
20
38
4
0
0
6
33
13
8
3
36
31
32
33
44
44
61
2
16
34
33
0
47
50
25
28
2
58
7
2
23
37
35
19
21
38
37
2
43
3
41
52
38
16
23
0
34
34
28
35
36
3
0
37
0
25
44
19
36
38
3
34
5
5
4
40
26
22
23
23
13
40
4
31
1
0
28
11
0
27
26
27
0
2
14
0
18
24
14
16
9
0
23
23
17
9
26
0
26
29
0
0
13
24
15
1
23
20
21
0
0
16
18
1
6
17
0
15
0
27
18
0
13
16
3
0
13
1
15
0
19
12
0
21
8
7
15
0
16
3
15
16
7
17
18
0
1
21
0
30
0
17
0
0
19
18
24
0
0
19
28
1
0
11
1
14
0
8
0
19
22
0
18
20
3
0
13
0
19
0
17
18
20
0
17
14
15
0
19
0
7
28
0
18
21
1
18
2
18
13
15
19
0
22
23
21
0
1
3
14
3
8
14
19
22
20
23
20
22
0
26
6
0
0
24
28
0
22
23
13
20
16
23
0
18
14
22
13
19
25
22
4
22
19
0
32
16
7
0
0
20
0
14
20
27
0
14
2
14
15
0
3
20
0
18
44
5
12
1
2
15
0
23
29
15
20
2
11
16
0
22
1
8
0
24
26
0
9
19
21
0
2
1
0
14
0
15
0
21
23
20
19
0
30
16
0
18
0
7
14
17
19
19
0
25
24
21
46
0
4
0
11
23
29
0
19
21
0
23
26
9
18
15
0
21
0
10
20
25
1
1
4
7
0
25
24
0
20
24
24
8
25
23
0
16
1
23
21
10
9
18
0
9
22
15
0
16
13
10
9
0
9
0
20
19
20
21
13
0
9
0
0
24
4
9
0
6
21
10
24
9
0
14
19
0
14
13
0
6
2
9
0
23
11
3
16
0
9
0
4
4
21
0
19
6
0
0
0
11
0
0
0
9
6
0
0
22
22
4
0
9
0
4
9
6
0
12
11
2
8
22
0
2
21
19
20
3
8
9
0
20
2
0
6
9
6
13
6
17
17
0
6
9
0
19
0
7
4
0
7
3
0
9
2
8
2
9
22
0
0
0
0
0
0
17
7
11
6
6
20
0
13
0
0
13
0
9
17
0
0
9
8
15
18
6
9
0
7
7
4
20
4
0
20
0
0
6
2
8
21
20
7
0
14
17
4
6
0
0
0
13
7
11
9
16
5
0
0
23
0
22
6
11
8
14
20
20
5
25
0
0
0
4
11
8
0
19
2
0
0
11
8
15
10
21
7
7
10
22
0
0
22
0
21
0
11
7
8
24
0
5
6
7
0
0
19
0
8
2
0
7
2
0
8
10
8
22
8
4
6
21
8
21
4
7
0
13
0
0
15
23
0
13
0
17
0
9
9
11
0
7
4
7
19
19
9
2
0
18
21
2
0
7
0
8
2
0
21
9
0
0
0
0
0
23
5
20
8
6
4
0
6
30
29
27
21
31
23
49
18
47
40
28
20
22
24
20
35
75
42
30
32
45
25
16
24
41
24
22
34
31
32
32
18
29
27
21
17
21
29
38
19
32
72
34
35
25
43
44
17
27
43
25
31
46
34
29
31
39
39
39
59
37
82
39
63
19
58
27
25
27
31
36
34
70
31
36
34
33
37
37
21
32
38
35
22
24
19
19
32
32
44
31
42
36
31
30
53
61
20
28
35
24
41
41
22
40
38
28
30
30
37
31
25
47
21
35
24
23
25
26
16
19
24
37
33
21
32
35
24
34
36
26
32
30
36
31
20
26
28
35
20
30
19
33
15
31
29
28
24
39
36
36
32
57
23
26
31
72
24
29
23
33
54
52
37
62
62
42
53
19
20
65
58
34
27
48
67
29
28
28
37
40
70
64
31
40
29
38
44
33
32
63
29
46
30
36
62
28
54
49
31
37
66
12
33
35
33
51
58
68
50
54
81
50
44
17
47
52
36
40
64
41
25
60
31
35
26
71
61
27
31
37
35
21
32
26
19
23
26
22
41
27
29
26
28
30
37
21
19
21
27
21
30
25
39
36
22
38
36
34
29
18
17
22
11
37
41
11
14
33
35
24
46
16
26
20
24
25
28
13
23
38
27
33
28
41
27
14
27
0
4
9
1
0
12
3
0
16
8
0
12
16
7
5
0
0
8
19
1
0
22
2
5
0
48
2
0
11
5
0
0
15
7
1
0
10
16
26
5
1
0
4
13
6
0
19
5
0
15
14
0
11
8
8
0
0
11
0
13
0
11
8
9
12
0
0
19
8
0
19
8
23
12
0
1
10
0
19
2
4
5
0
0
16
12
15
13
6
5
8
3
0
15
4
0
25
10
0
11
8
3
1
4
4
0
10
9
0
9
0
0
24
9
1
17
0
2
0
5
11
8
7
1
0
0
13
11
0
0
0
2
0
39
7
0
1
0
12
14
17
10
0
0
0
0
11
0
0
15
8
4
0
0
16
11
20
12
9
0
18
0
7
0
14
14
0
14
0
0
20
0
5
7
11
0
3
7
0
8
12
14
6
1
0
4
0
8
18
1
8
0
0
7
9
5
0
14
9
6
0
18
12
5
10
9
2
4
0
17
5
2
0
17
12
14
3
2
3
2
0
7
11
5
0
13
30
19
3
0
0
8
0
55
3
7
17
0
0
0
9
8
0
1
1
5
0
1
0
0
2
1
10
5
0
0
0
0
0
5
0
50
1
0
3
0
1
0
0
0
3
9
1
6
5
1
0
0
1
0
0
0
2
0
2
3
2
1
