0
0
2
2
0
0
0
2
2
4
2
2
2
0
2
0
2
4
2
2
4
2
0
4
6
0
0
0
0
0
2
0
0
0
0
4
4
0
2
4
0
2
0
4
2
4
0
0
0
2
0
0
0
2
2
2
0
0
2
0
0
0
0
0
0
2
0
0
2
0
0
2
2
2
0
0
0
0
0
2
2
0
0
0
2
2
2
2
2
0
0
2
0
0
2
4
0
4
0
2
0
2
4
0
2
0
2
2
2
0
4
0
0
4
4
4
0
0
2
2
2
0
0
0
0
0
21
0
0
0
2
0
2
0
0
0
4
2
2
2
2
0
2
0
2
0
2
2
2
2
2
2
0
2
0
0
0
0
0
4
0
0
2
2
0
0
2
2
19
0
2
0
0
2
0
0
2
0
2
2
4
4
4
0
0
2
0
4
0
4
4
0
2
0
2
0
0
2
2
2
0
2
0
0
2
2
2
4
0
0
2
0
4
0
0
2
2
2
2
2
2
19
4
0
0
2
0
2
2
2
2
2
2
0
2
2
0
0
0
0
0
0
2
0
2
2
0
0
2
2
4
2
0
0
0
2
0
2
2
4
0
0
2
2
0
0
0
0
4
0
0
2
2
0
0
0
0
4
0
2
2
0
2
2
2
2
0
0
10
11
21
5
5
12
5
7
3
15
9
9
11
1
5
1
3
11
3
7
7
10
1
1
5
3
7
7
5
9
9
3
5
7
8
3
1
12
9
10
9
7
11
11
13
7
5
5
27
7
14
22
27
5
11
9
8
3
13
9
13
5
7
1
11
51
5
16
8
28
10
5
9
10
18
13
13
3
16
28
17
9
11
17
31
23
10
13
13
24
19
20
27
20
22
26
33
23
56
54
13
18
28
9
22
30
23
27
18
21
12
25
31
17
28
20
18
19
18
13
22
18
13
19
28
15
15
16
13
11
26
22
21
16
25
34
26
15
13
18
17
17
29
17
13
15
13
22
28
36
9
15
17
22
17
20
37
19
25
13
27
55
30
21
20
21
5
47
21
18
7
24
16
11
19
6
32
29
19
26
34
22
17
18
26
15
25
22
38
23
41
42
15
28
16
28
31
20
12
19
32
26
7
13
40
7
27
28
24
23
35
27
20
18
18
16
25
49
5
21
25
13
21
20
31
36
5
15
19
17
32
28
22
21
10
26
17
19
26
26
5
15
18
20
19
7
15
21
15
9
16
17
5
8
3
7
5
11
7
18
10
29
5
26
5
15
10
15
5
3
11
30
15
9
5
9
15
18
9
9
11
6
11
3
11
13
3
5
2
0
0
0
0
5
0
2
0
2
4
4
0
6
0
2
2
7
2
2
0
0
0
0
0
2
4
0
6
2
2
0
2
0
0
0
0
2
2
0
2
0
2
4
4
6
2
2
2
2
0
2
2
17
2
10
0
0
6
2
1
2
8
4
4
2
2
0
15
0
4
2
2
6
2
2
6
2
2
4
4
18
2
0
17
2
2
2
2
0
0
2
2
0
2
2
0
2
6
3
6
5
4
2
0
0
0
4
3
6
1
0
2
6
8
2
2
7
2
2
6
2
2
2
0
2
4
4
0
6
0
4
4
7
4
4
4
0
0
2
2
0
8
4
2
4
4
2
0
2
2
2
8
2
2
5
2
0
0
2
2
3
2
0
2
2
2
0
5
4
2
0
7
2
0
0
2
7
4
2
0
5
2
7
0
0
6
2
0
0
2
6
1
0
4
6
0
0
0
2
4
2
4
4
2
6
2
0
4
3
0
13
2
0
2
0
1
0
1
0
5
0
2
0
0
1
0
0
0
5
0
0
0
0
0
0
2
3
0
0
0
2
1
0
7
0
2
2
0
0
0
2
2
0
0
0
0
0
2
6
2
0
0
2
1
2
0
0
4
2
1
0
0
2
4
2
0
0
1
3
0
0
0
1
2
0
14
4
21
21
15
11
17
21
14
20
13
15
11
18
22
19
17
15
14
15
14
15
17
18
15
23
17
15
23
26
22
22
22
11
12
16
19
19
21
15
15
16
13
17
19
13
17
21
20
17
17
20
17
20
22
12
21
12
18
13
19
17
16
16
20
18
17
20
17
19
21
19
18
18
15
11
13
13
15
10
10
11
10
11
13
14
8
17
15
11
16
6
12
12
12
17
17
13
13
14
12
17
15
8
15
12
11
13
13
4
12
12
6
17
12
17
8
13
10
15
8
12
11
15
14
9
14
13
10
10
13
10
10
6
21
14
11
13
10
20
23
13
12
14
10
10
8
14
13
16
15
16
18
18
21
18
19
19
11
10
17
13
11
10
13
14
16
13
13
12
7
14
13
14
13
18
11
17
14
8
13
15
12
21
11
11
13
13
12
9
11
12
28
15
13
13
14
12
10
20
13
13
10
13
10
13
15
14
8
15
15
15
15
14
14
17
8
6
15
14
13
15
9
13
19
20
19
15
13
13
13
15
12
9
15
19
12
17
16
16
12
15
16
14
11
9
12
12
11
13
16
12
14
22
10
11
15
16
8
13
15
12
13
11
16
15
13
12
8
9
13
12
19
23
13
14
11
15
17
10
8
11
9
13
16
11
11
13
13
15
17
27
8
17
8
8
13
21
19
8
14
10
21
25
15
8
13
19
15
15
12
10
10
12
12
15
10
10
12
19
19
19
10
13
15
25
12
13
13
13
12
19
10
10
15
10
12
14
15
12
10
10
10
12
35
13
10
12
14
8
15
29
14
10
19
19
15
14
10
13
17
21
12
13
10
10
17
25
15
19
19
21
21
12
14
12
10
17
27
14
14
13
35
19
17
15
25
15
27
17
23
14
27
23
33
15
29
23
23
27
10
19
17
10
12
23
10
15
17
13
27
12
14
33
17
17
23
19
15
23
25
23
17
17
13
15
21
15
12
17
23
23
33
23
17
17
19
23
19
21
15
27
17
23
23
23
21
23
31
21
19
29
17
21
29
15
23
10
35
14
42
19
13
25
35
29
13
33
23
15
38
21
13
15
34
17
10
10
33
19
38
25
31
13
10
27
25
13
21
15
19
17
10
19
21
15
12
17
8
27
21
13
19
15
21
25
17
19
12
13
13
15
23
21
17
13
21
19
25
23
15
32
17
23
17
21
33
8
15
23
17
23
15
37
13
10
17
25
31
11
13
29
12
12
8
8
17
17
15
17
19
13
15
27
21
23
35
13
17
19
21
25
25
25
29
17
17
31
19
15
13
15
15
23
15
21
31
21
31
31
24
21
13
36
18
19
29
35
19
9
21
32
27
30
16
30
39
40
28
27
32
11
56
37
44
11
5
19
24
42
32
13
19
13
24
20
40
19
46
33
25
27
42
18
42
13
12
17
11
13
27
33
34
36
16
35
26
30
12
21
33
34
26
34
16
33
27
27
40
33
27
39
16
30
41
27
37
39
31
36
33
30
25
28
39
43
46
43
29
34
44
26
42
39
42
43
42
43
44
47
26
48
36
42
54
51
43
41
48
43
43
50
46
44
42
47
32
52
46
52
49
32
49
30
48
31
42
40
44
44
31
42
45
43
35
43
39
48
44
45
35
35
44
40
44
46
43
32
45
43
39
51
44
46
33
47
49
43
44
28
38
47
51
46
45
46
37
27
44
30
34
39
33
46
35
48
44
29
20
45
29
49
45
41
45
42
50
44
46
37
51
46
40
49
50
28
41
41
31
31
47
49
43
41
30
46
48
49
48
41
45
27
46
44
50
54
31
38
44
41
29
45
48
41
38
48
49
46
44
20
42
25
44
50
42
33
55
48
54
45
45
34
44
44
40
45
48
44
41
56
53
46
43
38
54
44
45
33
34
38
41
46
39
41
41
41
44
45
48
44
48
45
47
46
43
34
31
29
40
37
27
29
29
38
33
46
0
0
2
0
2
2
2
0
4
0
2
2
0
4
0
2
0
2
0
0
2
2
2
0
2
2
0
0
0
2
4
0
0
4
2
2
2
4
2
0
0
0
2
2
2
2
2
2
2
0
2
0
0
2
2
2
2
2
2
2
2
4
2
0
0
2
4
4
2
0
2
0
2
2
0
0
4
0
4
2
2
2
4
2
2
2
4
0
0
0
2
2
2
2
2
2
2
2
6
2
2
2
0
2
2
2
2
0
2
0
0
0
0
2
0
2
2
0
2
2
2
2
0
2
0
2
2
2
2
0
2
2
6
0
2
0
2
2
2
0
2
0
0
0
2
4
2
0
4
0
2
0
2
0
0
2
2
0
4
0
0
2
0
4
2
2
4
2
2
2
4
0
0
2
0
2
0
2
2
0
0
0
0
2
0
2
4
4
4
2
2
0
2
0
0
2
0
2
0
2
0
2
0
2
2
2
2
0
2
2
0
0
2
0
2
2
2
2
2
2
2
2
0
4
2
2
0
0
0
2
0
0
2
0
2
2
0
2
2
2
2
0
2
2
2
0
0
2
0
0
0
76
2
0
2
0
2
4
2
4
0
2
2
4
6
2
2
0
2
2
2
2
0
0
0
4
0
0
2
0
0
0
2
0
0
2
0
2
2
4
0
0
2
4
2
0
2
2
4
0
2
2
4
0
2
4
2
2
0
4
4
0
4
4
2
6
0
2
4
2
2
0
2
6
0
2
0
4
2
0
4
2
2
0
0
4
2
4
2
0
2
2
4
6
2
0
4
0
4
4
2
0
2
2
2
2
4
0
4
2
2
2
10
0
4
2
2
4
2
2
2
0
4
0
2
2
4
2
8
4
12
2
0
6
4
2
2
4
2
2
4
2
2
2
4
0
4
2
2
2
0
2
2
0
0
4
4
0
2
0
2
2
2
4
2
2
4
2
4
2
2
0
4
0
4
6
4
4
2
2
0
0
2
4
0
4
0
0
4
4
6
4
6
4
2
0
0
4
4
2
2
2
2
4
4
0
2
4
0
0
2
2
4
2
4
0
2
6
2
2
2
2
4
4
2
2
4
4
0
2
0
4
4
0
4
4
2
4
2
2
8
2
4
2
8
6
2
14
0
4
2
0
2
0
0
6
0
2
4
2
0
6
0
2
0
4
6
0
2
0
0
0
2
0
0
2
2
4
0
0
2
2
2
0
4
0
8
2
2
4
4
2
2
2
8
4
2
6
2
2
0
8
0
6
0
0
6
2
2
4
0
2
4
0
0
0
4
4
4
4
6
2
0
4
2
0
59
58
59
58
61
59
56
58
60
56
38
60
57
60
57
58
53
59
55
58
61
58
57
60
51
57
57
57
59
62
61
62
56
50
58
56
60
59
54
51
57
29
62
56
58
61
60
56
47
57
58
61
58
57
59
62
64
45
42
37
41
59
60
58
52
61
57
60
61
59
58
60
56
56
62
57
54
55
62
58
59
54
58
60
52
54
52
57
59
57
60
60
57
58
57
55
56
56
60
60
54
58
57
55
52
59
58
58
61
59
56
58
55
53
53
58
50
59
58
60
55
57
52
59
56
56
56
59
60
59
55
56
59
41
59
61
58
57
56
54
59
57
56
60
51
52
58
56
60
54
54
53
60
54
36
56
40
57
56
57
54
57
59
53
56
60
57
54
59
52
51
33
54
60
58
57
57
39
54
58
56
58
56
59
54
55
56
53
57
47
55
56
54
61
57
54
51
52
54
60
58
53
55
58
57
58
56
58
51
56
53
59
56
53
49
54
57
61
54
54
58
52
50
55
41
54
60
56
49
41
40
35
46
50
31
46
31
35
58
48
53
43
40
55
46
46
47
34
34
37
43
43
51
47
52
51
45
30
52
53
55
31
48
50
55
56
58
49
41
48
51
49
42
44
46
51
43
54
51
47
55
52
47
48
45
52
52
54
2
2
2
2
3
2
0
6
7
0
2
2
0
4
2
2
4
4
9
6
2
4
2
2
2
4
2
2
4
2
4
2
0
3
2
2
2
0
0
4
2
2
2
2
4
0
4
4
2
2
0
4
7
0
2
2
15
7
2
2
2
4
0
0
2
2
2
2
2
2
4
2
2
2
0
4
2
2
2
0
6
4
5
2
0
2
10
2
2
4
4
4
5
0
4
2
4
4
0
4
11
2
4
4
2
2
4
2
2
4
0
0
2
2
4
2
4
5
2
4
4
4
0
2
2
0
5
0
4
2
2
2
2
6
2
2
0
4
0
0
2
13
2
4
2
4
0
4
0
0
2
2
2
2
2
2
2
2
4
4
6
4
5
4
6
2
4
0
0
0
4
8
0
2
6
4
2
4
0
2
2
2
2
2
2
2
2
2
2
9
4
4
4
0
14
5
4
2
2
0
0
2
4
8
4
6
4
2
0
2
4
2
2
4
2
2
4
4
2
4
4
4
2
2
0
0
4
0
2
0
2
2
2
2
2
4
0
6
2
4
2
3
2
2
0
4
2
4
4
2
0
0
2
2
2
2
0
2
4
2
4
2
2
4
4
2
2
2
2
2
2
4
2
1
4
2
2
2
2
4
2
2
6
4
2
4
0
2
