8
11
10
11
10
13
10
9
9
10
12
11
8
7
9
8
7
9
11
10
10
9
10
10
10
9
10
12
12
10
11
10
9
10
15
15
12
10
11
12
12
10
8
11
8
8
9
9
10
10
10
10
9
10
15
13
11
9
11
8
10
9
10
11
11
8
8
8
9
10
9
9
10
11
11
12
9
10
10
11
10
9
13
12
9
11
12
7
10
17
10
10
16
10
12
11
7
11
12
10
12
14
10
11
10
8
13
9
11
12
13
11
10
10
8
13
10
12
9
10
10
11
9
10
10
11
10
11
9
13
9
10
11
12
11
10
10
11
11
13
10
5
10
11
10
11
10
9
9
9
9
9
11
11
8
12
8
14
9
11
10
11
8
10
12
11
13
10
8
9
10
8
10
7
10
11
8
10
11
10
11
11
10
14
12
10
11
10
9
12
9
11
9
10
10
9
9
9
10
11
11
9
9
9
11
13
11
9
9
12
10
10
13
11
10
11
12
10
9
10
11
10
12
10
8
9
9
7
10
10
12
8
10
10
9
11
12
12
10
10
10
11
10
7
12
11
11
15
9
9
8
12
11
13
11
9
7
10
7
9
12
13
9
11
14
8
10
11
13
10
9
10
10
13
10
11
11
13
10
10
13
9
11
11
10
12
13
9
6
6
8
4
6
6
8
4
6
4
6
6
6
6
4
6
4
4
6
8
8
8
4
4
4
6
4
4
6
4
4
4
4
8
6
4
4
16
6
4
4
4
4
4
4
4
4
6
6
6
6
4
4
6
6
6
8
8
6
6
8
4
6
8
12
8
8
8
4
6
8
4
6
4
4
6
6
6
4
4
4
8
6
4
6
24
8
8
6
4
6
6
4
4
6
6
4
6
8
6
6
6
8
6
8
4
6
6
4
8
8
6
8
8
4
6
10
8
6
10
22
6
6
4
4
6
6
6
4
6
4
4
3
6
6
6
6
6
4
6
6
6
6
8
8
9
8
6
8
8
6
4
6
6
4
5
6
4
8
4
4
6
4
4
4
6
10
6
6
4
4
6
4
6
4
16
8
6
8
4
6
4
6
10
6
4
4
4
4
5
8
6
6
8
8
4
6
10
4
4
4
6
4
4
6
6
6
6
8
8
8
4
6
6
4
10
6
4
4
4
4
8
8
4
6
4
4
6
4
4
4
6
6
6
8
6
6
6
8
4
8
6
8
8
8
6
6
8
4
8
6
6
4
6
6
6
6
4
6
8
6
6
6
8
6
10
4
4
6
6
6
10
6
8
4
8
6
4
4
6
6
4
6
4
8
6
6
4
4
0
4
4
2
2
0
2
0
0
0
2
4
0
0
0
0
0
2
21
2
2
2
0
0
10
10
21
8
6
10
0
0
2
8
8
0
2
0
14
8
0
2
2
10
23
8
4
6
2
2
6
0
8
4
6
6
2
2
0
2
4
0
0
4
0
0
0
0
0
0
2
0
0
0
0
2
6
0
0
4
2
2
2
2
0
0
0
0
0
0
2
0
2
2
0
2
0
4
6
0
0
0
2
4
0
6
0
4
6
2
4
13
2
2
2
4
0
2
14
2
0
19
0
4
11
4
2
0
17
2
0
12
0
0
0
2
0
12
15
4
0
13
0
2
21
22
0
0
0
2
2
14
4
2
19
4
0
2
6
2
14
2
2
8
0
4
2
16
2
4
16
0
9
0
0
18
2
4
4
16
2
0
12
0
2
6
14
8
15
13
2
2
16
0
0
6
0
4
12
0
0
15
0
4
2
16
0
11
2
0
0
15
2
0
12
2
2
15
0
4
2
0
2
0
13
2
0
13
0
0
15
0
2
12
0
0
13
4
0
2
6
4
2
15
0
0
16
4
0
13
2
0
17
12
2
0
0
0
0
13
2
2
19
2
4
6
0
6
26
6
2
21
2
0
4
2
2
4
17
4
4
15
16
2
4
0
0
31
10
6
6
10
6
8
8
8
10
6
12
6
8
8
12
10
8
6
10
2
8
6
8
6
8
10
14
8
6
2
10
2
6
12
12
8
8
4
8
8
6
6
10
6
10
10
6
6
16
12
12
8
4
6
10
10
12
10
10
14
10
20
10
31
4
6
14
12
8
12
8
14
8
10
8
12
4
12
8
6
10
8
10
8
10
10
6
4
12
6
6
10
4
8
12
8
6
6
14
4
4
6
10
13
6
8
4
8
10
11
6
6
15
8
8
8
8
8
12
14
16
10
10
18
8
12
12
8
10
8
8
8
10
12
14
10
10
23
12
16
16
10
10
10
10
12
18
10
2
10
6
4
8
18
6
12
6
14
12
18
11
10
10
10
17
10
12
12
10
12
14
12
21
25
16
12
6
10
21
12
12
6
10
12
10
12
10
14
12
9
10
15
12
20
4
10
16
21
10
8
18
20
16
6
6
21
10
14
14
10
20
0
16
14
16
8
6
14
12
18
14
6
14
12
14
11
12
10
4
12
12
14
10
8
8
6
12
6
8
16
16
8
4
8
12
10
12
4
14
12
8
12
8
8
8
16
4
21
8
14
8
8
10
8
12
10
10
8
10
10
14
16
10
8
39
12
14
16
10
2
6
6
14
10
10
8
10
47
39
71
45
43
43
28
36
47
0
13
22
32
39
43
15
47
38
43
36
9
11
28
20
39
45
26
64
45
28
24
26
35
13
80
84
43
17
19
72
64
26
30
28
83
7
24
22
44
41
47
22
41
36
53
15
40
38
36
28
38
36
63
51
28
32
38
24
38
30
24
49
47
34
22
43
17
57
21
16
0
30
19
45
42
32
28
30
24
24
51
22
32
32
28
9
43
0
9
30
20
24
28
32
41
59
60
36
49
70
36
49
34
15
36
39
13
13
30
63
47
24
41
20
57
42
24
43
53
36
32
26
38
47
41
43
30
32
36
34
13
51
28
20
19
30
28
28
19
30
36
38
43
45
40
47
38
22
21
34
51
39
34
39
47
19
39
36
38
28
30
24
36
38
39
47
32
43
34
64
46
57
45
49
34
40
39
28
32
36
42
32
38
36
47
49
63
24
30
36
38
28
36
42
28
34
26
32
39
34
40
22
47
32
26
22
41
51
59
26
38
30
40
53
48
30
32
39
45
19
41
47
43
36
32
38
32
30
45
15
45
49
28
41
21
64
60
24
22
26
47
21
21
15
40
19
67
45
34
36
34
38
47
34
20
36
45
43
43
7
59
45
13
34
19
35
9
15
43
30
38
47
26
30
17
47
47
39
5
5
9
3
1
9
7
1
7
1
13
7
3
5
1
1
9
11
7
1
0
3
9
11
9
3
1
3
9
7
5
3
3
5
5
1
5
1
1
11
11
3
3
7
7
3
1
5
3
1
5
3
3
9
9
7
1
3
9
9
3
5
5
9
11
3
1
3
11
11
0
3
3
3
7
9
5
0
5
9
0
0
0
7
1
0
1
7
5
1
1
5
5
5
1
1
3
3
9
7
5
1
5
3
13
5
15
0
9
5
5
9
11
0
3
1
7
7
5
1
1
1
1
1
13
5
3
1
3
5
11
1
1
1
1
11
9
5
1
1
1
5
1
1
9
13
7
1
1
5
9
9
11
0
1
9
7
7
0
3
11
9
3
3
3
1
9
9
0
3
3
3
7
5
3
5
5
3
5
3
1
5
5
9
7
9
9
0
0
13
3
5
7
7
9
0
5
3
3
5
5
3
1
9
5
3
0
5
9
9
3
1
1
7
1
1
1
3
11
0
3
11
5
1
1
5
5
5
9
3
3
9
13
7
1
0
9
10
5
1
1
1
9
7
5
1
3
9
7
3
0
3
9
7
3
1
11
5
3
1
0
5
9
5
3
3
1
5
5
5
3
1
3
7
5
9
5
0
5
3
5
7
5
5
5
3
1
1
10
3
0
3
4
11
7
7
4
6
12
2
8
4
8
2
14
6
4
4
8
4
8
8
8
4
7
9
3
14
7
4
6
10
16
4
8
12
15
8
2
4
6
10
9
10
14
9
13
11
21
11
9
11
10
5
5
2
5
11
3
10
6
4
15
33
62
71
5
6
7
5
8
10
6
8
23
3
5
8
4
9
8
5
0
2
4
10
4
6
6
2
4
6
5
13
2
4
9
2
2
5
11
7
6
12
21
22
20
27
14
19
9
7
25
23
8
9
15
19
11
10
18
31
14
0
16
8
7
32
10
14
15
18
17
10
15
71
8
16
13
22
11
11
8
17
18
14
11
17
18
7
12
14
4
6
12
13
7
23
19
21
18
16
18
13
8
22
9
16
26
17
19
10
15
7
23
13
9
18
11
17
16
5
8
8
9
6
18
8
18
8
7
11
6
15
9
10
18
4
2
14
11
11
11
22
12
20
10
11
7
8
6
9
8
16
9
6
6
13
7
11
19
30
13
19
13
19
53
20
22
24
22
9
9
16
18
11
13
11
11
11
44
23
4
13
20
13
2
8
12
8
7
6
21
12
16
13
8
11
8
13
13
12
9
11
8
13
11
17
12
8
11
9
5
13
11
6
24
9
12
8
11
0
15
24
19
5
1
2
3
2
2
3
4
4
1
2
0
2
2
1
2
2
2
2
3
2
2
2
2
3
2
2
2
4
2
2
2
3
0
0
2
3
3
2
2
2
2
2
3
3
3
3
3
3
3
3
2
0
3
2
5
3
2
4
3
3
2
2
4
2
2
4
2
2
1
2
2
3
2
4
0
4
2
0
3
3
2
2
3
2
3
2
2
3
3
2
2
2
3
3
4
2
2
2
3
2
0
2
3
2
2
3
3
3
2
2
2
2
3
2
3
2
2
3
1
2
2
0
2
0
3
3
4
2
2
2
3
2
2
4
4
4
2
3
0
3
4
4
3
0
2
2
2
3
3
2
0
2
4
2
3
3
4
3
2
4
2
2
4
2
0
2
2
3
5
2
2
3
5
3
2
2
3
4
2
3
1
5
2
2
4
2
2
4
2
4
2
3
2
2
3
3
0
2
1
5
2
2
2
0
3
4
2
2
3
0
2
2
2
2
2
0
5
2
0
3
0
2
4
0
2
2
3
0
2
2
3
3
2
2
0
2
2
0
2
2
2
1
2
2
5
2
4
2
2
2
0
2
2
2
0
2
3
2
2
3
2
2
2
2
2
2
4
3
2
2
2
2
2
2
3
2
2
2
3
3
0
2
3
3
2
3
2
2
17
17
17
18
13
13
19
36
13
17
13
17
41
21
37
16
15
22
24
17
15
15
16
14
11
23
18
15
17
15
19
21
14
20
19
14
16
16
17
21
24
22
21
21
17
19
16
22
11
26
20
15
27
23
25
33
15
19
23
26
17
28
24
23
16
19
31
25
32
29
17
20
26
17
16
23
27
22
18
20
17
14
21
31
22
27
26
33
25
22
19
22
18
46
30
31
38
31
20
31
17
19
24
16
25
24
22
13
26
18
24
29
26
21
39
35
31
24
22
19
20
22
18
21
24
18
14
27
27
10
21
22
17
16
16
17
20
17
13
22
20
21
23
21
17
17
20
25
18
28
23
34
28
12
21
26
10
14
31
17
33
22
21
20
26
21
16
19
24
35
36
24
15
25
19
23
21
15
18
20
30
21
31
29
26
30
29
28
12
16
25
19
22
18
22
30
29
26
20
19
26
30
18
20
23
24
27
21
31
20
21
27
24
28
24
36
40
46
39
26
20
19
25
21
26
28
23
28
24
25
19
23
19
20
18
20
20
22
18
18
19
17
28
26
18
18
19
25
18
20
24
24
23
17
17
21
19
26
23
10
20
24
22
21
16
26
23
16
26
18
26
25
26
22
26
17
13
20
13
24
19
24
19
18
21
26
24
22
4
6
22
14
6
6
8
10
14
10
8
4
4
2
14
16
16
6
4
4
20
6
6
4
14
4
6
2
6
4
31
14
16
6
8
6
4
10
6
8
4
6
6
16
6
6
4
4
12
12
6
4
4
10
4
2
8
16
8
4
4
28
10
8
6
14
14
16
6
4
8
10
14
2
2
10
12
8
4
2
10
14
6
4
2
4
10
14
2
4
4
8
6
8
6
10
6
10
2
8
12
16
18
4
8
4
10
4
6
8
14
14
4
6
4
8
14
6
4
6
6
4
10
4
6
4
2
10
4
10
12
18
6
4
4
4
6
14
2
16
8
14
2
6
6
4
8
6
18
4
4
4
4
6
14
19
2
31
2
12
6
4
4
2
10
4
4
6
4
8
6
6
4
8
4
6
2
4
10
4
4
4
12
6
4
4
4
10
6
6
6
6
4
16
10
4
2
10
6
4
18
4
8
10
4
12
6
6
4
14
4
6
6
12
4
6
6
12
2
10
8
6
8
6
6
8
12
12
18
4
4
14
2
6
4
6
8
14
12
10
10
16
8
4
8
6
8
20
4
6
4
4
6
6
12
10
12
6
4
21
16
2
4
4
4
4
8
12
4
2
6
12
8
4
2
6
10
4
6
4
8
12
10
6
16
4
4
6
