23
0
7
0
33
2
82
47
8
21
0
16
8
36
4
23
5
22
0
0
0
0
25
0
7
0
0
20
0
9
15
2
21
0
23
4
4
0
6
0
17
4
0
18
37
0
32
0
6
0
0
22
1
0
6
0
0
41
6
5
0
2
7
0
0
2
0
46
0
4
34
45
0
0
2
0
24
8
21
0
2
2
4
0
0
2
65
0
13
1
11
5
0
17
0
38
10
0
0
4
34
0
39
4
0
9
14
0
0
15
2
0
2
0
0
0
2
2
26
29
0
0
0
23
0
0
12
2
4
2
0
39
0
0
46
0
0
0
0
0
29
7
4
1
27
10
0
35
11
22
0
0
28
0
27
0
9
0
2
0
16
7
0
22
37
7
37
68
0
22
0
19
0
42
6
0
48
0
0
46
9
0
5
9
0
9
0
0
3
17
13
0
14
2
0
52
5
0
2
54
9
24
0
82
0
28
2
0
22
0
18
33
0
0
0
2
0
0
0
16
5
20
0
0
23
0
18
6
26
0
33
5
0
1
0
25
0
0
4
0
0
34
2
28
17
0
12
48
20
6
34
0
21
8
0
0
0
0
18
2
30
0
11
39
3
0
0
0
35
2
0
0
31
0
22
0
0
9
0
0
2
3
0
0
0
18
0
24
48
89
26
40
36
14
80
83
47
68
43
49
26
84
72
41
84
48
83
39
85
25
82
77
41
89
77
20
29
87
33
22
92
28
38
45
77
47
37
37
51
48
25
83
48
43
43
46
19
29
40
70
86
41
30
18
72
35
36
80
36
21
83
28
38
37
33
43
86
29
45
87
26
29
86
83
46
12
45
85
15
36
40
39
32
82
40
18
86
25
30
42
41
79
12
43
73
34
70
64
59
13
78
19
28
58
38
27
25
82
37
31
83
88
23
28
18
75
34
35
51
33
24
18
79
32
43
78
12
31
76
31
80
82
22
28
73
78
49
16
51
46
15
56
78
37
49
44
26
81
84
19
80
60
45
42
42
46
36
74
84
42
88
77
33
57
31
62
7
28
79
46
32
24
16
41
59
20
25
82
25
29
35
66
41
19
30
77
32
84
89
44
16
87
23
40
35
16
30
41
29
25
20
38
49
41
21
42
41
32
81
85
28
43
17
36
85
74
17
28
17
39
12
62
42
27
40
85
84
12
50
41
14
15
20
25
27
36
26
19
77
54
20
82
18
22
37
38
25
38
25
46
28
82
30
18
46
27
36
31
86
17
15
44
55
15
15
25
45
22
22
25
31
31
42
49
27
21
59
9
42
18
32
32
25
29
74
24
9
13
14
7
7
18
9
12
9
5
6
15
10
5
5
3
7
5
4
9
17
9
12
14
9
7
4
4
5
7
7
9
3
7
3
7
4
9
11
9
10
9
3
4
2
9
6
7
5
9
18
45
0
0
2
2
4
0
2
0
57
25
13
7
2
2
4
0
2
2
4
38
8
2
0
4
0
18
0
0
2
2
2
2
59
0
1
0
0
0
4
2
0
0
6
2
2
0
0
2
8
0
0
0
0
0
0
2
0
2
2
4
0
0
4
2
2
0
0
0
0
0
2
2
0
0
2
0
4
2
0
2
4
0
6
2
2
0
4
2
0
6
0
0
0
0
2
2
0
2
2
2
0
0
0
0
0
2
4
2
17
2
2
0
4
4
2
0
2
0
0
2
0
1
2
2
7
2
2
0
2
3
0
2
7
0
0
27
2
0
4
3
4
2
0
0
4
0
13
2
2
0
0
0
0
4
2
2
6
0
2
0
6
6
1
0
0
2
0
10
2
4
4
0
0
0
30
6
0
0
0
2
0
4
4
0
2
2
4
0
0
0
2
0
2
0
2
2
0
0
45
2
16
0
4
2
0
0
2
0
2
0
6
2
0
2
0
4
0
0
2
4
2
0
2
2
2
0
2
2
2
2
0
0
0
2
0
0
6
4
4
6
4
0
0
0
0
2
2
0
2
0
6
4
2
4
6
6
2
2
4
4
7
2
2
2
6
6
4
4
4
2
2
2
0
0
6
2
4
4
2
0
0
4
0
2
8
2
2
4
0
4
6
2
0
4
8
2
4
4
0
0
0
0
2
0
8
4
8
6
4
2
6
4
2
6
0
0
8
2
0
2
2
4
4
4
8
4
8
2
0
4
2
2
2
0
2
0
2
4
8
4
2
0
4
4
2
2
4
0
6
4
2
0
4
0
6
6
4
0
2
6
2
2
4
2
4
2
2
6
0
2
2
4
0
4
4
2
2
4
2
4
6
2
8
10
2
6
4
2
8
2
2
6
2
2
2
4
4
2
2
4
0
0
0
2
0
4
0
0
4
0
0
0
2
0
2
2
0
2
2
0
2
2
2
2
4
4
2
4
2
0
0
4
4
2
2
4
0
2
6
0
2
0
0
2
0
0
0
0
0
0
0
2
4
2
0
10
4
4
13
2
2
0
2
8
2
2
0
4
0
2
2
4
2
0
7
4
2
2
4
4
2
2
4
2
0
4
2
6
0
2
2
0
0
2
2
2
2
0
2
6
4
0
0
2
0
0
0
2
0
2
2
0
0
2
2
0
0
0
0
6
2
0
9
2
0
0
0
0
0
0
0
1
0
1
2
0
1
10
13
0
0
1
0
16
1
0
1
3
1
5
1
0
0
3
8
3
1
1
6
1
0
1
1
0
3
2
1
0
0
2
0
3
5
3
11
0
5
1
1
1
5
1
3
0
1
15
0
3
3
6
1
1
1
20
2
1
2
1
3
9
1
6
7
1
3
1
0
1
1
1
1
4
3
6
0
1
6
3
1
2
3
4
1
3
2
1
1
3
3
0
1
21
1
1
4
0
3
4
3
3
4
1
1
1
1
0
1
8
3
1
0
1
0
0
4
4
3
0
3
1
15
18
3
0
0
9
3
16
1
6
1
3
13
5
3
0
1
4
0
0
4
1
0
0
2
1
2
3
4
4
3
5
1
6
1
1
1
3
1
6
3
4
18
6
1
0
4
0
1
8
3
3
4
1
4
6
1
6
4
1
0
1
3
3
0
3
3
18
7
6
1
2
3
3
3
1
3
0
1
4
0
6
3
1
14
0
4
17
4
1
3
1
0
1
0
0
3
3
6
0
14
9
10
0
4
0
3
0
2
3
4
3
9
3
4
1
1
2
0
4
2
2
3
1
1
3
2
11
3
5
5
0
0
1
1
1
1
1
1
0
1
4
0
8
1
5
4
3
3
3
0
1
29
19
25
19
15
46
19
36
8
13
25
10
8
21
10
8
14
31
14
19
10
14
29
19
8
29
16
37
16
19
17
14
54
25
25
23
16
10
25
10
14
19
17
15
19
17
12
25
25
14
17
25
14
37
21
25
12
29
27
47
16
35
12
31
56
21
17
41
10
10
31
66
10
31
6
27
37
12
31
6
19
12
10
6
10
16
23
58
29
48
31
14
35
17
44
19
50
17
64
75
52
62
37
41
16
64
19
60
21
12
56
72
19
41
34
70
83
74
21
37
39
17
37
19
76
14
31
15
54
66
21
79
79
91
70
19
17
47
21
15
27
17
17
17
19
15
8
23
29
12
19
27
25
17
16
14
25
19
23
41
10
19
59
14
19
8
12
12
12
19
14
12
10
10
16
23
45
8
14
6
21
8
12
21
45
35
33
21
10
6
6
19
27
16
21
25
14
16
8
10
45
10
12
14
23
23
8
10
14
12
8
14
10
43
16
10
37
15
8
25
8
8
8
8
12
27
8
8
12
16
14
10
31
10
12
12
12
6
25
10
12
27
16
12
12
17
10
35
17
21
12
12
10
17
12
29
29
8
14
17
12
19
31
6
29
23
14
19
25
16
30
27
35
15
17
14
27
29
23
23
14
15
41
6
12
23
45
23
2
4
6
2
4
4
2
2
2
2
2
2
4
0
2
4
0
2
2
0
2
0
2
2
2
2
2
4
2
4
0
2
0
2
2
2
0
2
0
2
0
4
2
0
4
2
2
2
0
4
2
2
4
4
0
2
2
4
2
2
2
2
4
4
4
2
4
0
2
2
4
4
4
4
4
2
2
4
2
4
2
2
4
4
2
2
10
2
0
2
2
2
8
2
2
4
4
2
2
2
2
2
2
4
0
4
2
4
2
2
2
2
2
6
2
6
2
0
2
2
4
4
0
2
4
2
2
4
0
0
4
4
2
0
2
4
0
4
0
0
0
4
2
2
0
0
2
4
4
2
2
2
2
0
4
2
2
4
4
0
2
4
4
0
0
0
4
0
4
4
2
2
4
4
0
4
4
4
0
0
2
2
2
4
2
2
6
2
2
2
2
2
4
2
2
4
2
4
4
2
2
4
2
2
2
4
0
2
2
6
4
2
4
2
4
0
2
2
2
4
4
2
2
2
2
0
2
0
2
0
2
2
0
2
2
2
2
2
4
6
0
4
2
4
4
4
2
2
2
2
4
4
2
2
0
4
4
0
0
4
2
2
8
0
4
2
2
2
2
2
2
2
4
2
2
2
2
0
0
2
2
2
2
2
2
0
6
0
7
7
7
15
29
13
15
11
7
9
23
7
13
9
9
3
5
11
9
11
11
9
11
2
7
9
34
9
7
5
5
2
13
9
9
3
7
9
3
7
3
7
7
7
9
11
5
13
9
9
7
2
2
5
5
2
5
27
11
3
9
9
7
5
5
3
7
9
0
3
13
7
5
5
7
3
9
1
5
7
3
1
9
7
1
7
2
3
5
3
7
7
2
5
2
5
2
3
5
1
3
7
0
7
11
5
7
5
7
9
9
2
9
9
1
3
3
5
1
9
3
3
5
9
7
3
7
5
2
5
7
5
2
11
3
3
3
3
7
7
5
7
1
7
9
5
5
5
21
3
5
25
15
13
23
15
9
29
9
23
9
15
7
21
19
9
19
7
13
3
17
19
21
23
19
25
27
23
19
19
21
29
19
17
15
9
14
29
11
26
13
17
17
15
15
27
7
45
11
27
19
9
17
38
17
17
13
13
13
23
17
15
11
9
11
23
15
5
23
22
19
33
11
13
11
13
15
13
15
15
21
9
11
21
5
17
23
17
21
27
15
25
11
11
15
21
21
23
13
13
19
13
5
15
13
17
7
17
23
17
9
20
21
15
19
13
15
9
15
21
15
19
15
9
13
13
29
7
9
9
7
19
13
5
9
13
7
11
14
10
6
19
21
8
12
15
17
6
17
14
12
8
25
19
14
14
12
17
8
8
17
17
17
14
4
10
15
15
4
13
17
13
17
8
12
14
14
8
29
17
4
23
8
8
12
10
12
8
14
10
16
8
8
9
10
14
15
14
29
6
6
15
14
31
21
8
15
15
10
18
23
10
21
14
7
16
17
13
15
36
12
23
31
10
27
11
12
10
6
15
27
17
17
31
14
16
25
14
21
12
27
8
13
21
27
12
17
37
33
27
35
27
27
26
10
13
21
35
14
17
13
12
8
35
17
10
31
31
17
33
31
19
15
19
26
25
13
18
23
15
14
14
8
19
25
15
27
12
17
14
15
13
9
23
17
27
33
29
21
25
15
15
17
12
43
37
14
16
67
31
14
31
33
24
17
8
14
33
8
41
6
19
23
14
23
13
41
15
19
12
26
20
22
9
23
37
47
26
29
37
39
14
43
19
37
54
23
37
30
33
46
37
29
26
25
34
38
31
29
35
24
21
12
23
33
16
19
10
19
27
27
40
27
25
29
19
40
28
35
10
6
8
13
11
11
13
13
15
7
13
8
10
6
15
20
21
21
13
17
9
14
15
8
15
15
10
25
10
11
13
13
11
14
12
14
10
12
10
8
12
11
11
8
10
37
8
2
2
2
3
0
0
0
1
2
0
2
0
0
0
0
0
0
2
2
0
4
0
0
2
2
2
2
0
4
2
2
0
0
2
0
0
0
0
2
2
0
0
2
0
0
0
0
2
0
0
2
0
0
2
0
0
0
0
0
4
2
2
4
2
2
0
0
0
3
0
2
0
0
2
2
2
0
0
0
0
0
2
0
0
0
2
0
4
0
0
0
1
2
3
0
2
10
9
3
2
1
4
2
3
0
1
2
2
2
2
2
2
1
0
2
0
2
2
1
0
2
0
2
0
0
2
2
3
0
6
0
0
0
0
0
0
0
0
2
0
4
2
0
1
0
0
0
0
3
0
0
0
0
6
2
2
0
2
0
0
1
0
4
0
0
2
0
2
2
0
3
0
0
0
0
2
4
3
0
4
0
0
2
3
2
0
3
0
1
0
0
25
2
2
2
2
0
4
2
2
0
1
0
2
1
0
0
2
0
0
0
2
0
1
0
0
4
0
0
0
2
0
0
0
2
2
2
0
3
0
0
2
0
4
0
0
2
2
4
1
0
0
1
2
0
2
0
1
0
1
2
2
0
4
0
0
2
1
1
2
2
0
0
3
5
1
0
0
2
2
1
0
0
0
2
0
2
2
0
2
0
0
0
0
2
2
2
0
