6
14
16
10
12
8
12
20
12
6
8
20
14
20
25
6
20
14
14
6
20
16
23
12
10
6
10
12
18
4
10
16
8
6
4
20
6
15
20
6
6
8
8
10
18
6
18
4
12
10
6
2
10
6
2
14
4
20
6
31
6
6
20
14
8
8
14
8
12
14
16
10
10
6
14
8
10
16
12
25
21
6
6
16
14
6
13
14
14
10
10
18
18
6
16
6
16
16
18
20
8
16
8
18
10
14
6
8
20
10
14
10
8
10
20
12
10
16
10
8
10
2
10
10
12
14
8
12
8
4
10
4
20
6
17
17
14
12
6
6
37
14
6
6
10
8
14
18
6
6
10
18
18
24
12
22
12
16
12
18
12
14
8
4
12
8
20
16
21
13
16
22
10
25
6
6
6
4
10
18
10
6
8
14
17
19
8
15
16
6
18
16
6
10
22
17
6
16
10
15
10
12
17
18
17
10
12
21
12
10
14
6
8
6
11
12
6
10
15
2
55
12
8
14
4
11
10
16
12
6
12
8
16
10
9
6
10
4
12
8
12
17
11
14
22
8
8
10
8
4
4
5
10
10
8
4
12
6
6
6
10
6
2
20
16
7
12
6
2
12
10
6
18
4
6
8
8
6
10
16
2
6
12
8
8
8
3
6
2
2
2
6
31
4
0
2
0
0
0
0
0
4
4
2
0
0
2
62
8
2
0
0
2
6
0
2
44
2
4
58
4
0
0
0
4
0
2
2
0
26
4
0
33
0
6
4
2
0
4
0
38
2
0
2
0
0
6
4
2
0
0
0
2
0
4
2
29
0
0
33
0
0
30
0
0
2
6
0
2
0
4
0
0
4
2
22
0
2
2
0
4
23
0
0
12
8
0
4
2
0
27
0
0
0
0
2
2
2
6
0
0
2
2
0
2
6
0
2
2
2
0
2
2
2
0
4
11
4
0
2
2
2
0
2
2
2
2
0
29
2
2
19
4
0
33
0
0
2
0
2
26
2
0
4
0
4
12
0
4
33
2
2
2
0
2
2
0
0
0
2
0
2
2
0
2
4
0
4
2
2
2
4
4
4
0
4
0
2
2
0
2
0
2
4
4
6
0
2
12
0
0
0
0
0
41
2
0
2
0
4
4
2
2
35
0
4
0
2
0
0
0
4
21
2
2
2
4
2
21
0
2
0
4
0
2
2
4
0
2
4
0
0
0
2
4
0
2
2
0
0
2
2
2
2
0
2
2
2
0
25
0
2
6
0
0
2
0
2
0
2
8
0
0
4
2
2
0
0
2
2
2
2
2
2
0
2
56
33
35
26
34
40
23
26
37
33
9
32
33
34
56
39
53
34
19
35
71
7
54
33
26
32
27
38
22
16
20
7
20
22
17
41
33
31
23
35
42
30
34
20
22
35
40
29
21
7
39
11
40
15
34
16
49
30
24
22
12
30
4
13
16
35
19
25
19
36
28
34
27
58
36
34
53
26
54
25
29
26
41
27
33
39
26
31
28
14
21
19
24
23
31
11
25
24
54
22
15
49
31
17
24
35
25
13
38
16
27
40
25
51
30
56
31
35
38
46
24
31
25
29
41
47
35
30
47
43
22
33
23
31
44
27
60
31
32
29
33
60
39
53
34
14
43
33
40
19
32
25
45
54
35
19
24
23
50
29
22
33
31
40
48
49
14
25
51
33
45
31
39
50
24
19
45
27
24
14
40
57
33
30
52
29
44
58
30
24
13
36
42
39
29
47
54
27
30
43
35
32
40
30
19
16
14
26
8
24
28
17
41
15
21
27
29
36
42
31
21
12
14
29
34
24
33
27
16
20
14
19
12
23
29
32
20
14
10
12
18
42
26
31
21
24
18
17
37
11
21
10
12
13
6
27
14
14
2
3
9
5
4
9
9
0
7
3
5
5
4
7
3
3
2
7
5
9
5
10
7
14
2
0
11
4
12
4
2
4
2
0
3
1
2
2
3
0
2
4
0
2
2
0
4
3
4
5
2
2
0
0
0
2
4
4
2
5
6
0
0
2
2
5
2
4
4
2
4
5
4
0
6
4
0
2
0
2
2
0
2
3
5
0
2
4
4
1
2
0
2
2
2
6
0
5
4
0
4
4
2
0
2
2
4
2
0
4
1
2
6
2
0
0
0
2
0
3
4
0
0
2
2
0
0
3
2
0
0
3
0
2
0
6
2
5
3
0
3
3
2
0
5
2
4
2
0
0
2
2
0
0
2
4
2
4
1
2
4
4
7
0
4
0
4
2
6
4
2
4
2
2
2
27
0
0
4
0
0
2
4
0
23
0
2
4
0
2
0
0
4
3
2
4
3
25
2
2
0
0
3
4
2
4
2
4
0
2
2
2
6
2
3
6
1
2
4
0
1
2
2
2
6
2
2
3
1
2
4
5
2
9
3
2
2
1
2
2
1
0
2
4
5
0
5
4
2
2
3
5
2
5
2
3
2
2
0
2
0
4
2
5
23
0
4
5
2
2
3
2
4
2
2
2
2
4
0
2
2
0
2
4
0
2
0
4
0
2
3
0
7
0
0
0
4
2
2
2
0
2
4
2
4
0
5
3
3
2
2
2
0
0
2
5
0
4
4
0
0
4
0
4
2
0
2
0
4
4
2
0
2
0
4
8
2
0
0
2
2
0
0
7
4
4
0
0
4
0
2
0
2
2
0
2
2
2
0
6
0
0
2
2
0
0
0
2
2
0
2
6
2
2
0
4
2
2
2
0
2
0
0
4
0
2
2
0
2
0
4
0
2
0
2
2
0
0
4
0
0
0
2
4
0
2
6
0
0
0
0
2
0
0
4
0
2
0
0
0
2
0
2
2
0
0
0
0
2
4
0
2
2
0
2
6
0
0
2
0
0
2
0
4
0
0
0
0
2
0
2
2
0
4
0
2
0
0
0
2
2
0
2
0
0
4
0
0
0
0
0
0
0
0
2
4
2
2
0
2
4
0
2
2
4
2
2
0
0
0
0
2
2
0
4
0
2
2
2
4
4
6
0
2
2
0
4
2
2
2
0
4
2
4
4
0
0
0
4
2
0
2
0
0
0
0
0
4
0
0
0
2
0
4
2
2
0
2
2
2
4
0
2
0
2
0
2
2
6
2
0
0
0
4
0
2
6
0
0
0
0
0
2
0
2
0
2
2
2
0
0
0
0
2
2
2
0
4
0
0
0
0
0
2
2
6
2
2
0
4
2
0
0
2
2
0
0
0
2
4
2
4
2
2
0
0
6
8
25
6
8
23
8
6
12
8
6
4
8
10
6
14
18
6
2
4
4
8
10
8
10
4
23
21
4
10
12
6
16
8
12
12
12
8
31
31
6
4
14
14
6
27
8
4
25
4
12
10
10
43
16
23
25
10
19
16
6
8
10
14
14
12
12
25
12
8
25
10
31
23
12
20
29
8
10
25
29
19
43
8
8
4
10
19
17
57
10
45
19
23
10
21
14
37
27
14
37
37
51
35
49
16
21
21
23
47
37
51
14
12
39
14
60
51
68
6
27
17
12
23
14
53
41
19
55
49
58
19
56
49
72
20
14
43
33
12
12
56
14
25
70
29
51
47
16
12
39
64
12
51
51
21
12
49
57
16
45
33
47
31
12
33
43
55
68
27
27
23
58
72
14
15
58
33
45
31
49
66
31
39
16
14
21
34
17
27
6
17
16
12
14
25
16
6
12
8
55
8
12
8
18
20
33
12
10
14
12
16
27
35
10
14
6
19
18
35
14
18
16
14
8
29
37
19
19
6
16
16
20
12
16
16
16
23
12
8
14
6
20
12
19
33
6
16
12
41
16
8
10
14
6
12
16
15
14
18
29
6
18
16
25
12
6
14
41
10
8
29
10
19
17
10
8
6
8
19
12
12
16
10
12
10
12
8
2
3
2
4
0
0
6
0
0
4
4
6
4
6
2
6
0
6
0
0
6
2
6
2
4
0
6
4
0
4
4
0
4
2
0
6
2
0
6
0
2
4
4
0
4
2
4
4
4
6
2
0
2
4
4
0
2
4
2
6
0
2
2
2
0
4
2
0
4
4
2
6
0
2
2
0
0
4
0
0
0
4
4
2
0
4
2
0
4
4
0
0
6
2
2
4
0
2
4
0
0
4
2
0
2
0
4
2
6
2
6
0
2
4
2
0
4
8
2
2
4
4
4
0
2
4
2
0
4
2
2
2
4
2
2
2
0
0
2
0
4
2
4
2
0
2
0
2
4
2
2
2
4
2
6
4
4
0
2
0
6
2
6
0
4
4
6
2
6
4
2
0
0
4
6
0
0
2
2
6
6
2
2
0
0
4
2
0
2
2
4
6
6
0
6
0
2
2
2
0
2
2
8
4
4
6
6
0
0
2
4
0
2
2
0
4
2
2
2
2
2
2
0
6
4
2
0
4
6
0
4
0
4
2
6
0
4
0
2
4
0
4
6
0
4
6
0
0
0
2
2
4
2
2
2
2
4
4
2
0
4
4
2
2
6
4
4
2
0
2
2
2
2
4
2
4
2
2
4
0
2
4
4
0
2
2
4
2
2
1
5
13
0
0
1
5
1
1
2
4
1
4
5
2
2
2
2
3
9
0
0
2
7
2
4
0
7
2
2
2
2
0
0
9
3
6
1
5
4
2
1
4
0
4
2
2
2
3
5
1
0
3
4
2
0
2
2
2
2
0
5
1
4
1
3
5
4
0
0
7
4
2
4
3
4
7
7
5
4
3
6
1
4
2
2
2
1
0
1
2
1
3
5
13
9
3
0
2
1
1
0
3
0
0
4
1
2
3
4
1
4
1
5
9
3
3
2
0
5
4
1
3
0
3
3
3
7
5
2
3
11
1
0
5
3
4
0
0
5
5
2
1
13
0
9
4
3
7
5
0
15
1
1
2
3
1
0
11
2
2
2
3
0
2
3
1
4
0
3
7
2
3
0
0
6
5
1
0
1
6
5
2
9
1
1
1
0
0
3
0
1
1
4
6
0
2
0
7
2
2
0
5
0
2
2
6
1
0
3
0
3
5
1
2
5
0
3
2
0
2
0
2
2
0
3
2
2
6
0
5
4
3
2
1
2
2
0
3
3
1
3
0
2
3
5
0
1
1
0
2
3
3
2
4
3
11
0
4
1
1
2
3
0
2
4
3
2
2
2
2
4
4
3
1
0
0
4
9
0
1
1
6
1
2
4
3
0
0
0
0
0
0
0
0
0
0
0
0
0
0
0
0
0
0
0
0
0
0
0
0
0
0
0
0
0
0
0
0
0
0
0
0
0
20
26
15
18
38
32
23
13
18
22
6
8
5
11
6
10
13
20
11
22
11
7
7
17
10
18
9
18
12
10
34
15
17
7
4
11
4
15
13
12
18
14
15
15
14
14
17
10
6
6
8
25
10
29
5
15
5
18
21
24
8
6
14
18
12
13
13
17
11
35
10
9
5
12
11
9
12
13
11
17
28
3
26
3
9
11
10
11
15
12
10
9
22
6
26
7
7
9
6
10
14
9
13
11
16
6
10
7
7
15
11
12
8
13
14
10
10
14
11
11
9
7
4
6
8
11
3
13
7
13
12
5
11
13
7
22
11
12
10
7
9
22
8
25
9
4
4
14
16
7
10
6
9
16
4
5
20
7
24
7
27
12
8
10
20
12
14
4
9
5
9
32
10
11
12
10
13
15
8
22
10
8
8
44
10
6
7
12
5
11
7
8
8
5
5
9
13
6
10
8
4
5
12
8
16
4
5
6
4
9
14
10
16
11
10
11
6
7
4
9
7
10
6
11
6
12
5
6
0
0
0
0
0
0
0
0
0
0
0
0
0
0
0
0
0
0
0
0
0
0
0
4
0
2
0
6
8
0
4
4
2
2
6
2
0
2
2
6
10
0
0
4
0
6
2
0
0
4
4
6
80
0
0
4
2
4
2
0
0
0
4
2
2
6
2
2
2
0
0
0
4
0
6
0
0
2
0
4
8
6
2
4
0
4
4
6
0
2
0
4
0
2
0
0
0
4
2
2
2
0
0
0
0
0
6
0
6
0
0
0
2
2
0
4
0
2
0
4
0
6
2
0
0
0
0
2
8
0
2
4
2
8
0
2
2
0
4
6
0
6
0
0
2
8
0
0
4
0
2
8
0
2
4
0
4
6
0
4
0
0
2
6
0
2
0
4
0
4
2
6
4
2
0
86
68
0
4
4
2
4
2
0
2
2
4
4
2
0
0
0
4
2
0
0
0
2
6
0
0
0
0
0
8
2
2
2
4
4
6
0
0
4
0
2
8
0
6
0
0
2
2
4
0
0
0
0
0
2
6
0
4
6
6
0
2
4
2
6
6
0
0
0
4
4
0
4
0
0
2
6
0
2
0
4
0
4
2
6
0
4
8
2
4
2
0
0
2
0
8
4
4
2
2
0
0
4
35
0
2
6
0
57
0
2
0
2
4
6
0
0
6
6
2
4
0
8
2
2
0
0
4
2
6
0
0
0
0
0
4
