34
34
36
38
39
34
32
35
39
38
39
36
31
39
33
33
38
34
35
38
39
37
38
34
37
36
36
33
38
33
37
36
38
38
37
32
36
35
37
38
38
33
39
38
37
36
36
32
35
38
36
39
36
32
33
38
36
35
38
30
38
33
37
37
38
32
32
36
37
35
35
30
38
37
38
38
38
32
34
35
36
37
37
24
34
37
35
38
38
33
37
37
35
37
37
33
33
38
38
29
37
37
37
33
38
34
35
33
36
38
36
37
38
35
38
33
39
38
36
37
32
36
37
38
34
37
36
37
35
36
30
31
36
36
32
37
32
35
38
36
27
38
32
37
37
38
34
35
34
32
38
38
37
39
33
39
38
36
37
37
34
38
39
35
39
38
32
39
38
37
37
38
32
38
29
33
36
38
34
39
38
34
34
29
37
35
39
39
34
38
34
36
32
36
35
31
33
37
34
39
34
38
36
37
36
37
26
28
34
32
37
37
37
38
34
38
34
38
35
34
38
38
38
30
37
36
38
39
40
34
32
37
34
35
37
36
36
39
37
38
38
39
39
36
30
36
34
38
27
35
39
36
37
38
40
33
38
34
38
38
38
34
39
39
38
37
38
34
33
33
39
38
38
32
39
38
38
33
39
32
34
39
36
37
37
33
32
36
8
10
13
6
10
7
11
33
11
2
7
4
10
2
4
6
16
6
9
6
2
3
0
2
4
4
8
4
10
4
7
7
4
4
9
4
4
8
8
8
5
11
6
10
6
4
5
11
6
21
10
11
12
6
7
17
4
9
7
6
11
8
6
15
15
17
10
11
7
23
7
9
11
7
24
12
13
15
6
23
6
4
15
11
8
10
9
5
15
9
9
13
11
9
14
11
15
13
8
13
13
6
15
23
17
19
13
15
7
21
20
18
6
8
15
15
9
15
6
9
11
31
9
4
13
13
14
8
7
17
9
27
9
20
6
7
13
6
15
6
9
19
5
9
15
10
17
17
7
8
10
9
21
16
6
15
48
19
8
15
4
7
17
10
18
17
23
9
7
16
13
18
13
4
7
6
13
9
10
11
9
9
27
13
11
20
11
6
17
14
7
13
17
24
13
13
11
17
17
6
23
11
21
17
4
7
8
9
13
19
16
19
15
9
6
13
4
9
6
13
9
8
11
10
6
6
6
11
7
14
20
19
6
11
19
11
9
17
6
10
13
11
7
11
13
10
7
7
16
6
2
9
6
9
7
8
10
4
6
12
8
14
12
9
9
13
6
6
6
4
21
10
7
6
6
8
9
6
11
2
9
15
11
8
11
9
10
6
2
3
7
2
35
4
4
2
5
4
5
3
0
4
0
2
2
5
3
4
6
0
2
2
7
5
5
3
2
39
2
2
2
0
0
39
6
2
2
2
4
5
35
5
5
0
2
17
2
2
3
0
4
5
4
4
2
2
6
0
4
0
2
3
2
2
4
5
7
2
2
5
2
7
3
2
2
2
5
2
0
3
4
4
6
2
2
2
3
5
2
4
3
4
4
3
2
25
2
3
2
2
6
4
7
2
2
7
2
2
4
45
2
5
53
5
7
0
4
2
0
5
2
11
0
2
2
0
3
2
2
2
2
0
5
7
17
0
0
3
2
3
5
2
2
3
0
4
3
5
2
2
2
4
4
3
4
5
5
4
5
5
3
4
2
4
2
2
5
3
5
2
43
4
2
5
0
4
3
2
2
23
0
2
3
4
4
0
5
2
35
6
2
2
5
2
4
2
3
2
4
4
2
4
3
39
4
2
2
2
5
45
2
3
5
0
4
2
0
4
5
29
0
4
2
2
2
5
2
3
2
0
3
5
19
45
5
0
2
4
4
13
0
3
15
7
5
2
5
4
0
9
4
5
5
5
6
3
0
43
2
7
0
5
0
2
0
0
0
0
0
0
0
0
0
2
2
2
0
0
0
0
4
0
0
0
0
0
5
18
7
25
24
15
31
2
27
11
30
11
13
11
18
13
8
16
8
6
13
35
11
5
30
11
53
27
4
8
28
36
29
10
5
17
1
10
26
16
6
6
13
24
26
23
12
16
14
32
10
16
6
16
26
5
30
17
24
28
25
23
49
1
9
8
8
5
13
8
16
34
24
25
7
5
33
12
5
9
30
36
5
3
22
11
39
18
15
22
22
10
24
6
8
25
24
22
67
18
8
6
20
5
26
6
18
26
8
20
62
8
3
17
22
33
32
13
9
15
23
23
2
7
19
43
13
4
17
20
22
20
9
15
30
9
20
5
16
4
19
21
21
21
18
18
7
29
41
15
5
10
21
25
22
20
9
34
12
38
5
17
2
12
5
17
38
15
7
10
13
28
8
23
14
4
4
23
27
37
37
11
16
21
12
17
3
2
25
20
14
26
13
8
21
10
25
27
9
10
2
8
18
19
32
34
4
4
21
22
25
4
6
17
3
13
32
6
60
11
12
22
17
4
14
26
17
36
9
15
5
25
18
30
14
5
5
6
21
18
34
20
4
3
17
12
34
7
2
4
23
24
4
9
5
25
9
17
2
3
15
17
21
5
9
26
52
15
14
3
8
18
31
9
15
11
4
17
40
5
14
2
6
22
18
37
6
25
0
0
3
2
0
0
3
1
4
2
19
3
6
19
4
5
3
1
4
7
6
2
6
2
4
4
2
0
6
5
4
3
0
2
2
21
2
0
17
4
5
0
2
4
0
4
4
7
2
4
2
0
2
4
2
9
3
4
5
23
2
2
0
2
0
3
0
0
2
0
3
2
4
0
2
2
4
0
4
4
0
6
4
3
2
4
4
45
2
2
2
2
4
0
2
4
0
2
0
2
2
3
2
2
2
0
5
2
3
0
2
4
2
17
17
5
0
2
0
2
2
2
2
2
2
4
0
2
2
0
2
4
2
4
6
4
0
6
2
4
2
6
2
5
4
4
1
0
0
0
1
4
2
3
6
5
0
2
4
0
15
1
4
1
0
15
2
1
2
17
3
19
6
2
6
15
21
2
3
2
2
7
2
0
4
0
4
4
2
4
2
2
0
4
3
33
2
3
4
5
3
26
4
7
4
0
2
2
0
6
0
5
4
4
4
4
3
2
2
15
2
2
3
4
6
3
2
2
5
2
2
2
0
4
5
3
1
0
3
4
2
5
2
4
4
0
3
3
3
3
4
0
3
0
5
0
7
19
4
2
4
2
20
2
3
0
2
2
0
0
2
0
0
0
3
2
4
2
2
4
2
4
1
2
0
4
2
5
30
32
15
38
52
10
25
8
18
23
44
24
13
26
12
22
22
62
42
9
13
36
22
36
18
47
46
48
9
37
6
31
22
5
38
19
8
9
18
18
5
13
25
33
13
5
22
50
39
22
27
7
30
55
41
19
34
8
5
15
3
30
21
9
27
11
12
16
26
36
33
9
5
27
32
24
40
4
53
41
41
18
38
30
27
25
8
9
9
20
6
9
40
35
46
29
11
14
11
11
11
58
5
27
23
60
22
48
42
45
24
22
14
7
14
33
25
43
52
12
6
5
36
20
4
57
19
30
31
27
34
27
8
24
32
5
9
28
30
28
5
32
42
12
36
16
19
47
38
60
59
29
8
19
5
22
36
27
36
35
8
9
25
30
6
38
17
20
42
35
30
89
41
30
35
40
8
9
6
30
6
31
34
32
13
8
15
15
47
40
38
36
11
12
3
28
8
52
31
30
15
31
12
24
31
26
22
6
11
35
32
27
36
29
38
11
28
23
5
29
19
33
46
28
13
57
10
41
29
28
9
32
30
20
4
6
34
44
23
8
41
27
43
65
9
17
34
22
21
33
34
15
49
20
34
32
8
15
39
38
8
37
8
10
8
26
38
7
38
49
38
11
32
32
35
48
23
33
12
5
42
16
9
47
10
48
61
49
0
2
2
4
4
4
4
2
4
0
2
0
4
2
2
0
6
4
6
2
2
2
2
2
0
2
0
4
4
2
2
2
6
2
2
4
10
2
2
4
2
2
2
2
2
6
6
2
4
2
10
2
6
0
6
2
2
4
2
6
6
4
4
6
4
0
2
2
2
2
2
2
2
0
6
4
6
0
0
2
31
4
2
2
0
4
2
6
2
4
4
4
0
0
8
4
8
6
0
6
2
8
4
2
2
2
2
2
2
2
2
0
2
8
4
4
0
4
4
2
4
2
2
6
0
2
4
0
0
2
4
0
0
0
4
8
4
2
4
4
6
0
2
2
4
4
8
4
6
4
4
4
2
4
4
6
8
8
6
4
2
2
2
2
6
0
4
2
0
4
8
4
4
4
4
2
12
2
2
2
4
6
6
4
4
4
2
2
2
4
2
8
4
10
2
6
2
2
2
2
2
6
4
2
0
4
0
6
97
4
6
2
6
2
6
2
4
2
2
2
4
2
6
2
4
2
2
6
4
2
8
6
8
10
2
4
2
0
2
2
2
4
2
4
2
2
6
6
2
2
2
2
2
2
6
8
4
2
2
2
2
2
4
6
4
4
0
2
6
2
4
8
4
2
0
4
0
2
10
2
2
2
0
2
4
4
4
6
4
4
4
4
6
4
6
4
6
6
2
6
4
4
4
2
4
4
2
6
4
2
4
4
4
6
6
8
4
4
6
6
2
8
0
4
6
6
4
4
2
2
2
4
6
4
0
6
6
6
6
4
2
4
6
4
6
4
2
2
6
8
8
2
6
2
2
4
6
6
2
2
6
6
4
2
2
8
4
6
6
2
6
4
2
2
6
2
4
0
4
6
2
0
4
6
2
4
2
2
4
4
2
0
0
2
2
8
0
2
4
2
2
4
0
4
2
4
4
4
4
2
10
6
2
6
6
6
2
4
4
4
0
6
6
6
2
10
4
6
6
2
2
0
4
4
2
4
4
10
8
2
6
2
4
2
2
10
2
0
4
4
6
8
6
2
0
0
4
2
2
6
4
4
2
6
4
4
8
2
6
2
6
8
4
4
2
2
4
2
6
6
6
6
4
2
2
8
6
6
6
2
2
2
2
2
4
0
4
4
0
2
4
6
6
2
2
4
6
8
4
0
4
2
4
4
6
4
4
0
2
4
4
6
6
6
2
2
4
4
6
4
2
4
6
4
0
2
6
2
2
4
4
6
4
4
6
6
6
4
2
4
0
2
2
6
4
8
4
6
2
6
6
4
4
2
4
6
4
6
0
2
4
4
4
0
6
4
12
8
6
8
15
14
12
12
12
19
12
8
14
14
10
10
17
15
8
15
10
14
6
8
12
8
12
31
14
21
25
10
4
16
8
12
6
6
12
12
14
29
15
12
12
10
12
8
18
19
18
18
23
21
11
12
17
17
14
12
15
14
21
10
26
10
62
21
23
12
8
6
14
10
8
14
4
18
8
14
10
4
10
14
12
8
18
6
6
6
6
10
12
8
8
14
14
10
12
4
4
6
14
12
8
14
6
6
4
12
10
12
10
12
16
8
6
6
14
4
12
10
6
12
14
6
21
14
4
14
12
6
12
4
16
6
8
10
12
21
16
8
8
6
8
8
8
2
16
10
14
14
9
6
8
4
14
4
18
8
37
21
25
39
16
21
29
29
8
41
23
19
14
41
43
12
45
17
37
16
8
45
17
12
19
23
19
39
29
29
47
25
29
15
47
25
16
31
27
10
19
16
19
12
23
27
23
17
29
13
16
19
12
18
21
23
43
58
8
33
23
12
16
35
21
25
31
14
12
29
21
8
14
6
14
6
14
6
10
4
8
8
6
2
9
6
4
10
8
6
4
11
4
10
4
14
12
10
8
6
18
16
12
10
16
15
8
19
6
6
12
12
18
6
10
11
18
6
8
4
10
14
6
10
6
25
6
17
1
0
0
1
1
0
0
1
1
0
1
0
1
0
0
1
0
1
0
1
1
0
1
0
1
1
1
0
1
1
0
1
0
1
0
1
0
0
0
1
1
0
1
1
1
0
0
0
0
1
0
0
1
0
0
1
0
0
0
3
1
0
0
1
0
1
1
0
1
0
1
1
1
0
0
0
0
1
0
1
0
1
1
1
1
0
1
0
1
0
1
0
1
0
1
0
1
1
1
3
0
0
1
1
1
0
1
0
0
1
0
1
1
0
0
1
0
0
1
0
0
0
1
0
0
0
0
3
1
0
0
0
1
0
1
0
0
1
0
0
0
0
1
1
8
0
1
1
0
0
1
1
0
1
0
1
1
1
0
1
1
16
0
1
0
1
1
0
1
1
1
0
1
1
0
0
1
1
1
1
1
0
1
0
1
0
0
0
1
0
0
1
1
1
3
0
1
0
0
1
0
1
1
0
16
1
1
1
0
1
1
0
0
1
1
1
0
1
0
1
0
0
1
1
0
0
1
0
0
0
1
1
0
1
0
1
1
1
0
1
1
0
1
0
0
0
1
0
0
0
0
0
1
0
1
0
1
0
1
1
1
0
0
1
1
0
0
0
0
0
0
1
1
0
1
1
1
1
1
1
0
0
1
1
0
1
0
1
