9
7
9
2
4
2
6
4
6
2
2
0
3
6
0
4
2
4
4
4
2
4
7
4
8
2
2
0
6
4
6
6
21
14
2
8
2
4
7
8
2
31
4
8
2
10
6
5
4
11
4
6
4
12
6
6
9
4
4
10
15
6
4
6
14
8
4
6
2
2
36
10
4
7
8
10
8
28
9
12
5
7
7
10
11
8
13
10
7
7
5
22
7
4
14
11
17
18
6
9
11
10
7
4
5
2
6
2
7
7
5
6
6
6
8
19
8
9
8
5
8
15
23
5
12
7
5
11
4
6
3
6
6
2
14
8
11
15
5
8
16
8
10
7
19
10
10
4
3
13
30
8
7
6
17
4
2
16
15
10
7
9
13
7
4
7
9
7
4
9
11
6
4
6
9
6
7
9
17
5
4
17
7
9
15
8
4
7
7
13
34
8
10
2
12
7
4
6
9
8
2
2
14
3
9
8
21
16
9
8
8
10
6
7
7
3
11
6
7
6
9
7
9
3
9
5
6
4
8
3
12
6
5
2
4
11
7
4
7
16
21
6
6
6
2
4
6
8
6
7
2
2
4
9
4
2
2
5
7
6
9
5
5
7
6
7
5
5
4
6
4
5
4
4
6
7
2
8
3
4
10
6
2
7
6
2
7
3
3
5
2
2
2
4
3
5
5
4
5
4
4
3
2
6
2
5
2
2
4
5
6
4
4
4
5
5
4
4
6
6
4
5
2
6
6
6
5
4
4
5
4
4
2
4
6
4
3
2
7
5
4
5
4
3
5
6
3
4
4
5
5
5
7
6
2
4
4
5
2
7
3
3
4
4
7
8
4
3
5
6
7
4
4
5
4
4
6
8
7
3
6
2
5
4
9
5
4
3
5
2
5
5
5
8
6
5
7
7
6
7
4
4
4
3
4
6
4
6
4
7
7
5
4
5
8
8
5
5
5
5
9
6
7
3
4
4
2
4
6
4
6
9
7
5
2
0
5
4
4
5
5
7
6
4
2
5
4
5
5
6
6
8
5
4
3
5
6
2
4
3
5
2
6
5
5
5
4
6
6
6
0
4
5
4
4
6
3
4
8
2
7
6
7
4
5
8
3
5
4
7
4
7
2
6
2
4
4
4
2
6
4
5
9
5
6
6
5
5
6
5
7
5
3
4
2
7
6
5
2
2
4
5
5
6
4
5
4
2
2
4
2
6
4
4
5
4
2
4
4
5
4
6
4
3
9
6
5
4
4
4
6
4
5
4
6
2
4
3
7
7
2
4
6
4
2
4
3
3
3
8
4
7
7
2
5
4
51
46
69
43
60
20
65
55
52
44
70
59
35
23
33
20
51
55
32
36
44
47
44
64
42
49
37
46
52
29
33
64
24
50
50
57
53
63
46
63
45
29
43
31
48
43
61
51
19
32
28
45
48
31
39
44
35
17
26
48
33
21
16
13
9
38
12
36
38
35
57
23
61
39
40
29
64
33
45
40
35
27
20
40
34
57
19
41
38
42
22
55
28
42
44
33
58
44
43
49
47
38
50
37
46
53
49
60
57
26
36
17
43
29
43
39
30
45
57
45
26
58
50
42
58
43
31
30
21
43
47
58
65
51
56
48
48
49
50
39
46
60
18
45
47
83
63
67
49
61
27
53
75
49
42
52
39
41
21
29
39
33
45
45
42
33
57
51
65
47
53
52
47
44
37
53
55
54
36
39
37
45
55
54
36
49
26
40
40
40
23
30
65
31
41
15
48
32
39
74
39
36
48
69
61
49
40
42
37
47
32
43
50
23
50
39
46
45
43
36
34
42
32
29
65
52
41
50
52
29
59
39
39
39
74
43
50
53
46
61
51
23
20
33
47
51
34
20
26
17
47
19
18
30
27
28
8
31
13
5
19
29
10
15
7
13
9
7
10
9
7
7
11
17
14
33
3
16
23
3
14
13
14
2
31
6
5
15
11
12
12
12
7
10
11
13
5
14
8
13
7
6
19
9
8
6
7
6
9
11
13
13
11
7
12
7
8
9
5
9
11
7
7
9
9
12
9
8
5
10
8
8
6
6
5
6
6
5
6
9
7
4
4
4
3
8
8
7
6
7
8
15
9
6
8
7
7
8
9
10
5
6
7
6
5
6
8
9
6
7
9
6
7
6
5
8
6
8
5
9
8
8
2
6
9
7
7
9
2
7
4
7
12
7
16
17
10
16
10
7
11
10
18
7
14
12
11
20
11
12
8
12
7
18
5
9
6
10
9
8
6
4
8
6
9
13
8
7
10
7
16
18
8
8
9
16
12
9
11
11
10
16
14
9
16
9
9
9
11
9
6
5
6
4
10
7
6
8
6
5
6
8
5
4
4
4
9
9
8
6
8
10
9
14
11
7
8
7
7
7
6
11
4
6
10
10
6
9
4
10
7
10
7
8
7
12
9
10
10
9
6
7
9
13
9
7
7
8
9
9
9
8
6
6
7
6
9
7
4
7
12
6
5
7
4
8
12
4
9
6
3
6
7
7
7
4
11
8
3
6
6
6
7
9
5
9
13
6
5
6
2
6
5
5
3
4
2
3
5
4
5
3
4
4
9
6
5
4
5
4
3
4
8
5
5
5
8
7
15
10
13
7
9
13
6
9
14
14
6
6
2
4
6
4
7
12
9
15
6
13
8
2
0
9
9
10
13
11
8
8
9
11
10
9
4
6
7
7
5
10
9
9
8
6
10
10
6
10
17
11
8
2
2
11
7
7
11
8
8
4
8
10
11
8
7
9
6
7
8
11
2
6
7
9
12
8
6
11
10
7
22
11
9
10
9
7
13
10
13
11
7
11
8
8
11
5
10
9
9
11
11
14
11
13
9
15
9
4
10
11
6
6
9
8
13
11
11
10
15
10
11
14
11
8
10
8
10
7
9
9
6
18
13
6
4
11
13
11
9
12
11
7
12
7
8
16
11
10
13
9
11
13
12
9
14
6
20
11
15
9
9
13
9
8
16
13
6
11
6
13
6
6
9
11
10
10
13
9
11
9
8
9
11
9
11
13
9
18
7
13
9
12
13
9
10
6
17
11
17
13
9
6
15
9
10
9
11
11
10
11
10
7
9
4
8
11
11
11
10
8
9
10
8
7
18
7
12
11
11
11
11
13
18
6
8
8
16
8
6
8
14
21
4
6
6
8
4
11
4
10
11
9
9
4
2
8
8
8
11
9
13
13
15
13
13
8
9
16
6
8
6
6
8
13
13
11
11
9
6
6
6
9
6
7
22
13
17
13
26
17
11
7
17
34
30
3
9
12
17
26
22
9
13
9
13
17
15
26
13
11
9
11
22
7
15
11
18
11
17
19
11
15
22
9
15
19
26
9
16
28
9
18
19
17
17
11
28
17
24
15
20
17
24
24
13
24
32
17
20
13
9
41
13
36
17
17
24
26
36
23
15
15
24
34
19
34
17
26
24
24
17
22
39
24
22
26
37
17
28
15
38
22
9
11
30
5
24
19
24
17
11
11
13
7
20
17
7
17
15
30
11
19
7
15
17
24
16
18
15
15
26
15
9
73
18
13
36
16
15
13
11
30
11
24
9
17
20
13
7
17
13
11
21
13
34
47
36
20
17
24
9
17
11
13
7
20
5
9
21
17
24
17
26
11
13
45
21
30
22
26
26
51
22
44
43
30
66
49
49
15
28
30
25
21
24
38
45
36
47
28
49
36
28
38
45
44
41
31
34
43
60
30
22
24
49
20
31
51
21
36
29
24
15
18
36
36
51
22
22
40
26
80
32
34
26
26
34
30
40
26
34
17
43
26
42
19
20
40
15
16
26
32
11
49
17
17
34
26
22
20
40
15
13
51
24
30
13
64
51
22
17
36
28
20
51
36
16
22
24
20
21
62
34
38
28
21
26
49
22
15
51
49
47
33
44
27
21
22
24
40
35
16
46
74
28
41
26
37
42
23
23
20
45
23
36
25
36
46
21
30
30
30
26
30
60
39
47
32
50
45
47
25
38
30
21
22
48
43
29
43
47
86
40
44
26
27
22
41
47
34
89
27
32
88
20
27
16
21
30
29
32
84
42
32
42
24
41
40
27
21
29
36
38
43
23
29
27
65
73
27
30
24
35
28
30
70
33
24
22
74
36
19
32
22
28
33
24
28
37
28
30
45
41
28
30
87
29
31
29
31
75
38
58
49
49
35
25
24
20
14
82
49
92
26
78
36
28
20
53
31
40
29
35
48
47
65
43
39
25
67
30
23
29
28
53
27
28
31
44
78
47
27
24
18
24
35
41
43
31
48
30
39
34
14
41
30
24
33
23
28
93
20
31
63
46
28
37
24
26
27
28
29
34
23
45
74
70
25
40
27
22
20
26
41
30
30
45
52
40
31
26
23
23
30
22
40
36
35
31
46
74
26
41
25
26
30
36
27
36
42
43
60
39
34
37
40
19
37
34
40
41
29
78
82
25
27
19
30
23
26
29
41
39
51
50
29
21
25
42
26
23
23
29
43
83
20
43
69
42
39
36
14
23
38
28
70
93
37
66
47
15
23
25
29
23
34
56
81
77
47
23
5
13
15
9
7
11
15
13
15
11
15
13
9
5
13
11
5
11
21
9
11
9
29
11
19
11
7
9
3
19
15
9
9
7
3
13
3
11
13
5
17
15
15
15
7
9
7
19
25
21
13
21
7
19
29
15
17
11
19
11
9
11
17
17
13
9
25
27
11
29
15
13
35
9
19
17
15
15
21
3
3
3
21
9
13
7
19
7
11
9
21
7
13
11
7
9
25
9
17
7
5
15
9
23
3
7
5
21
3
3
5
7
3
11
9
9
0
2
2
19
31
11
7
9
3
1
13
15
15
11
15
13
15
7
11
11
9
15
9
1
11
13
9
7
17
45
15
7
19
5
15
3
7
31
19
25
5
19
29
27
21
13
46
21
13
33
33
21
9
29
19
9
17
21
3
31
17
15
17
11
19
27
15
15
35
13
23
23
25
9
11
11
17
15
19
25
11
33
33
17
9
15
15
7
23
7
9
7
7
5
21
19
19
11
15
23
5
5
19
5
11
25
33
9
23
13
9
9
7
15
5
19
15
5
19
15
15
13
19
21
25
35
11
27
21
21
11
11
25
23
13
11
25
11
9
11
13
9
15
15
7
13
19
29
11
9
11
9
11
21
33
31
13
19
17
35
3
27
7
11
5
13
7
13
5
11
7
0
0
2
0
0
0
2
0
2
2
0
2
2
0
2
0
0
0
0
2
2
2
0
0
2
2
0
0
0
0
0
2
0
2
4
0
0
0
2
2
0
2
2
0
2
2
2
2
2
4
4
0
0
2
0
2
0
2
0
0
2
0
2
0
0
2
0
2
0
2
2
0
0
4
2
2
0
2
0
0
0
2
2
2
6
0
2
4
2
4
2
2
0
0
0
2
2
4
4
0
0
4
0
0
2
2
0
2
2
0
0
0
0
0
4
2
2
0
2
0
2
2
0
0
0
0
0
2
2
0
2
0
0
2
0
0
4
0
4
2
0
2
0
0
0
0
0
0
0
0
0
2
2
0
0
0
2
0
0
0
4
0
0
4
2
2
0
2
4
2
0
0
2
0
4
0
2
2
4
0
2
2
2
0
2
4
2
2
2
0
0
0
0
0
2
0
2
2
4
0
2
4
0
0
2
0
4
2
2
0
0
0
2
0
2
2
0
2
4
0
2
2
0
2
2
2
0
2
0
0
2
0
4
0
2
2
0
4
0
4
2
2
2
0
0
4
0
0
0
2
4
2
4
0
0
0
4
2
2
0
0
0
0
2
2
0
4
0
2
2
0
0
2
0
2
0
2
4
2
0
4
0
2
2
0
0
6
0
5
7
3
11
34
7
29
3
25
5
5
7
27
5
13
5
13
3
13
9
13
9
1
2
2
9
19
3
11
3
9
11
11
9
11
11
15
5
9
58
9
5
33
17
7
3
11
17
15
2
2
15
23
5
7
7
3
5
13
2
11
9
3
5
1
5
2
45
2
7
3
5
29
5
3
5
2
5
5
9
15
3
3
13
7
3
9
3
5
25
39
5
1
3
25
3
5
3
2
27
9
5
3
5
1
9
5
5
9
31
41
3
19
2
9
13
3
1
15
2
27
7
9
5
2
1
7
13
11
5
28
32
13
7
11
3
7
5
7
1
2
5
7
2
21
5
11
5
9
1
1
9
1
13
3
3
86
3
5
3
3
9
3
5
3
3
5
55
1
2
5
35
3
2
44
3
5
5
2
3
9
9
5
9
2
21
3
5
7
3
33
5
31
5
23
3
5
15
5
17
3
3
9
7
5
9
15
11
5
9
5
7
38
5
43
2
5
5
7
5
3
46
3
5
3
5
52
3
5
2
21
9
5
3
3
3
13
2
3
5
15
2
3
5
5
17
3
5
3
25
5
3
5
29
3
3
5
5
5
3
80
3
3
9
7
5
7
9
7
5
5
11
31
7
34
3
7
7
7
5
5
3
5
3
21
5
48
9
