2
0
4
2
67
2
4
0
58
0
0
0
0
62
2
0
0
0
0
2
2
4
4
0
4
0
0
0
0
0
0
2
2
0
2
17
0
0
0
0
6
2
0
56
0
0
0
0
2
2
0
0
4
0
4
2
0
1
2
0
2
2
38
4
0
2
0
4
2
43
0
0
2
0
0
4
89
2
10
0
2
2
2
2
4
9
0
4
0
4
2
0
4
4
4
4
65
2
2
4
2
0
0
4
2
0
2
0
5
21
0
2
6
0
2
2
2
0
4
2
2
6
22
4
2
2
2
2
0
45
2
2
0
0
2
3
0
2
0
4
4
2
2
0
72
0
4
2
2
2
2
70
0
2
2
2
0
2
2
2
2
0
2
2
27
0
2
2
2
2
2
2
83
4
2
2
2
2
1
2
0
2
2
77
0
0
2
0
2
28
4
0
2
0
0
2
32
4
0
6
0
0
2
2
0
0
14
2
0
4
2
59
2
4
4
0
71
2
82
4
0
6
0
18
0
43
0
2
4
0
0
0
0
6
4
0
2
2
0
0
0
25
2
4
27
0
0
24
2
66
2
36
0
2
23
0
0
2
0
4
4
0
4
2
2
2
15
0
2
0
6
0
2
0
2
2
2
2
4
2
9
0
0
0
2
21
2
2
6
2
55
8
7
21
9
7
8
8
2
6
4
6
15
4
8
11
6
0
6
8
15
10
8
4
10
12
7
11
7
8
8
8
6
15
12
7
6
6
7
9
5
10
2
7
13
15
22
17
7
10
4
8
2
2
2
7
9
5
2
8
0
7
4
4
21
8
22
8
0
80
0
2
5
0
13
11
8
17
4
17
8
7
0
6
8
26
6
2
8
13
8
2
4
9
2
8
4
4
7
8
2
82
4
2
9
0
0
0
2
2
7
4
6
4
13
2
10
18
13
4
8
2
12
8
6
6
10
6
8
9
8
29
10
15
8
8
6
22
8
8
10
8
4
2
15
13
4
13
17
3
2
6
13
2
10
6
6
15
2
7
2
10
7
84
6
14
8
6
2
4
8
8
0
4
4
7
8
10
2
12
10
89
7
5
7
13
6
51
4
3
4
13
0
4
6
38
13
10
2
97
4
4
6
2
3
23
6
10
8
6
2
4
6
8
4
2
15
93
10
7
4
2
2
6
0
10
2
4
4
4
13
0
4
0
13
9
6
0
43
2
6
10
41
4
2
96
6
4
4
8
4
4
9
13
0
9
5
3
11
6
6
3
8
6
2
16
2
4
2
7
2
92
0
2
11
2
2
20
4
2
9
14
12
4
12
6
33
37
51
4
18
39
22
20
25
5
3
52
25
55
0
20
18
20
24
22
31
11
28
26
34
7
4
9
17
17
18
0
18
41
23
54
42
44
39
39
0
31
20
18
17
20
29
2
11
34
33
24
18
20
9
18
35
6
10
46
38
12
8
17
26
40
28
19
33
28
46
25
41
36
50
30
45
10
22
13
0
38
41
44
0
39
9
54
19
13
27
19
0
11
13
39
9
40
50
19
45
22
12
9
22
0
54
28
39
28
30
25
45
50
5
18
0
21
55
25
22
33
27
40
44
24
18
17
17
37
25
54
6
30
28
43
9
48
20
18
42
0
42
20
13
34
52
37
36
17
34
9
18
31
28
11
9
17
19
50
20
47
22
17
24
4
37
45
44
10
28
41
68
0
0
11
11
18
44
35
57
16
44
29
37
46
9
20
20
11
9
50
28
35
33
53
44
35
29
8
12
32
55
27
0
24
38
27
18
27
9
18
20
22
26
11
24
22
9
18
20
9
0
9
5
2
2
10
4
18
0
17
18
15
9
9
0
18
18
13
19
15
11
15
20
30
40
22
0
0
45
22
20
17
13
9
9
19
7
2
18
9
6
6
7
0
5
2
0
6
5
2
0
5
0
5
5
3
18
11
7
0
0
11
5
5
45
31
2
4
2
2
2
6
4
4
4
4
0
4
0
4
4
0
0
4
2
2
0
4
4
0
0
4
4
4
0
2
0
4
0
0
4
4
4
4
4
4
6
6
4
4
0
4
0
6
4
2
6
4
4
2
4
0
4
4
2
2
4
4
6
2
0
4
4
2
0
0
4
2
4
2
4
0
4
0
4
0
6
4
2
0
0
2
4
6
6
2
2
4
4
4
2
4
4
4
0
4
4
4
4
6
0
4
0
6
4
4
2
0
4
0
4
0
4
2
4
6
8
2
2
0
0
4
4
2
4
0
2
4
4
0
4
0
4
4
4
2
4
2
0
4
4
0
4
8
2
0
2
2
2
4
6
2
4
6
4
6
4
4
2
6
4
0
4
4
2
2
4
4
2
4
2
4
4
0
6
4
6
4
2
2
2
6
8
4
0
2
4
2
4
6
4
2
4
0
0
2
4
4
6
6
6
4
2
4
6
0
6
2
2
0
4
4
6
6
4
2
4
0
4
4
2
4
4
4
2
2
6
4
4
6
0
4
4
4
0
6
6
6
0
0
2
4
4
4
4
6
4
4
4
6
0
0
0
4
2
4
4
2
4
4
2
0
4
2
0
4
4
4
4
4
6
4
4
0
4
4
4
4
2
6
4
0
4
4
63
62
61
59
59
61
63
57
55
57
58
61
63
62
57
59
59
62
63
53
59
61
59
59
61
61
59
60
57
59
58
62
58
53
61
62
62
63
59
63
61
59
61
62
61
60
61
49
62
61
58
58
51
57
50
44
61
53
60
60
61
58
61
55
60
63
60
62
58
63
57
61
50
59
43
62
63
62
61
61
63
57
60
60
55
58
56
57
56
56
63
59
58
59
53
63
62
57
57
62
59
59
49
59
54
61
55
63
59
62
63
60
60
47
51
61
63
61
59
60
59
62
63
63
62
60
59
61
42
63
49
34
49
61
62
61
62
61
63
61
63
62
62
59
62
56
61
61
52
63
61
62
62
58
63
62
60
61
59
61
59
58
58
61
59
52
60
49
59
56
60
59
58
45
54
61
57
58
63
54
59
59
57
61
45
54
61
63
61
63
61
60
61
59
61
63
60
45
61
59
60
59
61
63
62
59
57
54
61
63
60
51
59
61
61
56
62
59
62
60
56
59
63
62
61
61
63
61
58
59
60
63
55
61
59
58
62
63
50
56
61
35
63
58
46
59
47
56
57
63
61
63
53
63
50
62
62
63
61
62
61
59
60
63
55
58
59
65
59
62
62
59
63
62
59
60
56
63
59
58
61
58
60
61
63
61
61
61
4
4
4
2
4
6
0
2
2
2
2
0
2
2
0
6
4
4
2
2
2
0
2
0
0
0
0
2
4
2
2
6
0
2
4
2
0
2
6
6
0
0
2
2
6
2
0
4
2
6
2
0
2
6
0
2
10
2
0
2
0
4
8
0
4
6
3
2
6
4
2
6
6
4
2
4
2
18
6
0
2
4
9
2
2
0
2
0
4
11
6
0
6
2
8
0
4
6
0
0
0
2
2
4
2
2
0
0
0
4
2
7
2
2
4
0
2
2
2
4
2
0
2
4
3
2
2
6
2
2
2
14
0
10
7
0
0
0
0
4
9
2
2
5
3
2
0
4
0
2
0
5
0
4
2
0
5
5
0
4
3
2
2
0
0
0
0
2
2
8
2
0
4
2
2
4
0
4
2
2
5
2
2
0
0
2
2
2
4
5
2
5
7
14
3
7
6
2
0
6
9
2
2
5
7
9
8
2
2
2
5
0
2
4
2
6
2
7
5
12
4
2
2
1
0
0
2
0
0
2
2
1
0
0
2
4
2
2
0
3
5
13
2
2
2
2
4
2
0
0
8
4
0
2
4
4
2
4
6
5
2
0
0
8
2
2
2
5
2
2
2
2
0
1
2
5
2
2
3
2
4
4
2
0
4
0
3
4
34
27
38
43
31
37
32
30
29
49
36
31
35
40
32
31
34
39
31
26
41
32
32
35
23
34
30
31
36
22
34
31
33
29
29
25
32
38
33
30
34
36
34
38
33
36
37
33
28
35
34
25
32
28
31
25
25
30
38
32
33
25
30
37
31
25
37
34
33
36
40
35
29
40
35
29
29
71
31
27
43
35
29
25
52
29
32
27
37
34
33
22
35
35
30
39
39
27
33
35
35
38
31
26
24
32
37
34
32
28
37
38
34
30
22
39
33
28
37
30
32
35
33
37
36
34
32
33
27
38
38
33
23
32
37
27
29
28
29
30
32
33
29
32
34
36
33
30
35
34
27
34
30
31
31
31
34
33
34
30
25
31
38
31
37
26
35
23
32
28
32
30
33
33
34
35
38
36
34
34
38
33
32
35
33
34
33
38
25
35
27
28
27
25
44
27
31
27
35
31
31
33
31
33
38
43
34
35
25
34
40
34
38
38
32
36
24
35
42
36
33
33
43
33
35
36
36
34
41
34
33
32
40
29
36
37
52
31
35
36
34
26
24
47
35
32
26
37
28
25
36
30
35
26
38
35
37
25
30
35
45
38
35
35
38
35
32
33
31
32
34
35
26
30
32
26
38
33
32
56
33
37
35
35
34
41
33
34
3
3
5
1
0
0
7
5
3
0
0
0
0
0
3
0
2
2
3
3
0
0
0
2
0
5
2
0
3
9
0
3
3
3
3
5
3
0
3
0
3
5
0
0
1
0
0
3
0
3
3
2
0
7
3
0
5
7
2
4
3
0
3
0
0
3
5
3
2
0
5
3
0
0
0
3
0
5
0
0
3
0
0
2
3
3
0
0
0
3
2
0
0
0
0
3
0
0
2
2
7
0
7
0
0
0
0
2
0
0
0
0
0
2
2
2
5
3
3
3
0
0
3
1
5
2
2
2
0
0
9
5
0
2
5
2
1
7
0
0
3
2
3
3
7
5
5
1
3
0
0
5
7
0
2
3
0
5
0
2
2
3
3
5
3
3
5
3
2
3
0
3
1
3
2
1
0
2
0
4
2
3
2
3
1
1
0
0
3
5
3
0
3
1
51
5
0
0
3
9
3
0
2
0
3
0
4
0
3
2
3
0
1
2
0
3
3
2
5
4
5
0
1
1
11
3
1
5
3
0
0
2
4
1
0
0
3
5
0
2
5
3
7
3
4
2
3
0
3
3
0
5
2
5
3
3
3
2
0
2
7
0
0
5
3
3
0
2
1
3
0
0
3
3
3
3
3
2
3
0
7
4
0
0
2
2
5
5
0
0
0
2
2
4
2
2
0
0
0
0
0
2
2
0
0
0
2
2
0
0
2
2
0
0
2
2
0
2
2
2
0
2
2
2
0
0
0
0
2
0
0
0
2
2
2
2
0
0
0
2
0
2
0
2
0
0
0
0
0
2
2
2
0
2
2
0
2
2
2
0
0
2
0
2
2
2
0
0
2
0
0
2
2
2
2
0
2
0
0
2
2
0
2
0
2
0
2
0
2
2
0
2
2
0
0
0
2
2
2
2
2
2
2
0
2
0
0
2
2
2
2
0
0
2
0
2
2
2
4
2
2
0
0
0
2
0
0
0
2
0
2
2
0
0
2
2
2
0
0
2
2
0
2
0
2
0
0
0
0
0
0
0
0
2
4
2
2
0
2
2
2
2
2
2
2
2
2
2
2
2
2
2
2
2
2
2
2
2
2
2
0
2
0
2
2
5
2
2
0
2
2
2
2
2
4
4
4
2
2
4
2
2
2
2
2
4
4
2
2
6
2
2
4
4
2
2
0
0
0
0
2
0
0
0
0
0
0
0
0
0
0
0
0
0
0
0
0
0
2
0
0
0
0
0
0
0
0
0
0
0
0
2
0
0
0
0
0
0
0
0
0
0
0
0
0
0
0
0
0
0
0
0
0
0
0
0
1
1
1
1
0
0
1
12
1
1
0
13
1
0
1
1
1
1
10
2
1
1
1
1
1
1
0
1
0
1
1
1
1
1
0
1
1
0
0
1
1
1
1
1
1
1
2
1
0
1
1
1
1
2
1
1
1
1
7
0
1
1
0
1
10
1
0
1
0
1
2
1
1
1
0
1
1
1
1
1
1
1
1
0
1
0
1
0
1
1
1
0
1
1
1
1
1
1
1
0
1
1
1
1
1
1
1
1
0
1
1
1
0
1
1
1
1
1
0
1
1
1
2
1
1
1
1
1
1
0
1
0
2
1
1
1
1
1
1
0
1
1
1
0
0
1
0
0
1
1
1
1
1
1
2
1
1
1
1
0
0
1
1
1
1
1
1
1
1
1
1
1
1
0
1
1
1
1
1
1
1
1
1
1
1
1
1
1
1
2
0
1
0
1
1
1
1
1
1
2
0
1
1
1
1
1
1
1
1
1
1
2
1
1
1
1
1
1
1
0
1
1
1
1
1
0
1
1
1
1
1
0
0
1
1
1
1
1
1
1
1
1
1
1
0
0
1
0
1
1
1
1
0
1
1
1
0
0
0
1
0
1
1
1
0
0
0
2
2
1
1
1
1
11
1
0
1
1
1
0
1
1
1
1
1
1
1
1
