6
8
4
4
7
9
4
2
2
6
9
4
4
4
4
4
5
9
13
15
7
6
6
6
4
11
17
8
2
4
2
7
9
5
13
6
8
4
15
7
7
6
11
9
6
4
7
7
13
4
11
2
2
4
4
5
6
4
13
8
6
4
4
7
0
4
9
13
4
4
6
7
9
6
4
9
15
4
6
6
7
11
2
7
5
13
6
9
18
7
24
13
10
2
2
6
16
18
24
7
13
12
12
28
4
7
20
4
11
7
7
9
11
4
7
5
2
13
9
7
11
5
8
5
7
17
4
19
7
7
9
11
4
6
7
17
4
6
7
11
7
4
4
6
6
6
7
5
5
7
4
8
9
2
0
7
11
4
4
4
9
13
4
7
2
8
18
6
4
5
7
4
6
17
7
6
5
11
9
6
15
5
5
4
9
4
4
7
7
6
5
5
7
4
3
6
18
5
9
9
6
6
11
7
9
5
6
5
9
9
5
5
7
8
9
5
20
13
4
6
4
17
9
15
11
9
2
2
6
67
7
9
2
4
5
4
4
4
7
7
2
4
4
6
2
9
6
6
6
7
7
7
6
4
6
2
4
7
4
6
7
4
4
5
6
4
6
6
5
6
6
5
4
11
4
6
4
4
2
9
2
4
13
2
5
5
4
9
2
4
4
4
2
2
4
0
8
2
2
2
0
2
4
2
2
6
4
4
6
6
0
4
2
2
2
6
3
2
2
2
8
2
2
2
2
2
3
2
2
2
2
4
4
4
4
8
2
4
5
4
6
2
6
2
8
4
6
2
2
4
5
0
6
4
4
4
4
6
3
4
8
6
11
6
6
8
4
6
6
6
6
2
8
7
7
31
6
4
9
4
8
4
6
8
7
19
3
5
2
6
4
8
2
4
6
4
9
6
3
5
4
4
10
6
6
4
6
6
2
4
4
4
6
8
8
5
6
6
8
11
4
7
7
4
3
8
8
0
6
6
4
8
4
4
6
4
2
9
2
4
4
13
8
13
10
8
6
7
6
8
9
8
8
8
11
10
8
4
6
11
5
12
22
6
8
11
9
4
6
4
4
10
7
6
9
4
6
15
2
6
11
9
2
8
10
8
6
10
10
7
6
10
10
10
10
4
8
8
8
7
5
4
6
11
9
2
11
6
8
6
6
6
12
11
4
2
8
6
8
13
6
2
4
7
6
7
9
6
0
2
4
4
8
7
11
4
6
4
4
4
6
4
10
4
4
5
8
2
2
2
2
6
4
4
2
2
3
6
6
4
5
17
6
8
4
2
4
2
4
2
6
4
6
2
6
4
13
13
19
11
13
17
11
11
13
13
11
9
15
23
11
15
13
7
15
11
11
11
15
13
15
13
13
11
17
15
13
13
13
11
11
11
11
11
13
9
9
11
11
11
13
11
19
13
11
11
17
7
13
11
9
13
11
11
11
17
13
11
11
11
17
11
13
9
5
21
5
7
11
9
17
11
9
19
9
9
13
11
11
13
13
13
15
11
9
9
21
11
13
11
11
11
19
9
11
13
13
13
13
5
11
11
11
11
11
3
2
11
5
17
25
9
17
9
13
7
5
5
11
13
5
2
13
15
5
11
5
7
15
9
3
21
5
15
2
11
17
13
2
13
11
3
9
3
3
11
11
2
23
11
3
3
13
13
9
5
13
9
3
15
13
9
5
2
9
3
7
3
3
13
13
3
13
17
15
3
5
11
13
5
9
3
13
11
5
13
2
7
9
5
5
7
11
13
13
15
15
3
9
7
15
13
5
0
5
9
7
19
15
11
15
5
5
2
11
17
7
3
13
3
2
3
5
13
9
5
15
11
15
13
11
3
13
11
3
3
3
13
9
5
3
7
11
9
11
3
9
19
11
13
15
11
19
7
9
13
15
13
5
2
15
17
9
13
5
17
19
13
15
7
15
5
7
5
19
9
7
11
15
13
0
13
13
7
8
9
7
4
5
12
7
5
6
4
4
6
8
9
4
2
2
4
2
8
4
11
6
4
4
5
9
4
6
9
8
4
4
4
10
8
8
9
8
6
4
8
4
10
8
8
11
7
8
11
6
9
42
15
9
8
4
7
11
8
21
8
10
11
7
6
4
4
8
26
0
7
13
11
6
11
6
11
6
4
7
7
9
6
8
6
6
6
6
15
8
10
11
21
11
37
11
6
4
7
9
12
9
31
8
8
9
37
13
25
10
35
9
0
22
9
9
7
13
11
6
9
6
8
11
16
9
6
9
4
13
11
9
22
28
0
25
7
13
26
9
15
13
19
11
15
19
23
13
23
20
10
6
13
13
13
13
0
15
12
22
23
25
2
13
10
14
11
22
17
6
8
16
7
30
17
7
13
15
6
21
16
15
13
23
24
8
13
4
4
11
21
21
11
10
19
11
10
21
13
11
6
35
21
24
4
15
15
27
28
11
6
19
11
0
15
10
6
19
10
11
32
10
7
11
15
50
13
17
6
9
12
0
13
12
11
13
15
8
4
17
4
9
8
10
10
11
4
11
10
4
16
5
11
9
4
11
8
8
6
11
8
6
6
12
6
9
13
6
10
8
10
11
7
8
4
6
11
13
8
15
6
13
15
15
8
15
9
4
6
8
2
6
4
4
0
4
0
2
2
4
4
0
2
0
16
4
6
6
2
6
0
8
12
6
4
4
0
2
6
2
2
2
0
4
2
0
0
6
0
2
8
4
0
2
4
4
2
2
16
0
14
0
16
2
4
6
0
6
2
12
0
14
2
10
4
0
4
4
2
4
16
0
2
4
2
2
2
4
2
4
0
6
0
2
2
2
8
2
6
4
2
2
2
0
6
25
2
0
4
4
10
4
0
4
2
2
0
6
4
4
0
6
0
4
4
6
2
2
8
0
4
6
2
6
2
2
2
0
2
4
4
6
12
2
4
2
0
2
6
2
6
0
4
16
0
6
10
6
8
6
2
2
0
4
8
2
4
10
2
6
0
2
2
2
0
0
6
8
4
4
0
2
8
10
2
0
0
4
2
4
4
4
6
6
8
0
6
2
2
4
21
2
8
6
10
6
2
2
2
6
2
6
4
2
4
2
4
10
2
0
0
0
2
0
23
10
6
2
4
2
4
2
6
2
0
6
4
8
6
4
0
4
2
6
2
4
4
6
8
2
4
6
4
10
4
0
0
0
6
4
4
0
6
10
8
2
6
2
2
2
2
2
2
0
6
4
6
4
4
2
0
4
4
6
6
6
4
2
4
0
0
2
4
16
4
7
13
7
0
22
8
6
9
11
7
17
13
5
17
8
9
9
14
12
22
8
15
20
20
11
5
10
8
10
2
14
10
10
24
23
24
7
4
5
14
5
15
23
29
0
20
20
14
7
4
17
19
9
22
16
20
41
28
18
13
24
28
7
12
8
7
28
14
22
0
25
34
19
11
31
26
5
12
14
16
23
22
21
30
29
24
29
42
22
17
20
20
34
12
17
16
16
28
19
12
25
19
19
25
25
35
4
18
16
23
21
33
14
26
22
0
20
22
21
35
28
22
32
22
13
18
20
20
9
0
18
19
24
26
18
7
10
14
26
22
20
27
36
20
28
28
28
20
12
19
0
27
26
34
25
24
31
32
22
30
39
28
26
22
31
34
23
43
0
0
31
18
35
30
0
0
0
22
25
17
35
25
5
28
25
21
11
5
10
35
23
19
21
0
16
18
29
22
17
8
32
0
38
15
14
18
24
0
0
12
17
6
22
17
0
17
13
24
25
20
12
20
14
24
24
24
26
16
58
9
12
14
33
5
2
15
16
19
22
25
20
14
30
30
9
12
18
27
24
17
14
17
20
16
9
20
30
17
19
6
19
20
16
15
16
14
8
9
8
20
9
22
19
25
4
14
3
12
28
11
9
5
12
15
12
2
9
18
0
7
0
0
7
7
0
4
57
7
9
0
0
0
7
0
7
0
0
7
0
7
0
0
0
7
0
7
0
0
0
0
5
7
0
0
7
0
0
5
0
2
0
0
0
7
0
9
0
0
0
7
7
0
0
0
0
7
5
0
7
0
0
7
0
0
2
0
2
7
0
0
0
3
0
0
0
0
9
0
0
7
2
0
11
2
7
11
0
0
0
0
7
5
0
0
0
0
0
0
2
2
2
0
7
15
0
0
59
0
0
0
0
0
0
0
7
9
0
2
0
9
7
0
5
0
7
0
0
5
2
0
65
2
0
0
2
2
13
7
0
7
7
0
9
74
5
7
2
9
2
0
0
7
0
9
4
0
0
7
9
5
0
7
2
9
0
0
0
11
0
7
0
2
61
0
0
5
0
7
2
11
74
9
0
0
7
0
9
9
7
5
7
0
11
5
0
0
0
2
11
9
0
4
2
0
13
0
0
5
0
0
7
2
2
2
9
9
7
7
2
0
13
0
9
2
7
0
7
5
7
0
2
0
7
7
7
4
0
7
0
7
7
0
0
0
9
0
9
7
7
0
79
0
7
0
9
2
7
0
7
7
0
7
0
2
7
0
0
7
0
0
7
0
0
0
0
0
5
0
7
0
0
7
13
7
0
2
4
4
11
9
2
2
4
8
6
2
8
2
4
2
14
8
3
6
0
6
4
2
6
2
2
0
2
4
6
4
6
2
2
3
8
6
2
11
2
4
6
4
4
8
2
4
4
2
8
15
2
2
4
6
4
4
2
2
4
2
0
4
10
8
2
2
4
8
0
9
0
2
0
2
12
6
12
2
4
4
0
2
12
4
2
0
8
8
10
2
2
4
0
8
8
2
4
2
0
8
6
8
6
0
2
0
2
4
6
8
4
2
4
8
8
6
2
0
4
4
2
12
0
2
0
2
2
12
6
6
2
0
2
8
8
2
14
4
2
14
4
2
2
2
4
4
6
8
0
2
0
4
6
4
2
6
4
4
2
6
2
8
8
4
4
6
6
4
2
2
2
2
2
2
10
12
0
2
2
4
4
11
4
0
2
0
12
4
2
0
2
2
4
4
10
4
4
0
6
8
3
0
0
0
0
8
12
12
8
0
8
4
6
4
8
4
2
6
0
10
7
12
0
2
2
2
8
2
2
0
2
6
15
8
6
4
0
2
6
2
5
2
2
2
4
6
4
2
4
0
2
6
6
6
4
2
2
25
4
8
2
2
2
0
2
6
6
4
0
2
6
15
8
2
2
4
2
8
10
8
4
4
8
6
4
4
2
4
0
0
1
11
3
7
9
9
1
5
2
1
1
2
9
0
2
3
3
2
5
1
3
11
0
1
9
2
11
0
0
4
0
0
9
2
7
0
2
2
7
0
2
9
0
0
9
2
7
3
1
2
9
0
1
0
5
3
7
0
7
9
7
3
7
7
7
3
1
7
99
5
2
9
2
0
9
1
2
3
3
5
2
9
11
3
1
7
4
7
7
7
1
0
0
3
7
11
0
3
2
0
0
0
0
3
9
4
5
1
21
13
7
3
2
0
2
7
3
9
2
11
3
9
9
3
1
5
1
7
1
1
0
2
2
11
0
1
1
2
1
9
3
0
0
0
0
5
2
11
0
2
7
5
9
0
2
7
1
0
0
7
0
0
9
1
1
1
0
0
11
11
0
0
0
1
7
1
1
0
0
0
7
0
2
0
1
7
7
1
0
0
3
7
0
0
0
2
0
9
1
5
0
0
2
9
1
1
7
3
0
7
1
11
0
1
1
9
13
4
3
0
1
7
1
0
1
7
1
0
9
1
3
5
1
3
9
3
1
1
3
7
1
1
1
3
11
1
1
3
0
1
5
5
2
1
13
1
9
9
1
3
3
1
9
1
11
0
0
9
0
0
0
1
7
1
5
9
7
11
9
0
0
1
2
5
7
1
84
31
4
6
6
10
10
6
6
15
38
4
4
21
31
58
8
10
6
8
8
15
10
4
6
6
6
6
8
8
2
8
11
6
10
8
6
6
6
6
6
4
4
48
4
6
13
6
4
6
6
13
10
8
6
52
6
4
10
13
8
6
4
4
8
6
54
6
42
4
6
6
6
6
6
2
15
6
50
2
8
6
8
13
6
15
10
6
4
34
4
50
6
73
4
50
6
2
2
4
19
6
6
15
2
6
8
8
2
6
8
12
4
4
6
4
6
4
4
8
6
29
4
6
6
6
8
4
8
10
8
8
8
11
6
6
6
4
8
4
4
2
27
52
6
10
6
61
8
4
4
8
4
4
6
6
23
10
6
4
6
6
4
12
61
4
10
6
60
8
10
15
42
8
8
4
4
40
10
12
6
8
6
10
6
4
11
4
6
6
59
33
10
10
6
6
6
6
6
6
8
15
33
8
30
59
2
8
8
4
6
4
63
10
8
4
23
8
10
6
6
11
6
6
10
8
12
6
6
13
8
8
15
6
42
6
10
4
4
8
10
10
8
6
6
4
13
15
6
6
8
38
6
4
6
50
6
11
10
6
4
6
10
69
7
8
8
19
8
11
8
8
8
8
10
8
79
6
13
8
27
11
13
17
6
13
13
29
