13
12
2
0
60
35
26
37
71
67
50
48
71
32
64
72
15
68
76
85
22
74
54
64
51
9
59
7
95
56
45
35
30
69
46
39
37
9
65
69
78
68
69
54
73
57
49
51
56
37
76
55
80
33
57
65
47
42
48
64
20
34
62
82
45
56
37
56
64
33
58
0
55
33
59
47
56
48
39
68
73
18
50
26
55
64
63
60
70
55
66
69
66
57
7
52
54
15
65
2
69
33
53
65
47
28
78
13
81
2
77
31
28
28
43
43
92
28
19
63
54
29
58
22
87
18
35
54
39
41
25
37
41
43
57
57
29
41
66
75
31
62
54
72
61
46
48
36
38
30
39
65
63
28
42
80
70
13
78
43
59
58
56
51
51
31
41
62
60
54
69
0
60
26
59
65
76
18
81
28
76
18
92
50
32
22
58
70
43
42
66
57
2
26
74
58
62
50
34
60
31
7
54
60
52
15
27
47
43
30
31
35
51
5
26
62
10
38
11
71
65
48
64
50
72
41
40
58
44
17
60
73
4
68
35
41
67
5
56
49
65
40
54
49
75
43
77
84
47
50
48
92
67
35
61
61
74
72
54
66
57
74
46
75
92
25
70
8
61
46
26
42
90
53
14
19
83
54
63
62
52
28
56
67
61
28
58
67
46
28
53
78
26
58
63
63
69
37
66
57
85
28
81
0
56
69
38
72
53
18
65
68
47
33
39
67
94
40
68
70
76
69
57
70
49
46
72
53
60
57
57
60
92
6
48
45
55
63
57
77
88
73
44
38
29
18
66
72
18
43
83
81
65
42
71
58
71
37
81
69
39
54
42
39
72
56
83
24
37
33
45
72
71
35
60
35
64
53
55
56
34
86
55
9
70
53
60
31
52
33
57
63
45
71
41
24
35
0
57
35
82
22
62
52
54
52
59
76
76
28
78
64
77
48
39
55
17
27
48
25
44
66
86
66
69
83
11
52
23
53
75
52
32
27
34
66
47
59
62
62
52
33
49
9
22
19
60
46
76
34
47
12
33
35
46
69
42
45
66
59
0
30
43
49
51
27
46
8
60
28
37
37
41
12
7
35
18
39
63
47
27
38
35
35
27
43
30
37
7
25
51
31
29
29
46
5
72
48
65
44
27
17
47
57
50
43
63
41
69
36
58
47
25
35
24
57
45
22
57
77
60
33
41
56
46
33
42
44
9
30
19
80
66
66
73
52
52
28
53
61
49
71
81
36
56
65
42
57
55
76
31
52
63
25
37
68
75
54
45
48
62
24
38
72
62
71
68
24
62
50
51
68
33
25
35
54
0
8
4
4
2
2
0
4
2
0
2
4
2
10
0
2
4
6
0
4
2
4
0
0
2
0
0
2
0
4
2
2
0
2
0
6
2
2
4
2
0
0
0
2
2
0
4
4
0
0
0
2
4
2
10
10
2
4
4
0
2
0
4
0
0
0
4
0
2
4
0
4
2
0
2
2
2
4
2
4
2
0
4
0
4
0
0
0
12
0
0
0
4
8
2
2
2
10
2
0
2
0
2
4
0
4
8
4
12
0
6
0
4
0
0
0
2
15
10
2
4
0
4
2
6
6
2
6
0
6
4
8
2
0
2
4
0
0
6
0
0
6
2
0
4
2
0
0
4
0
2
2
0
2
4
2
10
4
6
4
0
0
2
0
2
0
0
0
0
2
4
0
4
0
2
0
2
0
4
0
6
2
0
2
4
4
0
0
2
0
6
2
2
4
2
6
2
4
6
2
6
0
8
4
2
4
6
2
6
0
4
8
2
4
4
0
6
2
6
10
2
0
2
2
0
4
0
0
0
0
21
4
11
2
0
0
2
2
0
4
2
0
2
0
2
0
4
0
4
0
4
0
0
6
0
2
0
6
0
6
0
0
6
2
2
2
6
2
2
4
4
2
6
0
0
2
2
4
2
0
6
4
0
2
0
0
4
2
8
6
0
0
2
8
10
0
14
11
0
0
10
12
0
4
8
2
0
6
4
12
0
8
6
8
0
10
8
4
0
10
8
4
6
0
4
6
0
6
4
4
6
0
2
4
8
0
4
0
6
0
6
10
10
6
10
0
8
0
4
0
4
0
10
0
6
0
12
0
8
8
2
0
6
0
6
6
8
6
6
0
2
0
0
2
8
0
0
13
2
0
0
11
8
0
0
8
6
0
0
10
10
0
0
6
12
0
0
6
12
0
0
11
6
0
0
8
8
0
0
0
0
0
0
4
0
0
2
2
4
0
8
4
0
0
4
8
0
0
0
0
2
0
0
0
0
0
0
4
2
6
0
0
2
10
0
10
12
2
10
4
8
17
4
6
0
0
0
10
8
10
2
0
0
8
0
0
0
0
0
0
6
8
0
2
0
0
0
0
0
12
0
8
0
12
0
2
0
10
0
6
0
6
0
17
0
6
0
10
0
4
0
4
0
23
0
17
0
14
10
17
0
8
0
15
2
10
12
6
8
12
0
8
17
6
10
0
8
4
0
6
0
14
6
10
0
14
14
14
12
8
10
0
6
10
6
0
4
4
2
0
2
29
8
0
6
6
2
8
6
10
6
6
12
12
0
0
6
14
0
6
23
4
0
0
6
10
1
3
3
1
4
1
1
3
2
0
1
17
3
7
1
0
5
1
3
0
5
5
1
1
5
0
1
1
0
7
7
5
3
5
3
1
3
3
0
1
19
1
3
3
2
2
1
3
7
4
0
5
0
0
3
7
3
1
1
1
2
3
2
3
4
1
0
3
7
3
1
5
3
5
5
0
0
32
3
1
0
3
0
3
15
3
0
1
2
0
1
3
5
1
3
7
2
2
2
1
5
0
5
1
1
3
4
0
3
0
3
5
5
7
1
3
2
1
1
0
4
5
3
1
3
2
3
3
3
0
6
1
3
3
1
0
7
0
3
0
9
3
1
1
3
5
3
1
3
1
5
5
2
28
1
1
3
1
0
5
1
1
3
0
1
3
1
1
5
5
11
5
5
3
0
7
0
0
2
6
0
1
3
1
2
1
1
0
3
7
0
5
3
1
3
5
7
2
5
2
15
7
17
6
4
1
1
5
3
5
3
0
4
9
3
1
3
5
0
5
0
1
15
3
0
4
0
1
1
17
3
2
3
7
27
0
1
5
1
1
3
1
0
1
2
3
4
3
0
5
1
5
23
0
3
0
0
0
4
3
0
0
0
11
3
1
0
3
3
1
11
3
1
1
2
3
5
7
3
1
3
1
5
1
3
1
2
1
52
88
41
37
22
35
19
54
78
83
53
45
60
37
83
52
17
29
19
93
63
65
42
31
50
39
43
57
24
21
44
33
43
72
54
57
73
29
69
42
19
31
50
34
45
88
60
78
58
70
69
42
16
15
51
37
46
38
51
56
43
79
28
35
30
20
19
54
34
40
89
87
53
43
39
56
34
39
32
57
68
42
46
77
53
54
40
73
25
21
42
23
27
78
23
71
80
38
27
33
23
23
29
26
62
72
49
34
33
72
39
45
30
19
23
46
36
70
43
47
46
34
75
42
26
22
23
34
27
64
45
41
43
52
40
34
23
15
43
39
51
37
54
54
72
53
47
38
28
20
28
39
37
53
38
42
54
31
40
38
28
22
34
34
49
47
76
46
39
48
49
36
21
23
26
28
63
60
54
65
47
38
36
37
19
29
28
26
28
55
52
50
32
53
44
53
19
18
31
30
49
47
44
37
33
50
49
54
24
20
33
28
29
52
82
23
45
48
80
45
22
27
41
35
32
40
61
37
39
47
81
69
27
20
20
27
36
36
52
38
36
74
24
28
15
41
25
25
44
70
46
37
83
34
52
48
21
48
27
29
57
64
59
87
79
43
73
34
22
42
50
37
36
33
44
57
89
55
86
54
34
34
40
24
57
60
45
63
8
4
4
4
8
8
10
4
4
2
6
6
4
6
10
4
12
6
2
4
6
6
4
8
10
6
8
8
12
6
2
4
4
2
6
10
4
8
10
4
6
6
8
6
4
6
6
6
8
4
6
6
6
4
4
8
6
8
8
2
2
6
2
10
6
4
6
10
6
8
4
8
10
6
6
8
8
10
10
6
6
6
4
6
8
4
4
10
4
4
6
10
10
2
4
6
6
6
8
8
4
2
4
8
4
2
6
8
6
4
4
12
8
6
6
10
8
2
4
8
6
8
10
10
12
8
10
8
4
4
6
8
6
4
6
4
4
8
6
10
8
6
6
6
10
4
2
8
4
4
6
8
6
6
8
4
10
8
2
8
6
6
10
8
2
6
8
6
0
8
4
8
4
8
10
4
8
8
8
10
10
8
6
6
4
10
6
6
8
6
6
2
8
6
4
2
8
4
10
6
4
2
4
4
6
4
8
6
8
10
2
8
2
6
2
8
4
6
8
6
4
4
8
8
2
8
6
2
4
4
8
2
6
6
6
10
6
4
8
8
10
6
4
0
6
4
6
10
6
6
8
6
6
6
4
6
8
6
0
6
6
8
6
6
8
10
6
10
8
8
6
6
2
6
8
4
8
4
6
6
2
8
4
8
2
2
8
6
1
0
5
7
50
48
40
61
0
2
2
4
6
4
3
7
26
0
3
1
23
3
27
53
60
29
9
2
32
0
24
36
17
2
8
11
23
27
23
0
39
2
3
10
4
7
0
27
0
2
36
2
2
0
23
0
43
81
2
3
2
0
37
36
12
2
0
60
22
8
4
3
32
28
26
26
26
5
3
17
43
0
8
5
19
72
0
0
4
0
19
12
7
0
3
10
24
0
26
0
27
0
4
33
3
4
0
14
2
2
20
6
0
2
33
18
0
2
3
40
29
2
3
7
2
45
28
52
4
0
36
77
2
7
5
43
58
2
3
27
60
2
3
29
0
0
9
28
2
0
2
7
17
5
2
30
5
0
47
2
3
2
0
3
6
5
48
29
97
31
4
48
9
0
25
5
0
9
2
72
5
4
52
8
15
2
4
2
72
47
62
22
4
40
2
2
0
2
5
3
67
3
2
5
4
6
81
75
5
2
9
6
39
3
2
8
99
3
33
32
4
2
0
5
92
2
2
0
24
0
56
17
4
0
0
4
0
0
2
0
0
2
46
1
2
76
0
44
53
2
5
3
2
2
39
6
6
4
4
29
54
0
4
3
4
4
0
2
63
71
25
9
2
61
0
4
6
40
0
0
4
2
7
6
83
7
4
0
4
4
8
2
8
7
5
9
4
7
8
4
24
26
27
26
28
4
12
9
8
2
7
6
10
5
2
5
10
9
11
2
7
4
14
6
4
6
4
6
4
4
4
7
2
7
4
6
7
8
5
7
6
9
4
6
9
7
10
10
4
4
4
8
12
5
8
7
4
4
6
14
7
8
8
5
2
6
5
26
8
9
6
10
2
10
5
6
10
8
6
6
6
6
9
7
27
29
36
35
6
5
29
27
26
20
43
15
4
6
4
11
10
5
7
8
4
7
7
4
8
8
8
9
6
6
5
6
6
4
9
8
16
13
11
8
15
4
2
15
6
15
11
16
10
14
9
10
15
16
7
16
37
37
33
36
5
2
7
4
4
4
7
9
4
8
10
8
9
2
8
4
7
6
15
11
2
10
2
11
7
16
18
23
21
17
8
4
8
6
7
8
4
6
8
4
7
6
9
6
8
6
6
0
4
4
7
11
4
11
6
6
4
6
6
26
19
37
8
4
34
4
6
5
3
2
4
4
7
9
2
9
8
7
5
0
5
1
4
8
31
5
8
2
3
6
7
0
6
4
8
2
4
10
6
1
2
7
8
5
6
6
6
4
2
6
6
4
7
8
9
6
6
6
4
12
7
4
4
4
6
4
4
4
7
4
5
4
0
1
0
1
1
0
0
1
0
1
0
0
0
1
1
1
1
0
0
0
2
0
0
1
0
0
2
0
0
0
0
0
0
0
1
2
1
1
2
2
0
0
0
0
1
0
0
0
0
0
1
1
0
0
3
1
1
0
1
2
1
1
1
2
2
2
0
2
1
1
0
0
1
1
0
0
1
1
0
1
1
1
0
1
0
1
0
1
1
0
1
4
1
0
2
2
1
2
1
1
1
3
2
1
0
0
0
0
1
0
1
1
0
1
0
0
1
1
1
1
1
2
1
1
1
2
1
1
1
1
0
1
0
0
2
2
1
1
2
1
1
1
1
1
1
1
1
1
2
2
2
1
1
0
0
0
0
2
0
0
0
1
1
1
1
0
0
2
1
2
2
1
2
0
0
1
1
0
0
0
1
1
0
0
1
2
1
1
1
2
0
1
1
0
2
0
0
2
1
0
0
0
0
0
0
0
0
1
1
1
2
1
1
1
0
0
0
0
1
1
1
0
1
0
0
1
1
0
1
1
2
2
0
1
1
0
1
0
1
1
0
2
1
0
0
1
0
0
2
1
1
0
1
1
0
0
0
0
2
0
1
0
0
2
0
0
2
0
2
1
0
1
0
0
1
2
0
1
1
0
2
1
1
2
0
0
0
0
