12
16
18
17
7
11
7
14
15
13
10
14
16
10
17
13
15
12
24
26
39
18
23
20
18
24
18
18
25
22
18
20
28
23
14
12
24
13
11
37
25
19
7
18
13
9
12
19
29
11
16
8
16
19
21
25
24
16
29
17
14
22
21
33
23
14
22
27
20
11
17
15
27
16
11
13
7
24
20
11
10
15
18
15
21
13
16
16
12
18
16
32
19
18
28
20
29
12
12
22
11
13
27
14
19
14
30
11
17
11
9
9
8
19
7
20
18
33
9
16
24
24
13
10
30
20
23
27
14
45
30
25
14
16
9
18
16
27
17
18
12
13
7
19
20
20
18
10
18
12
9
9
16
12
25
28
10
7
7
11
15
26
22
10
19
27
25
23
15
30
17
7
14
21
21
11
14
11
23
20
11
9
24
23
11
23
7
16
21
17
19
16
23
19
14
22
10
11
20
36
25
16
12
5
11
11
7
7
16
20
10
12
21
21
17
19
19
18
19
14
12
21
18
22
21
22
20
14
20
29
16
15
15
26
31
9
21
25
13
7
15
13
5
24
17
16
18
20
16
16
28
20
14
11
17
17
21
13
16
13
9
16
8
22
14
19
33
23
33
14
24
11
14
14
12
14
7
17
12
12
18
22
19
19
8
17
13
22
43
44
82
81
8
72
83
36
42
25
7
8
43
74
11
57
14
20
59
59
15
21
26
13
32
42
51
50
30
78
24
82
28
34
19
6
8
15
48
19
91
32
83
8
87
17
47
25
13
43
79
79
28
18
21
61
5
28
34
41
8
8
87
45
12
4
88
95
10
41
21
9
8
81
81
17
36
26
65
44
0
15
19
76
8
32
32
82
17
88
36
32
36
8
28
30
23
17
39
91
9
74
80
16
85
28
9
4
34
38
11
9
40
79
78
8
68
46
19
13
42
43
2
32
21
63
2
89
58
13
11
24
43
8
55
82
28
36
77
9
82
8
6
70
17
68
8
54
21
78
75
61
58
32
40
10
53
34
13
40
11
54
53
73
88
4
19
25
9
15
82
74
10
85
70
10
11
28
15
38
40
54
89
25
25
34
81
53
45
7
11
27
41
11
76
26
19
74
85
10
15
13
6
48
11
21
52
20
45
51
34
8
72
27
25
9
40
9
64
70
7
72
10
86
32
11
25
6
30
73
9
47
21
35
72
30
11
25
16
8
43
16
72
60
44
13
81
47
9
9
9
48
76
68
66
76
28
85
4
63
9
24
9
75
2
8
38
0
66
8
36
69
9
4
9
11
83
15
16
89
43
21
12
77
15
11
9
11
0
0
0
2
2
0
2
2
0
0
0
2
0
2
2
2
0
0
2
0
2
2
2
0
2
0
0
0
2
0
2
2
4
4
0
2
2
2
2
2
4
0
0
0
2
0
0
0
0
2
0
2
2
0
2
2
0
0
2
0
4
4
2
0
2
2
0
0
2
0
0
4
2
0
0
2
2
0
0
0
0
2
2
0
2
2
0
2
6
0
2
2
5
4
4
0
0
2
2
4
4
2
4
4
2
2
0
2
2
8
0
2
2
4
4
2
4
2
2
2
0
2
0
2
4
4
2
0
2
4
2
2
0
8
2
2
0
0
2
4
2
0
4
4
0
0
2
2
0
2
2
2
0
2
2
2
2
2
2
2
0
2
2
2
4
2
2
2
2
0
2
2
0
2
2
0
2
2
2
0
0
2
2
2
2
2
0
2
2
2
2
2
8
0
0
2
2
2
4
0
6
4
2
2
2
2
0
2
2
0
0
0
4
4
2
0
0
2
2
4
2
2
2
0
2
0
0
2
0
0
0
2
0
2
0
2
0
2
0
0
0
2
2
0
0
0
0
4
6
0
4
6
6
0
4
2
2
6
0
0
0
0
2
4
0
2
2
0
4
2
0
2
0
0
6
2
2
0
0
2
6
2
6
2
4
0
2
0
2
2
4
2
2
4
0
2
0
0
2
2
0
2
4
0
0
2
2
2
0
0
0
2
0
2
0
0
4
0
2
2
2
0
0
4
4
2
2
4
2
2
2
0
0
0
0
2
2
4
2
2
2
0
2
2
4
0
0
2
4
0
0
2
0
0
2
2
2
2
0
4
21
31
2
2
2
6
0
0
2
2
0
21
2
2
2
2
6
6
0
0
4
0
4
19
2
2
0
19
4
0
2
2
0
4
2
2
0
0
0
4
0
4
0
2
2
0
2
4
0
0
0
4
0
2
6
2
4
2
0
8
0
2
4
2
2
2
2
2
0
2
2
2
2
0
0
2
4
0
2
0
0
6
2
0
2
2
4
2
2
4
2
0
2
2
2
19
0
0
0
0
0
2
2
0
2
0
0
2
2
4
2
2
6
2
2
2
2
2
4
4
2
0
0
2
0
2
2
2
0
4
0
2
0
2
4
4
2
2
2
0
2
2
4
2
0
0
0
4
2
0
19
0
2
4
0
2
2
0
2
4
4
0
2
2
2
4
4
4
2
4
0
2
0
2
0
0
2
0
2
4
0
0
0
0
0
2
0
2
21
0
0
2
4
2
4
2
0
0
0
2
4
2
2
2
0
0
0
4
0
2
2
0
2
0
0
0
10
10
1
1
27
31
15
19
14
0
16
0
11
10
16
30
34
30
0
0
0
0
15
25
34
13
57
27
0
0
0
0
0
0
13
11
7
9
11
6
30
18
14
10
0
0
0
16
24
9
7
23
15
0
16
13
17
13
12
9
8
0
9
10
17
1
8
13
9
9
8
0
13
9
0
5
23
14
0
8
12
9
10
13
7
7
6
9
13
23
8
12
14
9
9
3
9
6
11
0
17
14
11
9
12
21
13
8
17
7
9
13
36
13
8
10
11
11
18
15
10
7
1
11
9
15
13
15
10
9
0
8
3
9
0
5
13
9
11
0
11
7
26
15
0
7
0
6
0
0
0
9
0
11
0
9
9
2
3
18
12
15
9
13
0
1
9
0
9
7
0
7
0
8
13
10
13
0
9
0
10
8
0
1
0
9
7
9
0
9
6
12
10
0
6
0
0
0
13
8
1
3
9
0
9
0
7
11
4
15
18
11
13
0
10
0
0
8
0
5
9
9
1
7
0
9
11
3
0
6
7
0
7
15
8
16
5
0
1
9
0
16
6
9
1
9
9
8
0
9
5
0
0
4
6
0
8
8
0
0
10
0
23
15
18
0
8
0
13
16
14
0
6
0
8
0
11
14
0
10
6
14
9
9
11
0
0
8
17
17
9
11
4
7
4
7
2
11
15
6
7
7
9
9
7
6
7
4
4
4
6
7
13
6
9
2
9
6
5
2
11
6
9
7
6
7
6
7
6
4
2
4
4
6
4
6
6
4
7
6
2
11
6
4
7
11
6
13
11
6
7
11
7
13
6
9
20
7
4
9
15
9
5
7
9
7
9
11
9
15
11
4
6
13
7
13
7
7
9
6
13
9
11
9
9
16
6
13
11
15
11
9
4
6
13
13
13
11
6
9
13
9
15
11
20
15
9
13
20
9
4
7
6
9
6
11
14
15
11
22
15
13
14
9
17
9
4
19
7
13
6
13
9
11
9
9
20
9
2
11
4
18
7
37
18
19
9
6
15
9
13
6
15
4
4
7
20
20
19
6
6
16
13
13
15
18
7
22
4
22
9
25
15
19
7
6
13
9
13
14
7
4
11
19
7
7
11
15
9
9
7
9
6
13
6
4
13
5
6
13
15
4
7
13
9
4
7
7
9
7
9
7
7
9
7
9
5
5
7
7
7
17
9
6
7
15
7
5
11
6
4
9
13
11
13
13
13
15
9
11
19
9
15
13
13
7
6
7
9
5
5
24
11
41
6
17
6
6
4
24
6
6
13
18
13
7
2
4
11
6
13
11
9
13
7
9
1
1
1
1
1
3
1
1
3
1
0
1
1
2
3
1
2
1
1
0
1
3
2
1
2
3
2
1
1
2
0
0
1
0
1
2
1
1
3
2
2
1
2
2
1
2
0
2
2
1
3
2
2
2
1
3
1
2
2
2
2
1
1
1
3
0
4
2
1
2
2
0
0
2
2
0
1
1
4
0
5
0
1
0
0
0
1
1
1
0
1
0
0
1
2
2
0
0
0
1
4
3
3
4
1
1
0
0
3
1
0
1
0
2
0
0
2
2
3
2
2
1
1
0
0
1
2
1
1
1
2
1
1
1
1
0
0
0
2
3
1
0
2
2
1
5
1
4
1
0
3
2
0
2
0
2
1
2
1
1
0
3
2
1
1
1
1
1
1
2
0
2
0
0
1
0
2
2
0
0
2
0
2
0
1
4
1
1
0
1
0
1
1
3
3
3
0
0
1
1
0
2
0
0
3
2
1
0
2
1
1
1
1
1
2
1
5
1
1
1
0
1
2
0
1
2
3
1
0
3
2
0
2
0
0
0
1
2
1
0
2
0
1
2
2
1
2
1
0
1
1
0
1
2
0
1
2
1
1
1
0
2
0
0
1
1
0
2
1
3
1
0
2
1
2
0
2
2
3
1
2
1
2
1
0
1
0
2
2
0
0
0
0
2
6
0
2
0
2
0
0
0
2
0
0
2
2
4
0
2
2
0
0
0
2
0
4
4
2
0
0
2
2
2
0
0
2
0
0
0
2
0
8
0
6
4
0
2
2
2
2
0
2
4
0
0
4
0
2
4
2
0
0
2
2
0
2
0
0
2
0
0
2
0
0
6
2
0
0
2
0
2
0
4
2
0
2
0
2
0
2
0
2
0
2
4
2
6
2
0
0
0
0
4
2
0
0
2
4
4
0
4
2
0
6
0
4
0
4
0
4
2
2
0
0
2
2
3
0
0
2
2
2
0
0
2
2
0
0
2
2
0
2
0
2
0
0
0
0
2
0
4
2
0
4
2
4
6
2
2
2
4
2
2
4
0
0
4
0
0
0
2
2
2
2
0
0
2
4
4
0
0
2
0
0
0
2
2
0
2
2
0
0
0
0
0
0
0
0
0
0
4
0
0
2
0
0
2
2
0
2
2
2
0
0
2
0
2
0
2
0
0
2
2
0
2
2
2
0
2
0
4
0
0
4
2
2
0
2
0
2
6
0
0
2
0
2
0
2
0
0
2
2
0
0
0
6
6
0
0
0
4
2
0
4
0
0
0
2
2
0
2
2
0
2
2
6
0
0
0
2
2
2
0
2
0
2
4
0
4
2
4
0
7
4
7
0
0
6
2
2
6
4
2
4
4
4
5
17
6
0
6
4
2
2
4
7
3
0
4
0
0
4
2
2
11
2
2
7
3
2
2
2
4
0
2
2
2
4
4
2
0
5
15
3
2
19
5
2
2
0
2
4
2
2
2
1
2
7
0
2
4
4
6
2
2
4
4
7
4
4
0
4
3
0
2
4
11
6
2
0
4
0
2
2
2
2
2
2
2
0
0
4
0
0
7
0
4
4
0
2
2
2
0
2
2
4
2
2
0
4
2
6
2
0
3
2
5
4
5
7
2
2
2
0
0
2
2
4
2
0
2
2
4
5
2
0
0
2
9
5
11
4
0
4
5
0
2
6
9
2
11
4
2
13
6
7
4
0
11
5
7
4
3
3
0
5
4
0
4
3
4
2
3
7
4
0
2
1
2
15
4
7
2
4
9
4
4
0
4
0
19
4
11
2
2
3
11
4
0
2
5
13
2
9
4
3
4
1
0
13
2
3
5
0
9
3
4
9
4
3
2
3
1
2
4
4
2
0
2
7
9
1
1
0
2
2
4
13
0
1
4
3
0
3
0
11
3
1
1
2
0
15
0
11
5
3
2
0
1
2
6
4
2
7
21
2
0
7
2
4
0
0
5
3
5
0
3
7
0
5
3
3
0
0
0
0
3
3
3
3
3
0
2
7
5
0
3
5
0
5
3
3
5
5
2
3
0
5
9
0
0
7
5
5
1
0
1
1
1
0
0
3
0
3
0
0
0
0
0
5
1
0
0
0
1
3
0
5
0
0
1
9
3
0
0
9
0
0
0
0
0
0
3
1
0
5
0
2
0
2
0
3
1
2
0
5
5
0
0
1
7
5
0
0
0
5
0
3
5
80
3
3
1
5
5
86
2
0
3
2
2
4
3
0
5
3
0
0
3
3
9
5
0
4
3
3
5
5
3
36
1
5
1
7
1
3
2
3
0
3
1
2
7
4
5
2
5
5
3
3
3
3
0
5
0
2
0
0
0
2
3
1
0
0
5
0
3
0
3
0
1
0
0
0
2
3
0
0
0
0
2
0
3
0
0
7
3
3
0
0
3
3
7
3
3
0
3
2
4
4
0
0
1
5
0
0
5
11
2
3
0
0
0
3
0
3
0
0
0
1
0
3
2
0
3
2
0
3
0
0
0
3
0
5
3
0
1
2
0
7
3
1
0
0
0
3
0
3
0
1
0
7
3
5
5
0
1
5
5
0
3
0
2
2
0
1
5
1
7
0
7
1
3
5
0
3
5
3
5
0
3
