19
20
19
18
18
18
19
19
18
19
19
18
18
19
19
17
20
18
18
19
18
18
18
17
18
18
19
17
19
18
17
17
19
16
19
19
18
17
18
19
18
19
19
17
19
20
19
18
18
17
19
19
18
18
16
19
18
18
18
18
17
18
17
18
17
18
17
18
17
18
17
18
18
18
19
18
18
19
17
18
17
18
17
19
18
18
19
19
18
18
18
17
18
18
18
17
18
19
17
18
17
17
17
19
17
19
17
19
19
18
18
19
19
18
17
19
18
18
17
17
18
19
19
18
18
18
19
18
18
19
19
19
18
18
18
18
18
17
17
16
19
18
17
19
19
19
18
19
18
18
17
18
18
17
18
19
18
18
18
18
18
19
19
18
19
16
18
18
16
18
20
19
19
18
18
18
17
18
18
19
18
17
17
18
18
19
19
17
17
18
18
19
18
16
19
17
18
19
17
16
18
19
19
19
18
18
17
17
17
18
18
18
19
18
19
19
19
19
18
19
19
18
19
18
18
10
19
19
18
19
19
19
17
19
19
18
18
18
18
18
17
18
19
18
19
19
19
19
19
19
18
18
18
18
16
18
18
19
18
19
18
17
19
16
18
18
16
18
19
19
18
18
19
19
19
19
19
17
19
19
19
18
18
19
18
18
20
18
7
4
5
5
6
8
5
5
5
5
5
3
5
5
7
7
4
5
4
6
6
5
5
6
5
4
5
7
5
5
5
3
5
5
7
5
6
9
6
5
5
5
7
6
5
5
6
5
5
4
7
3
5
5
7
6
5
7
5
3
5
5
6
5
5
5
5
5
5
4
6
5
5
7
5
5
7
5
7
6
7
5
6
7
5
8
4
5
6
5
5
4
7
4
5
3
5
6
6
6
6
7
6
5
6
5
5
7
6
4
5
6
5
7
6
5
3
7
5
5
6
7
7
7
7
7
5
5
5
7
5
7
7
5
5
7
6
6
5
6
3
4
7
5
3
5
5
6
4
4
5
7
9
5
5
6
5
5
7
6
5
6
5
5
4
6
7
7
5
8
6
6
6
7
6
7
6
9
6
4
5
1
5
7
7
5
4
5
6
5
6
5
4
4
5
6
5
3
6
6
5
7
6
7
7
3
7
5
7
7
5
5
4
5
7
6
6
5
7
5
6
6
7
6
6
7
7
6
7
5
5
5
5
6
5
7
2
6
5
4
4
7
5
5
6
7
7
5
5
7
5
4
6
6
6
5
7
6
5
3
5
4
5
6
5
3
5
5
5
7
5
6
3
4
7
5
3
8
5
6
6
3
3
5
6
5
5
7
17
15
16
8
11
21
25
16
13
13
20
24
13
14
31
28
49
18
22
9
11
23
11
14
9
11
31
33
9
11
15
5
16
1
16
46
10
9
16
13
19
20
10
13
14
30
13
13
8
3
8
13
3
10
5
3
13
33
7
14
13
33
31
7
3
16
11
17
11
32
10
14
17
8
19
5
7
11
22
25
14
30
16
30
13
9
16
17
13
13
13
10
13
11
9
36
16
21
33
21
17
19
16
17
13
11
24
15
22
20
10
13
10
15
17
5
22
17
5
32
22
16
17
15
24
15
17
15
19
20
25
11
15
11
20
45
19
17
21
9
30
20
19
19
21
26
21
18
15
15
15
21
17
18
8
21
14
25
19
17
43
24
24
28
23
7
22
17
19
15
13
11
9
9
21
15
14
24
7
9
19
31
21
14
15
14
19
22
19
11
17
12
18
9
20
7
18
36
21
30
9
14
20
12
54
27
49
14
7
13
11
13
16
12
9
17
9
22
18
5
17
9
5
17
11
5
7
12
3
7
11
23
7
10
7
5
17
9
12
17
11
30
22
5
11
24
5
8
9
22
24
7
17
1
3
5
7
7
7
3
5
7
7
0
5
1
5
7
3
1
5
1
3
0
7
0
1
5
0
7
8
5
18
1
1
13
3
0
30
25
31
25
38
26
28
25
29
39
28
43
33
38
21
32
28
34
28
24
31
19
29
40
33
28
39
25
41
29
36
34
28
30
27
42
47
27
31
28
22
38
36
29
33
24
32
48
33
33
26
31
22
36
28
25
21
31
34
35
40
33
28
32
27
31
38
18
25
28
33
38
25
28
28
29
23
28
32
26
28
27
28
33
29
34
28
37
29
33
25
33
26
33
24
31
31
35
33
37
27
29
35
33
26
25
23
35
31
27
32
40
34
42
35
32
38
20
32
21
28
34
30
36
33
36
32
32
31
24
33
31
32
25
34
37
28
36
33
24
36
28
25
27
31
28
27
29
29
34
34
28
28
20
30
51
30
40
35
21
34
29
30
37
32
31
33
32
39
38
32
33
40
29
41
25
26
24
30
28
32
30
43
38
22
34
37
40
33
30
34
25
34
30
29
18
33
33
30
33
23
41
34
32
35
24
25
37
32
28
39
36
34
37
39
41
34
23
32
37
29
31
39
28
31
25
36
28
30
23
23
28
28
30
38
24
34
35
37
32
36
47
32
34
33
28
37
38
35
28
33
31
35
31
31
36
26
37
43
27
28
38
26
39
31
35
25
38
38
37
37
35
38
35
24
34
32
32
28
31
25
23
30
30
29
34
27
33
2
13
4
2
2
2
4
6
10
2
6
10
8
6
6
2
6
6
6
4
8
8
8
4
6
2
6
0
12
4
6
4
0
2
6
10
12
7
6
8
4
3
4
8
4
8
8
8
2
8
4
4
0
6
10
5
6
8
6
6
2
4
6
0
8
4
4
8
6
4
8
6
4
4
4
4
8
2
6
4
7
4
4
8
6
6
6
8
10
9
6
8
10
6
8
8
8
8
8
6
10
8
9
4
4
12
4
8
10
6
8
6
4
4
6
4
12
6
4
4
7
4
4
8
4
6
6
6
2
4
2
2
4
8
6
10
8
9
10
2
2
2
8
4
8
6
8
6
6
2
7
4
8
10
10
4
6
9
10
11
2
5
6
11
6
8
6
8
11
8
4
4
17
11
7
10
9
6
10
6
9
13
9
6
8
9
4
6
4
6
6
6
7
2
6
12
6
11
4
10
8
19
14
11
45
4
11
6
6
10
10
4
4
16
8
6
8
6
14
13
8
6
10
10
6
10
8
10
2
8
4
4
4
6
8
6
9
7
6
4
6
2
6
6
9
4
8
6
10
9
13
6
6
8
6
8
11
5
6
6
4
4
2
6
6
4
6
4
8
2
4
10
10
4
8
4
4
4
4
10
10
13
4
6
4
4
6
4
0
4
2
0
2
0
4
2
0
0
4
0
4
2
4
6
15
8
2
0
6
59
0
19
4
8
8
2
4
0
2
2
2
7
0
0
2
4
2
4
2
5
2
0
6
4
0
5
0
2
2
8
2
2
0
2
4
2
6
0
4
2
2
2
0
0
0
2
4
4
5
4
4
4
6
2
0
4
2
2
2
6
0
2
4
6
4
2
2
2
0
2
0
4
4
4
8
6
0
6
4
10
0
4
6
8
0
4
8
4
4
0
0
2
4
0
2
0
2
6
5
4
0
0
2
0
4
2
6
7
11
6
0
4
2
3
4
0
0
2
10
4
4
2
5
4
2
4
4
4
0
10
4
2
9
8
2
4
11
0
0
2
4
4
0
2
2
0
2
0
4
4
6
4
10
2
4
0
2
2
2
2
2
2
2
4
4
9
0
0
14
0
6
2
2
2
8
0
2
6
2
14
2
9
4
2
9
6
4
4
6
0
0
0
0
0
2
8
2
2
0
0
0
4
0
4
4
2
0
2
4
5
4
4
11
2
2
0
4
2
2
4
2
2
0
0
0
0
4
0
2
4
4
8
6
0
2
4
0
0
8
4
4
2
6
2
4
0
4
2
4
6
2
4
2
0
4
4
4
0
2
2
2
2
2
6
4
2
10
9
0
0
8
0
1
5
60
0
12
0
9
0
9
14
0
5
0
12
1
0
0
0
13
13
15
1
0
6
14
8
12
17
8
14
12
16
0
1
0
2
0
8
9
14
3
6
13
20
12
25
0
0
9
0
1
16
12
10
0
0
11
0
0
9
0
5
10
5
11
0
0
11
0
12
20
0
8
5
1
6
11
0
5
1
7
0
0
0
3
16
14
0
0
10
6
9
0
6
5
9
0
21
12
15
11
0
9
13
0
0
7
4
0
7
10
13
0
0
15
17
9
6
8
0
7
0
10
11
0
8
3
9
0
13
1
0
11
17
0
13
10
0
6
8
8
12
0
4
4
16
0
10
0
0
2
21
13
0
7
1
7
0
9
0
2
6
12
10
9
0
0
8
0
6
10
0
9
8
11
1
9
44
0
8
3
9
1
4
13
30
11
13
12
2
0
1
4
25
0
15
7
14
9
1
10
10
4
5
6
15
0
0
4
12
7
13
0
11
12
9
0
11
8
5
9
0
10
18
0
17
18
0
9
17
33
15
14
12
25
11
13
74
10
0
16
15
17
18
0
17
18
22
0
12
0
0
10
16
26
1
13
15
18
0
16
0
10
0
13
26
0
0
1
20
16
1
0
10
18
4
11
25
0
13
22
15
39
81
37
64
39
68
38
55
76
36
63
62
38
21
68
47
30
73
66
35
47
25
76
32
66
56
23
27
31
64
56
47
29
33
59
36
51
55
35
47
65
53
48
36
53
44
60
45
0
30
73
66
59
31
62
46
44
40
56
62
61
30
64
71
34
61
46
47
82
36
63
59
46
84
64
57
83
37
59
37
72
38
77
82
39
55
61
46
62
87
75
58
64
59
66
79
46
46
31
54
67
81
57
71
60
70
22
40
57
52
61
79
74
38
27
62
82
39
61
79
34
40
40
75
59
75
69
55
34
38
33
27
47
40
34
72
46
53
58
35
0
76
64
81
81
32
46
48
74
55
82
82
43
64
81
71
69
83
76
48
19
58
70
87
42
82
41
87
53
73
80
67
73
29
44
76
82
30
85
66
2
24
32
38
21
52
44
38
68
0
41
38
71
80
46
22
51
81
86
71
69
35
82
43
83
54
43
72
56
55
55
67
58
52
30
80
53
49
69
72
38
55
46
74
70
73
79
68
55
68
54
48
66
49
57
54
39
27
40
48
32
44
66
68
46
79
55
76
78
64
68
50
53
53
88
76
46
74
62
70
33
57
44
70
46
53
43
34
25
48
43
40
48
41
45
69
60
68
31
56
78
39
44
68
18
24
20
42
1
1
1
0
1
1
1
1
1
0
0
1
0
1
1
1
1
1
1
0
0
1
1
1
1
0
1
0
1
1
1
1
1
1
0
1
1
1
1
1
1
0
1
1
1
1
1
1
1
1
1
1
2
1
0
1
1
1
1
1
1
1
1
1
1
1
1
1
0
1
1
1
1
1
1
1
1
1
1
1
1
1
1
1
0
3
0
1
1
0
1
1
1
1
1
0
1
1
12
1
1
1
1
1
1
1
1
2
1
1
1
1
0
8
0
1
1
1
1
1
1
1
1
0
1
1
1
1
1
0
1
1
1
1
0
1
1
1
1
1
1
1
2
0
1
0
1
0
1
1
11
0
1
1
1
1
1
1
1
0
0
1
0
0
1
1
1
1
0
0
1
1
0
1
1
0
1
1
0
1
1
1
1
9
0
1
14
1
0
0
5
1
1
1
1
1
1
1
0
1
1
1
1
1
1
1
1
1
1
1
1
1
1
0
0
1
9
1
1
1
1
1
1
1
1
1
1
1
1
0
0
1
0
0
1
1
1
1
1
1
0
0
1
0
1
1
1
0
1
1
1
1
1
0
1
1
1
8
1
1
2
1
8
1
1
1
0
1
0
0
0
1
1
1
0
1
1
1
1
1
1
1
1
1
0
0
1
1
0
4
2
2
0
4
2
0
0
4
4
2
0
0
4
2
2
2
2
2
2
2
0
0
2
0
6
0
0
4
4
2
4
2
2
0
0
2
2
2
0
2
0
0
0
0
0
0
4
2
2
2
4
0
0
2
2
10
0
4
0
2
2
2
4
6
2
4
0
2
6
0
2
2
2
2
0
0
0
2
2
0
0
0
4
2
2
2
2
6
4
4
2
2
2
0
0
2
0
4
2
2
0
6
4
2
2
4
2
0
2
2
0
4
2
2
0
2
0
2
0
0
4
4
2
0
6
4
0
2
2
8
2
2
0
0
2
2
0
4
2
2
4
2
2
6
0
0
2
2
4
6
4
6
8
4
2
2
0
2
0
2
4
2
2
2
0
4
2
0
0
0
0
0
0
4
0
2
0
4
2
6
0
2
2
4
2
4
6
4
2
2
4
0
0
0
0
0
0
0
0
2
0
0
4
0
0
0
2
0
0
0
0
6
2
6
2
0
0
6
0
0
2
0
0
0
2
0
2
2
4
2
2
0
0
0
0
0
2
2
0
2
2
0
0
0
2
0
0
2
4
0
2
0
2
0
0
0
0
2
0
0
2
0
0
4
2
0
4
2
2
0
6
2
0
0
0
0
2
2
2
0
4
4
0
0
2
0
