2
4
0
0
2
2
2
0
0
2
0
0
6
0
4
0
0
6
2
2
0
2
8
2
2
0
0
0
2
4
2
4
4
4
2
4
2
4
2
0
6
4
4
2
0
0
6
10
2
2
2
2
4
10
6
4
2
8
4
10
2
2
2
0
4
2
8
4
4
6
4
2
6
2
2
8
4
0
0
6
2
2
8
2
4
4
0
4
8
2
8
4
6
2
2
4
2
0
4
2
4
2
2
0
0
0
4
4
2
2
0
4
2
0
4
4
10
0
6
2
0
84
0
4
2
4
0
4
2
2
6
2
2
2
4
0
4
2
0
0
6
0
90
2
4
0
4
6
0
0
73
6
2
4
2
0
2
2
0
8
0
6
2
8
0
4
2
4
2
2
10
6
4
2
4
4
79
2
4
6
6
2
0
2
2
8
4
2
6
2
2
6
6
0
6
0
4
0
2
4
6
2
2
4
3
2
4
86
4
2
4
2
6
6
2
4
4
4
2
4
2
2
8
8
6
2
2
0
4
4
80
4
0
2
2
2
6
0
0
0
2
0
4
6
4
0
2
4
4
6
4
2
0
2
8
6
0
8
2
10
4
6
2
2
2
4
4
6
2
4
2
6
4
6
2
6
0
6
0
0
2
0
0
4
4
0
4
2
2
0
0
4
2
0
0
2
2
0
6
2
0
2
0
4
0
2
0
0
56
2
2
4
0
0
4
0
2
0
2
2
0
2
6
0
79
0
4
2
4
2
2
65
0
2
4
6
2
2
2
6
0
0
8
2
2
0
2
2
0
4
0
4
4
0
4
2
0
0
0
0
2
2
2
2
0
2
2
0
0
2
2
0
0
0
0
0
0
4
0
6
60
4
6
4
0
2
2
0
0
0
2
2
0
0
4
4
4
2
2
2
4
0
0
4
0
0
4
0
0
0
2
4
0
2
2
2
6
4
0
2
2
0
0
0
6
0
4
2
2
4
2
6
0
0
0
6
0
0
6
2
0
4
4
0
4
2
2
0
2
0
0
2
4
0
2
0
4
2
2
4
2
0
2
0
2
2
0
0
4
2
2
0
0
0
2
2
0
0
0
2
2
0
4
4
2
2
0
4
0
0
2
2
2
8
0
2
0
0
0
0
0
4
0
0
4
0
2
0
4
0
0
0
2
2
2
2
2
2
2
4
4
0
4
0
4
2
2
2
4
2
0
0
2
2
0
2
0
2
2
2
4
2
2
2
0
4
2
4
2
4
2
0
0
2
4
0
2
0
2
2
2
0
2
4
0
4
0
0
6
2
4
0
2
2
0
0
8
8
12
8
8
66
12
10
6
9
6
6
6
4
4
4
8
6
6
10
4
4
4
7
6
8
10
6
8
4
10
6
8
6
10
10
15
14
12
6
8
6
4
8
8
4
6
10
6
12
2
2
4
4
0
4
0
2
4
0
2
2
4
4
59
2
0
2
4
4
2
2
0
4
4
4
2
2
2
2
0
0
0
0
2
4
0
2
0
0
2
2
6
0
2
0
0
2
2
6
2
16
4
4
2
2
2
0
4
4
4
4
0
4
2
2
4
4
2
2
0
4
4
0
2
0
0
4
0
6
2
2
2
4
2
0
0
0
6
2
0
2
4
2
4
4
2
10
2
2
4
4
2
6
6
6
4
4
2
0
6
2
0
2
2
2
2
2
2
2
2
4
0
2
4
2
0
2
2
4
2
6
0
4
2
0
2
4
0
6
2
6
2
6
2
2
6
4
2
2
0
4
6
6
8
4
2
4
2
4
2
4
2
2
4
29
4
2
2
2
2
2
4
4
2
2
4
0
2
6
2
4
2
4
4
4
2
2
4
2
6
0
0
0
0
4
2
4
2
0
4
2
2
0
0
4
2
2
0
2
4
2
4
0
0
10
0
4
2
4
0
0
0
0
2
2
2
2
0
2
2
0
4
0
2
4
0
0
4
6
4
4
4
4
4
6
4
4
4
4
4
4
4
4
4
4
4
6
4
4
4
4
4
4
4
4
2
4
4
4
4
4
4
4
4
6
4
6
4
4
4
4
4
4
4
4
4
6
4
4
6
4
2
2
2
2
0
2
2
2
2
0
2
2
2
4
4
2
4
4
2
4
2
4
2
2
2
2
4
2
4
4
4
2
2
2
0
4
2
6
2
4
0
2
4
2
2
0
2
2
2
0
4
4
4
4
2
4
2
2
2
4
2
4
2
6
0
4
2
4
4
4
0
4
2
2
4
4
2
2
4
2
4
2
4
0
2
6
2
2
0
2
6
0
0
6
4
4
4
6
8
2
4
2
4
4
4
2
2
0
4
2
2
4
4
2
4
4
2
4
0
2
2
4
4
0
4
4
2
4
4
6
2
2
4
6
6
4
2
4
2
6
4
2
6
4
4
2
4
0
4
6
4
4
4
0
2
0
4
6
4
4
2
4
6
4
2
4
4
0
4
2
4
2
2
6
4
4
2
2
2
6
4
6
4
0
4
0
2
2
2
0
4
4
4
2
6
2
4
4
2
4
2
2
0
4
4
2
4
2
6
2
4
4
2
6
2
0
0
4
4
4
2
6
4
4
6
4
4
4
6
6
2
2
0
2
84
51
38
89
32
40
49
44
42
46
45
31
36
42
62
31
34
57
63
46
53
44
31
49
66
87
40
63
55
38
45
31
28
65
62
45
48
89
38
44
49
43
48
43
68
50
76
47
50
49
67
46
46
41
88
33
88
88
76
41
50
49
48
46
43
64
48
39
24
49
47
45
62
58
91
47
45
49
47
35
69
81
46
42
90
51
47
36
46
47
49
51
93
90
49
48
49
70
55
46
49
61
66
47
46
90
33
40
68
72
49
46
45
93
46
37
48
65
78
44
64
57
86
42
42
57
33
82
46
72
37
24
22
35
47
45
55
47
52
44
48
54
40
51
58
66
60
29
46
66
46
30
36
49
85
44
45
48
61
35
40
63
72
44
34
56
48
47
49
85
49
43
27
50
49
39
65
62
48
36
54
45
54
42
46
49
49
40
41
81
47
40
28
49
39
43
31
48
37
38
37
89
90
42
75
73
56
36
84
47
60
36
23
46
81
41
58
81
85
43
48
67
64
44
52
70
81
46
49
79
51
63
35
35
66
45
32
40
51
46
42
46
47
43
64
47
72
47
46
44
41
42
64
64
45
46
38
42
37
36
60
42
51
45
31
49
69
44
45
48
45
41
47
70
48
44
41
46
33
46
30
51
49
33
33
48
45
35
2
6
2
2
21
4
7
1
17
2
2
2
2
4
0
4
4
4
0
2
0
2
4
0
3
2
15
17
2
6
9
4
2
2
2
0
2
2
5
4
3
6
0
4
9
6
2
17
3
4
4
0
6
2
6
4
4
17
2
2
5
2
5
6
17
5
2
5
2
4
2
4
2
4
0
6
6
0
2
13
4
2
6
2
4
0
5
6
6
0
31
0
4
33
2
4
4
4
4
4
4
4
4
4
7
2
6
2
19
2
17
5
5
4
4
2
6
0
15
2
2
0
2
4
2
5
9
0
2
4
13
3
2
2
6
3
2
3
2
2
2
2
13
4
2
4
5
15
3
4
2
4
4
2
4
3
2
13
5
17
3
4
4
5
2
2
6
2
2
2
3
0
6
11
0
4
4
2
5
2
0
4
6
5
15
0
5
4
5
4
4
2
7
4
7
4
6
2
3
5
6
5
2
5
4
0
5
2
5
0
4
3
4
6
0
5
0
5
7
3
4
4
4
4
4
6
5
2
5
2
2
2
7
3
0
4
4
0
0
2
2
4
21
4
4
0
0
5
5
17
7
19
4
7
13
0
2
2
5
5
7
9
9
2
0
7
4
0
4
2
2
4
2
0
2
0
5
7
2
7
5
0
2
6
2
9
4
4
12
4
4
0
13
6
2
2
4
4
6
8
6
12
0
8
8
0
0
2
0
4
2
0
4
0
4
2
6
4
10
2
10
10
6
2
2
6
4
8
2
2
2
4
6
12
4
6
2
2
0
2
2
2
0
2
2
4
2
2
4
4
8
2
4
6
6
7
2
0
17
6
4
2
6
2
0
2
2
2
2
13
4
0
4
0
0
0
4
2
4
8
6
2
0
10
0
0
4
0
4
2
0
6
12
14
0
15
10
0
6
2
4
2
0
4
4
0
6
2
0
0
2
10
4
2
10
10
8
2
4
4
0
2
0
6
2
2
2
4
0
2
0
8
4
12
11
8
0
0
4
8
2
8
0
2
2
4
4
6
2
0
6
6
6
0
8
4
0
27
6
2
2
2
4
10
4
4
4
10
2
4
6
2
2
4
0
2
8
8
6
4
2
89
0
2
2
0
2
6
4
0
2
6
0
6
4
0
6
4
8
0
0
6
0
0
6
4
0
6
2
6
11
13
10
0
4
2
0
8
6
4
6
5
2
6
4
14
4
2
6
4
15
6
6
8
6
4
6
4
13
6
2
2
6
2
0
8
8
4
2
14
6
4
4
4
2
2
4
2
2
6
2
2
4
6
6
4
17
0
6
4
4
14
2
7
10
4
19
11
14
24
7
15
15
8
28
13
13
13
9
8
11
17
7
15
28
23
10
19
11
13
17
13
4
8
12
21
22
7
25
21
22
32
37
13
6
25
25
13
24
4
19
15
15
17
10
15
13
38
13
23
8
16
21
60
15
17
38
43
11
4
13
11
15
19
13
18
15
9
17
34
2
4
12
8
11
45
11
8
17
13
8
9
11
2
15
25
18
9
0
6
2
4
2
6
6
4
4
4
6
12
27
4
5
4
11
4
4
2
4
2
4
9
42
6
2
4
4
8
6
4
4
4
6
2
4
4
5
4
2
2
2
2
2
4
6
6
6
2
9
4
4
0
2
4
2
2
2
4
2
2
6
4
2
6
6
6
2
6
6
4
0
2
4
0
2
6
4
2
6
2
2
2
6
2
4
4
4
2
4
6
4
2
6
6
6
6
6
4
4
6
4
2
2
2
4
9
2
2
4
4
6
2
6
10
15
11
17
19
15
15
15
23
13
11
26
11
17
15
13
17
25
13
26
13
7
8
18
21
17
17
19
7
19
17
21
30
9
29
11
19
17
19
25
15
21
18
17
8
11
10
13
13
4
23
15
31
27
10
21
13
12
33
9
21
12
23
6
8
19
15
6
13
11
7
8
4
13
8
8
11
8
17
4
6
10
9
13
12
9
9
11
8
9
11
9
6
6
15
6
4
8
8
7
8
9
10
8
17
10
8
6
11
11
15
10
10
8
11
6
19
8
13
10
4
6
13
10
15
10
19
6
6
6
8
10
8
11
8
10
17
15
17
19
19
11
55
16
16
19
13
21
9
19
13
19
17
15
22
11
18
13
19
31
19
13
10
13
21
8
8
19
15
6
10
6
10
8
10
10
12
13
15
8
7
4
6
17
8
10
12
13
10
6
11
10
5
7
4
23
11
10
11
13
6
5
6
8
9
15
8
8
6
15
11
8
8
8
11
10
13
6
9
11
11
10
11
13
8
15
6
8
4
7
11
10
9
13
46
13
15
19
21
15
17
15
11
27
11
15
21
25
28
13
26
19
15
33
25
23
34
13
15
25
27
15
33
40
11
31
34
34
40
30
46
17
33
37
22
11
40
32
17
15
28
9
34
19
33
27
35
40
19
9
31
36
27
11
11
25
34
32
30
27
21
15
42
50
36
25
27
23
29
33
13
27
18
15
8
13
13
24
19
18
9
34
25
30
16
32
9
15
29
22
7
21
22
42
37
13
20
17
32
28
22
32
15
26
23
18
13
36
25
44
31
9
30
15
15
33
20
21
6
23
32
35
15
30
17
62
24
44
34
1
32
0
0
3
0
3
0
7
7
0
0
0
1
0
7
10
0
0
1
24
3
0
28
1
0
0
3
36
0
0
33
0
5
0
0
36
1
11
24
0
0
0
0
3
0
0
7
3
1
7
5
5
1
3
40
1
7
0
1
1
44
3
1
11
1
3
7
5
1
0
0
33
9
1
3
7
0
7
1
3
9
0
1
1
7
1
0
1
1
7
0
0
0
3
1
11
5
10
3
0
32
7
1
0
7
5
5
7
31
3
0
1
7
1
1
5
9
5
9
1
1
28
1
0
7
0
1
3
7
34
3
1
7
1
0
7
7
3
30
0
3
3
1
8
11
3
1
7
7
7
5
41
5
3
7
5
5
5
9
1
7
5
1
3
7
1
0
1
5
9
7
1
1
1
10
3
1
0
0
5
0
9
5
0
0
1
30
9
11
1
5
7
0
7
3
1
10
3
1
5
1
3
1
1
3
1
0
3
3
9
3
5
11
9
5
11
7
3
0
36
0
1
9
0
3
0
3
0
1
0
41
0
1
81
1
0
9
1
7
10
8
1
1
5
5
5
5
32
0
3
1
0
54
3
1
0
3
0
1
5
0
11
9
1
1
3
3
1
7
1
0
41
3
9
1
3
0
5
1
3
3
3
3
24
9
7
1
