9
9
11
0
7
9
7
6
7
11
15
7
5
7
13
6
21
7
13
11
41
6
22
11
13
15
14
10
9
13
17
7
6
9
13
59
11
11
7
9
9
9
7
7
14
11
7
5
13
9
7
17
13
11
15
13
9
9
6
8
4
23
9
13
7
9
9
14
15
19
8
12
8
5
22
7
9
17
11
17
6
9
7
5
8
7
5
18
7
6
11
5
4
7
9
11
4
15
13
7
5
11
7
25
17
9
15
9
7
0
12
9
14
11
7
16
13
13
69
6
7
12
7
4
9
13
33
11
9
19
48
28
4
16
4
23
29
7
4
7
18
4
7
6
11
9
7
7
9
11
4
11
11
12
10
7
13
9
7
11
12
58
7
9
11
7
16
4
7
15
5
14
11
19
7
9
13
9
9
17
5
16
6
9
18
13
5
7
11
6
5
7
6
11
7
11
17
3
11
16
26
9
18
6
5
9
22
18
6
18
7
5
15
12
23
10
3
7
15
11
7
9
8
15
6
7
13
5
6
46
9
7
18
5
11
7
17
7
7
29
9
3
6
4
12
7
6
7
9
6
17
13
6
15
11
5
9
7
10
33
7
7
7
29
11
7
8
5
7
7
10
4
7
5
8
10
11
9
9
13
11
9
5
18
6
9
5
7
31
26
22
5
18
12
24
11
15
6
7
16
7
15
9
0
20
7
13
13
9
6
7
6
9
9
8
6
9
19
9
4
7
9
9
5
29
5
12
56
16
11
4
16
22
27
10
27
15
7
16
11
29
4
22
11
15
33
35
13
12
16
7
17
20
44
15
9
12
11
9
23
19
14
29
14
29
10
17
31
35
38
53
12
9
49
15
2
12
27
33
41
18
48
59
13
36
17
25
18
63
44
33
11
49
40
22
50
33
0
35
67
55
18
71
13
45
24
9
9
22
32
15
36
37
20
15
35
55
48
33
34
46
17
12
14
31
28
15
18
22
42
22
36
28
11
41
24
33
23
31
31
18
41
35
9
27
18
38
0
51
16
38
17
42
24
28
9
68
27
22
18
44
34
40
54
35
33
46
11
49
14
35
66
45
21
1
27
44
55
18
40
40
37
17
29
32
40
32
42
50
41
37
34
38
37
42
8
32
49
39
52
68
22
45
22
34
21
45
18
36
53
27
42
22
39
39
26
30
31
28
18
60
14
32
25
12
33
37
26
4
23
19
15
20
20
13
20
21
0
28
19
20
12
9
10
9
9
44
16
9
13
24
30
16
10
16
17
16
9
25
10
27
26
27
19
18
7
16
7
66
10
16
12
21
18
38
16
2
6
2
4
2
10
6
8
6
6
8
6
6
8
8
8
4
6
4
8
8
6
2
10
8
2
12
4
4
4
6
4
4
2
10
4
10
2
4
6
10
8
8
2
6
8
2
2
8
0
6
4
0
4
6
8
4
4
4
4
2
6
2
2
0
4
6
4
10
4
6
6
6
0
18
8
4
4
6
6
4
8
8
4
4
4
0
4
6
2
4
6
6
4
8
2
8
4
6
4
4
10
8
8
6
4
10
10
6
8
10
10
8
10
10
14
4
10
4
10
12
4
8
6
8
4
6
4
8
8
6
8
6
12
6
6
6
4
6
4
12
6
8
6
6
10
6
10
8
6
8
8
4
4
6
6
6
8
8
8
12
6
8
8
6
4
12
6
6
10
4
6
8
6
8
8
8
10
10
6
8
16
6
10
10
8
8
4
8
4
6
6
8
8
6
10
6
6
6
2
6
10
6
4
8
6
10
6
6
4
4
4
10
6
6
6
6
12
4
4
4
12
4
4
4
4
0
6
2
4
4
6
2
2
4
6
6
6
4
6
6
12
8
6
2
2
4
4
2
6
6
6
8
2
6
6
0
0
0
0
4
2
0
2
0
2
0
0
0
2
0
2
0
0
2
6
8
0
4
2
2
0
0
2
2
2
2
0
54
68
61
77
83
79
49
52
51
66
58
69
53
46
84
87
72
83
79
57
48
58
70
80
47
65
83
64
40
73
56
54
81
75
60
83
83
83
61
75
63
68
71
63
82
52
44
77
55
82
59
77
72
77
72
77
82
77
68
56
60
79
48
46
79
57
86
52
80
75
74
69
41
68
73
83
84
67
70
85
53
61
60
68
45
64
73
84
62
71
54
55
77
76
76
80
44
82
49
80
81
80
47
64
75
80
48
75
74
68
88
46
71
48
74
87
68
69
56
56
50
75
80
53
53
47
58
76
78
55
53
65
83
73
69
71
45
42
63
51
55
71
72
44
64
73
78
76
86
36
72
79
45
50
65
44
77
98
92
87
90
85
88
86
91
87
90
90
87
85
91
90
91
89
93
94
90
90
92
90
91
84
94
90
87
77
94
82
77
89
51
90
87
88
85
67
87
88
90
73
89
90
62
78
88
86
85
56
73
91
86
77
93
91
84
89
92
91
89
85
66
84
89
86
92
93
70
91
90
81
85
91
86
86
87
84
90
89
93
89
76
91
92
89
86
77
91
86
87
88
93
91
94
93
74
84
71
92
93
81
89
91
92
79
92
90
95
71
93
69
94
86
95
93
88
90
91
91
77
94
89
76
86
71
89
78
96
93
12
12
0
15
16
10
10
6
4
8
10
12
6
29
6
8
14
8
6
12
14
8
2
6
8
6
6
6
10
4
4
15
8
8
10
12
8
16
10
8
2
6
4
8
14
10
8
12
12
12
17
8
23
6
19
12
6
6
8
10
8
14
18
13
10
14
19
10
4
15
14
15
8
6
6
12
10
16
8
23
4
23
12
10
8
21
8
4
14
14
8
16
14
8
13
8
10
17
10
25
17
10
14
27
17
6
21
14
10
8
16
12
11
12
12
13
23
15
12
8
17
15
17
33
23
23
17
17
15
4
13
15
10
27
12
12
19
15
6
33
14
7
17
12
21
23
12
14
8
23
25
16
8
10
16
4
10
6
6
6
2
17
19
12
10
11
17
12
4
10
35
12
39
12
23
27
6
0
10
21
8
12
21
8
8
17
23
17
12
4
19
17
12
50
19
21
8
8
23
8
6
10
17
4
19
17
33
17
21
14
74
15
10
23
8
12
21
17
12
14
15
14
14
27
10
23
19
0
4
19
19
12
19
21
2
25
6
29
10
21
14
25
12
17
14
18
19
14
8
23
8
16
19
6
17
12
31
6
2
8
19
21
6
6
8
12
19
14
12
14
8
17
6
10
25
14
8
33
14
12
19
12
4
21
10
25
8
14
5
15
19
13
7
11
12
13
50
13
9
4
13
11
6
13
18
17
10
13
16
9
17
11
13
9
18
8
17
15
9
25
22
9
10
16
19
15
10
9
15
8
11
19
20
15
16
32
17
38
19
22
14
46
41
36
45
2
43
42
19
40
66
13
53
22
36
25
44
41
33
41
13
53
17
77
25
22
65
31
26
45
71
17
31
21
43
45
13
28
20
27
31
30
54
44
52
43
40
30
15
33
37
11
21
43
13
8
8
13
13
10
22
34
15
16
11
11
26
15
13
17
7
34
13
17
8
13
30
27
9
13
29
31
24
19
9
13
8
7
11
9
43
42
9
24
13
24
57
6
10
12
11
15
10
11
34
9
7
19
29
15
6
26
9
9
6
13
10
8
7
36
21
13
56
17
10
22
27
11
4
23
26
10
13
9
5
26
11
37
10
5
11
27
35
15
11
11
29
54
22
20
35
47
33
35
15
40
26
20
10
21
29
44
21
35
15
57
30
15
24
28
31
18
29
34
17
24
47
15
35
15
27
32
10
36
56
13
44
33
50
46
18
50
49
19
33
29
28
50
28
46
34
32
13
26
29
9
25
18
29
26
13
12
8
8
25
15
19
20
13
31
16
9
19
19
10
13
17
34
34
9
0
10
6
52
37
27
6
4
0
0
6
4
4
6
6
6
4
4
6
6
2
2
83
2
0
8
0
6
4
0
4
6
0
2
8
6
6
4
4
4
4
6
0
4
0
0
6
6
0
2
4
6
6
4
0
4
0
10
4
0
2
0
6
2
0
4
0
0
8
0
0
4
6
0
0
2
98
0
2
4
0
2
10
0
0
0
0
4
2
4
2
4
2
4
0
4
2
0
2
4
0
4
2
0
0
2
6
2
0
0
4
4
2
2
4
0
2
8
2
4
0
6
4
4
0
8
0
0
6
6
0
6
6
4
2
6
6
8
2
8
2
8
6
6
10
4
12
8
8
0
6
6
4
2
2
2
2
6
2
6
0
6
2
0
0
8
4
6
6
4
0
10
6
0
0
10
6
4
6
10
4
0
8
6
0
4
8
4
6
8
0
0
99
0
6
4
12
4
4
0
8
6
6
8
4
0
6
4
2
6
6
2
6
8
4
4
0
0
2
2
4
0
8
0
10
2
6
8
6
2
2
0
4
8
8
6
6
6
2
0
6
8
2
6
6
0
0
10
4
0
0
2
6
4
4
6
4
0
4
2
2
2
0
0
8
2
4
0
0
0
2
6
2
2
6
6
6
6
4
6
2
0
2
6
4
6
0
2
0
6
6
4
6
2
21
2
63
57
0
0
0
0
0
4
2
0
2
2
38
7
23
0
0
4
0
7
23
10
90
4
84
0
0
0
0
0
0
58
42
29
7
13
23
0
0
0
0
0
0
7
2
37
4
2
32
4
2
2
23
46
0
0
2
36
2
0
33
38
0
0
0
0
0
8
4
2
26
25
28
0
0
0
0
0
2
4
0
4
17
5
6
46
0
0
0
0
0
47
2
6
24
9
26
0
0
0
0
0
0
4
2
3
0
0
16
0
0
0
71
0
0
2
86
0
25
4
27
48
78
0
0
0
0
4
31
34
6
2
5
37
0
0
0
0
2
3
28
29
0
2
7
31
0
0
0
0
0
95
5
26
2
2
77
65
0
0
0
0
0
4
5
29
6
5
4
46
0
0
0
0
0
66
4
0
26
2
2
33
0
0
0
0
0
0
7
22
2
3
5
7
0
2
0
0
0
0
2
3
2
4
4
48
3
0
0
0
0
38
0
38
4
2
35
4
34
0
0
0
0
2
0
4
23
2
57
30
0
0
0
0
0
70
4
4
0
0
0
1
0
0
0
0
0
5
2
42
0
4
27
0
9
0
4
0
0
0
11
2
7
10
4
2
0
0
0
0
0
14
3
94
2
49
0
0
0
0
0
0
0
9
4
2
0
0
18
74
9
30
0
61
0
15
41
9
0
0
7
14
27
17
0
9
2
17
25
2
30
5
19
36
0
0
0
0
0
26
0
0
5
0
9
12
3
2
45
33
25
33
0
36
34
29
12
5
81
3
0
2
10
29
76
2
0
21
66
0
0
0
0
0
0
2
0
0
0
0
0
41
0
72
0
2
5
5
5
24
0
22
2
31
26
34
5
0
0
27
0
0
0
2
2
47
48
0
37
25
27
28
2
14
7
4
0
23
28
0
0
0
0
0
0
0
0
0
14
24
29
26
0
9
21
24
0
2
3
34
3
3
15
29
0
0
0
2
0
0
0
0
0
45
0
5
2
5
5
40
0
0
2
9
2
84
71
0
0
0
0
0
0
0
0
0
0
4
17
7
2
28
3
0
0
0
2
0
20
2
12
0
2
63
0
3
66
0
25
1
0
70
26
12
39
0
0
0
3
69
0
2
2
3
7
70
31
0
0
0
0
0
29
31
4
26
0
2
56
42
15
36
29
2
0
0
0
0
2
28
0
25
3
0
0
7
0
24
0
0
10
8
0
31
0
23
51
0
0
0
0
23
59
37
0
3
2
63
2
2
0
2
0
2
3
52
0
4
0
0
0
0
0
0
0
0
6
2
8
2
1
4
39
2
7
5
13
5
37
5
5
26
11
3
35
33
9
3
9
3
5
9
7
3
3
3
3
5
3
17
9
3
23
17
5
1
17
9
3
65
5
50
11
9
52
9
5
22
7
9
2
5
9
15
3
7
3
3
3
45
26
2
39
1
3
5
15
2
7
42
5
3
11
7
15
3
7
3
7
3
7
5
2
3
39
1
3
3
3
45
5
2
38
5
5
5
3
3
7
11
3
3
1
3
3
5
3
9
9
3
3
13
19
5
7
3
31
3
5
7
3
66
52
7
3
9
5
5
72
55
5
5
13
5
17
7
9
5
74
7
11
3
21
49
5
13
42
26
2
3
5
37
31
1
3
33
3
48
3
9
7
3
50
7
3
5
3
23
7
7
11
7
5
17
7
13
11
11
19
9
5
21
21
3
5
3
1
5
7
16
17
3
3
3
26
5
11
5
17
5
16
2
5
5
13
5
11
11
9
5
3
7
7
7
9
3
9
9
11
7
9
19
11
13
21
5
11
5
9
11
5
21
5
5
17
21
3
15
9
34
7
9
5
11
7
5
3
31
9
5
5
5
15
11
9
3
5
3
9
5
7
7
27
7
3
24
19
33
15
9
3
21
5
9
9
5
9
13
9
7
9
15
9
26
27
11
7
9
29
7
9
13
