6
6
7
8
4
4
8
11
4
0
6
8
10
0
24
13
2
8
10
6
8
8
11
7
6
2
15
29
9
9
4
2
4
8
8
8
8
6
10
6
4
17
9
6
7
4
8
14
17
6
10
11
9
13
13
18
9
4
11
10
19
15
13
11
20
9
15
6
15
11
13
11
13
6
6
13
13
11
12
8
13
22
10
19
15
14
6
7
9
8
17
21
15
23
13
10
7
9
24
15
18
11
15
15
25
6
10
9
6
11
13
10
9
15
10
9
6
19
19
22
13
21
17
14
6
11
9
9
27
17
7
11
8
9
15
11
17
15
25
10
16
23
13
17
19
23
11
9
15
22
26
6
13
23
22
9
13
22
19
23
23
9
9
19
8
26
24
27
13
11
20
15
11
11
10
9
4
13
11
21
17
14
40
14
7
2
10
3
6
4
11
4
2
6
6
2
11
2
8
13
6
4
11
9
6
10
5
12
4
7
8
4
9
8
8
0
11
6
11
2
10
10
6
6
6
9
0
6
6
6
10
6
6
6
2
6
4
11
4
13
4
8
6
6
2
6
13
2
4
2
4
6
6
4
6
2
2
2
2
0
2
4
4
4
4
5
6
4
6
6
2
4
0
2
7
4
8
9
2
5
15
2
3
2
6
11
8
13
7
7
11
0
7
7
2
2
7
1
0
9
3
0
7
5
3
13
5
3
2
0
3
3
7
11
7
7
5
3
5
0
5
0
3
3
3
5
9
2
2
11
5
5
7
7
11
9
7
5
1
5
7
5
5
2
3
7
9
2
3
7
9
9
7
2
5
9
9
5
9
5
5
9
7
13
2
9
9
5
11
5
7
3
11
5
3
11
7
5
3
11
15
13
5
3
5
15
13
7
11
7
13
11
7
9
5
5
11
3
3
9
7
17
11
9
9
9
7
5
9
5
3
5
9
5
9
15
19
9
3
7
11
7
19
7
7
9
19
11
5
11
11
19
7
2
9
7
7
19
13
39
13
9
7
23
9
9
2
13
15
15
11
11
9
9
11
7
5
5
11
13
11
5
3
9
5
15
13
9
7
17
5
11
11
11
2
7
11
5
7
13
11
5
58
5
5
5
3
17
15
3
3
9
7
9
3
11
9
9
5
9
3
11
7
5
7
3
5
3
5
9
9
9
7
5
2
11
11
5
7
5
11
11
3
9
5
5
5
11
9
9
5
3
9
15
15
5
13
5
9
5
3
9
15
7
3
7
7
11
3
3
2
3
2
5
7
5
0
5
2
3
5
2
2
7
9
3
7
5
19
7
9
5
3
9
7
3
41
0
0
0
6
6
0
2
57
0
2
87
0
2
2
0
2
4
0
0
4
2
4
2
0
4
4
0
6
0
0
0
0
0
4
0
0
0
0
0
4
0
0
0
0
0
4
0
2
0
0
0
4
0
0
61
0
0
10
0
0
2
0
0
2
0
0
0
0
0
2
0
0
0
0
0
4
0
0
4
0
0
4
0
0
2
0
0
67
2
2
0
0
2
0
2
0
0
4
2
0
4
0
6
0
0
0
0
0
0
2
2
2
4
0
6
2
2
0
2
0
2
0
0
4
0
2
2
0
0
2
51
0
6
74
0
0
0
0
6
4
0
0
0
0
2
4
0
2
0
52
4
2
29
4
2
2
4
6
4
0
0
0
0
12
0
0
0
4
2
0
2
4
2
58
0
6
2
0
2
0
4
0
0
0
0
0
4
2
0
0
49
2
0
82
0
4
6
0
0
58
0
0
2
2
0
0
0
0
0
2
0
0
0
2
0
4
0
53
0
4
0
26
2
0
2
0
4
29
2
0
21
2
6
2
0
0
2
33
0
2
4
8
0
2
18
4
0
2
2
4
0
0
4
6
22
2
2
4
0
2
0
0
28
2
4
23
4
0
0
21
0
2
22
2
0
19
0
2
0
2
4
19
2
2
28
0
2
0
3
0
5
1
3
1
0
1
3
3
3
11
19
3
5
5
3
1
5
3
5
5
5
0
3
3
1
1
13
3
3
3
9
3
3
3
3
7
5
5
1
5
5
0
5
5
1
7
5
1
0
1
5
7
1
5
9
3
3
0
1
3
3
3
5
5
3
5
1
1
1
1
1
5
3
1
1
5
1
3
0
1
5
5
5
11
1
5
3
0
9
3
5
5
3
0
3
0
3
1
1
3
3
1
13
7
3
1
0
3
3
5
1
5
1
7
3
0
1
1
1
3
7
1
9
3
3
5
3
3
3
3
3
0
7
1
11
3
1
5
3
3
9
5
1
5
3
5
1
3
0
3
3
1
5
1
5
0
1
1
5
0
3
3
3
1
9
1
5
0
0
5
3
3
0
13
3
5
7
9
3
1
3
5
5
0
7
7
1
1
1
0
7
3
3
1
3
3
7
1
1
3
1
3
5
5
1
9
11
3
3
5
0
5
0
3
3
0
5
1
3
3
5
0
1
5
3
3
3
9
1
0
5
5
1
7
3
1
0
1
3
3
1
3
1
3
0
3
5
0
1
9
3
9
5
5
7
1
0
0
3
1
1
3
3
5
9
5
0
5
3
1
3
5
3
5
1
1
5
5
3
1
5
3
1
1
3
4
10
8
4
10
4
4
6
10
6
10
0
4
8
6
2
12
2
8
4
4
12
4
4
6
2
6
0
4
4
4
6
4
4
12
6
4
6
16
6
6
4
2
8
4
4
10
6
6
4
8
6
6
2
6
4
19
27
6
8
6
6
6
8
18
16
6
8
10
10
10
8
6
6
8
6
13
10
19
4
12
18
6
4
4
4
2
4
4
2
6
2
10
8
8
12
12
6
8
2
4
8
24
19
6
26
2
6
8
2
4
6
8
2
4
6
4
6
4
82
4
4
2
14
2
8
4
6
0
6
4
4
6
14
8
4
8
2
4
4
8
8
4
4
11
4
4
4
12
8
4
4
6
2
8
4
4
10
2
6
10
6
6
8
8
6
10
6
6
4
8
8
6
6
6
10
8
6
8
6
4
12
2
10
4
6
4
2
2
8
6
4
10
4
4
10
6
12
15
4
22
6
8
4
8
6
6
6
8
6
4
4
4
2
4
4
2
4
8
8
8
6
6
8
4
2
2
8
6
2
2
0
4
0
10
13
4
6
10
4
4
6
6
2
10
2
2
6
8
8
6
6
8
10
18
6
10
10
12
6
4
6
4
4
13
12
2
6
12
8
10
4
4
6
6
10
6
10
9
8
6
4
8
8
4
10
8
4
0
2
2
0
2
0
0
2
2
2
2
0
0
2
0
0
2
2
2
2
0
0
0
0
2
0
2
0
0
2
0
2
2
0
0
2
2
0
2
0
0
2
2
2
0
0
2
2
2
0
2
0
2
2
2
2
4
0
2
2
2
0
0
2
2
2
0
2
2
2
0
0
2
2
2
2
4
2
0
0
0
2
0
0
0
0
0
4
2
2
0
2
2
2
2
2
2
2
2
0
2
2
0
0
0
2
2
2
2
2
2
0
2
0
0
0
2
0
4
2
2
2
0
2
2
2
2
0
2
0
4
0
2
2
0
0
0
2
0
2
2
2
0
4
2
2
2
0
0
2
4
2
0
0
0
2
0
2
0
0
2
2
0
0
0
0
2
2
0
2
2
0
0
2
0
2
2
0
0
0
0
0
0
0
2
0
0
0
0
2
2
0
0
0
2
4
2
2
0
0
0
2
2
2
2
2
0
2
2
0
0
2
2
0
2
0
2
2
2
0
0
2
0
2
0
0
0
0
0
0
2
2
2
2
0
2
0
2
2
2
2
0
0
2
0
0
2
2
0
0
0
0
0
2
2
0
2
2
0
0
0
0
2
2
2
2
2
0
0
2
2
2
0
2
2
0
0
4
2
0
2
2
0
2
0
0
0
2
9
11
11
9
9
18
16
11
3
12
7
5
9
13
5
7
5
9
13
13
28
11
15
9
13
11
14
11
20
7
24
11
3
7
9
9
5
11
9
13
5
21
9
13
7
7
11
9
15
9
9
7
15
5
5
13
7
15
9
19
21
15
9
9
13
11
9
17
15
5
7
17
19
11
19
15
13
9
13
9
1
9
23
7
11
17
9
3
13
7
7
13
5
17
13
5
11
11
9
20
17
9
17
12
5
13
17
13
25
16
17
15
15
11
5
15
13
9
17
17
14
7
7
23
20
11
15
11
11
13
11
18
13
21
24
9
9
17
13
15
9
3
7
25
17
15
5
7
15
16
19
9
13
28
5
15
7
20
13
22
27
13
14
11
13
11
7
5
9
19
15
14
9
25
19
40
11
19
9
11
25
17
18
21
16
23
7
31
15
21
17
23
7
13
19
13
13
11
18
21
15
11
19
13
7
7
9
38
13
11
15
9
5
11
14
15
9
20
11
9
9
7
15
11
15
3
9
9
3
9
7
7
15
9
7
11
19
13
7
5
14
3
11
15
12
5
15
7
7
17
11
7
12
11
7
15
11
5
11
5
11
11
7
9
13
5
11
11
7
9
7
7
7
5
3
9
11
1
5
3
10
13
11
34
9
9
7
3
20
4
2
10
6
2
34
4
4
12
0
2
10
12
2
4
12
12
4
8
2
0
4
12
4
2
6
4
2
18
8
0
10
10
2
2
10
6
2
14
4
14
2
12
0
2
10
6
4
2
14
4
4
2
8
2
4
8
0
2
10
12
0
2
2
2
2
12
2
2
4
14
2
0
10
2
4
0
2
0
10
2
2
4
2
2
6
10
2
2
4
12
0
2
12
2
2
2
6
2
4
12
4
4
10
0
2
14
14
0
4
10
4
2
2
2
2
0
6
4
0
29
6
6
0
12
0
2
10
2
0
14
4
0
0
14
0
4
6
2
2
2
12
0
2
16
2
6
2
14
4
0
2
12
2
2
18
2
4
18
12
0
2
10
6
16
14
4
16
8
4
2
14
4
0
4
2
2
12
18
2
2
12
2
2
10
2
2
4
13
2
2
0
2
14
2
2
8
4
4
8
2
4
2
15
2
0
10
0
2
10
2
2
0
14
0
4
4
4
16
8
14
2
0
10
10
2
4
14
4
4
2
10
2
4
10
0
2
8
0
14
2
2
2
19
2
8
21
6
2
20
0
2
6
18
2
12
2
4
16
2
2
12
14
0
6
12
2
4
4
10
2
4
22
12
2
0
2
2
0
0
8
0
12
14
2
0
2
15
20
13
9
16
13
5
17
11
6
15
11
20
9
6
15
33
8
13
8
17
7
11
20
15
13
17
6
9
17
11
46
11
7
15
22
9
6
9
13
6
19
22
57
15
17
13
15
15
13
28
28
30
18
50
23
22
4
30
30
24
21
17
20
14
24
15
19
9
11
12
33
34
18
48
13
35
66
43
43
26
17
22
69
52
23
32
19
15
26
19
36
35
0
28
23
28
23
30
41
23
23
30
35
31
37
68
83
16
34
47
34
44
61
22
45
11
5
48
32
74
44
42
30
45
37
57
15
33
36
17
30
11
12
20
32
28
29
17
28
28
25
37
11
20
19
11
30
17
11
17
38
41
32
55
61
22
43
9
20
20
54
27
56
23
20
53
74
61
19
24
33
46
17
26
39
64
47
44
59
37
31
51
49
35
59
49
57
42
45
53
38
2
23
30
42
25
9
15
51
62
34
24
28
34
28
26
26
31
26
15
65
79
12
18
36
15
33
18
29
45
6
8
16
11
5
4
2
5
2
2
2
4
6
6
6
4
15
2
3
9
2
7
7
6
7
6
8
4
7
11
5
5
0
4
6
6
4
9
4
8
9
8
4
9
4
13
15
8
7
6
10
9
5
6
6
16
4
4
9
9
2
4
5
4
16
2
11
5
57
42
51
2
17
2
31
35
11
9
71
52
11
51
2
46
8
13
4
46
9
51
39
61
54
71
43
54
4
6
54
48
13
7
77
63
76
45
4
4
35
8
48
2
40
66
53
6
31
39
20
23
32
64
9
9
14
42
67
2
4
7
70
21
16
5
13
7
41
37
72
42
16
12
27
35
50
59
7
62
15
44
25
8
13
13
6
15
6
20
45
23
54
42
36
60
40
11
68
14
44
12
5
30
56
44
83
16
16
13
33
16
47
4
11
28
7
18
30
11
14
12
26
53
47
9
0
12
5
19
46
48
7
41
6
7
18
11
19
24
15
2
9
56
28
19
5
2
9
13
16
38
48
40
40
26
14
11
8
41
40
33
17
15
42
33
32
50
44
26
10
7
22
31
11
44
7
12
7
10
19
18
41
12
9
4
7
13
37
54
7
2
7
7
8
43
38
10
20
68
26
24
38
22
55
34
7
3
47
15
58
49
49
9
9
27
8
12
62
43
25
15
52
20
13
22
10
15
26
17
16
44
2
51
13
5
7
14
26
72
36
21
9
32
53
41
6
51
9
37
22
7
34
3
46
26
27
11
14
51
16
18
77
35
9
10
38
39
16
49
17
15
10
18
58
3
9
29
23
18
11
12
9
15
26
53
14
