4
0
0
2
2
2
0
5
3
0
0
0
0
0
2
2
2
3
0
2
0
0
8
2
0
2
4
0
2
3
4
0
4
0
0
4
2
2
2
2
0
4
0
2
3
3
0
2
0
0
2
0
2
2
2
6
0
0
0
2
4
0
0
0
3
8
5
7
2
2
2
4
0
2
0
2
0
4
2
6
0
0
2
2
2
0
4
9
0
0
0
2
0
0
2
2
2
4
1
0
2
12
0
7
6
2
2
2
8
5
6
3
2
7
2
9
2
11
2
2
2
9
0
0
2
0
0
4
4
2
2
2
0
2
2
0
0
0
0
2
0
4
0
3
7
1
2
2
0
1
2
0
2
2
0
2
2
4
0
2
2
2
0
0
0
4
4
0
2
4
0
2
0
2
0
2
2
2
0
2
0
0
4
0
0
15
0
2
2
4
4
5
0
2
0
0
0
2
4
0
2
4
2
4
4
0
6
0
2
0
0
0
0
0
0
2
0
11
0
0
8
5
0
2
0
4
0
0
1
0
0
2
2
0
0
2
8
0
4
2
2
2
0
0
0
0
2
2
0
2
6
0
0
0
0
0
0
2
0
2
0
2
0
0
1
0
0
0
0
2
4
0
0
0
0
0
0
2
0
4
0
2
0
0
0
4
4
2
21
37
18
29
27
21
34
15
32
19
38
32
29
26
70
36
32
29
28
16
24
28
18
28
36
25
39
15
33
16
30
6
24
34
18
22
24
28
46
33
32
24
25
19
26
22
20
32
25
47
26
31
26
26
36
36
30
28
33
30
27
18
31
30
17
26
19
20
25
30
33
36
25
24
35
23
29
28
32
34
29
36
17
31
38
34
27
32
77
20
24
21
26
28
33
26
28
36
32
29
34
28
35
18
35
31
31
26
32
38
36
27
61
28
36
28
39
38
27
35
13
31
32
26
39
25
40
32
30
23
33
42
38
26
25
28
37
25
20
17
31
26
23
25
40
20
28
30
31
27
28
26
45
34
30
34
31
41
30
34
33
29
30
37
37
34
26
26
41
28
23
34
38
29
25
35
44
33
33
34
23
33
35
29
26
30
27
17
24
41
27
24
31
31
35
23
36
26
33
46
37
31
30
36
40
46
33
35
31
22
28
32
41
33
42
23
39
41
22
29
55
29
34
34
28
34
30
33
42
28
34
42
36
18
27
25
40
47
41
34
19
34
23
25
33
26
30
34
23
32
27
29
23
30
28
22
23
24
32
24
24
26
35
37
31
27
15
26
24
25
22
13
24
27
28
26
32
22
21
31
66
29
23
24
17
27
32
24
4
0
0
2
6
5
0
2
2
0
42
0
0
94
0
2
3
51
0
0
2
2
0
0
62
0
0
3
0
0
0
0
29
0
34
0
8
71
4
0
9
4
0
5
5
3
0
4
7
2
3
2
0
10
6
3
0
0
0
0
1
3
18
0
59
2
0
2
4
0
3
4
3
0
0
0
0
4
0
0
0
0
44
0
0
75
3
0
0
4
3
0
15
0
0
0
0
0
2
26
0
0
6
0
2
3
0
2
2
2
5
2
61
0
9
0
3
10
0
0
65
4
0
2
46
4
0
6
0
0
0
0
0
9
8
7
0
3
6
3
0
56
0
0
2
0
20
26
0
0
28
0
0
11
0
4
0
0
3
6
0
3
0
2
0
0
0
0
0
20
0
0
2
24
0
18
49
7
0
40
4
20
76
4
2
36
18
22
0
0
0
4
0
0
2
2
0
2
26
5
5
0
50
0
3
0
4
0
8
18
0
0
4
3
4
0
0
3
3
0
3
0
0
2
0
9
22
55
0
2
2
0
11
0
2
7
5
0
0
5
4
2
3
0
0
4
5
5
0
0
10
4
0
18
0
0
4
0
0
25
0
0
2
0
0
0
0
3
2
4
0
18
0
4
0
2
0
0
7
24
3
0
0
0
4
20
3
5
4
3
5
2
5
8
8
8
5
8
5
5
3
7
2
0
3
3
7
5
3
5
8
0
8
4
5
5
5
5
2
7
7
7
3
7
8
8
4
3
7
8
6
5
6
3
5
10
6
7
8
7
3
5
3
5
3
3
6
5
2
2
7
10
3
3
10
2
7
5
10
5
8
8
2
2
5
3
12
8
5
7
8
3
14
5
5
10
8
7
7
5
2
6
3
2
5
8
8
5
3
5
3
6
6
7
7
2
4
2
5
5
6
5
3
0
8
8
8
3
8
4
6
5
5
6
1
7
9
2
11
8
5
4
10
2
5
3
5
5
13
3
0
9
2
8
7
7
7
10
5
7
7
3
5
4
10
9
5
3
3
7
8
8
5
10
6
6
8
7
4
5
8
2
5
0
5
5
4
4
5
5
6
5
3
3
7
6
6
3
10
7
7
3
4
5
11
10
13
5
6
9
5
8
5
3
3
3
5
2
2
0
11
3
7
24
7
1
5
7
5
49
8
6
8
14
5
3
3
10
5
7
3
8
5
3
28
5
3
2
5
5
7
8
7
7
8
6
7
3
2
5
12
5
6
5
2
8
5
2
5
11
6
8
3
8
5
12
6
8
8
2
6
3
6
8
3
10
3
6
0
5
8
5
2
9
15
9
0
0
3
2
2
0
0
1
3
2
1
1
6
1
0
0
0
1
0
1
1
1
0
2
1
1
1
0
1
0
1
0
3
1
0
1
1
2
0
1
0
0
0
1
0
1
0
0
0
3
0
1
1
0
0
1
1
0
2
0
8
0
0
0
0
2
1
1
6
0
0
1
1
0
3
0
0
1
0
1
1
1
1
1
0
2
0
0
0
1
0
0
0
0
0
0
0
1
5
0
1
0
0
0
3
1
6
3
0
0
0
1
2
0
0
1
1
1
1
0
3
0
4
1
0
0
0
0
2
1
0
1
0
0
0
0
1
1
1
0
1
1
1
1
1
0
0
0
0
0
1
0
1
0
1
0
1
0
3
2
1
0
0
0
1
0
1
1
1
0
1
0
1
1
2
0
2
0
2
0
1
1
0
0
0
2
1
1
1
0
0
0
0
1
0
0
1
0
1
4
0
0
2
0
2
1
4
0
2
1
0
1
0
0
2
0
0
1
1
0
0
0
0
1
2
0
1
0
2
0
0
1
1
1
0
0
1
0
2
0
0
0
1
0
0
3
1
1
1
0
0
1
48
0
1
0
3
0
0
1
0
1
0
0
1
0
5
1
0
0
0
0
0
1
1
0
2
2
1
0
0
0
1
7
3
2
1
0
0
0
0
28
27
0
1
19
28
0
96
3
0
0
0
23
23
19
37
24
64
21
0
0
0
0
0
26
0
31
29
26
49
30
20
60
0
0
0
27
19
28
23
29
23
0
39
0
0
0
0
20
28
0
22
39
27
15
45
70
0
0
0
35
18
33
34
38
18
32
63
0
0
0
16
25
0
26
28
2
28
0
39
60
0
0
0
20
57
23
2
0
28
35
46
27
0
0
0
17
19
0
20
37
19
0
65
47
0
0
0
32
18
25
32
31
40
42
22
41
0
0
0
27
38
38
0
26
29
17
20
46
0
0
0
20
18
23
16
21
0
0
11
46
0
0
0
40
46
18
0
16
39
23
43
43
0
0
0
33
16
29
13
33
38
18
26
0
0
0
0
19
3
3
29
36
22
25
0
0
0
0
0
36
14
29
36
23
23
23
57
0
0
0
0
29
0
27
16
40
1
19
24
29
0
0
0
32
11
21
26
21
16
22
0
95
0
0
0
25
24
0
26
21
16
20
44
28
0
0
0
0
24
49
27
24
21
18
46
42
0
0
0
25
42
31
0
22
22
0
60
0
0
0
0
33
26
30
23
46
18
26
16
0
0
0
0
31
23
32
31
32
27
20
0
0
0
0
0
23
25
22
1
28
40
26
25
92
4
2
2
2
2
2
4
0
0
0
2
6
4
4
0
4
6
2
2
4
2
4
4
2
2
6
4
6
2
2
4
4
6
2
0
2
4
2
2
2
0
0
2
4
2
0
0
4
2
2
4
2
0
0
27
2
4
4
0
4
0
2
0
4
2
0
0
6
2
4
0
0
0
2
2
0
2
2
6
0
2
2
0
2
4
2
2
2
0
0
6
0
0
2
0
0
0
0
0
0
0
2
2
0
6
4
4
0
2
4
2
4
2
4
0
6
2
4
0
4
2
2
0
2
4
2
0
2
0
0
5
4
4
2
0
0
4
0
0
0
4
0
0
2
0
2
0
2
2
0
2
4
2
6
2
0
4
2
4
2
0
2
2
2
2
0
2
0
2
4
0
0
0
4
0
4
2
2
2
0
2
0
0
2
2
4
0
2
0
0
4
4
2
2
4
4
6
0
0
4
4
4
4
0
2
6
4
2
0
4
2
2
4
2
6
4
2
4
2
0
6
2
4
2
0
0
2
2
4
4
2
6
0
2
2
2
4
0
0
0
0
2
8
2
2
2
0
2
2
0
4
4
2
0
0
0
2
4
2
4
2
0
4
2
0
0
2
4
4
2
2
4
4
2
0
0
0
0
0
4
4
4
0
4
0
6
0
4
12
10
12
10
12
12
12
11
12
12
12
10
11
12
12
12
12
10
12
10
11
10
12
13
8
12
12
10
12
11
13
12
10
12
12
12
12
11
12
10
12
11
12
12
9
10
11
10
12
11
11
12
12
12
12
10
11
10
10
12
12
10
11
13
12
11
10
9
13
12
10
12
9
12
10
10
12
12
7
13
10
10
13
12
10
11
10
11
11
10
12
12
10
12
12
10
10
10
11
13
11
11
10
10
12
9
10
11
13
10
12
12
9
13
12
11
11
12
12
11
11
12
12
9
10
10
12
10
9
12
10
11
11
11
11
11
12
10
11
12
12
12
13
11
8
12
12
10
10
13
9
12
9
10
12
12
12
12
11
10
11
10
10
12
10
13
11
12
12
12
12
12
11
10
13
12
9
11
12
12
14
12
12
11
13
10
11
10
11
12
11
12
11
12
13
12
12
13
10
12
11
11
11
12
12
9
11
11
12
12
12
13
10
13
12
13
13
10
12
12
13
12
11
12
12
8
13
9
12
12
12
12
11
13
11
11
11
12
13
9
13
12
12
12
10
11
13
12
12
12
11
13
12
13
12
10
12
10
13
14
10
12
12
10
11
10
14
11
12
12
12
10
12
9
11
10
13
11
13
12
12
11
12
11
12
12
10
12
6
0
0
0
9
0
4
4
1
0
3
1
0
0
6
0
0
0
9
0
0
5
8
17
0
0
7
0
0
0
2
5
3
7
4
0
0
4
0
3
7
0
13
8
6
2
0
7
3
15
12
0
0
13
5
7
0
0
0
1
5
0
0
0
13
3
0
4
0
7
3
8
10
0
0
6
10
0
0
1
13
1
0
0
0
0
6
3
6
4
0
0
0
4
2
0
4
0
6
0
6
6
0
0
1
0
10
3
0
0
10
8
0
12
0
0
5
5
8
5
0
6
6
0
7
4
0
8
0
0
5
0
0
2
8
2
0
4
1
13
7
0
10
1
0
1
7
9
0
0
0
11
0
0
1
5
0
0
11
0
8
0
0
0
0
0
0
0
11
0
0
4
8
2
5
0
0
5
0
0
8
6
0
0
12
22
5
0
6
4
0
4
3
0
0
0
4
6
0
1
5
0
9
8
0
0
0
0
10
2
8
0
1
0
0
4
0
0
0
0
0
0
0
9
0
0
1
0
0
0
8
2
0
5
0
0
0
1
7
3
0
6
0
0
6
1
10
0
0
0
2
5
0
0
0
0
0
0
7
11
0
6
6
5
1
1
9
8
0
2
0
0
4
0
0
6
2
2
0
5
5
7
0
0
0
6
0
4
15
8
4
4
4
0
4
2
65
2
0
54
0
46
4
0
4
63
0
68
80
2
2
70
2
6
6
56
54
76
60
19
67
77
40
70
0
88
2
70
56
46
2
57
46
2
11
69
4
0
77
97
4
63
52
39
39
35
93
6
33
4
6
5
90
89
38
2
89
82
2
73
2
5
14
57
2
2
5
0
75
38
75
54
58
11
50
4
42
5
74
6
41
57
56
4
68
39
37
56
4
8
34
86
2
40
0
71
61
63
0
2
58
71
56
63
4
67
58
70
26
6
50
55
51
7
39
62
58
33
2
39
4
9
6
78
37
90
2
5
5
87
49
48
10
4
22
16
71
41
9
5
2
18
77
82
6
68
26
89
5
5
46
43
91
66
48
32
6
13
50
3
2
70
2
39
52
50
4
4
2
0
2
7
0
6
7
2
5
2
60
23
69
5
4
9
52
41
44
46
5
7
86
67
41
10
40
92
41
53
79
40
42
52
19
47
41
58
10
2
6
6
79
53
6
0
12
0
73
10
62
7
87
50
48
12
40
41
10
7
8
46
62
29
51
2
36
2
42
5
39
68
94
46
60
37
59
4
88
0
4
88
62
92
26
36
97
42
50
63
62
37
5
47
31
5
41
4
44
52
5
38
44
36
33
5
34
64
