28
15
9
31
25
29
18
20
26
20
27
21
20
46
15
17
32
29
26
29
50
21
20
13
23
41
25
43
34
26
44
26
24
19
22
32
9
30
13
36
23
40
19
36
28
20
23
42
26
40
19
33
22
19
32
26
25
34
30
41
26
30
31
27
28
45
27
35
26
31
29
54
38
57
49
54
43
27
39
33
56
33
33
28
33
40
21
38
41
47
45
55
49
43
31
26
27
40
35
34
38
28
28
35
42
37
34
73
23
11
45
49
38
51
38
35
30
37
49
17
26
29
33
31
45
38
44
34
36
46
18
33
42
15
41
31
60
18
22
39
29
36
28
55
36
43
24
29
31
26
39
57
46
64
39
45
17
52
31
25
32
37
29
33
30
36
30
30
33
47
52
36
33
39
31
41
26
48
37
52
28
40
57
35
35
45
41
33
58
36
33
47
52
57
37
41
31
48
42
27
34
38
40
37
43
28
40
34
35
36
40
37
28
45
46
33
25
39
71
24
36
37
27
36
36
40
39
20
66
32
20
57
43
36
23
9
16
20
29
14
15
41
28
12
41
33
26
46
41
11
15
25
24
22
27
12
26
20
34
5
14
23
24
23
33
25
16
18
22
18
4
45
18
33
27
11
13
28
15
16
20
15
16
17
11
24
29
18
0
0
0
4
2
4
2
2
0
0
0
0
0
2
2
0
0
2
2
2
4
0
0
0
2
0
2
2
2
0
0
0
0
0
2
2
0
6
0
0
0
2
0
2
0
3
0
4
0
0
2
2
0
2
0
2
2
0
3
0
0
0
2
0
0
2
0
3
0
2
0
2
4
2
0
4
8
2
2
2
10
4
2
2
0
2
4
2
4
4
0
0
4
2
2
2
2
6
2
2
2
2
2
0
2
2
4
0
5
0
0
2
0
2
4
2
0
0
0
2
2
0
4
2
0
0
2
2
2
4
0
2
0
2
2
2
0
4
4
2
0
2
2
0
2
0
4
2
2
0
4
2
2
0
0
4
2
0
0
4
4
9
0
4
8
2
2
2
0
0
0
2
2
0
2
4
0
10
0
0
0
2
2
2
2
2
2
2
2
0
2
2
0
0
4
2
4
4
0
0
2
2
5
0
0
0
0
0
2
2
2
6
2
0
2
0
2
2
2
2
10
0
2
0
4
0
0
0
6
2
2
4
0
4
2
2
0
2
8
0
30
0
0
0
0
0
2
0
0
2
2
4
2
0
0
0
0
0
0
2
2
0
0
2
4
6
2
4
2
2
12
2
0
6
2
4
0
2
0
4
8
0
2
4
0
2
0
0
44
44
61
2
8
2
28
94
0
31
30
6
0
0
3
5
2
36
24
39
0
22
2
18
0
40
2
54
85
39
36
0
2
22
2
28
0
84
2
60
0
0
0
0
2
4
45
11
4
7
3
45
0
13
16
2
0
27
0
0
29
0
2
0
2
40
3
0
0
0
2
39
0
15
2
0
70
13
0
1
0
0
0
18
11
0
82
0
0
4
18
18
0
37
48
23
0
0
7
34
5
14
3
0
2
2
3
6
65
36
41
34
52
30
22
33
0
0
2
2
20
2
2
0
24
48
2
0
41
0
17
2
2
23
75
18
2
67
16
30
1
26
30
4
1
51
0
1
1
0
2
0
31
2
0
0
2
0
4
0
2
0
2
1
0
9
5
0
0
0
2
67
0
0
4
26
5
0
2
3
0
2
30
0
2
4
2
0
2
0
4
13
2
0
0
0
32
30
2
2
21
43
0
0
0
25
7
2
57
39
0
2
0
5
24
12
0
0
0
15
2
20
2
4
4
2
0
3
0
0
12
2
24
6
0
33
0
31
1
2
0
0
11
7
0
3
1
16
0
2
2
8
13
6
3
13
0
5
0
0
2
3
2
2
0
0
2
0
0
0
0
0
0
2
2
0
2
0
2
0
0
4
0
0
33
0
0
0
3
13
5
0
9
1
7
11
2
7
13
11
5
9
2
2
13
13
7
5
7
9
13
9
7
11
13
3
0
9
3
13
9
2
3
5
5
5
3
2
7
9
7
17
11
5
5
9
5
7
2
5
5
5
7
3
3
3
5
0
5
9
3
5
5
0
5
5
7
3
7
9
7
5
3
7
3
7
15
1
9
3
5
5
7
13
7
3
2
9
3
35
7
2
9
9
5
5
5
11
3
5
9
7
15
5
9
7
7
13
7
5
7
3
5
5
3
7
11
5
11
19
13
17
11
11
11
17
11
7
13
23
19
17
9
19
19
35
23
34
35
17
11
19
3
23
17
17
13
11
17
3
9
21
13
7
15
9
21
9
39
19
25
19
7
23
17
15
11
17
5
19
2
15
5
15
13
23
11
13
27
19
7
7
17
15
23
23
23
5
9
3
35
13
7
11
3
11
25
55
27
25
11
15
17
19
19
5
29
5
3
31
31
13
7
23
23
9
21
9
9
23
25
9
19
9
11
15
19
7
15
5
13
13
15
11
7
11
7
3
19
7
13
9
17
19
9
5
2
7
3
5
13
9
19
13
7
5
9
7
5
7
9
11
11
13
7
5
15
11
3
11
5
19
27
15
9
11
15
9
5
5
5
15
11
11
7
2
21
0
4
7
0
5
4
4
0
2
2
4
4
6
6
2
4
2
4
6
2
4
2
6
4
2
6
2
4
6
4
4
8
2
0
10
4
4
8
0
8
0
0
4
2
8
2
2
0
2
4
4
4
6
2
4
4
2
6
4
4
0
6
0
2
0
4
0
2
4
4
6
2
2
2
4
4
2
4
6
2
6
0
8
4
2
4
0
2
4
4
2
2
0
6
6
0
6
6
4
0
6
0
4
6
2
2
2
2
0
2
0
0
2
6
6
4
4
2
8
0
4
8
4
2
0
6
0
4
2
4
20
2
7
6
4
6
6
2
4
2
0
4
6
0
2
2
2
6
6
4
0
46
8
0
41
2
6
6
2
4
6
5
2
2
2
0
46
4
8
6
8
8
6
4
0
8
4
2
0
6
15
4
4
2
8
0
6
31
0
0
11
13
2
28
4
4
9
2
2
0
2
0
2
2
4
4
37
0
8
2
2
0
44
0
0
2
2
2
2
56
0
2
17
4
4
2
0
0
2
2
0
0
6
4
2
8
6
0
2
4
4
6
10
45
2
0
4
4
6
4
4
4
8
4
4
6
2
10
6
2
6
4
6
7
4
0
4
4
0
4
2
4
0
6
68
10
6
4
2
4
4
4
8
6
29
79
6
2
2
4
4
6
2
4
2
8
6
0
6
37
2
4
6
2
2
0
2
6
6
6
4
0
0
2
2
2
2
0
2
2
6
8
4
2
0
2
4
2
6
6
6
0
4
4
2
2
4
4
0
4
6
2
2
2
4
4
0
2
4
2
0
2
4
4
6
0
2
0
8
4
2
0
2
0
4
6
4
2
4
2
0
6
2
4
4
0
0
2
2
0
2
2
6
4
6
86
0
4
4
0
4
2
0
4
0
4
0
6
2
0
0
2
0
4
4
0
6
0
0
29
4
0
2
2
6
4
0
2
2
2
6
4
2
4
2
4
2
2
4
8
6
0
0
2
4
2
4
4
2
6
4
8
6
43
0
2
6
2
6
2
4
2
47
4
2
4
0
2
2
8
2
42
3
2
39
4
2
2
2
8
2
6
8
2
2
0
2
11
4
2
4
6
2
0
6
4
2
0
0
6
2
93
0
0
2
2
8
0
6
2
0
10
0
0
2
6
2
4
2
2
10
0
47
0
4
2
4
6
2
4
0
4
2
0
0
2
0
4
2
0
6
0
2
2
6
2
2
6
4
0
4
2
2
4
6
4
4
6
6
4
2
4
6
32
2
6
41
2
4
40
2
2
4
10
4
4
2
47
2
2
2
0
8
0
4
38
37
38
40
38
26
37
40
39
40
39
40
38
40
40
38
27
40
38
40
37
40
40
38
38
38
38
29
38
38
38
38
38
38
38
38
38
38
37
40
38
38
40
38
38
40
38
38
39
40
40
38
38
40
39
38
39
40
37
38
38
38
38
38
40
38
38
38
38
29
39
40
40
38
38
38
38
40
38
38
35
38
38
40
38
38
38
35
38
38
38
36
38
40
38
40
40
38
42
38
38
38
36
41
38
38
38
38
40
38
40
28
38
37
40
39
39
38
40
38
40
38
38
38
38
38
40
38
40
38
38
38
38
27
35
40
40
38
38
40
38
38
40
36
32
38
38
38
38
38
38
38
38
38
38
38
38
38
38
38
38
38
39
38
40
40
28
38
38
38
40
37
38
40
38
37
38
38
38
38
40
40
37
40
38
40
40
38
37
40
38
38
39
38
40
38
38
39
38
38
38
40
38
38
40
38
38
38
38
38
38
37
38
38
38
40
40
38
38
38
40
36
38
38
38
38
38
39
38
38
38
38
35
37
38
37
40
38
39
38
38
40
40
39
38
38
40
40
40
38
40
39
39
39
38
40
37
36
33
38
38
37
39
26
37
38
38
38
39
39
39
37
39
39
37
39
37
37
39
37
39
37
39
37
37
34
40
37
10
47
25
12
14
37
18
10
16
18
33
16
12
22
18
10
14
10
16
27
16
29
18
16
12
31
10
18
23
31
16
25
14
12
20
18
16
25
16
25
20
20
16
31
18
31
18
14
18
18
20
18
18
16
22
49
24
20
24
24
27
22
27
12
27
22
53
16
25
27
18
18
20
22
22
10
23
23
20
18
23
16
39
24
10
12
22
16
18
20
18
45
12
37
24
16
20
25
18
14
29
20
27
18
29
14
18
22
20
12
20
18
25
18
12
24
22
23
41
10
18
8
18
16
22
18
18
16
33
18
22
22
27
33
16
16
16
16
16
20
22
27
27
18
12
18
24
14
18
31
10
33
25
16
18
33
12
20
22
14
25
29
43
20
33
18
16
41
27
14
16
35
12
29
27
22
41
12
47
14
16
16
35
25
12
14
18
27
29
22
10
23
20
12
35
22
16
14
23
22
22
24
25
20
24
29
20
12
39
35
22
33
31
20
29
27
16
12
16
14
24
29
31
47
22
16
16
25
27
21
27
45
31
39
20
14
27
67
51
22
25
25
24
57
27
35
33
16
24
37
16
10
12
14
22
18
16
16
16
12
14
18
22
27
24
31
16
12
14
22
16
22
43
12
12
57
18
23
10
10
14
18
16
22
12
16
22
16
2
0
1
2
0
1
0
1
3
1
0
0
5
1
8
1
6
2
7
1
1
0
3
3
1
1
2
0
1
0
2
3
1
2
0
20
0
0
2
2
3
4
1
2
0
0
3
2
1
0
2
3
1
0
1
0
2
0
1
0
1
1
0
2
1
2
0
3
0
4
1
1
1
5
0
0
0
4
0
3
2
3
1
1
0
0
1
0
1
4
3
4
5
1
0
1
0
1
1
0
1
3
0
1
1
0
0
1
2
1
1
2
4
16
2
4
1
1
0
4
2
1
0
0
1
0
2
2
0
0
4
1
4
1
0
2
0
0
1
1
2
0
6
0
0
6
1
1
4
1
0
0
1
2
0
1
1
0
2
1
1
0
0
0
2
1
3
1
1
3
1
5
3
3
1
1
0
3
2
2
1
2
0
1
1
1
0
2
1
1
1
3
1
1
0
0
1
0
0
1
10
1
2
1
1
1
1
0
1
5
3
5
1
1
0
2
1
0
4
2
1
1
4
1
2
1
1
1
1
2
1
0
0
0
1
0
3
1
1
0
1
0
1
0
1
1
1
0
1
1
0
0
1
2
1
3
0
1
2
1
1
1
0
1
1
0
0
1
1
1
1
3
1
1
0
5
6
0
0
4
2
1
0
1
4
0
4
2
1
3
1
0
0
1
1
1
1
1
1
0
0
2
0
0
0
0
0
7
0
3
1
0
1
0
0
1
0
1
0
0
0
0
1
0
0
0
0
1
0
0
1
0
1
0
0
0
0
1
0
0
6
0
0
0
0
2
1
4
0
0
1
0
0
2
1
2
1
1
0
0
1
2
1
0
0
0
0
0
0
1
2
2
4
0
2
2
0
0
28
1
0
0
3
0
0
1
1
3
0
1
0
0
1
0
0
0
3
1
0
3
0
0
1
5
1
0
2
0
1
1
1
0
1
0
1
2
1
1
1
3
0
0
0
1
1
1
0
0
0
0
0
0
1
13
1
0
0
1
0
0
5
0
1
1
1
0
0
1
0
1
0
2
1
1
29
2
0
0
0
1
0
0
3
1
0
0
1
0
2
2
1
7
0
0
0
2
0
1
0
0
3
1
1
1
0
0
1
0
0
3
0
1
0
0
0
0
2
0
0
1
1
1
0
0
2
2
1
0
3
1
3
0
1
1
2
0
1
0
1
1
1
1
1
0
1
0
0
0
0
0
1
0
0
1
0
1
0
1
1
0
1
0
1
0
1
9
1
1
0
0
1
0
1
1
1
1
12
0
1
1
0
0
0
0
0
1
0
1
0
1
0
0
2
1
0
0
