2
2
2
2
2
1
2
3
2
0
2
0
2
2
0
2
2
2
0
2
4
2
2
2
2
2
0
2
4
2
3
2
2
2
4
2
2
0
4
0
2
3
4
2
6
2
0
2
4
2
2
11
4
0
3
2
2
0
2
1
2
2
2
2
1
2
0
2
0
2
2
4
2
2
2
2
4
2
2
1
2
2
2
6
8
2
2
2
2
0
3
7
1
2
10
2
0
0
4
2
2
3
6
0
2
2
8
0
0
5
4
2
3
2
2
3
2
5
3
2
7
2
2
2
3
3
2
2
2
2
2
2
3
2
2
2
4
2
2
2
3
0
1
2
2
3
2
2
2
2
2
4
4
2
2
3
0
2
2
4
2
2
2
2
2
2
2
2
2
0
0
2
2
1
0
0
2
0
2
2
4
2
2
2
2
4
2
0
1
2
0
2
1
2
2
2
2
2
0
0
2
2
2
0
0
4
2
2
1
1
2
2
2
2
3
2
2
2
2
0
2
0
2
0
2
0
0
1
2
2
2
0
2
5
4
2
2
4
0
1
2
2
1
2
0
2
2
7
4
7
4
2
2
2
0
7
2
0
0
2
2
0
2
0
2
0
2
2
2
0
2
2
2
0
0
2
2
2
2
4
2
0
0
2
2
2
2
0
4
4
6
7
3
6
0
6
4
2
4
2
2
4
6
2
4
6
4
4
4
8
4
8
9
8
4
4
8
2
10
4
4
2
4
10
6
2
4
13
4
6
6
6
11
4
4
6
4
4
6
8
4
4
6
2
4
6
4
10
4
6
4
4
4
6
2
6
50
6
10
13
4
8
2
2
2
5
2
4
2
4
4
5
8
4
2
4
11
4
8
6
4
6
9
4
2
4
6
4
4
6
6
4
6
6
4
10
6
6
6
6
8
6
8
2
4
6
6
11
6
6
4
2
6
3
8
6
2
8
8
2
2
4
2
2
4
4
2
2
6
4
4
4
3
8
4
2
4
4
2
2
6
4
6
4
4
4
2
4
18
6
6
6
2
6
6
6
6
8
6
6
6
8
10
4
4
4
4
8
2
4
6
6
4
4
4
4
6
8
6
6
6
8
8
4
7
44
8
8
6
2
2
6
6
2
2
2
6
6
2
5
7
2
4
13
4
6
2
2
2
2
4
4
12
8
8
4
2
5
6
7
6
6
8
6
6
4
4
4
4
4
4
6
9
7
6
6
6
2
0
2
4
2
4
8
4
2
4
2
2
6
2
2
0
2
4
9
4
7
2
2
2
3
4
4
2
6
4
6
4
4
6
4
6
2
2
4
0
2
0
3
3
3
5
0
0
0
3
3
3
0
5
2
3
7
5
0
3
7
3
3
0
0
11
2
7
2
15
0
1
11
3
5
7
3
0
2
9
0
11
0
3
3
5
5
2
0
9
3
5
5
0
0
5
2
2
7
0
0
9
3
2
3
0
2
9
0
3
5
3
5
0
2
2
7
2
0
5
0
0
2
2
2
5
2
11
2
13
5
5
3
1
2
5
0
0
2
3
2
19
0
25
2
7
0
0
0
0
0
1
0
0
0
2
3
9
0
3
2
3
5
7
5
2
21
2
5
1
9
2
0
3
7
0
0
3
5
0
3
5
0
1
3
2
3
0
5
5
0
3
3
2
7
11
0
3
2
9
5
2
3
5
3
7
2
2
2
3
2
0
2
0
29
3
5
2
3
5
7
3
0
5
7
3
0
2
13
0
0
11
5
7
0
3
3
1
15
9
3
5
1
3
2
17
19
1
15
2
0
3
9
5
13
3
5
5
0
3
3
5
2
15
0
0
0
1
0
0
1
0
3
9
0
1
7
9
14
1
3
3
1
1
13
9
11
3
0
2
0
0
0
13
3
0
0
1
15
19
5
9
11
2
2
0
1
0
3
0
0
7
5
5
2
0
1
9
0
3
0
1
0
1
0
0
5
1
1
3
1
3
0
2
1
5
3
4
4
2
1
6
0
0
1
3
1
1
4
2
2
2
0
5
2
6
0
3
1
1
0
0
5
1
5
0
1
3
2
1
1
4
5
1
0
3
1
1
3
5
0
5
19
3
4
1
3
1
3
0
3
1
5
3
3
0
3
3
0
4
4
3
5
1
0
3
1
7
3
3
1
0
2
4
1
1
0
5
3
1
1
3
3
9
5
3
1
1
11
1
3
7
3
2
3
5
1
5
5
5
1
1
7
1
1
1
1
11
4
0
1
1
2
5
1
3
3
9
3
13
5
5
3
2
3
1
3
7
0
1
5
1
0
5
1
3
4
3
0
1
11
2
1
6
3
0
4
1
0
0
0
0
0
1
0
0
5
0
1
0
5
1
3
3
4
3
3
1
5
3
1
5
0
3
1
3
2
1
4
3
5
0
0
7
5
2
1
5
0
7
1
3
7
0
0
7
4
7
5
5
11
3
0
3
1
0
3
4
0
3
1
3
5
3
1
0
1
0
3
5
1
1
4
1
1
3
7
1
1
0
0
5
1
1
0
7
0
1
5
2
0
3
0
0
5
1
1
2
3
3
2
0
0
2
0
0
2
3
1
0
1
1
1
0
11
1
9
3
3
1
3
5
1
2
1
0
4
2
2
0
0
2
0
0
2
2
0
8
8
0
0
6
2
0
4
0
0
2
0
2
2
0
2
2
4
6
11
2
0
2
2
2
4
0
0
4
2
0
0
0
2
2
0
4
6
0
2
0
2
0
0
0
4
4
0
4
2
0
0
2
6
0
0
2
0
0
2
2
0
0
6
2
2
0
0
0
2
6
4
2
4
13
2
0
12
0
2
2
0
0
0
2
4
0
0
0
2
0
2
0
0
0
2
2
0
2
4
0
2
2
2
0
0
2
4
0
8
0
0
2
0
0
0
0
0
2
0
0
4
2
2
8
4
2
8
0
0
0
0
6
2
2
2
2
0
0
2
97
4
0
0
2
0
0
2
0
2
0
2
2
0
4
0
2
0
0
2
0
0
0
0
2
2
2
0
2
2
0
0
2
0
2
0
2
0
4
2
4
2
6
8
11
2
2
2
6
6
2
2
4
0
4
6
4
2
2
0
6
12
0
0
0
4
2
6
4
6
0
11
2
6
4
4
2
6
0
10
2
0
4
6
2
2
0
5
2
0
4
11
4
2
2
0
8
4
6
4
17
2
10
8
2
0
8
4
12
4
2
0
8
4
12
19
0
0
2
2
8
0
2
0
6
6
2
8
0
0
2
0
4
2
2
2
7
7
8
12
14
13
8
15
9
12
10
8
14
13
9
7
11
15
11
16
12
5
9
6
11
14
11
11
7
18
7
4
10
11
12
7
8
8
15
8
5
10
11
8
19
15
12
10
8
13
9
7
13
8
14
11
12
22
10
10
13
14
13
6
23
6
7
17
10
15
13
17
13
7
11
13
11
5
6
13
6
10
7
7
5
12
22
4
12
10
7
8
6
11
7
13
12
7
8
12
12
5
10
16
4
11
10
7
15
8
13
17
11
9
12
12
5
6
8
10
9
7
8
8
8
8
6
8
5
9
13
12
9
16
11
10
12
9
3
15
10
3
10
8
9
5
7
10
8
15
13
8
8
9
6
6
8
17
9
19
20
16
16
6
10
7
7
6
11
13
13
13
14
8
8
8
15
10
13
12
8
10
10
6
9
7
12
11
13
16
12
19
9
6
6
11
6
10
7
7
13
13
8
13
11
11
10
11
8
11
10
10
3
10
6
7
14
17
9
8
10
14
13
10
9
3
13
0
0
3
0
4
4
0
7
1
8
1
1
3
2
1
3
0
4
9
1
11
1
6
2
1
1
3
4
3
7
1
5
4
4
1
6
2
5
2
4
5
0
4
6
3
1
3
2
2
2
3
5
0
8
4
2
0
7
2
2
5
0
0
0
0
0
0
0
0
0
0
0
0
0
0
0
0
0
0
0
0
0
0
0
0
0
13
12
14
22
28
12
20
17
12
20
26
16
22
14
11
12
14
28
14
16
17
24
40
21
25
12
8
19
25
17
15
21
24
12
29
14
15
11
10
8
13
22
12
19
18
15
16
17
41
13
13
6
26
16
15
21
23
14
18
26
21
13
13
12
20
17
18
40
23
21
21
18
17
14
19
12
17
15
19
19
17
25
17
15
12
13
23
17
31
23
34
24
40
23
20
17
25
18
13
26
17
30
33
25
20
26
21
26
14
24
24
17
19
18
25
25
18
28
18
24
13
13
18
22
12
25
22
22
31
23
19
19
21
16
16
25
28
16
23
21
19
20
21
26
42
13
12
30
23
19
22
16
21
21
36
12
22
12
14
18
24
22
33
14
19
18
23
27
17
13
23
23
28
22
18
19
18
22
37
79
14
13
17
14
24
33
20
18
20
36
22
23
34
20
23
16
9
17
19
20
16
18
29
22
16
12
22
17
25
15
26
59
24
20
26
16
18
20
16
19
20
23
26
22
19
20
42
25
29
13
18
17
29
21
29
23
19
25
33
26
14
12
13
22
23
36
18
20
24
18
20
27
15
16
12
20
15
19
22
16
25
22
21
89
53
71
76
91
21
56
56
37
29
90
41
50
52
43
32
18
8
10
23
21
17
26
22
17
4
9
39
9
7
14
10
6
2
9
8
7
9
4
4
10
18
12
6
5
6
6
6
15
4
12
11
67
91
9
16
7
12
6
14
5
12
10
22
14
6
8
8
8
8
9
11
11
5
8
15
8
9
4
7
8
8
8
8
9
7
10
19
8
6
7
12
6
10
8
8
6
6
11
4
12
6
9
8
12
4
12
16
7
19
6
7
1
4
5
7
7
6
76
6
11
6
4
13
2
8
8
8
6
4
5
8
4
24
2
8
14
12
6
8
14
6
6
4
8
0
15
2
4
2
6
4
6
10
9
6
0
8
10
2
7
6
6
0
4
5
4
4
7
6
7
8
11
10
3
6
2
0
4
4
10
7
3
8
4
4
9
6
7
6
0
8
8
87
2
1
7
10
7
4
5
4
6
9
4
4
4
8
11
6
9
9
7
2
10
2
4
4
8
10
2
8
10
8
6
10
6
12
6
10
10
8
12
8
7
10
2
10
6
6
6
4
11
16
4
2
2
8
8
10
8
6
4
6
6
10
2
6
8
3
2
2
4
14
13
4
6
5
5
10
89
0
8
4
0
8
9
6
2
2
7
8
6
6
4
2
10
8
17
6
13
2
10
17
8
12
19
9
6
10
25
6
13
8
8
6
6
6
2
4
4
6
2
6
2
2
4
10
0
4
10
15
2
4
6
8
4
2
8
8
2
8
2
6
8
8
6
6
6
12
8
8
0
4
6
6
6
6
4
8
4
2
16
10
8
2
4
6
17
6
2
4
29
4
29
8
4
8
10
8
2
2
8
4
6
4
2
6
4
2
8
4
4
4
8
8
4
4
6
2
6
2
6
6
4
4
4
2
8
8
8
2
6
4
8
6
6
8
4
6
0
6
8
2
2
6
2
6
4
6
6
6
4
8
6
6
4
8
10
4
4
8
4
4
4
4
4
4
4
4
4
6
6
12
11
19
15
29
23
58
32
12
29
13
8
35
10
23
16
8
36
31
19
10
23
4
15
17
15
12
13
12
19
27
47
14
13
33
21
31
17
11
21
17
19
12
34
12
19
17
13
25
19
2
16
10
8
15
15
4
21
15
23
16
11
6
10
6
23
10
10
4
8
23
10
12
8
11
11
6
14
13
10
14
6
17
17
17
19
6
12
19
6
12
2
10
10
17
12
25
8
19
9
8
6
17
6
2
12
2
8
8
8
8
31
12
4
4
4
8
15
4
6
15
4
8
48
6
8
15
10
12
6
8
10
8
1
0
0
4
4
2
3
1
0
1
0
0
3
0
0
1
0
0
2
1
0
0
2
0
2
0
0
4
0
3
0
1
0
2
4
2
0
0
0
5
1
2
0
1
3
0
0
0
0
2
2
0
3
0
2
0
0
0
1
1
3
0
0
0
0
0
3
3
0
0
1
0
0
3
0
1
1
1
2
2
2
0
3
0
1
0
0
1
2
0
5
3
0
2
1
1
3
3
1
0
2
2
1
1
4
0
2
1
2
0
1
3
1
0
3
1
4
1
0
0
1
0
1
4
0
2
1
0
1
3
0
0
0
0
2
1
1
1
0
1
3
1
0
0
3
1
2
0
0
5
1
0
1
1
3
3
4
2
0
3
1
2
1
2
4
2
1
0
3
3
1
2
1
1
0
0
0
3
0
0
2
0
3
1
2
1
2
0
3
1
0
4
2
1
5
5
3
1
0
1
3
5
4
1
0
1
0
0
0
0
1
2
2
2
1
0
2
2
1
2
0
1
1
1
0
0
3
0
2
0
3
0
0
2
2
1
3
1
2
2
3
4
0
3
1
0
2
1
3
1
0
0
3
0
3
2
1
1
9
2
0
22
1
2
0
7
2
0
0
0
0
0
1
2
0
2
2
0
4
2
1
2
0
0
2
1
0
0
