18
18
9
30
17
17
21
26
19
18
16
23
51
23
15
14
27
13
12
22
17
12
11
13
11
24
22
23
19
16
22
36
18
14
21
19
19
15
13
23
18
9
9
13
7
13
20
19
25
11
7
7
20
5
16
15
19
23
22
18
31
19
32
13
19
9
14
11
9
16
9
19
15
11
23
20
22
21
27
15
29
24
24
8
27
14
15
28
19
18
19
19
19
7
22
28
15
26
17
17
20
11
15
13
19
7
37
15
23
25
24
13
17
23
17
14
18
19
13
17
18
19
19
7
25
21
18
18
18
20
18
18
31
20
38
19
36
36
29
21
18
32
14
38
36
26
29
22
31
20
17
24
14
22
27
28
15
34
21
16
44
15
35
22
20
42
24
30
36
19
31
25
31
31
36
60
0
21
25
36
37
40
31
28
29
27
23
29
13
21
33
9
31
54
20
38
26
17
18
23
19
23
19
18
12
25
22
13
24
24
18
21
20
18
65
32
19
18
22
17
24
22
11
11
30
19
19
21
13
14
21
9
34
25
24
11
11
15
28
16
15
11
7
15
34
29
17
7
3
16
3
39
13
13
3
19
29
25
16
13
7
0
17
23
9
30
7
14
19
8
5
11
17
9
13
17
9
16
48
38
10
24
14
7
7
11
11
19
7
4
12
11
89
0
7
4
3
2
6
20
7
4
2
5
6
2
4
6
0
4
7
5
4
7
6
10
5
10
4
4
8
19
6
4
0
6
4
7
8
11
2
9
10
2
16
0
5
8
12
2
6
24
9
10
4
20
14
1
2
4
5
7
2
5
6
4
9
5
15
5
16
5
7
12
9
19
6
5
0
2
2
10
11
10
5
0
4
0
0
4
2
4
2
10
11
10
10
4
0
0
8
2
6
2
0
2
12
5
2
7
6
4
2
7
12
4
2
5
18
6
2
11
17
8
10
6
9
5
7
2
12
5
3
10
2
11
16
8
2
7
9
30
15
5
15
18
2
4
5
4
8
9
5
2
4
7
2
5
2
11
27
11
13
1
0
4
2
9
12
18
5
9
5
7
9
27
6
0
6
7
9
13
20
10
4
12
9
16
5
4
3
18
4
6
12
4
6
10
2
6
8
12
2
4
19
0
0
2
6
4
4
4
7
0
2
20
4
2
8
0
6
4
0
2
6
2
7
4
6
0
4
2
6
4
13
7
5
2
2
0
8
4
6
8
7
6
4
2
4
11
16
3
4
7
4
2
7
4
7
2
6
2
0
0
10
2
12
2
7
2
2
8
6
14
10
7
2
1
2
23
5
5
5
7
2
9
59
40
32
51
39
53
62
56
54
69
61
72
45
38
58
61
39
50
48
35
20
23
39
73
46
63
44
55
40
44
45
53
37
39
56
47
43
70
33
74
68
50
81
43
46
42
61
51
77
44
43
54
20
69
63
30
62
42
75
71
42
53
28
27
54
62
37
62
55
34
57
32
76
39
77
45
47
49
38
51
69
42
47
40
36
71
29
52
59
31
37
41
53
61
72
49
69
45
58
58
51
43
42
62
36
30
58
31
46
23
32
27
53
47
36
58
65
60
65
48
42
56
55
45
37
39
42
58
39
61
57
35
72
35
63
49
51
45
53
60
67
50
45
46
44
51
37
54
34
30
41
51
59
41
37
66
35
43
37
61
39
38
40
78
42
42
43
51
73
53
18
47
52
47
45
47
59
61
58
53
84
46
43
43
41
48
64
47
74
48
17
40
48
43
76
42
43
35
46
70
60
72
67
42
74
51
53
60
51
83
63
58
64
53
25
59
24
53
68
67
71
45
49
57
42
47
70
46
52
50
67
38
61
27
21
41
54
53
58
43
57
60
56
52
59
56
60
65
56
35
41
46
62
56
47
70
72
62
51
65
68
51
82
79
60
59
74
61
87
68
58
47
33
83
56
74
43
75
79
79
78
82
84
53
60
56
66
63
0
0
0
0
0
0
0
0
0
0
0
0
0
0
0
0
0
0
0
0
0
0
0
0
0
0
0
0
0
0
0
0
0
0
0
0
0
0
0
0
0
0
0
0
0
0
0
0
0
0
0
0
0
0
0
0
0
0
0
0
0
0
0
0
0
0
0
0
0
0
0
0
0
0
19
9
15
16
17
8
10
7
11
10
8
8
15
7
9
11
15
12
11
15
0
10
11
13
1
8
11
25
10
10
25
10
17
12
19
23
14
10
13
16
17
20
10
13
22
29
4
1
4
6
15
17
15
5
10
7
8
10
0
12
8
5
17
23
6
10
10
16
13
22
14
7
9
12
11
11
17
5
11
16
3
11
14
21
8
13
16
20
23
18
24
19
14
15
16
27
6
9
20
23
32
26
22
33
15
24
33
0
15
9
16
19
9
1
6
20
20
21
18
26
15
2
17
15
14
23
6
14
10
14
30
1
18
10
9
8
26
29
6
31
21
20
23
27
33
6
11
13
15
5
19
28
0
10
10
12
12
15
22
11
18
5
10
6
9
15
19
11
10
10
13
12
9
13
34
8
16
1
12
8
6
9
13
8
12
21
9
23
9
9
25
15
12
11
8
11
13
17
8
19
23
10
15
11
17
8
31
13
11
8
13
7
18
12
7
5
6
6
7
3
2
7
7
5
2
8
16
5
10
5
2
10
5
9
6
1
7
4
3
4
7
7
6
6
11
5
7
5
2
3
4
5
8
7
9
8
5
5
10
5
11
4
7
6
7
4
5
8
4
10
6
4
2
10
6
6
13
5
5
4
8
5
6
5
7
4
2
5
5
3
6
0
5
7
5
7
7
6
7
9
7
4
6
9
8
5
3
4
7
0
7
5
5
5
7
6
4
5
8
9
7
7
6
7
7
7
9
7
6
8
6
6
2
8
7
8
9
9
5
7
4
2
0
7
2
5
12
7
7
4
5
3
4
4
8
3
2
6
9
3
9
5
8
6
6
7
5
4
7
6
6
6
5
6
6
4
5
4
13
5
2
7
11
5
5
7
3
3
3
5
6
3
5
11
3
3
6
8
10
6
3
0
5
5
4
5
3
3
12
7
2
7
4
8
4
5
0
5
2
6
2
6
11
4
5
7
5
6
6
5
9
9
6
10
7
6
8
9
5
8
7
10
5
3
2
7
9
7
2
4
8
5
5
8
5
3
2
6
9
5
2
4
6
7
5
8
7
6
7
7
8
2
10
6
7
5
5
7
2
10
8
5
5
9
4
4
7
5
2
7
2
0
6
3
6
2
4
2
4
7
4
11
4
5
0
11
3
1
1
1
3
0
1
0
3
3
3
4
3
1
0
0
2
0
0
4
6
0
1
2
0
2
2
3
4
2
2
5
1
1
3
0
3
4
6
7
3
2
3
0
0
6
5
0
0
7
0
5
3
4
2
4
1
2
5
0
0
0
0
0
3
10
0
2
3
4
0
5
15
5
3
5
3
11
10
5
5
10
8
3
2
6
0
2
2
2
1
3
5
0
2
1
3
0
3
5
2
12
9
7
0
3
4
3
15
15
3
8
4
7
1
8
3
6
0
9
13
6
3
6
0
9
1
2
0
5
12
0
5
3
3
2
0
2
1
5
2
0
0
3
4
2
0
0
0
0
0
5
2
2
4
3
3
2
2
2
3
3
5
0
6
0
2
0
9
3
6
0
0
1
3
0
0
1
1
3
17
9
4
0
6
0
7
2
0
5
5
16
9
9
8
6
0
10
6
6
0
11
11
6
4
3
8
5
6
5
1
3
5
9
3
9
5
3
7
2
6
0
4
0
0
0
5
3
0
6
0
0
5
4
6
2
6
3
11
11
2
10
0
0
2
0
0
3
0
0
10
1
11
13
0
2
5
3
4
2
6
9
2
3
3
3
0
0
2
5
3
0
3
2
1
2
8
0
0
4
0
0
2
1
13
10
6
23
15
58
31
17
11
11
10
12
19
10
29
23
21
10
21
10
8
15
15
12
31
15
15
21
15
12
33
17
19
15
13
15
19
13
17
10
21
15
19
19
21
13
17
21
27
27
27
19
29
21
12
21
27
12
13
21
21
15
19
12
13
21
12
21
27
23
21
21
17
14
21
13
21
36
33
25
27
37
23
33
21
21
13
35
13
33
25
15
21
31
15
46
29
58
13
13
21
38
33
23
17
12
21
19
35
38
19
25
10
46
50
35
27
27
42
29
13
48
29
13
37
27
35
8
25
15
63
25
19
33
36
6
33
27
10
35
33
25
21
30
69
27
15
15
17
40
58
44
31
29
10
15
39
29
17
12
31
27
6
15
17
10
15
8
8
10
17
10
6
15
10
10
15
8
6
2
13
10
12
15
6
6
8
15
10
10
11
10
6
10
10
8
13
6
19
8
4
6
6
15
19
8
12
12
10
6
12
15
13
6
10
10
8
10
8
6
10
12
8
8
15
13
11
15
4
13
6
8
4
19
12
8
6
10
19
46
13
8
6
8
13
21
13
23
10
12
8
17
13
12
10
19
8
4
25
6
6
8
6
8
10
12
10
15
13
10
10
8
4
8
4
8
2
12
19
13
4
21
8
6
8
10
8
4
4
3
5
5
1
8
1
3
12
0
12
1
0
0
1
36
3
11
0
1
0
20
0
3
0
3
10
1
3
0
1
1
0
3
1
5
4
0
3
7
3
0
0
3
10
0
3
3
0
1
3
3
0
0
3
5
13
0
6
0
6
0
1
3
0
0
0
1
6
0
1
0
1
1
0
0
8
0
1
1
0
3
0
3
3
3
5
0
0
3
6
0
12
3
1
1
1
0
0
3
0
3
1
0
3
3
3
1
0
4
3
1
6
5
3
6
1
5
1
5
0
0
0
0
1
0
0
1
1
1
1
1
3
5
3
3
3
6
0
0
19
0
0
0
1
10
1
0
3
0
0
0
17
8
1
3
1
1
5
6
6
5
0
0
1
12
3
0
3
1
5
5
7
8
1
1
1
0
0
0
5
7
0
0
1
1
1
0
1
0
1
8
3
1
3
1
0
0
0
1
1
0
0
0
1
1
0
1
3
3
1
0
0
1
0
0
11
0
0
12
1
1
0
1
3
3
1
3
1
1
0
0
0
0
7
0
1
0
1
5
0
0
0
3
5
1
1
0
1
1
0
3
1
1
1
5
5
5
3
6
0
6
5
5
1
3
0
1
0
6
3
5
8
0
1
0
1
0
0
0
1
0
3
1
0
0
6
1
8
15
0
12
0
32
3
3
45
45
24
44
3
48
34
12
36
4
3
3
3
5
41
0
5
34
5
7
3
3
37
1
5
60
30
47
4
79
3
3
49
28
3
3
5
20
24
5
22
48
48
1
5
3
48
7
35
4
44
45
3
1
38
5
30
6
4
0
5
19
44
0
43
51
7
5
1
0
8
0
0
0
5
0
1
5
38
19
17
0
1
3
6
0
20
0
1
1
84
0
0
1
1
3
3
5
7
5
3
0
0
20
0
3
86
5
69
0
69
0
0
3
3
6
1
15
10
0
3
3
6
0
3
1
5
31
1
3
7
0
1
70
0
1
3
32
1
0
1
21
1
1
7
19
37
35
0
2
1
3
3
10
1
0
1
0
4
3
3
0
1
1
0
0
5
0
1
0
0
0
3
30
1
7
7
0
0
5
5
0
35
0
4
11
0
81
1
34
3
0
0
5
56
3
5
1
45
1
1
27
3
3
65
5
0
3
1
4
2
30
3
5
0
6
3
3
6
0
3
10
8
5
14
0
1
13
9
0
6
30
8
10
8
5
3
0
0
43
48
18
1
4
1
1
1
0
54
1
1
1
13
1
16
29
1
0
5
3
1
2
8
27
6
4
1
0
1
26
0
1
0
6
49
0
4
7
3
10
5
1
1
0
0
2
0
0
0
0
0
1
2
0
0
0
0
0
0
0
1
0
1
2
0
0
0
2
2
2
0
0
0
2
1
2
0
0
2
2
0
1
2
0
0
2
0
2
2
2
0
2
0
2
0
1
2
3
2
0
0
2
0
0
2
2
2
2
3
2
2
0
2
0
1
0
0
4
2
0
2
3
0
3
2
2
0
2
2
2
2
0
2
2
0
1
2
0
3
2
0
2
2
2
1
0
0
2
2
1
0
0
2
0
1
3
0
0
0
0
0
2
2
2
0
0
0
2
1
2
3
0
0
3
2
2
0
2
2
2
0
2
2
2
2
0
2
2
0
0
2
4
0
0
1
3
0
2
2
0
2
0
0
3
2
0
0
1
0
0
2
0
2
2
0
0
0
2
0
2
1
2
2
2
0
2
2
0
2
3
0
2
2
0
3
4
0
0
0
1
2
2
2
2
2
4
2
2
2
3
2
2
0
2
0
2
2
2
0
0
2
0
0
0
0
0
0
0
0
2
0
2
0
2
0
2
0
2
2
0
0
1
2
0
0
1
2
0
0
0
0
0
0
2
0
3
0
0
0
0
0
0
0
0
2
1
2
2
0
3
3
2
0
2
1
2
0
0
0
2
0
0
0
2
0
2
2
0
