4
2
0
23
0
23
0
2
4
2
0
2
2
4
4
2
4
8
2
0
2
2
2
2
4
2
6
4
2
4
2
2
4
0
6
2
2
2
0
0
2
2
0
2
2
2
2
0
2
27
14
4
2
23
2
2
2
2
2
4
0
2
0
0
4
0
2
2
4
2
10
4
2
0
0
4
2
2
0
15
6
2
4
6
2
2
2
2
2
2
8
2
0
4
7
0
2
4
0
2
4
2
0
2
0
0
2
2
2
2
2
0
2
6
4
17
2
6
2
2
2
0
4
4
2
2
6
2
14
26
2
0
4
2
27
0
0
0
25
4
0
2
2
0
0
2
2
2
8
0
6
6
0
2
0
4
2
2
2
2
0
21
2
4
0
0
2
2
2
13
4
25
18
0
6
2
0
4
0
4
2
0
2
23
0
6
2
2
2
2
2
12
4
2
0
15
2
2
21
4
0
4
6
4
4
2
4
44
0
28
4
2
4
2
4
2
0
0
2
22
0
6
2
4
6
17
2
2
0
2
2
4
2
8
2
2
2
2
2
2
2
2
6
2
2
2
0
10
2
0
2
0
0
2
0
16
6
2
2
4
2
2
4
0
2
0
2
16
29
2
2
2
23
2
2
4
4
29
2
6
0
2
4
4
4
4
2
0
0
7
2
4
4
6
6
4
0
4
4
6
2
4
4
2
2
0
0
2
2
4
0
8
4
2
6
0
2
0
2
2
4
6
2
0
2
0
2
6
4
6
4
0
8
2
6
12
2
0
4
0
2
8
4
2
4
6
8
2
4
8
4
4
2
4
8
8
8
6
2
2
6
6
8
8
6
2
6
10
6
6
4
4
10
8
4
8
8
10
6
8
6
6
8
8
12
9
13
8
15
6
10
8
8
10
10
6
4
11
4
8
6
8
11
8
4
6
8
4
10
8
8
8
10
13
11
11
10
13
8
8
8
10
6
10
4
9
8
8
6
8
13
6
10
13
19
8
17
8
46
8
4
13
4
11
8
4
15
4
4
9
6
4
2
6
4
0
4
8
6
8
4
2
6
2
8
4
4
2
8
8
4
4
4
8
6
2
2
6
4
2
8
4
2
6
4
6
4
4
4
2
0
4
6
6
4
2
2
6
4
2
6
2
2
4
4
4
6
8
9
4
2
2
4
2
6
4
2
4
6
2
2
2
6
6
2
4
4
2
0
4
2
9
6
6
9
13
4
2
4
6
0
4
4
6
2
6
6
4
6
4
4
7
2
4
4
0
4
6
4
2
2
4
4
2
4
4
4
4
6
2
4
7
4
4
6
2
8
13
24
11
25
23
13
26
11
11
20
15
15
28
9
23
17
13
17
9
11
17
16
9
13
6
11
9
11
7
13
19
26
21
9
12
13
17
15
19
30
21
18
9
22
13
11
11
55
6
19
11
2
4
13
4
16
4
0
6
8
9
4
13
13
9
11
24
4
13
19
13
6
8
9
13
24
20
26
21
16
46
15
13
15
11
13
4
8
27
5
15
19
10
31
8
26
23
26
4
23
9
13
23
13
15
21
17
13
11
11
16
9
19
9
15
13
21
19
19
19
23
13
15
16
19
11
17
17
10
11
21
19
15
9
18
13
18
11
19
32
15
13
13
22
30
22
9
21
45
15
6
22
16
18
20
26
16
24
22
11
13
26
11
9
21
30
6
17
6
34
24
27
7
8
20
15
10
30
15
18
9
21
36
15
11
27
8
13
21
5
32
23
49
22
9
24
10
19
7
9
13
9
27
17
11
21
9
21
29
19
11
13
7
13
23
9
23
6
9
13
17
11
9
8
5
15
12
5
9
9
10
9
22
7
18
9
5
9
12
7
7
13
13
7
7
18
7
14
7
7
10
13
6
9
14
7
5
2
4
0
2
5
0
4
7
0
4
0
3
0
5
2
2
3
3
0
0
0
0
5
4
7
2
0
2
0
13
4
6
4
24
23
2
2
41
4
2
2
8
6
2
9
2
4
4
32
16
0
2
36
46
39
2
2
6
2
2
2
0
0
0
2
2
4
41
2
4
2
6
4
6
4
8
32
2
4
6
8
4
2
4
28
22
2
4
23
2
2
7
2
20
0
2
44
0
9
2
6
0
4
4
2
7
2
29
0
9
13
0
2
4
2
28
10
43
34
4
50
0
4
38
0
20
2
0
2
0
4
2
17
4
4
37
34
2
2
2
0
15
2
4
0
8
4
2
2
8
8
4
4
4
2
2
2
8
4
47
2
2
2
4
0
4
2
2
2
2
4
6
13
4
6
4
4
2
2
6
0
27
4
2
4
2
2
2
2
2
0
6
0
6
2
2
2
2
4
4
2
2
38
9
31
69
0
0
4
2
6
0
0
0
0
0
2
2
2
4
0
0
4
4
2
2
2
2
0
4
2
2
0
4
0
43
4
0
19
2
2
4
4
2
2
2
4
4
2
4
2
0
0
30
0
4
4
2
2
0
2
2
2
18
4
2
2
18
0
5
30
2
33
4
0
7
0
4
2
0
8
4
24
2
0
4
0
0
2
6
10
6
4
0
2
2
4
30
2
2
2
6
0
4
35
2
0
2
4
5
49
2
2
2
0
2
2
0
6
5
9
3
5
8
3
4
3
3
7
5
6
4
2
9
3
6
4
7
1
7
6
4
4
4
3
8
6
7
4
3
5
9
3
5
7
4
6
6
6
9
4
4
7
4
2
8
2
5
5
6
2
4
6
2
7
4
4
5
2
9
9
4
3
4
6
5
6
5
4
5
3
4
6
4
4
4
4
7
4
6
6
2
5
2
7
7
4
7
1
5
4
6
5
7
5
5
7
5
4
4
6
6
6
9
3
6
4
8
7
5
7
3
6
6
5
5
6
7
3
7
5
4
5
6
3
7
9
6
5
3
6
5
7
2
6
3
1
6
6
6
6
4
6
3
7
6
4
7
9
6
5
6
6
7
5
3
7
9
6
5
0
6
4
8
2
7
6
6
7
6
6
7
5
6
5
4
5
4
4
7
6
6
7
4
4
7
4
6
6
5
3
3
9
6
3
4
4
7
2
4
10
7
5
6
5
3
8
8
5
6
5
4
8
3
5
7
6
4
9
7
2
5
7
4
7
4
5
5
5
3
5
3
4
2
6
8
4
5
4
4
7
6
7
4
4
3
7
5
6
3
7
3
5
2
6
8
6
8
3
6
4
3
5
6
4
9
6
6
7
4
6
9
6
4
7
6
8
7
1
7
6
6
5
9
8
6
0
0
0
1
1
0
55
3
0
0
3
0
0
3
0
0
3
1
0
2
3
0
0
0
0
7
0
5
3
0
0
3
1
3
0
0
0
3
3
3
0
0
5
3
0
1
9
3
0
29
0
57
0
5
0
0
0
5
1
2
0
0
0
0
3
4
0
0
7
3
0
0
5
3
0
2
1
0
0
3
0
1
0
5
0
1
0
9
0
0
1
3
0
0
60
0
0
0
1
0
1
1
0
0
1
0
1
0
3
0
0
0
1
0
3
1
1
1
1
1
5
0
1
0
5
0
1
0
1
1
0
1
5
3
0
0
1
2
0
0
3
5
1
0
0
0
1
0
1
5
3
0
3
5
1
0
0
5
3
3
0
3
1
0
5
5
0
1
0
79
1
3
0
0
0
3
3
0
0
0
0
5
0
0
0
1
0
0
0
0
3
0
1
5
0
0
0
0
0
0
0
0
0
3
1
0
3
0
0
5
0
5
0
1
3
0
0
5
0
7
2
3
3
0
0
4
0
0
1
0
3
3
1
1
1
3
1
0
0
1
1
9
0
1
1
1
1
9
1
3
0
5
0
3
5
3
5
3
7
3
0
3
0
7
1
9
0
5
1
0
1
7
3
3
3
0
0
5
1
0
0
5
1
5
1
1
0
0
8
21
9
6
6
15
13
4
11
10
6
10
10
8
12
8
12
4
12
2
8
8
6
15
15
8
11
8
10
15
13
12
6
11
8
7
8
8
6
11
8
8
12
13
8
10
15
10
12
6
29
17
12
17
8
8
21
13
17
13
17
8
10
13
6
8
10
8
15
10
10
8
6
8
17
8
13
6
8
6
2
21
6
10
12
9
12
6
13
12
13
15
13
2
8
15
15
8
21
6
10
8
8
10
6
8
15
48
8
8
8
11
13
19
17
17
17
13
15
6
11
11
23
15
8
13
10
6
15
12
11
54
11
8
19
14
6
27
10
9
17
13
17
19
17
24
13
23
13
13
8
8
12
15
12
10
8
13
21
26
13
23
12
11
9
15
21
17
29
14
6
23
11
15
25
15
11
6
8
13
8
17
13
6
19
10
13
13
23
32
24
12
6
28
17
11
23
31
17
12
6
19
8
29
32
25
6
21
21
33
27
4
11
6
6
8
6
9
19
15
4
42
8
12
6
10
29
4
13
22
10
14
10
6
25
21
15
6
6
10
21
9
11
10
10
11
13
10
9
13
10
4
15
10
8
11
8
8
8
17
19
10
8
10
21
8
8
6
8
11
19
15
19
15
8
15
29
21
23
9
13
4
6
11
6
10
4
9
0
1
0
13
0
4
2
2
2
5
2
2
4
2
3
6
0
7
4
5
4
2
2
4
4
13
2
4
0
3
2
7
2
4
4
9
0
2
2
4
0
0
4
0
2
3
4
2
3
2
0
4
4
5
0
4
4
9
6
2
2
6
5
2
2
2
11
0
5
0
2
2
0
0
4
0
2
2
2
4
2
6
3
4
4
11
0
0
1
7
3
0
0
6
0
4
2
5
0
2
4
2
1
0
0
2
7
4
7
0
5
3
0
2
5
2
3
1
0
2
5
0
0
2
4
2
0
2
2
4
7
2
5
11
2
2
2
3
19
0
4
2
4
4
0
2
2
4
2
0
15
4
0
2
4
0
3
5
0
0
9
0
2
5
3
7
2
11
2
4
2
4
2
0
2
7
4
6
11
0
17
5
2
4
2
2
2
0
2
13
4
5
0
1
2
3
0
3
0
2
4
2
0
6
0
2
4
2
2
0
4
2
0
6
0
4
2
4
2
6
2
4
2
4
4
4
2
4
11
0
4
0
2
3
2
4
1
2
2
6
0
2
2
4
4
17
0
2
2
5
4
4
3
2
3
4
4
0
4
2
2
0
4
5
4
13
2
6
2
13
0
2
2
3
2
2
6
2
5
2
2
17
0
0
4
4
5
0
0
0
2
2
2
6
0
0
2
0
4
0
6
4
0
0
4
2
0
0
2
0
2
2
2
0
0
0
6
0
0
0
2
0
0
0
0
4
0
2
2
2
0
0
2
0
0
2
0
2
0
2
0
2
2
0
0
2
2
0
2
2
0
2
2
2
6
2
2
6
2
0
4
4
2
4
4
0
0
0
2
2
0
0
2
0
2
2
0
2
2
2
0
2
2
0
2
2
2
2
2
2
2
2
2
2
4
2
4
2
2
6
2
2
2
6
0
2
2
0
2
2
2
2
4
2
2
2
2
0
0
2
2
5
2
2
2
5
3
0
4
2
2
2
5
0
4
2
0
2
6
2
2
2
0
0
4
0
4
2
4
2
2
2
2
2
2
2
2
0
2
2
6
2
4
0
0
2
2
2
2
2
2
4
4
2
0
0
0
2
5
2
2
0
4
0
2
1
1
2
2
2
0
2
0
2
0
2
4
2
2
2
2
2
0
0
0
0
0
2
0
4
2
0
0
0
0
0
0
0
4
4
0
4
2
2
5
0
2
2
2
4
0
2
3
4
0
0
2
2
2
0
0
2
2
0
4
1
2
1
0
0
0
0
0
2
0
0
3
4
0
2
2
2
0
2
2
2
0
2
6
3
0
2
0
2
2
0
16
67
11
35
21
34
16
21
67
35
14
15
39
27
33
12
56
22
26
21
40
28
14
31
30
65
27
63
24
68
14
54
13
19
15
64
18
27
11
66
13
42
20
47
19
20
51
53
49
20
33
20
28
27
36
19
60
11
20
17
16
53
25
74
27
50
73
13
69
25
32
17
52
30
53
23
61
22
48
22
28
16
19
15
48
67
25
75
17
20
14
59
23
58
20
34
24
20
62
23
61
27
28
14
62
13
22
10
36
12
24
74
30
49
21
27
27
13
70
36
13
21
17
60
29
40
27
23
68
14
25
40
60
21
55
29
15
91
18
75
46
55
13
7
12
70
41
15
52
48
20
14
30
39
14
20
15
22
20
76
31
25
24
71
22
64
20
25
80
22
27
39
17
17
43
24
14
15
22
17
57
23
21
26
62
26
40
38
18
61
29
18
41
36
11
24
55
18
45
28
37
20
37
27
20
87
22
22
36
23
72
62
15
23
25
55
55
51
71
59
28
39
22
78
22
27
22
68
20
33
35
25
55
70
65
26
16
27
18
19
77
16
41
80
23
21
38
12
30
20
13
53
33
73
77
40
57
18
70
70
3
10
21
16
71
71
23
31
77
41
26
24
7
36
26
60
15
25
35
74
83
43
22
42
62
38
23
55
