20
18
19
17
17
18
18
19
19
19
17
16
18
19
19
19
16
19
19
19
18
19
16
19
17
19
19
18
16
19
17
19
19
19
12
19
19
19
17
19
18
18
18
15
19
19
17
19
19
17
19
19
17
19
19
19
19
18
18
19
19
19
19
18
18
19
17
17
19
17
19
19
19
19
18
17
19
18
19
19
17
19
18
17
19
17
18
19
18
19
19
19
19
19
19
19
19
19
19
18
19
18
16
19
18
19
18
19
18
19
16
18
19
19
18
19
17
18
17
19
19
19
17
19
19
19
19
17
15
19
19
19
19
19
18
17
17
19
19
19
18
19
17
19
18
19
18
19
18
10
19
18
17
19
19
19
19
19
17
19
18
19
19
15
17
19
19
18
18
17
19
18
19
17
17
18
18
18
18
19
19
15
19
18
19
16
19
17
18
19
18
19
19
19
18
19
17
18
19
19
17
18
18
19
19
16
12
18
12
18
19
18
18
19
17
17
19
17
18
18
19
14
18
18
19
19
18
19
18
18
19
17
19
19
18
19
19
19
16
19
16
18
19
19
19
19
17
19
19
18
15
19
18
19
17
19
19
18
18
19
19
19
19
19
18
18
18
18
17
19
19
18
18
18
19
18
18
18
17
13
16
19
19
20
19
15
18
17
2
75
2
5
0
4
0
0
3
0
0
0
0
2
10
64
0
0
2
5
0
4
45
0
0
5
25
4
2
0
4
4
3
13
0
0
3
0
28
81
5
0
9
12
0
0
5
4
5
0
66
0
0
38
0
0
20
0
0
4
37
0
0
53
2
9
8
0
4
0
0
0
14
0
20
0
3
2
5
0
3
4
14
0
19
2
0
5
4
0
92
0
0
0
3
0
2
20
44
2
0
0
0
3
6
0
0
3
90
0
0
0
2
0
0
56
2
0
55
0
0
22
2
0
2
0
3
2
43
2
2
0
4
0
48
0
0
0
4
3
2
31
0
0
2
0
20
0
2
4
3
45
0
18
2
0
0
5
53
0
2
20
9
0
49
3
5
0
2
4
0
0
75
2
4
0
3
5
24
2
4
8
3
2
9
48
0
3
2
4
2
7
2
2
3
0
3
4
2
2
5
0
57
0
6
0
55
4
0
23
2
4
39
5
0
62
20
0
9
81
0
2
3
33
19
0
0
3
0
90
2
5
2
2
2
0
4
72
3
0
0
22
4
3
3
0
0
2
83
3
8
42
0
0
2
9
4
42
14
7
5
38
0
0
11
0
4
4
68
7
4
43
7
0
2
0
0
3
48
2
3
84
0
4
9
0
0
5
71
75
77
77
76
74
77
78
77
76
78
71
78
77
74
76
76
77
76
77
77
78
77
78
71
78
76
78
77
77
77
77
78
76
78
78
77
77
75
78
76
75
76
78
78
78
74
77
75
77
78
74
70
78
77
78
77
77
78
78
78
77
77
74
77
77
78
76
78
76
79
75
77
76
77
75
77
76
75
77
74
77
76
76
77
77
76
74
75
76
76
78
77
77
77
76
76
77
74
76
78
76
78
76
76
77
77
76
78
77
77
76
77
77
77
75
76
77
69
78
76
77
78
77
72
77
77
77
77
74
71
76
76
78
76
76
73
76
77
78
76
76
77
76
77
78
76
75
76
78
77
76
72
76
78
78
77
75
76
77
75
77
77
76
77
77
78
73
77
78
76
69
76
75
73
74
77
77
77
76
77
77
78
77
79
78
77
74
75
79
77
76
77
76
77
76
77
77
77
78
77
77
78
76
76
76
76
76
77
77
75
76
71
75
77
78
77
73
77
66
67
67
68
66
68
54
58
59
56
60
57
56
59
60
60
60
58
49
59
57
58
56
58
53
58
59
60
59
57
55
58
46
58
56
54
60
59
59
56
56
59
58
59
60
60
60
60
60
59
62
60
57
60
60
58
60
59
60
59
59
60
60
62
58
60
59
60
59
7
2
2
0
4
2
2
2
0
4
2
0
2
0
0
0
2
2
0
21
4
2
2
2
3
4
2
7
4
0
4
0
5
4
2
3
0
2
2
0
2
5
0
5
2
0
2
2
5
0
2
2
4
0
2
2
4
2
5
2
0
0
2
2
0
0
2
2
2
2
3
4
0
2
0
0
2
2
0
2
2
6
2
0
4
2
2
4
4
2
0
4
4
5
0
3
0
4
4
4
4
5
4
0
2
4
2
0
0
2
3
4
4
6
2
2
0
7
5
2
2
4
2
4
0
3
0
19
4
2
2
0
4
0
2
4
4
4
0
4
2
2
2
2
4
2
2
6
6
4
3
0
0
2
0
4
4
2
4
0
0
4
0
2
5
0
4
2
2
2
2
2
7
4
6
0
21
3
0
4
2
4
0
4
3
0
0
0
2
0
4
4
19
3
0
2
2
2
4
0
4
6
0
3
2
0
2
17
2
4
3
5
0
2
2
3
23
0
2
5
4
5
4
17
0
5
19
2
2
7
2
4
5
2
1
5
2
2
2
2
4
2
2
2
2
2
7
2
2
2
4
2
2
2
2
2
3
2
0
0
27
0
4
0
0
2
2
1
0
2
2
6
4
3
2
4
2
2
2
0
6
2
0
4
7
3
0
0
4
2
8
2
6
2
2
2
4
0
0
4
2
2
2
4
2
0
0
4
0
6
2
2
4
2
2
2
4
10
2
4
4
6
0
4
0
2
2
2
6
2
6
2
9
8
2
0
0
8
6
8
4
4
2
4
4
4
2
2
2
2
4
4
2
0
0
4
8
4
12
2
8
6
2
0
2
2
2
6
2
0
2
2
2
4
0
2
2
8
6
0
2
4
4
2
2
0
4
0
2
0
6
2
4
2
6
4
2
2
4
4
0
6
2
2
0
0
2
2
4
2
2
2
6
2
4
4
6
0
8
4
2
8
2
2
6
4
2
2
2
2
6
6
4
4
4
2
2
6
4
0
2
4
11
2
0
4
2
4
2
2
2
0
6
0
2
6
2
2
4
4
2
2
2
0
6
2
2
2
6
10
4
2
0
0
2
4
4
0
2
0
2
4
2
4
2
2
2
0
0
0
0
0
2
2
4
9
0
8
2
0
2
4
2
2
0
2
0
4
2
0
0
0
0
2
4
0
4
0
2
4
6
0
9
4
0
2
0
2
2
2
2
2
0
0
4
0
0
11
0
0
2
2
0
4
0
0
2
4
2
2
10
4
6
2
0
8
4
2
2
4
2
0
0
2
0
2
0
2
0
2
2
2
4
0
0
2
2
2
2
1
0
0
1
4
16
1
0
0
0
24
2
2
1
16
24
0
2
3
25
1
0
0
0
0
2
2
2
15
0
2
3
21
0
0
1
0
0
0
0
2
0
14
0
0
0
0
14
2
2
2
0
0
0
0
2
22
23
0
0
2
19
0
3
0
23
0
2
0
2
1
0
0
19
0
0
0
0
15
0
4
0
11
1
0
0
35
0
2
35
3
1
43
2
0
0
19
1
0
0
0
37
0
0
25
3
0
25
2
0
3
19
0
0
2
0
18
0
0
3
19
1
0
1
20
0
2
0
0
0
0
2
24
0
1
0
29
2
0
0
17
2
0
0
0
0
0
25
2
0
0
0
25
2
0
0
24
0
2
0
2
1
19
3
0
0
28
2
0
0
1
2
0
0
12
1
0
0
19
1
0
0
38
0
2
0
0
17
2
2
2
0
22
0
2
2
0
0
2
0
0
34
0
2
0
0
0
2
0
0
35
0
2
30
1
2
0
0
2
0
0
0
1
1
0
26
2
6
2
0
22
2
4
0
0
23
0
2
1
0
35
2
2
2
3
0
0
2
1
0
0
0
1
18
0
5
0
2
25
3
0
2
0
0
0
26
0
0
0
0
0
0
2
0
0
31
2
0
0
1
0
2
2
0
19
10
6
2
4
4
4
4
4
10
12
8
6
4
12
8
4
0
2
4
10
6
4
6
6
10
8
4
2
6
8
4
2
2
6
4
4
2
0
2
4
4
6
6
6
8
4
10
6
0
2
2
4
14
6
4
14
0
4
6
8
6
2
4
2
6
6
2
4
8
2
6
0
0
6
0
6
4
4
4
4
8
10
0
8
4
10
2
8
4
4
4
6
4
2
6
2
14
2
4
2
4
4
0
8
12
6
4
8
2
4
2
2
2
2
16
4
2
4
6
6
0
4
12
0
6
2
6
4
4
8
6
0
6
6
2
2
0
8
2
8
8
0
4
8
2
8
2
0
6
0
10
2
10
10
10
12
2
6
4
4
4
8
4
6
6
2
8
4
6
10
12
4
4
4
2
4
0
4
8
8
4
2
10
2
6
2
0
6
0
10
6
4
2
8
10
4
14
0
4
10
16
4
0
6
4
2
4
4
8
6
6
4
6
2
2
4
2
6
4
2
10
6
0
10
12
6
0
2
12
4
0
6
6
2
12
4
0
0
4
2
4
18
2
2
6
0
2
6
0
8
4
14
6
6
0
6
4
6
4
6
10
2
6
4
4
2
4
4
2
4
4
2
4
8
6
4
6
4
0
4
4
4
0
4
4
4
4
6
9
7
5
15
41
52
21
11
9
17
19
19
9
5
7
7
7
11
13
9
7
5
19
13
7
21
13
7
13
17
13
15
17
17
17
11
15
9
11
7
9
9
9
13
11
17
5
19
11
11
11
9
15
17
15
11
17
13
19
11
17
23
9
9
3
9
17
11
15
15
9
9
5
7
3
5
9
13
7
46
7
7
13
15
9
11
11
9
13
7
9
15
11
7
15
9
9
9
5
7
11
3
19
23
7
7
11
19
9
5
11
19
5
7
17
7
3
17
5
9
11
9
7
42
5
15
3
7
5
15
15
11
11
9
9
7
5
3
9
13
15
7
11
9
15
13
15
15
9
9
11
13
3
11
13
15
11
9
5
11
7
3
11
15
9
7
5
15
7
11
3
11
7
11
7
5
3
13
5
7
7
13
11
7
11
5
15
7
7
11
5
15
19
5
5
3
9
5
9
21
7
5
15
21
19
11
15
9
19
9
13
13
19
5
15
13
7
27
11
19
15
23
7
11
23
17
15
15
17
33
27
23
11
15
2
7
21
27
19
11
9
33
9
11
23
13
21
11
17
9
5
19
7
11
5
11
11
15
13
7
11
13
7
17
17
11
13
11
7
11
11
9
13
11
11
13
5
19
17
19
9
11
9
9
7
13
9
15
0
0
0
0
0
0
0
0
0
0
0
0
0
0
0
0
0
0
0
0
0
0
0
0
0
10
4
21
17
8
6
10
19
8
35
29
12
30
19
12
12
14
33
15
13
12
25
14
17
17
19
15
34
33
21
23
37
26
21
23
19
15
15
31
25
10
46
8
17
10
8
40
14
19
12
33
12
13
12
39
19
19
29
19
25
31
14
19
23
23
46
21
27
23
46
52
59
34
30
60
21
37
64
79
44
40
39
42
30
17
41
34
12
12
6
41
41
21
15
46
19
42
0
23
2
23
12
29
37
39
19
54
23
73
46
28
58
35
19
56
23
25
59
58
70
50
21
15
6
39
44
44
33
21
37
17
52
17
23
42
33
23
60
23
86
34
12
17
54
36
15
58
21
10
34
33
10
35
14
19
15
19
11
15
36
23
17
27
73
68
14
31
56
17
52
13
68
35
37
33
79
50
38
19
54
13
19
58
31
15
27
19
60
21
19
9
26
13
15
35
8
35
27
42
31
23
25
17
34
10
34
58
32
27
31
25
27
42
30
4
25
27
32
40
29
44
9
56
15
21
23
15
15
42
13
35
8
16
27
35
32
13
21
35
10
37
27
24
25
15
24
31
15
30
32
62
85
38
17
17
6
27
32
15
26
36
11
25
0
0
2
2
2
2
2
4
2
0
0
2
4
4
0
2
2
2
2
2
2
0
2
2
4
0
4
0
2
4
2
2
2
2
2
2
2
2
2
0
0
2
2
2
2
0
2
0
0
2
2
2
0
6
4
2
0
2
0
2
2
2
2
2
2
0
2
0
2
2
2
2
2
2
4
2
2
4
2
4
2
2
2
4
4
2
4
4
0
2
4
2
2
2
4
0
2
2
4
2
2
2
4
4
2
2
2
2
2
2
2
2
0
2
2
2
2
2
0
2
0
2
4
0
2
2
2
2
2
2
2
2
2
4
4
0
0
0
2
2
4
0
2
0
2
2
0
2
2
2
2
4
2
2
2
2
4
0
2
4
0
2
2
2
2
4
2
0
4
0
2
4
2
2
0
2
2
2
2
2
2
2
2
2
3
4
2
0
2
2
2
2
2
2
2
2
0
2
2
2
0
0
2
2
0
4
0
0
2
0
2
2
0
2
6
4
4
2
2
4
2
0
2
2
0
2
2
0
4
2
0
2
2
0
0
2
0
2
4
0
2
0
0
4
2
0
2
2
2
2
2
2
2
2
0
0
4
2
2
2
4
2
0
0
2
0
4
2
2
0
0
2
2
4
2
4
2
2
2
2
2
2
2
2
2
0
2
2
