2
0
0
2
2
2
2
2
0
0
2
0
0
2
16
0
0
2
0
2
2
0
0
2
2
0
2
2
0
6
4
2
12
10
2
2
0
2
0
2
4
2
0
0
2
2
2
2
8
2
2
2
2
2
2
0
2
2
4
0
2
0
2
2
0
2
0
2
2
2
4
2
6
2
2
2
2
0
2
2
0
2
2
2
2
0
4
2
2
0
0
2
0
4
2
0
0
6
2
0
6
2
0
0
4
0
0
0
10
24
2
0
0
2
6
4
2
2
4
2
0
4
2
2
2
0
2
0
0
0
0
2
0
0
2
0
0
2
2
2
0
2
2
2
2
2
0
0
2
2
2
2
2
0
0
0
0
0
2
2
0
0
2
2
2
2
2
0
0
2
0
0
0
0
2
0
0
0
0
0
0
0
0
0
0
0
2
0
0
2
2
0
0
0
0
0
2
2
0
2
0
2
2
0
0
0
2
0
0
0
0
2
0
2
2
2
0
2
0
0
0
2
2
2
0
0
0
2
0
2
2
0
0
0
0
0
0
0
0
2
0
2
2
0
0
0
0
2
0
2
2
2
0
0
0
0
0
0
0
0
0
0
2
2
2
0
2
0
0
0
2
0
0
2
2
2
0
0
2
0
0
0
2
0
0
0
2
2
9
10
6
4
6
2
8
6
4
0
0
2
6
0
0
8
6
4
10
0
11
4
6
10
5
8
0
6
2
2
5
0
6
6
4
4
9
10
4
4
13
6
7
4
2
4
8
2
10
13
4
10
10
6
4
6
2
6
8
2
8
17
8
13
10
15
6
12
6
6
12
17
6
10
11
19
10
2
31
6
6
8
10
10
9
15
15
15
25
11
13
8
4
11
11
7
8
10
9
23
8
8
13
8
13
6
27
15
11
8
25
6
21
12
13
10
15
21
17
4
10
23
10
10
17
17
10
6
21
17
19
15
10
8
21
29
10
6
23
13
32
19
10
9
21
4
15
13
6
12
8
8
25
8
6
17
23
4
15
8
11
2
4
10
4
13
4
12
13
6
8
15
2
8
13
4
10
6
6
9
10
10
17
17
17
10
39
13
11
4
27
10
2
15
13
8
6
6
2
13
4
17
10
21
6
8
13
4
6
10
13
13
15
6
21
25
12
17
11
10
11
8
8
23
18
4
17
13
4
9
9
10
11
13
11
11
11
10
10
13
12
6
18
13
10
11
15
9
15
11
5
11
8
6
12
17
6
7
27
10
11
4
13
10
9
17
6
15
4
4
8
11
6
0
4
15
2
51
7
2
10
4
23
17
6
13
6
4
4
2
0
0
2
4
0
2
2
2
0
6
2
4
2
0
0
2
0
4
0
10
4
6
4
0
0
0
0
4
4
4
2
0
2
4
0
0
2
0
0
0
0
0
0
2
0
8
0
2
2
0
2
0
0
0
0
0
0
2
2
0
4
4
2
4
0
0
0
0
0
4
0
6
2
0
0
2
6
2
0
0
4
2
2
0
0
2
2
2
2
0
4
0
4
0
0
0
2
0
6
2
6
4
0
6
4
2
2
0
2
2
2
2
2
0
2
2
4
2
2
4
2
2
2
0
0
2
4
0
2
2
0
2
2
2
6
0
0
4
0
0
2
0
2
0
2
0
4
2
0
0
0
0
2
4
0
0
0
0
0
0
0
2
0
0
0
0
2
4
2
2
6
0
2
0
0
2
0
2
2
4
0
0
4
0
0
58
0
8
0
2
2
2
2
2
4
0
2
2
4
2
4
4
0
0
0
4
4
4
0
0
0
2
0
0
0
2
0
4
0
0
0
0
0
4
0
0
2
2
6
0
0
2
0
0
2
2
2
2
2
0
0
2
0
2
0
0
0
2
2
2
0
0
4
2
0
2
4
2
0
0
4
0
0
0
0
2
2
0
2
2
6
96
0
0
0
0
2
4
0
0
0
0
2
2
2
0
8
26
7
7
26
15
14
24
11
6
9
37
13
20
19
15
27
21
13
9
19
17
6
20
28
8
6
8
28
38
7
18
16
11
17
13
17
22
6
13
21
24
18
13
27
9
17
23
8
13
11
15
11
21
25
18
20
4
4
8
8
27
11
2
15
8
15
7
23
6
4
6
4
8
26
11
4
9
5
14
17
11
6
6
4
8
4
15
13
27
11
4
23
11
6
13
4
11
8
6
13
6
26
16
22
11
8
28
9
21
6
8
10
9
32
27
11
31
9
7
13
7
28
6
32
9
32
33
10
20
6
30
8
8
34
25
7
14
7
7
8
9
14
8
11
8
23
6
9
15
9
13
9
9
9
11
38
17
9
41
17
30
41
29
9
30
38
16
38
30
30
29
39
51
13
51
38
34
19
45
28
23
13
23
25
44
11
34
28
7
21
43
44
30
44
39
15
37
41
21
22
28
46
21
37
20
27
23
28
21
28
31
30
27
9
26
32
11
28
39
38
21
19
26
26
44
11
17
32
26
25
33
30
36
25
11
13
51
18
24
19
28
28
22
11
21
22
28
23
13
35
11
2
9
17
24
49
8
18
23
6
17
19
11
28
15
18
29
15
19
18
27
28
32
19
26
45
21
14
36
19
36
21
31
17
23
15
25
36
50
25
20
38
33
58
38
41
28
10
16
50
27
16
23
36
28
30
27
35
36
9
20
15
52
20
23
20
69
16
49
45
56
77
36
12
40
46
27
22
21
19
12
55
24
61
20
23
19
36
22
32
18
26
25
33
20
19
33
32
47
23
30
44
27
25
19
17
43
17
48
20
21
17
18
13
26
35
28
10
26
21
20
31
34
20
37
26
31
36
15
31
19
27
50
49
30
38
32
24
32
30
26
24
22
54
36
43
40
25
26
29
50
47
32
33
31
38
43
35
30
27
33
53
45
20
57
25
43
39
41
21
39
37
48
30
23
36
26
44
36
36
32
23
45
46
29
35
33
36
44
30
25
51
21
43
52
35
48
24
38
40
35
31
22
57
32
48
43
51
31
32
32
58
24
55
31
35
46
46
48
51
57
35
24
33
15
12
50
31
29
74
50
63
72
64
45
46
40
41
47
61
53
58
44
26
40
20
63
57
34
45
46
51
45
53
38
44
44
49
50
33
38
70
73
61
56
44
40
46
40
58
31
27
50
61
47
54
59
14
52
50
45
35
40
56
31
37
33
71
47
48
22
35
26
55
44
50
28
51
34
49
36
65
63
37
49
54
35
33
36
61
40
22
51
40
35
77
24
35
37
28
38
20
31
66
86
6
5
2
8
8
5
5
5
11
6
10
7
8
11
5
7
5
3
7
11
12
8
12
9
4
12
7
2
5
10
2
8
7
4
6
8
7
12
8
4
7
12
5
10
6
9
7
8
10
12
8
6
14
5
5
5
8
3
8
4
9
8
7
5
8
7
13
12
7
5
7
7
15
5
8
4
7
4
5
9
5
7
7
5
8
9
4
9
5
2
8
11
16
13
10
6
7
7
7
13
14
10
8
6
6
6
6
7
11
10
11
11
7
13
5
6
6
5
9
7
7
8
5
10
15
6
13
9
7
7
8
8
7
4
8
6
8
6
5
8
8
9
8
13
7
8
10
8
7
9
10
4
7
6
6
6
9
5
13
12
5
6
6
6
5
5
7
10
8
9
9
8
0
7
7
7
8
10
9
12
7
7
10
2
7
6
11
9
5
12
7
4
2
9
9
13
4
8
9
5
5
7
5
5
3
9
7
6
7
7
4
12
9
7
10
7
7
6
4
8
6
9
8
8
4
6
10
10
7
6
7
9
16
13
7
8
6
5
9
10
7
12
8
6
5
7
7
5
8
4
8
9
11
7
12
5
11
8
10
3
5
7
6
4
2
7
14
7
8
6
9
9
9
9
8
2
16
8
10
4
10
7
7
8
5
9
6
12
14
9
6
15
6
8
4
10
12
10
8
11
12
9
11
13
13
8
8
12
6
10
11
8
8
10
15
6
8
4
7
13
4
9
13
11
14
17
11
11
6
12
9
11
11
27
13
10
13
19
11
21
9
11
16
6
24
28
10
11
25
9
10
13
10
10
10
14
9
10
17
21
8
19
25
10
23
11
12
6
12
10
6
10
14
14
17
4
8
21
4
15
10
13
25
19
11
15
27
23
25
34
4
8
17
15
10
17
14
12
29
23
10
6
17
15
17
15
11
22
19
10
15
9
20
17
14
10
10
29
10
17
8
25
12
27
8
25
17
8
18
13
10
15
32
13
25
13
15
13
12
34
10
29
15
15
11
13
17
19
21
16
13
16
28
10
17
31
15
19
15
7
23
17
12
15
15
21
32
9
21
13
19
23
17
29
15
8
15
19
15
6
10
15
19
10
12
15
21
12
12
17
19
17
16
11
34
8
6
13
10
12
25
0
15
11
19
17
15
11
23
12
12
10
17
11
9
29
12
11
27
10
23
9
11
16
9
21
13
25
8
17
15
15
10
11
10
12
15
4
17
15
19
15
17
12
13
15
8
10
6
10
8
9
11
15
10
13
12
10
13
6
13
19
17
25
14
11
19
6
13
6
11
10
10
8
10
21
0
13
5
4
4
2
0
0
9
6
4
0
6
2
0
6
4
0
7
5
19
2
12
20
0
6
4
2
6
0
0
2
6
4
0
0
0
0
2
2
0
0
0
2
0
5
2
8
8
6
10
5
20
7
6
2
19
8
21
0
9
6
0
4
0
7
0
0
2
4
4
0
2
2
2
4
4
6
6
2
6
8
0
83
4
0
2
0
2
27
9
0
0
6
9
2
2
0
0
7
9
0
4
0
4
2
6
0
2
8
8
0
8
0
2
0
8
2
4
15
4
2
25
4
0
2
5
2
0
6
0
2
0
4
23
0
0
0
0
0
4
2
2
0
2
7
15
2
4
2
6
2
25
0
6
2
0
4
2
2
0
0
2
4
0
0
2
2
2
20
25
2
2
6
0
4
0
11
2
10
6
6
14
33
2
0
8
9
0
4
9
10
2
9
2
2
7
2
0
16
0
0
2
7
0
0
0
2
2
7
0
0
4
8
0
0
2
8
0
0
4
0
6
0
0
6
0
0
22
0
2
0
9
0
7
6
5
0
0
4
2
91
0
2
0
7
21
7
0
8
0
9
6
8
2
6
0
0
0
2
0
2
2
5
0
0
6
8
4
5
0
0
0
0
6
23
6
0
0
7
0
4
0
6
2
0
4
8
0
11
3
3
0
3
1
5
1
1
3
3
1
1
7
0
3
9
0
3
3
0
1
5
0
1
7
0
0
1
5
3
0
0
0
0
7
1
0
0
1
0
1
0
0
1
0
0
0
1
3
0
1
0
0
0
0
1
0
0
0
3
0
5
1
1
9
3
0
5
0
0
3
7
1
0
9
1
1
0
3
0
3
0
7
0
3
3
3
5
3
0
0
1
0
0
1
3
0
40
0
3
3
0
0
3
0
1
0
1
1
3
5
1
1
1
0
1
0
1
0
3
0
1
5
3
0
1
1
1
0
3
0
0
1
1
3
11
1
0
1
3
0
5
5
1
1
1
0
1
0
1
5
0
1
7
0
3
5
0
0
5
3
0
0
1
3
5
0
1
1
1
0
7
1
0
0
1
1
3
1
3
5
1
0
5
0
0
1
1
0
5
1
0
0
0
5
0
59
0
0
1
0
0
0
1
0
3
9
5
3
5
0
0
1
15
3
0
0
0
0
1
0
5
0
93
0
0
3
3
3
0
5
0
1
0
1
9
0
1
1
0
1
13
0
1
0
0
3
7
0
5
0
0
0
3
9
1
0
0
0
1
0
0
1
0
1
3
1
1
1
0
0
1
3
0
0
0
3
98
3
1
0
0
7
0
9
1
4
4
29
4
6
6
8
14
8
0
4
4
10
4
4
4
4
8
10
4
10
16
2
6
4
4
8
2
6
2
4
2
6
14
2
4
6
31
4
4
4
2
6
6
2
2
4
4
6
2
6
4
2
4
6
2
4
2
4
18
0
4
8
10
8
6
4
4
4
6
12
2
14
33
2
4
2
4
8
4
2
4
18
4
4
6
2
2
0
6
6
2
4
2
2
27
20
2
2
4
2
14
2
8
4
2
6
8
4
4
35
24
6
31
16
16
27
2
6
6
8
6
6
39
6
4
0
2
6
4
2
4
2
4
6
2
4
2
6
2
10
16
4
2
4
4
4
4
37
4
2
6
2
2
8
4
2
12
6
6
4
4
8
2
4
15
31
2
2
2
20
2
4
6
4
6
16
2
4
29
4
2
2
18
4
4
4
6
4
4
6
4
8
6
26
4
6
18
4
12
10
2
4
2
0
4
2
4
2
6
2
2
6
2
2
4
2
4
12
8
4
26
4
6
8
6
4
10
4
2
4
8
2
6
28
4
4
6
4
4
6
35
4
4
6
4
4
2
4
10
4
4
2
6
10
6
2
6
2
4
2
4
4
21
2
2
4
4
4
2
18
4
14
6
2
4
16
6
4
2
0
0
2
2
0
2
6
8
