0
2
2
2
2
0
2
2
2
2
2
0
0
0
2
2
0
2
0
2
0
0
2
0
0
2
0
2
0
0
4
0
2
2
0
2
2
2
0
2
2
2
4
0
0
0
2
2
2
0
40
0
2
4
0
2
2
0
2
0
0
0
0
0
2
2
23
2
2
3
4
4
0
2
0
0
2
0
0
2
2
2
2
2
2
2
0
2
0
2
2
4
2
0
0
2
2
2
0
0
2
2
0
2
0
0
0
2
2
2
0
0
2
2
2
4
2
2
0
0
0
44
0
0
0
0
0
0
0
0
0
2
2
0
2
2
2
0
0
0
2
0
2
2
0
0
2
3
0
2
2
2
2
2
0
0
2
2
2
2
2
0
0
35
2
0
2
0
0
2
2
0
0
2
2
2
0
0
0
4
0
0
2
2
0
2
2
0
0
0
0
0
0
2
0
41
1
0
0
0
0
2
2
2
0
4
2
2
33
0
0
2
2
2
4
0
0
2
0
2
0
4
0
2
0
0
0
0
0
2
0
2
2
2
0
2
0
0
0
0
0
2
0
2
2
60
0
2
0
0
0
2
2
0
0
0
0
0
0
2
0
0
4
2
0
2
0
0
0
0
2
2
0
0
0
2
0
0
0
0
0
0
2
0
0
2
2
0
3
1
3
7
5
5
5
1
1
3
5
3
3
3
3
5
7
5
5
3
3
5
7
3
1
3
7
3
7
5
5
3
3
7
5
3
5
8
5
3
5
1
1
3
5
5
5
87
1
3
3
3
3
9
9
5
3
7
7
3
3
9
3
3
3
7
5
5
3
5
9
5
7
4
5
1
17
13
7
3
3
3
5
5
5
1
3
3
7
7
7
3
5
15
3
9
3
5
3
9
3
1
9
1
1
7
3
9
13
3
9
3
5
5
10
3
15
1
0
5
11
7
5
7
11
11
7
5
9
5
15
3
3
3
3
5
9
5
5
3
7
1
7
1
3
7
9
5
7
5
3
3
3
3
3
5
12
5
7
7
3
3
3
5
9
5
7
5
3
5
3
5
3
9
3
3
3
5
7
5
5
11
1
5
7
5
3
3
0
10
5
3
5
5
3
13
5
3
10
7
4
6
5
5
1
3
1
1
5
5
9
9
9
5
5
5
3
5
5
3
5
7
7
5
7
5
3
12
3
1
3
3
5
3
5
7
3
7
9
14
5
7
7
3
5
5
3
3
6
5
5
3
3
5
1
3
7
3
9
1
3
5
7
5
7
7
1
5
3
3
9
5
3
5
3
3
3
9
7
1
11
14
7
3
3
7
3
3
1
3
0
0
1
1
3
0
0
1
1
3
11
1
0
3
0
1
7
1
0
1
0
1
5
1
1
3
0
3
5
3
3
0
0
0
0
1
1
3
0
3
1
7
1
3
1
3
1
0
0
3
1
0
3
99
0
1
0
0
5
1
0
0
0
7
1
0
0
0
3
5
1
0
3
1
1
3
0
3
1
1
1
5
0
0
0
5
0
7
3
1
1
1
1
3
0
3
1
7
1
3
0
0
1
0
5
0
9
1
5
3
0
5
0
0
1
3
1
1
0
99
1
1
0
3
3
1
1
1
0
0
1
0
7
1
0
3
0
1
5
5
3
1
1
0
1
1
3
1
1
1
0
1
3
1
3
7
0
1
5
7
0
0
1
0
7
1
0
0
0
1
0
0
3
1
0
1
0
1
0
0
0
0
3
1
0
1
1
0
0
0
0
0
0
0
1
1
13
0
3
0
0
1
1
0
0
0
7
0
0
0
3
7
1
0
0
1
0
3
0
1
1
0
0
3
0
0
0
1
1
1
0
3
0
0
3
3
1
0
1
0
0
1
1
0
0
1
0
3
0
1
0
5
1
1
3
5
1
9
0
1
1
0
1
5
0
1
3
1
0
1
0
0
1
5
1
0
5
1
0
1
5
0
3
0
0
0
2
2
0
2
2
7
2
0
4
2
6
2
2
10
4
0
10
0
6
2
2
0
4
4
4
2
4
4
6
2
2
2
2
4
2
6
2
2
4
6
2
6
4
4
8
0
4
2
2
4
2
0
2
4
6
2
2
10
2
2
6
2
2
0
0
4
6
6
2
4
4
2
2
2
4
4
4
0
6
4
4
6
0
2
0
4
2
8
0
4
2
2
2
4
2
4
4
2
0
0
6
8
4
4
6
2
4
4
2
2
4
2
2
2
8
2
2
4
4
2
2
6
0
2
4
8
0
4
8
4
2
2
4
6
6
6
6
4
0
4
4
4
6
4
8
6
4
6
6
4
4
10
2
10
6
4
4
4
7
7
2
2
2
8
2
8
4
4
9
4
0
6
2
4
6
19
4
11
4
4
4
65
6
4
4
2
2
8
4
9
4
4
2
6
4
19
7
12
12
4
4
6
4
4
2
6
6
4
6
4
6
6
2
4
6
8
5
0
4
6
2
6
6
6
4
6
4
2
9
0
8
4
6
6
11
7
2
4
0
4
10
2
2
2
0
4
2
2
4
4
6
6
2
2
2
2
2
2
2
2
6
4
2
6
5
2
0
2
2
4
2
2
2
4
4
4
2
2
2
10
0
6
4
4
2
2
4
2
2
0
2
0
0
1
0
2
2
2
0
0
0
2
4
2
0
2
0
2
0
4
2
2
2
2
2
2
2
0
0
5
19
2
2
0
0
0
22
0
2
2
0
2
4
6
7
6
6
2
2
2
2
0
0
4
4
2
4
13
0
7
2
2
0
0
4
10
2
4
4
0
0
4
0
0
2
2
4
0
4
4
0
4
4
2
2
4
6
0
0
2
0
2
10
2
4
4
8
6
3
0
4
3
10
2
8
0
0
11
2
0
2
3
2
8
15
0
4
5
8
2
7
4
10
7
6
2
2
0
6
8
14
5
2
2
5
10
7
5
4
5
4
4
2
5
0
2
6
2
0
4
11
2
0
4
8
6
8
2
0
0
0
2
5
0
9
2
7
4
6
3
2
1
2
1
0
1
4
1
5
4
6
8
8
2
4
4
3
5
2
2
2
3
5
0
10
2
1
1
3
1
3
5
2
3
1
7
11
4
0
0
2
7
2
0
0
1
1
2
4
1
0
5
0
8
0
0
1
0
16
3
4
1
2
1
2
2
7
0
2
0
2
2
0
1
1
1
4
2
1
0
6
2
1
1
2
0
0
4
2
4
0
5
1
0
2
1
1
1
3
0
3
0
1
0
1
1
1
2
8
2
2
2
2
15
0
1
10
8
10
6
4
12
4
10
8
12
8
8
6
8
6
6
6
6
4
6
8
12
12
8
6
16
12
10
2
8
14
8
6
10
8
12
10
10
12
12
8
6
10
6
10
12
4
10
6
6
14
8
4
8
8
8
6
10
33
8
14
12
10
12
14
6
16
10
4
6
16
14
10
20
16
12
4
16
8
8
10
8
12
6
4
21
12
10
12
10
14
10
12
8
20
8
6
4
6
4
10
14
12
16
20
18
12
17
14
12
8
14
10
14
23
12
14
23
8
14
8
20
19
14
6
16
16
23
16
13
22
12
14
8
4
10
4
8
4
18
16
21
6
18
10
10
10
10
20
8
8
18
10
10
4
12
10
18
10
6
16
8
10
21
10
10
14
18
17
14
13
12
14
12
6
14
21
6
12
12
16
10
27
14
12
10
16
14
20
16
8
16
10
16
10
10
18
12
16
14
6
8
14
8
6
18
12
8
4
12
22
16
14
14
18
12
25
21
29
8
6
10
16
6
16
6
8
6
10
10
8
6
8
10
10
12
14
8
8
10
10
8
10
8
6
8
6
14
14
12
4
4
16
8
8
12
10
20
14
6
6
10
10
6
4
6
10
20
14
25
6
8
20
16
14
12
10
16
14
10
12
12
16
24
10
16
16
12
0
2
0
0
21
2
19
4
0
2
0
3
0
58
0
0
7
0
0
3
0
9
0
23
65
16
0
32
0
16
0
0
0
21
7
0
57
0
0
4
0
19
5
21
0
4
10
0
0
0
27
0
42
0
0
6
0
32
0
64
0
0
0
15
0
0
13
0
11
0
27
0
0
0
42
0
0
0
20
5
2
29
0
20
0
0
17
0
41
0
0
30
2
15
90
0
13
0
0
0
0
0
10
0
34
0
26
10
0
1
25
0
13
68
0
15
0
16
0
8
29
0
10
0
0
0
11
0
14
20
0
0
31
0
23
0
24
4
14
2
0
2
0
7
58
0
9
19
0
16
18
16
35
16
38
23
0
13
32
0
0
0
24
5
2
0
0
26
0
0
2
23
0
0
17
0
12
0
0
1
18
0
25
2
0
0
16
0
25
0
22
0
20
56
15
27
6
0
0
14
0
26
0
0
20
30
0
28
1
27
0
27
0
24
0
0
9
0
0
0
0
0
9
0
9
19
29
9
26
0
25
0
23
0
31
15
0
0
23
11
0
0
22
0
0
7
0
17
14
23
0
27
2
23
9
30
57
0
10
31
32
7
44
0
0
0
39
32
0
23
32
0
3
65
10
0
0
0
0
24
26
26
0
0
0
0
0
0
4
4
4
4
4
4
4
8
4
6
2
6
14
6
4
5
4
4
4
4
6
4
2
4
2
2
4
2
2
10
6
2
10
8
6
4
2
4
6
2
14
4
2
8
4
2
4
6
4
2
4
10
6
8
10
6
4
10
4
4
8
6
8
10
6
4
2
2
2
2
4
2
4
10
4
8
2
6
8
6
12
4
10
10
8
8
6
6
8
6
2
6
4
2
4
6
10
8
0
12
6
10
8
6
6
6
8
6
10
13
4
12
2
16
6
4
12
6
4
6
8
4
8
4
8
2
6
8
6
4
4
6
4
2
8
4
8
4
6
8
4
6
12
10
6
4
8
6
4
14
10
6
8
8
6
6
8
8
6
6
6
12
2
6
4
6
4
6
6
19
2
11
8
8
2
8
8
2
4
12
10
4
12
5
6
8
6
4
4
4
4
6
4
16
8
20
14
8
10
4
4
12
6
2
6
4
2
6
4
6
2
6
14
4
6
4
8
4
4
2
6
2
4
2
4
4
4
4
2
4
8
2
8
8
8
4
4
15
6
6
2
6
4
4
6
4
4
6
8
6
2
4
6
4
6
4
4
6
2
4
6
2
0
8
8
4
2
4
4
6
4
6
8
4
4
6
4
2
4
6
2
2
6
4
6
2
4
4
15
17
14
16
19
29
23
14
10
14
8
12
25
16
10
20
8
21
12
10
19
16
60
10
8
16
4
8
8
12
12
12
12
23
31
29
31
27
10
27
35
14
12
17
43
17
29
8
27
37
8
33
12
43
14
21
25
14
23
23
12
10
44
29
33
33
33
25
21
14
18
12
14
8
17
10
31
12
19
14
6
14
40
12
47
12
16
48
43
12
39
35
10
23
29
6
8
8
12
51
33
31
25
16
12
14
25
10
8
14
10
16
6
25
6
39
10
35
33
35
16
10
12
12
15
6
10
10
15
10
27
14
10
12
16
14
10
12
17
39
43
39
35
10
25
25
14
74
90
41
15
80
76
16
70
23
21
16
39
21
43
48
37
18
23
47
60
25
43
35
25
19
17
8
14
15
52
50
47
35
39
44
16
33
41
56
21
16
67
12
8
14
21
14
10
19
23
10
11
29
17
27
33
14
16
16
21
29
25
8
19
19
23
21
25
14
12
10
8
17
19
8
15
10
10
10
27
21
23
8
8
21
19
16
10
14
15
10
14
10
12
13
6
12
12
12
10
10
10
10
10
12
12
17
8
19
17
21
19
10
17
17
21
12
12
19
14
21
15
6
8
14
16
12
8
14
17
4
16
8
15
16
12
14
12
10
8
10
1
16
3
0
3
15
0
25
26
12
29
0
0
14
0
16
14
0
0
26
14
18
2
16
6
9
18
0
0
0
0
16
11
2
9
0
28
12
11
0
16
19
0
0
0
16
25
0
16
13
0
19
7
4
17
0
2
11
14
0
0
0
17
0
0
19
0
23
4
13
0
18
0
7
8
13
16
14
0
5
1
17
0
24
1
5
20
0
18
18
0
19
19
0
15
13
12
0
5
15
18
7
0
5
18
15
7
12
2
3
18
0
16
18
0
0
11
20
15
0
2
11
12
0
0
21
0
0
16
18
0
11
5
11
0
23
12
17
16
0
21
5
14
0
18
9
15
0
19
23
18
0
13
10
8
0
0
1
4
17
26
21
19
11
15
13
13
0
14
1
19
10
0
0
17
0
23
18
18
0
19
20
0
0
28
0
5
15
0
25
21
0
19
0
7
0
43
7
16
16
0
16
19
0
0
19
20
0
4
26
13
12
0
14
0
12
10
0
17
0
24
25
0
40
14
7
0
21
0
7
0
14
26
16
15
0
16
0
15
0
0
0
10
0
30
29
13
0
25
22
0
21
0
14
0
24
12
0
0
1
16
15
17
0
13
20
2
0
0
16
0
44
0
7
18
0
0
21
32
18
0
18
20
0
24
22
27
2
