48
36
46
24
50
51
42
45
48
47
35
41
69
42
35
45
31
71
42
42
43
78
42
40
39
40
46
26
43
41
32
39
45
83
47
28
37
42
28
36
37
40
38
36
73
31
37
27
40
34
37
34
44
36
37
47
44
44
25
36
60
45
50
41
72
47
55
2
40
39
29
38
49
79
22
67
25
45
41
43
40
40
47
39
37
42
55
32
39
31
89
37
61
21
40
38
42
30
35
36
44
34
72
34
30
29
37
29
27
36
36
28
29
40
28
35
47
46
43
40
65
37
34
30
48
48
44
41
42
38
47
36
37
37
48
40
34
40
39
39
41
41
43
43
76
23
39
39
46
40
42
38
47
40
40
36
21
29
46
44
40
38
38
34
48
46
34
41
43
40
45
37
40
41
81
39
45
42
28
42
41
36
28
45
32
43
41
31
50
49
30
26
29
41
35
26
39
39
44
33
36
46
37
25
46
40
28
57
40
36
28
43
39
38
39
48
46
43
37
27
23
44
52
67
39
41
40
30
34
77
84
81
41
58
42
43
86
41
57
54
40
80
66
40
48
38
55
64
74
79
51
26
46
69
47
40
32
62
34
50
53
57
78
75
61
51
59
25
82
66
78
63
75
41
54
50
76
45
32
73
46
66
65
38
45
75
65
40
7
4
2
2
0
2
2
2
2
0
2
2
2
2
0
0
0
2
2
0
2
0
0
2
2
1
0
2
0
2
7
0
0
0
2
2
2
0
2
2
2
0
2
2
0
0
2
2
2
0
2
2
0
5
0
0
2
0
2
0
7
0
2
2
2
0
0
2
5
0
0
0
2
0
2
5
2
2
2
2
2
0
0
2
2
2
2
2
5
0
0
2
2
0
2
2
2
2
2
0
2
2
2
3
0
2
2
2
0
0
2
2
0
7
2
0
2
2
0
3
2
2
2
0
2
0
2
2
0
2
0
1
2
4
5
0
2
0
2
1
2
0
0
2
2
2
2
0
0
2
0
2
2
2
2
2
2
0
1
2
2
2
2
2
2
2
2
2
2
2
2
2
2
2
2
2
2
2
2
2
4
2
2
0
2
2
2
0
2
2
2
2
2
2
2
2
0
0
2
2
0
2
2
2
2
2
0
0
2
2
2
2
2
2
0
2
2
0
0
0
2
2
2
4
2
2
2
2
0
2
2
0
0
6
2
0
2
2
2
5
2
2
3
2
0
2
2
2
4
2
2
2
0
0
2
0
0
0
0
2
2
2
2
0
2
5
0
0
0
0
2
2
0
2
0
0
0
2
2
2
2
2
0
2
2
2
0
2
40
51
11
13
58
23
33
72
32
48
55
38
59
58
38
48
38
27
39
35
42
35
18
9
47
26
72
42
23
27
27
34
51
14
56
43
29
67
74
9
39
54
61
47
21
20
28
57
0
57
41
22
41
24
39
47
17
36
16
12
32
19
24
33
18
50
48
16
53
50
55
36
47
21
52
41
43
20
34
45
41
62
65
56
52
51
73
34
55
30
19
52
58
54
36
52
22
68
57
51
36
57
56
58
46
62
38
66
64
33
53
33
40
33
43
53
32
62
32
33
46
45
42
61
47
46
40
48
45
39
73
63
52
46
67
23
43
32
28
48
41
46
47
44
22
53
30
48
43
58
57
27
57
49
49
37
43
51
60
48
26
63
50
45
46
50
36
54
26
51
12
64
63
46
54
51
47
45
65
51
45
79
21
57
37
56
53
54
50
74
39
57
45
37
36
53
43
47
51
44
53
54
35
39
29
36
67
43
28
40
46
38
47
34
39
50
31
47
37
14
17
7
54
64
46
29
31
28
12
35
32
29
36
40
17
32
30
34
28
34
29
31
30
37
42
20
30
36
23
42
14
19
25
30
20
25
21
17
6
11
23
24
14
7
7
0
13
12
5
4
2
3
5
5
14
7
3
1
14
12
14
6
15
14
20
8
10
7
0
0
0
0
2
2
1
2
2
2
1
2
0
1
0
2
0
2
2
0
2
0
0
2
2
0
0
0
0
2
0
2
2
2
2
0
0
0
0
0
0
3
0
0
2
2
0
0
2
2
2
2
0
0
2
2
0
3
2
1
2
3
2
0
2
2
2
2
2
0
0
0
2
0
1
0
2
2
0
2
2
3
2
0
0
0
0
0
2
0
0
0
2
2
0
1
1
0
0
2
2
0
0
0
0
0
0
2
0
0
1
2
3
0
0
1
2
2
5
2
2
0
0
0
2
0
2
1
0
0
0
0
2
0
2
0
1
3
0
0
2
0
0
3
2
1
0
0
0
0
0
0
0
0
1
0
0
0
1
0
3
3
0
2
1
1
0
0
1
1
0
1
1
1
0
0
2
0
0
0
0
0
0
2
0
2
0
2
2
1
0
1
0
0
1
0
5
1
2
2
3
0
0
2
3
0
1
1
0
2
2
0
1
2
2
1
1
0
0
3
1
0
0
0
0
3
2
1
2
0
1
1
1
3
0
2
2
3
0
2
2
1
1
1
1
1
2
2
3
0
0
0
0
1
0
1
0
0
3
3
1
0
2
2
0
1
2
2
3
2
1
1
0
1
0
0
1
0
1
0
0
0
0
1
1
3
1
2
0
0
9
9
6
1
3
0
0
0
6
6
7
6
5
7
0
0
7
0
1
1
0
0
3
1
15
2
0
0
7
9
1
1
0
0
11
11
0
0
5
8
10
10
7
0
0
0
0
0
0
0
9
0
0
13
2
10
0
8
8
8
0
14
7
8
10
5
6
0
0
11
11
9
9
0
0
5
4
0
1
4
10
0
0
3
7
12
9
1
8
10
14
7
2
0
10
6
0
0
8
8
6
7
9
2
5
3
0
2
0
5
0
11
10
0
4
5
0
1
8
5
8
0
6
7
2
11
0
0
0
0
11
18
8
0
6
5
0
12
0
0
2
5
0
0
0
13
4
3
0
3
0
5
0
0
0
7
9
0
8
9
6
15
10
11
0
7
0
0
0
0
0
10
4
10
14
1
4
0
13
17
0
6
0
0
18
18
5
0
14
13
14
1
5
0
0
5
0
0
3
2
3
0
7
9
1
0
0
0
7
8
1
0
0
0
9
11
11
0
0
17
15
11
11
8
8
1
0
0
0
1
0
3
1
3
2
0
0
2
8
0
6
1
0
0
8
1
0
4
2
1
6
0
0
3
0
2
10
8
6
10
11
0
7
9
5
12
0
0
6
0
10
2
0
0
3
0
0
0
2
0
0
18
10
0
8
9
2
0
2
1
0
0
0
2
3
1
4
2
15
5
0
4
0
1
2
5
2
0
0
5
1
2
2
2
2
3
3
5
7
0
4
3
0
3
4
3
2
4
2
0
2
0
3
0
5
4
1
0
5
2
0
4
3
2
7
4
2
0
1
2
4
0
2
0
4
2
4
5
0
1
3
0
2
2
4
2
4
6
2
0
0
2
0
0
0
2
0
3
4
7
0
3
0
5
1
2
0
4
2
4
0
3
2
2
0
2
1
7
2
2
0
0
4
2
2
2
0
7
2
4
34
2
6
2
2
4
4
1
2
0
0
2
3
2
4
0
31
0
0
25
2
5
1
1
0
3
5
5
2
1
2
7
0
1
0
2
4
3
0
3
3
4
4
2
1
3
3
1
17
5
0
7
2
2
3
4
2
3
1
2
0
2
2
5
6
1
21
2
4
3
4
5
2
4
3
2
3
2
1
1
2
5
6
32
17
2
4
0
2
0
3
0
2
3
5
2
6
2
2
3
0
19
2
2
0
0
2
1
0
0
19
0
6
21
0
6
35
2
0
5
2
23
0
1
4
0
0
0
3
3
3
1
5
2
2
3
9
0
5
0
2
4
2
1
0
19
0
4
2
4
9
0
5
0
7
4
0
2
5
9
2
0
4
2
21
16
18
34
19
11
28
21
15
19
17
19
34
22
26
23
19
23
17
24
23
20
17
12
15
11
7
13
19
11
19
17
10
9
46
13
17
17
15
15
18
17
9
17
19
17
13
17
17
13
11
21
11
11
15
15
12
9
69
17
21
21
9
15
14
17
17
15
19
13
15
18
16
13
13
23
16
15
22
15
68
13
21
11
27
15
19
12
20
11
19
15
13
8
17
18
11
10
23
9
13
17
12
15
13
9
18
17
27
15
11
13
20
19
17
17
19
21
25
19
17
25
24
15
17
17
15
69
11
13
9
18
17
10
11
26
13
15
17
11
26
22
13
17
11
17
15
13
17
30
8
9
15
24
13
17
15
17
11
19
20
21
17
13
13
9
22
13
21
15
22
19
13
24
24
13
17
13
57
11
19
6
19
19
9
11
11
11
11
15
20
13
17
15
17
22
15
22
30
25
22
26
27
29
26
27
22
29
33
34
81
30
30
22
35
29
14
15
30
24
28
26
23
13
34
26
28
22
19
22
21
19
19
27
23
88
26
24
32
25
26
20
29
21
26
29
26
21
18
24
27
37
33
28
27
17
23
21
26
25
74
22
19
24
19
19
24
21
17
24
26
23
29
27
24
26
23
22
22
32
23
58
18
23
25
19
17
24
10
6
8
10
6
12
12
4
6
8
6
6
79
8
12
12
6
8
8
4
4
8
10
10
20
4
8
8
8
8
10
12
6
12
14
6
10
12
10
14
8
8
12
18
23
10
14
6
14
10
6
16
10
8
8
4
16
4
12
29
10
10
16
8
21
6
14
6
8
4
16
6
10
16
10
4
12
8
2
8
10
6
12
16
10
12
12
6
8
10
10
25
16
10
8
8
8
14
12
10
10
6
12
16
12
12
0
10
6
18
20
21
14
12
16
12
16
8
12
12
18
12
12
10
8
12
10
16
12
18
10
18
6
6
14
8
10
8
10
8
12
10
12
18
25
12
20
16
16
14
12
16
6
12
6
12
10
10
10
16
12
8
6
4
10
10
12
17
14
18
6
4
8
14
8
17
8
8
14
18
16
12
8
10
6
12
87
12
19
16
8
12
12
12
6
15
6
10
12
10
8
8
10
8
10
6
12
12
14
6
12
10
14
10
16
20
8
12
6
8
14
18
6
14
8
8
10
10
12
8
16
2
14
6
12
20
16
14
12
8
14
8
21
10
8
8
4
4
6
8
10
8
14
8
8
6
8
10
6
2
4
8
10
10
12
6
47
8
6
6
12
10
10
8
10
6
6
10
6
12
8
6
10
2
16
10
16
17
0
6
15
6
8
2
8
6
0
6
4
4
4
2
4
4
15
2
2
4
6
10
4
4
4
6
8
8
24
4
17
0
13
6
6
8
2
6
6
4
0
6
4
8
8
4
10
6
2
4
4
8
4
11
4
5
0
19
8
6
2
20
19
6
4
2
4
4
0
8
6
6
6
4
4
6
10
8
28
2
6
12
2
8
6
6
6
4
6
6
6
21
24
8
17
2
4
10
2
6
4
6
0
2
8
0
2
8
4
17
4
2
10
6
6
2
4
2
6
2
8
4
8
4
4
4
6
2
8
6
10
5
2
4
4
6
6
0
6
2
4
4
6
2
15
6
6
11
2
6
2
4
8
4
6
5
8
8
2
7
4
6
6
4
4
7
4
4
4
0
6
8
4
6
6
4
4
6
6
2
8
7
6
4
2
6
2
4
2
4
2
22
4
2
10
4
4
9
2
6
2
0
2
4
6
2
6
4
2
4
4
22
6
6
4
8
8
2
5
16
4
6
10
8
2
6
2
8
2
8
7
4
24
20
4
2
6
7
4
6
5
2
6
6
8
6
4
4
2
5
6
2
20
4
4
4
8
4
8
10
6
8
4
4
7
2
2
6
4
4
4
6
4
6
6
4
7
4
16
8
5
9
5
5
10
0
6
6
4
6
3
0
2
2
2
2
2
0
2
0
2
2
0
0
2
6
0
2
0
6
2
2
0
2
0
0
2
0
0
2
2
2
0
2
2
4
0
0
0
2
2
2
0
2
4
2
2
2
0
2
4
2
6
2
2
2
0
4
0
2
4
6
0
4
2
4
4
2
0
4
2
2
4
2
3
2
4
0
4
2
2
2
0
0
4
2
2
2
2
2
0
4
2
0
2
2
0
2
0
0
0
2
2
0
0
2
2
4
0
4
8
4
2
2
0
4
0
2
2
4
2
0
2
2
0
2
4
2
2
2
4
0
0
2
8
2
0
0
2
0
2
4
0
2
0
0
2
2
0
0
2
2
2
4
2
0
0
2
2
4
2
0
2
2
0
2
2
6
0
0
2
2
3
2
2
2
2
0
0
4
0
0
0
2
3
3
2
2
2
4
0
4
2
0
0
0
0
2
2
0
2
2
2
0
2
2
0
2
2
0
0
2
0
2
0
2
2
2
0
0
0
2
2
9
2
0
2
0
2
0
0
4
0
0
2
0
2
0
2
2
2
2
0
4
0
2
0
0
0
5
2
2
0
2
2
0
2
0
4
0
0
4
6
0
2
0
0
2
0
2
0
0
0
2
0
2
4
2
0
0
2
2
2
2
0
0
