5
7
0
0
2
1
2
1
1
3
1
0
9
2
4
2
4
4
2
0
1
5
4
3
3
1
1
5
6
6
1
5
4
2
7
3
20
5
4
2
2
2
1
4
3
2
3
0
4
3
3
2
1
7
2
2
1
1
0
6
5
1
4
3
2
0
1
7
2
2
2
4
5
8
4
8
12
3
3
1
6
8
1
2
9
8
0
3
4
3
4
2
15
5
4
4
3
6
7
1
6
3
2
1
2
1
6
1
4
8
7
3
4
6
10
7
6
5
6
4
7
3
13
3
2
3
0
2
5
2
0
2
0
1
2
6
6
7
5
2
3
4
2
4
4
5
2
4
4
4
10
2
8
1
5
0
0
5
0
3
2
2
7
4
4
3
4
22
4
4
0
4
0
2
3
4
2
2
1
2
4
6
0
0
2
6
2
5
1
3
18
2
5
23
2
3
10
5
4
3
2
1
3
4
0
2
4
2
5
6
5
4
0
2
2
1
5
2
3
1
2
3
2
1
1
1
4
1
5
2
9
2
3
4
2
2
4
0
3
2
1
4
4
2
2
0
1
4
1
2
0
2
2
1
2
2
4
5
3
3
2
0
4
5
4
1
3
0
4
0
3
1
1
2
3
1
2
2
0
4
1
2
0
2
1
1
2
2
3
2
4
4
6
4
5
5
2
6
4
6
4
3
4
4
4
2
6
2
17
6
4
6
9
2
17
7
6
2
6
6
4
7
9
6
8
6
2
2
2
4
4
4
2
6
8
4
5
18
6
8
5
7
6
9
7
6
5
4
12
6
23
11
15
6
2
9
20
4
4
6
5
3
4
6
5
6
10
4
4
2
4
14
7
14
2
4
8
5
8
6
7
4
19
8
8
12
8
3
5
4
7
21
12
10
12
7
10
9
11
25
7
4
6
3
22
9
24
11
7
9
10
6
8
6
8
10
11
7
5
15
8
25
9
9
4
7
4
6
4
4
8
10
9
14
17
7
15
4
4
5
5
2
6
4
8
7
9
20
8
10
8
20
4
8
5
5
2
4
6
4
5
7
2
3
7
7
7
4
6
8
9
4
22
5
6
17
13
4
2
7
12
2
9
8
5
6
3
5
6
24
6
3
7
5
17
4
4
2
2
2
4
6
13
4
4
2
3
6
2
2
6
8
6
8
6
10
4
5
15
5
4
3
2
2
6
9
4
2
8
2
2
6
4
4
2
4
2
4
4
4
2
4
2
5
11
2
6
2
4
6
2
2
4
0
2
6
6
7
5
2
2
4
4
2
4
11
5
5
2
14
2
2
4
2
4
2
0
0
4
4
4
0
2
4
2
4
0
0
4
0
8
0
2
14
0
4
2
0
4
4
2
4
2
2
4
2
4
4
0
4
2
2
2
2
4
2
6
0
6
2
0
2
0
2
2
2
2
2
0
0
4
0
2
2
0
0
2
0
4
2
6
2
2
0
0
6
2
4
2
0
6
2
2
4
6
8
2
6
4
4
0
4
6
0
2
2
2
2
0
4
0
2
10
4
8
6
4
10
0
4
8
4
4
4
2
2
2
4
2
0
2
4
0
2
2
4
4
6
4
2
2
2
4
4
0
2
2
2
2
2
4
0
6
4
2
4
2
4
0
2
0
2
0
0
6
0
4
2
2
0
2
10
0
0
2
2
0
4
4
0
2
2
0
2
4
0
0
2
0
0
2
2
2
2
4
2
2
4
2
6
2
9
2
0
4
2
0
2
2
0
2
2
6
0
0
9
0
2
2
2
8
2
10
2
2
2
0
6
4
2
2
0
2
0
0
4
4
0
0
2
2
4
4
0
0
6
0
2
0
2
2
6
6
2
2
2
4
2
2
8
0
0
0
0
2
2
4
4
4
2
4
0
4
2
6
0
2
4
4
0
0
0
2
2
0
0
2
0
0
2
6
0
4
0
4
4
4
4
2
2
0
0
0
0
0
1
1
1
1
0
1
1
1
2
1
1
1
1
1
0
1
1
1
1
2
5
1
1
1
1
1
1
1
1
1
0
1
2
2
1
1
1
1
1
1
1
0
1
3
1
1
1
1
1
1
1
1
2
1
1
1
0
1
2
1
1
2
5
2
2
1
1
1
1
0
2
1
1
1
1
1
1
0
0
1
1
3
1
0
3
1
1
1
1
1
1
1
1
1
1
1
3
1
1
1
1
1
1
1
1
2
0
4
2
1
1
1
1
0
1
1
1
1
1
4
0
1
1
1
1
1
1
1
3
1
2
1
4
2
1
1
2
1
1
5
0
0
4
1
1
1
1
1
0
0
1
2
1
1
4
1
1
1
4
1
1
1
1
1
1
2
0
1
1
1
1
1
1
1
1
1
1
1
0
1
1
1
1
0
1
1
1
2
1
0
1
1
2
1
1
1
1
1
1
0
1
1
0
1
2
1
1
1
1
2
1
2
0
1
0
1
1
1
1
1
2
1
1
1
1
1
1
1
1
1
1
1
1
3
2
1
1
1
3
1
1
1
3
1
0
1
1
2
1
1
1
1
0
1
1
1
1
1
1
1
1
1
3
1
1
1
2
1
0
1
2
1
2
1
1
1
1
1
3
1
1
2
1
1
1
1
1
2
0
2
4
2
2
0
0
2
2
0
0
0
2
0
4
4
0
2
0
0
2
2
2
0
2
0
2
2
2
4
2
2
2
2
2
2
2
2
2
2
0
2
0
0
2
0
2
2
2
0
2
0
2
0
0
2
2
2
4
4
2
0
0
0
2
2
0
0
0
2
2
0
0
2
2
0
2
2
2
2
4
0
0
0
2
2
2
2
2
0
0
0
2
0
2
2
2
2
0
2
0
4
2
0
0
0
0
2
2
4
2
2
0
0
0
2
2
2
2
2
2
2
2
4
4
2
2
0
2
0
0
2
2
0
0
0
0
4
0
2
0
0
2
0
0
0
0
2
4
2
0
0
0
0
2
0
2
2
0
2
0
4
2
2
0
2
2
0
2
2
0
0
0
0
0
4
0
0
0
0
0
0
2
0
0
0
0
0
2
0
0
0
2
0
0
0
0
0
0
0
2
4
0
0
0
2
2
0
2
0
0
2
2
2
2
0
2
0
4
0
0
0
2
0
0
2
0
2
0
0
0
0
2
0
0
2
0
2
0
4
0
0
0
2
2
2
2
2
4
0
0
0
2
0
0
2
0
0
2
2
2
2
2
2
0
2
2
2
2
0
4
0
2
2
2
2
2
0
0
0
0
2
0
0
2
0
0
2
2
47
6
0
2
2
4
4
2
0
2
4
2
4
4
2
0
0
2
0
0
2
0
0
4
0
0
34
0
0
6
0
2
2
2
0
2
0
0
0
4
2
2
2
4
4
8
0
0
0
0
8
15
6
0
4
0
2
4
2
0
4
6
6
0
4
2
0
0
0
6
0
4
2
80
0
0
0
2
2
6
13
2
2
0
2
2
2
4
4
4
0
2
8
2
4
4
2
0
6
8
0
8
4
2
0
6
2
2
6
2
0
6
0
0
10
2
4
4
2
4
2
4
0
4
2
6
2
4
0
0
2
2
47
0
0
0
5
4
8
6
6
0
2
6
2
2
5
4
0
4
0
2
2
2
0
2
8
2
0
10
4
6
2
2
0
8
4
2
6
0
7
0
0
2
2
4
2
0
0
4
4
0
2
2
2
2
2
0
4
2
4
6
2
8
64
6
4
0
4
6
2
4
6
4
2
2
4
2
6
2
4
2
0
6
2
2
2
2
6
6
50
2
6
60
0
2
4
6
0
4
6
0
0
2
6
0
6
4
6
2
4
6
2
0
4
2
0
9
0
0
0
2
8
2
6
0
4
4
2
4
2
0
0
2
0
4
0
38
2
4
6
4
4
2
0
4
7
4
2
4
0
2
4
0
2
4
82
87
85
92
91
83
87
91
90
89
83
87
94
88
76
89
87
95
94
89
93
84
91
91
87
81
72
86
82
90
74
79
90
84
90
89
84
82
74
85
89
85
84
92
87
89
84
86
85
88
66
85
89
89
67
93
83
92
83
70
65
70
73
75
72
74
74
61
78
70
81
77
91
73
80
88
86
84
67
73
83
79
89
85
81
48
63
83
90
89
85
70
79
84
87
81
83
82
87
88
85
64
93
82
83
82
73
77
72
79
82
80
84
79
79
83
74
79
73
78
80
80
81
80
81
75
86
85
88
80
82
60
68
71
37
68
75
70
73
73
73
54
60
64
70
72
77
69
59
64
40
75
79
75
70
74
70
39
72
80
63
85
87
83
82
78
87
85
56
79
89
85
86
82
65
79
90
81
86
79
79
84
78
72
74
89
76
86
85
70
82
70
70
88
71
81
68
50
73
85
82
67
87
70
81
84
88
86
84
57
89
85
87
85
90
80
77
78
90
71
86
83
86
85
79
84
85
87
87
85
57
69
72
83
82
83
71
85
92
80
82
68
82
88
68
80
90
79
83
80
69
85
77
81
82
88
80
79
86
89
70
78
64
79
87
58
80
80
75
92
74
64
68
71
58
87
80
87
78
82
85
76
82
80
75
87
77
81
5
21
41
22
28
5
4
2
6
48
2
22
23
13
16
0
36
2
37
26
7
2
23
16
34
10
28
2
9
18
9
2
20
32
26
20
17
0
14
45
30
10
26
29
4
5
22
28
2
26
22
30
7
32
2
33
15
47
3
20
14
17
2
68
18
2
36
42
2
0
6
0
13
19
35
22
23
30
2
19
48
6
29
35
20
8
7
50
43
0
17
52
2
4
23
13
12
16
4
2
4
29
28
22
33
31
24
25
38
14
2
13
28
0
23
2
2
6
35
13
0
16
4
2
27
25
74
8
56
69
23
29
26
22
12
33
33
15
11
77
6
28
22
2
26
33
23
7
23
38
15
25
25
38
2
21
19
4
29
45
4
16
4
8
2
2
23
20
39
34
21
21
10
6
2
4
36
46
2
25
44
26
15
35
17
32
47
2
2
34
31
19
2
19
26
20
30
2
18
74
48
4
27
27
16
14
2
40
4
16
31
54
2
2
34
7
32
6
21
2
17
41
38
2
4
17
20
25
27
0
14
18
4
9
28
48
40
38
4
21
3
0
8
11
2
36
40
36
24
39
30
2
38
12
42
4
6
59
11
2
0
4
2
3
22
2
2
4
72
2
7
42
4
2
8
2
34
15
18
42
65
2
0
43
6
0
49
6
8
2
16
8
2
4
0
2
10
6
54
6
0
8
8
2
8
4
10
10
0
2
10
6
2
4
2
2
2
2
6
2
10
2
14
2
10
0
2
2
10
2
4
0
4
2
12
0
8
2
2
2
2
67
2
8
2
4
53
4
4
8
4
6
4
8
0
2
2
8
0
2
2
2
2
4
6
0
8
0
0
10
4
2
0
8
2
6
2
8
58
2
2
16
2
4
10
10
2
8
2
0
0
2
2
4
2
0
0
2
2
98
6
4
4
12
2
6
4
59
2
10
10
8
8
2
51
4
2
10
8
2
2
2
8
2
12
6
10
0
0
6
2
2
0
2
2
6
2
2
36
10
2
6
6
60
6
6
23
2
2
2
0
0
0
6
10
2
0
0
2
4
0
2
2
0
2
10
2
4
4
2
2
12
8
2
2
2
2
10
95
2
4
2
0
4
10
4
2
2
8
63
4
2
8
6
2
2
2
2
2
4
6
0
2
2
0
0
6
6
2
2
10
2
8
6
0
2
2
10
2
0
2
6
4
57
6
2
0
2
0
50
4
2
2
0
2
4
0
2
4
2
4
6
4
8
4
0
6
2
40
0
2
2
0
4
4
2
6
2
4
4
0
2
2
2
4
12
8
2
4
2
0
4
0
2
0
4
0
0
0
4
0
2
0
2
5
21
3
4
37
4
3
2
0
2
0
0
2
0
0
0
2
4
0
5
5
0
4
2
2
0
4
4
2
3
0
4
2
3
4
0
0
4
2
3
2
4
2
0
0
2
2
0
0
4
2
4
2
7
2
2
2
2
2
2
2
2
5
0
4
4
2
3
4
2
4
3
5
7
2
4
2
6
5
4
4
2
0
2
0
4
2
3
0
4
4
3
4
6
0
4
0
4
4
2
0
0
6
0
2
4
0
2
4
2
6
0
4
2
1
2
2
4
2
2
2
3
0
2
2
5
2
2
4
4
4
2
2
2
4
4
6
6
2
2
2
1
4
0
0
4
3
4
1
2
0
1
2
2
2
3
2
2
5
2
3
5
0
0
4
2
4
0
2
5
2
2
0
5
6
2
7
0
2
2
2
0
4
2
0
5
2
0
5
3
0
2
2
4
5
0
3
0
4
2
2
3
4
0
2
2
0
2
3
5
2
2
2
0
5
2
19
4
0
0
4
21
0
2
2
2
0
0
4
2
2
5
0
2
2
17
2
0
4
2
0
4
0
2
2
1
2
4
0
2
0
5
2
2
2
2
5
2
4
0
0
4
4
0
3
4
2
2
2
4
2
0
5
0
6
4
0
5
2
2
