0
12
4
2
6
13
2
9
0
98
4
6
0
4
2
10
6
4
0
2
2
3
2
4
2
2
3
10
2
2
6
4
8
7
0
0
2
6
6
0
0
8
0
8
2
4
88
11
8
2
4
0
2
0
0
2
7
10
0
6
0
2
2
4
2
2
4
6
4
0
4
2
0
6
2
4
2
8
2
4
2
0
2
8
4
2
2
2
2
4
6
4
2
0
2
62
11
5
19
4
3
92
4
2
6
7
7
6
0
2
41
0
2
13
0
4
2
6
4
0
0
4
15
2
7
0
2
4
2
0
4
4
8
8
2
6
8
2
6
2
2
4
4
2
53
2
6
8
2
2
8
2
8
0
10
4
2
0
0
8
0
4
6
8
8
6
4
2
6
8
6
4
13
17
9
0
2
6
6
10
82
6
6
4
10
5
2
8
2
14
8
2
4
4
6
2
14
4
6
4
6
12
4
4
2
7
6
4
4
0
5
0
8
0
2
9
9
2
13
0
5
0
14
4
4
2
4
2
6
22
4
6
4
13
19
0
14
2
2
7
6
8
2
2
6
6
5
7
0
6
9
0
6
0
3
2
2
0
88
6
8
4
5
8
6
8
2
11
8
4
6
11
8
75
4
2
0
2
0
10
2
2
11
0
0
4
3
2
2
2
2
0
5
58
2
0
3
3
2
4
4
0
2
2
5
62
0
2
2
3
2
2
2
3
2
2
2
32
0
0
2
2
2
3
2
4
2
4
0
0
2
0
0
2
0
2
0
1
2
0
2
21
25
2
4
2
2
2
0
2
0
2
3
42
2
0
2
3
2
2
4
2
2
0
5
0
2
0
4
0
2
0
0
2
0
0
5
65
0
2
5
2
0
0
2
0
2
0
15
20
21
0
2
0
5
4
5
0
2
2
4
7
5
0
5
4
6
7
5
4
2
5
6
0
4
4
2
2
4
3
3
0
0
4
0
1
0
3
2
2
2
9
0
4
0
7
5
2
5
7
5
2
3
4
7
5
3
5
7
0
2
2
7
5
4
0
5
2
0
2
0
5
0
2
5
7
3
2
2
2
2
2
0
2
12
10
2
2
4
2
3
9
4
2
3
4
0
2
3
2
2
2
4
2
4
2
11
29
5
0
2
5
4
0
0
0
0
2
0
0
0
0
2
2
0
0
0
1
2
0
4
2
2
2
0
0
2
2
0
2
0
2
0
0
0
0
0
0
2
0
0
0
0
4
0
2
0
0
2
2
0
0
0
2
2
0
2
0
0
0
2
0
0
2
0
0
0
0
3
0
0
7
0
2
2
3
2
0
2
0
2
0
2
0
2
2
2
2
0
0
2
0
4
2
2
2
2
2
2
0
4
2
0
2
0
2
6
2
0
0
2
0
0
2
0
0
0
4
0
6
2
4
0
4
4
0
2
2
0
0
2
2
4
2
2
2
1
0
0
3
2
0
0
0
0
0
0
2
2
2
11
4
0
2
2
4
2
6
0
0
2
4
2
4
0
2
2
2
2
4
2
6
2
4
0
2
0
0
2
2
2
8
6
0
2
2
2
2
0
2
6
4
4
0
2
2
2
5
2
4
2
4
4
2
4
0
6
5
5
4
2
4
2
2
4
2
2
2
4
6
5
2
2
9
4
0
8
0
2
0
0
0
6
6
2
2
4
7
0
2
8
3
4
2
2
4
5
4
6
2
5
3
2
2
0
4
2
2
0
2
5
0
2
0
2
4
4
1
2
0
0
2
2
4
10
6
0
0
0
2
4
2
0
4
3
0
4
0
6
2
0
4
2
0
0
0
0
2
2
2
0
0
0
2
2
2
2
0
0
0
4
0
2
0
2
4
0
0
4
2
2
4
2
2
2
2
2
0
0
2
4
0
5
4
2
0
1
4
4
0
0
2
2
5
4
0
2
2
2
0
3
8
0
1
0
7
2
2
2
4
0
2
2
2
13
9
4
4
4
9
4
6
4
10
4
4
6
10
8
6
11
12
8
4
4
4
10
8
12
6
13
9
11
10
6
11
10
8
8
11
8
8
10
6
8
10
4
6
10
10
10
8
6
4
10
4
12
4
4
6
10
8
8
6
8
4
8
8
8
6
4
10
11
8
6
4
4
11
4
4
6
9
6
11
8
6
8
6
6
11
11
4
6
15
6
15
8
4
4
11
8
6
9
6
6
2
8
15
10
8
6
8
8
8
11
11
6
10
6
13
6
46
8
11
11
6
6
17
11
6
11
9
6
15
9
4
10
8
19
8
17
9
19
10
6
8
11
6
15
11
7
36
10
17
8
15
13
4
4
10
6
8
8
11
4
21
9
17
8
6
4
8
19
13
6
13
21
11
17
11
15
11
6
9
9
13
8
9
15
12
6
15
6
15
6
6
19
8
8
15
15
12
11
9
9
6
10
8
6
17
17
7
9
8
22
13
11
19
11
11
9
15
15
8
9
6
13
11
7
9
8
6
7
6
9
13
8
13
4
4
8
17
9
9
10
10
15
11
13
8
9
10
11
10
10
7
8
11
6
12
10
8
9
11
9
4
11
10
10
4
8
40
11
4
8
6
6
13
11
8
6
8
8
6
11
11
8
19
4
6
11
6
6
6
2
10
11
12
10
10
15
10
4
6
15
10
6
6
23
23
11
12
14
19
8
8
8
14
14
9
4
17
21
18
6
19
39
8
8
21
14
8
16
8
4
10
16
10
8
12
14
15
6
4
4
15
4
18
8
19
8
15
4
4
6
6
14
8
4
14
10
2
14
17
6
11
8
8
7
14
17
14
10
19
2
10
9
12
8
8
25
23
19
8
21
15
16
15
17
12
21
14
14
14
8
6
25
15
12
10
6
6
10
6
8
46
10
11
8
13
8
16
27
19
4
19
17
8
9
16
15
25
19
2
8
29
21
6
4
21
21
12
6
19
14
21
17
10
25
15
6
14
33
10
10
10
19
15
13
23
12
21
23
16
12
12
10
12
8
13
16
27
31
15
12
12
8
19
8
27
25
14
16
21
19
12
6
6
17
18
19
10
10
21
8
27
17
15
12
8
17
19
15
31
12
13
10
23
12
19
6
39
17
17
10
10
2
27
10
43
21
21
8
10
14
11
23
17
19
14
16
6
21
10
21
11
19
16
18
12
16
18
12
17
14
23
14
25
12
16
14
17
8
19
8
10
12
8
18
15
17
30
16
21
16
17
10
8
16
16
12
11
12
14
16
15
12
21
14
12
19
15
14
19
14
12
16
6
17
25
2
2
8
2
4
6
4
4
4
2
4
2
6
4
0
2
12
6
10
2
6
8
8
10
8
10
4
10
4
2
2
4
2
4
10
2
2
4
12
4
4
2
6
2
6
4
4
4
4
2
6
6
4
6
4
4
4
8
6
6
4
12
2
4
8
4
6
16
4
2
0
2
12
8
8
4
2
2
4
4
4
4
4
6
4
6
8
6
6
12
6
18
10
6
12
6
10
4
6
16
4
14
10
14
12
6
4
10
6
4
4
4
6
31
4
2
4
4
2
14
6
4
6
15
4
2
4
6
8
4
2
4
6
4
6
12
4
16
4
12
4
10
6
4
6
4
2
2
6
8
12
4
4
2
2
6
10
4
2
6
0
4
10
4
17
6
2
10
8
6
8
6
2
2
2
4
6
4
2
6
0
2
6
2
8
8
4
10
8
8
2
8
6
6
8
4
2
2
6
4
4
4
4
4
2
2
8
4
4
4
4
14
2
2
4
4
4
8
2
12
6
8
4
6
4
2
2
4
2
4
10
0
4
4
0
4
4
2
4
2
2
2
4
8
4
2
4
14
4
4
8
6
4
12
2
8
2
4
4
4
4
4
4
6
4
6
4
8
4
0
0
10
4
2
2
2
4
4
6
4
2
6
4
2
2
2
6
6
0
3
13
3
3
0
1
0
1
5
1
2
0
1
1
0
1
1
3
0
11
1
0
0
3
1
1
1
0
1
0
0
0
1
1
5
3
2
0
5
1
4
4
1
1
0
2
1
0
2
2
0
1
0
0
1
1
2
2
1
1
3
1
0
1
1
3
1
0
0
7
1
0
1
1
3
0
0
1
0
1
3
0
1
0
2
1
1
3
0
3
2
5
4
0
0
3
1
5
0
0
3
3
0
13
1
3
3
1
0
1
3
0
1
0
7
3
3
1
1
0
1
1
3
1
1
0
13
2
0
3
1
0
1
2
1
7
1
0
5
1
11
3
1
3
0
3
3
13
3
3
11
0
13
1
3
0
3
3
1
0
0
7
1
3
1
5
1
0
1
0
1
1
0
2
1
5
0
0
15
5
1
5
3
0
0
1
1
3
0
2
1
0
0
3
0
1
1
0
1
3
1
0
0
0
1
1
1
0
3
0
3
2
1
0
0
5
1
1
1
1
0
11
2
3
0
1
4
1
3
0
0
4
0
0
0
5
3
2
0
4
1
1
1
0
0
3
5
6
4
1
3
2
0
4
4
3
1
5
3
0
3
4
3
4
5
3
2
1
15
1
1
3
4
0
2
4
0
15
2
11
1
13
3
1
0
1
3
2
2
6
4
2
2
0
0
7
2
6
4
2
0
0
4
8
0
2
4
0
4
8
0
8
4
6
4
6
0
2
0
4
4
0
2
0
0
0
0
0
0
0
4
0
4
0
4
0
2
2
4
2
4
0
2
0
2
2
0
2
4
0
0
0
4
0
46
0
4
0
2
2
2
0
2
0
2
2
0
4
2
0
4
0
0
0
0
0
6
4
0
6
2
0
2
2
2
2
0
4
0
0
0
2
3
0
2
0
6
4
6
0
2
2
2
6
0
0
2
0
5
2
2
2
0
2
0
0
0
2
0
0
0
0
0
0
0
0
0
6
4
0
0
0
0
0
2
2
0
6
0
4
2
2
0
0
2
2
0
0
0
0
2
0
0
0
0
0
0
0
0
0
6
2
6
2
6
0
2
4
4
2
2
2
4
0
2
0
4
4
2
2
2
0
0
0
2
0
6
2
0
0
2
0
13
0
4
2
0
0
2
0
4
2
2
2
4
2
0
0
0
4
0
0
2
0
0
4
0
0
0
2
4
0
2
2
0
4
6
4
0
2
0
58
2
6
2
2
0
0
0
2
4
2
2
0
2
0
0
43
0
2
8
0
0
0
6
0
0
0
0
2
2
4
0
4
4
0
4
0
4
0
2
0
0
0
4
5
3
8
1
35
6
1
3
9
3
1
3
1
3
26
3
6
34
11
3
7
16
6
5
66
5
3
3
1
1
47
3
1
5
3
3
35
3
5
5
41
1
3
3
5
3
7
29
1
16
1
5
1
1
5
6
3
1
1
3
35
9
1
5
6
3
3
1
3
5
3
3
6
10
5
3
5
3
5
3
3
34
5
3
5
15
3
3
15
5
5
3
1
5
3
5
3
12
5
3
5
3
5
3
3
3
6
5
6
5
17
3
8
40
3
1
11
3
3
3
14
3
3
1
1
1
1
3
3
5
10
3
6
57
6
3
5
1
3
34
3
5
6
5
1
3
6
3
14
3
1
7
5
30
1
35
1
1
7
3
1
3
9
1
5
38
19
1
1
10
56
1
3
56
1
5
3
1
1
3
7
1
3
5
8
1
5
39
1
5
7
9
3
4
5
5
3
3
43
33
4
54
5
3
7
5
7
8
5
10
8
53
3
4
22
3
3
3
1
1
6
37
7
3
5
3
3
3
13
14
10
5
1
0
9
1
3
10
3
7
7
3
6
13
9
1
43
12
7
47
13
2
1
8
5
3
15
1
1
3
1
4
3
3
10
38
3
3
8
21
15
3
9
3
11
1
0
3
5
5
15
10
5
30
1
1
30
0
0
23
38
23
13
6
31
6
34
46
50
0
63
2
21
21
21
0
45
44
4
0
78
17
6
4
16
60
14
29
8
15
0
26
43
39
26
5
35
45
13
7
17
26
12
25
0
32
70
0
25
27
0
47
28
37
2
2
5
4
0
0
58
36
21
4
27
25
3
17
0
26
23
2
31
45
53
57
0
21
17
0
42
41
61
25
40
30
34
0
27
13
51
4
2
35
11
32
15
0
21
13
24
52
2
42
88
11
35
29
37
20
20
3
33
0
32
50
47
58
56
25
55
1
38
37
9
33
27
76
0
0
4
12
29
3
26
2
42
28
19
0
7
4
2
0
20
17
11
25
2
31
3
34
32
0
23
2
17
36
3
38
0
14
3
34
7
22
2
13
20
30
19
0
26
65
32
25
28
31
21
25
4
18
2
29
4
41
15
42
38
14
0
33
0
19
5
15
5
37
56
0
12
39
41
16
3
30
0
23
36
91
0
14
0
8
69
8
5
29
32
0
32
1
2
29
2
46
64
34
26
2
22
0
53
37
0
0
5
31
24
32
66
30
32
8
41
27
25
27
33
23
38
43
4
9
43
35
7
16
51
34
41
33
47
22
37
24
57
44
29
43
22
45
38
17
59
54
48
49
21
23
36
2
29
7
0
48
