17
69
10
13
52
8
58
17
13
10
17
46
0
4
89
19
14
8
12
10
8
12
66
13
10
13
23
15
22
17
17
10
10
17
8
10
2
0
10
70
51
17
13
23
61
40
11
12
4
67
21
8
15
19
17
23
5
11
13
48
0
37
10
13
12
10
38
6
0
22
10
9
40
0
13
23
10
15
12
30
14
25
11
46
0
2
11
17
15
11
11
7
13
15
67
12
4
4
9
12
2
28
23
24
19
46
13
8
0
2
7
13
8
8
7
8
30
6
7
60
0
2
6
19
12
8
13
34
0
13
27
12
2
0
17
33
10
10
30
14
0
70
17
58
4
2
2
0
9
11
8
11
8
2
13
15
2
14
12
6
37
8
6
10
17
15
9
11
0
4
8
8
25
13
2
13
74
36
10
11
2
77
36
40
17
11
9
27
2
12
9
20
44
2
17
17
75
25
29
13
2
11
20
28
38
5
12
24
11
27
46
8
6
11
21
21
42
2
15
8
54
16
13
10
4
10
42
17
2
0
12
0
7
15
10
49
13
13
10
13
35
2
16
14
30
52
9
12
47
18
11
22
2
2
51
13
23
83
59
15
10
10
10
8
0
0
19
52
6
10
8
2
84
23
15
10
2
0
17
8
56
70
12
31
14
19
77
54
4
2
0
2
0
2
4
4
0
0
2
2
4
4
0
4
0
6
4
4
0
4
2
8
0
2
0
0
0
8
0
0
2
4
6
6
2
2
2
2
2
4
6
0
2
2
60
4
5
2
2
4
0
6
4
2
2
2
6
4
2
4
4
2
4
2
6
0
2
2
6
2
4
6
0
2
6
2
6
0
0
2
4
0
2
0
2
2
6
6
0
2
2
0
2
0
0
2
4
4
6
2
4
4
4
4
4
4
4
2
6
6
4
7
2
4
6
0
0
2
2
6
4
4
4
4
2
8
4
16
2
4
6
2
6
2
0
2
0
0
2
4
4
4
2
4
6
4
2
2
0
2
2
4
0
4
2
4
4
2
2
8
6
2
0
6
6
0
2
2
0
8
0
2
4
2
6
6
0
0
93
6
2
2
8
2
0
4
4
6
0
2
2
4
4
8
6
2
4
88
8
8
0
2
2
2
4
6
4
0
2
88
6
6
0
0
6
4
8
2
4
4
4
0
4
6
2
97
4
2
62
4
2
6
6
6
14
6
0
4
4
4
0
2
2
2
52
6
2
2
0
4
6
2
2
4
6
2
4
6
6
6
6
4
0
2
4
0
4
2
6
6
2
6
2
2
6
4
4
0
0
8
4
10
2
4
4
0
70
59
63
56
64
5
66
38
11
32
44
71
69
30
65
27
55
53
38
58
8
17
60
56
82
86
73
68
72
56
8
48
26
69
77
73
72
47
73
19
0
63
55
40
57
57
60
65
56
69
17
19
62
50
60
62
38
74
63
70
68
84
42
60
55
17
29
58
19
59
73
85
88
48
8
46
63
19
56
50
56
56
50
85
27
77
53
63
28
55
54
71
64
68
58
19
63
81
29
54
27
19
37
64
79
45
86
27
82
38
91
92
67
28
38
61
66
8
74
71
88
88
81
48
47
67
59
65
27
43
47
88
58
45
74
69
78
38
73
94
65
76
77
73
65
44
48
71
16
67
73
36
42
17
63
36
65
84
57
44
60
31
59
27
47
77
65
44
96
52
58
77
67
79
81
96
62
71
77
91
68
81
44
77
59
52
92
75
75
86
81
80
79
81
0
58
52
71
63
67
42
77
92
90
94
72
73
63
96
52
67
21
58
61
91
92
94
76
83
21
77
67
77
38
65
21
50
58
22
57
54
38
53
40
31
49
54
48
48
59
19
40
31
27
60
46
29
46
29
56
44
36
65
35
46
86
50
29
63
38
52
38
32
10
49
63
75
40
19
36
61
61
46
45
46
60
48
29
21
46
46
35
85
71
30
40
48
28
4
2
3
5
1
3
1
6
0
3
4
4
2
1
3
2
1
5
4
2
4
3
6
1
1
2
3
1
3
2
6
1
1
3
3
3
0
3
4
3
1
0
7
4
0
0
4
0
1
6
4
3
4
1
4
3
1
4
3
3
4
4
3
3
1
2
3
3
4
1
4
5
1
3
3
3
0
8
4
1
4
0
3
1
6
3
3
4
3
0
4
0
3
2
1
3
3
1
3
3
3
0
1
4
4
1
1
0
2
4
1
6
4
1
3
3
3
1
3
4
1
5
3
4
1
6
3
3
3
6
6
4
3
3
3
1
3
1
6
1
3
5
3
0
0
3
4
6
4
3
1
1
3
3
6
0
1
5
3
3
8
4
1
3
5
6
4
0
1
3
1
3
1
4
5
4
4
1
1
3
3
4
1
3
3
4
3
1
1
3
4
4
4
5
0
3
1
4
4
6
3
1
5
1
1
2
3
4
1
3
1
4
0
1
1
6
5
1
3
1
0
0
4
2
4
3
3
3
5
0
2
3
3
1
3
5
3
1
0
1
1
4
3
3
6
1
3
5
1
3
1
4
0
1
0
8
5
4
5
3
0
1
4
3
3
3
1
1
5
1
1
0
5
0
1
1
1
1
1
1
3
4
6
0
1
1
5
5
4
8
2
8
8
4
6
6
4
2
10
4
6
25
2
10
6
6
10
6
6
4
4
4
4
6
6
6
4
4
6
2
4
12
6
94
4
2
6
4
2
2
4
4
2
6
8
6
6
8
8
4
8
4
2
6
8
10
6
4
8
6
12
12
6
12
6
8
6
4
2
9
6
4
6
8
10
6
2
4
4
6
4
6
2
6
2
6
11
6
6
16
4
8
6
4
4
4
6
6
8
6
10
4
6
4
6
4
13
6
9
14
6
6
21
4
6
6
10
4
8
8
10
6
4
8
8
4
6
8
4
10
6
4
14
2
8
9
10
6
8
6
8
6
10
10
6
6
4
6
6
6
4
8
6
6
6
8
6
10
14
65
6
4
2
4
6
4
8
6
4
6
10
8
6
4
6
10
4
2
4
4
19
6
13
8
6
15
2
6
6
2
8
6
6
4
2
2
10
10
6
4
4
6
4
8
6
4
6
6
4
6
8
6
78
6
6
4
4
6
4
11
8
10
6
4
2
6
46
2
6
0
2
6
8
8
4
9
4
4
11
4
6
8
4
6
10
10
8
2
4
6
6
4
4
6
2
4
4
8
4
6
6
6
8
4
4
6
2
6
2
4
4
8
2
10
8
4
6
10
8
4
2
11
4
4
6
6
4
4
12
4
2
6
2
6
6
2
4
6
10
4
4
0
2
2
2
14
2
2
2
4
4
4
2
4
21
4
8
0
10
4
8
6
2
12
6
2
4
4
2
0
2
2
6
13
2
4
8
2
6
8
4
4
13
8
4
6
2
2
19
12
4
6
4
8
4
8
4
4
4
6
2
2
6
4
0
4
4
2
6
6
4
4
12
4
2
4
10
6
4
4
8
4
4
4
10
4
4
2
4
4
0
2
4
4
6
4
4
2
12
6
2
4
2
6
4
2
4
2
25
4
4
6
6
2
2
8
6
2
8
8
2
4
4
4
4
4
2
6
12
2
4
6
6
8
2
4
4
6
4
8
2
2
12
8
6
2
2
31
4
2
6
2
2
4
0
4
13
2
4
2
8
8
8
2
6
2
2
6
4
8
4
4
8
2
4
8
13
6
10
6
2
8
4
10
4
6
2
2
4
2
2
2
12
0
6
6
2
4
4
4
2
2
2
0
6
4
8
12
4
6
4
2
6
2
12
17
4
6
6
2
6
4
6
2
2
2
14
6
17
10
6
6
2
6
2
0
4
4
4
6
4
4
12
2
2
0
2
2
4
4
4
6
2
6
4
12
4
4
6
6
2
2
6
2
4
2
6
0
4
2
2
6
4
2
4
2
0
4
2
4
2
2
2
2
2
4
4
2
2
4
2
6
2
4
2
4
4
2
2
2
0
4
2
0
2
2
2
0
4
2
0
2
2
2
6
4
4
4
2
2
6
8
2
6
8
6
5
6
4
0
2
4
2
2
2
6
2
2
4
4
4
2
4
4
4
2
2
2
2
2
2
6
4
2
7
2
5
6
4
8
6
4
2
4
2
2
2
4
2
2
4
6
2
2
4
4
4
2
2
4
8
9
4
6
2
2
2
2
2
2
2
4
0
4
2
4
2
2
2
4
4
4
4
4
4
0
2
4
2
2
2
2
4
2
6
2
6
2
0
2
4
0
4
0
6
6
4
2
2
0
4
2
4
2
2
2
2
2
2
2
6
4
2
9
4
4
8
9
5
2
6
6
2
6
4
6
2
2
2
4
2
4
6
2
2
2
4
4
2
4
4
2
4
2
4
6
2
6
2
4
6
2
4
2
6
2
4
2
2
4
8
4
2
2
2
2
2
2
4
5
4
4
2
4
5
4
5
4
4
4
2
4
4
4
6
13
2
2
2
6
2
4
4
6
6
8
6
4
2
2
2
4
4
2
4
4
2
2
0
2
2
2
2
4
2
2
4
2
4
4
6
2
4
7
2
2
2
2
2
2
4
0
35
30
45
36
44
45
44
41
44
46
33
62
32
32
46
34
39
45
43
43
49
30
31
33
31
26
33
25
38
50
36
45
46
31
28
31
34
31
46
33
39
48
45
46
47
33
20
43
30
27
32
29
30
44
32
46
46
44
20
44
43
28
47
43
24
32
45
33
45
33
47
41
32
42
50
30
42
57
48
45
42
36
33
45
44
38
43
30
30
37
47
43
45
30
32
35
34
39
46
25
30
81
31
46
36
37
33
32
46
33
38
25
26
45
43
45
35
46
33
33
35
31
46
31
41
33
57
87
45
47
35
34
32
43
48
45
33
47
33
46
55
47
20
38
34
33
34
23
33
45
22
46
48
56
24
45
54
31
45
31
26
46
32
31
51
33
24
31
37
31
31
31
39
32
46
47
25
37
40
40
26
31
30
47
30
32
40
41
29
34
33
29
45
31
28
31
42
48
41
31
37
75
31
69
34
42
39
33
41
45
33
44
43
47
31
39
41
34
44
40
31
42
75
36
46
32
31
38
46
33
46
32
32
35
43
45
49
43
33
33
28
34
28
33
34
42
44
43
31
43
37
45
31
27
46
25
60
45
43
44
41
45
45
48
45
27
45
31
42
31
47
34
49
46
45
56
45
32
32
29
24
48
47
34
34
39
25
34
13
13
13
11
13
11
13
13
13
11
11
13
13
13
11
11
13
12
13
13
13
13
12
14
15
13
13
13
11
13
13
13
11
13
11
13
11
13
13
13
11
13
13
9
11
11
11
13
13
13
13
11
11
11
13
11
13
13
9
11
13
11
11
9
11
11
13
13
13
13
11
11
12
13
11
11
9
9
11
13
11
11
13
9
9
11
11
13
11
9
9
11
13
13
13
9
13
9
13
13
11
13
9
13
11
11
10
13
13
13
9
11
11
13
11
9
11
9
12
9
13
7
9
11
13
11
11
13
9
11
13
11
13
9
13
13
8
13
12
11
13
11
11
13
13
13
11
13
13
13
13
13
11
11
9
13
11
13
13
13
11
13
11
13
13
13
13
13
11
13
11
11
13
13
13
11
13
13
13
13
13
13
12
13
9
13
13
11
9
13
11
11
13
11
11
13
11
13
15
13
13
11
13
11
11
13
11
13
13
13
13
13
13
11
13
11
13
13
13
11
13
13
13
13
13
11
12
13
11
13
11
11
13
11
13
11
11
11
13
10
13
13
11
12
13
11
11
13
11
13
13
13
13
13
11
13
11
9
13
11
9
13
13
12
13
13
11
13
13
13
8
13
13
11
13
13
11
13
9
13
13
9
11
13
11
13
13
7
17
17
17
19
19
17
19
19
17
17
17
19
19
19
17
17
19
19
19
17
19
19
17
19
19
19
17
15
17
19
19
19
17
19
17
19
19
19
17
17
17
19
19
19
17
17
19
19
19
17
17
17
17
19
17
19
19
17
19
19
17
19
17
19
17
17
19
19
17
17
17
19
19
17
19
17
17
19
19
17
17
19
19
19
17
17
17
19
19
19
19
15
15
17
17
19
17
17
19
19
19
19
17
17
17
17
15
19
15
17
17
17
19
17
19
19
19
19
19
17
17
17
15
19
17
17
19
21
19
17
19
19
17
17
17
19
19
19
19
19
19
19
19
15
17
15
19
13
17
19
16
15
17
19
17
17
17
19
17
19
19
17
15
19
19
19
19
17
19
17
17
17
17
15
15
17
19
19
17
19
17
19
17
17
17
17
19
19
19
17
17
13
17
19
19
17
17
15
17
17
19
17
19
15
19
17
15
17
17
15
19
19
17
19
17
21
15
19
17
19
19
19
17
19
19
19
19
19
19
19
17
17
19
19
17
17
19
19
19
17
17
17
17
19
15
19
17
17
19
19
15
17
17
19
17
19
15
19
19
19
15
17
15
17
17
17
19
17
17
17
19
17
19
17
17
17
15
19
17
17
15
19
17
19
19
19
19
17
