6
6
6
6
4
6
4
6
8
4
8
6
6
6
4
6
6
8
6
6
4
6
6
4
6
4
8
4
4
4
6
6
6
6
6
6
6
6
4
6
4
7
6
6
6
6
6
5
8
6
4
6
4
4
6
8
6
4
4
4
6
6
6
8
6
4
8
6
6
4
8
6
4
4
6
8
4
8
4
8
8
6
10
8
6
6
8
4
8
6
6
4
4
6
10
8
4
6
6
6
6
4
6
6
10
4
8
6
4
6
6
6
4
10
6
6
8
8
6
4
10
8
4
6
6
8
6
8
4
10
6
6
6
4
6
8
8
8
12
4
8
6
4
6
6
6
4
4
8
6
6
6
6
6
6
4
4
8
6
8
6
6
8
6
4
6
6
6
8
8
4
8
6
10
4
6
6
6
6
4
8
6
6
6
8
8
4
6
4
8
22
8
6
4
12
6
6
10
6
6
6
6
6
8
6
4
4
6
4
4
4
4
4
10
8
4
6
8
6
8
6
4
8
6
4
4
6
4
6
6
8
8
6
6
4
6
6
4
6
6
4
8
6
6
6
8
8
4
10
6
6
6
8
6
6
6
6
4
6
4
6
6
4
6
6
8
4
6
10
6
4
10
6
6
8
8
8
6
6
8
6
6
4
6
4
8
6
4
2
9
8
4
6
5
4
2
6
6
4
4
2
4
6
4
10
4
4
9
6
6
8
2
6
4
2
4
6
4
2
6
2
7
4
2
8
5
2
4
7
9
8
2
2
4
6
4
6
12
6
9
2
6
6
8
11
4
7
8
9
2
6
15
6
18
11
6
4
4
6
6
10
13
9
20
11
4
9
22
13
27
10
8
11
7
7
13
5
10
8
15
8
11
4
15
11
15
11
11
28
15
10
16
11
9
4
19
8
14
13
9
9
5
8
9
4
15
24
6
13
21
9
15
6
19
10
13
6
7
15
9
9
6
22
17
15
15
15
9
13
15
17
13
11
22
13
17
6
10
8
11
13
11
15
17
13
9
9
15
27
13
7
6
19
16
6
7
9
12
17
4
15
11
11
17
6
13
6
9
17
25
13
6
11
28
22
9
11
6
6
6
4
11
13
27
27
11
4
17
6
8
11
10
11
13
11
25
17
7
26
7
17
11
15
7
4
9
8
8
10
14
13
6
10
4
4
2
5
0
12
8
6
2
2
11
11
10
11
2
6
12
10
6
9
8
21
8
8
6
4
8
11
4
9
10
0
0
5
6
8
7
4
6
6
14
0
4
4
13
6
12
11
6
6
9
4
17
9
4
2
7
4
2
9
2
11
4
8
6
6
6
8
4
12
8
6
8
8
6
6
6
8
4
6
8
2
8
4
6
6
4
4
6
6
8
6
4
6
6
2
6
4
4
8
8
4
4
8
6
4
2
6
6
6
6
4
6
6
4
6
6
4
6
6
4
4
4
6
4
4
4
6
6
4
6
6
6
4
8
8
6
6
6
8
8
6
8
4
6
6
10
6
6
6
6
6
6
4
4
8
8
12
5
4
8
8
4
6
8
10
6
6
6
4
6
10
6
11
0
2
2
2
4
2
4
6
0
0
2
0
0
0
2
0
0
2
2
8
8
4
0
2
0
0
0
0
0
0
0
0
0
0
2
6
11
2
14
10
0
0
2
0
2
2
0
0
0
0
2
0
0
2
2
2
2
0
0
0
0
0
0
0
0
0
2
2
0
0
0
0
0
0
0
2
2
0
0
4
0
0
0
0
2
0
0
0
10
10
6
10
8
10
0
10
0
0
13
10
8
10
0
4
2
0
0
0
2
0
0
0
4
2
2
0
0
4
0
0
12
16
2
0
2
0
2
4
2
0
2
0
2
14
12
0
0
0
0
2
2
0
2
2
2
0
0
2
2
0
10
2
0
2
2
2
0
2
0
0
0
2
6
6
17
4
2
2
2
4
0
2
0
2
4
0
0
0
6
8
6
2
8
4
4
0
0
4
4
4
4
4
8
6
0
0
6
0
6
8
2
2
6
0
2
8
0
0
6
0
2
2
4
2
4
4
4
6
0
0
2
2
6
2
6
6
6
6
2
2
0
0
4
2
4
4
6
6
4
6
6
2
0
0
6
2
8
4
4
6
4
10
4
4
0
0
6
0
6
4
4
2
2
8
6
8
0
0
2
0
6
4
6
6
6
2
6
6
0
0
2
0
4
2
4
2
4
4
4
4
2
4
4
2
2
6
4
2
4
4
2
6
0
6
0
0
6
2
2
2
2
6
6
2
2
0
4
0
8
0
0
6
6
8
4
6
0
0
6
0
4
8
2
2
4
2
0
8
0
4
2
0
6
2
4
4
8
6
0
2
0
0
4
2
2
6
2
4
0
6
0
4
2
0
6
0
4
2
2
6
4
6
0
4
0
0
6
0
2
4
4
6
6
6
0
6
0
6
6
2
4
2
4
4
6
2
2
8
0
0
4
0
2
4
6
4
6
0
2
2
0
0
4
0
4
4
6
2
2
6
0
4
0
0
4
0
6
4
6
8
4
6
0
2
0
0
8
0
4
4
8
0
4
6
0
2
0
2
6
0
10
0
6
6
4
2
0
4
0
0
4
0
6
2
6
9
21
34
22
13
13
19
31
9
13
9
11
8
11
30
15
26
9
34
19
11
15
34
13
24
19
19
34
17
22
21
34
17
28
28
26
30
26
24
22
32
19
19
19
26
32
15
30
17
62
13
24
35
22
30
20
19
43
19
35
30
32
15
28
28
33
34
15
32
21
21
30
15
23
36
21
26
19
36
24
23
21
24
23
21
38
23
30
41
19
22
36
34
21
32
21
30
34
32
30
26
22
21
47
38
37
17
24
30
54
36
30
39
34
36
45
17
26
39
47
23
26
13
15
13
54
17
35
34
47
26
41
40
38
48
30
13
17
45
38
30
34
60
54
45
30
32
15
34
32
39
42
35
0
15
11
41
30
26
15
32
36
15
20
36
15
11
28
30
52
32
24
56
17
9
40
32
17
17
19
13
30
46
36
39
26
13
53
15
38
28
13
17
22
23
40
58
23
32
36
32
21
25
32
40
37
11
13
17
19
22
30
9
26
41
19
34
17
15
21
24
28
9
40
13
26
19
36
13
13
6
34
23
19
28
38
28
19
11
9
7
15
21
21
17
13
26
30
23
21
28
13
28
17
26
30
19
13
13
2
13
26
19
24
15
26
13
11
38
17
17
7
15
23
7
11
13
32
28
19
22
28
39
13
21
19
51
9
5
1
7
3
0
3
3
7
1
0
5
3
1
5
1
1
5
7
0
3
0
3
9
0
3
1
1
1
3
3
3
3
3
3
3
3
3
3
5
3
0
1
1
0
3
1
8
9
5
3
3
3
0
7
5
1
1
1
1
1
7
1
3
1
5
3
9
1
5
0
3
3
3
0
1
0
3
1
7
0
7
3
1
1
1
1
3
5
1
1
0
0
0
0
3
0
9
7
7
1
5
0
0
9
3
5
3
3
9
1
1
5
3
1
1
3
5
5
3
1
3
1
1
1
0
3
5
3
3
3
3
1
1
5
0
1
3
7
0
3
1
1
1
5
3
3
1
3
3
1
7
7
5
3
1
5
1
0
0
9
0
7
3
5
3
5
1
7
5
1
5
3
3
5
1
7
0
1
1
5
3
5
3
5
7
5
7
0
0
1
3
0
1
1
3
3
5
5
1
0
3
3
1
7
1
7
3
1
3
1
1
5
7
1
0
0
7
3
1
5
5
0
5
5
1
0
1
5
1
3
3
7
1
1
3
0
5
1
1
7
7
1
3
1
3
1
3
1
1
0
7
3
1
0
5
5
0
1
9
5
3
3
1
3
5
1
1
3
3
0
7
1
1
5
7
0
1
5
0
3
5
0
1
11
3
0
5
3
13
11
17
7
11
11
8
11
15
10
10
13
13
15
14
19
15
11
11
13
7
6
11
10
15
11
13
6
13
15
6
6
6
11
11
11
10
17
11
19
11
19
11
17
15
13
15
8
17
15
13
7
13
11
6
15
15
6
13
11
15
15
14
13
15
13
9
11
11
4
10
15
17
11
17
13
13
15
13
9
8
7
6
13
10
10
17
17
4
11
2
15
9
6
13
17
13
17
17
14
8
15
4
15
13
11
15
15
15
15
15
15
11
13
7
10
19
7
11
8
11
13
15
13
13
15
4
15
8
6
17
17
11
19
7
15
17
17
9
11
11
4
13
13
15
8
15
10
9
11
11
17
15
4
13
17
15
13
17
8
15
11
9
9
14
13
13
13
10
8
15
15
17
21
11
17
13
11
13
11
11
11
13
15
11
15
13
17
15
7
15
13
9
15
13
13
15
4
4
8
15
6
13
17
15
11
17
15
11
11
4
11
15
15
17
15
17
15
13
15
13
10
6
13
11
10
13
15
12
13
6
15
17
13
8
13
13
15
13
14
15
4
9
15
15
19
4
8
12
11
15
19
17
9
11
13
13
13
7
17
14
4
11
13
13
13
13
15
13
9
11
17
16
11
15
17
15
6
13
13
11
4
8
10
12
13
17
15
4
8
4
4
6
4
7
5
6
9
9
7
8
6
6
8
9
4
5
10
8
3
7
10
5
16
10
4
15
9
4
16
8
13
8
9
10
4
17
11
14
2
4
7
5
4
8
5
7
3
9
6
11
5
8
8
7
2
14
15
6
9
31
25
9
13
13
11
21
13
15
5
8
6
2
9
6
4
7
7
8
13
8
3
17
6
12
12
10
9
16
5
11
5
9
6
11
15
14
5
8
6
4
8
4
7
8
4
9
9
8
9
7
27
10
8
5
7
10
9
9
0
4
0
5
2
4
2
2
6
8
15
7
7
8
43
43
43
6
7
0
15
8
14
4
7
3
6
5
4
2
2
2
2
6
4
10
10
6
7
8
6
4
4
6
6
5
19
5
10
4
23
3
17
11
12
7
66
3
13
5
4
4
11
8
4
4
4
0
8
0
2
9
6
3
3
8
6
14
5
2
7
7
10
3
2
4
2
14
8
5
2
4
14
17
19
11
10
15
14
11
19
4
6
2
8
14
3
5
0
5
9
2
5
0
7
7
4
5
8
4
19
2
4
7
4
4
4
4
6
6
4
7
4
2
5
9
8
7
25
7
4
5
9
7
2
2
5
2
6
9
7
2
6
8
8
2
7
5
8
4
4
2
5
5
2
5
2
41
19
27
17
17
19
15
15
23
9
9
15
23
9
25
17
13
23
21
3
7
11
25
57
13
7
7
11
13
7
25
15
74
9
32
25
13
17
19
33
17
9
19
13
5
17
21
21
52
9
11
17
19
21
29
11
29
23
17
23
13
45
7
17
25
31
15
5
13
17
9
19
9
21
11
23
13
23
9
9
27
29
33
13
9
17
19
9
3
21
19
27
5
29
29
9
39
19
66
19
19
11
7
27
11
37
27
25
23
11
13
25
5
21
9
31
11
15
49
29
44
15
37
25
35
37
35
27
13
35
23
15
35
19
40
13
41
13
9
9
31
17
9
27
33
41
11
42
29
17
37
29
35
31
21
23
9
21
9
21
17
17
15
11
11
23
13
15
19
11
25
2
5
11
21
44
11
19
15
19
15
9
29
7
9
11
3
11
15
31
23
17
17
15
19
19
5
17
7
0
17
7
11
11
39
21
25
23
11
27
17
7
13
13
9
9
5
7
9
2
21
21
27
9
25
29
17
15
27
19
17
27
26
21
15
9
15
16
7
16
28
9
9
11
35
10
0
15
7
9
11
13
15
9
11
5
15
11
11
9
11
7
15
7
11
11
9
5
13
7
5
13
5
5
5
7
41
5
9
9
17
9
7
95
15
9
9
9
4
4
6
4
4
0
6
0
2
6
2
0
4
2
21
6
0
2
0
4
2
4
2
2
4
0
2
2
6
2
6
2
2
2
2
2
6
2
4
2
2
2
2
0
4
2
0
4
4
4
6
0
0
4
4
6
0
4
2
2
2
4
4
6
0
6
2
4
6
0
6
4
2
6
4
10
0
4
6
4
4
0
4
6
6
2
0
6
4
0
4
0
2
4
4
0
2
4
2
2
4
0
2
4
4
0
2
2
4
25
2
4
2
4
0
2
2
4
0
10
2
6
6
0
4
6
6
4
4
2
2
0
2
2
6
0
6
4
0
6
4
2
2
0
2
0
4
4
0
2
25
2
2
0
2
4
4
0
8
2
6
4
0
0
2
2
4
8
6
6
6
2
2
0
2
4
2
2
2
0
8
6
6
4
4
2
4
0
2
0
2
4
2
4
6
0
4
2
4
4
2
2
4
2
2
6
0
2
0
2
2
6
2
6
0
0
0
6
0
2
6
4
4
4
6
4
4
2
2
4
8
0
2
2
2
6
0
0
6
0
0
6
6
29
6
4
0
0
0
2
0
2
2
4
4
4
4
6
4
4
0
6
4
4
0
2
2
4
0
6
8
4
2
0
6
6
6
0
4
2
4
0
6
6
6
0
0
0
