48
7
43
26
23
68
67
38
71
21
43
6
37
56
29
29
11
41
42
30
38
20
17
36
48
28
41
7
27
15
59
19
8
13
21
30
8
23
22
9
28
0
27
32
18
23
17
33
43
17
21
13
17
19
43
22
28
52
22
28
63
19
15
15
13
51
37
27
72
38
42
22
17
19
23
26
26
17
17
9
33
21
31
23
19
10
35
33
13
44
23
43
31
17
17
26
30
29
21
17
45
24
23
39
32
7
28
22
35
15
40
11
37
20
34
53
21
21
18
11
33
29
28
39
26
41
24
34
34
26
15
23
21
43
32
13
36
26
10
9
9
67
24
45
11
55
45
38
29
41
26
26
34
18
43
26
15
29
29
45
28
44
46
11
36
38
30
55
25
15
45
50
51
38
79
17
36
34
39
39
23
13
38
44
45
44
35
15
45
30
39
43
55
40
41
61
43
37
22
21
33
43
38
11
17
17
47
63
25
39
19
11
66
32
19
25
18
26
49
27
44
33
22
52
29
34
10
23
24
23
11
13
19
24
26
41
13
36
28
11
19
45
30
11
27
50
13
37
16
58
22
15
76
17
18
28
13
7
32
17
15
31
24
26
11
53
16
33
8
20
32
15
17
39
13
8
40
27
27
31
18
36
13
34
51
30
35
33
3
0
5
7
1
3
3
0
5
3
3
5
3
0
7
0
1
0
1
0
7
7
3
0
0
0
7
1
7
0
0
9
13
5
15
0
3
5
5
7
9
1
1
1
3
1
3
1
1
0
0
5
0
9
5
7
3
1
9
0
7
5
1
3
0
0
5
0
9
1
1
1
7
7
3
1
1
0
7
1
1
13
5
7
3
1
1
3
1
9
0
0
3
1
1
5
3
0
1
3
21
1
0
5
1
0
7
79
3
0
0
1
3
0
1
0
0
1
1
0
0
1
0
5
0
0
0
1
1
3
0
3
3
1
7
1
1
0
5
0
1
3
1
0
1
6
5
7
3
1
3
3
7
9
0
1
3
0
7
0
0
5
1
1
5
1
1
0
0
0
0
5
1
5
5
3
7
0
3
0
1
3
3
5
1
1
0
7
7
3
1
1
3
7
1
3
3
0
11
7
8
1
1
1
5
0
3
0
5
0
7
9
1
3
7
11
7
1
1
1
94
3
3
1
1
3
3
11
11
1
1
7
1
7
7
3
0
1
7
7
0
5
1
1
1
3
3
0
5
5
7
1
3
0
1
0
3
0
0
0
9
0
3
9
0
5
1
0
1
1
1
5
3
5
1
7
3
0
1
5
5
7
5
13
1
7
5
7
36
55
38
18
40
38
56
42
28
42
28
46
40
44
53
83
40
50
33
34
28
45
42
13
45
51
40
45
50
59
66
47
45
43
53
52
40
38
37
32
40
42
42
36
15
32
40
32
44
55
18
28
38
54
41
52
45
48
43
42
39
34
47
18
50
32
39
48
45
32
38
44
50
42
36
34
55
45
48
19
45
39
58
58
48
24
50
46
47
49
52
44
52
34
38
24
38
40
48
58
32
43
82
52
42
35
32
28
56
55
52
54
36
17
78
46
42
42
48
23
20
71
40
57
62
42
42
78
38
43
32
56
64
29
53
47
24
28
43
31
52
34
47
41
33
72
40
51
40
33
50
19
24
42
34
46
62
26
44
24
42
24
54
32
41
32
48
46
54
42
34
48
51
30
22
38
42
52
34
40
52
27
37
40
24
30
51
48
56
50
28
22
36
32
68
26
42
13
38
52
30
42
38
16
56
26
32
28
38
50
30
11
39
33
18
34
36
36
30
15
26
12
28
42
16
22
15
16
11
21
22
8
38
15
38
26
20
16
14
20
7
26
16
30
30
40
24
17
19
22
36
18
32
11
19
13
46
28
36
44
30
40
30
34
43
26
36
26
54
38
38
42
38
34
30
18
17
34
16
34
21
42
30
38
24
42
13
46
1
9
1
3
0
93
1
5
3
1
7
3
1
0
1
1
1
9
9
1
1
1
7
1
9
1
1
3
0
3
7
1
0
3
1
9
0
7
1
0
1
9
0
7
1
1
0
9
1
1
1
5
0
3
5
0
0
0
7
0
0
1
1
0
7
0
1
0
0
1
5
0
0
3
0
3
0
1
0
0
5
7
0
0
0
9
0
9
0
6
1
1
0
7
5
1
0
96
0
1
0
0
0
0
3
5
0
1
0
0
3
0
1
3
5
0
7
1
0
0
9
5
0
1
0
1
0
1
1
1
88
5
0
3
0
1
9
1
0
5
3
3
0
1
3
3
0
3
1
94
7
1
0
0
0
1
7
9
0
0
3
0
1
1
0
1
0
9
1
5
0
1
0
5
3
1
5
1
1
7
1
3
3
3
1
11
13
3
3
1
7
5
1
8
3
7
1
1
5
3
3
3
1
5
1
3
1
5
1
1
5
1
5
3
13
5
7
0
1
1
0
1
3
1
9
9
5
8
93
0
1
3
1
86
1
6
5
1
3
0
1
0
1
8
9
1
0
5
1
3
3
0
7
0
1
1
1
7
1
0
0
1
7
0
7
1
0
0
1
1
0
0
0
1
3
3
7
3
0
5
7
7
3
0
7
1
1
1
14
16
6
31
14
8
10
10
16
18
6
20
14
12
4
6
20
53
18
12
20
16
25
14
25
12
8
12
10
16
45
18
10
45
8
12
8
12
10
10
14
6
4
20
12
16
8
31
12
8
10
16
10
22
8
12
4
4
6
6
10
10
14
12
8
12
10
8
8
6
14
14
12
8
14
16
12
8
16
14
18
12
10
18
8
10
14
10
18
18
18
8
26
21
10
14
33
20
29
20
24
10
24
22
29
16
27
22
10
35
6
33
14
16
20
33
10
12
8
25
8
18
18
33
10
8
14
22
14
20
23
27
4
39
16
8
18
16
24
18
20
27
16
16
16
25
27
23
16
16
18
14
24
18
16
22
22
18
20
27
18
49
31
37
22
51
22
27
49
12
35
23
14
31
51
4
14
18
10
12
31
12
16
10
12
41
12
23
21
33
8
6
10
27
6
8
31
29
10
25
18
25
14
8
25
8
6
31
23
14
35
33
31
10
23
18
31
33
10
25
29
29
39
16
23
29
29
10
12
53
16
25
37
55
35
12
51
27
8
10
27
33
16
31
8
10
6
12
8
23
25
8
31
12
24
18
8
29
6
20
14
22
18
22
18
16
24
12
29
39
8
20
14
23
10
25
14
14
25
39
6
12
12
16
8
6
18
14
0
0
0
6
0
0
0
2
2
4
2
0
4
6
2
6
4
0
2
4
2
6
0
6
0
0
4
4
0
2
2
0
10
6
2
0
0
0
6
2
2
0
4
0
4
2
8
0
0
2
0
0
6
4
8
0
6
2
4
4
0
4
4
0
6
4
4
2
6
4
2
0
0
0
8
2
0
2
2
4
2
68
0
2
0
0
4
0
2
2
0
2
0
0
4
0
0
0
0
2
4
0
2
4
0
2
13
0
6
0
8
4
0
2
0
10
4
2
2
0
2
4
0
2
0
0
6
2
2
0
0
0
4
2
6
2
0
4
0
0
0
2
8
4
2
0
6
2
0
4
4
2
4
4
0
8
0
4
2
4
2
0
2
4
4
8
6
4
4
0
2
0
0
0
4
6
2
0
3
0
4
6
0
0
0
0
6
0
0
0
8
2
4
0
4
0
2
4
4
8
0
0
2
4
8
0
4
0
4
4
4
4
0
0
16
6
4
2
2
0
4
0
0
4
2
2
6
0
10
0
2
8
4
0
4
8
4
4
0
4
2
0
0
4
4
0
0
4
4
4
0
6
0
6
4
4
2
8
4
0
2
3
0
6
0
2
0
2
0
4
2
4
6
2
4
4
2
8
4
2
4
4
0
6
0
2
82
0
0
2
0
2
1
3
1
1
0
2
2
2
0
2
2
4
2
3
3
0
0
2
2
0
2
3
0
0
0
0
2
0
4
0
0
3
2
2
2
2
3
0
2
2
2
0
0
2
3
0
0
2
0
1
3
2
0
2
0
0
4
2
0
2
3
6
0
3
0
2
0
2
3
4
2
2
2
2
6
0
3
2
1
3
2
2
3
2
2
0
2
0
0
2
2
2
1
2
0
2
0
0
4
2
2
2
0
1
4
1
1
0
8
2
1
3
2
0
2
2
1
4
3
4
3
12
1
0
2
2
6
2
0
4
4
4
1
9
1
2
2
0
0
6
0
0
0
6
2
2
0
0
2
0
2
7
3
2
2
2
0
3
3
3
9
3
0
2
0
2
4
3
4
0
0
0
1
0
0
1
4
5
1
0
0
1
0
0
0
2
3
3
4
2
11
2
0
0
2
0
2
0
4
2
0
1
0
0
4
2
0
0
0
9
4
11
4
0
4
0
2
0
7
2
1
1
0
2
3
2
0
2
2
0
2
0
7
2
0
1
0
2
2
3
5
0
2
1
9
3
0
9
0
5
4
5
0
3
3
1
0
4
0
1
2
0
0
2
2
2
2
2
0
2
3
11
0
2
4
0
2
8
2
0
2
4
2
0
7
8
8
6
4
6
9
6
6
6
2
2
6
6
6
2
4
2
9
6
2
4
4
4
4
8
8
4
17
4
8
9
6
6
8
4
6
6
6
4
2
8
6
8
6
2
8
8
6
2
2
9
2
6
2
8
4
4
4
8
12
6
2
5
8
15
2
4
4
4
6
6
2
4
8
6
4
6
4
12
4
8
4
11
4
12
7
6
6
8
10
10
6
6
8
6
13
13
8
8
6
10
6
8
8
4
11
8
8
10
6
6
8
17
6
4
11
6
6
2
9
6
6
9
6
6
6
2
6
4
6
2
15
4
8
7
11
6
9
6
11
8
17
6
7
10
8
9
6
2
15
2
9
6
6
19
4
6
8
6
10
4
8
8
8
4
6
6
6
4
4
9
4
8
4
6
7
4
4
6
11
12
4
10
7
7
6
6
4
13
10
13
4
4
4
6
8
8
8
21
6
4
4
4
9
4
8
7
6
6
4
6
6
12
6
4
4
4
10
11
8
10
7
6
9
11
6
4
4
12
9
7
6
4
6
4
6
2
2
4
7
5
17
4
6
4
8
10
6
6
6
4
8
6
2
4
8
2
4
4
10
4
4
8
6
6
4
8
6
4
7
4
9
10
6
10
8
6
6
6
6
6
8
4
7
4
12
4
2
6
2
3
4
3
5
2
2
0
4
4
4
4
4
17
2
4
13
17
2
0
4
0
4
0
4
6
5
21
2
4
4
4
4
2
4
4
8
8
0
15
6
6
4
4
8
4
2
4
4
4
4
0
5
17
2
0
4
5
2
3
2
4
2
9
4
5
6
5
2
5
4
8
2
3
2
4
6
2
4
2
3
5
4
17
4
6
14
4
4
4
4
4
2
4
3
5
5
5
3
4
5
0
5
2
4
2
8
2
5
5
2
4
0
4
4
15
2
6
2
0
5
2
0
4
2
3
7
4
2
2
4
2
2
4
5
4
4
4
0
2
2
2
2
5
3
4
6
0
13
5
2
2
5
2
4
8
4
2
0
5
5
5
5
3
3
4
4
0
0
2
0
3
5
2
5
4
2
5
4
5
3
2
14
0
5
2
4
0
3
5
0
5
5
4
0
3
5
4
5
2
5
8
14
5
2
4
6
2
5
8
5
6
6
4
4
2
6
0
14
2
2
4
5
0
2
4
2
5
13
5
4
4
27
4
2
4
5
5
0
5
2
2
4
5
5
6
5
5
8
4
2
5
10
4
2
4
5
3
4
5
7
3
5
6
3
2
4
6
5
2
3
2
2
2
7
4
5
4
5
2
2
2
5
2
2
4
13
0
10
0
2
13
0
0
11
9
2
18
29
0
9
14
15
0
17
0
15
13
0
15
17
0
19
0
0
5
0
16
0
16
12
0
22
12
14
0
24
19
20
0
0
16
0
0
0
0
0
18
0
0
17
0
9
13
21
0
0
1
0
28
0
17
0
0
10
1
0
18
0
1
11
0
14
19
0
20
1
16
24
0
10
3
20
0
15
18
0
16
19
0
15
9
11
16
0
17
21
14
0
11
18
13
1
12
2
5
0
0
16
23
0
0
28
17
14
0
10
11
8
18
25
21
0
32
20
23
0
11
9
10
3
21
15
0
13
0
0
12
2
0
0
9
18
0
14
19
18
2
9
14
10
0
0
0
11
0
16
20
26
14
15
17
16
10
10
17
21
11
0
0
6
19
0
14
13
0
16
0
24
17
0
0
0
15
0
0
19
0
17
22
13
14
0
12
16
18
0
17
20
9
1
1
20
23
12
16
13
3
18
12
0
12
13
0
0
24
0
15
0
0
13
18
29
0
0
9
0
16
0
16
18
0
19
27
0
2
16
0
13
0
32
22
16
19
24
23
23
0
0
14
0
2
13
15
0
1
17
20
22
0
22
20
2
0
0
15
13
0
31
4
20
0
17
20
27
0
4
18
19
1
24
2
16
28
