69
4
3
4
7
2
20
71
4
6
8
10
5
15
49
4
2
6
5
2
4
68
7
5
10
5
6
7
9
6
4
7
14
6
6
0
2
5
39
32
5
51
9
6
7
86
7
7
5
7
5
49
52
6
8
9
14
8
21
4
10
7
17
7
4
58
16
2
20
20
10
8
7
17
6
4
9
6
56
6
6
4
50
7
6
8
4
6
2
45
4
6
45
5
5
10
5
4
17
4
2
5
32
1
6
12
6
3
6
32
13
9
4
4
14
6
9
6
6
48
5
6
6
7
5
4
9
9
11
10
6
15
16
9
10
2
13
4
4
5
6
5
9
4
33
9
7
4
4
4
62
6
6
6
5
4
5
6
6
0
7
7
6
4
6
39
2
7
5
45
5
5
55
8
2
6
4
4
4
4
4
36
1
6
78
7
4
5
6
16
8
11
4
6
2
5
29
4
4
6
74
5
35
7
4
6
15
6
4
5
12
6
44
4
3
5
6
3
5
5
37
4
4
6
27
2
5
33
4
39
6
4
4
7
74
9
6
5
61
6
4
7
23
6
9
18
7
20
2
4
54
56
5
5
39
7
4
50
7
10
8
4
9
7
8
7
4
37
2
5
7
6
5
6
6
7
6
2
6
8
15
8
6
5
3
5
7
6
5
6
6
4
8
8
4
4
4
6
10
0
6
4
4
4
2
8
6
4
8
6
4
6
4
6
4
14
6
4
6
8
11
8
2
2
10
6
10
6
10
10
10
4
10
6
6
8
8
8
15
4
12
8
6
10
6
6
17
8
8
6
4
8
8
6
6
7
2
6
15
14
6
10
8
6
15
8
15
10
10
2
8
10
12
10
11
8
13
12
12
15
8
8
8
6
6
17
15
12
15
15
17
10
10
15
9
9
6
11
13
13
10
13
17
17
10
13
17
8
13
15
11
10
19
8
14
10
10
10
8
11
12
11
6
13
10
10
13
13
10
10
15
10
8
17
17
13
10
13
12
21
15
13
15
8
17
6
4
13
11
6
21
11
8
17
10
17
12
15
31
11
12
13
15
8
11
8
15
10
8
13
10
15
6
29
6
20
24
11
9
12
26
15
17
6
11
10
15
10
25
11
14
10
19
13
15
10
23
17
8
13
11
10
11
10
13
7
17
9
50
4
9
10
11
15
21
12
17
10
13
11
11
14
8
10
9
9
13
10
0
13
6
8
8
10
9
6
8
8
8
6
8
4
8
8
4
2
8
9
13
6
10
12
8
56
4
6
10
8
12
4
6
6
4
2
9
2
4
9
11
6
8
5
2
21
4
4
2
0
4
2
2
2
2
2
4
2
6
6
2
2
2
0
2
4
2
0
2
2
4
2
2
2
4
2
9
2
2
4
2
2
2
4
4
0
4
2
4
6
2
4
2
2
2
6
2
2
2
0
2
2
0
0
0
0
2
0
0
2
0
0
0
4
2
2
2
0
0
0
0
2
0
2
0
0
2
0
2
0
0
2
2
2
0
0
0
0
0
2
2
0
2
2
2
0
2
0
0
0
0
6
0
0
0
0
0
2
0
2
0
2
0
0
2
2
0
2
0
0
0
2
0
2
0
2
4
0
2
0
4
0
0
2
4
0
2
0
8
2
2
2
0
2
4
2
0
2
2
0
0
4
4
4
0
0
2
4
2
2
2
0
0
2
2
0
0
0
0
2
2
0
0
2
2
2
4
0
4
2
2
2
2
4
0
2
2
0
0
2
4
0
0
4
2
2
2
2
2
2
2
0
2
2
2
2
2
0
0
6
0
2
4
0
4
6
0
2
2
0
2
4
0
2
4
0
0
2
2
0
0
4
0
2
0
0
4
0
0
4
0
2
2
2
4
2
2
4
0
0
2
2
4
2
4
0
4
0
0
4
0
0
2
0
0
0
0
0
2
2
0
4
0
4
4
0
0
0
2
2
2
2
2
0
2
0
33
28
31
19
30
29
25
26
19
44
35
31
10
27
23
26
8
21
25
32
44
33
25
28
19
28
19
36
26
23
17
36
21
12
18
20
32
25
14
69
18
15
22
18
30
23
41
16
33
30
53
32
18
45
45
27
29
31
31
30
38
31
21
14
50
21
15
24
35
42
30
32
36
19
30
23
38
18
25
24
25
10
42
24
18
15
13
12
28
22
18
35
39
20
14
23
15
13
26
23
27
32
27
32
19
30
36
38
38
31
0
39
27
37
34
30
16
36
37
30
18
30
49
28
47
35
44
39
43
47
49
71
49
57
41
36
54
45
40
46
46
24
45
43
44
45
39
29
25
28
54
36
38
38
44
58
36
29
44
49
46
56
32
38
44
26
31
63
37
53
25
18
40
35
37
52
44
33
24
26
33
50
70
43
37
34
26
42
2
31
34
49
44
16
30
63
44
20
15
58
27
29
89
36
59
57
55
39
30
51
64
42
38
45
38
37
17
39
38
24
30
38
61
43
31
13
39
23
27
37
21
19
25
24
26
35
26
21
16
78
32
48
39
21
36
37
31
40
17
40
38
50
49
23
24
19
19
18
28
12
18
28
55
16
31
34
24
60
32
9
16
32
37
11
29
31
18
18
65
16
12
16
25
31
24
20
42
37
5
5
1
7
7
5
3
5
5
3
3
3
3
3
3
5
5
7
9
1
5
5
1
1
3
1
5
3
1
3
5
3
3
11
3
3
1
3
1
3
1
3
5
3
5
5
5
3
3
3
5
9
5
3
9
1
7
3
3
1
7
5
3
1
1
3
3
0
3
3
1
3
3
1
1
7
3
5
7
3
3
3
7
7
1
17
5
3
9
1
1
1
3
3
3
5
3
3
5
9
1
1
5
7
3
1
5
3
1
5
5
1
1
3
9
3
3
3
5
5
9
3
9
5
9
7
1
5
9
9
7
5
3
1
3
1
5
5
5
3
5
1
5
7
5
5
11
9
3
7
3
3
1
3
9
5
11
1
3
5
7
3
3
7
1
5
5
7
3
1
7
1
5
5
5
13
7
19
3
5
5
15
5
3
1
1
5
3
1
9
7
7
1
11
1
5
3
3
1
5
1
7
94
3
9
5
1
5
5
3
3
5
5
7
7
5
3
1
1
3
5
1
7
3
7
5
7
3
3
7
5
3
3
3
3
5
3
5
9
3
1
5
5
7
5
7
3
5
3
1
3
3
9
3
1
1
7
7
5
5
9
5
1
3
5
1
9
1
5
1
5
5
13
7
9
5
15
3
9
1
1
1
3
5
1
3
3
5
4
4
0
0
2
4
0
16
2
0
5
2
8
2
0
6
6
0
13
8
2
2
31
2
0
0
6
4
6
0
64
0
4
2
2
2
2
6
6
0
4
4
4
4
4
6
6
3
5
4
7
4
2
2
13
5
13
8
2
2
2
4
2
6
2
4
9
2
2
4
4
5
4
5
4
6
6
7
6
6
4
5
3
6
4
4
2
4
6
2
4
45
2
4
3
4
4
3
6
6
2
2
4
4
2
3
7
2
6
4
4
3
4
4
13
6
4
4
2
2
4
2
4
0
3
4
4
5
2
8
4
6
5
4
4
3
2
7
4
2
6
2
8
2
2
6
4
2
4
2
4
4
4
4
4
2
6
4
2
7
6
6
42
4
2
2
6
0
4
2
2
0
2
0
2
2
0
0
2
40
2
4
2
3
3
7
8
4
4
3
2
5
2
3
4
6
4
4
2
6
10
4
4
2
4
2
2
5
2
4
7
6
5
8
2
4
8
2
2
2
4
4
2
2
7
2
4
6
0
46
2
3
6
4
4
6
5
2
5
2
7
12
2
4
4
2
4
5
7
4
9
4
2
6
5
6
3
4
8
3
2
4
2
19
4
8
2
4
4
4
6
9
4
4
0
0
4
2
0
2
4
4
4
4
2
4
3
4
0
0
2
0
1
0
0
1
8
7
0
0
2
0
12
0
2
3
1
3
0
1
3
2
5
0
0
2
3
2
2
4
3
2
1
3
3
0
0
2
5
0
0
0
3
0
2
5
3
0
0
0
0
7
2
2
6
4
3
3
0
0
18
0
3
1
5
3
2
9
7
2
4
3
5
0
4
7
11
0
1
2
6
1
4
0
1
1
2
30
0
1
0
0
2
2
1
15
2
2
0
4
10
0
2
2
3
11
5
0
1
2
6
1
10
0
0
12
0
7
0
0
1
1
2
1
0
1
0
0
2
1
3
2
3
0
0
0
4
3
8
6
3
2
0
0
0
1
5
5
1
0
5
3
7
2
7
2
6
3
0
3
4
0
0
3
0
0
5
0
3
0
3
3
0
3
8
0
12
1
1
3
3
1
0
3
0
0
3
3
6
0
0
2
13
3
5
0
5
3
2
3
8
2
2
2
5
3
1
0
4
0
0
0
2
1
3
3
5
0
2
2
0
1
2
3
7
1
1
2
0
7
5
0
0
0
0
0
0
0
0
2
1
2
0
0
0
0
0
0
5
0
0
3
1
0
1
1
0
0
0
4
0
10
0
0
2
0
5
0
0
3
3
2
4
3
4
2
0
2
3
10
0
2
2
3
2
6
2
2
1
2
0
1
3
2
2
3
3
3
0
4
0
2
0
2
1
2
2
3
5
2
0
1
0
2
0
2
2
2
2
0
0
0
1
2
3
0
2
0
2
0
4
2
0
2
0
0
5
9
0
2
4
0
0
2
0
1
0
4
2
2
3
0
2
0
1
2
0
0
2
4
0
2
2
0
2
0
2
1
0
2
0
2
1
3
3
0
1
0
2
2
1
0
0
2
5
0
0
4
3
0
2
0
0
1
0
2
0
2
1
0
0
0
0
2
4
0
0
0
2
0
2
0
4
2
2
0
1
0
1
0
1
2
1
0
2
2
0
2
3
0
1
0
1
0
2
1
1
2
0
0
0
2
0
0
2
2
0
1
1
0
2
0
0
1
0
2
3
2
1
1
2
2
4
2
2
0
3
3
0
2
0
7
1
1
2
0
0
2
0
2
2
2
0
0
0
0
1
0
0
0
2
1
0
0
3
0
0
0
0
2
2
1
0
2
0
0
2
1
1
2
0
3
2
0
0
0
0
4
0
0
2
2
0
0
0
0
0
2
0
0
0
1
0
0
2
0
2
0
1
3
1
2
0
3
0
2
0
2
0
0
5
3
2
0
3
2
2
3
0
0
2
0
2
2
2
6
0
2
0
2
0
0
2
0
0
0
0
0
2
2
4
2
2
2
2
2
0
0
0
0
2
2
0
2
2
0
2
4
0
2
17
4
2
2
0
2
2
2
0
2
4
2
0
2
0
2
0
2
2
2
0
2
0
0
2
2
0
53
2
4
0
2
2
32
0
0
4
0
4
2
0
2
2
0
4
4
0
2
2
2
2
2
2
0
0
0
0
2
4
0
2
0
2
2
2
2
2
2
0
0
2
0
2
27
0
2
2
2
2
0
4
2
2
2
2
4
2
2
2
2
0
4
2
0
2
0
2
2
0
2
2
2
2
2
2
2
2
2
2
2
2
2
2
2
2
2
4
0
0
0
2
0
0
0
0
0
2
2
0
0
4
0
4
2
4
4
2
0
2
0
0
2
2
2
2
2
0
2
2
2
4
2
2
2
4
2
4
2
2
2
2
4
2
2
2
4
2
2
3
2
2
4
2
0
0
2
2
2
0
4
0
0
0
2
2
2
2
2
0
2
0
2
2
0
2
0
2
2
0
2
2
2
2
0
2
0
2
2
2
2
2
0
2
0
2
0
0
30
0
0
0
0
2
2
0
2
2
4
2
2
4
0
2
2
0
0
2
0
0
0
27
2
2
2
0
2
0
2
0
2
0
2
0
2
0
2
2
2
2
0
0
24
6
7
9
10
10
11
13
10
15
14
6
8
6
11
6
10
12
9
8
17
10
15
11
14
11
17
10
15
19
15
13
21
15
6
10
8
15
10
6
11
6
17
6
15
4
8
15
10
9
6
7
6
10
11
10
8
8
6
8
7
15
6
6
12
6
6
8
9
10
11
10
10
13
11
8
12
8
11
11
8
8
13
9
13
15
9
19
10
13
11
8
8
5
12
15
10
10
6
10
13
6
15
21
11
0
15
14
13
6
8
15
6
13
11
13
15
9
13
19
13
17
8
6
16
11
21
11
9
9
17
17
9
23
11
15
9
15
18
11
11
13
15
14
17
21
13
15
11
19
20
18
17
14
11
11
0
11
17
13
10
13
11
17
8
19
15
11
10
11
18
15
11
11
8
0
11
7
21
8
11
10
11
11
13
13
15
9
17
19
15
4
13
16
25
19
15
20
11
48
15
17
10
13
13
10
17
11
11
7
21
6
15
17
15
13
19
13
20
17
19
17
11
13
11
13
8
9
21
11
19
13
6
11
8
13
13
9
10
13
15
13
16
13
15
8
9
9
17
5
21
11
11
9
16
11
12
11
17
15
14
14
15
18
15
25
12
11
21
15
17
11
13
19
11
15
15
8
13
9
15
16
82
13
21
19
21
11
19
