4
6
27
2
4
2
2
4
2
5
3
3
3
2
5
4
2
2
2
2
2
2
0
2
2
0
0
0
2
0
2
2
0
0
2
3
4
2
3
2
4
2
5
4
26
0
2
36
0
2
4
4
4
2
2
2
3
0
0
2
2
0
0
0
0
0
0
0
2
0
2
2
2
2
0
0
0
4
0
0
2
2
2
2
3
2
0
0
2
32
2
2
2
3
2
3
2
2
0
2
2
2
2
2
0
0
0
2
0
3
0
2
0
0
2
0
2
3
2
2
4
2
2
2
2
4
4
3
4
2
5
2
4
2
2
3
5
2
3
3
2
3
2
2
0
3
2
0
2
3
0
3
2
29
2
2
2
3
2
2
2
3
0
2
4
3
2
4
5
2
2
5
3
2
2
4
5
2
2
2
26
2
2
2
0
4
0
2
0
2
2
1
2
2
2
2
2
2
4
2
2
2
2
4
2
2
4
2
4
2
3
2
3
2
2
2
2
2
3
2
2
3
0
2
2
2
2
2
2
2
0
0
2
2
0
2
3
2
2
4
2
2
2
2
2
2
3
2
2
2
4
4
2
2
0
2
0
2
2
0
2
2
2
0
2
2
2
2
0
2
2
2
2
2
2
3
2
2
2
2
2
3
3
3
0
5
5
4
4
2
0
47
0
6
2
0
4
0
2
2
4
6
0
0
2
2
0
2
2
4
37
4
4
2
6
4
2
2
4
2
2
2
4
8
0
2
0
2
2
2
6
2
4
37
2
2
6
2
0
4
2
2
6
2
2
2
2
4
2
0
2
2
6
2
4
0
2
2
2
4
0
2
0
2
2
0
2
0
2
4
2
6
0
2
33
0
2
4
0
2
6
0
6
2
2
4
4
2
4
0
0
4
0
2
12
2
2
4
2
4
4
4
2
2
4
0
8
4
2
2
0
6
6
6
2
0
4
0
4
4
0
2
0
4
6
2
2
0
0
6
2
2
0
2
0
45
0
0
0
4
2
4
0
39
2
2
2
6
2
2
0
2
2
8
0
0
2
2
4
4
2
6
0
2
2
6
0
2
0
4
2
2
2
0
4
6
4
6
4
0
0
0
6
4
2
4
4
2
46
2
2
0
2
0
0
4
6
0
2
0
2
4
0
10
4
2
4
8
0
8
4
2
0
0
2
6
36
6
0
2
0
2
2
0
8
0
0
0
8
4
0
10
2
2
6
6
2
2
0
2
10
2
4
0
0
2
6
0
2
2
4
4
6
4
6
2
2
4
4
2
0
4
4
4
8
0
0
0
8
6
4
4
14
0
2
4
0
0
0
0
23
35
33
23
0
0
0
0
0
0
0
58
49
26
31
54
0
0
0
0
0
0
0
16
48
0
53
18
0
0
0
0
0
0
0
0
5
37
23
31
0
0
0
0
0
0
0
2
67
42
28
60
0
0
0
0
0
0
0
56
0
2
0
0
0
0
0
0
0
0
0
32
39
36
27
42
0
0
0
0
0
0
0
55
38
75
27
26
0
0
0
0
0
0
0
26
25
55
43
13
30
0
0
0
0
0
0
45
34
5
19
5
27
0
0
0
0
0
0
0
24
20
26
20
32
25
0
0
0
0
0
36
0
28
10
66
26
30
0
0
0
0
0
37
25
86
50
21
21
48
20
6
25
0
42
0
25
0
19
0
0
0
0
0
0
0
0
2
3
44
0
2
0
30
0
0
0
0
0
70
25
19
27
40
25
46
0
0
0
0
0
22
31
5
28
19
35
29
44
0
0
0
0
34
2
22
39
0
0
24
24
9
23
20
0
4
0
19
10
24
6
39
20
18
9
4
0
13
26
25
0
20
14
23
0
1
21
22
25
16
0
0
2
0
0
0
0
0
0
0
1
12
25
22
26
2
24
18
2
0
17
0
0
0
3
1
21
25
38
19
31
22
0
19
17
37
15
87
19
24
25
57
16
17
13
11
0
12
0
24
0
7
6
4
5
11
12
12
3
0
10
0
19
0
10
0
11
0
10
13
0
19
0
11
0
18
0
14
0
8
0
1
10
0
6
6
6
7
0
11
9
0
7
12
0
4
8
0
11
9
9
3
0
13
0
7
17
0
1
12
0
15
0
6
0
3
8
0
8
0
10
0
8
10
8
1
9
0
16
0
11
0
0
12
0
4
10
0
9
0
8
7
10
0
4
8
0
21
14
0
8
9
12
8
8
0
10
9
4
1
0
6
0
13
0
11
0
11
0
12
0
12
0
12
17
0
12
0
0
8
7
7
0
9
0
9
1
12
6
8
6
7
0
1
6
0
11
0
12
8
14
9
19
0
4
7
0
16
4
0
0
8
0
7
0
8
8
6
6
0
0
8
0
0
10
0
0
11
2
6
0
0
8
8
1
9
0
9
8
0
6
0
0
6
0
6
8
11
8
6
0
0
2
9
0
8
4
0
11
0
1
7
0
7
9
0
7
11
0
6
12
6
7
0
8
5
9
10
9
0
8
0
6
9
0
7
3
0
9
0
1
5
7
7
0
0
5
0
7
0
0
6
0
5
0
0
2
0
6
0
0
10
10
13
0
0
10
5
1
10
7
9
0
12
0
0
9
0
4
6
0
7
11
7
4
5
2
5
4
4
0
4
0
2
5
2
4
4
17
4
5
7
4
2
4
2
5
9
9
7
5
4
4
4
2
7
7
9
2
5
5
2
2
7
9
5
4
11
7
5
5
2
9
2
3
4
15
5
2
3
0
5
4
19
4
2
4
4
4
5
4
4
5
9
7
5
4
27
4
9
4
2
5
2
5
2
4
5
2
2
31
2
4
5
5
2
3
5
7
5
11
17
9
4
5
7
3
5
4
9
5
5
3
7
7
4
7
4
9
6
4
9
5
7
13
9
4
13
4
9
4
2
5
2
5
5
4
11
5
5
9
2
7
7
9
2
7
7
4
21
13
9
15
5
3
7
3
7
23
9
4
5
5
4
4
7
4
13
9
4
2
5
4
9
13
4
13
9
9
5
2
7
7
7
7
9
4
7
15
9
5
7
3
5
5
4
5
5
5
7
9
5
11
5
5
11
5
11
5
5
5
5
7
15
7
9
11
4
11
9
5
4
2
2
9
7
13
4
5
7
7
7
5
5
5
13
4
9
9
7
2
7
9
4
17
4
2
4
5
23
2
4
7
13
4
7
5
4
0
7
9
4
11
5
9
7
5
9
2
2
9
4
9
2
7
5
13
7
7
11
2
9
4
2
23
4
7
5
7
7
2
1
3
1
1
4
2
13
2
5
3
2
2
5
2
4
2
2
2
4
2
2
0
4
2
2
6
2
2
3
3
2
5
4
2
1
3
2
0
6
2
3
2
4
3
2
2
3
2
4
5
7
6
3
3
3
7
8
3
2
9
5
3
4
3
3
4
13
2
4
20
2
16
8
5
12
3
4
5
2
3
4
0
2
2
3
2
4
4
10
0
2
3
2
2
2
5
3
2
3
3
2
4
4
5
2
3
4
3
2
5
4
4
3
2
7
2
2
3
0
2
2
5
2
0
2
2
4
4
2
2
0
6
4
3
6
3
12
2
4
6
5
2
7
3
4
3
3
7
4
2
3
4
3
43
3
3
1
3
3
4
3
2
2
3
7
3
2
2
2
2
4
3
3
2
5
3
2
42
1
3
5
2
2
2
2
2
5
3
4
2
8
7
2
2
16
3
3
7
3
5
2
7
2
7
4
5
3
3
2
1
2
6
2
2
3
2
5
4
2
1
3
5
5
2
2
2
2
3
2
2
0
2
5
3
2
2
3
33
0
2
2
4
3
2
0
14
2
3
4
3
3
2
0
5
1
5
15
5
3
4
5
5
5
3
2
2
4
6
16
2
2
2
2
0
2
5
2
5
3
0
5
2
2
2
2
2
2
2
4
0
3
4
2
2
0
0
2
4
0
2
2
6
6
0
2
2
6
2
2
6
2
0
7
4
6
2
0
0
4
4
7
0
0
0
6
0
2
2
0
4
4
0
4
0
0
0
2
4
2
4
8
0
0
2
4
0
2
2
0
4
5
0
0
0
0
0
4
4
0
0
0
0
4
0
2
0
0
0
5
0
0
4
3
0
7
0
4
2
2
2
4
0
2
0
0
0
4
2
0
2
0
6
4
6
0
0
0
0
0
2
0
0
2
0
0
2
0
0
0
0
2
2
4
4
0
0
0
2
0
0
0
0
4
0
0
4
5
2
0
0
0
0
3
2
4
4
0
0
2
0
4
0
2
0
2
2
2
5
0
0
4
2
6
0
2
0
4
4
0
0
2
0
6
2
6
2
2
0
4
6
4
2
0
2
4
2
3
4
0
2
6
2
3
2
6
2
2
0
2
2
0
2
2
0
0
2
4
4
4
2
2
2
2
0
0
0
2
3
2
0
2
2
2
3
2
0
2
4
2
2
0
0
2
0
0
6
2
2
4
2
0
4
0
3
4
0
2
2
2
0
4
0
0
6
2
4
0
2
2
6
4
0
2
2
0
2
67
2
0
0
2
4
0
4
6
0
4
0
0
2
2
2
4
4
0
3
3
3
0
1
0
5
0
1
1
0
20
26
0
5
0
20
24
3
1
1
1
5
7
3
3
0
1
1
3
3
9
3
5
26
23
22
25
27
0
3
1
3
1
5
3
5
1
1
0
0
3
1
3
3
1
19
23
21
21
30
32
5
9
1
1
3
5
5
7
3
0
1
3
0
1
1
1
1
26
1
27
28
40
0
0
3
0
1
1
3
3
5
3
0
3
0
26
21
28
1
3
11
1
1
3
3
1
1
1
7
11
1
1
5
36
0
33
34
20
3
1
1
3
3
3
1
0
3
1
1
5
1
25
22
34
22
28
0
3
7
3
1
5
1
3
3
7
3
3
6
3
1
5
3
22
24
26
25
31
0
1
5
0
5
1
1
1
3
1
3
1
30
7
24
32
24
1
3
7
3
1
0
0
0
1
3
3
3
5
0
0
1
9
25
23
5
0
5
3
3
1
1
5
5
3
1
1
5
1
5
27
29
24
28
28
0
5
5
3
3
5
3
3
5
5
3
0
26
24
32
26
18
26
5
5
3
1
3
3
9
1
3
1
1
9
3
3
1
1
25
27
26
26
3
23
3
3
1
1
3
1
5
1
1
1
5
0
7
3
1
3
5
0
16
26
25
23
3
3
1
1
1
1
1
1
5
0
6
4
11
7
6
8
9
7
6
16
6
4
6
7
11
7
5
6
5
8
8
4
4
9
4
4
6
8
9
6
2
4
5
4
4
4
4
6
8
2
2
4
4
4
4
6
8
4
4
4
4
5
7
4
4
6
4
4
2
8
2
11
2
4
4
2
4
4
4
2
4
4
4
4
2
2
0
6
4
4
2
4
4
2
6
2
2
4
2
2
2
4
7
4
2
2
4
4
2
2
2
4
2
2
2
4
4
4
2
4
4
6
4
4
4
2
4
2
2
4
4
6
4
4
4
2
4
6
2
2
2
2
4
6
6
6
4
6
6
4
4
6
4
4
2
4
19
26
29
28
23
28
36
29
31
26
31
31
27
27
18
23
0
4
0
0
0
0
0
0
2
4
2
2
0
2
0
6
2
2
0
4
2
2
2
2
0
2
0
2
0
37
6
4
4
4
2
0
8
2
4
2
2
0
2
0
2
2
0
0
2
0
2
0
0
2
2
0
2
2
4
2
0
2
2
0
2
0
0
5
0
7
2
4
2
4
8
5
2
0
0
2
7
0
2
0
2
2
0
0
0
0
0
0
4
2
2
6
0
2
2
2
2
6
2
4
2
6
0
4
4
4
0
2
4
4
0
0
2
4
4
6
2
0
2
2
0
2
6
4
4
6
4
6
2
0
2
6
4
4
2
4
2
2
6
2
0
2
4
4
2
2
2
4
2
4
2
0
2
6
2
6
4
0
6
0
6
0
2
0
2
0
6
8
2
4
8
0
2
2
6
4
6
6
8
4
2
4
6
4
4
6
6
2
4
2
4
0
4
4
6
0
4
6
2
2
6
6
0
0
2
4
2
2
2
6
4
6
4
2
4
4
2
0
0
4
8
6
2
4
6
4
2
6
6
0
8
4
6
6
6
2
2
6
4
2
2
4
4
2
6
8
0
4
0
0
4
2
4
2
2
8
2
2
2
2
8
2
6
4
2
4
4
6
4
2
2
2
4
4
4
2
2
6
8
2
0
2
4
2
8
8
4
2
2
2
0
6
4
2
6
2
6
0
4
2
2
6
4
4
4
4
4
4
4
2
4
4
4
4
0
0
6
2
2
4
2
4
4
2
4
4
4
4
2
6
0
4
6
6
4
4
4
4
2
4
0
6
2
2
0
2
4
4
2
0
0
2
8
8
2
4
4
10
2
4
4
6
0
4
2
4
0
0
4
2
6
4
0
4
2
4
4
4
6
4
8
4
4
6
6
2
0
4
0
2
2
0
0
2
0
2
2
2
6
2
4
6
0
4
4
8
0
8
8
10
