86
28
45
25
74
65
49
63
35
59
31
33
78
41
41
52
47
46
52
45
57
42
40
25
25
32
31
33
84
66
34
40
44
44
60
30
57
75
68
36
46
63
17
83
43
43
39
43
39
54
33
66
29
26
75
44
42
37
19
57
72
47
47
70
66
61
23
84
43
79
61
32
38
40
72
80
59
38
45
58
64
39
76
39
38
44
42
78
30
63
66
62
73
49
70
62
59
51
28
28
33
54
57
70
72
55
67
50
71
62
49
72
73
39
54
85
61
66
89
70
54
39
58
72
53
65
27
78
40
72
66
55
59
35
37
55
67
33
73
69
41
49
51
41
60
43
34
47
43
65
53
73
49
58
31
51
78
29
46
30
67
53
34
59
61
43
73
38
69
48
35
49
70
67
60
78
33
85
79
45
59
70
79
78
87
47
35
44
30
43
45
75
45
55
89
56
88
42
47
87
60
70
72
67
59
41
46
55
54
61
73
82
40
43
57
59
43
86
56
50
86
68
60
38
31
68
59
37
51
58
75
66
76
29
40
54
62
30
70
57
51
76
44
67
70
57
54
49
73
41
28
25
71
58
59
57
54
42
43
15
27
18
32
34
41
45
69
33
34
36
24
40
44
50
35
27
39
23
61
48
39
15
20
21
38
18
57
40
10
11
6
4
5
6
4
4
4
5
6
15
2
2
2
4
9
3
6
2
6
2
4
9
0
4
9
4
7
2
2
2
6
8
6
17
6
6
9
9
2
6
8
10
8
0
5
4
4
0
0
7
9
8
2
11
4
2
11
9
11
0
2
6
4
2
9
13
4
8
6
8
6
4
10
6
10
10
8
12
17
6
9
10
10
7
11
9
13
23
4
6
13
4
20
8
15
15
13
7
46
11
6
7
13
12
17
11
14
6
9
17
11
8
6
6
7
7
6
10
15
4
10
8
8
6
9
11
7
6
13
19
11
15
4
8
9
15
23
6
9
8
13
6
11
10
4
9
5
13
10
13
13
13
19
9
17
6
26
7
14
8
11
9
9
4
9
15
12
7
13
15
9
8
24
6
6
4
10
6
11
16
13
11
6
17
6
11
13
11
9
11
15
14
19
11
13
11
13
8
20
11
13
6
21
11
23
6
11
12
21
7
15
17
7
9
11
6
9
6
10
17
6
11
16
11
11
11
9
4
13
15
9
7
11
19
13
13
11
13
10
4
11
8
11
13
32
5
7
13
6
4
7
8
4
8
2
6
11
11
6
10
2
7
6
6
2
9
13
7
5
3
4
2
6
11
2
7
9
11
7
7
8
7
5
6
8
6
19
18
19
19
19
18
19
19
17
19
17
18
18
18
18
18
18
18
18
18
19
19
19
11
19
18
17
18
19
13
19
18
19
19
17
18
17
19
19
18
18
19
18
18
18
17
19
19
10
19
17
18
19
18
19
19
14
18
19
19
18
16
18
19
19
19
19
19
19
19
19
18
18
19
18
17
18
17
19
18
19
19
18
18
19
19
19
18
19
18
20
19
18
18
18
18
18
18
19
18
20
19
18
19
18
16
19
19
19
18
17
18
20
16
18
19
19
17
18
20
20
18
20
18
17
16
19
19
17
19
19
18
18
20
19
17
17
19
19
18
18
17
17
18
18
18
20
17
20
19
19
16
18
19
19
18
14
18
18
16
19
15
17
15
19
20
17
19
19
19
18
20
19
19
18
18
19
13
16
15
17
18
19
16
17
17
18
17
18
16
20
19
15
19
18
18
17
19
18
18
17
18
20
18
17
20
19
17
18
19
19
18
18
19
18
19
18
18
18
11
19
18
18
18
19
18
17
20
20
19
18
20
18
16
19
17
20
19
19
18
17
18
18
18
19
17
17
19
17
18
18
19
18
18
19
19
17
18
18
19
17
19
17
18
18
17
20
18
19
19
19
19
19
19
18
17
19
19
18
18
19
19
18
19
18
18
18
19
1
3
1
1
1
2
1
3
1
1
0
2
0
4
1
2
3
1
3
0
1
1
0
0
3
3
1
0
0
1
0
0
0
1
0
1
1
3
3
1
4
1
4
1
1
1
4
3
1
1
5
1
0
0
0
0
1
1
1
1
0
1
1
1
1
4
1
1
4
1
0
1
0
3
1
0
2
0
1
10
1
1
1
1
3
2
3
3
6
3
1
3
3
0
1
2
3
7
2
1
1
1
1
0
0
1
1
1
1
0
0
1
6
4
3
4
0
2
1
0
1
3
0
1
4
3
1
1
1
1
3
0
0
4
3
0
0
1
3
1
0
1
4
0
4
1
1
3
3
0
0
2
3
1
2
1
1
1
1
1
1
1
0
3
1
4
4
0
0
0
1
2
1
1
1
0
1
2
2
3
2
1
1
2
0
3
1
1
1
2
1
2
4
1
1
2
2
3
1
1
1
1
2
0
0
1
1
3
1
1
0
0
1
2
0
1
0
0
0
4
0
1
1
2
3
0
2
0
1
3
0
1
1
3
1
1
0
1
0
0
0
1
1
0
0
1
0
1
1
1
0
0
4
1
3
1
1
1
0
3
0
0
0
1
1
0
0
1
0
1
1
3
3
0
4
0
1
8
1
1
3
1
3
1
0
1
1
0
7
7
8
9
7
10
5
8
4
7
7
5
12
9
11
10
9
10
8
5
7
9
3
9
3
7
5
7
7
7
5
4
5
9
11
8
9
5
3
7
9
8
7
3
8
7
10
7
9
7
3
10
9
5
5
7
11
9
9
7
9
12
6
8
5
7
11
14
9
7
7
11
6
10
7
5
7
10
5
10
11
5
5
5
9
5
7
9
6
9
10
5
3
8
6
7
13
3
10
7
10
11
10
12
5
7
7
5
7
9
3
8
15
8
6
9
5
11
8
9
11
3
7
9
11
7
7
5
10
7
9
10
10
9
11
12
9
9
8
6
7
5
9
11
10
6
8
9
7
7
8
7
6
5
9
5
8
8
7
10
10
7
7
8
5
8
5
10
13
10
9
3
8
7
10
11
3
11
7
3
8
9
7
10
5
3
7
12
7
3
8
5
6
8
5
4
9
5
5
11
8
5
1
7
9
3
5
7
9
11
5
9
11
14
7
13
7
8
5
7
10
5
9
5
7
9
10
12
7
7
3
9
6
10
7
12
11
6
12
12
5
8
7
8
10
10
9
7
11
10
5
10
6
5
7
7
3
6
7
12
9
8
7
5
8
3
5
9
7
9
7
7
7
7
7
5
10
9
7
9
5
7
9
12
5
8
7
9
0
2
0
4
2
2
0
4
2
2
2
4
4
2
2
4
0
0
2
0
0
4
0
2
0
0
2
6
2
0
4
2
0
2
4
2
7
0
0
2
0
2
0
2
4
2
4
2
0
4
0
2
4
0
0
4
2
2
8
4
0
2
2
4
0
2
4
2
0
0
4
2
2
2
0
0
2
2
0
0
9
0
4
0
2
0
0
0
2
2
7
2
2
4
0
2
0
4
4
0
4
2
2
0
2
0
0
2
0
4
2
0
0
2
4
2
4
2
4
9
4
4
0
0
2
0
2
2
2
2
2
2
0
0
2
4
4
2
2
4
4
0
2
2
0
4
0
0
0
0
2
6
2
4
2
2
0
6
2
0
8
2
0
4
4
4
0
2
2
2
4
2
2
0
2
4
6
4
0
0
0
2
2
2
2
4
4
4
0
0
2
4
0
2
4
2
2
2
4
0
2
0
2
4
4
0
0
6
2
0
2
0
0
0
4
2
0
0
0
0
2
4
2
4
2
0
2
6
2
2
2
0
2
0
0
4
0
4
4
0
2
0
2
2
4
0
0
2
2
2
2
2
6
0
4
4
2
0
2
0
0
4
2
0
4
5
0
4
2
2
0
4
0
2
2
2
2
0
4
2
8
0
2
2
2
0
2
0
8
27
17
10
10
12
23
12
57
14
6
13
10
13
16
4
14
12
6
8
18
16
49
16
8
12
8
12
9
4
14
14
12
16
16
18
20
18
23
8
4
25
20
21
12
10
16
20
10
20
12
12
12
25
8
19
25
8
12
14
25
11
12
20
16
12
12
10
12
18
53
18
4
12
8
10
17
14
16
12
31
21
33
21
20
21
18
16
14
23
14
25
20
23
19
27
31
17
12
14
35
11
12
12
23
33
27
19
18
20
16
14
25
31
14
8
20
4
25
17
16
35
10
10
21
12
27
16
6
16
8
25
21
8
12
33
14
8
30
18
16
33
10
23
23
27
8
19
27
23
12
10
8
15
18
27
17
15
25
12
31
39
6
23
16
18
37
22
10
20
23
12
20
20
41
14
15
19
19
10
31
27
31
6
10
12
14
25
31
31
16
10
21
29
18
8
10
35
8
2
6
10
12
14
25
12
20
20
16
18
15
27
23
10
8
23
21
18
14
18
6
21
6
16
13
4
21
10
31
8
21
12
29
10
4
17
10
7
20
10
16
29
10
12
14
13
6
8
20
14
29
6
10
6
14
10
33
10
6
23
16
33
18
30
37
23
8
41
10
27
35
10
12
12
4
10
20
12
19
4
47
12
10
10
16
12
8
12
2
10
12
2
21
1
12
13
18
5
2
14
9
2
17
11
12
3
3
3
4
9
5
10
5
8
2
10
16
24
6
15
16
12
4
4
4
10
1
10
15
3
3
16
0
18
9
3
7
2
13
13
7
8
4
11
19
11
5
11
18
14
1
20
3
4
16
4
12
7
30
10
4
9
1
3
0
7
1
3
24
3
21
14
2
2
4
4
17
6
3
18
4
3
2
15
14
9
3
18
2
6
0
1
0
6
11
9
19
3
5
11
13
17
11
1
15
4
21
9
2
9
12
18
14
8
6
4
0
4
16
13
3
8
10
13
13
13
3
6
11
5
17
13
5
3
18
3
1
1
3
1
1
1
5
15
9
2
3
28
14
23
3
4
8
18
12
9
9
15
0
12
3
24
3
1
1
15
19
18
2
6
3
16
4
0
1
1
6
3
4
18
4
32
12
0
14
3
3
3
0
2
18
19
1
2
19
3
9
6
4
6
2
0
1
13
15
17
2
3
4
3
4
3
6
4
5
7
10
1
23
0
4
0
3
12
13
2
14
5
0
3
4
3
3
4
3
3
16
4
17
6
10
3
1
17
4
4
16
1
1
19
3
8
19
17
3
1
0
3
19
3
0
19
14
11
10
30
20
0
21
1
0
9
31
13
0
2
0
0
0
0
0
2
0
4
2
6
0
0
4
2
2
2
2
2
0
2
4
2
0
2
2
4
2
4
0
0
2
6
4
2
0
0
4
0
0
4
2
2
2
0
10
2
4
2
4
4
2
2
4
0
0
2
2
2
0
2
2
2
4
2
0
2
2
0
2
2
0
0
0
2
2
2
2
4
0
0
4
0
0
6
0
0
2
0
6
0
0
0
2
2
10
4
2
2
0
2
2
4
2
0
4
4
0
0
0
9
2
2
6
4
2
0
4
2
4
0
4
2
6
4
2
2
2
2
0
0
0
0
0
4
0
0
2
2
2
2
4
2
2
6
2
0
0
4
0
2
0
0
2
2
0
0
4
2
2
0
2
0
0
6
4
4
4
0
2
6
4
2
2
0
8
4
0
4
0
4
6
0
4
0
2
0
0
0
4
0
4
2
2
2
4
0
0
0
0
2
0
2
0
2
0
2
8
2
0
2
0
2
2
0
0
2
2
4
2
2
4
0
0
0
0
4
2
2
0
2
0
0
0
2
2
2
0
0
2
2
0
4
2
2
2
0
4
2
3
2
2
0
0
0
0
0
0
2
2
0
2
2
2
2
2
4
0
0
2
0
2
2
0
0
0
2
0
0
0
2
0
0
2
0
3
2
2
2
0
0
0
0
0
0
31
31
29
35
36
0
28
0
0
0
0
0
29
38
23
69
41
82
14
0
0
0
0
0
48
3
12
37
33
54
28
0
0
0
0
0
29
0
30
54
0
65
55
53
0
0
0
0
45
27
20
27
75
4
68
0
0
0
0
0
35
27
31
75
38
74
41
0
0
0
0
0
33
16
11
79
30
38
26
0
0
0
0
0
34
36
0
0
51
68
0
0
0
0
0
0
28
0
33
39
50
2
24
0
0
0
0
0
25
11
19
0
44
44
0
0
0
0
0
0
25
44
29
55
60
68
8
0
0
0
0
0
27
27
3
68
0
25
46
0
0
0
0
0
36
18
47
48
36
59
41
0
0
0
0
0
13
44
28
0
46
98
43
0
0
0
0
0
36
27
36
42
0
38
56
0
0
0
0
0
44
26
0
45
90
48
0
0
0
0
0
0
26
7
25
42
48
48
16
0
0
0
0
0
27
2
30
69
42
0
41
31
0
0
0
0
38
27
34
61
18
61
31
0
0
0
0
0
40
30
3
46
25
24
46
14
39
0
13
38
30
77
21
19
5
10
1
0
0
14
2
39
48
83
0
16
37
28
24
2
28
24
20
17
24
23
15
46
2
35
45
47
12
24
44
84
57
30
0
45
44
33
