0
2
0
50
37
15
39
17
4
23
42
10
19
0
40
48
35
26
0
2
20
0
0
2
2
36
2
2
0
56
34
35
0
0
29
0
2
2
48
2
4
0
0
7
35
0
0
40
2
2
2
10
37
2
2
4
0
0
0
13
2
21
0
2
11
25
30
2
2
0
37
0
2
71
0
6
0
0
0
4
4
0
36
0
6
0
60
4
0
2
4
4
54
34
6
13
2
28
54
2
19
67
4
2
2
42
33
0
2
2
8
0
0
2
0
47
23
2
40
2
23
19
32
2
2
2
0
2
8
4
2
0
0
0
12
40
4
2
53
2
0
0
2
63
33
5
0
0
11
13
2
17
52
2
33
16
17
0
2
40
35
14
4
2
13
17
8
4
2
48
0
19
40
49
2
0
19
24
29
3
33
14
23
13
0
0
5
35
14
2
0
20
27
0
28
21
0
36
0
0
46
23
2
0
48
42
4
0
33
15
21
2
65
2
60
53
40
0
9
4
0
33
31
0
2
0
33
31
0
23
0
0
33
40
2
23
2
2
28
0
0
2
21
0
29
48
2
10
39
17
0
13
4
0
16
19
2
0
0
37
0
0
2
0
23
36
0
67
19
23
57
0
23
2
0
17
19
10
2
37
26
0
25
2
46
23
25
2
0
2
0
0
74
2
0
0
2
2
2
0
2
2
8
0
8
2
0
90
2
2
45
4
0
0
2
2
0
2
0
2
2
4
2
2
2
2
2
0
4
2
2
2
0
0
2
2
0
0
0
0
4
0
4
2
2
2
0
2
2
2
2
2
4
0
2
2
0
0
2
0
2
4
0
0
10
6
2
4
2
2
2
2
2
0
2
0
15
0
4
0
6
0
2
2
2
2
4
0
2
28
6
2
4
50
0
2
0
4
0
2
40
25
2
2
2
0
4
0
38
6
0
2
2
70
2
0
0
4
0
0
2
36
2
0
2
4
0
2
0
0
0
2
2
6
0
2
0
54
4
4
0
4
2
2
4
0
4
0
4
12
2
4
4
4
4
0
2
0
2
2
0
30
4
2
0
2
2
2
2
4
4
31
6
42
0
4
2
2
0
0
0
0
0
4
2
4
4
6
2
0
4
2
2
0
2
2
8
40
0
2
0
2
2
2
0
0
0
4
4
38
4
6
4
4
0
0
0
2
0
0
6
50
2
0
2
2
0
0
0
2
4
4
4
2
4
4
6
0
2
0
0
2
2
2
4
65
4
0
0
0
0
0
0
0
2
0
4
50
0
2
0
2
0
4
2
0
2
2
6
38
8
4
2
0
2
2
0
4
4
6
0
2
2
4
4
6
2
2
2
4
2
0
0
4
4
2
2
2
2
2
0
4
2
2
2
2
6
2
2
0
6
2
4
2
8
4
4
0
0
0
2
2
2
2
2
2
2
2
4
0
4
0
2
4
4
4
2
6
0
0
4
2
2
2
6
2
4
0
4
2
2
4
2
0
4
4
2
2
2
0
0
7
2
4
2
1
2
4
0
0
0
0
4
3
2
4
2
2
4
4
4
4
4
4
4
0
6
4
6
1
8
7
0
5
2
6
4
0
4
4
4
2
2
4
2
2
4
4
2
6
0
4
2
0
8
2
4
0
4
4
4
4
5
4
4
2
0
0
5
4
2
2
0
2
2
2
2
5
4
2
2
2
6
0
4
2
2
6
0
2
4
2
11
2
2
6
2
6
6
0
1
1
2
2
5
4
2
2
2
4
6
4
2
4
0
2
0
2
4
0
0
2
4
5
2
2
2
2
0
2
4
0
6
0
2
2
0
2
2
0
0
2
4
0
2
2
6
2
4
0
4
2
0
0
2
2
0
2
7
4
0
0
2
4
4
2
0
0
0
0
4
0
6
2
2
2
2
5
6
4
0
2
6
0
2
0
5
0
2
2
2
2
2
2
0
2
2
6
0
4
4
2
2
0
21
23
21
17
30
0
0
4
0
1
0
19
0
1
0
15
18
16
0
21
15
0
0
26
0
20
14
0
19
21
3
24
12
0
15
0
0
40
19
5
0
23
14
11
0
14
0
19
0
3
20
35
0
15
13
1
0
15
24
0
10
0
16
19
13
23
0
1
3
17
1
22
0
17
0
29
17
15
0
0
0
18
0
8
25
0
0
0
18
22
15
0
16
0
22
26
0
1
18
0
30
15
2
1
4
15
0
11
0
28
16
10
1
0
16
19
0
0
15
0
0
36
20
16
0
21
0
18
15
0
12
7
0
0
1
15
0
27
0
15
23
0
1
25
0
0
22
18
19
0
19
1
13
14
0
2
19
22
0
0
0
63
22
1
0
17
0
11
19
0
26
16
0
16
0
12
1
12
14
12
6
1
16
14
0
1
19
3
40
11
10
0
17
0
1
19
23
0
1
0
13
0
2
0
20
0
18
16
19
17
0
0
2
0
1
0
17
21
0
10
19
17
0
0
20
0
8
0
6
23
16
0
17
14
16
0
28
0
0
2
17
23
19
56
15
17
23
4
14
12
0
15
20
21
45
0
21
24
0
19
20
7
0
25
14
8
2
15
17
17
0
18
10
0
16
1
16
0
16
17
14
15
0
3
13
15
16
52
13
19
20
15
7
18
14
20
7
15
17
15
16
20
21
16
11
15
8
11
9
24
7
17
9
11
21
15
6
24
20
30
9
8
19
6
11
14
9
13
9
15
6
8
15
7
17
18
22
13
11
18
7
22
5
9
7
11
10
24
7
29
9
9
13
2
9
9
7
7
4
16
11
4
15
9
25
13
13
9
7
20
13
24
11
10
11
8
17
11
13
7
11
11
9
9
9
11
11
15
9
11
6
11
24
4
13
22
17
11
15
15
9
10
25
7
13
8
9
20
25
4
19
13
11
9
19
17
21
19
24
17
13
17
13
20
17
21
17
30
15
7
14
17
9
11
26
11
22
22
32
17
6
11
19
30
19
9
31
24
11
13
33
15
24
22
14
9
17
32
17
29
21
15
5
4
29
21
15
21
15
41
24
14
30
14
13
34
29
31
15
31
15
28
32
19
9
11
6
17
19
28
17
32
35
9
21
19
9
9
7
19
18
29
17
11
28
17
13
20
17
13
15
26
7
22
24
26
17
30
15
16
18
26
11
16
18
9
28
10
18
25
7
35
26
11
22
16
19
17
9
11
16
28
29
4
13
19
15
12
11
22
15
11
8
14
20
5
15
11
21
9
8
29
26
22
5
25
22
20
16
9
16
20
24
5
22
13
5
4
9
13
7
5
11
5
7
11
7
5
3
11
5
11
17
5
4
23
13
11
5
5
11
7
9
4
13
4
9
2
5
41
7
7
7
9
5
5
7
7
9
3
7
7
9
7
5
9
7
9
7
27
5
5
5
7
19
5
9
5
9
13
3
4
5
9
4
15
3
15
23
5
15
11
5
17
21
11
4
11
5
17
7
23
7
15
17
4
17
7
3
7
5
21
13
7
5
5
9
7
7
29
11
9
4
7
9
13
11
13
11
7
19
15
17
11
9
15
4
19
13
19
4
5
17
7
11
15
7
15
13
21
9
3
15
9
7
9
9
7
9
7
5
9
2
5
7
7
7
2
0
5
5
9
4
7
7
5
5
4
0
9
9
5
7
5
11
5
3
5
2
7
2
17
7
4
2
13
3
2
3
7
7
7
3
4
19
5
4
0
7
7
2
7
5
9
7
5
7
11
9
11
2
5
3
5
9
5
9
3
4
0
5
5
5
11
2
7
5
3
7
4
9
2
5
21
7
9
2
7
11
7
0
2
5
7
3
2
4
7
7
3
5
9
5
0
7
4
9
5
2
29
5
21
11
9
9
13
13
7
13
11
15
5
11
9
4
5
3
9
9
17
11
25
9
17
11
15
13
7
11
3
15
15
9
9
2
0
3
0
6
3
1
4
5
1
0
4
1
2
3
2
1
0
0
4
0
5
2
3
2
3
3
1
2
2
11
4
4
4
0
3
5
2
0
2
0
0
5
5
0
0
4
3
4
2
0
7
3
0
4
4
3
2
4
0
2
2
1
1
6
2
2
4
3
0
0
6
0
2
27
2
2
7
3
2
4
2
2
2
0
2
4
6
3
3
4
4
6
3
2
2
4
0
4
2
6
5
4
3
3
3
5
6
2
2
5
5
3
7
4
7
0
2
1
1
4
4
2
3
15
7
0
0
3
23
4
6
4
4
1
0
1
9
2
1
7
1
4
1
2
0
5
2
2
2
3
0
4
2
0
2
0
3
7
2
17
2
0
0
5
0
2
0
2
4
3
4
3
1
5
3
0
1
3
2
5
2
3
4
31
2
3
3
2
7
4
3
15
3
19
3
1
2
0
3
3
3
3
4
4
1
1
1
2
3
6
4
3
2
19
2
0
7
5
2
0
2
3
3
2
2
5
7
2
2
2
4
0
4
4
4
1
0
5
2
4
4
1
1
0
6
4
3
3
36
1
4
5
2
0
2
3
4
15
2
3
4
0
2
5
0
0
4
0
6
1
29
0
2
2
3
2
1
2
2
0
1
17
21
2
1
4
0
23
11
9
17
22
21
11
13
7
9
21
27
6
19
13
15
11
8
17
16
15
9
13
21
13
11
7
13
15
34
27
11
21
19
4
8
40
6
17
31
16
17
27
23
11
13
15
19
25
25
25
6
13
9
30
27
23
19
25
31
31
20
29
22
17
17
15
20
29
19
25
21
32
6
21
10
13
17
8
5
11
19
11
10
21
7
6
27
9
5
8
14
25
21
25
4
18
6
15
19
8
25
26
18
8
19
15
20
15
2
7
11
11
2
5
15
9
14
29
38
9
4
11
11
6
2
9
9
13
11
6
7
8
8
8
10
10
9
13
29
21
21
8
16
9
15
11
9
21
11
18
9
26
15
10
11
11
8
11
19
17
34
72
57
21
35
15
13
31
23
32
34
50
15
13
2
10
38
15
19
0
17
11
26
20
33
23
8
22
34
9
17
34
14
31
25
8
10
16
36
65
10
17
57
31
10
16
17
13
19
8
38
28
34
31
20
24
13
6
26
29
40
72
21
36
15
34
33
4
31
17
11
29
36
29
34
0
4
13
25
32
30
39
48
11
36
20
17
23
25
13
25
44
11
20
17
23
17
21
23
15
24
13
13
13
13
11
6
9
6
23
9
11
17
8
10
21
19
13
13
15
19
17
81
11
10
8
9
28
35
24
18
29
16
30
45
29
31
38
22
23
42
27
15
35
31
55
33
31
24
21
36
24
33
27
41
24
44
27
33
17
29
32
36
49
42
58
39
52
19
41
46
35
23
45
26
37
7
31
41
42
40
40
43
28
16
28
28
26
26
40
29
44
30
30
38
30
15
32
37
31
23
25
39
75
29
24
20
31
22
13
33
29
37
36
13
40
35
37
27
29
28
36
38
26
28
37
21
0
10
33
28
31
30
23
28
42
43
40
37
32
45
37
34
23
25
39
31
31
34
46
38
10
32
27
23
20
27
22
26
29
22
28
34
24
31
22
28
25
22
30
3
28
24
28
34
34
38
27
27
17
14
23
26
26
28
31
34
44
33
30
15
21
19
24
30
37
26
47
36
31
27
30
30
28
28
23
28
26
21
43
36
21
60
32
26
19
30
19
39
30
19
22
21
18
15
27
45
18
24
34
27
24
23
37
33
30
27
27
24
23
25
28
29
23
23
25
22
31
30
35
12
30
29
41
41
37
30
33
34
34
23
42
25
23
27
24
28
25
27
35
38
23
26
30
23
29
18
18
26
32
31
29
33
36
30
31
21
21
19
21
32
32
24
28
35
42
29
22
24
25
28
34
20
29
37
41
27
37
34
28
29
15
4
22
25
2
1
2
1
0
0
1
2
1
1
2
1
1
1
2
2
1
2
9
1
0
1
0
0
1
1
1
0
1
0
6
0
1
2
0
0
1
2
1
1
1
1
1
0
0
2
0
0
1
0
7
1
0
1
1
1
1
0
1
18
1
1
1
3
3
0
1
0
1
1
1
2
1
2
0
1
0
1
1
2
1
0
1
1
10
1
1
1
1
1
1
1
1
1
1
1
1
1
1
1
0
2
1
4
1
2
1
2
0
2
1
1
1
10
1
2
1
1
1
2
1
1
3
0
0
0
1
3
1
0
0
3
0
1
1
1
1
1
1
1
0
2
3
2
1
1
1
0
1
2
1
1
2
0
2
2
0
0
1
1
2
1
1
1
0
0
13
2
0
1
1
0
1
1
1
1
9
1
1
1
1
11
3
0
1
1
1
1
1
1
0
1
4
0
0
1
2
1
1
0
0
0
0
0
0
1
3
0
0
1
0
1
0
1
2
2
1
15
2
1
2
2
11
2
0
1
3
7
1
2
0
1
9
1
1
1
2
0
3
2
1
0
0
10
1
1
1
1
1
2
0
0
2
0
2
0
2
1
0
1
0
1
1
0
2
1
2
0
0
1
1
0
0
0
1
19
1
2
0
1
13
0
2
1
1
11
0
0
