15
12
14
14
10
8
14
18
10
16
17
16
8
14
10
6
6
10
18
4
20
14
14
10
18
14
12
8
2
4
14
10
10
6
8
4
14
9
15
6
21
6
12
12
4
4
8
12
16
4
12
4
10
12
10
10
8
14
20
8
20
21
8
8
8
10
18
4
10
17
6
19
14
6
14
8
12
16
18
8
12
19
16
18
18
10
6
4
6
15
8
16
31
10
8
19
4
13
22
10
12
8
8
12
4
8
25
12
17
12
14
6
18
10
16
12
6
6
8
21
6
21
22
6
12
18
8
14
12
2
19
10
27
18
6
12
6
19
10
17
10
12
12
18
21
14
14
19
12
14
8
13
22
8
4
16
6
20
18
16
11
6
19
6
18
6
6
20
8
16
6
14
24
27
14
16
20
8
21
10
13
10
22
20
6
21
16
16
18
8
19
8
12
10
16
2
18
15
10
4
14
15
4
18
8
10
14
10
6
25
16
8
13
10
17
16
10
20
10
18
18
10
18
12
12
16
10
14
16
12
10
8
16
10
4
12
19
16
22
19
8
16
14
10
10
10
8
15
12
8
8
10
12
18
2
4
6
4
16
15
8
4
6
11
6
16
16
6
13
12
12
2
8
12
7
10
2
16
6
18
8
8
11
10
6
12
8
10
2
4
2
0
0
0
2
0
4
2
2
2
0
2
0
2
2
4
2
0
4
0
2
2
6
0
6
2
4
2
2
0
0
2
0
0
2
2
2
0
2
0
2
0
0
2
0
2
2
0
2
0
6
4
8
0
2
0
0
6
0
0
0
0
2
0
0
0
0
0
0
0
0
4
2
2
4
0
0
0
2
0
0
0
2
2
2
2
0
4
0
4
2
0
0
4
2
0
0
2
2
2
2
2
2
2
2
2
2
0
0
0
0
2
2
0
2
0
0
0
2
0
2
0
0
2
0
0
0
0
0
0
0
0
0
2
0
4
4
2
0
2
0
6
2
0
2
0
0
0
0
0
2
2
6
0
0
0
2
0
0
0
2
0
0
0
6
2
0
4
6
4
0
2
0
2
0
2
6
0
2
2
0
0
0
0
2
2
0
6
0
2
2
0
0
0
0
0
2
0
0
2
0
2
0
0
2
2
0
2
2
0
0
0
2
6
2
2
2
0
0
4
0
0
2
0
0
0
0
4
4
2
6
13
0
27
26
27
24
29
33
27
4
4
4
0
2
4
6
6
8
2
4
6
6
2
0
8
6
0
8
4
8
4
0
0
4
0
0
4
0
0
4
2
0
4
0
2
2
6
6
6
6
6
8
4
0
0
35
36
27
14
22
50
27
41
28
27
43
61
39
25
45
38
31
28
20
69
48
24
35
64
22
13
27
32
32
29
31
47
8
65
32
24
20
66
9
16
8
20
33
48
33
31
29
22
12
22
38
16
12
33
47
20
13
22
20
14
10
17
12
11
19
31
13
17
72
35
64
19
15
18
7
17
25
24
19
26
20
33
30
28
27
23
15
43
22
19
25
19
29
58
21
33
24
25
44
27
22
45
37
20
56
33
29
37
63
41
26
27
29
29
35
35
23
8
35
34
56
29
17
19
27
36
27
37
48
43
20
43
79
49
57
12
21
35
57
7
55
34
17
51
22
63
56
50
41
32
25
43
34
38
23
29
36
31
53
79
37
24
42
48
46
17
26
41
36
34
29
22
43
52
24
26
20
37
47
44
31
40
39
27
39
30
48
21
44
34
19
35
39
29
36
35
27
42
49
22
42
19
31
35
36
15
23
25
24
16
23
30
34
24
35
34
23
26
60
21
25
22
7
15
27
27
33
15
25
27
15
26
30
20
23
18
19
22
19
27
20
26
31
13
24
22
23
24
13
40
9
22
19
10
10
35
15
14
5
5
5
17
2
8
3
5
9
10
10
5
5
5
12
0
5
45
3
5
5
7
10
9
9
2
2
8
7
7
4
2
2
0
4
2
0
2
0
0
2
0
2
0
4
4
0
8
2
0
6
0
0
2
2
2
2
2
0
2
0
0
0
0
2
2
0
2
2
0
2
2
2
2
4
4
0
2
0
2
4
0
2
0
4
0
2
4
2
2
0
2
0
2
0
0
2
2
0
0
0
2
4
2
35
2
0
0
0
0
2
0
0
6
2
2
0
2
4
2
2
2
0
4
0
0
0
2
2
0
0
0
0
2
0
2
2
0
8
0
2
0
0
2
2
0
4
2
0
0
2
2
0
2
2
0
0
2
76
0
2
6
0
2
0
2
2
0
0
0
2
2
0
2
2
0
2
0
0
2
0
2
0
2
4
4
4
0
2
0
0
2
2
6
0
10
0
4
2
2
2
2
2
2
2
2
2
0
0
2
0
0
2
0
0
0
0
2
4
2
0
0
2
2
2
2
0
2
2
0
0
2
0
2
2
0
6
4
0
0
0
2
2
37
2
8
0
0
2
2
4
2
0
0
0
0
4
4
2
4
4
0
2
0
4
0
4
0
2
0
4
2
2
2
0
0
0
2
0
0
2
2
0
0
2
4
4
0
0
4
2
4
0
0
2
2
6
4
0
0
2
2
0
2
2
2
4
2
0
0
2
0
4
0
4
2
0
2
0
0
4
2
4
2
2
0
2
0
0
0
0
2
2
2
0
2
2
2
0
0
2
2
2
4
0
6
0
4
0
4
2
0
0
0
0
0
2
0
2
2
2
2
8
2
4
0
0
6
2
0
0
2
2
4
6
0
0
4
0
2
4
0
2
4
2
2
2
2
2
2
2
2
0
0
2
0
2
4
2
2
0
2
12
2
2
2
0
4
4
2
0
2
4
2
2
0
0
8
2
2
4
0
0
2
2
4
2
2
21
0
6
2
0
0
6
2
4
6
2
4
4
2
2
0
2
2
0
2
0
2
4
2
2
0
2
2
0
4
0
0
2
2
2
0
23
4
0
8
6
4
4
0
0
0
2
0
0
0
2
2
2
2
14
2
4
2
4
4
0
4
2
26
2
0
4
2
4
2
4
6
0
2
2
0
2
0
14
0
2
4
0
0
0
2
2
4
2
0
0
2
2
0
2
4
0
6
4
2
2
2
0
10
4
2
4
0
2
4
2
2
2
2
4
0
2
0
2
2
2
2
0
0
4
0
4
2
0
6
2
0
0
0
0
2
4
0
0
2
2
4
4
4
0
0
2
2
0
6
4
0
2
4
4
0
6
0
8
0
2
0
0
2
0
2
4
2
0
2
4
2
2
6
0
2
0
0
37
22
24
37
18
35
34
25
23
50
18
31
34
36
16
17
24
41
31
31
41
50
44
22
30
45
31
31
44
59
13
27
26
9
40
35
45
0
32
52
39
26
50
30
13
44
36
29
33
34
35
46
45
22
22
23
45
41
43
43
20
55
48
33
19
30
39
12
17
26
34
33
49
5
34
27
36
46
39
19
32
17
56
46
29
47
25
33
45
45
32
47
53
19
42
26
40
10
39
44
44
22
29
48
43
39
45
53
24
45
33
24
46
36
45
36
41
49
41
38
53
24
29
42
30
40
44
38
49
38
57
31
24
43
52
36
44
52
31
57
26
45
41
47
24
48
56
54
31
42
32
0
48
51
25
52
22
45
52
30
48
42
26
42
45
53
37
40
35
52
62
38
38
50
32
45
32
48
61
28
53
54
56
36
52
52
11
39
27
46
33
56
10
42
22
30
58
41
29
31
18
42
66
32
42
38
59
53
49
51
25
18
14
49
48
27
31
44
43
43
27
26
46
12
5
35
28
20
15
30
50
34
56
45
42
25
58
41
35
32
4
39
50
38
15
52
37
36
39
13
41
32
34
45
36
30
35
58
27
52
27
29
35
51
37
35
46
34
26
47
39
40
19
38
45
35
43
51
27
28
51
5
32
44
14
33
17
20
30
24
49
28
32
28
45
43
7
15
24
26
21
7
19
23
15
38
17
17
32
13
26
28
28
15
17
43
26
15
26
13
17
30
62
11
23
17
19
30
23
17
47
21
47
34
15
45
19
40
21
43
19
9
23
30
25
49
8
28
39
32
19
28
32
30
28
45
36
13
9
43
34
11
15
21
23
47
19
28
23
24
38
28
39
21
25
11
19
32
23
43
19
11
47
30
21
41
45
15
39
28
21
41
34
28
13
23
13
43
30
19
26
19
41
47
19
13
15
36
41
8
56
30
13
32
45
19
19
60
24
30
15
15
39
68
26
15
60
11
17
13
23
11
38
30
13
19
23
45
34
13
39
13
9
17
43
53
24
24
30
45
36
39
43
13
9
45
55
55
23
21
15
53
49
15
17
47
19
24
57
17
28
21
49
19
38
49
25
54
49
26
15
19
36
37
23
41
28
38
26
21
30
19
39
17
24
40
26
17
49
41
26
32
21
30
38
38
17
19
30
13
9
24
32
32
43
30
15
13
17
41
13
38
28
26
30
36
28
17
45
11
11
38
17
9
26
15
13
39
25
17
25
11
21
13
23
32
32
30
23
15
15
37
19
36
32
17
19
32
40
13
42
30
11
17
23
8
34
17
49
9
17
13
24
13
21
9
2
5
6
7
4
6
4
6
6
10
4
6
4
5
2
9
8
4
2
5
4
8
4
9
6
2
11
4
10
4
9
7
6
5
2
12
4
4
6
8
8
13
7
7
6
4
8
4
6
0
4
15
8
8
4
6
9
11
13
7
6
7
9
4
28
6
6
4
6
4
11
4
4
5
2
7
11
4
8
9
7
0
4
8
4
4
4
6
4
5
6
7
15
11
9
8
7
6
2
8
4
6
6
6
4
9
6
4
6
8
11
8
7
10
9
5
4
6
6
6
6
4
13
9
7
4
5
6
9
6
8
6
7
7
10
7
4
0
4
8
6
9
4
6
9
13
6
4
7
4
11
47
8
9
13
5
5
7
9
8
4
9
9
9
4
10
8
6
10
6
8
4
9
9
4
4
9
4
6
0
9
5
9
8
4
8
6
9
6
9
7
0
7
9
12
9
11
11
9
4
5
6
2
5
2
10
11
11
0
6
10
8
8
6
2
8
7
6
30
7
9
5
6
15
9
7
35
6
12
13
7
6
11
2
9
11
9
6
8
8
2
51
4
8
13
6
4
6
6
6
4
4
7
6
5
5
0
2
8
6
6
6
6
7
6
7
12
4
4
6
5
2
4
13
9
6
8
10
4
4
4
4
8
4
7
13
11
6
0
2
0
4
0
0
0
2
2
0
0
0
2
2
2
4
4
4
2
4
4
2
2
0
2
0
0
2
0
4
4
2
2
2
2
0
2
2
0
0
0
2
2
0
2
2
2
0
2
2
2
0
4
2
2
4
0
2
2
2
4
2
0
0
0
2
2
2
2
2
2
2
2
2
2
2
2
4
4
4
2
0
2
2
2
4
4
2
0
0
2
6
2
0
0
6
0
0
0
0
2
0
4
0
0
0
4
2
4
2
2
4
2
4
0
2
0
0
0
2
0
0
2
2
2
2
2
2
4
2
0
4
2
2
0
2
2
2
0
2
2
2
4
0
2
2
2
4
2
2
2
4
0
0
0
2
2
2
0
2
4
4
4
0
2
4
2
4
4
0
2
2
2
2
4
2
2
0
2
2
2
2
0
2
0
4
2
2
2
2
0
0
0
2
2
2
2
4
2
2
2
2
0
2
2
4
0
0
2
2
4
2
0
0
2
2
0
2
0
2
6
2
2
0
0
0
4
0
2
2
0
2
2
0
0
0
0
0
0
4
6
0
0
0
0
2
2
0
0
2
0
4
2
2
0
2
0
0
2
2
0
2
2
2
2
2
2
2
4
0
2
4
0
0
4
2
0
4
2
4
0
0
2
2
2
2
2
2
9
3
25
8
21
55
5
19
11
31
57
43
26
2
6
9
10
7
45
6
29
50
12
34
39
29
33
16
32
49
50
4
15
15
7
34
26
20
20
27
10
46
43
32
17
9
0
25
41
0
30
7
15
31
48
6
9
15
17
29
26
42
15
34
12
34
11
73
13
41
22
7
11
41
29
9
28
49
34
41
10
39
36
10
27
35
34
33
24
8
43
81
4
17
26
15
33
5
16
11
25
9
9
64
11
6
8
14
9
23
27
45
26
9
16
11
8
58
34
36
46
19
14
35
23
10
48
15
15
8
11
17
5
21
23
14
31
13
14
11
8
13
45
47
8
13
28
4
27
5
26
6
2
15
7
3
25
24
18
26
18
13
24
10
10
6
46
13
32
20
24
9
35
36
40
8
11
14
7
33
19
26
33
34
13
9
15
13
42
6
44
38
51
14
27
23
42
4
39
4
10
22
4
14
50
9
32
34
29
21
10
43
12
28
11
14
35
7
34
32
25
25
24
14
6
11
11
30
21
34
27
25
24
23
9
18
15
42
24
18
9
4
20
7
21
22
25
13
15
15
17
45
14
12
10
15
23
27
15
19
2
22
18
31
7
23
47
36
51
12
13
25
13
11
15
25
16
35
23
31
23
12
13
28
9
42
38
32
