69
81
91
81
81
71
69
83
89
69
80
69
71
67
69
61
65
90
87
69
68
73
77
79
79
80
79
81
71
69
79
79
79
89
81
75
77
69
71
69
81
79
67
59
61
81
83
83
71
86
81
71
65
79
81
61
75
69
79
69
67
90
67
69
75
65
82
73
73
81
73
74
76
71
61
71
71
67
63
87
81
71
69
69
90
63
75
80
79
71
79
81
69
75
79
71
80
65
81
61
81
73
79
79
79
71
65
79
81
77
69
59
65
59
81
78
69
69
69
69
59
79
79
75
65
81
85
81
73
79
79
69
73
77
81
91
69
80
81
80
71
71
69
79
89
65
79
87
90
79
79
81
77
79
73
85
69
71
81
71
75
71
81
71
88
69
69
69
81
79
79
79
85
79
79
71
71
69
79
79
78
90
79
69
69
75
91
85
77
57
81
80
81
79
75
77
77
55
67
79
69
89
80
94
73
69
71
75
90
69
69
88
65
63
65
67
49
63
69
69
81
71
73
75
71
71
79
81
79
78
69
81
69
81
79
78
81
79
79
71
79
81
81
85
67
77
69
80
81
69
81
89
69
84
80
91
71
91
81
71
77
79
79
69
86
79
79
71
69
89
85
87
78
89
81
79
89
82
90
90
81
91
81
90
75
78
81
81
4
14
6
10
62
8
6
4
10
2
2
16
4
4
4
2
10
10
0
4
4
2
0
8
4
4
6
4
14
2
17
8
0
8
17
8
6
2
8
8
2
2
8
10
14
4
2
4
8
10
4
10
12
12
8
6
8
8
12
8
10
8
6
0
4
4
6
8
10
8
8
4
8
10
10
4
14
12
10
23
10
12
4
8
21
6
12
14
14
6
10
15
10
17
12
16
21
8
12
16
19
4
10
8
6
6
6
6
14
12
6
6
8
8
8
4
6
10
2
10
8
4
6
2
6
6
10
6
2
10
10
4
10
6
10
4
8
6
8
17
10
8
4
12
8
10
8
10
51
4
16
25
12
16
16
8
14
8
8
2
12
4
8
2
14
10
41
17
14
17
14
14
10
12
12
10
12
6
37
16
33
35
12
6
4
4
8
10
8
8
21
8
16
14
12
16
25
6
12
10
8
19
31
17
25
31
25
12
10
14
14
6
14
16
10
21
8
6
17
14
12
6
16
8
10
17
27
12
12
14
12
16
12
8
6
6
8
10
12
19
21
6
6
2
27
10
15
10
8
6
12
8
17
6
10
10
6
4
4
10
12
6
6
8
8
14
4
4
10
2
6
8
4
6
4
4
6
6
8
2
8
4
4
25
23
10
23
35
4
4
8
5
14
6
4
10
6
4
12
6
2
0
44
6
0
84
6
10
6
2
0
2
4
4
2
4
6
0
2
14
4
6
4
0
2
10
6
2
6
4
17
10
7
6
6
8
8
9
4
0
0
8
8
4
2
4
6
6
3
8
2
8
8
2
4
79
6
10
4
0
6
2
6
2
8
6
4
5
4
10
2
14
2
4
6
7
2
6
4
15
6
4
4
8
6
4
2
4
4
6
6
4
12
12
8
10
6
4
6
7
5
4
4
2
8
4
13
10
10
6
8
8
4
2
2
2
7
5
4
6
2
6
8
8
8
14
2
10
10
6
2
4
4
10
10
6
8
8
4
6
4
2
5
4
22
8
6
2
6
4
0
6
4
23
6
7
6
10
4
5
13
8
8
2
2
2
10
8
84
4
4
4
4
8
6
2
2
5
4
6
36
4
10
6
4
4
10
6
6
10
4
6
2
4
8
4
2
4
4
8
6
2
6
2
4
2
2
2
13
6
6
6
10
6
4
2
49
2
6
2
6
7
4
8
4
4
8
8
4
2
11
12
48
6
0
5
6
5
15
5
5
10
4
2
19
26
0
8
1
0
6
4
2
4
6
41
2
0
0
8
9
2
4
8
4
23
4
4
17
4
2
14
2
4
4
0
6
2
8
0
6
12
0
0
2
4
0
0
4
4
0
4
8
6
6
0
8
2
4
0
4
2
2
0
4
6
10
0
6
0
4
0
6
0
6
0
4
2
6
0
2
2
4
4
4
2
6
0
6
0
10
0
0
6
4
0
0
4
6
0
0
8
4
0
0
6
4
0
0
4
8
4
0
6
6
4
0
0
0
4
0
6
0
8
0
4
0
6
0
4
6
6
0
2
2
6
0
12
4
6
0
2
2
4
0
2
0
2
0
6
0
6
0
4
0
2
0
0
0
0
0
6
0
0
4
0
4
0
0
0
0
0
2
0
4
0
0
0
0
0
0
0
0
0
0
0
0
4
0
0
6
0
0
0
10
4
4
2
4
0
0
6
4
4
4
0
6
0
0
4
0
10
6
0
0
0
0
0
2
0
0
0
0
0
0
0
0
6
0
4
0
4
0
2
2
8
0
0
0
6
0
0
2
0
0
2
4
4
0
4
2
2
0
2
6
2
0
0
4
2
0
0
4
4
0
0
4
8
0
0
2
12
0
0
20
2
0
0
6
2
0
0
6
2
0
0
8
2
0
0
8
10
0
0
2
2
0
0
6
2
0
0
6
4
0
0
4
4
0
0
4
0
0
0
4
2
0
2
4
16
0
0
16
4
45
63
37
45
65
21
45
78
35
15
19
70
25
23
34
21
20
26
19
34
25
52
11
30
18
26
21
24
19
28
22
45
19
44
38
30
0
11
20
28
33
65
28
38
21
39
24
55
41
54
47
46
13
28
32
27
26
28
24
62
43
37
17
76
80
51
30
58
24
34
68
61
27
28
75
79
71
26
81
38
23
37
19
39
41
33
30
39
19
31
30
21
30
28
45
42
50
13
19
98
99
39
65
99
47
13
82
38
30
51
51
41
39
38
41
72
57
19
24
49
36
61
33
98
67
36
52
39
19
30
29
44
33
48
40
54
30
29
26
58
15
32
15
32
52
65
57
54
26
23
60
72
41
27
58
70
55
68
51
20
57
96
68
72
49
47
79
24
39
41
41
17
20
84
35
47
26
35
44
30
53
48
37
43
39
67
56
51
48
40
52
26
68
55
19
20
65
51
65
60
39
33
52
72
28
34
45
44
34
45
70
69
64
28
28
19
27
38
37
17
54
62
49
45
40
25
40
50
21
83
15
18
47
37
25
50
48
37
23
78
37
31
52
20
58
28
32
42
56
55
32
24
38
45
18
40
35
50
32
19
17
57
25
36
7
11
32
32
90
77
43
67
35
20
28
48
17
60
33
65
60
73
77
26
13
36
36
22
1
1
3
1
1
0
3
43
0
3
1
4
4
3
0
5
1
8
0
3
34
5
0
3
1
3
1
5
0
1
1
10
1
0
3
3
3
12
1
0
3
0
1
5
3
1
1
5
5
0
5
3
1
1
11
1
1
3
10
5
1
3
5
1
5
1
3
3
3
1
3
1
1
1
3
1
5
5
1
3
1
7
5
3
1
0
3
3
1
5
3
0
1
1
0
1
1
1
3
17
0
3
35
0
28
0
0
0
4
3
3
1
3
0
1
1
1
35
3
1
0
3
24
1
1
6
3
1
34
1
1
3
1
1
1
1
1
3
0
3
5
1
1
1
3
1
3
3
0
5
5
3
9
3
6
3
1
35
5
6
34
1
5
3
3
3
5
1
3
3
1
0
3
5
3
3
5
1
3
1
5
10
3
3
3
5
3
3
3
1
24
3
1
1
7
3
3
3
1
25
0
0
1
5
5
1
9
1
3
1
0
7
1
0
1
0
1
1
4
3
3
37
1
3
3
0
0
0
5
5
1
3
36
1
1
0
5
0
1
5
1
1
3
1
1
3
0
5
3
38
1
3
5
0
5
0
1
10
3
0
1
3
41
0
1
4
1
1
1
0
1
1
0
6
0
1
0
3
3
0
0
1
1
3
43
37
1
7
76
85
87
78
45
46
87
80
82
83
42
90
87
91
84
86
62
90
77
78
88
72
93
85
84
76
87
88
93
78
86
87
86
78
88
85
77
82
90
86
84
87
83
68
91
85
82
74
87
88
90
92
83
83
89
94
88
90
87
82
78
59
40
89
90
53
89
50
49
49
47
79
94
77
91
93
83
80
86
83
89
88
90
80
46
47
49
88
89
82
90
90
91
83
90
77
70
88
84
86
47
79
90
87
90
82
42
80
91
86
70
80
69
77
83
47
72
92
64
83
87
86
76
80
74
80
83
78
71
83
69
70
45
43
37
42
44
47
47
37
42
48
47
43
47
43
41
43
45
32
50
43
81
70
62
74
32
43
79
64
66
66
88
78
76
87
80
78
82
78
89
76
77
81
76
78
87
86
90
68
89
92
77
92
78
78
84
87
86
73
74
82
91
90
92
80
76
49
86
82
91
91
86
69
88
49
76
84
68
66
80
78
42
79
74
46
47
70
81
92
72
84
84
88
79
83
78
85
47
76
86
63
54
85
34
65
78
78
47
90
61
80
86
82
88
71
80
88
71
85
72
92
94
91
92
86
80
84
86
82
92
84
79
90
94
94
47
85
86
82
76
84
88
80
92
90
90
78
66
79
65
63
70
84
74
83
83
47
6
4
5
4
0
2
31
4
2
0
4
6
85
4
4
0
0
6
6
4
4
0
0
6
0
6
8
4
2
4
4
4
4
4
4
0
6
2
2
4
4
2
10
0
2
6
0
2
0
4
6
4
2
2
5
0
4
4
2
0
4
0
6
6
0
4
4
2
4
4
4
0
0
0
0
0
2
4
0
0
4
2
2
6
2
8
7
2
2
10
6
0
2
6
2
95
2
2
6
0
6
3
4
4
2
0
0
6
6
0
2
0
0
0
6
2
4
4
33
4
0
6
2
6
4
4
3
8
2
4
6
4
0
4
4
2
6
4
2
4
8
8
6
8
6
4
2
5
2
0
2
2
2
6
0
4
0
3
4
0
0
2
57
6
0
4
2
2
0
3
0
4
2
12
4
5
0
2
0
6
4
0
0
3
8
6
8
4
2
8
4
4
4
6
0
0
4
4
4
4
4
0
6
2
4
0
0
0
4
6
2
2
0
4
2
0
6
2
2
2
2
3
8
8
4
2
2
6
9
2
0
2
6
8
86
4
4
6
0
5
4
4
0
8
2
0
4
5
0
0
5
2
4
4
2
4
10
0
0
4
6
2
4
2
6
2
8
71
6
4
4
2
10
4
6
6
6
4
4
7
2
8
4
0
4
0
6
5
0
2
2
0
2
2
2
2
2
0
2
0
2
2
2
0
4
2
0
0
0
2
0
2
0
2
4
2
4
0
0
0
0
2
0
0
0
2
2
0
0
4
0
3
2
2
0
3
0
0
0
5
2
0
2
2
0
2
2
0
0
8
2
2
0
2
2
2
0
0
0
0
5
4
2
0
2
2
2
0
2
2
6
0
5
0
4
2
3
2
2
0
0
2
2
4
4
2
2
2
2
2
2
4
0
3
0
4
0
2
7
2
0
0
0
0
5
0
2
0
0
2
0
0
0
0
3
0
2
4
2
4
2
3
2
0
0
2
4
0
1
0
2
2
2
5
3
2
0
5
5
2
0
2
2
2
0
2
3
0
4
2
2
0
0
3
0
2
2
2
0
2
2
0
0
2
0
3
2
0
2
1
0
2
0
0
3
2
1
2
2
0
0
3
0
0
2
3
2
4
4
2
2
0
0
2
0
2
0
0
3
2
0
2
0
0
0
0
2
0
2
2
2
0
0
2
0
0
2
0
0
4
2
2
0
0
0
1
0
2
1
1
0
2
0
4
0
0
2
0
4
5
0
2
4
2
0
0
2
3
1
0
2
2
0
2
2
0
0
2
0
0
0
4
2
0
0
0
3
1
0
0
0
0
0
0
0
3
2
4
2
0
0
92
2
0
4
0
0
8
2
0
4
0
2
2
4
4
2
8
0
0
6
2
0
4
2
2
4
2
4
0
0
2
2
0
0
2
2
2
2
0
0
0
6
2
6
0
2
4
2
0
4
2
4
0
6
2
2
0
0
4
4
0
4
0
0
0
8
2
6
0
0
6
2
0
0
2
0
0
2
0
6
4
2
0
0
2
2
8
4
4
0
6
4
0
0
2
2
0
0
2
0
2
0
2
2
2
4
0
2
2
0
0
2
2
2
2
0
0
2
2
4
0
0
0
2
0
0
0
2
2
0
2
2
6
2
0
0
2
0
2
8
2
4
4
2
6
4
2
2
2
0
4
6
0
0
2
0
6
0
4
0
2
2
8
0
4
0
2
0
2
2
0
0
4
0
2
0
0
2
0
0
2
4
0
0
0
6
6
2
4
0
0
2
6
0
2
2
0
2
2
4
0
4
0
2
2
0
2
2
6
4
2
2
6
0
4
4
0
4
0
0
0
0
0
2
0
2
0
2
0
6
0
4
0
4
6
0
2
4
2
4
0
0
2
2
4
4
4
2
0
2
2
2
2
2
2
6
4
4
0
0
0
6
2
8
0
0
0
4
2
2
2
2
4
4
2
4
2
0
2
2
2
4
4
