9
13
15
11
17
18
13
5
19
7
11
13
9
6
44
11
9
22
26
19
16
7
6
11
13
11
16
13
17
11
2
31
5
11
11
9
4
9
7
14
13
13
9
11
17
9
17
9
26
25
13
19
16
17
19
18
11
21
24
17
19
22
11
15
13
19
7
18
15
20
11
22
13
13
7
20
22
17
11
9
14
20
12
18
11
6
17
22
27
22
16
9
8
22
27
13
14
11
11
29
30
9
18
21
16
16
5
9
9
18
18
11
24
26
21
4
14
22
15
19
19
25
13
9
13
17
4
10
17
9
12
15
15
18
24
10
22
9
7
23
28
7
6
19
26
7
9
11
32
7
13
9
22
18
6
17
15
24
30
15
15
7
16
15
17
8
5
6
5
4
16
6
7
6
5
4
7
17
5
4
4
4
25
6
25
7
13
0
6
7
8
5
2
8
3
6
18
12
5
13
8
26
7
4
4
5
15
18
6
10
7
9
4
4
13
3
5
4
6
4
4
6
6
6
6
22
2
18
20
2
4
28
11
4
7
8
2
7
2
28
11
11
4
4
6
11
2
2
7
6
7
19
4
6
26
2
2
4
7
4
5
7
4
5
6
13
9
7
11
4
13
9
2
7
6
11
11
18
5
7
0
9
5
0
13
9
7
11
0
8
2
4
0
2
6
4
10
0
2
4
4
6
2
4
0
10
0
4
2
8
4
8
0
8
2
8
6
6
2
0
2
8
8
2
2
0
6
6
6
2
4
8
0
6
4
6
4
0
2
8
8
6
0
2
4
6
6
2
4
4
0
2
6
6
8
7
6
0
4
2
8
8
6
2
2
0
6
4
2
0
2
8
4
6
4
0
57
4
0
0
10
0
4
2
6
4
0
4
0
0
0
6
0
2
4
6
0
6
86
0
4
4
0
2
6
2
4
0
2
0
2
4
0
0
0
2
6
8
0
6
2
0
0
4
0
2
0
6
4
6
0
0
0
4
2
4
4
0
0
8
2
6
2
2
4
8
0
0
0
6
8
0
2
7
0
4
2
4
4
6
6
4
4
2
0
0
4
2
0
8
7
2
0
6
2
2
6
0
0
0
7
6
7
8
5
6
6
2
4
6
0
2
6
0
4
6
0
6
0
2
6
6
0
0
4
0
8
4
0
0
4
0
4
7
0
6
6
0
2
4
0
5
4
0
0
6
6
0
4
2
0
8
6
0
2
6
4
0
4
0
4
0
6
0
5
0
0
2
2
4
4
4
0
0
10
0
4
0
4
4
2
5
6
8
4
0
0
5
4
14
11
4
0
6
0
5
13
13
15
9
33
15
9
19
9
15
13
9
9
7
17
19
11
9
9
7
13
29
5
5
25
15
13
11
11
7
7
5
11
5
5
7
21
11
9
9
13
15
11
9
17
15
9
5
11
3
7
5
19
13
17
9
3
7
0
3
11
9
2
9
13
7
15
7
11
9
5
9
17
9
5
7
5
17
21
9
5
15
19
27
5
11
7
19
11
9
7
5
13
5
7
7
35
11
5
7
7
7
7
7
15
23
9
7
11
3
5
9
5
7
17
7
21
13
15
9
11
11
15
15
21
25
23
11
17
7
11
5
17
3
19
9
23
9
11
63
11
11
9
17
17
5
23
7
11
39
7
13
13
7
15
5
9
33
7
7
21
29
37
13
15
13
15
27
11
23
5
17
11
5
5
9
5
21
5
27
5
37
21
15
27
15
15
15
11
5
35
19
17
7
9
11
19
5
13
29
5
15
17
9
9
31
11
33
11
11
13
11
21
13
11
13
9
11
3
9
5
9
5
13
13
84
3
5
17
13
3
13
13
11
7
17
11
5
11
3
9
15
11
9
7
7
7
11
5
13
13
13
15
3
3
13
9
13
3
0
5
5
3
2
3
7
3
5
3
3
2
3
3
7
2
7
3
2
5
3
0
3
7
0
3
0
3
4
19
19
19
19
19
19
19
19
19
18
19
19
19
19
19
19
19
19
19
19
19
18
19
19
19
19
19
19
19
19
19
19
19
19
19
19
19
19
18
16
19
18
19
19
19
19
18
19
19
19
19
19
19
19
18
19
19
19
19
19
19
19
19
19
19
19
20
20
19
19
19
20
19
19
19
19
19
20
19
19
19
19
20
18
19
19
19
19
19
19
19
19
20
19
19
19
19
19
19
19
19
19
19
19
20
19
19
19
19
19
19
19
19
19
18
19
19
19
18
19
19
19
19
19
18
19
19
19
19
19
19
19
19
19
18
19
19
19
19
19
19
19
20
20
19
19
19
19
19
19
19
19
19
19
20
19
19
19
19
20
19
18
19
19
19
18
19
18
19
18
18
19
19
20
19
19
17
19
19
19
19
19
19
19
19
19
17
19
19
18
19
18
19
19
19
18
19
19
19
19
19
19
19
19
19
19
19
19
19
19
19
19
19
19
19
19
19
18
19
19
19
19
16
17
19
19
19
19
18
19
19
19
19
19
19
19
19
19
19
18
20
19
19
18
19
19
19
19
19
18
19
19
19
19
19
19
19
19
19
19
19
19
13
19
19
19
19
19
18
19
19
18
16
19
18
19
18
19
19
18
19
18
18
19
20
19
19
19
13
17
33
13
5
11
30
13
15
38
15
21
9
23
5
31
9
33
35
19
17
29
36
21
31
11
15
11
21
11
25
29
23
23
15
19
9
15
30
15
15
42
13
27
23
59
13
27
5
31
17
29
11
11
27
21
17
25
13
33
30
23
38
34
11
19
21
15
9
21
13
30
11
17
31
7
15
15
7
17
25
11
15
11
11
23
17
9
15
13
17
17
25
7
23
48
11
44
38
21
55
40
23
30
33
21
25
17
22
26
13
13
73
40
11
13
32
36
26
13
9
17
70
33
13
40
19
31
42
32
36
17
9
15
13
15
13
48
15
19
11
63
32
85
29
23
17
35
9
29
27
13
54
19
25
40
41
26
15
63
14
38
19
62
15
61
28
27
17
36
44
40
36
29
48
9
66
57
15
40
36
25
13
15
38
15
32
21
56
48
62
25
63
29
91
32
31
56
23
67
13
42
17
42
25
34
59
50
36
60
46
44
21
15
19
17
38
92
21
40
27
59
23
15
38
27
73
17
46
27
17
17
23
69
7
9
11
54
23
77
69
9
15
44
17
34
45
25
52
29
13
15
29
0
15
0
0
0
0
0
7
1
0
0
1
11
34
15
50
17
17
19
11
17
51
21
25
17
31
19
29
15
13
9
78
21
52
15
8
4
12
11
6
15
15
9
9
9
6
7
35
56
6
19
9
17
13
16
24
9
9
21
27
9
20
18
6
21
23
16
6
38
4
15
20
6
44
24
29
19
35
25
16
19
13
22
11
13
21
30
25
15
11
23
14
7
9
23
9
13
38
31
32
13
22
27
60
24
13
13
21
11
14
26
22
22
18
20
26
37
44
13
18
28
16
25
27
28
27
30
25
35
42
39
19
33
25
10
4
7
6
13
15
9
9
9
2
9
18
4
7
11
6
6
4
7
7
2
6
8
5
6
9
6
7
6
2
8
9
4
4
6
7
2
6
6
0
6
6
4
2
6
2
7
2
4
8
7
7
6
7
6
2
2
6
6
6
4
4
4
9
4
7
6
7
2
6
4
4
6
4
2
2
6
8
2
2
4
2
9
8
2
2
4
19
7
7
5
2
11
4
11
4
7
32
4
2
6
6
6
2
4
4
2
9
18
11
9
13
48
12
17
7
15
13
5
9
9
19
9
12
9
5
12
7
4
11
4
15
59
6
9
15
28
7
4
6
8
11
6
9
9
11
9
8
11
9
11
11
16
9
13
5
13
9
15
9
5
9
15
11
19
19
13
9
4
10
13
5
13
7
11
15
17
11
4
2
0
15
8
11
16
15
20
15
32
1
0
1
1
0
0
0
0
3
0
3
0
0
1
0
0
0
0
0
0
0
1
0
0
0
0
0
1
0
1
0
0
0
0
0
0
0
0
0
0
0
0
1
1
0
3
3
0
1
0
0
0
0
1
0
1
0
0
1
0
0
1
0
0
0
0
0
0
0
0
1
0
0
1
1
1
1
0
0
3
0
0
0
0
1
0
0
0
0
3
0
0
0
0
3
0
0
3
1
1
3
0
0
0
1
5
1
5
6
5
10
1
3
5
10
4
1
2
0
2
1
1
3
3
1
3
1
2
4
1
3
1
1
1
3
6
4
4
3
1
3
1
5
6
5
1
1
3
1
3
6
5
10
1
3
6
1
1
3
3
1
0
4
1
3
6
3
6
1
1
7
1
0
2
5
5
5
6
3
3
3
4
0
1
3
3
1
3
3
0
3
3
5
1
4
1
3
3
3
1
5
6
4
6
4
5
4
8
1
1
3
6
4
5
1
3
4
1
1
1
5
4
0
3
3
1
5
3
3
1
2
7
4
5
1
4
1
3
3
3
1
1
3
0
1
1
1
3
1
3
3
3
1
4
3
1
1
0
6
0
3
3
0
4
2
1
3
3
1
3
1
3
3
1
3
3
1
1
5
4
2
3
3
3
3
1
3
1
4
2
8
13
6
0
0
7
8
4
0
0
8
2
4
4
6
0
0
0
0
0
0
6
2
2
4
0
2
2
0
0
6
6
0
2
2
0
0
2
0
0
0
6
0
0
0
4
0
2
6
4
8
0
0
0
0
0
2
0
2
4
2
0
0
2
0
2
2
0
4
0
0
0
6
54
2
8
0
9
4
4
8
6
0
0
0
0
0
6
0
0
0
0
0
0
4
2
0
6
4
0
6
0
4
12
7
32
2
2
6
4
2
0
4
0
6
6
0
2
0
37
2
4
0
0
8
0
0
4
0
65
0
0
0
0
0
4
2
10
4
0
0
0
4
2
4
0
4
54
6
2
6
0
8
4
2
4
4
2
0
6
2
4
4
2
2
6
0
6
6
4
2
2
0
0
2
0
8
4
6
6
8
2
2
0
0
4
4
4
4
0
4
0
0
0
4
0
2
6
6
0
0
0
0
4
0
0
4
0
2
0
2
8
2
2
2
6
6
0
2
2
6
2
0
4
78
2
2
4
0
0
4
0
6
0
6
0
0
4
2
2
0
0
6
6
0
6
0
0
0
0
0
2
0
4
0
0
2
0
6
0
0
0
0
2
6
6
0
8
0
4
4
0
6
2
2
0
0
39
0
4
0
2
2
0
0
8
2
4
2
2
0
0
2
0
0
4
0
0
2
0
2
2
0
2
2
0
0
0
2
2
0
2
0
2
2
0
2
0
2
0
0
0
2
4
0
2
0
2
0
2
0
0
2
98
0
0
2
2
0
0
0
2
0
2
2
0
2
2
0
0
4
0
0
2
0
0
0
0
2
0
2
2
0
0
2
0
0
2
2
2
2
2
0
0
0
2
2
2
0
2
2
2
2
0
2
2
0
0
2
2
0
2
2
0
0
2
0
2
0
2
2
2
0
2
4
2
2
2
2
2
2
0
0
0
0
0
2
2
4
0
0
4
0
0
4
2
2
2
0
0
0
0
0
0
2
2
2
0
0
2
0
2
0
0
0
0
2
0
0
2
0
0
0
4
4
0
0
0
0
0
2
0
2
0
4
2
4
0
2
2
2
2
0
0
0
0
2
0
2
2
2
2
2
0
2
0
2
2
0
0
2
0
0
4
2
2
0
2
4
2
0
2
2
2
0
0
0
2
2
2
0
0
0
2
0
0
2
2
2
0
0
2
2
2
0
0
0
0
2
2
2
0
2
4
0
2
0
0
0
2
0
0
0
0
2
2
2
0
2
2
0
0
0
2
2
2
2
2
2
2
0
2
0
2
0
2
2
2
4
2
0
0
2
0
0
5
3
3
4
2
3
5
5
3
5
5
1
6
5
3
4
3
4
5
1
3
4
1
3
3
5
3
5
2
6
0
5
5
3
3
5
3
17
1
1
4
4
3
3
3
3
34
34
1
3
3
5
0
7
1
0
1
1
1
1
0
3
3
3
7
1
5
3
1
1
3
3
7
1
0
21
4
2
3
6
0
3
5
3
1
3
27
7
3
3
5
3
5
7
3
7
1
5
3
7
1
2
7
7
1
9
0
1
5
5
2
3
1
5
7
5
0
7
0
3
1
1
3
3
7
3
7
3
1
3
1
3
3
5
5
5
3
7
7
5
1
3
1
9
4
3
4
5
7
7
0
3
5
7
5
17
7
5
1
1
3
0
3
5
3
3
3
4
5
5
0
7
5
1
5
5
3
5
5
3
3
7
5
1
1
1
0
6
5
5
9
5
3
4
3
3
5
0
5
5
3
1
3
1
3
1
1
1
1
1
1
3
5
5
5
1
3
5
3
3
5
3
1
5
1
2
3
5
3
5
7
1
7
1
7
3
5
5
4
5
7
5
3
3
1
5
5
5
0
3
7
3
5
3
5
1
1
5
5
3
7
5
9
3
1
5
1
1
1
5
5
7
5
0
21
5
7
5
1
4
7
3
5
5
5
9
3
