0
0
0
0
8
0
0
2
4
2
2
5
2
0
0
0
0
6
2
0
0
4
4
6
2
2
0
2
0
0
0
0
4
2
2
2
2
8
2
0
0
0
0
2
0
2
0
4
0
0
2
2
4
4
2
0
4
4
4
0
0
2
7
4
2
0
6
2
0
0
10
2
0
2
11
2
0
2
2
4
0
0
9
2
2
4
0
2
25
10
0
0
2
2
10
2
4
0
2
0
0
0
1
0
2
2
9
2
4
0
0
0
0
4
0
0
4
2
2
0
4
0
2
2
3
0
2
0
0
0
0
0
2
0
0
0
0
0
7
9
3
2
8
8
2
0
2
2
9
9
2
2
0
4
2
0
0
2
2
2
4
6
2
0
3
2
2
4
0
11
0
0
2
0
2
2
4
0
10
2
6
12
4
8
4
0
4
2
2
0
0
2
0
4
2
13
0
4
2
2
0
5
2
6
0
4
0
2
2
4
0
2
2
2
0
11
2
4
3
0
9
6
11
2
2
0
0
4
0
2
7
0
0
4
0
2
0
4
2
0
0
0
2
0
0
0
0
4
2
2
2
2
2
2
9
8
0
19
0
4
8
4
0
0
2
0
0
4
4
2
3
0
0
0
0
6
2
0
0
2
2
0
0
0
2
0
2
4
7
4
4
0
2
0
9
2
2
2
4
0
4
0
0
0
0
0
0
0
0
1
2
0
2
4
3
0
6
2
4
2
0
0
2
4
0
2
2
4
2
0
8
2
10
0
0
4
4
2
0
0
0
6
0
2
0
2
6
2
0
0
0
0
0
0
0
0
0
2
2
2
2
0
2
4
2
4
1
4
2
0
0
4
0
2
4
0
4
13
0
4
7
4
0
0
0
0
0
2
2
1
0
2
0
4
0
8
0
4
6
4
2
2
0
2
3
0
2
8
0
0
2
9
4
4
0
0
2
2
0
2
0
0
4
3
4
4
2
2
5
4
3
0
0
0
4
5
5
0
2
7
29
4
2
4
3
6
2
4
4
2
2
2
2
0
0
0
4
2
6
2
2
0
2
0
4
0
0
0
2
4
0
2
6
5
0
0
0
6
0
0
0
2
0
4
0
4
2
2
5
2
0
2
2
2
2
4
5
2
2
0
4
2
2
4
0
2
4
2
2
4
4
2
5
0
0
4
2
0
0
7
2
2
6
0
2
2
9
5
0
2
2
0
2
2
2
2
2
0
0
0
0
2
0
2
2
0
0
0
2
7
2
4
0
0
2
0
4
2
4
2
5
2
4
0
4
2
3
2
1
0
2
2
4
0
1
2
5
5
5
6
5
5
5
5
8
6
9
7
6
7
5
5
5
15
7
3
5
6
6
5
7
9
5
5
9
6
3
6
4
6
5
5
7
7
6
7
5
5
5
7
4
6
7
7
5
6
5
6
5
7
5
10
6
7
5
7
6
5
5
5
5
7
6
4
8
5
7
6
5
7
5
4
7
7
6
7
5
7
5
5
4
6
7
5
7
7
6
5
6
7
4
4
8
5
9
6
5
6
5
6
7
5
5
5
6
6
6
6
7
6
4
7
6
6
6
3
5
4
5
5
7
6
7
5
6
7
6
6
4
8
9
5
7
8
7
7
5
8
7
6
6
8
7
7
8
5
5
5
7
6
5
7
6
6
5
6
6
6
8
5
5
5
5
6
6
4
5
9
7
5
6
3
5
7
3
4
7
4
9
6
8
5
5
5
5
7
6
5
5
6
7
6
4
6
5
7
6
5
6
5
6
7
6
5
7
5
7
6
7
7
6
8
6
6
5
4
6
5
5
4
6
5
4
5
4
5
6
5
6
8
6
6
5
6
5
5
5
4
6
6
5
4
6
5
6
5
6
6
4
4
6
6
7
6
5
6
5
6
6
5
6
4
6
6
5
6
4
5
7
6
6
7
5
6
3
5
5
5
4
6
5
6
6
4
10
8
8
9
10
8
7
11
13
8
15
6
11
6
19
8
19
6
17
6
4
5
13
6
6
8
11
8
13
15
6
11
8
15
27
6
19
10
6
19
10
11
8
6
11
13
11
23
21
10
15
7
11
25
19
26
32
8
8
10
15
6
27
15
11
23
11
15
17
6
9
31
11
9
15
8
19
21
27
6
13
20
8
17
11
9
11
13
6
4
11
4
13
9
8
15
19
15
8
4
10
10
49
15
9
7
6
10
17
44
13
17
28
15
8
10
19
19
18
20
13
21
19
28
26
15
17
25
15
29
23
21
15
17
19
10
15
19
4
36
30
26
22
32
24
30
15
15
9
21
13
32
27
17
29
27
21
21
19
15
11
15
32
13
25
6
21
25
11
4
27
17
19
19
13
13
6
17
19
17
23
21
27
21
25
21
31
31
15
19
17
15
19
13
15
11
25
15
15
25
13
15
31
8
40
13
6
34
13
25
19
19
10
25
29
17
11
15
23
15
36
17
19
36
13
15
8
27
11
21
17
6
15
8
29
10
21
25
15
10
11
8
36
21
11
6
17
13
23
8
10
23
13
19
13
13
21
10
12
4
11
10
10
8
25
10
4
6
13
13
32
10
25
13
12
8
19
15
17
15
12
11
15
17
8
13
16
23
9
2
31
0
58
14
49
4
0
18
6
32
18
1
39
55
16
40
3
0
0
25
62
1
3
30
56
29
62
0
0
16
34
30
12
0
0
0
1
19
13
16
21
13
28
0
0
1
5
0
5
30
16
30
19
28
32
0
39
13
18
23
3
28
2
40
0
7
0
0
0
0
0
0
33
4
0
22
28
59
21
26
0
16
34
32
24
34
4
31
17
1
15
0
0
36
15
56
0
32
25
1
0
3
17
1
20
12
3
0
16
0
12
24
2
30
1
0
3
0
0
21
23
0
7
0
11
23
18
0
0
24
34
3
3
12
4
49
0
43
0
0
1
27
11
6
4
17
1
3
0
32
34
79
21
0
0
0
2
12
7
26
31
0
3
16
6
1
27
39
1
11
33
1
9
34
1
8
21
2
28
28
22
46
26
27
3
24
23
0
16
1
45
3
9
40
8
48
6
24
13
4
52
23
24
33
1
22
17
51
40
3
1
27
33
8
20
5
38
5
0
1
22
17
0
0
32
1
32
31
17
16
3
29
0
27
1
8
11
4
8
5
13
35
3
16
20
13
25
18
7
1
1
10
15
13
3
1
11
24
1
7
31
33
36
14
33
3
29
26
23
7
11
21
4
4
8
40
1
1
23
70
2
0
30
22
3
3
5
11
3
11
6
9
15
10
19
20
9
3
9
13
1
14
13
10
13
13
11
5
11
13
17
9
3
15
13
18
11
9
13
9
10
19
13
15
9
5
16
11
5
10
11
17
5
9
17
11
9
5
17
14
15
13
13
15
11
13
21
11
13
21
17
18
17
24
18
9
13
21
22
7
11
12
19
11
15
17
13
23
13
17
23
11
21
9
21
18
5
27
21
23
13
9
19
31
26
22
11
7
5
11
11
3
16
3
3
11
13
5
3
7
7
9
5
5
1
7
9
9
9
13
1
7
7
9
5
9
3
7
1
14
5
7
9
9
5
5
11
15
11
1
9
0
7
10
5
14
5
7
9
9
7
11
3
8
9
9
3
7
5
1
3
7
5
7
1
7
3
5
7
1
11
5
7
5
11
1
1
13
11
3
5
3
9
1
5
3
9
5
5
0
5
9
8
9
1
7
9
7
18
1
5
11
5
9
11
7
7
5
5
5
7
24
10
7
5
7
5
8
7
25
7
9
20
19
11
3
9
9
39
14
5
15
5
9
13
13
9
10
11
13
9
15
10
16
12
18
12
20
15
13
16
13
9
32
11
13
22
16
17
11
11
11
17
9
7
18
3
23
16
9
9
7
17
14
5
20
17
13
7
21
9
21
17
10
10
10
4
8
8
4
14
8
8
4
6
13
17
14
12
10
6
8
14
10
12
16
10
25
17
12
8
6
14
10
14
19
14
12
8
14
14
10
12
8
6
12
6
14
10
4
14
21
25
10
6
8
14
8
14
4
16
16
14
10
10
10
8
8
21
14
27
12
21
6
8
10
6
10
4
10
25
6
21
21
10
16
10
8
4
6
6
12
12
10
8
8
21
12
6
17
21
16
10
17
23
19
23
16
18
6
8
19
6
10
10
17
8
12
12
37
19
23
17
19
6
8
29
14
6
10
10
21
21
12
21
6
17
15
29
10
14
19
23
14
21
12
6
14
12
6
25
21
19
6
8
19
8
10
21
8
21
12
8
14
31
8
4
4
6
8
8
12
8
8
6
8
6
10
6
6
4
10
8
4
6
4
4
16
4
4
6
4
4
6
8
6
4
8
4
8
10
2
6
6
8
6
6
4
6
4
2
6
2
2
6
8
4
33
4
4
6
6
4
4
4
6
4
4
6
8
8
4
4
4
8
4
6
2
12
2
6
4
6
0
8
4
4
4
2
2
4
6
4
6
6
4
4
6
4
6
4
6
8
10
6
8
8
6
18
8
8
12
8
2
6
10
14
6
8
14
16
12
17
12
6
6
8
13
12
14
8
8
2
4
2
11
7
9
2
4
4
2
2
2
4
0
2
4
4
0
3
4
4
6
4
4
0
2
4
9
2
2
6
8
5
2
10
14
12
12
9
9
2
0
2
4
2
2
4
2
6
9
2
6
4
9
5
6
4
15
9
8
8
8
5
5
2
5
3
7
9
6
6
2
2
8
2
10
5
7
4
0
4
2
12
7
7
21
2
4
0
0
11
0
4
11
4
10
2
6
4
9
2
4
9
2
4
2
0
0
0
3
7
8
11
6
8
4
0
2
4
8
16
0
5
2
0
4
2
3
2
4
9
9
19
4
0
2
13
2
1
5
4
2
0
2
16
5
6
2
5
5
13
2
7
8
5
3
5
9
2
3
5
5
0
2
6
0
3
10
3
2
4
0
0
2
7
4
8
5
0
6
7
9
2
0
2
8
6
2
4
12
8
2
3
6
0
9
4
5
3
3
4
3
7
6
5
0
5
5
10
0
4
2
0
8
2
3
4
1
3
2
2
4
4
2
2
2
2
4
2
7
5
2
5
2
2
2
3
5
0
0
3
4
2
2
3
2
5
6
4
5
4
0
0
3
2
2
2
4
3
4
2
2
0
1
2
6
2
0
2
4
23
2
4
0
8
2
3
4
2
4
2
2
0
5
2
7
2
7
1
1
7
1
1
1
1
13
19
0
0
0
0
0
0
0
3
1
0
1
1
0
10
1
1
1
1
0
1
1
13
0
0
1
1
11
0
1
0
0
0
16
0
0
0
0
0
0
0
0
1
1
1
1
0
1
13
0
0
0
1
1
0
1
1
1
1
0
0
0
0
1
0
0
15
1
1
0
1
16
0
0
0
0
0
7
1
0
1
0
0
0
1
1
0
11
1
1
1
13
1
1
0
13
1
0
1
0
0
14
21
13
0
0
0
0
0
0
0
0
0
0
0
1
1
1
0
0
0
1
0
0
0
1
0
1
1
0
11
1
1
1
19
0
1
1
0
9
1
1
0
15
0
0
0
0
0
1
1
1
0
1
1
0
1
1
0
1
0
0
0
11
1
1
1
2
1
0
1
0
1
0
1
1
1
9
15
0
0
0
0
0
0
0
6
1
0
1
0
0
1
0
1
1
0
1
0
0
1
0
7
1
1
0
0
13
1
0
1
0
0
0
1
1
0
0
0
0
6
13
0
1
1
3
8
1
1
0
23
0
0
1
1
0
16
0
0
1
1
7
0
0
0
0
0
6
1
0
0
1
0
12
0
0
0
0
9
1
1
0
0
1
9
0
0
1
0
0
6
7
0
0
1
1
11
1
0
1
57
41
33
25
29
42
47
27
31
17
24
23
38
26
30
47
24
36
28
21
32
18
31
70
45
61
32
33
36
32
30
22
29
23
27
27
21
29
40
27
36
27
24
22
26
16
23
22
46
40
33
34
46
43
33
32
34
25
23
30
41
42
46
26
32
31
30
25
26
15
44
30
42
68
29
29
23
40
25
31
19
20
20
26
77
37
50
57
29
23
22
24
24
32
20
23
40
42
47
41
20
23
22
27
28
20
25
21
37
18
27
23
28
29
23
23
20
25
23
32
32
51
56
34
34
23
19
24
25
18
23
37
44
43
29
24
30
25
21
32
34
19
17
44
47
37
25
24
35
24
30
25
23
21
24
27
43
44
32
30
24
30
14
30
33
30
24
30
40
49
47
24
24
22
30
26
25
26
33
26
44
41
24
20
23
24
27
28
30
34
19
35
46
36
35
25
22
20
31
30
23
21
30
25
40
29
31
31
32
32
19
32
21
30
31
26
56
29
33
43
24
24
31
25
24
28
29
45
44
42
35
18
26
21
22
29
30
18
16
17
19
23
23
23
23
19
19
31
26
20
33
29
25
19
39
20
15
16
21
19
18
13
16
25
16
16
19
20
20
25
28
36
18
18
21
21
18
18
19
19
26
19
18
23
35
28
33
43
