0
0
16
3
2
11
0
2
2
5
2
21
0
0
7
5
5
2
0
2
3
0
7
2
2
22
6
20
7
2
0
0
3
0
4
4
3
9
9
13
0
5
0
11
5
10
4
7
0
2
28
2
0
4
3
0
5
4
14
5
14
2
3
0
0
5
22
3
5
5
3
5
5
32
12
0
4
13
8
19
13
5
13
2
9
12
5
2
3
2
54
14
8
54
10
40
25
27
0
9
12
4
27
22
21
34
9
5
3
2
1
7
3
26
30
5
15
30
9
4
17
13
2
3
5
47
9
7
69
32
47
3
20
0
4
44
7
0
0
3
5
7
8
3
32
5
10
16
43
3
55
14
8
33
0
48
7
3
34
31
0
38
4
30
17
5
15
0
51
21
24
38
0
15
11
5
32
24
11
0
10
2
34
32
10
3
11
23
12
10
19
67
30
3
13
65
13
13
36
0
9
5
0
22
2
0
18
23
7
14
53
2
36
0
14
14
0
2
30
3
5
9
10
59
37
53
8
5
2
48
42
52
53
16
2
56
19
34
4
54
8
2
8
0
2
23
35
4
42
2
15
6
7
2
77
0
2
2
63
6
3
2
12
0
8
5
35
0
39
0
12
0
0
59
10
1
3
5
66
0
2
0
0
0
21
14
1
8
7
0
4
1
9
5
5
0
99
0
5
7
1
0
0
4
0
7
0
2
0
9
2
11
0
0
0
0
5
5
0
5
2
0
5
0
0
2
2
0
9
0
1
2
0
7
7
7
0
3
0
1
5
9
5
3
0
5
7
0
0
7
0
7
9
5
1
2
2
7
2
2
7
2
51
9
1
0
0
0
0
7
7
0
2
0
0
0
3
1
5
4
0
2
2
0
2
1
2
5
1
0
3
0
0
99
1
2
0
0
3
0
0
0
0
2
7
0
1
4
2
7
7
5
0
2
95
5
7
5
0
2
0
5
5
0
0
0
3
2
9
7
1
0
4
0
2
9
0
4
0
0
0
1
2
0
0
0
5
0
2
0
2
9
5
1
0
0
0
7
5
7
0
0
0
5
0
2
3
0
0
13
5
3
0
3
5
3
7
2
1
5
15
0
5
1
0
7
0
7
2
0
2
7
7
0
0
7
7
9
0
0
2
0
3
9
0
2
0
0
0
7
0
0
6
0
5
84
2
1
1
1
1
9
7
1
0
0
5
1
5
5
0
99
4
5
7
7
0
0
0
7
0
4
0
2
7
2
7
0
3
5
3
7
0
1
0
1
5
7
0
9
2
0
5
7
0
1
0
0
7
5
5
1
0
0
5
7
9
7
4
7
0
0
0
5
2
1
0
1
0
7
7
1
0
0
2
9
2
0
0
3
5
1
2
0
3
0
5
2
3
0
2
3
7
3
0
5
5
7
2
0
0
1
0
0
0
0
2
5
0
0
1
1
9
3
0
97
5
0
0
0
3
7
7
0
0
2
3
5
0
2
0
2
3
5
2
0
0
7
0
9
2
1
2
97
4
5
7
0
0
3
0
9
5
0
2
0
0
0
1
0
0
4
0
2
4
0
3
74
2
5
0
0
0
0
5
1
0
3
0
1
66
0
1
7
0
1
11
0
7
0
3
0
7
1
0
5
7
1
9
0
1
0
7
9
5
1
0
2
2
2
5
0
1
0
1
9
0
1
2
0
2
7
0
1
0
0
0
1
1
2
9
1
4
2
2
0
2
0
0
1
1
0
1
0
4
0
0
2
3
0
0
2
0
1
3
0
11
0
1
0
0
2
7
3
0
0
2
2
7
0
2
2
0
0
9
1
0
0
1
9
0
3
5
4
7
11
0
0
0
0
0
5
2
0
0
4
0
1
3
0
2
0
1
7
0
1
0
7
3
0
0
0
0
3
7
5
2
7
0
0
5
7
1
5
0
11
7
9
0
0
0
1
7
7
3
9
0
1
7
0
2
4
5
2
36
7
3
21
32
25
30
1
1
25
30
31
3
3
0
33
39
3
29
29
3
0
7
28
3
1
29
1
1
3
29
40
6
1
28
5
5
9
3
3
0
3
5
20
29
26
21
9
24
11
32
7
1
5
3
30
30
30
44
9
3
5
3
5
28
40
29
31
35
9
5
12
11
10
13
11
5
7
6
16
5
8
9
3
18
14
12
13
12
7
11
9
7
10
11
1
9
12
9
10
9
5
20
15
8
8
29
30
30
31
22
10
5
24
16
16
13
16
5
12
11
9
9
12
11
10
15
20
16
9
14
10
49
8
14
7
31
8
20
17
18
10
42
3
25
15
11
16
22
20
7
36
23
9
13
10
23
11
8
15
16
11
15
18
14
18
16
13
13
10
6
11
20
13
11
10
11
17
10
20
10
12
9
5
1
12
9
5
12
11
1
5
14
21
7
8
11
12
13
15
7
9
3
22
28
31
10
10
7
11
9
14
16
12
22
6
10
10
3
8
10
17
5
22
10
4
10
5
9
17
3
14
37
0
3
3
33
24
31
33
27
27
22
25
5
5
36
1
5
7
39
22
25
1
8
6
29
29
20
21
22
9
3
3
5
32
24
22
32
7
7
3
5
30
39
7
7
7
32
24
32
42
36
5
8
5
31
26
32
28
31
22
29
37
28
24
45
33
50
33
43
41
20
39
33
43
25
57
33
36
50
41
36
23
45
49
27
48
34
47
42
42
26
25
47
46
5
42
26
33
28
35
36
49
37
37
47
45
24
28
27
48
31
31
45
38
46
45
35
17
39
25
51
42
25
32
34
35
35
54
35
35
52
46
36
35
47
32
38
34
47
43
32
40
34
31
21
31
35
33
56
45
28
30
24
30
42
8
54
41
45
56
35
28
28
33
43
49
27
33
37
22
34
36
23
29
34
42
34
46
44
19
46
37
30
27
23
47
22
21
31
27
28
34
21
23
25
33
24
25
20
30
29
21
27
22
22
40
46
26
38
43
39
33
44
37
44
46
33
30
33
48
41
46
41
21
29
46
31
47
40
36
37
48
35
31
32
36
54
49
46
44
44
45
29
36
32
36
36
51
26
37
54
30
25
55
19
30
34
33
22
50
34
34
51
48
37
24
35
35
36
35
17
38
41
48
22
46
33
49
50
44
26
48
36
31
28
55
47
30
42
45
33
50
33
50
34
49
32
33
44
47
33
35
44
28
37
44
40
33
28
37
27
41
38
38
42
43
37
53
55
49
28
33
28
35
46
43
50
46
27
49
34
50
37
47
25
32
42
23
52
54
58
41
50
39
20
20
19
19
19
19
20
19
20
19
19
20
19
20
19
19
19
20
19
19
20
19
19
20
19
19
19
20
19
20
19
19
20
20
19
20
19
20
19
20
19
19
19
19
19
19
19
19
20
19
19
19
19
19
19
20
20
19
19
19
19
20
19
19
20
19
20
20
19
19
19
20
19
20
20
19
19
19
19
19
19
20
19
19
19
19
20
19
19
19
20
20
19
19
19
20
19
19
19
19
20
19
19
20
19
19
19
20
19
19
19
19
19
20
19
19
19
19
19
20
19
20
19
19
20
19
19
20
20
19
20
19
19
19
19
19
20
19
19
20
19
20
19
19
20
20
20
19
19
20
20
20
19
19
19
20
19
20
19
19
19
19
20
20
19
19
19
19
19
19
19
19
20
19
19
20
19
19
19
20
20
19
20
19
19
20
19
20
20
20
19
20
19
19
19
19
20
20
19
19
20
20
20
19
20
19
19
20
19
20
19
19
20
19
19
20
20
19
20
20
19
19
19
19
19
19
20
20
19
19
19
19
19
19
19
20
19
20
19
20
19
20
19
19
19
19
19
20
19
20
19
20
19
19
19
20
20
19
19
20
20
19
19
19
19
19
19
19
19
19
19
20
19
19
20
20
19
19
20
19
19
19
20
20
19
19
20
19
20
23
24
17
21
13
14
20
20
16
14
23
20
17
22
22
18
24
12
26
24
24
22
20
25
17
13
29
19
16
20
21
25
22
20
15
20
17
17
24
24
26
23
19
20
14
36
41
40
32
35
25
29
21
24
25
15
18
28
18
20
24
24
11
12
15
25
17
24
18
17
15
14
21
18
19
26
20
21
12
20
11
16
17
20
17
19
21
23
27
23
22
18
19
33
13
24
23
22
35
20
28
20
14
22
15
25
30
35
29
14
23
21
20
26
30
38
34
32
45
23
25
22
28
17
28
28
24
19
20
17
18
15
16
21
19
10
33
24
13
20
14
27
19
16
24
19
22
23
26
13
17
18
26
21
31
15
17
22
28
30
18
27
27
28
34
14
29
20
23
26
17
22
21
28
19
22
25
23
23
17
22
26
21
34
34
29
14
23
30
31
21
16
27
20
19
19
15
33
21
28
16
17
18
19
23
17
23
20
15
19
24
32
21
29
26
28
23
27
26
28
28
21
24
13
32
24
17
18
17
17
17
16
14
20
34
31
13
20
31
14
27
43
36
11
16
18
13
13
13
13
21
21
19
13
24
18
23
24
21
22
17
19
17
19
20
18
19
25
15
16
20
17
11
19
18
21
24
35
38
16
23
21
26
18
17
23
26
21
33
35
26
37
30
36
24
28
22
30
40
48
24
22
30
34
31
35
35
16
29
31
25
25
24
24
27
26
24
38
30
24
26
24
34
34
36
31
34
34
32
37
30
41
22
36
26
43
19
24
41
37
37
29
42
48
30
39
41
38
29
33
30
28
24
21
28
34
29
39
22
24
41
29
35
39
41
32
33
32
34
23
21
39
32
43
20
27
42
29
32
27
38
34
44
40
25
48
29
34
32
37
32
30
36
27
20
35
40
38
30
28
27
23
41
55
37
27
35
51
36
46
34
31
30
24
22
22
32
34
35
30
37
26
34
30
36
38
29
57
31
27
24
31
64
35
34
19
30
37
37
35
39
31
23
32
48
18
30
28
38
24
37
71
40
30
32
33
25
41
26
30
47
25
26
35
44
35
41
29
25
58
20
43
24
26
20
51
21
21
33
41
33
42
28
35
32
38
45
35
30
27
32
39
36
38
36
24
23
28
39
37
38
28
69
22
23
33
37
36
37
30
26
23
33
28
54
37
42
44
24
35
51
52
21
30
29
19
41
38
41
37
29
27
26
41
33
41
33
42
28
33
24
20
38
34
34
42
42
30
31
68
36
33
53
30
19
22
28
39
44
33
42
31
21
29
36
30
39
46
27
27
31
33
43
27
38
0
0
0
2
0
2
0
0
2
2
4
4
2
2
2
0
2
0
9
0
0
0
4
2
0
2
0
0
2
0
2
2
0
2
0
0
2
2
2
2
0
0
0
2
2
0
2
2
0
0
0
2
2
0
0
6
0
2
2
2
3
2
0
0
4
0
2
2
2
0
2
0
0
4
2
0
2
0
0
2
2
0
0
0
0
2
0
2
2
2
0
2
2
4
0
2
0
2
0
2
2
0
2
2
0
6
0
0
2
4
0
2
0
2
0
2
2
0
2
2
0
0
0
2
0
5
2
0
0
5
3
0
4
2
2
2
2
0
0
0
2
0
0
2
2
2
2
2
4
2
2
0
0
2
0
2
0
0
0
3
0
0
0
2
0
2
0
2
0
2
3
4
3
0
2
2
0
2
0
3
0
0
2
2
4
2
2
2
2
2
2
2
1
2
2
2
0
0
2
0
4
0
2
0
2
2
2
2
0
2
2
0
2
2
4
0
0
0
2
0
0
0
2
0
4
0
2
0
2
0
0
2
3
2
0
0
0
0
2
2
0
0
2
0
5
0
6
0
0
4
2
3
2
0
3
0
2
0
2
0
2
0
0
7
0
4
0
0
0
0
0
0
0
0
2
1
2
2
0
0
0
2
2
2
4
0
2
0
0
27
0
3
48
0
0
3
0
7
18
18
25
43
0
29
23
49
0
38
26
33
17
0
0
0
4
0
47
28
48
13
0
43
0
0
0
0
0
3
24
27
2
2
25
72
28
28
0
37
2
6
6
70
3
3
15
30
37
22
0
0
3
0
28
0
22
0
37
43
2
22
20
0
0
28
21
0
0
0
0
0
28
24
0
36
0
0
31
2
2
28
20
53
32
0
0
0
2
2
5
0
30
5
51
35
0
0
0
0
0
2
3
0
26
31
55
45
0
0
0
0
0
33
0
0
29
0
24
30
0
0
0
0
43
2
20
23
18
0
8
0
0
0
0
0
0
20
2
26
28
25
25
2
38
0
0
0
0
38
22
2
22
25
28
50
6
0
29
0
0
0
0
0
0
0
0
26
3
26
36
0
45
4
26
25
31
31
0
3
37
21
38
2
0
33
28
69
0
0
0
46
0
14
28
3
29
19
26
0
0
0
0
6
0
3
24
2
47
5
0
0
0
0
0
0
2
0
22
23
0
29
3
25
29
20
0
40
61
26
4
0
11
1
26
27
25
28
52
37
43
33
10
21
19
1
2
20
0
0
2
12
27
0
13
3
20
0
0
2
15
6
21
23
0
27
8
21
34
0
28
0
0
28
23
2
40
0
