52
83
79
53
56
65
76
81
58
81
60
68
69
75
87
70
63
72
91
74
75
83
61
74
68
48
60
48
48
78
44
62
63
74
82
77
79
44
48
66
51
77
52
70
75
81
64
67
48
66
52
58
53
60
74
48
79
54
80
40
62
78
85
44
70
47
60
59
61
62
70
60
84
72
78
48
62
77
52
46
72
50
58
58
48
49
65
44
68
62
61
56
69
64
48
50
54
54
54
70
48
46
45
60
56
72
73
69
48
46
40
81
71
62
66
50
48
72
83
61
70
66
56
42
69
70
57
52
84
46
78
58
60
66
83
35
52
48
56
87
50
55
54
61
46
41
48
37
46
70
44
62
48
48
39
35
42
54
42
68
46
84
52
44
41
59
63
48
46
44
68
48
50
46
66
50
85
46
28
46
48
46
73
60
44
51
52
50
75
31
42
40
46
54
62
44
48
59
30
79
50
37
53
48
81
42
50
62
84
54
63
79
56
73
70
58
64
46
44
54
71
89
71
69
77
67
66
63
66
38
65
68
77
66
81
81
73
62
66
79
79
77
44
35
52
69
63
52
56
68
76
62
85
79
44
76
74
83
56
70
58
86
52
85
71
75
56
64
75
75
56
75
75
42
73
60
79
80
91
55
59
68
74
85
69
60
54
35
32
35
35
35
38
35
38
35
33
37
35
38
38
35
35
35
33
38
38
37
26
34
39
38
37
33
35
38
33
37
38
33
35
35
34
36
38
30
33
33
33
39
38
35
38
35
37
37
39
38
32
38
37
34
37
35
37
38
37
38
38
34
38
32
38
37
37
38
36
37
38
38
36
33
35
34
38
38
26
33
36
35
37
36
27
33
37
37
36
37
31
37
37
36
30
35
24
25
37
29
28
29
24
26
28
25
35
38
35
37
37
33
35
37
38
38
37
38
34
37
37
36
33
36
24
36
38
36
37
37
33
34
38
32
32
33
37
33
31
35
34
38
31
29
38
37
34
37
35
34
38
36
33
37
36
33
32
35
37
37
33
31
33
34
37
33
37
34
35
30
37
37
38
33
32
27
34
37
35
35
34
31
36
37
37
33
35
36
35
37
35
32
32
33
38
36
33
34
34
32
36
37
32
33
33
37
37
34
31
34
37
31
36
36
32
31
37
32
37
33
33
37
36
36
35
27
32
34
38
31
37
28
33
37
34
34
39
30
33
37
37
34
35
35
34
37
32
35
33
37
35
33
35
35
38
32
35
34
37
36
38
31
34
38
26
35
36
32
38
37
34
34
37
34
38
35
37
37
38
35
32
34
31
34
35
32
37
34
0
2
2
2
0
2
0
2
0
2
2
2
0
4
2
2
2
0
0
2
2
2
2
2
4
0
2
2
0
0
0
2
4
4
2
4
0
0
2
0
0
2
0
0
2
2
2
2
2
0
4
2
2
2
2
0
2
2
0
0
0
2
2
0
4
0
2
2
2
0
2
0
2
2
2
2
2
2
0
0
0
2
2
2
0
2
2
2
2
0
2
2
2
2
2
2
0
0
0
2
0
2
2
0
0
0
0
0
2
2
2
2
2
2
0
2
0
2
0
2
2
0
0
2
6
2
2
2
2
0
2
2
0
0
2
0
4
2
0
0
0
2
2
0
2
2
0
0
4
0
2
0
2
0
2
0
2
0
2
2
0
0
2
2
2
0
0
0
2
2
0
0
2
0
2
2
2
4
4
0
0
0
0
0
2
4
4
0
2
4
2
2
2
4
0
2
2
2
2
2
2
2
0
2
0
2
2
2
2
2
2
0
0
0
0
0
0
2
0
4
2
2
0
2
2
0
2
0
2
0
2
2
2
2
2
2
0
2
2
2
6
0
2
0
0
0
4
0
2
0
0
0
2
0
2
0
0
0
2
2
0
0
0
0
0
2
2
0
0
0
0
2
0
0
0
2
2
2
0
0
2
0
2
0
4
0
2
2
12
8
10
6
25
16
17
12
14
6
8
12
19
6
6
12
10
14
12
16
14
33
14
15
12
25
10
4
8
14
12
8
6
10
15
15
37
10
8
8
17
14
16
14
12
23
9
10
12
23
12
13
41
12
19
14
8
16
14
8
19
14
21
8
13
12
14
8
4
10
12
12
27
12
17
15
16
19
10
17
8
19
10
10
12
16
4
6
12
8
12
14
10
8
12
14
10
12
8
12
16
12
12
10
17
10
29
14
14
4
14
19
12
19
12
16
17
6
17
8
21
10
23
15
19
12
16
17
14
14
10
23
25
60
21
16
50
41
39
10
19
6
19
21
10
19
56
10
29
12
10
41
23
10
52
25
12
8
10
10
12
8
14
39
37
21
12
17
15
27
21
33
25
10
17
23
41
19
21
27
27
31
39
15
21
27
21
17
56
10
27
17
39
21
19
10
47
52
45
19
12
8
33
19
21
50
35
17
8
37
27
19
31
12
14
23
21
29
33
12
14
23
10
15
23
31
21
15
19
33
8
19
17
27
27
12
16
14
8
14
37
23
29
12
21
17
21
21
10
21
15
14
19
12
13
13
12
8
12
8
11
18
11
27
13
15
21
29
15
15
19
23
8
31
21
17
10
19
15
17
16
25
23
33
16
27
12
31
0
4
2
6
2
4
2
2
2
2
2
4
2
0
0
2
0
0
0
2
2
0
2
0
0
0
2
2
2
0
0
2
0
6
2
4
2
2
0
0
4
2
0
0
0
2
0
0
2
6
4
0
2
4
4
0
0
4
4
2
4
0
0
4
2
2
4
0
2
2
6
6
4
0
2
2
0
0
0
2
6
0
2
2
0
2
2
0
4
0
6
0
2
2
4
2
4
4
4
2
2
2
2
2
0
6
4
2
2
0
0
4
2
2
0
4
4
0
2
2
0
2
0
2
0
2
4
0
0
0
2
6
0
0
2
0
2
2
6
0
2
2
0
2
0
6
4
2
0
0
0
2
0
2
0
2
4
2
8
4
2
6
0
0
4
0
2
4
2
2
4
4
4
2
0
4
0
6
2
0
0
2
0
0
2
4
4
2
0
2
4
2
0
2
2
2
2
0
0
2
2
2
0
0
6
2
4
4
2
0
2
0
0
4
2
0
4
0
4
4
4
2
4
2
0
2
2
0
0
2
2
4
2
0
2
2
0
2
2
0
4
0
2
4
0
2
0
0
2
4
2
4
4
4
0
0
4
2
0
2
2
0
2
2
0
4
0
2
4
4
0
2
0
4
2
4
2
4
4
2
2
0
2
0
0
0
0
0
2
2
2
2
0
0
2
0
0
2
0
0
2
6
2
4
2
0
0
2
2
2
0
4
2
2
2
2
0
2
2
0
2
2
2
0
0
0
2
2
2
2
2
2
0
2
2
2
2
2
2
2
0
0
2
2
0
2
2
2
0
2
2
2
2
2
0
2
2
0
0
2
2
2
2
2
2
4
2
2
2
2
0
2
2
0
4
4
2
2
0
0
4
2
2
2
2
0
2
0
2
2
0
0
2
2
0
2
0
2
5
2
2
2
2
2
0
2
2
2
2
4
2
2
0
2
4
2
0
2
2
2
2
0
2
2
2
2
0
2
0
2
0
2
0
2
0
2
2
2
2
0
2
2
0
2
2
3
2
12
2
2
2
0
2
0
2
2
0
2
2
0
2
2
0
0
2
2
2
2
2
2
0
2
0
2
2
4
0
2
2
2
2
2
2
2
2
2
2
2
4
2
2
2
2
0
0
2
2
0
0
2
3
0
0
2
2
2
2
0
4
2
0
2
0
3
2
2
2
2
4
2
0
2
2
2
2
2
2
0
2
0
2
2
0
2
2
2
2
2
2
2
2
2
2
2
0
0
4
2
2
2
0
0
2
2
2
2
0
0
0
2
0
2
2
2
2
2
0
0
2
4
2
2
2
2
2
2
0
0
2
0
0
2
2
2
2
2
4
0
0
2
0
0
0
2
4
0
4
4
0
4
0
2
0
2
2
2
0
0
6
2
2
2
2
0
4
2
2
0
2
0
2
0
0
0
0
2
4
0
0
2
0
0
0
2
0
0
2
2
2
4
4
2
4
4
0
0
4
2
2
0
0
0
2
0
0
2
0
2
2
0
2
0
0
2
4
2
4
0
2
2
0
2
2
2
2
2
2
2
2
2
2
0
0
2
0
2
2
0
2
0
0
2
2
2
0
2
0
2
2
0
2
2
0
2
0
0
0
0
0
2
2
2
0
2
0
2
2
2
0
2
0
4
0
2
0
0
0
2
0
2
0
2
0
0
4
2
0
2
2
0
0
4
2
2
0
2
0
0
0
0
0
2
2
2
0
2
2
0
0
2
2
0
0
2
2
2
2
0
0
0
4
2
2
4
0
2
2
2
6
4
0
4
2
2
0
2
0
2
0
0
2
4
0
2
2
0
0
0
0
0
2
0
0
0
0
2
4
2
2
2
2
0
0
2
0
0
2
0
2
2
0
0
2
0
4
4
4
2
0
6
4
2
0
2
0
2
2
0
2
0
0
2
2
0
2
0
0
4
2
4
4
0
2
0
6
0
4
0
2
0
0
0
4
4
45
45
34
28
27
19
32
37
46
34
31
30
34
41
39
37
42
30
31
24
26
34
31
29
43
46
36
39
31
24
33
32
41
31
43
38
44
29
30
32
42
31
32
31
47
38
40
32
30
27
32
30
28
30
42
45
31
43
34
44
40
45
45
27
28
40
42
40
45
41
42
41
43
41
42
38
29
42
34
44
41
40
25
44
43
43
43
42
34
43
31
42
34
42
35
42
44
38
34
45
44
41
36
43
32
32
33
31
32
35
45
31
41
40
43
43
29
29
42
38
39
35
35
42
44
26
31
40
40
43
41
30
28
39
39
27
42
41
27
27
45
43
46
45
33
42
41
43
32
31
28
40
40
32
34
36
32
39
37
42
28
29
39
33
42
40
28
41
42
42
34
44
33
42
28
36
35
45
43
44
41
44
33
43
45
39
32
43
42
45
24
31
38
35
32
41
44
41
29
30
41
44
45
40
39
38
38
43
25
29
31
31
41
33
34
30
30
41
31
41
46
45
38
31
42
45
36
31
46
43
41
32
28
28
45
44
43
38
42
39
29
33
33
29
42
46
31
31
40
37
34
31
38
29
37
25
43
43
45
47
32
31
25
32
43
34
26
35
29
41
37
41
44
35
29
34
41
32
33
35
36
30
44
42
40
36
34
37
0
70
6
2
3
4
2
4
6
6
2
4
2
4
8
6
0
2
55
6
6
3
0
4
6
4
2
2
4
5
12
2
4
2
6
4
6
2
6
4
4
4
0
4
2
6
6
8
10
6
0
3
2
4
4
0
6
4
6
60
6
3
8
8
6
4
4
4
2
0
2
2
4
2
2
0
6
4
8
0
2
6
2
6
2
4
2
6
10
6
2
2
4
2
8
2
6
6
0
2
2
0
4
4
4
2
4
4
4
0
5
6
5
0
4
17
3
6
6
2
4
4
4
2
4
4
6
2
4
2
0
11
2
90
0
2
2
0
2
2
6
2
2
6
4
0
4
6
6
2
0
5
3
0
2
6
2
6
0
2
0
4
0
0
2
4
2
2
2
6
2
5
10
4
0
0
5
2
0
2
0
2
0
4
2
6
4
1
0
6
0
2
2
4
2
8
8
0
10
0
0
8
11
2
4
6
2
6
3
4
2
2
6
6
4
6
4
6
0
4
7
4
10
6
4
4
2
4
2
2
2
0
0
36
0
7
6
6
5
7
0
6
2
84
7
0
7
7
2
9
0
8
2
6
0
2
2
2
27
6
4
88
6
2
4
8
6
4
6
5
8
0
4
2
0
65
0
6
0
4
6
4
8
2
6
2
8
6
3
2
1
4
2
4
6
2
1
5
1
1
3
1
5
8
1
3
4
1
1
5
4
4
3
2
4
2
4
5
2
5
7
2
5
0
2
1
6
6
3
3
1
2
2
7
2
3
5
1
4
1
6
4
6
1
7
4
2
3
3
4
4
4
1
2
2
3
7
0
2
3
1
5
6
4
10
5
4
6
8
4
2
3
3
5
2
4
4
7
6
5
8
4
2
4
2
8
1
2
1
6
1
3
2
3
4
1
4
4
3
1
2
1
4
1
2
4
2
5
3
5
3
3
5
3
3
3
3
7
1
0
1
4
4
3
1
5
5
1
3
7
4
50
6
5
6
5
6
4
4
4
3
4
4
5
4
3
5
4
1
3
2
3
3
4
1
6
3
10
4
2
5
3
5
5
5
9
5
3
4
4
7
5
3
3
5
3
5
4
4
5
0
3
4
3
4
4
4
1
3
4
1
3
6
1
2
5
4
3
4
3
4
5
4
1
6
2
3
7
4
5
5
1
4
3
2
4
9
4
6
3
3
4
3
5
5
8
4
6
5
46
4
5
5
5
7
7
4
5
10
5
5
5
4
3
4
6
4
6
4
4
3
4
5
3
4
6
4
8
4
5
3
1
3
3
2
3
5
2
7
3
3
8
3
1
4
2
