27
46
33
34
52
64
66
49
26
41
40
72
24
25
55
17
31
32
43
53
46
34
30
60
27
47
43
42
41
35
32
37
42
49
27
19
17
42
58
22
21
32
26
39
31
12
37
43
15
20
21
50
21
30
59
43
45
52
36
30
63
27
20
43
72
95
31
31
19
45
32
25
32
33
14
52
34
28
79
48
32
34
41
28
22
55
30
39
22
67
37
33
43
52
42
55
26
33
59
46
35
57
40
36
67
16
36
33
42
50
49
37
38
64
22
30
55
41
41
56
45
39
51
36
52
31
39
57
38
66
28
80
18
38
40
36
56
54
27
83
60
20
39
49
38
54
30
36
50
30
35
66
36
39
29
26
63
52
36
38
44
10
53
57
33
55
40
58
58
33
35
25
19
24
53
24
45
70
44
84
34
82
38
40
26
56
49
41
51
30
56
75
16
23
48
53
62
40
37
32
31
58
59
59
49
26
47
61
65
43
49
56
70
41
40
26
14
68
38
37
38
43
29
22
16
38
24
47
38
19
17
22
19
20
23
39
15
43
31
48
64
23
44
36
15
41
28
18
28
26
21
21
27
19
39
12
15
22
43
31
19
10
19
26
14
29
36
31
43
35
10
24
14
12
22
23
30
22
35
17
14
30
17
15
31
14
30
35
2
4
2
4
2
2
2
2
2
4
2
2
2
4
4
4
4
2
2
2
2
4
2
4
4
2
4
4
4
2
2
4
4
4
2
2
2
2
2
2
2
2
2
2
4
2
4
2
6
2
2
2
2
2
2
4
2
2
2
6
2
4
4
2
4
2
2
4
2
4
2
4
2
2
2
2
2
2
4
2
2
4
2
2
2
2
2
2
2
2
4
4
2
6
4
4
2
4
4
4
2
2
4
4
2
2
2
4
4
4
4
2
2
2
4
2
2
4
2
2
4
4
2
2
2
2
2
4
2
4
2
4
2
4
2
2
2
4
4
2
2
4
4
2
2
4
4
2
4
2
2
4
4
2
4
2
2
2
2
2
4
2
8
4
2
2
4
4
2
4
2
2
2
4
2
2
2
2
4
2
2
4
2
2
4
4
2
2
2
6
2
4
4
2
2
4
2
4
4
2
4
2
2
2
6
4
2
4
4
2
2
2
2
4
4
4
2
4
4
4
2
2
2
4
2
2
4
2
2
2
4
2
2
2
4
2
4
4
4
4
2
4
4
4
4
4
4
2
4
2
4
2
2
2
4
2
4
2
2
2
4
4
2
2
2
4
2
2
4
2
2
2
4
2
2
4
4
6
2
2
2
2
2
4
4
2
2
2
2
0
0
4
0
2
0
2
0
2
2
2
4
0
0
2
2
0
2
2
2
4
4
4
0
0
0
4
0
4
0
4
0
0
0
2
2
0
0
6
2
0
2
87
0
2
6
0
2
0
4
0
2
0
0
0
4
0
0
0
2
4
2
4
2
2
0
2
2
2
0
0
0
2
2
2
2
2
0
0
2
54
4
0
0
0
0
0
2
2
0
0
0
0
0
0
0
6
2
0
4
4
0
0
0
2
2
0
2
73
2
2
4
2
4
4
0
0
2
0
0
12
2
0
0
0
7
2
0
0
0
0
0
2
0
5
0
0
2
0
2
0
0
2
2
2
0
8
2
2
0
0
2
2
2
4
2
6
0
4
2
2
0
6
2
2
6
0
2
2
2
0
2
2
2
5
2
4
0
4
2
2
2
4
0
2
4
2
0
6
7
2
0
0
4
0
0
2
0
0
0
2
0
0
2
0
2
2
0
0
0
0
0
0
2
0
2
0
6
0
0
4
0
0
2
0
4
2
2
2
0
0
0
2
2
4
0
0
2
0
6
0
2
0
2
2
4
4
2
2
2
0
0
0
2
2
0
2
0
4
0
2
0
6
0
0
0
0
2
2
0
0
0
2
2
2
0
0
0
0
9
0
2
0
2
2
4
4
14
8
11
8
4
8
8
17
6
8
10
14
8
10
8
8
14
10
12
8
16
8
4
12
16
2
8
2
12
4
6
8
8
6
16
4
8
8
8
10
10
22
23
6
8
33
12
6
10
15
12
12
14
15
10
10
6
10
16
8
42
10
8
10
8
12
2
4
12
12
12
12
19
47
8
6
12
6
8
8
4
4
14
4
8
10
12
8
12
10
2
0
16
12
6
8
12
8
4
2
8
6
12
8
12
18
8
14
12
12
8
10
12
13
12
10
18
12
10
12
10
12
18
14
8
12
23
21
6
15
12
13
9
9
10
18
16
14
10
10
10
10
12
14
6
6
8
4
17
8
31
8
15
8
14
23
6
23
31
48
14
26
35
13
41
10
44
50
48
31
48
20
19
39
4
19
6
13
6
8
21
25
15
10
39
12
17
27
40
41
53
31
15
44
4
13
10
12
8
6
46
23
17
10
35
50
15
21
12
27
4
13
44
19
11
37
8
25
52
8
17
33
19
8
15
6
15
31
8
8
14
10
14
21
13
21
19
12
23
16
18
9
19
15
23
8
15
25
6
19
15
19
10
17
21
13
10
8
8
13
8
29
14
15
8
6
12
46
8
17
4
14
43
21
14
12
15
14
29
25
10
10
14
12
6
16
17
27
0
0
2
0
0
0
4
0
2
4
0
0
2
2
2
0
4
0
2
2
0
2
2
2
0
0
2
0
2
6
0
2
4
2
6
2
2
2
2
6
2
2
2
2
2
0
0
0
2
0
4
0
2
4
0
4
0
0
2
0
4
0
5
0
4
2
2
0
4
0
0
6
0
2
2
2
2
2
0
2
0
0
4
0
4
2
2
4
0
0
6
2
4
4
0
0
6
4
2
2
0
2
0
0
0
0
2
0
4
6
6
2
0
4
0
2
2
8
6
4
2
2
0
4
0
0
6
2
2
0
4
4
4
2
2
4
5
0
1
0
2
0
0
0
2
4
0
6
6
0
4
0
4
2
2
2
2
2
0
2
0
2
7
2
4
0
2
2
0
2
2
2
4
2
2
2
2
0
2
4
2
2
2
0
0
0
6
2
8
2
0
4
4
2
0
5
0
2
2
4
2
2
0
4
2
2
0
0
0
0
4
2
4
2
0
2
2
4
0
2
2
2
2
2
2
2
0
0
0
2
0
0
0
0
2
4
0
0
2
2
2
0
0
1
4
2
2
2
0
4
2
0
0
0
0
0
0
0
5
2
0
2
0
2
0
0
4
0
2
2
4
2
2
2
4
0
0
8
0
4
0
0
2
4
0
0
2
0
1
0
1
0
1
0
3
1
1
0
3
0
5
3
1
2
0
5
3
0
0
0
1
3
5
2
1
6
0
1
0
3
3
3
5
3
3
1
0
3
1
1
9
3
3
3
2
5
0
6
3
0
1
1
1
1
3
5
1
0
9
5
1
3
1
3
3
1
1
1
1
2
1
7
2
4
1
1
1
0
7
3
1
0
1
3
4
1
2
4
1
1
5
5
1
1
3
0
3
0
3
5
1
0
1
1
3
4
1
3
3
3
1
0
1
5
3
5
3
5
3
3
5
1
3
4
3
0
0
1
1
1
0
0
1
5
3
2
3
3
1
0
3
5
5
0
3
3
0
2
1
1
1
5
3
0
0
3
3
2
0
9
5
1
5
4
4
3
3
0
3
1
1
0
5
1
1
1
2
1
0
1
0
3
5
3
5
1
1
2
1
21
0
7
1
7
3
0
5
1
5
0
3
1
1
3
1
3
0
3
25
1
5
0
1
1
3
1
0
3
0
0
1
3
1
6
5
0
3
3
0
3
3
5
5
3
1
0
0
1
1
1
1
1
7
0
1
1
1
4
2
1
3
1
37
5
3
7
5
1
5
3
5
3
0
0
1
0
0
1
1
1
1
7
1
1
1
0
0
1
1
1
1
0
1
1
3
1
0
0
8
2
0
0
2
2
0
0
2
2
0
2
0
0
4
2
0
8
0
2
2
2
2
4
0
2
4
6
2
2
4
0
0
2
2
0
0
0
0
2
4
0
0
0
0
2
0
4
0
2
0
0
0
0
2
0
0
0
2
2
2
0
2
0
0
0
2
2
4
0
2
0
0
0
2
0
0
0
0
2
2
0
2
0
0
0
2
0
4
2
0
0
0
2
2
0
0
4
2
0
0
4
2
2
4
0
0
2
0
79
4
2
0
6
0
0
4
0
0
2
2
0
2
2
2
4
0
2
0
4
0
0
0
0
0
0
6
2
2
0
2
6
0
2
4
0
0
4
2
0
4
2
0
0
0
0
6
4
2
0
0
2
4
4
2
2
0
0
4
2
2
4
2
0
4
6
6
6
0
2
4
2
0
6
0
0
0
4
4
4
0
4
0
2
0
2
2
0
4
6
0
2
0
0
2
0
2
4
0
2
4
0
0
0
0
2
2
0
0
0
2
2
2
0
6
0
2
4
2
2
0
0
4
0
6
0
0
4
0
2
2
4
0
0
4
0
2
2
0
2
2
0
2
0
0
2
6
0
2
4
0
2
0
2
0
0
0
2
4
4
0
0
4
0
0
10
0
0
4
2
0
0
0
4
2
0
26
26
48
18
17
13
7
7
9
22
16
18
15
7
6
0
11
9
11
12
9
13
7
50
15
11
7
11
13
11
17
19
2
18
35
21
7
2
7
9
11
0
30
20
7
13
7
19
6
0
6
11
17
9
30
17
7
13
15
19
31
13
53
34
9
24
9
2
65
11
15
6
11
14
19
5
18
13
2
37
16
0
19
22
20
6
22
9
11
13
9
23
30
44
15
17
31
11
15
17
37
19
23
2
11
18
0
22
26
7
30
13
29
23
15
26
17
20
6
24
15
20
33
26
41
26
42
15
32
20
19
17
30
33
28
42
0
24
2
32
28
24
41
0
13
20
0
6
29
33
25
57
51
48
46
32
34
31
56
17
17
65
16
22
29
15
26
0
43
35
30
18
14
41
4
20
61
51
35
0
46
7
55
65
28
17
21
15
23
34
16
19
18
43
29
13
15
0
13
26
45
9
16
38
52
33
28
63
0
39
30
22
79
26
4
22
0
0
24
35
38
7
36
42
26
0
5
15
35
16
13
17
39
19
30
28
26
19
17
22
32
20
49
21
9
17
19
18
33
2
19
6
13
37
36
13
0
0
8
15
6
6
11
15
26
24
13
18
28
7
20
11
20
15
11
11
33
11
6
7
2
9
11
13
9
2
18
11
4
4
6
8
9
5
5
13
6
5
6
10
6
2
5
6
10
8
11
9
9
8
11
11
9
4
4
6
11
4
6
8
4
9
13
11
2
9
9
6
4
7
6
8
11
38
2
4
2
4
11
11
11
11
11
17
8
11
15
11
21
15
19
8
15
5
15
11
17
6
10
8
11
11
13
13
13
9
13
15
8
18
13
23
19
13
13
13
15
9
9
15
11
13
15
10
18
13
13
11
13
10
23
8
26
17
15
11
17
13
25
28
15
13
19
9
19
30
17
27
4
13
17
28
30
31
13
17
17
30
19
9
21
38
17
13
15
20
23
37
13
27
25
21
13
11
17
10
15
24
15
15
13
28
15
32
15
17
33
38
27
18
19
20
15
33
17
23
4
11
17
34
28
15
11
11
30
7
46
9
21
21
11
19
17
24
9
9
23
23
15
19
9
18
16
35
21
18
35
7
23
17
7
32
24
24
27
18
17
21
13
35
32
9
15
18
27
21
17
15
21
20
8
21
21
15
19
17
23
19
13
6
15
13
11
23
6
27
23
8
11
18
9
9
4
2
2
10
11
31
4
6
15
10
6
7
11
17
8
9
13
9
10
21
17
2
2
5
20
4
2
6
4
6
4
17
6
4
4
8
4
4
2
2
2
4
33
4
9
0
11
2
4
0
2
2
2
8
2
4
2
5
2
1
0
9
0
2
7
0
3
6
0
0
4
4
4
2
9
0
2
3
1
5
4
0
5
2
1
4
5
1
1
5
4
0
12
4
2
3
7
0
4
3
3
0
0
3
2
4
1
6
1
4
2
1
2
2
2
1
0
1
0
3
2
18
3
5
0
1
14
3
10
0
2
0
3
0
2
0
4
0
4
2
2
1
0
7
2
1
0
15
8
5
3
8
2
2
4
0
0
1
1
0
5
1
0
0
0
0
5
4
1
0
2
4
4
4
5
4
0
5
0
13
1
0
5
0
0
2
1
1
0
0
3
3
1
7
0
3
2
0
10
0
5
2
2
2
4
5
2
0
0
0
10
7
2
12
5
11
3
10
6
5
2
4
2
5
1
9
8
2
4
0
11
0
5
9
6
5
6
2
0
4
0
6
0
2
4
0
2
2
3
2
8
7
0
2
4
0
9
7
11
0
0
10
4
2
2
0
4
2
8
2
2
2
4
0
4
4
6
6
4
2
4
0
7
1
0
0
4
0
4
4
2
0
0
9
7
2
1
2
0
0
0
3
13
2
0
10
2
1
2
4
1
8
2
2
4
4
0
0
7
0
2
4
3
0
2
4
5
0
2
4
6
0
