42
37
41
53
37
69
65
34
50
66
52
54
56
63
60
53
55
57
56
69
74
74
57
51
55
67
67
51
50
30
44
43
57
50
66
33
35
38
48
67
61
66
60
46
73
53
67
12
74
67
58
53
65
36
68
63
63
61
32
14
61
32
66
37
68
58
49
52
35
56
38
27
71
77
52
75
55
44
60
60
61
59
65
64
56
76
79
66
52
48
42
55
60
48
53
46
65
60
64
32
41
51
40
59
53
51
44
73
57
43
43
66
47
74
68
28
66
47
30
67
57
58
57
47
65
68
52
36
51
55
25
15
57
22
58
36
28
44
58
59
62
69
46
58
43
43
59
66
33
45
38
50
62
51
45
13
39
42
35
65
47
47
65
52
64
61
56
48
54
55
60
39
45
49
62
43
57
50
34
59
51
41
57
49
36
37
59
64
34
56
29
59
42
47
54
44
33
49
30
40
50
28
50
14
51
55
52
57
34
36
58
55
49
37
41
42
57
32
50
43
63
57
50
57
58
35
55
61
41
41
57
51
55
55
61
56
55
47
31
42
47
61
32
51
35
52
47
55
43
51
43
42
63
56
33
58
48
47
59
67
48
59
42
35
35
36
61
57
68
64
51
69
61
61
52
53
52
55
46
59
48
65
53
64
34
43
53
65
6
2
3
2
7
3
3
3
3
2
2
3
3
8
2
3
2
2
2
1
4
8
2
2
2
2
3
3
2
2
2
3
3
4
2
2
3
2
3
3
2
3
3
1
0
3
3
2
3
3
3
2
2
1
0
7
3
8
2
3
2
0
2
3
3
2
1
6
3
3
2
3
3
8
2
2
0
3
1
2
1
1
0
2
0
2
3
3
2
3
3
2
1
1
3
2
3
2
2
3
3
0
1
11
3
3
0
2
2
2
2
3
2
2
1
6
2
1
2
3
2
3
3
3
8
3
1
2
1
3
2
8
3
3
2
2
2
2
3
3
0
2
2
2
2
3
2
2
2
2
3
3
3
3
3
3
3
2
2
2
2
2
2
3
0
3
3
3
3
3
3
2
3
3
3
2
2
3
3
2
3
3
2
3
3
2
3
3
3
3
2
1
3
1
2
3
1
2
3
2
3
3
5
2
2
0
8
2
2
2
3
2
3
3
3
3
1
2
3
2
3
2
0
8
1
2
3
2
6
2
3
8
2
3
2
1
1
2
2
2
3
3
2
0
2
2
1
3
3
1
3
3
2
3
2
5
2
0
2
3
3
1
2
3
2
3
3
2
3
2
3
2
3
1
3
3
1
3
2
2
2
0
0
3
3
3
3
3
0
0
0
0
0
0
2
2
2
0
0
0
0
2
2
0
0
0
0
2
0
0
2
2
2
0
4
2
0
0
40
2
4
4
10
8
6
4
6
6
11
0
6
4
6
0
2
2
6
0
4
0
0
0
0
0
0
0
0
2
0
2
2
2
0
2
2
11
4
6
0
8
6
8
8
15
8
15
9
6
2
4
0
2
4
2
0
0
0
0
0
4
2
4
2
6
4
6
2
0
0
2
2
4
2
0
2
4
2
2
4
0
9
2
4
6
2
4
4
2
0
2
2
0
15
2
4
2
4
2
0
6
4
2
2
2
4
4
2
2
2
4
2
0
6
2
0
2
8
2
2
2
6
8
13
8
10
4
6
4
17
10
15
4
4
0
2
4
0
0
0
0
6
40
4
0
2
4
2
2
0
0
0
0
13
2
4
2
4
0
0
0
2
0
0
4
19
0
6
0
2
2
2
0
0
2
0
2
2
6
2
0
0
6
0
0
0
0
6
4
6
0
10
0
2
0
0
0
0
0
8
4
8
2
4
4
2
0
4
0
0
2
4
4
15
0
8
2
0
2
4
4
0
32
11
2
2
4
6
6
4
6
6
4
6
2
6
6
4
0
11
2
6
6
0
0
2
4
4
2
8
2
0
0
4
8
9
4
2
6
8
8
17
10
10
19
17
12
10
6
10
12
12
8
8
10
10
6
19
6
12
10
6
12
14
12
21
23
8
10
12
6
18
12
8
6
12
14
8
16
4
10
8
10
12
16
6
23
14
6
10
17
12
14
14
10
27
14
16
21
14
18
16
12
8
14
14
10
18
12
16
12
12
6
18
12
19
12
14
14
16
6
19
12
19
19
8
12
10
10
8
12
4
4
8
10
0
8
12
15
19
8
6
8
14
8
10
10
12
15
17
17
6
17
10
19
10
14
4
12
16
8
17
19
8
10
27
55
17
4
18
21
25
12
14
31
10
16
6
8
17
6
6
14
8
10
21
17
10
21
23
6
21
25
6
12
17
16
19
14
21
12
11
6
23
14
23
27
23
23
27
8
14
14
19
14
20
10
16
16
18
18
10
37
18
18
29
8
4
23
23
10
6
19
20
6
14
6
29
21
16
11
23
16
14
16
10
12
17
14
25
4
16
12
10
12
17
16
8
41
8
8
14
8
8
21
8
25
18
19
10
10
10
10
4
6
8
14
8
12
14
14
12
17
16
14
8
18
10
8
8
19
16
10
12
6
6
8
0
12
23
23
6
14
15
10
15
17
16
17
16
12
15
10
14
16
17
31
21
4
11
15
10
10
10
14
0
0
2
0
2
2
4
0
2
2
2
2
4
0
4
0
0
2
4
2
2
2
0
0
2
2
0
2
2
8
2
4
6
17
2
11
0
4
4
2
2
2
0
4
0
0
0
0
2
2
0
2
0
4
4
2
2
0
4
2
4
2
27
4
0
2
0
2
0
0
2
0
15
2
0
0
2
0
6
17
0
4
0
0
4
0
2
4
0
2
2
0
0
2
2
6
0
0
0
4
0
2
0
0
0
6
6
0
2
0
0
2
4
0
4
4
4
0
0
0
0
0
0
0
0
0
4
0
0
2
4
2
0
2
2
0
2
0
0
0
0
0
0
0
0
6
2
2
0
2
2
0
6
4
0
0
0
2
2
0
0
4
2
2
0
2
0
2
4
0
4
0
0
0
17
2
4
0
0
4
0
0
0
4
4
2
4
2
2
4
4
2
0
4
2
0
10
2
0
0
2
0
4
4
2
0
17
0
0
2
2
2
2
0
2
0
2
2
0
4
4
9
2
4
4
4
6
0
2
2
0
0
2
2
0
0
0
0
2
17
2
0
4
0
17
4
0
4
4
2
0
2
0
2
0
2
0
0
2
0
2
0
0
4
0
4
2
2
2
2
2
0
0
2
2
8
0
0
0
2
0
2
0
4
2
4
2
2
22
22
6
20
21
18
28
19
7
26
21
6
18
23
19
19
6
5
27
23
0
27
21
21
0
37
19
0
26
27
23
1
0
22
20
23
22
29
28
16
21
5
19
2
3
0
19
3
20
24
20
17
43
29
31
20
1
7
19
24
0
36
18
0
3
34
53
19
6
25
18
7
7
20
19
3
25
20
20
10
24
0
3
0
22
18
3
15
0
34
21
0
1
3
23
15
0
2
19
0
7
26
21
9
21
22
20
14
19
20
15
0
3
22
25
28
5
22
18
3
0
20
17
0
5
22
13
23
5
24
19
6
20
22
18
17
19
11
35
21
1
3
20
16
17
19
22
0
8
18
20
16
5
18
18
0
26
4
18
3
0
24
23
16
17
19
1
0
0
21
18
22
23
22
1
22
26
0
5
25
20
0
3
18
23
18
15
23
0
4
19
0
2
23
21
0
12
31
16
18
24
18
3
12
25
17
12
5
16
0
3
20
24
23
23
17
3
0
17
17
5
7
26
18
7
36
24
21
4
28
21
18
20
25
25
1
31
19
22
19
24
16
19
0
0
7
24
0
22
15
21
22
25
23
22
19
30
21
31
29
0
19
22
23
30
23
26
15
26
16
21
23
19
25
0
3
18
21
33
24
0
34
26
23
20
39
15
0
5
15
0
27
0
0
27
31
15
23
24
24
17
0
0
36
20
26
22
27
23
0
34
20
17
0
1
28
16
0
0
14
20
44
18
16
20
27
0
0
15
0
29
0
21
0
0
16
20
0
15
0
16
26
0
16
0
0
29
18
13
0
16
0
16
17
0
16
18
0
17
18
0
0
1
0
0
22
20
18
0
26
18
21
0
4
16
0
16
14
0
1
0
9
22
0
19
17
0
18
15
0
12
0
0
21
26
18
20
15
5
0
21
0
14
0
28
16
19
1
17
3
0
15
0
17
0
2
23
25
0
24
8
7
0
18
9
18
19
2
24
21
20
11
5
14
16
21
0
29
0
18
24
22
12
22
22
0
18
14
22
30
19
26
22
22
23
23
29
3
0
11
0
26
1
23
12
23
23
43
14
1
14
0
20
12
24
0
17
18
21
3
0
2
12
0
23
33
15
18
19
20
24
10
1
15
2
0
1
25
39
26
20
23
0
27
42
0
7
14
20
0
22
21
26
21
31
0
14
0
12
0
12
21
16
29
24
0
6
26
25
0
0
13
45
16
24
30
0
23
22
23
0
26
1
0
0
35
18
0
25
26
25
1
0
14
0
0
26
28
1
19
19
23
6
24
31
14
0
30
28
28
22
18
20
0
26
22
7
7
8
12
13
12
8
7
2
13
13
6
7
11
8
6
10
10
11
6
6
6
10
11
9
11
6
8
11
8
13
8
11
11
15
8
6
7
6
23
11
4
10
6
16
12
6
4
4
8
17
13
8
8
8
13
8
21
13
10
13
8
11
6
15
19
8
6
13
8
10
8
8
19
10
6
2
15
8
19
4
9
13
11
2
6
8
11
13
17
21
19
11
7
13
4
8
6
19
21
13
9
19
8
30
10
7
15
6
17
20
22
10
11
8
11
11
26
24
29
9
6
27
27
9
19
18
16
8
26
6
45
10
15
8
16
17
15
11
9
19
32
11
26
6
33
8
26
7
21
11
6
32
33
13
13
22
17
32
35
4
18
15
34
8
36
15
21
13
13
15
28
17
32
7
8
12
37
32
24
22
17
29
7
20
11
20
21
21
23
10
15
7
15
17
8
10
17
9
21
17
6
8
15
11
11
33
9
10
15
17
9
19
4
4
10
9
6
19
22
6
17
6
6
16
21
6
13
8
10
9
9
9
8
13
13
9
17
9
17
4
11
11
23
8
8
8
11
19
14
8
8
19
9
18
15
21
6
23
19
6
8
15
13
17
8
4
13
8
9
11
13
17
7
13
11
10
15
6
11
7
11
8
2
2
11
7
6
0
4
0
6
0
4
4
4
2
2
0
0
6
0
17
0
4
0
2
0
0
6
3
0
0
11
11
2
2
10
6
6
0
6
2
0
0
6
2
2
2
4
6
0
4
8
4
15
0
8
0
0
0
0
19
2
2
2
10
11
2
2
2
4
0
4
0
4
6
4
4
2
5
2
2
4
4
6
11
4
2
13
5
6
6
2
2
0
11
6
4
4
2
9
4
0
4
63
0
2
2
2
0
2
2
0
2
0
2
4
4
15
5
8
0
2
0
4
2
0
0
0
2
2
6
8
6
29
6
6
4
15
0
0
8
8
8
4
2
2
2
8
2
0
5
2
0
0
6
2
0
8
3
17
0
0
4
2
0
0
21
0
13
4
0
2
0
15
2
2
19
11
0
9
4
9
13
0
0
2
2
0
0
2
0
2
4
2
6
6
2
4
0
0
6
2
6
9
2
6
2
2
6
7
5
4
13
4
4
2
2
17
17
10
0
4
2
2
10
17
2
4
0
0
2
2
4
2
2
0
0
7
4
0
2
4
2
4
9
3
0
0
2
2
3
0
2
4
4
0
0
0
0
13
2
7
5
2
2
2
0
3
0
2
6
2
2
6
4
2
0
3
0
9
0
2
0
0
0
0
4
0
0
4
0
2
4
4
0
2
1
3
5
0
1
1
0
2
0
2
1
0
0
7
0
0
1
0
0
0
1
0
0
2
2
0
1
4
0
0
1
0
0
0
0
1
0
2
0
0
1
3
0
0
0
1
1
1
0
2
0
2
0
1
0
1
0
1
2
0
0
0
0
2
0
0
0
0
2
0
2
2
0
0
2
0
0
6
0
0
2
1
2
0
1
0
1
0
0
0
0
2
0
1
0
0
1
0
2
0
0
1
0
0
0
1
2
0
1
3
0
3
0
0
1
1
2
1
0
0
0
1
0
4
1
0
0
0
3
0
4
1
4
1
0
1
1
0
1
3
2
0
0
0
0
2
2
0
2
1
2
1
0
1
0
2
0
4
1
0
0
4
0
2
0
1
0
2
0
2
1
1
0
0
0
0
4
0
10
2
0
0
0
2
0
1
0
0
2
1
5
4
2
0
2
0
0
1
0
0
0
1
2
1
1
1
0
1
1
0
2
6
0
0
0
10
0
0
0
7
0
1
0
7
0
0
0
2
0
0
2
2
4
1
0
0
2
1
1
10
2
1
3
1
2
1
0
2
1
0
1
1
1
4
0
0
0
0
0
4
1
2
2
4
0
0
0
1
1
0
3
2
1
0
0
0
0
0
1
2
2
1
2
3
0
2
