26
6
16
15
2
11
2
21
27
29
12
11
7
2
19
22
28
22
7
5
15
16
10
4
4
11
12
16
4
18
17
12
19
16
23
15
6
4
4
10
7
15
7
9
14
26
6
2
14
13
24
4
2
17
31
19
13
5
24
4
7
18
9
2
6
4
21
11
4
26
5
2
10
2
10
23
19
5
10
7
9
12
15
14
7
9
11
23
10
12
7
4
2
12
0
44
3
41
34
2
34
9
7
12
4
7
20
8
5
1
23
29
6
7
21
6
5
6
6
3
6
4
4
22
24
27
7
3
8
6
4
2
7
4
7
8
4
2
7
8
5
26
6
4
4
8
7
15
10
6
9
13
7
6
7
4
3
27
33
4
32
21
4
22
8
4
9
6
15
4
26
13
24
21
16
4
5
4
7
6
10
4
22
12
23
9
26
16
4
7
2
4
2
15
30
8
12
7
15
2
2
26
11
4
17
4
7
17
11
20
8
15
4
2
4
6
2
11
6
7
3
13
2
10
9
4
9
6
9
5
4
4
4
11
6
3
9
7
37
3
5
10
5
4
8
5
9
9
2
6
4
4
4
2
11
8
5
6
4
4
5
4
3
4
6
9
4
7
9
9
13
4
7
2
4
8
9
4
5
2
7
4
9
10
7
6
7
7
63
2
74
2
57
46
56
57
2
4
49
62
4
4
0
26
2
60
7
2
4
57
0
2
41
2
32
60
31
2
2
51
53
59
14
57
4
37
59
52
0
2
4
2
0
8
55
55
41
0
53
17
42
0
65
19
2
4
2
41
2
2
0
0
2
29
55
41
0
33
45
0
41
59
2
42
0
39
29
4
44
37
28
30
4
59
70
0
4
2
2
0
34
2
0
8
4
68
2
51
55
0
0
53
4
4
2
42
27
59
87
0
2
6
52
0
0
4
4
0
2
0
57
2
46
44
4
4
36
13
2
47
2
46
20
49
4
0
80
44
45
4
59
0
0
16
53
51
48
26
50
32
14
53
4
2
0
40
2
68
4
0
2
68
0
0
2
11
64
55
64
0
2
42
61
0
2
0
74
2
4
8
51
49
6
0
2
0
59
27
0
2
36
32
53
78
30
58
6
44
55
1
0
42
46
34
2
44
0
6
44
53
6
40
42
2
68
4
48
40
0
45
0
37
36
2
0
34
49
30
4
66
38
39
58
2
2
40
4
66
28
40
0
2
27
53
49
61
0
2
49
52
17
57
4
6
62
63
55
2
59
53
42
57
0
0
68
48
42
0
0
26
61
4
36
0
6
41
2
2
30
42
2
58
28
2
25
44
2
0
0
4
0
0
2
0
6
8
4
6
6
0
0
2
2
0
2
2
4
2
2
0
4
8
2
4
0
2
2
0
2
0
0
0
4
6
10
4
2
12
4
2
6
6
2
8
8
2
0
2
4
9
0
0
10
6
2
0
8
2
0
2
8
9
2
0
2
4
2
12
2
3
0
6
0
4
0
4
4
2
6
10
8
2
4
2
17
4
4
0
4
2
2
2
4
2
0
4
2
10
6
4
0
0
10
0
6
2
2
10
2
4
4
4
8
2
4
4
4
4
4
6
12
2
2
2
8
6
6
2
10
4
12
2
4
4
6
4
4
8
2
2
2
4
2
6
2
4
2
12
2
2
2
2
2
2
9
0
0
2
4
4
6
6
2
2
0
12
2
4
2
0
2
2
8
2
2
4
10
4
8
2
2
0
4
4
12
2
0
0
12
4
2
4
2
0
8
6
6
4
2
2
2
14
2
2
4
2
6
6
6
4
4
2
0
4
4
2
8
4
2
4
6
4
6
2
2
2
8
6
0
10
8
8
6
12
6
4
6
6
4
6
12
10
4
14
4
4
4
4
6
2
8
6
4
10
6
6
12
6
10
8
8
2
0
6
6
2
2
6
0
2
4
4
0
2
4
14
6
8
2
4
2
6
2
2
2
2
2
0
4
2
0
0
2
4
2
6
2
0
4
2
0
0
6
2
0
2
0
2
0
2
4
2
0
0
0
6
0
0
0
0
0
2
0
4
4
0
0
2
2
0
2
2
0
4
2
4
2
2
2
2
2
2
0
4
2
6
4
2
2
2
2
0
4
4
0
2
0
0
2
4
2
0
2
4
2
0
2
2
0
0
2
0
2
0
6
2
2
2
6
0
0
2
2
0
0
2
6
2
2
0
2
4
8
8
4
4
2
2
0
0
2
2
0
4
2
2
0
6
0
4
2
0
0
2
4
0
2
2
0
0
2
2
2
2
2
0
4
4
0
2
4
2
0
2
4
2
4
0
0
0
2
4
4
2
0
2
2
2
0
0
4
6
2
4
2
0
2
10
2
2
0
0
2
0
2
6
0
2
0
0
4
2
2
2
4
0
6
2
2
0
2
2
2
2
2
0
0
4
2
0
2
2
2
2
2
2
0
4
4
0
2
0
2
2
4
6
2
2
2
4
0
4
2
2
8
0
2
2
0
0
10
2
2
2
4
2
2
4
2
2
0
4
0
2
4
2
2
2
2
4
4
4
0
2
2
4
10
2
2
4
2
0
0
0
2
0
2
4
2
0
2
2
0
8
2
2
2
0
0
2
0
2
12
10
9
0
0
0
0
19
13
61
18
0
0
0
0
0
0
0
0
66
62
0
0
0
0
0
0
0
0
0
0
15
21
15
13
1
0
0
0
0
0
0
0
12
16
24
56
0
0
0
0
0
0
0
0
3
3
13
11
11
8
0
9
9
0
0
0
13
9
11
11
11
14
6
11
0
0
0
0
0
12
9
8
11
9
7
0
11
10
0
0
11
13
11
8
14
9
7
9
1
0
0
0
8
11
21
12
10
15
7
9
1
0
0
0
0
11
14
18
13
10
0
12
0
0
0
0
0
9
11
0
8
4
9
0
7
0
9
8
12
0
11
3
15
0
6
0
6
0
0
4
8
0
9
0
5
0
5
0
0
4
13
0
0
0
3
8
0
9
3
5
8
0
10
12
4
14
15
9
0
12
0
7
0
1
7
0
0
0
9
8
0
8
1
8
9
0
19
0
0
0
0
9
1
9
0
7
10
1
15
0
0
12
14
10
1
1
8
1
5
0
8
0
9
0
10
13
0
0
0
7
13
0
0
0
0
8
0
5
9
0
0
0
1
0
11
10
9
0
9
1
10
9
10
3
0
9
9
0
1
10
0
0
16
1
0
8
0
13
0
0
0
7
6
8
14
5
5
7
9
51
0
0
9
11
0
0
6
7
0
7
88
0
3
5
71
0
37
6
2
80
0
0
0
0
0
6
0
0
4
2
9
2
47
0
0
17
4
0
0
4
7
2
5
4
2
0
0
4
26
0
0
0
2
0
4
11
0
0
0
2
0
0
0
0
5
5
34
0
0
0
0
1
0
3
0
32
3
5
0
0
4
2
0
0
33
0
0
0
37
3
2
63
0
5
34
0
0
2
0
23
0
2
1
0
2
7
0
3
2
26
33
0
0
0
0
3
3
0
2
5
1
0
4
0
3
7
0
0
3
2
0
2
0
6
4
0
0
3
0
30
2
0
0
45
0
0
36
3
2
2
79
2
3
0
59
0
0
4
0
25
0
0
6
2
2
2
0
0
0
0
47
2
0
2
5
1
33
0
8
0
42
0
0
0
2
0
4
35
2
2
0
9
0
0
0
0
34
0
3
0
2
5
3
0
0
15
0
4
15
0
0
18
0
6
0
0
4
2
0
3
31
0
1
4
7
0
55
2
0
5
0
48
5
0
46
0
3
4
30
0
0
2
0
2
3
0
1
3
5
16
0
0
4
0
17
3
4
0
7
0
56
6
0
3
0
0
0
0
26
2
0
39
2
0
2
0
18
19
0
2
21
0
3
0
25
3
4
4
0
21
7
0
0
16
0
1
1
2
0
0
1
1
0
1
1
0
1
1
2
2
0
0
0
2
0
0
1
2
0
1
2
0
1
0
0
2
8
3
0
2
0
0
8
0
2
0
1
2
1
0
1
1
1
1
0
1
2
1
1
2
1
2
1
2
2
0
1
1
0
1
1
0
1
2
2
1
0
2
1
3
1
0
0
2
0
1
3
2
0
0
1
0
1
1
2
1
1
1
2
2
1
1
2
0
1
1
1
0
2
2
2
0
0
0
6
1
1
0
2
2
4
0
2
1
2
1
1
0
2
2
2
1
1
1
3
2
1
2
1
1
2
1
3
2
1
1
2
5
1
1
4
1
0
1
1
2
2
1
1
1
0
1
0
1
2
2
1
1
2
1
1
2
1
1
2
2
0
1
0
0
1
2
2
1
2
1
0
2
1
2
1
2
0
2
1
1
7
0
2
0
0
1
1
0
1
1
1
1
1
1
1
2
2
2
1
0
0
1
0
2
1
1
0
0
0
1
1
2
1
1
1
1
2
1
1
1
0
2
1
0
0
1
2
0
2
0
0
0
0
1
0
2
0
1
0
1
2
1
1
2
0
0
1
0
3
1
0
0
2
0
1
1
0
0
1
1
1
1
0
0
2
2
0
2
2
0
2
0
1
0
1
0
2
9
7
5
6
8
8
2
6
4
4
6
2
8
8
8
4
7
10
13
5
4
4
10
6
4
4
4
13
10
6
6
4
4
8
6
8
2
6
8
6
13
6
6
6
6
4
4
6
6
11
7
5
4
6
4
4
6
6
4
6
8
4
9
10
8
10
9
4
8
18
4
2
13
8
4
6
8
6
6
4
15
6
10
6
6
10
5
9
6
4
6
4
4
6
17
6
7
2
6
6
11
5
6
6
6
6
6
3
8
5
9
6
4
8
56
6
8
2
9
7
11
8
4
9
6
7
7
8
6
7
14
8
5
8
6
9
9
8
12
7
10
8
9
11
8
6
6
11
5
13
6
9
13
6
6
9
8
8
8
9
13
20
7
7
12
8
4
6
13
4
6
6
6
13
11
5
8
6
15
6
7
4
4
11
9
13
9
8
6
4
6
6
4
9
8
7
7
6
11
9
4
10
5
8
8
6
8
11
8
8
6
6
8
4
8
4
6
8
6
4
10
11
10
4
8
8
7
10
6
4
6
4
6
11
9
8
6
4
10
9
7
5
6
11
9
7
4
9
8
4
8
8
11
10
4
9
8
5
8
6
6
8
4
8
4
8
11
2
2
3
6
2
6
8
8
6
8
6
8
11
8
9
11
4
8
4
6
2
11
19
19
15
9
19
17
31
11
17
27
3
13
25
19
3
19
11
3
17
5
15
15
27
29
9
7
25
17
23
13
33
13
27
7
11
9
9
29
23
13
68
9
31
9
5
5
2
15
9
9
15
3
25
3
7
7
29
3
15
9
7
21
3
3
17
21
9
5
5
15
13
13
7
3
9
3
13
9
5
3
17
5
19
9
7
7
7
2
3
19
9
11
7
3
17
7
3
9
5
3
19
13
5
21
11
15
5
15
15
7
7
7
7
11
2
19
5
7
13
9
11
11
9
11
13
11
7
3
7
7
9
11
9
5
5
15
7
5
5
9
5
9
9
2
7
11
11
5
13
7
5
2
9
15
15
15
82
27
29
9
21
23
33
23
17
17
68
21
11
68
23
25
31
29
21
11
15
29
27
11
19
42
33
45
13
35
17
62
21
23
15
9
11
11
23
35
39
21
76
25
29
11
60
33
23
41
21
49
35
21
62
45
13
37
13
19
27
70
27
31
23
15
50
30
25
37
21
31
30
17
31
52
31
48
7
11
21
13
13
39
13
33
23
13
21
33
17
29
19
27
33
21
15
23
21
13
19
15
25
48
13
13
23
11
29
35
13
13
9
11
58
13
25
41
11
27
9
13
23
15
21
23
27
29
29
21
21
78
85
97
76
73
94
78
78
78
97
96
97
97
79
73
80
80
84
97
98
82
74
95
98
85
96
81
77
78
68
77
97
62
95
71
79
97
95
77
76
86
94
99
95
83
87
97
95
82
97
77
97
99
97
95
99
85
97
95
95
93
91
82
97
78
95
92
93
78
93
82
93
74
97
97
96
97
99
97
82
97
97
71
99
78
97
80
95
82
95
95
96
79
70
97
95
86
90
80
98
97
97
72
97
76
56
91
76
96
81
70
74
57
97
95
91
96
95
72
74
97
76
82
97
94
74
84
80
80
96
76
80
77
78
76
83
74
72
80
74
65
79
71
99
75
83
75
80
76
87
76
78
82
78
80
76
83
76
76
97
81
99
97
95
95
97
99
80
97
99
95
77
99
76
98
73
97
80
97
97
97
99
80
95
95
97
97
95
97
73
97
97
83
80
78
95
97
81
82
76
80
78
90
76
80
97
82
98
95
85
81
95
97
82
84
97
82
95
99
95
80
97
85
97
95
95
94
99
76
97
99
81
95
95
81
97
95
95
73
97
66
78
97
81
97
97
77
78
77
90
93
97
76
97
82
97
95
97
71
72
76
76
95
94
83
68
95
95
97
48
82
91
91
76
79
66
95
71
87
74
71
97
75
91
76
75
96
72
