4
4
6
4
4
6
6
2
4
6
2
2
8
6
10
4
4
2
4
6
4
6
6
2
4
2
4
2
6
4
4
6
6
4
6
4
4
4
6
6
6
4
6
4
6
6
4
6
4
8
4
8
4
2
2
2
4
6
4
4
6
4
4
2
4
4
4
8
6
6
6
4
6
4
6
4
4
4
6
8
11
2
6
2
4
4
2
6
4
2
4
2
4
8
4
4
4
8
2
6
6
6
2
6
4
8
8
6
8
6
2
4
6
8
2
4
4
4
4
8
6
4
6
4
6
6
6
8
2
6
4
4
4
4
6
6
6
4
4
6
2
2
4
4
6
8
2
6
2
4
4
8
4
2
4
4
8
4
4
6
4
4
6
4
2
4
6
4
8
4
4
8
4
6
4
4
4
2
6
6
6
6
4
2
6
8
6
4
6
4
4
6
8
6
4
6
2
6
4
6
4
4
4
4
8
6
6
6
4
2
6
4
6
4
2
6
4
6
6
8
2
4
8
6
4
2
6
2
4
8
4
2
4
6
6
6
2
4
4
6
6
6
4
6
10
6
2
4
4
8
4
2
4
4
6
6
4
6
4
2
4
4
6
4
6
6
8
8
6
4
6
6
14
6
6
2
4
4
4
4
6
6
4
8
4
6
6
4
4
6
2
6
6
14
2
4
4
10
8
6
6
4
2
42
8
2
4
10
4
4
4
4
10
2
6
2
4
37
10
12
8
6
0
10
2
12
8
4
4
6
0
10
8
10
2
8
6
4
2
6
4
4
10
4
4
6
4
41
4
0
6
6
10
6
4
2
0
8
2
8
8
4
6
4
10
6
2
10
6
17
4
4
4
16
8
8
0
6
8
4
14
10
14
10
6
4
0
4
8
4
8
8
6
4
0
2
6
2
4
14
2
14
4
4
6
4
0
41
4
12
6
10
6
8
10
4
14
4
4
4
2
6
30
4
10
10
35
4
10
6
8
8
6
6
2
8
16
4
8
8
6
12
4
10
4
8
6
0
2
10
4
4
2
4
6
6
8
41
8
2
2
2
10
10
4
0
8
10
10
4
6
6
2
2
2
21
6
8
14
6
2
6
6
2
4
0
4
6
2
0
10
6
8
4
10
8
8
6
4
10
8
6
2
10
4
6
2
10
6
2
2
2
6
0
2
10
8
2
8
6
8
12
4
4
6
4
4
2
2
6
4
4
4
4
6
6
39
8
2
6
16
4
8
4
14
4
4
4
2
6
6
2
6
6
4
4
4
4
6
2
6
2
10
42
2
10
4
8
6
14
38
2
10
2
0
10
2
4
6
2
0
2
2
2
0
2
0
2
0
0
2
2
0
2
2
2
2
2
2
2
2
2
4
0
2
4
2
2
2
2
6
4
0
0
2
0
2
4
2
0
2
2
2
4
2
0
0
2
2
4
2
2
0
2
2
0
2
2
2
2
2
2
2
2
2
4
0
4
6
2
4
2
2
2
2
4
4
0
2
0
4
4
2
2
2
0
2
0
4
0
2
2
2
2
2
4
4
0
2
2
0
2
0
6
2
0
0
0
2
6
2
0
2
4
2
4
6
0
6
0
2
0
2
0
4
2
4
6
6
4
2
2
2
2
2
4
6
2
4
4
0
2
0
0
2
2
6
4
2
4
2
4
2
4
0
0
2
2
0
2
2
0
2
0
0
4
0
2
2
0
4
2
0
2
0
4
2
0
2
4
0
2
6
0
6
0
2
2
2
0
0
0
0
2
4
0
2
0
0
2
4
0
2
2
2
4
4
2
2
0
0
2
4
2
0
2
2
4
2
0
0
0
0
4
0
2
2
2
2
2
0
0
2
2
2
0
2
2
0
0
2
0
2
2
2
0
0
2
0
4
0
0
0
2
2
2
0
2
0
0
2
2
0
4
0
0
2
0
4
4
2
2
2
2
0
4
2
0
2
4
0
2
0
0
2
2
0
4
2
0
2
0
0
4
4
0
0
2
0
0
2
4
0
0
0
0
2
0
0
2
0
2
0
4
0
2
0
2
2
2
4
0
2
4
0
2
0
0
6
4
0
2
4
2
0
0
0
2
2
2
0
2
0
4
6
0
0
6
0
0
0
0
0
0
66
0
0
2
2
4
4
0
0
0
2
0
8
0
0
6
0
2
0
2
6
0
2
2
2
0
0
4
2
8
2
4
0
0
0
0
2
2
0
2
0
2
2
0
4
0
2
2
0
4
0
4
4
2
0
0
0
0
2
0
2
2
0
0
0
0
6
2
0
2
2
2
0
0
8
2
2
4
2
0
4
2
2
0
2
0
4
2
2
6
0
2
4
0
2
0
4
2
4
0
0
2
6
0
4
0
0
2
6
4
6
2
0
2
2
0
0
2
0
2
0
2
0
0
4
0
2
0
2
2
0
4
0
2
2
0
2
4
4
0
4
0
2
0
0
4
2
0
2
4
0
0
2
2
2
0
2
4
0
4
2
4
4
2
0
0
0
2
0
2
2
2
0
4
2
0
2
0
4
2
2
4
0
2
2
2
6
0
2
0
0
0
0
0
2
4
2
2
4
0
4
6
0
4
2
4
2
0
0
2
4
2
0
0
0
0
4
4
0
8
4
14
2
18
2
12
4
12
12
12
4
10
2
2
4
0
4
4
4
0
2
4
12
4
12
10
12
2
8
4
14
2
10
4
12
2
2
2
6
14
2
6
2
8
2
12
2
16
4
12
6
18
0
18
4
12
0
16
2
26
2
16
2
14
2
4
0
12
4
2
18
2
4
4
18
6
21
6
20
2
17
2
19
2
10
4
12
4
10
6
18
2
14
6
14
2
14
8
4
6
4
4
6
12
4
8
2
10
2
10
4
14
4
14
2
12
2
6
18
2
6
4
2
12
2
8
0
12
2
2
12
2
18
4
18
2
12
4
4
6
14
2
14
2
8
4
20
2
14
0
18
0
0
10
6
10
4
10
2
16
4
10
10
12
2
16
2
12
4
16
2
15
4
12
6
2
4
2
10
6
12
4
14
4
12
4
16
0
12
2
12
2
10
2
4
2
2
6
2
23
6
4
12
2
10
2
4
12
4
12
8
10
0
2
8
4
8
2
2
14
2
2
4
4
16
4
14
4
6
10
4
4
2
16
0
12
0
16
4
16
2
14
0
10
2
25
4
2
12
0
14
4
16
0
14
4
18
6
27
2
22
4
4
12
2
10
2
4
6
12
2
2
0
2
0
2
21
6
14
4
12
4
2
0
6
8
2
4
2
0
2
4
6
6
4
2
2
4
4
4
4
2
0
0
4
4
4
4
11
2
2
0
4
4
4
2
2
4
6
4
2
4
2
6
4
4
2
4
12
4
2
0
2
4
2
2
2
6
2
4
2
2
0
4
6
2
4
2
0
4
2
2
6
2
2
2
13
2
4
4
2
4
2
4
2
4
2
6
0
4
4
2
6
0
8
4
6
4
4
0
0
2
2
2
6
4
6
2
2
2
2
8
0
6
2
2
4
0
0
4
4
4
0
0
12
2
4
0
2
6
4
6
2
6
8
4
4
2
2
4
2
0
4
4
2
2
0
4
12
6
2
2
2
4
2
4
0
0
6
2
2
2
0
6
4
0
0
6
4
6
4
2
2
2
4
2
4
6
4
2
0
2
4
6
4
4
4
4
2
2
2
2
2
4
2
2
11
2
2
6
0
2
2
4
2
0
0
0
2
2
10
2
2
2
2
2
2
2
4
2
2
6
4
6
4
4
4
0
2
4
2
4
4
2
2
0
2
2
4
4
4
0
0
4
2
4
0
0
2
4
2
4
4
2
2
2
4
2
4
0
2
2
2
4
6
4
2
6
0
4
2
12
0
4
0
4
2
2
0
2
6
2
4
4
2
2
2
0
2
4
0
2
4
4
0
0
2
0
0
2
4
2
4
0
2
0
0
4
0
0
0
0
2
0
0
5
0
0
4
4
2
0
4
0
0
2
2
2
2
2
4
2
0
2
3
0
2
0
0
0
2
2
0
2
4
0
11
0
5
3
0
0
0
0
4
0
2
0
0
0
2
0
2
5
0
0
0
2
2
2
0
0
0
2
2
0
2
2
2
0
2
2
2
0
0
2
0
0
0
2
0
0
2
0
0
2
0
0
6
2
4
2
2
0
4
0
0
0
0
4
2
0
2
2
2
2
2
0
2
0
3
0
0
0
0
2
0
0
3
0
2
2
0
0
2
3
0
3
0
2
0
4
0
4
2
4
2
0
4
0
0
5
0
3
0
4
2
0
0
0
0
2
0
2
2
2
0
2
0
0
0
2
5
0
0
0
0
0
0
0
0
2
2
3
2
3
0
0
2
3
2
0
0
0
0
0
1
0
5
3
2
0
0
0
0
0
0
0
2
2
4
0
2
0
2
2
0
0
2
2
10
4
2
0
2
0
5
0
2
0
4
3
0
2
2
4
0
2
2
4
0
6
0
0
4
2
0
0
4
4
0
2
0
2
0
6
0
5
2
0
0
2
2
3
4
5
2
2
3
2
4
3
0
2
0
0
0
2
0
2
0
2
0
2
0
2
2
0
4
0
0
4
0
0
2
10
0
0
2
4
0
0
6
2
0
0
4
0
2
6
0
0
4
6
4
2
0
0
0
0
0
2
2
4
2
0
4
0
2
2
0
2
4
0
2
0
2
0
0
4
4
4
0
0
0
0
0
2
2
0
2
0
0
0
0
0
2
2
4
2
2
2
2
0
4
2
2
4
2
2
2
4
0
4
4
4
0
0
2
0
0
4
4
2
0
0
0
0
0
0
0
4
2
2
0
6
4
2
2
0
2
0
4
2
0
2
2
2
4
2
2
0
2
0
0
0
2
2
2
4
2
2
0
2
2
0
4
2
4
4
4
4
2
0
0
0
0
0
0
2
6
2
0
4
2
2
2
2
0
2
0
6
8
2
2
2
2
0
4
2
0
4
2
0
0
0
0
0
2
0
4
2
2
0
0
2
2
0
0
4
0
4
2
2
4
0
0
14
2
2
2
2
4
0
2
0
0
0
0
0
0
0
2
0
4
2
2
0
2
2
0
0
2
0
0
4
6
0
4
0
0
2
0
0
0
2
0
0
2
4
0
4
0
0
0
0
0
2
0
0
0
2
0
2
0
4
0
0
2
0
0
4
0
2
0
6
4
0
0
0
0
4
0
0
2
2
2
0
4
0
11
0
4
4
5
4
4
9
4
5
11
5
7
5
7
6
4
6
4
3
2
2
2
4
4
2
2
5
7
9
7
6
5
11
7
5
9
11
9
6
2
5
7
11
5
9
9
2
7
7
7
5
7
2
3
7
5
7
5
5
4
9
6
7
2
9
7
7
5
2
5
7
3
2
9
5
3
5
4
0
3
5
7
4
5
5
4
13
5
4
2
2
7
13
5
11
15
5
5
5
11
6
2
11
4
7
7
9
5
7
9
17
7
13
4
4
13
5
6
7
11
2
19
9
4
9
2
9
4
7
4
13
4
4
5
9
5
11
3
4
7
6
3
5
5
3
0
7
4
4
9
7
5
7
6
4
7
9
9
0
9
5
4
9
4
7
7
2
7
2
7
2
2
7
7
9
9
11
4
3
6
13
7
4
0
5
2
5
2
9
7
5
4
3
9
4
6
7
2
3
7
9
2
9
5
4
4
6
7
5
7
2
13
2
5
5
6
5
7
13
3
5
5
7
5
5
5
6
7
7
2
13
3
4
0
2
2
7
9
4
1
9
6
5
4
13
4
7
6
9
7
7
6
3
7
7
9
9
6
7
9
2
7
7
11
9
7
5
2
5
7
4
4
11
4
5
9
3
6
7
2
15
2
5
3
5
4
6
37
43
33
23
88
42
44
48
45
37
28
46
46
47
44
23
33
34
45
37
41
37
38
47
41
39
43
26
78
33
49
47
47
36
83
46
61
47
41
35
30
81
57
43
47
77
29
47
45
43
39
22
24
44
39
42
43
60
26
34
34
39
39
24
37
74
45
46
42
45
24
34
46
40
29
31
43
30
46
34
41
43
31
41
45
22
44
28
39
45
44
45
37
44
43
43
61
41
41
32
36
47
35
47
78
40
30
48
62
41
37
29
31
46
40
41
60
61
31
34
83
43
29
29
31
31
46
43
39
47
31
31
44
41
23
28
30
42
36
53
34
37
29
48
45
41
29
24
56
34
45
33
30
33
24
34
37
35
45
25
31
41
46
39
39
47
33
37
39
43
33
19
31
31
42
43
43
45
41
28
39
45
31
24
28
43
32
45
37
49
29
43
50
45
38
28
41
45
33
32
43
48
31
45
44
59
31
31
73
45
43
32
43
44
43
43
37
24
34
28
68
42
45
33
45
46
39
43
33
26
43
31
41
45
45
30
35
70
22
27
29
28
41
44
32
41
45
32
33
57
44
39
22
27
29
30
35
32
35
27
26
31
31
31
22
23
24
36
28
23
29
31
46
46
47
43
45
45
32
34
32
48
47
43
61
45
81
42
