12
44
31
38
39
42
33
23
38
55
43
61
31
22
35
30
45
23
36
34
31
29
26
19
35
39
45
28
46
26
62
16
31
36
34
35
24
46
45
27
28
10
68
48
32
39
65
24
35
31
23
33
30
26
41
15
36
47
40
28
31
27
41
26
44
35
39
48
56
50
21
13
47
29
26
33
31
23
47
28
54
60
51
29
36
37
28
28
41
29
20
30
14
26
29
12
43
24
42
48
52
33
32
28
43
34
48
30
43
14
45
53
32
24
50
38
32
27
31
42
49
18
53
13
45
47
34
38
59
38
28
33
30
56
49
55
47
46
50
60
52
52
63
45
35
35
44
42
26
58
56
45
54
59
45
29
43
47
47
30
54
46
38
25
44
50
38
57
46
40
38
43
45
31
43
73
38
37
46
46
45
35
48
29
44
38
49
40
51
50
24
44
28
29
47
45
19
59
23
30
25
29
51
23
39
23
38
23
36
47
62
33
47
36
30
16
24
33
23
39
30
14
19
28
35
40
42
34
41
35
45
46
45
33
42
56
29
33
46
38
50
26
14
39
32
51
19
29
48
18
44
39
29
11
26
26
31
22
44
26
41
22
25
40
55
37
39
33
38
50
44
36
45
56
22
19
31
38
44
23
44
20
21
29
42
22
30
29
2
4
4
0
2
2
4
0
2
2
0
2
0
2
0
2
2
2
0
2
4
2
2
4
4
2
2
4
0
0
2
2
4
0
2
2
2
0
10
2
0
2
2
0
2
8
0
2
2
4
2
2
4
2
4
2
2
2
2
2
2
0
4
2
2
2
7
2
4
2
2
2
2
0
2
4
2
4
2
0
4
2
6
2
4
0
2
6
2
4
41
2
2
2
0
4
4
2
2
2
2
2
4
4
4
2
4
8
8
2
0
2
4
4
6
4
6
4
2
2
2
4
2
4
4
2
4
4
2
2
4
4
0
0
2
2
0
4
4
6
2
2
4
2
0
2
4
2
2
2
2
6
6
4
6
6
2
2
2
4
4
2
4
4
2
6
4
2
2
2
2
4
6
2
2
2
4
2
8
2
2
4
0
2
2
10
4
0
2
2
4
2
4
2
2
2
2
2
2
4
2
2
4
2
27
2
6
6
0
2
4
8
4
2
0
2
2
2
2
4
2
2
0
2
2
4
2
4
8
6
2
0
2
2
4
2
2
2
2
10
2
2
4
2
6
2
12
2
6
6
2
4
2
2
2
2
4
2
2
2
4
6
4
6
0
6
8
0
2
2
2
8
0
2
2
2
0
2
5
0
8
4
4
2
2
4
6
17
2
3
2
0
3
2
3
3
2
3
3
3
2
2
2
2
2
0
1
2
3
3
3
3
2
2
3
8
3
3
3
2
3
3
2
3
0
2
2
3
2
3
2
3
2
3
7
2
3
2
2
3
2
8
1
2
1
1
1
8
2
3
1
3
0
3
2
2
2
2
3
2
3
2
3
2
2
8
7
3
3
3
2
3
2
3
3
1
3
2
1
3
3
1
2
2
2
2
8
3
0
1
2
3
2
3
3
3
1
2
3
3
2
8
3
0
2
3
3
2
2
1
0
0
1
3
2
3
0
0
2
2
1
2
3
3
2
3
3
8
3
3
2
3
3
7
2
2
1
1
2
3
2
13
2
2
1
3
3
3
3
3
2
3
2
3
0
3
3
1
8
6
8
3
2
2
2
0
2
3
3
3
2
2
3
3
3
3
2
3
3
1
3
0
1
2
7
2
0
3
0
3
2
3
2
3
3
3
3
3
3
11
3
7
2
7
3
3
3
8
3
1
2
6
1
3
1
8
3
5
1
5
5
1
2
0
2
3
2
7
3
2
1
3
1
3
1
3
2
1
3
2
2
10
3
2
3
2
3
0
2
0
3
2
3
2
3
2
3
3
3
1
2
2
0
2
2
3
2
3
2
3
3
3
8
3
6
1
6
2
2
2
6
0
0
4
0
4
4
2
4
4
2
2
2
4
0
2
4
6
2
4
6
2
2
2
2
2
0
6
2
2
0
0
0
0
6
2
0
0
2
2
6
2
10
2
0
2
4
4
0
2
0
2
4
2
4
4
2
2
0
6
4
0
0
4
2
2
8
6
2
2
2
6
4
4
0
2
0
2
4
4
4
0
2
0
0
2
2
0
2
0
2
0
0
4
2
0
2
0
2
2
2
0
4
6
2
4
2
0
2
2
0
2
2
0
0
8
6
0
0
0
4
2
4
2
0
0
2
4
0
6
4
0
0
0
4
2
6
0
2
0
4
2
2
4
2
4
4
4
0
4
0
2
4
4
0
0
0
2
2
0
0
2
2
4
4
4
2
2
0
2
4
0
0
2
0
4
2
4
0
0
4
0
2
2
2
0
0
0
4
4
8
0
0
2
8
2
4
4
2
2
2
0
2
0
4
0
8
0
2
0
4
2
2
0
2
0
2
0
0
0
4
0
2
0
0
4
4
0
0
2
0
2
4
2
0
0
0
4
2
2
6
2
0
2
2
4
2
2
0
6
2
4
4
0
2
0
0
6
2
0
4
4
0
0
0
0
4
4
2
2
2
2
6
6
0
2
6
4
0
0
0
4
2
6
10
9
7
14
14
14
13
15
11
17
15
13
15
9
17
28
14
18
12
22
25
18
16
12
10
9
16
11
7
7
21
15
11
12
10
8
10
5
7
8
6
9
7
2
10
8
10
10
1
8
6
6
7
16
8
13
18
11
11
9
10
10
10
9
12
9
11
12
8
9
8
8
2
9
6
9
13
10
1
9
7
12
7
5
9
5
6
9
10
14
1
5
1
11
9
5
10
6
11
6
6
12
10
6
8
3
6
7
6
7
4
5
6
15
10
6
8
10
6
1
10
0
8
8
11
10
9
15
9
9
10
6
9
6
5
5
1
2
2
1
7
7
1
1
5
6
5
7
1
1
7
6
7
9
13
7
6
2
9
6
7
10
9
10
3
5
5
9
7
9
11
8
0
10
9
9
11
10
9
15
8
8
12
9
17
9
10
6
24
9
10
13
8
7
6
8
11
6
14
8
15
11
10
10
8
15
7
8
9
9
15
11
9
13
10
9
15
6
6
7
9
11
10
7
14
9
10
22
11
6
6
16
10
14
11
15
8
11
16
8
6
11
7
9
3
8
9
9
10
8
16
13
8
10
6
12
10
6
6
12
10
9
12
10
7
4
6
10
13
7
8
8
9
26
9
15
11
9
6
2
3
12
8
7
9
4
7
9
4
0
0
2
0
0
0
7
0
43
0
93
0
98
0
7
11
4
2
94
0
4
0
13
2
5
1
0
19
2
0
39
0
81
4
0
2
86
2
0
0
34
0
0
41
2
0
0
2
27
2
2
2
4
0
5
24
5
7
31
5
4
38
0
0
0
0
60
3
0
0
2
3
0
0
4
0
24
2
5
0
2
3
4
0
73
3
1
0
0
3
4
5
2
2
0
5
0
0
0
2
3
28
5
39
6
35
11
7
3
0
0
0
30
3
0
10
2
6
0
8
3
0
0
7
7
0
5
0
6
0
0
2
2
4
0
77
0
0
0
2
5
20
2
2
18
2
0
0
3
4
2
7
2
0
0
8
0
5
0
63
0
4
42
2
0
0
2
1
0
2
5
0
0
0
1
0
5
7
0
0
4
3
5
0
0
3
0
0
25
0
5
9
2
0
2
2
0
33
0
4
15
0
0
0
0
0
2
5
0
0
0
4
37
2
0
7
0
60
0
0
0
2
0
2
3
0
2
0
5
4
23
0
0
2
0
2
3
51
4
0
40
9
0
0
0
0
24
3
0
62
0
26
8
0
2
2
0
0
0
5
7
5
0
2
2
0
0
0
20
4
0
0
5
0
41
4
30
0
0
0
0
2
0
1
0
0
0
51
23
3
2
40
31
25
12
2
24
22
1
26
29
33
3
24
25
26
30
54
1
24
37
24
20
0
55
3
54
15
20
1
25
32
31
8
23
24
22
3
24
25
17
2
84
37
12
21
3
0
23
41
5
20
15
45
51
0
25
51
30
22
25
21
25
1
34
24
23
24
3
29
30
50
14
24
32
32
44
3
25
33
21
2
46
26
21
24
1
1
31
21
24
0
26
31
44
0
23
24
50
10
26
19
1
25
30
19
25
51
22
25
2
26
26
30
13
45
22
25
38
3
3
31
20
22
24
1
25
30
32
1
26
27
19
28
22
21
2
37
20
20
40
40
2
29
18
20
56
2
29
17
38
0
65
27
47
2
24
5
54
0
31
30
26
26
28
27
17
55
1
24
39
5
26
19
24
19
49
24
29
20
27
11
32
32
25
1
5
18
30
15
14
25
28
21
2
33
28
43
56
2
22
53
1
51
31
32
25
1
0
32
44
1
49
28
22
2
26
24
26
30
2
0
45
31
47
0
14
23
41
3
28
27
53
0
33
31
27
2
27
26
25
1
1
28
29
1
47
25
31
27
1
55
24
28
21
27
27
17
3
27
26
23
21
64
36
38
30
4
35
37
30
41
37
25
23
2
24
26
17
26
26
26
21
1
57
21
7
4
8
8
19
17
13
15
19
17
11
19
4
6
5
5
8
6
21
11
11
15
21
11
27
11
6
17
19
29
13
11
19
8
11
10
19
6
17
11
15
10
19
15
21
11
15
19
11
9
4
4
26
17
22
21
10
27
15
13
15
19
17
15
13
24
23
23
13
17
21
13
38
40
21
10
11
20
21
17
17
15
21
15
15
7
15
27
13
19
25
20
25
17
30
22
48
17
17
25
16
22
8
22
21
28
22
34
29
23
27
19
17
51
42
17
33
20
31
36
17
16
21
32
46
40
9
55
39
21
25
36
30
45
13
27
10
38
37
15
17
22
46
33
36
19
38
29
18
31
31
47
19
10
15
39
51
17
17
34
43
17
37
15
49
26
15
11
16
19
30
11
23
9
21
10
11
32
17
31
37
19
32
19
11
17
11
27
9
17
26
11
26
15
26
20
11
30
16
19
29
11
11
9
27
7
30
23
21
8
8
6
15
6
11
10
8
8
10
4
4
15
19
17
4
12
10
11
10
11
15
8
4
6
8
10
8
10
20
5
9
9
9
11
6
8
11
13
19
4
11
9
8
15
8
17
5
15
6
13
8
17
8
2
13
15
19
6
7
11
9
19
6
9
15
10
6
8
6
4
13
6
11
8
8
11
11
5
3
7
6
8
5
3
8
5
11
5
9
7
5
5
9
7
5
3
5
1
6
16
5
5
17
5
5
3
7
3
5
4
8
10
7
8
5
3
5
5
3
5
6
19
6
3
5
0
5
3
5
13
7
8
5
8
6
4
9
6
4
5
6
8
5
2
8
3
3
1
6
7
12
3
3
3
14
8
5
14
5
5
14
8
7
6
3
5
5
5
8
7
1
5
8
4
9
11
1
4
17
5
6
4
7
14
6
7
8
5
4
7
5
5
4
8
10
8
3
8
5
5
9
15
7
6
3
6
7
3
13
6
6
1
11
9
4
8
7
10
8
8
3
7
5
7
7
12
7
3
6
5
3
8
10
7
5
12
5
8
11
7
3
8
4
11
7
6
13
3
5
3
1
5
3
3
3
17
5
8
5
8
5
4
8
10
8
6
5
7
5
6
4
8
8
15
13
8
11
0
7
7
5
5
9
7
24
17
6
5
6
7
5
6
9
5
8
15
3
1
13
7
5
3
5
1
5
3
9
13
4
8
5
8
6
4
10
6
5
6
6
4
3
6
6
7
3
7
7
6
6
8
5
4
3
1
3
10
6
4
5
6
5
11
7
7
6
3
8
4
9
6
5
7
3
7
4
3
6
3
7
6
4
7
8
4
1
0
2
0
1
0
0
0
2
2
0
0
2
0
3
0
1
5
0
0
2
0
2
0
2
1
2
0
3
5
2
0
2
2
0
0
0
0
2
0
0
0
1
0
1
0
0
0
2
3
0
0
3
2
0
0
1
0
1
0
2
7
3
3
0
2
0
0
0
3
2
5
0
0
0
2
0
0
0
5
0
1
0
0
0
2
0
0
0
2
1
2
0
3
0
2
3
1
2
2
0
0
2
1
0
0
0
1
1
2
0
1
0
0
0
2
0
3
0
0
0
0
0
2
3
0
0
1
0
2
3
0
0
0
2
0
0
0
0
0
3
0
1
0
3
0
3
0
1
2
0
3
0
2
2
2
0
0
2
0
3
1
0
0
1
2
25
2
0
3
2
2
3
0
2
0
0
2
0
0
0
0
0
1
1
0
0
2
2
0
5
1
0
27
0
1
29
0
1
2
0
2
2
3
1
35
2
0
0
3
3
0
3
0
0
1
0
2
2
0
1
0
2
1
0
5
1
0
0
2
0
1
5
0
3
2
2
3
2
0
0
3
2
3
3
2
0
0
0
0
0
0
0
0
0
1
1
3
0
1
0
2
0
27
0
0
3
0
2
5
0
3
1
1
3
0
0
0
0
3
1
0
0
0
1
1
1
1
0
