8
13
8
10
8
4
6
6
7
13
11
10
10
10
9
6
6
4
8
8
10
10
6
10
82
6
10
10
8
10
10
6
12
8
8
8
6
14
6
15
10
15
18
11
9
6
7
12
12
14
8
17
13
6
15
19
13
8
13
38
11
15
12
11
7
10
15
31
11
8
8
7
12
9
19
7
14
19
10
4
10
10
8
6
21
13
8
13
13
12
19
13
15
19
17
13
13
12
30
9
12
11
6
17
13
10
7
8
20
19
13
13
20
13
12
12
10
19
9
15
17
9
19
5
13
9
17
11
17
8
13
19
24
9
21
12
13
27
10
25
15
17
13
11
10
13
17
64
17
6
17
15
11
13
17
12
13
7
19
8
14
10
13
13
25
16
11
10
17
15
11
10
14
9
22
15
34
23
13
17
17
15
11
17
16
17
15
19
23
15
24
11
13
13
11
10
15
14
21
17
25
9
10
10
16
10
69
11
8
12
19
23
24
6
19
12
12
11
10
11
8
4
11
12
12
10
11
9
6
17
10
14
10
16
8
14
8
11
11
13
14
17
6
7
25
10
13
6
10
10
6
11
6
13
11
11
9
9
11
13
7
8
4
11
8
15
13
15
6
11
10
8
4
18
8
13
8
13
17
10
6
8
9
6
4
12
12
7
4
8
2
2
5
0
0
2
4
2
0
2
4
4
0
0
0
4
4
2
0
8
2
2
2
6
6
2
0
6
4
2
0
2
2
4
4
0
2
4
4
8
9
0
4
2
4
2
2
2
2
4
2
2
2
2
0
2
2
4
0
2
4
4
6
4
2
2
8
0
0
0
2
4
2
2
2
2
0
6
6
2
2
4
0
8
0
2
10
2
6
8
4
4
0
4
2
2
8
2
4
11
2
4
2
4
2
4
2
4
0
4
4
2
0
2
76
0
2
2
6
2
2
2
2
6
0
0
4
6
2
2
2
8
0
0
8
2
0
2
4
9
8
2
4
9
0
6
4
2
4
6
6
6
4
2
0
6
2
4
4
0
2
2
6
0
8
4
2
2
2
6
4
2
2
2
2
6
4
2
4
2
4
2
2
0
2
2
8
4
4
2
2
4
0
0
4
4
4
4
6
2
4
4
2
2
8
6
2
0
2
4
2
4
2
0
0
2
0
4
0
2
6
4
6
4
4
0
0
2
6
2
4
6
4
2
4
2
4
2
2
2
6
4
7
2
2
0
8
0
2
0
4
4
2
0
4
0
4
0
2
0
2
0
0
2
4
0
2
2
2
2
4
0
0
0
6
0
6
4
4
6
2
4
4
4
2
2
41
58
43
64
19
47
41
63
67
61
68
47
38
35
45
63
72
56
60
22
39
58
53
29
37
45
61
33
34
34
33
60
26
49
28
54
47
37
36
64
4
49
46
29
39
51
19
47
21
38
18
42
31
4
55
16
42
44
35
32
34
36
26
34
29
36
61
57
29
39
54
62
48
52
53
44
66
64
67
28
52
43
72
54
47
26
22
40
35
13
27
40
58
55
56
44
40
59
52
68
46
24
43
53
62
56
28
23
60
65
48
48
66
47
54
59
53
47
30
72
41
47
59
27
50
61
62
49
49
49
11
38
37
53
42
62
0
50
41
37
45
53
22
45
42
48
67
31
40
36
38
32
45
56
41
50
57
68
28
41
71
44
34
45
47
62
68
46
54
15
44
32
56
44
68
32
52
36
48
40
45
59
24
25
49
36
44
48
20
59
61
50
41
37
58
51
71
62
48
51
36
40
36
63
38
11
20
47
31
24
11
22
53
24
45
48
45
32
41
33
24
31
33
40
31
38
50
31
7
28
29
36
21
36
45
42
47
32
33
43
39
48
10
27
20
38
26
18
35
11
24
12
25
38
25
40
37
26
27
34
15
11
14
2
7
4
3
4
18
14
4
5
2
5
13
3
4
14
5
3
10
9
6
4
19
9
12
2
3
2
1
0
11
18
26
13
2
2
2
2
3
5
4
2
9
5
38
38
3
2
2
2
2
2
2
2
7
0
27
2
0
2
5
3
4
2
2
1
0
25
17
8
3
4
0
5
3
2
5
3
46
0
22
20
31
23
55
3
2
2
6
23
3
0
44
31
27
14
3
5
3
2
9
2
2
12
12
43
0
0
3
3
7
0
2
6
3
4
9
33
13
21
0
8
2
3
7
0
2
2
9
3
19
2
2
9
2
7
4
2
2
3
4
9
3
4
5
0
2
4
13
4
0
2
0
9
0
2
0
0
12
3
14
5
0
2
7
0
4
7
2
3
5
10
4
5
0
49
5
5
7
2
0
2
3
6
6
4
0
6
5
5
7
8
5
2
2
6
5
2
7
43
7
5
0
6
0
2
2
4
7
1
0
6
4
7
6
2
2
0
4
0
0
4
0
0
4
2
0
0
2
0
0
0
2
2
16
2
2
0
0
0
0
2
4
4
0
0
4
27
2
2
2
0
2
4
2
35
5
0
6
4
0
0
4
2
2
0
0
2
2
2
8
0
2
5
4
6
0
0
0
2
2
4
4
0
2
2
4
2
0
4
2
4
0
0
2
2
0
2
3
0
0
4
2
2
2
0
0
5
0
0
4
2
2
0
8
17
17
27
12
13
22
12
15
23
14
9
13
30
21
13
15
14
12
16
10
16
12
15
9
25
21
15
14
13
12
19
16
11
11
11
16
20
22
10
18
17
19
14
14
13
14
15
10
24
23
13
14
9
20
13
10
16
16
15
15
26
9
14
11
12
20
15
8
12
16
14
24
15
16
15
15
13
24
18
12
7
14
11
11
15
18
17
16
30
15
15
11
13
15
11
14
23
24
21
20
10
8
18
12
12
13
13
12
17
18
19
23
12
9
9
14
12
9
12
19
19
19
5
12
12
15
14
20
12
11
7
12
8
11
13
11
12
9
8
11
15
11
7
11
3
11
11
8
9
9
10
16
12
6
7
7
9
9
8
14
11
5
18
11
20
22
10
13
28
19
23
11
11
20
32
12
9
7
11
10
7
10
10
10
11
9
17
16
18
12
16
15
13
24
10
7
13
4
11
13
13
20
10
8
19
6
13
14
13
16
17
8
16
14
13
23
3
27
10
13
9
13
16
9
9
14
17
12
18
18
13
13
8
11
10
12
10
16
10
10
12
12
9
12
13
7
13
10
10
13
7
4
7
21
5
9
18
8
18
6
0
13
17
11
25
8
10
13
12
11
9
16
16
8
14
10
14
16
5
6
8
9
9
9
8
8
7
2
0
4
2
2
2
0
0
2
2
2
0
4
4
2
2
2
2
0
2
2
0
2
0
0
4
4
2
2
2
2
2
2
2
2
2
2
2
2
2
2
2
0
2
4
4
2
0
2
2
2
2
0
2
0
2
4
2
2
2
0
2
0
0
2
0
2
2
2
0
2
2
2
2
2
2
2
2
0
0
0
2
2
2
4
2
2
2
2
2
2
0
4
4
2
2
0
0
0
0
2
2
0
4
2
2
2
0
2
2
4
2
0
2
2
2
4
2
2
2
4
2
2
2
4
0
2
2
4
2
0
0
2
0
0
0
2
2
2
0
2
2
2
2
0
2
0
0
2
0
4
2
2
2
2
2
4
0
0
2
2
2
0
2
4
0
2
0
2
6
0
2
2
0
4
0
2
2
0
0
2
6
0
0
4
2
2
2
0
2
2
0
2
0
2
2
0
2
2
2
2
2
2
2
4
4
2
2
4
2
4
2
0
4
2
2
0
2
2
2
2
4
2
2
0
2
4
2
2
0
2
0
0
2
0
4
0
0
2
2
0
2
2
0
4
2
0
2
0
0
2
0
0
2
2
2
2
2
0
2
2
2
2
2
2
2
2
2
4
4
4
0
0
0
2
2
6
4
2
2
0
2
2
0
0
2
2
2
4
0
0
0
0
17
21
17
27
86
25
23
17
15
11
0
0
5
0
41
72
34
21
18
19
0
0
0
0
0
36
0
25
27
12
28
29
0
0
0
2
30
29
24
27
28
32
0
25
0
0
0
0
0
20
26
75
69
27
19
11
12
7
17
0
0
21
2
0
32
12
21
19
3
13
0
0
0
21
46
51
28
28
18
2
4
19
0
0
44
29
43
0
2
31
19
5
19
15
0
0
0
19
18
25
38
19
18
30
17
0
0
0
2
0
26
50
49
23
9
31
20
32
0
0
0
27
20
41
40
17
21
14
13
0
0
0
0
23
34
88
2
27
35
20
19
17
0
0
14
38
29
56
54
22
21
0
0
0
0
0
9
28
31
0
0
20
27
19
11
0
0
0
9
22
34
0
33
26
17
16
9
0
0
0
20
16
0
48
47
17
22
7
14
2
3
0
0
16
27
39
37
17
15
16
0
15
3
0
20
17
0
47
18
39
18
21
16
13
0
0
0
0
25
28
32
11
40
0
0
0
0
0
0
19
35
65
70
28
0
0
0
0
0
0
0
25
72
31
28
20
16
19
0
0
0
0
19
31
57
21
88
33
24
27
12
12
0
0
39
24
0
70
90
28
0
0
0
0
0
0
0
28
32
32
26
20
17
0
0
0
0
0
0
0
0
0
0
0
1
0
0
0
0
0
17
0
0
0
0
0
0
0
0
1
1
0
6
0
0
0
0
0
0
0
0
0
0
0
1
0
0
0
0
0
0
0
0
0
0
0
0
0
0
3
0
0
0
0
0
0
0
0
0
0
15
0
6
9
0
30
0
9
10
9
5
0
15
1
4
0
8
7
0
14
9
5
3
9
0
0
9
7
1
2
0
5
0
3
1
0
0
9
7
0
5
12
6
9
0
0
1
0
5
2
6
6
0
0
0
4
1
3
3
4
0
0
5
4
3
4
4
3
0
0
3
5
0
3
0
2
0
5
2
5
3
4
0
4
1
4
2
0
1
3
1
1
6
5
5
4
2
1
0
0
1
0
7
0
1
4
4
2
4
1
8
9
3
0
1
2
5
1
2
4
0
1
4
0
0
5
0
0
4
1
5
0
5
0
1
6
1
5
3
0
5
4
3
6
4
4
7
5
8
1
0
10
0
4
1
3
4
1
1
15
0
0
19
2
0
4
1
6
5
7
0
2
0
13
0
7
0
1
5
2
1
4
2
0
0
6
6
3
3
5
4
5
3
4
6
1
7
1
2
51
0
0
12
0
0
0
0
1
0
0
0
0
0
1
0
0
0
0
0
5
0
1
3
9
0
0
3
0
2
1
3
1
1
0
3
1
3
0
3
1
0
1
0
0
1
0
1
0
0
1
3
3
0
0
5
3
0
1
1
1
1
13
1
5
1
15
1
4
4
5
0
3
3
0
7
3
5
0
1
2
3
1
5
5
3
3
1
1
0
4
1
7
3
5
3
0
7
3
3
0
0
3
1
1
5
0
1
3
0
3
5
5
1
1
1
3
3
3
0
1
1
1
0
1
28
1
1
1
3
2
0
5
5
5
1
0
3
5
1
3
3
3
3
1
3
1
1
5
1
1
3
0
0
18
3
1
4
1
1
1
1
3
1
0
1
3
3
3
0
1
3
0
5
3
5
0
2
1
1
5
7
1
0
1
3
2
3
5
3
3
5
1
3
3
3
0
7
7
1
5
0
1
5
3
3
3
3
5
5
3
1
3
3
0
3
1
3
3
1
1
0
3
1
1
1
1
0
3
1
1
1
1
3
3
3
1
0
3
3
0
1
6
0
1
3
3
1
1
23
0
0
1
1
0
1
0
5
3
1
1
0
3
1
0
0
5
0
0
0
1
7
3
5
0
3
3
1
1
0
1
1
1
0
1
3
3
1
1
3
1
3
1
3
1
1
3
5
3
3
3
3
1
3
5
1
1
1
1
3
0
32
6
1
0
7
97
0
0
0
0
0
0
27
3
28
19
31
3
46
0
0
0
0
0
21
0
0
0
31
40
0
0
0
0
0
0
45
0
2
36
31
0
0
0
0
0
2
0
51
1
0
20
44
35
51
0
0
0
0
0
27
13
0
0
45
55
0
0
0
0
0
0
8
6
15
15
19
0
87
0
0
0
0
0
0
3
16
21
14
74
89
0
0
0
0
0
41
0
16
16
39
6
63
49
0
0
0
0
40
0
18
0
34
31
73
55
0
0
0
0
7
2
0
2
33
40
54
33
0
0
0
0
40
40
0
12
62
18
97
0
0
0
0
0
53
0
18
17
29
31
0
0
0
0
0
0
71
2
24
17
21
0
61
82
0
0
0
0
33
23
30
0
21
41
25
30
55
2
0
0
16
3
17
34
48
45
47
0
0
0
0
0
36
41
23
0
35
30
68
0
0
0
0
0
22
0
25
0
44
50
0
0
0
0
2
0
47
17
0
38
40
42
34
0
0
0
0
0
0
3
14
15
22
46
23
17
22
5
0
14
0
47
0
16
0
47
45
26
0
28
13
0
2
1
23
6
2
0
1
13
86
6
13
0
2
2
2
2
0
59
0
32
12
80
0
14
6
0
20
25
16
63
16
26
16
14
6
