0
3
63
3
5
5
5
21
7
0
3
0
0
0
0
3
5
3
0
0
1
3
28
0
0
0
3
3
0
1
0
0
63
1
1
0
0
0
58
3
0
0
5
3
3
1
0
0
0
1
3
0
0
1
0
1
3
1
0
0
0
3
0
5
1
0
10
0
1
0
0
0
0
5
0
3
0
0
0
1
1
0
0
0
1
5
12
0
0
0
0
0
0
1
3
3
5
1
1
3
1
3
1
1
1
51
0
5
44
0
0
1
3
5
1
1
0
3
1
32
7
3
0
0
10
1
0
1
3
5
1
1
0
0
0
61
3
0
14
7
0
3
1
1
1
1
0
3
5
3
3
3
5
0
0
6
0
0
32
5
5
0
5
9
1
3
3
44
0
0
5
1
3
40
1
1
5
3
3
59
0
3
1
5
1
1
1
30
3
7
0
0
3
6
5
3
0
0
3
0
3
72
0
0
7
9
3
1
0
0
1
3
5
0
3
0
1
3
32
0
1
0
1
3
0
1
3
3
0
0
3
0
0
0
3
3
3
0
0
5
0
7
0
1
0
0
72
5
1
28
3
0
3
0
1
3
0
0
55
1
0
0
5
12
5
3
1
1
7
1
5
1
4
3
0
4
3
7
0
3
0
0
0
0
0
3
3
1
0
0
1
0
0
1
0
9
1
1
3
1
0
0
1
3
1
0
0
0
0
1
0
0
0
0
1
0
1
1
1
1
0
0
0
0
0
3
1
1
0
1
1
0
1
3
1
3
3
1
0
3
1
1
1
5
0
1
0
0
22
1
4
1
0
1
0
1
1
0
0
0
0
3
0
0
0
1
0
0
1
0
3
11
0
1
1
0
0
0
3
1
5
1
3
7
0
3
4
1
5
3
0
5
0
1
1
5
6
1
3
0
0
1
0
1
1
1
1
1
0
1
3
1
1
0
0
0
0
1
1
0
1
1
1
3
0
5
0
4
4
1
0
1
1
0
0
1
0
0
2
0
0
3
1
1
0
0
1
1
1
0
1
0
1
0
1
0
0
0
0
0
1
3
0
0
0
0
0
1
1
6
3
0
1
0
1
1
1
4
0
0
0
1
1
3
0
0
0
1
1
1
3
1
0
0
0
1
1
3
0
3
0
6
0
0
0
0
1
1
0
1
1
3
3
0
0
1
1
13
1
0
0
0
0
1
1
1
0
0
0
1
3
0
0
3
0
2
1
0
1
1
1
16
0
3
0
1
1
0
0
1
1
1
0
1
1
3
0
0
1
1
0
1
1
11
1
1
3
1
1
4
0
4
0
1
0
0
2
0
0
40
54
0
2
2
51
0
65
50
2
25
38
2
0
0
15
32
13
0
0
73
4
34
2
0
2
42
0
47
0
4
57
17
2
0
4
0
36
0
2
53
24
57
0
2
41
4
70
57
12
2
4
38
3
2
2
2
2
64
53
19
53
2
17
44
2
0
2
37
2
23
0
58
25
55
57
4
2
2
55
0
2
0
0
2
63
0
2
21
2
33
0
58
0
0
2
57
2
0
72
2
63
0
0
53
2
0
0
59
5
4
27
2
2
2
59
4
60
2
55
0
2
32
24
4
59
0
53
59
39
2
2
0
64
2
53
2
13
0
0
0
0
2
34
59
2
2
1
39
48
0
0
4
22
72
6
0
4
2
28
27
2
0
0
55
4
2
0
2
38
2
2
38
4
0
2
61
0
2
0
25
36
63
0
0
67
4
0
0
40
55
54
2
2
70
4
0
2
17
85
0
2
53
49
38
2
26
4
8
21
5
2
0
0
72
30
2
70
73
2
27
91
46
0
0
4
32
15
4
0
4
21
2
23
2
0
45
25
0
58
2
4
2
55
51
2
0
36
34
0
0
33
2
68
0
64
4
0
66
13
42
0
0
4
44
61
37
6
42
0
39
0
0
2
38
56
27
42
4
61
24
42
45
28
2
8
11
12
11
17
15
9
15
58
22
13
36
19
11
11
4
17
13
8
15
6
8
9
4
9
8
11
9
24
17
4
4
6
11
13
7
13
10
2
11
6
8
4
6
23
26
11
13
19
28
17
6
0
11
15
4
36
9
4
19
9
13
13
28
5
13
9
13
15
15
13
8
11
9
24
15
23
11
9
18
21
7
19
5
20
9
32
6
8
6
11
6
4
32
13
6
2
11
9
11
8
8
2
19
13
9
11
11
8
8
8
8
8
9
6
8
7
13
9
4
10
13
17
8
2
4
9
6
7
6
6
7
11
9
4
13
6
4
9
11
9
4
6
4
2
7
6
9
6
8
11
9
11
7
13
6
6
6
6
9
13
6
4
0
9
13
7
9
31
19
11
9
16
13
5
9
11
37
11
18
55
26
13
9
9
17
11
11
19
9
18
19
13
17
24
17
17
9
9
13
8
19
9
13
20
11
24
17
23
9
13
5
15
20
23
5
26
70
19
13
17
15
15
11
15
21
11
13
24
15
36
8
24
13
34
3
13
15
6
24
26
13
8
17
7
11
17
30
17
34
17
11
15
9
7
17
16
14
15
4
25
9
15
15
17
6
12
25
15
9
11
6
23
11
19
21
23
17
11
24
17
7
15
19
13
17
9
25
0
0
11
0
3
0
0
1
1
0
2
0
0
0
2
1
0
0
0
2
0
0
2
0
0
0
2
3
5
0
3
0
2
2
1
2
0
1
2
23
0
3
0
2
1
2
2
0
3
0
2
1
2
1
1
27
3
3
0
0
2
3
1
1
1
3
5
2
5
2
2
3
0
0
2
5
1
2
0
5
0
3
0
1
0
11
2
3
3
3
3
5
2
2
0
5
2
3
3
3
2
9
3
2
2
3
0
0
0
1
2
2
0
0
3
3
0
1
0
0
3
1
0
3
0
2
3
0
3
5
3
1
3
2
0
2
3
2
2
3
3
1
0
2
3
3
1
3
0
7
7
0
5
5
3
0
5
0
3
2
5
3
0
3
2
1
3
0
3
2
0
2
2
0
2
3
2
0
0
3
3
0
1
3
0
0
3
0
2
3
3
0
5
2
1
2
0
0
2
0
2
0
0
0
2
1
0
15
0
0
0
2
2
0
1
2
0
2
0
2
0
0
0
2
1
3
0
2
2
0
0
2
3
3
0
2
0
0
3
0
0
1
0
0
0
0
2
2
0
0
0
0
0
1
2
2
0
0
3
2
3
3
0
0
0
0
0
0
0
0
0
0
0
0
0
0
0
0
0
0
2
2
0
1
0
0
2
0
64
55
52
61
61
60
57
60
62
62
64
63
64
61
61
63
60
59
64
66
62
63
63
63
43
64
64
62
60
66
62
61
64
60
64
62
64
62
64
65
61
64
62
64
64
63
65
62
63
62
66
63
63
60
58
60
62
62
61
62
52
63
63
64
62
60
58
60
64
64
62
61
56
62
60
62
64
62
57
60
61
64
64
62
60
65
64
55
62
59
60
59
62
60
49
60
61
39
63
48
61
39
62
62
51
58
61
54
60
59
58
60
60
63
61
65
63
61
61
51
62
62
56
46
62
56
61
59
60
62
58
60
62
51
61
56
60
60
59
60
56
61
56
60
61
61
64
57
62
62
58
62
61
56
64
62
60
64
63
59
61
58
58
62
63
60
46
64
60
52
56
65
63
63
62
62
64
61
60
64
62
62
60
60
60
62
63
62
60
62
57
63
62
61
47
62
61
62
61
59
61
56
59
62
63
62
60
62
58
59
60
38
64
58
62
61
61
62
62
59
60
63
62
62
62
62
62
64
60
62
62
61
56
60
61
62
57
45
64
64
63
61
65
63
60
48
63
58
63
64
63
60
58
64
58
60
64
61
63
65
57
61
65
60
60
61
63
62
64
62
59
65
62
60
61
62
65
61
64
64
64
64
58
63
63
64
62
66
3
12
0
2
2
3
0
0
3
2
1
2
3
0
2
2
0
2
0
2
0
0
5
4
3
2
0
3
1
2
0
2
3
3
0
3
2
0
2
2
5
2
4
0
7
2
3
2
2
7
4
0
0
0
4
2
2
2
2
2
0
1
2
2
0
2
2
0
0
7
1
0
3
0
0
2
3
0
0
0
2
3
0
2
0
0
0
0
3
2
2
0
0
2
0
0
3
5
2
0
2
0
3
7
2
6
0
0
0
2
2
0
0
0
2
2
2
2
0
2
1
4
4
1
0
3
0
3
0
0
7
2
2
3
2
1
1
0
2
2
2
0
0
0
0
2
3
2
3
0
3
2
3
5
2
0
3
2
0
2
2
2
3
0
0
0
1
3
2
0
0
1
2
0
2
2
5
4
0
3
6
2
0
5
8
2
2
0
1
2
0
0
2
3
0
0
8
3
2
4
0
2
0
0
2
3
2
2
0
2
0
2
0
0
2
2
0
2
2
2
4
2
0
2
0
3
0
2
1
0
2
0
0
3
7
0
5
2
2
2
0
0
2
0
0
3
3
2
5
0
0
0
16
2
2
5
4
0
0
0
0
2
3
3
0
0
3
2
3
0
0
0
2
0
0
0
3
2
2
2
2
3
3
1
5
0
3
0
12
8
11
15
23
17
15
31
14
12
6
8
10
4
92
6
20
10
4
13
10
10
15
8
12
11
4
13
0
17
8
15
12
6
15
35
6
6
12
20
8
6
8
7
6
12
14
6
34
8
8
31
14
6
12
23
8
17
12
10
15
6
10
9
12
6
12
23
6
6
10
14
19
10
19
6
6
14
15
15
6
12
12
6
14
8
4
4
8
11
13
10
15
8
13
17
8
8
8
31
8
8
8
8
8
66
10
28
15
13
10
6
10
15
9
15
8
13
6
8
19
8
15
12
38
12
15
12
10
10
10
12
8
16
12
10
39
21
50
14
15
15
8
6
14
11
10
10
39
6
29
9
31
14
12
25
59
36
29
0
0
0
0
0
0
0
0
0
0
0
0
0
0
0
0
0
0
0
0
0
0
0
0
0
0
0
0
0
0
0
0
0
0
0
0
0
0
0
0
0
0
0
0
0
0
0
0
0
0
0
0
0
0
0
0
0
0
0
0
0
0
0
0
0
0
0
0
0
0
0
0
0
0
0
0
0
0
0
0
0
0
0
0
0
0
0
0
0
0
0
0
0
0
0
0
0
0
0
0
0
0
0
0
0
0
0
0
0
0
0
0
0
0
0
0
0
0
0
0
0
0
0
0
0
0
0
0
0
19
4
6
10
25
16
29
25
14
10
8
81
8
15
16
8
23
14
16
8
12
15
31
15
10
8
10
17
19
25
12
14
12
23
15
16
23
8
64
31
25
84
41
58
21
23
42
59
31
25
68
14
18
29
29
10
23
29
20
10
17
10
13
10
10
20
52
10
31
21
19
41
31
23
29
18
25
10
47
16
27
29
12
39
23
31
37
25
17
47
31
6
33
88
58
39
12
10
18
33
19
48
51
31
27
17
27
31
22
14
23
44
52
12
35
42
15
31
54
45
18
50
23
19
29
71
56
17
27
60
19
20
25
19
39
12
27
54
41
37
8
47
41
43
48
29
31
12
34
19
32
12
12
21
13
76
14
36
34
25
13
29
37
25
16
53
0
60
61
37
74
54
23
15
62
58
64
18
55
71
29
45
39
21
40
16
52
49
70
58
56
62
46
60
27
80
36
2
23
47
58
77
75
64
23
64
15
27
48
18
60
46
56
39
10
33
21
27
27
33
76
14
37
65
29
35
56
15
46
37
54
48
37
52
39
77
48
14
46
29
19
61
64
48
44
37
27
13
60
62
29
60
19
58
17
10
44
50
43
13
28
37
35
29
19
6
6
6
49
6
17
13
11
25
50
8
10
6
8
10
8
13
31
7
6
8
47
10
4
48
9
4
2
5
5
5
3
6
4
4
5
7
5
4
4
4
6
9
10
5
7
5
7
6
6
2
6
7
8
5
6
6
2
5
7
5
5
5
5
5
6
2
6
2
9
5
5
4
0
2
5
4
9
7
9
2
7
4
4
6
5
4
2
4
7
7
7
4
5
7
3
3
5
5
3
7
3
7
7
2
7
3
6
6
9
4
4
43
8
7
4
4
5
9
9
4
6
4
4
9
5
9
3
7
5
7
7
5
7
7
4
7
3
11
13
6
5
7
13
9
6
9
8
9
11
4
4
4
15
2
12
3
7
4
9
7
12
4
6
7
5
5
7
3
12
5
9
7
4
3
6
4
4
3
6
5
9
9
5
2
7
7
9
10
7
13
7
5
2
36
9
7
9
7
7
6
13
7
7
2
5
9
11
7
7
15
7
7
12
7
5
11
7
9
9
15
11
9
11
3
12
10
9
9
9
7
7
11
5
9
13
5
7
9
7
8
9
6
7
7
7
9
5
12
10
8
11
5
11
4
13
9
8
11
11
15
9
7
7
33
14
9
45
10
9
5
8
14
12
11
7
3
7
9
7
13
14
9
15
11
16
4
9
4
14
9
11
7
9
5
34
12
7
9
9
11
7
8
11
9
9
12
9
7
9
7
