2
2
0
3
0
5
3
3
0
0
3
5
1
0
3
2
0
3
2
2
3
2
2
3
11
3
9
5
0
2
13
3
3
0
2
2
2
9
0
0
0
2
5
2
2
2
0
3
3
1
3
2
0
1
0
2
3
3
0
3
0
3
2
2
2
2
2
0
0
0
0
0
3
3
3
3
1
2
1
0
1
5
1
2
2
0
2
3
3
2
2
0
3
0
3
3
3
5
2
0
3
0
0
3
1
1
0
3
3
2
3
2
0
0
0
0
1
2
0
2
1
3
5
3
1
2
2
2
3
1
3
1
0
0
2
0
0
2
2
3
0
3
5
11
3
0
3
2
2
0
2
2
3
2
9
0
2
0
3
2
0
1
3
11
7
5
5
1
1
1
0
1
3
0
0
3
0
11
1
1
3
0
9
2
2
1
2
5
0
0
2
2
3
2
5
3
2
1
1
2
0
3
0
3
0
2
0
0
1
3
0
11
2
5
3
0
3
0
1
2
1
3
3
0
7
5
2
2
3
3
1
1
2
1
0
2
2
7
3
3
5
3
2
1
2
2
3
2
11
5
2
3
2
0
1
0
3
7
3
0
2
2
2
1
3
5
5
3
2
0
2
11
3
2
2
1
3
1
3
1
2
2
3
3
3
1
1
2
6
4
2
6
6
8
4
12
2
2
2
4
6
4
8
2
4
6
4
2
8
4
74
2
4
6
4
6
8
8
4
4
8
6
10
6
2
2
2
4
6
6
4
4
4
10
4
6
2
4
4
8
8
6
4
4
8
6
4
2
4
8
6
2
12
4
8
4
6
8
6
2
4
2
6
2
2
4
6
4
9
4
8
2
4
6
6
8
4
4
6
6
9
6
6
4
4
12
4
8
4
6
6
4
6
4
2
4
2
9
4
4
6
2
2
2
6
6
83
2
6
8
6
10
2
6
4
10
10
6
4
8
4
4
2
10
4
8
4
4
6
4
6
6
4
4
4
6
4
4
50
8
4
4
6
6
2
4
8
4
4
2
6
4
2
4
4
4
4
10
8
4
56
4
10
8
6
2
6
6
6
8
4
6
6
4
8
4
10
6
4
6
38
4
4
6
8
6
10
6
6
4
2
6
6
6
4
4
6
6
2
6
4
6
8
4
4
4
4
4
2
6
4
4
4
2
6
8
6
2
6
2
4
4
8
4
4
4
4
4
2
6
2
4
6
8
4
4
2
6
8
6
2
6
2
4
6
2
4
4
72
0
6
8
4
10
6
2
10
6
4
70
4
4
6
6
4
2
4
8
6
16
6
2
2
5
6
2
2
2
4
4
4
2
4
2
0
4
6
2
2
2
0
4
4
4
2
11
2
10
0
0
0
4
2
4
0
0
0
0
0
3
2
4
4
6
0
2
6
4
2
0
4
2
2
2
0
8
4
0
2
2
2
2
2
6
2
2
0
35
2
48
27
2
4
4
6
10
4
4
2
2
0
46
0
36
2
6
4
4
2
4
4
4
0
8
2
6
2
4
4
4
2
4
2
2
2
0
2
4
4
2
4
4
4
4
2
4
2
6
15
4
4
2
4
33
4
29
2
4
0
0
4
21
45
0
4
0
36
2
2
0
2
2
4
2
2
6
4
0
2
4
2
4
4
47
2
4
2
4
3
2
2
0
2
4
4
4
0
0
6
4
4
27
6
2
2
0
4
4
0
2
6
4
2
4
4
4
0
4
2
2
21
4
4
6
4
2
0
2
2
2
2
29
4
10
2
2
0
2
4
4
4
4
0
5
2
26
42
2
0
5
2
2
2
4
4
0
4
2
6
4
0
2
38
2
0
2
2
6
2
6
2
2
4
0
4
2
4
39
4
4
4
4
4
2
2
4
2
2
2
4
20
47
2
2
2
16
0
4
4
13
4
2
0
0
0
2
0
0
0
0
0
0
0
0
0
0
0
0
0
0
0
0
0
0
5
3
0
0
9
5
2
0
3
5
0
7
3
3
3
0
3
3
0
5
13
3
0
9
7
7
0
3
3
9
2
0
3
0
2
0
5
0
5
0
7
0
5
0
3
2
3
5
9
3
0
3
3
0
5
3
5
0
2
0
5
0
5
0
5
0
5
3
3
0
3
0
3
2
7
0
9
0
3
0
0
7
3
0
2
3
7
5
0
3
5
0
2
3
5
7
0
7
5
3
0
5
5
7
0
0
5
0
0
9
2
0
0
3
5
0
0
9
3
0
0
0
0
0
5
3
0
0
0
0
11
0
7
7
0
0
3
0
0
0
0
0
0
0
0
0
0
0
0
0
0
0
5
0
3
0
2
0
3
3
2
0
9
5
7
5
3
3
5
3
0
11
0
5
0
5
0
0
0
0
0
0
0
0
0
0
0
0
0
0
0
7
0
11
0
3
0
3
0
5
0
11
1
2
0
3
0
9
0
11
3
5
7
7
0
3
0
3
0
7
0
7
0
2
0
3
9
9
0
3
0
0
0
3
0
11
9
0
9
5
0
0
3
11
0
3
5
3
2
0
5
7
0
0
3
3
0
0
7
3
0
5
7
13
0
0
3
7
0
0
11
5
5
0
9
2
0
0
9
3
0
0
1
2
0
0
13
3
9
35
17
5
17
15
9
23
7
19
9
5
7
19
5
9
9
9
9
7
7
19
9
9
3
11
5
13
23
7
7
7
11
7
13
5
7
7
13
9
7
19
3
7
11
13
7
21
7
9
7
9
7
17
5
11
13
17
7
5
15
9
5
15
9
15
15
11
9
11
9
9
19
29
31
9
9
11
9
9
15
23
9
13
7
13
17
9
7
29
9
9
13
11
11
11
9
17
7
17
31
3
23
15
9
7
17
15
13
9
11
11
11
11
9
5
7
15
13
17
29
5
15
15
23
11
5
7
9
3
13
21
19
3
7
3
25
13
11
11
13
9
11
3
17
11
21
19
5
11
21
7
9
11
21
11
21
11
21
25
17
52
15
5
5
7
43
9
5
3
11
17
25
23
15
55
7
13
29
19
9
9
27
13
19
21
9
33
9
5
21
11
17
68
9
13
27
15
11
5
9
9
17
7
11
19
9
21
15
15
11
19
19
15
13
29
53
9
11
33
9
5
15
13
13
33
27
21
13
25
7
21
7
27
17
7
15
5
39
15
7
15
11
29
15
23
9
23
11
13
17
19
17
9
21
7
7
7
11
13
15
9
19
23
25
25
9
11
9
17
27
33
13
13
9
15
7
13
17
21
15
25
13
5
5
23
21
13
4
4
6
6
8
6
6
8
4
10
4
8
4
6
4
6
4
8
11
6
15
6
10
8
8
15
11
15
13
13
15
19
13
11
13
10
16
18
17
19
10
19
13
13
14
17
15
11
11
14
13
13
11
13
15
15
14
9
14
17
17
14
21
13
13
13
11
10
11
11
15
15
13
17
12
9
12
13
13
14
24
11
17
11
15
14
14
13
4
16
12
10
13
15
13
11
9
15
16
11
12
9
8
17
10
13
14
7
15
16
12
10
23
10
11
4
13
10
15
9
10
7
6
11
10
13
16
9
9
11
9
13
13
10
19
12
14
11
16
13
8
15
13
9
9
13
13
6
14
11
12
14
17
12
8
34
52
51
45
46
51
36
49
2
2
2
4
2
2
4
2
2
2
4
2
6
4
38
4
4
4
4
2
4
4
2
4
2
0
2
2
6
4
4
2
2
2
2
2
4
2
2
2
6
6
4
2
6
2
4
2
4
10
4
2
4
2
2
8
4
2
4
4
2
0
0
4
4
4
4
2
8
4
6
10
2
2
4
2
4
6
8
4
4
2
10
2
2
4
0
2
4
4
6
2
4
2
4
4
2
4
4
4
4
4
4
2
51
4
4
6
2
6
2
4
6
6
8
4
2
2
6
2
0
4
0
2
4
10
8
4
6
7
9
18
8
15
9
9
9
20
27
8
4
29
16
8
5
6
8
34
4
21
6
7
6
8
6
4
25
22
6
2
4
15
18
4
6
7
9
8
19
4
25
6
12
23
21
8
6
5
10
8
0
6
4
7
6
8
7
6
4
11
6
17
6
10
15
19
19
17
19
28
33
24
19
15
11
6
24
25
27
32
7
21
12
6
10
20
32
21
26
13
34
13
21
13
32
28
34
11
19
9
32
17
26
19
15
23
14
22
13
20
13
17
41
34
15
31
33
39
40
35
29
32
23
42
30
48
46
5
31
43
22
47
34
38
38
37
31
26
24
28
13
22
26
27
27
20
35
7
29
11
20
19
35
43
21
11
32
11
26
29
37
27
28
35
28
27
25
33
35
13
33
9
22
34
17
36
11
36
13
16
22
32
32
56
45
40
26
31
30
15
24
20
22
18
32
10
6
11
28
9
11
19
10
6
5
24
9
6
8
13
6
9
22
9
2
7
7
4
17
20
2
7
9
10
16
16
4
9
8
6
26
11
10
25
8
7
5
11
8
6
4
13
40
2
36
4
8
8
4
6
17
11
4
17
4
13
4
27
6
34
6
4
6
7
5
17
6
26
6
6
33
9
17
9
7
6
6
11
11
6
9
8
11
5
2
2
9
3
0
2
4
5
7
7
2
2
15
5
0
3
1
2
9
3
11
7
9
7
9
6
6
0
3
5
4
7
7
4
7
5
5
4
1
3
3
2
4
5
5
2
2
4
11
3
4
4
4
2
0
6
2
4
5
3
2
3
3
7
9
2
2
0
2
5
6
5
5
4
4
4
7
4
2
5
6
5
2
6
0
0
2
9
2
4
6
3
4
5
11
11
2
4
2
4
11
2
6
7
2
2
0
2
2
5
4
2
2
3
5
2
2
4
0
9
5
3
4
2
4
7
5
4
4
7
7
2
7
5
4
3
5
2
5
15
2
4
4
4
2
2
5
2
4
4
4
2
5
3
2
0
7
3
5
2
6
4
2
0
2
0
4
2
2
6
4
3
5
1
2
5
7
4
9
7
7
6
7
15
2
6
2
2
6
6
1
4
4
0
0
3
9
4
4
5
9
7
9
5
7
2
5
0
4
4
4
0
3
2
4
13
4
7
4
5
7
4
7
6
2
9
3
5
9
2
0
7
4
2
2
11
2
4
5
2
6
2
4
0
11
3
4
4
4
5
3
7
5
2
6
11
5
2
5
6
7
7
4
2
3
7
6
9
2
2
4
5
7
7
2
9
2
7
6
4
4
0
2
9
6
7
3
19
19
17
17
18
16
17
18
18
17
15
17
18
16
17
18
18
18
17
18
18
18
16
17
15
18
18
18
17
17
17
18
18
18
16
18
16
17
17
18
15
18
17
17
17
18
16
18
17
16
18
18
15
18
18
17
18
14
18
17
14
17
16
17
16
16
17
17
18
18
18
18
17
18
18
18
17
17
14
18
17
18
17
17
16
17
18
16
18
16
17
19
17
15
18
18
18
16
18
14
18
18
17
18
17
15
18
17
18
17
18
16
15
18
17
18
18
18
17
18
18
15
17
16
16
17
18
16
18
15
18
18
18
18
17
18
18
18
15
15
14
17
16
17
17
18
16
17
18
17
17
15
16
14
16
18
17
18
14
14
17
18
18
18
15
18
18
18
18
18
17
19
17
18
19
19
18
13
18
18
18
18
18
18
18
18
18
18
19
16
18
17
18
18
18
18
19
18
18
18
17
18
18
18
18
18
18
19
18
18
18
16
19
17
18
17
18
18
18
18
18
19
18
18
18
19
19
18
18
18
17
19
18
18
18
18
18
18
18
18
19
18
18
18
18
18
18
18
18
19
18
18
19
18
19
19
18
18
18
18
18
18
18
18
18
18
19
18
18
19
17
19
18
17
18
18
17
18
18
18
18
18
18
18
18
18
18
18
2
10
6
16
11
2
2
4
10
14
7
0
0
4
0
14
10
4
6
0
8
2
10
4
6
6
6
6
12
6
6
4
15
4
8
10
4
8
6
6
10
2
2
2
11
8
14
0
6
2
12
12
4
17
6
2
17
2
15
4
6
2
2
12
10
10
8
6
2
8
4
6
8
0
6
2
4
6
8
2
13
4
8
10
2
2
10
14
11
11
6
4
10
12
6
2
2
0
8
15
9
12
11
8
2
0
13
2
2
4
6
14
12
8
10
2
6
2
8
8
12
8
2
8
8
4
2
2
2
2
8
0
12
2
4
10
13
4
6
4
2
2
0
0
0
4
2
2
0
4
4
4
4
6
2
10
0
8
0
10
2
16
4
4
2
6
24
12
2
2
8
12
4
25
8
0
2
10
10
2
6
4
2
12
8
15
8
2
2
2
4
10
12
0
6
8
12
10
13
2
2
4
10
10
12
6
4
4
2
10
2
4
10
2
13
17
7
8
6
12
6
4
12
0
8
4
4
8
14
2
6
0
8
13
4
4
8
0
2
2
6
6
10
10
2
13
6
0
6
8
4
10
2
2
4
2
2
0
4
2
4
2
4
8
4
4
2
0
0
2
4
8
4
8
6
6
8
4
2
4
19
14
6
4
15
4
12
8
