9
58
46
58
71
45
55
65
32
58
66
36
60
74
47
82
53
44
79
85
72
78
67
56
10
58
58
36
43
60
67
78
48
62
64
48
39
57
54
33
49
41
43
38
64
49
43
47
49
39
59
28
37
48
30
47
52
35
52
36
84
57
76
70
62
43
36
47
45
93
92
17
71
91
0
84
76
53
72
86
45
74
65
45
54
36
51
59
57
64
71
66
28
55
76
70
55
78
42
64
55
79
43
41
53
76
66
55
0
54
62
73
56
85
73
55
80
80
70
79
70
39
37
64
77
84
57
60
64
57
56
54
58
66
57
47
57
65
71
54
43
45
60
72
47
77
70
66
61
43
59
43
57
41
79
70
71
66
70
64
81
69
52
41
85
57
70
72
47
46
70
74
72
57
66
89
55
71
66
79
64
40
74
79
61
77
73
74
64
85
56
66
84
66
47
75
47
41
64
66
0
77
72
34
62
36
57
74
54
54
68
45
53
49
69
65
30
64
65
53
80
47
43
38
41
81
45
44
40
73
45
40
41
32
53
0
56
61
68
81
26
89
62
28
62
38
68
77
49
43
56
49
59
43
43
31
67
45
45
49
91
36
24
65
32
72
27
30
42
32
70
18
61
58
41
40
43
33
33
30
36
33
39
52
34
42
19
22
2
2
0
0
3
0
1
2
0
2
2
0
0
2
2
0
2
0
0
2
0
3
0
2
0
2
3
0
2
2
0
0
2
0
0
2
5
2
2
2
2
0
2
5
0
11
0
4
2
4
6
4
0
4
1
2
7
0
4
2
0
0
3
2
2
2
4
2
2
3
2
2
2
6
2
2
6
2
1
2
4
2
4
0
2
0
0
3
2
5
2
2
0
0
7
2
3
2
2
0
2
6
4
0
0
2
2
6
0
2
4
0
4
0
2
2
2
0
0
0
2
0
2
1
5
0
0
2
3
2
0
2
0
2
2
0
2
2
0
0
0
0
1
2
2
3
0
2
2
5
1
2
0
6
4
0
0
2
2
0
0
0
2
0
0
0
0
0
4
2
0
2
0
0
0
0
0
0
0
0
0
0
0
0
0
0
0
0
0
0
0
0
0
2
0
0
0
0
0
0
0
0
0
0
2
0
0
0
0
0
0
0
0
0
0
2
0
0
0
2
0
0
0
0
0
0
2
0
0
0
0
66
2
4
0
2
2
3
4
4
2
2
8
2
4
2
2
2
2
2
2
0
0
2
2
0
0
3
2
2
2
0
2
0
3
2
0
11
2
2
0
2
4
2
0
5
4
0
0
0
0
0
2
0
0
0
0
0
2
0
0
0
2
0
4
2
0
2
0
2
4
0
2
4
2
2
0
2
2
8
0
2
2
0
4
2
2
2
0
2
0
0
0
0
4
0
4
2
4
8
2
2
0
2
2
2
2
2
2
2
0
4
4
0
2
0
2
0
2
0
0
2
2
2
2
0
4
2
2
2
2
4
0
0
7
2
4
2
2
0
0
2
16
2
4
2
2
4
8
4
0
2
0
2
4
2
0
2
4
2
0
2
2
2
2
2
2
0
2
0
2
2
4
0
2
0
2
2
2
4
4
0
4
2
2
2
4
2
2
4
2
2
0
15
2
9
0
2
4
3
0
2
2
0
0
0
2
0
4
8
2
2
0
0
2
2
4
2
4
4
2
2
2
2
0
2
2
4
0
2
0
2
4
0
4
4
2
3
0
0
2
0
4
0
0
2
4
0
4
2
2
2
2
4
2
0
2
4
4
2
0
2
0
0
0
2
2
0
2
0
2
0
4
2
4
2
2
2
0
2
0
0
2
2
4
2
4
0
2
3
2
2
4
2
7
4
4
11
2
2
2
0
0
0
2
2
0
2
2
7
2
2
0
0
2
4
0
4
4
2
15
0
4
2
2
0
2
4
2
0
2
4
2
2
2
2
2
2
6
2
0
2
2
0
0
2
9
9
5
9
10
11
6
9
9
7
7
15
6
9
8
10
13
9
10
8
7
6
5
11
7
7
5
37
6
7
5
7
6
4
12
10
8
9
9
10
6
9
17
9
6
11
11
10
8
6
9
9
11
11
2
15
12
17
9
15
11
7
19
8
5
11
7
15
17
10
15
10
8
5
9
7
9
6
35
25
7
14
12
13
13
10
3
11
5
12
20
15
13
14
39
25
20
15
13
15
6
11
5
13
11
9
20
15
11
8
11
19
15
18
12
11
4
9
15
17
12
17
7
17
7
13
13
7
14
7
19
14
12
12
20
12
22
10
11
9
8
13
6
11
11
20
17
7
21
18
27
21
22
15
18
17
21
12
26
13
38
12
43
11
17
22
23
17
21
19
14
12
12
18
11
15
13
12
17
12
14
14
21
15
36
34
21
26
14
7
11
11
9
15
3
11
16
7
18
17
15
18
7
19
11
13
3
13
14
14
9
11
16
11
18
20
14
15
12
12
11
10
9
14
17
34
18
9
18
14
13
7
14
17
4
12
7
11
14
8
23
12
10
21
10
17
15
14
12
7
7
9
9
10
18
5
17
11
9
20
7
7
15
11
5
7
10
15
5
12
11
12
20
13
18
12
9
7
8
15
13
11
17
10
9
11
13
13
6
4
10
6
6
12
10
8
6
8
6
12
12
8
8
2
10
8
6
10
12
12
10
4
10
8
10
6
8
4
8
8
10
8
10
10
10
2
6
4
6
10
10
10
12
10
14
6
4
10
6
2
4
8
10
4
12
8
10
14
6
8
10
12
8
8
12
6
6
8
8
8
10
2
2
8
8
10
10
8
6
12
8
10
4
8
14
10
4
10
12
8
4
10
10
8
12
10
10
6
4
4
12
10
12
4
10
8
16
10
10
8
4
16
10
10
10
8
10
8
8
4
6
4
4
12
8
6
10
12
10
8
6
8
8
14
4
8
6
10
4
8
8
8
10
10
10
10
6
8
6
10
10
8
8
4
4
6
10
4
10
12
8
10
6
8
14
12
10
6
6
6
6
10
10
10
10
8
14
10
8
12
2
6
6
6
8
8
8
8
6
8
10
8
6
6
6
4
12
6
8
8
10
8
4
8
6
4
6
4
8
8
10
8
6
8
16
12
10
4
12
10
8
8
10
8
4
14
10
10
4
10
2
12
10
14
8
8
6
12
12
6
2
10
6
8
10
6
10
4
10
8
8
10
8
2
6
10
8
10
12
12
8
6
8
10
6
6
8
10
4
10
10
4
8
10
8
6
4
8
2
10
10
10
6
8
6
10
21
13
6
10
15
6
7
8
8
10
17
8
10
15
12
14
10
6
12
13
6
17
8
6
6
4
10
10
10
10
4
10
8
6
21
19
8
13
15
12
17
8
15
8
8
6
10
6
6
15
10
10
10
15
12
12
17
8
15
14
8
10
15
12
12
6
10
19
10
27
13
10
17
10
21
10
19
12
23
12
15
14
12
21
35
35
29
13
14
19
19
25
10
35
48
12
35
14
31
19
12
10
6
14
10
23
27
10
13
10
12
29
8
17
10
8
29
8
10
25
14
10
23
19
16
25
15
27
29
19
8
8
6
8
8
15
6
6
6
6
4
6
8
2
10
4
6
6
6
4
4
2
12
8
4
8
2
4
4
10
2
2
4
8
4
10
6
6
6
10
10
4
6
4
4
8
2
8
8
6
2
6
6
8
8
4
6
8
4
8
2
8
12
4
6
10
6
10
6
10
12
4
2
6
10
15
10
8
2
6
6
6
8
2
8
8
4
10
2
4
6
2
6
4
6
4
6
4
6
10
4
6
10
2
0
4
8
4
10
8
39
2
4
6
8
31
35
8
6
8
8
8
4
4
8
6
8
4
2
37
6
12
8
4
12
8
14
6
8
14
4
4
8
12
8
17
6
10
10
10
8
6
12
10
6
10
15
10
2
6
8
13
10
8
4
8
6
6
9
7
4
15
4
10
5
6
8
6
4
6
4
2
6
6
2
4
4
4
11
7
4
6
9
8
4
2
7
6
4
10
13
5
6
5
8
19
7
9
4
9
6
10
8
19
16
17
15
13
28
11
6
17
11
10
19
19
8
35
27
11
16
6
9
15
8
6
14
9
7
21
24
13
4
11
18
11
42
29
27
4
38
20
0
23
9
63
11
28
0
15
14
11
13
16
8
12
11
15
19
11
17
26
21
57
27
15
13
6
26
7
10
22
21
12
11
28
13
31
9
22
29
20
23
26
23
29
17
11
8
9
18
16
13
13
17
10
10
17
15
12
16
7
4
17
4
15
21
23
6
9
23
30
9
17
17
11
10
6
18
21
10
10
34
23
11
9
0
10
8
19
10
9
12
25
17
13
10
30
6
12
17
15
11
15
13
17
10
10
7
0
4
7
15
4
15
11
9
19
19
13
17
17
23
4
12
6
10
8
9
11
19
11
16
0
5
15
16
14
21
12
16
14
7
11
18
21
7
25
20
9
11
21
23
13
13
11
22
22
16
15
15
6
4
8
6
4
8
4
6
7
11
6
6
4
8
6
11
4
2
7
7
5
2
8
8
4
4
6
6
8
8
7
2
6
6
4
0
2
0
2
2
0
0
0
0
2
2
2
2
0
0
4
5
0
0
0
0
0
4
0
4
0
0
4
0
0
2
2
2
10
0
0
0
2
0
0
0
2
0
2
2
2
2
8
6
6
2
2
0
4
0
0
0
4
2
0
4
3
2
4
2
0
4
4
2
2
4
0
2
0
2
2
2
2
0
0
2
0
2
4
0
6
2
6
2
0
0
0
2
2
2
0
0
2
2
0
18
6
0
12
0
7
2
0
4
4
2
6
7
10
6
0
2
2
6
4
2
2
0
2
2
0
0
2
0
2
2
2
0
0
2
2
0
2
4
2
0
2
0
4
2
2
4
2
0
4
2
3
2
0
2
4
0
0
8
2
2
2
0
0
0
2
2
4
2
2
2
2
2
0
2
2
0
0
2
0
2
2
0
0
0
2
4
2
4
2
2
2
4
0
4
0
2
4
4
0
0
2
2
0
0
2
2
2
0
0
0
0
2
0
2
2
0
2
2
0
2
2
0
0
0
4
0
0
2
0
0
2
2
2
2
2
0
2
2
0
0
0
4
0
2
2
2
2
0
0
2
0
0
2
2
0
2
2
2
0
2
2
0
0
4
0
0
0
0
4
0
2
4
2
2
0
2
4
2
0
2
2
2
0
2
0
0
2
34
27
21
14
7
10
15
19
20
16
19
16
19
13
7
6
7
15
7
25
33
23
26
32
42
15
20
24
11
3
3
18
0
17
23
36
20
12
22
12
5
11
16
15
10
11
21
14
22
14
15
19
9
6
18
13
34
17
8
12
22
10
19
11
29
17
14
14
29
25
16
15
15
17
18
26
8
7
15
16
15
13
14
14
17
20
16
15
6
16
19
19
29
33
13
22
23
10
12
30
6
26
29
17
15
11
10
22
19
40
25
12
20
12
4
13
22
17
19
38
39
17
30
15
5
13
11
16
13
10
19
18
36
22
16
27
17
8
37
28
13
10
16
0
5
14
13
8
13
8
37
14
11
18
0
15
16
16
21
26
8
4
14
13
11
17
6
11
13
7
18
5
14
3
7
16
12
6
27
10
10
45
15
12
6
10
9
10
40
13
11
12
12
3
7
12
9
11
12
6
9
30
21
12
13
18
13
11
8
8
25
22
16
16
25
13
10
32
20
26
39
27
23
11
24
16
18
29
18
12
17
12
11
17
9
11
13
16
21
10
14
12
9
16
26
4
12
7
0
24
5
9
12
19
9
10
8
12
10
15
7
13
3
7
7
9
16
5
8
11
11
5
11
7
23
5
7
6
8
7
19
21
8
7
6
12
12
5
0
0
3
0
3
1
1
0
1
0
0
5
3
0
1
0
3
1
0
3
3
1
0
1
3
3
1
1
9
0
1
1
0
1
0
0
0
1
3
0
1
0
0
0
1
0
3
0
0
1
3
7
0
1
0
1
0
3
0
5
0
0
1
7
3
1
1
1
1
0
3
1
1
3
5
5
0
1
0
0
3
0
1
0
0
5
0
1
0
3
1
1
0
3
1
0
0
0
3
0
1
1
0
1
34
1
1
7
3
0
0
0
0
3
1
0
1
1
0
1
0
9
1
16
0
1
0
1
1
0
5
0
1
1
0
1
0
1
0
1
0
3
1
0
1
0
7
3
0
1
1
0
3
1
1
0
1
1
5
1
0
1
1
1
7
0
1
0
0
0
1
3
0
1
1
0
3
0
0
0
0
0
0
0
1
0
0
1
1
0
0
0
1
1
0
1
1
1
0
1
1
1
0
0
0
5
1
0
0
1
1
0
1
1
9
0
5
1
1
1
7
0
1
7
0
1
0
0
1
0
3
1
0
0
0
1
1
0
1
1
1
1
1
1
11
0
0
3
0
0
0
0
1
1
1
1
1
3
0
3
3
0
0
60
1
3
1
0
1
0
3
3
3
7
0
0
1
3
1
3
1
1
0
1
1
3
3
1
