37
36
38
30
32
32
28
33
37
32
30
35
34
36
29
30
28
31
26
28
29
27
29
32
35
31
33
37
36
30
30
29
37
32
31
37
37
37
29
34
34
37
36
32
26
36
36
28
36
37
32
35
28
36
30
35
31
34
34
36
37
31
38
31
29
28
30
36
36
33
32
37
32
29
35
34
37
32
32
26
37
36
31
37
31
38
28
32
31
31
33
35
31
25
37
35
37
29
17
26
33
28
33
31
32
25
31
36
33
32
29
30
30
32
30
29
24
35
27
33
33
27
26
31
29
35
29
27
34
35
38
37
37
36
34
28
31
38
22
37
34
36
37
29
25
28
30
33
29
30
33
31
31
34
34
35
36
31
38
27
31
35
35
32
29
29
31
26
27
25
32
34
28
27
35
36
32
36
33
28
28
26
26
31
31
35
29
26
31
31
31
26
28
31
26
18
24
26
32
30
29
29
28
29
27
22
24
28
28
22
24
28
24
28
22
27
24
30
32
33
33
27
25
31
33
31
30
25
33
26
26
26
29
25
31
28
34
32
26
31
27
32
24
32
31
29
32
30
25
28
29
29
32
31
24
25
30
28
27
24
31
32
26
32
28
27
28
25
25
28
24
34
27
30
30
29
32
31
22
21
28
30
26
28
20
31
24
27
31
35
38
36
20
31
31
37
37
37
28
31
38
37
31
30
30
33
37
23
38
37
26
33
37
38
38
37
33
32
37
37
33
37
30
34
37
38
37
35
31
30
37
28
36
38
32
30
39
37
36
37
30
30
33
30
37
34
32
37
37
35
37
38
31
38
28
37
36
30
37
37
31
37
36
37
37
36
31
37
37
33
30
36
37
37
36
33
30
38
34
37
36
30
19
37
24
21
35
24
22
15
27
22
25
18
32
37
37
35
37
26
32
34
37
36
31
28
32
34
28
36
36
26
32
25
35
36
30
30
34
33
37
33
26
28
36
38
35
37
27
31
32
33
36
36
35
31
38
32
34
29
37
31
37
35
38
31
37
31
30
36
31
31
35
28
31
37
36
37
29
31
37
28
37
36
37
33
35
35
30
33
33
29
37
33
37
37
36
26
30
37
36
38
37
32
28
24
37
34
33
33
37
36
31
33
35
32
33
29
27
32
33
31
36
31
37
36
29
29
36
34
37
34
32
32
33
31
38
30
32
31
32
24
32
37
32
33
32
32
33
31
31
31
32
34
37
32
31
37
33
35
37
37
28
35
36
30
30
32
30
33
33
38
38
37
31
32
37
33
35
31
32
34
33
37
36
37
32
32
31
28
32
38
32
32
37
36
46
10
17
28
44
40
31
30
67
49
48
58
47
33
37
36
17
17
67
35
51
53
18
24
38
25
25
10
25
36
46
39
11
56
39
15
25
22
20
19
31
21
24
19
20
22
22
19
30
19
15
23
32
9
45
72
57
19
13
38
24
15
6
24
23
17
42
27
70
17
22
27
50
15
33
9
38
39
56
47
22
19
36
32
28
21
9
34
21
68
26
36
14
23
19
28
23
44
40
31
28
22
37
29
26
35
27
13
36
29
32
17
32
83
46
30
26
40
24
13
46
53
17
36
25
42
26
60
37
38
42
28
21
45
57
17
55
30
28
36
17
51
34
23
23
58
18
36
45
15
30
15
42
29
14
26
21
29
39
48
9
26
28
31
13
13
23
34
35
36
34
56
32
15
25
57
36
34
35
20
26
54
19
19
26
38
50
41
25
37
60
23
31
45
32
28
29
33
48
69
36
44
28
23
40
36
27
24
33
33
20
19
30
20
32
26
22
28
45
15
9
17
17
19
11
13
11
24
32
13
15
19
18
20
30
32
15
20
22
26
21
27
22
44
21
24
31
15
23
18
20
8
10
9
5
15
18
17
6
4
7
0
15
4
12
7
5
22
7
8
11
8
3
3
15
3
9
7
5
5
4
11
9
13
8
5
2
3
0
0
4
2
0
0
2
4
0
0
0
2
0
2
4
2
4
4
0
2
0
4
14
2
0
2
8
8
2
2
0
4
0
4
6
2
0
2
6
4
4
4
0
0
2
2
2
0
4
4
2
0
0
4
4
0
6
2
2
0
2
2
0
4
2
2
0
4
2
2
0
2
0
2
4
6
4
2
2
2
0
0
4
4
4
0
2
4
2
4
2
6
4
0
2
0
4
2
0
0
6
2
0
0
4
0
0
2
0
2
0
0
0
2
4
0
0
2
2
0
0
0
2
0
0
2
2
4
0
2
2
6
2
2
2
0
2
0
4
0
2
2
0
4
0
2
0
2
0
0
0
2
4
0
0
2
4
2
0
2
2
2
2
0
2
0
4
2
6
6
6
2
14
6
2
4
0
2
2
4
2
0
0
2
6
4
0
4
6
2
0
4
4
2
2
2
2
0
2
0
4
2
2
4
2
4
2
4
0
0
6
0
8
2
0
0
4
2
0
0
0
4
2
0
0
0
2
2
0
6
2
4
4
2
0
2
2
0
2
6
2
2
4
6
2
2
2
2
0
2
2
2
0
0
0
4
6
6
2
0
2
0
2
2
2
0
25
0
2
16
2
0
4
0
16
0
2
2
2
0
2
2
0
2
2
2
0
0
4
4
6
5
6
6
2
2
6
0
8
4
2
11
0
2
2
4
6
4
2
6
4
2
0
11
0
2
2
4
2
6
2
2
4
4
4
0
9
2
4
4
8
2
2
0
6
6
2
2
6
2
0
22
0
2
0
0
12
2
2
9
2
2
4
4
4
0
2
4
2
2
4
4
6
13
6
4
0
4
7
4
4
4
0
0
9
0
2
2
2
4
7
4
2
2
4
4
2
2
4
2
4
4
2
0
4
6
0
6
4
4
4
14
2
2
0
4
2
2
6
4
2
6
0
2
2
2
4
2
4
10
9
2
2
0
2
2
2
2
2
4
2
0
0
4
0
4
4
0
6
2
2
2
4
2
2
0
3
4
2
6
6
8
6
4
11
4
4
0
4
2
2
6
2
4
2
7
4
2
0
4
4
4
0
0
0
2
0
4
0
6
9
4
0
6
6
7
2
2
4
3
4
0
4
2
4
2
4
4
2
6
4
6
4
0
4
2
4
8
0
2
4
2
0
6
13
2
2
0
9
6
0
4
2
2
4
6
6
2
0
6
4
0
4
2
2
2
2
0
7
6
4
4
6
4
4
2
2
4
4
2
2
2
2
4
2
4
0
2
2
4
4
8
2
0
0
7
4
5
2
2
0
2
4
10
2
2
42
80
78
45
39
53
43
21
42
32
51
38
36
32
71
32
50
42
49
43
34
39
58
35
51
40
43
60
43
28
30
60
49
50
45
63
35
38
65
34
56
69
39
36
45
43
57
42
36
40
37
55
45
41
47
53
38
39
36
36
39
45
42
37
35
47
40
45
46
30
29
31
46
40
45
48
43
53
58
37
48
44
40
48
46
51
43
45
44
41
48
41
40
41
42
34
45
50
37
34
45
41
31
47
27
37
46
50
28
49
37
31
62
46
40
63
39
30
49
41
50
38
30
49
48
38
42
40
28
50
54
41
37
46
40
44
48
40
48
43
43
47
44
46
36
45
37
48
39
43
53
31
42
41
40
44
32
31
39
35
29
39
40
43
49
45
51
40
41
38
40
42
41
44
45
40
42
47
38
32
41
28
42
42
41
41
45
36
42
47
26
34
38
44
42
46
38
40
44
41
39
46
48
43
39
51
42
50
48
41
51
44
34
36
84
32
42
42
37
39
42
30
41
47
35
32
24
54
41
38
37
53
33
40
36
45
40
51
46
40
41
30
32
42
40
34
42
44
36
30
33
31
38
43
43
40
42
41
43
47
30
33
35
39
46
37
49
42
51
42
40
40
48
46
46
46
42
54
47
42
50
42
50
40
34
28
46
47
96
83
91
80
66
46
89
91
84
78
44
82
93
45
89
94
43
93
66
62
93
82
86
89
88
86
74
94
87
67
82
70
86
91
92
78
85
84
90
84
80
77
81
72
95
93
82
71
93
88
94
94
83
85
93
92
93
93
91
46
82
50
44
48
48
41
47
84
89
84
70
43
94
48
91
80
77
42
92
89
69
91
90
87
46
47
47
84
89
90
90
84
87
80
88
77
90
94
53
93
78
85
88
90
90
82
82
82
70
90
75
82
83
79
83
81
91
81
64
81
79
86
80
76
86
82
71
85
75
79
76
47
85
65
69
74
46
78
49
76
88
84
75
84
81
69
80
81
68
32
86
74
43
81
87
84
81
75
45
62
71
83
81
41
94
85
76
82
86
78
87
76
83
71
88
84
87
80
90
78
97
76
74
86
88
74
82
89
82
75
89
74
53
76
92
68
47
80
81
86
82
79
76
86
82
80
86
92
79
46
93
82
83
80
66
76
33
41
73
84
80
84
57
70
83
87
41
79
43
42
67
52
83
79
74
89
47
86
78
76
82
84
84
84
90
78
88
92
89
80
87
73
90
89
90
84
82
86
82
92
84
86
86
92
92
88
80
83
84
86
84
86
88
74
90
91
94
86
93
83
74
61
83
82
86
79
83
70
32
20
18
17
36
82
22
65
18
8
24
30
23
46
11
28
17
26
26
24
25
11
11
46
17
41
42
70
34
26
22
39
21
18
9
26
30
8
13
25
11
28
16
14
19
25
9
15
30
20
38
38
45
19
48
40
46
58
45
46
22
19
13
13
24
17
51
28
17
24
28
26
44
30
67
25
60
18
63
34
35
36
26
31
82
33
37
70
30
24
30
54
30
32
30
60
17
38
50
53
39
41
26
36
77
32
66
33
38
11
52
55
32
30
24
51
61
56
32
29
36
39
21
43
22
40
28
43
35
63
45
52
42
26
49
36
43
42
41
52
34
46
54
70
53
57
60
40
26
28
30
45
33
37
40
27
32
52
38
69
66
64
43
21
79
30
59
55
30
27
59
41
55
52
36
31
86
18
51
21
42
40
34
50
53
25
62
45
68
68
23
38
51
36
28
66
19
56
57
56
54
56
48
28
57
49
44
34
21
32
24
47
50
38
34
66
35
47
76
42
27
40
72
34
21
37
51
28
33
36
40
32
38
24
63
41
30
22
11
31
13
80
53
71
24
24
17
37
19
48
41
25
31
33
36
30
15
23
43
11
16
51
22
24
42
66
18
17
19
16
30
62
46
24
56
34
26
37
27
8
8
21
13
33
20
15
13
30
25
29
24
32
24
35
17
28
18
30
29
26
24
33
34
32
27
20
24
21
18
20
25
22
17
29
35
22
18
33
18
24
13
23
20
23
23
26
29
21
25
44
34
37
21
16
36
15
24
30
20
25
28
26
31
19
16
18
51
30
24
25
26
21
26
26
26
28
24
24
23
23
21
14
32
34
29
25
15
19
23
18
20
30
23
34
21
25
28
27
20
22
24
27
37
4
20
23
26
38
32
20
26
19
20
21
24
19
29
26
25
26
21
30
26
33
18
26
21
24
23
23
25
34
13
18
16
16
30
21
31
20
22
20
30
26
18
25
21
19
19
13
30
23
21
22
19
28
28
30
16
15
14
9
19
21
19
20
19
36
23
26
29
12
22
15
21
18
19
16
27
25
25
18
23
22
19
24
6
18
24
16
45
31
20
31
26
29
11
17
21
26
21
13
16
11
16
23
29
28
33
18
28
17
17
17
30
27
25
34
22
20
22
18
34
29
23
19
21
17
24
23
25
12
24
24
25
28
24
24
18
24
42
20
13
21
16
20
22
19
12
21
32
27
40
19
19
8
19
9
11
30
26
22
22
31
22
17
15
28
14
8
14
25
24
19
28
26
27
23
16
31
18
24
19
17
18
24
32
15
16
15
26
14
12
5
20
23
2
15
40
10
13
2
4
4
8
2
31
4
2
8
4
2
4
2
8
4
6
0
2
2
6
2
6
13
4
2
2
2
10
4
2
2
2
2
4
2
2
2
6
4
4
2
29
4
4
2
2
27
2
4
4
4
2
4
6
4
4
4
6
2
16
4
4
2
4
2
6
4
2
4
4
19
8
2
2
2
4
33
6
2
6
4
2
2
2
4
25
8
2
2
12
4
2
2
4
8
4
2
6
0
2
8
6
27
11
13
6
6
4
31
6
27
2
4
4
4
4
4
2
4
4
6
2
2
43
2
2
19
4
39
0
4
2
25
0
13
33
17
4
6
2
2
4
4
2
13
6
33
4
4
2
4
4
37
4
4
2
27
2
6
2
8
4
2
6
4
6
8
15
10
10
6
10
8
14
4
6
8
8
14
6
6
4
10
10
4
10
6
8
4
4
6
10
15
6
18
4
6
8
4
4
16
6
12
11
4
10
12
6
8
11
17
10
6
8
19
15
10
14
6
11
4
6
14
4
6
6
8
10
10
14
10
6
8
21
8
10
8
6
8
10
10
10
6
6
9
8
8
17
6
6
8
8
15
12
4
13
6
2
4
13
13
10
8
8
10
10
10
4
4
14
14
10
8
10
10
8
28
10
8
7
8
8
8
