2
4
6
6
0
6
2
0
4
2
4
6
4
2
4
0
0
0
0
0
8
0
6
0
8
4
0
4
6
0
2
4
4
8
0
4
4
2
4
4
4
0
6
8
4
2
6
0
4
4
4
6
0
0
0
4
4
4
2
6
6
4
4
4
6
0
2
2
4
0
4
8
2
4
2
4
6
0
6
4
6
0
2
4
0
4
6
0
0
0
0
4
0
4
0
4
2
0
0
0
0
0
0
0
0
4
4
0
0
0
0
2
0
0
0
0
2
4
0
4
6
4
4
6
4
0
2
8
6
0
2
0
2
8
4
6
2
0
0
4
6
6
0
4
4
0
0
4
0
6
0
0
2
2
8
6
6
0
0
0
6
0
6
6
0
0
0
0
2
0
0
0
0
0
4
0
10
0
6
0
0
0
0
4
2
4
0
6
6
4
0
2
2
2
0
0
0
0
0
0
6
0
0
0
6
0
0
0
4
0
0
0
0
0
0
4
4
2
6
6
4
0
6
0
4
0
2
0
6
4
0
0
6
0
2
6
0
0
4
4
6
4
6
6
6
0
6
6
4
0
6
4
8
4
2
0
0
0
0
6
6
6
6
2
6
6
4
4
4
0
0
0
4
6
4
4
4
6
4
4
8
0
0
0
0
0
2
6
2
0
0
0
2
4
0
2
0
0
2
2
0
0
2
2
5
2
2
6
0
2
2
0
0
2
2
2
0
0
2
2
0
2
4
2
0
0
2
4
2
2
0
2
2
0
2
2
2
6
2
2
6
2
2
2
6
0
2
0
2
0
0
4
2
4
2
0
2
4
2
4
2
0
2
2
4
0
2
2
4
2
2
4
2
0
2
2
2
2
5
4
2
0
2
2
0
0
0
6
0
3
2
4
2
2
2
2
2
4
2
2
2
4
6
2
0
2
0
0
0
0
4
2
0
0
2
2
2
4
4
2
0
4
0
2
2
4
2
13
4
0
0
2
2
0
2
0
4
0
0
2
7
0
4
0
0
4
2
0
2
3
2
2
2
2
7
0
2
2
4
4
2
2
2
4
0
2
2
2
0
2
2
2
2
2
2
6
0
0
0
0
0
2
2
6
4
2
2
2
2
2
2
2
0
2
4
0
2
0
2
6
4
0
2
0
2
0
0
2
0
0
0
2
2
4
2
2
2
0
2
2
2
3
5
2
0
2
2
2
2
2
2
2
4
3
2
2
2
2
2
2
4
2
0
2
0
0
2
0
2
2
2
2
2
0
2
0
4
2
0
5
0
2
2
2
2
2
2
4
2
4
2
4
2
2
2
2
0
2
2
2
2
2
0
0
0
4
0
4
2
4
2
0
18
2
4
2
2
0
2
0
2
4
6
8
0
2
0
4
2
2
2
0
0
6
8
2
6
6
4
6
4
2
2
2
4
4
4
4
6
6
2
0
0
0
2
2
2
2
2
4
2
6
4
2
6
4
2
4
2
4
2
0
4
6
0
6
2
4
4
2
4
2
2
2
2
0
0
2
4
2
2
6
0
2
0
2
2
4
4
6
4
0
4
2
6
0
2
12
2
2
22
2
2
4
20
2
4
0
16
8
8
0
0
2
6
4
10
2
10
0
10
0
2
2
0
2
0
14
2
12
2
10
0
12
0
0
4
2
0
2
0
0
0
6
2
0
2
4
14
0
0
2
14
10
18
14
12
2
0
2
2
0
12
0
18
2
14
4
10
2
8
2
0
0
2
12
0
10
2
0
12
4
2
0
0
0
0
12
0
10
0
0
2
14
4
0
10
22
10
0
14
2
11
0
14
0
2
2
0
0
4
16
4
2
22
4
0
2
4
2
12
8
2
2
6
6
0
8
4
2
10
2
2
0
2
0
2
8
0
0
2
0
8
0
4
0
2
0
0
10
4
0
2
2
2
18
22
22
2
4
2
0
0
0
0
0
4
2
0
0
2
2
4
8
83
79
68
68
53
74
63
76
67
81
74
75
79
85
77
85
82
79
61
76
70
87
54
64
66
87
91
62
59
77
77
80
81
84
79
66
82
79
81
71
68
80
40
54
83
83
43
85
48
81
81
87
84
79
85
79
77
85
45
85
79
80
72
85
81
77
88
59
45
82
33
73
53
81
51
32
77
44
83
87
81
65
85
81
39
77
41
44
78
81
86
86
42
84
76
41
72
56
70
42
85
65
69
85
84
63
55
77
58
74
57
69
74
79
79
82
72
76
81
73
55
66
57
83
48
63
77
79
78
66
84
78
73
84
80
76
74
64
38
74
39
76
79
83
73
36
87
45
83
74
80
68
63
69
63
45
40
89
92
93
60
93
84
79
75
77
60
55
64
44
89
81
42
72
43
70
46
84
76
43
70
81
84
81
73
75
80
75
83
77
67
73
78
60
87
72
41
56
47
44
85
85
78
86
85
78
80
79
74
51
79
42
86
74
80
83
77
44
54
83
35
78
73
56
57
74
82
77
53
76
71
80
78
78
44
74
89
42
52
80
45
77
65
82
83
87
78
78
69
69
37
40
80
43
43
89
84
88
54
84
87
85
45
86
58
81
46
70
88
45
58
87
62
88
81
84
76
80
70
85
54
59
86
55
85
79
81
84
6
7
8
6
8
6
10
14
10
13
18
4
4
5
8
6
4
6
6
6
4
10
4
2
4
4
4
4
8
4
4
4
6
4
4
4
4
4
4
4
6
4
6
6
8
6
8
2
6
2
6
8
4
6
13
6
8
5
15
6
4
4
6
6
6
9
7
2
8
4
6
8
4
6
14
4
17
51
4
15
15
6
6
8
6
7
15
21
6
6
6
8
4
6
8
7
4
6
6
7
6
4
6
7
6
6
16
17
12
9
6
6
8
4
6
6
19
8
6
6
12
19
8
6
4
6
4
6
4
6
7
8
10
8
8
6
11
9
8
8
4
10
7
6
6
8
13
6
6
4
6
4
17
6
8
8
8
6
8
6
19
6
6
8
8
4
11
8
4
9
8
12
6
4
17
6
6
13
11
6
10
22
6
8
5
4
4
48
6
10
11
8
4
8
4
9
6
21
6
8
6
8
6
10
6
4
11
8
8
6
6
11
13
7
4
8
6
4
6
6
2
6
8
4
6
2
4
12
6
9
4
6
2
2
4
6
6
6
4
7
4
4
4
4
4
2
6
4
6
8
6
4
4
4
6
6
4
4
2
4
2
4
4
4
2
6
4
28
4
4
2
4
4
2
6
4
2
4
4
6
2
2
4
2
4
4
4
4
13
10
9
9
9
9
2
4
9
11
16
10
15
28
7
13
9
9
6
11
11
9
16
14
15
16
12
13
19
11
47
15
4
13
27
10
19
4
12
14
9
9
22
13
6
13
9
12
17
8
13
16
20
16
16
9
4
13
17
14
10
0
28
5
26
13
17
15
12
2
9
14
13
25
8
11
9
9
13
9
10
11
18
26
9
10
11
14
13
12
12
7
35
10
11
12
27
12
7
9
7
20
13
16
16
12
11
12
2
7
12
5
9
12
15
17
10
13
11
17
13
2
11
9
11
2
18
7
9
10
10
12
9
12
11
15
13
9
27
9
17
7
9
13
8
10
8
17
6
11
9
4
9
13
17
13
13
11
10
13
15
14
12
18
6
12
11
6
7
7
4
15
14
4
14
16
8
9
17
25
24
9
15
34
2
9
15
12
7
19
9
14
13
9
7
21
12
10
30
9
15
12
15
8
11
17
11
14
16
15
8
11
9
11
13
11
9
15
4
11
9
10
6
13
13
27
8
6
12
10
8
12
15
11
10
9
10
15
17
16
15
7
0
12
13
24
5
7
16
14
4
11
10
4
9
13
12
18
19
11
22
12
11
11
10
12
15
22
14
15
11
37
9
11
8
10
12
16
9
6
9
15
21
13
10
16
3
22
0
0
0
0
0
0
0
0
0
0
0
0
0
5
5
4
27
11
7
11
0
31
14
7
7
23
0
7
3
4
0
19
10
26
26
3
14
17
13
7
10
5
12
15
15
19
20
7
12
13
14
10
16
13
16
15
17
16
12
11
12
3
4
3
8
3
6
10
2
13
2
8
20
10
0
6
9
0
12
4
10
5
34
17
19
31
0
10
9
13
12
4
16
3
9
18
3
10
5
0
5
14
0
0
12
7
23
3
9
21
15
12
17
16
8
16
22
27
0
24
14
18
17
7
28
22
5
10
12
12
24
13
29
14
24
25
13
12
26
2
15
19
21
7
23
19
0
17
19
20
8
10
23
0
14
5
23
16
7
3
10
19
0
27
27
29
10
2
24
9
10
30
0
29
14
3
16
0
2
16
0
9
14
11
0
19
23
7
26
0
9
26
2
32
8
12
26
0
24
16
14
28
0
0
19
34
33
16
0
16
18
18
5
19
0
23
12
5
5
17
0
0
0
0
0
0
0
0
0
0
0
0
0
0
0
0
0
0
0
0
0
0
0
0
0
0
0
0
0
0
0
0
0
0
0
0
0
0
0
0
0
0
0
0
0
0
0
0
0
0
0
0
0
0
0
0
0
0
0
0
0
0
0
0
0
0
0
0
10
6
6
8
4
37
8
0
2
2
2
6
8
6
2
16
2
4
4
4
2
6
8
6
4
4
6
8
0
4
2
8
4
6
23
4
6
2
6
6
4
35
6
2
2
8
8
4
6
8
6
6
6
6
4
4
8
41
8
4
4
12
2
6
4
2
10
2
6
6
6
2
2
6
4
8
8
6
8
4
2
29
4
8
2
4
2
2
6
4
23
2
6
4
2
6
6
2
6
6
4
6
4
6
8
8
4
10
4
6
6
6
4
4
4
4
8
4
6
4
6
2
4
10
4
2
10
6
4
8
6
6
48
4
6
6
6
4
8
4
2
8
4
4
6
2
6
6
4
6
4
6
6
6
2
2
4
6
6
4
6
6
2
4
2
8
4
6
6
8
4
4
6
0
2
10
6
4
4
6
6
6
4
2
6
8
24
8
4
35
6
6
4
10
4
10
8
8
14
6
8
4
4
8
8
8
2
4
6
4
6
6
4
4
2
2
4
6
8
8
6
6
4
6
2
10
4
6
6
8
8
4
6
2
8
8
2
4
4
14
8
4
4
8
6
6
16
39
2
6
6
2
8
2
4
4
14
37
2
4
2
4
23
10
6
2
4
4
8
2
10
2
4
4
6
4
10
4
8
4
4
6
6
10
6
2
2
12
6
0
5
9
9
6
7
8
7
8
5
5
5
5
5
9
7
3
7
2
5
4
5
3
3
3
6
5
7
4
5
3
2
2
4
7
5
36
4
6
3
2
7
3
5
7
0
7
7
8
7
7
5
5
3
2
9
5
4
5
6
7
5
6
5
6
3
7
9
16
7
5
3
4
4
5
7
8
4
7
6
9
7
5
7
3
3
0
5
6
4
3
7
6
39
6
4
7
35
6
6
10
4
7
7
7
7
6
5
5
7
7
1
4
3
5
2
7
5
4
6
3
5
5
8
5
5
7
5
7
5
5
5
5
6
5
5
3
7
7
2
6
5
6
3
7
4
9
5
3
2
2
2
2
15
6
6
7
5
5
2
4
4
2
4
4
4
4
2
0
2
8
4
9
9
10
7
5
5
6
6
4
4
2
5
4
6
7
5
5
7
9
6
5
9
4
4
7
3
7
6
4
8
6
7
6
4
7
7
7
11
6
8
6
4
54
8
5
6
4
7
5
4
6
5
4
4
2
5
3
25
6
7
4
5
7
5
5
5
9
5
4
4
4
4
5
5
3
5
7
7
4
7
5
5
7
3
7
3
7
29
8
5
9
7
3
7
6
7
5
8
5
8
6
5
7
3
5
5
7
4
12
5
5
4
3
6
3
14
4
18
2
14
2
14
0
2
14
10
14
0
14
4
14
2
18
2
14
2
22
2
4
0
0
8
2
16
20
0
22
4
16
2
14
2
16
0
4
16
14
2
18
6
18
2
18
2
0
4
2
22
0
2
6
16
6
22
2
18
6
4
4
4
2
20
2
16
2
2
16
2
14
6
14
0
12
16
2
6
16
4
22
4
4
2
2
6
4
14
4
14
4
4
16
2
12
2
4
0
16
2
2
18
4
16
2
18
4
2
6
8
2
0
2
18
4
18
4
12
0
0
2
2
2
6
2
18
2
18
6
18
2
6
4
0
16
14
4
2
12
2
14
2
4
6
6
0
16
2
12
2
2
4
0
12
2
16
4
14
2
16
6
20
4
2
14
4
20
2
16
2
16
0
18
8
4
18
2
26
2
18
2
18
6
14
4
16
2
4
4
2
18
2
16
0
16
0
4
4
2
20
6
14
4
12
2
2
2
4
2
4
14
4
14
2
14
2
4
20
2
20
2
18
2
16
4
18
8
4
14
4
16
6
16
4
2
16
2
16
6
14
4
18
4
2
14
2
14
4
18
2
6
2
2
14
2
6
2
6
16
2
21
2
14
0
12
0
4
4
2
14
4
16
6
12
2
2
20
2
14
2
22
2
2
0
16
