2
0
2
2
0
0
0
2
2
0
0
0
0
0
2
2
2
0
0
0
2
0
1
0
2
0
2
0
0
2
2
2
2
2
1
1
2
2
0
2
2
2
2
0
0
2
2
2
1
2
2
0
0
2
0
2
2
0
0
0
0
2
2
0
0
2
0
0
2
0
1
0
2
2
2
2
2
0
2
2
0
0
1
0
0
2
0
2
2
0
2
2
0
0
1
0
0
2
0
0
2
0
1
0
1
0
1
2
1
0
0
2
0
2
0
2
0
2
1
1
2
2
0
0
0
0
0
2
2
2
3
0
0
0
2
2
0
0
0
2
0
0
2
2
2
2
2
2
3
0
2
2
0
2
0
2
2
0
0
1
0
2
2
0
2
2
1
0
2
2
0
0
0
0
0
2
0
0
1
2
0
0
2
2
2
1
2
1
0
2
2
2
1
0
0
2
0
0
2
4
1
2
1
2
2
2
0
0
0
2
2
2
0
0
0
2
2
2
0
0
0
1
0
0
0
0
0
0
0
0
0
0
0
2
0
2
2
0
0
0
0
2
0
0
0
0
1
2
0
0
2
0
0
0
2
0
0
0
2
0
0
0
0
2
0
0
2
0
0
2
0
0
0
2
1
1
2
2
2
0
0
2
1
0
0
2
0
0
5
9
3
45
7
3
9
3
3
23
1
54
2
2
5
3
5
5
3
7
68
3
50
0
1
7
1
3
3
1
56
5
1
2
2
4
2
1
3
3
57
31
2
54
3
46
37
0
1
9
1
2
2
23
35
3
48
2
3
2
2
3
2
1
0
3
5
48
31
6
5
1
64
1
1
23
56
3
5
25
3
3
2
5
59
3
1
3
15
0
1
3
33
50
3
1
3
3
2
3
2
1
0
3
1
3
2
3
0
1
2
3
52
3
5
4
2
1
0
1
4
2
4
1
1
3
1
1
2
3
5
4
3
0
11
2
1
0
3
1
2
0
3
2
0
1
3
4
2
49
15
2
3
0
0
1
35
5
0
2
1
3
1
4
3
52
1
5
5
5
3
2
7
3
5
5
1
1
2
25
3
58
0
2
2
3
5
1
31
5
19
58
5
3
13
1
7
0
7
3
2
5
1
13
54
44
5
2
0
0
3
3
0
3
2
3
3
3
2
2
50
1
52
2
11
3
3
3
3
3
5
46
7
13
5
3
3
5
0
4
3
1
5
11
13
5
3
0
25
2
3
4
2
1
3
7
5
3
0
3
5
4
0
3
3
1
0
3
5
3
2
3
3
3
3
1
0
4
0
2
3
3
1
4
5
1
3
3
1
5
2
5
3
1
1
71
1
3
5
1
5
1
3
60
0
2
1
0
0
0
2
25
62
1
53
1
0
2
4
3
3
1
7
64
91
2
7
5
1
56
3
1
0
1
17
5
5
1
1
54
5
17
1
60
5
1
3
9
5
1
66
0
1
3
1
3
2
0
97
4
3
5
9
42
2
0
1
0
1
7
5
0
4
0
2
7
66
3
5
13
9
4
58
0
5
3
3
7
7
7
34
21
3
1
3
2
61
5
1
11
3
0
1
2
4
5
29
0
3
51
7
1
19
3
0
1
0
7
3
3
3
39
7
17
3
1
1
5
39
3
1
1
15
1
0
3
4
9
64
4
3
3
0
56
5
23
0
3
1
2
7
64
44
1
15
3
2
3
0
1
3
1
64
0
1
5
1
3
2
2
5
3
0
0
27
3
5
29
1
0
45
7
2
5
5
3
3
3
3
1
0
5
3
58
7
68
3
19
1
1
39
48
0
7
1
0
1
1
9
3
3
1
2
3
1
3
1
38
64
58
89
0
3
3
0
2
13
0
5
1
63
27
4
4
1
5
5
3
6
0
5
0
3
2
1
0
3
3
2
66
3
11
0
1
0
0
0
0
0
0
0
0
0
0
0
1
0
0
0
0
0
2
0
0
0
0
13
8
9
13
14
5
14
15
10
12
9
13
7
9
9
14
10
12
13
9
5
14
16
10
11
7
7
9
17
7
13
12
10
18
6
12
9
16
15
9
9
13
16
7
13
17
14
9
14
18
7
7
5
14
7
7
15
12
9
10
11
11
20
9
12
11
9
13
8
15
12
15
9
10
9
8
13
8
6
7
11
8
15
9
12
10
10
10
9
7
6
9
5
10
13
8
13
10
12
6
14
10
9
14
8
6
11
10
11
9
11
13
10
12
11
10
13
9
9
8
9
9
5
5
11
10
12
9
9
11
9
14
10
14
14
12
13
13
11
10
7
16
9
7
12
8
7
11
13
15
5
8
11
16
5
10
12
7
12
11
8
11
15
14
16
9
16
10
16
8
13
11
12
6
5
10
7
15
13
5
6
14
13
9
14
10
9
16
16
9
13
14
9
16
14
14
12
9
15
11
12
5
13
15
13
8
8
13
10
14
10
8
18
11
12
12
11
11
9
16
13
10
14
10
9
15
10
17
9
14
11
11
11
10
10
12
8
11
10
7
11
16
8
15
11
9
13
14
12
7
10
11
11
9
13
16
6
20
10
14
12
1
11
14
15
9
6
15
11
9
7
11
11
10
13
9
10
9
10
9
12
3
10
22
12
5
8
9
0
1
1
0
0
0
0
1
2
0
0
1
0
2
1
0
2
0
0
0
2
1
2
2
2
0
2
0
1
2
1
1
0
1
1
2
0
0
0
0
1
0
0
2
2
2
1
2
0
0
2
1
2
0
2
2
4
0
0
0
19
2
2
0
0
0
0
1
1
0
1
0
0
2
1
0
2
2
0
1
1
0
1
0
0
2
2
1
1
1
0
0
2
0
0
1
2
2
0
2
0
0
0
0
1
0
1
2
0
2
2
2
16
0
1
2
2
2
2
1
0
0
0
1
0
0
0
0
0
2
0
2
2
0
2
2
1
0
1
0
0
1
0
0
0
1
1
0
0
2
1
1
2
2
2
0
0
0
0
0
2
0
1
0
0
0
1
2
0
2
0
2
4
0
2
2
0
1
1
0
2
2
0
2
2
2
2
1
2
0
0
0
1
2
0
0
0
2
0
2
2
0
1
2
2
0
1
2
2
1
1
2
1
2
0
0
0
2
1
0
0
2
0
2
2
2
0
0
0
0
1
0
1
2
0
0
0
0
1
2
0
0
0
0
1
0
2
0
2
2
0
0
1
1
1
0
0
0
2
0
1
0
0
0
0
1
0
0
2
2
2
0
0
0
0
2
0
0
0
0
0
0
0
2
2
0
0
1
26
18
34
17
23
37
47
37
19
43
28
15
10
25
22
30
34
25
25
28
48
14
33
39
48
18
13
32
32
35
31
26
43
52
40
49
23
21
36
41
21
33
18
26
29
44
39
18
24
21
28
26
28
23
24
42
40
31
29
13
33
25
33
38
43
36
31
40
45
69
25
52
24
30
33
22
34
32
26
57
22
51
45
28
68
35
36
32
33
26
39
33
55
56
32
50
41
45
32
24
42
25
42
47
44
54
36
40
45
43
24
35
25
47
44
59
42
38
37
43
43
30
28
31
43
31
27
33
39
33
44
35
49
43
31
36
34
28
41
38
33
26
51
30
54
26
30
38
37
44
31
53
39
54
48
41
39
23
38
23
39
23
40
33
43
35
59
33
25
45
42
48
28
26
40
47
41
45
22
51
39
23
42
29
19
42
32
39
34
50
43
47
50
27
35
23
32
31
29
25
42
54
34
37
47
35
34
45
31
25
32
18
59
34
28
60
24
33
37
21
25
33
27
45
58
31
49
40
44
33
29
33
29
35
27
53
54
25
38
42
48
31
44
31
49
27
42
57
28
56
21
26
34
32
21
28
47
24
23
36
39
34
38
52
37
29
44
31
29
20
34
54
30
40
31
47
43
23
28
24
32
33
25
30
46
55
45
19
9
7
1
0
0
5
9
2
9
7
3
0
7
0
2
0
0
0
5
2
2
9
0
0
7
1
0
5
0
1
5
2
4
0
2
0
2
0
3
9
2
5
2
2
0
2
0
9
0
0
2
7
2
5
0
5
0
0
3
2
2
0
5
0
0
0
0
0
2
4
2
0
0
0
0
0
2
0
2
5
0
7
1
6
6
0
1
4
13
2
2
1
0
2
7
0
4
2
0
0
7
0
0
7
5
0
9
0
0
6
0
2
0
0
2
2
0
2
2
2
2
1
0
0
7
2
5
0
2
0
54
5
0
5
5
27
0
0
2
5
2
9
0
7
0
5
9
7
2
0
0
2
0
11
2
0
1
5
2
5
0
0
2
5
1
0
0
0
2
0
7
2
0
0
0
2
0
7
0
0
0
7
9
5
11
0
0
0
5
7
5
4
3
2
7
7
0
0
0
2
5
0
0
0
0
0
0
0
5
0
0
0
3
0
2
0
0
0
2
0
2
2
5
9
5
0
9
5
0
5
9
9
5
4
2
7
0
5
0
0
0
9
0
7
0
0
7
0
0
1
2
0
0
9
0
4
0
92
7
2
0
5
2
9
0
92
1
0
2
7
2
2
2
2
0
0
0
0
3
2
11
2
13
5
2
9
2
2
1
7
2
13
4
2
2
4
5
2
3
0
6
1
12
5
2
2
3
5
10
1
11
1
2
3
2
1
0
6
4
10
0
4
1
0
0
2
4
4
6
1
2
3
4
3
5
4
0
5
13
4
2
2
2
1
3
2
2
2
2
3
0
4
3
2
0
1
2
4
2
2
4
2
1
0
4
0
2
0
3
0
2
1
5
3
2
3
4
4
2
2
0
2
12
2
2
2
5
4
2
2
4
2
0
0
4
4
4
2
2
3
2
2
1
4
7
3
2
3
0
2
1
4
4
5
5
5
1
0
2
2
4
2
1
4
5
3
2
2
4
4
11
2
4
2
2
3
2
0
2
2
5
2
3
2
0
3
4
2
2
2
2
0
4
3
2
3
4
2
2
6
4
2
1
0
4
6
2
0
5
4
4
0
2
0
2
2
5
1
1
2
2
6
2
2
2
7
0
2
7
4
2
9
4
2
3
2
0
3
2
2
2
2
2
4
2
2
1
2
2
2
3
2
4
4
2
4
2
2
2
4
4
2
2
1
3
4
2
2
2
5
2
2
4
2
0
2
2
5
2
2
1
2
1
2
6
2
4
2
6
2
2
0
2
2
4
0
0
4
2
2
2
4
4
1
0
2
1
3
2
1
2
2
3
2
5
2
15
4
4
10
10
17
17
15
8
10
12
6
6
10
8
8
4
10
10
10
6
6
8
10
8
8
4
8
4
8
4
17
4
6
8
10
10
16
10
8
12
8
8
17
8
8
10
31
10
12
12
17
14
6
8
8
27
19
19
8
16
12
10
10
27
25
19
17
10
8
12
8
14
17
14
8
12
14
12
21
21
12
21
8
14
10
10
14
15
8
10
12
12
10
12
12
25
17
48
15
4
14
29
10
4
27
10
17
12
14
15
12
12
14
12
8
8
23
19
16
31
17
15
12
19
15
12
8
8
23
10
17
14
23
15
14
14
8
10
14
15
15
14
19
17
29
21
21
21
12
41
31
29
10
10
8
15
12
12
12
12
10
37
10
10
21
8
35
19
35
17
25
23
19
27
6
8
10
15
27
14
15
19
29
29
29
17
10
23
19
33
21
12
29
12
12
27
50
10
6
17
48
27
12
35
15
27
17
21
29
12
17
31
12
29
37
21
8
12
14
10
10
54
33
8
14
14
14
17
17
31
12
6
10
21
15
12
33
19
10
31
15
14
17
8
17
14
8
29
21
8
23
33
15
13
14
19
19
17
10
13
10
8
27
27
12
8
21
15
8
31
27
37
23
14
21
8
12
12
12
35
29
14
6
10
14
8
14
19
19
18
19
19
19
19
19
19
19
19
20
19
20
19
19
19
19
19
11
19
19
19
19
19
19
19
19
19
19
19
19
19
19
19
19
19
20
19
19
20
19
19
17
19
19
19
18
19
19
19
19
19
19
19
19
19
20
19
19
19
17
18
20
19
19
19
18
19
19
19
19
19
19
19
19
19
19
19
18
19
19
19
19
20
19
20
18
19
19
19
15
19
19
19
20
20
19
19
19
19
16
19
19
19
19
19
19
19
20
19
19
20
19
19
17
19
19
19
19
18
19
19
19
20
19
19
19
19
19
17
19
19
19
19
19
18
20
20
19
19
19
19
19
18
19
19
19
18
19
19
18
19
19
19
20
19
19
19
19
19
19
19
19
19
19
19
19
19
19
19
19
19
19
18
19
19
19
19
19
19
20
18
19
19
19
19
19
16
19
20
19
19
19
19
19
19
19
20
19
19
19
19
20
19
16
19
19
19
19
19
19
19
19
19
19
19
18
19
19
19
19
19
19
19
19
19
19
19
19
19
19
19
19
19
19
19
20
19
19
19
18
19
19
19
19
19
19
19
18
18
17
18
18
19
20
19
19
19
19
19
19
19
19
18
19
19
19
19
19
18
18
17
19
19
19
19
19
18
19
19
19
19
19
19
20
19
19
