19
27
15
17
9
20
31
0
17
19
30
14
17
20
21
13
28
17
17
0
24
19
21
0
26
25
26
35
28
23
19
28
15
34
34
15
13
27
15
22
19
19
18
7
9
19
11
7
25
17
36
47
16
8
8
14
11
17
10
25
15
2
21
20
17
18
11
38
19
19
20
26
25
13
21
11
15
19
7
39
17
11
25
27
13
18
17
13
36
23
31
27
23
22
49
34
37
23
25
29
32
30
0
17
15
21
22
21
32
29
14
26
18
24
28
21
10
15
15
22
35
25
13
23
9
30
32
3
21
40
19
30
15
21
19
15
37
25
24
15
21
36
17
14
26
24
13
17
34
0
35
38
18
25
20
24
44
36
26
28
28
27
44
0
17
32
26
19
20
17
22
49
21
31
49
9
28
15
27
19
21
16
18
13
30
27
26
0
27
24
0
30
19
17
32
28
30
7
20
26
19
39
28
16
32
24
26
28
21
37
18
18
24
28
19
34
37
32
3
37
26
32
15
0
19
36
10
8
45
8
6
22
24
13
11
0
16
13
15
17
2
8
12
9
19
15
55
9
19
15
11
19
21
24
9
7
28
7
0
17
9
6
9
45
12
22
21
0
11
22
7
0
8
28
11
9
8
7
22
13
13
13
8
18
9
15
15
21
0
0
2
2
2
0
0
2
2
2
2
0
2
0
2
0
0
2
0
2
0
0
0
2
1
0
2
0
2
2
0
0
0
4
2
2
0
2
2
0
2
2
2
0
0
2
0
0
0
4
0
1
2
2
2
0
0
2
2
0
1
2
2
0
0
0
0
2
2
0
0
0
2
0
2
0
2
2
0
2
2
2
2
2
2
2
2
2
0
2
0
2
0
0
2
0
2
1
2
2
0
0
2
2
2
0
2
0
0
2
2
2
0
0
0
0
2
0
1
2
2
0
2
0
9
2
2
2
0
2
2
2
1
0
2
0
0
4
0
2
0
0
2
0
0
2
0
0
0
0
0
0
0
0
2
2
0
0
2
0
0
0
0
2
0
0
0
0
0
7
2
2
2
0
0
8
2
0
2
0
2
1
2
2
0
2
0
2
2
2
0
0
2
0
1
2
2
2
2
2
0
0
0
0
1
0
0
1
2
0
0
0
2
2
0
2
0
2
0
1
0
2
0
0
2
0
0
2
2
2
0
1
2
0
2
0
2
2
2
0
2
0
0
0
0
2
2
2
2
0
0
0
2
0
0
1
2
0
0
2
0
2
0
2
2
2
2
2
2
2
0
2
2
2
2
2
2
0
2
0
0
0
2
0
0
0
2
0
0
1
0
0
0
0
1
10
1
0
0
0
1
5
3
0
1
0
3
0
1
1
9
1
1
1
9
1
17
9
3
0
1
0
5
7
5
0
5
7
7
3
6
1
0
1
1
5
0
0
3
1
0
1
1
3
1
47
3
0
3
13
0
15
0
5
3
1
9
1
3
3
8
0
3
5
1
1
7
1
15
23
3
5
3
9
7
3
1
7
5
7
0
7
1
0
1
3
0
1
1
1
0
5
3
0
0
3
3
1
0
1
0
1
1
0
0
0
5
1
3
7
9
0
0
0
1
0
11
0
6
5
1
0
9
8
0
3
0
0
5
1
6
1
0
10
14
3
1
1
5
0
4
3
3
0
3
1
3
5
8
3
0
1
7
1
20
0
1
3
5
0
0
3
5
0
1
1
15
11
5
10
0
0
3
7
10
3
1
0
11
3
1
1
0
0
3
0
1
0
3
1
4
3
3
3
5
3
1
20
9
9
11
9
3
1
5
3
1
5
1
1
0
14
9
1
8
0
9
11
0
0
0
1
9
1
10
1
6
3
7
5
3
5
0
7
1
0
0
13
0
3
1
1
1
9
0
9
1
5
10
0
9
5
3
0
25
1
0
0
0
7
0
1
0
0
1
0
0
1
0
0
0
0
3
3
0
1
8
2
0
0
4
4
2
0
6
7
0
0
6
4
0
6
7
6
2
0
2
6
0
0
6
6
0
4
6
8
6
11
10
0
4
0
6
2
6
0
7
4
2
0
4
4
4
0
2
0
8
0
8
0
6
7
8
0
4
6
4
0
6
0
7
6
4
0
4
0
10
8
17
0
6
0
4
0
4
0
0
4
6
0
2
8
8
0
0
6
6
0
0
6
8
0
0
10
4
0
0
6
6
0
0
6
12
0
0
17
9
0
0
9
8
6
2
7
6
0
0
0
0
0
0
4
8
2
0
6
4
0
6
6
2
0
0
9
0
0
0
0
0
0
0
0
0
0
0
6
0
13
0
0
0
2
4
0
7
4
0
13
11
0
10
11
6
0
8
6
0
13
11
0
0
2
0
0
0
0
0
0
0
0
0
2
0
0
0
0
0
6
0
2
2
15
6
6
0
6
8
6
0
8
0
6
4
7
0
4
0
6
8
0
11
4
0
4
0
12
0
11
0
8
6
8
0
8
0
4
0
11
0
13
0
6
8
0
13
0
13
0
2
8
6
0
0
6
10
0
0
2
6
10
0
4
15
0
6
4
19
6
6
25
0
0
11
4
0
0
2
6
0
0
8
4
6
0
9
8
7
0
25
2
4
6
17
11
10
14
27
12
25
27
12
21
16
11
16
16
14
20
10
14
20
14
8
14
10
8
6
23
8
25
10
14
12
14
29
8
12
19
18
12
10
10
8
18
21
25
16
10
14
12
12
20
12
18
6
12
14
16
14
12
21
10
17
12
21
10
14
33
12
33
16
12
18
23
10
25
14
20
14
12
16
14
18
21
23
6
25
21
10
25
19
29
25
8
23
16
17
18
37
18
18
23
10
25
21
8
23
29
10
18
18
43
16
16
12
18
17
14
20
12
16
33
8
10
20
39
47
12
21
23
8
14
14
16
14
12
23
17
14
17
19
12
12
23
21
10
27
19
10
27
23
25
39
18
14
25
12
35
37
12
12
37
12
10
21
18
27
23
41
31
16
23
35
14
31
21
29
17
12
12
19
25
21
10
23
25
41
53
16
25
29
10
12
14
16
27
21
33
31
27
14
27
16
25
21
29
49
19
86
12
12
8
33
21
25
8
10
21
33
18
43
23
35
39
33
10
14
12
27
25
14
25
8
14
8
16
29
21
14
14
10
16
14
23
29
10
29
10
16
10
10
14
20
10
25
33
29
41
33
10
18
25
10
14
16
20
14
31
23
23
45
18
45
16
18
14
29
10
12
12
12
21
35
25
21
19
8
27
14
18
31
14
13
10
13
18
8
12
7
7
5
10
11
14
12
11
5
11
11
66
21
61
10
6
12
30
11
14
12
13
13
15
11
5
9
17
12
6
11
16
1
18
23
9
11
11
19
14
11
6
7
11
11
1
0
16
9
17
12
15
15
8
8
3
9
14
21
8
15
13
14
21
10
14
7
1
1
5
11
74
8
22
19
38
54
21
9
11
0
3
62
29
14
20
26
33
29
18
7
18
16
42
77
18
32
23
36
9
60
39
9
10
10
15
39
41
15
46
33
60
63
69
50
11
11
12
17
40
53
18
13
32
51
1
9
22
35
32
32
32
22
0
26
19
35
0
37
31
18
18
7
24
16
0
9
40
18
26
53
10
10
11
72
18
55
11
13
15
32
51
50
39
12
21
54
33
47
39
29
36
21
51
26
19
22
9
38
3
22
13
8
20
24
40
42
16
18
13
7
23
38
3
13
9
16
10
10
11
25
31
18
44
23
20
65
37
38
35
8
9
25
16
49
35
37
21
72
8
20
34
17
17
38
36
28
27
11
36
21
12
26
28
9
20
9
5
22
23
28
22
20
18
27
7
1
7
47
17
27
16
20
13
9
27
8
13
27
25
15
30
14
3
7
22
30
16
24
19
1
4
54
29
32
35
40
17
59
6
9
15
10
17
14
12
12
8
8
14
4
8
6
21
12
12
6
12
17
8
8
10
14
6
12
4
16
6
14
8
10
4
10
17
8
12
10
8
8
8
12
8
14
14
17
10
10
15
17
6
14
17
25
10
21
14
8
8
19
12
14
12
16
19
8
16
10
15
14
8
16
6
8
6
19
12
16
21
14
8
16
6
14
6
19
14
47
54
21
17
8
10
17
12
4
21
21
12
10
8
12
19
13
10
10
12
10
19
15
15
52
21
8
6
11
14
8
12
29
14
19
8
19
19
8
10
15
8
12
6
25
17
10
10
23
8
10
17
6
31
25
4
12
8
19
14
19
6
19
6
15
14
17
21
10
19
8
10
8
6
15
19
16
12
23
17
8
8
8
12
6
29
21
14
10
23
10
8
16
21
23
23
21
10
17
14
17
12
4
14
19
14
17
17
14
16
10
21
10
29
17
15
8
6
25
19
8
6
10
8
14
6
14
15
10
12
19
19
6
21
8
12
17
18
6
12
21
8
8
8
12
15
16
10
14
17
16
19
14
12
23
12
19
6
14
14
2
14
12
12
10
8
10
17
15
10
16
17
16
10
14
6
23
8
13
12
14
8
16
23
10
8
10
14
12
10
12
8
10
14
12
12
21
6
25
15
8
14
14
15
67
31
70
50
42
57
88
60
65
46
53
44
86
36
56
88
35
80
56
80
50
77
60
46
54
44
80
72
50
58
55
58
47
62
77
55
54
64
76
58
72
70
61
97
80
68
77
64
77
57
79
38
44
66
50
33
39
61
54
41
65
52
44
52
44
64
71
54
69
78
75
45
53
75
57
56
79
40
57
54
49
74
61
63
36
27
38
52
40
77
50
81
56
62
52
75
47
57
76
50
58
60
37
64
72
65
36
43
64
53
61
67
58
95
68
50
77
65
65
68
43
67
41
73
56
48
63
51
73
59
54
45
43
50
58
45
43
75
48
82
45
55
81
71
64
48
56
50
60
49
59
62
45
61
76
77
65
84
81
57
74
32
75
60
64
75
71
82
49
53
69
64
80
76
45
46
52
81
71
61
79
50
51
65
52
59
53
37
76
80
55
46
53
55
60
96
61
62
59
59
60
54
82
61
68
66
48
58
50
43
80
59
52
60
43
66
69
53
45
64
48
48
54
61
81
67
67
46
56
80
40
79
48
66
49
47
61
39
36
70
74
49
44
50
40
59
61
78
54
63
64
65
70
78
77
56
79
48
81
81
77
66
72
73
74
80
76
70
72
44
73
88
66
57
53
78
71
71
66
81
44
76
63
86
85
89
82
42
10
7
10
6
10
7
5
5
2
5
10
6
9
7
2
5
4
5
6
6
10
4
7
9
5
50
27
5
6
6
8
7
5
2
8
8
5
7
6
5
7
7
7
7
6
6
15
6
12
6
9
8
13
7
10
38
22
27
38
18
9
10
9
4
10
9
11
17
9
12
11
16
9
9
9
12
12
11
34
41
21
6
16
16
13
3
8
10
12
10
8
11
8
12
7
10
9
14
12
7
10
10
9
10
27
24
29
8
10
11
12
9
13
12
10
16
2
12
20
8
14
8
7
8
9
13
10
12
10
11
8
8
15
1
14
18
36
7
7
15
4
8
15
9
15
9
11
10
17
9
11
11
6
13
15
16
3
10
11
9
12
15
10
13
7
8
24
22
25
25
13
14
11
13
8
18
11
8
19
13
14
20
10
16
10
14
11
12
17
7
16
13
14
11
11
15
19
24
8
8
16
12
16
21
13
11
11
17
16
13
19
5
2
1
13
9
11
7
11
9
10
14
11
11
11
14
13
9
10
13
10
27
24
27
34
11
13
8
10
14
14
29
13
11
14
13
16
13
13
1
27
2
16
13
14
14
11
16
11
13
10
10
15
17
16
11
9
22
10
14
12
14
10
10
17
17
20
20
27
25
23
6
15
10
10
14
18
11
26
9
14
30
21
4
4
24
4
22
26
4
12
4
24
37
7
18
5
30
13
21
12
5
5
20
6
4
21
15
33
3
26
49
14
4
30
3
27
32
3
13
37
24
8
22
9
28
25
5
6
24
38
10
21
25
3
9
22
21
7
6
50
10
18
8
5
16
22
5
5
26
15
23
16
3
18
37
21
11
2
39
20
36
1
20
14
7
6
18
29
20
17
12
7
26
25
7
36
22
10
46
3
19
3
18
3
5
59
22
3
21
7
6
3
35
24
22
27
39
11
3
51
14
41
28
42
48
53
12
1
27
38
3
21
24
21
3
24
49
29
42
5
8
18
3
10
43
40
6
28
9
67
1
6
9
7
6
15
35
43
13
2
3
48
4
36
20
31
19
38
9
15
48
3
25
34
24
39
3
13
35
20
21
39
24
4
6
18
4
34
5
21
32
4
25
0
1
4
28
6
19
2
0
10
18
24
30
1
3
1
46
22
44
26
54
21
30
17
20
21
5
3
19
18
12
26
17
5
23
5
27
22
45
3
63
24
5
16
23
1
15
18
22
16
3
19
6
3
12
11
15
13
13
16
17
11
22
6
16
24
26
22
31
5
6
28
7
9
3
6
1
18
2
3
7
17
8
2
3
13
4
5
17
0
20
19
21
