8
19
4
10
8
6
17
8
11
4
6
8
6
8
10
4
8
8
8
12
8
6
8
6
12
6
9
13
14
8
4
4
8
6
6
8
8
4
6
6
6
8
8
6
8
6
14
7
12
10
19
6
8
6
8
10
6
6
4
4
6
6
10
14
15
19
12
12
8
13
13
13
12
12
12
12
11
10
6
8
10
6
4
12
6
8
10
6
10
12
6
9
6
9
10
8
4
10
11
17
8
15
4
10
7
8
6
9
75
6
15
6
8
6
13
8
8
10
8
9
7
10
8
10
13
10
8
10
15
15
8
12
23
21
6
6
8
10
11
8
27
6
10
13
3
15
10
8
14
12
10
6
11
15
10
9
6
8
10
15
14
12
6
8
8
6
10
15
12
10
14
8
25
8
4
10
9
8
13
8
10
10
10
14
8
8
14
15
8
12
6
17
6
6
12
19
19
7
12
13
31
15
16
8
6
15
8
10
13
17
15
11
12
10
27
11
6
12
10
17
29
11
11
10
13
11
14
15
11
10
6
23
15
13
12
15
17
13
13
15
10
27
10
29
36
17
33
17
16
13
15
13
15
13
21
8
10
10
10
14
8
6
8
14
21
12
8
6
13
39
15
14
14
6
11
12
4
8
8
10
6
8
8
5
8
6
96
7
2
19
0
6
6
8
2
10
2
0
4
4
2
4
0
0
4
4
4
2
4
2
2
2
2
6
4
0
6
8
2
6
0
2
2
12
2
2
10
21
4
0
8
13
4
2
0
2
4
6
6
2
10
6
2
2
2
4
8
11
4
8
8
4
6
8
4
6
4
8
7
10
6
4
4
0
6
0
8
8
2
6
12
9
13
6
12
2
8
8
14
6
8
2
8
8
17
12
4
16
10
11
8
8
4
8
13
4
2
8
10
4
6
12
8
6
6
12
4
6
17
10
8
10
6
6
6
8
12
11
8
10
8
6
8
4
6
12
13
16
10
14
6
4
6
8
8
12
8
12
8
8
16
13
14
4
10
12
8
8
13
6
6
11
14
14
23
8
10
14
10
13
10
10
15
15
10
12
17
6
10
21
4
13
17
4
14
8
12
4
9
15
12
15
10
12
12
9
8
13
10
15
6
13
2
15
14
4
8
10
16
4
9
4
12
4
6
2
16
21
6
13
10
15
10
12
25
10
4
10
17
8
10
8
12
10
10
8
10
10
8
7
6
2
6
6
6
2
10
10
6
8
6
4
8
4
0
6
4
4
8
2
0
8
2
4
6
4
8
6
2
4
2
0
2
8
6
6
6
10
8
10
8
6
4
6
4
2
12
11
15
6
8
4
8
12
12
21
8
18
6
6
10
8
17
8
8
8
6
8
4
4
10
8
6
4
14
6
4
6
6
8
8
12
4
6
12
4
8
6
8
2
11
4
8
6
8
2
4
6
4
4
6
8
6
4
4
0
6
0
10
6
4
8
4
8
2
8
10
7
12
4
2
6
10
8
6
10
4
10
29
8
6
14
2
6
6
4
15
4
6
4
8
4
8
8
14
10
12
4
2
8
4
6
8
10
6
4
0
4
10
4
0
0
2
12
12
6
6
4
12
6
10
12
10
10
10
6
8
6
8
4
6
15
25
6
8
6
12
4
10
23
10
6
10
15
8
8
8
10
17
6
6
8
6
6
8
6
19
4
8
4
4
6
6
17
2
11
10
4
8
8
8
10
6
6
12
4
8
4
13
6
8
2
7
8
8
10
14
14
19
6
14
11
8
8
10
8
10
6
4
17
8
2
13
10
11
6
6
10
12
8
8
6
8
4
14
4
2
4
8
6
6
8
8
8
10
6
8
4
7
12
12
4
4
8
8
17
2
4
8
8
4
2
12
4
10
2
8
2
4
4
2
2
4
0
2
2
2
2
0
4
0
0
2
4
0
0
0
0
0
2
2
4
6
0
2
2
0
4
4
0
2
0
8
0
8
7
4
0
2
6
4
0
7
15
4
9
2
4
0
0
4
4
0
6
6
4
0
0
6
8
8
0
6
2
4
0
4
9
8
0
9
4
0
4
6
4
0
13
9
8
0
11
8
0
0
8
8
6
4
0
4
0
6
0
4
6
0
2
9
0
8
6
6
2
0
6
2
0
8
6
8
0
8
8
6
0
8
4
9
0
6
6
4
6
2
0
4
4
11
0
6
9
8
0
0
6
8
6
0
6
4
0
0
9
6
0
0
8
2
0
0
13
9
0
0
0
0
0
8
4
0
0
8
6
0
0
4
0
0
0
0
8
2
0
0
0
0
0
0
0
0
0
0
0
6
13
6
0
7
0
0
0
11
0
2
6
6
0
0
0
0
2
6
11
6
4
10
6
0
4
0
0
0
0
0
0
0
0
0
0
0
0
6
0
9
0
0
15
7
11
6
4
0
11
0
6
0
8
4
11
4
13
10
4
0
6
0
2
0
2
6
8
0
9
0
8
0
6
11
10
0
4
6
15
0
6
4
8
0
11
6
6
0
4
6
6
13
11
6
0
6
11
0
0
13
4
0
0
8
6
6
2
4
6
6
0
6
10
10
0
9
10
4
0
12
10
8
6
6
4
4
6
9
6
2
4
4
6
0
0
9
10
4
0
6
4
4
9
95
2
6
4
4
6
10
12
0
12
8
6
8
0
2
8
10
2
8
2
6
8
6
12
8
8
0
0
2
2
0
2
2
4
2
13
2
6
8
2
0
8
6
2
2
0
2
10
2
0
2
0
2
4
9
0
12
0
4
8
2
2
8
8
0
6
10
8
0
2
2
10
2
2
0
0
6
2
0
0
0
2
0
2
4
2
4
0
4
2
2
2
2
2
0
8
8
0
2
4
6
8
2
0
0
2
10
0
2
2
10
2
4
6
6
8
2
6
4
4
2
0
2
0
10
6
4
8
8
0
10
6
8
8
4
2
6
0
0
6
0
2
4
6
10
10
6
10
2
2
0
2
2
6
10
6
2
0
8
8
2
2
6
2
0
8
10
18
0
2
4
8
4
4
6
11
2
6
0
0
2
6
2
8
2
10
10
8
8
7
8
2
10
6
6
2
2
6
0
2
2
10
2
0
2
8
4
2
0
23
0
2
6
14
0
0
8
0
6
2
2
2
10
2
2
0
10
10
6
6
6
8
0
2
2
6
8
2
6
6
0
0
10
10
8
4
10
10
4
0
12
10
10
10
2
8
0
10
8
12
4
10
2
0
4
16
10
2
10
2
6
0
4
8
95
0
6
6
8
6
10
4
7
7
14
9
7
14
9
23
11
7
14
10
31
13
9
10
9
7
8
7
4
11
18
8
7
5
10
15
9
13
8
11
10
4
6
5
7
11
6
5
6
7
7
5
11
8
8
6
10
17
11
6
6
18
8
15
8
15
6
6
8
6
6
7
7
7
17
10
7
13
12
5
5
10
5
11
8
7
26
18
7
9
11
5
7
4
7
5
5
13
10
6
8
8
7
6
5
11
9
8
7
6
11
7
5
4
12
9
5
5
8
18
6
7
10
6
5
7
13
10
7
8
9
16
6
10
17
8
13
10
11
7
13
7
7
13
5
6
6
12
7
6
7
6
12
7
10
13
6
12
5
11
8
4
11
8
11
8
10
6
7
6
9
27
8
10
7
8
15
8
10
9
7
12
13
15
6
14
9
33
6
7
14
7
13
12
6
8
7
9
10
18
8
7
6
9
27
10
9
6
30
29
8
12
6
8
15
5
6
19
6
13
21
9
9
5
7
29
6
6
9
7
8
6
13
8
6
5
9
7
7
7
7
6
7
5
17
7
6
10
4
7
7
7
6
8
6
7
9
7
7
7
11
9
7
11
7
34
12
8
8
9
18
11
15
9
15
16
10
15
7
16
6
10
7
9
9
13
9
7
7
19
14
11
16
14
18
8
35
66
77
61
6
2
4
0
4
0
0
2
2
2
0
2
4
2
2
0
4
4
6
2
4
4
2
4
4
0
4
2
2
4
6
0
4
2
2
0
4
4
0
0
2
4
2
0
4
6
6
2
8
2
2
4
2
4
4
0
4
2
6
6
2
4
4
2
2
4
2
2
4
4
2
2
2
2
2
2
2
2
0
2
0
2
2
2
6
2
2
2
2
0
2
6
2
2
2
2
0
0
2
2
2
2
6
4
4
2
6
4
2
2
2
4
4
2
2
0
2
2
2
4
6
2
4
2
0
4
2
0
2
4
4
2
2
2
2
2
2
2
6
0
4
2
6
4
2
2
2
2
4
2
6
0
4
6
2
4
0
4
2
35
2
2
2
6
4
4
4
4
4
4
0
2
4
2
0
2
0
4
0
4
4
2
4
2
4
4
0
2
2
2
4
2
2
4
2
2
0
4
0
4
4
2
2
2
2
2
4
4
4
4
0
0
2
2
0
2
0
2
2
2
2
2
4
2
6
2
2
2
4
4
6
4
4
4
6
0
8
0
2
2
0
4
6
2
4
0
2
4
6
0
0
6
4
0
2
4
2
2
0
2
2
2
2
2
2
6
2
2
6
4
8
4
6
4
2
0
4
2
4
6
6
4
2
4
20
9
6
0
11
13
17
21
13
21
13
11
21
23
4
8
13
19
10
15
19
11
19
13
13
17
11
8
8
7
10
11
17
9
4
13
13
6
26
10
31
11
9
29
21
17
25
9
25
17
19
11
17
17
13
17
18
23
15
17
9
25
15
2
18
31
15
34
19
8
17
13
8
6
65
56
13
13
12
15
19
13
23
17
13
11
76
63
15
27
33
19
17
19
15
29
21
15
29
20
8
23
17
19
21
27
17
32
17
22
15
23
20
20
11
42
32
29
13
17
15
13
21
30
23
29
21
11
42
21
29
6
25
13
9
31
19
42
24
15
25
17
19
21
26
15
68
23
75
17
13
27
15
29
21
11
11
20
23
9
23
8
2
19
21
19
15
21
11
27
19
17
11
24
13
40
20
17
23
24
20
25
4
15
36
27
12
25
27
19
60
0
2
9
24
24
36
25
56
25
21
47
9
18
26
17
9
52
28
23
17
9
22
14
53
48
27
34
19
31
11
4
19
9
21
6
30
19
0
17
32
11
9
4
17
32
7
23
34
17
7
32
8
31
8
19
17
14
22
27
17
9
13
15
4
17
21
23
15
11
21
10
13
15
32
15
25
9
11
23
15
13
11
7
22
29
23
14
10
4
28
15
8
13
10
19
7
11
19
6
6
19
6
10
6
13
6
6
6
12
17
6
4
2
14
4
6
8
10
4
6
17
15
8
12
8
8
2
8
6
12
4
8
4
4
8
10
13
6
8
12
12
4
4
6
8
12
17
10
12
15
13
6
10
6
8
8
12
12
10
10
13
10
10
10
15
6
12
17
17
14
17
15
14
8
25
12
8
15
8
15
10
12
8
8
12
10
10
6
17
17
21
12
10
12
10
15
10
13
8
15
6
8
15
6
13
21
25
21
15
19
6
13
10
23
27
31
23
19
33
27
13
27
29
27
13
23
21
27
17
15
35
21
6
10
15
13
12
15
4
29
12
15
46
23
13
12
12
25
23
21
27
15
10
15
8
8
12
23
6
10
13
8
6
11
13
25
25
10
8
10
12
17
12
21
23
12
15
19
17
23
19
6
62
13
11
6
19
12
8
6
13
23
27
10
10
8
23
10
23
8
21
23
12
13
21
13
8
10
17
13
11
8
8
8
17
23
21
19
10
17
19
21
54
15
13
17
12
10
6
19
8
6
19
15
12
6
6
12
19
8
6
19
8
6
12
10
11
6
13
12
4
8
8
13
4
6
13
4
21
15
8
8
17
6
11
12
10
13
13
13
8
23
19
8
6
6
15
17
8
17
10
8
10
12
10
5
2
2
0
11
2
0
7
9
0
2
9
7
2
0
5
15
0
7
4
2
5
0
3
2
7
2
13
11
2
0
0
2
2
2
0
0
7
4
3
2
0
3
2
3
11
9
2
11
0
13
49
3
7
2
3
0
3
0
4
2
9
7
7
95
0
7
9
9
3
53
5
2
9
2
0
2
2
13
5
3
56
2
5
52
7
0
2
2
0
4
11
2
0
86
0
2
11
0
0
0
0
9
0
0
9
0
0
9
5
0
0
2
2
7
0
7
0
0
7
0
0
2
0
0
11
3
4
2
0
0
11
0
7
0
0
3
9
0
0
2
0
0
7
0
11
51
92
2
11
5
99
51
55
11
13
15
2
5
2
39
0
2
4
2
5
5
2
3
7
0
15
2
0
0
0
0
7
2
0
2
52
2
9
5
0
0
58
7
0
2
3
0
0
5
3
3
0
4
11
2
0
0
2
2
13
3
4
2
11
7
2
3
2
0
7
5
2
3
2
0
3
2
0
2
2
2
0
11
5
0
0
2
4
7
52
2
7
7
2
5
13
93
2
0
11
2
7
9
3
2
9
4
2
7
4
11
0
2
3
9
2
9
2
4
7
7
2
9
93
3
3
5
2
7
2
3
2
7
7
9
5
0
3
7
3
7
0
