2
0
2
0
0
0
2
2
0
0
0
0
0
2
0
2
0
0
0
0
0
0
0
0
2
0
0
2
4
2
2
2
2
4
4
0
2
2
0
0
2
2
0
0
2
2
2
2
2
0
0
0
0
6
2
2
4
2
4
0
0
0
0
0
0
0
0
4
0
4
4
0
0
0
0
2
2
0
2
2
2
0
0
0
0
0
0
0
0
2
4
2
2
2
2
2
0
2
2
2
2
0
0
6
0
0
2
2
2
2
2
2
4
0
4
0
2
4
4
4
2
2
2
2
2
2
0
2
2
2
2
2
0
0
0
0
2
2
0
0
0
0
2
9
0
0
0
4
2
2
4
2
2
0
0
0
2
0
0
2
0
2
2
0
0
0
0
2
0
2
0
2
4
2
0
0
0
2
0
2
2
2
4
0
0
0
2
2
2
0
0
4
2
2
2
0
0
0
0
2
2
0
2
0
0
0
2
0
2
2
0
2
0
2
2
2
0
0
2
0
0
7
2
2
0
0
2
4
0
0
2
2
2
0
0
0
2
0
0
2
2
0
0
4
2
2
0
0
0
2
0
0
8
0
0
0
0
2
2
0
0
2
0
2
4
0
0
2
0
2
2
2
2
2
0
0
6
2
2
0
0
0
0
0
0
0
2
2
6
6
6
2
5
4
4
8
6
4
8
4
8
6
8
22
6
4
4
6
4
8
6
4
6
4
6
4
6
4
6
4
4
8
6
4
6
6
4
6
6
4
6
6
4
6
6
4
8
4
6
10
4
6
4
8
4
4
6
4
6
8
4
22
8
4
4
6
6
8
6
6
4
6
4
4
5
4
6
6
8
8
6
10
8
4
6
6
6
14
6
6
6
6
8
6
6
22
2
8
4
6
4
6
6
6
4
4
6
6
6
4
4
6
6
6
6
4
6
6
6
6
6
4
6
8
4
4
6
4
6
6
6
6
4
8
4
6
4
6
6
6
4
6
12
4
4
6
6
6
4
6
4
4
6
4
4
4
4
8
4
4
10
4
8
8
8
4
6
6
8
8
6
6
6
4
6
8
4
6
8
6
6
6
8
4
10
4
6
4
8
4
6
6
6
8
4
6
4
8
8
4
6
6
4
6
6
8
6
6
6
3
6
4
10
12
6
6
6
6
4
6
6
6
6
6
4
6
10
6
4
4
6
6
6
6
6
6
6
6
4
4
6
4
4
8
4
4
6
4
6
6
4
4
6
8
4
6
6
6
4
4
4
4
4
6
4
4
8
6
6
6
8
4
8
4
6
4
6
4
8
4
6
6
6
4
6
4
2
2
3
0
3
2
0
2
0
2
0
2
0
2
2
0
0
0
0
0
3
0
0
2
0
0
0
0
1
0
4
2
0
2
0
4
0
4
2
2
5
2
2
2
0
0
0
5
0
1
2
0
2
2
2
2
7
0
0
2
0
2
2
2
0
2
2
2
2
5
0
0
4
2
2
0
4
0
2
2
4
2
3
2
4
1
0
3
5
2
0
2
3
2
4
2
2
4
4
0
1
5
3
4
4
4
4
2
4
2
2
2
2
6
2
2
1
2
2
2
5
5
0
4
3
2
7
0
4
0
4
2
3
2
4
0
3
3
3
4
0
2
4
2
0
5
0
5
0
1
2
4
0
0
4
1
6
0
3
1
1
2
10
2
0
4
2
4
6
2
2
2
2
0
1
4
2
3
5
2
0
1
0
2
0
0
0
0
0
2
0
5
2
2
2
2
2
0
2
0
2
2
4
4
4
2
0
4
6
1
2
0
0
4
6
0
2
0
2
0
1
4
2
0
2
2
1
0
0
2
2
0
1
2
4
0
2
2
0
0
0
2
3
3
2
0
0
3
2
0
0
0
0
0
0
0
0
3
4
2
0
1
3
0
0
0
1
2
2
1
2
0
0
2
3
7
4
2
2
2
0
2
5
2
2
2
1
2
22
7
0
0
11
13
0
9
15
11
0
0
9
17
0
0
17
17
0
18
9
11
0
0
15
13
0
11
11
11
4
17
24
9
0
9
22
0
20
0
20
0
20
0
13
2
9
13
7
0
11
0
6
0
13
0
11
0
11
11
18
0
19
0
22
6
11
0
15
0
20
0
9
9
9
0
22
9
7
20
18
0
11
0
0
13
13
0
19
28
6
0
0
11
9
0
0
7
15
0
0
9
15
0
0
13
20
0
0
11
17
0
0
13
20
0
0
15
7
7
0
0
0
0
0
17
26
0
0
7
6
0
17
6
6
0
0
0
7
0
0
0
0
0
0
0
0
0
0
9
13
0
0
0
13
0
0
20
11
13
9
7
0
7
15
22
4
20
20
0
0
22
13
0
0
11
0
0
0
0
0
0
9
9
6
0
0
0
0
0
0
7
0
7
0
11
0
11
0
13
0
13
2
7
0
19
0
11
0
4
0
13
0
17
0
7
0
19
0
13
0
13
17
9
0
15
0
11
0
7
0
24
0
28
9
26
0
13
15
6
0
4
22
24
0
0
6
19
0
0
6
7
0
0
7
11
0
0
11
9
0
0
15
9
0
0
9
9
0
0
13
30
0
0
17
24
0
0
24
9
15
13
13
13
0
0
11
22
8
17
6
15
13
23
11
22
9
8
8
9
30
7
15
19
11
28
8
11
11
11
6
15
15
15
7
6
8
19
15
17
7
9
9
15
11
6
7
11
9
15
2
4
11
11
8
6
9
40
8
8
8
17
7
13
6
7
8
13
8
17
4
9
21
7
9
6
6
11
9
9
9
4
15
11
4
9
6
6
11
26
9
9
6
6
19
42
11
15
20
13
17
9
11
19
6
6
4
7
11
6
8
13
23
15
13
15
17
15
13
28
11
23
13
15
8
6
13
24
24
15
20
6
19
23
17
17
11
23
17
13
4
13
15
6
15
15
11
11
13
11
23
19
25
23
24
6
9
9
11
17
6
21
19
17
22
9
11
8
17
32
26
21
23
19
13
20
13
24
19
13
17
30
11
15
24
30
28
23
17
6
11
26
26
15
8
9
15
15
11
6
11
19
21
36
15
15
13
19
11
19
13
9
9
28
8
6
17
6
11
7
11
7
8
6
13
11
13
11
7
11
7
6
6
17
13
11
7
6
8
4
8
9
9
4
7
7
13
9
13
8
9
13
8
8
8
13
11
6
15
6
9
13
13
7
9
11
7
7
9
2
4
11
9
15
8
9
17
11
17
7
9
8
6
15
13
21
9
21
9
26
11
15
13
9
13
7
3
0
3
58
1
3
40
3
0
3
1
1
1
3
3
1
1
3
1
1
1
1
3
3
0
1
1
3
3
3
1
9
0
3
5
1
1
3
9
1
3
7
3
5
3
5
7
1
11
1
3
3
3
3
3
1
3
5
3
1
3
1
0
3
25
0
3
36
0
7
1
5
1
0
1
5
1
1
5
5
1
34
7
1
1
1
7
3
1
0
1
1
1
3
1
1
3
0
3
3
1
3
0
1
1
1
0
1
5
3
9
3
1
3
5
3
3
3
1
31
0
1
1
3
1
5
5
0
1
3
1
1
3
1
3
1
0
33
1
7
1
3
3
7
1
3
1
0
1
3
0
1
3
1
5
5
1
5
3
5
3
3
5
11
3
1
1
0
9
1
7
5
1
38
5
3
3
1
1
25
3
5
3
1
0
70
3
3
3
1
1
3
5
3
1
1
1
39
3
1
3
3
3
1
3
3
3
3
3
9
0
5
7
1
1
7
1
3
1
3
5
5
7
0
1
1
3
32
3
1
7
3
1
3
1
5
3
1
1
3
1
5
1
1
3
0
1
3
1
7
3
5
0
3
5
5
5
9
9
1
0
24
7
5
1
3
3
3
3
1
3
3
3
1
7
1
26
3
1
3
1
1
3
9
0
3
3
3
0
5
9
13
0
3
0
2
4
9
6
10
6
0
0
4
11
6
4
4
2
4
4
4
0
0
4
2
9
13
6
0
2
8
9
8
2
0
0
0
8
4
11
0
13
4
8
4
0
2
0
0
0
9
0
0
9
10
5
24
2
5
6
10
6
8
9
0
0
0
8
4
0
26
0
8
8
8
2
2
4
8
11
0
0
4
0
4
4
9
4
2
14
13
9
4
0
0
8
0
2
2
38
3
0
6
13
8
0
4
28
10
4
6
8
2
0
6
11
9
11
4
6
2
4
2
4
0
4
2
4
9
0
2
20
4
11
4
9
0
4
2
6
8
9
0
2
10
4
2
0
8
2
0
2
2
4
0
9
2
0
2
0
0
4
6
8
8
0
8
6
0
2
0
0
0
0
0
2
4
2
2
0
0
0
4
4
2
24
2
2
6
0
4
8
0
4
2
2
2
4
2
8
2
0
2
8
4
4
6
10
2
39
15
10
6
6
6
8
8
4
0
0
2
4
11
0
4
2
0
2
2
10
6
6
0
0
0
2
11
6
4
7
4
2
2
2
5
2
2
0
4
2
2
4
2
0
4
0
0
4
6
6
2
4
0
0
4
0
0
8
0
10
10
11
33
8
8
0
6
0
10
2
6
4
2
4
0
70
41
37
52
44
37
24
52
22
37
59
45
57
27
54
14
31
46
62
51
20
28
39
19
19
53
12
29
25
43
8
37
28
48
59
48
56
24
62
13
48
43
24
55
29
32
45
41
41
39
40
58
31
23
46
59
26
46
58
33
59
58
32
45
83
26
38
33
66
64
46
31
64
62
29
45
69
63
34
51
26
49
53
41
82
37
57
39
29
61
3
41
77
36
61
45
58
36
17
28
33
68
21
27
45
33
35
30
73
57
47
51
31
82
68
36
2
51
60
65
63
31
52
50
26
74
1
67
49
39
59
35
70
64
71
44
43
33
58
34
56
31
48
31
34
73
69
64
49
48
43
50
62
55
39
17
37
65
85
66
67
83
71
77
63
29
64
33
28
26
42
39
54
42
17
69
51
47
21
31
43
45
54
48
40
75
50
45
54
26
59
47
54
42
87
51
72
59
68
63
72
78
52
26
37
42
47
17
55
12
25
50
23
41
48
22
47
49
48
48
46
37
61
43
49
43
45
42
54
58
33
62
43
68
52
39
44
51
45
50
57
40
28
34
37
23
24
46
23
47
35
55
40
55
36
30
58
29
47
84
63
46
32
27
46
36
31
44
26
20
31
25
45
35
34
28
29
21
41
16
37
17
24
32
30
33
21
47
43
48
25
43
13
18
32
24
36
25
49
34
33
0
0
0
0
0
0
0
0
0
0
0
0
0
0
0
0
0
0
0
0
0
0
0
0
34
42
75
62
65
35
60
16
37
51
25
40
25
62
15
30
27
21
33
23
42
34
26
63
11
51
48
52
26
25
25
46
74
85
26
30
15
36
35
25
70
29
27
26
40
46
24
24
85
25
38
36
37
45
23
17
42
55
29
28
62
32
38
58
34
52
14
68
34
42
78
85
17
9
35
17
39
53
21
36
23
36
80
60
41
59
22
21
21
33
23
26
26
87
37
26
73
75
0
75
47
33
21
43
19
27
69
73
58
30
57
71
21
42
77
78
32
83
16
19
33
28
61
27
20
69
64
36
84
83
26
15
72
45
41
34
0
43
80
39
36
26
30
57
48
37
48
61
28
21
47
80
33
53
86
35
13
62
85
0
76
58
22
47
91
70
77
64
47
38
40
31
46
24
21
74
82
38
26
21
38
62
38
48
16
80
42
42
25
54
70
46
27
41
42
47
71
42
41
26
41
22
39
43
25
18
65
35
10
21
45
15
35
36
78
62
74
45
13
9
37
36
20
41
18
25
29
49
26
33
28
48
26
25
24
36
33
37
37
16
4
37
44
29
48
16
21
0
14
24
25
2
0
4
4
0
0
6
0
4
4
2
0
4
0
2
2
4
2
0
4
2
0
4
0
0
0
0
2
0
0
4
0
6
2
2
4
4
0
4
0
4
2
0
0
0
0
0
4
2
0
0
2
2
0
6
2
2
0
0
4
2
2
2
2
0
6
0
4
2
0
0
4
2
2
6
2
0
2
4
0
0
0
0
0
0
0
2
4
4
6
0
0
4
2
0
2
6
2
2
4
4
4
0
2
6
0
2
0
4
6
0
0
4
2
0
2
0
0
0
2
2
0
0
4
0
0
0
0
2
2
4
0
4
2
2
0
2
0
2
0
2
0
2
4
8
0
4
2
2
2
0
2
4
6
0
6
2
10
2
4
4
2
4
2
2
0
0
0
0
8
2
0
0
0
2
0
6
2
2
2
2
2
2
4
0
2
4
0
2
6
2
2
0
2
2
2
0
2
4
0
0
8
2
2
0
2
4
2
0
4
0
2
2
6
2
2
2
8
4
0
2
2
2
4
4
4
0
8
0
0
2
0
0
4
6
2
4
0
0
0
4
2
0
4
8
2
0
4
0
0
4
0
0
0
0
0
0
4
2
4
2
6
2
0
4
0
2
2
2
2
2
4
4
0
2
0
0
0
2
0
10
0
2
6
0
0
0
6
