4
2
0
2
2
2
2
0
0
2
2
2
0
4
0
5
0
2
2
0
0
4
0
0
0
0
2
0
6
2
0
2
0
2
2
2
2
0
0
2
0
0
0
0
0
0
2
0
5
0
2
2
2
2
0
0
0
3
0
0
0
0
4
2
0
0
0
3
0
2
0
2
2
2
0
0
0
0
4
0
2
0
0
0
0
0
2
5
2
0
4
2
2
0
0
5
4
0
2
2
2
2
0
2
0
3
0
2
2
2
2
0
2
2
10
4
2
11
2
2
0
4
0
2
0
0
0
0
2
19
0
2
0
0
0
3
5
0
2
0
5
0
2
2
0
7
2
2
0
4
0
4
2
0
2
2
0
0
2
2
2
3
3
0
2
2
0
3
0
0
2
0
2
2
0
0
4
5
2
3
0
0
4
3
1
10
0
4
0
7
2
0
0
0
0
3
3
0
0
5
2
0
2
2
0
2
2
2
2
4
12
0
0
2
2
0
2
4
0
4
2
2
0
4
3
0
2
2
0
0
2
0
0
0
3
3
0
3
0
2
2
2
0
0
2
0
2
2
4
0
0
0
0
2
2
2
0
0
1
2
2
4
0
2
3
4
0
0
2
0
4
0
2
2
6
2
0
2
3
0
0
0
2
0
0
2
0
13
6
0
6
2
0
4
0
0
2
2
0
2
2
0
2
4
4
4
0
2
2
4
4
6
0
2
2
6
2
4
0
0
2
4
4
0
0
2
2
2
2
0
2
0
2
4
2
2
0
4
2
2
2
2
6
0
2
2
2
2
0
0
0
2
0
0
0
2
0
0
0
0
4
2
0
4
0
2
6
4
4
6
2
2
0
0
4
0
0
2
0
4
2
4
6
0
2
0
4
2
2
0
2
4
4
2
2
4
6
2
4
2
0
2
2
0
4
0
2
0
0
6
2
4
4
4
2
0
6
2
0
0
0
2
4
0
0
2
0
0
4
2
0
0
0
0
2
4
0
0
0
2
0
0
0
0
0
0
2
4
2
2
4
2
2
0
6
0
0
0
0
4
14
8
2
4
2
6
0
0
0
2
2
4
2
2
2
4
2
0
2
0
2
2
0
2
2
0
73
4
4
0
0
0
4
4
0
6
0
2
0
4
2
4
0
0
0
2
2
0
2
0
4
4
2
0
2
0
0
2
0
4
0
2
0
0
0
2
4
0
2
4
2
2
0
0
0
2
2
0
0
0
2
4
0
2
8
0
2
2
4
2
2
2
2
4
2
92
2
2
4
2
4
2
2
2
2
4
4
4
4
2
2
2
2
2
2
2
84
24
55
13
36
43
13
41
22
35
23
18
36
2
15
17
15
28
16
17
15
22
22
40
26
16
20
20
22
16
23
64
20
49
38
21
15
33
33
4
19
68
24
29
18
21
22
13
44
11
9
17
20
16
24
5
15
15
13
9
20
15
11
3
22
16
18
20
19
26
18
29
35
42
25
26
33
26
6
35
15
16
33
34
13
13
5
9
18
28
22
35
28
29
15
24
30
28
75
10
29
6
18
11
8
19
14
24
23
51
19
15
59
33
26
47
18
26
49
26
24
16
28
30
29
27
15
27
38
11
11
14
34
17
18
6
18
13
19
29
18
13
37
22
23
29
35
22
22
24
16
20
34
21
27
27
18
25
41
7
19
26
22
32
9
25
20
55
34
11
22
19
27
17
14
47
24
30
19
23
22
29
11
25
13
14
19
38
16
18
30
39
13
27
9
8
48
37
46
44
28
19
21
64
18
26
26
17
24
20
40
42
19
15
22
29
25
30
50
18
9
21
9
17
23
23
14
9
17
23
16
17
18
27
34
11
23
9
14
26
4
13
9
21
7
11
33
6
9
14
17
4
21
28
9
2
13
4
6
11
15
4
7
7
2
4
4
7
0
2
0
2
7
11
0
13
0
6
5
0
7
5
4
4
2
0
2
2
53
82
77
66
74
60
79
83
62
50
78
70
67
75
67
82
74
69
79
84
79
54
83
72
64
84
75
63
81
75
64
79
84
92
82
74
80
84
70
77
72
49
84
71
75
78
66
58
69
64
33
69
87
79
70
62
76
78
80
57
83
70
84
76
72
73
78
62
76
44
59
80
83
85
81
60
85
64
53
86
62
79
72
43
70
73
75
74
71
58
72
84
77
73
69
62
61
75
74
62
93
70
80
78
68
60
87
72
84
65
86
61
70
67
73
82
62
41
80
48
59
39
67
80
69
80
44
67
71
58
63
74
75
72
65
75
68
70
75
51
65
55
79
58
66
75
68
72
70
66
50
78
72
75
72
77
47
67
52
76
83
78
66
73
67
68
89
80
59
52
78
73
78
39
63
23
67
78
79
86
46
82
75
55
57
68
57
57
53
84
60
81
74
67
68
69
67
68
42
77
52
59
54
52
70
78
51
67
68
67
71
72
57
51
74
75
73
75
74
49
71
69
74
60
72
84
80
77
69
76
60
62
80
65
75
74
69
86
70
51
41
58
74
59
81
57
66
82
78
69
60
67
71
88
74
78
38
79
62
84
75
55
73
59
80
80
50
67
71
68
78
74
75
81
77
69
49
79
65
59
58
81
74
75
74
76
79
67
0
6
4
0
0
2
2
4
4
2
0
0
0
0
0
0
6
2
2
0
0
0
0
0
2
2
2
0
2
0
0
2
2
0
2
0
2
6
2
2
0
0
0
4
4
2
0
0
2
0
2
2
0
0
2
2
2
0
0
2
2
0
4
0
2
0
2
0
2
0
6
0
2
0
2
2
2
2
2
0
0
2
2
0
0
0
0
4
0
0
0
0
4
0
0
0
0
0
0
0
2
0
8
2
2
0
0
2
4
0
2
2
6
2
10
0
0
2
2
4
2
2
4
2
2
2
0
2
0
2
2
0
2
2
0
2
4
0
2
0
2
2
0
0
2
4
0
0
2
0
0
0
0
0
4
0
2
4
0
2
4
0
2
2
2
2
2
4
2
2
2
0
4
2
0
0
2
2
2
19
0
0
0
2
0
2
2
0
0
4
0
2
2
36
0
2
0
2
2
4
0
2
0
2
4
2
2
0
0
2
2
2
2
2
2
2
0
0
0
2
0
0
0
0
0
0
2
4
0
2
0
0
0
0
2
0
4
0
0
2
2
0
4
2
2
0
4
4
4
2
18
0
4
0
0
2
2
2
2
2
0
0
0
0
0
2
4
0
0
2
2
0
4
0
4
2
2
0
8
0
0
2
0
4
2
4
2
0
11
11
16
33
37
22
15
24
31
22
20
25
14
27
33
37
17
27
19
7
35
17
22
9
33
13
18
22
11
29
17
35
11
28
17
26
9
7
13
11
19
13
26
18
35
7
24
41
24
20
11
44
7
11
22
28
13
17
15
20
33
30
13
15
24
35
37
28
42
46
11
13
24
31
18
37
20
13
15
9
37
37
13
35
20
24
7
28
72
39
48
46
48
63
46
53
68
92
15
24
50
43
20
57
31
22
29
13
71
37
46
39
54
26
81
55
98
44
20
44
44
37
42
24
51
22
20
92
98
26
22
15
55
18
35
26
75
20
26
39
43
90
40
48
24
44
13
61
57
72
19
31
39
11
50
15
39
46
50
74
52
33
28
35
29
11
61
17
15
26
41
48
49
44
24
17
77
18
17
24
26
61
24
91
24
57
22
31
18
22
42
31
35
76
35
15
35
24
50
53
56
74
50
39
54
24
41
59
52
68
26
54
31
37
54
44
42
31
43
66
24
70
43
42
22
41
13
28
33
43
37
22
17
61
32
48
48
28
37
59
26
31
26
37
48
41
57
15
35
17
59
50
22
37
39
20
26
30
44
61
59
20
37
59
31
30
48
20
26
24
24
22
28
38
28
35
33
15
20
26
41
35
41
56
17
26
31
19
0
0
0
2
0
0
0
0
0
0
2
0
0
2
2
0
9
0
6
0
2
0
7
0
4
0
2
0
2
0
0
0
2
0
2
0
2
4
0
0
0
0
0
0
0
4
0
0
2
2
0
2
0
0
0
4
2
0
0
2
0
0
2
0
0
2
0
0
4
2
5
0
2
4
2
0
0
0
0
7
0
0
4
0
0
5
0
2
0
0
0
0
0
0
0
0
4
0
0
2
2
15
2
2
0
0
2
0
0
0
0
0
0
2
2
2
4
6
4
0
0
0
6
4
2
2
4
2
4
0
2
0
9
8
0
2
3
9
2
6
4
18
2
2
2
0
2
2
3
2
0
0
6
4
0
0
4
14
0
2
0
4
0
0
0
5
9
0
0
0
0
0
2
0
0
0
2
0
2
2
0
2
0
9
4
4
2
30
0
0
0
2
4
0
0
7
2
2
2
11
0
0
0
0
13
0
6
6
0
4
2
0
2
0
2
2
0
2
0
5
8
2
2
2
0
2
0
0
0
7
2
0
0
0
2
4
6
4
3
4
4
2
6
2
4
2
2
4
0
0
0
0
0
0
7
7
2
2
2
0
2
3
0
4
0
0
0
2
0
0
0
4
2
2
2
2
0
0
2
2
0
0
14
2
2
2
4
0
0
7
5
7
5
2
2
0
0
6
8
4
6
10
2
2
3
4
0
5
0
3
5
5
4
6
7
4
5
0
9
2
2
9
0
0
2
2
6
7
0
6
2
7
6
7
7
9
6
6
8
7
11
4
4
14
2
4
4
2
5
6
4
2
6
9
0
4
11
10
2
6
0
0
10
6
2
3
4
4
5
9
0
4
2
0
4
0
0
6
4
0
0
2
0
0
0
0
14
0
4
4
4
4
0
6
5
2
7
4
6
9
2
0
6
8
9
0
0
7
0
9
4
8
4
2
9
17
0
10
2
4
2
0
2
2
2
2
7
3
6
4
7
9
0
4
2
2
12
2
7
0
2
4
2
4
21
0
2
2
89
0
9
2
2
2
4
2
4
4
0
7
2
6
2
4
6
2
0
3
7
43
3
0
2
4
0
8
2
6
94
11
4
11
5
5
2
4
0
5
90
9
2
2
2
4
2
7
2
2
18
7
0
8
2
2
84
2
0
3
4
4
2
0
2
5
2
5
2
6
6
2
11
2
7
2
6
0
4
0
0
2
7
0
0
5
2
5
4
3
6
5
2
7
7
8
0
0
2
2
6
2
7
6
0
21
2
7
2
7
0
8
6
0
6
6
4
24
0
5
4
4
4
4
2
8
0
6
6
0
2
5
8
4
4
0
28
2
3
6
2
6
4
4
2
1
2
2
2
6
4
2
6
2
2
4
4
2
4
2
31
0
2
6
7
2
3
4
4
3
6
2
4
5
2
2
2
2
2
1
2
2
2
4
2
9
3
2
42
4
4
3
35
0
0
5
0
4
6
4
0
4
4
2
3
15
2
5
2
49
2
2
0
2
4
2
4
2
23
2
0
3
2
4
4
4
2
2
12
16
2
2
2
3
6
18
2
4
4
4
2
2
0
44
5
2
50
4
4
14
6
2
2
11
2
0
35
4
2
6
2
12
26
4
2
15
4
2
5
13
0
4
2
4
0
3
0
26
5
2
7
0
4
14
2
6
2
5
2
16
30
49
4
7
4
0
0
2
2
0
4
13
3
0
2
0
0
2
0
47
43
12
4
4
32
4
2
2
4
5
36
19
12
1
4
4
8
4
4
2
4
4
10
2
44
1
7
25
31
4
2
39
2
4
4
33
5
0
24
4
0
2
2
0
2
3
11
2
4
5
3
33
2
3
3
20
2
19
2
26
0
10
2
8
3
22
17
5
2
2
1
0
2
6
0
24
0
4
3
1
2
0
2
2
0
7
4
1
2
2
4
4
7
21
6
5
2
2
2
2
5
2
10
1
2
2
8
5
11
2
6
5
7
8
7
5
7
4
6
6
9
6
5
4
6
7
6
6
15
5
7
6
9
8
6
4
10
4
9
6
4
6
3
7
2
10
7
2
6
8
3
6
6
2
6
5
3
8
6
2
8
6
5
6
4
7
6
3
8
4
7
4
4
9
2
2
8
5
7
5
7
6
6
4
4
8
5
6
3
8
8
6
8
5
4
0
6
4
7
5
3
14
4
6
8
6
7
6
4
6
6
4
4
4
8
8
4
11
5
0
7
2
7
6
4
27
6
13
2
7
6
7
4
7
4
9
9
14
6
4
13
2
4
8
8
5
5
5
6
17
2
4
2
8
5
4
5
6
4
5
6
15
5
13
10
6
7
6
3
11
3
3
5
3
7
7
12
5
10
6
3
6
4
11
6
5
7
10
13
6
5
6
8
12
7
7
6
4
7
6
2
13
8
5
15
9
4
8
3
4
5
4
8
6
3
3
7
13
10
4
2
4
2
6
2
6
4
15
6
8
3
4
3
8
14
3
8
6
11
7
5
6
3
3
4
1
15
7
8
6
4
5
6
4
3
5
11
8
6
6
4
4
5
6
7
1
5
9
4
11
7
0
2
8
7
2
8
7
2
7
7
4
2
2
15
8
4
7
0
7
8
14
4
7
