7
12
2
17
51
8
8
3
25
18
24
21
5
7
5
5
0
5
2
0
0
24
3
44
2
9
20
15
5
2
0
2
16
17
2
15
0
2
5
0
14
14
5
3
7
2
14
13
5
15
2
19
24
22
16
3
7
4
9
2
0
0
2
5
0
0
0
3
3
9
0
4
10
9
0
7
0
5
2
2
6
2
0
2
0
2
29
24
8
18
0
0
24
11
9
0
4
8
0
2
5
3
3
9
3
29
8
2
4
2
9
16
8
8
3
5
17
18
14
10
11
7
18
7
10
14
11
0
28
18
5
32
18
5
5
11
3
30
24
11
21
18
18
7
10
12
8
7
13
2
5
7
15
5
2
0
71
2
41
19
28
2
3
21
0
17
14
3
6
20
12
31
38
5
3
3
3
23
8
16
22
8
43
24
3
11
12
16
8
14
9
14
29
15
18
33
5
22
15
10
42
10
3
30
11
8
5
10
9
35
34
47
40
39
21
9
2
12
2
31
16
5
10
0
65
33
5
3
4
13
20
0
3
36
2
5
83
2
2
4
18
13
11
45
12
72
11
19
41
4
2
5
5
18
7
5
2
49
2
0
2
7
48
40
6
7
67
10
4
7
17
6
17
73
24
35
38
10
9
77
19
9
4
15
2
18
7
21
10
9
6
8
10
4
11
12
11
8
12
4
10
8
9
6
14
13
8
10
8
13
8
74
10
6
10
11
17
8
8
8
14
6
15
10
7
13
6
13
11
11
6
8
10
8
11
11
7
13
4
15
10
15
13
6
6
8
15
9
11
8
4
11
10
9
13
8
11
6
9
10
12
15
15
11
4
8
15
11
13
11
15
11
7
15
26
19
13
16
11
10
24
19
6
8
6
23
14
13
8
8
13
29
29
17
15
8
11
15
17
6
5
20
10
13
13
28
33
11
17
9
14
27
15
22
6
13
17
10
8
15
19
8
10
14
11
12
11
11
10
9
17
24
15
12
9
17
13
12
15
13
9
11
11
6
10
9
15
11
11
12
25
17
23
17
13
14
15
15
10
10
11
13
16
28
18
25
17
12
19
38
1
20
9
21
16
13
4
15
6
27
7
19
17
17
13
15
21
11
15
15
28
18
19
18
17
30
4
19
17
17
11
13
13
9
10
21
9
13
9
11
11
11
9
17
13
18
8
45
19
21
21
9
13
14
11
7
10
21
23
17
22
8
19
11
15
8
13
13
11
21
11
13
8
21
10
10
8
6
11
11
25
19
9
12
23
13
11
13
9
13
21
9
11
19
15
11
10
8
15
12
6
18
19
12
9
11
2
0
0
0
2
2
0
0
1
0
2
0
2
5
0
2
2
2
2
0
0
2
2
2
2
2
0
2
1
0
4
2
2
0
0
2
2
2
1
2
0
2
0
2
0
3
0
0
7
2
0
2
0
0
0
0
2
0
2
0
0
2
0
3
0
0
2
0
2
2
0
0
5
2
0
0
4
0
2
1
0
2
0
0
2
0
2
2
5
0
0
2
3
2
0
4
0
9
3
2
0
4
2
0
0
0
0
2
1
0
2
0
3
0
0
0
4
2
3
0
4
0
2
2
0
0
2
0
0
0
0
0
2
2
0
4
0
4
4
2
2
2
4
6
0
0
2
0
0
0
2
0
4
2
0
0
0
2
0
2
0
0
2
2
2
0
2
3
2
2
0
4
0
0
2
2
0
0
2
0
0
0
0
2
3
0
2
5
0
2
2
0
0
0
0
0
2
2
2
2
2
2
0
0
0
0
2
0
0
0
2
0
2
2
0
2
0
4
2
2
0
0
1
2
0
0
0
2
7
2
2
0
0
0
1
2
4
4
4
1
0
2
0
2
4
0
0
3
2
0
2
2
0
4
0
2
2
2
0
4
2
0
0
0
0
2
0
0
2
0
2
2
2
0
0
2
0
0
2
0
0
2
2
0
4
0
0
2
0
4
19
0
2
4
2
0
0
0
2
2
2
4
4
23
0
0
2
4
2
2
0
2
4
2
0
0
0
2
2
0
0
4
0
4
0
6
2
4
4
2
2
0
2
0
4
4
6
2
0
4
2
4
0
2
6
2
2
2
4
0
2
23
4
2
0
2
2
4
4
4
0
0
4
2
6
0
4
0
2
2
2
4
0
2
0
0
4
0
4
2
19
0
6
4
4
0
2
2
0
0
2
2
2
2
4
2
2
2
0
4
2
2
4
2
4
2
4
4
0
0
2
2
2
0
4
2
2
0
2
0
0
0
6
2
4
2
0
2
2
2
0
2
2
2
0
2
2
4
4
0
0
2
0
2
2
0
4
2
0
0
2
0
2
0
2
0
2
2
2
4
0
0
0
2
4
0
2
21
4
4
0
6
2
0
2
4
4
0
17
0
2
2
4
4
2
2
2
2
2
2
0
2
0
6
0
2
2
4
0
4
0
2
0
2
2
0
0
2
4
2
0
2
0
2
2
2
0
0
4
2
0
8
0
4
2
0
2
4
2
0
0
6
0
2
0
8
2
0
4
2
2
2
0
2
4
6
0
8
0
4
4
0
4
0
2
2
0
0
0
4
4
0
0
0
0
0
0
6
0
2
2
4
4
6
0
2
2
1
19
1
2
3
0
2
3
3
1
3
3
1
2
8
9
1
3
1
3
5
12
1
1
2
3
0
17
1
2
0
3
2
8
2
12
2
0
1
2
0
1
5
3
1
5
5
3
15
6
2
6
1
2
1
4
15
11
2
5
0
1
2
2
1
7
4
13
7
20
12
2
24
16
13
3
8
12
14
1
8
19
10
11
9
12
13
13
8
17
7
0
16
25
15
5
15
16
15
6
10
6
17
16
15
7
4
23
16
15
4
8
15
9
10
13
9
15
3
11
10
15
12
3
20
13
3
7
13
11
8
15
15
16
6
7
4
12
14
10
16
17
11
17
24
0
26
17
11
13
13
19
20
9
10
13
11
23
13
10
2
3
11
14
14
11
13
8
18
11
13
7
4
4
12
3
12
17
11
7
22
12
16
15
17
20
4
12
6
17
17
8
1
18
11
18
12
10
8
11
7
20
15
20
8
15
12
18
13
6
12
4
4
16
23
12
21
13
2
20
23
9
12
17
15
15
20
19
13
15
7
19
20
11
4
16
4
12
17
14
4
4
14
11
15
13
12
3
25
15
17
12
7
9
11
6
15
13
11
14
3
6
11
13
21
10
9
13
21
10
12
10
16
18
15
12
22
4
9
8
15
11
11
7
21
11
13
16
9
21
14
17
19
17
18
12
13
12
14
14
15
13
18
14
14
13
5
12
14
14
9
19
16
18
13
22
17
14
18
15
12
5
19
16
11
13
15
21
14
5
14
16
18
14
15
11
6
15
10
13
6
12
13
10
10
6
10
15
17
18
6
12
12
11
10
9
14
9
17
16
9
4
20
8
8
17
12
9
14
5
13
10
15
16
7
13
10
7
19
15
8
8
12
7
12
13
11
4
7
18
11
13
12
15
17
17
16
16
2
18
4
9
9
14
9
13
13
11
16
9
10
10
11
11
6
12
10
14
11
10
14
7
16
10
11
9
10
12
10
16
11
5
11
13
8
11
7
13
10
9
12
6
11
14
9
10
13
8
10
11
11
11
2
17
9
7
15
9
6
13
12
9
6
6
10
11
11
15
12
6
13
8
17
14
20
10
12
14
14
7
8
13
9
17
13
14
9
12
13
15
9
17
11
10
17
10
14
16
10
12
10
8
11
11
13
13
6
5
11
9
13
7
10
18
19
11
12
7
13
16
11
18
9
15
11
16
13
15
9
10
10
9
22
24
15
16
17
17
17
14
13
13
14
13
19
17
17
19
18
15
11
11
20
10
15
19
11
17
14
16
14
12
16
18
13
15
21
19
18
11
6
15
20
15
18
4
0
0
0
2
2
0
2
0
2
0
2
0
0
0
0
5
2
0
5
6
14
4
4
4
0
2
0
0
9
6
2
0
5
2
30
7
4
0
6
2
0
6
48
9
2
27
0
0
9
4
0
9
6
0
9
29
2
6
10
11
7
4
0
2
2
0
4
15
2
0
0
0
4
4
0
0
0
2
8
5
2
2
6
11
2
3
2
7
0
4
6
7
0
2
15
0
0
0
0
2
2
6
9
9
2
0
15
0
0
0
2
0
0
0
9
0
7
31
2
2
8
8
0
0
0
0
0
2
4
0
0
5
2
0
11
13
4
2
4
3
2
0
11
0
41
22
0
4
2
7
6
4
2
0
2
6
4
2
7
2
9
9
2
0
11
0
0
7
4
13
0
0
9
6
4
6
4
9
0
5
0
0
0
2
7
9
6
23
7
0
0
6
2
4
6
5
6
9
2
4
4
7
11
43
4
7
4
0
6
7
2
0
2
5
2
2
4
9
0
4
2
0
0
0
2
2
0
0
2
5
18
2
5
14
0
0
2
45
0
2
4
0
0
13
0
4
2
46
4
2
0
2
8
11
0
4
17
2
2
0
4
0
7
2
6
4
0
40
12
2
2
8
13
8
0
9
2
6
5
15
0
2
6
11
6
38
12
19
16
12
14
21
23
14
14
21
17
19
19
21
20
20
13
21
18
16
15
18
19
21
18
20
18
10
16
21
16
19
23
20
19
15
16
23
20
20
19
17
25
16
18
18
18
16
16
19
17
17
18
19
16
16
27
20
18
16
21
16
16
12
12
18
17
20
18
18
16
14
21
21
20
23
14
19
18
19
18
16
16
20
20
18
18
23
18
21
19
17
21
14
21
18
16
16
20
14
19
18
18
21
20
20
20
18
14
13
20
18
15
16
20
17
21
16
20
12
20
19
18
18
15
17
21
19
21
21
21
19
18
18
18
16
16
18
14
21
16
19
18
20
14
18
20
18
18
21
20
14
21
14
20
16
20
18
16
17
16
19
20
16
20
16
23
20
18
20
21
14
16
18
18
19
20
16
18
19
16
17
18
10
18
20
20
16
23
18
17
14
14
18
14
18
14
18
19
19
16
18
23
18
16
18
18
14
14
21
18
20
20
20
18
20
20
21
18
20
20
20
18
20
16
21
18
21
23
14
20
13
16
16
14
20
16
16
16
18
11
14
16
12
18
23
14
23
15
20
21
21
21
18
20
20
12
19
20
16
15
14
18
19
18
18
18
19
16
21
19
21
16
19
16
18
18
15
14
16
16
18
20
23
15
21
21
21
21
6
10
8
10
17
12
8
6
12
8
4
8
8
12
10
8
8
6
12
12
12
6
15
15
17
6
10
14
19
4
10
10
6
14
13
15
10
10
14
12
4
6
13
31
14
2
14
10
12
2
8
10
19
4
4
10
10
15
15
10
6
27
25
4
2
8
13
15
14
8
21
15
2
15
12
12
17
19
15
14
10
15
15
17
9
15
23
4
12
10
12
35
17
29
19
23
15
21
23
19
17
19
23
27
21
19
33
17
21
15
37
23
40
35
44
15
42
14
48
6
15
12
4
23
23
10
33
31
43
40
31
25
2
27
33
19
12
50
15
29
12
15
21
52
19
37
17
23
4
12
15
33
29
25
8
39
15
29
19
13
15
19
54
10
35
12
14
8
32
8
17
14
27
6
48
39
27
8
15
13
21
37
33
44
15
60
15
10
19
27
35
10
17
29
35
35
39
31
10
42
50
44
56
46
21
17
15
8
27
33
33
12
15
6
8
13
8
39
14
23
41
37
13
19
37
27
17
8
25
10
10
4
6
12
15
25
15
37
15
21
17
35
12
25
21
23
4
10
8
17
21
33
15
10
14
33
27
31
19
17
17
14
15
13
19
27
12
21
13
19
14
14
8
17
6
15
13
14
31
14
13
8
33
15
8
10
25
15
14
2
4
2
2
6
3
2
4
4
5
5
4
2
4
0
6
0
4
2
4
4
4
2
6
17
5
5
2
5
4
0
2
4
6
0
4
2
6
5
2
5
4
2
4
0
2
4
13
15
4
6
14
5
14
0
4
17
7
2
0
0
0
2
4
12
4
5
2
6
4
12
2
4
5
2
11
0
5
6
4
5
2
2
4
5
4
4
3
0
3
2
4
14
4
2
2
6
4
2
2
11
4
4
7
4
4
4
6
4
5
4
4
0
2
5
2
3
6
2
6
6
4
2
5
6
4
8
2
2
4
3
2
4
5
5
4
3
0
5
4
2
4
2
4
2
5
4
5
11
4
13
6
2
4
6
4
0
5
4
2
2
2
3
4
12
2
2
5
2
4
2
4
5
3
0
4
4
2
5
0
11
5
2
5
0
2
15
2
2
2
2
2
0
4
4
4
2
4
2
4
4
5
4
3
2
5
2
0
4
4
2
4
4
6
2
4
6
2
6
3
3
2
2
4
4
4
0
11
2
15
4
10
4
2
0
6
2
13
4
5
4
2
11
13
2
2
2
4
5
5
2
4
2
4
4
4
4
3
2
6
2
3
10
6
2
2
4
5
3
2
6
1
5
0
4
4
2
5
2
6
2
4
4
2
6
4
0
