8
21
11
9
18
7
8
8
15
10
13
10
14
15
15
19
13
15
21
10
11
25
12
14
8
17
6
17
8
12
6
17
14
10
25
10
6
12
10
8
23
17
10
10
10
10
21
17
25
4
10
11
12
12
17
11
19
8
15
12
21
11
23
6
21
8
23
19
6
14
10
13
21
8
10
23
4
19
23
10
8
6
10
10
15
11
15
11
17
8
10
10
9
8
15
27
4
17
24
12
17
12
10
6
17
12
16
15
11
16
10
21
15
12
11
15
8
17
21
25
12
19
27
15
8
6
10
23
14
10
16
10
15
10
37
19
17
15
13
6
12
10
10
2
21
21
8
6
21
16
11
11
10
17
25
23
10
2
21
21
11
11
9
11
8
9
7
11
14
11
11
20
21
9
17
12
17
6
6
12
17
23
17
23
9
15
11
23
19
12
27
19
14
11
31
8
9
8
9
11
16
14
11
15
4
13
26
13
21
11
21
17
15
18
17
15
24
25
10
11
8
12
15
11
13
12
12
14
8
8
10
9
11
15
8
16
8
18
13
13
8
12
13
4
6
17
20
10
11
13
11
4
11
7
17
6
11
7
12
6
4
9
11
4
9
10
11
12
6
10
13
10
13
11
6
6
11
11
6
6
13
6
9
13
11
15
13
10
19
22
11
17
7
40
64
55
9
6
9
9
14
11
6
11
26
13
8
24
17
11
7
8
7
2
5
9
13
2
59
7
17
11
2
9
30
5
21
21
17
26
30
7
47
6
17
18
24
20
25
22
29
9
16
16
15
18
15
11
19
19
7
30
11
23
30
19
20
15
15
50
36
35
40
26
35
19
25
19
42
27
14
19
21
39
26
20
37
42
33
16
38
39
42
44
38
39
30
41
45
26
39
43
45
57
37
49
43
44
72
27
33
37
46
57
58
18
64
33
67
47
26
50
43
39
51
64
42
18
48
31
53
66
47
47
13
13
62
48
48
58
51
29
75
66
54
71
50
48
48
57
51
71
47
68
52
19
16
36
53
33
54
22
47
33
65
30
14
42
41
65
49
37
42
13
33
45
37
28
71
7
39
13
45
58
54
52
32
9
24
66
36
46
30
63
62
47
73
60
47
38
51
15
33
43
47
32
52
47
49
25
41
70
7
56
40
35
15
32
34
55
23
36
21
13
46
48
31
17
22
35
29
18
23
39
26
11
36
17
11
17
36
13
22
44
29
28
32
43
24
21
22
22
25
20
12
15
17
9
15
9
13
11
10
7
48
11
23
11
11
21
22
34
11
32
33
17
25
13
60
14
10
17
9
6
9
23
9
22
13
27
21
22
22
24
7
25
22
11
14
18
15
9
22
20
25
14
27
7
19
11
19
13
9
16
15
8
21
9
4
16
15
14
18
10
12
9
19
7
19
10
8
12
33
13
19
14
7
19
24
21
13
6
12
9
8
16
43
14
14
13
31
33
21
24
19
16
9
9
11
22
18
18
27
13
14
19
11
37
10
32
14
12
34
9
18
19
33
25
12
27
10
35
9
18
13
15
25
16
24
12
9
19
5
11
16
14
11
9
14
15
21
21
5
27
13
19
6
18
22
18
14
30
27
12
19
15
21
11
16
8
11
15
25
17
27
10
15
20
19
18
15
39
13
39
9
19
15
14
8
24
25
21
27
12
21
12
7
21
10
19
25
19
17
25
14
15
21
12
18
24
12
18
21
10
40
16
16
6
9
12
9
16
22
11
30
9
14
20
11
12
12
25
24
10
25
18
15
16
10
7
9
7
13
4
7
16
12
18
13
22
35
15
8
14
18
18
3
9
15
14
25
6
10
9
14
11
11
16
11
11
9
13
14
14
7
9
10
11
4
10
12
11
9
9
6
3
10
13
13
7
7
7
6
18
7
4
9
15
12
13
7
8
10
8
4
8
7
18
9
15
25
18
10
9
15
14
14
10
7
13
16
9
11
16
1
3
0
0
0
0
1
18
1
5
9
3
77
20
17
3
9
0
1
3
0
1
5
9
5
3
3
5
0
3
1
5
3
0
1
5
5
3
1
3
1
1
3
0
89
16
1
1
0
3
5
3
3
3
18
3
7
1
3
3
5
1
9
3
0
3
3
1
7
7
0
17
22
9
17
3
3
0
15
1
1
3
1
0
0
5
3
3
0
0
1
1
0
3
3
3
5
0
1
3
1
5
0
3
1
1
1
5
17
11
0
13
0
3
1
0
3
3
5
1
5
0
1
0
0
0
1
3
3
0
8
1
3
3
9
1
1
5
1
3
3
1
0
3
1
1
1
3
1
7
1
0
1
1
3
9
5
9
3
3
1
1
11
5
7
18
5
3
9
1
1
1
1
5
0
5
1
1
3
1
0
0
5
9
5
1
3
0
5
0
3
3
1
3
5
1
5
82
3
1
1
0
0
3
1
0
94
1
0
0
0
3
3
1
0
11
1
1
1
1
0
1
1
1
3
3
7
3
1
1
1
9
0
0
1
0
1
16
3
5
1
1
3
1
0
0
0
1
9
10
0
0
5
13
0
5
87
1
3
1
1
7
17
15
9
1
3
18
1
1
3
12
5
5
3
1
1
3
1
10
1
0
7
1
1
1
10
3
2
0
0
2
2
0
2
2
0
4
4
4
2
2
0
0
4
2
2
0
6
4
2
2
0
2
0
0
2
0
2
0
4
0
6
2
2
2
0
4
2
4
4
0
0
0
2
2
2
0
2
2
4
2
4
2
0
2
0
2
4
4
0
2
0
0
2
0
2
0
6
2
4
2
2
0
2
0
0
4
2
4
4
2
4
2
0
4
2
2
0
0
2
6
2
0
2
0
2
0
0
0
2
0
2
0
2
0
2
2
2
4
2
4
2
2
2
0
0
0
2
2
0
0
4
0
0
2
2
2
4
0
0
2
4
0
6
0
4
2
0
0
0
0
2
4
2
0
0
4
2
0
0
0
4
0
0
0
0
0
0
4
0
2
0
0
2
2
0
0
4
0
0
4
4
0
0
2
0
0
0
2
0
4
2
0
0
0
2
4
0
4
2
2
0
2
2
0
2
4
0
0
0
0
6
2
2
2
4
4
0
4
0
0
0
0
2
2
0
4
2
0
0
2
4
2
2
2
4
2
0
2
2
0
0
0
0
2
2
2
0
2
0
2
0
2
0
2
2
2
2
2
2
2
0
0
0
2
0
2
0
0
0
0
2
0
0
0
2
4
0
0
0
2
0
2
4
2
2
2
2
2
0
2
0
0
2
0
0
2
4
0
2
0
0
2
4
4
2
4
0
4
2
0
2
0
0
0
0
2
2
2
2
0
2
0
0
2
2
2
2
4
2
2
2
2
2
0
2
2
0
2
4
0
2
2
4
0
2
4
4
2
0
4
6
2
0
2
2
2
2
2
2
2
0
6
2
0
0
2
4
0
4
2
2
0
6
2
12
4
6
0
2
2
2
2
2
4
4
0
2
2
4
4
6
2
4
4
2
4
0
4
6
2
4
2
2
6
0
4
2
0
2
0
4
4
2
2
4
2
0
2
6
4
2
2
8
2
2
2
0
0
4
4
2
4
4
4
4
2
6
4
2
4
2
2
0
0
2
4
0
6
2
4
0
4
2
0
2
2
2
2
0
2
2
2
2
2
4
6
2
4
2
6
4
2
2
4
0
4
10
2
0
4
4
2
2
4
0
2
4
4
2
2
0
0
2
2
0
4
2
2
2
4
6
6
2
2
0
2
0
2
2
2
2
2
2
2
2
2
4
0
2
4
6
2
2
0
2
0
2
2
2
4
2
0
2
2
2
4
2
2
0
2
2
2
2
2
2
6
2
2
4
2
2
2
2
2
0
2
2
4
4
0
4
2
0
4
0
0
2
2
4
2
4
2
6
2
4
2
2
0
2
2
2
2
2
0
1
0
1
5
0
1
0
4
0
0
0
1
6
0
1
1
0
1
0
0
0
1
0
9
1
1
5
1
1
1
0
2
1
0
0
0
0
0
0
0
4
0
7
0
6
3
2
0
3
4
0
1
7
4
1
0
8
1
2
0
1
6
2
1
0
6
2
6
2
1
0
1
0
0
2
1
1
1
9
4
0
1
1
0
2
0
0
0
2
0
0
0
0
4
8
2
6
6
0
0
1
0
3
0
1
0
2
0
0
0
7
4
0
2
0
0
0
0
0
0
0
0
4
2
1
2
0
1
0
1
5
0
1
3
3
0
1
0
0
0
5
1
0
1
2
3
1
14
0
0
1
2
0
0
0
0
0
0
4
0
1
3
0
3
4
8
5
2
0
1
0
3
0
0
6
1
1
2
1
1
1
2
1
1
4
0
1
0
3
3
1
0
0
0
2
0
0
0
0
0
0
6
10
0
0
0
0
0
0
1
1
0
1
4
2
0
0
0
0
2
0
11
0
0
0
1
5
1
2
11
0
2
0
0
1
0
1
22
1
2
0
0
1
2
0
0
0
2
1
5
0
20
0
0
0
0
1
2
2
10
1
3
0
9
0
1
1
8
1
4
9
8
0
0
1
2
0
5
1
5
0
1
5
0
4
0
2
0
0
0
2
4
2
2
4
0
2
0
2
2
2
0
2
6
2
2
2
0
0
2
2
0
2
2
0
0
6
4
2
0
2
2
2
8
0
2
2
2
0
2
0
2
2
2
2
0
4
2
0
0
4
0
0
2
2
2
0
0
2
2
0
0
4
4
4
2
0
4
2
2
2
0
2
2
2
2
4
2
0
2
0
4
0
0
2
2
2
0
2
2
2
2
0
4
2
2
2
2
0
2
2
2
2
0
2
2
0
4
0
0
2
0
2
4
2
2
0
2
0
2
0
0
0
2
4
0
0
0
4
0
2
0
0
0
4
0
0
2
0
2
2
0
0
4
2
2
0
2
0
2
0
0
2
0
2
2
0
2
0
0
2
2
2
0
2
2
0
2
4
4
0
4
0
2
4
2
2
2
0
0
2
2
2
2
0
2
2
0
0
2
2
2
4
0
2
0
0
0
2
29
0
0
4
0
0
0
2
0
2
2
4
2
0
0
0
2
0
2
2
2
2
2
4
2
2
0
0
0
2
2
2
0
0
4
0
0
2
0
0
2
0
0
2
0
0
4
0
0
0
2
4
2
2
0
0
0
2
0
0
2
0
0
4
2
2
2
4
2
0
2
0
2
0
0
0
2
0
4
2
0
0
0
0
2
7
3
5
10
9
5
1
6
1
5
0
6
1
12
3
5
1
3
6
5
3
3
7
6
3
3
1
1
1
3
1
3
16
3
6
3
7
1
3
1
1
3
5
3
3
1
1
1
3
0
1
6
1
1
5
1
3
1
0
1
3
10
5
5
1
5
6
1
3
1
6
3
5
1
0
0
5
4
3
0
0
0
0
1
0
3
0
1
0
1
1
0
0
0
0
3
3
3
0
0
3
7
7
1
1
5
1
5
1
3
0
5
1
0
1
3
0
3
0
1
1
7
5
8
6
3
5
1
1
3
3
3
3
5
3
3
7
5
5
1
0
3
5
5
6
3
1
0
1
1
0
0
0
0
3
95
1
0
1
0
0
0
0
1
0
1
3
0
0
0
1
3
3
3
1
0
1
10
5
3
1
0
0
10
1
3
1
0
3
0
1
1
0
3
3
1
1
1
3
5
6
9
0
3
1
1
7
0
0
3
5
0
4
8
0
1
5
3
8
3
3
1
1
1
3
6
1
5
1
3
5
1
1
1
1
5
1
3
3
3
1
7
8
3
3
1
0
5
1
0
3
7
1
5
0
3
0
0
1
6
1
1
0
0
1
1
5
15
3
1
1
3
5
5
0
0
1
1
1
1
3
1
5
0
3
0
3
6
2
2
2
0
0
0
0
2
2
6
0
0
2
8
0
2
0
0
0
0
2
0
4
0
2
2
4
4
2
2
0
2
2
2
2
4
2
2
4
4
2
2
2
0
0
4
0
4
0
0
2
2
2
2
2
0
17
2
2
2
2
0
0
6
4
2
2
2
0
2
4
6
4
4
0
2
4
0
2
2
2
2
2
4
2
0
0
21
2
4
0
21
2
2
4
2
4
21
0
2
2
4
2
2
2
2
0
2
0
4
0
4
2
2
4
0
2
4
0
2
2
0
4
0
2
6
19
0
0
4
2
2
2
0
2
0
4
0
2
6
0
0
0
2
0
0
0
17
0
4
4
0
2
4
2
0
4
0
0
0
2
4
0
4
2
4
4
2
6
4
2
2
2
0
0
0
2
2
2
2
0
0
0
4
0
0
0
2
0
0
2
0
2
0
2
0
2
2
4
2
0
4
0
0
2
2
2
2
2
2
4
0
2
4
2
2
6
0
0
0
20
2
0
4
0
2
2
2
0
2
2
0
2
0
0
8
2
0
2
2
4
2
2
4
2
4
0
2
0
20
0
2
2
2
6
0
4
2
4
2
2
0
0
2
2
0
0
0
2
0
4
4
2
0
0
4
4
2
2
0
0
0
2
2
4
6
6
0
