28
6
18
12
12
35
18
17
10
8
10
12
8
6
6
27
12
8
4
14
8
10
8
6
8
9
13
15
14
14
10
15
16
6
12
17
8
17
14
14
8
10
6
6
10
8
6
14
51
10
15
8
8
10
16
8
4
41
8
33
16
18
27
12
18
14
12
16
18
10
18
27
14
8
16
12
14
17
23
14
14
23
18
19
29
16
19
18
10
18
19
12
8
6
12
12
16
14
12
13
18
22
17
18
17
6
17
18
31
29
21
20
10
8
8
14
8
23
19
8
20
27
14
14
15
16
16
12
23
25
78
13
25
21
23
19
21
31
20
20
8
8
8
8
6
8
6
9
23
6
4
4
8
6
10
8
8
23
8
16
4
10
12
4
4
10
6
10
6
10
2
6
8
10
17
6
31
8
12
8
10
9
2
11
12
12
12
4
14
8
16
11
17
7
4
6
6
8
8
14
10
6
14
8
23
6
8
6
6
4
13
4
10
10
4
4
13
4
25
4
6
14
23
6
21
10
14
8
4
16
23
6
6
2
6
8
15
4
10
16
2
2
6
12
14
10
2
8
23
8
6
4
8
6
8
20
12
4
18
10
23
12
6
8
6
4
6
16
12
8
0
8
16
8
8
14
14
23
4
2
10
6
4
10
8
8
10
10
87
61
57
61
82
47
68
67
72
72
62
81
57
52
85
63
44
39
79
52
55
70
84
91
63
64
83
64
57
52
75
83
79
69
53
56
57
54
53
61
75
73
64
68
87
70
59
71
87
69
77
52
73
83
82
78
81
85
72
87
67
53
63
82
65
50
81
79
68
51
68
62
60
68
79
46
77
44
78
81
83
74
77
82
85
48
56
70
63
82
84
70
52
81
75
66
77
86
61
62
73
48
60
62
80
43
66
77
86
76
73
62
76
68
80
80
78
73
76
79
82
79
72
72
65
71
85
64
82
78
79
53
65
76
60
74
58
87
83
69
69
82
62
46
53
75
69
86
69
77
61
63
48
71
71
49
67
55
83
65
65
76
54
67
72
52
71
66
84
54
74
68
74
73
46
61
59
69
79
66
59
66
41
52
65
62
76
84
60
72
64
86
76
78
64
79
61
56
72
70
52
79
50
47
82
73
86
62
62
78
73
56
75
69
78
84
60
68
69
68
66
83
79
44
73
80
78
74
80
73
76
69
79
74
66
41
72
73
83
53
66
80
50
48
76
65
80
79
76
80
63
73
85
55
82
52
86
81
55
75
56
71
68
73
78
55
81
68
87
78
65
63
65
57
89
81
61
57
69
80
51
80
61
51
60
80
72
79
5
13
9
7
11
21
11
11
7
7
13
11
9
7
15
5
9
19
11
7
9
7
19
13
15
5
11
9
7
13
11
27
3
9
5
13
19
15
11
13
15
5
5
3
7
9
5
13
5
11
11
21
3
3
9
13
9
7
15
5
9
5
9
3
19
7
7
15
5
9
19
11
23
9
7
15
17
9
21
17
9
11
15
9
9
13
3
9
14
5
9
13
7
11
7
5
3
11
7
9
7
13
7
13
19
7
13
9
11
9
7
19
15
9
11
9
11
13
5
11
23
7
9
11
3
3
11
11
45
17
11
13
7
7
17
11
25
7
17
9
13
13
13
7
19
17
3
17
9
13
7
9
13
23
15
15
15
15
11
17
7
13
13
21
15
13
17
21
21
5
11
11
3
9
5
9
17
11
9
5
11
17
15
9
17
15
19
13
23
15
13
15
23
9
27
5
15
21
13
25
15
9
3
15
11
5
17
15
5
21
7
17
11
3
11
13
7
9
11
3
11
5
9
3
5
7
9
5
11
11
7
5
7
15
15
5
7
9
3
9
2
7
5
5
5
11
13
5
3
5
5
11
7
2
3
7
7
2
5
7
3
7
5
0
7
0
3
9
2
0
5
5
0
2
11
3
3
3
2
0
2
3
3
0
3
5
0
5
0
1
4
1
1
1
0
1
5
0
2
0
0
5
1
0
1
3
1
0
2
2
1
0
1
1
0
2
2
6
1
2
1
0
4
1
0
1
0
1
2
0
0
1
0
0
1
0
0
0
0
1
1
0
1
0
0
0
0
0
2
1
1
0
1
1
2
1
0
1
1
4
0
0
1
0
0
3
1
2
1
3
1
2
1
0
1
1
2
1
4
2
1
0
1
0
0
0
1
0
0
0
0
1
1
0
1
2
0
1
1
0
0
1
0
1
0
1
0
1
0
1
1
1
0
1
0
0
12
2
1
1
1
3
0
1
1
0
1
0
0
1
3
1
1
1
1
3
0
0
1
5
0
0
0
2
0
1
0
1
0
1
0
0
1
1
1
2
3
4
1
1
0
1
0
1
1
1
0
1
1
3
0
2
0
3
0
0
1
1
0
0
1
0
1
0
0
0
0
0
0
0
0
0
2
1
2
1
1
2
1
0
0
1
0
1
1
0
1
0
1
3
2
2
1
0
0
0
0
1
0
1
0
0
0
0
1
0
0
2
1
0
1
4
1
0
0
0
0
3
1
0
0
1
1
3
1
2
1
0
2
0
0
1
3
1
0
0
0
1
1
0
1
2
6
0
0
1
0
0
1
0
1
0
1
0
2
0
3
13
3
3
15
1
3
1
3
11
9
7
7
3
3
3
7
11
11
7
5
7
0
2
7
11
15
13
3
9
3
9
3
2
7
0
3
9
5
17
9
3
2
5
5
7
5
7
11
9
9
1
5
7
7
11
7
3
3
9
5
9
5
2
0
3
3
5
7
3
5
3
7
2
17
25
3
0
5
5
7
2
3
3
2
9
5
7
3
5
3
9
7
2
7
7
9
15
9
5
7
5
3
7
7
9
11
7
5
9
9
9
2
5
5
5
2
5
5
5
7
7
7
5
2
9
7
7
7
5
5
9
3
37
9
2
3
7
5
7
11
15
9
17
5
15
25
3
15
13
17
23
29
9
9
42
17
21
21
15
21
15
21
11
15
17
25
15
17
26
19
9
23
11
19
23
13
11
13
11
23
29
41
11
25
27
29
11
9
35
21
17
15
23
25
21
27
11
13
23
11
20
25
22
19
23
19
15
7
37
21
19
5
13
9
15
9
33
23
15
15
15
15
17
27
19
21
3
31
9
19
19
25
17
7
13
23
27
19
17
13
13
17
37
15
15
21
19
25
32
23
19
15
19
13
19
7
25
23
13
13
13
18
21
25
11
11
11
17
31
21
3
11
19
13
15
15
27
13
25
21
13
24
9
19
15
15
23
1
0
1
1
1
1
0
2
3
1
1
1
1
1
1
3
1
1
1
3
3
1
1
1
1
2
0
1
1
2
0
3
2
3
2
1
1
2
2
1
3
2
2
1
1
1
1
0
1
1
1
1
3
2
0
2
2
3
0
1
1
0
1
1
1
2
1
2
2
1
1
1
1
1
3
1
3
0
0
3
1
2
2
1
1
2
3
1
1
1
1
2
1
2
0
1
2
2
1
1
1
3
2
3
1
2
1
0
1
3
2
2
1
1
3
3
3
2
2
2
1
0
3
0
1
2
3
1
3
3
1
2
2
1
1
1
2
1
1
1
2
1
2
4
2
2
1
0
1
2
2
1
1
1
1
1
1
1
1
1
0
0
2
2
1
1
1
0
2
2
0
2
2
0
3
1
0
1
1
1
1
0
3
2
1
2
2
3
2
2
0
2
2
0
0
4
2
2
2
1
2
1
1
3
1
1
3
0
1
1
1
0
1
1
2
2
2
1
0
2
3
3
2
1
3
0
3
2
3
1
1
2
1
1
1
0
1
1
1
2
2
2
1
2
2
0
1
1
0
1
2
3
1
1
1
1
0
1
1
0
0
2
3
0
2
2
1
1
2
2
0
0
1
1
0
2
2
2
2
1
2
2
0
2
0
2
0
0
12
12
10
10
13
19
19
19
21
16
23
12
12
14
8
14
4
10
23
16
16
8
16
25
10
21
19
17
17
18
12
17
10
19
10
25
19
14
10
6
10
25
19
16
35
23
10
21
12
14
6
10
16
8
17
10
37
4
25
10
12
23
15
12
19
10
12
23
19
33
21
27
12
15
12
12
15
16
14
12
25
12
19
23
8
12
10
25
16
30
17
6
25
8
23
6
32
33
8
12
14
19
17
23
21
23
25
33
17
6
21
27
31
27
12
16
25
15
16
31
14
10
35
29
10
13
10
10
27
31
30
12
14
23
16
8
36
17
14
33
19
17
16
19
19
25
29
17
15
23
31
25
16
6
27
14
34
16
14
14
27
14
12
17
16
25
23
27
27
15
29
35
15
23
19
8
25
23
12
19
25
10
8
4
12
6
6
8
6
6
6
6
8
12
14
8
4
8
6
10
4
6
4
19
14
4
8
21
14
4
10
10
21
8
14
10
8
8
4
7
4
6
8
2
4
8
8
4
56
6
19
4
8
8
6
10
8
4
4
10
6
8
4
6
2
2
8
6
8
19
6
6
17
4
10
14
4
10
4
4
6
4
10
4
6
2
8
6
4
8
6
6
12
10
21
10
8
6
8
4
16
6
4
10
8
4
4
8
4
2
6
0
0
0
6
2
2
2
4
4
2
2
2
2
4
2
4
4
2
0
2
4
4
0
4
4
97
4
2
2
2
4
2
2
2
0
2
0
4
4
2
2
2
0
0
2
4
6
4
2
2
4
6
0
2
2
4
0
2
2
0
0
2
4
0
0
0
0
0
0
0
0
0
4
2
4
0
0
2
4
2
4
4
4
2
0
0
4
6
2
0
2
0
4
0
0
0
0
2
0
0
0
0
0
2
6
4
0
2
2
0
2
0
2
4
2
0
0
0
4
6
2
0
0
4
0
2
2
0
0
2
4
4
6
0
2
6
2
6
0
4
2
2
4
0
2
2
0
6
2
89
0
2
2
4
6
0
0
2
0
2
2
0
4
2
2
4
2
4
4
0
6
2
4
2
2
2
4
4
4
4
4
2
0
2
2
2
6
4
2
4
4
2
4
0
2
4
2
0
0
0
4
4
2
2
0
4
4
0
2
0
0
0
2
2
2
0
0
4
4
0
2
0
4
2
4
4
4
2
0
2
0
2
2
0
2
0
4
4
2
0
2
6
0
2
6
2
4
2
4
2
4
2
4
6
0
2
6
0
2
4
4
2
2
4
4
2
4
4
6
4
0
4
2
6
50
0
2
0
0
2
4
4
2
4
6
0
0
4
0
2
0
0
0
0
2
2
2
2
0
0
4
0
6
4
2
2
2
4
0
4
4
0
0
0
0
2
0
0
6
0
0
2
2
0
4
4
2
38
2
2
2
4
0
0
0
2
2
2
2
4
2
0
0
0
2
2
4
2
4
4
2
0
0
2
4
2
2
2
2
0
4
2
0
0
0
0
2
2
2
2
0
4
0
0
2
2
4
21
0
0
0
0
2
4
0
2
2
2
2
23
2
2
2
0
2
2
2
2
2
2
4
4
0
0
2
0
6
2
0
2
4
2
0
2
4
2
0
2
2
2
4
2
2
2
0
0
0
2
0
2
0
0
0
2
4
0
2
15
2
2
2
2
4
2
2
0
6
6
6
0
2
2
4
4
4
4
0
4
0
0
2
0
0
2
6
0
0
2
0
0
2
2
4
0
0
0
2
2
2
2
2
27
0
2
4
2
2
0
0
6
2
2
2
2
4
0
0
0
2
0
4
2
0
0
2
2
2
2
2
4
4
2
2
2
2
2
4
0
4
2
4
2
0
0
0
0
2
4
2
4
2
2
0
4
0
4
2
0
2
0
0
0
2
2
2
0
0
0
2
2
2
4
2
0
2
0
4
4
0
2
0
2
0
2
4
0
2
0
0
0
13
2
0
16
23
27
18
20
23
21
19
23
18
23
21
19
26
19
20
25
23
25
17
29
26
23
28
24
22
22
25
24
28
27
23
25
26
24
19
17
20
20
18
23
23
20
25
24
25
23
18
18
26
19
16
26
23
21
21
23
19
18
23
22
18
21
19
26
19
26
15
21
19
23
22
24
16
24
24
17
19
20
18
23
24
24
16
25
18
19
26
22
25
18
22
25
22
17
21
26
22
23
22
15
23
24
26
21
18
24
24
28
19
18
20
17
21
22
21
17
22
14
21
24
20
24
22
24
21
23
22
23
20
23
24
25
23
23
20
15
19
22
21
19
19
25
22
25
20
23
23
23
21
26
27
22
18
26
24
18
24
19
18
22
18
19
15
21
21
24
19
23
22
19
24
21
23
21
26
18
20
24
17
23
22
23
17
23
23
20
21
23
19
22
22
18
23
24
22
23
22
24
26
23
20
20
20
18
23
22
29
21
24
25
20
26
22
27
25
22
20
23
22
21
18
24
20
18
24
22
19
23
22
23
21
18
25
23
21
21
21
26
27
27
22
19
23
26
20
18
24
15
12
17
18
19
17
24
22
24
26
22
22
24
22
25
25
25
14
22
18
24
19
19
19
25
24
21
23
21
23
21
26
21
22
19
30
23
21
27
19
