2
4
2
4
2
4
4
0
6
4
0
0
0
2
6
2
0
0
4
0
2
4
0
4
6
2
4
0
4
4
4
6
2
11
0
0
0
2
0
4
6
2
0
2
0
2
2
0
2
0
0
0
2
0
4
6
6
2
4
0
4
2
0
4
2
4
2
4
0
2
2
4
6
2
2
6
2
4
6
0
0
0
4
0
4
4
0
0
0
2
6
0
4
0
6
2
0
0
2
0
4
4
2
0
0
4
2
2
2
4
2
0
2
0
6
2
2
4
2
2
0
2
0
2
2
0
0
2
2
13
4
2
6
2
2
0
2
2
10
0
4
2
0
2
4
4
11
8
4
0
2
4
8
0
2
2
6
4
0
2
2
0
0
4
2
0
0
2
0
15
2
4
0
0
2
19
2
0
2
4
0
4
2
0
0
0
0
2
2
0
0
2
2
2
2
2
4
2
4
2
2
0
2
2
4
2
0
2
2
2
0
0
0
0
0
0
0
4
2
6
0
2
0
2
0
2
2
2
2
2
0
12
0
0
0
0
0
0
0
2
2
0
2
2
2
2
10
0
7
4
0
0
8
0
4
2
2
2
0
0
10
2
0
4
0
2
4
0
0
4
4
2
2
2
2
0
2
2
0
2
2
2
2
0
4
2
4
0
0
2
0
2
8
0
2
2
2
2
2
0
0
2
2
2
2
2
2
0
0
2
2
0
0
0
2
0
2
2
2
0
2
2
2
2
2
0
2
0
0
4
0
4
2
2
0
4
2
0
0
0
2
2
2
0
0
0
0
2
2
2
2
4
2
4
2
4
2
0
2
0
4
2
2
0
2
2
2
0
0
2
2
4
2
0
4
4
0
2
2
4
0
2
0
0
0
2
0
2
4
2
2
2
0
4
0
2
2
2
0
2
8
0
2
2
2
0
0
2
2
81
2
4
2
0
2
0
0
4
2
2
0
2
2
0
2
0
0
4
2
4
2
0
2
0
0
0
0
6
2
0
0
4
0
0
2
2
4
4
2
0
4
0
2
0
2
0
2
2
2
2
2
2
2
0
4
0
2
2
2
0
10
4
2
2
8
2
2
4
4
2
0
6
0
0
0
0
4
0
0
2
2
0
0
0
2
2
2
4
2
4
0
4
0
0
2
2
2
2
0
2
2
0
0
2
0
2
2
0
0
2
4
2
0
2
0
2
0
2
0
2
2
2
2
2
2
0
4
2
2
0
2
2
0
2
0
2
0
0
2
10
0
2
4
2
0
4
2
2
2
0
0
2
2
0
0
0
2
2
2
0
0
2
4
4
0
2
73
67
81
76
87
64
88
53
48
68
83
77
83
56
65
81
50
89
50
72
84
88
87
52
60
75
83
62
88
76
69
71
87
48
92
64
51
87
82
65
84
75
64
87
75
79
54
84
89
63
85
84
87
72
85
64
72
88
85
54
73
79
47
51
60
61
89
83
87
64
77
74
63
72
60
81
67
65
89
64
81
73
78
82
61
54
50
75
82
88
45
82
86
86
77
73
77
73
78
85
74
89
74
72
87
63
80
87
87
65
76
65
59
76
59
72
78
84
84
88
63
60
89
65
76
62
75
83
86
88
83
82
70
91
53
65
85
86
64
88
88
78
48
75
57
81
82
85
77
56
89
75
84
57
19
72
68
48
76
54
54
69
78
87
64
82
58
87
78
69
79
82
85
78
81
72
85
83
49
54
85
77
85
64
66
70
66
87
87
86
66
70
88
85
59
79
61
56
83
62
68
53
65
65
70
69
82
77
65
88
61
84
71
64
65
81
83
74
88
69
70
81
50
83
70
83
83
92
79
80
66
50
66
75
77
90
84
72
66
82
83
69
77
85
63
77
85
70
82
65
85
86
88
88
88
86
72
87
65
84
67
48
73
88
88
65
91
88
81
83
95
82
91
92
83
88
90
75
55
55
53
62
61
63
51
62
67
60
12
10
22
8
28
20
10
4
22
18
12
6
14
6
14
20
26
16
20
0
0
10
11
4
26
28
4
14
8
12
20
8
22
18
14
32
20
12
11
14
59
22
46
11
14
7
24
18
18
16
23
14
10
9
1
9
20
6
20
6
34
17
14
3
26
20
18
6
6
2
23
10
12
12
18
3
16
22
14
20
22
22
14
11
10
7
39
18
1
32
30
16
9
10
11
14
18
18
16
26
20
22
10
12
20
56
0
18
30
87
12
22
26
30
18
26
16
4
8
18
3
28
9
20
1
14
18
16
20
48
11
28
30
12
32
30
10
16
2
12
28
11
10
26
20
16
22
16
14
24
18
22
22
20
4
10
6
4
9
6
8
10
3
20
15
6
6
22
15
2
3
2
6
21
7
15
24
11
1
12
8
4
26
14
4
0
13
4
32
24
1
2
2
2
10
2
7
0
6
0
16
2
4
8
7
0
1
22
21
20
9
1
0
3
20
2
20
4
1
1
2
13
0
17
11
0
10
10
5
2
2
13
13
2
21
5
12
5
18
5
13
15
24
16
2
14
6
17
0
7
19
1
8
1
0
25
13
1
10
18
7
4
3
7
1
4
6
35
11
20
6
4
6
5
1
17
6
2
3
1
30
0
14
18
3
18
6
3
0
0
1
0
0
0
0
0
1
0
1
1
1
1
1
0
1
1
1
1
1
1
1
0
0
0
1
1
0
1
1
1
1
1
1
1
0
1
0
1
0
1
0
1
1
0
1
0
1
1
1
1
1
1
1
1
1
0
1
1
1
0
1
1
2
1
1
1
1
0
1
1
1
1
1
0
1
0
0
0
1
1
1
0
1
1
1
1
0
0
1
1
1
1
0
0
0
1
0
0
16
1
1
0
1
0
0
0
1
1
1
1
0
0
11
1
1
0
0
1
0
1
0
1
1
1
1
1
1
1
1
1
1
1
0
0
0
1
1
2
0
0
0
1
0
1
3
1
0
0
0
1
0
0
1
1
1
1
1
0
1
0
1
0
0
3
0
0
0
1
13
0
1
5
1
1
0
1
1
13
0
1
1
1
1
1
2
1
1
0
0
1
1
1
0
1
1
1
1
1
1
1
2
1
0
0
0
1
1
11
0
1
1
0
1
1
1
1
0
1
0
1
1
0
1
0
1
17
1
1
1
0
1
0
0
0
1
0
0
0
0
0
1
0
1
0
1
1
0
1
0
1
0
0
1
0
0
0
1
1
0
0
1
1
1
0
1
1
1
1
1
1
1
1
0
1
0
0
0
1
0
1
0
1
1
0
1
1
9
7
15
11
25
9
9
9
13
9
13
9
5
15
3
15
15
21
3
11
17
9
9
17
23
17
9
13
13
17
27
13
19
17
19
5
7
17
17
19
33
15
30
5
17
7
9
21
5
25
17
7
7
23
27
15
21
25
19
21
13
58
9
25
21
11
17
17
15
13
15
13
31
19
23
15
25
19
15
31
19
33
33
29
33
35
25
19
9
21
23
11
35
11
17
13
11
5
5
11
9
13
17
7
7
15
9
11
11
9
9
5
7
5
9
7
9
3
3
7
3
7
7
7
9
9
3
3
5
5
5
5
5
0
3
7
9
3
5
9
13
15
13
5
3
5
7
13
7
13
5
15
13
11
3
5
11
9
2
5
5
5
5
7
5
1
7
7
5
9
7
9
7
7
1
15
9
7
9
7
11
5
11
11
5
15
13
5
15
7
11
7
7
9
9
7
9
11
5
11
19
15
11
17
11
7
5
15
15
7
7
13
5
7
9
46
15
11
11
3
13
13
7
11
11
7
13
11
7
11
13
15
17
7
13
13
9
9
9
17
15
11
13
7
29
7
11
7
11
17
15
15
15
7
7
5
5
21
5
5
7
15
13
7
7
11
9
7
9
15
5
13
15
5
11
13
11
7
13
9
17
11
13
13
11
13
17
11
7
6
7
6
10
8
4
12
4
9
8
2
4
4
0
4
6
6
12
4
8
8
7
9
4
7
7
0
2
9
8
6
7
6
4
6
9
11
2
9
11
5
2
9
4
4
10
13
11
9
6
8
2
2
7
6
4
6
9
9
6
9
8
2
11
8
2
0
10
17
6
2
4
12
8
7
2
12
7
6
2
6
5
7
12
10
6
5
6
4
4
6
5
4
2
7
6
8
5
8
6
8
8
8
4
2
6
2
4
6
10
8
4
6
4
2
8
8
7
2
11
7
6
6
6
2
9
6
9
4
4
6
6
2
2
4
4
8
6
9
4
6
3
2
7
8
4
4
5
3
9
17
4
90
81
47
85
86
82
60
69
69
2
78
58
42
44
78
79
65
7
18
4
6
0
4
4
2
10
0
2
2
6
2
2
2
6
0
6
0
4
8
2
2
4
2
2
8
2
4
0
2
6
6
4
0
2
2
4
6
4
2
8
2
4
2
0
4
2
2
6
4
0
0
7
4
6
2
2
4
12
4
4
2
0
8
2
2
2
0
0
81
4
2
4
6
0
0
2
2
6
6
4
2
4
6
4
0
2
4
8
2
2
0
2
2
2
2
0
6
4
2
4
4
0
4
4
8
2
2
6
6
4
4
4
0
6
4
3
5
3
3
0
3
3
3
0
11
1
0
1
0
0
0
0
1
56
5
0
1
1
1
3
5
0
3
0
0
65
0
18
1
11
1
0
1
0
1
0
3
3
1
1
0
1
0
0
1
3
51
0
3
0
1
1
1
0
7
5
0
0
0
1
1
5
1
1
3
1
1
1
1
1
1
3
1
0
1
23
67
5
3
0
0
1
1
7
5
3
3
3
5
0
0
0
1
0
5
50
0
0
0
3
0
1
3
3
9
1
1
1
5
5
56
21
5
1
0
60
7
3
3
7
0
3
3
3
1
1
3
1
3
0
3
0
3
0
5
1
42
7
3
3
0
1
0
1
1
0
0
26
3
0
3
0
5
1
3
1
0
0
0
9
3
3
1
0
1
1
7
1
7
5
3
9
1
0
1
0
1
3
1
1
0
1
1
25
0
1
3
1
1
1
1
1
1
7
60
3
3
1
3
0
1
1
3
1
0
1
0
11
0
3
1
5
1
0
0
1
5
3
0
3
3
0
0
0
1
0
5
3
0
73
1
1
0
8
0
1
1
0
1
4
1
1
1
1
78
1
0
1
1
3
1
1
0
1
1
1
1
3
5
5
3
7
16
3
0
3
0
0
3
3
0
45
1
0
3
0
0
1
1
3
1
3
5
11
7
15
7
21
5
17
13
23
3
13
5
17
5
7
3
9
7
19
9
13
5
13
7
11
1
13
5
13
25
3
5
3
29
7
9
7
11
13
11
11
7
15
11
17
9
9
9
11
13
17
15
21
9
13
7
15
9
13
11
11
9
9
5
11
9
11
17
5
7
13
15
13
7
7
13
11
17
21
15
7
9
9
17
11
13
15
13
11
13
9
5
11
15
21
19
23
19
19
23
17
21
13
13
13
27
15
19
31
21
35
17
9
13
19
31
21
19
19
11
21
23
17
9
13
19
13
13
27
19
7
9
17
17
9
21
9
19
23
11
11
17
11
9
25
35
23
17
21
23
25
15
13
29
17
15
21
15
9
11
21
15
23
35
17
9
27
27
9
7
15
15
31
23
21
15
27
23
9
13
25
9
23
13
11
9
31
17
31
9
21
19
31
31
7
25
29
15
25
21
25
21
25
17
19
19
29
27
9
23
17
9
25
35
15
15
13
19
19
7
11
15
5
11
23
17
15
9
34
21
3
11
11
5
23
11
7
15
5
19
21
12
15
15
9
19
23
11
7
19
9
15
19
15
3
11
17
3
19
25
27
21
17
31
11
9
7
23
13
9
9
32
9
17
19
9
9
29
21
17
15
15
25
9
11
11
15
11
10
4
4
2
6
4
8
10
33
4
0
3
2
2
4
4
2
4
6
4
11
6
4
2
6
2
2
4
6
4
4
2
10
5
8
8
0
4
2
6
2
2
2
18
6
8
2
4
9
2
10
4
6
32
6
6
9
6
4
5
12
12
10
2
8
2
27
4
7
4
2
6
0
4
4
4
4
4
4
4
4
4
2
11
6
6
58
4
2
8
6
2
6
4
8
4
6
2
56
4
4
6
6
10
4
4
2
6
2
8
0
6
4
4
4
2
5
2
2
7
8
8
14
15
8
8
4
8
14
8
87
8
4
6
4
8
12
4
4
4
4
4
8
4
4
4
45
6
8
12
6
2
4
4
4
2
6
4
4
4
8
2
4
8
4
6
4
8
38
4
2
6
8
4
4
2
6
8
11
2
4
6
2
8
9
6
8
6
10
4
2
6
8
8
56
4
8
4
2
8
11
6
5
4
2
27
12
3
46
6
4
6
7
2
3
2
4
2
4
6
8
4
8
4
8
8
8
4
2
4
10
6
14
8
8
8
6
4
0
2
4
4
8
2
6
4
7
4
8
4
6
4
17
2
8
6
2
4
4
4
6
4
8
2
6
4
10
4
13
0
10
4
6
4
2
4
10
2
4
4
8
14
10
4
6
4
4
0
