0
1
1
0
0
1
0
1
1
0
0
0
0
0
1
1
3
1
0
0
0
0
0
0
0
1
1
1
1
0
0
0
0
0
0
0
1
1
1
1
0
0
1
1
1
1
0
3
1
1
0
0
0
1
1
1
1
1
0
1
1
1
1
1
0
0
1
1
1
1
0
0
1
1
0
1
1
30
1
0
0
1
1
1
0
0
0
1
1
0
1
1
0
0
0
1
1
1
1
0
3
0
1
1
1
0
0
1
1
1
1
1
1
1
1
1
0
0
1
0
0
1
1
0
0
1
1
0
0
1
0
1
0
0
1
0
1
1
1
0
0
0
0
1
1
0
1
0
0
0
1
1
0
1
1
0
1
0
1
1
1
0
1
1
0
0
0
1
1
1
1
0
1
1
1
1
0
1
1
1
1
1
1
1
1
0
1
0
0
0
1
1
0
1
0
1
1
1
1
1
0
1
1
0
1
0
0
1
1
0
0
0
0
1
0
1
0
1
0
1
0
1
0
1
1
1
1
1
0
0
0
0
1
1
1
0
0
0
1
1
1
1
1
0
0
1
0
0
0
0
1
0
1
1
1
1
1
1
1
1
1
0
1
0
1
0
1
1
0
1
1
1
0
1
0
1
1
0
1
1
0
0
1
0
0
0
0
0
20
16
22
19
33
12
31
18
21
23
15
23
11
15
15
14
17
13
8
5
35
7
9
12
8
8
8
21
12
7
4
13
5
12
1
18
7
5
21
21
15
16
23
40
25
13
16
12
16
13
15
20
11
15
19
17
31
24
20
18
13
18
21
4
12
32
14
29
13
13
11
23
25
5
30
23
20
15
21
18
28
15
19
26
17
15
23
17
16
17
15
12
15
15
4
38
10
11
30
12
9
19
18
11
11
14
6
12
36
31
40
28
26
12
21
27
11
19
35
14
15
35
13
20
18
13
30
16
22
22
30
27
22
20
21
16
43
15
19
19
12
14
32
26
40
25
19
30
31
7
14
22
39
16
37
33
28
18
21
37
11
16
5
11
32
3
21
13
20
18
23
5
37
14
22
34
34
12
23
30
19
13
17
18
15
24
14
31
20
32
10
18
21
19
25
17
14
17
25
22
8
17
20
15
5
38
22
15
22
11
13
14
19
11
17
20
4
37
29
38
8
19
19
14
36
17
14
20
4
19
40
14
14
10
12
16
21
9
22
21
16
24
23
17
15
5
19
5
15
17
12
18
17
8
10
14
5
11
18
24
24
4
9
6
15
24
11
21
18
13
9
15
30
3
8
24
6
17
16
7
9
17
10
30
16
39
7
18
2
0
4
4
2
0
6
2
2
4
0
2
0
2
0
0
2
0
2
4
0
0
0
0
2
0
4
2
4
4
0
6
0
2
4
0
0
2
0
4
0
2
0
0
2
12
0
2
2
8
4
2
2
0
2
0
4
0
4
0
2
2
0
4
6
0
2
4
0
0
2
0
0
4
2
2
2
0
2
0
6
4
2
0
2
4
10
2
2
2
0
4
2
2
2
4
0
6
2
0
4
0
4
4
2
2
2
2
2
4
2
2
8
0
2
2
2
4
2
2
8
4
0
4
2
0
6
4
4
4
2
6
4
4
2
4
0
2
4
0
4
2
6
2
0
4
0
4
4
2
4
4
2
4
0
2
2
2
0
0
0
2
2
2
2
2
2
2
4
0
0
2
4
0
4
2
2
0
4
2
0
2
2
0
4
2
0
0
6
2
2
0
4
0
2
2
2
11
2
4
2
0
2
2
2
2
17
2
2
2
0
2
2
0
0
2
0
0
2
4
0
0
0
0
2
2
8
2
0
11
0
2
2
2
6
4
2
2
2
0
0
6
6
6
2
4
2
6
6
0
0
4
0
0
0
0
4
0
2
2
2
0
4
2
0
2
2
2
2
0
2
4
2
6
0
8
2
6
0
2
4
6
4
2
9
2
4
2
0
0
0
6
4
0
0
5
8
0
6
12
0
4
17
8
5
2
0
0
4
6
0
0
0
0
6
4
0
0
2
4
0
5
6
6
7
7
7
0
3
0
0
0
0
0
0
0
6
0
0
0
7
8
5
0
5
8
2
0
7
5
4
2
7
4
6
10
0
7
0
0
0
0
6
5
0
0
5
5
0
0
0
13
6
6
9
7
9
4
0
0
4
0
0
0
4
1
0
0
6
8
4
0
0
7
6
0
7
10
5
2
3
5
5
0
0
0
3
0
7
7
0
4
3
0
0
2
1
4
0
0
4
3
0
7
7
7
4
4
0
0
0
11
0
0
7
11
0
4
2
0
2
6
0
0
5
4
5
7
5
0
0
0
0
0
0
0
0
0
0
0
0
6
6
7
6
0
5
2
0
5
3
4
0
4
4
4
2
4
4
8
2
0
0
0
0
0
0
0
0
0
5
0
0
4
0
4
0
0
9
6
5
4
6
6
0
0
8
5
4
0
0
1
6
5
5
5
4
0
0
1
1
0
0
0
0
0
0
4
0
0
3
0
4
2
0
0
1
5
4
1
1
7
0
0
6
6
6
7
7
0
0
1
0
0
5
0
3
0
2
7
4
7
5
4
0
0
7
7
2
6
2
0
0
0
5
0
19
19
19
19
20
20
19
19
20
20
17
18
20
19
20
19
18
19
18
19
19
20
19
19
19
20
19
20
20
19
19
19
19
19
20
19
20
19
19
20
20
20
20
19
18
19
19
19
19
18
20
20
20
19
18
19
18
19
20
19
19
20
19
20
19
19
19
20
19
18
20
19
20
20
19
20
19
19
19
20
19
20
19
19
16
19
18
20
20
19
19
19
19
20
19
19
19
19
19
19
20
19
20
20
20
19
19
19
19
19
19
19
19
19
19
20
19
18
19
18
19
17
20
19
17
19
18
18
19
19
16
17
19
16
19
18
17
19
19
19
17
19
17
19
19
17
18
19
20
19
18
19
20
19
19
19
16
18
18
18
18
19
16
18
18
17
19
19
19
18
18
16
19
18
19
19
19
19
19
19
19
20
19
19
19
19
17
19
19
19
18
19
19
18
18
19
17
17
19
19
19
19
18
18
16
19
19
17
19
20
19
19
14
19
19
20
19
19
19
19
19
19
18
19
19
19
19
17
18
18
19
19
19
18
19
18
19
19
19
19
19
19
16
18
19
18
20
19
19
19
19
19
19
20
19
19
19
19
20
18
20
19
19
19
19
19
19
18
19
20
19
19
19
19
19
19
19
17
19
18
16
20
19
19
19
19
19
18
6
6
8
6
11
11
7
7
6
19
19
8
10
10
8
13
8
13
6
6
11
8
15
46
17
13
13
4
6
11
8
10
13
6
19
17
6
15
17
8
8
9
4
10
8
11
13
13
15
9
11
19
8
21
25
21
11
9
8
19
8
13
13
15
11
49
9
10
24
13
15
26
25
17
11
11
11
19
11
11
13
29
19
16
23
4
7
15
13
54
13
6
25
11
13
17
21
17
13
6
21
34
23
17
21
24
50
24
34
11
22
21
17
46
48
17
19
44
36
39
23
40
8
30
33
23
17
25
39
36
38
41
33
13
42
48
28
46
42
30
24
44
46
25
15
41
9
61
22
32
46
49
41
15
23
44
46
42
30
47
36
42
10
28
5
10
4
53
15
43
17
34
32
36
20
21
29
69
41
19
33
32
38
21
38
35
38
22
31
32
34
37
46
15
40
43
13
23
30
44
60
46
32
38
26
12
32
17
18
51
28
28
27
38
32
23
25
17
21
15
17
23
40
36
21
13
23
21
31
22
36
24
26
17
7
19
21
27
27
15
27
36
23
17
27
13
33
30
44
21
32
26
24
19
19
30
13
32
21
42
40
24
17
8
26
19
25
40
29
11
23
32
29
11
23
17
44
10
21
13
17
34
32
30
35
44
30
17
6
6
2
0
6
4
6
8
4
6
0
8
2
2
2
2
6
2
2
8
2
10
2
8
0
4
2
6
10
4
6
4
10
6
2
2
4
2
0
8
10
6
0
6
0
6
0
12
2
0
6
4
2
0
0
2
2
4
2
8
6
2
10
10
2
2
6
2
4
10
10
0
4
0
2
10
0
2
2
0
2
6
2
2
0
4
2
8
2
0
8
2
0
12
2
2
6
2
2
0
2
2
2
2
10
8
2
2
4
0
4
8
0
2
0
0
0
0
0
6
0
4
2
10
8
6
6
0
0
0
2
4
0
10
0
8
2
0
0
10
0
2
10
2
0
6
6
0
0
6
0
2
2
8
2
6
0
0
0
8
2
8
4
6
2
8
6
2
0
6
6
8
6
8
2
0
6
8
0
0
0
6
0
8
2
8
2
0
0
8
6
8
0
8
6
8
0
8
6
0
4
4
0
10
0
0
0
0
2
8
2
2
4
0
2
0
6
6
2
2
4
8
6
2
6
4
10
6
14
8
8
2
2
0
8
4
0
8
10
8
0
4
0
2
2
0
4
0
4
6
8
2
2
6
0
0
8
0
8
0
0
0
10
0
8
0
8
0
10
4
8
0
0
2
4
2
2
8
4
8
8
2
6
8
6
10
12
0
8
6
4
0
0
4
8
2
0
4
6
2
8
6
7
4
0
4
0
8
2
2
4
4
0
71
12
4
2
8
6
4
2
6
2
6
0
0
4
2
4
6
8
2
0
2
2
8
0
8
4
7
0
8
2
89
2
4
2
2
4
6
4
6
0
6
2
2
0
8
0
2
0
76
8
6
2
6
2
0
6
6
0
8
6
4
4
2
2
4
6
4
4
0
6
0
6
0
6
2
2
2
4
0
4
4
0
10
8
0
8
0
0
0
4
0
8
6
0
6
4
2
4
2
6
0
8
6
0
6
4
0
4
0
4
4
4
0
0
6
6
0
0
0
4
2
4
0
6
0
0
6
4
0
4
0
0
4
0
0
0
0
0
6
0
6
4
0
0
2
6
30
2
4
0
4
2
4
6
82
4
2
4
6
8
2
0
10
0
4
0
6
0
2
0
4
0
0
4
6
0
8
0
4
4
6
0
0
0
0
0
4
0
6
0
8
2
0
0
0
0
6
67
6
2
2
0
6
8
2
6
0
0
2
2
4
0
4
0
6
2
2
0
0
4
6
6
0
0
4
6
0
2
6
2
6
8
0
4
2
2
0
0
4
8
6
8
6
0
4
6
4
6
0
6
8
2
5
0
6
0
0
6
4
2
6
6
4
7
0
5
5
0
99
13
9
11
11
11
7
9
52
7
7
5
2
11
4
0
2
11
7
1
0
0
0
9
0
0
7
7
0
9
0
13
1
9
1
9
0
11
1
0
5
7
0
7
2
0
5
0
13
0
2
0
0
2
0
3
7
1
5
0
7
2
0
1
7
0
0
2
2
0
0
11
2
7
1
0
11
0
7
5
9
0
11
0
5
0
2
1
7
2
9
13
7
3
11
1
2
0
3
0
9
0
3
0
0
7
9
11
0
2
5
15
7
0
0
0
7
7
5
7
11
11
0
0
0
9
1
3
0
1
7
0
7
7
0
0
9
0
0
0
9
0
9
0
0
0
11
0
7
0
0
0
7
0
0
0
0
0
9
0
7
7
11
0
1
7
7
9
0
0
0
0
7
0
7
9
1
0
11
1
1
0
3
9
9
0
0
0
5
7
9
0
7
1
1
9
0
1
0
0
1
9
1
0
1
14
0
9
7
0
1
0
3
7
1
9
1
1
0
9
7
0
3
7
3
11
1
3
7
0
1
5
15
83
1
1
9
7
1
7
3
3
1
1
3
5
0
0
9
7
5
5
1
0
9
25
1
5
0
0
0
3
0
1
0
0
32
1
0
0
7
9
0
9
1
0
1
0
5
5
0
5
0
22
36
17
11
1
13
21
4
1
0
9
3
14
1
10
12
1
18
3
16
11
24
17
8
1
4
19
1
15
14
17
23
14
20
20
14
12
0
22
1
17
3
16
10
19
15
19
12
22
22
3
8
17
3
21
18
15
3
1
19
13
28
0
15
20
19
7
26
7
27
18
1
23
1
13
29
27
18
4
5
3
12
0
19
10
17
10
28
0
6
1
2
12
10
21
19
18
13
13
15
14
15
2
3
24
4
1
15
10
3
15
1
14
27
3
16
14
13
1
20
13
23
15
1
10
22
5
8
20
20
21
24
12
0
23
10
12
17
24
13
19
15
13
10
1
10
9
0
19
19
1
6
9
20
3
13
15
3
30
24
28
1
18
19
17
12
22
15
4
21
22
19
14
5
19
14
27
31
4
9
12
1
21
7
3
3
23
14
13
12
17
25
1
0
23
14
22
22
45
20
15
15
24
21
1
17
16
23
11
32
19
18
20
8
3
15
9
3
1
17
17
32
0
3
17
25
4
18
12
31
1
17
10
1
17
21
21
1
5
31
26
1
1
10
19
17
21
3
14
16
1
19
13
25
8
5
19
1
31
3
0
16
0
13
0
17
12
1
1
15
3
1
8
1
1
17
1
16
11
12
12
25
12
1
8
3
22
29
