0
0
1
2
0
0
1
5
3
1
1
0
1
2
1
0
0
0
4
7
1
6
0
0
5
1
3
11
3
4
3
1
0
1
6
9
1
5
3
0
2
0
6
0
3
1
1
10
1
0
0
0
7
4
12
2
4
1
11
6
0
0
1
2
2
4
2
2
0
0
8
4
1
9
7
1
6
3
2
7
8
6
1
0
0
7
4
5
1
0
2
0
1
22
16
9
22
4
9
7
0
7
2
5
11
14
3
22
1
0
1
1
11
8
1
0
1
0
1
4
3
1
4
5
0
18
8
15
0
8
10
9
8
0
1
15
10
12
17
4
1
1
8
5
4
5
22
14
9
11
0
14
0
21
0
0
3
4
9
9
3
1
1
8
8
0
0
10
8
2
3
14
6
11
6
15
12
0
1
6
2
9
0
5
19
1
10
5
0
0
0
12
10
13
0
0
1
0
11
1
0
10
5
9
19
2
0
9
0
0
9
15
0
12
0
0
0
15
0
1
8
0
3
9
12
5
1
2
11
0
4
1
20
11
0
0
13
4
0
20
1
0
4
14
0
5
0
8
3
1
1
0
0
0
0
2
0
0
0
0
0
0
10
0
3
0
0
1
3
10
0
1
4
1
3
0
0
0
14
1
0
0
1
1
0
9
2
3
1
1
1
3
3
1
0
0
2
1
1
1
1
1
3
1
1
1
3
1
3
1
3
3
2
3
1
1
2
6
1
4
3
1
1
2
3
1
3
3
1
1
3
3
1
1
3
3
3
10
1
1
1
3
3
1
1
1
3
3
11
4
3
3
1
11
1
3
2
2
3
3
0
3
1
3
2
3
3
9
1
4
1
4
1
4
1
3
1
4
3
1
2
3
2
1
3
3
3
2
1
4
2
1
2
1
1
10
1
3
3
2
1
2
3
1
1
1
0
3
3
3
3
3
3
11
3
1
1
4
3
1
3
1
1
3
1
2
1
3
1
9
1
3
3
3
1
0
3
2
2
1
3
2
3
4
1
1
4
1
3
9
1
1
1
1
1
3
4
3
10
1
5
4
4
3
3
2
2
3
3
3
2
1
1
3
1
3
4
1
2
1
3
3
3
4
2
1
3
1
1
3
1
4
3
3
4
1
1
4
4
3
3
2
4
1
1
3
1
1
1
0
3
1
3
3
1
3
6
3
1
2
2
2
2
10
9
1
1
0
3
1
11
0
1
5
3
1
2
1
2
2
3
2
3
1
1
2
1
3
3
3
1
3
3
3
3
1
2
1
2
1
1
4
2
3
3
2
2
1
1
1
1
4
1
1
1
1
64
91
72
79
83
70
57
74
44
55
64
85
50
57
61
91
59
66
34
52
67
92
75
83
59
22
53
78
36
54
30
45
40
20
60
65
83
82
36
66
48
73
27
45
33
40
43
47
45
28
24
49
33
34
48
22
31
45
17
22
0
28
28
34
28
89
45
34
60
68
85
66
49
27
79
49
60
45
72
62
61
80
59
70
36
45
36
47
39
40
38
53
76
88
64
70
71
61
87
38
52
51
57
59
66
58
58
72
59
38
75
58
65
42
86
56
74
85
47
26
47
64
47
43
68
72
80
63
70
67
33
57
26
66
92
63
70
24
58
56
51
82
74
95
53
89
84
53
69
31
64
47
53
26
45
38
85
68
60
51
68
47
76
71
43
48
55
48
74
76
62
69
81
47
80
37
83
36
66
44
77
64
49
26
69
73
74
52
79
53
27
38
80
37
86
58
82
75
76
83
45
51
61
42
76
67
70
72
54
38
79
51
45
67
74
49
45
83
64
51
41
34
74
0
36
66
47
91
13
36
55
49
26
55
37
38
42
34
35
50
49
37
38
45
17
28
43
28
65
51
24
39
62
34
37
28
30
24
9
26
20
32
9
7
13
57
11
9
22
7
15
9
16
9
11
0
17
16
9
14
20
16
14
18
10
16
12
28
16
18
15
17
9
10
10
14
12
11
17
14
17
13
6
12
8
7
8
21
10
12
14
16
12
17
5
8
11
12
20
20
8
24
12
12
19
17
6
7
11
8
9
11
13
14
14
23
11
9
13
9
11
10
17
14
19
22
11
11
9
12
8
19
12
6
9
14
8
12
10
14
15
21
18
15
8
8
18
37
12
11
10
23
6
14
6
7
6
12
10
5
7
13
8
16
13
9
4
7
10
8
7
8
14
22
10
9
12
12
3
8
13
7
9
9
14
12
4
15
7
16
24
12
12
7
9
15
11
8
14
15
8
13
9
13
5
8
7
8
11
7
6
14
8
10
21
8
10
8
9
13
7
8
8
12
9
7
7
5
12
6
7
6
14
8
10
8
10
7
12
7
16
7
10
9
11
16
17
13
8
14
7
6
7
10
14
12
12
6
6
4
16
9
9
20
7
7
7
11
11
12
9
14
8
10
31
25
5
6
9
9
24
10
11
16
5
8
6
9
10
5
7
9
9
10
9
15
8
6
12
7
10
6
9
5
9
27
6
10
9
8
7
24
10
8
6
7
13
23
10
9
33
10
23
6
9
5
7
11
7
12
8
14
19
8
6
8
7
14
13
8
10
30
12
14
37
7
5
13
7
10
23
6
9
19
12
11
1
1
0
0
16
2
0
2
0
22
1
2
4
3
2
0
21
0
0
2
3
2
0
0
2
0
10
0
0
0
2
0
0
1
2
0
26
2
2
2
3
2
1
2
0
0
0
0
2
0
2
17
0
2
2
24
0
0
0
0
0
0
0
0
1
0
0
0
0
2
3
1
3
28
0
0
24
0
2
0
23
0
0
0
1
3
28
1
3
0
0
0
18
2
3
32
0
0
56
0
0
0
27
0
34
1
18
0
0
0
25
0
0
2
18
3
0
2
17
0
0
0
0
3
0
0
1
2
10
0
2
21
2
0
21
4
20
0
0
2
0
2
0
0
0
2
16
0
1
0
0
25
0
2
62
0
0
40
0
4
0
0
0
0
20
0
23
6
17
2
2
0
5
0
0
0
0
19
21
2
0
0
1
0
0
2
19
1
2
2
11
2
2
2
0
20
1
0
26
0
3
0
0
2
0
0
2
2
25
0
1
2
18
2
2
0
20
0
0
28
17
4
2
0
0
0
0
1
0
1
2
0
22
2
0
0
24
2
3
2
20
20
0
0
0
2
0
1
2
0
1
23
3
2
21
2
2
3
42
0
3
2
0
2
0
2
0
25
3
1
0
0
20
0
2
0
28
0
0
0
21
1
0
2
0
0
2
0
4
0
2
2
2
0
4
4
2
6
4
4
4
2
4
2
4
4
2
2
4
4
0
8
2
2
4
4
4
4
2
4
0
4
0
6
8
0
0
0
4
2
2
2
4
6
13
15
6
4
4
4
6
0
4
4
4
2
2
4
2
2
2
8
0
2
2
2
4
2
13
6
10
4
4
2
4
2
8
4
2
4
4
0
4
6
2
2
4
13
2
2
0
4
2
4
4
12
4
2
2
4
2
6
4
4
2
6
2
2
6
8
2
2
0
2
0
2
17
4
4
4
4
4
0
2
2
2
8
6
4
4
8
4
4
6
2
2
2
2
2
17
4
6
6
2
4
2
21
4
2
4
4
4
4
2
8
4
2
4
6
2
2
0
17
4
2
6
4
2
0
4
2
4
4
4
2
4
0
2
4
2
4
6
4
6
0
4
2
0
6
4
8
14
4
11
0
2
4
15
4
2
6
0
4
0
2
2
2
6
2
2
4
4
6
2
4
2
4
4
0
6
2
0
6
4
2
2
2
4
0
4
4
6
17
6
0
4
2
2
6
2
0
6
4
10
6
6
4
2
6
4
11
2
2
0
26
17
0
4
0
19
2
2
10
16
4
4
0
6
0
6
6
4
2
6
6
12
11
4
2
4
6
4
2
4
4
4
2
4
6
66
5
6
2
2
6
2
0
4
6
0
2
6
2
4
98
4
6
6
4
0
2
0
0
6
2
0
6
0
4
8
0
0
8
0
0
0
2
2
2
6
2
0
0
2
2
2
0
6
2
0
0
4
0
2
0
8
0
4
6
0
0
0
2
0
0
0
8
8
2
4
0
65
0
2
2
2
4
0
0
2
0
12
2
0
2
8
2
2
4
0
0
6
93
6
2
0
6
4
24
4
8
8
4
4
4
0
4
8
0
0
4
0
6
0
6
6
8
2
0
8
2
6
2
0
0
0
0
6
2
8
0
6
0
0
2
6
2
4
6
6
0
6
4
0
0
8
0
2
0
46
2
4
6
0
0
7
4
6
0
8
0
0
6
4
0
4
8
2
6
4
4
0
6
32
0
0
2
6
4
8
2
10
4
2
2
4
4
0
0
0
2
2
4
0
4
8
6
8
4
4
2
4
2
0
6
6
0
4
14
9
4
0
4
6
0
0
4
4
6
0
6
0
6
46
4
6
6
0
6
0
4
4
0
4
4
0
2
4
0
2
0
2
2
8
6
6
2
2
4
6
0
2
6
0
0
2
77
4
0
4
0
2
6
8
0
6
8
6
0
10
10
2
0
6
0
4
4
2
0
6
4
83
2
0
0
4
2
0
2
11
5
0
2
2
0
34
2
2
33
2
5
6
4
2
2
56
6
2
8
4
0
4
6
2
4
2
2
6
2
41
0
2
0
7
2
40
2
10
2
2
4
2
3
4
2
2
2
4
0
2
4
4
44
0
2
38
0
0
2
0
0
2
4
4
4
0
3
0
36
2
2
4
3
0
0
0
0
2
3
2
0
0
2
4
2
0
2
0
36
4
14
4
2
2
4
8
4
4
2
0
2
6
2
0
0
2
4
0
2
0
0
50
2
4
2
2
2
0
4
2
0
31
0
2
11
35
15
2
0
0
0
0
6
0
4
26
2
2
2
0
2
3
0
0
0
41
0
6
2
0
0
4
2
0
2
2
2
2
2
0
4
4
4
4
5
9
42
9
2
4
7
12
41
8
6
10
2
5
8
6
6
38
8
2
36
5
2
29
2
0
2
2
3
4
2
48
0
2
0
4
2
3
4
38
0
4
2
0
38
7
3
2
2
2
0
11
2
4
0
2
2
0
3
16
6
2
5
0
2
31
0
0
2
31
0
4
29
0
2
2
4
4
4
4
2
5
2
2
0
2
2
2
2
0
2
0
0
2
11
4
2
2
0
2
4
2
2
2
6
0
2
2
0
2
0
2
33
2
2
2
4
4
6
2
4
4
2
2
2
2
2
6
2
2
0
0
2
2
2
2
2
4
2
2
2
2
0
2
4
4
0
0
2
0
2
0
0
4
2
6
2
2
0
2
0
2
4
0
2
2
0
2
0
0
0
2
4
0
2
4
0
2
2
0
4
0
0
2
2
2
0
0
0
0
4
4
2
2
4
2
0
0
4
4
2
0
0
4
4
4
6
0
4
2
2
2
0
2
0
0
0
0
0
2
0
2
2
2
2
4
2
2
2
2
4
2
2
0
2
0
2
0
4
4
2
2
4
4
2
0
2
2
4
4
4
0
4
2
0
2
4
2
4
2
0
0
2
0
0
2
2
0
0
4
0
0
4
2
0
0
0
2
0
2
0
0
2
2
2
4
2
0
2
6
0
0
2
2
2
6
0
0
4
4
0
2
6
4
2
0
0
4
0
2
2
2
4
2
2
4
6
2
2
4
4
2
6
2
4
0
4
2
2
4
2
0
0
2
0
4
6
2
2
0
0
4
0
0
2
6
0
2
2
0
0
0
0
0
2
2
4
8
0
0
2
4
0
0
2
0
0
2
2
2
0
6
4
4
4
4
0
0
4
2
4
0
0
0
0
0
0
2
2
2
4
2
4
4
0
2
0
2
2
2
2
0
0
4
0
4
8
4
8
4
8
6
0
4
6
4
8
4
4
8
0
4
10
4
2
2
6
4
8
10
2
6
6
41
6
10
6
6
4
4
6
12
35
4
4
2
10
4
14
2
6
6
10
8
10
12
8
0
4
8
4
6
6
6
2
2
4
4
2
4
8
8
12
6
2
4
4
14
4
4
6
8
4
6
6
8
8
6
2
10
31
8
10
12
2
8
10
4
2
2
4
2
6
6
2
2
6
8
6
8
10
6
6
13
4
15
21
15
2
6
6
6
2
15
10
8
10
6
4
6
12
2
2
2
2
2
25
4
2
4
6
4
2
15
2
4
10
4
4
4
2
2
2
6
4
6
4
4
4
4
2
19
4
10
4
6
6
4
6
2
15
16
4
15
4
6
25
8
2
4
6
8
4
6
2
2
2
12
6
2
4
21
4
8
4
25
4
6
6
25
6
4
6
23
4
6
4
4
2
4
4
4
6
6
4
4
19
4
10
2
6
4
6
8
4
4
2
14
0
2
8
17
4
2
4
4
6
17
6
15
19
13
17
2
0
0
6
2
4
4
10
6
4
4
12
8
17
8
2
2
4
4
31
6
6
8
4
4
8
4
2
4
6
8
4
39
8
4
6
10
6
12
8
2
4
10
10
6
4
8
6
8
15
4
