8
8
8
4
8
8
4
4
2
2
4
4
6
10
6
6
6
4
4
8
4
6
6
2
6
10
2
4
4
6
6
4
2
2
6
6
2
6
6
8
4
6
4
10
6
2
6
10
2
6
2
8
6
4
8
12
6
2
6
8
2
6
6
6
4
8
4
6
6
8
10
6
8
12
2
6
6
6
6
4
4
8
8
6
4
10
6
2
6
4
8
8
2
12
8
4
4
8
2
8
8
6
6
6
2
2
8
4
4
6
8
12
8
4
6
4
4
4
4
6
6
8
8
10
4
6
8
8
6
8
8
4
10
4
4
6
12
10
4
8
6
10
6
39
4
6
4
2
6
8
6
8
8
4
6
6
6
12
4
6
4
6
4
4
4
6
2
8
4
6
8
6
6
6
4
4
10
4
4
10
12
4
39
6
6
8
4
6
8
4
4
4
4
10
8
4
4
6
6
4
8
6
4
6
4
6
6
18
6
2
6
2
0
6
6
4
4
6
4
4
4
6
2
8
4
8
4
6
4
4
4
4
4
2
6
4
6
6
6
4
8
8
6
8
6
8
4
10
6
8
4
4
2
4
2
4
6
2
8
6
4
4
4
6
2
2
2
2
6
6
2
2
4
6
6
6
4
8
6
2
8
2
2
4
4
2
2
4
10
20
16
21
19
12
33
5
10
12
13
13
14
6
21
8
13
19
11
4
6
0
8
13
13
7
11
20
13
9
7
8
11
9
11
7
11
13
6
17
21
13
31
13
9
13
16
34
24
14
18
12
22
6
8
7
23
17
16
18
7
19
21
5
14
28
28
31
31
25
16
12
22
25
33
16
25
24
30
19
23
46
29
45
46
24
19
17
33
29
29
12
41
31
15
19
42
32
30
39
22
42
12
25
21
15
21
31
39
13
29
36
19
34
43
27
34
11
10
31
44
10
19
28
27
47
37
27
27
37
23
21
23
29
42
39
37
19
35
13
40
37
54
28
65
27
8
29
48
22
39
15
54
34
55
46
23
48
41
31
14
31
45
39
46
46
46
45
31
58
33
43
39
39
36
31
23
25
35
31
19
35
29
37
38
11
23
37
22
19
37
31
43
25
17
13
19
29
36
42
19
16
50
38
53
54
29
48
18
37
37
25
46
33
46
37
31
45
43
23
37
10
17
50
23
9
35
15
30
29
19
19
9
46
14
39
25
28
50
11
12
31
20
17
48
12
25
19
19
13
46
11
24
6
15
24
8
14
17
9
15
41
17
27
15
15
12
12
15
13
11
11
17
13
6
15
19
15
9
7
23
11
4
13
15
8
12
8
4
0
4
2
0
2
2
2
2
4
2
2
2
2
2
0
0
6
2
0
2
0
2
6
0
44
2
0
0
4
0
0
0
0
4
2
0
0
4
2
0
2
0
0
2
0
0
0
94
0
0
6
4
4
0
0
0
2
0
0
4
2
0
4
0
0
0
4
8
0
0
2
0
0
0
2
0
4
0
2
0
0
0
4
0
0
0
2
0
4
2
0
0
0
0
4
0
2
0
95
2
0
0
0
0
0
0
4
0
0
0
0
0
4
0
0
0
0
0
0
0
0
0
0
0
4
0
0
2
2
0
0
4
2
4
6
6
2
2
0
0
2
2
0
0
4
2
0
4
2
0
0
2
4
4
2
2
4
0
0
2
0
4
0
0
97
4
2
2
0
2
0
4
2
0
2
4
0
0
4
4
2
0
4
2
4
0
6
0
30
2
2
2
0
2
0
2
0
2
0
0
2
0
0
2
0
6
6
4
2
0
0
0
4
0
0
0
0
4
4
4
4
0
2
4
4
4
0
0
0
0
2
0
2
4
0
2
0
0
2
0
0
2
2
0
0
0
4
0
0
0
2
0
0
0
4
2
2
2
2
2
2
4
0
0
4
4
2
2
2
2
0
6
0
4
2
2
2
0
4
0
0
0
2
2
2
4
0
8
8
0
4
8
2
8
8
2
4
14
2
6
6
0
4
10
8
0
6
4
2
0
6
4
4
0
2
10
0
12
0
4
4
8
0
4
2
4
0
4
0
4
0
8
6
9
0
10
6
0
6
8
0
4
0
0
0
6
0
4
0
10
6
12
8
8
0
0
4
8
0
8
0
6
0
4
0
2
6
4
0
4
0
0
8
2
0
0
6
0
0
0
4
8
0
0
6
6
0
0
12
6
0
0
6
6
4
0
6
14
0
0
8
6
0
0
4
4
0
0
0
0
0
4
6
0
0
6
8
4
0
0
10
2
0
0
6
0
0
0
0
0
0
0
0
0
0
0
2
2
4
0
0
4
8
6
0
6
8
0
6
0
4
8
6
8
4
4
0
0
14
8
4
0
2
0
0
0
0
0
0
0
0
0
2
0
0
0
0
0
12
0
2
0
6
0
2
0
6
0
4
0
6
2
2
8
8
0
0
0
10
4
17
0
2
0
4
0
6
0
8
2
21
4
25
0
17
0
12
0
10
6
12
8
16
0
0
0
6
4
0
10
4
0
0
12
6
0
0
15
2
0
0
6
2
0
0
17
4
2
0
2
4
4
0
8
6
4
2
4
6
0
0
10
6
4
0
4
12
0
0
6
4
0
0
2
6
19
19
19
19
20
19
19
19
20
19
20
19
20
20
20
19
20
20
20
19
20
19
20
20
20
19
19
20
19
19
20
20
19
19
19
20
20
19
19
20
20
20
20
19
19
19
20
19
19
19
19
20
19
19
19
19
19
19
19
20
19
19
19
19
20
20
19
20
19
20
19
19
19
20
19
20
19
19
20
19
20
20
19
20
19
20
19
20
19
19
19
20
19
20
19
20
19
19
19
20
19
20
19
20
19
19
20
20
20
19
20
20
20
20
20
19
19
20
20
20
19
20
19
19
19
19
20
20
20
19
19
20
20
19
20
20
20
19
19
20
20
20
20
20
19
19
19
19
19
19
19
19
19
20
20
20
20
20
20
20
20
19
19
19
19
19
20
20
19
20
19
20
20
19
19
20
20
19
20
20
20
20
19
19
19
19
20
20
20
19
19
19
19
20
19
19
19
20
19
19
19
20
20
19
19
20
19
20
20
19
20
20
20
19
20
20
20
20
20
19
20
20
19
19
20
19
19
20
19
19
19
20
20
20
20
19
20
19
20
19
19
19
20
20
19
20
19
20
19
19
19
19
20
20
19
20
20
20
20
19
20
19
19
20
20
20
20
19
19
19
19
20
19
19
19
19
19
19
20
19
20
19
20
20
20
20
19
20
2
2
2
4
4
4
4
14
8
2
4
7
6
8
2
6
4
4
4
2
11
11
10
2
4
4
2
4
6
8
11
4
4
2
4
4
2
8
4
4
6
4
4
8
2
6
7
6
10
2
4
4
4
4
4
6
11
5
6
6
4
6
2
6
6
6
6
4
4
6
9
13
2
8
6
10
7
7
8
36
13
4
2
13
13
2
6
6
4
4
2
2
4
6
6
12
11
6
4
6
4
10
4
4
6
6
7
6
8
6
6
6
6
10
6
8
8
8
6
8
2
9
4
6
6
9
10
12
4
10
6
12
11
2
6
6
6
6
6
8
6
6
6
8
12
8
9
2
4
6
10
2
2
6
6
4
10
3
6
5
6
6
4
3
4
3
4
7
8
6
6
6
10
16
6
18
8
6
8
4
6
6
4
8
6
4
6
8
6
6
2
4
4
6
4
6
2
4
4
6
6
2
10
6
19
2
33
6
6
6
21
6
7
2
4
4
33
6
6
14
4
4
6
4
4
6
3
10
4
8
4
2
4
4
4
4
4
6
8
12
4
4
4
4
2
12
4
4
4
4
9
2
4
2
6
2
4
2
5
2
6
8
8
4
2
4
4
4
4
8
2
4
4
2
6
7
8
4
6
2
4
4
2
4
2
9
6
8
2
0
2
0
0
2
4
2
6
0
6
2
4
4
4
6
2
2
2
6
2
4
0
2
4
2
4
2
0
4
0
2
2
4
6
2
4
2
6
2
2
0
2
2
2
4
0
4
4
4
4
8
2
0
2
4
4
4
0
2
4
2
0
4
2
2
6
0
4
0
6
4
4
2
4
0
2
4
6
4
4
4
4
4
8
6
4
4
0
0
4
0
4
6
4
2
2
2
0
2
4
2
4
6
2
0
6
2
4
2
2
2
0
6
2
2
2
0
4
4
4
2
2
2
0
4
2
8
2
2
2
4
2
4
4
2
4
2
4
4
2
4
2
0
6
2
4
2
0
0
0
4
4
2
6
2
4
0
0
0
4
2
2
2
4
6
2
2
2
2
0
2
0
0
0
0
8
0
6
4
2
4
0
2
2
2
2
0
2
4
4
2
2
2
2
2
0
4
4
4
4
0
4
2
0
4
8
0
2
2
6
2
2
6
4
2
0
8
4
4
4
0
2
4
4
2
2
0
0
4
6
4
4
2
0
2
6
0
4
0
4
4
2
2
6
6
4
6
4
2
6
4
2
2
6
4
4
4
2
2
4
6
0
2
2
4
0
2
2
2
2
6
6
2
2
8
0
2
2
2
4
0
6
0
4
4
4
0
8
12
10
10
10
10
6
6
6
10
10
10
8
8
8
12
4
4
4
10
6
10
10
8
10
4
8
10
4
6
12
6
10
12
8
4
18
6
8
12
6
10
10
14
14
8
10
10
4
8
12
8
6
8
6
14
10
8
6
10
10
6
12
8
8
8
6
8
6
12
6
4
6
10
8
4
6
6
10
10
4
8
10
2
8
10
8
12
2
8
14
10
12
10
10
4
8
12
10
8
10
4
10
12
10
10
16
12
8
12
6
8
8
10
10
12
6
8
10
8
10
12
10
10
10
8
8
4
6
6
8
8
10
6
6
8
10
8
10
6
10
10
4
6
10
10
8
12
8
14
6
8
4
12
4
8
12
12
6
12
6
6
12
12
8
10
12
6
6
8
10
8
8
8
8
12
6
12
6
6
10
10
10
6
10
8
8
8
6
6
6
8
10
4
10
10
2
8
12
8
8
10
10
10
10
6
10
8
10
10
6
6
6
12
16
2
10
6
12
12
6
4
8
8
8
8
8
4
4
8
6
4
10
4
14
6
4
6
10
4
8
4
10
2
6
8
8
10
8
4
12
6
8
8
4
6
2
8
6
6
10
8
6
4
6
6
6
12
6
12
8
12
8
6
6
4
12
8
10
2
6
12
12
4
6
10
6
8
4
2
13
8
4
6
4
2
6
8
6
13
11
6
6
6
10
8
16
6
6
7
6
8
4
8
8
4
10
12
4
8
12
8
11
8
12
8
12
6
8
12
6
4
11
6
6
6
10
10
6
3
4
4
6
6
10
10
8
11
6
9
6
6
10
8
8
11
8
8
10
8
10
8
6
4
11
8
6
12
4
14
6
18
8
13
10
7
6
8
4
4
10
8
15
6
6
4
6
6
12
4
10
6
6
10
8
6
13
8
8
6
4
6
2
4
6
4
13
10
6
7
6
4
0
8
6
8
8
8
10
8
8
6
12
13
21
13
13
0
6
13
14
4
10
8
11
8
12
2
8
4
6
13
6
8
8
20
6
6
19
4
6
17
8
10
8
8
2
6
6
11
8
2
2
11
4
6
4
10
6
6
6
17
8
6
8
5
10
8
10
2
6
8
2
6
13
19
11
4
10
10
8
6
4
4
11
6
15
6
8
12
6
6
6
6
8
8
4
8
8
13
10
14
4
4
7
4
5
6
6
9
9
9
10
16
11
10
2
7
11
14
13
5
4
4
10
8
8
5
8
5
6
4
4
4
10
4
13
14
4
8
4
10
8
10
8
6
17
5
6
6
10
4
12
2
12
8
4
11
11
18
4
8
13
6
11
6
27
21
25
35
39
25
21
20
30
29
28
20
18
25
10
28
27
22
28
29
27
21
15
22
30
20
23
25
25
19
24
14
32
29
33
21
29
17
16
21
34
20
24
29
14
36
31
26
68
22
20
35
24
31
23
32
66
22
28
32
21
23
24
29
25
28
36
31
30
35
66
11
25
32
32
31
16
18
29
29
34
26
28
29
28
35
30
31
19
41
22
15
31
29
54
21
28
31
18
28
30
23
24
27
25
28
23
19
26
24
39
22
23
26
23
7
26
16
46
20
30
22
28
34
36
58
24
28
33
26
24
29
29
22
27
22
27
22
27
26
78
39
21
21
32
25
29
29
25
27
29
22
19
37
33
28
22
23
20
19
27
24
13
25
24
23
25
31
24
21
37
26
25
18
35
36
58
20
26
28
22
43
56
21
21
36
37
26
30
23
26
36
42
30
19
24
24
32
31
17
32
27
26
50
31
27
20
6
22
25
27
37
20
56
37
23
28
11
23
21
10
38
48
26
20
28
30
18
40
19
26
13
19
15
22
25
18
18
31
25
15
13
22
25
22
20
23
10
16
10
14
15
16
20
19
27
24
24
18
24
24
29
20
13
20
20
22
23
34
16
21
13
23
28
27
35
17
23
26
20
34
22
22
22
38
26
13
23
