10
11
10
10
12
6
10
4
10
10
17
6
10
15
10
12
10
15
19
12
11
10
12
6
8
10
10
12
15
13
8
13
8
8
6
10
4
10
8
6
13
10
8
13
13
12
10
8
10
10
12
8
8
11
13
8
8
10
13
10
11
6
4
6
6
11
6
10
13
11
8
10
11
10
10
13
13
8
10
8
4
11
6
11
6
10
8
10
6
13
8
6
6
11
6
15
10
6
8
13
6
13
11
8
6
6
10
11
12
9
8
8
15
10
11
13
6
13
10
10
6
15
8
6
4
10
10
10
11
6
10
6
15
8
11
8
10
4
6
17
21
4
11
11
8
11
10
8
8
8
8
10
6
6
10
11
8
4
8
13
23
8
11
8
11
13
15
8
8
19
10
17
8
6
13
10
13
8
10
13
8
21
8
11
27
13
10
15
15
13
10
21
15
12
15
6
15
12
11
10
6
10
17
21
19
13
8
10
11
11
13
10
8
8
13
8
10
11
10
6
10
10
10
10
9
15
10
13
12
8
11
4
6
13
6
17
8
13
6
10
8
6
8
6
10
6
8
6
6
6
8
11
13
8
4
6
4
10
11
4
4
4
4
6
6
6
8
6
10
8
4
8
10
6
10
6
10
6
6
6
6
10
8
6
8
8
6
10
3
5
7
11
5
9
7
5
9
5
5
7
9
5
5
7
5
7
5
5
5
7
5
3
5
7
5
5
5
3
5
7
5
3
7
5
5
5
5
5
5
3
13
3
7
3
5
9
5
3
7
7
5
7
13
11
5
7
7
5
5
3
7
15
5
7
13
7
5
7
5
7
5
7
3
7
7
9
5
7
3
7
3
9
7
7
5
7
5
5
7
11
7
7
5
5
5
3
5
7
3
3
9
7
3
5
3
9
7
3
7
9
7
5
7
3
5
7
3
5
5
5
7
5
5
7
7
5
9
5
9
5
7
3
7
3
3
7
5
3
7
7
5
5
5
7
5
7
11
11
5
7
7
5
3
5
5
7
5
5
5
5
5
7
7
7
7
9
7
5
5
3
7
5
5
7
5
9
7
5
5
9
5
7
7
25
3
5
5
7
5
9
5
7
5
5
5
5
5
11
5
5
5
7
7
5
5
5
5
5
5
7
5
7
3
5
9
3
7
7
7
7
7
5
9
5
7
7
7
7
7
5
7
9
7
5
7
5
7
3
5
5
9
25
7
7
5
5
11
7
5
7
3
5
5
7
3
5
7
5
5
7
9
7
5
7
5
5
7
5
3
5
3
5
5
9
3
5
7
3
3
7
5
9
3
7
9
7
14
15
16
17
20
14
13
16
15
12
17
15
15
19
20
19
19
13
17
10
15
15
14
11
15
15
17
16
12
12
15
15
15
13
13
17
16
10
12
14
13
15
17
16
20
16
15
16
13
14
15
16
13
13
12
16
13
18
15
14
13
14
15
13
17
17
12
13
15
15
11
13
14
15
16
14
15
15
17
18
15
13
13
15
16
16
17
15
14
15
14
15
12
15
15
15
15
16
16
17
13
16
17
13
14
9
13
13
14
14
2
18
28
21
30
23
31
27
7
24
2
28
27
35
29
42
7
2
2
2
0
8
4
2
31
26
22
5
11
18
20
4
2
13
20
28
22
28
22
20
29
2
2
2
4
2
7
14
7
2
0
0
4
19
1
25
36
4
3
2
2
12
0
10
8
7
15
19
30
4
2
2
25
2
10
9
0
0
3
2
2
2
4
4
28
4
2
14
5
10
17
11
2
11
25
12
7
6
2
4
17
20
22
21
2
6
2
4
2
24
23
3
1
4
6
13
3
15
14
4
3
4
2
22
5
11
2
7
30
2
4
4
15
2
2
21
2
5
7
16
11
1
18
12
22
0
4
9
2
2
9
1
21
16
8
2
4
13
8
25
12
17
23
29
10
17
12
22
9
25
8
20
8
16
16
5
1
5
1
0
1
0
1
3
3
8
3
0
1
0
3
5
3
3
3
3
1
5
3
3
1
3
3
3
5
0
3
1
1
5
5
3
3
3
1
5
3
7
1
3
5
1
1
9
0
3
0
1
1
3
5
3
7
7
0
7
3
1
1
3
3
3
1
3
3
0
1
0
1
3
3
1
0
3
1
3
1
5
1
5
3
1
1
1
7
1
7
5
3
3
0
5
7
3
9
1
7
5
9
5
1
1
5
1
3
0
3
0
3
5
3
3
3
7
0
1
0
0
5
5
5
1
1
3
3
0
3
0
5
3
5
1
1
9
5
7
9
9
3
0
5
3
0
3
5
3
5
3
1
1
5
1
1
3
5
1
1
6
1
3
0
5
1
3
5
1
1
3
5
0
1
7
7
1
3
0
1
6
3
3
13
0
1
0
1
3
1
3
3
0
3
3
3
7
3
3
3
1
3
5
9
1
1
5
1
0
3
3
1
5
5
1
5
1
5
1
0
3
5
3
5
0
0
3
1
1
0
1
0
1
0
3
3
7
5
13
5
3
1
3
3
5
1
5
3
0
0
1
1
0
3
3
1
3
1
1
7
3
3
0
1
7
3
0
1
3
5
0
1
1
5
7
1
5
1
7
0
1
1
0
1
1
1
5
1
9
2
6
6
0
2
2
0
2
6
2
4
2
4
0
4
4
6
4
0
4
2
4
4
2
2
4
6
0
0
4
4
2
2
4
4
4
2
2
0
4
2
0
2
6
4
0
4
4
6
4
6
0
4
0
4
4
4
2
6
2
6
4
6
6
0
0
4
2
0
2
4
0
2
8
4
2
0
2
4
4
4
4
4
0
4
2
0
4
0
6
8
2
4
2
2
0
4
4
4
6
0
0
4
6
4
2
4
0
2
6
6
4
0
0
6
6
2
4
6
2
2
2
2
4
6
6
6
8
0
2
4
2
2
4
4
0
2
2
0
2
0
2
4
0
4
2
2
4
0
4
4
4
2
2
4
0
2
4
6
4
4
0
4
4
2
2
4
0
2
4
4
4
6
0
6
4
2
2
6
0
4
0
4
2
0
2
4
2
4
4
4
0
4
0
2
4
0
4
0
2
2
2
2
0
8
4
0
4
0
0
4
2
4
6
0
2
6
4
2
0
4
0
0
0
4
2
4
0
6
6
6
6
0
4
0
2
2
2
2
0
4
4
2
4
4
0
0
0
2
2
0
2
4
2
0
0
6
0
2
4
4
2
0
0
0
2
4
2
0
6
2
2
8
6
4
0
2
2
0
2
4
0
2
2
2
4
0
0
68
45
90
46
47
48
43
48
61
47
50
62
56
48
49
46
49
51
48
49
85
49
42
49
51
46
75
46
55
91
48
91
62
50
47
47
49
32
49
46
47
47
34
49
45
82
46
87
78
44
49
42
56
47
51
93
47
42
53
49
47
44
47
43
43
51
41
50
80
79
47
48
63
39
82
48
48
83
45
88
77
49
81
50
36
48
67
45
47
83
33
86
47
49
45
49
35
32
91
59
68
51
33
99
47
47
49
89
47
48
49
49
49
95
40
33
55
46
76
64
51
46
49
66
88
51
33
62
47
92
61
49
45
47
45
45
49
93
44
51
49
46
45
49
73
48
48
39
51
44
34
50
49
47
89
49
49
44
49
47
51
49
41
45
46
48
42
34
48
43
48
48
48
49
47
66
48
41
76
65
69
31
50
42
46
47
47
48
49
35
44
47
47
42
49
45
44
60
53
46
48
43
45
67
72
40
49
32
55
37
47
43
60
45
45
33
63
43
67
43
47
43
87
46
34
37
67
51
43
45
47
40
47
57
68
46
51
46
47
49
48
50
47
43
80
55
89
48
89
41
49
62
51
45
48
40
46
49
38
48
48
44
50
86
47
32
50
46
47
93
47
63
48
50
47
89
47
45
48
49
46
49
50
48
50
46
51
51
0
1
0
3
0
7
3
1
0
3
25
0
0
0
9
0
1
1
0
7
0
0
0
0
1
0
0
0
0
5
1
5
3
0
0
0
0
3
3
1
0
5
0
1
0
3
9
5
0
0
3
9
5
5
1
11
3
0
5
3
0
1
0
3
0
0
0
1
0
3
5
11
5
1
15
9
0
11
3
13
5
15
1
17
0
7
5
9
3
15
7
0
0
5
9
1
5
1
30
13
0
0
7
19
0
0
1
0
1
0
3
3
9
19
27
3
5
0
1
0
13
1
15
7
1
5
7
5
0
9
0
9
21
7
1
21
1
3
9
5
11
29
23
19
9
19
13
25
0
0
0
0
19
3
0
7
0
13
7
11
1
1
1
13
9
19
7
0
0
7
1
9
5
1
1
0
0
0
0
27
1
5
7
5
13
0
11
5
1
1
7
1
9
1
0
15
3
7
9
9
0
1
1
1
1
9
0
1
13
30
5
1
7
0
11
17
0
9
3
0
17
1
9
3
1
15
1
3
5
3
13
0
1
0
7
25
0
5
19
9
13
5
11
0
19
7
1
0
1
5
11
7
15
7
0
11
3
5
15
7
9
1
1
3
1
1
5
1
27
1
7
1
0
1
0
0
0
0
0
0
1
1
0
7
7
3
11
5
7
0
2
2
7
4
7
4
0
0
0
0
4
2
0
4
6
2
0
6
9
0
2
2
0
0
0
4
2
0
0
0
8
4
2
0
5
3
10
3
4
0
0
0
5
0
1
4
0
7
0
0
0
2
2
2
2
2
2
0
0
2
0
2
4
0
8
0
0
7
7
2
2
0
2
0
2
8
4
2
2
0
2
0
2
0
2
2
2
2
2
3
5
4
2
0
11
0
0
0
5
8
2
2
4
10
2
1
0
6
2
7
0
2
10
4
2
6
4
2
4
0
4
5
6
4
0
2
2
4
2
10
7
0
6
4
5
0
2
2
7
8
2
3
6
2
10
4
3
7
2
5
11
6
0
3
2
4
4
3
4
8
2
5
2
4
2
0
9
2
4
4
8
4
6
6
0
2
2
15
2
0
4
6
2
0
0
2
10
4
4
4
2
4
2
9
2
4
4
12
2
2
3
5
6
0
2
4
2
6
8
2
4
24
7
6
2
4
11
6
0
6
6
5
4
0
0
6
8
0
8
4
0
10
2
2
8
0
4
19
7
2
0
4
9
6
0
2
0
13
6
2
11
2
8
12
6
4
8
6
10
4
8
4
2
8
10
0
15
6
6
0
8
12
17
2
6
8
2
6
8
8
10
8
4
2
8
4
4
2
7
2
2
3
4
6
5
4
5
0
2
2
11
0
6
2
2
3
4
2
13
3
4
2
5
2
0
2
3
6
2
1
3
2
4
2
15
0
2
2
2
3
4
5
7
7
2
3
2
4
2
4
5
2
0
9
7
2
4
6
3
5
3
3
11
4
4
0
2
4
0
1
1
5
2
2
2
4
3
2
0
4
5
2
2
2
0
0
4
19
2
5
0
5
2
2
2
1
4
2
3
5
6
0
3
2
2
2
0
0
2
0
3
2
0
3
0
6
4
0
0
4
2
2
2
4
4
2
1
4
2
6
2
5
0
0
3
2
2
0
5
2
11
2
2
0
0
2
3
2
15
2
7
7
0
3
2
2
2
6
0
0
2
0
7
4
15
3
2
4
4
2
5
2
0
2
0
17
2
0
4
0
0
6
0
3
4
4
4
2
4
7
3
2
1
4
4
1
0
0
11
2
1
2
0
2
0
5
1
3
4
0
4
6
4
6
2
0
0
2
7
0
2
2
2
2
0
4
2
19
0
4
2
2
4
3
2
5
2
2
2
2
0
0
3
0
5
0
6
5
4
2
2
3
1
0
2
6
4
6
6
4
0
3
2
2
2
2
5
2
3
5
4
0
0
2
4
0
4
7
4
0
2
11
5
0
9
6
3
7
5
4
5
7
8
13
4
8
5
6
4
8
7
6
10
6
3
6
6
3
5
7
6
5
9
7
5
7
9
5
5
4
11
9
4
5
7
10
6
8
5
6
7
4
5
8
10
7
7
9
8
4
5
6
11
4
4
4
5
6
8
2
5
5
4
2
4
4
4
10
9
7
4
5
7
5
4
4
9
9
7
3
4
8
8
10
8
4
4
5
6
7
5
7
5
4
6
7
5
3
5
4
8
5
8
9
1
9
6
8
9
4
8
8
3
3
5
6
7
6
7
7
8
8
5
9
7
6
11
5
5
8
2
7
5
10
5
6
7
6
7
7
3
5
5
10
5
5
5
5
7
6
7
11
3
7
4
5
8
7
3
6
7
6
5
6
14
7
5
5
5
7
5
7
2
3
12
7
5
5
6
3
8
5
13
4
1
3
5
4
12
6
8
8
7
8
13
7
9
6
5
4
4
11
6
4
6
8
11
11
6
4
4
9
7
9
9
4
4
5
8
7
6
9
5
5
11
8
2
5
5
9
5
4
7
10
8
5
3
7
9
2
7
2
10
9
7
6
4
3
7
10
10
10
3
12
5
9
3
9
6
7
12
5
9
9
7
2
5
5
7
3
8
8
9
5
8
4
7
7
8
4
8
8
