2
10
11
5
2
16
23
1
8
7
5
2
0
5
7
3
2
31
0
2
0
0
2
5
2
0
0
0
0
3
0
2
19
2
4
2
3
7
16
5
2
3
2
6
5
15
2
5
7
22
12
7
21
6
0
7
0
5
7
13
27
5
5
2
4
6
5
22
21
3
10
0
11
11
15
32
34
27
7
2
22
24
25
2
4
12
14
22
42
0
0
2
2
9
7
13
37
12
56
2
5
2
18
0
7
9
4
4
15
0
2
15
11
12
0
3
8
5
0
5
4
3
5
11
16
3
23
2
2
2
0
0
4
3
2
2
11
2
3
1
9
29
11
6
0
3
20
15
9
2
4
4
7
4
24
0
18
31
2
3
7
0
2
1
9
14
5
7
0
10
3
9
12
10
0
26
9
2
2
5
30
0
0
2
20
8
0
0
2
5
9
11
9
7
5
12
4
9
11
27
11
19
16
5
25
13
17
2
2
7
2
22
11
7
13
12
3
13
8
9
11
14
10
20
5
3
10
8
0
2
4
14
4
9
0
11
16
3
12
13
5
10
7
42
4
12
3
0
19
41
3
2
6
2
2
12
13
14
7
11
20
4
3
8
9
2
12
3
26
0
20
25
3
5
2
14
10
25
11
3
1
2
3
5
7
16
3
11
2
2
2
0
4
2
2
2
0
2
0
2
3
0
0
0
2
2
2
0
0
2
0
2
0
2
2
2
4
0
2
2
0
0
0
0
2
0
0
1
0
0
0
2
2
2
1
3
0
2
0
0
6
2
2
0
2
0
2
2
9
0
0
2
2
0
0
2
0
3
1
2
0
0
0
0
2
0
0
2
2
0
0
0
0
0
2
0
0
2
0
2
1
0
0
2
0
2
0
2
0
0
2
0
2
3
2
0
2
2
2
2
0
2
0
0
2
2
0
2
0
2
0
2
1
0
0
0
5
2
3
1
2
1
4
0
2
0
0
0
0
2
0
2
2
2
0
2
2
3
2
0
0
0
2
3
0
2
0
2
0
2
5
0
0
0
2
0
4
0
0
1
2
1
0
2
2
1
2
0
0
7
0
0
0
3
0
2
2
0
2
0
0
1
2
2
0
0
0
2
0
2
1
0
0
4
2
0
2
0
1
0
4
0
2
2
2
0
0
0
0
1
2
0
0
0
2
3
1
0
2
2
2
2
2
0
0
2
2
2
2
2
2
0
2
2
2
2
2
0
2
1
2
0
0
0
0
3
0
1
1
0
0
0
0
0
0
0
2
1
0
0
0
0
2
2
0
0
2
2
0
2
2
2
2
0
5
4
37
4
29
27
35
2
20
26
36
48
31
25
29
3
34
36
39
22
40
25
5
38
4
34
27
41
0
47
2
42
28
21
50
0
31
32
18
5
14
1
18
87
48
4
32
28
5
2
9
32
24
24
44
2
37
4
35
4
42
29
30
6
37
16
30
51
44
2
2
5
4
8
22
4
5
34
4
0
27
22
30
6
16
13
24
4
11
9
18
6
31
23
6
16
60
4
28
6
22
34
11
4
56
32
35
4
27
33
27
6
50
17
22
2
27
34
17
2
45
18
21
4
33
28
32
63
37
28
21
52
4
43
27
2
29
31
4
36
17
34
4
30
22
35
2
47
28
36
2
41
56
6
4
21
26
23
54
6
46
47
2
20
32
4
64
52
6
12
21
39
4
32
16
26
4
31
25
2
48
4
35
22
25
2
18
37
29
52
4
36
2
23
22
25
46
24
37
3
4
14
41
28
2
31
8
35
2
2
27
4
19
4
9
31
2
2
35
2
49
2
25
2
4
2
40
26
22
17
6
5
18
17
22
13
22
7
9
21
2
36
22
6
24
2
25
5
36
3
20
32
9
2
4
33
2
27
2
3
19
2
23
41
21
2
19
2
46
22
33
41
4
26
2
34
1
35
2
39
2
38
22
5
2
9
4
34
0
39
2
6
6
2
2
2
0
2
2
4
2
0
4
6
4
0
0
0
4
0
2
2
4
0
0
0
0
4
2
0
4
2
2
0
0
0
0
4
0
0
8
2
2
0
0
2
0
2
4
4
4
2
2
2
2
0
4
37
6
0
2
6
6
4
2
2
8
2
4
2
4
2
4
2
4
6
2
0
0
4
4
4
4
0
0
2
0
2
2
4
4
4
0
0
2
0
0
6
0
6
2
2
0
4
6
0
2
0
2
6
0
2
4
4
6
4
0
2
4
2
2
0
2
0
0
2
4
2
4
4
0
0
0
2
6
0
0
2
0
2
2
6
2
4
4
2
2
0
4
2
0
2
0
6
2
0
2
8
10
4
2
0
2
0
4
0
2
0
8
6
2
4
0
0
10
12
0
2
0
2
8
4
0
4
2
2
6
2
0
2
4
2
6
2
6
2
0
4
6
0
0
0
0
0
4
2
0
2
2
0
8
6
8
6
2
0
6
10
4
2
6
8
6
6
0
4
4
8
2
6
6
4
2
2
2
2
8
2
0
6
2
2
2
2
0
8
8
8
2
8
4
6
0
0
6
6
8
4
6
6
0
6
0
4
10
0
4
4
6
6
0
4
2
8
8
8
4
4
4
6
4
8
2
4
0
2
4
4
0
0
2
0
0
2
0
0
2
2
0
0
2
2
0
2
4
6
2
0
0
0
2
2
0
2
2
0
2
0
0
2
2
2
0
2
4
2
0
4
0
2
0
2
2
2
4
0
4
2
4
4
0
2
0
2
2
6
2
2
2
0
0
0
4
0
2
0
2
2
0
0
0
0
4
0
0
0
0
2
0
2
4
4
0
4
0
0
2
0
4
2
0
2
2
2
2
2
2
4
0
0
0
2
2
4
2
0
4
4
2
2
0
0
4
2
6
0
0
2
0
4
2
2
0
4
0
0
0
0
0
0
2
2
6
0
0
2
4
0
4
2
0
4
0
0
2
6
2
2
0
2
0
2
2
2
2
2
2
4
2
4
2
0
2
2
0
0
0
0
0
0
2
0
0
0
2
4
0
2
0
0
0
0
4
0
0
4
6
0
4
0
4
2
2
0
0
2
2
2
6
0
2
4
0
0
2
0
2
0
2
4
0
0
2
2
2
0
0
6
0
2
2
2
2
2
2
0
4
2
0
2
2
2
0
4
6
4
2
0
2
0
0
0
4
0
2
4
0
4
0
2
0
2
4
2
2
2
0
2
2
2
2
2
0
2
2
4
4
0
2
0
0
2
0
2
2
2
2
2
0
2
0
6
2
0
2
2
0
0
0
0
0
0
0
0
0
0
0
0
0
0
0
0
0
0
0
0
0
0
0
0
0
0
0
0
0
0
2
2
0
4
2
4
4
1
2
4
6
4
4
6
2
1
1
4
2
4
2
3
1
2
1
2
1
2
2
2
2
1
4
2
2
2
2
4
3
4
4
2
1
4
2
1
2
2
2
2
3
4
4
2
2
2
2
2
1
1
2
2
2
4
4
2
2
2
2
2
2
2
2
2
4
2
3
2
4
4
2
2
2
4
2
3
2
1
2
2
2
2
2
2
2
2
2
1
2
1
1
2
2
3
2
1
2
4
4
2
4
1
2
4
2
1
2
4
2
0
2
4
2
2
4
2
4
1
2
2
2
2
1
2
1
2
2
0
0
0
0
0
0
2
0
2
0
0
0
0
1
0
0
0
2
6
2
1
4
2
2
4
2
4
2
4
4
2
1
6
2
0
2
2
3
2
4
1
0
4
0
1
2
2
2
4
4
4
4
4
4
2
2
2
2
2
2
4
4
4
1
2
2
2
2
4
1
2
2
2
4
2
2
1
1
2
2
1
4
0
4
4
4
4
1
2
2
2
2
1
2
4
4
0
2
1
3
2
2
0
4
4
2
2
0
0
0
2
2
4
2
1
2
4
8
1
4
4
13
11
15
19
15
10
8
8
19
25
21
10
23
17
6
15
6
12
15
10
15
10
13
21
8
8
10
10
14
13
23
12
19
12
6
6
19
4
15
27
8
15
10
15
19
12
8
8
13
8
10
19
12
23
14
6
17
17
12
13
8
27
6
17
10
6
8
15
23
10
19
8
27
19
10
15
19
23
17
10
23
35
10
15
21
19
25
29
17
17
13
10
12
14
19
10
17
17
27
27
33
15
6
12
23
21
8
12
25
8
37
8
19
19
6
12
14
31
25
27
27
25
41
23
10
33
17
14
8
23
23
27
19
21
33
15
21
23
27
37
17
25
15
38
23
10
15
23
15
10
17
29
29
13
50
12
35
13
35
23
10
33
25
25
27
25
21
29
33
10
29
37
6
31
29
33
19
37
29
21
27
8
17
6
19
8
31
25
29
23
23
25
21
23
25
31
21
12
6
17
37
19
6
15
19
21
25
19
13
21
19
27
23
12
23
33
37
23
14
8
12
12
19
8
17
13
6
10
19
19
10
10
23
10
17
25
23
13
15
15
25
8
23
8
13
6
15
12
8
27
8
8
31
12
25
4
10
2
14
6
6
10
12
12
13
0
15
4
4
6
4
4
4
8
4
6
0
17
6
2
12
2
2
8
4
4
2
4
6
0
0
0
0
0
2
2
6
6
0
2
6
2
0
2
0
2
6
0
2
0
2
4
0
0
0
0
0
2
0
0
0
0
6
0
0
0
4
0
0
4
2
4
0
2
0
4
0
0
8
2
2
6
0
2
2
2
4
0
2
2
0
0
2
0
0
2
2
2
0
0
2
2
0
0
2
0
0
0
2
2
2
4
0
0
2
4
0
0
0
2
0
4
0
4
2
0
2
0
4
0
2
0
0
2
2
0
2
0
9
2
2
2
0
0
2
4
2
4
0
0
0
0
2
2
4
2
4
0
4
0
2
4
4
2
2
0
0
2
2
2
0
0
0
2
2
2
2
2
0
0
2
4
0
2
4
2
2
0
4
2
2
2
0
2
0
4
0
2
2
0
0
4
0
4
4
2
0
2
4
0
2
4
2
0
4
2
0
4
2
4
2
2
2
0
2
2
13
0
0
0
0
2
2
2
0
2
2
6
0
2
2
0
2
0
2
2
2
2
2
2
4
2
2
0
2
0
0
4
2
2
0
4
4
6
4
4
2
0
2
2
2
2
0
2
0
0
6
0
2
0
0
2
2
0
0
4
0
2
0
0
2
4
2
2
4
0
4
0
0
2
2
0
2
0
0
0
2
2
0
2
2
0
2
2
0
0
11
19
20
29
19
21
15
19
26
22
11
13
23
22
24
19
15
9
16
19
18
17
17
15
11
11
20
14
24
19
19
11
18
24
17
16
27
15
23
15
21
29
21
21
21
17
11
10
24
21
19
20
17
9
15
15
17
13
30
11
12
19
17
17
20
15
15
9
17
15
13
19
15
13
11
14
14
9
11
13
13
13
17
18
18
19
13
11
17
15
13
15
12
9
15
19
20
26
28
27
15
14
9
13
13
18
24
10
12
12
11
15
19
23
16
13
15
13
13
72
25
15
21
13
11
17
14
13
17
19
15
14
21
18
17
11
14
27
28
24
32
22
26
21
23
15
24
17
27
20
15
19
18
18
13
17
11
13
24
14
26
13
15
16
11
9
24
17
17
15
12
19
19
19
20
19
18
21
19
15
18
21
15
9
20
13
16
13
15
17
13
23
15
15
77
18
11
13
9
26
21
28
24
7
20
18
20
23
22
19
21
17
15
11
22
11
14
17
13
11
19
19
18
20
16
19
16
9
18
23
16
29
13
13
17
23
14
56
22
24
15
11
17
22
9
13
10
15
15
16
19
17
21
13
17
15
16
19
14
14
13
18
16
12
5
21
23
14
22
16
13
15
16
18
23
18
12
14
18
15
20
13
8
11
18
12
12
14
59
4
33
10
6
6
6
8
8
17
4
6
6
10
6
4
8
8
14
4
6
2
8
10
10
14
4
4
6
14
4
4
50
29
25
6
8
8
6
4
23
8
6
20
4
4
10
4
37
6
6
12
8
12
39
4
2
6
8
10
10
2
6
10
12
25
4
4
8
2
43
60
8
10
33
4
10
12
0
6
10
10
6
6
8
6
33
4
10
6
2
4
6
27
4
0
4
6
47
8
6
4
4
14
4
33
6
6
6
25
43
53
18
8
4
25
6
2
16
10
4
6
6
6
4
6
6
6
23
6
8
6
10
6
4
46
41
64
8
46
18
6
2
6
6
6
4
8
4
2
4
41
35
33
6
50
4
4
4
6
2
2
8
6
4
4
10
12
8
8
8
10
60
6
6
6
6
10
10
6
4
35
17
10
10
6
8
6
35
6
8
14
14
8
36
8
6
41
16
4
6
19
10
14
10
10
14
12
10
12
18
21
18
16
21
23
19
10
11
16
23
18
14
21
6
14
10
12
8
6
10
14
4
6
16
12
16
12
13
12
12
10
25
21
8
6
10
12
12
14
10
10
2
14
12
2
12
6
16
27
6
14
14
17
8
13
10
6
16
27
12
4
4
8
8
4
17
2
8
12
6
2
4
4
19
4
4
2
