0
0
52
48
0
39
30
43
6
0
49
45
52
75
48
51
4
2
2
14
54
2
60
2
15
0
4
0
48
53
2
0
25
0
2
0
47
42
41
2
15
0
2
2
0
4
2
75
8
59
0
2
0
75
0
0
0
2
2
36
2
56
2
0
70
2
31
0
0
6
44
2
0
2
4
67
2
4
2
0
2
2
50
6
4
4
50
15
4
0
45
21
56
54
2
2
65
4
21
0
6
57
0
2
38
4
0
2
58
21
0
0
35
15
17
4
0
39
44
56
54
0
60
51
0
23
0
4
61
50
59
0
0
2
48
2
0
2
56
48
0
0
0
86
4
29
2
0
13
0
83
17
51
2
2
0
49
35
2
0
2
15
2
67
44
2
0
37
13
41
0
2
0
47
0
2
2
50
58
10
2
89
2
0
30
63
2
2
10
0
19
2
2
14
37
44
0
19
0
0
0
2
42
4
50
19
0
37
0
6
14
4
6
15
60
54
54
50
0
14
17
0
2
63
72
0
54
23
48
52
62
0
0
51
4
2
65
65
61
55
0
0
87
2
19
76
52
27
48
63
0
0
0
19
60
52
0
0
58
34
41
25
0
0
67
53
54
0
19
59
48
2
2
51
50
55
61
58
64
0
56
0
0
24
0
0
51
50
12
5
7
5
11
9
5
10
7
7
9
9
7
2
7
7
13
9
7
8
5
10
9
7
5
10
9
8
5
12
26
9
4
5
8
14
9
8
11
12
9
7
11
5
7
7
9
14
5
5
15
22
8
14
8
7
5
9
11
11
7
10
13
11
16
7
7
9
12
9
10
9
9
10
11
13
5
8
7
13
6
19
11
12
7
21
9
17
5
19
10
9
7
4
24
7
14
14
11
12
9
7
9
10
8
11
12
7
14
13
18
12
20
11
14
12
9
9
12
7
13
7
12
14
11
10
13
11
9
11
9
12
73
9
11
9
16
20
8
10
5
9
7
11
11
9
6
12
11
13
5
5
14
9
5
11
4
12
5
14
9
9
18
7
7
16
7
7
5
8
13
14
10
13
9
13
5
19
9
11
7
6
9
11
10
10
14
12
5
9
11
16
3
11
14
11
5
13
10
9
11
5
5
9
19
7
7
9
5
12
5
9
11
7
15
11
5
4
4
7
14
5
12
4
5
12
6
5
6
5
9
9
9
5
10
7
9
9
11
7
3
10
9
9
7
9
9
7
3
4
7
9
5
5
5
6
7
4
9
7
3
7
11
13
3
3
3
4
11
7
7
3
4
5
7
5
9
7
7
9
5
7
5
11
3
5
6
11
10
21
23
42
31
55
47
24
0
21
11
2
17
29
44
0
0
37
15
2
8
2
2
42
2
42
2
0
10
14
0
0
0
34
38
2
24
0
13
2
48
0
2
17
2
73
16
21
0
4
30
19
21
36
15
0
66
25
0
0
0
0
16
2
23
0
14
27
44
4
59
13
2
13
31
0
0
0
2
39
21
65
2
0
9
50
4
11
0
4
0
2
9
0
8
8
53
17
6
0
2
0
29
2
2
45
2
41
10
0
0
12
4
13
17
2
44
50
26
25
32
2
27
2
0
32
66
21
24
0
16
22
2
25
7
17
0
2
2
2
19
0
2
19
2
4
0
0
13
12
0
22
2
28
2
0
57
34
46
42
0
0
4
56
0
0
0
0
28
61
13
0
50
35
0
0
2
23
2
11
43
17
10
0
2
21
2
2
3
0
13
29
17
2
19
10
0
0
2
0
0
0
9
25
44
0
2
14
0
16
23
2
4
18
26
15
0
2
0
17
2
19
0
0
19
19
40
0
25
0
2
36
21
4
15
0
40
2
0
0
0
25
17
2
0
14
36
15
4
0
0
10
2
2
0
64
0
0
0
0
0
2
0
0
31
0
0
0
5
0
0
25
0
12
22
19
0
9
0
0
0
0
2
55
40
0
17
16
2
2
2
1
3
0
2
1
0
5
3
0
0
1
5
2
3
3
2
1
0
2
1
0
2
2
0
0
3
0
3
6
2
0
2
2
0
3
1
1
0
3
2
1
0
1
3
3
2
2
3
3
3
1
0
0
3
2
2
1
2
1
2
1
2
3
2
1
1
1
0
3
1
2
2
0
3
0
6
2
0
2
2
1
0
1
2
0
0
2
3
3
0
2
1
1
2
2
1
2
5
0
1
1
2
0
0
3
2
2
3
0
2
2
2
2
3
0
2
2
1
3
3
2
0
2
3
0
6
0
1
0
2
0
2
2
2
3
1
0
2
1
2
2
0
0
2
3
3
3
0
2
3
3
1
1
1
0
0
3
2
0
1
2
0
0
0
0
0
0
0
0
0
0
0
0
0
1
0
0
0
0
0
0
1
1
1
0
0
0
0
0
1
0
0
1
0
0
0
0
1
0
1
1
0
0
0
1
0
0
0
0
1
0
0
0
1
0
4
0
0
0
0
0
1
0
0
0
1
1
0
1
1
0
0
3
0
1
0
0
0
5
0
0
1
1
0
1
0
0
0
0
0
0
1
0
0
1
0
1
1
0
1
0
1
1
0
0
0
0
0
0
0
0
0
1
0
0
0
0
0
3
3
0
0
2
0
1
0
6
6
4
8
6
2
4
2
4
2
13
2
2
0
4
8
8
4
2
6
6
0
2
0
8
6
6
4
4
8
2
6
2
2
8
8
6
4
4
2
4
4
0
6
6
2
2
0
2
0
2
0
6
2
4
4
4
6
8
2
2
4
4
6
13
4
2
6
4
2
2
4
15
6
0
2
2
0
2
4
4
2
4
4
8
0
2
4
6
4
0
6
0
4
2
4
4
4
2
4
0
8
8
2
2
6
4
2
6
4
2
4
6
4
8
10
2
4
4
6
2
2
6
4
2
4
2
2
4
2
8
2
2
2
11
10
2
8
2
4
2
4
6
2
6
15
8
13
15
15
17
23
10
21
19
29
10
39
11
10
38
17
19
15
19
15
20
29
17
6
27
19
11
39
23
42
33
23
32
15
8
34
15
32
17
33
25
25
27
38
17
17
8
19
25
30
19
23
8
10
25
15
19
13
10
12
12
17
19
14
19
23
23
13
17
17
27
35
27
23
26
11
8
12
31
34
9
10
8
18
10
6
27
6
13
19
21
36
42
13
24
23
17
10
8
21
19
21
15
11
6
12
6
6
4
4
6
2
4
6
2
4
4
2
6
6
0
4
6
4
2
6
4
4
8
4
6
6
4
6
4
2
2
2
0
2
2
10
6
8
12
8
10
8
4
8
13
6
23
6
10
12
25
8
6
12
12
8
2
8
14
8
12
8
8
10
10
12
4
10
8
14
10
12
6
12
10
8
15
17
4
6
12
6
12
4
17
14
14
14
17
19
10
14
8
29
10
12
25
35
27
21
27
10
21
8
12
8
21
12
27
6
8
27
23
4
25
16
12
25
8
17
19
14
12
17
10
6
14
35
6
19
17
35
27
16
8
10
14
4
8
25
12
23
6
25
12
17
23
31
8
21
12
8
10
31
12
25
21
23
35
14
10
12
6
14
37
25
8
19
12
10
31
33
25
33
41
12
33
31
10
27
14
12
37
37
31
8
21
33
17
35
29
19
25
21
6
27
6
14
10
31
16
35
27
27
14
16
17
18
14
17
8
10
21
8
4
8
6
17
19
17
6
8
4
14
10
16
6
14
8
6
6
4
6
8
10
6
10
8
6
14
8
8
12
10
10
12
12
10
8
10
14
14
10
8
8
8
8
4
8
4
4
8
10
6
6
6
10
10
10
8
8
8
6
10
4
10
8
6
4
10
6
10
6
10
16
8
6
8
6
10
8
8
10
12
6
10
12
8
17
8
6
16
12
2
6
8
6
12
14
12
2
12
14
12
4
6
4
10
10
6
8
6
10
0
0
0
0
16
31
0
3
19
0
14
2
2
0
2
2
0
0
0
2
89
2
2
0
21
2
2
4
41
0
2
3
3
0
9
2
21
0
2
0
1
4
39
10
3
3
52
2
0
0
29
3
0
33
8
0
43
0
2
44
2
0
11
0
2
41
2
1
3
45
2
4
0
2
4
0
40
0
0
0
4
21
0
2
1
11
2
16
41
7
48
7
2
0
0
7
0
2
0
0
0
60
0
0
2
0
30
2
2
2
2
0
2
24
2
73
2
40
2
2
73
0
0
0
0
0
0
2
29
2
0
26
0
0
34
0
2
0
0
29
3
2
26
0
0
26
2
2
4
0
4
0
0
1
0
21
0
4
0
2
22
2
1
51
72
71
1
10
27
2
50
4
2
22
3
0
0
0
7
0
0
0
0
0
81
2
2
0
4
0
40
12
34
3
2
19
1
2
2
17
2
4
22
0
1
0
1
71
2
0
0
2
2
30
1
2
0
16
1
0
3
10
33
2
2
34
0
0
15
0
2
2
0
21
0
28
0
2
43
0
0
13
3
4
28
2
2
14
18
5
0
2
0
13
16
2
0
1
76
2
28
3
0
2
66
1
0
70
0
0
42
21
0
2
33
0
4
16
16
44
1
6
2
0
4
76
2
3
6
9
7
11
15
9
53
11
17
9
14
9
6
11
8
23
13
14
9
6
8
8
15
8
15
9
10
10
10
12
9
13
9
13
6
15
6
16
8
11
12
9
9
10
10
8
16
11
10
11
6
11
11
8
9
21
17
8
7
13
11
4
10
10
13
6
8
15
19
11
13
10
8
8
10
11
11
15
17
17
17
17
10
11
10
11
12
14
10
13
9
10
13
11
10
11
6
15
15
26
17
15
15
13
11
9
11
19
21
10
32
21
17
9
15
28
19
19
15
19
11
17
13
11
14
38
21
19
15
6
13
25
59
15
12
15
13
13
9
9
10
0
8
55
13
13
13
13
12
23
30
37
26
25
26
26
19
27
24
13
23
21
25
27
26
21
27
28
24
29
28
62
19
24
25
22
20
19
19
21
34
25
23
34
29
23
21
26
28
23
27
29
19
25
23
25
17
46
30
17
26
25
19
22
24
19
23
21
25
19
21
25
28
15
55
27
28
25
23
25
32
32
25
24
30
22
21
26
27
23
25
19
25
23
24
37
23
23
15
27
24
33
27
12
19
17
21
19
20
15
23
19
15
28
24
21
29
15
17
15
13
10
21
21
15
19
26
23
23
71
28
34
20
15
24
23
32
27
21
17
23
23
23
19
23
17
11
17
79
4
6
2
5
2
8
2
4
86
6
6
6
8
4
32
2
4
6
6
4
6
6
8
12
8
8
6
10
4
4
4
7
2
4
71
4
0
8
4
4
2
0
8
17
16
2
6
6
8
17
2
4
8
6
4
5
4
4
8
6
4
2
6
3
2
5
8
4
4
2
4
8
6
4
4
2
2
4
12
2
2
4
6
6
6
2
7
2
0
6
7
2
4
2
4
6
3
4
6
0
4
4
6
0
6
2
5
4
6
6
8
2
4
4
8
4
4
6
9
10
2
2
8
4
2
2
10
4
8
6
6
10
8
9
2
10
4
5
4
4
10
4
2
71
4
2
2
7
4
0
2
8
6
4
4
4
6
2
4
2
2
2
4
9
6
4
2
6
55
0
4
6
4
0
2
6
6
20
4
2
2
6
2
4
4
2
2
6
10
2
2
2
6
4
4
2
94
6
6
4
8
97
4
2
4
2
10
6
4
4
10
8
8
5
6
8
9
4
4
45
3
10
8
6
6
4
6
8
4
0
4
2
4
6
4
2
4
6
6
2
2
4
4
10
10
8
0
6
6
2
8
94
12
4
6
2
10
6
8
6
4
17
4
0
2
6
10
6
6
8
0
0
2
4
4
6
6
4
6
7
0
0
4
6
10
6
6
2
0
2
2
0
2
0
4
0
4
0
2
2
2
0
2
0
0
2
2
4
4
2
0
0
0
0
0
4
9
2
6
6
2
6
4
5
2
0
2
0
0
4
2
0
0
6
2
4
6
2
0
4
6
4
0
4
0
0
0
2
0
4
2
0
4
4
6
3
2
0
4
0
2
2
4
2
4
0
0
4
4
0
8
0
0
4
2
0
0
4
0
4
2
0
4
0
0
0
6
0
2
2
2
2
0
4
5
0
13
2
0
0
0
2
4
2
2
4
2
4
2
0
11
2
4
0
4
0
0
4
4
0
15
2
0
2
0
2
0
5
2
0
6
0
2
2
2
6
0
2
0
6
2
0
2
2
0
2
4
4
0
0
6
4
2
2
4
2
2
0
0
5
4
6
6
2
4
4
2
0
2
0
0
4
2
0
4
2
4
4
0
4
0
4
6
2
0
4
2
4
4
2
4
0
3
0
0
2
0
0
6
5
0
1
4
0
4
2
2
2
2
4
4
2
0
0
2
2
2
0
0
4
0
0
4
2
0
0
4
0
2
4
2
6
2
5
4
2
4
0
2
0
0
0
11
5
2
0
2
2
4
0
2
2
2
4
4
4
0
0
4
4
2
2
0
6
2
0
0
0
2
0
2
2
4
2
2
