29
41
37
19
34
57
41
58
57
53
21
53
35
44
32
41
36
30
50
32
20
53
54
30
32
27
29
14
18
31
39
34
32
23
43
36
22
42
64
27
71
44
39
39
13
23
47
52
46
56
38
43
34
30
36
65
46
21
56
19
48
54
33
28
46
27
33
42
13
21
33
45
41
44
21
53
42
40
9
32
50
39
41
40
25
26
24
63
30
34
35
68
32
24
47
47
27
56
41
41
54
9
29
30
43
24
45
24
41
52
40
42
70
39
40
34
45
65
31
44
43
22
48
40
34
32
38
38
56
35
55
30
26
37
48
34
64
49
52
47
30
38
45
42
48
37
30
18
37
58
55
41
45
37
39
34
31
52
52
36
71
46
50
57
35
58
53
37
64
50
46
25
54
54
62
49
55
54
37
72
57
59
38
77
27
47
55
72
41
41
51
43
38
31
81
60
61
40
38
18
40
41
44
42
37
32
64
62
46
43
55
30
42
32
55
36
33
32
52
39
30
37
34
44
32
33
32
16
29
37
35
31
51
40
21
26
39
48
43
34
28
42
31
18
35
51
34
35
21
36
17
37
42
23
23
19
41
17
29
44
31
24
30
39
26
32
22
20
37
41
26
21
18
21
17
23
32
23
26
50
25
35
24
24
36
12
21
34
9
5
7
7
5
11
2
5
2
7
7
11
11
3
7
2
9
9
0
3
3
0
3
5
2
3
9
5
5
7
9
15
19
25
7
2
3
0
2
2
3
23
7
11
2
9
5
7
3
9
3
7
3
11
5
17
13
45
7
5
5
5
5
5
5
9
7
15
9
3
7
3
11
9
17
7
13
11
3
9
9
3
9
13
11
15
9
9
7
7
7
15
11
5
9
13
23
7
13
7
9
13
17
9
7
9
13
15
15
19
13
9
13
13
11
13
11
19
7
11
15
7
9
11
29
11
17
9
21
21
9
11
11
31
3
21
15
9
19
9
9
5
23
21
13
13
9
9
15
23
15
11
11
17
3
25
19
23
5
11
19
13
13
19
19
5
11
9
21
19
21
25
17
11
15
21
5
11
15
21
17
5
21
23
15
15
17
11
15
9
17
15
17
15
13
5
9
11
13
21
3
17
3
19
11
7
3
15
11
15
13
11
17
9
11
13
17
7
9
21
9
17
15
13
9
17
11
11
11
9
11
9
13
9
15
9
5
5
15
5
17
9
5
7
5
13
17
23
5
11
11
11
9
19
11
5
9
3
7
3
15
7
5
7
5
11
9
3
5
3
11
9
5
9
3
5
13
5
9
5
5
11
13
9
17
9
21
7
2
0
2
2
0
2
2
4
2
4
2
0
2
2
4
4
2
6
4
2
4
0
4
6
4
4
2
0
4
0
0
2
4
4
4
2
2
4
0
0
4
2
2
2
2
0
0
0
6
4
2
2
0
2
2
4
2
2
2
2
4
4
0
0
6
12
4
4
0
0
2
2
0
4
4
0
2
2
2
0
2
0
2
0
0
2
0
4
4
2
2
0
0
0
0
4
2
8
0
2
2
0
4
2
4
2
4
2
0
0
2
0
2
4
2
2
2
2
0
2
4
2
0
2
0
2
0
2
0
0
0
2
4
0
0
4
2
2
2
2
4
0
4
2
0
4
2
2
2
2
0
4
4
0
0
0
0
0
0
0
4
0
8
0
2
2
2
2
0
2
2
0
2
2
2
2
2
2
2
4
0
0
0
2
2
4
0
2
2
2
4
0
4
0
0
0
0
4
0
0
0
0
2
4
4
2
0
4
2
2
2
0
0
0
0
0
2
0
0
2
4
2
2
2
0
0
0
2
0
2
2
2
2
2
0
2
2
4
4
0
4
2
2
0
0
0
2
0
0
0
2
0
2
2
2
2
4
4
4
2
2
0
2
0
4
2
2
2
0
0
0
4
0
2
2
0
2
0
4
4
6
0
0
4
4
2
0
0
4
2
15
4
4
2
0
2
0
0
6
4
15
4
4
2
13
4
10
0
17
4
4
2
5
2
4
2
4
6
6
4
2
4
6
0
2
2
2
2
8
0
2
6
6
2
0
2
13
6
6
4
4
2
2
0
2
19
8
2
2
4
0
2
6
8
4
2
4
0
0
4
4
6
4
2
4
6
0
13
6
4
6
2
4
2
13
6
11
4
4
2
8
4
2
2
4
4
2
0
4
4
2
6
0
4
4
27
2
4
6
2
0
2
4
2
6
4
0
0
4
4
8
0
0
6
6
15
4
0
2
4
2
6
2
4
0
2
2
0
2
6
2
17
0
6
2
2
0
0
4
4
2
2
2
4
0
4
2
4
0
15
6
8
2
6
2
2
5
2
4
0
6
11
0
2
4
0
6
4
2
2
2
4
9
2
6
0
6
0
6
4
4
6
0
2
4
2
7
2
6
4
4
2
4
2
0
3
3
2
4
4
2
4
2
6
4
2
6
0
4
4
2
2
2
2
6
0
4
2
2
2
6
0
2
4
5
6
6
2
2
0
8
2
4
0
4
4
17
0
2
0
2
2
4
0
4
4
2
2
6
6
2
4
2
0
4
4
2
2
0
2
15
4
2
2
2
2
2
0
2
2
2
2
0
2
2
4
4
4
0
4
6
4
0
0
4
4
4
0
4
8
0
4
2
4
0
4
2
2
4
0
0
0
0
4
4
2
0
0
4
4
6
4
0
4
8
4
6
2
0
0
8
6
4
4
6
4
8
4
2
2
0
0
2
2
4
0
2
6
4
0
2
2
6
4
0
2
2
0
0
2
4
0
4
4
2
0
0
4
2
0
2
0
2
4
4
0
0
4
2
2
0
4
0
0
2
4
6
0
2
2
2
4
4
6
4
6
6
0
4
0
0
4
0
4
0
0
4
2
6
6
4
2
4
4
8
0
0
0
0
4
4
2
0
0
4
2
4
4
2
2
2
2
4
2
2
4
0
0
0
0
4
2
0
0
4
0
2
4
4
4
0
0
2
0
6
2
6
4
4
4
2
4
6
0
6
0
4
6
4
2
0
2
0
2
2
6
2
0
2
4
2
4
2
6
4
0
0
4
0
2
6
2
2
4
0
6
2
4
0
2
4
0
4
6
0
0
0
2
0
4
0
2
2
2
2
4
0
4
4
4
4
2
0
0
2
6
4
0
2
2
0
4
2
0
0
6
2
0
0
4
2
2
6
0
0
2
6
0
2
2
4
4
2
2
6
2
2
2
4
4
0
2
0
2
2
0
4
2
0
0
0
4
4
0
6
4
8
12
10
4
4
9
0
7
8
4
4
6
2
4
4
6
10
6
4
0
4
6
4
6
6
4
4
4
5
2
6
5
2
4
17
4
6
5
6
4
13
4
4
8
5
4
4
6
4
6
2
4
6
4
5
6
6
19
2
6
4
6
8
2
2
10
2
5
4
17
4
14
10
9
6
21
6
6
2
2
4
6
4
6
2
4
2
4
4
2
6
4
2
4
6
6
6
6
4
6
4
4
5
6
6
6
13
4
13
4
2
4
4
2
6
7
4
10
2
4
8
4
9
13
7
8
4
17
10
6
4
7
4
11
9
4
15
4
6
7
4
7
6
4
4
7
8
4
2
4
4
9
4
4
2
5
7
6
4
8
4
4
6
7
8
4
9
7
4
4
6
6
7
8
4
12
6
6
4
4
10
4
8
6
6
2
6
6
6
8
2
0
4
15
15
6
0
0
98
96
31
2
2
2
2
2
4
0
4
0
4
6
4
4
0
0
4
2
2
2
4
2
8
2
4
2
4
4
6
0
2
0
2
6
4
4
2
0
2
0
4
0
2
2
0
0
2
0
4
0
2
0
6
2
2
8
2
6
0
2
4
2
0
2
0
2
2
4
2
0
4
2
4
2
2
0
2
2
2
8
4
2
2
4
0
6
2
11
8
2
16
2
2
2
6
89
9
4
19
8
10
0
4
18
2
12
6
8
4
4
2
2
4
4
6
6
0
10
10
8
2
6
4
8
2
4
10
4
11
6
0
2
2
10
2
2
6
8
12
2
6
0
10
0
4
32
8
6
8
2
6
8
4
0
4
4
12
6
8
4
2
8
6
4
84
4
4
0
4
16
4
2
4
4
2
2
6
2
4
4
8
0
2
4
4
2
12
2
0
2
8
4
4
67
8
0
2
2
4
8
2
2
0
4
10
6
4
2
2
4
6
6
7
0
6
0
0
4
0
2
6
12
8
0
4
6
2
2
0
4
0
5
2
2
0
2
4
6
0
8
8
6
4
10
0
6
4
8
7
4
4
84
6
4
2
0
4
4
6
82
2
0
0
6
2
8
4
2
4
2
9
4
0
2
4
4
8
4
2
4
2
6
8
0
2
4
8
6
4
2
4
2
4
8
6
2
6
10
4
2
6
2
0
0
4
90
4
9
4
0
2
2
4
49
4
8
8
2
0
0
3
4
2
4
2
2
2
6
2
0
4
0
5
0
6
10
0
2
10
6
0
0
0
2
6
6
2
0
0
0
2
0
2
2
2
2
6
4
2
4
64
2
4
4
4
6
10
0
4
2
2
6
4
0
12
2
6
8
8
51
10
6
16
12
8
16
10
4
20
4
4
4
10
6
6
4
33
16
8
10
20
8
27
8
10
10
4
6
22
8
20
16
10
14
8
20
4
16
12
10
31
10
12
8
6
6
6
16
8
10
35
12
20
16
12
6
18
6
10
21
14
12
8
20
10
8
6
8
25
6
14
14
22
23
12
18
18
10
24
8
4
22
22
16
14
39
12
8
16
10
6
20
22
12
19
24
18
33
37
24
16
33
22
18
41
29
12
22
18
27
37
8
6
6
8
23
27
35
25
33
35
12
23
37
8
8
25
22
49
22
10
25
24
18
37
51
25
22
16
22
10
33
6
31
10
8
43
47
20
29
16
49
22
18
22
20
18
33
16
25
24
12
27
33
12
10
20
22
35
27
51
22
47
10
35
31
14
20
18
14
41
8
14
10
0
4
2
10
20
35
33
27
20
10
22
16
18
12
47
20
24
14
18
31
27
10
18
37
41
23
31
14
29
8
39
24
14
10
8
20
12
8
22
14
22
41
14
8
25
35
14
24
8
16
18
12
22
24
25
14
10
18
14
14
8
22
14
18
6
12
10
33
27
10
4
18
18
10
16
6
8
12
6
10
8
12
6
6
16
14
10
37
6
10
8
8
4
24
6
6
8
10
4
10
10
2
8
4
4
6
8
6
8
8
6
6
6
2
4
12
8
13
6
2
4
4
2
10
4
0
6
12
12
10
2
6
6
6
6
2
10
4
2
6
4
6
4
6
36
2
6
4
40
10
4
6
29
4
6
4
6
4
6
10
6
10
15
21
12
12
10
15
10
54
12
15
17
10
11
8
10
8
11
13
17
12
13
6
19
10
4
10
10
15
13
17
15
8
13
31
23
13
12
15
8
19
19
17
12
17
8
25
15
21
15
10
10
10
13
17
17
13
19
15
15
19
13
12
50
15
15
19
17
15
8
19
23
8
17
31
12
8
12
13
12
15
13
17
15
17
12
10
12
13
13
31
10
12
29
11
19
12
19
38
19
31
21
15
8
15
13
15
15
33
21
15
23
13
23
15
15
17
34
27
10
25
17
35
19
8
15
8
25
21
22
15
27
13
10
27
21
6
25
50
12
25
31
13
19
17
8
23
17
19
17
17
12
10
10
19
21
8
17
10
17
19
21
12
19
15
6
13
15
19
6
6
6
8
10
11
6
11
10
15
25
15
10
12
8
6
12
6
4
4
12
4
11
8
4
8
11
6
6
8
6
8
6
8
4
6
6
2
6
12
4
6
6
4
6
4
6
12
10
6
10
4
6
10
10
8
4
2
31
2
3
3
1
3
3
3
4
4
4
3
4
5
3
2
1
4
3
3
3
3
21
2
2
3
2
2
2
3
2
2
2
3
4
2
2
2
2
2
2
3
3
2
5
2
2
5
2
3
2
37
2
1
1
2
3
2
5
2
4
3
4
2
5
2
27
3
4
2
1
2
2
2
2
3
2
7
1
2
2
6
6
4
2
2
4
4
3
9
2
1
3
3
2
2
3
2
0
4
4
1
2
3
3
2
3
3
4
5
2
1
2
5
3
3
0
3
5
1
5
3
3
2
5
2
5
3
3
2
3
2
4
3
0
3
3
2
2
2
2
2
2
0
2
3
3
4
4
3
5
3
5
2
4
4
3
3
3
3
2
3
5
1
3
2
3
2
1
3
2
3
3
0
1
3
3
3
3
5
0
5
6
4
0
3
3
1
4
3
2
3
2
4
2
2
2
5
2
5
2
2
3
4
4
2
4
4
2
3
3
2
2
2
3
2
3
4
3
4
0
1
2
1
4
4
2
3
3
2
2
5
4
3
3
2
2
4
4
6
2
2
2
5
0
3
3
4
1
19
3
4
3
2
2
2
2
4
2
8
4
3
3
2
2
5
2
2
3
3
4
2
5
2
3
2
2
2
2
3
2
1
1
40
2
5
