8
8
7
8
7
10
8
6
4
4
6
4
8
6
4
6
8
5
4
5
6
8
9
6
6
8
8
8
7
15
8
6
6
8
6
10
10
9
10
7
13
7
11
10
6
7
8
11
6
8
10
11
8
9
11
8
8
6
9
8
8
6
19
10
11
13
7
8
7
13
13
9
3
8
10
9
8
11
6
12
6
6
11
9
10
7
9
8
11
11
15
7
9
7
8
6
5
10
15
9
7
7
7
9
6
8
4
6
6
8
11
13
11
14
14
11
7
6
16
25
13
9
8
9
11
3
24
6
16
11
9
16
9
6
11
17
15
17
8
10
6
9
8
4
9
5
8
8
8
5
15
9
11
6
9
6
8
7
12
10
9
9
12
6
9
8
11
6
4
6
7
9
9
7
10
8
4
9
11
6
5
8
15
6
5
9
9
8
9
6
13
7
10
8
18
6
7
11
13
7
15
11
15
6
10
10
6
8
13
11
8
8
8
6
8
4
10
81
5
9
9
4
6
7
12
15
13
11
8
9
9
8
6
4
8
15
7
6
10
6
8
7
4
8
4
5
8
9
8
6
8
8
8
5
8
11
8
9
8
6
8
8
8
8
2
6
8
5
3
7
11
8
8
8
6
8
10
5
9
6
5
5
4
6
4
8
12
6
0
0
2
0
0
0
0
0
2
2
0
0
4
0
0
2
0
0
4
0
4
0
0
2
2
0
0
4
4
2
4
0
2
2
2
2
2
2
0
2
2
0
0
0
0
0
4
0
4
2
2
4
0
2
0
0
0
0
4
2
2
2
2
2
2
2
0
0
0
2
0
0
4
2
2
0
0
0
4
2
0
2
2
2
0
2
0
0
2
0
2
2
2
2
2
0
2
0
2
0
0
2
0
2
2
0
2
2
2
0
0
2
2
0
0
0
2
0
2
0
2
0
2
2
19
2
0
2
0
0
0
0
0
2
0
4
2
2
2
2
4
0
2
2
2
0
0
0
2
0
0
2
2
0
2
4
2
0
0
0
2
2
2
2
2
0
0
2
0
2
0
0
2
0
2
2
0
2
2
0
0
2
2
0
2
0
2
0
4
0
0
4
0
2
0
0
0
0
2
4
2
0
2
2
2
2
0
0
0
0
2
2
2
2
0
0
2
0
2
0
0
0
0
2
0
2
2
2
2
2
0
2
2
0
0
0
0
0
0
0
0
0
0
0
0
2
2
0
0
2
2
0
4
0
0
0
0
2
2
0
4
0
2
2
2
2
0
0
2
2
2
44
2
2
0
0
0
0
0
0
2
0
2
2
0
0
2
4
38
37
35
38
39
37
29
32
38
38
32
33
37
35
33
31
38
37
38
38
38
37
34
32
35
36
38
33
38
38
34
35
37
39
35
37
33
38
37
32
32
37
33
38
38
16
40
27
31
37
38
37
39
36
32
37
38
35
39
35
33
38
34
34
36
37
33
37
37
36
37
38
34
37
35
38
31
38
38
37
37
38
37
40
36
37
37
34
37
39
35
36
38
37
36
33
39
33
34
38
32
32
35
38
36
37
37
34
33
38
38
33
36
31
39
38
39
36
29
35
39
37
34
38
38
34
36
38
37
38
36
31
32
37
37
31
38
32
38
38
36
37
31
35
39
37
33
37
37
33
36
33
39
38
38
38
39
28
36
37
33
38
32
39
38
38
34
35
37
36
39
37
30
36
34
37
38
39
31
30
35
31
35
38
32
38
37
39
38
33
34
33
37
38
37
35
36
33
38
26
27
35
37
37
37
37
35
38
32
39
37
38
23
32
39
38
33
31
36
38
35
39
37
37
34
38
33
39
38
37
35
30
37
38
37
38
28
31
34
37
37
37
38
34
38
39
38
36
28
34
22
30
39
29
36
34
38
39
34
34
40
10
30
40
39
35
38
35
34
31
36
40
26
35
30
40
39
32
35
35
35
36
34
39
26
39
35
39
6
5
2
2
5
4
11
8
2
6
7
17
9
4
4
2
8
6
44
8
6
7
8
6
8
0
75
39
9
7
15
9
6
9
6
9
2
4
13
7
2
7
4
6
7
2
4
4
9
11
11
15
4
9
8
9
9
6
11
17
11
30
13
4
9
6
4
8
15
7
11
11
11
7
6
11
15
9
8
13
4
4
6
8
6
13
9
8
4
10
11
8
8
39
6
10
13
13
5
4
8
8
4
19
6
8
9
8
8
4
6
13
4
11
6
9
15
9
13
9
15
9
7
8
8
10
11
13
14
8
11
28
8
13
11
6
7
16
11
11
6
16
9
8
9
4
2
2
15
11
11
17
19
4
8
8
8
13
15
29
11
11
22
9
8
8
8
4
23
9
13
10
4
6
7
4
8
17
4
4
10
2
2
8
7
11
4
12
13
7
4
4
4
6
21
12
13
15
21
7
7
4
2
9
4
7
2
8
17
4
8
29
6
9
4
8
5
12
6
7
11
9
13
4
32
11
9
6
27
11
13
11
10
11
15
10
7
13
9
4
11
6
7
10
17
9
6
6
11
7
8
11
21
4
12
15
6
5
21
10
6
9
12
6
10
11
13
4
2
8
13
10
21
7
13
10
10
15
23
6
6
16
15
21
0
13
9
8
21
18
16
13
10
18
28
12
10
13
18
13
15
9
18
13
12
18
15
17
18
24
11
15
13
23
16
14
18
12
8
14
11
11
20
16
13
20
18
11
4
15
10
10
12
7
15
13
14
8
19
10
16
15
9
12
12
17
13
14
9
10
18
31
8
11
25
14
20
16
13
13
6
13
9
13
14
24
23
15
9
12
8
19
9
16
15
11
12
18
13
21
8
9
10
15
20
16
12
11
15
14
8
14
15
22
10
24
25
13
12
22
13
13
11
16
14
9
15
13
18
59
14
13
17
24
16
13
0
16
13
12
9
16
18
11
17
14
16
13
10
19
10
17
13
19
15
14
13
13
13
21
10
8
14
18
19
16
19
12
9
17
7
10
8
15
20
9
19
21
14
20
13
14
26
11
19
17
17
18
13
14
24
15
16
13
16
12
17
12
12
11
16
23
20
15
22
13
15
10
11
14
17
15
13
10
13
13
14
23
10
15
10
19
14
18
11
13
11
19
12
10
12
15
13
8
12
15
19
11
10
15
14
44
13
19
14
23
12
16
21
13
15
21
8
21
9
21
17
17
11
16
10
19
6
19
17
15
19
13
25
20
16
19
6
14
12
4
19
13
14
21
15
11
10
15
11
11
14
25
17
13
16
22
16
3
18
16
3
1
1
0
3
7
11
11
3
1
3
9
49
9
11
46
1
9
3
3
3
3
1
7
1
5
0
1
0
9
1
11
1
3
17
1
89
3
7
1
9
1
11
1
11
1
11
1
1
1
1
3
11
1
3
35
3
5
3
3
1
1
5
11
3
1
1
5
5
7
3
3
3
1
1
7
1
3
3
1
3
5
3
3
3
3
7
5
3
3
1
1
7
1
1
3
3
1
9
1
1
42
1
0
3
9
1
1
5
0
11
3
93
1
1
3
3
5
1
1
1
15
3
7
1
5
11
9
9
1
3
7
11
1
5
1
1
1
0
38
1
7
9
1
5
3
3
1
3
3
5
1
1
3
1
3
7
9
5
0
1
3
9
1
9
1
1
1
7
43
9
3
3
9
92
9
7
1
7
74
1
5
1
1
0
9
3
1
0
1
9
11
1
3
45
1
0
1
0
9
1
1
11
9
1
3
43
1
9
7
1
9
1
1
7
3
1
11
1
11
9
11
1
1
3
5
5
46
1
11
9
9
1
3
1
15
1
5
3
3
11
3
1
9
3
1
1
9
1
11
3
7
3
9
9
11
11
7
11
5
11
9
1
5
1
9
7
1
3
0
9
7
11
13
1
1
3
0
0
1
1
7
0
47
1
1
1
1
46
42
81
60
82
33
75
67
47
71
64
81
84
45
83
85
69
82
78
47
88
38
48
76
70
46
84
40
80
86
77
86
54
80
85
86
87
84
81
38
83
55
69
76
88
80
85
88
67
66
75
49
73
87
91
69
76
42
72
83
39
31
39
85
80
82
77
78
71
80
81
85
73
45
83
78
77
75
46
75
69
66
72
71
52
56
71
73
51
82
34
79
75
75
79
80
53
81
75
82
78
80
53
73
45
43
45
82
52
76
81
36
80
86
47
81
65
54
55
79
88
88
84
81
55
85
42
83
72
84
83
39
85
85
80
50
85
40
85
41
37
79
47
40
82
46
38
37
79
42
86
37
90
50
52
40
55
80
84
43
78
47
84
42
86
78
86
45
86
84
85
84
86
41
68
84
83
40
86
48
79
48
82
44
81
51
84
57
87
52
39
54
80
82
88
44
80
42
87
81
82
59
81
63
90
86
88
82
45
50
86
86
89
88
84
47
88
89
88
44
80
36
49
94
43
81
42
35
57
42
49
81
77
42
80
45
84
70
89
38
79
41
83
41
79
44
47
81
69
75
69
54
68
70
81
83
82
56
39
75
79
41
84
42
79
87
87
85
89
53
89
86
88
78
89
49
87
86
77
86
84
56
84
40
86
46
75
83
2
2
2
2
0
2
0
0
2
0
2
2
2
2
2
2
0
4
2
4
0
2
0
0
0
2
0
4
4
2
2
0
2
4
0
2
2
0
2
0
0
0
0
2
2
4
2
4
2
4
2
0
2
0
2
4
0
2
0
2
2
2
2
2
0
2
0
0
2
2
2
4
0
0
2
2
0
2
2
0
2
2
2
0
0
2
0
2
2
2
4
0
2
4
2
0
0
2
2
2
2
2
0
2
2
2
2
2
2
2
0
2
0
4
2
2
2
0
2
0
0
0
0
2
0
0
2
2
0
2
0
2
0
0
2
2
2
4
2
2
2
2
2
0
4
2
2
2
0
0
0
0
0
0
0
2
2
0
0
0
2
2
0
2
2
2
2
2
2
4
0
2
2
0
2
0
2
4
0
0
2
2
2
2
0
2
0
2
6
2
0
2
0
4
2
2
0
2
0
2
0
0
2
0
2
2
2
2
0
0
0
2
0
0
0
0
2
0
0
0
0
0
0
0
2
2
2
0
2
2
2
2
0
0
0
0
0
4
2
0
0
2
0
2
4
2
2
4
0
2
2
0
2
2
2
2
0
0
4
0
0
0
0
2
2
0
2
0
0
2
4
2
0
2
2
2
0
0
2
2
2
2
0
0
0
0
2
0
4
4
12
10
4
19
8
12
10
21
8
6
6
6
6
6
14
39
8
8
6
10
14
21
12
6
6
10
8
8
6
6
4
8
12
12
6
10
14
10
8
53
12
14
6
10
25
8
8
8
23
14
16
18
6
16
18
27
10
10
6
10
8
10
21
16
8
8
16
8
8
23
14
12
6
14
6
21
17
14
6
12
6
25
12
16
19
14
14
12
6
17
12
19
12
25
6
8
14
10
10
10
16
8
12
16
16
23
12
8
12
8
19
8
8
21
25
6
6
12
18
12
14
25
25
10
12
12
8
33
16
16
25
21
21
12
21
12
33
25
12
16
12
6
16
10
8
14
14
19
10
10
23
25
17
21
25
17
14
10
27
19
35
14
21
18
39
10
16
23
14
14
19
31
21
19
6
41
12
14
31
19
76
33
12
14
18
16
29
19
16
8
12
14
27
17
47
25
31
16
17
17
49
31
29
18
19
14
8
23
16
41
23
10
35
12
8
33
12
10
10
16
19
21
21
21
25
31
31
14
23
31
29
16
16
17
12
16
18
25
8
16
10
8
12
27
6
21
12
19
14
14
27
29
16
8
16
18
10
10
6
4
14
10
6
6
4
8
74
8
35
39
21
4
12
16
6
8
14
6
10
8
39
14
2
31
14
4
0
2
6
0
62
8
4
2
0
4
2
2
2
6
4
2
4
6
0
2
4
4
4
0
2
2
0
4
6
6
0
0
4
0
6
2
4
2
2
0
6
2
2
0
8
4
2
12
0
4
4
4
4
0
2
2
6
4
8
10
4
4
4
0
2
2
2
2
8
2
2
0
0
0
4
0
6
4
4
4
4
10
0
8
56
6
2
4
2
2
2
6
0
2
4
2
2
0
2
2
4
4
2
2
6
2
8
4
2
2
0
2
4
2
2
4
4
2
2
4
2
2
2
4
6
4
2
4
2
6
0
2
0
2
2
0
0
0
4
4
4
13
0
2
2
4
4
2
2
0
2
4
6
4
4
4
2
2
6
2
4
0
4
2
13
0
8
2
0
0
4
4
2
4
10
2
4
7
9
4
2
6
6
4
2
2
2
8
0
4
2
2
4
0
2
4
0
2
0
2
2
0
2
2
4
0
4
4
2
0
0
2
12
0
2
6
6
10
7
2
0
8
4
2
4
0
45
6
2
4
8
6
4
4
2
2
6
2
2
4
2
4
2
6
4
4
9
4
2
8
8
2
0
2
4
9
2
2
0
2
8
6
6
0
4
0
6
4
2
4
0
2
0
2
4
6
0
8
2
4
6
2
2
60
8
2
6
2
