0
0
0
25
0
19
12
0
23
2
0
0
21
0
21
0
0
24
0
0
22
21
0
20
19
0
19
0
21
22
19
0
24
23
0
17
15
20
21
0
23
0
0
0
23
23
14
0
20
19
23
2
0
21
14
21
20
21
0
25
0
0
0
0
25
15
0
16
24
0
0
23
0
0
21
0
0
13
22
0
16
19
0
19
0
21
10
0
0
0
0
0
21
2
20
21
22
0
14
23
0
19
0
14
20
0
0
23
0
0
17
2
23
0
23
0
22
0
0
21
0
0
20
0
22
23
23
0
18
17
0
0
22
0
21
18
0
19
20
0
18
15
19
18
24
0
23
26
0
21
22
0
0
0
0
23
0
0
22
0
21
22
18
25
26
0
0
0
0
0
17
12
0
23
18
0
0
17
0
24
22
21
0
0
0
14
0
0
15
0
0
0
0
0
22
0
17
19
19
21
0
0
18
16
21
24
24
16
20
22
0
0
0
18
0
21
18
0
0
0
0
0
13
0
19
20
22
20
0
14
0
0
0
23
0
0
22
21
0
23
16
0
21
17
0
0
0
19
19
21
22
20
15
0
15
17
0
18
23
0
22
24
23
22
0
0
0
0
0
0
0
0
14
17
0
19
21
0
21
22
0
17
15
0
24
18
0
19
1
1
5
3
0
3
3
1
1
1
3
3
0
3
5
5
1
1
1
7
5
5
3
3
1
1
5
5
1
3
3
1
3
3
3
3
1
0
7
9
3
5
1
3
3
7
1
3
7
3
3
0
1
48
1
0
1
0
1
3
5
5
0
1
1
1
3
5
5
0
1
3
1
3
0
1
7
0
0
3
3
1
3
1
5
7
1
1
3
1
3
1
58
1
1
0
7
3
1
0
5
0
1
3
0
3
3
3
1
3
3
1
1
3
5
52
1
5
1
3
3
0
0
5
5
5
3
5
1
1
1
1
5
1
1
1
3
0
5
7
1
1
1
7
3
1
1
0
0
3
40
0
0
3
0
1
1
3
0
0
0
5
3
0
0
0
0
3
0
1
1
0
3
1
3
3
3
1
67
3
1
1
9
0
3
5
1
3
0
0
3
1
5
5
0
1
7
1
0
3
1
1
5
5
3
1
1
1
1
3
1
0
5
1
3
3
0
0
3
1
3
3
1
0
0
1
5
1
0
3
1
1
3
3
5
3
1
5
1
3
7
1
0
3
1
1
0
0
3
5
5
0
9
1
1
3
3
1
3
11
3
9
3
1
5
1
1
1
0
1
7
9
5
3
1
23
3
1
5
3
3
1
5
1
5
3
0
1
4
86
2
2
2
4
2
43
4
2
4
80
4
4
4
67
3
76
6
41
4
4
3
50
2
86
5
57
4
55
2
73
4
60
4
52
4
4
4
85
4
57
4
40
71
67
62
74
57
39
44
2
4
2
2
68
4
28
4
4
47
4
2
68
9
51
4
41
4
4
4
81
5
5
2
4
2
4
4
2
3
2
4
4
2
92
26
74
4
84
5
54
2
36
70
88
4
6
4
31
72
49
5
38
56
82
6
66
2
40
51
2
3
4
4
74
5
2
2
57
4
46
0
4
2
47
4
46
4
48
2
72
2
51
3
4
36
4
2
42
6
45
43
55
2
4
4
2
2
45
2
0
5
78
3
30
7
4
2
4
2
60
5
78
5
82
4
24
2
64
4
86
4
60
2
78
2
3
2
6
2
2
65
19
3
85
5
4
6
78
2
60
4
79
4
37
4
44
49
51
2
47
2
2
4
62
2
2
0
43
4
48
2
32
3
34
2
33
4
30
4
83
4
28
2
5
2
2
2
54
69
64
4
60
28
45
2
37
2
89
2
2
2
4
2
43
2
32
30
75
0
2
26
22
4
25
18
27
2
3
4
30
5
26
4
28
4
14
4
51
3
26
2
39
2
25
3
44
18
38
3
3
28
22
3
5
23
27
23
11
11
9
9
15
8
7
10
11
2
10
11
13
8
10
6
8
11
11
13
17
9
13
9
6
6
11
15
8
11
8
8
17
13
7
11
7
13
13
19
11
13
11
60
8
13
13
21
6
25
19
19
15
31
17
15
19
17
19
47
26
28
17
17
17
8
15
10
11
8
15
19
15
23
11
15
13
9
13
19
8
23
15
17
12
0
26
9
38
27
36
13
19
11
15
6
13
8
13
11
8
21
34
17
26
15
23
38
42
11
34
13
36
17
23
36
25
13
25
27
21
26
19
42
23
19
21
15
26
32
34
35
25
41
25
38
26
57
25
30
44
32
26
10
19
41
32
42
21
35
50
23
4
64
11
17
23
65
10
10
15
17
57
38
63
13
38
42
30
59
34
8
39
31
28
13
57
40
19
17
19
45
46
17
10
19
30
21
15
10
30
40
36
43
13
10
38
43
49
13
13
6
13
13
12
41
27
16
27
53
32
30
19
40
32
19
33
42
23
36
19
26
17
6
25
21
11
15
9
28
9
30
17
23
8
4
8
15
9
15
17
23
4
13
9
8
15
6
13
9
15
17
13
21
19
6
6
15
19
55
28
11
11
19
9
17
15
13
15
9
21
13
21
2
6
4
17
15
15
28
17
13
11
11
15
11
15
0
1
0
0
0
5
0
7
3
86
5
0
0
3
2
3
15
3
2
2
3
0
3
0
3
0
3
3
3
2
3
0
1
0
2
3
3
0
3
0
3
0
0
0
3
2
2
5
0
0
3
0
3
5
0
3
0
3
3
3
0
5
0
3
0
0
0
3
0
0
3
0
0
5
0
3
89
4
5
3
0
0
0
0
0
0
0
2
0
0
0
3
3
7
0
7
0
0
0
7
2
3
0
0
0
3
0
0
2
2
2
2
3
2
5
0
0
3
0
2
0
0
7
3
0
96
4
1
5
3
0
4
4
2
7
3
5
0
3
0
2
5
0
0
1
3
0
1
3
3
2
0
0
1
0
0
0
0
4
1
5
0
1
3
7
5
2
85
3
3
1
5
5
2
0
2
2
3
2
2
0
2
1
0
0
0
5
5
77
5
0
0
3
3
1
2
3
0
5
5
2
1
3
3
0
0
1
3
3
2
1
3
9
5
0
0
3
1
5
3
3
5
5
2
3
3
3
2
2
0
4
0
2
5
5
3
4
5
3
4
2
5
2
1
2
2
0
0
2
3
3
1
2
3
3
3
3
3
3
3
1
5
3
1
7
3
3
3
0
0
3
4
3
2
3
0
1
5
3
3
3
2
3
5
1
3
4
5
27
9
20
20
11
30
29
97
18
18
27
29
20
23
19
18
13
22
31
18
11
20
24
6
15
17
26
16
22
17
18
11
7
30
15
51
17
24
22
13
15
42
20
26
22
24
28
55
45
24
13
18
28
31
20
13
28
22
15
22
59
37
13
15
15
26
15
33
22
24
4
9
26
11
33
20
15
51
24
70
39
15
44
54
17
72
58
24
28
11
40
28
75
28
54
83
33
26
22
60
53
17
45
34
55
51
26
33
81
11
78
29
65
13
26
15
26
99
19
38
67
57
35
53
66
44
53
70
26
35
44
20
63
68
68
65
53
68
11
57
20
65
64
27
39
24
29
28
19
26
68
78
51
56
51
67
41
36
50
26
44
41
49
27
44
48
35
40
26
42
70
75
21
50
66
43
20
16
91
57
55
51
13
30
63
35
61
59
32
44
24
28
29
42
34
26
69
34
22
13
68
70
28
69
76
19
20
61
79
40
57
39
27
44
17
15
47
35
59
24
37
38
57
38
46
28
46
50
32
43
38
85
63
13
43
43
46
28
49
13
34
57
62
17
13
52
2
60
19
60
17
22
43
52
43
44
22
31
56
17
35
26
11
39
41
18
41
28
15
18
13
39
32
46
22
29
28
15
11
13
22
19
30
52
11
16
19
44
0
15
2
0
4
0
2
0
2
0
0
0
0
2
0
0
2
0
0
0
0
0
2
0
0
2
0
2
0
2
0
0
2
0
0
0
0
0
4
2
0
2
2
6
0
2
0
6
0
0
4
0
2
2
2
2
0
0
0
2
0
0
2
0
0
2
0
0
0
2
0
0
0
0
0
2
0
0
4
0
0
2
2
0
0
0
0
0
0
0
0
2
2
4
4
0
0
0
8
2
4
2
0
2
4
4
0
0
0
2
0
0
2
0
2
0
2
0
0
4
0
0
0
2
0
0
0
0
2
4
2
4
0
2
8
0
12
6
6
4
4
2
2
4
2
6
0
2
2
2
0
4
2
4
2
2
4
0
23
2
0
0
0
2
2
2
4
17
0
2
2
0
0
0
0
4
0
2
0
0
10
4
4
2
8
0
4
2
6
8
2
8
4
2
4
4
0
0
4
4
0
2
6
4
6
2
0
4
0
4
4
2
6
0
4
2
2
0
4
17
2
4
4
6
6
2
12
6
2
21
4
0
2
2
4
8
2
4
2
2
0
0
2
0
0
0
15
0
0
0
10
19
2
2
2
0
0
4
8
4
2
4
4
2
4
15
2
0
2
0
0
4
4
6
2
2
2
2
8
19
10
6
0
0
2
0
6
0
32
35
26
36
35
33
30
30
34
33
30
32
36
33
24
36
34
26
23
34
36
35
31
28
37
33
26
34
35
36
35
31
36
26
31
25
38
37
31
35
34
34
34
31
37
29
33
23
27
33
33
37
29
33
35
33
35
35
27
26
26
33
37
33
35
33
33
33
31
29
35
32
36
33
26
37
24
30
28
33
23
30
37
36
34
32
27
34
31
35
30
31
32
31
35
34
36
35
31
37
34
32
38
36
24
34
36
35
31
34
31
24
34
26
36
33
32
32
36
28
35
34
32
33
37
30
32
33
34
37
29
35
32
28
38
32
32
30
30
31
33
32
39
30
25
36
38
32
32
38
24
34
33
33
30
32
23
34
31
36
38
30
21
34
36
30
36
34
31
26
36
34
35
35
30
32
35
30
35
23
30
31
33
31
32
38
38
28
29
32
32
33
31
34
34
34
33
33
24
27
30
27
39
34
27
36
23
29
30
37
19
33
36
36
32
34
34
35
25
28
31
34
25
34
32
30
34
34
35
28
37
34
28
39
36
34
29
32
27
35
36
28
30
34
35
35
23
34
32
32
27
33
36
34
31
35
31
31
32
38
32
35
31
35
32
39
35
33
24
24
30
24
31
30
31
32
32
33
33
34
37
34
31
34
23
33
25
33
1
0
1
1
1
2
2
1
0
1
2
0
2
2
2
1
2
0
1
0
0
0
0
1
1
2
1
1
0
1
0
2
3
0
0
1
0
2
1
2
2
3
0
1
1
2
2
1
5
1
2
1
2
1
0
1
2
2
0
1
1
4
0
3
3
1
1
1
0
2
2
1
1
2
1
2
1
0
1
2
1
1
1
1
1
1
0
0
0
2
1
3
1
1
0
0
1
3
0
0
1
1
1
0
0
0
2
1
2
4
0
1
1
0
1
0
2
2
0
1
0
2
2
1
1
1
0
1
1
1
1
0
0
1
1
1
0
0
2
3
2
1
0
1
2
2
0
0
0
2
1
3
2
3
1
1
2
1
1
2
1
2
1
0
2
0
1
0
2
1
2
1
0
0
0
1
2
0
0
2
0
0
2
1
1
2
0
1
0
1
2
2
0
2
1
1
0
1
1
0
3
2
1
0
2
1
2
4
3
3
1
1
0
0
1
1
3
0
1
2
0
1
1
2
2
0
1
0
0
1
0
1
0
1
0
1
1
1
2
2
3
1
1
1
1
1
2
1
2
1
2
1
0
1
0
1
2
1
2
1
0
0
1
2
1
0
1
1
1
1
0
2
4
3
2
1
1
0
0
1
4
1
1
2
4
1
0
0
2
2
2
0
4
0
0
0
2
0
4
0
12
4
2
2
2
0
0
6
0
0
4
0
0
4
6
0
4
2
0
0
0
0
0
0
0
0
0
0
0
0
0
0
2
0
0
0
2
2
0
0
2
4
2
2
0
0
0
2
0
2
0
0
6
2
0
0
2
6
0
0
2
0
2
2
0
4
0
2
4
0
2
0
2
0
2
2
0
0
0
2
0
0
4
0
0
0
0
0
0
0
2
0
4
0
2
2
4
2
4
0
2
2
0
0
0
2
4
2
0
2
2
0
2
0
0
0
0
2
12
0
0
6
0
0
0
0
0
4
0
0
2
0
0
4
0
2
2
0
0
0
0
4
0
0
4
6
0
2
4
2
0
4
0
4
8
8
0
14
2
4
10
2
4
4
8
0
10
0
2
10
0
0
8
0
4
2
0
0
2
2
4
6
0
0
6
0
2
4
2
0
2
2
0
2
4
0
6
2
0
2
0
0
4
0
0
6
2
0
0
0
2
6
0
0
4
6
2
2
4
8
0
37
4
6
4
0
2
2
0
2
2
2
2
2
6
6
2
36
4
4
0
4
2
6
0
2
0
0
0
2
4
2
4
10
0
0
0
0
2
4
0
4
10
0
2
2
0
6
4
2
0
0
0
2
4
2
