11
8
6
5
8
8
7
6
8
8
9
3
8
5
4
5
6
5
9
12
12
6
2
8
7
4
8
7
7
11
5
8
3
6
11
8
5
3
5
7
3
9
5
6
4
5
10
4
5
6
8
9
3
6
6
11
9
4
8
5
10
7
5
6
9
12
7
9
5
4
5
5
5
9
5
8
6
4
6
7
3
6
6
9
6
11
11
6
4
10
10
12
11
6
5
8
9
6
4
11
5
4
10
11
11
4
6
12
7
2
4
10
6
10
4
7
5
10
5
9
7
11
3
8
4
5
9
7
6
9
6
8
8
11
6
5
7
6
4
5
9
8
4
5
5
5
8
7
5
12
6
7
6
5
8
6
7
5
3
7
8
6
11
5
6
5
10
7
5
5
10
10
4
6
10
9
6
6
3
5
9
6
7
4
6
8
5
8
8
5
7
6
7
4
4
9
9
8
11
5
3
8
8
6
5
4
3
9
5
6
3
5
6
7
8
4
13
6
7
8
7
4
6
4
10
4
5
7
4
7
6
12
4
9
9
9
3
6
7
5
4
6
6
6
7
3
9
12
4
5
13
8
7
7
6
8
9
7
6
8
5
6
8
4
4
8
6
8
5
6
8
7
5
6
8
6
8
9
6
7
4
10
3
6
10
5
5
4
2
2
4
2
4
8
4
47
0
20
2
2
4
72
8
4
4
2
0
0
2
0
2
2
47
6
4
2
4
4
2
4
11
0
6
2
0
4
4
0
0
4
4
2
0
2
4
44
0
4
4
0
2
2
4
4
6
2
2
4
48
42
0
2
0
50
50
53
4
4
40
4
36
4
2
2
37
4
4
30
2
2
2
2
0
4
0
4
0
2
4
2
4
0
2
0
6
2
2
4
2
6
8
48
2
2
4
6
4
2
6
0
39
0
2
2
2
2
11
2
36
18
2
0
8
2
6
2
4
4
4
12
6
4
4
4
4
4
36
22
0
2
4
45
4
2
0
2
4
4
4
0
8
2
2
2
0
0
4
4
4
6
4
6
2
2
2
0
4
0
27
2
27
4
8
4
4
6
0
33
4
2
2
2
6
2
2
6
14
4
2
2
29
6
2
2
2
2
4
4
2
4
4
0
2
4
24
2
0
4
6
6
2
2
2
4
10
0
2
40
2
4
4
8
0
4
2
4
2
4
13
2
30
2
4
0
4
40
0
58
0
32
48
2
33
4
2
4
2
2
2
6
4
4
2
2
43
18
4
12
4
4
4
6
2
2
4
2
2
2
0
37
4
2
4
31
4
2
2
4
13
4
2
11
24
4
6
2
4
2
47
2
2
3
32
4
2
2
2
4
0
4
6
0
0
2
4
4
0
2
0
4
4
6
8
44
6
2
2
23
2
4
2
4
2
8
50
0
2
6
2
2
6
33
0
38
0
4
4
2
0
2
2
2
2
0
4
3
2
2
2
4
2
0
2
4
31
2
2
31
4
4
41
37
2
6
0
6
4
4
2
6
2
4
25
4
2
2
0
13
0
2
4
4
2
2
2
4
27
6
30
0
2
4
6
2
0
2
7
4
2
2
2
2
2
6
2
4
2
4
4
0
2
8
2
0
4
0
0
4
15
0
2
0
2
0
2
2
6
0
2
0
4
2
4
2
6
28
2
13
4
4
47
2
6
0
6
0
2
6
4
0
42
6
2
4
4
0
0
0
4
4
11
0
4
15
2
2
40
0
0
0
2
0
2
4
2
8
8
2
4
4
2
4
4
4
0
0
2
6
2
2
20
4
0
0
2
0
4
4
58
0
40
4
0
2
4
4
2
2
38
6
31
0
3
4
2
36
28
4
4
0
29
0
4
0
37
2
0
0
2
2
0
2
6
2
0
2
3
0
2
0
2
2
4
4
2
6
2
4
4
0
0
0
0
0
0
0
0
0
0
0
0
0
0
0
0
0
0
0
2
0
2
0
0
0
4
4
0
0
0
0
0
0
0
0
0
2
2
4
0
2
2
2
2
2
2
2
0
0
4
0
2
2
2
0
0
4
2
2
0
8
2
4
0
0
2
0
0
0
0
4
0
4
4
4
2
4
0
0
2
0
2
2
0
0
2
0
2
2
2
6
0
8
0
4
0
0
0
2
0
2
2
0
0
0
4
2
0
0
0
0
0
0
2
4
0
2
2
0
0
2
4
4
4
6
0
2
2
4
0
0
4
4
2
2
2
2
4
4
2
2
0
0
0
0
0
6
2
0
0
2
2
0
2
2
2
0
2
0
0
0
0
4
2
6
0
2
0
2
2
2
6
0
0
2
0
6
4
0
2
2
2
2
2
2
4
0
0
0
2
4
4
6
2
4
2
2
6
2
2
4
8
0
4
0
0
2
4
2
2
2
6
6
0
4
6
0
2
4
2
0
2
0
4
2
4
0
0
4
6
0
8
2
2
6
0
2
2
2
0
8
0
0
8
2
4
4
0
0
2
6
0
0
0
0
6
0
2
0
4
0
4
0
2
4
0
0
6
2
6
0
2
0
6
4
4
2
0
6
6
0
2
0
0
4
4
2
0
4
2
2
2
2
2
0
2
0
4
6
2
8
0
2
0
2
2
2
0
0
0
6
6
4
3
1
1
1
0
2
2
2
9
7
1
1
1
1
1
1
1
1
1
3
1
0
1
3
3
4
1
1
10
1
3
1
6
0
0
0
1
3
7
1
1
4
1
1
0
8
1
8
5
8
15
7
12
8
4
9
1
1
2
13
1
0
3
4
1
3
0
2
3
11
1
2
1
1
1
1
1
1
4
3
13
0
0
4
1
1
0
1
1
3
1
6
1
1
0
7
4
9
1
3
2
3
5
2
1
3
1
3
0
3
1
1
12
6
2
2
1
5
0
0
4
13
1
1
4
1
3
4
3
1
12
3
1
2
1
5
1
5
5
1
1
0
3
1
3
1
11
3
1
3
3
1
1
1
1
1
1
2
3
1
1
6
0
0
1
0
1
2
1
7
2
4
0
1
3
2
2
4
9
1
1
1
1
3
4
1
1
1
1
0
1
1
0
1
1
1
1
4
2
1
1
4
5
10
0
1
0
0
0
2
1
3
0
1
1
0
1
1
0
3
0
1
0
2
1
0
1
0
5
5
1
3
2
0
1
7
1
1
0
10
8
0
0
3
2
1
1
1
3
0
0
1
1
1
4
7
11
8
1
4
1
1
9
3
3
3
3
3
0
1
0
6
0
4
4
7
1
1
1
0
3
0
3
1
2
0
0
0
4
0
4
0
4
0
0
0
4
4
4
4
2
4
0
2
4
4
4
4
0
4
6
2
8
2
0
0
2
4
0
0
2
4
6
6
4
2
2
2
0
4
0
0
6
4
5
2
0
8
0
4
0
4
0
2
2
2
0
8
0
2
4
2
0
4
0
0
6
2
4
4
4
0
0
4
0
2
4
2
2
4
4
2
2
4
0
2
0
0
0
0
6
4
4
2
2
0
2
2
4
2
6
0
4
2
2
4
2
2
2
0
2
6
4
2
4
2
2
2
2
2
0
0
0
2
0
0
4
2
6
2
2
0
2
2
4
6
0
2
2
2
2
2
2
0
4
0
4
2
2
4
2
2
4
2
12
0
2
0
2
2
2
2
0
2
4
2
4
0
2
4
0
4
4
2
2
2
2
6
2
2
4
2
0
2
0
0
2
4
4
6
2
4
2
2
0
4
4
2
4
0
6
2
6
2
0
0
2
2
4
0
2
2
2
0
4
0
2
0
0
2
2
4
4
6
2
2
2
2
2
0
2
0
2
2
2
2
4
4
2
4
4
0
2
0
2
0
0
2
0
2
2
2
0
6
2
2
4
0
2
2
6
2
6
0
2
4
0
2
0
4
2
2
2
2
6
4
4
4
4
6
6
4
0
2
4
2
2
2
2
4
4
4
2
4
6
4
4
4
8
0
2
2
6
0
9
4
8
2
8
6
0
0
0
2
12
0
2
6
8
2
2
4
2
4
2
0
6
8
0
6
4
2
2
10
2
10
2
2
0
4
8
10
4
4
6
4
4
2
2
0
3
2
0
0
0
2
0
4
9
2
0
4
6
2
2
0
0
8
2
11
0
2
4
4
4
4
4
4
2
6
0
4
4
4
4
4
2
6
4
6
0
6
0
4
8
2
2
4
6
4
0
0
4
6
0
6
4
2
0
4
0
4
6
6
2
0
4
0
0
0
2
0
4
0
2
2
6
2
11
4
0
0
4
0
8
2
4
6
4
4
2
2
0
0
0
2
4
2
4
4
4
6
2
2
2
4
2
0
2
2
6
6
2
0
4
0
4
4
2
4
0
0
2
2
4
4
2
2
2
2
4
0
0
0
0
4
4
6
4
4
2
2
6
4
0
4
6
6
6
2
2
0
2
0
0
2
4
0
2
10
2
2
0
4
6
4
6
2
4
6
2
6
11
2
2
2
2
4
2
0
0
4
2
2
8
4
2
6
6
0
6
0
6
2
0
4
2
0
8
0
0
2
0
2
0
6
2
4
0
8
8
2
6
10
2
4
2
8
0
2
0
2
2
4
40
29
37
35
14
37
2
39
36
22
37
49
34
30
31
27
41
31
33
26
57
29
43
35
23
32
24
30
30
28
29
37
44
36
18
29
34
38
33
37
31
35
47
28
29
44
8
19
33
24
32
30
36
37
31
40
17
32
35
33
29
30
30
36
36
17
36
36
26
38
29
26
17
33
35
40
34
40
61
40
46
34
25
19
15
33
36
47
26
44
36
34
34
37
62
64
60
57
28
59
40
41
39
28
30
38
47
35
31
29
37
39
24
42
38
44
24
38
47
28
43
39
34
30
27
45
46
39
33
23
37
45
31
37
43
34
31
46
43
38
33
32
23
48
39
2
26
17
33
26
34
28
37
43
45
14
35
41
14
2
43
33
46
35
35
42
45
31
32
34
29
20
31
46
48
40
47
33
25
42
26
35
35
19
33
44
36
34
31
22
36
37
28
38
33
31
27
37
52
43
28
38
44
34
30
33
5
33
25
42
24
42
28
45
23
42
38
35
30
30
43
37
39
39
15
29
8
35
30
31
29
48
47
35
36
32
26
28
23
28
27
45
23
30
39
19
30
34
4
24
27
23
21
29
23
26
32
9
38
27
25
28
27
26
50
24
26
30
34
39
25
33
7
30
26
29
25
51
53
34
30
26
34
30
36
6
27
83
2
2
0
2
0
2
2
2
2
2
2
0
4
0
0
0
2
2
0
2
2
2
2
2
2
2
0
2
2
0
2
2
0
0
2
2
2
2
2
2
2
0
0
2
0
0
0
0
0
2
0
2
0
2
2
19
2
2
2
0
2
0
0
0
2
0
2
0
2
2
0
2
0
2
0
0
0
0
0
0
0
0
0
0
2
2
2
2
2
0
0
0
0
2
0
0
2
0
2
0
0
0
2
0
2
0
0
2
4
0
2
2
2
2
0
2
2
2
0
0
2
2
0
0
2
0
2
2
0
2
0
0
0
0
0
0
2
0
0
2
0
0
0
2
0
4
2
0
0
0
0
0
0
4
2
0
4
2
0
2
0
0
0
2
2
0
0
0
2
0
0
2
0
2
2
0
2
0
2
2
2
0
2
2
2
2
2
2
0
2
4
0
2
0
2
2
0
0
0
0
2
2
2
0
0
2
0
0
0
2
0
2
2
2
2
0
0
0
0
2
2
2
2
4
2
2
2
0
2
0
2
0
2
2
0
0
0
0
0
2
2
4
0
2
2
2
2
0
2
2
0
0
0
0
2
2
4
0
2
0
0
0
0
2
2
0
4
0
4
0
2
0
2
0
0
0
0
2
0
2
0
2
2
2
0
0
0
2
23
20
22
18
34
28
31
9
27
20
21
24
21
27
20
24
35
28
14
25
29
21
30
27
26
22
31
31
22
22
25
23
22
24
31
34
27
20
25
18
52
22
32
32
28
24
24
28
29
34
30
33
26
44
28
36
19
28
21
26
28
18
39
33
16
34
24
36
32
29
21
31
39
27
31
29
30
30
28
26
31
37
34
31
31
29
21
33
24
26
31
23
29
39
24
34
22
32
29
23
25
33
24
26
27
24
27
34
31
29
26
29
29
25
27
20
17
25
35
23
24
26
25
24
26
42
47
41
27
23
26
31
28
34
23
34
27
25
40
19
27
32
28
34
21
18
30
27
28
25
26
35
27
24
19
27
31
27
24
34
8
21
25
35
26
24
32
45
30
29
34
11
42
25
27
44
26
56
29
26
54
35
39
28
46
29
35
38
36
22
17
20
40
26
26
30
30
23
30
27
37
15
12
9
16
24
8
13
22
33
28
22
12
21
19
17
11
23
23
19
18
17
23
21
15
28
19
14
26
20
26
28
19
27
14
49
18
29
18
14
17
25
52
15
16
15
13
16
18
17
22
19
24
23
31
24
22
22
25
22
23
32
29
28
18
26
24
20
20
23
20
23
17
18
18
18
15
25
11
22
17
20
32
13
17
41
35
15
