8
8
4
4
7
4
2
4
6
2
4
2
12
6
0
3
2
4
2
2
4
0
4
11
4
4
2
2
11
4
2
4
6
4
7
6
4
6
6
6
2
10
4
2
4
6
8
8
2
2
8
8
2
3
6
7
2
4
2
12
4
4
0
4
6
9
4
9
6
4
6
9
4
4
8
4
4
2
8
2
4
11
6
6
6
10
8
8
4
6
4
4
4
3
6
16
20
16
10
8
12
10
4
4
2
0
2
4
2
4
4
5
8
4
2
8
16
6
6
5
6
7
7
4
2
2
4
0
2
2
4
0
8
3
10
23
8
11
7
11
5
2
2
6
7
9
4
2
9
6
4
10
3
4
2
0
2
14
6
17
4
16
2
10
4
2
3
10
0
7
4
8
0
14
4
6
5
2
5
9
0
2
6
6
14
15
8
4
6
4
8
12
8
15
23
6
4
12
2
8
8
2
10
4
7
15
6
2
6
5
6
2
4
10
2
4
4
4
8
6
2
4
8
4
3
2
2
0
6
18
2
4
2
5
8
7
6
4
4
6
5
2
8
6
5
4
6
4
6
2
4
2
4
4
0
2
0
2
0
6
2
7
0
2
2
9
5
5
0
2
0
2
4
0
6
2
2
6
5
2
8
4
2
6
4
2
7
2
1
1
0
1
1
0
0
3
0
0
1
1
5
3
3
0
1
0
0
0
7
0
3
3
3
1
0
1
84
1
0
1
9
3
0
1
0
1
0
0
1
0
0
1
1
0
1
1
0
1
1
3
1
0
1
0
27
0
1
1
0
1
0
0
0
3
1
1
3
0
1
0
0
0
28
1
1
9
3
3
3
7
1
0
3
0
1
3
1
1
3
1
0
3
0
1
0
1
1
0
0
0
0
1
1
1
0
3
0
0
0
1
0
5
0
0
1
0
0
1
90
0
1
3
1
5
3
0
0
0
3
0
3
1
1
1
0
3
1
1
0
3
1
0
0
94
1
0
3
1
1
1
0
1
1
1
0
3
1
1
1
0
0
3
1
1
0
0
0
1
1
0
1
3
0
1
0
1
0
1
0
3
1
1
1
0
0
1
3
3
1
3
1
0
3
3
1
0
0
88
17
0
3
1
77
0
7
3
1
1
0
1
3
3
1
0
5
88
1
0
5
3
0
3
3
1
1
1
1
5
1
1
0
3
0
1
1
1
1
1
3
0
1
1
1
1
1
0
9
0
0
0
0
0
0
3
0
1
1
1
1
0
0
0
1
3
0
1
1
3
1
3
1
0
1
0
0
1
5
1
7
5
94
1
0
3
0
5
2
14
6
8
8
8
13
15
67
8
10
10
15
2
8
4
10
12
14
11
8
6
8
8
14
2
6
8
14
12
4
6
13
19
13
25
17
17
12
11
8
25
10
8
8
6
13
4
35
14
8
14
8
4
10
4
2
4
6
6
6
6
7
12
4
8
15
15
8
8
15
12
17
6
23
17
14
14
13
21
12
17
25
13
14
6
4
8
12
6
8
12
8
10
21
9
23
4
10
8
11
8
12
12
8
17
15
13
17
15
8
12
12
4
23
14
10
14
8
15
12
14
4
12
23
12
4
13
4
15
8
15
15
17
31
21
14
14
10
14
17
13
6
23
12
21
17
6
12
12
6
15
12
15
6
13
10
17
13
15
15
8
8
21
13
15
2
23
14
27
8
8
8
13
4
10
8
23
17
17
10
4
19
6
12
0
0
0
0
0
0
0
0
0
0
0
0
0
0
0
0
0
0
0
0
0
0
0
0
0
0
0
0
0
0
0
0
0
0
0
0
0
0
0
0
0
0
0
0
0
0
0
0
0
0
0
0
0
0
0
0
0
0
0
0
0
0
0
0
0
0
0
0
0
0
0
0
0
0
0
0
0
0
0
0
0
0
0
0
0
0
0
0
0
0
0
0
0
0
0
0
0
0
0
0
0
0
0
2
5
6
6
4
1
8
4
6
4
4
9
6
6
6
8
4
5
6
4
8
8
1
6
10
8
6
5
5
4
5
7
7
6
2
8
6
3
6
5
4
2
4
5
5
3
5
5
6
5
5
6
3
4
4
6
4
4
3
4
2
4
4
4
4
4
7
5
5
6
5
1
5
2
4
6
6
4
5
7
6
7
7
5
3
4
3
2
3
3
2
3
4
2
3
3
2
2
2
0
1
1
1
1
1
0
2
1
2
2
1
1
1
1
1
2
1
0
1
2
2
2
1
3
10
6
6
6
7
5
7
7
6
4
8
5
5
4
1
1
1
1
2
0
1
1
1
1
3
6
7
9
8
8
5
6
5
4
8
8
7
8
7
6
5
5
1
2
2
4
2
3
7
3
6
4
3
7
5
5
5
6
5
9
7
2
6
7
6
7
6
5
7
6
4
0
4
3
2
6
4
5
4
3
6
4
4
1
3
2
6
2
4
3
4
9
6
4
2
3
1
3
3
3
4
5
6
0
5
3
5
4
4
6
2
1
2
2
5
6
5
6
4
6
6
5
6
3
4
6
4
3
4
3
5
6
2
5
2
4
4
4
5
4
5
4
4
4
2
3
4
5
3
4
4
4
4
5
2
4
4
4
3
5
5
4
3
3
0
0
0
2
2
0
2
4
0
2
0
10
8
2
0
2
4
4
6
2
7
6
0
0
3
2
0
4
6
0
4
10
2
2
0
9
2
2
2
0
2
2
2
6
0
4
6
0
4
4
4
0
9
6
0
2
0
2
4
2
4
0
8
2
2
2
4
4
4
9
0
6
0
4
6
11
0
2
0
2
0
10
6
6
5
2
2
2
4
4
0
4
4
9
2
2
0
0
2
4
6
0
2
12
2
0
2
4
2
11
2
2
6
6
4
2
6
6
4
10
8
4
2
2
2
4
2
4
2
4
6
4
2
2
10
9
2
0
4
6
4
6
4
4
4
2
6
4
0
0
2
2
6
2
4
9
0
4
8
0
2
2
2
0
6
2
2
2
4
4
0
2
2
10
2
4
6
2
6
2
8
2
4
9
4
0
4
12
6
0
4
4
4
2
6
2
4
2
0
0
7
2
0
2
0
2
8
2
2
2
4
6
0
6
4
4
6
2
0
2
2
0
2
6
2
0
2
2
6
0
4
0
2
14
12
9
0
6
6
0
4
0
0
0
0
9
2
2
4
0
0
10
2
2
4
2
5
2
2
2
0
8
6
4
4
0
15
12
11
4
2
13
4
0
0
0
4
6
0
4
4
4
4
4
2
4
6
4
0
0
0
0
0
0
0
0
0
0
0
0
0
0
0
0
0
0
0
0
0
0
0
0
0
0
0
0
0
0
0
1
1
1
3
1
1
1
1
3
3
0
1
3
3
1
1
1
1
0
0
3
1
3
1
3
3
1
1
1
3
1
1
3
0
1
1
1
1
0
2
5
3
0
0
3
1
0
1
1
1
0
1
3
0
0
1
3
1
1
1
1
1
0
3
0
1
1
1
1
3
3
1
0
0
0
5
1
0
4
1
1
1
1
1
1
3
1
1
1
1
0
3
1
0
3
3
0
1
3
3
3
5
0
1
3
3
3
0
1
1
1
1
1
0
1
3
1
0
0
1
0
1
3
1
0
1
1
1
1
0
0
1
1
3
3
1
0
0
0
0
0
0
0
0
0
1
0
0
0
0
0
0
1
1
3
3
1
0
0
3
1
0
3
1
0
3
0
1
0
1
1
1
7
1
3
1
1
0
0
1
1
1
1
2
3
0
1
7
1
3
1
3
1
0
1
0
1
3
0
1
1
1
1
1
3
1
3
3
1
1
1
1
5
1
3
1
0
1
1
1
0
1
3
1
0
1
1
3
1
1
0
3
0
1
1
1
0
0
0
3
3
0
0
0
0
0
0
0
1
1
3
0
1
1
2
1
0
3
40
2
0
4
26
2
33
2
0
5
2
3
2
33
7
2
22
23
0
4
32
42
3
10
2
2
0
13
2
2
29
4
4
2
13
0
2
4
7
2
6
24
6
2
0
4
2
2
2
31
2
3
21
1
2
3
6
0
10
5
0
3
0
2
4
7
3
2
6
2
4
4
38
3
2
4
2
2
2
40
2
2
27
2
2
4
1
2
13
3
2
4
4
3
0
6
2
2
1
4
3
8
6
2
31
4
2
3
6
4
2
0
6
0
3
28
39
2
2
2
2
2
30
29
15
2
0
4
0
0
27
2
2
2
4
4
0
2
2
29
2
2
2
4
4
2
6
2
2
12
21
0
4
33
2
3
2
2
0
2
23
1
2
6
8
2
2
6
7
6
26
9
0
30
29
5
4
2
11
0
6
8
2
2
2
4
4
2
4
1
27
2
2
2
1
2
2
3
5
2
3
35
0
13
2
0
2
4
4
7
1
37
2
2
4
5
2
2
5
0
25
4
4
5
38
2
8
2
4
0
2
2
4
2
2
39
4
8
26
2
2
0
29
34
0
6
4
2
2
45
0
0
33
2
2
4
7
2
28
42
2
4
28
2
2
0
3
2
35
4
0
27
2
4
12
4
0
22
27
4
2
8
14
2
2
0
0
5
2
5
3
1
2
7
7
1
5
5
1
2
3
3
5
3
3
2
2
5
2
2
5
0
0
0
1
7
5
3
3
2
2
0
1
2
3
3
9
1
11
2
5
2
2
2
2
0
1
3
3
1
3
3
2
3
3
3
9
3
3
0
5
0
2
2
13
3
3
0
5
2
2
5
3
5
3
11
2
9
5
2
2
3
1
3
3
2
0
5
2
3
2
0
2
5
3
9
3
3
5
2
3
3
3
5
5
3
3
3
1
5
2
11
5
3
2
3
0
11
0
11
11
2
0
3
1
0
0
3
15
1
0
2
0
2
3
5
7
3
3
9
2
0
5
2
5
3
3
5
5
7
5
1
5
1
3
1
2
5
0
2
0
3
3
2
9
2
0
2
3
2
7
2
3
0
2
3
3
7
2
2
3
0
3
3
2
2
3
1
5
2
9
0
3
2
2
2
2
11
0
2
2
2
3
3
1
9
3
5
3
5
0
0
2
9
3
1
0
5
2
5
3
3
3
2
5
3
3
3
3
5
2
3
1
2
2
3
5
1
3
3
5
3
5
3
2
3
7
5
3
3
1
2
5
2
3
3
3
3
3
0
3
3
1
3
3
7
9
3
2
5
3
5
5
3
1
3
7
2
3
3
3
1
3
2
0
32
32
22
25
30
38
28
21
27
27
22
21
34
30
18
14
38
40
61
32
33
21
20
32
39
30
23
40
38
46
40
46
24
20
25
24
29
49
24
22
38
46
44
32
22
23
24
20
28
23
16
18
21
53
37
68
25
24
23
27
26
17
19
24
25
40
55
27
23
28
19
31
30
21
31
20
24
41
40
66
18
40
25
22
29
39
23
16
11
47
28
34
29
30
21
19
33
30
26
25
21
57
32
28
29
16
47
39
60
33
10
22
29
37
47
43
23
25
21
30
36
22
27
25
39
23
25
22
26
24
43
25
35
29
17
19
23
32
20
25
30
2
22
20
18
21
18
18
28
18
23
18
13
64
22
20
23
25
21
23
25
24
28
33
25
20
20
32
30
34
15
22
26
25
35
24
29
21
26
42
27
27
20
17
28
20
28
22
29
19
48
49
36
43
17
45
13
28
17
44
15
34
21
40
16
13
50
37
17
31
10
19
27
22
19
20
36
50
41
16
34
65
17
16
31
15
28
20
16
16
15
14
25
22
60
26
24
22
31
24
31
20
40
17
15
23
21
27
27
25
25
19
36
25
10
13
41
22
17
26
20
15
27
22
16
19
28
19
11
17
13
18
23
12
15
19
21
29
18
16
7
23
26
26
27
27
23
17
4
3
6
1
3
0
5
1
15
1
1
5
0
0
2
5
9
4
4
5
5
2
0
2
7
2
2
2
5
15
1
0
1
2
5
2
4
2
2
4
5
2
3
7
2
2
5
1
2
2
4
4
5
0
5
0
3
2
1
4
2
2
0
4
1
4
2
2
4
3
0
1
3
4
1
13
4
1
4
1
3
1
1
6
4
13
2
3
5
4
4
6
5
4
3
0
1
2
2
0
2
3
3
5
3
1
0
5
7
4
0
2
3
4
2
4
4
0
4
0
2
4
7
2
2
7
2
2
0
5
3
1
1
5
7
3
1
0
1
3
2
7
2
2
3
5
3
0
3
3
1
1
1
1
3
7
7
1
5
1
1
3
5
7
5
3
1
1
3
4
1
3
0
2
3
6
4
4
4
2
3
4
7
2
2
3
3
2
1
5
3
2
2
13
3
4
1
4
0
0
13
13
9
6
4
3
3
4
5
2
3
5
3
6
2
4
5
2
5
3
1
5
4
1
4
5
4
2
0
4
15
19
4
2
1
2
7
9
3
0
0
0
0
5
1
2
0
3
3
3
4
2
2
5
9
1
7
35
3
1
3
5
1
3
0
1
2
2
0
1
4
5
2
0
5
6
0
5
2
7
5
4
2
3
4
3
15
0
