0
6
2
0
0
4
0
5
9
2
4
0
2
4
0
2
4
0
2
0
2
0
0
10
6
2
2
0
2
6
2
2
0
2
0
0
2
0
2
2
4
0
2
2
0
5
0
6
9
7
0
4
0
0
0
0
2
0
0
2
0
0
4
0
2
2
0
0
8
2
0
2
0
2
0
2
13
0
6
6
7
2
0
4
12
2
2
2
2
2
2
24
0
2
2
2
2
2
0
2
0
4
6
2
0
5
0
0
2
0
6
4
15
2
6
0
2
2
2
0
0
2
6
0
11
2
2
8
2
0
0
2
0
2
0
8
5
21
4
0
0
2
2
0
0
2
4
2
0
6
2
0
2
22
7
2
0
4
2
2
4
4
2
2
0
2
0
4
2
2
0
2
0
0
2
2
2
2
4
8
0
6
4
4
6
6
2
9
2
2
6
0
4
0
0
6
2
2
4
2
4
4
2
4
6
7
2
0
11
4
10
4
0
4
0
2
6
2
4
8
0
2
0
0
2
4
2
4
0
7
0
2
0
2
0
2
0
2
2
0
2
0
0
2
2
0
2
0
2
8
0
2
2
2
2
4
0
0
2
0
2
4
0
4
2
2
2
2
0
2
4
0
0
4
2
0
2
0
0
6
9
0
4
0
0
0
0
0
12
7
11
4
2
4
4
2
2
4
6
4
2
6
11
2
4
5
6
4
5
4
6
2
5
6
11
7
5
6
7
4
7
9
6
7
7
6
6
7
4
8
4
7
4
5
8
9
2
4
2
9
14
4
9
4
5
7
2
4
20
13
9
9
7
7
5
11
4
13
5
4
10
6
4
0
7
7
9
11
3
4
7
4
7
9
7
2
6
6
6
11
15
13
5
13
10
9
9
11
9
11
7
2
5
5
4
7
7
7
2
7
11
11
6
11
7
7
5
10
6
4
2
5
4
2
9
5
6
10
6
13
4
2
8
11
4
7
6
4
6
4
6
4
2
9
9
10
5
8
3
2
6
4
11
9
7
4
6
5
6
7
7
5
13
9
6
5
4
13
4
7
9
7
7
11
7
2
5
9
9
14
2
5
9
9
7
9
5
11
2
9
5
5
2
7
17
9
7
2
7
2
6
7
7
8
9
7
11
6
10
11
11
4
2
2
5
4
4
6
7
4
7
5
8
4
11
4
4
64
4
7
5
5
7
7
6
11
13
4
6
5
6
4
4
6
4
13
9
6
6
4
6
7
4
2
7
4
11
7
4
7
4
2
4
9
2
9
5
9
2
4
6
6
7
9
7
3
9
5
7
15
14
9
9
14
11
7
6
8
6
6
8
10
6
9
6
8
6
9
6
8
4
8
16
8
6
6
10
6
8
9
8
6
8
6
8
8
5
6
8
9
8
6
8
6
4
2
2
8
7
5
8
6
5
6
5
10
6
8
8
6
2
6
4
6
6
6
8
8
6
8
8
6
6
6
6
6
6
5
6
4
8
8
4
7
8
6
4
12
12
6
8
8
6
5
8
8
6
6
10
9
8
6
4
5
6
4
10
5
10
6
6
4
6
6
6
4
2
0
19
4
9
2
6
20
2
16
4
4
2
0
23
0
0
4
2
15
0
15
0
0
2
0
25
2
17
4
0
22
6
15
2
9
2
2
16
2
13
0
14
0
0
0
6
2
8
4
21
0
13
2
0
36
2
19
4
18
4
4
0
0
4
0
2
2
2
2
2
0
13
2
10
0
17
0
0
0
0
17
0
17
0
4
2
0
17
0
16
0
19
2
14
0
0
14
0
17
0
14
0
12
2
0
2
0
15
4
5
2
4
0
0
0
13
6
2
17
0
13
0
4
15
2
17
0
21
0
11
2
25
2
15
0
2
17
0
16
0
15
2
2
17
0
2
0
19
0
2
4
2
0
0
17
0
19
0
18
0
9
21
4
6
4
19
6
2
17
0
21
0
21
4
0
2
2
4
2
13
11
1
0
11
13
0
23
13
7
2
23
7
4
0
19
13
6
2
15
2
2
13
9
2
4
19
9
2
19
15
0
2
2
15
11
4
9
15
2
13
11
0
2
13
15
2
1
17
5
2
4
19
17
5
17
13
17
3
19
21
7
2
25
13
3
3
3
11
3
4
4
13
4
6
13
9
0
4
21
11
4
2
17
11
2
2
17
17
13
0
23
13
7
0
3
15
4
4
23
11
27
1
1
23
15
5
13
13
7
11
11
13
25
2
13
23
25
3
17
27
15
3
13
11
21
5
5
11
15
4
13
15
15
2
2
21
15
7
7
9
7
5
0
5
17
2
7
23
15
29
15
40
13
4
5
7
17
13
4
11
9
19
17
4
15
15
0
4
19
17
4
1
4
11
17
9
2
19
9
5
4
11
23
2
4
23
17
2
4
17
13
23
3
3
23
9
7
3
11
21
19
0
3
13
19
2
1
19
13
4
6
5
19
6
7
19
21
13
2
21
17
2
6
4
15
15
0
3
9
17
2
2
19
25
3
1
21
13
2
4
15
13
2
3
15
15
11
4
5
15
9
3
2
13
15
5
7
11
15
3
5
11
19
7
2
11
13
7
2
7
15
0
0
33
11
11
2
5
15
19
5
4
25
11
2
2
2
7
3
5
13
4
5
2
6
4
4
5
2
4
5
2
4
3
2
4
3
5
1
4
5
7
4
4
4
0
2
3
7
2
2
4
4
21
5
0
4
3
4
6
4
4
5
5
4
6
4
4
4
2
0
2
2
2
4
2
4
3
2
2
7
17
2
15
2
4
4
13
2
4
4
9
2
0
4
9
2
0
4
3
4
11
5
6
4
2
2
4
7
3
7
2
2
5
5
3
4
7
2
7
5
4
2
2
5
17
13
5
1
4
2
0
5
2
1
2
6
4
2
5
15
4
2
4
2
5
5
4
2
2
2
5
6
3
5
15
4
0
7
6
2
4
3
5
2
5
5
2
5
4
5
17
3
2
4
7
5
2
2
0
2
15
2
6
4
4
3
4
2
4
4
4
4
7
2
5
7
2
0
4
19
13
4
2
6
4
2
6
11
5
15
4
5
3
9
4
9
2
7
0
2
4
0
4
13
5
2
2
4
4
7
3
4
3
13
2
15
0
5
7
2
0
6
4
0
2
6
0
5
13
4
7
6
2
3
3
6
4
2
13
4
2
2
7
2
6
3
0
4
6
7
7
7
7
7
6
4
3
2
7
2
3
2
4
0
4
2
3
2
13
4
4
5
7
4
6
4
2
2
5
15
6
4
2
2
0
0
0
4
2
2
2
2
0
0
0
0
0
2
0
2
2
2
0
0
2
2
0
2
2
2
4
0
2
2
0
2
2
4
23
2
4
0
0
2
0
2
2
0
4
0
0
2
2
0
4
4
2
2
2
0
4
2
2
4
0
2
0
4
0
2
4
0
2
2
2
0
4
0
2
2
2
0
0
2
0
2
4
2
6
4
2
4
2
6
0
0
2
2
6
2
2
0
2
2
0
2
4
4
4
2
0
0
0
0
4
4
0
4
0
0
0
4
2
2
4
2
2
4
0
0
4
0
0
4
2
0
2
6
2
0
2
2
2
6
0
0
0
2
0
6
0
4
0
2
6
2
4
0
2
0
0
2
4
6
2
0
2
2
2
2
2
0
0
0
0
0
0
2
0
0
2
4
2
4
2
0
2
4
0
0
2
0
0
2
2
2
0
2
0
2
0
2
0
4
2
0
0
4
0
0
0
2
0
2
2
4
2
0
0
2
2
0
0
2
0
2
6
0
2
0
0
6
2
0
0
0
2
2
0
2
2
31
2
0
0
2
0
0
0
0
2
2
0
0
2
2
0
2
0
0
4
2
2
0
0
0
2
0
2
2
0
0
2
0
2
2
4
4
2
0
2
2
0
2
4
2
0
2
0
2
0
2
2
2
4
7
0
0
0
4
8
12
2
0
2
2
2
0
4
2
0
2
2
2
0
2
2
0
0
0
6
2
7
2
2
2
2
2
2
2
2
2
2
0
0
6
4
0
0
0
2
2
0
2
4
4
4
4
2
0
10
2
0
2
4
9
0
0
2
0
2
0
2
2
0
4
2
4
0
2
2
0
2
0
0
0
18
2
2
2
2
2
2
0
2
6
2
2
0
2
2
2
4
0
2
4
2
0
13
4
0
0
2
0
2
4
0
2
2
2
0
2
2
2
4
2
4
0
2
2
7
4
0
2
2
2
4
2
0
0
0
2
2
2
0
2
0
4
4
4
4
0
0
2
0
4
0
2
2
2
0
2
2
2
12
2
2
2
4
2
2
2
0
2
2
2
2
2
0
0
2
0
2
2
0
4
0
2
16
2
2
2
2
2
2
2
4
2
2
0
0
0
0
4
19
4
2
2
0
2
2
4
4
2
2
2
2
2
2
0
2
0
0
2
11
0
2
0
2
2
11
4
4
2
2
2
2
2
0
4
2
0
2
4
2
6
4
4
4
0
0
4
4
2
2
2
0
0
2
2
0
0
0
4
2
4
0
0
0
2
0
4
2
2
4
4
4
0
4
0
2
0
4
0
2
0
0
4
22
28
16
49
21
28
24
15
42
32
13
11
20
13
21
16
15
15
13
15
26
28
22
40
26
27
19
38
30
25
17
13
17
44
15
15
15
76
38
37
7
17
19
46
13
18
20
53
20
44
27
9
24
38
17
15
21
5
7
32
25
17
22
36
9
25
13
20
17
15
18
19
13
22
19
30
28
15
9
32
26
15
20
32
9
16
20
13
13
15
15
15
30
19
13
11
16
21
26
7
24
15
27
20
39
20
15
23
26
11
32
21
24
15
15
38
20
13
15
24
18
11
18
9
12
26
21
34
24
33
9
18
15
24
21
15
38
20
13
28
14
20
13
15
13
15
15
13
32
19
32
18
17
38
37
17
34
44
11
15
21
7
40
11
15
17
22
15
11
13
15
18
17
42
11
27
17
21
23
7
47
13
30
38
14
9
20
19
23
25
17
40
12
19
31
37
20
32
17
28
38
26
24
11
29
19
39
41
43
21
28
22
11
16
29
34
16
46
36
21
40
7
51
32
22
22
28
20
36
30
11
25
28
15
32
21
26
39
47
41
16
17
13
15
22
13
36
13
11
32
24
22
20
27
9
13
19
5
33
15
21
26
17
22
26
35
22
15
13
28
25
30
11
21
7
25
24
7
22
9
22
19
32
32
9
24
22
20
11
22
7
12
5
20
11
11
7
17
17
9
20
14
6
19
17
16
13
17
9
17
10
35
22
13
9
19
9
8
7
16
17
9
6
6
13
9
20
13
4
13
13
16
9
19
11
19
9
17
8
28
20
20
6
35
15
24
22
28
9
15
11
44
37
18
13
26
17
16
20
47
26
11
11
17
23
19
38
11
19
8
9
11
15
6
8
7
23
15
29
15
22
11
9
15
32
7
9
7
26
47
7
11
7
57
34
11
15
11
44
13
13
9
33
32
11
33
8
9
16
11
13
22
15
6
11
24
6
15
13
26
7
7
13
39
8
10
43
16
21
9
17
33
9
11
13
11
19
11
18
7
7
6
4
6
17
17
8
9
4
7
34
7
15
28
22
26
7
28
21
15
35
13
44
27
22
15
27
9
18
33
33
15
13
15
55
23
31
6
33
45
29
30
33
24
29
27
40
33
17
24
31
56
13
20
23
15
61
43
36
11
25
17
72
53
25
33
32
28
24
19
26
13
23
13
29
14
7
16
26
27
16
24
26
19
20
30
24
11
19
21
17
7
26
25
20
22
22
19
24
42
30
9
11
2
9
11
11
9
8
15
7
9
6
11
7
11
11
23
6
16
43
2
9
8
9
7
6
4
6
26
8
7
10
8
43
9
0
2
2
4
2
0
2
4
2
2
2
0
2
2
0
2
0
2
2
2
2
2
2
2
0
6
4
0
2
2
0
2
2
0
2
2
2
4
0
2
4
2
0
0
0
0
0
0
2
4
4
2
0
6
2
0
4
0
2
2
2
2
0
0
4
4
4
2
2
0
0
4
2
0
0
0
2
2
6
2
0
0
2
4
0
4
0
4
2
0
4
0
2
4
0
2
0
4
2
2
2
2
4
2
0
0
4
2
0
2
0
2
6
6
2
0
2
2
2
6
4
0
2
0
4
2
2
0
2
0
0
2
4
0
0
0
0
0
0
2
0
0
0
0
2
2
0
2
0
2
0
0
0
2
0
2
4
2
2
4
0
0
2
0
0
0
2
0
0
0
4
2
6
2
4
0
2
2
2
0
2
4
4
0
4
0
4
0
2
0
0
4
2
0
4
4
2
4
2
0
2
0
2
2
4
0
6
4
0
2
0
4
2
0
6
0
2
2
2
4
0
0
4
0
4
0
4
0
2
0
6
4
2
2
4
0
2
0
0
2
4
4
2
0
0
4
4
0
4
2
2
0
0
0
0
0
2
4
2
0
0
0
2
0
0
0
2
0
0
0
4
2
2
4
0
2
2
2
0
4
6
2
2
4
4
2
2
4
