4
2
2
13
2
0
2
2
7
8
2
8
2
6
4
2
2
2
2
0
4
2
15
2
4
4
2
0
3
2
22
2
2
4
5
4
2
4
4
4
2
13
2
2
2
4
2
30
2
2
0
4
6
2
2
0
2
7
16
4
2
2
2
15
10
3
4
4
9
2
2
4
5
4
3
4
22
4
3
4
6
0
13
0
2
2
4
5
2
4
2
6
0
0
0
0
0
2
0
0
0
12
0
0
2
7
0
0
2
0
2
2
0
0
2
4
44
64
4
0
0
8
0
47
11
0
6
5
0
0
4
4
0
2
64
4
8
2
4
8
0
2
2
6
0
0
4
0
0
4
7
0
2
4
0
4
0
2
0
0
0
2
4
0
3
0
6
4
2
0
0
0
5
0
2
4
2
2
8
2
6
0
0
2
2
3
9
4
6
8
9
2
0
2
13
0
0
0
2
0
6
6
2
4
4
2
5
6
4
8
11
0
4
4
0
2
4
2
4
3
6
0
2
10
0
0
7
5
2
6
2
4
2
0
4
6
5
0
2
0
0
2
2
2
0
2
0
0
6
2
0
0
10
0
7
34
6
0
7
6
12
2
2
4
6
2
4
4
3
20
7
2
0
6
0
2
20
2
6
2
2
2
15
4
2
4
2
11
39
46
35
49
31
27
48
69
37
74
56
31
71
72
32
53
40
30
59
46
46
37
74
54
48
16
57
39
33
77
32
48
59
62
54
47
21
41
35
34
31
46
34
57
77
47
60
73
70
57
51
36
31
41
41
46
44
31
45
51
73
17
66
53
58
38
50
74
31
25
70
38
40
50
43
40
69
45
50
51
43
81
35
38
47
39
39
68
37
32
48
54
74
27
32
51
40
65
74
60
61
52
60
42
48
32
43
72
53
31
49
64
79
35
79
58
45
51
80
76
57
68
43
33
54
37
71
51
41
40
81
62
46
51
68
81
42
76
33
75
63
32
31
67
82
67
48
63
44
43
73
53
37
65
67
31
77
28
63
51
72
34
37
53
41
76
36
54
61
15
60
59
40
31
22
46
67
40
58
28
59
43
41
58
41
33
57
54
38
70
48
55
36
71
68
36
38
44
42
37
40
55
61
36
37
42
48
35
40
60
73
58
49
42
55
33
65
34
38
38
46
33
35
74
58
41
44
69
49
72
59
38
37
38
37
29
49
33
39
42
65
52
57
57
37
49
35
62
39
56
44
56
43
51
28
34
50
59
48
36
44
32
27
44
56
27
61
45
49
29
35
42
49
60
50
37
50
23
59
38
39
27
32
36
43
46
37
49
0
2
2
0
0
0
2
2
2
0
0
2
12
4
4
6
4
0
10
5
13
8
4
2
0
2
8
4
0
6
2
2
4
6
10
4
4
2
2
14
6
8
4
5
2
8
12
9
13
12
9
11
8
11
5
8
12
8
4
8
2
6
4
6
11
8
8
8
10
4
6
8
6
8
6
10
8
12
6
10
7
5
8
8
8
8
6
8
4
6
6
7
11
11
7
6
17
10
11
8
7
9
10
13
9
8
8
8
2
4
9
6
4
4
2
2
8
7
8
0
6
0
2
6
8
2
4
2
6
8
6
8
2
4
4
2
10
4
2
6
2
2
2
6
6
2
2
4
4
2
5
6
2
2
2
2
4
2
4
2
0
4
4
7
0
0
0
5
4
9
4
6
4
4
4
6
2
4
4
4
6
11
4
1
3
0
2
4
3
8
0
3
6
4
4
2
7
6
6
5
4
0
4
4
5
4
6
11
6
6
4
12
4
8
6
4
10
5
4
6
6
6
2
2
9
8
8
6
6
2
6
8
8
4
7
7
5
2
6
4
5
5
4
2
8
0
3
7
6
4
4
4
6
4
6
8
7
4
7
4
6
5
6
5
10
4
7
6
4
15
10
11
9
13
13
13
9
0
5
22
10
7
7
16
4
9
5
6
58
28
37
70
20
40
25
28
32
64
66
21
45
17
35
40
28
35
22
18
61
27
51
20
26
21
22
32
48
57
14
43
31
20
39
34
61
12
36
33
26
65
43
25
29
27
27
20
30
40
35
36
23
52
20
33
24
13
24
22
29
46
43
45
21
59
32
32
26
47
32
28
46
47
42
29
35
47
10
22
29
21
17
26
25
27
25
11
27
28
28
59
28
34
17
47
33
19
30
29
43
19
22
24
66
11
16
19
18
26
19
21
62
22
15
30
31
15
41
13
21
39
39
26
32
31
13
21
47
25
21
27
52
31
29
20
37
54
30
33
29
41
40
33
7
54
10
36
24
20
43
29
29
47
32
30
20
94
26
36
29
28
40
28
39
19
20
23
22
32
26
26
21
25
23
31
31
21
19
35
61
54
31
35
31
22
41
28
33
24
21
26
24
26
48
21
36
44
18
36
47
27
22
19
24
44
30
25
79
13
50
23
33
18
38
27
39
30
22
26
57
90
32
12
24
36
33
33
56
24
20
20
22
11
28
31
33
27
23
25
66
19
43
34
25
38
50
35
34
18
16
40
12
54
40
30
33
33
25
63
51
26
38
38
66
44
27
31
29
39
34
14
16
15
27
40
52
28
63
40
24
29
18
13
37
26
36
45
10
5
7
5
16
9
9
3
10
10
14
12
6
8
7
7
7
11
11
6
8
7
12
7
10
11
9
8
8
9
8
8
8
17
12
11
7
5
8
9
10
10
9
9
8
9
14
8
8
6
8
7
14
6
11
11
14
11
10
4
10
7
13
6
7
8
9
8
8
7
7
12
4
10
8
7
9
13
10
15
15
10
9
6
12
7
4
4
7
9
7
6
11
11
9
12
7
14
2
11
10
10
13
9
9
13
5
10
12
9
11
5
7
7
5
9
9
10
10
7
7
11
7
10
4
6
6
7
12
4
7
8
5
8
5
7
7
8
11
11
4
12
9
7
7
6
11
5
10
8
12
5
10
12
11
6
9
7
12
15
7
4
6
9
10
12
7
8
11
11
7
6
6
7
11
10
8
9
9
6
14
11
7
3
11
5
5
9
7
4
7
5
6
8
7
4
9
11
10
7
8
12
8
10
9
15
5
10
3
7
13
7
7
12
12
8
12
13
8
6
14
9
5
4
4
5
12
4
7
5
9
10
7
8
4
5
10
7
13
8
18
8
4
7
7
10
7
5
6
14
7
9
6
4
8
6
10
8
2
8
7
7
9
8
7
15
10
11
8
11
10
10
8
4
5
8
5
7
9
9
10
8
9
13
4
11
6
7
0
11
4
43
3
3
8
8
2
2
41
9
10
6
2
4
26
0
2
0
0
6
26
38
0
2
38
0
0
3
2
2
2
3
6
1
2
9
4
2
6
23
2
0
3
2
4
8
0
10
13
4
26
1
5
63
0
32
4
0
2
2
5
32
11
2
0
0
57
2
32
23
3
23
36
2
17
10
1
2
7
4
2
0
2
0
11
6
2
1
28
4
0
1
4
4
1
5
2
2
5
2
40
2
4
0
2
7
4
5
5
1
2
5
2
5
36
2
2
24
0
1
0
2
31
5
26
3
2
2
19
6
2
0
38
41
2
0
38
0
0
4
4
2
0
38
23
2
1
8
2
3
6
42
6
2
6
4
4
0
45
1
0
6
38
4
24
34
33
4
6
0
1
4
44
4
7
29
3
8
33
2
0
29
2
2
14
1
14
6
28
6
2
6
6
2
35
0
6
2
24
2
10
7
2
2
0
1
1
0
35
2
2
29
17
23
2
6
3
2
2
6
4
34
4
0
41
0
2
0
18
28
4
4
4
4
0
30
2
34
6
4
10
2
42
0
0
3
2
4
5
0
29
4
2
2
0
1
18
2
9
2
12
4
2
28
2
5
2
1
0
4
4
35
2
0
52
0
0
1
20
0
0
4
2
4
0
5
5
5
4
3
11
5
3
8
9
5
6
9
11
5
8
7
8
7
7
11
7
7
8
5
7
7
7
8
8
9
8
8
8
8
11
6
9
10
7
10
13
6
9
8
9
7
13
4
8
12
7
3
3
11
7
6
14
2
12
5
11
5
7
5
5
11
7
11
8
8
4
8
5
5
12
8
8
7
7
7
4
9
10
9
11
11
13
7
5
8
5
8
4
11
8
4
9
5
9
8
9
7
5
14
7
8
3
5
8
7
9
5
8
11
12
13
7
5
8
11
9
8
10
11
3
6
8
9
7
7
7
8
7
6
4
9
10
7
7
8
6
3
6
8
9
7
6
7
15
5
7
6
7
5
12
4
5
5
6
9
11
9
11
9
13
8
7
7
11
8
2
10
9
10
7
8
5
8
7
6
10
7
7
6
10
2
9
11
8
2
6
8
8
8
10
7
9
5
1
7
9
3
5
6
8
7
3
10
10
3
5
3
4
7
9
7
8
12
7
10
6
10
8
1
2
6
7
4
5
6
4
11
3
8
3
6
11
7
10
7
7
11
8
5
3
6
8
8
7
7
7
9
6
5
8
13
8
6
11
3
8
7
8
7
12
3
7
2
6
6
6
7
7
6
8
7
4
10
6
9
5
8
11
7
7
7
8
3
15
29
16
25
6
21
27
21
15
24
8
18
22
22
18
7
6
26
9
6
14
22
13
19
7
7
10
7
13
19
7
12
12
12
8
15
6
13
21
16
6
16
7
19
9
12
19
15
18
31
28
16
9
9
17
4
13
7
10
12
16
18
4
11
6
16
20
17
7
16
9
21
16
5
11
7
15
5
16
7
8
8
7
7
14
9
15
11
8
9
12
16
7
11
12
10
23
9
16
11
13
16
7
16
8
13
9
8
13
16
5
8
9
19
8
7
8
12
7
13
9
9
3
10
13
12
8
14
10
6
22
19
17
17
18
6
11
7
13
3
6
3
9
5
15
7
19
17
4
20
17
28
16
23
9
21
20
9
14
5
16
22
10
10
11
17
11
19
6
14
16
22
20
5
6
18
25
14
5
15
17
18
16
9
13
8
8
5
18
15
6
19
9
9
5
20
10
8
8
5
13
15
9
6
19
15
5
8
9
12
6
22
22
20
13
20
7
13
16
6
21
7
4
8
27
7
8
7
5
18
27
7
12
15
5
10
4
18
9
23
19
23
16
12
27
5
7
34
7
3
12
6
3
21
21
22
7
3
38
24
7
21
11
18
2
36
24
5
5
4
8
7
9
27
14
23
5
7
6
28
22
5
5
3
31
27
7
11
1
3
1
3
3
0
9
1
0
1
7
3
1
5
3
0
1
1
5
3
1
5
1
1
3
5
1
1
3
1
3
3
3
3
11
5
1
9
1
3
3
1
9
1
5
3
3
1
1
1
5
1
3
5
3
0
3
9
3
5
3
3
5
9
5
1
3
1
5
0
7
0
7
3
1
0
1
1
1
5
1
5
7
1
11
7
5
5
3
5
3
5
5
3
0
9
1
5
3
3
7
5
3
0
1
3
7
3
1
5
0
3
0
5
1
1
1
5
5
5
7
1
0
9
5
1
0
3
1
1
9
0
7
1
1
11
0
0
1
7
5
3
5
9
3
3
5
0
3
5
3
3
1
1
1
1
3
5
5
3
3
1
0
3
5
3
5
9
0
3
3
3
5
3
3
1
7
7
0
1
3
5
0
7
1
5
5
1
3
7
0
3
5
3
7
1
5
0
1
1
1
5
3
1
1
3
1
5
1
1
1
13
3
5
9
0
3
5
3
5
1
1
3
1
3
3
3
7
5
0
11
3
0
7
3
7
3
3
1
0
3
1
5
5
1
9
0
3
3
1
7
3
9
3
3
3
3
1
0
5
3
7
5
0
3
3
1
3
0
1
0
1
3
1
3
5
3
3
1
5
5
3
1
9
0
0
3
3
23
0
12
12
0
0
19
31
24
0
23
16
0
13
16
21
13
0
20
23
28
0
17
22
24
0
11
2
27
0
0
12
11
21
0
25
27
0
27
20
16
28
0
17
18
2
18
16
23
15
2
23
14
0
10
1
23
17
2
27
0
7
25
13
18
0
20
26
0
0
20
20
0
43
15
23
1
9
17
12
31
0
33
32
0
14
28
22
0
31
7
21
0
18
23
21
15
27
21
16
0
10
17
40
0
5
28
2
31
23
14
18
1
18
20
21
12
25
0
2
28
28
3
1
20
0
29
0
13
18
0
0
31
19
0
19
26
14
0
25
18
15
0
14
18
0
17
23
16
0
1
3
31
0
24
13
16
0
14
12
1
10
0
14
34
0
25
18
20
51
0
0
2
11
0
22
34
15
1
3
14
13
0
17
0
0
20
0
14
33
0
26
17
26
2
0
20
0
0
33
24
0
29
12
3
22
23
0
0
23
32
25
25
43
3
0
25
31
0
18
23
0
0
18
25
15
0
0
24
0
36
11
31
0
20
1
18
1
0
0
10
0
0
20
6
0
0
15
24
17
12
28
24
0
0
0
0
0
0
0
17
0
0
30
17
0
0
0
0
0
0
5
0
19
0
3
0
21
0
0
20
4
16
2
19
0
16
27
