1
0
9
0
0
0
0
0
0
2
0
2
5
0
3
2
0
0
1
2
0
0
2
0
0
0
2
2
0
0
2
0
3
0
2
0
4
3
0
2
0
2
2
0
0
2
3
0
0
5
5
3
0
1
0
0
1
1
0
0
0
2
2
0
2
2
8
1
2
0
2
2
0
0
0
2
1
2
0
0
0
0
2
3
0
2
3
2
2
1
0
0
1
2
0
0
1
2
4
2
2
2
3
3
0
2
0
1
0
2
0
0
3
2
0
2
0
0
0
0
2
3
0
1
1
0
0
3
0
2
0
0
0
2
2
0
3
0
4
0
2
0
0
0
2
0
1
3
2
0
2
0
0
1
0
3
0
3
0
0
0
3
0
3
0
0
1
2
1
2
0
0
2
0
2
11
0
2
2
0
1
0
2
0
2
1
0
1
2
2
0
0
2
2
1
0
6
2
0
0
2
1
1
0
2
0
2
1
0
0
2
0
0
5
4
0
0
0
0
3
3
0
2
0
1
0
0
0
0
2
2
2
0
0
0
0
2
2
2
0
0
0
3
0
0
2
0
0
2
0
2
1
0
1
0
0
2
0
0
1
6
1
2
2
2
2
0
0
0
0
0
2
4
2
0
1
0
0
0
0
0
0
1
0
0
0
0
3
4
0
2
6
4
4
0
0
0
4
2
2
2
4
2
2
6
0
4
0
2
0
0
4
4
2
2
2
2
2
0
0
0
1
6
0
2
2
6
2
2
4
4
2
0
2
4
2
0
4
0
2
2
0
0
2
4
2
2
0
2
2
2
2
0
0
2
0
4
0
0
0
2
0
2
2
2
0
2
2
0
4
0
2
8
6
0
0
4
2
0
0
0
4
2
4
0
2
0
0
2
6
2
2
0
1
6
2
0
4
2
2
0
0
2
0
0
4
2
0
0
0
2
2
4
4
0
2
2
2
0
2
0
0
4
2
0
2
0
4
2
2
2
8
4
2
2
0
0
0
0
2
2
2
2
4
0
0
0
0
2
2
2
0
2
2
2
4
0
4
2
4
4
0
2
4
4
2
2
1
0
0
4
0
0
2
0
3
2
0
2
0
0
2
2
0
2
0
0
2
0
2
6
4
2
2
4
2
2
0
0
4
0
6
4
4
2
4
0
0
0
0
4
59
2
1
0
4
6
0
3
2
0
4
2
2
0
0
0
0
2
4
0
0
4
4
2
4
2
0
4
2
4
6
2
0
2
0
2
2
2
1
2
4
2
2
2
2
2
2
4
4
2
0
2
2
0
2
6
2
4
4
2
2
0
0
0
2
0
0
2
4
2
0
0
0
10
2
2
2
0
4
4
2
2
0
4
0
2
6
2
2
2
0
2
6
2
0
0
2
0
0
0
4
4
0
4
0
0
2
0
2
0
0
0
0
2
0
0
2
2
0
0
0
0
4
2
2
2
0
4
0
4
0
2
0
2
2
0
0
0
2
0
2
2
2
0
0
4
2
4
0
0
4
2
0
2
2
2
2
2
0
0
4
0
0
0
2
4
2
0
0
2
2
2
4
0
0
4
2
2
2
2
2
2
4
4
0
0
4
2
0
0
0
0
0
0
0
2
2
4
0
2
2
0
0
2
2
2
4
2
0
0
4
0
2
0
2
2
4
2
4
2
0
8
0
2
0
0
0
2
0
2
2
4
0
4
4
2
6
2
2
4
2
0
0
0
0
2
0
2
2
2
0
0
0
2
2
0
0
0
4
4
2
2
0
0
2
2
2
2
6
0
0
2
6
0
8
0
0
4
2
4
4
2
2
0
2
0
0
0
0
2
2
2
0
2
0
0
0
2
4
2
0
0
2
2
2
2
0
2
0
2
0
0
2
2
0
0
0
0
0
2
0
0
2
6
0
2
0
4
2
2
0
2
2
0
0
2
0
0
2
0
2
0
0
2
2
0
0
0
0
2
0
0
2
6
6
13
19
27
32
19
51
25
7
6
5
29
6
33
16
4
36
24
9
22
31
8
9
10
21
40
17
9
7
7
45
60
6
6
21
26
37
19
5
16
5
61
4
8
6
30
40
33
21
23
17
7
49
13
38
4
2
5
40
4
32
32
47
7
37
54
10
5
9
29
29
34
18
43
20
27
39
36
21
6
35
27
30
45
15
29
41
5
12
39
16
4
56
42
28
10
36
48
34
73
14
8
27
25
58
7
25
14
10
35
30
9
22
17
36
20
33
9
37
12
3
8
28
13
51
31
35
2
2
46
33
10
43
40
17
4
38
32
42
73
9
25
43
26
22
22
5
35
31
32
33
2
6
3
12
67
24
37
10
50
8
37
7
16
8
29
47
7
70
43
32
2
33
2
7
27
73
35
40
3
25
5
30
6
40
33
9
20
7
29
53
37
22
5
32
32
32
81
45
12
34
76
37
6
38
10
36
39
58
27
14
22
38
39
53
40
2
6
24
4
34
8
33
28
40
44
22
17
42
54
12
74
27
5
6
18
7
24
5
40
65
62
31
60
4
17
5
5
31
21
58
30
22
38
27
3
50
7
40
38
32
19
6
8
24
12
38
6
8
8
29
40
8
47
6
6
45
5
19
6
6
7
16
52
8
35
28
4
10
4
4
6
4
4
0
2
6
4
2
2
4
2
4
6
8
2
2
6
4
2
8
2
4
4
6
0
8
6
0
2
4
6
4
0
2
2
2
2
0
0
2
4
2
2
2
4
4
4
2
6
2
4
0
4
2
2
4
0
2
0
4
4
2
0
6
4
2
0
4
4
0
4
6
4
4
4
4
2
2
2
2
4
4
6
6
0
4
6
6
2
2
8
2
4
2
4
6
6
4
2
6
4
6
0
4
2
4
2
6
2
4
8
4
2
6
8
4
6
0
2
2
6
4
6
2
4
4
0
4
8
2
0
2
2
6
4
2
4
4
4
4
0
6
4
4
0
8
2
0
2
2
6
2
6
6
2
0
8
6
6
4
0
0
0
0
2
2
4
4
2
0
2
4
2
6
0
0
2
2
2
8
0
0
2
0
0
2
6
0
4
4
6
4
0
6
2
0
0
2
2
4
2
6
4
0
4
4
4
4
4
4
2
2
2
0
2
0
4
4
2
6
6
4
0
6
4
0
0
0
0
6
6
4
4
0
4
6
4
2
2
2
8
4
2
2
2
6
2
4
0
2
4
6
8
2
0
6
6
2
6
2
2
2
2
0
6
4
4
4
2
2
2
2
6
4
4
4
0
0
4
0
6
4
2
4
2
2
0
2
4
2
2
4
2
0
0
4
2
2
0
0
6
2
0
0
6
6
2
4
4
4
0
2
2
0
0
4
6
4
0
2
2
0
0
4
0
2
0
2
2
2
2
0
0
2
0
0
0
0
4
0
2
2
2
2
0
4
4
4
0
2
4
2
0
2
2
4
4
4
2
2
0
2
0
0
0
6
2
2
2
2
0
0
0
0
0
2
2
4
0
2
2
4
2
0
0
2
2
2
0
0
2
2
4
0
2
4
0
2
0
2
2
2
0
2
0
2
0
2
2
4
2
0
0
0
0
6
4
0
0
4
4
4
0
0
0
2
0
4
2
0
2
0
2
2
2
4
0
0
4
0
0
4
0
8
4
4
2
2
2
0
2
0
0
0
2
2
2
2
2
0
2
0
0
0
0
2
0
6
4
2
0
0
0
0
4
0
0
2
2
4
2
2
2
0
2
2
0
0
0
2
0
4
0
0
4
4
0
2
2
2
0
0
0
2
0
4
0
0
0
2
0
4
2
0
2
4
0
2
0
2
2
2
4
0
4
2
4
4
2
2
2
2
3
2
4
2
2
0
6
8
4
4
4
4
2
4
2
4
2
4
2
4
4
6
2
4
2
2
0
2
0
4
2
6
4
4
2
0
0
23
24
4
0
0
4
0
0
2
2
0
0
0
4
2
0
2
0
2
4
0
0
2
4
2
0
2
0
2
2
2
2
4
4
2
2
2
2
2
2
2
2
2
0
4
2
2
2
0
2
8
0
0
2
2
2
0
2
4
2
6
2
2
2
0
0
4
2
0
2
12
2
2
4
2
2
4
2
0
2
4
4
0
2
2
2
2
0
2
2
2
6
2
2
8
2
2
6
2
8
2
0
0
2
2
2
4
2
2
2
2
0
2
4
2
8
4
2
2
2
2
2
2
0
2
2
0
0
0
2
0
0
2
0
2
2
2
2
0
2
0
4
6
4
2
2
2
2
4
4
2
4
2
2
0
0
2
4
2
4
0
2
0
2
2
2
4
2
0
2
2
6
2
2
0
2
0
2
4
4
2
2
2
6
4
2
2
0
2
0
4
2
0
2
0
0
0
4
2
0
2
0
2
2
0
2
2
2
0
0
0
0
2
4
0
0
0
2
2
4
0
2
0
0
4
2
0
2
2
2
2
0
4
0
2
0
2
0
0
0
0
0
0
0
0
0
0
2
4
4
2
2
0
4
2
0
0
4
0
0
0
0
2
2
0
2
0
0
0
0
2
0
4
0
0
0
2
0
0
0
0
0
2
2
4
0
0
2
2
0
0
13
23
13
15
18
19
13
21
30
22
13
19
22
18
13
17
25
11
11
22
8
7
17
11
21
25
12
22
11
17
17
17
13
15
13
7
21
9
22
33
19
24
24
26
25
13
19
21
27
17
18
30
19
11
24
11
19
13
21
23
24
21
15
11
21
15
17
27
24
30
24
27
17
19
21
21
42
24
22
32
28
19
15
19
19
15
13
17
15
23
18
19
19
19
19
18
20
19
34
23
26
17
24
18
13
11
18
11
21
17
26
11
23
17
20
26
20
24
20
18
15
23
21
12
24
24
30
26
67
24
22
25
16
28
19
22
19
19
31
27
26
22
26
25
17
13
24
19
25
22
26
15
20
30
34
33
22
20
23
33
28
22
20
42
15
15
28
18
14
19
21
26
51
29
15
23
23
32
21
13
11
43
11
9
7
6
11
2
4
9
7
7
9
15
7
13
11
9
11
9
7
14
11
9
7
12
19
11
4
4
6
9
8
6
8
11
4
11
15
11
9
6
9
13
6
11
11
4
4
6
8
8
10
17
10
12
13
13
6
11
10
21
6
7
7
4
4
6
6
10
8
6
12
17
8
9
12
12
4
8
6
2
8
9
6
8
11
11
11
10
13
10
15
10
4
15
8
6
11
9
6
9
22
11
21
10
6
13
0
0
0
0
2
1
2
0
0
0
0
0
2
3
9
5
7
3
8
2
1
6
2
1
0
1
0
2
1
0
2
1
0
0
0
3
0
2
2
0
1
0
0
0
1
0
0
0
0
3
0
0
0
0
0
2
0
2
0
0
0
0
1
1
0
2
0
1
1
0
3
0
0
0
2
0
0
0
0
0
0
3
1
0
0
0
1
0
0
0
0
0
0
1
0
0
6
10
1
0
1
0
0
2
0
0
0
1
0
2
2
0
0
0
0
0
0
0
0
5
21
2
0
0
0
2
0
2
0
0
0
0
2
1
2
0
1
1
1
0
0
6
9
0
4
0
0
0
1
1
10
2
1
1
0
0
0
2
0
0
0
1
0
1
3
0
1
0
2
0
0
1
1
2
5
1
0
0
0
2
1
4
3
0
1
0
1
1
2
6
2
0
7
0
1
6
0
0
4
0
1
0
12
13
7
15
7
8
11
8
14
11
13
10
18
7
15
16
25
7
16
12
21
1
0
1
0
1
1
0
1
1
1
0
1
0
1
1
0
0
1
13
8
20
10
0
0
1
6
7
13
0
0
3
0
0
0
1
0
0
0
1
0
1
0
0
1
1
1
0
1
3
1
1
0
1
2
0
0
3
0
0
0
1
0
0
0
0
7
3
22
5
3
5
3
3
6
14
9
17
10
10
12
1
3
5
3
19
3
3
1
0
3
1
3
11
5
6
1
3
5
1
3
4
3
8
3
7
4
3
5
1
1
1
1
3
1
3
3
3
5
1
3
3
5
7
1
1
3
1
3
7
5
5
1
3
3
3
3
1
3
1
5
1
3
3
3
1
6
4
7
5
3
6
1
1
1
7
0
5
3
0
3
5
1
3
6
1
4
8
3
7
38
8
7
37
19
8
1
3
5
1
5
3
5
5
3
2
3
6
5
8
1
3
4
3
3
2
3
5
5
3
1
1
1
3
1
5
1
1
3
5
3
3
3
1
7
6
5
1
1
3
3
3
3
5
1
3
5
3
4
7
1
3
7
6
3
3
3
1
6
3
3
4
5
1
2
4
4
3
3
1
5
3
5
7
5
4
1
4
3
4
3
4
5
5
1
5
3
4
3
5
3
5
4
3
1
13
7
1
5
7
6
3
1
3
7
5
3
3
5
5
5
5
3
3
5
3
1
5
7
7
4
1
3
7
4
1
3
39
3
3
6
4
3
4
3
9
1
5
6
5
8
5
1
1
5
5
7
3
5
3
7
1
5
5
3
5
3
3
8
5
1
5
3
1
3
5
7
5
1
5
3
3
3
3
