1
0
23
92
32
2
21
1
0
17
0
9
4
40
0
2
4
12
0
61
0
0
0
0
0
0
0
38
87
92
0
0
0
0
0
0
0
0
92
67
72
0
0
0
0
0
0
0
0
0
77
78
86
0
2
0
0
0
0
0
0
0
0
13
31
7
27
2
2
32
16
4
37
30
2
0
0
19
69
62
0
35
55
0
73
0
2
0
0
81
60
2
0
15
86
0
0
0
6
44
40
2
6
84
41
0
0
0
0
0
0
69
30
14
86
80
67
65
2
0
0
0
0
5
0
0
4
70
38
0
0
8
2
2
0
0
0
0
0
4
0
2
0
7
21
0
2
2
0
21
2
36
0
41
0
0
33
9
0
0
0
40
27
51
2
2
2
0
2
2
0
65
0
38
0
0
0
94
58
11
0
43
0
0
0
25
30
90
0
34
42
0
28
86
0
57
0
46
2
54
7
2
2
3
2
2
36
17
75
0
2
11
43
11
79
0
71
0
0
2
95
33
52
40
2
76
0
0
0
0
2
10
0
28
84
78
0
0
0
0
0
0
96
77
49
0
0
0
0
0
0
0
0
0
4
71
81
0
0
2
0
0
0
0
0
0
0
52
46
0
0
0
0
0
0
0
0
0
60
94
63
0
0
0
0
0
0
0
6
0
4
4
5
2
2
3
7
3
9
7
5
0
4
6
4
2
4
3
2
4
4
5
9
2
4
4
4
2
2
3
2
2
3
3
5
5
2
4
2
2
4
5
8
7
2
2
2
4
2
2
4
2
5
4
2
4
2
2
9
2
2
7
3
4
4
2
4
8
8
2
2
4
4
3
2
2
3
0
3
5
2
2
4
2
4
4
2
4
4
2
3
0
6
6
4
2
2
4
2
4
6
2
2
4
7
6
2
4
5
3
5
4
2
2
2
2
2
3
4
4
8
2
4
4
2
2
4
2
2
4
4
0
3
3
2
4
4
2
2
2
4
4
2
5
2
2
4
3
3
3
4
2
4
3
3
6
2
2
2
7
7
4
6
2
3
7
5
5
2
4
4
9
2
2
5
4
4
5
8
2
5
2
5
3
2
0
5
2
3
4
4
0
2
5
4
4
1
2
4
4
4
2
2
4
4
5
7
3
5
4
2
4
4
2
4
7
2
5
3
4
2
2
4
2
0
5
9
5
5
4
4
3
3
3
4
3
2
2
2
7
7
2
3
2
4
2
2
2
2
5
3
7
2
2
4
7
0
2
2
4
2
2
4
2
4
5
2
4
3
5
2
4
5
4
5
4
5
4
3
4
2
2
2
6
7
2
11
7
17
9
15
19
5
15
15
11
5
15
11
7
5
7
7
11
9
9
13
9
19
11
15
21
13
17
11
11
9
7
3
4
5
9
11
15
7
7
13
15
7
13
11
13
5
7
3
21
11
15
9
3
13
3
11
21
3
9
13
7
2
5
3
9
7
15
4
7
7
13
9
7
7
9
9
3
13
7
9
5
11
5
11
15
9
7
15
3
9
7
17
5
13
9
11
13
7
3
2
9
14
5
5
11
7
17
15
11
4
9
3
15
11
7
15
11
13
9
25
11
11
13
2
7
7
15
7
7
7
11
5
5
7
15
13
7
5
13
15
2
9
17
9
23
25
11
13
7
5
9
23
7
5
7
5
15
29
21
9
21
13
13
13
13
7
13
11
17
9
15
13
41
9
27
13
7
13
11
2
7
11
9
11
15
9
3
7
13
15
11
19
13
15
9
15
15
23
7
13
17
13
29
11
11
7
5
13
7
23
15
23
9
17
7
11
5
9
9
19
7
3
7
13
15
9
11
15
80
7
27
11
13
2
5
3
3
3
13
7
11
11
11
5
7
9
11
3
21
3
5
3
5
5
9
7
5
2
7
5
0
5
3
3
5
4
2
2
0
3
0
4
3
3
3
5
0
3
2
1
3
7
5
2
7
0
1
0
5
0
0
2
0
0
0
0
0
2
3
3
0
0
2
1
2
0
2
3
2
0
3
3
0
2
0
0
0
0
0
2
0
0
3
2
2
0
1
2
0
2
2
2
2
0
0
0
2
0
2
0
2
1
0
0
0
2
4
2
3
0
0
0
5
2
0
3
2
2
2
0
2
0
0
0
2
2
2
1
2
0
0
3
3
0
0
0
0
0
2
2
3
2
0
0
3
0
2
0
2
0
2
0
3
0
3
1
2
0
5
0
2
0
2
2
2
2
0
0
0
0
2
0
0
0
0
2
2
0
2
0
3
1
2
2
2
0
0
0
0
0
3
0
2
0
2
2
0
0
0
0
2
0
0
0
0
0
0
0
7
0
2
2
2
1
0
2
2
1
0
7
0
0
2
0
0
0
0
2
2
2
0
0
0
0
2
3
0
0
0
2
0
0
2
0
0
0
2
0
0
0
0
3
0
0
2
2
0
2
2
0
0
0
0
0
1
3
2
2
0
0
1
0
5
3
2
0
0
2
0
0
0
0
0
2
2
2
2
2
2
0
2
3
0
0
7
2
0
3
2
3
0
2
0
2
0
0
0
3
2
1
5
2
2
0
0
3
3
2
3
2
0
5
2
0
1
3
0
2
2
2
2
0
0
3
2
2
4
6
6
2
0
2
3
6
2
4
2
6
3
1
3
4
5
3
7
6
0
5
4
3
3
5
5
3
2
11
3
6
3
3
1
5
5
0
5
3
2
2
4
3
4
5
6
4
3
2
0
2
5
2
4
3
3
6
4
2
5
3
4
5
2
7
3
4
2
4
2
5
4
6
6
5
11
31
11
12
4
6
6
7
10
7
3
4
2
3
4
4
0
3
1
3
3
6
5
7
0
3
6
4
4
3
0
5
5
1
4
2
6
1
4
7
3
2
5
1
1
1
5
4
3
11
5
3
7
2
7
4
4
6
3
5
3
5
7
2
5
5
4
3
2
6
5
4
3
1
3
1
2
3
2
3
3
1
2
2
4
4
6
6
1
5
2
3
4
4
4
1
2
3
3
2
4
5
5
3
1
14
14
4
11
11
4
1
2
1
7
11
0
4
4
3
6
2
6
3
3
4
1
4
4
2
0
2
4
5
5
3
4
1
3
2
1
7
7
1
6
3
4
6
3
6
1
1
4
6
5
3
6
2
4
8
6
6
0
3
4
14
2
1
0
7
4
9
2
5
2
75
7
27
14
23
6
11
8
8
9
1
3
4
4
4
4
3
3
5
6
2
9
14
3
3
1
3
1
3
4
4
3
2
5
4
4
0
2
6
0
4
2
2
2
4
2
4
0
0
0
0
0
2
2
4
0
2
2
2
0
2
2
4
0
0
2
2
2
4
2
0
0
0
2
0
4
0
0
2
4
2
2
2
0
2
4
0
0
2
0
0
0
4
2
2
2
2
4
6
2
2
0
0
0
2
2
2
0
4
2
0
4
4
2
4
0
4
4
0
2
0
4
0
2
2
0
4
4
0
0
2
0
2
2
0
2
2
0
0
2
2
0
2
0
4
0
2
0
4
2
4
2
0
4
4
2
2
0
0
4
0
0
4
2
2
4
4
2
0
0
2
4
0
4
4
2
2
0
2
2
4
0
0
4
4
4
0
2
2
4
2
0
4
0
2
4
2
0
0
4
0
2
4
0
2
4
0
0
2
2
0
0
0
4
4
0
0
2
0
0
4
2
0
4
2
2
2
0
2
0
0
0
4
4
4
2
2
0
0
0
0
2
4
0
4
0
0
0
2
2
2
2
0
0
2
2
4
0
4
4
2
0
2
2
0
0
2
0
0
0
2
0
0
2
0
0
2
4
2
2
4
4
0
4
2
0
2
2
0
2
0
2
0
2
0
0
2
6
2
0
0
2
4
2
4
2
0
2
2
2
4
2
6
2
0
0
2
2
2
2
2
2
0
0
2
2
2
1
2
2
1
1
2
1
1
2
2
2
2
2
1
2
1
2
1
1
2
2
1
2
1
1
2
1
1
2
2
1
2
1
1
2
1
1
1
2
1
2
1
2
2
1
1
2
2
2
1
1
2
2
2
1
1
1
2
2
2
2
2
1
1
1
1
2
1
2
2
2
2
1
2
2
1
1
2
2
1
2
1
1
2
1
2
2
2
1
2
1
2
2
1
1
2
1
1
2
2
2
2
1
1
1
2
1
1
1
2
2
1
2
1
1
1
1
1
2
1
2
1
1
1
1
2
1
1
2
1
1
1
1
2
1
2
1
1
2
2
2
2
2
1
1
1
1
2
2
1
2
2
1
2
1
2
1
2
1
2
1
2
2
1
1
2
1
2
2
2
1
2
1
2
1
1
1
1
1
1
2
1
2
1
2
1
1
2
1
2
2
2
1
1
1
2
1
1
2
1
1
2
2
1
2
1
1
1
1
1
2
2
2
1
2
2
2
1
1
2
2
1
2
1
1
1
1
1
1
2
1
1
1
2
2
1
2
2
1
1
2
1
1
1
2
1
1
2
2
2
2
1
2
1
2
2
1
2
1
1
1
1
2
1
2
2
1
1
2
2
1
2
2
2
1
2
2
2
2
2
2
1
2
1
1
17
24
25
27
20
29
30
21
23
16
21
29
17
14
22
28
19
23
19
16
44
14
36
41
15
29
15
23
35
26
30
21
26
27
39
18
16
25
18
22
31
22
27
22
20
21
19
32
26
30
41
25
23
17
26
19
20
14
15
20
21
36
30
22
10
32
15
16
24
22
16
27
30
30
20
25
41
30
11
26
22
26
35
34
20
26
9
27
21
16
38
32
49
26
25
17
15
17
22
23
20
19
21
18
17
17
30
18
24
22
13
30
10
23
35
19
27
24
28
23
24
35
24
13
20
30
26
22
19
36
19
34
26
23
17
14
19
22
29
26
26
20
27
15
17
28
20
33
22
22
25
56
15
21
19
26
23
27
30
25
27
31
23
22
36
32
28
35
24
25
38
52
34
25
28
27
30
15
28
54
50
25
25
27
25
36
30
24
58
24
20
21
44
24
23
24
26
21
17
44
15
17
23
44
15
20
17
25
22
19
20
22
14
37
24
20
21
18
35
21
35
22
22
22
24
23
21
16
25
28
24
19
30
30
34
46
18
17
27
24
16
25
30
44
7
68
17
54
16
18
17
24
24
31
30
26
24
27
30
28
28
32
26
23
19
19
56
42
18
12
21
19
35
17
16
31
20
42
23
35
15
24
19
27
24
17
25
33
2
0
2
0
4
0
2
2
4
2
8
4
2
2
6
4
6
2
0
0
8
2
4
0
0
2
4
2
2
2
4
2
2
4
0
4
6
2
8
2
6
14
4
2
2
0
0
6
2
2
18
10
12
4
2
6
16
8
6
4
12
10
2
6
10
4
8
6
0
0
0
2
0
2
0
2
2
0
2
6
2
8
2
2
2
2
2
2
14
0
4
6
2
4
4
4
2
4
2
8
4
6
0
2
0
2
0
4
2
2
2
6
4
0
6
8
6
2
2
4
6
4
2
4
6
4
8
4
2
0
4
0
0
0
2
2
4
2
4
4
4
4
6
2
0
0
6
6
4
0
2
0
0
0
2
4
0
0
2
6
4
2
2
2
4
8
10
2
4
2
2
4
8
0
0
0
2
0
0
2
2
2
0
2
0
4
6
2
6
0
2
2
2
4
4
4
4
4
4
2
4
4
6
4
4
2
6
2
0
4
2
0
2
2
2
4
4
2
4
0
2
2
2
4
4
2
4
0
0
0
8
4
10
4
4
2
6
2
2
6
0
2
2
2
8
2
4
4
2
2
0
0
0
0
2
2
6
2
2
2
2
0
0
2
0
4
0
0
0
2
2
2
4
4
2
4
4
2
4
0
0
2
0
2
4
2
4
0
4
0
0
2
0
0
0
0
2
2
4
2
0
2
2
0
2
0
2
2
2
0
2
0
4
0
0
6
0
0
0
0
2
0
0
0
0
0
0
0
0
0
0
0
0
0
0
2
0
2
0
4
0
2
0
4
0
2
5
2
2
0
2
2
2
3
0
0
7
3
0
4
0
4
2
2
0
2
0
2
4
2
2
2
0
0
2
2
0
2
0
0
2
0
0
0
0
2
0
0
2
2
4
0
0
4
2
0
6
2
2
0
2
4
0
0
0
4
2
0
2
3
0
0
2
1
2
4
2
0
0
0
2
0
2
0
2
4
0
2
2
2
0
5
2
4
0
0
2
3
0
2
2
2
2
2
0
0
0
4
0
2
0
2
2
0
0
0
4
0
0
0
2
0
2
2
2
4
6
0
0
2
2
2
2
0
3
2
2
2
3
0
4
0
2
4
0
0
0
2
0
2
2
0
0
2
0
0
0
0
4
0
0
2
2
0
0
0
2
0
0
2
0
0
2
2
2
0
0
0
0
6
2
2
0
2
2
0
1
1
2
0
0
0
0
0
0
0
1
0
0
0
2
1
1
1
0
2
0
1
1
1
1
1
1
0
0
2
0
6
1
1
1
1
0
0
0
3
1
2
2
2
3
0
2
0
2
2
