38
35
38
35
35
39
33
33
36
39
37
33
35
39
39
39
38
37
35
38
37
37
38
39
33
37
39
40
34
38
35
34
36
38
37
35
40
38
38
38
38
35
39
38
39
37
39
32
39
37
39
35
26
32
39
39
37
33
38
32
36
39
39
35
33
25
32
29
35
39
36
34
36
39
28
37
38
30
40
36
38
38
39
34
34
38
38
39
38
35
39
38
38
32
34
32
30
38
39
38
39
39
35
33
32
38
39
38
38
38
29
37
38
38
40
39
29
35
33
39
35
29
38
38
30
38
37
29
37
39
33
35
39
38
39
37
34
38
25
37
37
34
33
39
31
38
35
38
30
34
34
38
39
36
33
38
40
38
36
37
31
39
37
39
38
25
34
37
39
34
38
37
35
33
33
38
38
35
33
36
38
36
39
37
33
35
38
35
38
40
35
38
34
39
34
39
32
38
35
34
33
38
37
32
37
39
39
35
36
34
37
37
38
37
39
32
33
40
34
37
33
39
38
37
39
35
35
35
38
37
39
33
39
33
39
33
31
34
38
39
38
35
37
34
34
36
34
35
40
32
38
39
38
38
39
35
38
35
39
39
39
31
36
39
38
39
33
39
32
39
38
33
37
34
37
32
36
34
38
38
33
38
39
38
39
35
35
38
36
39
39
33
38
35
35
38
39
40
38
35
32
36
39
34
39
35
39
37
34
35
38
35
29
35
32
39
27
34
38
39
40
37
38
34
36
39
39
37
35
34
37
38
38
33
36
34
40
31
40
37
40
36
34
36
40
39
34
36
40
36
36
39
33
37
35
39
40
40
32
39
37
37
39
38
33
39
35
39
37
35
34
37
40
40
39
40
39
41
32
37
39
36
33
38
39
35
37
38
34
39
38
32
39
35
35
36
37
39
35
35
40
36
39
38
37
34
34
37
39
37
35
34
35
36
39
39
37
34
37
33
39
39
39
34
39
40
38
39
40
36
39
40
38
37
40
35
40
39
39
34
38
35
40
35
38
39
40
35
38
39
38
38
38
34
36
40
39
38
37
34
39
34
39
38
33
33
39
38
35
36
39
36
39
40
34
40
40
32
35
36
30
40
36
34
31
33
39
36
34
34
34
33
34
37
40
36
35
34
39
35
37
36
39
38
38
32
34
34
40
39
39
35
35
34
39
33
35
37
36
34
34
39
40
32
33
34
37
40
40
32
40
39
35
39
39
32
31
37
39
39
27
34
38
37
37
39
38
33
36
35
35
37
39
33
40
39
40
37
36
35
33
36
34
40
37
36
38
38
40
39
39
35
33
37
41
37
6
8
8
10
12
10
4
12
12
12
8
8
6
14
10
10
2
75
12
4
12
8
6
59
6
8
6
4
6
6
12
12
8
6
8
8
10
4
8
10
8
4
8
12
14
4
10
4
10
6
10
10
0
6
14
6
6
12
12
12
8
6
12
22
8
12
10
12
6
14
18
4
8
10
12
6
10
4
10
8
12
10
6
4
6
14
10
6
10
8
10
12
14
12
12
10
6
6
8
8
10
8
12
10
8
16
12
0
6
12
16
8
10
6
10
10
12
10
6
14
10
2
14
4
8
10
16
10
8
14
14
4
10
10
12
6
12
12
10
12
8
6
6
8
12
12
12
12
10
6
53
6
10
2
10
4
0
6
0
10
0
10
10
10
12
12
4
2
10
6
4
14
10
16
8
8
8
6
12
2
12
4
8
0
0
12
6
4
14
10
8
0
6
12
16
18
14
12
0
8
4
6
4
12
10
4
10
10
4
4
8
6
8
12
2
2
8
10
12
20
0
10
8
6
6
4
6
2
10
8
10
10
12
8
6
10
8
4
10
2
8
2
6
6
6
6
12
0
10
2
12
45
8
2
4
6
14
8
8
12
8
10
4
12
8
4
12
8
10
6
10
10
10
8
8
10
10
10
8
4
8
16
10
10
10
4
2
10
11
15
11
11
25
17
10
23
8
13
17
6
12
6
17
8
8
13
19
15
6
8
13
12
17
8
15
13
4
17
12
11
11
13
11
13
8
9
13
23
10
13
15
7
22
15
11
13
13
17
17
13
17
17
21
19
19
15
13
21
15
29
19
9
10
29
8
15
8
13
4
21
11
15
10
12
13
17
13
11
7
10
15
13
12
15
15
27
10
10
15
13
31
40
11
19
10
4
21
8
10
8
11
22
50
12
23
10
6
23
30
19
12
25
21
9
30
15
19
13
19
32
37
23
21
13
22
19
40
25
19
21
25
25
24
33
17
19
26
31
11
39
13
25
36
23
17
19
27
19
25
43
30
8
10
6
33
2
9
15
42
34
11
26
34
27
32
20
52
29
8
32
11
6
8
23
27
11
21
10
25
38
52
30
26
9
26
24
33
39
25
8
27
36
27
59
38
15
19
29
37
28
28
29
34
17
11
11
28
22
13
51
25
37
30
28
30
22
13
23
16
37
28
44
19
28
21
40
26
40
13
28
32
13
26
17
33
18
13
36
25
27
11
34
26
38
11
11
34
15
23
17
11
13
13
35
11
6
21
9
15
10
9
6
4
12
13
29
20
33
7
15
18
27
17
10
17
13
17
13
11
11
21
20
11
29
67
29
0
2
2
0
2
0
2
4
4
0
0
12
0
2
2
0
2
0
2
6
0
2
0
0
0
0
0
0
4
2
0
0
2
0
0
0
4
2
2
0
2
0
4
0
2
0
4
2
6
4
2
6
2
2
0
0
0
2
2
0
4
2
2
0
2
12
2
0
0
2
2
2
0
0
2
2
2
4
4
0
2
4
4
2
2
0
0
0
0
0
4
2
2
0
0
0
0
0
4
0
2
0
4
2
2
2
2
4
0
2
2
0
0
6
0
2
0
2
2
8
2
2
0
0
2
2
4
4
0
4
0
2
0
2
6
2
2
0
0
0
4
0
0
2
0
2
2
0
8
4
0
2
0
2
0
0
0
0
2
0
0
0
0
6
0
0
4
4
0
0
4
0
0
4
4
8
0
4
4
6
4
0
0
0
10
2
0
2
0
2
10
2
0
0
0
0
0
2
0
0
4
2
0
2
2
4
2
2
4
4
2
0
0
2
2
0
0
4
0
4
0
4
2
0
2
2
4
2
0
2
0
2
10
2
0
2
0
2
0
8
2
4
4
2
0
2
0
0
4
2
2
4
2
2
2
4
0
2
10
4
2
2
2
4
0
4
2
2
0
8
0
0
0
0
2
6
2
2
2
2
8
2
4
2
2
0
0
0
0
8
8
9
0
0
5
3
10
10
0
4
0
10
0
7
7
1
11
7
0
4
5
0
10
0
9
0
4
4
8
12
0
4
0
0
7
7
5
13
0
5
1
6
11
6
8
4
2
10
9
5
0
0
3
4
14
0
0
0
11
0
10
0
4
8
0
12
0
1
9
5
0
3
6
5
7
3
0
0
3
7
0
0
7
2
8
7
5
4
0
10
6
0
6
4
7
9
6
7
7
0
1
5
0
4
3
0
0
4
3
3
0
0
7
3
0
6
8
0
0
7
6
4
0
4
9
6
7
6
3
8
5
0
5
0
6
11
0
6
5
4
0
0
3
3
4
0
0
11
4
0
3
4
3
0
0
3
5
3
0
0
5
4
7
11
0
4
1
9
0
0
3
5
3
4
7
6
6
6
4
0
6
3
0
4
12
0
6
6
6
6
11
0
0
8
8
0
0
5
3
5
10
15
7
6
1
6
0
6
8
0
5
4
4
5
0
0
0
6
5
0
14
0
9
4
0
12
10
0
3
4
0
0
6
6
0
10
8
5
7
0
5
0
5
0
4
7
0
2
11
0
4
5
0
0
8
0
7
12
0
6
4
7
0
5
8
7
0
6
0
11
0
4
5
0
9
10
14
8
6
6
6
8
1
0
10
1
0
0
0
1
1
1
0
1
1
0
0
0
0
0
1
1
1
0
1
0
1
0
1
1
0
0
1
1
0
1
1
0
1
0
1
0
1
0
0
0
1
1
0
1
0
0
1
1
0
1
0
0
1
0
0
1
1
1
0
1
1
1
1
0
0
1
0
1
1
0
1
1
1
1
1
1
1
0
1
0
1
1
0
1
1
1
1
0
1
1
1
0
1
1
1
1
1
1
0
1
1
1
1
0
0
1
1
1
0
1
0
0
1
0
0
1
1
1
1
0
1
1
1
1
1
1
0
1
0
1
1
1
1
0
1
0
0
1
0
1
1
1
0
0
1
0
0
1
1
1
1
1
1
0
1
1
0
1
1
1
1
1
1
1
1
1
0
1
1
0
0
1
1
0
1
1
0
0
1
1
1
1
0
0
1
0
1
0
1
1
1
1
1
1
1
1
1
0
0
1
0
0
1
1
0
1
3
0
0
1
1
0
1
1
0
1
1
0
1
1
0
0
1
0
1
1
0
0
1
0
0
1
1
1
1
1
1
1
0
1
0
0
0
0
0
0
0
1
1
1
0
0
1
1
1
1
1
1
0
1
1
0
1
1
1
0
1
1
0
0
1
0
1
0
1
1
1
0
0
1
1
1
1
0
1
0
1
0
2
2
2
2
4
4
2
2
4
4
4
4
0
2
0
2
2
0
2
0
2
6
2
2
4
4
2
4
4
2
0
0
2
2
0
4
4
2
0
2
2
0
4
2
4
2
2
4
2
4
2
2
2
2
4
2
0
2
0
2
4
2
2
2
0
0
2
2
6
4
0
4
2
2
6
0
6
0
2
4
4
4
2
4
4
2
2
2
2
2
2
2
4
2
2
2
2
6
4
4
2
2
2
2
2
0
2
4
4
2
2
0
0
2
4
2
4
6
4
0
0
0
0
2
0
4
2
4
2
2
4
2
4
4
4
4
2
0
2
4
0
0
2
0
0
4
4
4
2
4
4
2
2
4
2
0
2
2
4
4
6
0
2
2
2
4
4
2
28
0
2
2
4
4
2
2
2
2
2
2
2
2
2
2
2
4
4
2
4
2
2
2
2
2
0
2
4
2
2
2
2
2
4
0
2
2
4
2
0
2
2
4
2
2
2
6
2
0
2
2
4
6
6
2
2
2
2
6
4
4
2
0
4
0
2
2
4
4
4
2
4
2
2
2
4
2
2
2
2
2
4
2
2
2
2
2
2
6
2
2
4
2
2
2
4
4
4
0
8
4
0
4
2
0
2
4
6
4
0
4
2
2
2
0
4
2
4
4
2
6
0
0
2
0
0
2
4
0
4
0
2
4
4
2
0
2
0
2
0
4
2
2
4
0
0
4
2
0
0
0
0
2
4
2
4
2
2
2
0
4
0
2
0
2
0
4
0
4
0
2
2
0
4
0
6
0
2
4
2
0
2
0
0
4
0
2
0
2
4
2
0
4
0
2
0
2
2
0
4
2
2
2
0
4
0
8
0
0
0
2
2
0
2
6
0
6
4
22
0
0
2
0
0
2
0
2
2
2
0
0
0
0
0
2
4
2
2
2
2
4
4
2
2
2
2
2
0
2
0
4
0
2
2
4
2
0
2
2
4
2
0
4
2
2
0
0
2
4
0
4
2
2
2
4
2
0
0
4
0
4
0
0
0
0
2
2
0
0
25
4
0
4
2
2
0
2
0
6
0
2
2
2
0
6
2
8
0
0
2
4
2
2
2
0
4
2
0
4
6
4
4
2
0
2
4
2
2
4
0
4
4
4
2
4
0
4
4
2
2
2
2
2
4
0
0
2
0
0
2
2
2
22
4
2
26
0
2
2
6
0
0
2
2
0
0
2
2
2
2
4
0
0
2
0
4
4
2
2
2
2
2
4
0
2
0
2
0
2
0
0
0
6
0
2
0
4
2
4
2
4
2
0
2
2
0
4
66
63
60
55
69
60
59
59
56
65
59
64
63
62
54
58
55
55
60
59
59
62
59
62
64
57
60
55
62
61
64
59
57
64
62
61
57
61
60
61
62
55
61
57
62
62
64
62
61
51
63
52
62
59
59
60
59
63
52
57
63
60
63
64
63
63
58
53
57
62
63
61
65
63
62
60
51
63
62
58
57
61
62
54
61
62
58
62
59
61
59
49
64
63
60
62
61
61
63
61
61
56
40
60
60
61
58
57
41
63
62
63
62
57
54
54
59
62
61
64
59
63
60
61
63
60
58
60
59
63
61
63
57
62
49
61
59
59
57
58
36
63
62
61
65
60
62
62
63
62
64
61
62
60
59
62
64
59
59
61
64
57
62
63
60
59
59
62
58
40
61
62
62
63
59
61
53
61
60
58
62
63
58
59
63
62
64
58
59
63
53
63
62
60
61
63
62
63
63
59
63
60
62
65
63
62
62
60
60
62
62
61
62
60
63
63
60
64
59
59
61
63
61
62
58
60
63
50
60
59
60
59
61
61
63
63
59
61
58
52
57
62
67
58
63
61
59
61
57
60
61
54
65
56
63
62
48
63
64
60
59
62
64
62
59
62
62
64
57
63
63
61
63
62
60
63
56
57
59
63
61
62
61
59
60
65
59
63
