0
0
0
0
0
0
0
0
0
0
0
0
0
30
54
66
28
45
15
22
93
29
32
59
26
32
82
12
15
56
57
72
43
46
29
30
48
41
39
29
40
83
11
36
48
50
65
17
27
51
47
21
9
20
31
63
47
54
41
58
22
41
42
47
67
56
53
72
53
72
72
68
54
54
78
61
45
69
84
90
45
68
57
47
56
66
65
39
56
44
45
60
89
85
86
91
59
48
51
62
43
77
28
65
75
21
17
55
73
63
46
60
80
82
64
53
72
93
67
55
52
72
42
65
72
40
47
50
59
59
75
32
51
63
82
66
71
97
34
53
31
63
44
47
32
76
61
58
50
24
43
68
41
41
69
65
40
53
49
60
33
22
43
14
68
45
52
19
75
86
67
55
47
32
22
52
29
28
36
59
25
78
66
41
39
20
59
79
29
35
52
40
56
62
54
2
81
58
44
36
46
46
72
29
41
51
43
52
42
43
48
51
59
86
42
27
53
40
22
25
24
54
20
50
24
49
41
88
82
63
41
34
33
55
91
39
37
72
19
42
17
64
27
28
48
27
66
11
73
15
7
51
24
9
26
26
54
35
54
49
19
28
15
30
28
74
11
21
23
24
15
53
51
48
39
17
28
42
41
9
61
68
20
18
41
22
11
28
0
0
0
0
0
0
2
2
0
2
2
0
2
0
0
0
2
0
0
0
0
2
0
0
2
0
0
0
2
0
0
2
2
2
0
2
0
2
1
2
0
0
0
2
0
2
0
0
2
2
0
0
2
0
2
2
0
4
2
0
2
2
2
0
1
2
0
0
2
2
2
2
2
2
2
0
4
0
2
3
3
0
4
0
2
2
0
0
2
3
3
0
2
2
0
2
0
0
2
0
2
1
1
1
2
1
2
2
2
2
2
2
2
2
0
0
0
0
2
2
2
2
2
2
0
0
2
2
3
2
0
2
3
0
3
0
0
0
0
0
0
2
0
0
1
0
0
1
0
2
0
2
0
2
2
2
2
3
2
2
3
2
1
2
0
0
0
2
2
2
2
2
2
2
0
0
2
2
2
2
2
3
2
0
1
0
2
0
2
2
3
2
3
0
3
2
0
2
0
2
0
0
4
0
0
0
2
0
0
0
2
0
2
0
0
2
2
2
0
2
0
0
0
2
0
2
4
2
2
1
2
1
1
2
0
2
0
0
2
2
2
0
2
2
2
2
4
2
3
0
0
0
0
2
0
2
0
2
2
0
2
2
2
0
0
2
0
2
0
0
0
2
0
0
0
2
0
2
0
2
2
2
2
2
2
2
0
2
8
4
13
4
6
7
4
11
4
6
4
2
2
6
2
2
6
2
8
4
4
4
6
0
2
2
2
4
2
4
4
2
6
6
6
14
8
4
2
7
8
8
4
6
2
6
13
4
7
13
6
2
2
4
6
4
10
11
4
2
8
4
2
4
2
6
6
4
6
4
6
4
14
17
2
14
4
9
4
0
6
4
4
4
6
2
4
5
21
2
4
4
4
4
2
4
6
2
9
6
2
8
2
4
4
5
8
17
7
12
7
6
4
4
5
5
8
10
12
4
2
8
2
5
6
8
6
21
6
6
8
10
2
6
5
16
7
2
7
4
4
5
8
4
14
4
4
9
8
2
9
10
8
4
6
2
2
10
15
8
17
6
0
4
2
2
6
4
6
14
9
2
6
13
6
19
4
4
11
4
6
6
11
11
10
9
4
9
10
9
3
12
4
4
4
2
4
4
12
21
18
21
16
4
2
6
6
3
11
7
10
2
7
10
4
2
4
4
8
4
5
4
10
2
2
3
2
4
6
3
2
2
2
4
2
4
13
2
4
4
4
5
0
2
2
2
2
4
2
4
3
2
2
5
4
4
2
4
13
4
13
11
4
2
15
0
2
4
6
2
0
2
2
2
0
0
2
4
6
2
2
4
4
10
2
2
5
2
4
12
11
2
6
2
4
15
4
2
6
4
4
6
6
6
2
4
4
4
8
6
10
13
6
15
4
6
4
10
2
6
6
6
8
4
6
4
4
6
8
4
8
4
6
6
10
4
6
6
14
8
8
6
4
15
4
10
6
6
4
4
6
10
10
8
4
12
6
6
4
12
4
14
4
8
2
4
8
12
12
6
4
10
10
6
8
10
8
8
14
6
10
2
4
10
8
6
10
4
6
10
12
10
10
6
10
6
6
4
8
4
6
4
8
8
6
4
12
4
10
4
17
14
11
9
10
4
4
8
12
13
8
10
8
8
6
14
8
10
8
18
14
6
10
6
4
4
8
13
10
12
8
10
10
8
4
6
10
12
16
14
6
12
16
12
6
13
10
17
10
13
14
8
8
6
14
8
8
10
12
16
8
4
8
14
8
12
8
6
15
6
12
4
8
6
20
12
6
8
10
6
10
12
8
6
8
8
10
11
12
4
18
4
12
4
10
8
6
13
4
8
23
14
14
10
4
17
6
8
8
8
12
13
10
19
12
6
10
14
8
10
10
2
6
12
10
6
10
8
10
10
4
6
4
8
10
8
4
4
4
8
8
4
4
16
16
10
4
8
8
8
8
4
12
6
8
14
4
6
12
6
10
6
4
8
10
8
5
11
7
9
4
12
3
7
5
7
2
2
4
4
0
9
12
2
3
9
7
7
5
6
11
9
5
7
4
7
11
7
3
7
9
6
7
5
4
6
5
10
5
4
16
11
9
11
7
7
5
4
6
7
10
7
3
3
9
7
4
7
4
5
7
4
11
9
8
7
2
8
5
4
11
5
4
7
7
7
8
7
9
11
9
12
6
6
16
16
19
9
7
17
17
11
46
12
13
22
7
15
17
13
12
9
33
19
16
20
7
9
32
20
23
19
21
16
12
19
27
25
25
23
20
21
16
20
11
15
19
23
28
17
10
19
29
26
14
15
11
9
23
23
13
11
18
12
16
17
10
21
19
19
21
20
20
20
20
21
18
17
18
12
16
25
12
15
19
19
20
18
19
23
18
17
22
15
12
11
14
34
21
22
14
19
13
25
32
25
19
22
35
26
21
11
16
17
14
15
9
26
11
21
20
27
22
23
23
19
15
19
19
23
11
16
18
12
12
14
16
19
14
14
18
16
11
9
9
15
12
11
17
20
18
20
12
10
6
7
26
21
17
12
14
18
16
12
53
18
17
12
9
7
12
7
9
13
6
13
11
4
4
5
6
11
2
5
9
9
5
9
5
4
6
6
6
4
7
7
7
7
5
4
6
5
6
5
25
15
33
21
15
35
30
19
39
20
39
12
25
15
18
34
11
28
9
26
21
18
29
10
18
22
27
20
23
6
29
22
15
24
19
26
16
13
21
15
49
18
26
15
17
28
22
16
11
26
13
8
25
28
26
17
23
15
30
26
37
28
32
21
27
24
21
28
31
44
44
37
36
30
39
80
28
19
14
14
37
10
31
32
39
30
25
26
17
38
14
26
23
19
34
36
17
33
32
26
52
32
37
32
28
33
22
23
39
26
33
39
19
17
16
22
32
28
26
15
36
27
33
32
22
46
14
34
32
53
46
25
26
26
30
21
26
32
25
39
16
27
6
31
41
28
36
20
26
13
23
26
30
28
41
51
40
27
40
27
30
26
34
17
32
19
7
45
35
39
32
32
39
41
15
23
50
25
71
21
23
31
24
36
18
13
28
20
39
33
40
35
21
37
39
37
29
18
31
29
46
30
27
39
34
32
26
36
33
20
40
20
38
17
21
38
36
44
35
25
26
22
30
29
29
15
15
42
21
30
27
43
29
56
18
22
33
41
46
38
34
26
26
28
42
29
54
16
32
23
18
33
61
18
32
21
13
11
31
27
34
18
22
25
42
23
11
24
7
21
22
18
29
13
23
21
34
24
14
19
28
15
39
17
30
21
16
31
23
32
20
31
39
21
27
45
35
26
41
25
16
17
20
14
33
24
9
31
22
35
16
24
19
20
23
19
18
15
17
13
14
13
13
24
19
26
13
14
22
23
37
15
37
13
12
23
34
16
23
20
25
25
20
34
23
35
26
25
17
23
26
14
19
29
17
31
22
12
19
31
15
14
39
17
38
18
25
25
29
23
14
17
23
0
0
32
29
17
24
17
20
12
22
30
21
0
41
39
32
33
25
27
20
33
26
24
21
18
28
13
15
20
18
22
16
24
13
19
31
51
34
28
27
18
24
24
26
18
24
24
33
16
29
25
18
31
26
24
25
21
24
17
35
28
29
26
22
20
19
27
29
16
12
19
16
20
15
13
17
38
29
34
21
32
10
24
18
13
35
13
17
35
27
24
22
17
11
18
16
34
34
8
29
29
12
23
29
21
17
9
22
0
26
16
16
25
37
27
27
26
24
21
16
9
8
25
43
16
21
25
39
21
23
20
15
0
32
33
18
36
35
24
15
23
26
14
22
0
26
18
13
25
23
17
18
23
17
27
21
57
22
31
23
23
20
42
19
15
20
26
22
20
21
24
22
37
19
24
22
26
39
27
15
15
12
18
32
22
6
29
37
10
22
20
23
0
0
0
0
0
0
0
0
0
0
0
0
0
0
0
0
0
0
0
0
0
0
0
0
0
0
0
0
0
0
0
0
0
0
0
0
0
0
0
0
0
0
0
0
0
0
0
0
0
0
0
0
0
0
0
0
0
0
0
0
0
0
0
0
0
0
0
0
0
0
0
0
0
0
0
0
0
0
0
0
0
0
0
0
0
0
0
0
0
0
0
0
0
0
0
0
0
7
11
5
7
8
4
6
6
9
5
4
9
4
4
9
4
3
4
0
8
5
4
9
9
7
0
7
4
8
6
9
4
51
6
15
9
12
3
5
13
8
6
8
7
17
4
8
87
11
10
12
8
9
6
4
7
4
8
8
9
7
8
5
6
5
8
11
4
8
11
11
13
13
9
13
6
6
19
13
6
8
9
9
9
7
10
7
8
6
7
8
6
7
4
6
9
9
5
2
0
6
2
4
7
7
5
6
4
7
4
4
6
7
6
9
6
7
2
6
4
7
7
9
6
8
10
4
15
5
6
6
6
5
7
4
5
2
8
4
5
3
4
4
6
13
9
7
9
9
7
4
6
3
2
5
11
3
5
7
4
4
7
8
2
4
6
8
6
9
11
11
9
4
6
6
7
5
6
2
7
6
11
4
6
6
13
15
9
10
9
20
57
5
4
8
0
4
6
0
6
4
4
5
2
7
5
0
7
0
2
5
7
7
5
0
5
5
5
9
0
0
0
5
7
0
5
0
0
5
0
0
0
5
0
5
5
5
2
5
2
7
5
5
0
5
7
7
0
0
0
0
0
5
0
0
0
2
2
5
0
98
0
0
5
7
9
0
7
3
3
2
5
2
0
0
2
0
2
5
7
5
0
0
0
0
0
0
7
9
5
0
5
7
0
0
0
0
0
2
7
0
0
0
0
0
0
0
5
0
0
0
3
0
5
5
0
0
5
0
0
0
9
0
3
7
5
7
2
7
7
0
7
0
2
0
5
0
0
0
5
0
5
0
5
0
0
0
7
0
0
0
0
9
5
5
0
0
5
13
7
0
0
0
2
9
2
2
0
7
1
5
2
2
2
0
0
5
0
0
0
0
7
7
0
0
0
2
2
5
0
0
65
2
9
9
7
0
1
0
0
11
1
0
0
0
3
5
3
0
2
0
2
7
2
0
7
0
5
5
7
0
0
7
2
7
2
3
5
3
2
5
5
3
3
3
33
5
0
0
0
0
7
36
2
3
1
0
5
7
1
2
0
2
7
7
2
1
0
1
5
2
7
4
0
0
9
3
0
7
3
3
5
0
4
13
0
0
5
0
0
0
0
5
0
0
2
2
2
7
7
4
4
2
2
13
0
13
0
12
2
2
6
4
2
4
2
2
4
4
5
4
2
4
4
2
11
2
12
4
2
4
2
2
2
4
0
4
8
3
6
0
2
2
4
3
2
5
2
0
2
5
0
4
2
4
0
2
4
2
4
0
2
0
2
6
2
6
2
2
0
4
0
0
9
2
2
2
6
2
0
60
0
7
2
4
2
2
0
4
4
3
4
2
2
2
2
6
2
2
2
0
2
4
9
5
8
2
5
4
4
6
2
9
4
4
2
3
2
4
2
2
2
5
4
4
6
4
2
18
2
2
2
2
6
2
4
2
4
4
6
6
4
2
4
2
4
2
6
9
2
5
4
9
4
8
2
4
7
5
3
2
14
9
2
0
2
40
6
10
4
2
4
2
2
6
3
2
5
85
4
2
2
2
2
17
2
2
5
2
4
4
8
4
3
3
0
5
6
2
4
4
3
2
6
3
0
5
3
2
2
13
2
6
4
5
6
34
2
5
2
2
2
4
2
2
11
2
6
2
2
6
10
4
4
3
2
13
6
3
4
2
8
2
47
2
0
3
13
6
4
2
2
6
0
29
4
5
5
6
2
8
8
5
8
2
4
16
1
0
15
3
0
2
2
13
2
7
4
4
2
2
6
0
4
3
4
2
2
