0
0
3
1
7
3
0
0
1
3
1
0
1
1
3
1
0
0
0
0
1
0
1
1
8
0
0
1
0
0
1
0
1
4
0
1
3
0
1
0
1
1
1
8
0
1
1
0
0
3
5
1
0
3
1
1
1
1
1
1
1
0
0
3
0
0
1
3
0
0
0
0
3
4
0
1
1
0
1
0
0
3
1
4
1
0
1
0
0
1
6
1
1
0
1
1
3
0
1
1
1
0
1
0
0
0
0
1
0
1
0
0
0
5
4
5
1
1
0
1
0
1
0
0
4
0
3
1
8
4
0
0
1
0
0
3
1
8
1
0
3
0
0
1
1
1
4
7
8
0
3
3
4
1
3
0
0
8
0
0
0
0
1
1
0
0
1
0
1
0
7
1
1
1
1
1
1
0
0
0
0
1
0
3
3
0
0
0
0
0
0
1
7
3
8
0
1
1
1
1
3
1
0
1
0
0
0
1
1
0
0
1
1
0
0
0
1
1
1
1
1
35
0
1
1
0
0
1
7
6
0
0
0
3
7
0
1
1
3
1
3
3
3
1
0
3
0
0
1
1
1
1
1
3
5
0
0
5
0
3
1
1
3
3
3
1
0
1
1
1
0
5
1
1
4
0
2
0
0
0
1
2
1
0
3
3
0
1
8
2
4
2
0
11
2
2
10
12
4
6
2
2
0
6
2
10
0
4
10
2
6
4
0
4
6
10
0
2
4
0
2
4
2
2
8
4
0
0
2
4
4
0
0
2
4
8
2
2
0
2
2
2
2
2
0
4
2
4
2
12
2
4
4
4
4
2
2
4
4
0
6
4
4
6
6
2
4
0
2
4
8
0
2
4
0
4
4
6
2
4
2
4
6
6
4
2
2
13
9
8
0
4
2
2
6
4
4
2
0
8
4
4
2
2
8
10
2
4
2
4
4
4
4
4
0
4
4
6
4
4
4
2
12
15
9
2
0
2
2
8
0
2
4
4
2
4
4
2
6
6
2
12
4
6
4
4
4
12
2
2
0
4
2
8
2
2
4
4
4
6
4
6
4
0
4
6
2
4
4
2
8
6
4
2
2
0
10
8
8
14
2
2
4
6
2
0
6
2
6
2
4
0
0
0
4
6
16
0
4
4
4
4
2
0
4
6
2
4
4
0
4
2
2
0
16
0
4
2
2
4
0
0
2
0
2
2
2
0
2
4
8
4
2
4
2
2
0
4
4
0
8
4
5
0
6
6
8
2
6
0
10
8
2
2
10
4
0
2
6
6
4
6
2
4
4
2
4
2
9
4
2
4
4
2
0
6
8
4
4
4
6
4
7
6
2
4
2
11
4
4
6
9
4
8
4
4
4
7
13
6
2
8
4
6
5
6
0
5
5
4
6
5
4
4
2
4
5
3
5
9
4
4
4
7
17
8
50
0
5
0
5
0
2
0
0
2
2
2
0
2
2
0
2
0
0
2
0
0
0
4
0
0
2
0
2
4
0
4
0
0
0
0
0
2
0
0
2
2
0
0
2
2
0
2
0
0
0
2
0
0
2
0
0
4
2
4
4
0
0
2
2
2
2
0
0
0
2
2
2
2
4
0
6
0
2
0
2
2
2
4
2
4
2
0
0
2
0
2
2
2
2
2
2
0
0
0
2
0
4
4
0
0
4
0
0
0
0
4
2
0
2
0
2
0
2
0
0
0
0
2
0
2
2
4
2
0
0
2
2
0
2
2
2
2
0
0
2
2
0
0
0
2
4
4
4
2
2
2
0
2
2
2
0
0
6
0
2
2
0
2
5
0
0
4
2
2
0
2
0
3
2
2
0
4
2
2
0
4
2
2
4
3
0
2
0
0
0
0
2
2
0
0
0
2
0
0
0
2
0
2
2
2
2
2
0
2
4
0
2
2
0
2
2
0
0
0
0
2
0
2
2
2
0
4
0
2
0
0
0
0
2
2
2
2
6
4
4
8
4
0
4
2
0
4
0
0
2
0
2
0
4
0
0
0
2
6
0
0
6
6
0
4
4
0
4
8
0
2
2
0
2
0
6
2
6
4
2
4
2
6
0
2
2
8
0
2
2
6
4
8
4
6
6
4
0
0
6
4
2
2
0
2
0
4
0
0
4
0
4
4
4
6
0
2
0
4
8
4
2
6
2
4
6
2
6
2
0
8
6
4
4
2
2
6
4
0
2
2
6
4
6
2
0
0
2
6
6
6
0
0
2
2
4
4
0
0
2
4
2
6
2
4
0
6
2
6
6
2
4
2
2
2
2
0
4
6
0
2
2
4
6
2
4
2
2
6
4
6
0
0
2
0
4
0
0
0
0
4
6
6
2
0
0
4
0
0
6
2
0
2
4
0
0
0
2
0
6
2
0
0
2
0
4
0
4
2
4
0
4
2
4
6
0
0
8
0
0
2
2
0
4
2
6
4
2
4
6
4
2
0
0
4
4
2
2
0
2
4
2
2
0
4
4
0
4
6
6
4
8
2
4
4
0
2
4
0
4
2
2
4
0
4
2
2
4
6
0
0
0
2
4
8
6
4
0
0
2
0
6
4
4
6
6
0
4
6
2
8
8
0
4
2
4
8
4
4
6
0
6
6
2
0
51
25
45
55
17
24
17
32
22
26
39
9
22
8
30
21
32
46
33
47
8
62
22
24
39
15
24
17
17
15
17
6
54
59
22
0
21
24
54
25
53
50
19
24
44
8
26
10
45
23
25
6
34
18
15
29
24
6
16
41
65
56
33
47
16
15
8
32
62
49
29
33
49
19
38
28
23
63
45
47
26
42
23
24
33
8
6
16
24
8
17
19
53
54
25
7
31
44
15
23
28
19
23
55
22
59
62
22
49
24
49
25
10
15
52
5
31
51
53
16
17
15
16
43
23
32
29
25
31
23
16
23
16
14
34
22
17
8
49
21
31
13
17
17
17
8
37
15
34
13
31
49
54
18
16
25
26
15
57
57
24
15
47
49
40
24
56
14
23
23
15
9
14
16
32
25
16
39
49
25
46
17
52
45
47
8
23
15
57
53
25
17
35
29
40
8
68
14
44
37
42
56
40
25
45
15
26
16
22
23
24
18
17
25
23
14
22
24
47
16
57
26
32
55
23
16
32
8
25
59
15
27
49
44
48
29
55
21
22
18
17
20
15
27
46
19
30
33
14
19
16
14
33
32
55
19
26
24
17
40
17
62
24
22
0
31
46
17
44
64
42
27
15
56
17
22
22
23
38
13
34
8
52
49
27
25
40
15
4
4
4
16
8
2
12
4
8
14
4
24
4
33
2
6
18
4
18
4
16
4
14
2
16
4
4
2
6
4
8
20
2
12
2
6
6
2
4
4
2
8
8
6
10
10
8
6
20
2
4
4
14
4
6
16
0
8
6
20
4
6
14
4
6
4
14
4
20
2
20
6
2
18
6
20
6
16
8
20
6
6
16
6
4
20
4
18
6
14
6
18
4
12
4
26
18
4
16
6
24
2
4
6
4
20
6
16
2
10
4
14
6
4
18
6
18
4
22
10
16
2
6
20
6
16
4
18
8
14
2
12
6
18
2
6
4
6
12
4
14
6
10
6
20
6
2
2
4
6
6
20
4
18
6
2
16
4
37
6
8
0
14
2
31
2
16
2
4
14
2
2
8
12
4
16
4
10
4
14
16
4
4
20
2
6
2
16
4
4
2
2
14
2
14
6
18
2
6
18
2
24
4
14
4
4
6
2
26
4
39
10
10
8
16
2
22
6
18
6
12
4
12
2
4
12
22
6
6
10
4
45
2
20
2
16
4
22
12
4
2
8
18
4
16
4
24
4
18
2
2
8
4
18
6
16
4
12
8
6
8
4
16
4
18
6
14
4
8
2
26
4
14
2
6
20
4
35
6
16
2
47
4
20
6
16
6
6
6
0
24
2
4
2
4
4
4
2
0
6
6
2
2
4
4
2
32
4
4
4
8
6
6
2
17
2
4
4
2
4
2
6
4
2
4
4
0
2
4
2
4
2
2
6
25
4
6
2
29
6
2
6
4
2
4
2
2
8
6
2
0
2
2
2
6
10
2
6
2
4
4
4
4
6
8
2
4
4
4
6
4
2
15
4
4
2
2
4
2
6
6
6
2
4
6
2
2
44
2
10
0
4
4
2
4
2
2
6
2
8
6
2
6
25
2
4
4
4
8
13
4
6
6
4
10
6
4
2
4
0
2
0
2
6
2
4
2
43
6
4
4
0
6
2
4
2
19
2
2
4
19
2
2
0
12
2
4
0
2
2
6
2
6
10
4
6
4
2
2
2
2
2
4
4
4
0
0
4
2
2
4
2
4
2
4
44
8
4
2
4
4
6
6
10
4
6
0
8
4
4
0
2
2
2
2
8
43
4
4
50
0
2
6
4
4
2
0
4
0
4
6
27
2
0
0
4
0
0
0
0
0
0
0
0
0
0
0
0
2
0
0
0
0
0
0
0
0
0
0
0
0
0
4
0
0
0
0
0
0
0
0
0
0
0
0
0
0
0
2
0
0
0
0
0
0
0
0
2
2
2
2
4
0
0
0
0
37
37
36
30
46
47
46
36
44
44
46
34
63
43
48
36
28
45
39
47
43
32
33
35
31
26
59
23
40
46
56
46
44
60
35
61
74
31
48
38
39
44
45
48
45
48
20
43
71
34
83
30
44
44
32
46
44
46
19
46
45
29
43
41
81
58
47
67
46
60
34
43
86
44
44
29
33
31
44
45
38
40
31
45
48
85
45
30
32
46
41
48
46
30
46
44
62
31
43
25
52
37
59
46
45
39
33
37
46
35
38
25
26
43
41
45
38
44
44
57
35
42
44
35
44
50
31
34
43
48
32
32
86
45
44
33
42
43
31
46
29
43
56
38
66
42
79
21
58
45
22
44
46
41
55
45
36
29
45
33
24
44
32
33
33
33
26
58
39
33
51
29
35
32
45
45
25
64
42
40
24
40
37
39
45
59
42
43
29
34
54
40
45
33
28
43
31
46
45
31
39
36
40
35
32
42
34
57
41
47
87
44
65
47
41
39
41
28
44
33
36
42
31
26
46
56
38
38
50
42
41
40
32
66
43
45
47
45
31
52
28
23
28
39
41
42
42
39
44
43
39
47
37
27
45
25
31
47
46
39
43
47
49
44
43
44
45
36
31
55
45
39
45
46
45
37
47
52
32
29
84
43
45
34
74
39
27
26
6
4
0
6
10
2
4
10
2
11
11
4
10
2
6
2
2
8
8
8
2
2
2
2
2
2
2
2
6
4
0
13
10
0
2
2
2
10
9
8
0
6
2
2
6
4
4
6
4
6
6
4
8
8
2
2
2
2
4
8
0
0
2
6
10
2
2
4
4
0
16
6
2
2
0
10
9
2
4
2
8
39
4
4
2
2
2
4
6
0
4
21
6
6
10
4
12
6
2
6
4
4
4
4
2
2
6
8
8
2
2
4
0
8
2
2
6
4
8
8
4
6
19
6
4
2
0
4
2
4
2
4
8
0
4
2
9
6
8
6
2
8
6
2
10
4
2
4
6
6
0
6
2
4
0
2
10
4
2
8
6
6
0
4
7
12
10
4
12
4
13
11
2
8
13
2
4
2
10
8
30
4
2
2
11
0
4
2
23
6
6
6
2
2
2
2
6
4
0
2
4
2
8
17
8
0
2
4
12
4
8
2
15
9
2
2
6
4
0
8
2
4
2
8
2
2
4
15
4
8
0
2
2
6
2
2
2
2
2
4
10
0
10
10
2
2
4
4
6
0
0
11
2
8
0
0
6
4
2
8
8
9
6
2
4
4
2
2
4
2
4
2
8
4
2
4
4
4
0
4
8
8
6
2
6
2
4
12
4
4
0
5
2
5
2
5
0
0
0
9
2
0
3
0
0
0
0
0
2
2
6
6
4
2
0
2
2
0
2
2
3
0
11
0
0
0
4
0
4
0
3
17
2
2
0
2
0
31
0
0
0
0
0
2
2
0
10
2
2
2
2
4
2
4
0
6
2
0
2
0
0
0
2
2
2
0
2
0
2
0
0
0
0
0
2
2
0
0
2
0
4
2
2
4
2
0
5
10
0
2
4
0
2
0
4
0
0
6
2
5
2
2
4
2
6
0
0
0
0
2
2
6
0
0
3
2
4
0
0
2
0
0
0
0
0
2
2
0
0
0
0
0
2
0
2
2
0
2
2
0
0
0
4
2
0
0
4
0
0
2
0
0
0
0
0
0
3
0
0
6
2
4
0
7
0
0
0
0
2
0
10
0
3
3
0
2
0
0
0
0
2
0
2
2
2
2
0
2
0
6
4
0
0
0
2
0
0
0
0
2
0
2
2
0
0
0
2
0
10
0
0
0
0
0
4
6
2
6
4
0
4
0
2
0
0
0
2
2
2
0
0
0
0
4
0
6
0
0
0
7
5
2
0
0
2
2
0
0
0
2
0
0
4
2
2
0
0
2
8
0
4
2
0
6
5
2
2
2
2
2
0
2
0
6
4
0
