37
38
38
37
38
37
37
33
36
37
37
34
36
36
36
38
37
38
38
29
37
38
33
38
37
33
36
32
19
37
38
36
38
37
33
37
38
37
38
37
35
36
37
38
35
38
37
37
25
31
38
37
27
37
32
35
35
37
37
38
33
37
35
37
36
32
33
37
37
36
37
36
31
38
38
36
34
38
29
34
37
35
37
37
38
37
37
36
36
37
37
37
37
37
38
37
31
37
37
31
37
30
38
37
37
36
38
37
38
37
37
38
37
36
34
37
38
38
38
33
39
33
33
39
38
35
38
39
37
37
38
36
34
34
37
37
34
37
37
38
38
38
36
32
37
37
37
37
33
34
39
37
36
37
38
35
37
35
37
35
38
33
32
37
36
38
38
29
34
32
38
35
38
32
37
37
37
33
37
34
35
37
35
29
37
27
36
38
38
37
37
37
37
36
27
38
36
37
35
37
36
37
38
27
28
29
25
25
36
32
37
35
29
37
37
35
33
38
33
38
37
37
31
37
35
37
37
32
36
33
38
37
37
38
37
36
36
36
37
35
38
37
35
37
34
33
38
38
33
36
32
37
37
37
37
37
34
37
37
24
37
35
33
37
38
27
37
36
31
35
38
38
36
30
32
36
37
34
37
33
31
32
39
37
37
38
36
33
36
37
38
37
33
33
35
38
36
39
30
34
38
37
39
37
25
34
38
37
37
39
33
33
38
35
38
36
34
34
39
36
34
38
35
39
39
28
39
34
33
38
31
33
36
38
34
32
34
38
38
38
34
34
38
34
38
37
38
38
36
32
38
39
35
39
36
38
37
37
38
38
36
38
34
38
36
38
35
33
37
34
34
36
36
31
38
33
38
36
37
32
34
35
34
38
37
39
39
32
34
34
37
32
38
34
35
39
36
37
37
33
39
34
37
39
38
32
39
37
38
36
37
30
37
35
39
32
35
33
39
37
38
37
37
29
37
28
37
37
39
35
36
38
36
26
37
32
38
38
37
35
38
27
32
38
37
33
38
37
39
38
38
38
38
34
39
38
38
35
38
34
37
38
36
38
38
33
37
39
30
34
33
31
37
38
34
31
36
30
30
30
26
39
37
32
31
36
37
37
31
38
31
36
33
35
35
36
37
35
37
36
33
33
38
38
38
38
31
34
37
38
37
36
31
35
27
37
33
38
33
31
37
28
37
37
34
33
33
37
36
36
32
38
36
36
37
38
32
34
36
38
37
37
35
32
35
33
35
37
32
35
33
35
37
29
30
37
39
37
38
35
33
37
38
38
33
37
35
39
32
32
38
34
37
35
37
37
2
2
0
4
4
12
2
0
0
0
0
2
0
2
2
0
2
0
0
0
2
0
0
0
0
2
0
0
4
0
2
2
2
0
2
4
0
2
0
2
0
0
0
2
2
2
0
2
0
0
2
0
2
0
0
0
0
0
2
0
0
2
0
0
2
2
0
0
2
0
4
4
2
0
2
2
2
0
0
0
2
0
2
2
0
2
0
2
0
0
2
0
0
0
4
4
0
8
0
2
0
2
2
6
0
0
0
0
2
0
0
2
0
2
0
6
2
2
2
2
10
4
2
2
0
2
0
2
8
0
0
2
2
2
0
4
0
2
2
0
0
2
4
0
0
0
0
4
2
2
2
0
0
0
0
0
0
4
2
4
0
0
2
0
2
2
2
2
0
0
0
0
2
0
0
6
2
2
0
2
0
2
2
0
2
0
0
0
0
8
2
2
2
2
0
4
0
0
2
0
0
8
0
0
2
4
2
4
0
0
2
0
4
2
0
0
0
0
0
2
0
0
2
0
0
4
2
4
0
2
4
0
6
2
0
2
2
0
0
4
4
2
2
0
0
0
2
5
2
0
2
4
4
0
0
2
0
2
0
2
4
0
2
0
0
0
0
2
0
2
4
4
2
0
2
0
2
2
0
2
2
0
0
0
0
4
0
2
55
9
8
4
14
9
16
8
10
10
6
2
4
2
4
6
31
2
6
8
4
14
6
8
4
6
4
8
4
2
2
6
11
8
11
8
4
11
4
8
12
11
10
6
8
4
2
4
0
10
2
6
4
9
20
7
10
8
8
8
9
4
8
10
2
6
6
6
2
4
10
15
4
6
8
10
7
8
4
6
4
6
12
2
6
6
10
6
4
4
4
4
4
6
10
14
8
12
6
6
8
6
14
12
2
6
11
13
7
10
10
11
9
9
16
4
9
10
10
8
9
9
13
6
13
11
16
6
4
9
19
7
15
9
18
16
6
10
15
4
19
4
17
6
5
19
21
17
6
4
11
10
6
12
4
10
6
11
8
25
7
4
13
4
10
6
9
10
19
6
6
10
15
0
12
2
8
15
11
10
14
16
8
10
19
6
15
9
17
17
19
15
13
11
13
17
21
8
14
4
11
4
15
10
11
12
9
12
11
12
17
23
19
8
19
5
12
15
8
11
14
21
14
8
14
6
6
21
8
5
18
19
8
15
14
4
12
4
12
4
11
4
6
6
12
19
10
6
6
8
4
6
12
4
6
6
8
8
2
6
2
9
10
4
7
19
8
6
2
8
8
13
10
8
11
2
9
4
11
8
9
14
10
10
15
4
15
14
6
4
6
6
2
4
6
4
2
4
0
2
2
2
2
6
0
4
4
2
4
6
0
6
0
2
2
2
2
0
2
2
6
8
2
0
2
4
4
6
4
2
2
2
6
2
10
0
2
2
2
8
4
2
4
4
4
0
5
7
2
2
2
4
6
0
2
0
4
6
4
4
5
4
2
4
2
2
2
2
4
2
4
9
2
0
2
2
67
6
0
2
2
2
4
4
2
2
2
2
0
2
2
4
2
2
2
2
8
2
4
0
4
5
2
2
4
2
4
4
2
2
6
4
2
2
4
2
4
4
2
2
4
2
2
4
2
2
2
2
4
2
2
2
6
0
9
4
2
7
2
0
2
5
2
2
6
4
2
0
4
4
0
6
11
4
2
4
4
6
4
0
2
2
7
0
2
3
5
2
7
11
6
7
2
2
4
6
4
6
2
2
2
2
2
2
4
2
2
4
2
2
3
0
2
2
0
4
2
2
4
5
6
2
5
2
2
4
2
6
2
4
4
4
0
2
0
2
2
2
2
2
2
4
2
4
0
3
0
2
7
50
0
4
2
4
2
4
4
4
6
0
7
2
0
2
4
4
3
3
2
3
2
4
2
4
2
4
0
2
6
2
2
8
2
0
0
2
2
2
4
4
2
6
2
2
2
4
0
2
0
0
0
5
0
0
0
6
0
2
0
0
2
4
2
0
0
0
0
2
0
0
0
0
0
0
2
0
0
2
4
0
0
0
0
2
2
0
2
2
6
0
0
2
0
2
0
0
2
0
2
0
2
2
2
2
0
0
0
0
0
2
2
0
0
0
0
0
2
0
7
0
0
2
0
2
5
2
2
0
2
2
2
4
0
0
1
1
0
0
2
0
0
0
2
2
0
0
6
0
0
2
2
6
2
2
0
2
4
0
2
2
2
0
2
0
4
0
4
2
2
2
5
3
2
2
2
2
2
2
2
2
0
2
2
2
0
3
2
0
0
2
2
2
0
0
2
2
0
2
0
0
0
0
0
0
0
0
0
0
0
1
0
2
2
0
2
4
0
2
2
2
4
2
0
0
4
2
4
3
4
2
2
0
2
2
2
3
2
3
3
2
2
2
0
2
2
0
2
0
0
2
2
0
0
0
0
2
0
2
2
0
2
0
0
0
2
2
0
2
2
0
2
0
2
2
2
2
0
0
0
0
0
0
2
2
2
3
1
2
0
0
0
2
0
0
0
0
0
3
0
4
2
6
2
2
0
0
0
2
0
4
4
2
2
2
0
2
2
0
0
0
2
2
4
2
2
2
0
0
4
2
3
2
3
0
69
43
46
38
80
44
58
40
70
30
41
46
43
52
59
57
32
42
39
56
53
26
37
42
34
47
45
48
37
52
19
26
52
28
33
49
56
45
29
42
30
27
43
36
17
24
30
38
49
48
19
20
21
23
52
29
36
31
39
44
42
28
43
41
32
30
33
34
32
37
17
30
34
49
23
46
59
58
49
59
34
33
30
33
44
35
26
50
56
22
45
46
54
37
55
65
23
50
38
36
60
49
41
44
21
57
30
45
29
48
24
24
44
45
21
54
42
34
24
45
42
44
20
46
44
32
31
55
35
32
44
27
39
43
26
40
31
25
23
28
22
23
21
31
30
30
30
46
31
25
11
31
22
30
20
45
26
21
42
45
49
57
61
44
30
45
39
69
38
33
42
36
47
42
55
50
29
27
33
18
38
49
56
38
34
33
32
31
47
30
25
47
33
24
26
38
24
32
25
17
59
42
17
36
41
32
34
41
37
40
60
22
33
21
32
35
37
29
60
34
36
48
59
77
44
48
27
52
55
30
32
61
29
42
43
51
51
35
77
44
37
66
22
21
76
77
34
44
26
37
33
53
53
56
30
68
49
49
55
30
67
29
38
61
51
63
48
54
40
43
32
52
25
31
31
54
64
47
56
51
49
48
29
25
38
34
15
82
2
4
6
2
4
9
6
15
8
8
2
4
2
0
6
6
2
4
2
6
6
8
2
6
2
4
4
13
4
2
8
4
6
4
2
2
4
2
10
4
2
4
2
0
2
6
8
4
4
2
2
2
4
14
6
2
2
2
4
6
2
4
4
6
6
2
4
15
6
6
6
6
4
4
2
6
14
6
4
11
6
4
6
2
6
2
6
4
2
6
6
4
15
4
8
4
2
4
4
4
6
4
13
6
2
2
6
14
9
8
6
4
7
8
4
4
4
2
4
4
8
4
2
4
4
6
4
4
13
7
4
10
6
2
4
4
13
2
6
6
0
2
7
4
4
4
6
2
6
8
6
9
2
11
2
6
8
2
6
12
2
8
2
6
11
6
6
0
4
2
2
17
8
0
6
4
4
4
4
2
6
9
4
6
2
2
2
8
0
7
19
2
6
0
4
11
4
8
4
6
6
14
4
8
10
8
6
6
4
6
6
6
4
2
2
6
4
8
4
2
6
8
4
11
4
6
4
2
6
6
2
14
6
0
2
6
4
2
4
0
5
4
4
8
13
2
8
4
4
4
6
10
0
4
2
6
8
4
4
2
2
13
4
12
6
4
6
4
6
0
8
4
0
4
8
4
8
10
4
4
0
6
8
10
2
2
2
2
19
19
17
15
17
15
19
19
19
17
15
17
17
17
15
17
15
19
17
19
19
19
17
17
17
19
17
17
19
15
17
17
19
17
19
19
15
15
17
19
15
19
17
19
17
13
17
17
17
17
17
15
19
17
19
17
19
15
19
19
17
15
15
17
17
17
19
17
17
15
17
17
17
15
17
17
19
15
19
17
19
19
19
17
17
17
17
17
19
17
17
17
15
19
19
19
19
17
17
19
17
17
17
17
15
19
19
19
17
19
17
17
17
19
17
17
19
17
19
17
21
15
19
17
15
17
17
19
17
17
17
19
17
17
19
17
17
19
17
19
19
19
19
17
19
17
19
19
17
19
19
15
15
17
17
15
19
17
17
19
17
17
17
15
17
17
19
17
19
15
17
19
17
17
19
17
19
17
19
17
11
17
19
17
17
19
19
19
19
19
19
19
17
17
17
19
19
19
17
17
19
19
17
19
17
15
17
19
19
17
17
19
19
17
19
19
17
17
19
15
18
19
13
19
19
19
19
17
19
19
19
19
17
17
17
17
17
17
17
17
19
19
17
17
17
19
15
19
19
19
19
19
17
19
19
19
17
17
19
17
19
17
19
15
19
17
19
19
19
13
19
17
19
17
19
15
17
17
19
19
15
17
19
19
19
17
17
19
2
6
6
4
10
2
2
4
4
4
2
2
13
2
4
8
8
0
6
4
2
2
2
0
8
0
6
8
6
2
6
2
4
2
4
0
4
6
4
4
2
10
4
4
4
2
0
0
4
6
4
2
2
2
2
2
6
6
4
0
2
2
2
4
4
2
2
4
2
2
4
2
0
2
14
6
4
2
4
4
2
4
6
4
0
8
6
2
2
6
6
2
2
4
4
2
6
6
4
6
2
4
0
4
8
0
2
4
8
0
4
6
2
4
0
2
2
2
0
8
4
4
6
4
2
4
6
10
2
6
4
4
2
6
10
4
4
4
6
4
0
6
4
2
2
0
4
6
6
0
4
2
6
0
2
4
6
4
4
6
8
2
8
10
4
2
6
6
2
2
4
2
2
2
2
2
2
6
6
2
2
6
4
4
6
6
0
2
2
2
4
6
2
2
6
8
4
8
8
6
4
6
2
2
2
4
2
0
6
6
4
4
4
4
2
4
6
4
2
4
2
8
0
10
6
6
6
4
4
0
2
2
8
0
0
4
2
2
4
6
4
4
6
6
10
4
4
2
2
0
6
8
0
17
2
6
6
2
4
2
2
4
4
2
2
0
4
4
4
0
6
2
0
4
8
2
2
6
8
2
4
4
6
4
6
2
2
0
