0
1
1
0
1
1
5
1
0
1
1
4
0
0
1
2
1
0
0
0
2
0
1
2
0
1
1
1
1
0
0
0
0
0
0
1
2
1
1
0
0
1
0
2
2
0
1
1
5
5
2
0
0
1
0
1
0
0
1
3
0
1
1
0
2
1
0
2
1
0
1
1
1
0
1
6
9
0
1
1
1
1
1
2
1
1
3
2
0
1
3
10
1
4
1
1
3
1
1
1
0
1
1
1
0
3
5
0
1
1
0
1
0
0
1
0
2
1
2
0
2
1
1
2
0
0
2
0
2
2
0
1
2
1
0
1
0
2
2
1
0
1
3
1
1
2
0
2
2
0
2
0
2
2
0
11
4
1
1
1
1
4
2
0
2
6
3
1
0
1
1
0
0
3
1
0
1
1
1
1
1
1
2
2
0
1
2
3
0
4
1
1
1
2
2
1
0
2
1
9
0
3
7
0
0
2
0
0
2
5
0
0
0
0
1
0
1
1
0
1
0
0
1
1
1
1
3
1
1
0
0
0
0
3
1
1
14
1
3
3
1
1
0
1
2
0
0
1
1
1
2
0
0
0
0
0
2
2
1
0
5
3
1
0
0
1
0
1
12
6
5
0
1
0
2
2
0
1
2
0
2
1
1
1
1
0
0
2
13
7
15
8
16
11
10
13
8
6
6
10
11
8
8
6
13
4
7
7
7
4
11
8
8
6
10
9
10
14
11
4
5
3
5
7
2
0
3
6
6
7
13
9
9
3
1
7
18
10
11
7
15
13
14
9
10
0
9
8
8
15
11
6
7
9
4
11
6
2
3
2
9
8
6
12
7
8
9
9
4
2
7
6
7
4
5
8
9
11
3
6
9
3
1
5
9
3
3
9
12
9
4
4
5
4
8
8
6
10
14
4
10
3
6
5
5
4
8
4
9
9
5
5
8
8
11
6
7
3
4
9
4
1
12
9
6
8
5
2
7
2
8
11
9
9
2
10
8
8
7
8
6
8
8
6
8
6
6
6
2
10
3
7
5
3
10
7
2
13
7
10
9
12
7
3
6
8
5
10
6
7
9
13
2
3
9
19
8
0
4
6
9
6
7
5
9
7
4
7
7
2
5
4
3
9
11
9
10
5
6
2
7
4
4
5
6
8
8
7
7
0
11
6
9
3
7
7
8
3
9
7
12
10
7
5
12
2
9
5
4
8
6
5
3
8
9
6
14
5
5
9
15
8
9
3
5
10
3
4
3
3
9
5
6
3
4
4
3
3
3
11
3
2
7
9
12
9
5
8
9
8
6
7
3
1
6
0
58
22
29
29
9
33
35
29
33
6
37
26
36
27
13
29
41
14
21
11
14
40
40
39
26
20
3
29
11
25
8
16
4
27
22
9
8
43
16
13
19
13
32
36
32
42
35
24
29
7
23
18
40
36
11
50
29
42
7
29
31
11
20
9
39
5
47
6
39
45
6
57
5
30
39
4
24
36
29
8
31
19
23
32
36
13
23
19
7
54
34
18
12
30
12
23
22
16
28
21
24
21
8
27
26
40
7
29
11
21
63
4
15
36
5
25
32
40
27
31
23
43
11
16
25
14
13
5
30
8
27
25
44
7
35
20
69
21
26
32
39
64
24
16
23
23
33
30
6
30
3
8
14
7
38
28
28
7
38
26
32
66
22
24
11
20
26
47
6
31
25
22
23
5
19
21
25
22
31
38
36
24
4
40
8
31
31
3
36
22
31
6
33
18
14
37
6
41
36
26
7
36
35
34
48
11
21
29
9
37
10
18
12
7
20
18
34
31
3
30
19
22
22
26
20
21
36
4
19
24
21
26
3
17
1
23
24
30
24
22
21
39
15
2
26
27
34
28
40
30
22
19
22
2
27
23
18
35
2
26
16
2
3
16
31
19
27
17
1
23
19
43
4
4
6
3
28
7
1
16
19
28
24
3
28
32
8
24
11
3
36
0
17
0
16
0
22
10
72
0
35
7
0
5
9
11
0
11
18
23
0
0
19
9
0
11
14
9
0
13
7
9
0
16
11
9
5
0
20
34
0
18
9
18
13
3
26
13
12
15
15
11
0
21
0
8
11
9
0
19
7
0
0
12
9
0
0
11
7
0
0
30
20
0
9
0
15
13
11
13
23
0
0
12
15
20
0
9
14
7
12
16
32
7
9
23
20
11
9
5
59
14
0
14
16
13
0
16
24
0
0
0
20
15
0
14
7
0
0
0
0
0
20
0
14
0
0
10
20
0
0
14
13
0
15
9
0
0
0
0
0
0
0
0
0
0
0
11
26
0
24
0
24
7
31
15
11
0
7
0
19
0
55
20
0
0
9
7
0
37
28
5
0
13
14
0
0
0
0
0
0
0
0
0
0
0
3
0
20
0
0
19
0
3
0
12
0
34
0
9
0
14
28
7
5
35
0
13
0
16
0
19
0
22
0
7
3
20
22
32
0
14
17
16
0
11
0
13
5
13
0
18
16
22
7
9
0
11
14
83
0
20
14
0
17
20
14
11
22
24
24
0
0
23
24
0
7
14
17
0
0
13
13
0
0
9
11
0
9
0
30
0
13
0
49
0
11
13
24
0
5
25
0
17
19
31
42
18
19
38
24
30
81
25
25
23
18
12
26
16
20
13
16
24
17
17
36
22
13
21
28
18
12
26
15
21
21
25
27
16
10
26
39
26
22
21
32
51
32
42
28
42
25
34
27
19
16
20
21
11
36
30
14
24
17
29
10
23
14
20
43
24
28
35
19
30
34
16
50
16
12
30
33
23
36
15
31
24
25
33
25
11
14
26
22
24
28
31
21
22
15
18
28
15
12
18
28
28
46
25
26
16
19
29
31
26
31
15
26
23
41
35
13
22
29
32
38
18
15
29
23
44
39
22
18
41
20
27
30
20
28
34
33
28
34
28
9
16
18
27
12
17
21
62
20
24
16
17
28
45
19
24
16
16
15
19
21
20
55
29
27
44
15
33
29
34
24
70
15
33
25
13
43
31
19
18
35
12
19
15
30
34
26
19
50
24
20
13
35
53
23
13
18
38
21
34
7
50
13
16
18
48
15
28
16
29
51
16
12
61
14
20
19
24
23
21
20
25
26
14
23
39
23
12
32
23
17
17
24
27
25
21
18
16
26
19
11
14
12
22
37
19
25
32
22
21
22
21
15
16
13
15
27
31
22
52
20
20
22
19
23
23
19
20
18
18
24
23
9
26
32
37
20
20
20
20
29
44
65
32
11
25
23
27
17
13
17
23
21
13
7
21
19
17
11
9
7
9
9
9
19
7
9
7
13
5
5
7
7
11
9
3
7
3
5
7
5
7
7
9
5
11
9
7
11
5
7
5
11
9
11
7
1
7
11
0
9
7
13
9
9
7
11
3
7
9
5
1
9
9
9
9
7
9
9
9
13
7
9
7
9
5
3
11
9
9
9
11
7
5
9
7
7
9
9
7
1
7
11
9
9
7
7
9
9
5
7
7
5
9
9
9
11
5
7
9
9
7
5
9
9
11
0
11
11
5
9
9
3
9
7
3
9
7
11
5
11
9
9
7
11
9
11
0
11
5
0
9
9
5
7
9
5
3
9
7
9
9
1
5
9
9
2
7
5
9
5
7
9
9
13
7
7
9
9
9
9
5
3
0
7
9
0
9
9
11
9
9
3
9
7
11
7
9
7
5
9
7
7
9
11
5
13
7
9
7
9
11
3
3
7
9
7
3
9
7
11
9
9
7
11
5
1
7
11
7
3
9
7
9
5
11
7
0
9
9
5
10
7
11
5
1
9
9
7
5
9
7
9
9
3
7
9
11
9
7
11
11
9
11
0
7
13
9
11
9
9
9
5
13
11
5
5
13
9
9
11
7
11
9
0
9
9
9
11
11
11
9
11
13
9
9
6
2
4
4
4
6
4
4
4
4
2
4
4
8
6
6
4
4
4
2
2
0
2
8
6
4
6
4
0
4
2
2
4
2
2
4
0
6
2
4
6
6
6
2
6
4
4
2
4
4
6
4
4
2
4
4
4
8
2
0
4
2
6
4
4
6
2
2
0
4
6
2
2
2
2
0
2
4
4
2
10
4
6
2
4
6
4
2
4
4
2
4
2
0
2
6
0
6
2
6
2
4
2
6
6
6
2
6
4
6
4
4
4
0
8
6
4
4
4
4
2
4
4
2
2
8
8
0
0
6
6
6
6
4
4
8
0
6
2
4
6
0
6
6
4
2
2
4
6
2
4
6
0
0
2
4
2
4
2
6
2
4
0
0
8
2
6
6
0
4
4
2
2
4
10
2
4
2
0
4
4
2
6
4
4
10
4
6
4
2
2
4
4
6
4
2
4
6
6
6
6
2
2
4
2
0
4
8
4
6
4
6
6
6
6
2
0
6
4
4
4
0
4
4
0
10
4
2
4
4
2
4
4
6
6
2
0
4
4
8
4
2
4
0
2
2
6
0
6
6
2
8
6
4
8
2
4
6
2
0
0
2
4
0
0
4
6
4
4
2
2
6
4
2
4
4
4
6
2
4
2
4
4
6
2
6
0
6
0
0
2
0
1
1
6
1
0
3
0
0
1
3
2
1
4
2
16
4
2
0
1
1
0
1
1
1
1
3
0
1
7
1
1
5
2
0
0
0
3
3
1
1
1
0
3
4
1
3
3
0
0
0
0
1
0
3
0
1
0
0
1
0
2
1
1
1
1
0
7
7
1
4
0
1
1
0
4
2
0
1
0
1
1
1
2
2
0
0
1
1
0
2
3
1
1
0
6
5
5
7
5
2
3
0
1
3
1
2
1
0
4
1
4
2
1
1
0
0
2
2
4
3
3
6
2
5
0
0
0
3
2
0
0
1
0
1
1
0
1
0
0
2
2
0
2
2
0
1
1
12
0
0
1
2
2
15
1
1
2
4
1
2
1
0
0
1
1
1
1
1
1
3
0
2
1
2
8
2
5
1
1
2
0
5
1
4
4
1
11
0
0
1
1
1
0
2
1
0
0
1
1
1
0
2
10
10
5
1
1
4
0
1
3
0
1
1
1
1
2
0
0
0
0
0
1
2
2
0
1
1
1
1
3
11
1
2
0
0
1
3
0
0
4
1
4
1
1
1
3
4
4
2
6
1
2
2
1
0
1
0
0
1
1
1
0
1
1
2
0
6
0
1
2
1
0
2
8
1
2
2
2
1
0
1
0
2
11
3
11
17
53
17
7
41
7
13
5
5
19
11
13
2
3
27
15
17
5
7
2
13
5
9
7
9
13
9
19
4
9
23
5
5
11
15
7
11
15
17
5
11
9
11
19
9
21
9
5
19
9
15
5
13
23
7
13
17
9
13
17
9
4
23
23
7
9
5
9
21
19
13
5
9
5
15
9
11
13
13
7
13
21
15
21
13
17
9
5
4
5
9
21
23
23
3
5
15
13
19
33
11
21
7
7
17
33
11
29
5
23
7
4
17
13
5
5
7
11
21
5
9
11
23
9
19
5
5
11
7
13
21
7
15
5
15
11
9
7
7
21
23
7
9
13
19
11
13
21
19
11
5
15
23
25
11
17
2
5
7
4
5
9
5
4
15
11
5
43
13
13
3
3
4
9
7
11
7
2
5
4
9
4
7
9
7
7
4
5
3
2
9
5
5
2
0
4
11
5
5
5
11
5
9
5
4
2
3
5
5
25
3
4
5
2
5
7
7
5
5
3
7
7
9
4
4
0
4
5
7
9
4
2
7
2
13
11
4
5
9
2
9
21
5
4
5
9
9
5
4
5
5
2
4
11
13
13
15
11
9
9
7
15
7
7
5
17
7
7
5
2
4
7
2
3
0
3
7
5
3
4
2
7
5
5
3
4
2
0
4
4
2
0
0
0
2
4
4
2
4
2
0
6
2
2
2
0
0
6
6
2
0
6
2
0
0
2
4
0
4
0
10
0
4
0
4
4
10
4
6
0
8
4
0
4
0
8
2
0
6
6
8
0
0
2
2
8
0
6
4
4
0
8
2
0
4
0
6
0
8
8
4
8
4
0
2
0
4
0
0
4
2
6
4
4
4
2
8
0
6
2
6
6
0
4
8
0
2
0
0
4
2
2
2
2
0
2
0
8
10
6
0
4
6
0
0
0
6
4
4
6
0
4
0
2
8
4
4
4
0
8
6
0
4
4
0
4
2
6
4
4
4
0
6
0
2
4
2
0
6
2
2
2
10
6
0
6
4
4
2
0
6
0
2
4
4
0
2
6
2
0
0
0
6
0
6
0
4
6
2
0
8
4
2
2
0
0
4
0
2
0
0
2
0
0
0
2
2
2
0
4
6
2
0
2
6
4
2
0
0
2
2
2
2
8
2
0
0
2
2
0
2
0
2
0
4
0
2
2
0
0
4
0
8
0
0
4
6
4
4
4
2
8
4
0
0
2
6
0
0
2
0
4
2
4
0
2
0
0
2
0
0
0
0
4
0
4
4
4
2
6
4
4
2
0
6
2
2
2
4
2
2
0
4
