3
5
0
2
9
22
0
5
2
0
5
5
2
2
2
3
2
0
30
5
4
11
2
8
3
5
3
5
7
3
13
70
2
0
2
2
3
3
0
3
5
30
29
3
11
2
2
3
3
3
3
2
7
7
8
3
2
2
5
0
0
3
2
8
2
2
23
30
4
9
7
7
2
1
2
4
6
5
18
28
1
3
3
7
7
5
2
2
2
5
28
0
2
0
2
16
13
2
3
1
0
13
2
29
25
9
6
0
3
2
2
2
3
2
4
17
5
20
7
7
6
9
4
6
3
5
0
2
11
3
6
5
2
2
2
1
2
10
48
2
14
3
2
7
2
9
3
0
0
9
39
17
18
2
5
0
3
0
5
5
14
11
10
7
6
15
0
2
9
30
2
5
2
14
40
3
4
2
5
2
11
3
2
3
0
72
14
3
3
6
7
2
2
2
5
7
7
2
5
30
3
2
7
3
5
3
5
3
2
9
30
14
3
2
2
4
2
4
0
2
21
22
6
30
17
8
5
7
35
5
5
3
0
0
20
28
9
2
7
14
12
5
4
9
7
31
29
20
5
2
3
7
2
21
3
8
60
0
0
56
2
0
2
10
7
5
5
3
12
2
0
25
53
2
2
4
2
2
0
0
6
0
7
26
32
2
2
0
38
33
27
39
38
36
35
32
34
39
39
36
38
35
38
38
36
30
39
35
31
33
37
34
39
31
36
40
33
33
35
21
30
36
38
37
30
35
31
24
39
37
33
38
38
38
36
32
33
37
37
28
38
37
32
33
37
38
36
30
30
31
38
38
38
30
33
37
30
36
38
31
32
31
38
38
37
30
32
38
37
37
29
37
33
37
35
38
38
37
37
35
36
37
37
31
37
32
35
33
36
33
26
30
35
38
37
32
39
30
37
37
37
33
38
38
37
37
39
38
38
38
38
36
36
31
38
38
37
35
36
33
38
37
33
34
37
38
36
33
33
35
33
32
34
37
32
34
33
35
38
39
37
38
27
39
38
36
37
37
33
29
31
36
37
34
33
30
39
35
36
37
33
31
34
32
35
37
35
35
37
33
35
39
38
36
38
33
34
36
29
37
38
34
37
34
36
37
38
37
35
32
29
34
30
35
37
30
28
29
38
37
38
26
38
37
34
37
40
36
35
38
39
36
35
33
34
36
34
37
35
35
34
35
36
37
39
33
32
39
39
32
34
36
36
29
37
34
23
33
35
38
39
36
34
37
39
29
36
23
15
33
39
38
30
39
30
35
35
38
35
39
33
40
38
33
38
39
35
37
31
38
39
38
38
35
38
37
0
2
0
2
3
2
1
3
0
14
2
2
2
2
3
2
0
16
2
9
2
0
2
0
2
2
0
0
2
5
5
6
20
30
2
2
2
2
0
2
2
0
3
8
6
18
8
2
2
2
3
0
2
0
0
0
2
32
1
3
0
2
0
3
2
0
3
8
4
2
2
3
3
0
2
2
8
14
6
4
20
4
2
3
3
0
0
0
2
2
14
11
18
0
2
3
0
2
0
0
3
2
0
3
7
30
0
5
2
0
3
2
0
0
6
8
2
0
3
2
0
2
0
3
2
2
7
14
13
2
0
2
2
2
2
4
0
2
16
9
6
3
0
0
0
2
2
3
3
0
1
3
0
10
0
5
0
0
0
0
5
11
21
0
8
2
1
0
3
1
3
3
2
2
4
0
0
16
3
2
3
2
0
2
0
2
0
4
27
2
0
0
2
2
0
2
0
0
0
5
15
13
0
2
2
2
0
2
0
3
9
10
3
8
3
1
0
0
0
2
5
2
6
1
2
0
3
3
2
3
0
0
0
1
0
3
1
1
1
4
0
3
0
3
0
0
0
3
6
8
5
5
4
0
0
0
0
1
4
6
6
1
4
0
3
0
0
4
6
1
0
0
3
1
7
3
6
11
1
0
1
0
0
0
0
5
24
5
1
5
1
1
3
1
7
3
5
3
1
5
3
3
7
0
3
3
1
5
1
7
3
1
0
48
3
1
1
3
3
3
0
3
3
7
48
3
3
1
5
3
3
1
7
1
1
0
3
3
5
3
5
3
7
3
3
3
3
3
1
3
7
1
0
5
5
0
3
1
0
7
7
1
0
3
3
3
5
3
0
3
1
3
3
0
3
1
1
13
1
3
5
7
1
1
1
5
5
5
7
3
3
1
36
1
3
0
0
1
5
46
1
44
5
3
3
7
0
51
1
5
3
3
5
1
1
3
1
1
3
3
1
5
1
1
51
3
5
1
1
3
3
3
0
3
3
1
32
3
1
3
1
3
5
3
5
3
5
5
3
1
3
0
5
44
7
3
1
5
3
7
1
3
3
3
1
0
1
0
1
3
3
3
9
7
5
5
3
3
1
1
1
28
45
1
3
1
0
5
44
7
5
3
5
7
1
1
0
1
1
7
1
0
44
1
3
5
5
5
3
5
3
3
5
44
3
1
5
0
1
3
4
3
1
5
3
3
5
5
3
0
1
1
7
3
5
3
3
3
1
3
5
3
5
5
3
1
0
5
1
1
0
5
46
1
5
1
5
3
1
3
5
3
1
3
1
0
5
5
1
3
3
47
7
5
3
1
6
16
8
8
6
20
6
16
8
10
12
12
10
4
2
8
20
10
6
8
14
12
8
10
12
8
14
10
6
14
14
6
6
8
6
8
8
35
16
8
14
12
2
4
12
10
10
14
10
18
4
8
10
10
10
12
8
8
8
14
8
8
4
6
18
12
8
8
6
8
16
10
6
8
10
14
16
10
14
12
8
20
8
12
8
16
12
16
24
16
12
10
57
12
22
12
4
6
12
16
20
6
8
10
10
8
20
10
18
6
14
12
12
18
18
6
12
12
8
6
10
6
2
10
12
16
6
14
8
8
4
12
4
6
8
12
12
4
8
8
8
4
8
12
10
6
14
6
4
4
8
10
6
10
8
10
6
10
8
6
8
12
10
10
6
4
8
6
10
6
8
4
10
16
10
16
14
8
8
6
31
10
14
8
4
8
12
2
10
8
16
4
8
4
6
8
6
8
27
12
6
23
14
18
6
22
14
19
10
6
14
14
16
12
16
14
8
16
8
10
10
12
16
14
14
18
24
12
20
20
4
21
22
21
10
18
10
6
12
29
10
18
14
25
12
23
24
10
4
12
8
10
18
8
10
25
20
12
8
16
20
10
18
18
8
14
16
43
12
8
10
6
16
10
14
19
4
14
16
18
10
4
8
35
4
4
8
2
0
2
6
6
2
4
6
7
2
0
5
0
5
6
0
5
7
99
2
5
0
2
4
0
4
89
0
2
9
2
7
2
4
2
4
0
0
6
10
82
2
2
2
0
4
2
7
2
2
7
8
4
6
6
2
2
8
0
8
0
0
0
9
25
4
0
8
2
4
9
4
2
2
2
2
2
4
0
4
4
2
0
2
2
0
9
8
2
2
5
4
6
2
4
2
3
4
2
2
4
7
2
0
0
2
4
0
4
9
4
4
2
2
2
4
4
4
2
4
2
7
4
4
0
4
0
4
9
2
4
0
2
7
0
6
2
2
2
4
0
0
17
11
8
9
14
2
2
8
2
4
8
0
5
87
7
0
7
4
4
2
10
53
4
9
7
2
12
2
2
5
2
0
5
2
7
7
2
7
2
0
6
2
4
3
2
5
0
0
2
9
6
0
6
0
2
9
9
0
0
4
0
7
7
6
0
2
0
14
0
2
4
0
2
5
0
7
9
2
5
5
5
6
2
9
0
0
2
3
7
5
2
6
4
2
4
5
5
4
13
0
7
0
11
7
8
6
6
2
5
2
7
0
4
7
6
2
6
7
0
4
5
0
27
7
7
0
4
0
0
0
4
6
9
5
0
0
2
4
5
5
5
2
0
4
0
0
0
53
59
50
45
48
34
22
37
39
54
57
31
62
42
43
22
45
42
65
51
48
45
68
62
44
37
60
49
67
54
50
64
51
52
63
43
51
58
58
75
45
61
52
36
62
45
56
61
62
32
54
57
51
37
59
45
42
51
56
45
34
41
48
50
39
36
58
51
51
62
47
58
59
58
61
52
66
66
56
45
40
69
51
50
49
41
58
62
64
57
47
51
47
57
60
66
50
41
54
56
51
54
49
42
38
63
41
52
50
50
59
56
37
41
43
31
46
30
42
36
51
41
39
47
60
52
52
51
41
59
52
49
52
56
24
41
54
51
56
33
38
49
40
34
58
38
32
47
42
53
56
48
35
59
55
38
57
44
36
54
51
60
62
42
56
56
38
38
57
46
47
34
40
51
68
38
57
56
44
48
48
35
52
42
46
54
65
62
67
52
44
67
55
28
42
53
47
59
42
55
40
58
59
41
50
60
62
29
35
43
57
38
33
48
40
69
64
55
54
50
67
36
44
40
58
62
38
45
47
34
61
40
63
63
47
52
39
67
51
61
67
48
51
57
62
27
64
58
30
57
35
43
49
67
64
44
56
38
23
53
52
47
48
49
70
38
0
57
37
0
49
41
79
0
73
0
0
29
27
44
41
39
55
40
31
56
34
67
5
5
47
3
5
5
5
7
1
1
3
3
3
3
3
7
5
5
0
3
3
3
3
0
1
3
5
5
3
3
7
1
3
3
5
0
7
3
1
3
5
7
0
3
5
0
3
7
1
1
1
1
3
3
0
47
5
3
1
1
3
7
1
5
51
3
5
1
0
5
5
3
5
3
5
1
5
5
5
5
0
1
0
5
0
1
5
1
0
40
3
1
3
3
3
7
5
1
1
3
1
3
0
3
2
9
1
5
5
5
30
3
26
1
5
1
5
9
9
7
1
1
3
1
2
5
7
3
1
5
5
3
5
5
3
5
5
5
5
1
1
1
3
1
5
5
1
3
5
0
3
1
0
3
1
3
3
5
5
9
1
1
5
3
24
1
3
1
0
3
17
5
3
5
1
3
5
5
5
3
1
5
3
3
5
3
5
9
1
5
1
3
0
1
1
3
5
3
5
0
7
3
3
3
1
3
1
1
1
3
5
1
3
3
5
5
3
3
9
1
5
3
5
3
1
1
3
1
1
7
5
3
1
7
1
1
7
3
3
1
7
5
5
3
0
5
1
3
3
7
1
3
5
3
3
3
7
9
1
3
3
5
5
3
1
1
7
5
3
5
5
3
1
7
5
3
1
3
3
3
9
5
5
51
5
5
5
9
23
10
15
13
12
21
10
14
12
19
10
10
15
6
4
10
12
8
12
16
8
31
15
13
21
25
16
8
8
6
10
17
17
8
19
12
6
8
21
14
10
12
17
32
14
10
14
12
8
15
19
18
31
14
12
17
17
23
15
25
16
12
16
14
4
27
18
16
19
6
14
25
37
12
8
10
15
19
12
14
13
12
12
16
13
27
19
17
12
13
14
29
31
45
16
16
23
27
12
17
6
27
19
12
16
16
25
12
13
41
15
31
21
13
23
29
29
27
23
16
19
15
21
27
28
14
33
12
41
31
31
21
19
31
31
23
15
13
8
41
27
16
8
14
9
29
31
19
12
36
8
10
28
6
10
12
9
12
35
16
12
8
35
10
6
8
6
19
6
8
13
29
41
8
4
29
37
14
10
8
10
8
73
12
29
21
31
14
12
17
10
89
22
13
11
8
17
9
12
10
10
8
33
60
43
12
8
12
16
8
12
12
10
8
33
13
15
15
21
10
38
25
44
43
62
39
54
15
14
39
33
56
19
25
29
47
39
33
31
12
25
62
23
27
8
17
19
68
32
19
22
21
8
35
33
43
42
57
25
29
61
49
22
21
29
23
19
15
10
23
8
6
25
17
10
10
19
15
21
25
17
17
12
8
6
12
20
25
6
4
4
4
2
6
4
6
6
6
2
10
6
6
2
2
6
6
4
4
8
2
23
6
4
8
4
18
8
6
21
6
33
6
4
8
4
2
6
20
14
35
6
10
6
4
4
8
6
6
23
4
78
4
53
2
88
14
6
4
4
4
8
2
8
41
8
8
2
4
6
4
4
8
6
53
4
6
10
8
6
8
6
14
8
21
8
4
6
21
4
4
35
6
6
10
6
12
4
6
12
16
6
53
10
6
8
8
2
6
4
4
4
4
37
6
6
4
4
10
8
8
8
10
41
4
2
6
8
6
91
6
6
53
37
4
10
6
10
8
6
6
4
0
2
53
70
12
22
6
72
4
4
6
72
25
63
12
2
4
4
47
4
6
4
6
2
4
6
10
20
29
10
23
18
29
21
25
10
12
16
29
10
23
16
8
18
31
29
10
14
21
23
23
37
12
23
10
14
21
23
25
29
14
8
14
6
14
4
4
12
4
8
16
8
6
10
2
6
4
10
4
6
10
2
8
4
2
4
0
6
12
6
4
4
4
12
8
2
19
6
8
8
2
16
2
10
14
8
10
2
10
8
4
10
6
8
0
4
8
4
8
10
8
6
4
20
12
6
6
6
6
10
2
10
8
4
10
4
16
8
6
4
4
4
6
4
2
