0
2
2
4
4
2
4
2
0
2
2
2
0
2
2
2
6
4
9
2
0
0
0
2
2
2
4
0
0
2
0
2
2
4
4
4
2
6
0
0
6
0
4
0
2
0
2
0
2
2
2
4
4
0
4
4
2
0
2
2
0
2
2
2
0
0
4
2
2
2
2
4
0
4
4
2
2
8
4
0
0
2
4
2
0
2
2
6
2
4
0
0
2
0
2
2
0
0
2
6
0
4
0
0
4
0
0
8
2
0
4
0
2
4
2
2
0
0
2
0
0
2
2
0
2
0
6
2
4
2
2
4
2
2
2
2
2
2
2
0
2
2
0
2
0
2
2
0
0
2
2
2
2
0
2
2
0
4
2
2
2
4
2
4
2
0
2
2
2
4
0
2
4
0
2
6
0
0
0
2
2
0
2
2
4
2
0
0
4
0
0
2
2
0
0
2
2
4
0
2
2
6
0
0
2
2
4
2
4
2
4
0
2
4
2
2
2
2
4
0
2
4
2
2
0
2
0
2
2
2
0
2
0
0
0
2
0
4
2
0
2
2
2
6
0
2
2
2
0
2
0
2
2
8
2
2
2
4
2
2
2
2
6
2
6
2
6
4
2
2
0
0
2
2
4
0
2
2
4
0
2
0
0
2
2
0
2
0
6
3
3
3
10
2
8
2
4
0
4
2
4
2
4
6
3
4
2
2
2
6
9
0
2
4
8
2
52
5
5
4
2
0
2
44
2
2
6
4
5
2
6
4
7
2
1
3
0
7
2
4
4
7
2
6
3
4
5
9
2
4
4
2
2
4
2
4
5
16
4
2
2
5
2
4
4
2
7
5
4
2
2
6
4
12
2
2
2
2
2
5
3
4
4
47
2
3
3
39
2
2
52
5
38
9
6
6
9
7
9
3
6
5
5
4
7
44
2
2
4
5
0
5
3
4
2
4
2
4
49
3
5
2
4
2
5
2
0
4
42
7
10
2
2
22
5
10
4
5
5
3
2
2
2
20
5
45
3
2
9
0
4
15
2
5
2
9
7
10
10
14
21
5
0
7
10
19
7
11
6
9
4
4
2
9
2
25
4
10
0
0
6
5
5
7
9
9
18
9
5
5
7
9
5
5
2
5
9
9
9
23
4
5
14
6
4
6
2
4
5
3
44
2
4
7
6
2
7
4
41
4
4
3
4
12
6
71
4
7
45
37
12
4
40
0
8
4
0
4
4
2
3
4
2
3
7
4
21
2
3
4
50
8
4
18
11
69
2
0
4
12
4
2
2
4
4
4
2
4
37
5
2
4
45
4
2
2
4
2
8
2
4
4
2
4
2
0
6
2
2
6
2
0
4
2
4
0
2
2
2
0
0
2
2
0
2
2
2
2
2
2
6
2
4
6
8
4
6
4
4
0
2
2
0
2
4
2
4
2
2
2
0
6
4
0
6
4
8
4
2
6
4
4
2
6
2
2
2
0
2
0
6
6
6
2
0
0
0
8
2
4
0
0
12
2
4
4
2
2
0
4
4
6
2
2
0
2
6
6
2
6
2
10
4
0
8
6
2
8
2
8
6
2
6
2
2
0
2
4
2
6
4
6
0
4
8
2
2
8
2
4
6
6
6
4
6
4
8
6
4
0
6
4
6
0
6
2
8
8
0
2
6
0
4
6
2
2
4
0
4
8
6
2
10
10
6
8
4
2
4
12
12
6
10
6
12
8
8
4
10
8
2
4
4
14
10
10
6
12
8
6
10
10
10
6
6
4
6
10
10
8
8
8
6
8
10
6
12
12
14
8
10
6
10
4
0
2
2
0
0
0
0
0
0
4
0
0
4
2
2
0
6
0
0
2
4
0
2
2
0
0
2
2
4
4
8
0
6
4
2
2
2
4
2
2
0
2
2
0
2
2
0
0
2
0
4
6
0
0
0
4
0
4
0
2
4
0
4
0
6
0
0
2
0
8
28
19
23
19
30
31
35
32
47
31
19
25
18
15
53
33
27
24
26
22
28
30
19
30
28
23
19
20
39
19
23
25
29
28
24
31
14
41
29
25
29
20
29
31
28
26
35
33
20
22
29
27
22
28
48
34
25
21
21
44
26
31
24
31
37
24
21
24
19
30
30
26
18
22
15
28
26
27
23
27
19
34
26
22
45
32
21
32
23
18
28
26
26
16
19
27
23
16
24
19
39
14
18
24
21
19
20
14
19
25
20
15
22
17
23
29
17
38
28
19
22
31
25
24
27
27
40
40
15
23
24
40
27
24
21
23
21
27
26
30
28
37
38
38
18
23
25
35
27
19
29
20
19
24
30
17
22
26
37
30
21
25
17
14
22
22
23
14
30
27
15
20
17
25
15
18
19
24
12
26
20
27
15
29
18
15
20
21
22
19
17
31
27
18
16
15
32
11
21
16
19
17
20
14
13
16
25
13
18
23
27
14
11
17
18
23
28
15
16
12
27
21
19
14
8
14
15
23
15
19
23
20
21
34
24
33
19
20
23
23
20
20
18
18
20
21
20
26
23
22
11
17
33
19
24
18
18
21
16
14
23
23
29
29
16
16
33
22
22
33
24
15
21
15
17
20
31
20
19
6
19
26
16
22
18
23
19
33
0
1
1
7
1
1
1
0
3
3
11
5
0
9
2
0
13
2
1
1
3
5
0
0
7
0
2
5
0
9
3
2
3
0
5
3
1
2
7
7
0
2
0
1
7
5
1
1
1
3
9
2
1
3
2
2
7
4
2
1
0
0
9
0
0
4
4
1
3
4
0
3
9
1
5
9
2
2
9
3
7
4
7
0
0
1
3
5
2
7
99
0
2
2
1
7
1
2
0
3
5
98
3
0
0
5
2
5
2
1
0
3
2
5
1
9
3
0
2
3
0
5
1
1
0
2
2
5
5
2
0
2
3
9
0
0
0
2
5
7
5
1
2
0
0
7
0
0
1
7
0
1
0
0
0
1
0
5
0
2
5
0
4
7
0
5
0
0
0
0
0
7
0
0
9
1
0
0
0
0
7
9
1
3
0
9
5
5
5
0
0
0
7
4
1
2
0
0
5
5
5
0
0
5
1
0
0
9
0
0
4
7
0
0
0
1
1
5
2
11
3
0
9
13
7
7
0
1
7
2
0
0
0
7
5
5
7
5
7
15
9
2
0
0
9
5
0
1
9
0
2
5
9
9
1
2
3
7
9
5
0
5
2
5
0
4
2
5
3
5
2
5
3
0
7
9
2
0
5
5
2
5
7
5
13
90
7
5
6
4
7
15
4
8
5
7
4
5
6
4
4
7
8
4
11
2
6
4
6
6
4
6
6
4
8
2
6
4
4
8
4
7
4
7
6
10
7
13
7
4
7
13
6
18
2
6
6
13
4
4
8
4
8
7
8
7
11
4
4
17
5
6
6
11
6
9
11
2
11
5
21
2
7
21
6
9
13
4
7
5
9
9
11
4
5
15
6
9
6
4
10
7
7
13
9
9
9
8
4
7
9
9
6
9
6
8
4
5
6
5
5
11
4
6
10
6
13
15
19
5
5
7
7
7
9
11
4
9
11
19
6
11
7
5
15
13
8
10
4
5
7
14
7
6
6
7
15
9
13
6
6
9
7
19
11
15
8
6
13
13
4
8
9
9
9
8
6
2
9
7
7
8
13
19
4
10
9
11
6
7
15
9
6
10
12
6
4
7
10
4
4
11
6
17
7
2
7
6
8
8
11
13
9
8
11
13
8
8
9
11
8
6
7
6
4
7
9
7
9
6
9
9
10
11
11
6
7
0
4
7
4
6
6
5
9
11
6
11
4
11
5
6
4
6
7
6
11
4
21
6
2
9
4
4
9
9
6
9
6
9
4
13
2
2
6
9
4
4
9
7
5
13
6
4
6
24
4
6
5
6
2
9
4
20
4
4
0
7
3
0
3
7
1
0
5
3
1
0
1
1
0
5
0
0
0
3
1
1
1
1
1
1
3
1
9
11
7
3
3
1
3
1
3
0
3
1
1
3
3
1
1
3
9
5
1
0
3
3
1
3
5
1
3
7
1
1
5
3
1
1
3
3
0
1
1
3
3
1
3
3
3
1
9
0
1
1
3
0
5
5
1
0
3
1
1
1
1
1
3
3
1
1
3
1
1
3
0
3
7
2
5
1
3
0
1
3
5
3
5
3
3
3
1
3
1
1
1
3
1
0
3
5
1
0
1
1
0
3
1
1
5
1
0
0
1
5
0
0
1
0
1
9
3
0
0
3
0
3
1
1
3
1
3
0
1
1
3
3
7
0
1
1
1
3
3
5
1
0
3
3
1
5
3
0
5
3
5
1
1
1
3
0
0
1
0
3
0
5
0
3
1
1
7
3
5
0
5
0
1
5
7
3
1
3
5
3
5
3
0
3
5
1
5
1
0
3
3
1
3
3
3
0
5
3
3
3
3
1
0
11
9
3
1
3
3
3
0
3
5
1
3
1
0
1
0
1
1
5
7
1
0
0
3
7
1
0
3
1
0
1
1
1
1
1
3
1
1
1
3
0
5
5
7
9
5
1
1
1
0
0
1
1
0
0
14
12
17
35
12
17
17
6
21
25
19
18
6
14
6
10
10
16
14
10
10
15
8
10
6
21
12
25
31
17
21
10
2
12
6
16
14
43
21
60
19
15
14
41
14
18
21
35
15
16
8
19
18
14
14
19
37
17
29
21
23
21
19
31
14
19
19
31
10
21
27
15
27
47
41
33
29
21
8
15
19
19
34
19
10
15
31
10
21
14
16
47
45
35
33
25
17
52
14
17
25
43
12
45
10
35
21
29
29
23
33
19
47
21
23
10
91
21
45
33
12
14
21
36
19
35
10
27
44
50
37
29
60
23
68
62
52
16
27
8
42
41
12
49
35
50
52
43
48
14
35
33
17
27
23
21
12
23
72
72
39
33
37
29
14
62
31
27
29
23
41
53
18
49
37
10
37
41
10
14
45
12
23
21
37
18
12
18
21
27
33
33
27
10
12
17
23
38
14
16
21
33
4
10
33
8
31
10
37
43
19
21
6
8
17
21
19
39
14
8
27
6
35
35
35
8
8
29
8
12
25
16
35
10
25
12
15
27
10
12
12
39
27
23
8
12
45
23
14
10
35
8
10
31
21
31
14
27
29
10
12
23
8
23
35
27
10
10
33
6
4
10
35
12
6
12
14
16
23
8
21
23
25
21
6
8
14
19
19
15
21
6
10
15
13
11
9
4
6
8
21
11
4
11
17
37
15
16
10
9
15
20
11
6
7
13
13
15
9
15
15
17
11
17
9
10
67
11
10
23
20
21
4
13
17
15
9
15
19
24
34
15
11
9
13
13
26
17
11
19
8
9
15
11
13
10
9
6
8
15
6
11
10
13
8
17
9
2
11
24
9
4
9
33
9
6
8
13
23
11
6
9
9
66
4
10
9
11
11
9
8
40
13
18
19
2
4
13
4
13
28
7
11
9
13
20
9
17
19
9
26
11
8
9
9
7
4
11
9
13
16
8
30
22
7
11
13
11
13
9
11
24
4
7
21
4
5
7
9
11
15
12
9
11
15
24
13
11
12
9
38
32
12
29
17
28
17
25
21
14
34
31
21
15
11
13
26
26
20
23
24
25
19
25
33
15
19
14
23
21
36
27
15
9
26
36
36
11
13
15
8
11
28
38
34
22
13
33
46
31
28
20
35
19
19
22
17
21
29
13
9
24
36
13
23
24
15
26
13
19
14
23
19
7
13
17
15
16
40
28
19
15
33
20
47
8
30
17
26
25
23
11
13
11
10
13
23
10
11
42
19
24
7
5
8
8
18
4
7
13
11
7
9
7
8
7
4
8
8
9
9
11
6
12
9
11
18
14
16
6
12
8
25
6
0
6
7
7
6
2
9
4
6
9
11
7
7
29
10
36
2
2
2
5
0
11
4
4
9
2
5
37
29
5
0
40
5
15
4
0
2
5
6
6
6
4
6
7
43
33
8
4
40
4
6
6
5
5
33
9
4
5
5
15
4
9
9
5
41
6
4
6
6
7
9
7
5
8
2
5
9
13
4
38
9
6
4
4
4
0
44
38
0
4
2
9
4
4
2
0
36
9
2
2
4
4
0
4
7
4
36
36
7
8
0
0
0
0
0
0
0
0
0
0
0
0
0
0
0
0
0
0
0
0
2
0
0
0
0
0
2
0
0
0
0
0
0
0
0
2
0
0
0
0
0
0
0
0
0
0
0
0
0
0
0
2
2
0
0
0
0
2
0
0
0
0
2
0
0
2
0
0
0
2
2
0
0
0
0
2
0
2
0
0
0
0
0
0
2
0
0
2
0
2
0
0
0
0
0
0
0
2
0
0
0
4
2
0
2
5
2
4
4
2
4
2
2
4
0
0
2
2
2
4
6
2
0
27
2
29
2
2
2
2
2
2
0
4
0
0
2
2
0
2
2
7
2
12
0
0
2
0
2
2
6
2
2
2
2
4
2
2
2
2
2
4
2
4
3
4
4
5
2
2
