9
17
2
0
13
4
0
0
0
4
0
4
15
0
0
11
0
0
0
0
15
7
11
2
9
17
9
9
2
6
4
6
6
7
5
13
8
9
2
11
0
0
4
8
2
2
2
0
3
2
3
0
4
2
4
0
5
4
12
5
11
2
9
15
0
0
4
4
6
0
5
9
7
0
2
0
17
9
14
14
4
11
0
2
0
0
5
4
2
15
17
4
15
6
15
0
0
0
9
2
2
2
0
0
0
9
0
2
2
3
0
0
2
0
0
4
4
3
0
4
2
10
9
4
31
89
0
2
9
4
2
13
0
0
9
5
1
10
4
0
0
2
11
7
0
0
0
15
9
0
2
16
7
0
0
2
4
12
3
11
0
17
6
16
4
9
2
9
16
21
0
4
4
8
6
17
2
4
7
8
0
0
0
4
0
8
4
11
4
4
19
4
19
21
7
2
6
0
21
0
2
20
6
2
2
9
5
4
9
2
9
9
2
8
11
15
9
13
15
5
0
7
9
9
5
2
7
2
4
2
2
19
18
0
2
9
6
0
6
2
4
2
4
0
4
11
6
3
7
4
6
7
2
4
2
4
2
2
0
0
3
2
4
4
13
2
5
4
9
4
6
4
2
2
6
2
2
0
0
8
4
2
6
0
2
2
0
7
2
11
0
2
0
4
0
0
4
2
2
2
0
6
6
4
2
4
4
0
2
2
4
2
0
2
0
2
2
4
0
0
2
2
2
2
2
0
2
4
4
66
0
2
2
0
2
2
0
0
2
2
4
4
0
2
2
2
8
0
0
0
0
2
0
8
2
2
0
4
0
2
2
4
0
2
2
0
2
0
0
2
6
4
2
4
2
2
0
2
2
2
2
0
56
0
6
5
0
0
0
0
4
6
2
2
2
6
2
2
8
2
0
2
6
2
2
69
2
2
4
2
4
0
0
2
4
4
4
6
2
8
4
4
4
4
2
2
2
2
2
0
6
2
0
0
0
6
0
8
2
4
4
0
0
0
2
2
0
0
4
4
0
2
4
2
4
4
0
0
0
4
2
2
0
2
17
2
4
2
2
2
2
6
4
2
0
7
2
4
2
4
0
0
2
4
4
2
0
2
0
2
4
4
4
0
2
6
2
4
8
2
0
4
2
2
0
14
2
0
2
0
0
3
8
8
0
2
2
2
0
6
4
4
4
2
2
2
4
10
2
4
4
4
2
0
2
8
2
2
0
0
0
2
2
2
2
0
2
0
4
2
2
0
61
2
6
0
0
4
4
8
0
2
2
4
2
2
2
0
0
2
0
2
0
0
4
2
52
2
45
2
29
0
0
2
0
2
2
0
21
2
6
2
2
2
2
2
2
2
2
4
0
2
4
20
0
4
2
4
2
4
2
0
2
2
2
6
2
4
8
2
2
6
4
6
4
4
4
2
0
2
2
2
4
2
2
39
10
6
2
0
2
2
0
6
4
2
2
8
2
2
2
4
2
6
8
39
6
2
0
0
4
4
0
2
0
0
2
6
2
2
0
4
6
2
4
2
8
2
4
2
4
2
4
0
8
2
2
8
4
2
0
2
2
4
39
41
6
4
2
6
4
0
6
2
4
4
0
33
6
4
0
10
0
0
4
2
4
2
0
2
39
6
10
6
0
4
0
4
2
0
6
2
0
4
2
2
0
2
2
2
0
0
2
0
2
6
2
2
24
0
4
6
4
6
8
2
4
0
4
0
2
6
0
4
2
2
2
4
6
4
4
0
2
2
0
2
4
0
4
6
39
0
10
6
2
0
2
2
0
6
6
4
2
2
6
2
2
4
4
2
2
4
0
6
2
4
6
39
4
14
2
0
0
4
4
4
0
0
37
8
2
2
6
4
4
35
4
8
2
0
68
2
2
38
2
0
0
2
4
0
0
0
0
0
0
0
0
0
2
2
0
0
0
0
0
0
0
0
0
0
0
0
0
0
4
0
0
0
4
2
2
0
2
0
2
0
2
2
0
2
4
2
2
2
2
2
0
2
0
2
2
4
2
2
4
2
6
2
0
2
2
2
2
2
0
0
2
2
2
0
2
0
2
2
4
0
2
2
2
0
2
2
4
2
2
2
2
2
0
0
2
0
2
4
0
0
2
2
6
0
2
2
2
4
2
2
4
2
4
2
2
2
0
4
0
4
2
0
2
0
0
2
2
0
2
2
2
2
2
4
0
2
2
2
0
2
2
2
0
4
0
2
2
2
2
4
2
2
0
0
0
2
2
2
2
2
0
0
2
2
2
0
0
4
4
0
6
2
2
2
0
2
0
4
2
0
2
2
2
2
0
4
2
2
2
2
2
4
0
2
2
2
2
2
4
4
2
0
2
4
2
0
4
6
2
2
2
2
2
4
2
0
0
2
2
4
2
2
0
2
2
2
2
0
0
0
2
2
4
0
0
2
2
2
2
0
4
0
0
2
2
0
2
4
4
0
2
2
2
2
0
2
2
6
2
4
0
2
2
4
2
2
2
2
0
2
2
0
2
2
2
2
0
2
0
2
0
2
4
2
4
2
0
0
2
4
0
0
2
0
0
0
2
0
2
2
2
2
0
2
2
2
0
2
0
2
2
2
4
0
0
4
2
2
0
4
2
0
2
2
0
2
2
0
4
0
4
0
4
0
4
2
0
4
2
2
2
5
3
2
2
2
0
2
0
2
0
0
0
0
0
2
0
3
0
0
2
2
4
0
2
2
5
2
2
0
0
0
0
2
2
0
0
0
0
0
2
0
2
0
2
4
0
2
2
0
2
4
4
0
2
0
5
5
0
9
0
3
4
4
0
2
0
4
0
6
2
0
0
2
2
0
4
2
2
0
0
2
2
0
0
0
0
2
2
5
6
0
0
4
2
2
0
0
0
0
0
4
4
0
0
2
4
2
1
2
2
2
2
2
0
2
2
4
2
0
2
4
0
3
0
4
4
0
0
4
0
3
0
3
0
2
0
2
0
0
4
0
2
0
2
0
2
1
0
2
4
0
2
0
0
4
4
0
2
0
2
2
4
0
2
2
0
0
0
4
0
0
2
0
2
4
2
5
2
9
2
2
2
0
0
2
2
0
2
2
0
2
2
2
0
0
2
4
4
0
2
2
2
0
4
2
2
0
0
0
0
0
2
0
0
4
0
0
0
0
0
3
2
2
0
2
0
2
0
0
4
0
3
5
3
0
0
0
0
4
2
2
2
2
0
6
0
2
0
3
0
4
0
2
0
4
0
0
0
0
0
0
4
4
1
1
1
1
1
6
2
1
1
2
7
1
2
0
2
1
0
1
2
3
1
1
0
1
1
4
2
2
3
1
1
1
1
1
1
1
3
3
3
0
0
2
5
1
3
1
2
0
2
3
2
1
1
6
2
0
0
2
1
1
1
1
3
0
0
1
0
4
1
0
2
1
0
0
1
1
5
1
1
0
0
0
3
0
1
0
2
0
1
0
0
1
0
0
2
1
1
1
1
4
1
3
0
1
1
1
0
3
1
2
1
4
1
4
1
1
0
4
4
4
0
4
7
1
4
5
2
2
11
0
1
0
4
0
4
1
1
2
2
0
4
1
3
1
4
0
1
4
1
2
1
5
1
1
1
1
1
1
2
1
3
0
1
0
1
1
0
4
0
4
1
2
0
4
1
2
1
4
1
1
1
4
1
0
2
1
2
0
2
1
1
1
0
8
0
2
1
1
1
2
4
4
1
0
0
1
1
0
1
4
2
0
0
2
4
1
1
0
1
1
1
2
3
0
1
1
1
1
0
0
0
1
3
0
1
2
1
0
2
2
1
3
5
2
0
1
1
1
1
1
1
2
1
0
0
1
2
0
1
3
1
1
2
4
2
1
2
3
3
5
2
4
1
3
0
2
4
1
1
1
3
1
1
1
2
1
2
4
34
15
5
24
20
30
39
11
7
9
9
13
7
11
24
15
13
11
13
17
9
19
11
24
9
11
15
17
7
13
13
42
17
36
60
7
28
38
15
21
15
26
78
30
15
21
34
21
36
15
13
28
7
30
44
17
24
40
24
21
42
43
19
15
15
23
15
13
26
13
13
32
36
9
7
9
5
7
5
11
9
13
7
1
7
5
11
17
9
13
7
21
13
15
11
11
13
5
9
5
7
19
13
15
7
5
5
3
11
5
15
9
11
11
16
15
19
17
7
13
15
11
9
15
19
9
9
13
19
9
19
1
15
13
13
11
11
9
3
28
24
17
15
11
16
11
1
11
13
21
19
24
3
17
3
3
15
15
5
26
11
7
11
9
26
13
3
13
13
13
7
13
7
15
17
13
23
20
26
26
11
9
17
13
15
40
13
39
17
53
11
15
15
32
38
28
41
40
28
11
11
24
21
13
36
41
24
22
17
17
24
11
26
17
42
17
19
15
30
28
30
13
26
85
32
17
19
32
38
32
30
30
30
24
13
38
45
15
40
11
19
19
22
19
15
9
17
26
15
9
17
15
22
17
11
28
24
17
20
19
11
21
21
21
15
9
9
15
30
24
5
9
28
38
9
17
22
15
19
15
11
23
17
17
21
25
9
3
0
2
0
0
2
3
0
0
2
0
0
2
0
0
2
2
0
3
4
0
2
4
0
0
4
2
0
0
4
0
2
0
2
7
0
4
0
2
0
4
1
0
1
2
2
2
0
0
0
0
0
0
4
1
2
0
1
2
2
4
2
0
2
4
1
2
2
0
0
4
2
0
2
1
4
2
2
0
4
2
2
3
2
2
1
2
2
2
0
0
2
2
2
2
1
4
0
1
4
2
2
4
1
0
2
2
1
0
2
0
0
2
0
7
2
0
2
0
2
2
0
0
2
3
2
2
2
2
2
2
1
2
0
0
4
2
4
3
0
2
0
2
0
2
2
0
2
3
2
0
2
4
2
2
0
0
2
0
0
1
2
2
2
0
2
0
0
5
1
0
2
2
0
2
0
2
4
1
2
2
1
2
2
1
0
1
0
0
0
0
2
2
2
2
0
2
4
2
5
2
4
2
1
2
0
2
0
2
2
4
5
0
3
1
2
6
1
0
2
2
2
0
2
2
0
2
0
1
2
0
0
4
1
0
2
0
2
2
5
2
0
0
2
2
2
0
0
0
1
2
0
0
2
2
4
0
0
0
2
2
2
2
2
2
0
2
2
5
0
2
2
2
2
2
2
2
0
2
4
0
4
0
2
0
0
0
2
0
2
8
2
2
4
2
2
0
0
0
0
0
6
0
2
2
0
2
4
6
0
0
0
0
2
0
4
4
0
11
2
6
4
2
0
2
4
0
2
0
4
4
4
0
0
2
2
2
0
2
2
2
4
4
6
2
0
4
0
2
4
0
2
0
0
4
2
2
2
2
0
0
0
2
2
4
2
2
2
0
0
2
0
0
0
0
2
4
2
2
0
2
0
2
2
2
0
4
2
4
2
0
2
2
4
0
2
0
0
0
0
0
0
4
4
2
2
0
0
8
0
0
0
2
0
0
14
2
2
2
0
0
2
0
0
2
8
0
2
2
2
2
2
2
4
0
0
2
2
4
0
2
2
2
2
4
0
0
2
0
0
2
0
0
2
0
4
0
0
2
0
2
2
2
0
0
0
2
0
2
4
2
2
4
2
2
2
0
2
2
2
0
6
2
4
2
2
2
2
0
2
10
0
2
2
0
4
4
2
2
2
0
0
2
2
4
0
0
2
0
2
2
0
4
2
0
0
2
0
0
0
2
0
2
0
0
4
4
0
0
0
0
4
2
0
0
0
2
0
0
0
2
0
0
2
0
0
0
0
2
2
0
0
2
2
0
4
2
0
4
0
6
2
0
0
2
0
0
0
0
0
0
0
0
0
2
2
0
4
6
13
8
10
11
10
11
9
6
10
4
8
6
8
8
60
19
6
42
10
8
6
8
13
10
48
8
42
9
6
8
6
35
4
8
6
32
10
31
11
13
6
67
2
4
11
84
8
48
17
8
10
6
6
46
4
55
42
24
9
4
6
8
8
10
17
2
6
4
6
12
6
19
4
6
8
6
29
8
6
7
9
4
6
6
2
6
23
8
6
21
6
6
10
6
6
8
2
8
17
10
8
13
8
10
40
37
6
19
26
23
8
12
79
6
8
8
27
8
10
9
8
6
23
6
8
38
4
6
15
4
10
10
8
4
27
23
8
12
36
8
29
6
4
4
11
40
17
54
4
15
4
6
6
6
13
10
81
6
31
13
71
10
15
83
19
12
6
6
10
19
13
15
19
13
6
15
8
17
23
40
10
9
19
17
10
13
17
23
8
15
19
21
26
15
12
17
19
6
4
12
8
11
6
8
11
14
11
15
8
10
15
8
21
6
27
31
17
12
15
15
6
13
8
9
10
8
15
27
12
15
12
15
21
17
6
10
8
15
9
12
11
34
10
19
8
57
14
10
19
10
10
28
4
5
14
9
26
15
20
9
15
15
15
17
14
10
20
16
9
20
25
22
26
21
19
19
15
19
18
17
21
19
25
8
27
37
