19
66
65
56
50
61
39
57
51
79
45
50
14
55
38
40
37
66
40
50
29
60
54
48
67
65
58
77
58
35
32
69
56
47
50
47
44
57
88
67
64
55
68
83
47
67
35
45
51
52
37
57
47
40
41
45
37
44
35
54
53
15
44
42
69
50
53
54
49
58
48
43
54
32
32
42
83
40
74
55
45
82
34
63
41
43
40
53
48
20
24
53
41
40
61
46
33
42
56
68
36
25
61
74
72
36
62
65
27
45
62
73
51
45
65
53
15
43
25
53
46
33
36
33
38
64
77
43
53
20
63
64
57
36
54
35
62
74
43
68
38
63
51
57
69
54
44
75
23
42
67
50
39
54
76
69
23
37
46
42
69
73
39
72
77
57
66
60
57
54
53
67
42
57
46
78
34
66
61
78
36
69
33
47
64
59
21
50
70
31
37
62
72
40
31
67
59
54
37
55
34
54
65
50
51
51
32
54
48
62
69
64
30
57
61
31
51
61
33
46
49
31
51
27
35
53
27
51
13
17
44
25
33
44
15
33
46
75
14
60
41
52
43
20
26
40
42
49
30
26
18
7
39
27
20
28
82
12
64
44
20
23
13
49
23
52
29
59
39
45
18
7
21
65
26
29
14
25
14
16
20
9
27
9
53
10
24
16
2
6
4
4
2
2
6
2
2
4
2
2
0
0
2
4
2
2
2
2
2
6
2
2
6
4
2
4
2
2
2
2
2
6
2
4
2
2
6
2
2
2
2
2
0
2
4
2
2
2
6
6
0
4
4
2
6
2
2
2
6
2
4
4
2
4
2
6
8
2
4
4
2
4
4
2
2
0
0
4
2
10
4
15
2
4
2
2
4
2
4
2
4
2
2
4
0
0
4
2
0
2
6
6
4
2
2
0
4
6
2
4
4
4
4
2
4
4
2
4
6
4
6
2
4
6
6
6
6
0
4
4
4
8
2
4
2
4
2
0
10
6
2
4
4
4
0
6
8
2
6
2
6
2
2
4
4
2
4
6
2
0
2
4
0
2
2
4
8
2
4
4
4
4
2
4
12
2
4
2
6
14
2
4
6
8
2
4
8
8
4
4
4
4
2
4
0
8
2
6
2
4
6
8
6
0
2
4
2
4
4
2
2
2
2
2
0
14
4
6
8
4
0
4
4
4
4
4
2
4
6
4
4
4
4
4
2
4
4
4
4
2
2
6
6
2
0
2
4
0
2
2
4
2
2
6
8
2
2
8
4
4
4
4
2
2
6
2
2
0
0
2
6
2
0
4
6
4
4
2
2
6
2
2
2
4
2
2
68
94
90
68
90
95
97
96
96
68
95
96
93
96
94
86
92
77
95
87
76
85
93
91
72
94
90
93
92
94
90
86
93
92
89
88
88
90
94
96
92
88
76
88
88
89
93
96
82
95
97
92
90
90
94
88
94
87
98
94
94
88
96
94
94
92
84
95
96
92
90
82
90
95
92
92
92
70
88
90
94
87
94
92
86
90
91
92
88
93
71
97
94
92
98
92
93
94
84
96
90
87
68
89
95
83
92
94
93
98
82
94
86
86
95
94
96
96
93
85
91
93
94
79
98
93
95
70
89
82
62
98
95
95
97
92
94
94
96
99
89
93
96
94
91
97
85
89
89
86
91
71
90
88
68
96
85
94
87
91
79
90
96
87
88
90
88
89
89
68
91
95
93
93
68
68
93
90
90
95
89
95
66
93
94
90
94
90
90
93
96
88
96
92
70
94
98
95
91
89
92
72
88
66
88
66
92
64
94
91
89
94
87
93
55
66
76
78
79
78
62
94
78
73
97
78
76
84
73
60
95
68
78
63
68
78
68
94
74
68
88
88
68
70
75
74
91
70
74
93
46
66
68
86
74
64
90
66
95
82
83
70
48
95
99
98
68
56
50
90
68
76
95
90
56
68
74
91
84
87
90
68
89
94
84
77
66
80
6
0
0
2
4
2
2
2
7
4
0
4
0
4
2
2
2
2
0
0
0
6
4
2
4
2
0
2
4
4
10
0
2
4
0
6
4
2
4
0
4
6
2
4
0
14
0
4
0
4
0
0
6
0
0
2
0
4
4
4
0
2
2
2
2
2
2
6
0
2
2
6
0
0
4
2
6
0
2
0
2
2
2
4
2
2
2
2
2
0
4
2
4
0
0
2
6
2
4
0
0
0
2
4
2
2
2
4
0
2
2
4
4
2
6
0
0
2
4
16
2
4
2
0
4
2
2
2
6
6
4
0
2
0
0
4
2
2
4
2
0
2
0
0
4
0
2
0
0
2
0
4
2
2
4
2
4
4
2
0
0
2
0
10
0
0
23
2
23
0
0
4
4
6
0
4
6
6
2
2
4
0
8
0
0
2
0
6
6
0
0
2
2
4
2
12
2
2
6
0
2
2
2
2
0
2
4
0
2
0
2
2
2
0
2
0
0
2
2
0
2
2
4
4
21
4
4
0
2
4
2
0
4
2
0
19
4
0
0
2
0
2
4
0
0
0
2
0
0
0
0
0
0
2
0
4
0
2
2
0
2
0
2
2
0
0
2
4
0
6
4
2
0
4
4
0
2
0
4
4
2
2
4
0
0
2
2
6
8
6
8
6
7
8
4
6
7
4
7
10
9
7
8
7
6
8
8
6
6
7
5
6
8
7
7
8
7
8
8
7
6
9
7
8
7
8
6
10
7
6
8
8
8
6
6
6
10
8
9
7
8
7
4
9
6
9
7
5
9
8
3
8
6
6
7
4
8
5
6
7
5
4
6
4
7
5
4
8
6
6
5
5
6
6
7
5
6
5
8
5
6
5
4
5
9
6
6
6
4
8
9
5
8
6
6
6
6
7
5
7
6
7
8
7
6
4
7
6
7
5
7
7
4
5
5
6
6
6
7
7
6
8
4
7
4
5
6
5
4
6
5
9
8
5
6
4
5
6
8
8
9
4
8
8
8
6
8
6
5
5
8
6
4
7
10
8
8
5
7
6
4
4
8
5
8
5
6
7
8
7
6
4
8
8
10
6
5
7
7
7
8
7
6
10
6
8
5
4
7
8
3
5
7
8
7
2
2
6
4
7
7
8
7
7
4
8
7
7
8
7
7
5
5
6
6
5
5
8
6
8
4
6
5
6
5
9
2
7
6
5
5
6
5
7
6
4
8
3
7
7
7
7
5
7
7
4
8
8
7
7
6
5
4
6
9
6
5
2
8
4
8
6
5
2
11
8
5
4
6
5
5
4
6
4
5
7
13
12
21
13
19
17
17
17
13
14
13
15
13
17
12
17
14
15
13
6
15
14
16
9
21
16
17
10
19
18
15
15
12
10
5
17
15
14
8
15
19
18
8
16
19
18
14
12
11
8
15
10
13
6
13
13
12
8
8
10
13
16
14
8
12
12
14
14
11
15
11
17
18
10
8
18
12
11
15
14
14
14
8
15
11
15
18
11
16
12
11
19
18
10
11
13
9
13
18
16
4
9
19
14
14
16
18
19
20
20
17
6
22
6
12
13
18
13
19
15
12
17
11
11
15
15
12
6
15
15
17
15
14
15
10
19
15
15
13
14
15
13
18
12
8
14
14
13
19
7
18
11
12
13
7
16
17
12
12
16
12
16
14
15
17
7
15
12
10
16
13
14
18
17
10
11
9
10
16
13
18
13
7
13
11
17
18
17
13
15
17
19
10
9
16
14
19
16
14
9
12
15
16
7
17
12
11
17
10
16
17
14
15
13
12
14
10
15
14
8
8
15
10
14
10
13
19
19
14
13
9
14
17
13
21
13
20
14
19
16
14
11
12
13
12
19
22
15
19
19
18
17
17
13
15
14
15
19
17
14
17
18
15
15
13
19
10
18
22
11
18
16
18
19
15
17
19
16
18
18
22
20
13
5
18
21
19
18
9
5
3
9
7
19
5
7
5
11
11
5
9
13
5
7
7
7
9
7
0
7
7
3
7
13
3
9
11
9
5
5
5
5
5
9
5
7
5
5
5
7
9
0
9
9
0
15
11
13
3
7
15
17
7
9
11
7
5
3
9
3
15
5
9
3
9
23
9
13
15
7
7
3
32
9
1
7
1
5
21
7
7
9
9
11
7
7
13
5
17
5
7
11
5
13
13
9
15
5
9
11
11
5
3
5
15
9
13
19
19
21
27
40
34
21
32
30
30
57
28
27
19
17
30
21
19
30
17
42
21
19
17
7
15
21
13
30
28
17
32
21
23
28
25
34
17
15
28
17
26
38
30
35
25
15
40
9
34
32
34
42
1
36
19
25
42
42
17
27
21
13
23
30
28
32
26
25
11
19
17
26
19
25
46
30
11
44
28
26
36
9
23
13
15
15
17
30
38
32
28
34
13
32
15
25
30
15
23
23
26
19
30
11
36
19
13
30
38
9
19
5
5
5
29
19
17
17
9
15
11
15
11
9
34
9
21
17
9
11
13
13
15
28
17
15
15
28
21
26
29
28
26
19
25
9
34
9
30
19
21
23
27
29
17
9
23
17
31
23
7
11
3
21
5
9
9
5
7
5
7
7
5
5
9
9
3
3
0
5
9
8
3
3
1
11
5
8
3
0
3
11
9
10
2
0
0
0
5
7
6
0
5
8
0
3
2
6
7
5
5
0
2
0
0
0
4
4
4
6
1
6
11
4
0
5
4
4
2
9
13
1
1
11
0
4
1
5
7
13
7
2
4
7
6
9
2
1
2
2
2
21
4
2
13
2
0
2
0
5
2
0
0
2
10
6
0
4
2
2
0
0
0
5
2
1
2
7
3
4
0
0
11
6
4
2
5
8
0
4
5
5
5
1
3
2
1
7
2
0
2
3
15
2
3
2
2
3
3
0
5
0
0
2
2
3
1
2
0
2
0
5
0
2
0
3
15
0
0
2
3
7
0
7
5
10
0
9
3
5
5
10
7
3
0
3
6
9
14
0
10
2
5
12
8
5
11
6
3
0
3
1
5
6
2
10
2
0
5
0
10
10
2
4
5
10
2
2
5
0
7
0
5
6
3
6
2
2
0
8
26
1
5
11
2
5
11
2
0
2
2
2
15
0
8
0
3
4
2
2
1
0
7
0
5
9
12
5
2
0
5
5
3
2
2
16
4
6
6
3
8
4
7
4
5
5
3
0
4
9
3
0
8
8
2
2
3
3
2
2
7
7
2
2
12
20
2
0
15
5
7
2
0
2
3
2
3
52
38
32
17
32
0
2
0
3
34
0
39
60
24
22
20
35
47
0
0
0
5
32
28
40
36
15
0
38
0
0
0
0
0
0
31
30
32
24
23
42
38
0
0
0
0
49
36
41
53
25
0
21
0
0
0
0
0
48
3
0
46
14
25
22
0
0
0
0
0
34
11
27
78
1
19
23
35
0
0
0
3
38
22
45
32
15
3
27
0
0
0
0
4
52
20
20
42
25
18
46
0
0
0
0
30
0
27
28
0
24
20
12
0
43
0
0
1
52
12
29
27
1
27
20
0
2
0
0
0
48
37
3
24
37
25
21
37
0
0
0
0
26
27
0
22
25
15
0
36
4
25
0
14
0
6
19
19
27
0
25
21
30
27
26
45
23
0
24
24
45
0
20
20
24
0
24
27
16
0
23
17
0
0
0
0
0
29
29
20
0
21
4
0
0
0
9
0
0
1
0
21
19
27
24
4
22
13
0
18
22
23
24
0
21
16
0
0
0
0
16
0
0
0
24
22
19
16
19
0
34
23
0
23
0
0
20
22
0
0
0
17
0
28
27
0
0
9
1
23
35
14
3
16
20
0
0
19
0
22
26
24
0
42
19
15
0
29
0
12
26
0
4
16
21
0
52
12
0
0
0
22
0
16
0
18
34
2
6
2
2
4
4
6
2
2
0
4
6
6
4
4
0
4
2
4
4
2
4
2
4
4
2
0
4
2
4
2
8
4
8
0
2
2
0
6
6
0
8
2
6
6
2
6
6
4
6
4
6
4
2
6
4
4
2
6
0
2
2
0
2
0
0
2
6
2
2
0
4
0
6
0
6
2
4
4
6
4
6
4
6
4
6
8
4
8
6
4
4
4
4
4
4
0
8
0
2
6
4
4
4
6
6
2
8
4
2
2
6
8
2
6
4
6
4
4
4
8
4
4
4
6
8
0
8
4
2
2
2
6
4
2
6
2
2
2
8
4
0
2
2
2
4
2
2
4
2
6
2
4
2
8
4
0
4
6
4
4
4
4
2
2
4
4
0
0
4
4
2
4
4
4
4
6
4
2
4
0
2
4
2
6
4
2
8
2
0
4
2
4
4
6
4
4
6
2
4
2
4
4
2
4
4
6
8
2
6
2
4
4
6
2
8
4
0
2
2
4
2
2
2
6
6
4
4
2
6
4
6
2
6
4
2
4
4
6
2
4
2
4
4
4
2
4
2
10
6
0
6
6
6
2
6
4
4
2
2
10
8
0
6
6
2
4
6
4
4
6
4
4
4
2
2
4
6
4
2
2
2
4
8
4
2
6
4
