6
27
10
13
13
8
16
23
18
21
23
14
16
9
12
13
12
13
14
17
8
11
10
20
16
13
12
14
15
17
8
22
8
12
8
18
14
6
12
4
14
18
10
19
19
6
19
10
27
9
15
23
15
26
14
21
15
11
26
28
21
12
8
8
13
12
25
12
15
18
19
11
17
4
8
13
10
16
18
17
19
19
11
7
10
11
11
11
13
19
19
11
15
17
11
26
15
19
19
13
27
19
17
26
13
21
10
9
21
21
23
17
17
17
12
31
25
25
10
23
19
19
15
10
25
15
15
15
11
12
9
12
8
17
17
13
22
17
14
55
35
15
25
19
23
10
4
10
8
9
15
8
44
8
6
12
9
13
6
7
17
4
12
19
8
6
4
8
10
4
14
5
15
2
6
11
10
8
8
13
11
7
12
6
14
6
7
13
2
6
10
8
7
15
11
6
6
11
10
8
9
8
8
12
10
7
6
19
16
12
2
8
8
6
15
15
12
6
8
10
10
12
8
9
7
14
14
6
2
10
14
15
17
6
6
6
10
6
10
2
4
4
8
8
8
7
15
4
4
8
10
7
13
16
14
6
8
4
11
8
15
8
6
4
9
4
8
6
6
6
15
10
7
12
4
4
2
8
15
6
9
10
9
11
9
13
17
13
2
0
6
2
0
17
2
2
2
0
4
0
0
2
2
2
49
2
4
0
2
2
0
0
0
2
0
0
2
2
2
0
4
2
0
0
0
0
0
2
0
13
0
0
2
0
0
2
0
0
0
2
0
0
0
2
0
2
0
2
0
0
2
0
15
65
0
2
2
2
2
0
0
2
0
0
17
4
4
6
2
2
0
0
0
0
0
4
0
0
0
0
0
0
4
0
2
2
0
2
11
48
0
0
2
0
0
0
0
4
2
2
2
0
6
0
0
0
0
2
0
2
4
2
15
73
2
0
2
0
0
2
2
2
0
0
10
0
4
0
2
2
2
0
2
0
2
4
4
72
0
0
0
0
2
2
2
4
0
2
23
4
2
0
0
0
2
2
2
2
0
2
74
2
2
0
6
2
0
2
2
0
0
2
26
4
8
2
2
0
2
0
0
0
0
0
4
29
2
2
2
2
4
2
2
4
4
2
4
12
2
2
0
2
4
0
0
0
2
0
26
6
2
15
0
0
0
2
2
0
2
4
8
71
5
0
0
0
0
2
2
2
4
2
10
17
0
0
2
4
13
6
2
2
2
4
2
0
0
2
2
0
2
10
0
2
0
0
32
0
2
2
2
2
0
4
2
2
2
2
2
0
4
2
0
0
0
0
23
18
10
7
15
13
10
17
21
13
15
13
11
8
10
8
13
10
4
10
6
17
8
17
14
10
15
15
11
8
14
6
25
9
8
10
13
10
11
9
9
4
8
17
4
11
8
8
6
10
18
9
8
11
6
7
8
0
13
4
4
4
9
6
16
10
19
10
7
7
5
5
14
8
5
4
13
11
13
13
10
11
23
13
8
15
4
13
37
25
10
23
6
20
28
22
13
10
19
17
17
13
13
11
10
22
27
20
11
19
17
11
13
17
19
17
21
10
7
17
23
19
8
16
15
13
14
29
14
19
13
15
19
15
14
11
32
5
17
39
27
12
15
7
10
21
14
7
9
34
4
36
13
19
13
11
15
6
4
21
14
12
14
11
11
23
8
9
9
6
6
12
9
10
13
21
13
13
13
15
7
13
20
8
11
11
7
19
21
8
6
6
32
15
8
27
8
18
12
11
25
12
27
24
24
24
13
11
8
15
11
9
13
12
9
9
9
11
9
14
11
11
6
11
13
21
7
9
9
20
9
9
18
9
11
9
4
6
8
21
11
13
9
6
10
7
15
9
7
16
10
0
23
2
0
7
4
6
2
2
4
5
0
4
4
0
0
2
3
0
2
2
6
13
2
7
2
4
4
4
0
2
10
2
0
6
9
5
0
0
2
0
0
0
0
2
0
2
2
0
0
2
0
0
0
0
2
2
0
0
0
0
2
2
0
0
0
0
4
0
0
2
2
2
0
2
0
2
2
0
2
2
2
2
2
0
0
2
0
0
2
0
0
0
2
2
0
2
2
7
0
0
2
2
2
2
2
2
2
2
0
0
2
0
0
0
2
2
0
0
2
2
2
2
2
2
2
0
2
0
1
2
0
0
2
2
0
0
2
0
0
2
2
2
0
0
2
11
0
0
0
2
2
2
0
0
0
2
0
0
0
2
0
2
0
0
2
0
2
0
2
0
2
0
2
2
0
2
2
2
2
0
2
0
2
0
0
0
2
2
0
0
2
2
0
0
2
0
2
2
0
0
2
2
2
2
2
2
2
0
0
0
0
0
2
0
0
0
0
2
0
0
2
0
2
0
2
0
2
0
2
2
2
2
2
2
2
0
2
2
0
0
2
0
13
2
2
0
0
2
0
2
0
2
2
2
0
2
2
0
0
0
0
2
2
2
0
0
2
2
0
0
2
0
2
2
2
2
2
0
1
2
2
0
2
2
13
2
2
2
0
2
0
2
0
0
2
2
2
0
0
2
0
2
2
0
0
2
0
2
0
2
0
4
2
2
2
2
0
0
2
2
0
0
2
2
36
37
26
24
32
29
22
32
29
45
24
34
38
27
24
25
31
24
18
41
44
36
38
45
43
42
34
37
29
23
20
24
38
28
33
38
29
40
37
36
26
36
29
42
30
28
34
29
25
33
23
31
41
31
33
28
26
40
39
26
35
29
30
28
29
41
29
21
35
31
29
45
29
41
40
44
27
23
33
31
29
28
31
38
44
44
43
27
31
34
38
28
33
24
34
32
41
39
29
41
34
14
32
44
32
28
34
28
28
33
40
37
42
22
33
31
40
32
31
21
41
36
42
31
26
25
29
31
40
33
34
38
31
39
47
41
41
27
41
28
43
37
34
43
43
28
40
33
35
42
42
31
39
37
41
29
40
29
33
39
32
26
26
39
30
37
40
20
36
34
40
22
40
28
31
31
41
31
36
31
33
35
32
38
29
34
33
27
30
37
30
35
39
36
37
37
22
29
16
38
36
38
47
32
28
27
46
26
32
27
19
21
34
24
35
43
28
31
28
28
44
29
38
33
29
30
36
31
37
42
31
38
30
37
31
43
27
29
43
22
30
30
32
43
34
42
30
31
24
31
30
40
29
40
35
32
29
27
28
37
36
26
29
27
44
36
44
36
29
30
42
31
27
43
31
27
29
38
39
39
31
37
23
31
19
26
27
43
0
0
0
0
2
2
4
6
2
0
2
2
2
0
2
2
0
0
2
2
2
2
2
2
2
0
0
0
2
4
2
6
0
3
2
2
32
2
2
0
92
4
0
0
2
2
0
0
0
0
2
2
2
2
4
2
2
2
2
0
0
0
0
5
2
3
4
2
4
4
3
0
2
1
0
0
0
2
0
2
40
2
2
2
0
2
2
2
2
2
0
4
2
4
2
2
2
0
0
2
0
4
2
2
4
4
0
0
0
0
0
2
2
0
0
0
2
2
2
2
0
2
21
2
2
0
0
4
3
2
2
2
0
2
0
0
0
4
2
2
4
0
59
2
0
0
0
0
4
0
50
3
4
0
0
2
45
2
0
0
4
0
4
2
2
2
0
0
0
2
0
2
2
4
4
4
0
2
2
0
2
40
0
4
2
0
2
3
43
0
0
54
0
2
4
0
2
2
2
0
3
2
4
0
0
0
0
2
0
2
4
2
2
2
0
4
0
4
2
0
57
0
2
2
2
2
0
2
63
0
0
0
0
2
0
0
2
2
2
2
2
0
0
0
0
0
2
0
4
2
0
0
0
4
0
6
2
2
2
4
2
2
0
2
2
4
2
0
2
2
0
2
0
2
0
4
0
2
2
2
2
2
2
2
0
2
0
20
4
17
19
17
16
17
3
22
16
16
13
13
14
18
17
20
15
19
14
22
24
27
28
23
26
24
25
28
34
25
26
16
28
19
29
21
30
13
24
25
23
27
25
37
28
31
32
26
26
29
28
18
19
21
19
34
20
17
25
29
23
30
19
28
11
14
15
16
17
18
18
13
22
10
17
12
13
12
18
19
8
17
22
19
27
13
11
12
17
23
18
11
21
17
15
19
15
8
13
20
17
20
24
18
13
17
19
10
24
15
2
4
10
16
31
11
20
20
16
20
14
16
9
4
22
25
21
23
21
16
7
18
24
25
19
17
18
23
24
25
26
25
29
32
35
34
32
24
25
26
23
11
29
26
29
27
19
29
23
23
28
27
21
25
17
9
24
23
24
20
32
22
17
23
20
16
17
6
30
22
29
22
16
2
2
2
7
4
0
19
5
4
26
3
2
3
25
6
13
5
8
18
4
13
7
7
5
6
5
6
6
4
20
3
4
6
15
6
3
5
6
3
6
15
6
7
5
6
6
4
4
4
4
1
8
5
3
5
8
7
38
2
18
4
5
8
14
4
4
3
2
2
3
5
7
5
6
1
6
6
30
40
30
3
3
4
7
4
5
6
8
7
39
10
7
4
3
4
4
4
9
13
7
5
8
7
7
4
8
4
4
4
2
5
6
8
8
4
6
6
8
4
4
2
6
4
6
7
10
4
6
12
4
10
8
4
8
6
12
8
6
4
10
12
4
6
8
4
6
8
4
4
6
8
4
6
6
10
6
8
6
6
8
11
6
10
13
10
4
10
8
4
11
6
6
8
8
4
8
96
2
6
6
8
4
4
8
8
6
12
10
4
6
6
8
8
8
8
12
8
6
8
10
8
10
8
4
12
11
8
6
6
6
6
7
16
10
10
6
4
12
8
2
9
16
4
13
4
9
9
7
9
4
14
11
5
13
6
6
12
11
11
11
12
10
10
17
5
6
9
13
6
6
13
5
7
7
8
7
8
10
8
9
6
8
13
13
9
8
15
8
11
10
6
8
4
6
13
9
7
6
6
8
11
11
9
11
10
14
9
13
9
8
11
13
15
9
9
18
10
13
9
4
13
6
5
9
9
9
8
7
11
11
9
5
8
32
7
7
6
11
10
11
6
4
6
8
15
10
6
10
7
5
5
5
6
17
8
4
4
6
8
12
6
8
6
6
6
7
11
4
2
0
8
8
8
8
10
4
10
6
2
6
6
4
2
8
6
5
10
4
10
4
8
4
8
10
4
8
6
10
12
4
10
8
19
2
4
8
8
10
10
4
8
4
12
11
0
0
2
2
0
19
4
25
4
2
0
0
1
0
5
0
0
4
7
0
4
0
4
0
0
11
4
0
2
34
1
0
2
0
2
7
0
0
0
0
50
0
27
0
4
0
4
0
7
7
1
0
4
0
3
7
0
0
71
7
53
2
0
0
2
27
0
25
79
71
29
3
5
6
0
4
5
3
34
2
4
75
5
84
31
7
2
0
13
6
23
0
14
14
0
0
0
9
6
5
1
11
24
0
7
0
2
0
0
2
3
0
2
3
0
27
4
0
0
0
58
1
3
0
0
0
0
6
3
2
0
0
2
6
0
0
2
0
2
3
0
3
0
9
3
0
4
0
0
3
0
0
6
0
0
0
34
4
2
0
0
3
2
0
38
2
11
0
2
4
3
29
2
5
0
4
27
3
0
11
3
2
5
0
0
0
28
0
7
2
0
0
0
2
2
0
0
0
0
2
0
0
2
0
0
2
0
0
1
0
0
0
0
8
8
0
0
4
0
4
0
0
3
5
33
0
2
0
0
0
2
0
0
0
0
9
3
0
3
0
0
0
5
0
0
0
0
0
0
3
5
0
0
0
0
0
3
1
0
0
21
0
0
2
0
2
5
0
0
0
0
52
0
0
0
1
0
0
0
0
0
0
0
3
0
0
0
22
26
24
21
19
25
28
22
26
23
23
26
23
24
19
26
27
29
28
22
27
24
23
26
27
19
21
26
25
29
23
26
23
28
24
21
21
25
25
20
26
28
20
25
27
22
25
27
21
27
27
17
26
23
23
26
25
23
21
28
25
26
29
23
26
23
24
18
21
25
25
24
24
19
31
23
22
21
22
16
24
27
26
19
25
21
19
24
27
28
18
25
23
22
25
28
26
25
28
28
18
28
20
27
21
21
23
29
21
22
21
20
20
18
29
24
22
26
20
26
25
24
26
24
24
26
30
20
26
18
26
24
24
20
26
25
23
23
28
26
25
24
25
25
26
19
20
26
28
24
24
27
26
18
29
28
20
25
23
19
25
26
26
22
25
25
22
25
23
26
21
26
26
24
24
26
23
21
25
23
23
27
22
22
29
26
24
25
25
23
27
23
19
28
26
27
26
24
26
25
23
24
23
25
18
26
26
29
26
28
25
24
26
27
26
25
25
25
27
20
25
25
28
27
22
28
26
23
28
22
25
16
23
25
24
24
23
27
28
25
25
20
19
25
26
23
18
24
19
15
17
25
25
16
31
26
26
26
25
25
25
27
25
26
23
20
25
25
23
26
19
21
28
26
21
28
25
27
24
29
25
24
22
20
23
23
24
22
