9
11
3
24
19
22
24
15
18
9
9
11
18
17
15
5
22
15
16
17
15
17
7
12
26
47
33
16
14
11
12
12
9
13
15
15
4
16
17
42
26
22
11
14
5
6
9
7
7
19
25
35
10
7
22
19
9
11
2
29
7
15
20
12
14
7
10
8
3
8
11
9
7
4
16
2
14
15
17
13
6
12
7
16
14
9
13
21
9
7
2
9
10
11
8
6
7
5
3
2
10
12
6
11
7
9
7
11
11
10
7
14
9
7
7
14
24
13
9
14
17
6
29
9
7
22
13
13
11
9
10
7
13
12
3
9
5
5
2
11
0
5
10
5
10
7
4
14
6
9
13
7
15
20
24
24
14
15
4
12
7
12
7
15
9
14
7
22
6
17
13
13
22
12
17
7
9
6
9
13
11
9
13
5
9
11
20
13
6
18
11
17
4
22
24
11
11
14
6
19
16
21
11
3
4
20
20
5
12
8
9
8
25
18
18
9
22
18
16
16
13
19
12
17
9
11
5
11
9
10
7
9
11
9
5
15
12
10
10
2
7
13
20
5
13
11
23
7
17
11
17
28
13
7
9
13
0
9
12
10
11
3
11
11
12
5
12
16
14
7
9
19
20
14
21
11
7
11
7
11
24
7
5
3
2
11
4
4
1
0
0
0
0
0
3
0
1
0
1
5
0
0
1
1
1
0
1
0
3
0
0
1
1
0
0
0
1
0
0
0
1
1
3
0
0
1
1
1
0
5
3
0
0
0
3
3
0
1
0
0
1
1
3
1
0
0
5
1
1
0
1
0
1
0
3
0
1
1
1
1
0
1
3
1
0
1
3
1
1
3
0
1
1
1
0
3
5
0
1
0
1
1
0
0
0
11
1
1
1
0
0
1
0
0
1
3
5
1
1
0
3
3
1
1
1
1
5
3
1
1
3
5
1
1
0
0
1
0
0
3
3
0
1
3
0
1
0
1
1
1
1
0
0
3
3
5
1
5
1
3
1
0
0
3
1
1
3
1
0
3
3
0
5
1
5
1
0
0
0
3
1
3
1
0
1
3
0
0
1
3
0
1
1
0
3
1
0
1
1
0
1
3
1
1
1
0
1
3
1
0
3
3
5
1
0
0
3
1
1
1
3
1
5
1
0
3
1
0
0
7
0
3
1
1
0
5
1
0
3
0
1
5
1
1
0
3
1
1
0
1
0
1
0
1
0
0
1
1
3
1
1
3
0
1
1
0
0
0
1
0
1
3
0
1
1
1
1
0
0
1
1
1
1
1
1
3
0
1
0
1
0
0
1
1
1
0
25
31
27
17
34
47
61
31
28
31
24
28
31
25
50
31
30
54
24
19
26
41
47
20
52
32
45
42
36
32
34
31
34
42
29
43
37
47
22
29
50
32
24
38
19
28
35
26
42
31
17
17
53
46
29
25
24
33
32
29
25
23
38
18
46
33
47
35
30
29
43
32
54
30
32
31
28
24
39
20
30
31
32
29
50
16
42
41
30
24
36
33
47
28
34
48
28
21
33
32
24
27
30
47
50
43
20
29
17
31
28
48
24
21
25
32
29
38
38
19
17
37
30
29
44
23
29
42
30
23
30
33
41
29
25
32
14
39
27
26
38
24
33
27
24
30
35
33
36
24
45
27
20
34
26
38
24
25
37
32
21
16
27
36
27
37
35
31
26
34
27
22
44
36
16
27
34
45
21
33
55
23
21
32
26
34
37
34
40
45
28
16
28
30
41
20
23
28
28
42
19
27
28
34
21
19
28
30
18
25
26
14
31
24
19
22
24
22
21
11
21
19
20
19
21
16
18
21
21
17
17
10
17
18
16
21
16
18
18
16
10
19
30
22
21
20
18
17
19
24
19
18
18
19
28
16
12
13
24
21
22
30
12
25
24
22
19
25
22
31
23
17
19
18
18
14
18
21
18
18
15
32
22
20
21
25
27
28
1
3
1
3
0
3
1
3
1
3
3
1
1
3
1
1
1
1
0
3
0
0
1
1
3
1
0
1
1
3
1
3
1
1
0
3
1
1
1
3
0
1
0
1
3
1
1
3
5
1
3
11
1
1
5
3
1
1
5
1
1
1
1
1
3
1
1
5
3
3
3
5
1
5
1
5
0
7
0
0
5
1
1
3
3
1
1
1
1
10
1
1
1
0
5
1
3
7
1
0
1
1
1
1
3
1
7
1
1
1
1
1
0
3
1
5
7
3
1
3
5
7
5
1
1
3
1
7
7
3
5
1
0
5
5
1
3
1
1
7
3
3
1
5
3
3
5
5
7
3
5
1
5
3
1
3
0
0
1
0
3
5
9
5
1
5
1
59
3
3
1
1
3
5
7
1
0
0
5
1
0
5
5
1
0
0
5
3
3
1
3
1
3
5
1
3
5
5
5
3
9
1
1
9
7
5
0
3
0
1
3
5
0
3
5
9
1
1
0
1
3
1
1
1
3
0
3
0
1
0
1
5
1
1
1
3
0
1
1
1
1
3
3
3
1
1
5
3
1
1
1
5
3
1
0
1
3
1
0
3
0
9
7
1
0
1
3
1
0
0
3
1
0
1
1
7
3
1
1
3
0
11
3
1
1
0
3
3
2
2
2
2
0
1
2
2
0
2
0
0
2
4
2
0
2
2
2
2
2
2
0
2
2
0
0
2
0
0
0
2
3
4
2
0
2
0
2
2
2
1
2
2
0
2
2
2
2
2
0
0
4
0
0
0
0
0
1
0
0
2
2
2
2
2
4
0
0
2
0
0
2
0
0
0
0
2
0
0
2
2
2
2
2
0
0
3
2
2
2
0
2
0
2
0
2
1
2
2
2
2
2
2
2
2
1
2
2
2
2
0
2
3
2
2
2
2
2
2
3
2
4
2
2
3
2
2
2
2
2
2
2
2
3
2
5
2
2
2
4
2
4
2
0
2
0
2
0
2
0
2
2
2
2
2
2
2
2
3
2
2
2
0
2
2
3
1
1
1
1
1
1
1
3
1
2
1
0
2
2
1
3
2
1
1
1
2
1
3
2
2
2
2
2
1
3
3
0
1
1
1
3
3
0
1
1
1
1
1
1
1
2
0
2
2
1
1
1
1
0
1
1
0
3
2
2
2
1
3
2
1
2
3
2
0
2
1
2
3
3
1
1
1
1
1
1
1
0
0
1
1
2
1
1
1
2
2
2
1
1
2
2
1
1
1
2
1
1
3
2
1
2
0
1
2
2
3
1
3
1
1
3
1
2
1
1
3
6
0
2
0
2
4
4
2
0
2
0
2
12
4
0
4
0
8
2
4
2
0
2
4
4
4
2
13
4
2
2
4
2
2
2
2
0
0
0
4
2
0
2
0
4
4
2
2
0
2
2
0
18
4
0
2
6
0
0
0
2
4
14
2
0
2
4
0
4
0
2
2
2
0
4
2
4
4
0
2
0
0
4
4
4
2
15
0
0
6
2
0
2
0
4
2
2
2
0
2
6
2
2
6
2
2
6
2
2
2
2
2
0
2
2
0
2
4
2
0
4
4
2
4
0
4
2
4
4
4
0
0
0
2
2
0
2
2
2
4
6
0
2
4
2
0
4
4
0
4
0
2
0
0
0
0
0
2
0
4
0
4
2
4
0
2
2
0
0
4
4
0
2
4
2
2
2
0
4
2
0
2
2
0
2
0
0
2
2
2
0
0
0
2
4
2
0
4
2
6
2
0
2
4
4
2
0
0
12
2
2
2
0
0
2
4
4
2
4
0
0
4
2
2
4
2
2
0
0
2
2
2
4
11
2
0
0
4
2
2
4
0
0
11
4
2
14
2
2
2
2
4
2
0
2
2
2
2
2
2
2
6
0
2
0
0
2
4
0
2
0
0
2
0
4
6
0
4
8
4
0
4
0
6
2
4
4
2
2
2
4
2
1
0
1
0
2
0
2
2
2
0
0
0
4
0
2
2
0
0
2
0
0
4
1
0
5
0
2
0
0
0
0
0
4
2
2
0
0
0
0
2
2
2
1
0
0
5
0
2
2
2
1
0
2
0
0
0
0
2
0
0
4
2
2
0
0
0
0
0
0
0
2
0
0
2
0
0
0
0
0
0
2
0
2
4
0
0
0
0
0
2
1
0
0
0
4
0
2
0
0
2
2
2
2
1
2
1
1
2
1
3
1
0
2
0
0
4
1
1
1
4
2
2
1
4
2
2
4
4
1
2
0
0
1
0
1
2
2
3
0
0
2
2
2
2
0
1
0
1
0
1
0
2
2
2
2
4
0
2
0
2
2
3
0
0
0
2
0
1
2
2
0
2
1
2
2
1
0
2
4
2
1
0
0
1
1
0
0
2
2
2
1
1
0
2
2
1
2
1
0
4
4
0
2
2
0
2
0
1
2
1
0
1
0
4
2
0
2
0
2
2
3
1
4
0
0
4
4
2
0
2
0
2
0
0
4
1
0
2
4
0
2
0
0
2
2
4
0
3
0
2
2
4
0
3
4
1
2
2
0
1
2
2
2
3
2
0
0
2
1
4
2
4
4
0
4
0
0
2
2
2
2
2
0
2
4
0
0
2
0
0
10
0
0
0
6
2
6
0
0
0
0
2
6
2
2
4
0
0
0
0
2
2
0
2
2
2
0
4
6
2
2
2
2
2
6
0
0
4
6
4
0
0
0
17
0
0
2
0
2
2
0
0
0
2
4
0
0
2
8
2
2
2
0
0
12
0
2
0
0
4
4
0
0
0
0
2
0
0
0
0
0
0
2
0
2
8
0
0
0
6
2
0
4
2
6
8
15
4
0
2
2
4
46
2
2
0
2
0
2
0
0
0
0
10
0
2
0
2
6
6
0
0
10
0
0
0
6
2
0
0
4
4
0
8
2
2
12
4
0
4
0
2
2
8
2
0
6
6
0
4
0
2
0
10
2
2
0
2
4
0
0
0
0
8
4
0
0
4
0
2
0
2
2
0
0
2
2
0
2
2
2
0
2
0
0
6
8
0
4
10
0
0
2
2
4
2
0
0
4
4
4
17
0
0
2
0
0
0
4
0
0
0
0
6
8
4
0
2
2
0
0
4
0
2
4
6
4
6
0
4
2
35
2
0
4
0
8
0
4
2
0
0
2
2
4
2
4
0
0
0
0
2
0
4
0
0
2
2
2
4
2
0
0
0
0
8
6
0
0
6
2
6
0
0
2
14
0
0
4
0
0
0
6
2
2
6
4
6
4
4
2
4
4
0
2
4
12
2
2
2
2
2
4
44
6
8
4
0
4
2
4
8
2
2
0
10
2
8
4
0
4
2
8
8
10
4
4
4
0
4
0
2
0
2
0
6
2
2
2
8
2
2
0
14
10
8
2
12
0
2
4
4
4
0
4
0
4
4
2
2
4
38
8
2
4
4
4
2
2
2
12
0
6
4
4
10
16
4
4
8
2
4
12
2
8
6
2
4
6
6
6
8
4
4
4
2
4
6
6
6
6
4
2
10
2
0
2
29
0
2
4
19
8
0
4
2
2
8
4
4
2
4
8
8
6
2
0
2
2
8
10
2
6
2
8
8
2
4
0
12
2
10
4
2
4
6
10
4
6
12
0
4
12
2
4
2
2
4
4
4
4
2
2
10
10
6
8
4
4
6
12
6
4
4
12
6
10
10
4
4
8
10
8
8
8
2
8
10
14
4
59
10
2
4
4
8
2
2
4
8
2
4
6
6
6
6
2
50
4
4
0
2
6
8
2
15
14
4
0
4
2
2
6
4
4
2
0
2
2
2
39
0
2
8
2
4
8
2
4
2
8
4
6
2
0
4
0
4
6
8
4
4
4
8
4
2
4
2
2
6
10
4
0
4
8
14
0
4
2
0
13
13
16
66
17
15
33
18
26
16
32
21
36
18
61
14
15
20
33
27
15
18
28
16
12
17
16
31
24
11
23
18
24
16
16
65
25
13
21
26
16
20
19
20
32
13
23
29
54
13
18
19
14
17
16
66
14
11
18
35
30
13
19
29
38
32
26
26
11
12
29
18
22
10
10
25
19
16
26
25
9
14
22
16
11
10
35
41
19
18
31
16
11
29
13
9
11
16
17
17
16
14
28
12
14
15
10
11
14
9
18
28
28
18
62
37
28
22
18
36
10
12
17
29
19
17
25
33
20
20
45
15
10
10
17
21
12
22
15
64
21
16
14
17
16
10
15
18
14
19
16
24
11
14
6
20
26
11
13
17
16
18
18
13
13
13
10
10
10
11
21
12
27
31
16
19
32
18
13
30
17
19
24
46
28
34
13
15
43
23
21
22
19
30
16
22
42
12
19
15
70
16
17
12
15
12
18
23
14
16
13
19
16
12
28
12
10
21
23
28
20
25
31
40
14
15
26
24
43
6
27
17
24
15
18
39
16
24
27
29
32
26
11
69
32
29
21
54
22
22
23
26
32
15
27
60
15
10
27
10
16
13
17
30
15
20
18
28
35
16
11
39
31
9
14
43
17
18
32
33
15
16
14
17
37
24
27
29
