2
2
0
2
4
0
10
1
6
4
0
2
2
0
2
0
2
0
2
0
2
2
2
3
4
5
4
0
8
2
2
0
0
4
0
2
2
2
1
2
0
1
0
2
1
4
0
2
2
5
2
2
2
0
6
7
2
5
6
0
7
4
2
0
4
3
1
2
2
4
0
22
2
2
2
0
7
2
7
1
4
4
2
4
2
0
4
2
1
3
0
2
2
2
2
2
0
0
2
2
1
2
2
0
4
0
4
1
2
2
1
2
3
2
2
5
2
3
2
2
2
0
0
3
9
4
5
2
2
2
4
2
9
3
4
1
2
4
3
2
2
0
2
4
1
4
2
6
5
2
0
4
2
2
2
2
0
2
2
0
0
2
0
2
0
2
1
0
5
2
2
0
2
4
0
0
2
0
2
2
2
2
0
4
0
1
0
2
0
0
8
0
5
0
0
2
1
2
2
2
0
0
0
5
2
0
0
0
0
6
2
2
0
2
0
2
2
1
0
0
0
2
2
4
0
0
4
4
2
0
3
2
0
11
2
2
2
2
8
2
2
2
0
4
3
2
2
2
2
2
0
0
1
2
0
3
0
5
2
3
2
3
2
2
2
0
2
0
2
0
5
0
2
3
0
3
2
1
0
2
2
2
2
0
0
2
5
2
9
3
11
7
3
5
35
7
5
3
7
15
5
5
9
2
3
0
3
0
2
9
3
2
0
5
3
5
3
9
0
2
7
5
7
5
3
2
11
5
3
11
2
9
5
13
3
2
2
5
11
7
3
11
9
7
5
13
9
9
13
2
0
13
5
17
11
9
3
5
5
5
3
5
13
5
3
13
7
7
7
5
7
3
17
9
11
11
13
17
9
9
13
5
3
9
3
5
5
7
13
7
17
13
5
7
15
5
15
11
2
11
7
3
7
3
9
11
21
7
11
11
9
9
17
7
17
13
11
11
13
7
11
17
7
5
19
25
11
9
7
15
13
17
3
15
15
15
15
11
11
9
15
17
9
15
13
13
15
15
21
5
3
3
11
3
3
19
11
13
11
9
7
19
21
3
9
11
11
13
9
19
23
25
5
5
11
17
7
3
9
7
3
5
25
9
11
15
7
11
3
3
9
9
11
5
9
21
9
5
15
7
13
15
3
7
13
9
5
19
5
5
5
3
9
9
7
11
13
3
13
11
7
3
3
13
9
5
5
2
7
11
7
7
13
3
11
13
5
3
7
5
3
9
5
3
5
5
11
17
5
3
3
5
3
3
3
15
3
9
2
3
5
3
0
15
7
3
7
5
7
2
7
3
3
13
11
5
79
40
30
28
13
29
47
40
28
22
52
21
12
11
23
22
90
34
14
29
34
9
44
22
27
7
23
15
18
9
15
18
7
42
39
26
7
18
61
24
62
43
14
14
78
31
11
16
7
4
6
7
10
2
7
19
21
39
19
28
29
22
11
29
25
24
64
22
17
17
18
13
11
16
18
24
19
14
67
20
52
4
11
24
22
34
68
43
38
30
5
39
13
29
2
3
33
24
26
13
5
9
15
9
18
17
21
22
22
30
11
35
6
18
15
15
4
10
8
27
15
12
20
22
17
11
20
14
18
17
11
21
50
13
18
20
15
20
19
53
41
33
23
2
15
21
13
14
17
22
53
11
33
16
24
28
39
36
20
24
11
21
52
6
69
15
66
24
51
48
66
6
17
24
64
31
18
18
70
24
82
72
15
20
34
20
21
20
55
11
59
33
11
51
62
59
44
33
27
35
47
23
13
16
73
45
28
28
22
31
59
32
42
29
32
63
25
30
35
33
26
32
12
25
42
52
49
27
48
39
32
21
30
51
34
16
33
17
29
13
17
29
14
35
52
27
33
15
47
44
28
31
43
13
26
47
16
19
4
16
13
6
15
5
13
8
21
5
12
5
2
22
10
5
8
16
6
16
19
3
14
6
12
5
27
9
34
12
6
4
3
2
4
5
3
7
3
9
5
6
5
4
5
5
24
5
4
3
4
7
2
5
3
24
3
2
9
5
9
24
4
11
31
5
3
7
4
4
7
14
3
6
3
5
9
3
3
14
7
3
5
2
1
5
3
5
5
19
4
1
4
0
3
38
3
5
4
2
5
5
3
3
5
4
5
0
10
3
5
2
3
2
1
7
63
4
2
5
40
3
7
3
5
11
4
3
4
4
4
3
7
5
2
3
7
3
27
6
2
4
4
4
27
2
2
7
7
3
16
4
3
4
7
5
5
1
40
7
4
7
6
5
35
4
1
6
4
4
29
4
5
3
9
5
25
4
1
9
4
5
5
7
6
5
29
5
3
3
4
6
3
7
3
11
7
7
16
10
3
5
6
6
3
5
6
3
50
3
3
7
5
2
5
2
16
4
2
42
3
5
4
2
5
17
2
20
5
2
4
27
2
52
5
8
3
6
6
1
5
3
0
4
1
9
2
5
63
2
3
5
2
3
5
5
13
7
5
2
2
5
5
7
2
12
7
3
4
4
6
24
3
4
7
2
5
2
2
5
3
2
9
2
9
1
9
24
2
2
5
2
3
2
2
4
37
2
7
14
6
3
0
16
8
23
4
4
21
4
4
90
4
3
2
1
5
6
11
7
7
5
13
15
11
16
19
11
6
20
9
16
4
11
15
7
11
13
19
9
10
10
6
7
8
9
11
9
15
9
7
11
9
18
9
11
9
10
36
15
2
5
13
9
9
4
8
15
9
9
11
9
6
7
11
9
8
9
6
19
8
9
19
15
9
11
11
17
9
7
6
7
6
9
11
4
5
9
15
4
19
9
8
9
7
20
17
9
6
13
5
23
17
17
8
13
6
13
11
9
9
65
17
9
27
8
9
13
13
9
8
15
18
16
17
15
17
9
17
13
13
15
13
13
5
15
13
17
15
7
21
6
9
22
22
9
9
49
13
11
8
15
9
21
15
15
17
21
17
15
7
17
17
17
22
19
40
21
15
17
11
18
20
11
20
7
28
18
11
19
18
13
13
14
24
0
5
9
13
15
21
17
21
17
11
7
13
13
20
17
19
27
17
9
15
18
17
39
16
17
38
9
13
9
13
28
23
15
24
2
31
11
21
18
6
11
9
15
18
21
13
12
5
29
30
9
13
15
11
11
29
9
54
27
11
17
26
25
21
17
6
15
39
15
21
11
13
19
13
18
17
24
11
23
21
30
11
27
17
21
28
9
11
22
24
8
17
11
9
9
6
11
19
20
15
15
9
7
15
15
13
14
15
21
21
17
8
4
8
5
8
10
6
4
6
4
2
2
6
2
2
8
10
2
6
4
6
10
4
4
8
7
6
4
6
12
2
2
5
8
10
5
8
6
2
4
7
7
14
9
4
8
6
7
4
7
2
2
2
4
10
4
6
4
6
11
4
2
4
4
8
0
8
10
8
4
7
4
2
10
6
8
2
10
10
4
4
5
4
6
8
8
2
2
5
5
4
13
2
9
5
7
8
4
6
8
4
6
19
8
6
4
5
13
13
8
4
2
0
4
7
4
6
6
10
5
8
3
4
6
2
13
10
6
4
6
2
6
15
6
4
5
6
9
4
15
8
6
6
8
6
6
0
12
6
2
2
4
3
11
13
6
6
8
4
8
4
9
6
6
2
4
10
6
8
6
2
2
2
5
4
8
2
8
4
7
8
8
4
4
5
4
10
8
4
7
4
2
6
4
2
8
8
4
5
6
4
6
4
6
6
8
4
4
6
6
8
8
7
6
4
6
4
9
0
4
8
4
4
0
5
6
6
20
8
6
2
5
2
2
4
8
7
2
12
20
5
11
4
6
5
4
4
2
5
2
2
4
6
6
0
8
4
8
4
4
6
4
6
10
6
10
4
2
8
4
6
4
8
6
4
5
11
4
5
11
2
4
6
9
2
2
9
2
2
4
2
4
4
4
2
0
0
6
0
2
2
0
6
0
0
6
2
4
6
2
4
6
8
2
2
2
2
10
4
0
0
0
13
4
2
4
6
0
2
10
4
2
2
0
0
4
4
0
2
4
4
0
2
2
2
0
4
2
2
4
0
6
4
6
2
2
2
4
4
2
4
0
0
4
2
4
0
6
0
13
2
0
2
2
4
2
6
11
2
0
0
13
0
0
2
2
0
0
2
12
2
2
4
2
0
2
2
10
0
13
2
4
4
10
0
2
0
0
8
2
4
4
2
6
4
6
7
2
6
7
11
0
6
2
0
2
2
2
6
4
2
0
4
2
2
6
2
2
0
0
2
2
2
2
4
0
6
0
4
13
0
4
0
2
0
2
6
2
2
0
2
11
2
8
2
7
4
2
2
2
2
0
0
0
2
2
2
0
2
9
2
0
2
35
0
2
6
2
0
2
4
2
5
4
2
11
8
0
2
2
0
8
0
2
0
2
2
12
0
2
2
2
0
0
4
2
2
4
4
0
4
2
0
0
0
2
2
0
6
0
6
2
2
2
0
4
2
6
4
2
9
0
4
0
20
2
2
2
0
0
0
2
0
0
2
2
6
9
2
4
0
0
4
4
8
2
2
10
2
6
2
9
0
0
9
2
2
0
1
2
2
1
2
2
2
2
0
2
2
2
2
2
2
0
1
2
2
0
2
2
0
1
0
5
2
2
2
0
2
2
0
2
0
0
3
1
2
2
2
2
2
2
2
2
1
2
2
0
1
2
5
2
2
2
1
1
2
2
0
2
0
2
2
2
0
0
2
0
2
2
2
0
2
2
0
2
2
1
2
2
2
2
0
2
2
4
1
2
0
2
1
0
0
2
2
0
0
0
1
1
2
2
0
1
2
0
2
0
1
1
1
2
2
0
2
0
0
0
2
2
0
2
1
0
2
0
1
0
3
2
1
2
5
0
0
0
2
2
0
1
1
2
1
2
2
3
1
2
5
2
2
2
0
2
2
2
0
0
1
0
2
0
2
1
2
2
0
6
1
1
0
2
1
2
2
2
0
0
1
2
2
1
3
1
2
2
0
0
2
2
2
2
2
2
2
2
1
2
2
2
2
1
0
2
0
2
3
2
0
0
2
1
4
2
1
0
2
1
2
0
2
2
2
2
4
0
2
0
2
1
2
2
2
1
2
2
2
0
0
0
2
1
0
0
2
2
0
2
1
2
1
2
0
2
0
0
2
2
2
1
2
2
2
2
0
2
2
0
2
2
2
0
4
2
0
2
2
0
2
4
2
6
2
0
17
6
14
10
17
17
17
17
12
25
12
10
17
8
19
10
16
8
15
14
12
8
19
25
14
12
6
12
10
21
14
31
14
21
10
17
14
16
29
8
12
17
10
29
17
27
17
10
29
12
23
47
17
27
16
10
16
17
25
35
41
6
25
6
15
25
8
12
21
14
10
23
19
16
10
21
17
27
21
16
27
23
6
21
16
21
19
14
16
17
21
21
14
37
14
37
15
14
12
16
14
16
6
8
14
14
6
8
6
19
14
6
8
8
21
8
12
10
10
4
17
11
10
8
14
6
8
14
17
17
10
12
14
4
14
10
16
10
21
6
12
15
21
10
19
4
8
10
14
23
17
14
6
10
16
17
14
15
16
4
19
12
12
8
21
6
16
17
17
12
10
8
10
14
21
17
16
6
19
23
14
16
14
15
21
6
31
19
19
10
58
14
17
39
52
10
37
47
21
39
37
37
47
12
25
8
23
39
14
31
27
33
16
35
25
16
17
19
23
29
31
43
29
31
27
48
19
21
40
29
27
54
31
21
23
25
23
23
33
31
23
27
27
10
8
52
12
31
31
12
29
27
56
64
19
31
14
25
31
19
8
8
23
54
21
25
27
12
25
15
16
25
41
19
12
17
21
19
8
4
17
19
12
23
12
15
25
15
10
6
3
10
11
12
7
11
14
4
6
17
2
10
9
4
17
16
7
8
24
5
5
14
3
12
8
12
28
17
16
11
13
9
6
17
8
17
15
8
11
19
26
11
15
17
17
6
24
7
11
13
10
12
8
10
6
15
10
20
5
11
13
20
11
54
6
6
6
9
15
29
9
28
13
2
4
53
6
3
18
25
11
19
3
19
8
18
7
25
25
9
16
4
22
10
31
7
21
6
15
9
15
14
9
5
6
15
9
5
11
8
12
10
15
4
8
30
16
13
14
10
3
16
10
7
13
18
13
11
6
8
3
15
12
16
6
19
21
1
17
14
22
3
7
14
12
10
19
24
13
13
11
5
19
9
11
12
21
9
29
20
10
15
11
19
8
2
14
9
18
6
10
20
19
5
11
21
8
8
15
34
9
14
12
23
11
9
17
10
11
10
19
6
21
23
10
14
21
14
19
2
25
12
21
14
11
9
10
26
19
4
14
11
10
12
8
9
21
9
28
18
13
14
9
7
9
25
9
4
9
27
11
21
14
34
48
21
5
13
19
20
9
38
5
28
12
34
10
12
15
10
10
14
3
67
68
17
73
20
21
17
16
27
4
25
9
28
19
22
15
13
19
13
16
17
10
47
13
9
18
20
16
34
12
16
12
30
