0
0
0
2
2
0
0
0
4
1
0
0
0
0
0
1
0
2
2
0
2
2
1
2
2
0
0
1
2
2
1
2
2
2
2
2
4
2
0
2
0
3
2
2
2
0
1
0
0
2
2
0
2
2
2
0
2
2
2
0
2
4
2
0
0
0
2
0
2
3
2
2
4
2
1
2
0
2
1
2
0
0
0
2
0
0
2
2
2
1
0
3
0
1
0
2
2
2
2
1
4
2
2
2
2
2
1
4
3
1
0
2
0
2
2
0
1
0
2
2
0
0
2
1
0
0
1
2
2
2
2
2
2
4
0
0
2
0
0
0
1
2
2
3
2
2
0
0
2
1
2
0
1
0
3
2
2
2
3
2
0
2
0
2
0
2
0
0
0
1
0
1
0
2
0
0
0
2
0
0
0
2
2
0
0
0
2
2
2
0
1
2
0
4
2
0
2
0
0
4
0
0
2
0
2
0
2
0
1
2
0
2
0
2
3
0
0
2
0
1
2
0
0
2
0
0
1
0
0
0
4
2
0
0
0
0
0
2
4
0
0
0
2
0
2
0
2
0
0
0
2
0
1
2
2
0
0
0
2
0
1
2
0
0
1
0
2
0
0
2
4
2
2
2
1
0
0
0
2
0
4
2
2
2
2
2
0
2
6
17
2
17
4
61
4
2
37
4
4
2
0
4
61
8
0
6
4
4
4
4
6
4
8
10
37
4
2
14
6
6
8
4
2
4
45
0
6
4
4
4
8
4
6
0
52
4
2
10
2
6
10
6
4
6
45
2
8
40
4
4
6
4
2
8
6
4
6
0
2
4
4
6
61
4
0
2
8
4
6
6
4
64
2
2
6
2
6
35
4
8
4
8
10
4
4
2
2
4
4
11
61
8
6
6
2
6
2
4
4
4
47
8
2
13
0
2
6
14
8
12
36
4
4
2
8
6
15
2
4
4
2
2
4
8
36
4
0
63
2
8
10
2
4
10
6
8
49
13
6
8
4
4
14
4
10
32
4
4
2
19
6
4
8
8
4
4
6
6
6
8
6
8
4
2
4
6
4
4
6
4
4
4
4
6
4
2
51
4
4
29
2
4
4
2
4
57
6
2
8
11
4
4
4
2
7
6
2
6
5
2
4
6
4
6
6
8
8
6
30
4
4
4
4
6
29
2
2
8
6
8
6
15
8
6
8
4
4
62
2
10
6
2
0
8
11
4
8
6
2
4
8
2
21
4
6
4
2
2
9
76
2
0
58
6
2
4
8
4
46
4
6
4
2
2
4
2
4
6
4
6
6
8
2
4
2
6
2
4
6
4
8
18
6
12
6
12
16
6
14
7
6
14
6
6
8
14
8
8
15
0
8
12
12
8
8
0
4
4
25
4
16
8
14
6
19
15
12
12
15
14
15
11
12
2
0
8
4
4
2
8
15
2
15
17
4
10
4
8
4
6
2
8
8
6
21
12
8
27
17
16
8
8
21
8
14
11
8
14
10
10
6
12
51
4
17
7
4
10
19
12
6
12
10
17
21
8
7
7
12
17
14
14
21
15
8
25
12
9
23
17
16
10
15
17
10
21
10
8
11
15
12
6
22
29
17
12
4
17
11
12
11
10
12
12
4
8
8
44
6
10
21
15
12
16
6
6
6
11
8
10
14
10
15
21
14
4
12
4
6
12
12
19
21
31
10
16
12
11
6
8
12
16
10
15
14
19
14
25
4
11
10
14
6
8
17
17
23
14
8
6
6
10
10
14
10
8
14
8
6
11
8
25
12
8
17
8
12
8
7
10
8
12
10
20
7
14
6
12
8
13
6
8
8
6
10
6
36
8
6
2
7
7
4
8
16
8
12
4
19
10
8
12
21
23
10
13
17
11
12
6
8
8
10
4
0
4
15
2
6
0
12
8
2
0
8
2
0
2
0
0
8
2
2
0
2
0
6
4
0
0
2
2
0
4
18
50
39
34
43
37
30
23
32
32
22
24
50
20
21
24
38
46
44
32
27
27
50
31
47
23
33
30
14
53
18
33
21
27
35
44
45
26
54
44
27
10
18
22
35
25
32
34
35
18
42
24
38
54
58
20
26
50
45
45
40
24
34
32
39
44
23
33
32
36
36
37
46
31
20
52
16
27
53
35
43
31
36
49
22
17
34
28
37
62
41
19
35
9
40
47
56
31
15
20
26
36
41
8
23
34
42
22
48
40
33
38
31
14
44
31
29
42
29
38
38
36
51
39
28
23
52
31
45
39
34
22
52
26
47
23
22
38
26
56
35
17
36
48
44
33
42
43
33
42
51
30
44
42
18
39
27
51
40
41
33
44
35
53
50
30
37
20
41
29
12
25
34
45
48
43
29
29
44
26
27
44
54
39
64
33
54
57
45
37
36
47
46
47
48
54
39
26
58
39
29
18
41
33
45
55
45
22
62
39
17
45
51
44
52
42
55
51
34
34
46
48
80
45
39
37
37
40
43
28
10
41
56
37
44
35
27
23
23
21
44
18
26
25
34
41
32
38
10
32
50
34
39
23
39
15
22
32
39
29
61
20
34
15
33
42
31
56
50
31
27
37
38
25
33
23
32
36
27
35
30
51
28
43
21
40
62
34
46
10
11
24
6
0
0
12
5
0
18
5
21
11
0
5
16
16
6
15
9
0
11
22
29
6
0
6
18
5
15
5
16
12
15
32
32
23
21
8
7
19
18
14
17
43
8
29
32
26
40
28
16
3
14
0
13
6
18
27
19
16
10
24
22
5
16
16
0
16
26
28
39
13
18
23
19
10
21
12
19
46
3
33
14
33
12
20
18
18
18
4
10
24
7
31
1
30
15
16
16
16
12
18
3
4
5
5
21
30
18
15
24
18
13
15
3
13
24
28
23
16
18
21
6
32
14
19
0
43
2
11
14
17
22
17
18
0
0
3
0
5
8
11
21
9
15
17
4
13
15
0
12
14
22
42
18
14
19
9
5
0
15
15
2
0
10
9
0
16
0
7
18
17
4
23
8
9
0
0
14
25
32
16
0
14
0
4
13
10
0
8
12
6
0
10
14
16
0
34
8
10
0
0
13
0
21
0
1
19
18
2
0
14
0
0
12
10
10
11
12
14
21
0
0
16
8
0
14
13
13
1
20
7
11
0
20
0
11
11
0
16
0
16
16
2
14
0
13
0
11
0
21
0
14
0
20
30
16
22
0
10
8
21
14
11
25
10
18
16
17
6
16
0
24
11
15
23
13
0
1
17
11
9
2
12
15
0
0
11
10
10
0
11
9
0
22
6
7
2
8
2
7
12
0
0
0
0
0
0
0
0
0
9
9
7
14
11
11
0
12
19
0
6
0
9
0
10
14
15
0
0
0
0
0
0
8
0
11
7
14
0
9
11
6
0
9
6
5
0
0
4
4
0
7
16
13
0
0
5
0
5
0
0
12
14
11
7
0
0
9
0
0
6
0
8
2
13
13
0
0
0
3
0
8
7
7
8
25
0
0
0
7
18
7
6
8
8
6
4
9
13
0
0
0
0
0
0
0
9
5
11
17
0
0
15
0
5
5
2
0
8
1
8
1
13
8
0
0
0
0
0
8
8
0
1
0
0
11
0
27
12
7
0
8
1
12
0
0
0
0
0
0
0
0
8
8
7
0
1
21
8
19
10
9
6
16
0
8
5
2
0
0
0
0
0
0
0
0
0
4
9
0
5
5
8
0
10
0
8
1
2
4
4
4
7
2
10
0
9
11
0
2
6
0
7
0
9
12
14
1
7
5
0
0
8
0
1
7
0
9
0
2
0
0
0
0
0
0
6
0
12
0
0
13
0
9
1
9
10
8
3
0
7
0
10
0
12
0
1
0
0
7
0
0
14
11
15
0
10
11
13
0
3
9
2
0
5
13
0
0
0
0
0
0
0
8
15
17
15
22
23
19
30
10
14
0
18
16
21
39
20
17
39
22
12
27
20
27
9
15
13
21
27
15
24
15
26
7
19
26
29
22
13
35
19
15
20
17
16
19
25
28
16
8
28
26
22
25
35
24
15
24
22
19
18
26
23
16
35
33
17
15
20
25
24
9
24
26
22
21
21
40
23
17
25
27
19
14
22
16
15
11
33
33
16
29
23
13
15
23
9
17
16
26
32
21
18
24
24
15
24
13
6
25
16
11
38
17
11
23
23
23
12
12
17
15
16
25
22
21
16
15
15
15
24
22
13
20
16
15
25
39
22
19
10
22
25
17
15
28
17
21
15
35
35
22
10
21
12
30
17
18
21
25
23
23
28
21
25
24
12
15
27
15
17
29
38
17
24
15
12
25
19
19
19
19
16
23
11
20
26
17
20
16
18
18
24
24
11
23
21
42
30
16
27
4
16
20
14
14
19
21
34
16
21
11
15
17
22
13
13
20
12
15
19
23
22
15
26
14
28
10
11
14
14
10
32
35
35
18
21
24
13
19
7
12
13
21
6
13
15
14
22
22
16
10
18
20
16
17
33
13
41
16
24
22
5
20
15
25
25
11
15
20
14
13
10
11
16
12
25
25
12
16
17
25
13
17
19
9
15
10
21
3
7
7
9
11
9
11
7
0
9
2
9
5
7
3
5
0
3
11
3
5
5
3
2
7
7
5
3
9
3
3
3
9
11
5
5
2
0
3
3
5
7
5
15
9
2
3
5
7
5
0
2
5
5
9
7
5
3
7
13
5
2
2
5
3
3
7
2
3
3
2
7
3
7
7
3
3
5
5
7
7
9
7
17
7
5
3
7
7
9
5
11
2
13
11
3
3
2
9
9
3
9
2
17
5
9
7
9
2
3
5
3
3
7
3
2
9
5
7
7
11
7
13
7
7
15
21
5
13
17
13
5
21
19
19
11
11
9
13
13
15
7
9
23
19
5
7
9
17
31
5
5
17
9
15
9
11
23
11
15
25
9
15
11
5
11
9
5
13
11
5
13
19
9
15
2
21
15
13
15
15
17
17
15
9
21
5
17
13
21
15
13
11
13
7
5
13
19
19
7
19
23
19
17
17
9
5
5
7
13
15
9
9
9
13
3
9
11
11
3
13
11
9
9
7
5
13
11
7
7
13
5
5
5
7
17
9
9
7
15
11
11
19
19
5
3
13
13
7
7
11
11
13
21
3
15
7
19
13
11
19
11
5
7
13
9
5
7
9
5
9
7
5
5
11
5
11
15
0
2
3
2
3
5
3
11
2
9
2
0
0
2
2
5
0
2
2
2
2
2
1
0
4
3
5
8
5
4
3
5
0
1
2
2
2
1
0
3
0
0
15
0
7
0
4
2
2
0
0
3
3
2
0
4
0
2
2
12
2
2
0
0
0
3
0
0
1
0
5
17
2
2
3
5
5
0
0
4
0
1
4
16
0
4
1
2
0
5
0
2
2
0
0
2
1
10
0
7
2
2
1
3
3
2
2
0
2
2
4
7
0
1
9
1
1
6
3
3
4
2
2
8
7
0
8
0
0
4
0
0
0
2
10
4
1
0
9
0
2
6
2
5
0
2
1
0
3
2
0
5
8
1
14
0
0
7
1
0
3
0
8
10
0
3
4
0
8
3
0
1
2
6
1
3
5
0
7
0
5
4
2
0
3
6
3
4
2
2
0
3
0
1
2
0
0
0
1
1
2
1
0
0
1
2
7
1
0
4
0
7
2
0
2
4
0
0
0
3
12
0
10
4
2
2
0
2
0
0
0
3
0
2
3
3
3
2
2
1
5
3
3
2
4
5
1
5
0
2
0
1
0
0
2
2
8
0
3
1
1
3
0
2
0
2
0
1
2
0
1
2
0
1
0
1
0
3
3
3
4
2
0
0
0
2
0
2
4
3
1
1
3
0
3
6
2
2
2
2
2
4
0
2
4
0
2
2
4
4
4
0
0
2
2
2
4
4
4
2
0
0
98
40
4
2
0
0
2
2
2
0
2
0
0
2
0
0
6
4
2
2
0
0
4
2
0
12
2
2
2
0
2
0
2
4
6
0
2
9
6
6
2
0
2
2
4
8
0
2
0
2
7
6
5
2
0
0
0
4
2
5
6
0
8
4
4
4
6
2
0
4
4
6
5
0
0
3
5
6
2
0
0
0
4
1
5
0
4
2
4
2
6
5
0
4
2
4
0
4
60
7
2
4
4
2
0
2
1
2
0
2
5
0
0
4
2
0
4
2
0
2
2
0
0
2
0
0
6
4
2
6
0
0
2
7
10
4
0
4
7
2
0
4
2
0
4
2
0
0
6
2
2
0
2
4
0
3
3
2
5
0
5
6
2
6
2
0
2
7
2
0
2
0
0
2
0
2
0
2
0
2
0
0
4
1
2
4
2
2
2
2
2
4
2
4
6
4
0
0
4
2
6
0
0
2
0
0
2
4
6
0
2
2
4
2
4
0
6
3
0
1
4
2
0
0
2
4
5
3
7
4
5
0
4
0
4
2
4
2
2
2
6
2
0
4
0
2
4
3
2
0
2
2
4
4
2
0
4
4
2
2
2
2
2
4
