0
39
47
2
0
0
20
50
44
39
15
35
2
73
25
10
46
37
2
56
0
4
46
30
0
5
0
18
4
6
4
26
2
16
19
0
4
2
47
21
2
44
30
6
6
59
56
5
56
50
14
37
41
23
29
32
34
20
1
4
6
52
2
57
2
23
20
4
26
44
0
47
2
43
2
4
70
3
21
2
47
59
56
52
0
36
26
48
4
4
37
0
2
35
44
74
65
2
25
2
44
57
14
9
24
2
51
19
8
59
45
2
2
29
31
26
58
2
51
0
6
30
32
63
21
2
11
40
4
4
4
32
71
1
37
15
44
67
2
35
10
40
5
77
30
2
6
37
69
2
22
64
57
0
46
3
27
13
57
18
0
15
30
55
38
45
28
56
0
2
44
13
38
28
59
42
31
3
55
38
26
26
59
2
15
0
3
0
34
0
39
59
43
26
32
29
2
42
54
4
4
18
0
5
9
62
0
39
33
29
27
6
68
2
6
69
53
0
34
4
43
2
37
37
4
2
36
20
40
0
19
0
58
23
63
2
2
0
47
3
4
52
12
30
35
2
53
59
21
53
20
33
83
3
3
12
6
79
2
2
25
2
78
4
2
2
39
0
34
31
29
49
0
21
48
51
66
2
8
2
0
34
0
4
33
0
58
50
28
10
27
17
17
10
11
15
7
8
13
20
15
14
13
9
12
19
14
15
8
18
6
19
23
19
4
23
20
12
10
9
12
25
12
12
16
10
14
14
6
14
11
16
6
18
10
20
9
12
8
12
14
12
11
10
10
10
11
18
18
22
11
14
11
8
15
19
9
17
23
23
21
3
12
14
10
8
10
16
17
19
22
19
17
12
10
11
16
10
11
15
6
14
13
16
9
23
9
9
11
12
17
20
10
14
17
11
17
14
9
16
12
11
12
13
9
16
15
16
11
10
9
14
10
13
9
8
13
15
15
17
13
8
9
11
13
9
11
9
9
11
12
14
16
9
9
10
10
7
5
9
10
21
21
21
21
10
16
19
22
12
9
17
13
15
14
7
24
24
13
8
12
9
9
10
11
12
12
13
17
5
12
10
9
14
17
15
10
22
20
20
14
14
8
26
11
11
15
22
7
14
23
19
28
9
9
11
16
16
14
9
21
16
21
9
15
16
12
9
12
16
22
23
10
18
24
15
8
4
14
11
25
13
17
11
9
21
21
7
15
3
5
12
10
13
14
11
12
20
21
9
14
14
10
21
15
13
18
17
6
7
11
14
5
18
14
7
9
9
17
12
10
9
22
17
16
10
9
9
6
10
16
8
10
10
11
23
5
13
30
7
2
20
6
2
2
0
0
2
0
11
9
4
0
2
7
0
2
9
21
2
0
2
5
5
7
7
4
2
0
4
0
2
6
4
4
2
4
4
0
4
6
33
13
2
4
4
15
13
4
17
8
0
2
2
0
0
32
2
2
2
9
10
6
2
0
0
0
2
9
2
6
5
7
2
2
13
5
6
0
7
27
4
13
2
4
16
2
0
8
2
13
2
2
21
6
4
7
5
11
0
2
6
8
2
2
18
0
0
2
0
9
9
5
4
6
28
8
2
4
2
18
2
15
2
7
3
0
2
0
13
10
3
4
7
0
2
4
0
9
9
18
4
7
8
0
2
2
5
8
0
4
2
0
16
0
2
2
6
0
6
5
4
2
28
5
7
2
7
19
0
0
19
0
2
6
19
3
8
7
5
6
2
6
2
37
0
6
2
9
4
24
7
12
18
19
5
13
0
26
4
4
4
29
7
5
2
4
0
8
6
6
9
4
9
22
0
4
2
2
0
2
4
18
7
0
9
2
0
19
3
2
9
11
0
33
13
9
7
8
43
40
2
4
2
2
4
18
13
3
2
0
7
15
5
11
2
0
0
0
2
2
6
0
5
2
9
0
9
4
6
5
11
33
0
5
2
2
4
12
5
5
14
2
2
6
2
6
4
0
52
8
2
7
44
4
63
4
27
11
4
4
2
4
9
0
6
4
0
5
2
0
0
4
0
13
0
0
0
2
2
0
2
2
0
2
0
6
4
4
4
2
4
6
6
8
4
2
6
2
4
0
0
2
4
8
0
6
4
81
0
2
10
25
0
2
2
2
2
2
2
0
2
4
0
2
6
6
0
2
2
64
2
33
0
2
4
9
46
8
16
4
19
0
0
17
0
2
52
2
2
2
0
0
2
0
63
0
7
6
2
2
0
0
2
4
0
13
4
4
5
4
7
4
0
2
4
4
4
2
4
2
0
2
50
2
2
0
7
2
2
4
6
6
4
4
0
2
6
0
11
2
2
0
4
96
7
2
2
0
0
2
2
4
2
2
0
2
4
4
14
2
9
0
2
15
4
4
2
0
2
4
9
4
0
2
2
0
24
0
4
2
0
0
27
0
4
0
15
2
32
0
4
7
0
2
0
13
6
0
28
0
0
2
28
7
0
13
0
0
4
2
0
11
2
0
0
0
0
0
0
4
4
4
0
0
0
0
2
2
2
0
0
2
0
2
8
0
16
82
0
2
0
0
2
2
2
0
6
2
2
11
9
2
2
0
2
2
11
0
2
4
11
0
1
0
9
22
0
2
0
4
2
5
4
2
0
6
6
6
6
0
0
2
6
6
8
4
4
0
4
10
4
10
2
7
4
2
10
0
4
0
6
6
6
0
6
0
6
2
0
2
2
6
2
0
6
0
0
0
4
0
4
0
6
0
2
4
4
4
4
0
4
0
0
2
2
8
0
0
0
0
0
12
0
2
0
2
2
6
6
6
0
2
0
0
2
6
0
0
0
4
0
2
6
0
2
6
2
2
2
2
8
0
8
0
4
4
0
2
0
0
2
0
4
0
6
4
0
4
2
2
0
4
6
2
2
8
4
0
2
6
2
0
5
6
4
0
4
6
8
0
6
2
6
4
0
2
4
0
0
0
4
4
0
2
2
4
4
6
6
0
4
6
0
4
4
4
4
0
6
2
10
2
0
6
4
6
2
4
2
6
4
4
4
4
10
0
4
10
6
2
2
4
4
2
2
6
4
4
2
7
6
2
4
4
4
4
2
6
0
4
0
10
6
4
4
2
6
2
2
4
4
8
10
2
2
2
2
2
0
0
0
2
0
76
2
8
8
4
0
2
0
10
4
2
4
4
2
0
6
0
0
4
0
6
4
4
10
0
8
2
0
2
4
0
2
6
6
8
4
0
0
6
8
2
4
4
2
2
6
4
6
8
6
11
6
9
8
4
6
4
0
0
2
0
0
2
0
4
0
6
5
4
0
4
0
13
2
0
2
2
3
10
4
0
0
2
14
2
0
0
2
1
0
18
1
3
0
0
4
4
4
0
9
0
2
4
3
6
0
2
0
6
3
3
0
1
0
6
2
0
2
2
2
2
2
2
0
2
5
2
5
0
5
2
0
1
2
2
0
2
2
0
2
12
0
0
4
0
0
1
0
2
0
2
10
0
7
2
0
5
4
4
0
4
2
0
2
4
2
4
2
4
2
0
2
0
2
0
4
2
4
2
6
0
1
0
0
4
4
4
1
2
5
0
5
4
1
0
0
4
10
4
14
14
2
11
2
2
4
0
7
2
8
6
2
6
0
0
8
5
0
0
0
9
2
0
3
0
7
2
1
0
2
0
2
7
2
0
2
5
5
0
0
0
4
2
8
0
3
4
4
4
4
2
2
2
8
2
3
2
8
5
0
6
0
2
2
4
0
0
0
2
0
2
0
0
2
2
0
0
0
7
7
1
0
5
3
4
3
2
0
6
0
1
2
2
0
4
2
2
6
2
7
3
0
2
0
7
2
4
5
6
10
0
0
2
2
8
3
9
0
8
7
4
0
0
3
4
4
2
0
2
0
2
6
4
4
6
7
2
4
4
4
2
5
2
2
0
0
0
0
6
0
0
0
0
0
2
2
0
0
0
2
0
2
2
0
0
0
0
2
0
2
0
2
0
0
0
0
0
0
2
0
0
0
2
2
2
0
0
0
0
4
0
2
0
0
2
0
4
2
0
0
0
2
2
0
0
0
6
0
4
2
2
2
2
0
0
0
0
2
0
0
4
0
0
0
0
0
2
4
2
0
0
2
2
2
0
2
2
0
0
0
0
0
0
0
2
4
4
2
0
0
2
4
2
2
0
2
2
0
6
2
0
2
2
0
0
0
4
2
0
0
5
2
2
4
0
0
4
4
2
2
2
0
0
2
4
6
2
2
0
2
2
4
0
2
2
0
6
2
2
2
0
10
0
2
6
2
4
0
0
4
0
4
2
0
2
0
2
2
4
4
2
0
2
0
2
4
2
0
0
0
2
2
0
0
0
0
2
0
0
0
2
0
0
2
0
0
0
2
0
2
0
0
0
2
2
0
2
2
2
4
2
0
2
0
2
0
2
0
0
2
6
2
0
0
2
0
2
0
2
0
0
6
2
0
10
0
4
0
6
0
0
4
10
0
2
6
0
4
2
0
2
2
2
4
4
4
4
2
4
0
2
0
0
2
2
0
4
2
2
2
0
2
0
2
6
2
0
0
0
0
0
0
37
37
36
31
38
22
12
25
32
46
55
40
52
19
31
20
41
25
32
18
31
44
34
28
25
48
37
25
29
21
32
50
25
40
49
36
58
50
49
43
28
24
19
47
25
36
35
30
40
51
39
41
32
24
24
23
35
52
41
44
36
40
38
21
36
30
28
25
32
36
44
46
46
44
48
37
44
26
21
45
25
38
39
28
44
81
37
34
26
26
34
57
19
46
35
43
34
32
43
44
32
30
30
31
34
19
48
31
28
34
32
30
29
32
14
29
35
36
36
31
40
40
40
34
38
23
23
37
33
34
35
30
40
49
69
33
27
32
24
23
28
44
50
39
41
60
51
38
26
24
23
36
34
45
36
9
46
64
46
38
38
25
21
43
50
37
58
29
79
78
38
24
35
27
31
32
41
27
43
44
52
49
36
28
39
31
18
39
45
53
36
41
31
39
43
40
27
13
36
33
40
58
22
26
44
44
47
34
39
23
33
35
26
27
46
31
23
42
45
30
22
19
27
42
40
42
46
26
37
39
45
15
24
34
42
41
67
41
65
43
25
18
18
27
19
19
41
26
29
47
45
44
44
34
27
33
28
24
28
30
26
42
38
23
23
29
23
62
74
38
40
33
49
60
45
39
50
65
47
25
23
28
34
35
41
34
34
24
0
4
6
2
0
4
6
4
0
6
6
0
0
4
0
6
6
6
4
2
0
0
4
6
0
4
2
4
4
6
4
2
2
0
6
6
6
0
4
4
6
0
0
4
6
0
2
2
0
4
0
6
4
4
4
2
4
2
0
0
4
0
0
4
0
0
2
4
6
4
4
0
0
6
6
6
6
4
6
4
0
4
0
0
4
0
4
0
2
4
2
6
4
0
0
4
6
6
2
6
4
0
2
4
0
2
4
0
0
0
0
2
0
2
2
4
4
6
6
0
0
2
0
6
4
0
4
0
2
0
0
4
6
4
0
4
0
4
0
4
0
2
4
0
4
4
0
0
4
0
6
0
0
4
2
4
4
4
8
2
6
6
4
6
6
4
2
6
4
0
4
0
2
2
2
4
4
0
4
4
0
6
4
0
0
4
2
4
6
10
0
4
4
4
4
4
4
4
4
6
4
0
2
0
6
2
6
4
4
2
4
0
0
2
4
4
6
4
4
4
4
0
0
4
4
6
0
0
6
2
2
6
8
4
8
2
4
2
4
6
2
4
0
6
4
4
6
6
4
6
0
2
4
2
4
4
2
0
2
2
6
8
0
4
6
0
0
0
2
6
0
0
8
6
2
8
0
4
56
4
4
2
0
4
6
4
2
6
9
0
10
27
13
6
27
39
18
19
2
4
4
45
0
0
15
27
18
24
0
31
12
5
30
35
18
0
2
4
31
0
0
5
4
3
0
4
32
2
0
2
0
32
4
33
2
2
2
2
5
2
5
3
0
23
17
20
47
10
3
0
2
5
13
71
0
0
0
34
11
5
0
81
2
4
74
0
0
0
0
2
6
2
4
4
2
0
0
2
2
13
0
28
23
0
0
4
0
4
2
0
4
28
0
38
27
6
31
3
3
5
4
50
0
0
0
7
4
0
6
32
0
3
68
2
0
0
4
14
4
27
7
37
0
25
4
5
20
11
13
8
2
9
0
2
3
1
39
2
0
33
0
5
25
0
4
2
38
42
45
19
0
3
18
27
27
0
2
3
5
35
46
34
2
94
4
31
33
0
3
3
4
0
2
23
4
3
19
34
0
0
2
47
0
4
54
96
0
2
28
19
28
4
38
2
2
2
2
0
0
7
5
2
36
66
3
2
2
6
0
5
4
3
62
27
0
2
6
29
7
2
39
0
2
2
3
3
2
4
0
2
2
0
0
3
41
4
22
27
1
21
0
2
2
77
2
0
2
2
0
0
0
36
2
2
2
0
0
4
2
1
2
0
33
2
0
4
2
0
0
0
2
20
3
3
4
7
