0
0
0
0
2
0
0
0
0
0
2
0
0
0
0
2
0
0
2
0
0
0
2
2
0
0
0
0
0
0
2
0
0
0
0
0
0
0
2
2
2
4
0
0
6
0
0
0
0
4
2
0
0
4
4
2
2
2
0
0
6
0
0
0
2
0
2
0
0
4
0
4
0
0
2
2
2
0
2
2
0
0
2
0
2
2
2
0
0
0
2
2
0
2
0
2
0
0
2
4
0
2
2
0
0
0
4
4
0
2
0
2
0
2
2
0
4
4
0
0
2
2
4
0
4
0
0
2
2
0
4
2
2
2
2
2
6
0
4
2
2
0
0
0
0
0
2
0
0
2
4
0
0
4
2
4
2
2
0
4
0
0
4
0
2
6
0
2
4
0
2
2
2
0
2
0
2
0
2
2
0
2
6
8
4
2
0
4
0
2
0
0
0
2
0
0
0
0
2
4
4
0
0
2
2
2
4
2
4
8
2
0
2
2
0
4
2
4
2
6
0
0
2
2
4
2
0
2
2
2
0
0
2
0
2
2
0
0
2
2
0
0
0
4
2
0
2
6
2
2
0
2
0
4
2
0
2
2
2
6
2
0
0
0
2
4
0
4
0
0
4
2
2
2
4
0
0
0
0
0
0
2
0
8
4
4
2
0
0
2
2
2
4
2
4
2
2
0
4
11
13
2
2
0
13
0
2
2
2
2
2
2
2
2
2
4
4
2
2
0
2
2
4
2
2
2
4
0
0
0
0
4
0
2
2
2
2
4
4
2
2
0
2
2
2
2
2
2
4
11
6
2
2
2
4
2
2
4
0
4
0
2
0
2
3
2
4
4
0
2
4
0
2
2
2
4
2
2
0
2
2
2
2
2
2
0
11
2
0
13
2
4
4
0
0
4
0
2
2
4
0
2
4
2
2
4
0
2
4
2
2
4
4
2
4
4
2
3
2
0
2
4
0
2
2
11
4
0
2
2
0
2
2
2
4
0
2
2
2
2
4
2
0
2
0
2
2
0
2
2
2
2
13
2
4
2
13
2
4
2
3
2
2
2
2
4
0
2
4
0
2
2
4
9
4
2
4
2
2
4
0
2
2
4
0
2
18
13
2
13
2
2
4
2
4
4
2
2
2
2
2
11
0
2
4
2
2
2
2
4
2
2
2
0
2
2
2
3
2
0
0
2
4
2
2
2
0
0
4
2
0
2
4
4
4
2
2
0
2
2
6
0
2
2
2
2
2
0
2
2
0
4
11
2
2
4
2
2
0
4
0
0
4
4
2
4
0
4
3
2
2
2
2
4
2
4
0
0
2
2
0
4
4
37
2
0
4
4
4
2
2
2
39
16
2
6
2
2
4
2
6
4
6
2
24
4
2
0
20
6
0
0
6
2
2
4
0
2
4
0
4
4
0
19
0
0
4
4
4
65
4
30
11
2
11
2
46
4
2
6
2
4
2
2
2
4
4
0
4
4
10
2
29
4
2
2
0
2
4
4
2
39
4
25
2
2
2
2
24
6
0
0
6
11
0
2
10
22
2
2
49
21
4
2
0
2
0
2
4
6
2
2
6
0
6
44
27
2
2
2
2
2
4
33
4
4
4
0
2
8
2
2
2
2
6
2
0
0
39
0
42
6
4
2
2
2
21
4
2
4
4
4
4
2
4
0
6
4
17
6
4
4
43
8
2
2
4
36
2
2
0
2
4
4
6
2
2
43
2
10
4
2
2
0
2
0
2
4
2
4
50
0
0
2
2
2
24
2
24
0
2
4
0
2
35
4
2
26
0
2
2
51
4
2
24
2
0
4
13
2
4
2
2
2
2
9
6
2
44
0
2
2
2
6
2
4
31
4
2
0
16
2
2
4
24
25
2
6
0
14
3
4
2
4
0
4
2
2
2
0
0
0
0
0
0
0
0
0
0
0
0
0
0
2
0
0
0
0
0
0
0
0
0
0
96
93
0
91
93
0
0
94
0
91
94
91
7
86
75
88
72
3
93
0
72
0
93
0
96
0
78
0
93
0
72
0
66
0
0
2
92
0
70
3
94
0
97
2
69
0
95
0
94
0
0
0
94
94
94
3
0
96
3
95
0
70
0
94
0
0
96
0
0
86
92
0
95
0
2
94
0
94
2
48
7
97
0
94
0
72
96
0
0
93
0
1
2
68
0
0
96
0
9
96
79
2
94
0
0
92
3
0
94
0
90
0
0
90
94
0
75
0
0
77
0
0
80
94
0
2
94
84
72
0
2
92
0
2
0
0
92
90
0
74
95
93
2
95
0
82
84
78
0
96
0
96
98
96
94
92
72
92
76
0
3
0
0
2
96
72
0
67
90
72
86
92
85
82
2
0
73
94
96
94
0
0
0
0
96
2
81
0
93
94
74
0
72
0
74
73
93
9
0
95
0
84
2
92
0
89
0
86
96
0
66
2
0
9
94
94
0
0
0
97
0
87
0
0
0
88
95
94
72
96
84
96
91
0
88
96
3
96
92
92
0
91
87
93
2
92
0
9
9
0
92
90
79
0
2
2
0
98
70
66
0
3
0
85
0
0
0
90
96
77
93
88
38
0
96
72
91
0
94
95
91
74
80
94
92
0
91
74
3
4
2
5
3
2
2
3
2
7
7
3
2
1
4
2
2
3
5
4
5
3
1
5
7
2
1
3
2
2
4
2
2
2
4
2
2
2
4
4
0
4
4
3
5
2
5
4
5
3
2
2
1
4
3
4
0
2
2
2
1
4
3
0
3
5
2
3
4
2
2
2
2
2
4
2
2
2
5
7
4
7
3
3
1
2
3
4
3
2
2
0
3
2
3
3
3
2
1
3
2
4
3
3
5
2
2
2
3
3
2
4
3
3
4
0
2
1
2
3
2
3
3
2
5
2
3
2
2
1
5
5
3
4
2
3
2
2
2
2
3
2
2
2
2
2
3
3
2
2
6
3
3
3
7
4
2
4
2
0
2
2
0
0
4
3
3
2
2
1
2
1
1
0
5
1
2
2
2
2
3
0
2
3
3
3
0
2
0
3
3
2
2
2
3
3
4
1
3
5
4
2
4
2
2
3
3
1
2
2
3
3
2
3
4
1
2
3
1
3
3
5
3
2
2
3
2
5
2
2
3
2
3
3
2
3
4
2
3
2
4
2
0
0
3
2
2
2
2
3
0
3
3
3
3
7
3
4
2
3
2
5
2
2
2
4
3
2
2
4
4
3
2
3
2
0
4
4
3
2
2
3
2
3
2
3
3
3
17
10
17
29
19
17
15
10
15
21
25
11
15
10
21
27
23
15
4
25
21
12
17
15
18
10
6
10
12
23
25
21
8
15
19
12
27
15
39
21
23
13
21
17
8
12
12
23
8
13
40
21
13
29
15
17
29
13
33
23
21
33
27
19
23
13
12
12
18
17
40
29
44
29
15
21
23
37
39
31
13
12
29
8
43
42
19
37
19
15
46
25
26
15
34
42
19
13
23
31
12
40
19
40
64
38
35
50
8
33
23
29
44
23
39
42
41
13
25
27
19
44
35
17
51
53
27
19
13
44
42
10
37
15
27
17
32
48
39
44
35
50
14
15
12
12
64
21
37
48
17
45
40
10
21
29
33
8
21
44
52
21
31
15
15
25
19
21
42
35
60
23
44
25
12
59
23
37
54
18
25
15
17
23
46
35
31
29
40
12
46
15
12
60
63
38
13
12
27
25
71
23
23
29
41
23
12
61
38
10
46
12
7
12
52
15
48
48
17
56
21
44
33
14
14
23
33
46
21
29
29
27
21
33
10
15
37
24
12
29
15
13
29
17
31
36
35
21
23
29
27
37
10
12
33
40
15
56
23
27
23
19
25
52
26
13
50
12
14
12
8
15
21
25
15
62
21
46
27
33
33
27
17
25
25
11
29
19
4
15
13
6
8
13
11
7
11
9
9
10
9
15
13
13
15
8
7
8
10
21
7
17
13
15
11
17
16
15
8
6
8
13
15
15
8
4
11
6
6
6
15
9
21
11
13
17
4
9
21
15
9
9
13
11
8
9
11
11
9
23
15
6
17
17
17
15
9
7
11
17
23
6
21
6
17
17
15
23
17
15
30
22
19
7
29
22
13
8
13
11
11
17
11
11
15
13
11
8
6
6
15
15
11
13
24
9
6
15
13
7
22
19
17
8
10
13
15
17
6
10
11
13
27
11
6
11
15
19
15
22
17
6
10
13
17
4
9
34
14
8
6
4
13
8
11
6
15
13
32
13
8
11
22
10
9
6
15
15
13
21
15
13
9
15
11
15
12
13
15
11
29
15
9
44
6
9
17
17
9
25
11
9
11
24
11
9
19
19
21
9
7
9
9
15
19
8
32
16
10
8
16
23
8
11
13
21
26
17
19
25
12
8
13
8
8
18
6
20
28
17
11
22
13
15
15
10
13
21
19
11
8
15
15
17
19
7
21
7
11
17
15
8
6
15
19
15
4
11
9
8
11
4
8
10
17
11
9
18
18
11
15
9
15
77
4
4
11
8
4
11
9
15
11
9
10
20
13
11
15
6
10
13
6
21
8
6
6
2
2
0
2
0
2
2
4
6
4
0
4
2
0
0
2
6
2
8
6
2
0
0
2
2
4
2
0
2
2
2
4
0
6
2
4
0
4
8
4
4
4
4
4
8
4
2
2
10
4
2
2
0
6
2
6
2
95
2
4
8
6
6
4
4
4
7
4
6
2
8
4
2
4
6
4
8
4
4
2
6
4
2
2
6
0
0
4
4
6
8
6
6
2
4
6
6
4
6
6
2
6
8
8
10
4
6
8
4
4
6
2
2
10
2
8
2
8
6
2
2
6
4
4
8
4
4
6
12
6
4
6
2
6
2
6
0
4
8
2
8
2
6
10
4
8
2
6
6
10
2
2
4
4
4
2
10
6
8
4
6
2
2
4
17
12
6
6
12
12
8
4
8
6
6
2
4
2
2
2
6
6
12
2
6
8
10
0
6
4
2
6
6
6
4
6
8
6
4
6
10
4
8
4
4
8
4
2
6
0
0
4
2
4
2
6
2
2
0
4
6
0
2
6
4
2
6
4
2
4
0
4
4
6
6
12
6
6
2
6
22
4
2
2
4
2
2
0
4
13
4
4
8
6
8
6
2
6
4
2
4
6
8
4
10
14
2
0
2
8
10
2
4
4
4
8
4
2
4
2
4
4
2
12
8
12
4
0
31
9
13
5
5
17
15
9
11
31
23
11
15
31
13
27
9
13
9
13
11
9
19
7
9
9
15
13
5
11
21
11
11
5
9
19
21
11
27
13
23
11
25
5
11
19
15
7
13
17
11
39
23
15
17
3
27
29
17
9
15
13
15
29
35
17
23
27
15
11
45
7
7
9
3
5
15
9
17
15
3
33
29
11
31
11
3
9
37
17
23
5
19
29
39
31
9
9
17
11
25
15
31
23
13
5
7
41
9
25
31
11
13
29
37
9
48
25
15
21
11
7
17
21
33
29
27
25
7
31
21
29
33
17
19
13
31
35
13
21
13
21
21
29
13
40
25
31
15
19
11
9
9
9
17
23
19
17
11
31
13
13
19
31
39
31
29
7
13
5
9
9
13
27
29
21
9
7
33
9
23
17
7
44
7
21
5
31
29
45
27
13
25
11
7
35
11
40
11
37
17
13
7
37
15
29
29
29
46
9
39
11
33
13
21
9
23
25
11
37
7
27
11
13
15
3
50
35
5
21
25
7
7
7
35
9
9
27
21
25
9
35
21
11
7
23
15
13
11
19
17
9
21
15
13
5
17
33
11
7
21
5
17
29
19
9
3
19
7
17
11
13
19
19
17
11
13
13
17
13
23
25
11
9
17
23
7
0
0
2
2
2
4
0
0
0
2
2
2
4
2
2
4
2
0
2
4
2
2
2
2
2
2
6
0
4
2
4
4
0
2
2
0
2
0
0
0
0
2
2
0
4
2
0
0
2
0
2
4
0
0
4
0
0
4
4
8
4
0
2
2
0
0
0
2
0
0
4
2
2
2
2
2
2
4
10
4
4
0
4
2
2
2
0
6
2
0
2
5
0
0
2
0
2
0
2
2
2
0
4
0
0
0
2
2
2
2
2
2
2
2
2
0
0
0
4
2
0
6
2
2
8
2
2
2
6
2
4
0
4
4
4
4
0
4
4
0
2
0
0
0
2
0
2
7
4
10
6
4
2
6
2
21
4
4
0
0
2
2
0
0
0
0
2
2
0
2
2
8
8
2
2
6
0
4
4
5
2
0
0
2
6
2
4
2
0
2
2
0
2
2
6
4
2
2
2
4
0
6
4
0
2
4
12
2
6
0
4
2
2
2
2
0
4
2
2
2
0
2
2
2
2
0
6
2
0
2
4
0
0
2
2
6
0
0
0
2
3
6
0
6
4
0
0
2
0
0
2
2
0
4
3
2
2
2
7
4
0
4
4
2
2
2
4
2
2
2
0
2
0
2
2
2
2
6
0
2
0
4
2
4
0
2
0
2
