12
8
4
11
10
6
9
8
8
8
20
8
8
6
8
6
6
10
8
9
15
8
2
8
4
6
8
12
6
12
6
4
9
6
4
6
6
4
8
7
9
10
8
8
2
2
6
4
6
9
8
8
11
13
17
4
6
4
2
4
6
4
6
2
6
4
4
21
2
7
4
6
4
6
4
8
4
2
4
2
4
2
4
4
8
8
8
6
8
10
6
8
15
4
8
8
6
8
6
6
8
13
13
6
9
10
10
6
4
4
11
6
8
5
4
8
6
10
4
13
6
6
4
4
0
8
4
2
6
6
6
9
6
8
6
12
8
10
6
17
6
7
4
4
4
21
11
6
6
7
6
13
6
13
11
6
4
4
6
4
12
4
4
8
4
13
15
8
6
6
8
4
10
8
4
6
2
7
15
4
6
6
6
9
8
4
11
4
10
2
2
7
2
2
0
6
8
6
4
2
7
13
6
6
4
6
4
11
7
9
6
8
8
4
6
4
6
5
9
4
10
6
4
6
13
6
4
8
4
4
2
9
2
6
4
2
2
2
8
4
0
4
6
6
4
4
8
4
2
4
4
0
4
2
10
2
4
4
6
2
8
0
6
4
7
8
2
4
8
6
2
11
2
8
6
6
6
0
9
4
4
7
2
2
11
8
8
8
2
4
0
0
0
0
2
6
0
0
2
2
0
0
4
2
0
2
0
2
2
6
2
0
2
2
0
0
0
2
2
4
2
2
2
0
0
2
0
2
0
4
2
2
0
0
0
0
2
6
0
4
2
0
4
2
0
0
2
0
4
0
0
2
0
2
4
0
0
0
2
2
2
2
0
2
0
0
0
2
2
0
0
0
0
2
0
4
0
0
0
0
6
0
2
0
2
0
6
0
0
0
0
4
2
0
2
2
6
4
2
0
2
2
0
0
0
0
0
2
0
2
0
2
0
0
4
4
2
2
2
0
0
4
0
0
0
2
2
0
0
0
2
2
2
4
0
6
0
0
6
0
2
4
0
4
0
0
0
2
0
2
0
2
0
2
0
0
2
4
0
4
0
0
4
2
0
0
0
6
0
15
4
0
2
2
0
4
2
6
2
0
3
0
2
0
0
4
0
0
0
2
0
4
4
4
4
10
0
2
2
2
0
0
0
2
0
0
0
2
0
0
2
0
2
0
0
2
0
4
0
2
6
2
0
8
4
2
2
0
2
4
2
0
0
4
0
2
2
2
2
4
2
2
0
0
0
0
2
8
0
6
4
2
0
0
2
0
0
0
2
4
4
0
6
0
0
2
2
2
0
0
2
4
4
2
6
0
5
3
1
5
5
1
0
3
1
5
0
0
0
3
2
3
5
0
3
3
0
0
0
3
1
1
0
5
0
1
9
2
5
2
0
1
3
1
0
1
0
1
0
3
1
7
2
1
0
2
3
0
1
1
1
2
2
0
1
3
0
2
0
81
1
2
0
0
0
1
5
5
1
5
0
0
1
1
3
0
1
0
1
0
3
0
0
0
1
0
5
1
39
2
1
0
1
7
5
3
3
7
46
3
2
3
0
2
0
4
3
1
1
1
0
0
5
0
3
2
0
5
0
1
0
0
3
1
3
0
0
0
4
1
0
1
0
0
0
1
0
8
0
0
5
2
0
0
2
0
1
3
0
2
0
1
5
1
3
0
5
3
0
2
1
3
1
5
1
5
0
3
1
3
5
0
0
2
5
0
0
5
3
0
1
3
2
2
4
0
1
1
1
3
1
2
46
3
1
7
3
5
1
0
3
0
1
1
0
15
3
1
5
0
1
2
1
0
5
3
0
4
0
0
1
5
1
1
0
3
7
0
2
0
0
1
3
0
0
0
1
1
2
3
0
2
0
0
1
7
3
5
1
2
9
1
0
2
0
3
0
1
2
3
3
7
3
1
3
0
0
1
1
0
3
3
0
3
3
1
5
78
0
0
0
0
0
1
2
0
0
4
6
4
0
0
0
2
0
0
4
2
0
2
2
0
2
0
2
0
0
4
6
2
2
2
4
0
2
0
2
0
2
4
0
4
2
2
2
0
0
2
0
4
0
4
4
2
2
2
4
9
0
0
0
0
0
2
2
0
0
0
4
0
2
4
0
0
4
2
4
2
4
0
7
4
2
3
0
0
0
2
0
8
2
2
0
0
0
7
0
0
2
4
4
0
6
2
2
4
4
0
2
2
2
2
2
2
6
2
0
4
0
4
0
2
6
4
10
2
4
0
0
0
5
0
2
0
12
2
4
2
0
0
0
4
0
2
0
2
2
2
0
4
2
0
15
6
4
0
4
0
2
0
2
4
4
2
0
4
4
2
2
2
2
2
2
0
0
0
0
0
2
2
2
0
4
9
2
2
2
2
2
0
2
0
2
2
2
0
4
0
2
4
4
0
4
2
4
2
2
2
4
0
6
0
2
2
2
2
0
0
2
2
2
2
2
0
0
6
7
5
2
2
2
2
2
4
0
0
2
0
2
8
2
0
4
2
0
2
2
0
0
0
4
2
2
2
2
2
2
2
4
2
0
2
0
2
0
2
2
0
2
0
0
2
2
0
2
4
0
2
2
2
2
0
2
0
4
2
2
0
0
0
2
0
4
4
4
2
1
4
4
4
4
4
4
4
4
2
3
4
4
4
4
6
3
4
0
4
4
4
5
1
3
3
3
3
4
8
4
4
4
0
4
4
3
4
2
7
3
4
2
4
6
4
3
2
4
3
4
3
3
4
3
4
3
1
8
1
6
5
1
4
4
4
5
4
4
5
4
3
4
3
2
3
4
1
5
6
4
6
3
3
2
5
3
4
4
4
4
4
6
2
4
1
4
5
4
4
4
4
4
3
5
2
3
3
3
3
3
4
2
4
3
4
3
3
4
4
5
4
5
4
5
5
3
4
4
4
2
3
3
10
1
4
5
3
6
4
6
4
4
5
5
4
5
1
4
5
6
3
5
5
6
7
4
3
3
3
4
3
4
6
4
2
5
3
2
4
6
4
3
4
4
4
3
5
3
4
5
5
1
3
5
4
5
5
4
1
3
4
4
5
4
3
2
4
6
7
2
4
3
3
3
5
5
5
5
5
6
3
0
4
4
4
1
3
1
2
3
4
4
5
5
4
5
4
4
6
6
4
3
2
5
4
1
4
3
4
4
5
3
6
3
5
5
3
6
6
3
3
5
5
3
5
5
5
4
4
5
3
5
4
1
4
4
4
5
5
5
3
4
5
5
4
4
4
5
2
3
6
5
5
4
1
2
3
2
4
2
5
2
2
1
5
2
3
3
2
3
2
4
4
2
0
2
5
2
4
4
2
4
4
2
2
2
5
2
0
4
2
1
4
2
2
5
2
0
2
2
6
8
1
5
0
2
4
3
5
2
2
4
2
6
2
2
0
1
2
8
5
2
9
5
4
6
5
7
5
2
4
3
4
2
3
2
2
3
1
3
3
5
5
4
3
4
2
4
2
5
4
3
4
3
5
5
4
3
5
4
4
2
4
3
4
5
11
1
2
2
4
5
4
2
4
5
5
0
7
2
4
4
6
6
3
0
0
2
1
2
3
3
9
5
5
5
1
2
3
5
2
4
5
3
3
4
0
5
1
4
0
5
2
3
2
4
2
2
4
2
2
8
3
2
5
2
4
6
5
1
2
3
4
2
4
4
3
4
2
4
3
4
6
5
2
4
2
5
2
4
4
4
2
2
1
4
7
2
2
4
4
5
2
6
3
2
4
4
4
1
5
2
4
2
2
4
0
2
6
4
2
2
2
2
2
4
3
4
2
5
4
3
2
4
3
3
2
2
2
4
2
2
2
4
5
2
4
3
2
2
0
3
2
2
5
1
1
2
4
1
2
6
3
2
4
4
1
4
0
2
2
2
2
2
2
4
2
2
4
7
2
42
80
29
70
76
80
67
38
78
69
79
71
70
78
71
70
75
71
71
46
38
85
38
77
67
73
36
41
79
77
78
49
54
53
71
56
43
71
84
37
65
73
78
70
74
44
57
72
72
37
69
67
78
70
32
79
61
42
80
25
74
36
24
63
35
24
77
70
72
73
74
73
72
66
45
77
58
40
80
76
78
40
68
39
34
31
37
25
61
51
77
82
75
56
36
76
69
82
58
68
72
72
51
45
60
31
79
73
89
47
41
71
47
40
40
38
29
75
76
74
34
61
84
73
72
69
41
71
73
72
70
40
40
66
70
71
58
65
59
37
55
84
78
79
26
69
66
65
38
63
61
76
51
79
73
80
35
34
38
77
84
49
83
74
58
82
74
56
29
73
54
73
75
64
52
61
43
30
50
69
62
67
32
69
28
32
68
33
61
33
39
33
29
36
23
48
24
18
30
30
55
12
34
72
33
43
32
42
72
39
35
56
44
33
37
26
29
72
57
44
39
37
54
29
30
52
46
42
35
70
75
39
57
35
9
71
52
41
83
56
43
67
20
73
41
39
35
58
24
32
44
67
78
39
19
41
36
31
58
38
35
34
38
48
37
58
24
63
43
36
42
52
32
37
76
66
78
55
36
65
40
37
54
65
57
30
58
51
2
2
2
4
4
2
4
16
16
4
2
8
2
8
22
0
8
20
10
8
24
10
4
4
10
14
8
0
8
16
14
2
8
8
14
16
2
10
10
8
24
26
20
30
18
8
0
2
8
0
6
0
4
30
2
6
0
4
16
14
8
18
12
4
4
22
12
2
4
0
0
16
8
16
2
12
20
2
14
18
10
0
4
6
6
8
0
2
12
30
8
16
20
0
6
20
4
6
18
20
10
0
0
14
4
0
26
6
20
2
8
12
4
2
10
6
6
16
14
20
4
6
10
6
26
16
2
0
0
2
20
14
0
8
2
8
22
0
6
12
12
18
18
14
2
0
6
18
18
26
24
2
12
12
4
6
20
2
2
26
0
10
14
4
0
10
0
4
18
4
2
6
0
16
0
22
20
24
6
2
6
6
6
8
2
14
2
6
28
6
0
2
2
22
0
26
0
18
2
4
14
0
10
0
8
24
4
12
8
4
12
2
6
8
18
2
18
4
4
0
4
30
18
10
12
14
2
8
2
4
14
6
2
0
28
12
4
12
8
0
4
6
12
14
6
6
0
4
4
0
2
8
30
4
2
4
0
14
6
20
24
12
2
4
8
12
0
4
6
2
16
26
2
8
4
8
6
2
26
6
2
0
4
0
0
0
14
0
23
9
8
8
20
8
8
9
21
15
8
9
19
10
13
11
17
9
17
15
10
4
11
15
9
15
8
11
8
6
13
30
7
19
15
15
19
8
13
19
17
8
8
11
21
13
13
25
40
29
13
34
23
24
15
8
11
32
11
23
15
9
8
9
25
13
15
15
13
11
9
42
27
15
13
17
21
13
17
11
38
29
13
10
23
22
21
13
17
25
21
21
25
13
19
15
21
23
11
18
23
19
19
25
19
51
21
19
11
23
13
19
15
36
21
17
23
53
11
32
30
42
34
21
24
30
40
25
27
27
21
30
27
25
21
25
25
30
25
19
30
17
36
30
36
37
26
11
30
19
41
41
21
27
13
27
39
55
11
45
49
57
40
63
83
42
19
32
43
49
23
53
81
6
51
61
15
40
29
34
19
54
15
38
22
17
15
13
19
34
23
11
21
11
15
15
15
17
11
11
9
11
17
25
15
13
27
9
15
13
19
53
23
27
23
43
41
32
32
44
38
8
25
8
28
6
29
21
25
36
9
21
24
15
11
30
24
9
18
37
23
26
5
34
11
9
13
15
13
11
11
11
11
6
21
9
42
26
20
42
13
19
38
19
19
13
15
23
15
11
6
30
25
6
17
13
34
17
26
11
13
17
24
8
16
34
17
24
5
3
6
1
1
5
0
1
3
1
0
0
3
3
1
21
3
5
3
3
1
3
3
5
1
3
0
3
1
1
5
1
3
3
3
7
3
1
3
7
5
25
3
0
5
1
5
4
0
4
3
3
10
7
3
6
3
4
1
7
3
3
0
0
6
1
0
3
3
0
3
7
1
1
5
3
1
0
3
5
12
3
5
1
1
3
3
3
23
1
3
1
9
5
6
3
5
1
4
1
3
1
1
3
1
5
9
5
8
17
7
5
5
7
3
3
5
3
3
0
6
12
5
9
3
0
7
5
7
3
3
7
3
5
3
1
3
6
5
5
6
3
3
7
1
11
7
5
1
6
1
5
1
5
3
5
9
9
7
12
9
9
5
3
5
6
7
5
3
3
5
1
3
5
7
6
3
3
1
3
3
3
1
3
1
5
5
5
5
19
18
9
4
5
9
5
3
3
4
5
3
5
8
3
1
1
5
5
7
1
5
3
5
1
3
5
5
5
4
1
1
13
5
7
1
1
1
1
0
3
3
3
1
6
4
1
5
0
3
8
3
6
1
3
3
0
1
1
0
5
0
1
3
1
3
3
3
13
1
1
7
7
5
1
1
3
16
3
1
9
7
6
5
5
5
3
0
3
18
8
1
1
5
1
3
5
5
3
