3
4
2
2
2
2
6
4
4
6
2
4
4
4
2
4
2
2
6
4
6
8
6
2
4
2
4
10
8
8
4
6
4
4
6
4
4
4
4
90
6
13
8
9
4
2
2
15
4
7
4
2
8
4
2
4
6
2
6
4
8
6
8
2
9
4
4
2
15
4
4
4
8
4
7
6
4
0
6
4
4
2
4
2
6
6
4
4
4
4
2
5
5
0
6
10
6
6
7
4
8
4
4
4
2
9
4
7
7
7
2
6
4
6
4
2
9
2
4
6
8
2
6
4
6
4
4
6
4
2
9
6
17
8
8
8
11
6
2
2
6
4
7
4
5
5
6
6
6
4
4
4
4
4
6
4
6
5
4
8
8
4
11
9
2
8
13
2
6
6
6
4
7
0
4
2
6
2
9
2
4
2
7
6
2
66
11
11
4
8
4
8
7
8
4
4
4
4
4
2
8
6
6
2
4
6
10
9
4
4
8
7
6
6
4
5
7
6
4
8
9
13
6
6
13
8
8
6
4
6
4
4
10
9
4
8
6
4
2
6
4
4
2
4
9
2
4
6
4
6
10
6
4
2
4
2
4
7
4
4
4
8
2
9
4
6
6
8
6
6
2
8
4
6
2
0
2
4
4
4
7
4
2
4
6
5
5
5
27
34
33
32
37
24
33
34
31
31
37
30
33
34
37
35
37
33
38
33
36
35
31
33
38
28
30
31
36
33
31
37
36
32
38
36
36
37
37
36
38
31
32
38
38
36
35
31
38
36
37
37
36
32
37
27
34
37
29
32
36
26
36
37
32
38
31
37
36
35
28
36
32
31
35
36
27
35
33
37
35
29
24
37
35
36
36
34
34
31
34
31
36
35
29
32
35
36
36
30
30
29
36
29
35
35
31
29
32
36
37
27
36
31
36
35
27
24
36
35
36
36
36
26
30
34
36
37
37
27
36
35
36
37
30
25
27
35
34
35
32
33
36
30
33
36
36
30
29
36
35
30
36
25
27
33
35
26
37
34
35
37
37
36
36
28
36
36
35
32
32
32
37
30
33
37
32
31
36
35
35
30
30
29
33
27
36
34
18
31
29
34
26
34
30
32
33
36
34
31
30
35
25
34
35
34
31
31
27
36
36
35
34
33
35
37
34
32
37
34
37
36
30
36
36
36
29
34
20
32
36
32
37
38
29
36
37
36
33
37
32
30
33
32
31
36
31
33
37
37
32
36
31
31
28
36
32
34
30
35
32
34
31
30
34
32
36
30
35
36
28
30
36
31
33
33
31
35
36
35
26
33
30
30
35
37
37
29
1
1
0
1
3
0
0
1
1
3
0
1
3
1
1
1
1
0
11
0
1
0
1
0
0
1
1
0
1
0
0
0
0
1
0
1
3
1
3
0
1
1
3
1
1
0
0
0
0
1
1
0
0
0
0
1
1
3
0
0
1
3
3
0
1
0
0
1
1
0
0
0
0
1
1
1
0
1
0
0
1
1
0
1
0
1
0
1
1
0
0
1
0
0
0
0
0
0
1
0
1
0
0
0
3
0
0
1
3
1
1
3
1
1
0
0
1
1
1
1
1
0
1
1
1
0
0
0
1
0
1
3
0
1
0
0
1
1
1
0
0
0
0
1
0
1
1
1
1
0
0
0
0
1
2
1
1
1
0
1
3
0
0
0
1
1
0
0
0
0
0
0
1
0
1
0
1
0
8
3
1
0
1
1
1
0
4
0
0
1
0
3
0
0
1
1
0
0
0
1
1
0
1
1
1
3
0
0
1
1
1
0
1
1
1
1
0
0
1
1
0
0
0
1
0
0
1
1
1
0
3
0
1
0
0
1
0
1
0
1
1
0
1
0
1
0
0
0
0
1
1
3
0
0
1
1
0
0
0
1
0
0
0
1
1
0
0
1
0
1
0
1
0
0
0
0
1
1
1
0
0
1
0
0
0
1
1
1
31
21
16
52
32
8
8
39
32
16
27
25
33
62
7
56
14
16
28
21
26
17
34
66
24
14
43
24
20
13
13
8
15
24
43
45
0
23
28
66
15
17
45
39
29
24
47
24
26
64
47
57
19
40
31
46
56
50
32
8
21
54
17
21
8
21
28
55
56
22
24
43
27
18
13
50
47
8
20
24
46
16
56
26
53
15
46
6
60
32
40
59
24
50
22
14
40
8
17
30
43
35
16
39
50
17
19
17
15
34
17
34
7
16
21
16
15
17
39
13
24
28
47
63
17
26
25
57
15
30
23
41
27
41
56
25
42
16
15
23
20
43
40
40
50
40
39
45
38
10
20
47
9
17
50
43
53
36
44
14
47
24
48
9
6
53
22
16
15
53
16
16
15
9
24
13
30
6
16
30
47
15
24
48
38
49
22
58
33
62
38
0
53
33
58
16
18
9
8
39
23
10
34
24
40
27
8
15
17
8
22
23
13
46
6
10
17
54
50
17
22
5
9
14
14
10
25
14
10
7
14
29
58
27
13
19
42
17
10
28
42
37
15
10
10
46
7
10
16
51
8
7
24
38
16
20
33
35
17
25
7
32
16
23
14
51
27
23
17
23
38
22
44
16
6
24
21
10
7
28
63
38
15
17
41
54
17
15
1
0
3
1
0
0
0
1
1
0
0
0
3
0
3
1
0
1
0
3
1
0
0
0
1
0
0
1
0
0
0
0
1
1
1
0
3
0
1
1
0
3
0
0
1
3
0
0
3
0
0
1
5
1
1
1
0
0
3
3
3
3
0
3
0
0
0
0
1
0
1
13
1
0
1
1
0
0
0
0
0
0
3
3
5
1
43
11
3
1
1
0
1
1
3
3
5
1
1
1
1
2
0
1
0
0
4
4
1
1
6
0
1
0
3
47
3
3
1
1
0
6
0
11
1
1
1
0
0
3
0
1
1
4
0
0
0
1
1
7
1
0
1
1
3
0
3
0
8
1
1
0
0
0
0
0
0
0
1
0
0
0
4
0
1
3
1
1
3
3
1
0
0
3
2
8
3
1
3
4
3
0
3
1
4
3
1
4
3
1
0
0
1
0
8
5
0
7
4
1
0
0
0
1
3
1
3
11
1
7
0
0
1
0
1
1
3
3
1
1
1
1
6
3
1
0
0
0
0
1
1
3
3
1
0
0
1
8
1
8
1
1
0
0
1
0
1
2
4
0
0
1
3
0
3
1
1
1
1
0
0
0
0
1
3
1
0
1
1
0
3
3
3
0
3
0
0
1
3
0
0
1
0
0
3
5
1
0
8
40
9
39
7
11
46
8
31
34
10
37
8
54
10
8
37
11
10
43
5
9
52
7
48
13
6
37
11
40
10
4
36
6
4
34
6
48
11
4
45
13
48
6
11
4
30
7
36
15
6
46
10
56
8
11
32
16
19
9
8
25
6
44
6
31
39
8
13
34
9
31
10
6
50
12
51
8
39
4
12
41
9
9
40
11
32
10
6
48
9
27
7
4
57
6
44
42
10
38
10
40
42
8
30
8
8
39
6
4
9
9
36
6
12
26
8
12
44
6
21
24
10
41
11
41
6
8
4
35
8
41
9
9
39
12
49
11
26
6
6
24
8
39
10
8
46
4
16
7
6
42
6
23
52
4
43
13
8
10
4
37
10
37
29
8
35
8
7
55
9
21
11
46
9
12
21
11
11
44
10
51
12
10
37
4
49
8
5
28
12
45
8
13
49
10
58
8
10
43
9
5
8
8
39
12
49
6
6
52
10
10
12
29
44
6
44
10
38
13
6
44
8
50
4
8
8
8
40
45
8
37
8
65
10
8
25
6
38
42
8
43
8
36
11
11
48
9
29
15
11
39
10
8
8
13
57
6
40
12
8
41
8
39
54
12
48
4
48
11
62
12
10
8
6
44
10
9
49
4
48
11
10
43
11
43
6
8
87
33
46
42
32
43
43
41
43
23
31
44
85
30
89
29
90
87
48
62
45
24
72
43
44
44
44
30
40
47
48
48
37
44
34
47
46
33
41
33
45
43
45
32
45
33
34
41
45
31
83
25
46
32
46
89
46
44
37
32
34
42
36
55
37
35
42
31
46
29
30
30
48
31
46
33
33
31
44
49
45
44
24
37
48
50
44
40
34
46
46
46
91
44
48
47
43
25
47
31
44
84
42
47
41
33
83
44
44
57
48
45
50
46
82
49
47
31
46
48
48
45
47
33
63
77
37
41
43
42
48
46
34
25
44
39
31
48
35
37
43
34
46
70
45
27
31
27
43
35
42
45
41
36
45
46
45
33
44
37
32
31
43
33
37
87
37
32
46
31
31
51
41
42
42
45
45
35
36
44
46
31
54
34
64
34
39
45
41
29
59
45
41
32
40
32
40
31
39
89
30
45
45
53
46
46
42
33
40
58
48
48
48
35
44
43
83
33
40
69
31
41
33
81
29
32
33
46
44
24
44
37
29
46
44
31
34
30
44
48
34
29
43
35
42
42
60
44
34
26
32
46
41
41
45
31
44
46
62
46
63
31
48
31
44
32
45
33
32
63
48
46
32
30
45
40
45
31
45
40
42
26
46
52
39
36
90
47
0
2
0
2
0
0
0
2
0
0
2
2
0
0
4
0
4
0
4
2
2
4
0
2
4
0
0
2
4
0
6
0
0
2
4
12
4
6
0
0
2
2
2
2
2
4
2
2
2
11
2
0
4
4
2
0
2
0
4
2
0
2
0
0
2
2
6
4
0
0
0
0
0
0
2
4
0
4
0
0
2
0
2
2
4
0
6
0
0
4
2
2
0
4
0
33
2
0
0
2
0
0
0
0
2
0
2
4
0
0
2
23
2
0
6
0
4
0
0
2
2
0
0
2
2
2
4
0
2
0
0
0
4
0
0
2
0
0
40
0
2
4
0
0
0
2
0
43
0
0
4
2
0
0
4
0
2
0
2
0
2
2
6
0
4
2
0
2
2
2
2
4
0
4
0
0
4
0
2
4
5
0
4
2
2
2
0
2
4
2
2
7
0
2
2
2
0
0
0
4
0
0
0
0
2
2
2
0
0
0
0
0
2
0
6
0
0
4
2
0
2
2
0
4
0
2
0
2
0
0
0
0
2
0
2
2
0
2
4
6
4
0
0
2
2
2
2
2
0
0
0
0
2
31
2
32
2
0
2
2
0
0
0
0
0
9
2
2
2
2
2
4
0
0
0
0
0
2
0
31
2
0
0
2
0
6
4
4
0
7
0
7
4
5
7
7
0
2
0
0
2
7
7
3
3
0
5
7
0
0
2
7
0
7
0
0
0
0
0
7
2
0
0
0
5
7
0
0
7
0
0
9
0
0
0
0
51
5
0
0
0
0
0
5
0
0
0
0
5
5
5
5
0
7
7
2
0
7
0
0
9
0
0
2
7
0
0
5
0
0
0
5
5
0
0
7
0
5
5
5
0
2
0
2
7
3
0
0
0
0
0
0
0
0
0
2
0
2
0
7
7
0
3
2
2
2
3
0
0
7
0
7
5
0
0
2
7
7
0
2
0
7
1
0
0
3
7
0
3
2
0
3
7
0
0
2
2
9
0
9
7
2
7
9
2
3
2
1
0
11
0
2
0
5
0
11
2
0
2
3
0
13
0
2
1
3
0
5
0
0
0
7
0
5
7
0
0
5
0
9
2
5
4
0
0
5
9
5
2
5
1
7
2
7
2
2
0
9
0
1
0
5
0
5
2
2
2
3
2
76
7
0
2
0
0
9
2
0
2
1
2
7
7
2
0
2
2
7
2
0
0
2
9
2
2
0
0
7
2
0
0
0
0
7
5
9
2
82
5
2
5
0
1
0
9
0
0
2
9
7
2
0
9
5
0
0
7
0
0
2
7
0
2
0
5
7
4
7
11
7
3
2
6
9
8
6
13
5
5
10
7
8
2
5
6
15
8
8
14
7
6
2
6
0
17
13
6
7
11
8
9
13
9
8
8
16
10
12
7
6
2
12
13
6
7
6
13
6
4
6
8
10
9
19
11
4
18
11
13
19
9
17
7
6
11
12
60
13
8
13
12
2
17
4
7
10
12
6
7
7
13
9
21
11
11
13
5
13
6
13
9
13
6
2
10
13
29
60
11
9
22
18
22
17
2
13
9
11
8
9
9
11
22
3
11
11
6
7
9
9
18
8
14
17
11
13
4
13
7
13
11
9
17
4
5
9
14
11
12
7
11
19
9
5
11
9
9
4
7
22
6
11
7
9
13
13
5
15
4
3
6
15
5
8
5
19
8
12
7
5
6
7
25
4
9
7
7
18
15
2
5
12
4
12
10
4
11
6
3
9
15
18
17
14
9
13
9
12
8
7
6
9
5
10
8
9
13
46
21
8
8
8
6
22
6
8
10
9
8
4
9
11
8
2
11
11
10
0
9
9
15
4
10
6
6
5
8
81
9
12
5
5
8
8
7
5
15
10
0
4
6
11
2
4
6
13
14
11
5
4
10
13
11
10
6
6
4
4
13
9
10
2
2
5
6
9
11
10
13
11
13
7
9
6
