2
0
4
2
2
2
2
4
2
0
0
2
4
0
0
0
2
2
4
0
6
0
2
0
0
6
4
0
2
0
2
0
4
4
0
2
0
0
2
0
2
2
2
2
0
2
4
0
0
6
0
2
37
4
0
2
0
2
0
0
0
2
0
0
4
0
2
2
0
0
4
0
0
2
0
0
2
2
2
6
0
2
4
12
0
2
0
0
2
0
2
4
4
0
2
4
2
4
4
4
0
0
0
4
2
2
2
0
4
6
6
0
0
0
0
2
2
6
2
4
0
2
2
0
2
2
0
2
0
0
2
0
2
4
0
2
0
2
2
2
2
4
2
0
6
2
0
0
2
2
4
2
0
0
0
0
2
0
2
0
2
6
0
4
0
0
0
0
2
2
0
6
4
4
6
4
0
4
2
4
4
0
0
0
0
4
0
2
0
0
2
0
4
0
2
0
0
4
4
0
2
0
2
0
2
0
2
2
0
2
0
0
2
0
0
0
10
4
0
0
0
4
2
2
6
2
2
6
0
0
0
0
0
4
6
4
2
0
4
2
2
0
0
2
2
6
0
0
0
0
4
2
0
2
2
4
51
2
4
4
0
2
2
2
4
2
4
0
0
2
2
0
0
0
2
4
2
6
4
2
0
0
0
2
2
0
0
8
5
5
5
2
4
5
10
2
2
4
0
5
0
4
0
2
9
7
9
2
4
4
3
2
4
6
5
5
6
5
4
11
5
7
10
4
23
9
2
3
7
6
9
11
9
9
9
14
4
5
15
9
11
7
9
7
9
9
9
6
5
7
7
9
7
15
5
4
4
9
19
15
7
13
17
5
9
14
7
15
25
11
7
16
13
5
7
11
15
9
12
15
18
11
14
24
15
9
5
17
5
9
14
9
9
7
16
14
9
7
13
7
16
10
13
11
13
19
16
9
7
26
9
17
23
9
17
42
7
16
19
20
11
9
14
41
15
13
7
16
11
13
20
22
18
31
17
16
15
9
15
9
24
13
20
11
22
12
14
23
16
13
17
13
9
11
20
47
15
22
11
23
9
11
22
12
14
13
27
9
5
12
9
25
7
11
16
9
9
5
24
11
12
11
7
7
26
20
22
9
9
20
22
20
5
11
22
13
18
11
11
22
18
22
15
21
20
23
9
17
21
11
9
13
13
2
9
9
13
7
4
4
12
9
17
12
11
9
5
6
9
12
3
5
7
9
10
4
11
5
5
2
4
9
9
11
6
9
9
4
2
2
5
7
4
4
5
6
9
2
4
7
9
3
5
11
7
8
3
5
10
3
5
2
2
7
7
5
2
10
7
37
6
5
5
21
2
59
3
20
12
7
5
36
7
4
7
3
41
5
5
3
3
2
61
2
2
5
3
4
4
4
3
5
3
7
30
5
3
3
3
3
5
5
3
3
3
35
6
4
2
3
3
2
4
7
2
5
5
2
6
7
7
2
2
2
46
3
5
4
3
5
4
50
3
3
5
7
23
5
3
3
3
5
3
7
3
6
3
29
6
3
6
2
2
7
3
5
7
3
2
22
3
3
3
5
3
3
2
4
2
7
3
5
4
3
3
2
4
5
3
2
2
3
5
5
7
6
4
45
3
2
4
12
4
5
3
3
7
3
2
42
6
4
5
7
5
5
3
3
3
3
4
41
5
3
5
5
4
3
4
4
5
5
7
32
7
2
2
6
5
4
10
8
5
3
6
3
3
55
3
2
25
1
5
13
3
3
6
3
5
3
3
56
4
5
8
38
1
5
3
7
2
41
5
3
25
5
31
6
3
4
7
3
3
7
3
4
5
3
2
6
5
5
5
3
8
5
3
29
5
10
7
3
2
7
54
5
10
7
5
6
36
3
5
4
5
3
5
3
2
18
3
3
5
3
3
5
2
3
9
3
5
5
2
0
0
0
2
0
0
0
0
0
0
0
0
0
0
0
2
0
0
0
0
0
15
4
11
4
7
19
8
11
16
11
11
4
6
8
6
4
19
13
5
9
4
4
18
7
13
11
7
4
7
4
13
13
6
4
22
9
11
9
6
23
6
4
7
9
9
4
7
4
4
11
9
7
18
4
9
5
7
11
7
7
2
8
7
6
11
4
7
9
7
6
15
7
7
7
6
5
7
6
15
4
7
4
11
4
4
17
5
6
6
4
6
2
7
6
5
7
11
7
5
6
6
6
11
7
7
9
6
6
11
8
13
13
9
13
7
7
6
7
11
9
12
9
13
7
13
7
9
7
11
6
16
11
6
9
11
13
6
9
17
11
4
33
9
15
17
7
13
31
15
28
7
22
9
21
9
5
7
28
6
13
34
8
11
25
36
34
30
30
6
26
26
16
15
24
34
8
9
8
22
17
13
36
6
8
26
19
8
6
26
6
9
28
9
24
28
9
15
22
34
9
6
6
15
36
21
8
15
4
15
7
13
6
28
4
15
9
8
22
9
6
19
17
6
6
9
25
6
11
9
11
13
11
2
6
23
2
13
11
7
11
15
15
7
6
6
8
8
9
7
13
24
8
9
8
13
8
15
7
9
7
11
9
8
6
6
9
13
6
9
11
9
4
8
17
11
7
9
9
7
9
15
17
4
17
15
13
25
8
0
0
0
0
0
0
0
0
0
0
0
0
0
0
0
0
0
0
0
0
0
0
0
0
0
0
0
0
0
0
0
0
0
0
0
0
0
13
13
8
21
6
10
10
8
15
17
19
25
17
23
13
23
19
12
18
15
15
8
29
10
17
14
19
23
15
27
17
13
15
15
8
25
19
15
15
12
38
12
13
11
31
17
15
13
6
10
10
12
17
17
29
23
10
15
29
10
19
48
21
17
6
15
25
29
25
27
10
31
27
8
23
17
10
39
10
12
19
13
12
14
23
17
19
13
10
11
23
10
19
12
9
15
40
8
25
11
6
17
15
25
12
17
21
25
21
28
13
13
13
21
19
10
21
14
23
25
15
27
31
19
25
23
6
8
13
23
21
17
8
28
14
8
14
10
25
8
25
12
67
32
13
40
46
13
17
52
29
37
8
10
44
6
23
30
33
65
17
4
12
4
10
44
50
44
44
14
13
11
20
15
13
29
6
19
31
15
8
10
7
12
19
27
19
19
12
19
31
44
50
50
29
33
8
26
15
12
38
32
46
32
12
33
15
22
21
29
19
17
38
56
15
42
22
19
42
42
27
35
37
45
31
41
11
21
41
25
7
15
10
27
33
33
17
25
23
6
17
25
41
14
12
24
35
11
10
27
17
29
29
27
30
9
8
7
29
25
36
24
29
31
24
4
11
5
13
8
15
5
7
29
22
27
28
30
28
6
9
19
31
25
7
10
7
9
9
27
14
17
23
11
12
15
36
28
34
36
6
5
14
30
8
7
5
10
28
27
15
8
9
21
8
10
9
20
8
20
4
13
27
11
9
21
13
8
11
5
22
17
10
17
5
29
7
9
19
19
22
26
11
8
8
21
29
31
9
24
15
7
17
10
24
15
30
34
29
25
30
19
26
35
29
8
6
25
22
13
27
10
21
25
29
27
29
4
10
6
29
13
33
26
36
28
30
6
9
8
10
15
24
14
20
13
6
9
8
28
16
33
9
9
10
6
7
7
8
10
7
8
17
22
33
25
31
25
16
27
10
8
24
27
17
8
9
28
7
22
7
8
10
5
29
35
9
4
7
7
14
25
19
11
22
25
9
5
9
22
24
22
26
26
36
31
31
10
11
5
8
28
19
16
34
23
27
29
9
12
11
7
8
11
20
11
24
9
24
11
5
5
7
11
5
10
7
7
17
29
27
10
10
40
7
8
12
27
16
26
12
27
27
9
5
10
7
9
5
13
10
23
28
29
6
11
6
8
13
25
7
20
11
24
25
31
7
10
7
8
13
14
7
30
13
25
7
7
8
0
4
0
0
0
2
0
2
0
0
2
2
0
0
0
0
0
2
0
0
4
0
2
2
2
2
0
2
4
0
2
2
0
2
0
2
4
4
4
2
2
2
0
2
4
0
2
0
0
2
0
2
0
2
0
0
0
2
0
2
2
0
0
0
0
0
2
0
0
0
2
2
2
2
2
0
2
2
4
2
0
2
2
4
0
2
0
0
0
2
2
2
4
2
0
2
0
0
2
2
2
0
2
0
0
2
0
0
2
2
2
2
0
2
2
2
2
0
2
0
0
2
2
2
2
0
2
0
2
0
0
4
0
2
0
2
2
2
4
2
2
0
2
0
0
0
0
0
0
2
0
2
2
0
0
2
4
2
0
0
2
2
2
6
2
4
0
4
2
2
0
2
2
2
2
2
2
0
2
2
4
2
2
2
4
2
4
0
2
2
2
4
2
0
0
0
2
2
2
2
0
4
2
0
0
2
0
2
2
2
2
2
2
2
2
0
2
0
2
0
0
2
0
0
4
2
2
2
2
2
2
4
2
2
0
2
0
2
0
2
0
2
4
2
0
2
2
2
2
2
2
0
0
2
0
2
2
2
0
0
2
2
2
2
2
2
2
2
0
2
0
0
0
0
0
0
0
2
0
0
0
0
2
0
2
2
2
2
13
4
4
7
4
4
9
11
5
6
2
11
4
6
4
4
6
11
6
5
2
9
11
7
4
11
9
7
6
11
4
7
11
11
4
6
7
9
7
11
4
7
6
11
7
11
11
11
11
9
7
7
18
6
15
7
8
6
9
9
11
28
4
5
6
5
7
4
8
9
13
6
6
7
7
12
9
11
9
11
7
9
7
11
9
11
7
9
9
6
7
4
11
9
9
9
13
8
9
4
9
7
11
7
9
8
11
6
17
13
13
5
17
6
11
11
13
9
11
11
15
19
15
11
13
13
9
13
11
9
13
0
4
2
4
7
8
2
9
35
12
7
13
6
9
16
6
4
9
8
11
17
20
11
7
11
4
9
31
9
9
11
5
9
13
9
4
26
24
16
46
9
11
17
15
15
11
13
9
17
7
18
19
9
6
15
19
16
9
11
15
13
11
15
7
4
15
21
20
17
7
2
6
7
6
9
7
6
7
7
6
2
7
7
2
7
9
7
7
5
2
2
2
9
6
2
6
8
9
9
4
7
2
8
4
7
7
4
2
2
4
9
6
11
6
4
4
4
6
6
6
6
9
4
7
2
6
11
8
0
6
6
4
4
7
7
7
4
2
4
0
4
4
2
6
6
6
2
0
2
19
4
9
4
4
7
7
4
19
16
15
17
19
16
17
16
21
17
19
18
19
17
14
12
25
21
20
17
18
21
17
15
19
17
18
12
18
20
20
20
18
18
14
18
18
16
16
14
16
16
19
21
23
21
21
14
16
23
18
14
21
21
17
18
14
16
20
18
19
14
19
18
20
14
20
16
21
17
16
18
21
16
18
19
16
20
18
20
19
20
19
14
14
20
20
15
18
16
16
18
21
21
18
18
17
16
19
12
19
16
19
21
18
18
18
21
19
16
20
16
16
21
16
17
18
18
23
20
19
18
16
16
19
16
19
19
21
20
20
18
21
19
19
14
16
21
18
20
23
14
12
16
18
21
18
19
19
16
16
16
15
16
15
18
20
20
18
16
18
18
15
18
15
18
13
19
19
21
18
15
21
16
16
19
16
19
18
16
12
21
21
16
21
20
18
18
21
16
18
18
12
17
16
23
18
18
13
16
20
18
18
18
16
14
23
20
21
16
16
18
16
18
18
21
17
16
16
14
21
18
19
21
19
18
20
21
14
18
14
14
14
14
14
17
20
14
16
16
14
17
16
13
17
18
17
17
14
14
17
18
14
16
14
16
12
15
15
14
15
16
16
21
19
20
18
13
19
16
18
15
16
18
12
16
16
18
14
16
19
16
16
18
17
15
17
18
27
36
2
56
24
4
0
0
2
4
2
27
33
30
30
29
29
33
40
2
2
35
2
23
45
23
13
7
4
38
43
8
8
43
4
0
26
34
23
34
24
38
45
69
2
0
10
2
27
68
25
23
36
7
9
0
72
0
0
22
15
29
49
37
28
29
0
4
8
3
7
0
59
9
33
30
32
26
52
2
8
4
34
14
26
14
25
26
27
24
23
0
2
2
6
32
29
21
12
27
31
54
59
78
0
4
0
4
9
27
38
36
20
34
26
8
10
0
5
2
31
31
59
43
37
24
40
2
4
55
7
5
35
2
26
28
26
67
7
71
3
2
2
0
22
74
2
37
12
47
33
6
6
10
8
4
15
2
31
15
3
38
6
4
0
2
43
2
26
35
29
0
18
41
13
6
70
2
2
71
4
24
19
10
2
55
6
12
0
51
0
0
30
0
33
15
0
27
55
0
4
5
0
2
53
23
24
26
9
12
36
39
0
0
4
2
28
31
2
24
31
20
30
2
2
29
4
20
30
11
2
7
7
10
25
42
5
2
7
24
29
26
26
7
32
28
25
2
26
35
22
11
31
32
26
28
0
28
51
6
52
17
29
36
18
16
4
2
29
28
29
29
21
24
30
13
15
0
33
4
33
28
29
15
43
18
25
2
