5
4
0
2
5
0
2
0
0
0
0
71
0
0
3
0
0
0
4
0
6
2
0
4
6
6
0
2
0
4
2
6
4
4
5
2
2
6
0
2
0
4
0
8
0
0
4
0
0
4
2
0
6
4
6
0
2
4
2
6
2
0
0
0
0
4
5
2
2
2
0
4
0
9
0
0
2
4
0
0
2
4
6
4
0
0
4
0
2
0
5
0
3
0
4
0
0
2
2
0
4
0
0
2
2
0
6
0
4
2
2
10
2
0
5
2
2
8
5
4
5
0
0
5
0
0
2
0
2
2
0
0
4
0
4
0
4
2
0
0
4
0
2
2
2
2
4
6
4
4
2
3
6
0
2
2
0
8
2
0
7
56
0
4
0
0
0
4
0
4
1
2
2
0
6
2
35
4
4
2
12
0
4
2
0
0
4
2
2
0
0
10
4
0
1
0
0
12
5
2
3
4
0
4
4
2
0
2
7
4
64
0
0
0
2
12
4
0
4
0
4
2
2
2
2
2
4
0
0
2
0
2
2
0
0
6
2
4
0
4
2
51
0
2
4
0
50
0
4
1
6
0
2
0
6
2
2
2
0
0
2
2
4
2
0
6
4
4
2
0
4
5
4
4
0
0
2
5
2
2
0
2
2
3
0
0
2
0
71
78
71
78
77
74
71
77
77
69
78
72
76
77
73
77
76
72
79
74
73
77
77
71
79
76
77
78
77
71
77
78
75
76
69
78
78
78
69
78
62
77
73
79
79
78
69
73
73
78
78
79
68
72
73
67
78
77
70
78
79
65
76
80
71
78
72
78
78
77
78
78
78
73
77
79
71
77
72
67
75
76
70
78
78
73
78
73
72
72
77
74
69
69
71
77
77
70
79
68
72
78
78
72
77
70
72
70
70
79
80
72
77
75
77
78
78
78
77
76
78
77
77
72
78
78
77
77
78
70
77
77
78
79
79
76
77
76
78
66
78
70
75
77
67
76
73
71
78
66
75
78
71
72
71
78
77
72
70
74
79
79
78
77
70
78
79
77
77
78
71
70
78
76
77
78
72
77
78
77
77
76
72
75
75
73
69
77
71
77
77
75
74
78
72
77
78
76
74
72
71
78
77
72
72
72
78
71
71
67
65
72
72
69
79
78
78
71
72
77
79
67
78
69
70
79
77
75
76
67
70
72
78
78
71
71
69
78
78
78
77
72
76
71
76
79
74
71
78
77
69
65
77
72
75
78
70
72
70
78
71
70
76
76
78
72
74
70
76
67
71
72
71
72
78
70
70
72
75
74
72
79
69
72
74
77
77
79
12
10
13
11
10
12
10
10
6
8
6
8
8
2
6
6
2
6
10
4
8
8
18
4
6
10
4
10
8
6
4
2
10
14
4
4
6
2
4
2
10
2
4
4
6
6
8
8
6
6
6
4
4
2
4
10
4
19
6
6
6
6
4
2
2
2
4
6
6
6
6
4
6
15
4
4
6
4
4
6
6
0
6
8
10
8
4
6
4
4
4
6
12
2
8
6
12
10
4
4
6
12
8
6
12
10
8
6
8
4
6
8
6
4
6
10
39
8
4
8
10
6
12
10
8
4
10
6
6
2
6
8
10
10
10
12
6
4
16
12
6
10
12
8
16
8
4
8
6
12
8
8
4
8
8
10
8
10
4
8
10
10
8
16
12
10
4
10
16
10
8
6
8
6
6
8
11
12
6
8
10
8
12
10
4
8
8
12
14
10
8
10
10
8
14
15
6
4
13
10
2
6
10
12
5
8
8
16
7
13
8
8
6
6
2
16
4
10
8
8
4
2
4
6
6
8
6
2
2
6
4
8
2
6
6
4
6
2
10
4
6
6
2
2
2
2
10
2
8
4
2
2
8
6
8
12
4
2
4
2
2
0
2
4
12
0
0
0
2
0
0
0
0
2
0
2
0
2
2
6
0
0
6
2
0
0
2
2
65
43
73
25
58
39
45
61
57
64
76
55
65
46
40
28
26
58
37
57
25
46
22
27
56
55
45
62
68
68
52
27
25
65
21
54
26
56
33
21
21
58
54
46
69
11
19
44
20
34
13
14
40
67
66
52
53
32
14
63
57
32
58
23
62
30
22
31
19
32
19
20
50
64
50
21
46
19
32
46
39
62
62
23
24
50
58
24
44
14
63
56
25
52
48
21
18
23
44
71
37
34
62
22
33
62
24
66
61
20
44
32
40
58
14
52
56
64
67
60
63
33
20
25
36
31
24
19
22
57
41
32
62
61
47
58
27
16
28
37
23
52
8
42
52
38
11
29
36
54
48
27
63
20
10
42
58
22
46
63
63
69
24
42
56
32
40
34
20
60
46
26
23
17
21
28
26
56
50
19
64
26
44
40
61
66
69
59
19
63
20
61
23
24
54
65
21
20
24
46
30
24
38
56
54
22
48
16
44
46
18
15
29
62
64
62
35
18
20
22
24
62
60
28
21
24
10
20
23
48
13
61
24
20
23
69
54
50
25
34
25
20
25
34
21
25
44
21
34
40
25
21
42
21
44
18
44
21
38
46
36
18
20
24
26
47
26
20
14
39
14
48
46
42
23
27
32
40
59
25
24
42
22
21
38
63
30
43
3
1
2
1
2
1
2
2
0
0
2
2
2
2
2
2
2
2
2
1
0
2
4
1
2
2
1
2
0
0
1
2
0
1
2
1
1
3
0
1
1
1
2
0
1
2
1
1
1
2
0
2
0
1
1
0
1
4
1
1
1
1
1
2
2
2
2
2
2
1
0
1
2
2
2
2
2
1
0
1
3
1
0
4
1
1
2
1
1
1
0
1
1
2
1
1
1
1
1
2
1
1
1
2
2
2
1
4
2
1
2
1
1
1
1
1
1
1
1
1
1
0
1
1
1
1
2
1
2
1
1
1
1
1
1
1
2
2
1
1
0
1
1
2
1
1
3
2
1
2
1
2
1
0
1
2
1
1
2
2
1
1
1
3
2
3
2
1
1
1
2
1
0
2
2
1
1
1
2
1
1
0
2
0
1
3
1
1
1
2
2
1
1
0
1
1
2
1
1
1
3
2
0
1
1
2
0
1
1
1
1
2
1
1
1
3
1
1
1
1
2
1
1
2
2
0
1
1
1
1
1
0
1
2
1
1
1
2
2
2
1
1
0
2
1
2
2
1
1
2
1
1
1
1
1
1
1
2
1
1
1
2
1
0
2
1
1
2
2
1
0
2
3
1
1
1
1
1
0
1
2
3
1
1
0
3
1
1
8
6
14
31
6
2
4
8
8
12
4
53
6
6
0
4
12
8
10
8
10
8
10
18
8
8
14
21
8
6
14
6
6
8
8
10
4
8
19
21
12
6
12
6
8
16
14
17
14
10
6
14
8
12
10
8
23
23
10
12
8
23
14
25
14
19
25
18
12
21
27
10
21
14
12
10
21
8
12
19
21
21
14
14
19
14
12
76
14
10
29
33
19
25
2
16
19
14
37
27
21
12
21
8
21
33
21
18
25
18
14
37
19
29
19
16
12
25
10
25
29
8
10
29
21
17
27
35
37
17
29
18
8
6
31
14
23
14
10
27
17
45
8
18
27
21
25
16
16
8
10
12
14
31
14
14
8
31
10
16
23
18
23
29
29
10
21
12
6
29
23
21
23
8
16
14
8
23
10
23
37
6
27
19
6
23
21
25
16
23
10
12
14
12
15
14
18
10
19
23
2
6
6
16
6
23
8
14
6
23
8
17
21
8
19
12
20
10
12
10
8
25
14
8
10
6
16
8
21
16
10
6
8
16
10
17
10
10
8
6
8
10
17
18
14
10
16
19
4
4
10
4
18
16
6
16
8
6
10
12
10
25
10
16
12
8
10
10
18
10
6
8
8
12
4
8
16
18
10
16
4
10
14
10
10
19
12
12
2
0
2
4
0
4
0
0
2
2
0
4
0
2
2
4
4
4
0
2
2
0
2
2
2
2
2
4
2
0
0
0
2
3
2
2
0
0
2
4
2
2
0
0
2
2
2
0
4
0
23
2
0
0
2
0
0
2
0
2
2
2
0
2
0
2
2
2
2
0
0
0
4
2
4
0
2
2
2
2
2
2
2
2
0
2
2
2
2
2
2
4
0
4
4
2
2
0
2
4
0
2
2
2
2
2
0
2
2
0
0
0
2
2
0
0
0
4
0
4
2
2
0
4
2
0
0
0
0
0
0
2
0
2
0
0
0
0
0
2
2
2
0
0
2
2
0
0
0
0
0
4
0
0
0
2
0
2
2
0
0
0
0
2
0
0
0
2
2
0
2
2
2
0
4
2
2
2
2
80
2
0
3
2
2
2
2
2
2
2
7
2
2
2
2
4
2
2
4
2
2
2
0
0
2
2
0
2
2
2
2
2
4
0
2
2
2
2
2
2
2
4
0
0
2
0
2
4
2
4
2
0
2
2
2
0
2
0
0
2
0
4
4
2
2
2
0
0
0
0
2
0
2
2
2
0
2
2
2
2
2
10
2
2
2
2
4
2
2
2
0
0
2
2
0
2
2
0
2
2
4
2
0
0
2
2
0
0
0
1
6
1
2
2
3
40
0
0
1
1
3
0
5
2
0
0
29
2
1
2
2
4
2
0
2
6
0
0
47
2
0
0
0
2
0
0
0
34
2
0
0
0
1
0
0
0
2
4
0
0
2
31
13
2
0
0
2
2
3
0
4
2
1
2
28
0
2
2
32
0
2
1
2
0
28
4
3
0
2
4
4
4
3
0
2
25
2
0
2
0
8
5
2
0
2
0
5
4
1
0
0
0
0
23
0
4
0
2
2
0
1
0
0
2
4
47
4
0
1
0
2
2
0
0
2
3
0
0
0
0
2
0
2
29
1
0
6
2
2
5
0
2
0
1
0
0
2
4
2
0
4
0
6
0
7
31
0
0
0
3
11
4
0
2
8
0
0
2
6
3
0
4
23
8
6
4
2
2
4
11
1
2
4
2
2
0
1
0
0
0
2
6
0
2
0
0
0
2
29
2
0
0
6
2
0
4
0
0
0
0
0
0
2
49
4
5
5
2
2
0
1
4
2
0
47
6
0
0
0
0
2
2
2
5
0
0
0
35
4
2
0
2
4
2
3
0
8
37
3
0
2
0
33
4
2
0
0
2
1
0
6
2
0
0
0
0
2
2
2
0
2
2
4
7
0
3
1
0
0
0
0
36
4
2
2
0
13
13
13
11
13
13
11
11
13
13
13
13
13
13
13
13
13
13
11
11
11
13
11
13
11
11
13
11
13
13
13
13
13
11
13
13
13
13
13
13
11
13
11
11
13
11
13
13
13
11
13
13
13
13
13
13
13
11
13
13
11
11
13
11
13
13
13
15
13
13
13
13
13
13
13
13
13
13
13
13
13
13
13
13
11
13
13
13
13
13
13
13
13
13
13
13
13
11
11
13
13
13
13
13
13
13
13
13
11
11
13
13
13
13
15
13
13
13
13
15
13
13
13
11
13
13
13
13
13
13
13
13
13
13
13
13
13
13
13
13
13
11
13
13
13
13
13
13
13
13
11
13
13
13
13
13
13
13
13
13
13
13
11
13
13
13
13
13
13
13
13
11
13
13
13
13
13
11
13
13
13
13
11
13
13
13
13
13
13
13
13
13
11
13
13
13
13
13
13
15
13
13
13
13
13
13
13
13
13
11
13
13
13
13
13
11
13
13
13
13
13
13
13
11
13
13
13
13
13
11
11
13
13
13
13
13
15
13
13
11
13
13
13
13
13
15
15
11
11
13
13
13
13
13
13
13
13
13
13
13
11
13
13
13
13
13
13
13
13
13
13
13
13
13
13
13
13
13
13
13
13
13
13
13
13
13
13
13
13
40
30
33
20
42
51
55
46
54
28
40
48
22
41
43
56
41
54
44
36
28
46
60
36
49
39
36
49
52
54
51
43
35
26
42
40
39
48
70
35
37
50
46
43
33
36
48
44
53
46
30
42
45
25
33
58
20
33
37
39
39
34
51
39
34
50
43
44
52
29
40
37
39
38
44
23
30
38
33
39
40
25
27
46
33
35
41
44
43
33
34
42
37
52
47
44
42
45
43
33
45
25
30
26
42
36
39
36
51
33
43
39
41
44
68
55
25
33
35
42
25
26
51
61
42
24
46
24
26
49
38
48
47
51
43
35
42
44
40
52
46
44
41
47
50
49
28
49
49
41
41
12
4
38
48
29
26
35
45
37
40
43
14
42
30
28
37
44
48
57
42
37
33
23
57
39
38
38
39
46
36
38
30
29
41
38
46
36
37
34
37
46
31
45
46
35
22
29
45
42
55
36
48
29
29
25
45
48
57
36
41
49
45
38
51
42
39
25
44
40
30
50
43
40
11
44
27
47
36
27
46
58
46
53
36
49
49
48
58
51
40
41
45
40
47
28
54
41
39
43
36
52
24
28
63
30
36
36
45
46
49
29
40
37
25
34
52
21
37
49
43
27
51
47
33
59
43
35
60
39
42
36
37
51
48
45
33
