1
0
1
3
1
0
1
0
0
0
0
1
1
0
3
5
0
0
1
3
11
6
3
1
1
0
0
1
0
0
0
0
0
1
1
1
1
0
0
8
0
1
0
0
0
3
0
1
1
1
0
3
3
0
0
1
1
0
0
1
0
1
1
1
1
1
1
0
0
0
1
1
5
1
0
3
3
0
3
3
1
1
5
5
3
10
5
1
3
0
1
1
3
6
1
1
1
8
7
7
1
1
0
1
0
1
5
3
0
2
0
15
0
0
1
3
2
7
1
12
5
1
1
7
0
1
6
0
3
4
5
4
5
1
0
1
3
1
8
3
12
0
4
0
1
0
3
1
1
3
0
1
8
33
1
1
0
0
0
7
1
1
1
3
1
7
5
5
5
3
3
5
3
3
1
0
0
1
0
1
1
5
1
6
0
3
3
5
3
1
3
10
6
3
1
3
3
5
3
3
14
3
3
3
1
5
7
5
0
3
7
5
3
0
0
0
1
3
1
3
0
0
1
5
1
1
0
1
0
0
0
3
3
9
0
1
3
1
7
1
1
1
1
3
1
3
1
3
0
1
1
3
0
1
0
7
0
1
1
0
0
0
1
1
12
0
1
1
1
0
3
3
0
14
0
1
1
1
1
5
1
1
1
1
0
3
1
1
0
2
0
0
0
0
2
0
2
3
0
0
8
0
0
2
2
11
0
0
0
0
0
2
0
2
0
0
2
0
6
2
0
2
0
2
0
2
0
2
2
0
0
2
2
4
2
0
4
0
2
2
2
4
4
0
2
4
4
0
0
2
4
0
2
0
6
2
0
2
2
2
2
0
0
0
0
11
0
0
0
2
4
2
2
2
0
0
0
2
2
0
2
0
0
6
2
2
2
2
2
2
4
2
0
4
2
0
2
0
2
0
2
2
0
4
5
0
0
0
2
0
2
0
2
0
0
2
0
4
2
0
0
2
0
2
4
2
4
0
2
2
2
0
0
2
0
4
4
2
2
2
4
0
0
0
0
0
2
6
0
2
4
0
15
0
2
11
2
0
4
2
2
0
0
2
4
2
0
0
0
2
0
0
2
0
0
0
0
2
0
0
2
2
2
0
0
17
2
2
0
2
2
0
0
0
4
0
0
4
2
4
2
2
0
0
2
2
0
0
0
0
2
0
2
2
0
7
0
0
0
0
0
0
4
2
0
4
0
0
0
2
2
0
0
2
0
0
0
0
0
0
0
0
4
4
0
2
0
0
0
0
0
0
0
0
2
0
3
0
2
0
4
0
2
2
2
2
2
0
0
2
6
0
0
2
0
0
4
2
2
0
0
2
2
2
2
0
2
4
2
10
2
4
2
2
4
0
2
2
0
2
2
0
2
4
4
4
2
4
2
0
2
2
0
2
4
0
4
2
4
2
2
0
2
2
2
2
0
2
0
2
2
2
4
2
0
0
2
0
0
4
0
0
2
4
2
2
0
2
0
0
2
0
0
2
2
2
8
6
2
2
0
2
0
2
2
0
0
0
2
0
2
6
0
0
0
2
4
2
0
0
0
2
0
4
2
0
2
2
8
0
2
2
2
2
4
2
4
0
2
2
2
2
6
2
4
4
0
0
4
0
0
0
2
2
0
2
2
0
6
2
2
2
6
2
8
2
0
2
2
4
6
0
0
4
2
4
2
4
2
6
2
2
2
0
2
0
2
2
4
2
4
4
2
0
4
2
2
2
2
2
4
2
2
4
0
4
8
2
0
2
4
2
2
4
0
2
0
4
2
2
0
0
2
2
0
2
2
2
0
2
2
6
8
0
4
2
2
4
2
2
0
2
2
2
2
2
4
2
6
6
2
4
4
6
0
2
4
2
2
4
6
2
2
8
0
4
2
0
0
2
2
6
2
2
2
2
2
0
4
6
2
0
2
2
0
0
0
0
0
4
2
2
2
4
0
0
2
0
2
2
0
0
2
4
17
4
0
4
2
4
4
20
13
0
2
0
0
4
0
4
2
4
2
4
2
6
4
2
6
6
4
2
8
4
6
2
4
2
4
2
4
6
6
2
19
4
2
4
6
0
0
4
0
3
13
0
4
2
4
4
2
2
2
8
2
4
6
22
4
4
2
4
2
4
6
4
13
4
2
6
4
6
4
2
2
4
0
6
4
4
4
6
6
0
4
2
4
2
4
2
2
4
4
2
4
8
2
3
4
4
2
4
4
2
6
8
8
15
6
6
6
4
4
2
4
2
6
0
2
5
14
4
0
4
2
2
2
4
4
4
2
2
2
2
4
6
4
4
4
4
4
6
2
2
12
2
0
2
0
6
4
8
6
2
6
4
2
13
4
8
0
15
2
5
2
2
6
4
2
2
2
8
2
6
2
2
2
6
2
2
4
2
4
8
4
8
4
4
4
6
0
4
4
0
0
0
4
4
6
2
9
6
4
4
5
4
10
4
6
4
2
4
4
4
6
17
2
0
4
2
2
0
6
0
8
6
2
2
2
2
8
4
2
6
4
8
2
4
8
2
4
0
2
2
0
6
6
4
4
4
2
2
4
2
2
4
8
6
8
8
2
6
4
4
6
6
9
15
13
2
2
4
2
2
13
6
0
13
4
6
8
6
8
4
8
5
6
3
4
4
8
6
9
6
12
11
11
6
8
6
5
11
6
6
6
6
7
4
6
8
6
3
6
6
9
5
6
4
6
13
6
6
8
8
8
7
4
8
7
6
4
6
7
7
7
6
9
4
9
4
14
6
7
7
10
11
3
5
8
8
8
7
5
9
16
3
6
6
1
10
6
6
5
4
5
6
6
3
4
4
4
8
1
4
6
12
7
4
8
11
4
7
9
8
8
4
6
1
6
4
8
15
9
7
7
3
4
4
5
11
4
8
6
6
6
3
14
4
11
4
6
10
3
6
4
4
5
4
1
1
7
5
8
11
10
11
3
4
4
3
6
6
1
5
3
6
4
3
9
8
4
1
6
4
6
6
11
6
4
4
4
11
5
7
5
4
6
4
3
8
3
4
4
6
4
6
8
8
8
6
6
4
8
23
3
3
4
8
6
5
8
4
1
7
3
1
4
6
6
5
8
10
5
6
5
3
4
10
4
4
3
11
7
12
4
7
7
6
4
5
8
8
10
8
6
6
6
11
4
5
3
11
4
4
9
12
3
5
6
6
13
8
13
6
8
6
9
6
15
3
6
9
5
1
6
13
6
6
6
7
3
6
6
4
5
3
5
8
8
5
6
4
14
8
10
7
8
4
8
15
11
9
9
9
14
9
7
13
6
20
9
11
7
4
4
15
22
10
4
4
17
6
15
11
13
21
6
13
36
17
9
19
17
17
4
11
13
6
24
7
9
6
15
13
9
13
11
15
13
9
6
9
6
19
12
7
8
11
13
7
27
19
6
8
28
14
16
5
19
9
19
19
7
9
10
11
30
17
6
7
17
26
7
4
21
15
11
11
35
17
17
18
13
38
29
28
19
11
11
14
7
28
50
19
24
42
35
15
19
24
16
19
16
30
12
11
13
15
20
27
28
26
9
39
20
22
34
14
34
40
50
9
18
24
26
18
21
17
21
30
22
30
24
21
11
18
15
40
30
15
12
30
22
25
11
15
20
34
13
20
24
22
38
33
39
22
18
22
30
32
38
23
11
27
15
38
24
37
36
13
43
11
15
38
25
26
21
32
15
24
32
18
34
30
26
28
30
34
21
30
20
17
27
34
21
13
17
11
34
31
23
39
13
16
12
40
21
19
23
9
16
24
11
21
19
11
26
15
11
28
15
29
11
26
31
26
23
13
19
23
30
40
20
12
32
18
11
9
38
17
24
12
48
32
15
21
13
44
20
28
14
46
17
38
37
13
21
13
41
11
19
24
28
18
20
9
17
35
30
11
15
13
16
24
18
7
36
8
10
6
4
9
2
2
3
8
4
4
2
5
9
3
6
8
8
7
6
8
8
3
7
6
13
6
10
10
14
6
10
4
9
4
7
7
5
7
6
5
8
7
10
7
6
8
9
0
8
2
10
4
4
7
2
9
10
7
7
5
5
16
7
6
7
10
6
0
15
5
12
4
6
2
7
5
4
5
2
9
7
5
8
9
6
5
6
5
8
4
5
8
5
7
4
7
7
10
7
2
12
3
5
8
8
3
2
6
10
7
8
4
5
5
7
3
11
8
2
6
4
2
7
5
5
8
2
5
2
6
4
7
5
4
5
6
15
7
15
7
7
8
6
7
5
7
3
4
7
5
9
9
6
5
5
4
6
3
5
6
17
6
6
7
4
11
4
1
11
6
3
5
11
9
5
6
6
4
5
5
10
5
9
6
8
7
7
4
8
7
8
7
2
5
7
11
5
3
1
2
2
3
6
9
2
8
8
2
6
5
8
4
7
4
9
5
8
7
4
4
7
8
8
6
7
7
7
6
7
6
6
7
9
2
5
7
4
8
4
7
6
5
3
6
4
6
4
6
6
4
10
5
3
8
9
6
7
2
14
5
5
8
7
7
7
5
3
7
6
5
8
8
3
6
4
5
6
4
5
8
7
9
6
8
6
6
4
7
44
44
44
38
38
40
58
66
52
68
38
42
56
48
30
23
46
58
54
22
67
22
48
34
42
52
27
26
46
44
52
64
56
56
47
36
38
38
26
38
42
42
40
46
32
46
44
28
26
46
42
32
58
68
46
60
52
48
28
34
28
58
60
60
58
54
78
58
36
52
62
34
46
42
36
46
50
44
40
50
16
36
32
46
44
38
22
34
34
64
26
52
44
54
46
46
52
32
32
40
70
48
50
26
42
34
40
28
36
38
62
30
42
34
54
64
60
36
20
47
46
40
38
58
48
32
60
58
32
50
56
74
48
36
36
52
42
60
36
28
68
44
26
38
30
56
40
36
48
48
44
52
62
34
74
48
53
48
38
44
36
54
46
34
46
42
54
62
44
46
38
34
32
42
42
42
26
34
50
34
44
52
42
32
50
44
36
44
54
30
44
34
38
40
62
44
42
46
50
30
52
22
26
66
27
50
40
44
56
18
36
50
46
44
54
53
32
38
40
30
52
40
27
36
34
34
25
32
38
40
52
40
50
44
42
40
40
36
44
36
30
44
48
48
24
55
46
36
32
54
46
30
32
38
44
44
38
36
52
36
20
44
38
52
36
34
40
36
18
32
44
36
28
36
52
34
36
52
60
54
34
54
52
34
38
38
44
70
2
0
0
8
0
2
2
2
8
0
2
0
0
2
4
4
2
0
2
2
0
2
2
0
0
0
0
0
0
4
2
2
0
2
0
0
2
2
0
2
0
0
4
0
0
0
2
4
0
0
0
0
2
2
2
2
6
6
0
2
0
2
2
2
0
10
0
2
0
0
0
0
2
2
0
2
2
0
0
0
0
2
0
2
0
2
0
2
0
0
2
0
0
2
0
0
0
2
2
2
0
0
2
2
2
0
2
0
0
2
0
2
0
2
2
2
2
0
2
2
2
0
6
2
4
0
0
2
0
2
2
2
0
2
4
2
0
0
2
0
2
2
4
2
0
0
4
0
0
2
0
0
0
2
2
2
0
2
0
2
4
2
0
0
4
4
2
2
2
2
0
0
2
4
0
2
0
2
2
2
2
0
0
2
0
4
2
0
0
2
0
0
0
4
4
0
6
0
4
2
6
2
2
2
0
0
0
2
2
2
0
0
0
0
0
0
4
0
0
2
0
2
2
2
0
2
2
4
0
2
0
6
0
2
2
0
0
0
4
4
2
2
2
0
0
4
0
0
0
0
0
0
4
0
0
2
2
4
8
0
4
0
2
0
2
2
0
0
0
4
0
2
0
2
0
2
4
2
2
2
0
0
2
2
2
2
2
0
34
47
31
65
60
48
46
41
34
38
46
40
28
39
47
39
48
46
52
34
57
47
45
29
73
42
41
37
68
34
55
52
55
41
33
35
37
37
57
52
31
66
45
46
41
46
36
35
31
40
71
45
32
53
58
44
55
44
48
40
36
50
47
43
56
88
56
39
57
44
31
51
33
47
53
27
49
38
57
42
33
84
61
33
26
51
54
43
63
33
41
50
47
53
61
27
39
67
31
56
62
41
44
39
40
63
47
40
40
31
31
50
28
57
43
50
32
34
58
28
22
47
53
56
30
43
42
38
44
75
53
33
21
40
44
56
40
28
36
79
47
61
47
33
34
27
38
58
52
41
43
54
56
33
58
31
46
57
46
37
60
38
40
68
38
28
54
45
27
31
67
31
59
56
49
34
42
47
29
49
39
38
57
43
48
58
51
46
38
39
26
57
60
64
35
80
39
32
34
32
26
44
36
35
38
34
34
39
34
43
46
44
33
48
54
30
46
34
40
50
56
82
57
43
38
28
38
39
37
29
33
36
37
57
40
37
31
40
28
27
34
31
40
29
42
45
56
42
27
22
32
58
31
48
46
32
39
33
34
36
39
38
45
43
21
64
23
28
51
21
30
26
31
35
36
35
55
50
37
40
32
34
38
35
40
33
45
44
