33
41
28
21
38
24
55
39
15
19
33
24
29
61
25
29
6
20
38
30
44
30
13
67
30
28
48
80
27
26
24
40
48
26
40
44
17
26
35
21
36
33
34
39
13
15
24
46
32
43
32
57
15
28
25
21
28
37
27
37
44
83
40
52
49
45
36
39
35
46
44
39
46
24
56
21
32
24
54
29
32
0
32
32
57
75
38
32
43
14
38
46
40
30
42
39
43
31
38
32
46
39
18
0
17
13
32
52
50
35
50
33
45
33
13
57
30
36
44
25
46
35
36
29
37
38
19
34
2
34
34
30
37
35
81
32
46
46
38
28
15
13
46
26
56
45
31
22
53
28
18
47
45
20
20
28
53
35
71
31
25
27
41
51
44
57
2
30
41
50
34
36
30
44
42
27
30
27
26
32
53
29
37
62
50
46
26
22
21
34
53
29
36
64
64
42
26
35
34
39
0
38
47
61
60
28
57
57
65
37
65
26
41
65
52
24
43
66
69
29
39
50
28
20
15
47
24
46
42
35
13
15
49
39
29
15
24
24
19
32
26
28
34
39
31
54
29
21
21
31
34
22
28
36
22
19
35
28
22
17
36
15
41
15
0
21
28
26
26
18
15
25
13
23
19
19
31
28
20
15
18
21
37
37
0
15
21
30
13
11
9
4
9
9
8
9
7
9
11
4
4
6
11
0
7
5
29
4
4
12
4
10
11
15
5
6
4
7
6
4
5
5
13
11
11
5
5
9
7
13
13
11
13
8
14
4
7
4
6
7
8
5
5
5
10
13
9
4
7
4
7
4
5
6
4
2
3
9
5
7
24
9
11
7
11
8
7
9
7
6
9
9
7
5
3
17
5
15
6
7
7
4
6
9
7
3
4
9
5
9
8
8
6
7
7
30
7
3
6
13
7
7
5
7
6
9
9
7
11
11
7
9
7
14
9
9
8
9
5
12
13
12
9
11
5
6
11
11
5
22
6
7
20
6
7
6
5
9
8
7
9
7
4
9
16
7
5
14
13
9
16
23
5
9
13
6
7
7
17
6
7
10
4
3
11
7
18
7
11
8
6
17
8
14
14
13
7
2
9
14
7
9
9
7
13
3
7
7
9
9
7
9
9
10
7
11
9
11
9
8
5
7
13
5
9
10
13
9
9
9
11
5
10
9
14
15
7
24
11
9
7
5
9
5
12
7
11
12
8
11
7
6
13
7
9
8
12
4
3
9
15
5
6
10
5
11
4
14
6
7
13
15
11
7
5
5
5
5
5
7
19
12
15
9
7
7
9
7
9
12
7
8
10
12
13
5
2
4
2
8
2
2
0
6
2
4
2
8
3
0
2
4
4
11
2
2
2
0
56
0
2
2
5
0
6
2
12
4
4
0
2
2
6
6
2
2
4
2
4
8
4
2
4
4
2
2
4
15
4
6
3
0
4
8
4
2
2
6
4
2
8
0
2
4
4
2
2
4
4
2
4
6
2
0
0
2
2
14
0
8
4
4
4
0
0
0
2
0
30
6
2
2
4
8
6
4
2
4
4
2
4
2
6
4
8
4
2
0
0
6
3
2
2
4
2
6
4
2
4
4
4
4
6
1
2
2
16
6
3
2
2
4
2
8
5
16
6
4
2
4
0
6
2
2
4
0
2
2
4
4
2
2
4
2
4
2
2
8
6
2
2
2
4
4
4
4
4
2
2
6
6
2
4
0
4
2
38
6
0
13
2
3
4
4
6
6
7
2
4
4
0
4
7
4
8
2
2
0
2
7
8
4
4
0
2
8
5
2
0
2
2
2
2
2
6
4
0
8
0
4
0
4
4
0
2
5
4
4
5
0
4
4
2
4
6
8
38
4
4
5
6
2
2
7
6
3
0
0
2
8
6
2
4
2
4
0
4
4
0
29
2
7
2
4
0
0
5
0
8
4
6
4
6
3
4
1
2
0
2
6
0
2
6
4
0
0
0
0
0
2
0
2
2
4
2
2
0
0
0
0
2
0
2
2
0
0
0
2
0
4
0
0
4
0
2
6
2
2
2
4
0
0
4
2
2
2
0
2
0
2
0
2
2
0
0
0
0
2
4
0
2
2
2
0
4
2
2
4
0
0
2
0
2
0
0
0
0
2
2
2
2
4
0
4
4
0
0
4
2
0
0
0
0
0
4
2
2
2
2
2
2
2
0
0
0
0
2
2
0
0
4
0
0
4
0
2
0
2
4
2
0
2
4
0
0
2
0
2
2
2
0
2
4
0
0
4
4
0
2
2
3
4
0
4
6
2
4
2
2
0
0
2
0
2
2
2
0
0
0
2
0
2
4
2
0
0
0
2
0
2
0
2
2
2
2
2
0
4
0
0
0
0
4
2
0
0
2
2
2
0
2
2
2
2
2
0
4
2
0
0
2
2
0
0
0
0
4
4
6
2
0
6
0
0
0
2
2
2
2
0
2
4
2
4
0
0
2
2
0
2
2
0
2
2
2
0
2
0
0
0
0
2
0
0
0
2
0
0
2
2
0
0
0
4
0
0
0
0
2
4
0
0
0
2
0
0
0
0
2
2
0
2
2
2
2
0
0
0
2
0
0
2
0
0
2
2
2
0
8
0
2
2
0
0
0
2
4
4
0
0
4
0
2
2
0
4
0
2
2
4
4
0
2
4
4
2
4
4
0
0
2
2
2
0
4
4
0
4
2
2
2
2
2
2
2
2
2
2
0
2
0
2
2
2
0
2
4
2
2
0
4
0
4
2
0
4
0
2
2
0
0
0
4
4
4
0
6
2
4
4
4
0
2
2
2
0
0
2
2
2
2
0
0
2
2
0
4
2
2
0
2
17
17
4
0
2
0
0
0
4
2
0
16
2
0
0
2
4
2
4
6
4
2
12
0
2
2
0
4
0
0
2
4
0
0
2
0
2
4
2
2
0
0
7
0
2
2
4
2
0
2
4
2
2
0
0
0
2
0
0
0
4
0
14
2
0
4
2
2
0
8
4
16
2
2
0
2
4
2
0
4
2
2
2
0
4
0
0
0
2
2
2
0
2
0
4
0
0
2
2
0
0
4
4
0
2
16
2
2
0
0
2
0
0
2
2
0
2
4
2
4
0
0
2
0
0
4
0
4
4
2
0
6
2
2
0
2
4
6
2
2
0
2
0
16
4
0
0
0
14
2
2
2
4
0
0
0
0
2
4
2
0
2
0
2
4
2
2
0
0
0
2
0
0
0
0
2
0
2
16
0
2
0
6
2
2
0
0
4
0
16
17
9
9
18
14
14
7
7
6
7
7
4
7
4
7
7
4
11
10
4
9
8
6
9
9
7
8
6
8
8
11
13
5
11
7
8
4
12
9
4
8
11
7
5
6
7
5
6
5
8
6
7
8
8
8
7
8
4
9
6
13
6
15
10
7
6
5
10
14
7
7
11
12
9
6
6
13
4
7
9
7
7
11
6
8
7
9
6
4
7
9
7
6
8
9
8
9
15
7
9
10
17
6
16
9
11
12
8
10
9
6
7
6
9
13
9
11
9
15
6
13
7
10
7
11
6
9
6
13
6
6
9
6
9
9
11
11
8
9
9
12
5
10
8
15
9
11
10
7
6
7
7
6
11
9
15
4
4
11
8
9
13
8
13
9
8
17
8
10
14
10
10
13
11
8
9
9
15
11
10
6
7
8
10
6
11
7
12
9
8
15
17
10
9
9
10
9
16
2
10
11
2
7
10
9
17
8
8
4
8
11
15
9
10
13
7
9
6
10
11
8
7
9
9
7
6
6
7
13
9
6
6
6
13
8
7
9
2
6
6
7
9
6
4
6
11
5
13
6
6
7
2
6
6
2
8
8
19
5
5
10
5
4
4
2
4
6
4
5
6
6
7
7
4
10
8
6
11
4
6
8
8
3
6
8
4
8
2
2
2
2
2
6
2
4
4
4
4
4
28
0
2
2
3
4
2
4
4
4
8
4
3
2
4
4
5
2
4
4
8
5
5
2
2
33
6
9
2
2
2
7
2
6
2
49
11
2
4
17
6
3
7
4
11
2
8
5
4
16
8
2
2
0
2
8
4
0
2
2
2
0
6
2
4
13
2
4
5
2
32
2
3
4
2
4
2
6
4
6
6
5
5
13
4
3
2
0
6
4
2
2
4
4
4
0
9
4
12
7
10
8
8
15
60
2
10
35
2
6
58
4
6
2
4
2
2
8
4
4
2
6
2
4
4
2
4
19
2
2
2
2
8
18
8
2
2
4
7
2
5
4
5
4
3
2
2
2
4
7
8
46
4
0
4
2
8
4
5
0
6
4
2
8
4
2
0
4
4
4
5
2
9
2
6
2
2
6
4
0
7
4
7
4
4
4
2
6
35
2
48
2
4
2
4
3
0
2
2
2
2
0
2
4
2
9
2
2
3
2
8
2
2
3
4
4
2
30
2
2
28
2
4
2
6
2
6
4
3
2
2
2
3
4
47
5
6
6
6
2
15
2
2
7
2
4
5
3
2
2
2
2
2
0
10
2
6
58
8
0
5
0
2
0
4
4
0
6
4
0
2
4
10
4
0
6
7
17
9
5
4
2
15
5
0
6
3
5
21
1
1
7
0
1
3
3
0
4
3
0
10
10
1
7
21
1
1
20
6
9
20
8
1
8
12
6
12
5
5
3
3
2
7
3
0
0
2
16
9
16
2
3
0
12
1
6
0
0
0
4
4
9
3
15
7
1
7
4
10
1
4
9
4
9
10
16
3
1
6
31
0
3
0
3
11
8
6
19
7
1
14
1
6
7
2
7
6
2
6
11
3
8
2
0
10
1
0
0
10
9
0
12
13
3
2
2
5
1
4
10
11
11
16
6
2
0
2
3
0
4
20
6
11
9
0
11
1
6
12
9
3
6
19
12
0
6
20
0
9
5
20
2
3
5
9
15
15
13
5
15
5
1
1
0
0
1
16
7
3
19
7
7
29
0
1
11
13
19
0
0
10
0
0
0
0
3
21
6
7
18
8
4
1
4
12
16
0
0
8
2
10
0
1
5
22
1
6
5
0
6
4
11
10
19
7
3
3
12
17
4
12
14
16
0
3
11
8
13
14
3
7
1
21
2
3
7
4
8
6
30
0
8
0
1
13
7
22
3
9
12
7
6
1
10
2
17
16
9
5
6
0
13
10
16
6
5
2
10
7
9
13
15
8
3
12
10
0
4
5
0
5
11
9
0
0
4
2
2
0
1
2
0
0
2
4
5
4
2
3
0
4
5
3
2
2
5
4
2
1
0
2
2
0
0
2
2
0
7
2
2
4
4
2
2
1
0
4
0
4
4
4
2
2
4
1
2
2
4
2
2
0
1
2
2
0
4
4
4
2
3
0
4
4
0
4
1
0
2
3
1
4
2
2
2
2
0
1
2
2
1
3
2
2
5
2
0
2
3
1
3
2
0
2
2
2
1
1
0
2
4
4
0
3
2
6
1
0
4
0
4
4
2
3
3
4
2
2
2
2
1
0
4
5
2
4
0
2
25
0
2
4
2
2
2
2
2
0
5
3
0
4
2
2
0
2
1
2
6
2
2
0
0
2
0
0
1
4
4
4
2
2
2
5
2
0
0
6
6
4
3
3
2
4
1
4
1
3
0
2
1
2
0
1
0
0
2
0
0
3
2
4
2
2
2
2
3
0
4
2
4
2
0
0
4
2
2
1
0
6
2
3
7
2
1
4
4
4
2
1
6
2
3
2
1
0
0
3
5
2
5
0
3
3
2
3
2
2
2
3
1
3
1
1
2
1
2
1
0
1
1
1
2
0
1
2
4
0
2
1
1
1
2
2
3
4
0
6
0
0
4
0
2
1
2
2
2
1
2
1
3
0
0
3
0
1
5
1
7
3
15
3
6
6
27
5
0
3
0
1
3
1
2
2
5
5
7
4
2
2
4
0
0
2
3
4
5
0
5
0
5
5
2
5
6
4
1
2
2
4
4
7
5
0
4
7
2
3
2
3
3
2
1
3
7
4
0
2
5
1
0
1
0
5
4
1
0
4
3
4
3
2
4
5
3
2
0
0
3
0
5
3
5
7
5
0
4
3
7
3
3
5
5
5
3
1
2
1
6
0
4
5
4
1
15
7
2
5
3
9
3
3
5
5
5
6
2
3
5
0
31
5
3
1
4
2
4
5
3
2
19
5
2
4
1
3
5
2
4
4
6
0
0
5
27
5
2
3
2
7
7
1
1
6
7
3
3
7
1
3
5
4
4
5
5
5
3
7
5
5
5
0
9
2
1
0
3
7
3
3
5
5
3
5
3
3
5
5
0
1
9
4
2
5
2
0
0
3
1
5
4
3
2
2
1
3
1
2
5
4
9
3
7
5
3
5
4
0
6
5
3
1
3
1
1
27
4
17
3
3
0
4
15
1
5
5
19
0
4
2
2
1
7
0
7
4
0
3
2
5
4
5
2
2
1
7
7
4
5
0
5
4
1
4
6
1
2
1
0
3
3
4
3
2
2
3
1
6
26
2
3
