17
16
22
13
17
15
15
20
13
18
22
15
15
15
13
13
19
14
12
13
13
11
17
13
19
13
15
15
15
13
13
20
18
12
14
13
14
18
16
17
14
13
15
13
15
13
14
17
17
15
14
16
12
11
13
13
13
18
15
13
17
13
13
15
13
15
12
12
16
15
14
13
19
15
19
14
15
17
13
20
17
13
13
18
11
12
15
15
18
13
20
15
13
17
15
21
13
19
18
15
13
17
17
12
14
21
13
19
15
20
13
18
17
15
13
12
16
19
18
16
15
15
17
13
15
21
15
18
17
14
13
14
13
17
15
14
15
15
15
14
13
14
12
17
13
19
13
21
16
7
14
14
22
12
14
13
13
16
12
15
13
12
15
13
16
13
17
13
16
13
14
15
15
40
17
15
13
13
15
15
15
14
14
15
13
12
15
16
13
14
15
17
14
13
19
13
16
15
11
14
19
17
18
17
16
19
18
13
14
14
15
15
15
12
15
22
14
13
13
15
13
16
15
17
17
16
15
16
19
18
15
18
14
20
14
15
13
17
18
16
15
15
16
17
15
13
19
17
17
14
20
12
15
11
17
9
15
19
16
15
13
15
16
15
13
13
13
16
16
18
13
16
15
13
16
15
19
15
15
11
13
13
16
17
13
14
14
17
1
2
2
9
2
5
11
3
3
2
3
2
3
3
3
3
0
2
1
2
1
5
0
3
1
2
3
0
2
2
0
3
2
0
2
2
11
2
3
1
0
0
1
0
2
2
9
1
3
0
2
0
9
2
2
0
2
2
2
2
0
2
0
3
0
0
3
3
2
1
7
1
3
1
2
0
3
3
0
3
1
1
2
0
1
3
0
5
11
2
2
1
2
3
1
3
1
0
3
1
2
13
3
11
2
0
1
1
1
1
0
1
5
1
0
1
7
0
0
2
3
5
2
3
2
2
1
2
3
0
3
1
2
3
3
0
0
1
0
2
2
2
0
3
3
0
2
1
1
9
3
1
0
0
3
0
1
9
2
2
3
5
0
1
0
2
2
0
1
1
7
2
0
1
5
2
3
3
0
0
0
7
0
1
3
0
1
1
1
1
2
3
2
3
3
1
0
1
1
5
3
3
2
5
5
1
0
1
2
2
5
0
1
2
0
2
3
1
1
2
0
1
1
2
1
1
1
1
0
3
3
1
5
5
1
2
0
1
1
1
2
7
0
2
3
2
0
3
2
3
0
1
3
0
2
3
0
0
3
7
1
0
3
0
0
5
2
2
1
11
2
3
3
2
2
1
2
1
2
3
11
1
0
3
0
1
3
2
0
0
0
0
0
0
0
0
0
2
4
2
2
0
2
0
2
0
0
6
11
0
2
2
10
0
0
0
0
0
13
6
10
8
8
0
0
0
6
4
8
4
8
8
4
10
5
8
8
8
6
6
8
6
4
6
4
6
4
4
0
2
6
6
6
8
4
4
2
2
6
4
4
4
0
2
2
4
2
2
2
0
2
2
2
0
0
2
2
4
2
4
4
2
6
4
2
2
4
2
2
6
2
2
2
4
4
2
2
6
6
15
0
17
2
2
19
0
2
17
0
0
26
2
15
19
2
17
16
4
13
0
4
19
0
17
4
0
19
2
0
19
2
24
15
0
15
0
0
19
2
0
12
19
0
2
0
0
13
0
2
15
23
0
15
2
0
21
4
2
11
0
17
9
0
13
13
0
6
0
4
2
2
18
17
0
19
0
2
11
2
15
15
0
17
2
2
17
0
2
18
0
17
15
6
0
13
4
2
12
18
2
2
20
2
0
13
6
2
7
0
2
13
0
17
16
2
0
10
0
20
17
0
18
0
2
13
0
19
4
2
17
9
0
15
2
2
18
0
2
7
4
0
0
2
0
16
4
0
0
14
0
2
15
16
0
16
2
0
6
4
2
19
19
6
16
25
2
18
7
4
16
4
2
2
2
4
17
22
0
0
0
0
2
15
2
0
0
0
0
2
0
0
6
2
0
2
42
5
4
2
0
2
0
17
7
0
20
4
52
2
6
2
0
0
2
2
0
0
0
0
6
4
0
2
59
2
4
2
0
2
2
0
4
0
4
2
0
0
0
2
0
0
4
0
0
2
0
2
0
4
4
2
4
0
0
0
6
6
2
0
2
2
0
93
2
0
0
4
4
0
2
2
0
4
2
0
2
8
0
4
0
4
0
2
0
2
2
7
25
0
4
2
22
0
0
0
0
4
0
2
5
3
0
0
2
9
14
2
4
0
0
0
0
0
0
10
26
0
2
0
2
0
0
5
0
22
0
2
0
0
2
2
2
13
0
2
6
0
36
0
0
2
2
4
0
0
4
0
8
23
0
6
0
0
2
19
8
6
2
2
2
23
8
2
0
2
8
8
0
0
2
0
0
2
4
0
0
0
2
10
4
0
0
8
6
0
0
23
0
0
25
4
2
2
6
0
23
0
7
0
0
38
0
4
0
0
14
4
2
4
6
0
0
4
0
0
0
0
10
2
6
4
0
2
0
0
0
4
0
2
2
0
0
0
62
0
2
2
23
0
50
0
4
0
0
7
4
0
4
12
4
0
0
0
4
0
0
0
4
0
6
21
12
0
2
25
16
27
33
22
11
25
17
41
26
20
15
19
22
36
20
30
28
18
35
15
27
18
24
37
22
40
28
30
37
23
18
24
24
32
28
27
26
36
33
46
30
19
20
29
31
12
28
19
25
45
46
27
38
25
26
19
24
13
43
21
44
34
21
22
20
8
23
30
31
26
24
22
28
26
28
16
23
26
31
22
33
12
24
21
14
21
26
31
13
33
20
25
30
30
33
21
10
43
31
19
22
29
45
9
29
11
39
22
26
19
39
27
18
26
31
23
21
29
24
6
15
25
13
29
24
22
19
30
24
23
17
13
25
17
20
17
21
22
11
22
18
14
19
36
24
24
36
43
17
29
40
30
17
16
37
14
44
14
44
19
22
23
26
28
32
24
38
20
23
17
21
25
20
22
30
26
29
25
22
18
26
16
34
21
31
27
25
13
26
36
40
27
25
10
21
18
11
25
40
31
25
27
39
31
24
17
21
22
35
20
21
31
20
18
21
34
16
25
16
41
10
26
19
11
28
26
32
13
28
38
38
24
13
18
27
24
15
13
14
26
13
34
37
23
37
8
16
29
18
18
22
13
29
40
41
28
22
24
17
37
18
30
24
40
28
28
24
12
13
26
24
18
46
9
34
19
24
23
22
29
18
25
24
23
25
29
20
4
6
11
4
11
8
6
9
13
9
6
17
8
8
13
11
8
8
10
6
12
10
12
10
11
4
6
10
11
8
9
6
11
17
6
11
7
4
8
13
6
10
10
8
13
4
6
8
10
8
12
6
11
11
10
13
15
17
15
8
23
17
15
19
19
34
25
19
13
13
21
27
17
38
17
19
13
34
25
19
10
17
17
15
17
8
17
11
38
31
29
10
35
13
12
36
34
38
8
33
23
8
19
32
27
17
13
10
11
27
42
38
34
17
10
32
34
13
42
23
35
11
38
34
6
29
13
27
13
11
10
40
15
25
13
10
19
25
15
27
12
8
11
19
21
8
15
19
21
23
10
25
21
12
13
15
17
10
21
10
23
25
13
19
8
19
29
6
8
34
23
8
12
10
10
10
27
10
13
12
8
29
12
19
12
46
8
8
4
4
17
27
33
31
10
27
31
29
8
23
12
29
25
17
10
25
19
27
4
25
25
11
6
15
10
29
12
13
25
11
13
10
17
27
15
21
10
17
17
17
13
27
12
21
33
19
17
13
17
25
21
8
17
17
13
13
23
15
21
17
17
21
17
11
4
99
8
10
12
12
8
13
8
8
4
15
19
19
10
13
12
13
15
15
10
17
23
6
15
15
10
10
23
23
11
10
17
19
30
22
19
9
11
44
28
26
22
15
24
31
19
24
15
31
34
10
30
22
9
21
26
19
9
30
28
19
17
24
15
27
11
19
20
34
22
20
39
19
13
24
37
16
39
17
28
11
13
16
17
17
22
17
17
13
22
15
19
19
55
13
28
30
42
11
11
36
13
20
56
40
32
11
13
13
18
28
40
15
15
15
22
43
39
13
17
55
45
22
25
20
24
34
15
26
9
23
42
15
32
9
13
20
11
19
43
21
39
25
74
15
20
17
68
13
28
50
19
26
26
15
22
15
24
13
24
13
46
43
9
16
40
20
9
28
30
17
15
25
19
66
45
20
33
48
28
22
11
47
17
19
35
21
9
17
32
24
13
15
29
15
21
33
17
29
13
19
13
13
40
22
17
24
15
21
13
28
30
15
11
21
13
24
19
34
28
19
34
28
20
19
13
28
40
29
18
24
13
17
15
23
23
35
32
15
24
21
16
15
43
30
13
53
9
17
13
18
24
34
34
24
43
25
11
24
13
40
51
23
18
22
24
19
48
63
27
0
21
22
16
15
19
32
19
11
13
43
13
26
41
27
11
21
20
42
38
30
13
13
15
21
28
19
34
11
15
17
9
7
19
26
30
30
23
23
21
23
13
20
24
16
13
17
15
21
17
24
12
3
11
18
13
16
3
1
7
11
18
7
7
11
7
9
7
11
11
9
9
15
11
9
11
13
7
16
9
8
16
15
34
7
9
9
11
7
5
15
7
3
9
7
25
7
12
15
13
13
11
9
7
12
11
26
18
9
13
7
9
5
9
7
9
0
3
7
3
24
16
15
11
11
9
15
18
5
17
17
27
9
20
10
16
18
3
10
7
11
9
9
5
7
5
7
12
16
18
15
9
18
16
19
18
20
13
16
9
22
9
5
9
13
19
9
14
16
19
21
21
17
12
11
12
24
9
12
11
23
16
26
15
32
10
7
12
9
7
11
13
16
9
9
18
5
5
13
7
18
15
12
11
15
5
24
11
11
14
17
18
16
11
13
9
9
12
12
15
9
11
5
20
12
22
16
55
55
54
55
55
55
54
57
55
52
50
57
52
53
49
50
46
46
45
51
45
45
50
48
0
0
0
0
0
0
0
0
0
0
0
0
0
0
0
0
0
0
0
0
0
0
0
0
0
0
0
0
0
0
0
0
0
0
0
0
0
0
0
0
0
0
0
0
0
0
0
0
0
0
0
0
0
0
0
0
0
0
0
0
0
0
0
0
0
0
0
0
0
0
0
0
0
0
0
0
0
0
0
0
0
0
0
0
0
0
0
0
9
30
37
24
28
28
32
25
22
18
40
25
25
30
23
28
35
23
25
44
37
19
31
22
25
25
26
28
31
23
28
22
19
28
26
38
34
29
26
30
0
53
21
30
4
16
32
24
28
31
31
24
26
25
24
33
32
29
2
29
27
21
60
33
30
18
36
46
38
30
26
31
30
24
33
22
29
24
36
29
4
21
28
30
28
48
26
37
30
28
36
29
33
36
41
28
37
29
28
39
23
30
26
35
26
28
27
32
22
51
30
41
33
26
38
34
28
30
39
38
34
33
30
29
34
24
34
34
59
42
32
34
45
34
44
41
43
29
28
27
42
37
39
37
41
19
26
32
57
39
42
33
29
45
36
43
33
32
24
28
28
35
40
20
32
43
26
33
37
60
62
55
26
38
22
39
38
36
35
29
9
34
33
27
4
30
24
4
32
35
26
47
41
26
37
37
32
32
32
24
30
28
26
43
31
37
26
37
49
35
19
38
28
25
61
34
35
23
32
34
22
33
34
36
26
24
24
23
22
26
35
2
28
24
28
16
31
27
32
23
59
50
31
30
40
28
35
38
10
34
36
35
33
44
37
37
43
38
31
33
35
56
37
32
44
42
44
48
38
42
45
43
27
30
36
43
40
41
31
57
55
35
46
48
4
35
37
38
38
36
29
47
32
35
17
29
34
44
64
40
43
8
56
16
18
28
8
27
47
50
46
9
38
17
51
60
34
50
31
48
38
35
22
40
14
46
34
32
5
51
45
37
33
25
29
12
9
19
51
18
26
41
26
24
34
18
34
55
20
40
14
12
26
23
47
14
40
28
23
37
31
61
33
30
14
38
19
12
25
26
27
31
40
47
23
39
29
35
22
25
35
13
10
30
20
31
37
23
22
53
31
46
32
19
35
16
9
51
39
23
29
48
44
21
30
42
16
33
33
17
67
59
49
32
32
31
30
20
45
35
49
52
46
25
35
28
37
40
48
36
33
22
64
45
55
46
25
48
31
28
27
41
15
32
53
21
55
60
42
19
20
53
25
42
17
40
54
20
12
49
34
50
34
21
18
35
47
24
17
43
41
5
25
15
43
28
42
49
26
47
35
44
69
42
30
36
33
25
28
26
54
20
44
29
44
54
30
44
38
22
46
21
34
45
26
80
46
66
40
22
33
38
43
46
49
24
53
82
13
12
46
61
30
48
14
61
28
63
61
53
74
45
58
38
74
39
22
24
34
20
26
30
18
77
56
50
40
57
19
26
60
65
53
6
31
35
23
35
27
46
17
35
39
64
36
68
20
45
61
15
51
40
30
58
15
75
