56
37
24
41
40
52
29
34
45
20
30
49
44
29
14
49
32
27
17
43
31
33
34
39
54
37
21
31
43
46
51
65
31
28
42
27
50
36
20
33
45
63
67
24
45
29
42
39
37
30
35
42
16
33
69
50
57
65
61
31
36
41
54
41
43
51
52
21
49
44
75
43
56
73
50
64
67
45
41
53
64
65
57
70
50
35
22
24
59
57
59
55
45
54
76
35
50
69
27
43
50
65
45
52
50
22
35
22
27
25
70
59
42
37
37
34
44
27
33
40
44
41
40
59
49
56
58
90
41
58
44
42
75
45
61
44
56
68
33
54
64
39
52
44
68
44
64
21
47
60
46
50
57
54
54
81
69
71
73
51
46
53
40
51
56
54
78
70
58
66
54
85
30
74
76
59
64
64
35
46
62
28
60
58
38
68
54
53
53
37
50
59
31
18
54
38
37
52
47
57
43
29
19
39
42
52
28
51
52
66
32
34
35
43
27
46
29
45
37
24
44
39
13
25
60
18
43
49
22
52
31
20
46
31
18
33
13
59
20
29
25
8
13
7
7
25
33
15
31
31
23
13
18
9
9
9
26
37
29
4
45
29
22
22
37
25
35
39
37
36
15
15
31
30
17
11
10
22
16
13
35
29
8
10
11
39
18
23
8
4
4
10
6
6
14
2
6
4
2
2
2
0
4
2
2
8
2
6
2
12
2
0
15
6
6
4
4
6
2
0
4
12
2
8
2
6
6
10
10
2
2
6
10
4
6
6
6
0
7
8
4
4
4
6
10
6
6
6
0
12
4
5
8
4
8
8
13
4
14
4
12
8
14
4
11
20
10
6
10
6
6
14
12
27
13
8
10
10
14
10
12
48
14
12
12
19
10
12
4
6
25
19
12
14
21
14
10
20
7
12
7
8
13
8
8
12
15
6
13
14
17
8
10
12
12
18
15
15
16
17
22
15
10
12
10
12
23
14
8
16
13
33
14
10
12
16
19
14
17
21
14
14
11
16
12
23
17
13
17
6
10
25
33
35
13
4
23
23
8
16
17
15
13
8
17
12
8
17
4
19
29
11
6
29
12
19
14
10
9
6
25
17
11
12
12
4
14
10
15
10
23
18
4
21
14
16
19
25
10
10
21
18
14
6
4
14
12
10
14
8
10
16
6
12
19
8
15
12
8
21
6
11
10
8
4
6
12
17
13
10
6
14
10
14
24
6
6
8
2
21
12
6
8
8
4
4
13
4
2
4
6
8
8
2
8
10
8
8
4
12
10
2
10
8
18
4
6
2
16
8
2
14
12
4
10
6
2
0
2
3
2
2
4
2
0
0
0
7
2
2
0
5
2
4
0
0
2
2
2
5
0
3
0
2
0
0
2
5
3
4
2
0
0
2
0
2
2
0
2
0
0
0
0
2
4
0
4
0
0
4
0
0
0
2
0
2
0
0
0
0
2
3
4
4
2
2
0
2
5
0
2
2
4
2
2
0
2
2
0
2
4
2
0
0
2
2
0
2
0
2
0
0
3
2
4
0
2
2
0
5
14
2
0
5
2
4
2
0
2
4
0
0
2
0
2
2
0
3
0
0
2
4
4
0
3
3
0
0
2
2
0
0
0
5
2
0
0
2
2
0
0
2
2
2
0
0
0
0
2
3
2
4
0
0
2
2
0
0
0
0
0
0
2
4
8
0
2
3
2
4
0
0
2
0
0
0
0
0
2
0
2
0
2
2
4
2
4
0
2
0
0
2
0
2
3
0
0
4
0
0
0
5
0
2
2
2
3
3
0
0
0
0
0
3
0
2
2
2
3
0
4
3
3
0
2
0
0
0
0
2
12
0
23
3
3
0
2
2
2
2
9
0
3
2
2
0
2
0
2
2
2
0
0
1
0
3
0
3
0
3
10
0
3
13
0
0
1
0
1
3
0
0
3
0
1
0
2
0
0
7
0
2
0
5
23
15
25
10
19
8
8
34
12
15
8
10
12
17
8
12
4
15
10
15
12
15
6
16
17
14
12
21
12
10
12
17
6
19
27
12
8
12
10
14
13
8
12
15
15
14
14
21
15
19
8
31
15
12
15
14
10
12
14
31
17
19
19
12
17
21
10
21
8
12
21
19
10
17
15
15
12
19
19
15
12
14
23
17
15
15
15
23
15
23
10
14
14
12
21
21
15
19
14
14
17
15
14
17
23
15
14
21
27
29
12
10
35
14
14
35
27
10
31
39
21
29
17
17
12
25
29
25
29
19
39
23
25
17
19
37
21
15
10
12
23
29
21
10
17
23
17
13
12
15
29
21
12
10
21
2
27
12
25
31
14
15
19
17
12
29
15
21
15
25
14
25
19
19
43
23
21
27
19
35
25
29
10
31
23
37
14
37
12
6
27
14
21
15
39
12
19
16
19
19
21
6
29
17
15
27
50
31
40
8
17
14
12
21
14
14
25
12
10
19
27
25
14
17
12
21
12
17
8
21
8
10
17
12
10
10
12
15
17
15
25
8
21
31
21
27
6
15
21
14
21
12
12
15
12
14
13
8
19
6
12
17
15
12
10
17
12
25
19
14
19
19
19
27
15
21
10
19
19
13
23
23
21
10
10
10
29
12
24
33
34
50
25
45
43
46
41
49
36
20
24
32
39
30
39
46
44
47
37
30
36
14
26
37
29
44
40
34
39
31
32
62
24
32
28
32
41
48
38
49
61
30
48
45
39
11
26
32
38
28
60
25
58
48
57
46
30
11
21
36
33
42
37
38
54
54
25
42
32
32
18
25
43
40
49
49
36
30
39
43
21
24
27
39
53
47
40
47
48
39
21
39
26
15
31
44
29
48
44
40
30
39
43
62
20
10
43
42
39
44
48
47
46
40
24
40
29
11
35
39
52
40
41
56
43
32
30
40
25
12
25
29
59
39
32
48
39
21
33
60
29
14
28
31
47
40
34
38
38
46
26
36
41
27
25
21
29
35
36
32
34
36
42
35
43
22
14
28
40
38
39
49
32
37
31
35
51
15
33
24
29
28
23
48
46
28
25
43
18
18
27
31
38
45
30
49
47
38
28
42
40
24
24
42
39
44
38
28
42
58
58
41
38
27
29
33
38
33
45
41
48
39
34
41
41
15
23
30
31
42
45
45
46
41
43
49
38
31
24
19
21
32
37
35
44
56
45
48
43
38
35
17
37
25
26
35
39
39
32
70
25
12
19
25
29
37
39
41
42
44
33
47
31
14
31
47
38
43
31
43
56
39
43
36
39
27
5
92
0
0
24
7
2
24
4
55
18
4
0
50
2
87
4
44
22
5
4
2
92
21
2
4
36
0
2
22
0
2
91
0
20
4
0
56
9
24
0
2
23
9
42
7
0
3
0
22
0
0
9
40
7
0
4
2
0
4
7
5
25
0
7
6
24
75
12
32
32
24
29
0
0
0
39
30
2
5
3
3
2
5
2
0
34
0
3
29
35
31
11
30
2
24
28
27
24
24
29
33
24
5
9
4
4
23
2
0
28
0
29
2
2
2
2
8
3
26
0
23
27
0
2
3
28
3
23
12
0
14
37
54
0
0
3
2
24
0
0
23
0
2
21
30
0
0
12
21
3
3
5
50
0
48
68
36
27
0
64
41
35
0
1
0
4
3
2
6
47
0
2
2
23
8
46
19
39
25
30
20
18
0
7
43
22
13
17
37
2
38
38
39
0
3
2
2
18
5
2
29
72
50
40
3
2
28
5
5
24
12
0
29
15
33
22
19
38
0
2
38
27
2
9
2
0
0
0
50
0
0
5
6
3
0
94
7
5
0
59
0
0
2
14
31
2
0
3
4
5
0
48
44
44
0
4
2
55
0
5
7
0
2
35
0
5
29
7
0
28
2
0
0
0
4
25
45
2
60
2
0
23
4
4
10
1
3
4
6
2
8
6
6
10
6
4
4
10
6
12
6
6
10
4
6
8
6
36
2
4
6
6
10
8
6
2
6
8
4
4
6
8
4
6
4
6
8
4
10
8
4
33
4
4
8
4
10
6
2
8
2
6
6
6
6
6
2
6
10
11
13
17
15
12
13
19
27
19
36
15
59
15
13
19
21
25
10
12
13
21
21
13
11
15
13
6
17
21
31
42
21
17
21
17
23
21
25
29
29
27
15
29
25
25
15
17
13
17
15
23
13
17
33
25
27
40
21
17
46
27
34
17
23
15
15
23
11
17
19
27
29
27
13
23
17
38
13
15
10
38
27
27
25
27
21
36
17
33
11
25
13
11
21
8
23
15
15
27
15
11
17
48
34
13
19
13
25
23
23
15
31
27
27
32
31
33
34
38
42
19
23
10
33
21
34
25
38
40
8
6
10
6
8
8
6
8
4
4
6
8
6
6
10
4
6
6
2
6
6
4
4
8
4
8
6
6
8
6
6
6
4
8
8
8
6
6
4
4
4
8
4
8
4
6
10
10
6
6
6
4
8
6
4
4
6
6
8
4
6
6
4
8
8
6
8
8
4
6
8
10
2
8
8
8
11
6
6
0
10
11
2
10
6
8
8
4
4
4
2
2
8
10
11
6
4
2
0
4
0
6
2
2
2
0
2
0
0
0
2
2
0
2
0
2
0
1
2
2
2
2
2
2
0
0
2
2
0
0
0
2
2
0
5
2
0
0
2
6
0
2
2
2
2
2
0
2
2
2
0
4
0
2
0
2
2
2
0
2
0
3
2
4
3
3
1
1
2
2
0
2
4
4
0
4
2
6
2
0
1
2
4
0
2
4
0
2
4
0
0
0
2
2
0
2
0
2
2
2
2
2
0
2
3
2
0
4
5
2
2
0
0
2
0
0
3
2
4
0
0
4
2
1
0
0
4
2
0
0
0
0
3
0
3
2
2
4
1
0
4
4
4
0
0
0
2
0
0
1
2
4
0
0
0
2
2
0
0
2
0
0
2
0
4
0
2
2
2
0
0
4
2
0
0
2
2
2
2
2
0
2
0
2
2
0
2
2
2
5
0
2
2
2
2
0
0
0
0
2
4
0
1
2
5
2
4
2
2
2
1
4
1
0
2
4
0
2
0
4
2
0
0
1
2
0
4
0
0
0
2
4
2
0
0
0
2
2
0
0
0
0
2
2
2
0
4
2
0
0
0
4
3
4
2
0
0
2
4
2
0
2
4
0
0
6
0
2
2
4
2
3
0
2
4
5
2
4
2
0
0
0
2
0
2
2
2
0
6
2
0
6
6
0
2
0
0
4
2
2
2
2
0
17
2
2
0
8
2
2
0
2
2
0
6
10
4
4
2
4
2
0
0
2
4
2
0
4
8
2
0
4
6
4
2
2
4
8
2
14
2
2
2
2
2
2
4
0
0
0
6
10
2
8
0
2
0
4
4
0
2
2
0
23
6
0
6
4
6
0
4
0
4
0
10
0
0
0
4
0
6
6
0
6
4
0
2
4
0
0
2
0
4
2
2
2
2
0
8
0
0
0
2
0
4
8
2
2
4
4
0
4
2
2
6
0
6
4
2
2
4
0
6
0
2
4
6
2
2
4
0
0
0
0
0
10
6
0
0
4
8
0
2
2
0
0
2
4
6
4
0
12
0
2
2
0
4
0
0
0
0
0
6
12
2
6
2
2
0
0
2
2
6
4
0
4
2
4
0
0
2
6
6
4
0
2
2
2
2
0
0
0
0
2
8
2
0
4
2
4
4
0
4
0
2
0
0
6
6
10
2
10
61
0
0
0
0
2
0
4
4
0
0
4
6
0
4
6
4
0
2
0
0
2
0
4
2
4
2
4
0
4
0
2
2
0
2
0
0
4
2
0
2
4
4
0
2
0
6
2
4
0
2
4
2
0
0
6
27
0
0
0
0
6
2
4
10
4
6
2
8
6
6
6
8
6
4
8
6
17
2
6
6
10
6
2
10
8
4
10
13
8
18
8
8
8
4
10
8
6
6
6
2
12
10
6
10
10
4
10
4
8
8
6
6
4
4
6
6
12
6
6
6
4
8
6
6
6
4
8
4
4
12
4
8
14
10
13
4
8
6
4
4
6
4
4
6
14
6
6
8
6
4
8
8
10
10
6
10
8
8
8
8
12
4
10
8
8
6
6
8
14
6
6
6
6
12
10
14
16
8
6
8
6
6
10
12
8
14
8
16
6
4
8
10
14
10
8
6
10
18
18
10
10
6
4
6
6
12
6
12
8
4
8
2
12
17
15
4
8
10
14
12
8
16
14
12
6
4
10
8
10
13
14
14
16
14
10
21
14
15
10
14
8
4
8
12
15
12
10
10
12
8
23
10
10
8
2
4
4
8
10
21
6
4
4
6
14
8
4
4
4
10
8
16
6
14
10
10
6
6
4
15
6
6
6
10
4
6
4
6
6
10
8
8
8
8
16
4
2
4
6
8
6
8
6
6
8
8
4
10
6
8
4
6
6
12
39
10
10
8
8
14
6
8
18
2
6
12
4
6
6
8
8
12
6
8
10
6
6
6
6
12
6
28
12
12
12
6
10
12
