7
5
6
4
4
6
7
7
7
5
3
5
3
5
7
6
7
5
4
4
4
5
4
6
2
6
5
4
5
6
7
3
7
8
5
6
5
6
6
5
7
7
7
5
4
6
4
7
5
5
5
6
7
4
4
5
7
7
7
7
5
6
6
5
6
6
5
5
8
7
17
6
5
4
7
7
9
7
9
4
7
6
8
7
5
5
7
7
4
5
4
4
4
4
4
4
6
4
4
5
5
7
6
4
4
4
4
2
4
7
4
4
4
4
6
7
7
7
4
7
2
7
4
5
5
5
6
6
9
5
7
7
6
2
7
4
6
4
4
7
4
6
6
4
4
4
7
4
4
5
3
4
2
2
2
7
5
4
6
2
6
4
5
6
3
6
5
7
5
6
5
2
5
2
6
4
2
4
5
2
6
6
6
6
7
7
5
6
4
6
5
4
4
4
5
4
4
4
8
6
5
2
2
5
6
6
6
5
5
5
6
2
4
4
4
6
5
6
5
6
5
4
5
7
4
4
6
7
4
4
4
5
6
6
6
7
7
2
2
2
4
5
4
3
4
4
4
6
4
2
4
4
8
2
7
7
9
7
4
6
5
6
5
6
5
4
6
5
5
5
7
3
0
5
2
8
7
2
7
2
2
4
6
4
4
3
2
5
5
2
2
2
0
4
6
4
4
2
0
2
6
2
4
7
6
2
4
4
4
4
2
7
4
10
2
2
0
4
6
4
2
6
4
4
4
6
2
1
2
2
0
8
2
2
5
6
2
6
0
2
2
6
3
0
0
2
9
4
2
3
5
4
0
2
0
4
2
4
6
4
2
4
4
8
2
4
2
2
2
2
4
3
0
2
2
2
4
0
4
2
2
4
2
4
4
6
4
2
5
11
0
4
6
2
4
5
0
4
4
2
0
2
0
2
2
4
4
0
0
6
8
5
4
6
0
2
4
6
2
6
2
0
8
2
3
2
2
4
0
6
4
0
6
2
2
0
2
3
0
6
4
0
4
2
0
1
6
0
5
6
11
4
4
4
6
4
8
2
0
4
11
10
8
6
4
5
4
2
4
4
2
0
2
0
2
2
2
2
5
4
4
0
2
0
6
4
0
2
0
4
0
2
4
2
0
2
0
0
2
0
4
0
0
2
4
2
2
2
4
2
0
2
2
0
0
6
0
4
0
6
2
4
0
2
4
2
6
0
4
4
4
6
2
2
2
2
4
2
0
2
0
4
2
2
2
2
4
6
0
4
4
4
8
6
2
2
4
4
4
6
0
4
4
2
4
2
0
2
4
2
0
7
8
0
2
2
4
0
0
0
0
0
0
4
0
4
6
0
0
2
0
0
2
0
2
0
0
2
2
0
2
2
2
2
0
0
9
2
2
0
8
2
0
0
4
4
0
2
2
0
2
4
0
2
4
2
0
0
0
4
4
2
4
13
2
2
2
0
2
10
4
8
2
0
2
0
2
0
0
2
2
0
0
2
2
2
4
2
0
0
0
2
0
4
2
0
0
2
2
8
2
0
0
2
4
0
11
2
2
4
2
4
4
4
4
6
2
2
0
4
4
2
11
60
4
0
4
0
4
4
0
11
2
0
2
0
2
2
0
2
0
0
0
0
0
4
0
0
2
2
0
0
2
4
2
0
8
0
2
0
2
15
11
2
2
2
5
5
7
5
2
5
2
5
3
4
4
2
0
8
4
6
0
2
8
6
6
2
4
5
3
7
2
6
7
2
0
7
4
4
11
2
4
4
0
7
2
2
4
2
4
4
8
2
6
4
4
2
4
2
4
4
4
2
2
3
0
2
2
4
3
4
4
4
16
12
4
2
3
7
6
6
3
12
6
7
3
7
0
2
2
0
2
4
0
4
0
4
6
2
4
8
13
2
2
5
2
2
4
2
2
6
2
2
5
2
1
2
6
2
2
2
2
4
2
2
3
2
4
2
0
5
2
7
0
0
0
27
20
0
1
28
19
0
0
16
0
35
0
29
28
0
19
17
0
19
0
15
0
28
47
0
0
0
0
0
0
0
0
0
2
0
2
25
22
0
0
25
0
0
24
42
32
0
0
29
26
0
22
36
13
13
0
19
32
0
40
0
0
0
0
0
0
0
0
0
0
0
25
0
2
0
18
14
0
4
14
22
0
24
0
25
0
23
21
0
0
20
22
0
38
0
1
19
0
16
22
26
0
15
15
20
0
26
0
20
0
1
15
25
25
0
0
24
0
44
8
33
30
0
22
24
0
0
3
19
0
55
0
13
29
0
49
29
21
0
0
9
21
0
0
34
21
18
0
21
29
20
0
0
51
0
0
0
22
26
19
25
33
26
13
22
0
0
2
21
26
27
25
26
28
29
18
49
45
0
0
40
34
19
30
58
17
20
16
3
22
26
0
27
26
0
2
36
0
31
32
20
23
0
22
22
0
17
24
35
49
21
21
36
9
41
1
24
0
6
34
6
22
23
3
18
69
0
0
19
38
8
27
41
33
21
68
36
0
0
0
18
25
33
23
21
7
26
20
38
0
0
0
36
29
28
3
20
33
23
39
36
0
0
0
38
42
50
31
15
37
18
0
0
0
0
0
22
19
25
18
7
4
0
20
3
0
0
23
24
31
51
23
36
0
78
5
0
0
0
0
25
33
33
39
31
37
34
0
0
0
0
0
28
34
7
21
2
66
35
0
0
0
0
0
0
0
0
0
0
0
0
0
0
0
0
0
38
39
23
22
23
32
35
54
0
0
0
0
37
56
16
35
46
33
0
0
0
0
0
0
44
34
76
13
28
34
29
0
0
0
0
0
34
31
43
0
62
29
21
0
0
0
0
0
27
14
0
12
33
6
32
23
44
0
0
0
37
27
41
34
38
33
17
22
0
0
0
0
29
43
24
23
28
41
13
22
20
0
0
0
7
0
8
48
24
0
30
7
27
18
33
25
0
0
0
0
0
0
0
0
0
0
0
0
31
3
49
38
22
27
55
17
15
0
0
0
26
0
17
26
16
0
0
45
18
32
37
0
23
20
21
1
20
41
29
3
23
50
0
0
15
21
24
14
11
17
29
0
26
31
0
0
21
40
34
29
36
36
37
0
0
0
0
0
35
24
20
0
28
39
18
0
15
0
0
0
30
19
0
18
20
0
21
38
48
0
0
0
15
20
25
31
30
31
24
30
26
0
0
0
22
27
14
24
50
64
28
35
27
0
0
0
27
37
1
58
0
37
35
0
0
0
0
0
21
27
28
37
39
0
0
25
0
10
14
7
10
10
11
5
9
7
6
10
9
4
7
10
8
5
13
7
12
8
6
10
6
8
9
13
9
7
9
6
8
9
7
10
10
12
7
7
13
7
8
7
14
7
11
7
17
4
11
10
8
7
5
6
9
11
7
12
11
11
11
7
9
8
9
3
7
9
11
10
6
7
8
10
13
7
8
11
13
13
9
10
9
8
10
7
9
5
3
8
12
6
5
6
8
8
11
16
6
13
11
10
8
11
10
8
8
9
9
5
13
3
9
6
12
8
7
7
10
8
5
11
10
5
3
10
8
6
8
7
13
13
8
18
6
13
7
8
6
8
7
13
10
9
7
6
7
7
5
7
13
9
7
6
8
12
13
9
7
5
4
6
16
12
10
7
6
8
8
5
11
7
8
10
7
6
10
7
8
12
9
7
5
13
4
8
5
9
11
5
8
7
8
11
6
4
11
11
6
5
8
5
3
7
9
11
9
7
12
10
9
9
7
7
6
8
9
8
6
8
11
9
10
7
11
8
9
8
6
7
9
6
9
8
8
8
8
7
8
9
14
8
14
7
7
8
8
6
6
16
8
7
7
11
9
6
6
11
8
10
10
7
12
10
9
9
11
7
12
5
11
7
7
5
9
8
7
6
4
6
7
14
14
8
6
8
7
4
0
2
19
18
9
27
11
37
0
0
0
0
22
0
0
0
0
0
24
15
13
0
25
0
14
0
0
21
0
20
22
0
3
19
2
16
0
7
13
0
14
0
0
8
0
18
0
0
5
17
20
0
0
22
22
29
1
20
16
0
15
4
23
0
0
21
30
9
13
0
28
23
16
0
0
10
21
0
0
19
0
0
20
0
13
22
0
16
0
17
22
24
2
23
0
36
0
23
20
0
0
0
0
25
0
0
11
24
15
0
23
6
12
0
29
3
1
0
14
0
0
23
23
33
14
0
2
17
0
36
21
0
15
19
20
0
15
0
30
0
18
0
35
49
0
0
0
0
14
30
22
0
11
17
15
47
30
13
4
0
17
33
36
37
0
16
20
14
0
5
36
19
20
27
26
0
30
29
7
2
19
5
0
22
15
20
0
0
11
16
0
20
24
29
0
23
21
16
0
0
21
21
0
24
0
16
0
15
18
25
7
24
34
39
0
0
22
0
0
16
16
0
17
24
0
0
10
32
1
0
0
25
0
22
50
10
0
1
22
32
11
35
3
3
0
15
27
0
29
19
13
0
9
24
21
0
46
23
34
61
29
21
7
0
30
31
29
0
17
17
18
0
26
17
0
30
0
21
26
22
29
19
8
27
33
0
17
4
1
37
5
29
2
2
2
2
34
2
0
2
2
0
2
4
0
2
24
8
28
0
2
25
3
0
0
4
19
2
5
2
11
6
4
3
29
2
8
20
40
0
0
0
5
35
2
27
1
29
7
0
20
4
26
1
2
4
25
2
2
2
31
0
26
1
1
0
25
24
0
4
30
5
6
2
24
0
0
38
1
1
22
2
50
3
2
4
4
2
2
29
34
7
2
46
2
2
11
1
0
0
6
32
0
2
38
4
0
29
5
20
28
4
16
22
25
47
2
4
2
2
0
3
43
2
9
22
29
4
1
27
0
35
33
21
29
4
11
4
4
40
2
24
43
7
25
0
28
4
2
2
2
0
2
4
7
2
7
2
0
0
0
15
28
6
2
38
2
41
3
2
1
2
24
3
2
10
1
28
2
0
0
22
6
22
4
0
20
4
1
33
1
2
18
4
0
1
33
4
36
0
24
1
4
25
2
0
26
0
54
0
2
1
0
2
4
3
0
13
0
26
2
0
2
0
27
2
37
5
2
2
39
4
66
1
2
4
2
26
0
5
36
4
2
0
13
5
2
2
0
42
0
5
4
2
0
0
2
0
6
2
1
0
2
2
6
34
0
0
0
10
0
2
23
2
44
1
4
0
2
2
0
0
2
4
2
5
0
3
1
3
3
7
3
1
0
1
7
1
1
1
1
1
1
5
3
5
3
3
1
9
1
7
3
5
5
1
11
5
3
7
1
15
5
1
9
5
1
1
7
5
5
5
1
1
0
7
7
9
1
1
0
7
1
7
1
1
0
5
1
3
3
3
12
7
3
5
1
1
3
5
1
3
7
3
1
3
7
0
1
5
3
7
0
3
5
1
3
0
5
7
1
5
3
1
3
5
3
1
8
3
5
1
5
0
0
3
9
0
1
3
5
5
3
5
0
0
3
3
5
3
0
1
5
3
3
11
7
3
7
1
5
0
3
1
0
1
3
9
3
9
5
3
0
3
1
1
1
5
1
7
3
5
5
7
1
7
0
1
1
14
5
1
1
5
1
3
5
1
3
1
5
3
3
7
5
0
3
3
5
1
5
5
3
1
1
3
13
5
1
1
3
1
5
3
5
0
3
1
10
5
13
0
5
0
1
1
7
1
1
7
3
1
3
3
0
3
7
5
7
3
7
3
3
3
1
3
3
5
0
7
5
11
1
3
3
11
3
7
0
1
1
1
1
7
1
3
1
9
5
3
3
1
1
1
1
5
5
3
5
0
11
1
1
3
1
3
1
7
1
1
1
5
0
3
3
3
5
5
5
1
3
1
5
4
0
18
13
0
20
26
25
30
0
24
17
0
17
16
20
11
0
18
23
20
0
0
0
15
0
1
2
0
14
0
7
17
24
33
0
0
3
7
21
3
0
0
23
18
2
28
0
0
0
57
17
4
0
6
28
21
4
17
15
19
0
20
7
16
0
1
15
21
30
0
0
0
0
13
23
1
0
38
3
24
0
0
0
0
0
26
7
0
14
19
18
0
22
0
0
0
0
27
22
0
21
17
0
47
13
28
21
0
0
15
0
12
18
23
0
1
20
0
0
0
0
0
18
21
0
0
12
23
18
0
29
0
0
0
21
17
1
0
15
15
20
0
14
20
0
0
26
18
0
1
24
19
0
14
17
0
0
0
14
1
23
0
14
16
0
18
19
0
0
0
0
1
9
0
0
36
13
0
20
0
0
0
15
0
0
33
0
20
33
0
0
0
0
6
0
15
0
0
0
12
0
11
11
16
17
0
0
0
0
0
0
0
0
0
0
0
0
0
18
22
0
0
27
25
15
52
0
0
0
0
15
9
0
22
1
23
19
0
22
16
0
0
18
18
0
19
41
27
0
16
28
26
0
0
24
0
27
0
13
15
0
23
14
10
45
0
22
0
12
0
19
26
19
0
20
29
0
0
0
0
0
0
0
0
0
0
0
