1
3
3
5
3
3
5
4
4
1
2
2
7
2
1
3
2
0
3
3
4
1
1
4
4
5
4
3
1
5
4
3
2
1
3
2
3
2
4
6
1
3
7
4
5
9
1
1
6
1
2
1
1
3
1
1
3
4
3
7
2
4
3
3
3
1
3
1
2
1
1
2
3
5
4
2
8
1
3
2
6
5
1
1
1
2
1
3
2
40
3
3
3
4
3
3
4
3
3
3
4
4
2
1
1
15
28
2
1
3
1
7
4
1
5
4
5
3
1
3
1
5
1
15
14
2
4
3
4
1
1
15
3
1
3
7
1
5
1
1
1
5
13
2
4
3
2
1
1
1
3
1
4
3
3
3
1
3
6
2
1
3
1
3
3
45
3
4
8
5
4
1
4
3
5
2
5
1
10
1
5
3
1
4
3
3
4
6
5
3
1
1
3
1
1
1
1
1
1
4
3
3
3
3
4
1
5
3
3
4
3
2
2
1
1
4
3
2
2
4
2
3
3
1
4
3
3
3
2
0
6
2
4
3
4
7
3
2
3
3
3
1
2
3
4
1
2
2
2
5
1
2
6
1
3
3
3
2
2
2
4
0
1
1
3
1
1
1
11
3
1
1
3
3
5
3
3
4
1
3
1
1
0
4
5
3
3
3
4
0
4
4
0
2
11
2
2
51
0
5
2
0
2
2
2
8
7
2
2
2
4
0
2
0
6
8
2
0
26
0
2
49
2
2
0
0
4
2
4
6
2
2
62
2
0
2
0
2
4
36
0
2
34
6
0
4
0
4
6
5
0
2
2
2
40
2
2
6
2
0
64
2
0
53
2
0
37
6
2
2
0
4
4
7
0
29
0
6
21
2
4
0
0
53
2
2
2
2
0
23
4
0
23
0
6
2
4
2
0
0
2
19
2
2
2
0
0
4
0
2
6
6
0
0
4
0
6
2
0
0
4
2
0
0
4
2
2
4
2
0
40
2
4
2
0
0
55
2
0
0
2
6
46
4
0
4
2
6
2
2
4
0
4
0
2
4
8
4
8
0
2
2
2
0
2
2
0
2
2
4
0
0
10
2
55
0
0
0
6
0
2
0
0
33
4
10
23
2
0
28
2
7
6
0
2
0
4
2
2
2
6
0
2
2
0
0
2
0
0
0
4
0
7
45
4
2
31
0
2
2
4
0
21
0
7
6
4
4
4
2
2
6
6
0
49
5
0
4
8
2
41
2
0
3
2
38
12
0
4
4
6
6
0
41
0
0
0
0
2
2
6
2
4
0
0
0
4
83
2
2
23
6
2
69
2
4
20
20
16
6
6
18
12
20
14
6
10
10
20
8
10
10
10
16
16
10
8
20
6
10
20
8
24
14
12
10
10
2
8
14
4
20
16
10
16
18
18
14
10
10
12
10
10
23
24
6
10
14
12
8
35
8
4
6
10
4
12
6
16
8
16
24
12
4
10
2
16
22
12
31
10
12
14
8
14
8
4
8
16
8
10
18
12
18
8
10
12
16
20
4
6
14
20
14
6
12
16
16
8
12
12
4
20
8
16
14
8
27
6
14
4
12
12
8
8
20
12
14
26
20
12
4
4
4
20
8
14
12
10
20
16
17
14
12
4
20
14
14
10
16
8
20
29
6
21
12
20
6
12
10
0
4
6
14
18
8
12
0
0
10
6
16
12
14
12
29
10
16
31
14
8
10
8
6
26
8
6
16
6
12
14
8
6
17
6
6
20
16
8
12
16
4
12
12
6
8
4
4
12
8
6
10
6
4
10
4
6
39
6
8
8
18
8
8
16
20
20
8
31
2
12
20
6
16
53
8
2
10
18
12
10
14
8
10
4
10
4
10
14
6
2
8
10
6
14
4
4
4
4
8
0
0
9
0
0
12
2
4
4
4
0
0
0
2
6
2
0
0
0
0
0
0
6
6
6
0
0
0
0
0
0
0
0
0
11
8
6
7
9
9
10
24
17
6
7
8
7
11
2
8
6
6
6
7
2
8
4
8
10
10
6
11
6
6
10
2
6
8
12
9
10
8
6
4
6
7
2
8
14
4
7
6
2
8
4
4
4
6
8
14
8
8
11
12
6
4
21
6
6
6
2
17
7
11
4
12
13
12
6
13
6
9
10
6
10
8
6
12
7
11
4
10
5
9
11
4
7
2
10
11
9
6
6
11
6
4
11
4
10
6
17
8
15
8
8
4
11
13
12
15
15
8
9
8
10
15
19
15
12
2
11
12
4
25
15
10
11
23
15
10
17
14
11
4
17
9
14
2
9
15
15
4
13
17
16
6
6
9
15
6
18
31
16
12
21
14
17
8
17
9
16
22
7
21
6
11
17
17
15
21
13
6
15
21
17
9
19
15
4
15
4
21
15
6
13
3
12
16
10
25
9
26
8
9
6
9
13
8
8
19
17
10
19
21
6
16
14
15
8
11
9
7
15
10
11
15
17
8
8
19
12
17
8
15
15
18
6
11
15
9
8
5
13
4
4
6
13
11
19
6
11
17
7
11
6
11
6
8
11
6
13
4
4
6
9
4
11
2
10
14
9
13
12
4
10
10
7
10
12
12
6
18
21
9
19
6
9
8
4
9
6
20
91
64
75
88
70
79
83
82
81
68
93
92
90
16
42
78
83
88
77
83
88
60
66
89
61
84
85
83
68
75
66
72
88
87
90
77
82
73
91
82
85
83
46
90
82
78
88
73
80
89
90
86
82
66
76
53
78
76
83
91
93
85
86
88
89
60
86
90
68
81
79
85
90
88
82
87
81
79
88
89
77
74
83
91
40
45
70
70
83
83
82
64
84
87
82
75
79
77
80
79
80
90
81
86
41
47
51
54
82
68
69
79
85
83
76
83
68
79
89
85
85
82
88
86
90
83
90
76
89
93
51
48
49
70
85
88
80
83
84
93
90
84
67
84
80
18
81
63
89
89
82
78
89
81
83
86
88
83
76
67
78
81
83
83
82
85
72
79
90
86
88
87
70
82
74
86
78
81
72
80
82
13
87
87
75
93
88
45
78
81
45
88
87
87
89
71
62
77
83
70
84
78
76
77
74
85
71
87
85
76
86
74
78
84
84
75
85
86
83
72
89
85
85
65
84
86
89
76
80
72
79
79
71
85
86
79
89
85
87
80
86
77
88
64
54
87
86
84
88
89
89
81
84
89
74
83
85
89
92
85
81
89
91
83
68
76
83
52
83
89
87
82
81
87
79
81
79
75
81
82
86
82
90
92
87
92
89
85
4
6
2
0
2
9
90
2
0
2
5
2
0
0
2
4
8
0
2
0
92
4
4
0
0
2
0
6
2
2
2
0
2
8
0
2
8
3
8
13
80
0
2
15
0
0
0
0
0
26
0
2
2
0
0
4
0
0
2
5
8
0
6
2
2
2
0
3
0
0
2
2
2
2
5
0
0
0
18
7
0
6
2
3
0
3
6
7
0
0
5
2
3
6
2
3
0
18
0
3
0
0
7
23
2
2
6
2
0
4
2
0
2
0
31
0
0
4
5
0
2
2
0
0
0
2
2
2
4
0
2
5
6
0
2
0
2
0
0
2
0
37
0
38
2
0
0
3
2
0
25
0
2
2
0
0
0
0
0
2
0
0
2
12
10
2
0
0
0
4
0
2
2
3
0
9
3
0
0
2
0
3
0
2
0
0
18
5
0
3
0
0
3
5
0
5
3
2
18
25
7
0
3
0
2
0
3
4
43
0
9
0
5
5
2
2
0
0
0
7
2
0
0
8
2
14
3
2
2
2
0
2
2
0
0
4
3
5
24
13
1
0
2
5
0
6
5
0
0
0
4
0
2
2
0
0
0
5
13
5
2
0
2
2
0
2
4
0
2
0
0
0
0
3
2
2
2
0
4
6
0
0
4
0
3
2
0
0
6
7
7
4
6
16
22
6
19
13
6
13
7
4
5
6
6
6
4
15
13
4
15
6
6
8
6
15
4
13
9
6
11
8
10
9
8
10
6
9
11
11
8
8
8
13
6
13
6
21
19
11
20
6
15
13
15
4
6
8
9
21
6
8
4
11
8
8
6
8
9
11
4
4
8
8
6
26
11
11
8
11
8
17
5
2
6
9
10
9
4
9
8
13
13
8
10
10
10
8
6
8
9
5
8
15
13
15
17
11
24
13
6
13
9
6
15
21
21
11
8
10
19
10
10
17
13
12
13
8
15
11
8
13
13
19
15
17
13
13
8
11
19
4
11
11
13
21
9
15
23
13
13
13
12
25
10
11
14
8
10
11
8
6
9
8
10
15
8
13
11
15
11
6
8
8
15
22
17
8
15
13
17
7
11
13
18
13
15
19
11
15
11
8
15
13
12
11
9
6
11
8
15
7
11
8
11
11
8
10
4
11
6
8
13
11
15
9
15
4
7
13
13
17
21
17
10
10
15
9
11
11
9
10
7
15
11
13
21
11
8
6
11
6
11
19
9
11
4
8
15
9
6
5
9
11
9
11
4
2
8
9
6
17
10
8
5
9
11
9
8
9
13
9
6
13
11
6
12
11
10
8
13
4
8
21
8
8
12
13
10
12
13
13
17
10
4
8
19
6
12
4
23
6
2
15
15
10
15
6
6
4
12
17
2
4
6
14
19
48
8
10
8
14
6
15
14
10
6
12
4
10
8
8
12
15
10
4
8
4
8
12
8
8
14
8
12
12
6
13
14
8
15
6
14
4
2
8
8
6
6
10
10
15
4
10
10
10
10
10
10
12
6
14
8
4
12
13
15
12
8
14
12
8
6
8
17
8
8
14
8
10
8
6
17
8
10
12
12
13
10
10
15
21
10
14
10
6
17
21
6
12
4
6
25
12
8
6
27
10
10
14
10
15
14
14
10
6
16
15
6
4
19
6
6
17
10
12
8
19
10
4
6
16
6
10
21
16
8
8
4
64
12
6
17
19
10
8
10
8
12
16
8
14
8
17
23
17
10
15
17
14
17
10
12
8
15
12
8
10
8
23
23
17
58
15
21
21
17
14
19
10
10
12
8
8
12
8
8
6
12
12
12
6
17
13
15
17
12
10
14
10
16
14
8
8
14
8
8
14
8
14
8
10
10
16
46
17
8
14
12
10
12
8
17
6
10
6
8
6
19
19
6
12
17
6
14
10
8
16
8
8
14
6
8
12
10
4
6
8
12
4
10
4
12
4
12
8
2
8
12
6
12
6
8
10
19
24
20
25
19
11
19
19
26
8
4
19
16
16
24
21
14
15
21
22
33
41
57
61
22
8
13
9
28
13
16
17
21
17
24
11
15
23
17
15
24
19
15
18
12
22
13
16
68
17
11
15
17
15
16
17
17
26
15
23
13
24
31
20
22
34
11
23
17
15
24
22
24
19
18
19
11
11
16
32
15
30
22
24
26
6
24
29
15
9
19
17
23
22
25
18
15
27
3
16
13
28
25
22
22
14
14
21
18
20
26
34
11
37
7
28
4
15
16
31
24
23
17
21
33
29
28
19
26
35
16
14
5
28
10
41
17
18
23
9
11
18
18
19
22
26
28
25
21
26
12
16
14
20
37
27
17
24
31
31
27
36
22
17
2
17
18
15
22
29
18
25
13
29
17
19
18
18
27
23
22
18
4
0
25
15
28
28
24
26
32
19
33
7
30
13
42
22
23
13
27
30
19
30
30
17
26
19
13
15
27
28
17
27
30
28
36
37
38
2
8
7
8
13
7
17
17
9
13
5
6
10
8
7
12
2
3
13
9
20
10
31
1
13
14
7
10
5
7
16
6
15
5
12
5
7
2
13
7
11
9
10
9
3
6
5
7
8
6
9
13
15
12
7
13
11
5
11
9
5
8
9
14
7
11
10
11
7
16
2
18
4
25
2
18
6
2
0
0
17
4
16
4
12
4
2
2
0
4
4
16
8
16
2
14
4
18
4
18
2
18
4
18
2
14
0
0
4
4
4
4
16
2
4
2
2
2
14
2
18
4
14
2
22
2
20
2
16
2
18
2
12
2
16
2
16
2
2
0
14
2
2
14
2
14
2
20
2
14
0
16
2
14
2
16
0
22
4
16
4
18
2
4
2
18
2
2
14
2
6
2
25
2
19
2
14
4
16
2
16
0
18
2
16
2
16
2
16
2
2
2
0
2
2
21
2
20
4
12
2
16
2
16
2
16
6
14
2
20
4
20
0
14
18
2
23
4
18
2
16
2
16
4
16
2
16
2
16
4
16
2
14
0
8
2
16
4
2
4
4
4
2
20
2
16
6
20
2
16
2
16
2
18
2
20
4
19
2
18
2
18
2
18
4
16
0
0
2
4
18
4
0
4
18
2
18
4
14
0
18
4
25
2
14
2
16
2
18
2
16
0
2
2
2
4
4
22
2
18
4
16
0
16
2
16
2
4
0
16
4
12
4
18
2
20
2
16
2
16
4
14
4
16
4
25
2
16
6
0
19
2
17
2
15
0
18
2
16
4
17
2
2
2
18
2
2
2
12
2
6
14
4
14
2
14
2
