0
0
0
0
2
4
0
0
4
4
0
2
2
9
2
0
0
4
4
0
2
2
4
6
0
0
0
0
2
2
2
4
2
4
0
2
0
4
2
0
0
2
4
2
4
2
6
0
0
8
0
8
0
2
2
2
0
0
0
2
4
0
2
2
2
2
0
2
8
2
0
0
4
2
0
0
2
0
0
2
0
0
0
0
4
0
2
2
0
2
2
0
2
6
4
0
0
2
0
2
0
4
4
8
2
4
2
2
2
0
2
0
0
0
4
2
8
0
4
0
2
0
0
2
2
6
0
0
2
2
2
0
2
2
0
4
0
2
4
0
6
0
0
2
7
2
0
2
2
2
2
0
6
2
8
2
0
0
4
2
4
4
2
0
2
2
0
0
0
4
2
4
0
2
2
2
2
2
0
2
0
4
0
2
2
2
2
0
6
0
4
0
2
0
2
0
0
2
2
0
0
4
2
2
2
0
2
4
0
0
2
2
0
2
0
0
0
0
0
0
0
2
0
2
10
0
0
2
0
0
4
0
0
0
2
0
0
2
2
0
0
4
2
0
0
0
0
2
4
0
2
0
6
2
2
4
0
2
2
0
4
2
4
2
0
2
6
2
2
4
0
0
2
0
0
0
4
0
2
11
6
2
2
0
2
2
2
2
2
4
4
4
2
6
2
4
4
2
2
2
0
0
6
2
0
2
2
10
0
2
0
0
4
6
2
0
2
2
2
2
2
2
4
0
2
6
4
4
0
2
4
4
2
2
0
2
2
2
4
2
2
4
2
6
2
0
0
0
8
4
0
0
2
4
2
4
4
0
4
2
4
2
2
2
4
0
6
4
4
2
4
0
6
0
0
2
0
0
56
0
2
4
6
0
4
4
0
0
0
0
0
4
2
4
6
4
4
0
0
0
0
0
2
0
2
0
0
0
6
0
2
0
0
0
3
0
0
6
0
4
0
2
2
2
30
6
2
0
2
76
0
6
10
2
6
2
6
8
0
8
0
2
0
4
0
2
2
6
0
4
4
2
2
2
4
0
0
2
2
2
0
2
4
0
0
0
0
2
0
0
6
8
0
6
6
0
4
0
2
0
5
0
0
2
2
4
4
0
4
0
4
4
2
0
0
4
4
4
0
0
2
4
7
2
0
0
2
2
0
4
0
0
2
0
2
4
0
0
0
4
2
4
2
2
2
2
2
0
2
4
4
0
4
4
0
2
64
0
6
4
2
0
2
2
6
2
0
6
4
0
10
0
4
4
4
0
2
4
6
7
0
0
0
4
2
0
0
0
0
4
0
2
2
5
2
4
6
4
10
6
11
6
8
2
14
19
44
10
6
11
11
8
6
8
15
4
4
6
6
11
6
8
8
6
8
4
16
13
17
22
4
6
11
11
2
9
14
2
11
8
0
15
2
4
2
2
4
2
4
6
2
0
6
4
6
2
10
6
0
0
15
4
4
6
13
11
13
6
9
4
13
8
10
6
6
9
10
9
9
6
4
11
15
17
6
8
8
10
2
6
12
8
10
8
12
6
7
4
8
2
2
13
4
7
9
8
2
8
4
9
11
4
7
7
6
11
14
4
4
6
9
9
12
9
9
9
4
6
4
8
6
9
9
15
8
6
2
11
8
15
15
8
6
9
14
6
4
4
8
4
2
6
4
17
11
11
10
2
4
9
8
8
8
4
10
4
6
10
4
8
6
2
4
12
10
6
6
4
6
10
4
6
2
10
6
2
6
7
8
11
10
13
9
9
2
4
10
17
15
7
10
6
6
12
8
4
2
8
7
4
6
4
9
6
8
8
2
7
2
9
4
13
4
6
8
8
5
5
4
8
7
6
10
6
5
13
7
5
2
2
4
4
5
6
2
6
6
7
13
7
6
4
4
4
2
10
2
2
2
4
6
6
2
0
2
2
0
2
4
2
2
0
5
4
4
2
4
2
4
2
4
2
2
11
6
8
2
2
11
4
4
8
6
4
2
4
2
4
4
4
40
4
2
6
4
2
4
2
4
4
6
2
6
6
2
2
4
2
6
4
4
6
6
2
8
2
4
4
6
4
6
6
4
4
6
10
8
4
4
4
6
4
6
2
8
8
6
6
6
4
4
4
8
4
8
8
29
6
6
2
10
2
2
4
4
2
2
4
4
2
2
6
6
8
4
4
4
4
6
6
10
2
6
21
0
4
6
6
6
4
10
4
4
6
4
2
6
10
6
6
6
0
8
6
6
6
6
8
4
8
6
6
8
4
0
4
6
4
4
4
4
8
4
10
6
8
8
10
4
4
4
6
8
6
6
6
6
6
4
8
6
6
6
8
4
6
6
6
6
6
2
4
8
6
8
4
6
6
0
6
4
6
6
4
4
4
9
6
6
4
2
6
2
0
0
0
6
4
4
2
6
2
4
4
4
6
0
2
6
2
2
8
4
6
6
2
10
6
4
6
4
4
6
4
2
10
4
2
6
4
4
4
2
4
2
6
8
2
2
4
4
2
4
6
2
4
2
6
2
4
6
4
2
4
6
4
2
6
2
4
2
4
8
2
2
13
4
4
6
6
4
4
2
8
4
0
4
2
2
6
4
2
2
4
6
4
4
2
4
2
6
4
2
2
2
5
3
0
2
5
5
2
2
0
4
0
2
0
0
2
4
2
25
2
2
0
5
2
5
5
2
1
0
2
0
0
2
4
4
0
2
29
2
1
0
0
0
2
0
5
0
0
5
6
2
47
0
2
3
0
2
2
4
2
5
0
5
1
2
4
0
0
4
4
5
5
4
2
0
2
2
0
2
2
4
0
0
0
7
4
5
7
0
4
0
2
2
4
2
5
4
3
4
0
0
2
4
4
4
2
7
4
0
1
31
7
4
0
0
0
4
5
2
0
4
4
2
4
4
0
6
1
0
2
2
3
3
27
0
0
5
2
3
0
43
2
4
0
17
4
0
2
5
2
3
3
3
2
7
4
2
0
1
2
4
0
0
1
0
3
5
2
5
0
2
2
2
6
4
2
4
0
2
4
0
5
2
2
4
2
0
2
0
1
0
4
2
2
2
4
2
61
7
4
0
2
5
1
2
1
4
4
0
0
2
2
7
4
4
0
4
4
3
6
0
0
2
0
2
2
0
0
2
4
0
4
3
3
4
1
0
4
0
0
2
4
4
6
2
2
2
0
0
2
6
3
6
2
2
0
3
4
4
2
5
0
4
4
4
4
4
3
4
0
51
2
3
3
2
2
2
2
6
2
0
4
3
4
2
2
4
2
2
2
2
0
4
4
4
4
2
2
10
2
4
0
19
2
0
6
2
4
4
4
2
4
4
6
4
4
0
6
0
2
6
2
6
0
2
6
4
4
6
4
4
0
2
2
2
2
2
2
10
6
2
6
4
6
6
8
2
4
4
6
4
4
6
2
2
2
2
4
4
6
4
4
2
8
6
8
4
4
4
4
6
4
2
2
4
6
4
4
6
5
8
4
6
0
0
4
2
6
2
6
2
2
2
2
2
2
2
6
6
6
4
4
2
2
6
6
2
2
6
4
8
6
4
4
4
2
0
2
2
8
0
4
4
4
8
2
4
10
4
4
2
2
4
6
2
6
8
6
0
8
0
6
4
6
6
2
2
4
4
6
2
4
2
6
6
4
6
4
6
6
8
8
6
4
6
4
6
4
8
4
4
4
10
6
2
6
2
4
6
4
8
2
2
4
2
8
8
2
2
2
6
4
0
4
2
6
4
4
2
2
4
2
4
4
6
8
2
2
2
4
8
8
8
4
2
2
4
2
4
8
4
10
2
6
6
4
2
4
4
4
4
6
6
6
4
4
6
2
12
2
4
4
4
2
11
0
4
2
2
0
2
2
2
4
0
0
4
2
6
2
0
4
4
4
0
2
2
8
2
4
6
4
0
2
4
7
2
4
15
11
15
11
9
5
2
11
2
7
3
2
4
5
7
9
0
4
7
7
9
5
3
7
6
17
7
4
15
2
6
11
5
4
9
7
4
11
9
4
7
5
2
2
13
3
5
13
5
7
15
7
15
5
6
5
5
6
7
11
5
2
2
9
13
3
11
9
0
7
13
2
4
3
4
5
3
5
7
7
5
5
9
7
7
2
7
4
6
7
2
5
2
5
2
11
4
7
13
5
4
4
5
7
9
3
2
3
2
7
7
5
15
7
4
17
7
9
5
11
7
9
9
5
4
9
11
6
0
4
5
1
4
11
7
5
13
5
6
4
4
1
15
4
13
4
5
7
2
2
7
7
2
9
13
4
11
2
9
6
19
11
9
7
4
7
7
7
15
5
7
7
5
4
2
0
6
4
2
9
5
2
2
5
7
9
11
11
9
7
7
9
9
7
4
19
11
9
6
2
7
4
4
6
6
11
9
7
4
5
3
4
2
7
5
9
5
5
2
9
4
3
5
7
9
4
11
1
4
7
4
0
7
9
9
5
7
3
4
7
6
4
7
7
2
6
7
4
6
7
4
7
4
7
4
7
3
13
4
7
2
5
3
5
5
9
4
11
4
11
4
4
9
5
9
11
7
9
5
11
2
5
5
7
85
42
46
83
87
83
85
48
88
41
65
77
34
37
85
87
86
89
42
48
89
84
82
84
88
39
87
86
75
47
85
48
51
45
45
83
77
82
81
90
83
78
78
83
73
86
83
38
82
41
38
86
78
40
77
71
82
85
75
81
50
48
86
87
75
40
47
88
85
80
82
78
42
83
83
49
74
53
40
79
47
44
87
78
59
84
88
86
87
53
46
83
85
85
50
77
48
79
89
84
43
88
56
71
77
38
84
77
35
79
40
37
71
82
80
73
43
79
76
73
78
82
81
37
46
73
50
76
79
72
76
47
83
82
78
85
40
43
75
39
39
82
45
38
76
64
77
80
53
49
39
79
84
81
86
48
65
55
73
75
74
38
75
85
75
73
86
48
84
76
53
81
80
60
87
84
87
87
92
38
62
83
81
83
90
41
87
79
86
86
51
40
86
43
90
67
83
79
44
43
81
89
88
52
40
87
84
90
86
79
87
76
79
82
88
74
48
86
77
78
83
86
32
68
85
41
73
50
84
79
82
77
80
84
44
36
71
80
72
42
41
83
79
85
54
40
83
41
42
86
61
42
77
45
84
46
50
83
89
67
38
77
82
86
84
53
40
42
80
45
79
86
63
90
45
64
80
75
80
47
39
46
82
79
76
83
53
47
2
2
2
0
0
4
0
16
4
2
4
0
6
0
4
4
0
4
4
0
2
0
0
2
0
0
4
0
0
0
10
4
12
8
0
2
0
0
2
6
0
2
2
10
0
4
2
12
2
4
8
4
2
4
2
4
0
8
0
2
2
6
0
0
2
0
4
0
2
0
2
2
4
2
2
2
0
0
4
4
6
6
0
2
4
4
0
0
6
2
0
2
6
4
2
2
0
4
2
2
2
0
2
4
0
2
0
0
4
12
18
2
0
2
2
0
0
0
2
2
14
0
0
2
6
0
2
2
2
4
2
12
4
0
0
0
0
4
2
2
0
0
2
2
2
4
0
2
4
8
4
4
2
0
2
2
2
4
2
0
0
2
4
2
2
0
0
4
4
4
2
2
0
2
6
0
18
12
2
0
4
6
2
6
2
0
2
0
2
2
2
0
2
2
2
2
0
2
0
4
4
4
0
4
16
2
0
4
2
4
2
2
6
2
0
2
0
4
2
0
2
2
2
0
4
4
0
4
2
0
0
2
0
4
0
4
2
2
2
4
2
0
24
2
4
2
4
4
11
0
2
10
2
2
2
0
2
10
2
2
4
4
2
4
4
13
0
0
0
2
0
4
4
0
6
14
0
0
4
6
0
0
2
2
0
4
2
0
58
4
32
7
7
9
8
6
4
7
37
8
8
26
9
4
11
85
6
4
58
45
2
8
9
51
37
21
36
51
8
45
15
8
13
11
7
64
28
6
6
11
6
55
43
32
6
21
9
6
15
8
72
40
63
8
7
26
6
11
25
10
6
2
45
4
4
6
5
74
7
6
11
4
6
8
2
8
66
4
6
19
6
9
30
54
4
13
2
20
11
6
6
6
91
4
61
8
6
8
4
6
4
19
15
6
8
46
4
9
30
51
6
4
6
4
21
60
9
8
6
47
4
6
28
4
21
11
2
4
17
26
8
6
2
13
6
23
6
4
8
21
2
15
6
2
13
8
4
17
6
6
4
6
48
4
4
4
15
8
8
6
19
6
57
17
6
10
6
6
9
4
2
64
52
13
6
6
6
4
8
15
13
42
9
8
11
10
51
7
69
8
47
59
49
8
8
6
10
36
7
6
6
8
13
8
80
68
6
64
13
10
73
6
13
6
7
8
63
6
63
65
8
67
4
45
46
6
6
6
32
68
6
6
6
34
11
8
37
26
55
4
11
6
8
7
6
8
9
13
15
5
12
5
9
7
20
11
7
18
10
7
30
6
27
20
12
4
53
27
20
26
15
19
40
13
29
36
18
20
55
34
26
45
15
28
45
70
