46
13
2
2
2
2
2
0
0
2
2
2
2
2
2
4
2
2
4
2
4
2
4
2
2
2
2
9
4
2
4
2
2
4
2
4
2
0
2
2
4
2
2
0
4
6
4
4
6
25
4
4
6
2
4
4
9
3
2
4
4
6
2
7
4
2
2
4
8
4
6
2
4
2
6
6
2
2
4
4
4
67
4
4
4
4
2
4
6
10
2
5
6
10
4
8
2
4
10
6
4
2
2
2
2
2
2
2
8
2
4
2
2
4
2
6
4
4
23
3
7
2
8
2
8
2
4
2
4
2
4
96
2
4
4
2
9
4
2
8
2
4
6
4
2
10
2
2
4
4
8
37
6
6
3
6
2
7
4
4
6
8
4
5
4
3
4
2
4
4
2
7
0
0
4
4
20
4
4
2
2
4
4
4
8
10
2
6
9
4
2
10
6
2
6
2
4
2
9
2
95
7
2
4
6
2
2
2
7
6
4
0
6
2
6
2
4
2
2
4
2
0
4
2
0
2
2
0
2
4
4
2
4
2
2
6
0
4
69
2
2
4
2
4
2
2
6
2
10
53
9
4
4
4
2
0
6
4
2
19
4
2
2
6
4
3
4
4
2
2
35
2
6
8
2
2
2
4
82
3
4
4
2
2
2
2
2
4
2
4
2
0
4
2
2
0
4
2
7
0
0
2
4
0
2
0
0
2
1
0
5
2
0
2
0
0
2
0
2
0
0
0
2
2
2
2
1
2
0
0
2
2
0
2
2
0
0
2
0
0
4
2
4
2
0
0
2
0
2
0
0
2
0
2
2
2
2
2
2
0
0
0
2
4
0
3
2
2
0
0
0
0
2
2
3
2
2
2
3
0
0
2
1
0
0
3
3
2
2
3
1
1
0
0
2
2
5
0
2
0
2
2
0
0
2
6
2
2
0
2
4
2
2
0
2
5
2
5
2
2
0
0
2
0
2
4
0
2
2
2
2
0
1
2
0
0
2
2
2
0
0
0
2
0
2
2
2
4
3
2
1
2
1
0
2
0
2
2
0
2
0
0
0
0
3
0
2
0
2
0
2
0
1
0
2
3
2
2
0
2
2
2
0
2
1
2
0
3
0
2
2
0
0
0
2
0
2
0
2
2
4
2
2
0
4
2
2
3
3
2
2
0
2
2
0
2
2
3
2
0
1
0
4
2
0
2
3
2
2
2
2
0
4
2
0
0
0
2
2
2
2
2
0
0
4
2
2
2
2
0
0
0
0
4
2
2
3
0
2
0
0
2
2
0
2
0
2
2
2
0
0
3
0
2
0
2
0
2
2
0
4
2
2
2
4
0
2
2
2
6
0
2
2
4
4
2
2
2
4
0
2
2
0
0
6
6
0
2
4
8
4
2
2
4
4
6
0
2
2
2
4
2
4
0
3
0
0
0
4
0
4
2
2
2
2
4
2
6
2
2
0
4
2
2
2
2
2
5
4
2
0
0
2
4
0
2
2
0
2
2
2
2
2
0
4
4
2
0
4
2
0
2
4
8
2
4
8
2
2
2
4
5
6
2
0
5
2
4
0
2
0
4
0
6
4
6
0
4
2
2
2
4
6
8
0
2
2
6
4
6
2
6
2
2
2
0
2
4
4
2
6
2
0
4
6
2
2
9
4
6
8
4
0
6
2
2
17
2
4
2
4
0
2
8
4
0
6
0
2
4
0
2
2
2
18
4
4
2
4
2
0
0
4
4
0
0
5
2
2
2
2
0
4
8
2
14
2
9
0
2
2
2
2
3
2
5
4
6
6
2
2
0
2
4
0
0
2
0
2
0
2
2
0
0
2
4
4
4
0
0
0
2
0
4
0
2
2
4
0
6
4
2
2
0
0
9
2
2
4
4
2
2
2
4
2
2
0
4
0
2
2
2
0
4
2
2
8
0
2
2
2
4
2
0
0
2
4
2
6
4
0
0
0
2
10
9
7
2
13
14
9
12
21
13
9
9
15
9
9
22
6
10
15
15
9
43
4
17
7
15
6
11
11
8
7
6
18
11
26
9
21
11
11
9
4
5
13
7
8
15
18
19
6
9
18
9
17
13
15
21
16
11
17
15
17
19
17
13
21
13
10
24
18
14
16
7
11
7
13
9
9
7
10
22
17
13
15
17
8
7
11
11
12
13
5
13
4
11
11
8
12
14
52
17
13
6
11
19
15
15
16
9
17
15
11
12
23
7
8
21
11
12
18
13
13
31
24
22
17
26
13
13
15
27
21
11
14
16
24
22
19
23
11
29
13
21
14
13
20
20
21
20
27
38
8
30
16
12
9
11
9
33
11
23
11
19
12
18
20
19
19
24
9
24
15
20
25
23
26
15
27
7
24
34
16
12
30
13
29
10
31
28
9
15
26
29
22
32
30
16
9
24
13
9
9
15
28
22
17
28
17
22
25
9
17
11
25
10
23
16
18
24
18
13
7
16
21
13
19
23
24
14
14
18
15
11
17
19
4
24
15
9
15
9
11
15
24
16
13
14
6
9
11
18
10
12
7
11
22
15
34
15
9
13
11
12
7
12
7
11
7
10
13
13
17
8
19
11
9
12
17
19
27
9
11
6
15
17
19
15
19
11
45
45
45
37
58
50
37
53
29
48
29
29
40
46
47
60
34
18
22
32
28
29
31
67
47
38
79
54
38
35
29
36
19
32
41
79
25
49
56
83
37
20
28
84
29
48
64
33
42
47
61
45
59
56
22
40
36
24
17
48
41
50
65
35
49
32
43
85
29
46
42
49
49
46
39
60
75
30
39
33
21
30
45
56
23
29
50
64
51
26
18
26
32
41
57
47
43
38
61
57
38
39
28
26
18
43
34
47
62
58
90
69
49
22
33
34
48
42
25
19
34
41
42
43
20
24
19
23
38
44
22
35
31
21
42
18
39
31
19
27
41
38
35
34
53
35
44
37
43
29
36
46
24
24
39
62
44
23
36
48
48
27
21
41
45
29
31
20
21
47
45
44
44
41
38
29
20
25
44
37
48
32
43
26
48
16
16
22
24
42
36
41
39
40
27
46
26
24
18
20
16
62
46
35
45
58
31
38
31
28
20
22
37
34
64
36
41
48
53
54
22
22
48
18
49
45
50
46
54
24
35
42
31
25
39
27
24
34
64
62
38
40
48
17
34
28
30
32
22
41
35
27
41
42
46
43
29
18
22
30
41
41
77
46
63
46
35
47
30
30
22
21
32
51
32
48
24
46
32
49
43
23
26
25
24
41
35
45
0
1
0
14
4
5
2
14
0
2
53
7
37
10
4
2
27
0
19
8
39
0
4
0
7
2
3
14
18
0
5
12
0
2
29
2
2
4
33
4
0
40
7
19
21
21
6
0
5
23
3
17
4
4
2
4
23
2
18
26
2
17
31
13
0
4
0
19
23
27
2
2
51
23
0
4
22
0
0
18
25
0
4
17
2
17
24
3
31
4
4
16
26
23
6
0
5
24
31
10
0
2
18
14
14
3
47
0
0
0
8
0
0
6
2
27
28
14
2
6
4
3
2
2
19
2
8
8
27
0
2
4
2
2
11
2
0
90
2
3
11
5
6
6
0
0
4
24
2
6
4
22
2
26
2
0
4
0
2
13
30
4
0
17
2
2
58
4
4
41
6
4
2
2
0
21
26
0
0
18
3
2
10
21
6
13
25
1
25
23
8
0
4
20
0
0
14
0
4
16
0
0
2
2
30
14
2
0
4
2
2
1
24
2
0
29
4
8
0
4
6
67
8
10
26
2
5
2
18
15
21
11
16
2
4
8
7
24
6
0
30
22
7
22
13
2
2
9
27
0
6
2
4
4
22
15
11
2
6
2
23
8
0
2
21
8
11
10
0
0
6
22
9
2
4
2
2
48
7
3
69
6
0
3
27
4
0
35
0
0
2
0
0
0
0
2
2
1
2
0
0
8
0
0
0
0
1
0
7
5
10
0
1
0
0
0
0
1
0
3
0
2
0
2
0
0
2
0
7
0
0
0
0
0
0
3
2
19
8
0
0
0
0
7
2
0
16
2
0
0
2
6
2
0
1
0
3
6
0
0
0
0
0
2
0
0
3
0
0
0
2
0
0
0
0
0
2
0
6
3
0
16
2
4
0
4
2
0
0
0
2
0
0
0
20
0
0
2
0
3
0
1
0
2
3
4
1
2
4
0
2
0
0
3
5
4
3
0
10
8
7
7
3
7
0
2
2
0
0
1
0
2
5
7
3
5
0
0
2
4
3
9
12
3
5
0
2
2
0
3
7
12
7
6
2
3
2
10
7
4
3
6
0
6
1
3
6
7
1
3
0
13
4
0
2
0
7
0
1
0
3
0
0
4
0
2
5
5
1
2
3
0
0
2
29
0
0
10
2
0
4
13
0
3
3
5
0
31
2
3
9
2
3
17
3
0
3
5
7
2
0
0
3
0
0
0
0
2
2
0
0
3
0
2
1
2
1
0
0
3
2
2
16
2
4
0
0
0
0
0
2
0
0
3
7
2
2
2
12
5
4
7
8
8
0
0
4
5
0
4
11
2
2
0
5
3
31
33
28
24
42
28
36
25
36
41
34
39
59
17
21
4
27
25
36
25
30
60
35
25
30
31
84
41
19
32
15
26
26
26
27
26
17
10
17
14
19
26
28
9
37
30
24
15
22
25
25
40
21
29
36
49
38
28
26
24
38
23
28
19
69
35
23
37
31
23
34
49
89
26
24
41
73
44
35
35
35
28
21
23
27
28
32
19
30
29
37
21
9
17
25
39
21
59
19
38
11
32
23
19
15
29
39
27
31
39
41
26
54
38
22
23
40
27
25
26
38
27
49
32
40
19
19
33
31
28
44
38
29
43
32
22
45
65
42
32
38
30
26
20
23
45
23
57
29
36
31
18
47
35
42
41
40
70
17
24
42
21
23
21
33
29
25
36
59
31
29
26
38
39
31
28
47
19
30
21
23
28
19
24
25
25
36
38
33
30
27
37
27
26
23
61
52
11
20
27
21
22
25
38
39
41
25
61
35
18
29
26
27
33
37
29
25
31
34
33
27
39
28
40
43
43
25
40
36
49
29
9
35
14
24
46
21
27
36
23
28
34
35
37
36
23
56
25
15
44
9
42
28
32
20
44
26
29
33
24
22
19
39
26
21
27
15
38
16
38
23
32
30
33
30
44
48
25
37
22
27
34
23
28
24
33
11
28
21
2
2
6
4
2
0
2
1
2
1
2
2
2
2
2
3
2
2
0
0
2
2
2
2
0
2
0
0
0
1
2
3
1
0
2
3
0
1
2
2
2
2
0
2
4
6
0
2
4
2
0
2
0
2
4
21
2
2
2
2
1
3
4
2
1
2
4
2
0
2
2
0
2
2
2
0
7
3
2
0
0
4
0
0
3
2
6
0
0
21
2
0
2
4
0
2
4
23
2
2
3
2
0
2
2
2
2
0
38
6
4
2
2
0
3
6
2
2
0
2
4
21
2
1
2
4
3
6
3
0
2
2
2
6
4
0
2
2
3
0
0
0
4
2
2
2
0
0
2
2
5
0
2
0
0
6
2
5
2
4
6
3
21
4
4
7
1
4
2
0
4
0
0
1
0
0
0
0
1
0
4
2
5
7
0
2
0
0
5
2
4
0
0
0
0
3
2
0
3
2
0
0
3
1
0
0
7
0
3
1
2
1
21
0
0
0
1
2
3
4
2
3
2
0
3
0
5
1
1
0
3
4
1
1
0
3
4
4
1
1
2
0
0
3
1
2
1
6
0
0
21
1
3
3
2
1
2
2
0
2
4
0
1
2
0
2
4
2
0
0
2
3
0
4
0
6
0
0
0
0
2
2
6
0
0
0
35
6
4
8
2
10
6
4
0
8
11
5
4
6
3
2
8
6
2
4
4
6
6
6
2
4
6
4
4
4
4
13
4
6
4
8
12
4
0
11
6
2
4
2
6
2
6
7
13
6
7
4
8
5
8
6
6
4
8
2
4
2
4
0
4
8
6
6
4
0
2
4
2
4
6
6
6
2
6
9
6
14
4
2
2
6
6
2
9
8
15
0
16
4
6
2
8
8
4
6
10
2
8
2
4
22
4
10
4
5
4
4
8
6
3
2
2
7
4
6
6
2
13
12
6
8
6
0
6
8
15
2
4
10
4
4
4
4
14
6
2
4
2
12
6
6
3
4
6
2
0
2
8
5
6
17
0
6
5
4
4
13
2
6
0
2
0
2
10
6
9
9
4
13
4
4
6
6
2
15
6
4
7
4
6
6
4
2
6
8
0
4
6
4
6
5
0
6
4
2
17
4
7
7
4
15
3
6
11
13
8
4
4
6
4
4
4
4
0
2
2
2
8
2
6
4
20
4
4
13
6
10
4
6
6
6
4
2
6
13
4
7
0
0
5
2
4
5
6
5
16
7
5
6
4
3
8
7
4
2
6
2
2
2
7
4
6
6
4
0
4
4
2
6
4
8
4
6
8
13
4
6
6
8
8
6
5
4
4
