34
32
36
26
30
26
34
28
24
41
24
14
30
43
18
34
26
18
28
34
35
35
37
36
34
50
28
36
33
26
36
24
41
32
32
38
40
21
26
26
36
30
34
30
30
40
30
38
18
38
34
30
29
36
20
26
28
28
14
30
36
30
38
31
38
30
24
28
18
32
19
32
17
44
36
32
36
16
36
28
24
28
34
22
28
30
24
13
32
26
22
26
34
28
30
31
32
36
30
30
34
28
32
32
20
24
18
36
30
42
36
34
35
36
32
41
32
28
11
35
39
26
18
28
30
30
28
30
16
32
33
39
24
34
20
30
32
32
36
27
30
18
34
34
30
24
36
35
35
30
36
38
36
8
24
28
26
10
28
34
28
34
32
8
32
30
26
17
28
15
37
22
28
36
30
30
37
32
31
30
34
34
20
34
28
36
32
36
34
40
34
26
28
30
34
26
28
28
6
18
16
26
31
37
14
30
26
26
28
34
38
30
30
32
26
32
43
30
30
28
24
26
26
36
32
30
22
40
32
15
32
46
38
28
32
28
24
36
28
9
24
12
38
40
37
14
34
32
39
32
28
34
38
8
18
38
30
32
18
13
39
28
20
30
19
14
37
10
14
43
34
37
17
31
32
38
32
35
34
24
43
26
32
17
28
26
33
36
0
2
0
0
0
0
0
0
2
5
0
0
0
0
0
0
2
0
0
6
0
0
2
0
0
0
9
2
2
0
4
0
0
0
2
2
2
4
11
5
2
4
4
2
0
0
3
0
0
0
4
5
0
2
2
0
0
0
0
5
2
0
2
0
4
0
0
4
0
2
2
0
0
0
0
2
0
0
0
0
5
4
2
0
6
2
4
0
4
2
0
8
0
4
5
4
4
2
6
2
5
14
2
0
0
4
2
2
2
0
2
0
0
0
0
0
0
0
0
5
0
0
0
2
0
7
0
0
0
0
21
2
0
50
0
2
0
5
4
0
0
0
4
22
2
4
2
5
7
2
4
0
4
0
0
0
0
47
0
0
3
0
0
0
0
0
2
0
4
0
4
0
0
0
5
0
2
0
6
0
9
3
12
0
0
0
0
0
4
2
0
16
4
2
5
2
0
4
23
0
2
5
0
6
0
0
0
2
5
5
2
0
0
4
2
0
0
4
2
2
0
2
2
0
22
0
4
0
6
0
4
2
6
0
0
0
4
0
2
0
11
4
5
2
0
0
0
24
2
6
2
6
2
2
2
4
5
2
0
2
2
2
0
2
0
2
4
3
0
2
2
0
0
0
0
2
0
0
0
0
4
0
2
2
2
7
0
0
37
39
39
40
38
39
40
40
39
35
40
40
38
38
38
38
36
39
40
40
40
40
37
39
39
34
38
39
38
39
40
40
40
37
40
38
38
39
38
38
36
39
35
39
37
40
38
39
38
39
41
38
41
34
37
40
37
39
39
40
39
37
38
38
39
38
32
38
39
35
39
40
37
38
39
38
39
39
35
40
35
41
39
38
38
34
39
40
39
38
39
38
40
38
38
40
40
34
34
41
38
30
40
40
39
37
38
38
38
38
37
39
40
39
40
39
40
39
39
39
36
38
40
40
40
40
40
39
32
34
40
39
29
39
38
41
39
40
40
38
39
39
36
39
39
39
39
40
40
38
39
39
38
31
40
38
39
39
38
39
39
39
40
40
39
39
40
39
39
39
39
38
38
39
40
41
39
40
38
35
38
39
40
37
39
40
39
38
41
38
39
39
39
35
38
38
39
37
39
38
40
37
40
40
37
39
39
39
39
40
39
39
39
40
40
39
38
40
38
39
34
37
39
37
39
40
36
39
40
40
40
39
35
39
39
38
39
35
40
39
38
38
39
40
40
39
39
38
40
39
39
39
40
39
36
35
39
39
40
38
38
34
39
39
38
40
40
40
38
30
39
39
40
36
38
39
40
39
39
38
39
36
38
38
40
40
39
40
0
27
0
4
0
2
4
2
0
0
0
0
0
2
0
0
0
2
2
0
0
2
4
0
0
0
0
4
2
2
0
2
0
2
4
2
2
4
0
0
0
6
0
0
0
0
0
0
0
0
0
2
0
2
0
0
2
0
2
0
2
0
0
4
4
2
0
0
0
4
4
2
2
4
2
2
0
0
2
0
2
0
0
0
0
0
2
0
2
2
2
2
0
0
2
2
2
0
4
6
2
2
4
2
2
2
0
0
4
4
2
6
2
2
0
0
2
2
0
2
4
2
2
2
2
0
2
0
2
0
0
0
2
2
0
0
2
2
0
2
2
2
0
2
0
2
2
2
0
2
2
2
0
0
4
2
0
2
4
2
4
2
23
2
2
0
0
6
2
2
0
0
0
2
0
0
4
0
0
2
4
2
2
8
0
0
0
0
2
0
0
0
0
2
0
2
2
2
2
2
4
4
0
2
2
0
2
0
0
2
2
0
2
2
2
0
0
2
4
2
0
4
4
2
2
0
2
0
0
2
0
0
2
0
0
2
2
2
2
0
2
4
6
0
2
0
4
0
0
2
2
6
0
0
8
2
0
2
4
0
2
0
0
4
2
0
0
2
2
0
2
2
0
2
0
2
2
0
2
0
2
0
0
0
2
2
0
0
34
20
11
13
13
27
15
17
39
20
24
26
27
30
8
25
19
4
17
31
36
18
27
22
25
30
2
12
11
26
18
26
17
12
30
23
11
13
22
25
20
34
9
49
20
35
24
24
20
22
17
22
19
26
19
23
19
22
23
40
34
44
15
19
23
15
46
19
23
20
23
35
15
32
39
17
36
12
20
11
18
22
77
31
19
37
6
21
34
53
24
15
51
27
32
22
43
24
28
25
58
39
67
41
30
38
18
34
24
66
44
23
38
40
26
60
37
37
58
19
34
36
51
37
41
39
60
30
37
32
38
16
26
20
23
32
17
6
6
65
15
32
23
24
28
4
51
40
39
32
8
25
11
23
44
30
25
28
15
32
34
36
17
11
51
36
30
22
27
26
48
7
28
36
36
26
54
24
23
28
36
32
45
28
25
50
54
16
50
24
28
18
34
32
57
26
51
26
64
22
27
27
20
22
7
47
37
24
22
14
37
38
48
15
24
27
31
25
41
22
31
25
32
38
28
42
35
15
22
43
35
41
42
36
42
29
34
34
43
30
30
2
40
37
33
28
17
13
61
60
23
38
31
11
40
21
34
26
17
42
30
30
30
36
37
6
30
20
37
51
17
22
36
20
17
29
46
39
38
32
29
28
25
2
15
32
28
22
0
0
2
2
0
2
1
0
0
0
2
0
2
0
2
2
0
4
0
2
1
2
0
2
2
0
2
0
0
2
3
2
0
1
4
4
4
0
3
0
0
3
2
2
2
74
0
2
2
2
0
0
0
2
1
2
0
2
2
2
4
0
0
0
3
2
0
0
0
2
0
17
0
3
4
0
2
0
2
2
2
0
2
0
2
2
2
0
0
0
0
2
0
2
1
0
0
0
0
0
2
19
1
0
4
2
2
3
4
0
2
0
0
0
2
0
2
2
2
0
0
2
0
2
4
2
2
2
0
0
3
4
4
0
2
4
0
0
0
1
0
4
2
4
0
2
3
2
0
2
2
3
0
0
0
0
0
2
0
3
0
2
2
0
2
0
2
0
2
2
2
0
0
2
11
2
2
3
0
2
2
2
0
2
0
0
2
2
0
0
4
0
2
0
4
0
4
0
2
0
0
0
2
0
2
2
4
2
2
1
2
0
2
1
0
2
2
0
1
0
0
0
0
1
0
4
0
0
0
2
2
0
2
0
0
0
0
3
2
0
0
0
0
2
2
0
2
0
0
5
0
3
2
3
2
2
2
2
19
0
0
2
0
0
2
2
0
0
0
0
2
0
0
2
2
2
2
0
0
0
2
0
0
5
2
0
2
4
0
2
2
4
4
0
0
0
2
2
2
2
0
6
6
2
2
0
2
0
2
2
0
2
2
0
2
2
2
4
0
2
2
0
6
2
4
2
0
0
2
0
6
2
2
6
6
2
2
4
4
0
2
4
0
2
2
2
0
0
4
2
4
2
2
0
2
2
6
0
4
4
2
0
2
0
0
0
2
0
0
0
4
2
2
4
2
4
0
4
2
2
4
0
2
2
2
4
2
0
2
4
2
4
2
2
2
2
4
0
2
2
2
0
0
2
2
2
2
2
0
0
2
0
0
2
2
2
0
2
6
2
0
2
4
0
6
2
4
0
0
0
2
0
2
4
2
0
0
4
2
2
2
2
4
2
4
0
2
2
6
0
4
0
2
4
2
0
0
0
0
0
4
0
0
0
6
6
0
0
0
2
0
2
2
2
0
4
2
2
2
4
0
0
2
2
0
0
2
4
6
4
4
0
0
6
0
4
4
0
2
6
2
0
4
2
0
0
2
2
2
0
0
4
0
2
0
2
4
0
0
2
0
2
4
0
0
0
4
2
0
4
0
0
2
4
2
0
2
0
0
2
4
0
2
2
4
0
2
4
0
4
0
2
2
0
0
4
2
0
0
0
2
4
4
6
4
4
2
0
0
6
6
0
2
4
4
2
4
6
17
10
6
4
10
6
4
10
6
4
17
66
10
4
8
8
10
8
6
14
4
12
10
10
8
17
4
6
12
10
8
12
2
8
6
10
14
10
14
10
4
12
6
16
12
6
10
12
11
12
12
8
8
14
19
10
12
19
8
8
8
12
12
8
10
17
14
8
12
10
4
8
8
16
14
8
16
8
12
12
14
14
8
10
10
12
51
8
8
16
12
12
10
10
8
12
8
14
14
19
14
17
8
12
16
10
23
15
10
17
12
8
10
16
4
10
27
8
16
14
12
6
12
12
19
17
16
6
12
14
16
10
12
19
4
17
18
16
12
6
14
6
19
18
14
6
16
8
10
12
10
10
25
19
31
19
10
6
18
12
16
19
23
25
19
12
6
10
14
21
17
14
14
21
8
6
8
13
16
10
16
6
14
16
23
17
8
10
16
4
8
4
12
6
16
21
19
16
16
10
10
17
19
10
14
10
12
8
12
12
8
10
10
8
14
6
8
8
14
14
16
17
6
10
10
33
10
6
10
6
12
10
14
8
14
10
10
10
8
12
10
12
10
12
14
12
10
18
8
17
14
18
14
8
6
35
14
2
8
12
6
4
16
14
10
4
6
4
12
16
19
10
8
14
19
6
2
6
8
4
16
8
10
8
14
10
0
0
2
0
0
18
0
0
2
0
2
2
0
0
2
0
0
0
11
0
0
2
0
0
0
0
0
0
0
0
18
4
6
2
0
0
2
0
4
2
0
0
2
2
2
2
2
2
4
0
0
2
0
2
13
0
2
2
2
0
0
2
2
2
0
2
0
2
0
0
0
0
0
4
4
0
5
2
2
0
0
2
2
0
2
0
2
4
2
4
2
0
4
6
0
2
4
0
0
4
0
17
0
0
2
0
2
4
0
0
4
0
0
2
0
2
2
2
2
2
0
0
0
2
0
0
11
4
0
4
0
0
2
2
2
0
2
0
11
2
0
2
2
0
0
0
2
2
0
12
8
2
0
0
0
0
0
2
2
2
0
0
2
16
2
0
0
0
0
0
0
2
0
0
0
21
2
4
2
2
2
2
2
24
0
4
5
2
0
2
2
2
0
0
3
0
2
2
5
2
0
0
0
2
2
0
4
0
0
2
0
4
0
2
0
2
0
2
0
4
0
2
4
0
0
0
2
0
0
0
0
0
2
4
11
2
2
2
2
0
0
4
4
0
0
7
5
3
2
0
2
0
0
2
0
2
2
4
2
0
2
2
0
2
2
2
0
0
0
3
27
4
2
0
4
0
2
4
0
2
2
6
25
2
0
0
4
0
0
0
50
37
29
25
25
26
0
0
0
0
0
0
0
30
42
0
24
23
0
0
0
0
0
0
0
41
50
3
37
31
0
0
0
0
0
0
22
41
37
24
22
35
0
0
0
0
0
0
39
20
21
13
30
8
24
0
0
0
0
0
39
52
30
25
35
0
0
0
0
0
2
0
0
36
36
14
0
27
38
0
0
0
0
0
45
37
0
35
2
7
0
0
0
0
0
0
3
41
35
0
33
38
0
0
0
0
0
0
39
32
42
0
0
29
29
0
0
0
0
0
3
46
31
20
0
28
0
0
0
0
0
0
44
26
31
22
41
32
27
0
0
0
0
0
32
36
38
29
35
37
33
0
2
0
0
0
41
61
40
30
32
17
23
0
0
0
0
0
25
35
26
14
0
28
0
0
0
0
0
0
16
0
4
13
42
0
0
0
0
0
0
0
28
47
40
0
30
45
0
0
0
0
0
0
29
56
21
0
31
33
0
0
0
0
0
0
0
25
42
23
27
41
37
0
0
0
0
0
17
26
43
9
8
0
0
0
19
0
21
19
24
27
21
19
26
22
20
26
3
31
0
18
2
29
18
3
0
33
0
16
0
17
12
11
16
20
19
13
19
22
23
28
25
14
22
2
28
18
22
29
30
35
0
28
28
0
