0
2
2
0
0
6
2
4
2
4
0
4
2
2
2
2
2
0
6
2
0
2
4
4
6
0
6
2
4
6
2
6
0
2
2
6
2
4
4
5
10
80
6
2
6
2
2
2
0
2
6
2
4
2
6
4
2
8
4
2
4
4
0
6
6
2
2
4
6
4
4
4
2
4
0
2
8
6
2
2
2
4
6
4
2
4
2
4
2
2
4
4
4
2
4
4
4
2
4
2
2
2
4
2
8
2
6
6
4
6
8
2
4
4
4
4
2
2
9
4
7
7
6
2
6
2
6
8
5
4
0
4
2
4
2
6
2
6
6
2
8
7
4
2
6
2
6
6
9
2
11
9
4
4
4
6
2
7
0
8
12
6
12
6
4
19
4
6
2
6
6
0
2
4
4
4
6
8
6
6
6
6
8
8
6
6
8
11
4
2
6
2
4
2
4
4
2
6
4
6
2
2
0
6
2
6
6
6
2
2
4
2
2
0
6
4
2
2
4
6
6
2
2
6
2
0
2
2
4
4
6
4
4
6
2
2
2
2
2
0
6
2
6
8
2
2
10
6
2
4
2
6
2
4
2
4
4
2
2
4
2
0
4
6
2
4
6
4
6
4
2
4
4
2
4
2
8
11
5
4
2
2
6
2
2
4
4
2
16
4
6
4
4
5
2
2
0
2
4
5
0
4
2
4
6
0
0
0
0
0
0
4
5
0
0
11
0
2
6
7
2
9
7
11
11
6
6
6
4
4
6
4
7
2
9
4
4
4
2
4
9
13
7
9
5
2
4
4
4
7
2
48
9
11
5
7
9
20
11
13
6
15
11
6
5
7
13
4
16
9
9
9
7
11
10
11
17
19
7
7
19
9
9
6
10
7
22
7
14
16
15
9
19
9
11
7
9
9
9
7
11
11
9
15
11
13
9
15
9
13
7
9
6
13
15
16
6
19
17
17
7
6
15
20
8
9
9
17
15
15
21
11
13
15
9
21
15
13
9
11
4
17
7
16
26
17
9
16
13
19
5
16
24
9
6
22
9
18
16
15
17
13
15
14
24
15
25
9
24
18
13
20
24
11
6
18
5
18
20
24
10
16
6
5
11
11
9
18
22
4
7
17
7
11
8
4
22
17
14
14
15
23
9
7
29
7
6
6
15
6
4
15
4
4
11
13
4
5
5
7
13
13
5
7
7
17
24
6
6
29
7
7
11
7
11
11
13
4
9
6
6
7
9
6
4
2
6
0
6
4
5
7
7
2
14
2
14
0
7
0
9
4
2
7
4
3
5
5
5
2
0
13
4
3
11
4
2
2
2
2
2
6
0
2
2
2
0
6
2
2
2
4
0
2
2
0
0
4
2
0
2
2
4
2
0
6
6
2
4
2
4
0
2
2
4
2
4
0
0
2
4
2
0
2
4
4
0
2
0
0
2
0
0
2
0
0
6
2
2
2
0
0
0
0
2
0
0
0
2
2
0
6
2
0
0
2
2
4
0
2
0
0
0
0
2
0
0
0
0
0
0
0
2
2
0
0
0
2
4
0
2
2
0
0
2
0
0
0
4
0
0
0
0
0
0
0
0
2
2
0
0
4
0
0
2
2
4
2
2
0
0
0
0
4
4
0
2
0
0
2
0
2
0
6
0
0
0
0
0
0
0
0
0
0
0
2
2
0
4
2
2
0
2
6
2
0
0
4
2
0
4
2
2
2
2
0
0
2
0
2
2
2
0
0
0
4
2
0
4
0
2
0
0
0
2
0
4
2
2
0
0
2
0
2
0
2
0
2
0
6
61
0
2
0
4
4
2
2
4
0
0
4
2
0
4
0
2
2
0
0
4
4
0
2
2
0
2
2
0
4
4
4
2
2
6
2
0
0
0
0
2
4
2
0
0
2
4
2
2
2
2
0
2
4
2
0
0
6
0
2
2
2
0
0
0
2
2
0
2
2
2
0
4
0
29
19
2
2
4
2
5
5
7
0
9
13
2
0
2
31
4
7
3
2
4
11
7
3
5
11
7
2
4
6
4
2
7
2
7
4
7
2
13
4
4
7
2
2
0
5
0
7
4
0
7
5
2
2
5
3
2
11
4
4
4
6
6
2
3
5
5
4
5
0
0
5
7
15
0
4
4
0
5
2
1
5
4
2
0
6
4
5
5
4
7
4
0
2
2
4
2
0
4
7
0
7
2
2
4
6
2
4
5
2
4
5
6
4
4
5
2
4
2
2
23
9
6
7
0
2
6
3
2
4
4
5
2
2
6
2
0
9
2
2
5
0
7
0
4
7
5
4
4
7
7
4
4
4
5
2
6
15
2
4
17
2
4
2
4
2
2
2
4
4
6
4
1
7
7
13
5
4
5
3
4
5
0
13
4
1
5
7
15
2
7
9
4
2
2
6
0
7
13
4
6
2
2
6
5
7
4
5
4
4
2
4
4
0
5
0
7
3
0
2
3
2
2
4
2
2
2
7
23
7
4
6
0
5
4
2
0
4
0
7
4
2
2
2
2
0
9
2
5
5
1
7
2
4
3
2
4
13
4
13
6
7
3
4
0
6
4
4
7
2
4
9
0
4
2
6
4
2
0
6
5
2
6
7
4
6
5
2
0
7
7
3
1
3
5
0
3
3
5
3
1
3
1
5
1
5
0
3
1
3
1
5
1
3
1
5
1
3
0
1
5
3
3
5
5
3
1
3
0
7
1
7
5
1
1
3
7
1
1
1
1
3
3
0
3
3
1
0
5
3
7
1
1
1
0
1
5
1
1
1
1
5
5
0
1
3
9
3
0
1
5
7
5
3
1
1
3
3
1
3
1
1
0
3
0
3
5
1
3
7
1
3
1
5
5
3
7
1
3
1
3
1
5
3
1
1
3
5
3
3
3
3
1
3
7
5
1
1
7
3
0
1
7
1
7
5
3
3
3
0
1
1
5
0
1
5
9
9
5
3
1
3
5
11
1
5
5
3
1
1
3
7
9
1
3
5
0
3
5
3
1
3
3
7
0
1
3
1
3
1
5
5
5
5
1
1
3
1
0
3
1
3
3
5
1
3
3
0
5
5
0
0
1
5
1
3
3
7
3
3
1
1
1
3
0
3
3
3
3
3
3
7
3
3
5
3
1
3
7
3
0
1
0
5
1
5
0
5
7
0
1
3
0
3
0
3
5
5
3
1
7
3
7
1
1
3
7
1
0
0
0
3
5
1
3
3
7
0
5
3
5
5
1
7
3
3
3
5
9
1
7
3
3
1
3
5
91
91
87
91
87
85
89
89
90
79
87
94
89
88
94
88
89
89
68
86
87
86
89
86
89
86
77
63
69
87
70
76
84
81
83
85
85
86
77
86
70
83
83
83
90
84
80
86
84
87
86
83
88
83
87
82
78
91
87
82
79
88
73
68
83
84
83
89
78
86
83
89
72
77
84
80
90
62
81
77
63
81
81
83
83
57
88
68
74
83
90
89
82
75
59
85
82
81
70
84
91
79
87
68
87
79
86
84
77
75
82
87
69
86
86
84
70
91
78
81
88
81
84
80
82
72
80
79
87
85
81
80
85
80
84
86
78
90
84
77
89
79
82
74
78
77
76
94
84
74
82
91
69
70
85
88
78
86
56
78
79
58
72
93
80
94
78
78
88
90
88
83
91
81
86
89
88
82
93
84
90
79
89
90
88
90
93
93
82
95
89
92
83
91
94
97
92
91
91
78
93
78
87
90
74
87
76
88
94
94
91
91
86
84
56
84
90
86
87
91
91
89
87
94
88
47
86
70
91
93
88
91
85
87
78
89
89
92
83
89
91
89
88
87
89
80
95
91
89
89
93
92
93
45
90
74
88
89
61
90
88
89
89
88
83
82
92
49
84
94
86
88
92
92
89
89
90
82
88
93
91
90
90
82
88
89
93
89
6
6
0
0
6
6
2
0
6
2
0
0
0
2
0
0
0
0
0
6
0
6
2
0
0
0
0
6
0
2
2
0
6
0
0
0
0
0
2
6
0
0
8
2
2
2
0
4
0
0
4
6
0
2
2
2
0
2
8
0
6
0
0
4
0
2
2
2
2
4
2
4
2
0
2
2
0
0
4
2
0
0
0
6
2
2
0
0
2
0
6
2
2
2
2
14
95
0
2
0
2
0
6
8
10
6
2
0
6
6
2
2
2
2
6
0
0
0
0
0
4
8
2
2
8
2
8
4
2
2
0
2
4
0
2
6
0
0
12
6
0
0
4
8
6
6
8
0
2
2
6
0
2
4
2
8
6
0
2
6
0
8
2
10
0
4
2
0
0
0
6
0
6
0
0
2
6
6
0
0
4
6
6
8
2
0
2
2
0
6
4
2
0
0
2
6
0
0
2
8
2
8
2
0
0
8
2
2
6
6
2
4
0
0
0
2
0
0
0
2
0
6
6
0
10
2
8
0
0
6
6
0
0
0
6
2
0
0
0
0
0
6
2
0
0
0
10
0
0
6
0
0
4
0
4
0
0
0
8
2
6
8
0
6
0
0
0
4
0
8
2
2
2
0
0
4
2
0
0
0
0
6
0
4
0
6
0
6
2
5
1
15
3
9
3
5
9
4
6
6
9
7
4
4
11
2
5
9
7
7
7
0
2
9
5
7
11
2
7
3
7
6
2
6
7
4
11
9
2
5
4
5
5
9
4
7
6
7
6
7
5
11
3
4
4
11
3
5
5
7
4
5
9
4
4
6
2
7
7
3
4
2
4
7
1
6
9
5
0
7
4
4
7
4
4
7
7
17
7
13
11
4
2
7
5
11
2
2
7
5
4
6
3
4
5
9
7
11
3
4
3
5
11
4
4
5
7
2
2
4
5
11
5
4
7
6
5
11
9
3
2
6
7
4
11
7
4
7
9
4
2
11
9
5
7
4
7
7
5
4
9
6
4
11
6
9
4
9
7
5
4
7
5
4
2
13
7
1
7
4
11
3
7
4
7
9
11
6
7
9
9
5
4
2
11
7
3
4
3
5
3
9
13
4
3
5
11
3
5
5
2
4
4
7
7
4
13
5
1
2
19
7
13
5
11
7
2
4
4
5
7
7
9
4
5
7
2
5
7
6
5
2
7
6
6
13
7
5
9
4
9
4
6
6
0
9
7
11
9
7
13
2
4
5
6
3
5
6
9
2
7
9
4
3
5
5
5
7
4
7
7
11
4
11
2
4
4
3
5
5
4
5
4
13
19
9
0
8
6
4
2
2
2
0
6
6
4
4
4
4
4
6
4
6
4
2
8
4
6
0
2
4
0
4
4
4
2
0
2
2
0
0
0
4
4
6
2
4
2
8
2
4
6
2
6
2
4
0
0
4
4
4
2
2
6
2
0
4
8
0
4
4
2
4
2
6
2
0
2
4
2
4
2
6
2
4
6
0
4
2
4
2
0
6
0
4
2
2
4
6
4
0
2
6
0
2
6
6
4
2
4
0
8
4
4
2
2
4
2
2
4
0
2
4
2
2
4
0
2
6
4
2
4
4
2
6
0
4
2
2
4
2
2
0
0
4
8
2
4
2
2
4
2
0
4
2
4
2
4
6
4
4
2
2
4
4
9
2
4
4
6
4
0
2
6
6
10
2
4
4
4
6
2
2
4
6
6
2
4
6
8
2
2
2
4
6
0
4
2
6
2
2
2
0
2
4
2
8
2
4
4
2
4
4
2
2
4
2
2
10
4
2
0
0
4
0
8
10
4
4
0
4
4
6
0
0
6
6
4
4
4
4
0
4
2
6
21
2
2
0
2
0
8
8
4
2
2
4
2
2
4
4
4
4
0
2
4
2
0
0
4
2
0
2
0
4
2
0
4
2
0
4
4
4
0
4
2
2
2
6
0
2
2
0
2
4
4
6
4
0
2
2
0
4
4
2
2
2
4
2
2
2
6
4
2
2
2
2
0
2
4
2
2
4
2
8
4
2
4
4
0
4
4
2
2
2
2
4
2
2
4
4
4
8
4
2
2
4
0
0
2
0
2
4
2
2
2
2
0
2
4
4
2
0
4
2
2
2
2
2
4
6
2
4
2
2
2
2
2
2
2
2
0
2
2
4
0
0
2
0
4
4
2
2
2
2
4
2
0
2
6
2
2
0
2
0
2
2
4
4
4
4
4
2
0
2
4
4
0
2
2
4
2
2
0
0
2
6
2
2
2
2
2
4
2
0
2
2
7
2
2
4
4
2
2
4
0
0
2
2
0
2
4
4
0
0
4
0
2
2
2
0
2
2
0
4
4
4
2
6
2
2
2
2
2
2
2
2
0
2
0
4
2
0
2
2
6
0
0
2
2
4
2
4
4
2
2
2
2
2
2
2
2
0
6
6
0
2
2
2
0
2
4
4
0
2
6
4
0
2
0
4
4
4
2
0
2
2
4
2
6
0
2
2
13
2
4
4
0
2
4
4
2
2
0
6
2
4
2
2
2
2
2
0
2
2
4
2
0
6
2
2
0
2
4
0
4
2
6
4
4
4
9
2
2
4
4
8
9
10
2
6
